-1.93196 5.96129 0.109661 0.284337 -0.0174057 -0.958566 -0.813241 -0.533883 -0.231535 -0.507732 0.845379 -0.165958 @ 1.39303 0.497509 0.497509 C[red]
-0.728339 4.20601 0.429191 -0.750931 -0.0338412 -0.659513 0.646378 -0.242236 -0.723545 -0.135272 -0.969627 0.203777 @ 1.55732 0.556186 0.556186 C[red]
1.09257 4.73751 2.70192 -0.995727 0.0105356 0.0917403 0.0105068 0.999944 -0.000797151 -0.0917436 0.000170148 -0.995783 @ 1.58093 0.564618 0.564618 C[red]
8.10185 -1.68171 -0.565447 -0.996288 -0.0194377 -0.083855 -0.0859742 0.176805 0.980484 -0.00423237 0.984054 -0.17782 @ 1.53456 0.548057 0.548057 C[red]
-6.54068 3.9912 -2.88587 0.658079 -0.0357809 0.752098 -0.285671 0.912321 0.293363 -0.696652 -0.407909 0.590158 @ 1.45929 0.521174 0.521174 C[red]
-6.36939 5.58795 -0.260305 -0.803436 -0.00400576 -0.595378 -0.594688 0.0539973 0.802141 0.0289356 0.998533 -0.0457655 @ 1.36983 0.489227 0.489227 C[red]
3.17471 -1.40935 -3.26081 0.477031 -0.00830034 0.878847 -0.339086 0.920797 0.19275 -0.81084 -0.389953 0.436435 @ 1.25582 0.448507 0.448507 C[red]
4.14653 -2.24879 -1.56487 -0.710181 -0.0155926 -0.703846 -0.543995 0.64677 0.534563 0.446891 0.762526 -0.467806 @ 1.32237 0.472277 0.472277 C[red]
-1.23504 -5.50754 -2.493 0.0876071 0.0312246 0.995666 0.42108 0.904661 -0.0654209 -0.902783 0.424987 0.0661066 @ 1.50122 0.536149 0.536149 C[red]
-6.54695 0.0842552 1.48804 -0.935441 -0.00568998 0.353436 -0.150817 -0.89787 -0.413623 0.319693 -0.440224 0.839047 @ 1.50866 0.538805 0.538805 C[red]
-2.64659 4.20584 -2.89792 0.977771 0.000261099 -0.209678 -0.117653 -0.827056 -0.549669 -0.173559 0.56212 -0.80864 @ 1.43884 0.513872 0.513872 C[red]
-7.8683 1.7098 3.5179 -0.881598 -0.00704275 0.471948 -0.260656 0.840859 -0.474358 -0.393501 -0.541209 -0.743135 @ 1.35703 0.484655 0.484655 C[red]
5.06768 -6.63122 5.4152 -0.985164 -0.0175991 -0.170709 -0.0790562 0.929436 0.360416 0.15232 0.368564 -0.917038 @ 1.44951 0.517683 0.517683 C[red]
3.23315 3.07415 6.50608 0.912172 -0.0480704 0.406978 0.149416 -0.885724 -0.439509 0.381598 0.461717 -0.80075 @ 1.48311 0.529682 0.529682 C[red]
5.26123 -0.951461 -6.81279 0.34379 -0.00904116 -0.939003 -0.358091 -0.925656 -0.122193 -0.868089 0.378258 -0.321469 @ 1.54694 0.552479 0.552479 C[red]
7.18756 2.63328 6.43512 0.933986 -0.00191753 0.357306 -0.224012 -0.782201 0.581361 0.27837 -0.623024 -0.730994 @ 1.47869 0.528102 0.528102 C[red]
-5.16974 3.21914 -6.99466 -0.969409 0.0246212 -0.244212 -0.243815 -0.21123 0.946539 -0.02828 0.977126 0.210772 @ 1.38068 0.493098 0.493098 C[red]
-7.89315 -7.28672 -1.88962 -0.56338 0.00171761 -0.826196 0.720687 0.490004 -0.490415 0.403997 -0.871718 -0.277296 @ 1.31011 0.467896 0.467896 C[red]
2.51751 1.30746 6.0689 0.933815 -0.0144091 -0.357467 0.335615 -0.310778 0.889258 -0.123906 -0.950373 -0.285373 @ 1.42772 0.509898 0.509898 C[red]
-4.07374 1.50242 -5.6021 0.736251 0.00108889 0.676708 0.358854 -0.848442 -0.389064 0.573723 0.529288 -0.625057 @ 1.38862 0.495934 0.495934 C[red]
-7.03991 2.41133 -6.35648 -0.781755 -0.0213364 0.623221 -0.224566 -0.922727 -0.313281 0.581747 -0.384862 0.716555 @ 1.33803 0.477869 0.477869 C[red]
-5.48622 -1.88035 0.99819 -0.301011 0.00696111 0.953595 -0.356153 -0.928436 -0.105645 0.884617 -0.371426 0.281949 @ 1.36928 0.489029 0.489029 C[red]
4.51289 3.23566 -6.5404 -0.796161 0.00854701 0.605025 0.60136 -0.0995986 0.792746 0.0670352 0.994991 0.0741566 @ 1.48371 0.529897 0.529897 C[red]
-6.67992 -3.60112 -6.82205 -0.677338 0.0375185 0.734715 0.590584 -0.567767 0.573456 0.438662 0.822334 0.362412 @ 1.43194 0.511407 0.511407 C[red]
-6.23771 0.132015 -0.577828 -0.441625 0.0107844 -0.897135 -0.786916 0.475653 0.393086 0.430964 0.879567 -0.201574 @ 1.44001 0.51429 0.51429 C[red]
7.30384 0.407957 1.41029 -0.576656 0.0147009 -0.816855 0.811945 0.121218 -0.571009 0.0906228 -0.992517 -0.0818372 @ 1.36204 0.486443 0.486443 C[red]
-5.34682 2.48753 -4.00336 -0.833387 0.0113488 -0.552573 0.244339 0.904346 -0.349937 0.495746 -0.426649 -0.756444 @ 1.33465 0.476661 0.476661 C[red]
6.80452 -4.10338 -6.66318 -0.078976 0.0299957 -0.996425 -0.789424 0.608495 0.0808869 0.608746 0.79299 -0.0243772 @ 1.19226 0.425808 0.425808 C[red]
0.693523 2.48368 -4.14484 0.798357 -0.00537211 0.602161 0.557959 0.382738 -0.736338 -0.226514 0.923841 0.308559 @ 1.29594 0.462834 0.462834 C[red]
-4.61408 -3.77992 2.13152 0.979028 -0.00467203 0.203674 -0.0768006 0.917515 0.390215 -0.188697 -0.397673 0.897914 @ 1.4403 0.514392 0.514392 C[red]
6.9752 4.10383 -0.797634 -0.230408 -0.0064163 -0.973073 0.919399 0.326148 -0.219849 0.318777 -0.945297 -0.0692479 @ 1.34622 0.480794 0.480794 C[red]
7.39974 1.46125 1.73351 -0.0871306 0.0379332 -0.995474 -0.99431 0.058171 0.0892453 0.0612931 0.997586 0.0326489 @ 1.42712 0.509685 0.509685 C[red]
5.64752 -2.86653 -2.16211 0.192374 0.00194208 0.98132 0.545638 0.830953 -0.108609 -0.815641 0.556339 0.158794 @ 1.39779 0.49921 0.49921 C[red]
8.18133 5.19416 -2.29579 -0.292704 0.0286887 -0.955773 0.704243 -0.669666 -0.235774 -0.646812 -0.742108 0.17581 @ 1.41414 0.505051 0.505051 C[red]
5.87689 6.68453 0.601103 0.912648 0.0196682 -0.408274 -0.0571712 -0.982881 -0.175149 -0.404729 0.183191 -0.895899 @ 1.32645 0.473734 0.473734 C[red]
-8.14419 -5.57555 3.49089 0.539164 0.00111098 -0.8422 0.368311 -0.899617 0.2346 -0.757397 -0.436679 -0.48545 @ 1.45126 0.518308 0.518308 C[red]
-5.67665 5.80176 -2.04775 -0.0757714 -0.0262239 -0.99678 -0.124067 0.992134 -0.0166705 0.989377 0.122404 -0.0784289 @ 1.30385 0.46566 0.46566 C[red]
-0.481228 -0.962508 -5.09084 -0.802723 -0.012996 -0.59621 0.184475 0.945315 -0.268978 0.567102 -0.325901 -0.756429 @ 1.58604 0.566445 0.566445 C[red]
-6.86242 1.19781 1.07016 -0.843883 0.0188257 -0.536196 0.535099 -0.0433164 -0.843678 -0.0391089 -0.998884 0.0264804 @ 1.59661 0.570219 0.570219 C[red]
7.72877 7.50892 2.18761 0.769417 0.00893575 -0.638685 0.638454 -0.0410322 0.768565 -0.0193389 -0.999118 -0.0372759 @ 1.31101 0.468216 0.468216 C[red]
0.206028 -4.14161 3.85998 -0.876828 0.039665 -0.479165 0.0467 -0.984853 -0.166982 -0.478531 -0.168792 0.861695 @ 1.25521 0.448289 0.448289 C[red]
2.98632 -4.86614 -7.15996 0.45265 0.00348933 -0.891681 -0.575529 0.76495 -0.289166 0.681083 0.64408 0.348263 @ 1.20493 0.430333 0.430333 C[red]
-4.51515 4.27707 -3.66943 0.15644 -0.00598807 -0.987669 -0.491763 -0.867695 -0.0726312 -0.85656 0.497062 -0.138687 @ 1.4048 0.501713 0.501713 C[red]
-6.27749 -6.12458 -0.595824 -0.07324 -0.00685461 -0.997291 0.611511 0.789633 -0.050336 0.787839 -0.613541 -0.053641 @ 1.20381 0.429931 0.429931 C[red]
-5.8836 4.77559 -4.15189 -0.45483 0.0202252 -0.890349 0.0924404 0.995414 -0.0246108 0.885768 -0.0934979 -0.454614 @ 1.49404 0.533587 0.533587 C[red]
4.62044 6.26899 2.82445 -0.997942 -0.00296716 -0.0640534 -0.0131653 -0.968166 0.249963 -0.062756 0.250292 0.966134 @ 1.37171 0.489897 0.489897 C[red]
-6.67625 -4.30807 -1.67736 -0.615569 0.0467501 0.786695 -0.0144091 0.997404 -0.0705464 -0.787951 -0.0547618 -0.613297 @ 1.489 0.531784 0.531784 C[red]
-2.80044 -0.333098 -1.72689 0.0439561 -0.0364624 -0.998368 -0.454388 0.889257 -0.0524832 0.889719 0.455953 0.0225202 @ 1.51871 0.542398 0.542398 C[red]
5.97266 -3.20457 -6.32106 0.976237 -0.0071427 -0.216587 -0.0312826 0.984343 -0.173464 0.214435 0.176118 0.960729 @ 1.35721 0.484719 0.484719 C[red]
-3.23491 -6.2417 0.281069 -0.811889 0.0153392 -0.58361 0.458987 -0.601001 -0.654316 -0.360787 -0.799101 0.480906 @ 1.43851 0.513753 0.513753 C[red]
-1.68943 3.93696 -1.16692 -0.968831 -0.00153803 0.247719 -0.0114812 -0.998627 -0.0511034 0.247458 -0.0523547 0.967483 @ 1.30125 0.464734 0.464734 C[red]
7.99688 -3.49203 1.17504 0.435453 -0.003791 -0.900203 0.700654 -0.626433 0.341563 -0.565212 -0.779466 -0.270126 @ 1.3362 0.477213 0.477213 C[red]
5.88147 1.14215 -0.592703 -0.99999 0.00442033 0.000586586 0.00179775 0.520042 -0.854139 -0.00408062 -0.854129 -0.520044 @ 1.41779 0.506353 0.506353 C[red]
-7.76288 4.99887 -6.2384 -0.730008 0.004198 -0.683425 -0.623101 0.406725 0.668071 0.280771 0.913541 -0.294297 @ 1.4479 0.517107 0.517107 C[red]
-7.56764 -1.91895 -1.59808 0.999819 -0.00482633 0.0183981 -0.0161198 0.298429 0.954296 -0.0100963 -0.95442 0.298297 @ 1.55209 0.554318 0.554318 C[red]
-2.9697 6.88688 -4.97295 0.125799 0.050215 0.990784 0.815403 0.563621 -0.132096 -0.56506 0.824506 0.0299575 @ 1.40911 0.503255 0.503255 C[red]
-6.2524 1.58529 -2.88849 -0.766486 0.00869471 -0.642202 -0.286362 -0.899645 0.3296 -0.574888 0.436536 0.692055 @ 1.3835 0.494106 0.494106 C[red]
7.35054 7.49171 -4.87291 0.986858 0.0291911 0.15893 0.158971 -0.351719 -0.922509 0.0289696 0.935651 -0.351737 @ 1.24828 0.445814 0.445814 C[red]
-3.48745 -0.90701 4.36423 -0.971085 -0.00837173 0.238589 0.208675 0.455715 0.86532 -0.115973 0.890086 -0.440791 @ 1.50902 0.538935 0.538935 C[red]
-4.58336 -6.69302 3.25487 -0.926214 -0.00998513 -0.376867 0.142096 -0.93517 -0.324447 -0.349195 -0.354058 0.867586 @ 1.58541 0.566217 0.566217 C[red]
3.68293 -6.65704 3.77233 0.841087 0.0268568 0.540233 -0.288422 -0.82266 0.489941 0.457586 -0.567898 -0.684183 @ 1.37234 0.490121 0.490121 C[red]
6.49449 -2.13581 -1.30913 0.723506 0.00950144 -0.690253 -0.388647 -0.820775 -0.418668 -0.57052 0.571173 -0.590143 @ 1.36403 0.487154 0.487154 C[red]
-1.3657 -3.99401 2.38111 0.991701 0.0197091 -0.127045 -0.0233531 -0.944125 -0.328759 -0.126426 0.328998 -0.93583 @ 1.42566 0.509164 0.509164 C[red]
6.9622 -2.05785 -2.75635 0.993553 -0.0293802 -0.109494 0.0908129 0.784406 0.613564 0.0678608 -0.619552 0.782017 @ 1.33576 0.477056 0.477056 C[red]
-4.97054 4.18307 1.73454 -0.994322 0.0104791 -0.105896 -0.0878074 -0.642951 0.760857 -0.0601126 0.765835 0.640221 @ 1.41922 0.506865 0.506865 C[red]
2.22269 -5.37337 3.91605 0.298735 0.0102964 0.954281 -0.846943 0.463703 0.26013 -0.439825 -0.885931 0.147245 @ 1.49772 0.534899 0.534899 C[red]
-8.11852 -5.18704 -6.52612 -0.630142 -0.0176049 -0.77628 -0.153816 -0.977101 0.147019 -0.761092 0.212047 0.613005 @ 1.47174 0.525622 0.525622 C[red]
-4.27063 -7.48416 -3.75871 0.921391 0.0181324 -0.388213 0.386573 -0.145564 0.910699 -0.0399967 -0.989183 -0.141131 @ 1.37049 0.489461 0.489461 C[red]
-0.818028 2.54826 7.09916 -0.0790028 -0.012721 -0.996793 0.124732 -0.992187 0.00277637 -0.98904 -0.124112 0.0799723 @ 1.40148 0.500528 0.500528 C[red]
5.68191 1.97273 1.30494 -0.87562 0.0130623 -0.482825 0.348251 0.70974 -0.612364 0.334681 -0.704342 -0.626012 @ 1.40968 0.503456 0.503456 C[red]
3.43419 4.38608 -6.83315 0.412383 0.0172784 0.910847 -0.676829 0.675045 0.293627 -0.609789 -0.737574 0.290072 @ 1.30016 0.464344 0.464344 C[red]
4.78829 -0.22683 6.20489 -0.151419 0.00717414 0.988444 -0.499827 0.862156 -0.0828258 -0.852787 -0.506592 -0.126961 @ 1.47341 0.526217 0.526217 C[red]
-2.03204 1.27648 0.166071 0.181753 -0.00430057 -0.983335 0.736212 -0.662328 0.138973 -0.651888 -0.749201 -0.117214 @ 1.3731 0.490391 0.490391 C[red]
-5.33914 -6.5902 -6.15553 0.985617 0.0134653 0.168458 -0.0958199 0.865629 0.491431 -0.139205 -0.500505 0.854469 @ 1.4065 0.502322 0.502322 C[red]
-7.8272 3.92844 -0.993301 0.539513 -0.00134326 -0.841976 -0.459917 -0.838101 -0.293364 -0.705267 0.545513 -0.452784 @ 1.39588 0.49853 0.49853 C[red]
2.31561 -7.19883 -1.42719 -0.998677 -0.0193374 0.0476539 -0.00709963 -0.865904 -0.50016 0.0509355 -0.499836 0.864621 @ 1.60668 0.573813 0.573813 C[red]
6.08281 -0.526546 -3.56091 0.968769 0.0120228 -0.247674 0.165014 0.714287 0.680121 0.185087 -0.69975 0.689995 @ 1.46973 0.524904 0.524904 C[red]
-5.60754 -1.10593 -1.50431 -0.957073 -0.0288444 0.288408 0.0106506 0.990864 0.134443 -0.289651 0.131743 -0.948022 @ 1.52652 0.545185 0.545185 C[red]
4.666 5.89122 1.74883 0.974855 0.0173056 -0.222169 0.172867 -0.687877 0.704941 -0.140626 -0.725621 -0.673571 @ 1.47755 0.527698 0.527698 C[red]
1.27205 -3.9099 -7.06125 0.99394 0.000461241 -0.109927 -0.087042 -0.607457 -0.789569 -0.06714 0.794352 -0.603736 @ 1.56727 0.55974 0.55974 C[red]
4.34621 -1.57512 -6.98865 -0.248936 0.0131143 0.968431 -0.947122 -0.212318 -0.240584 0.20246 -0.977113 0.0652744 @ 1.48786 0.531377 0.531377 C[red]
-4.33371 -2.83535 -2.87028 -0.944901 -0.0320679 -0.325781 -0.166096 -0.810608 0.56154 -0.282088 0.584711 0.760618 @ 1.4139 0.504964 0.504964 C[red]
4.24603 -0.944857 2.33171 0.117058 -0.0327478 0.992585 -0.358389 -0.933502 0.0114673 0.926205 -0.357074 -0.121011 @ 1.35141 0.482646 0.482646 C[red]
1.15572 2.86002 -6.08329 0.448226 -0.0100352 -0.893864 -0.893774 0.0130543 -0.448328 0.0161678 0.999864 -0.00311792 @ 1.48251 0.529469 0.529469 C[red]
1.94971 -5.3179 -1.83346 0.740094 0.0112356 0.67241 0.506718 0.648063 -0.568552 -0.442152 0.761504 0.473934 @ 1.31821 0.470788 0.470788 C[red]
7.26142 -4.48283 1.89533 -0.96088 -0.00744632 0.276865 0.272032 0.162462 0.948475 -0.0520427 0.986687 -0.154081 @ 1.5684 0.560143 0.560143 C[red]
5.88457 -4.27472 -2.99069 0.804041 0.0149908 -0.594385 0.110371 -0.98607 0.124433 -0.58424 -0.165652 -0.794495 @ 1.14661 0.409504 0.409504 C[red]
7.76232 6.10877 0.633679 -0.707116 -0.0444834 -0.705697 -0.514218 -0.652691 0.556394 -0.485352 0.756317 0.438654 @ 1.51814 0.542193 0.542193 C[red]
-6.02207 -7.55761 -6.87743 0.945509 -0.000223282 -0.325595 0.0303858 -0.995575 0.0889212 -0.324174 -0.0939693 -0.941319 @ 1.44717 0.516846 0.516846 C[red]
2.72232 -4.89929 -5.29466 0.913804 -0.00979415 -0.406037 0.386476 -0.286444 0.87669 -0.124893 -0.958047 -0.257968 @ 1.52534 0.544763 0.544763 C[red]
2.16794 -1.89411 6.61727 0.906901 0.0281244 0.420404 0.266109 -0.81182 -0.519745 0.326675 0.583231 -0.743724 @ 1.53466 0.548091 0.548091 C[red]
6.37397 6.6985 2.65465 -0.380885 0.0102229 -0.924566 -0.448372 0.87246 0.194358 0.808634 0.488578 -0.327723 @ 1.577 0.563215 0.563215 C[red]
-0.594494 1.59551 6.60409 -0.953586 0.00148502 -0.301117 -0.233434 -0.635331 0.736113 -0.190216 0.772238 0.60619 @ 1.32392 0.47283 0.47283 C[red]
-1.86691 -2.41149 2.09627 0.292383 -0.0554654 0.954692 0.263207 -0.955091 -0.136098 0.919366 0.291074 -0.264653 @ 1.63402 0.583579 0.583579 C[red]
-3.07616 5.01965 -4.98906 0.766546 -0.0138964 -0.642039 -0.633451 -0.180737 -0.752379 -0.105585 0.983433 -0.147346 @ 1.38308 0.493957 0.493957 C[red]
2.33257 -3.92029 6.19551 -0.981649 0.00336226 0.190667 -0.181746 -0.319218 -0.930091 0.0577369 -0.947675 0.313971 @ 1.62183 0.579224 0.579224 C[red]
6.65642 -1.1035 3.06118 -0.457833 0.0599695 -0.887013 -0.365518 -0.922194 0.126315 -0.810423 0.38205 0.444131 @ 1.34213 0.479331 0.479331 C[red]
6.86162 6.0647 -3.50447 0.30861 -0.0101972 0.951134 0.521219 -0.83464 -0.178065 0.79567 0.550702 -0.252263 @ 1.45516 0.519699 0.519699 C[red]
2.54026 3.61645 2.59331 -0.96941 0.0397291 -0.242212 0.21389 0.620796 -0.75423 0.120399 -0.782965 -0.610303 @ 1.59533 0.56976 0.56976 C[red]
0.612628 -0.659133 6.35627 -0.99622 0.0237931 0.0835381 -0.0530197 0.595225 -0.801808 -0.0688015 -0.803207 -0.591714 @ 1.40299 0.501069 0.501069 C[red]
0.933667 -6.82459 -5.29471 0.131287 -0.0237389 0.99106 -0.391843 -0.919547 0.029882 0.910617 -0.392263 -0.130026 @ 1.42753 0.509833 0.509833 C[red]
-8.1954 7.31013 -6.75308 0.726635 -0.0142922 0.686875 0.686977 0.00353498 -0.72667 0.00795763 0.999892 0.0123871 @ 1.29712 0.463259 0.463259 C[red]
4.40327 -7.16298 -0.102949 -0.858363 -0.0328734 0.511988 -0.456358 0.504892 -0.732681 -0.234413 -0.862556 -0.448383 @ 1.20229 0.42939 0.42939 C[red]
3.31497 -5.73956 5.17307 -0.0323601 -0.02107 -0.999254 0.533431 0.845115 -0.0350946 0.845224 -0.534169 -0.0161086 @ 1.18236 0.422273 0.422273 C[red]
2.36449 5.52093 3.28111 -0.999286 -0.00160309 -0.0377433 -0.0315281 0.585786 0.809852 0.0208112 0.810464 -0.585418 @ 1.38424 0.49437 0.49437 C[red]
-1.87844 1.68674 -4.6586 0.507823 0.0365032 -0.860688 0.794027 0.367672 0.484085 0.334121 -0.929239 0.157727 @ 1.39706 0.49895 0.49895 C[red]
-5.84828 7.0661 4.41622 0.994584 -0.00330041 -0.103881 0.034609 -0.931937 0.360964 -0.098002 -0.362604 -0.926776 @ 1.37772 0.492044 0.492044 C[red]
4.56883 5.19494 -5.90062 -0.797667 0.0351969 -0.60207 -0.00603206 0.99778 0.0663218 0.603068 0.0565344 -0.795684 @ 1.24424 0.444371 0.444371 C[red]
-2.82872 -3.14968 -6.13811 0.791103 -0.0222906 0.611277 -0.348607 -0.837588 0.420617 0.502622 -0.545847 -0.670389 @ 1.34616 0.480772 0.480772 C[red]
0.52254 -3.9891 -4.03846 0.324929 0.0555005 0.944109 0.939446 0.0960269 -0.328969 -0.108918 0.99383 -0.0209378 @ 1.46578 0.523492 0.523492 C[red]
-0.0922391 0.390616 4.31669 -0.985402 0.0171361 -0.169381 -0.00535985 -0.997551 -0.0697391 -0.170162 -0.0678131 0.98308 @ 1.48008 0.528599 0.528599 C[red]
-4.63699 0.0102878 -6.13017 -0.411664 -0.00749771 -0.911305 -0.154821 -0.984855 0.0780403 -0.898089 0.173216 0.404269 @ 1.45321 0.519003 0.519003 C[red]
-3.18864 2.43758 -3.37188 -0.443182 -0.048711 0.895107 0.591813 0.734093 0.332965 -0.673311 0.6773 -0.296509 @ 1.34747 0.48124 0.48124 C[red]
1.07582 -7.55552 7.15661 0.578302 -0.00722889 -0.815791 -0.436732 0.841869 -0.317053 0.68908 0.539634 0.483697 @ 1.47934 0.528335 0.528335 C[red]
7.92411 3.10217 -1.46226 -0.106295 0.0187551 -0.994158 0.0553515 -0.99816 -0.0247487 -0.992793 -0.0576588 0.105061 @ 1.35708 0.48467 0.48467 C[red]
6.39121 0.0497541 2.89056 0.958838 -0.00317686 -0.283936 0.243041 -0.507894 0.826423 -0.146835 -0.861414 -0.486216 @ 1.44266 0.515236 0.515236 C[red]
-6.89317 3.41904 -6.66874 -0.947088 0.00337806 -0.320958 0.260933 0.590423 -0.76375 0.186921 -0.807087 -0.560064 @ 1.36538 0.487634 0.487634 C[red]
-0.319757 3.44259 2.4559 0.833933 0.0250527 -0.551297 -0.447986 -0.552648 -0.702772 -0.322279 0.833038 -0.449648 @ 1.4035 0.501249 0.501249 C[red]
4.24659 -5.27551 3.65673 0.280444 0.0119554 -0.959796 -0.356864 -0.926949 -0.115819 -0.891066 0.374998 -0.255691 @ 1.54035 0.550126 0.550126 C[red]
5.08464 -2.71889 2.20676 0.671574 0.00444239 -0.740924 0.556835 -0.662715 0.500742 -0.488797 -0.748858 -0.447536 @ 1.35775 0.484912 0.484912 C[red]
-6.90087 6.12449 -5.7299 -0.997784 -0.00373333 -0.0664332 -0.00372731 0.999993 -0.000214502 0.0664336 3.35902e-05 -0.997791 @ 1.47692 0.52747 0.52747 C[red]
-1.58826 -0.0343413 -4.14079 -0.233576 0.0354405 -0.971693 0.949486 0.223699 -0.220079 0.209567 -0.974014 -0.0859009 @ 1.43517 0.512561 0.512561 C[red]
-1.50597 -5.81501 0.584335 0.110626 -0.0126223 -0.993782 0.1891 -0.981386 0.0335151 -0.975706 -0.191632 -0.10618 @ 1.54418 0.551494 0.551494 C[red]
-6.02492 -0.475215 -3.30363 0.362683 -0.0258042 -0.931555 -0.557509 0.795001 -0.239077 0.746756 0.60606 0.273947 @ 1.35444 0.483727 0.483727 C[red]
6.35399 3.02729 0.347823 -0.923816 -0.0217632 0.382218 0.125189 0.926322 0.355324 -0.36179 0.376103 -0.853027 @ 1.39904 0.499656 0.499656 C[red]
-5.03027 -4.8244 -7.20775 0.804495 0.00926561 0.593887 0.378908 0.76199 -0.525167 -0.457402 0.647522 0.609506 @ 1.31928 0.471172 0.471172 C[red]
-0.691571 7.03586 2.84031 -0.97919 -0.00794844 0.202788 0.111764 -0.855172 0.506151 0.169395 0.518283 0.838265 @ 1.60219 0.572211 0.572211 C[red]
2.35488 -1.58048 0.860174 -0.45557 0.0200641 0.889974 -0.249821 0.956689 -0.149449 -0.854427 -0.290418 -0.430827 @ 1.54678 0.552423 0.552423 C[red]
5.55566 5.67333 0.113132 0.775435 -0.00801207 -0.631376 -0.486865 0.62913 -0.605936 0.402072 0.777259 0.483949 @ 1.60043 0.571581 0.571581 C[red]
-4.49256 4.172 5.94719 0.265224 -0.000339831 0.964187 0.320243 -0.9432 -0.0884234 0.909451 0.332226 -0.25005 @ 1.28096 0.457486 0.457486 C[red]
4.74583 0.493118 -2.6514 -0.92718 0.00334008 0.374602 0.319348 -0.515714 0.795019 0.195843 0.856754 0.477093 @ 1.63345 0.583374 0.583374 C[red]
7.63235 -1.32876 7.22407 0.998174 -0.024914 0.0550303 -0.0501999 0.164609 0.985081 -0.0336008 -0.986044 0.163057 @ 1.58326 0.56545 0.56545 C[red]
-7.57537 1.40606 4.74927 -0.975256 -0.034499 -0.218371 -0.216395 0.351216 0.910945 0.0452687 0.935659 -0.349991 @ 1.39028 0.49653 0.49653 C[red]
-2.25168 5.12407 -2.33846 -0.775171 -0.0138444 0.6316 -0.564211 -0.434601 -0.701989 0.284213 -0.900517 0.329078 @ 1.35329 0.483319 0.483319 C[red]
3.0376 6.35815 -2.22228 0.29181 -0.0376158 0.955736 0.639214 -0.735646 -0.224121 0.711515 0.67632 -0.190625 @ 1.35957 0.48556 0.48556 C[red]
1.25133 -2.87301 -3.64139 -0.929947 0.0030861 0.36768 0.326256 0.46809 0.821248 -0.169573 0.883675 -0.436306 @ 1.42349 0.508391 0.508391 C[red]
-0.0779571 3.18618 4.62251 0.582654 0.0402688 0.811722 0.108304 0.986017 -0.126656 -0.805472 0.161709 0.570145 @ 1.37478 0.490991 0.490991 C[red]
6.7841 -5.46864 4.42342 -0.216526 -0.0529679 -0.974839 -0.463009 0.884659 0.0547733 0.859499 0.463219 -0.216077 @ 1.34488 0.480314 0.480314 C[red]
3.58901 1.40866 -0.0350545 0.994017 -0.00116182 0.109219 -0.0989298 -0.433379 0.895765 0.0462924 -0.901211 -0.430901 @ 1.33092 0.47533 0.47533 C[red]
0.563392 -7.10625 -0.476929 -0.982187 0.0661418 -0.175881 0.186278 0.219782 -0.957599 -0.024682 -0.973304 -0.228188 @ 1.58339 0.565495 0.565495 C[red]
-7.23807 -7.28888 4.02358 -0.906739 -0.0309084 -0.420559 -0.415178 -0.109196 0.903163 -0.0738385 0.99354 0.0861795 @ 1.30159 0.464855 0.464855 C[red]
4.91286 4.28176 -2.12887 0.450561 0.01354 -0.892643 -0.295342 -0.941323 -0.163352 -0.842477 0.337235 -0.420124 @ 1.52363 0.544152 0.544152 C[red]
-1.44035 2.83645 2.20629 -0.630891 -0.0213242 0.775578 0.458537 -0.816617 0.350543 0.625876 0.576786 0.524974 @ 1.18498 0.423208 0.423208 C[red]
-6.76545 1.83224 -1.98975 0.594218 -0.0287635 0.80379 0.571006 0.718901 -0.396402 -0.566443 0.694518 0.443608 @ 1.33966 0.478451 0.478451 C[red]
4.12776 -3.30029 -2.35549 -0.502882 -0.0151741 0.864222 -0.687785 -0.598546 -0.410725 0.523509 -0.800945 0.290562 @ 1.45558 0.51985 0.51985 C[red]
-2.27913 0.833314 -6.03015 -0.221877 -0.000152733 -0.975075 0.285255 -0.956261 -0.0647596 -0.932416 -0.292513 0.212216 @ 1.47784 0.527798 0.527798 C[red]
-3.6273 4.49418 -0.657815 0.975473 -0.0345443 0.21739 0.0360266 -0.949236 -0.312496 0.21715 0.312663 -0.92471 @ 1.34052 0.478756 0.478756 C[red]
3.06825 -4.74691 -0.021717 -0.805224 0.0100794 -0.592884 0.307021 0.862484 -0.402317 0.507298 -0.505984 -0.697588 @ 1.43869 0.513819 0.513819 C[red]
6.91461 -4.05537 0.532582 -0.588913 -0.0289722 0.807677 0.54142 -0.756106 0.367652 0.600038 0.653808 0.460967 @ 1.17177 0.418489 0.418489 C[red]
1.59689 -7.0181 4.39515 0.700035 -0.042835 -0.712823 -0.276284 -0.93671 -0.215038 -0.658497 0.347476 -0.667564 @ 1.29596 0.462842 0.462842 C[red]
5.65963 -1.72198 -5.24981 0.970716 -0.00951591 0.240041 0.230206 -0.248779 -0.940805 0.0686697 0.968514 -0.239303 @ 1.45078 0.518137 0.518137 C[red]
6.44375 -2.83095 -5.44616 -0.937555 0.0244793 0.346974 -0.0671969 0.965983 -0.249723 -0.341284 -0.257444 -0.904017 @ 1.47917 0.528276 0.528276 C[red]
-7.5549 -4.68289 -2.51001 -0.225322 0.0062981 0.974264 -0.93845 -0.270112 -0.215293 0.261804 -0.962808 0.0667726 @ 1.3287 0.474537 0.474537 C[red]
8.10175 -3.46093 -2.42028 -0.7762 -0.0213517 0.630125 0.209591 -0.951326 0.225942 0.594631 0.307445 0.742895 @ 1.39061 0.496647 0.496647 C[red]
5.03147 -1.4069 -2.44277 0.836004 -0.0188563 -0.548399 0.448841 -0.551418 0.703193 -0.315657 -0.834016 -0.452524 @ 1.4239 0.508537 0.508537 C[red]
4.37492 6.06574 -3.08995 -0.704463 -0.0197609 -0.709465 0.681895 0.258407 -0.684284 0.196853 -0.965834 -0.168563 @ 1.38273 0.493832 0.493832 C[red]
1.5679 -7.22028 0.604272 0.975185 0.00867323 -0.221221 0.220032 -0.148506 0.964122 -0.0244906 -0.988873 -0.146729 @ 1.29478 0.462422 0.462422 C[red]
0.547252 1.37831 0.382647 -0.304419 -0.0113359 -0.952471 0.8899 -0.360003 -0.280136 -0.339716 -0.932882 0.119679 @ 1.41344 0.504799 0.504799 C[red]
-8.22338 -2.72624 -3.25868 0.988946 -0.0102829 -0.147918 0.107562 -0.636896 0.763409 -0.102058 -0.770881 -0.62875 @ 1.11149 0.396961 0.396961 C[red]
2.34876 5.4901 1.35595 -0.400844 -0.0163436 -0.916001 0.840033 0.392451 -0.374603 0.365608 -0.919628 -0.143582 @ 1.34071 0.478826 0.478826 C[red]
0.247723 1.28176 3.45085 0.96617 -0.00389128 0.257875 -0.00840658 0.99888 0.0465695 -0.257767 -0.0471619 0.965055 @ 1.43761 0.513431 0.513431 C[red]
4.01292 -6.95447 -3.38076 -0.462325 0.0334287 0.88608 0.826642 0.37779 0.417059 -0.32081 0.925288 -0.202295 @ 1.50321 0.536861 0.536861 C[red]
4.41272 2.83559 4.29613 -0.988261 -0.0216579 -0.15123 0.1291 0.410902 -0.902493 0.0816866 -0.911422 -0.403282 @ 1.30178 0.464922 0.464922 C[red]
-5.96319 1.10516 5.71874 0.49907 -0.00870632 -0.866518 -0.139828 -0.987655 -0.0706106 -0.855206 0.156403 -0.494126 @ 1.52465 0.54452 0.54452 C[red]
-3.37354 7.2686 6.65002 -0.949922 0.0106181 -0.312307 -0.304317 -0.25847 0.916834 -0.070987 0.965961 0.248758 @ 1.34078 0.47885 0.47885 C[red]
-7.62433 -2.82922 4.99769 -0.82759 0.0336587 0.560324 -0.258196 0.863512 -0.433223 -0.498428 -0.503204 -0.705943 @ 1.29094 0.461052 0.461052 C[red]
3.7354 6.52832 4.0881 0.62931 0.0415076 0.776045 -0.704348 0.452458 0.546969 -0.328424 -0.890819 0.313972 @ 1.58434 0.565836 0.565836 C[red]
-3.07611 0.822014 3.33867 0.697498 -0.0241514 0.71618 -0.620648 0.479197 0.620618 -0.35818 -0.877375 0.319249 @ 1.48137 0.52906 0.52906 C[red]
2.53412 5.8649 7.00036 -0.69377 -0.0165909 0.720006 -0.695658 -0.243308 -0.675915 0.186397 -0.969807 0.157258 @ 1.31208 0.468601 0.468601 C[red]
-4.97732 7.17239 1.65787 0.999119 0.00767364 -0.0412485 -0.0111915 0.996254 -0.0857424 0.0404361 0.0861286 0.995463 @ 1.35708 0.484673 0.484673 C[red]
-2.3449 -4.2031 -2.74908 0.15563 -0.0667582 -0.985557 0.946852 -0.274256 0.168095 -0.281516 -0.959337 0.0205278 @ 1.32336 0.47263 0.47263 C[red]
2.75194 -3.96343 -2.44056 0.999244 -0.0364439 -0.0135363 -0.0167361 -0.0889793 -0.995893 0.0350898 0.995367 -0.0895219 @ 1.30138 0.46478 0.46478 C[red]
5.07462 4.40994 0.520262 -0.0940302 0.0262186 -0.995224 0.602367 0.797411 -0.0359052 0.792661 -0.602867 -0.090774 @ 1.58542 0.566221 0.566221 C[red]
-7.67377 3.19258 -0.173557 0.594074 -0.0086331 -0.804364 0.660883 -0.56483 0.494166 -0.458595 -0.825162 -0.329846 @ 1.29691 0.463182 0.463182 C[red]
-6.18362 -1.38341 -2.49036 -0.992381 0.0178652 0.121905 -0.120727 -0.338535 -0.933177 0.0245977 -0.940784 0.338112 @ 1.40611 0.502183 0.502183 C[red]
6.9968 -2.63365 2.64424 0.757117 0.00505191 -0.65326 -0.251611 0.925081 -0.284459 0.602881 0.379736 0.701666 @ 1.3947 0.498108 0.498108 C[red]
0.481981 0.445083 -6.03892 0.849602 0.0474625 -0.525285 0.452376 -0.577629 0.679486 -0.271169 -0.814919 -0.512225 @ 1.43467 0.512383 0.512383 C[red]
6.26634 -5.3263 -1.19129 -0.761751 -0.00719218 0.647831 -0.640982 -0.137064 -0.755219 0.0942259 -0.990536 0.0997985 @ 1.18434 0.422979 0.422979 C[red]
6.43186 -5.57301 -6.46876 -0.993219 0.0112946 0.115705 -0.112838 0.145892 -0.982844 -0.0279813 -0.989236 -0.143629 @ 1.20472 0.430256 0.430256 C[red]
-3.36094 -2.87084 6.88491 0.70308 0.00091635 0.71111 0.584956 -0.569373 -0.577616 0.404358 0.822079 -0.400851 @ 1.35648 0.484456 0.484456 C[red]
1.06242 0.436734 1.23891 0.239478 -0.0343016 0.970296 -0.432456 -0.898533 0.0749696 0.869271 -0.437564 -0.230013 @ 1.33036 0.475128 0.475128 C[red]
-8.01397 -5.70041 6.77631 0.696519 0.00729323 0.717501 0.717447 -0.0230135 -0.696233 0.0114344 0.999709 -0.0212618 @ 1.40346 0.501234 0.501234 C[red]
-4.5704 -4.74958 -1.01547 0.78489 0.0372416 0.618515 -0.0915821 -0.980257 0.175239 0.61283 -0.194188 -0.765983 @ 1.43084 0.511015 0.511015 C[red]
0.650068 1.76476 -5.60494 -0.63039 0.00393672 -0.776269 0.673724 0.499526 -0.544582 0.385623 -0.86629 -0.317549 @ 1.55921 0.556862 0.556862 C[red]
-5.88375 -6.60512 -3.01244 -0.999517 0.0205455 0.0233285 0.0211321 -0.101308 0.994631 0.0227985 0.994643 0.100825 @ 1.3148 0.46957 0.46957 C[red]
-1.77533 -0.905361 -1.8989 -0.293099 0.0486799 -0.954842 0.866709 -0.408082 -0.286851 -0.403618 -0.911646 0.0774174 @ 1.50948 0.5391 0.5391 C[red]
1.56492 -0.602339 -7.12141 -0.869068 0.0109698 0.49457 0.0827116 0.988903 0.123408 -0.487728 0.148157 -0.860332 @ 1.39315 0.497552 0.497552 C[red]
0.517637 -0.350371 -0.803266 -0.247839 0.0338274 -0.968211 -0.965225 -0.0944126 0.243776 -0.083165 0.994958 0.0560501 @ 1.55168 0.55417 0.55417 C[red]
4.42007 2.42402 -2.54514 0.736232 -0.00719072 0.67669 -0.467649 -0.728178 0.501059 0.489148 -0.68535 -0.539471 @ 1.31994 0.471406 0.471406 C[red]
-6.46266 1.42651 -6.88636 0.857343 -0.0235513 0.514207 0.103219 0.986528 -0.126915 -0.504291 0.161886 0.848224 @ 1.46405 0.522875 0.522875 C[red]
5.37836 2.43475 -4.24206 0.925055 -0.00953046 -0.379714 0.298883 0.635179 0.712191 0.234399 -0.772306 0.590424 @ 1.66093 0.593191 0.593191 C[red]
-3.62655 4.24019 -1.71473 -0.999738 0.00695113 -0.0217983 0.00410857 0.991787 0.127833 0.0225078 0.12771 -0.991556 @ 1.5062 0.53793 0.53793 C[red]
2.39973 4.9032 -7.05027 0.32621 0.030181 0.944816 -0.763896 -0.580326 0.282283 0.556821 -0.813825 -0.166253 @ 1.45256 0.518771 0.518771 C[red]
6.56402 5.00615 -1.71184 -0.475611 0.00310599 0.87965 -0.265566 0.952827 -0.146951 -0.838611 -0.303497 -0.452351 @ 1.36014 0.485764 0.485764 C[red]
-1.38521 -6.68681 -2.50115 -0.979193 0.0287667 -0.200881 -0.200768 -0.281437 0.938342 -0.0295423 0.959148 0.281357 @ 1.35226 0.482951 0.482951 C[red]
-2.29389 4.66678 1.77913 -0.791031 -0.00200976 0.611772 -0.35689 0.81372 -0.458791 -0.496889 -0.581254 -0.644395 @ 1.28165 0.457732 0.457732 C[red]
-5.1995 -4.56038 -4.57481 -0.100491 -0.0299532 0.994487 -0.994637 -0.0215789 -0.101156 0.0244899 -0.999318 -0.0276241 @ 1.68708 0.60253 0.60253 C[red]
-7.71872 -1.02354 -4.63283 -0.636493 0.00714237 0.771249 -0.725148 0.335108 -0.60155 -0.262748 -0.942153 -0.208115 @ 1.49098 0.532494 0.532494 C[red]
7.22903 -6.86093 5.26416 -0.460328 0.0381436 0.886929 -0.381629 0.893548 -0.236499 -0.801534 -0.447345 -0.396768 @ 1.39645 0.498732 0.498732 C[red]
-5.88336 -3.11014 -0.395973 0.122388 0.0161938 0.99235 -0.851959 -0.511177 0.113415 0.509103 -0.859323 -0.0487653 @ 1.26246 0.45088 0.45088 C[red]
-4.76223 -1.95415 5.16286 0.904734 0.0031375 0.425966 0.127124 -0.956395 -0.262961 0.406567 0.29206 -0.865682 @ 1.26015 0.450054 0.450054 C[red]
4.85904 2.32585 2.64351 0.915071 0.0299284 -0.402181 0.104703 0.945417 0.308582 0.389464 -0.324484 0.86199 @ 1.4557 0.519892 0.519892 C[red]
-5.67381 1.91809 4.12349 0.996725 0.0117731 0.0800055 -0.0805197 0.0528858 0.995349 0.00748722 -0.998531 0.0536605 @ 1.55426 0.555092 0.555092 C[red]
3.80165 -4.73939 -3.26413 0.5875 0.0496877 0.807697 -0.346348 -0.886634 0.306469 0.73136 -0.459794 -0.503688 @ 1.62501 0.580362 0.580362 C[red]
5.10486 7.10817 5.73772 0.182157 -0.0381933 -0.982527 -0.350688 -0.936055 -0.0286296 -0.918606 0.349776 -0.183903 @ 1.46115 0.521838 0.521838 C[red]
-6.15487 6.55352 3.47547 0.838865 0.0487572 -0.542151 0.527386 0.173838 0.831652 0.134796 -0.983567 0.120113 @ 1.29266 0.461666 0.461666 C[red]
6.29345 4.28252 -2.8185 0.162795 -0.00244513 -0.986657 0.521387 0.849183 0.0839227 0.837647 -0.528093 0.139518 @ 1.29409 0.462175 0.462175 C[red]
-5.32979 -5.29699 3.24457 -0.822066 -0.009649 0.56931 0.332598 0.803408 0.493878 -0.462153 0.595351 -0.657245 @ 1.35873 0.48526 0.48526 C[red]
2.41006 -3.22476 -0.848475 0.0286461 0.0296292 0.99915 0.978374 0.204014 -0.0341004 -0.204851 0.978519 -0.0231442 @ 1.34713 0.481117 0.481117 C[red]
7.60024 -7.44895 -6.35719 0.748964 0.0276048 0.662035 0.0890308 0.985879 -0.141829 -0.656602 0.165166 0.73593 @ 1.50796 0.538559 0.538559 C[red]
2.37787 -0.0550868 -5.19591 -0.705892 -0.0475915 -0.706719 -0.135641 0.988358 0.0689245 0.695211 0.144513 -0.704129 @ 1.25538 0.448351 0.448351 C[red]
-7.12059 -4.23377 5.68994 -0.540529 -0.0114331 -0.841248 0.22675 -0.964887 -0.132581 -0.810193 -0.262417 0.524141 @ 1.65669 0.591674 0.591674 C[red]
2.43419 2.87799 4.30698 -0.824061 0.010955 -0.566395 0.119259 0.980762 -0.154542 0.553806 -0.1949 -0.809514 @ 1.22265 0.436661 0.436661 C[red]
7.01285 -5.89823 0.639049 -0.960064 -0.00104374 0.279778 0.145762 0.851692 0.503363 -0.23881 0.524042 -0.817527 @ 1.43518 0.512565 0.512565 C[red]
-0.560025 -7.51259 -6.42758 -0.631595 0.0243939 -0.774915 -0.607346 -0.636815 0.474971 -0.481891 0.770631 0.417024 @ 1.32764 0.474157 0.474157 C[red]
-2.50388 -5.26093 0.549185 0.26883 0.0105809 -0.963129 -0.800257 -0.55402 -0.229456 -0.536021 0.832436 -0.14047 @ 1.43177 0.511345 0.511345 C[red]
-4.14873 -4.3509 -4.05449 -0.220817 -0.00750845 0.975286 0.418993 -0.903724 0.0879076 0.88073 0.42805 0.202703 @ 1.32546 0.47338 0.47338 C[red]
-3.69486 -2.40804 -4.52974 -0.0839457 0.0115108 -0.996404 -0.850086 -0.522545 0.0655819 -0.519911 0.852534 0.0536506 @ 1.35838 0.485135 0.485135 C[red]
-5.11803 -4.76076 5.98546 -0.999858 0.00963398 -0.013853 -0.0086492 -0.997547 -0.0694706 -0.0144883 -0.0693409 0.997488 @ 1.22273 0.436688 0.436688 C[red]
3.78487 -3.89216 7.03562 -0.720946 -0.0222662 0.692633 0.554509 0.580932 0.595851 -0.41564 0.813647 -0.406474 @ 1.41598 0.505707 0.505707 C[red]
1.28307 6.52091 6.64584 -0.676245 -0.0228917 -0.736321 0.0583031 0.994719 -0.0844714 0.734366 -0.100053 -0.671339 @ 1.1988 0.428142 0.428142 C[red]
-8.27816 6.48771 4.41312 0.733898 0.000284317 0.67926 0.656748 -0.255609 -0.709468 0.173423 0.96678 -0.187778 @ 1.25947 0.449812 0.449812 C[red]
2.97069 -2.29533 -6.73971 -0.979857 0.0372922 -0.196189 0.156997 -0.463301 -0.872184 -0.12342 -0.885416 0.448114 @ 1.36308 0.486815 0.486815 C[red]
0.872172 7.29713 -1.83115 -0.79867 -0.0164589 0.601544 -0.467507 0.646373 -0.603024 -0.378897 -0.762844 -0.523934 @ 1.45194 0.518551 0.518551 C[red]
-0.687869 -4.47603 -1.55257 -0.857581 -0.00678522 -0.514304 -0.512811 0.0885564 0.853922 0.0397509 0.996048 -0.0794238 @ 1.42734 0.509764 0.509764 C[red]
-0.688551 -5.91462 1.76881 -0.208439 0.0325484 0.977494 0.942218 0.274679 0.191771 -0.262255 0.960985 -0.0879216 @ 1.19002 0.425009 0.425009 C[red]
2.37875 -7.16233 -3.28014 0.844987 -0.0123224 -0.534645 0.0188706 0.999799 0.0067812 0.534454 -0.0158191 0.845049 @ 1.48425 0.53009 0.53009 C[red]
-0.675774 -6.87895 -3.37328 -0.827506 0.0312836 -0.560585 -0.0195226 0.99624 0.0844136 0.561118 0.0807968 -0.823783 @ 1.30012 0.464329 0.464329 C[red]
-7.8953 1.48853 -6.71812 0.737821 -0.0133682 0.674864 0.641814 -0.295728 -0.707545 0.209035 0.955179 -0.209614 @ 1.36395 0.487124 0.487124 C[red]
2.05008 2.58245 2.8126 -0.991475 0.0171318 -0.129168 0.0755248 -0.732246 -0.676839 -0.106178 -0.680824 0.72471 @ 1.29197 0.461417 0.461417 C[red]
-8.13579 -6.25822 4.74003 -0.75272 0.0206332 0.658017 -0.520518 0.593313 -0.614036 -0.40308 -0.804707 -0.435859 @ 1.30195 0.464984 0.464984 C[red]
5.98631 -3.5772 0.165975 0.165069 0.0334373 -0.985715 0.526519 -0.848085 0.0594029 -0.833984 -0.528804 -0.157598 @ 1.39855 0.49948 0.49948 C[red]
5.8446 1.74822 3.13414 -0.921606 0.000991212 0.388125 -0.233557 0.797261 -0.55662 -0.309989 -0.603634 -0.734529 @ 1.31634 0.47012 0.47012 C[red]
-4.77207 -3.23474 7.16048 0.99579 -0.00735013 0.0913738 -0.0421792 -0.921733 0.385523 0.0813887 -0.387754 -0.918163 @ 1.08606 0.387878 0.387878 C[red]
-5.10032 -2.88735 1.37162 0.990309 0.0167921 -0.137861 0.0481584 0.88955 0.454292 0.130263 -0.456528 0.880121 @ 1.52246 0.543736 0.543736 C[red]
0.681548 0.338449 -4.58733 -0.963991 0.00905937 0.265779 0.254952 -0.252756 0.933335 0.0756329 0.967488 0.241345 @ 1.37495 0.491055 0.491055 C[red]
3.82857 -1.17818 6.08896 -0.808544 -0.0113625 0.588326 -0.125085 0.980282 -0.152974 -0.574987 -0.197277 -0.794022 @ 1.28171 0.457754 0.457754 C[red]
5.81987 3.35717 -1.67455 0.460154 0.00185215 0.887837 -0.88592 -0.0647683 0.459295 0.0583544 -0.997899 -0.0281625 @ 1.38248 0.493742 0.493742 C[red]
-4.10619 -7.04386 -4.94017 -0.95726 0.00906403 0.289086 -0.244011 -0.561915 -0.790386 0.155277 -0.827145 0.540111 @ 1.39599 0.498568 0.498568 C[red]
-5.2241 -7.0921 1.51066 -0.583131 -0.0114826 -0.812297 0.265431 0.942329 -0.203868 0.767792 -0.334491 -0.546453 @ 1.27419 0.455067 0.455067 C[red]
-6.93277 0.303458 4.91566 0.995833 0.0226954 0.0883215 -0.0801407 -0.244322 0.966377 0.0435112 -0.969428 -0.241485 @ 1.34331 0.479753 0.479753 C[red]
4.70031 3.45449 -0.874074 -0.722984 -0.0261429 -0.69037 0.626159 0.397448 -0.67079 0.291923 -0.917252 -0.270979 @ 1.24846 0.445879 0.445879 C[red]
-5.73502 3.0488 -2.7402 -0.655272 0.0149456 -0.755245 0.0600184 -0.995613 -0.0717759 -0.753005 -0.0923614 0.6515 @ 1.40702 0.502509 0.502509 C[red]
-1.15722 -2.74098 -4.05063 0.686376 -0.0466323 0.72575 -0.299257 -0.927648 0.223417 0.662822 -0.370534 -0.65067 @ 1.44731 0.516898 0.516898 C[red]
3.97259 3.7984 5.35932 0.678622 0.0076674 0.734447 -0.320519 0.902802 0.286732 -0.660862 -0.429987 0.615119 @ 1.41217 0.504347 0.504347 C[red]
-0.40848 -4.0447 -3.10242 0.393459 0.025912 0.918977 -0.26125 0.961544 0.0847419 -0.881441 -0.273426 0.385098 @ 1.4328 0.511715 0.511715 C[red]
-1.02829 4.37884 -4.86008 -0.981653 -0.0066895 -0.190558 0.0386049 0.971714 -0.232983 0.186727 -0.236065 -0.953628 @ 1.30476 0.465985 0.465985 C[red]
6.76833 -2.90337 1.49802 -0.648475 0.0261763 0.760786 -0.365509 -0.887373 -0.281019 0.667745 -0.460308 0.585007 @ 1.3656 0.487714 0.487714 C[red]
1.33597 -5.94103 5.03959 -0.218976 -0.0181313 -0.975562 0.838196 -0.515308 -0.178565 -0.499477 -0.856813 0.128038 @ 1.345 0.480358 0.480358 C[red]
-1.04524 0.908904 -5.27983 0.0717237 -0.0040804 0.997416 0.587501 -0.80794 -0.0455522 0.806039 0.58925 -0.0555513 @ 1.39378 0.49778 0.49778 C[red]
-4.9439 0.557222 2.32851 0.678652 -0.00244512 0.734456 0.0639566 -0.995999 -0.062413 0.73167 0.08933 -0.67578 @ 1.14535 0.409055 0.409055 C[red]
-7.23098 -4.15268 0.95685 0.60825 -0.00465578 0.793732 0.116928 0.989599 -0.0837989 -0.785086 0.14378 0.602468 @ 1.48749 0.531245 0.531245 C[red]
-1.60575 2.97351 -1.20612 0.926834 0.0229417 -0.37477 0.0407715 -0.998379 0.0397149 -0.373251 -0.052089 -0.926267 @ 1.28222 0.457937 0.457937 C[red]
-1.75789 4.70494 5.25375 0.611726 -0.035975 0.790251 -0.0747222 0.991871 0.102995 -0.787533 -0.122054 0.604065 @ 1.42214 0.507908 0.507908 C[red]
-7.17148 -0.882643 2.796 0.709708 -0.0064194 -0.704467 0.651677 -0.373906 0.659933 -0.267641 -0.927444 -0.261181 @ 1.27149 0.454103 0.454103 C[red]
6.86831 -4.61913 3.39753 -0.879997 0.00625146 -0.474937 0.239399 0.869454 -0.432131 0.410235 -0.493974 -0.766614 @ 1.48414 0.530048 0.530048 C[red]
1.38105 7.06955 -0.876027 -0.953164 -0.024263 0.301479 -0.118668 0.946851 -0.298982 -0.278202 -0.320755 -0.905384 @ 1.28056 0.457343 0.457343 C[red]
1.51961 -2.46388 1.85366 0.346193 0.0234672 -0.93787 -0.513809 0.841172 -0.168613 0.784952 0.540259 0.303266 @ 1.33795 0.477841 0.477841 C[red]
-6.87563 0.310553 -6.39116 -0.995279 -0.0320168 -0.0916241 -0.0212903 -0.849012 0.527944 -0.094693 0.527402 0.844322 @ 1.37778 0.492066 0.492066 C[red]
2.1443 -4.39894 -1.45341 -0.905174 0.00564511 -0.425004 -0.329528 0.622238 0.710093 0.268462 0.782808 -0.561373 @ 1.17992 0.4214 0.4214 C[red]
-1.31044 5.87264 -3.69834 -0.48536 -0.0445256 -0.87318 0.811638 0.348369 -0.468916 0.325068 -0.936299 -0.132946 @ 1.29308 0.461813 0.461813 C[red]
4.18233 -5.93461 -2.08256 0.874723 0.0154411 -0.484377 -0.202391 0.919798 -0.33617 0.440338 0.392089 0.807693 @ 1.42531 0.509039 0.509039 C[red]
4.32201 2.24853 -7.10923 0.93614 -0.0189713 -0.351116 -0.138465 0.897976 -0.417693 0.323218 0.439636 0.838004 @ 1.48052 0.528756 0.528756 C[red]
-3.0738 0.69621 -0.937107 -0.576445 -0.00729716 0.817103 -0.416656 0.862826 -0.286234 -0.702929 -0.505449 -0.500412 @ 1.32486 0.473163 0.473163 C[red]
5.68987 3.3137 1.8922 0.72179 0.0187378 -0.691859 -0.51629 -0.651167 -0.556261 -0.460938 0.758703 -0.460332 @ 1.15258 0.411635 0.411635 C[red]
-1.72662 -4.77895 1.09425 0.472813 -0.00306395 -0.881157 0.77191 -0.480844 0.415865 -0.424974 -0.876801 -0.224984 @ 1.26979 0.453496 0.453496 C[red]
1.94918 6.63803 4.02441 -0.864816 0.0117493 -0.501952 0.382961 -0.631099 -0.674578 -0.324707 -0.775613 0.541285 @ 1.30726 0.466878 0.466878 C[red]
-1.75528 4.76791 -3.93752 0.998834 0.00904507 0.0474131 0.0021553 0.972948 -0.231016 -0.04822 0.230849 0.971794 @ 1.54536 0.551913 0.551913 C[red]
5.97727 3.56371 5.23717 0.965741 0.0257318 0.25823 -0.223105 0.590575 0.775529 -0.132549 -0.806572 0.576083 @ 1.64248 0.5866 0.5866 C[red]
-3.26686 4.42368 5.32178 0.872227 -0.0150989 0.488868 -0.234612 -0.889941 0.391104 0.429159 -0.455826 -0.779773 @ 1.37759 0.491997 0.491997 C[red]
2.51179 5.33368 -2.21711 -0.432575 0.0137681 -0.901493 -0.656635 0.680366 0.325473 0.617826 0.732743 -0.285269 @ 1.48385 0.529948 0.529948 C[red]
