1125 21.086774302970088257 16.125811628642114925 18.237465003774904204
3.3036995262855382016 -7.2603420304490633441 -7.7752197545392931488 0.98357110719876061911 -0.0037058457958893354853 0.18048308449965158595 0.013964543518024865459 -0.99523142983370382897 -0.096537001170756989166 0.17998018948718860766 0.09747136901513304974 -0.9788291289155747199
-3.7420503318482873922 2.9265030505451958831 -6.7717622480812202923 -0.205425456083868474 0.0091906150870851993639 -0.97862961052022068298 -0.65053045512030216457 -0.74835367315387657516 0.12952569952708276046 -0.73117064284182742284 0.66323624182585072528 0.15970966963514371395
-8.8429842583768145658 6.2995463927456265552 -9.0528334054561927502 -0.76811330377997721897 0.0004920831293587710209 0.64031375934771583847 0.32242560152584470723 0.86426715516203411749 0.38611399351576336514 -0.55321215102048837409 0.50303284421806770954 -0.66401376009914392373
-2.7478076678842837666 -3.6386515177412999122 -4.3285511124644990844 -0.0442486822650336592 -0.0088819897597568944064 -0.99898106307172096496 -0.96105893952417620341 0.27341297083351440156 0.040138038575754243775 0.27277787461313662831 0.96185573639586652295 -0.020634279332933710277
1.6823671410865801423 0.69003485928029073548 6.2066266286794293805 0.983325460337751589 0.0068960337908023092504 0.18172364669896590161 -0.12794876546429131969 -0.68387181199245172802 0.71829552287234210706 0.12922906974751977027 -0.72956959193789416851 -0.67158622532953471396
-5.6559381817194624986 -5.1238810846875573191 -3.8006175952796490414 -0.95996533264465544466 0.0029447432683985352679 -0.28010335343855552459 -0.13284173633386556213 0.87556467196857135082 0.46447774789401335971 0.24661636849208259936 0.48309195158657131097 -0.84012054676936687159
-4.0411362643015822371 0.38503512125117000942 -1.1052044766436674994 -0.99276210384678909016 0.0014115717950679753517 0.1200891861532435434 0.042510330716463394507 0.93932422145060046059 0.34038636691037771342 -0.11232220149293951905 0.34302771675370441473 -0.93258549666537104983
3.1366711368870854315 2.4745358969084430001 -0.69611157273091128772 -0.65688220215146242431 -0.0011967260418885516081 -0.7539922680927206855 -0.75397729378430500269 -0.005456552869626864373 0.65687781701655167943 -0.0049003014640766400997 0.99998439681705697524 0.0026820082028016054183
4.3076554449160981974 -3.9427711726630736422 2.7177751726793584197 -0.98001800288398477345 -0.011660326454656831652 -0.19856674145118322072 0.075761637637514672727 -0.94491375321327997217 -0.31843079821313097222 -0.1839154378677100854 -0.32711165643427253524 0.92691589474943103522
8.0114289337856483542 -2.0714242741666244463 -8.7796831550411535972 -0.9920168580936015168 0.0020232110957979108565 0.12608909498916331948 0.1038453259278243751 0.58037729489523193216 0.8076994142952871325 -0.071545101448610509687 0.81434519841824748454 -0.57595416160636070391
3.6924845299035431445 5.1771888825994203387 3.7041002360435602014 -0.99846635636136660263 0.0017203680760190318954 0.055335120382489687285 -0.054651433737464109874 -0.19023939311117366024 -0.98021538148449172123 0.0088405884693503761912 -0.98173622406543126218 0.1900416542581220003
-1.4404837094800151398 7.2194388961444273534 -6.1669319611284842964 0.67561303125628291433 -0.013026778992843063981 -0.73714132635870410759 0.11282710385368940886 0.98989315604593941522 0.085916146615883148829 0.72857194334710850825 -0.14121558923296967381 0.6702544895224090693
8.7701776465761529522 6.120875293856769872 0.17115776372046451193 0.93469992256141154474 0.0049619272226558777672 0.35540319925705976534 -0.27510551920657433378 -0.62303609058493680806 0.73221785223433688561 0.22506223154025584154 -0.78217735144072475517 -0.58098673205778950113
-4.5792452648720640696 -0.5806745038381073698 -8.8501214105653893682 0.89099069313004108928 -0.004651891606718996236 -0.45399773640418661369 0.38186842254335279234 -0.53320421018327035512 0.75489719704544933077 -0.24558520439908684829 -0.84597377627622338814 -0.4733035783012714548
-2.9557668415022573249 6.5593241718923636085 -3.6671887363600532694 -0.99995808845042566393 0.0090873707185523816543 0.0011140179533304754578 0.0082769245409943289354 0.94930247614991558613 -0.314255153172178614 -0.0039132930786693123637 -0.3142327616093964493 -0.94933790489411917779
0.74643330197794854897 -0.69539325616472269509 -3.0255304511035805426 0.74115354064508132126 -0.0071075043903653795097 0.67129793130219694852 0.049491881013663613365 0.99780144242017176914 -0.044077604494343169961 -0.6695087623796985854 0.065892069974856720682 0.7398758356720577245
-5.1355652451884354903 6.0679741775669944204 4.2118318198322297619 0.305426467248454514 -0.00017626566978071016301 -0.95221564891272358899 -0.54121540550146884918 0.82273760405522189387 -0.17374901358377853322 0.78345424751671366437 0.56842132595808758655 0.2511904421831164802
-7.4617499797173794107 5.047823201487625866 -8.0850929092288410516 -0.94832961800345372261 -0.003691685152988510854 -0.317265357513938695 -0.063624222754782466804 0.98183468590842626345 0.17875292396405070838 0.31084223312890257862 0.18970245387862730291 -0.93133779322855891891
-2.1398606846184615726 7.7863913953408179225 1.6461280708507994852 0.87758486056888451721 0.0059322996599624139638 -0.47938462670506915009 -0.44983022672110722917 -0.33566817550890748478 -0.82763496970491179372 -0.1658239416624244511 0.94196161480792461873 -0.2919087813002559928
7.8665117733248210996 5.8658779032059102931 -5.9460243936919559005 0.59263301135969581601 0.00063636373841702590856 -0.80547235141141937387 -0.51855754031157053063 0.76550097303183151087 -0.38092825790923351414 0.61634745982519822949 0.64343442193336986001 0.45399113806147556316
-6.7779741400005413254 4.8054060148338884062 0.99373917993102189872 -0.45187157240132230784 -0.01048857467300477915 -0.89202134047165182462 -0.81944777981548755363 -0.39033227982168416936 0.41969756668882124417 -0.35258675274413725509 0.92061430639046637481 0.16778522181274674319
3.2784668965075680624 -2.7218029679613651162 4.6025152555017330158 0.99635604139635580712 0.00027563605848615526511 0.08529104758102207251 0.018651005944701790767 0.97508883303632587491 -0.2210292009329110352 -0.083227271671907063211 0.22181454351023829896 0.97153050880429880909
4.7712329050816393305 6.9132891593316347922 -3.2876183856182188414 -0.60356553022805570219 0.0020135394302786234488 0.79731085304236859468 0.46986614583445357463 0.80880141224160684299 0.35364683026213722394 -0.64415406209932934978 0.5880784141718591318 -0.4891107472406635015
-8.1285068463306657804 -6.4273338981489764876 -2.2694501605432582103 -0.65313003195030028269 0.0083409637020941413549 -0.75719983471285479126 0.74426642465320425046 -0.17727260274086931169 -0.64392694729392696562 -0.13960175678872249749 -0.98412644138956073547 0.10957416145928450257
10.247478396917342636 -6.5785188873899764772 0.011212892090419682503 -0.99228677125596997932 0.0096380969434721897732 -0.12358831125113778349 -0.093198129339352245304 -0.71537646675068966573 0.69249593465022563077 -0.081737826483312819859 0.69867275451854859991 0.71075685703008684158
-3.7740153724592149231 1.8641475336954567155 -6.2716667357351756351 0.41703598923462487091 0.010599212696312369092 0.90882816878296412977 0.0555972368787943233 0.99776196628735380756 -0.037148430408551535997 -0.90718792481747223544 0.066020567405833799346 0.41551336169240671303
8.9443142274273590431 0.36364071491751176479 -4.7885678311201171908 -0.68169664076778191397 0.0049505147391361329842 -0.73161819439509701013 -0.72140502823850616299 -0.17118472382281305078 0.67102203806005911169 -0.12191995406161615367 0.98522651341388078894 0.12026737740585215219
-3.484888864281248555 -5.7653590242585206482 -2.6079163256070732047 0.0086309336316308521431 0.0017281497198530849143 0.99996125949129299748 0.42672794971827621158 -0.90437755473007996887 -0.0021202429340861999284 0.90433885458596585671 0.42672971773639462034 -0.0085430724395699920298
-1.2179063200279807155 6.2533431458697403826 4.9638642946484132779 0.70195810736868879953 0.0060618106181013833855 0.71219243884709004799 -0.50713414139513024459 0.70635866978395167592 0.49383437734959895193 -0.5000697732620140723 -0.70782814586079856323 0.49890834608814532691
0.99905119349660542749 -7.0271208605294956939 5.3487417214149672873 -0.77016164770466555289 -0.0019707963467145367745 -0.63784571203910822579 -0.20270858915724176974 -0.94739687096961189283 0.2476860851133060315 -0.60478117057898783671 0.32005512781183520499 0.72924923782929307325
-7.4097707441013556107 1.3450122925963987619 -1.3820731725805823764 -0.10459490958679783235 0.00085869324151951705905 -0.99451453862400385209 0.070696920464804233197 -0.99746333891062299859 -0.0082965635106075040495 -0.99199891649403981742 -0.071176893548381067744 0.10426888078153784267
8.9211401673903107934 -1.9519689966211590804 2.256470974268168117 0.79343582275462776199 0.0061862714477985414341 0.60862248168728272368 -0.15853420094494530268 -0.9633324057961932807 0.21646612453942504217 0.58764487771123774529 -0.26823945643399577099 -0.76336170437836314839
-7.9457657462503279433 -7.5149646911179059927 -2.2465092701211757387 -0.13095790708644605704 -0.0040954757490107730061 0.991379470056618195 0.18651123727167689959 0.98203370160430691893 0.028694377229026461068 -0.97368556780032522457 0.1886611671532900103 -0.12784122600137726167
-10.169693707348050893 0.50962823871763329731 -3.3473027489820412761 -0.40491133203507689853 -0.0029501915661155680634 0.91435119596323000124 -0.70402760493638150141 -0.63706957985211243312 -0.31382715292831109277 0.58343118246910463665 -0.7708006530853463989 0.25587967587453946949
10.428677071239270902 -7.8296301081621910711 5.735338598572254476 -0.41675947880974917314 0.005549721013707114084 -0.90899985556585516377 0.90892791457094557206 -0.011439412485690858556 -0.41679633630306484049 -0.012711527683271101399 -0.999919166952309868 -0.00027681276197038997416
6.5977903203705601243 -5.5893962657535976035 -1.875142596522305416 -0.0018882282101531817908 0.0037808183392583974425 -0.99999106996339059972 -0.87447240856350882954 0.48506273847835035262 0.0034851686908243702245 0.48507158364016578211 0.87447118028706294357 0.002390312173079913588
-6.8019053771387483209 -2.9891379759882616973 5.3349213437123692572 0.5841649778740847232 -0.010942302316394756853 -0.81156117738932032069 -0.60631042059965312152 0.65885389214204070907 -0.4453080087777591678 0.53957293529015681877 0.75219134189997050033 0.37824493740562226129
-9.0742420250656117275 2.7075472340772557267 3.7791872198157281382 0.29772612810085374857 0.0085628871148673933039 0.95461292135100439538 0.60040740592925034846 -0.7791114388907376398 -0.18026733673967654248 0.7422062378825298179 0.62682696396538417627 -0.23710305289996896905
9.6309259360822938589 6.2350513452076805621 -1.9836819470699988965 0.26557257975366094227 0.0015134672324338318411 -0.96408968166884745354 0.59576620432967242191 -0.78646896289113898959 0.16287786893149766576 -0.75798010175847141401 -0.61762794611799742839 -0.20976626399968803516
10.277024053982920293 1.5592299469784098864 6.8174065558508774032 -0.82234572005375083936 0.003821002021040693919 -0.56897532165529673964 -0.34946507768790618931 0.78575100237628869859 0.51036214763800880068 0.44902302411564470885 0.61853113277227766975 -0.64482366706394034228
8.7278621116429224713 -6.7204184497176777668 -4.7951718786758483759 0.57592222401600212667 -0.002236074960043159341 0.81750143232486571776 -0.391313239085921305 0.87723865850705595726 0.27807604164452376372 -0.71776565869387776164 -0.480049305789748193 0.50434623346456164406
3.2893059391856391827 -4.1291835929574087771 -5.5153248694992225154 -0.82991692178143805503 0.0059393056643429085681 -0.55785538232487419386 -0.42056639869730921832 -0.66366315079158111345 0.61860740907932765253 -0.36655396223106406772 0.74800798587292705033 0.55328315159892205166
8.929355752237922772 2.7914652499659373674 2.5875054954009804042 0.080650793636696388456 -0.0024897963320270940363 0.99673930914768915645 0.86644994380862805361 0.49449061434210267452 -0.068873269135417081177 -0.49270675290669890822 0.8691794022191500213 0.042038344384557904676
-0.11991322904530471449 0.52743173430211875985 -6.3777876510727651294 -0.98482742908677567417 0.0047480374950630739594 -0.17347158573757065492 0.11701100801453649669 0.75637422931393027969 -0.64358872677606104862 0.12815365356394145535 -0.65412191628906257712 -0.7454536603360540914
9.7026380035410699776 2.6159979665428858553 6.5781996937861633157 0.88076302293786967734 0.0067121144504009074699 0.47350970945111736654 -0.36513012759033480759 -0.62710107307427498391 0.68805830717676608188 0.30155677301420980019 -0.77890897521380608737 -0.5498766416030685944
-9.4575666344206812397 -0.86712920658613668046 6.9720086730238204353 -0.025375463329682327457 0.0059862781309372205263 -0.99966006739039936502 0.78974412039368202532 0.61321781638366523737 -0.016374796890584332465 0.61291133956273924355 -0.78989117867177893739 -0.020288314169838016915
-2.1168238856498340361 0.37481241288061162287 6.8421695073711621404 0.97263107621630540134 0.00070735977820522363824 0.23235380182124937276 -0.14316032819465993042 -0.78581810653692063529 0.60166022294152010641 0.18301341483552302503 -0.61845727668191752269 -0.76420984481306675207
-7.4934234403074997388 2.766786850036773604 4.2312727727850498738 -0.54198563934336707604 -0.01024912775818588237 -0.84032524782096362781 0.557293969660889843 -0.75282380503987456066 -0.35025669150690824649 -0.62902702495625084644 -0.65814229004520108379 0.41373146838128466163
4.9054300666852670432 0.43081229426824096951 0.90068267248254318957 0.9918960823942506444 -0.0024409825346286264866 -0.12702835642174445385 0.1269121251165682418 0.0659059054407243744 0.9897220438720333302 0.0059560246233955884895 -0.99782285663957848154 0.065681599694052988925
1.0520915459203148412 -2.8593782035233994421 7.962200284584540988 0.99995319310654318112 -0.0052926247190064057424 0.0080993653695538483234 -0.0053461840641081375541 -0.9999638923105770294 0.0066054819013102953479 0.0080641125832499657017 -0.0066484734174448037805 -0.99994538245326092252
-7.3655169947775300798 -6.3039371265904220465 2.2064934819846637737 0.73778460194329353872 -0.0018090689810095240964 -0.67503378315820927735 -0.034328094315850793405 -0.9988030762431244769 -0.034842457257595001174 -0.67416278677778573858 0.048878851833021194628 -0.73696363191633462719
-10.188018878947945112 7.2219885753837989029 -0.068942960089765525922 0.54059490885771444013 0.0025895361675707362879 0.84127904931713048953 0.12335497132901471207 0.98894315166490209812 -0.082310350647302285565 -0.83219030009125827263 0.14827250951430318016 0.53429820077985101801
7.4911859210221898309 0.54663321290409561115 7.3739249602127925343 -0.99605661440555270936 0.0018509663462242054513 0.088700590881001045718 -0.0090136737533066980943 0.99249784688150399781 -0.12192939605020419735 -0.088260832675227121613 -0.12224809961434962569 -0.98856736116297838635
7.7080562072678562302 3.9364039145750671089 1.2017256003017622312 0.25859946658278182285 0.0091853176383061320431 0.96594096394312789489 -0.65132563882796146171 -0.73680188328303175549 0.18137777426066284403 0.71337313384246880954 -0.67604631108406409989 -0.18455394111557249515
6.3217254424683977376 7.7800093513083643515 5.5770095592534589812 -0.98538676210100661912 -0.0034957197950796462145 0.17029594539955753008 0.13060790052501203284 0.6262619432213978321 0.7685945321123229812 -0.10933666080894385852 0.77960487326317839951 -0.61665365983473607869
5.7359947595449156665 -4.1742107291690677684 -3.4066489714914367504 -0.39768119771140031382 0.016330790262183734335 -0.91737831360685651028 0.89039169599259282428 0.24821685745132079925 -0.38156391258036231884 0.22147752186961860987 -0.96856682627795975815 -0.11325197720184379535
-6.9522918890332991992 -3.9636674934890567812 -8.6810338304400822551 0.43099665237561690656 -0.0072983300701140191996 -0.90232401055237676513 0.16626780824162426531 -0.98220303596385638567 0.087362532505372347824 -0.88690298318561788804 -0.18768039461107050014 -0.42211274310911439667
5.0493933625510498686 -3.0276179546977490809 2.0759043916020218923 -0.99996836917955955748 -0.0012407296707611266406 0.0078562860542159464877 -0.0070889785576646845155 0.58692293815288520964 -0.80961176563436665354 -0.0036065251544861475809 -0.8096418499932908075 -0.58691316880458965777
-4.2289719056809804698 0.31146206363602862988 -5.6272899761570229771 0.29586343033522050083 -0.0034046380928630702936 0.95522418260316710459 0.074078774974757288785 0.99706385555910215235 -0.019390797712886369275 -0.9523534877809175514 0.076498865201882010334 0.29524694398814843588
-3.4769850547254219642 6.0058933667178546756 1.1745201334205384036 -0.61797675133220542065 -0.0079582517752214664009 0.78615609203337299959 0.52743661871107561101 -0.7457323671348010663 0.40705509436733344764 0.58302259652217369723 0.66619809579191668902 0.46504273901263898372
2.5484416640799354425 -3.9835072495029990591 -8.0072240853607539179 -0.55189439990643296419 0.0072294246386448001579 0.83388266966719637452 0.78415575737789533495 0.34474546883913620432 0.5159944862944426669 -0.28374692865866357749 0.9386683637654840151 -0.19593208859829702728
8.5325804876783610808 -2.9540589277054789541 -2.5377193260964774346 0.10143885666020566183 0.0057230448199955038374 -0.99482531387034311976 0.92854374372378534197 -0.35948501593152126787 0.09261230648178732372 -0.35709476942489504214 -0.93313330777473701971 -0.041779846465300855829
-0.018549545671326172352 -4.894253854019664729 -2.847946777882266467 -0.027599790929661818795 0.0058174191135391007529 -0.99960212543566395738 -0.94145923474029002964 0.33596625739204200034 0.027949655031725608584 0.33599517982103999092 0.94185605669269767404 -0.0037957355166420873524
3.0330735456872655043 6.1562974720381706817 -5.9407798817390764512 0.72033445033871412733 -0.00021513983403149646891 0.69362686897929637375 0.40505907747591557433 -0.81164288574468834714 -0.42090731732120756359 0.56306786749857007379 0.58415390072739048488 -0.58456718763128356908
8.3264256727763115151 -1.9482969610040046238 8.0018781444520428181 -0.98448496181726208309 -0.01120617274357565106 0.17511076965149419138 -0.15089865112269026937 0.56336636863784717022 -0.81231024355055780894 -0.089548629497441023517 -0.82613119804302581617 -0.55631671426892537191
3.335073787837828263 -7.256118141790188325 2.7982554090645970213 0.87581625612769131717 0.0052040696017683369529 0.48261662130757621014 -0.39042015985263700539 0.59552570144921546103 0.70208349766510791401 -0.28375691054720286743 -0.80331939885273839774 0.52360286395688970806
-4.6413011049268373398 6.6218277103082341384 -4.6044781008055597482 -0.62785533323258069238 0.0057180469617889731829 0.77830905459879851094 0.60069112047987527347 -0.63232581375859886474 0.4892179913199021235 0.49494227775370336353 0.77468146305004126351 0.39357435447243233062
8.9838698630682891633 6.1612359755683359097 1.4527115833332056027 -0.95002179828626498459 0.0034326648516052257754 -0.31216469946607811048 0.21608672843003076669 -0.71445222826298737662 -0.66548068290971396088 -0.22531113726824261723 -0.69967580374170446067 0.6780034373664680647
4.3584162831915209679 -6.8261956073242826548 -1.0312181452141706561 -0.99774558517851219541 -0.0048081351022301512671 -0.066937501400751192593 -0.010400319307343378061 -0.97430150232035050983 0.22500759083687149609 -0.066299175072066965364 0.22519650177731354024 0.97205501643255576294
2.2927047069312633809 -1.8260088113198655879 -3.7431282822338638461 -0.98963249438242639755 -0.001623375459904885694 -0.14361368568011051439 -0.116844365967400457 -0.57235768501998385283 0.81163666411777091181 -0.083515987715965064875 0.82000246649070684946 0.56623408122882656901
-9.921281209461016104 -5.2724346879121366527 2.7636060964623916369 -0.64818931376734356675 5.2656383772017520406e-06 -0.7614792272218560143 -0.63413407735399573983 -0.55362873411592450346 0.53978625093601662055 -0.42157393830326533868 0.83276360675369776043 0.35885956836923288416
-4.2099684252016800201 1.7784121210082497466 4.6091121740200691193 -0.93532431885954869788 -0.0036892883941965562422 -0.35377225400120532184 -0.34585503652145188624 -0.20107662368509401918 0.91648921713251918497 -0.074516523420268251932 0.97956856858444274483 0.18679589711452379563
8.9690465635994094384 -1.8110401357039507264 -1.3487970243243070367 0.5655796524033522843 -0.0034955835686556165423 -0.82468626621457341574 0.76620386750705804513 -0.36765595633072423176 0.52703010463537769414 -0.30504309565193393761 -0.92995531003907505596 -0.20526039833610981722
5.0352555762677537743 -4.3085095618233166803 -0.15965550934692371299 0.94859538881856286796 -0.0024353320670314898555 0.31648200181082969396 0.13618452127414948372 0.9058026232600087102 -0.40121737731624024237 -0.28569312991009071512 0.42369290394456654569 0.85957184613595982725
6.6617533741802592573 -3.0309605044394025697 3.8609813244879638283 0.77774955401814549472 0.011181524298829665851 0.62847482426838274794 -0.5007046104786374574 0.61546884656887779208 0.60868135501978337665 -0.38000068982860579769 -0.78808189448675203259 0.48427926169960833214
5.8032040777907623053 -1.8816437972901201015 8.6764365263056753008 -0.3737533478689615829 -0.005154638705370775259 0.92751380833748153787 0.2265190163916170063 0.96919813051226921807 0.096664983446236932285 -0.89944292213012166926 0.24622837673892977728 -0.36107342233772110607
-5.1971464391341815059 -3.0122586170275011952 3.5436280898446379517 0.67845253122032411763 0.0012207318071950673706 0.73464322816896165946 0.72619790023575436777 0.1500878677857389043 -0.67090255748266236502 -0.11108002779049414022 0.98867190804509430535 0.10094100092955822501
5.9294061981625336699 4.9225486202842017036 -1.4005364030747193826 0.64731752694175659357 -0.012877692793100848495 0.7621116613345833013 -0.29319782540081390509 -0.9271322627104310321 0.23336838393722802998 0.70357306265523800182 -0.37451292697257354547 -0.60392467496879942424
-8.0752478002442096283 7.389540363399516032 4.3877839121397714806 0.90030943040771627128 0.0016120036886858937764 0.43524743648052044431 -0.082543863803096723109 -0.98121327751826770136 0.1743760722420438225 0.42735165855219497955 -0.19291942739449277622 -0.8832625059780190302
-10.000260265643170499 -0.55302158402914503021 -5.8525679433949502339 0.82424368607457942915 -0.00085166028170533133144 0.56623459859043556719 -0.52083611102267224346 -0.39347382972891986608 0.75756721864996257043 0.22215330612149827849 -0.91933542300577986151 -0.32476189521873755073
-0.5381450203429739565 -5.7407541525403003035 2.6373637580782336443 -0.99168893846054262387 -0.0019365528934283345909 -0.12864407913972986108 0.10448959997888271345 -0.59551100322653582886 -0.79652279850124751981 -0.075066456097565681382 -0.80334481687454140086 0.59076402426852803185
-4.9203823648164464188 -3.3782721400507913501 1.843954225593755103 0.8766574920306957619 0.003557798083881331605 0.48110184341707334932 -0.025920442852290358215 0.99886960852811990108 0.039845147771277372728 -0.48041624900569374068 -0.047400920153070617846 0.87575874557999688896
1.7582416318123288423 -4.9267316744451878918 -4.0548214269431692713 -0.75115789603839500099 0.010578717433525355873 -0.66003780645996701359 0.25743472824461521853 -0.91601057593354706654 -0.30765562805169799354 -0.60785621318915827871 -0.40101460760897267299 0.68534524771946003785
-7.1701735174243603765 2.8425321026238461464 7.1814352025088217246 0.70141627233398973207 -0.0027057191378786985686 -0.71274672359063628857 0.098153166922654827564 0.99083211336550369719 0.092831454511401373386 0.70596116658639607166 -0.1350718409130736708 0.69525134236784480457
4.7054531394215048934 2.9371989041254393804 5.3641744085029943179 0.44504271448733717653 -0.008224797439366264562 -0.89547157128997201259 0.44066329085388772357 -0.86850122273911678494 0.22698345797479421715 -0.77958504755762081384 -0.49561878375171236621 -0.38289577539720648369
2.4484214919847615555 3.0610246094132183003 6.0450294787920846318 0.78816340840774168353 0.0099500073123775858996 0.61538560188035862364 -0.22100195689098783847 0.93775993859483319781 0.26788884377211769072 -0.57441846827690667965 -0.34714160643999980582 0.74130704055800933361
2.3847229987949183361 2.633365857190683279 3.2751409078646602779 0.0097455074933526630171 -0.0048295934992198157401 -0.99994084830553853216 0.20978855120678371882 -0.97772336210819343894 0.0067669025653766864264 -0.97769820950330121878 -0.209842088758426637 -0.0085152169287675810033
-9.9779838839994425825 0.47531522998613179309 1.6849035606189395331 0.9741712094676578948 -0.0034443332870216138847 -0.22578439098516220329 -0.21440200239280379768 -0.3279089558964471407 -0.92005842097829715343 -0.070867736060325536851 0.94470305028136114522 -0.32017793611463929437
1.5743745409256899581 4.8628726142830931423 7.3204331330526946076 0.86235180076608120014 -0.0033427815079879381367 0.50629852609609338199 -0.50630924510430697083 -0.0045761449885884999955 0.86233984438776856152 -0.00056571822270544500771 -0.99998394222558995015 -0.0056387280532187236681
-2.6246261451702581624 -3.8459583269494355129 -8.2899044441173401765 -0.80297340040344200585 0.0024304191115965502121 0.59600990873280768056 0.16997785260745454372 -0.9575290335558721555 0.23290701904558888669 0.57126285356885730948 0.2883266254800017081 0.7684572266376757943
-3.0355445926166182424 2.7742934152948794946 2.3266959502477608801 0.97722874806523685187 0.0038868840703777792975 -0.21215293089411010885 -0.1857997579100266472 -0.46721727325012929466 -0.86439948492396945223 -0.1024813344727722314 0.88413398968061529537 -0.45585596889357304917
-10.206457600502430338 -1.0120003712524605621 -7.6579429549994237902 0.99985419020342292118 -0.00075709647811416616765 0.017059458879482979066 0.012202790040562121188 0.73051767590054117463 -0.68278475166947016906 -0.011945302321964855474 0.68289336795859356677 0.73042039795612456743
3.3828111622293004501 1.4164810160567549158 -3.4266701387077795893 -0.40062466007741076579 0.0093548189855506436868 -0.91619450396716539675 0.85906333562884029664 0.35154864643370231647 -0.37205340284541421614 0.31860644550309019651 -0.93612287470845845228 -0.14887543898017080446
2.0444985217204894035 -2.4451381607173590105 1.7309057619059540212 0.96943617737809228974 0.0025858782603018727261 0.24533000473637903149 0.045249291855943701846 -0.98467509762147353847 -0.16842640443396580952 0.24113481618566459663 0.17437965866944679649 -0.95469667175778893942
5.4136285446532186327 -6.3864372153677670951 -6.2553105059294793477 -0.34122637788085602439 -0.0086871238940978857263 -0.9399410050193063304 0.033140616221017826781 -0.99944679372243527826 -0.0027939352546142888489 -0.93939675249309495531 -0.032103588524854051456 0.34132550594559707413
5.4220965670547034421 7.6697437655983717875 4.5891580073833866393 -0.97924306400716631948 -0.016816941693941652586 0.20199062370822140622 0.20252473794597539158 -0.12135073561154544053 0.97172924700557872235 0.0081701966844224312853 0.9924672233572970903 0.12223771286939141834
7.1015465097413308371 -6.9940284149885574294 5.2594912983819659402 0.10757633530978000236 0.015104976075903667893 0.99408207497119982499 -0.48519858569724894082 0.87352336177070621925 0.039233517279423119062 -0.86776129466510709687 -0.48654781485333509217 0.10129935509582087272
2.4949175105260379404 7.5615247597294743542 3.2761378524693194336 0.30159416220423512778 -0.00055268436819925961107 0.95343623586697689998 0.83137879653712032368 0.48969138215554025573 -0.26270067931298429764 -0.46674431757969064849 0.87189566163777643126 0.14814755220461078844
9.4413296948048266444 5.0046843252546651115 7.4053436800579497401 -0.53042357294290842784 0.00012711976211165609135 0.84773275099353440076 0.82603043620887928178 -0.22474571596611883639 0.5168782077158070587 0.19059000950477170133 0.97441743980464368136 0.11910542087391909338
-0.29658947616853426066 1.8640757150911093643 7.1106112346329579665 0.27923932290212549745 0.0019071549500251690906 0.96021964326137465573 -0.79599941841766808093 0.5597446737149833762 0.23037106182580557867 -0.53703847760095446695 -0.82866293690974834885 0.1578208179171187997
-1.9956304584457587037 -7.1591251524614012425 -1.7626280501350315433 -0.040544911617987879071 0.0029326115158872173919 -0.99917341334312670398 -0.36645452058526367667 0.93026948007707310762 0.017600533505374483384 0.92955214726480606124 0.36686522624357542632 -0.036643025103483314875
-7.7467569610698250315 4.9059128098733371104 -1.0987665807367610338 -0.67664005663306381333 0.011989683335170834774 0.73621632775525946979 0.6995300270396306308 -0.30160963171387838999 0.64783437028871149188 0.22981726442933267385 0.95335611266256503615 0.19569401477619280394
-9.6727195081717844971 -3.1139979761678544534 1.5782868296057572799 -0.86604530239863974916 0.0050221193860826365829 -0.49994030894724977854 -0.14414462931764684961 0.95498096929333442517 0.25929457018338492036 0.47873568911506675372 0.29662455495906897562 -0.8263328707992388944
-7.9875610582938350035 6.4772372961116566614 1.4993604066346455372 0.86365993445757172076 -0.002905422125448893847 0.50406653939209633553 0.25593550481866433888 0.86402763366533474887 -0.43353577203686205488 -0.43426781481676035579 0.50343600068420180094 0.74696965013963234625
-6.4944523696513423161 -2.9370788995828722712 -8.6253881035878539052 -0.12381452274291590565 -0.0074643776067588613748 0.99227730349157239331 -0.66648110695647677648 0.74147391726335309947 -0.07758456088829114583 -0.73516861877253325552 -0.67094017101771907807 -0.096780105842465949384
-5.5247102717359330981 2.6159443772200936529 7.3460848362852564364 0.67352635668670235436 -0.0064320339057937492289 -0.73913522158570110765 -0.55029490219457510847 0.66325211914292692139 -0.50722001840537156436 0.49349545840608133318 0.74836839550620259942 0.44317826790186026775
9.4580211964801748081 -1.8970717631744289378 -4.5040694419033746598 -0.64631585205140906769 0.0041104892858355480956 0.76305892515891426964 0.70118823852966383203 0.397674216156876148 0.59176876560996660714 -0.30101640077335650725 0.91751747758923507536 -0.25990537659608514698
10.237419548854404638 -3.1525765356617250212 5.1822743326585234414 0.95710008807042812329 0.0093705390023510141267 -0.28960596405167182699 -0.034230410370131893194 -0.98882170322350815272 -0.14512035777302029205 -0.28772851860976195182 0.1488080382003326152 -0.94608058184559506998
8.3578273613592450886 3.710794709400208724 -6.7519104570362662443 -0.15247924980778509996 0.0033149884648968151041 -0.98830111263180631109 -0.59883079677005002228 -0.79583407114257698201 0.089720722514692652361 -0.78622627482040252644 0.6055056911872458425 0.12333329932308507992
-7.5968001280779064999 -4.172940426587556928 1.2499150152235782851 0.9964116123248791812 0.011609313430263744349 0.08383986322749101272 -0.040996636630995078598 -0.80039906546383798869 0.59806405324987799155 0.074048461221235775676 -0.5993551199800964957 -0.79705098051787470759
2.9643895880246207142 -2.9399318126421820629 0.44149739763133100112 -0.96944020009931108905 -0.0007560809267156323038 -0.24532657168171581596 -0.23162658734274149674 0.33233056211435219041 0.91427868919745336473 0.080838248789851060994 0.9431626719853495322 -0.32234973508006503629
7.4439673180040530909 5.26052209065043197 -3.3017744604498955319 0.79063636406833504022 -0.0075321806882876277123 0.61223966391164397205 -0.43949170151277033858 0.68922741326127867634 0.5760317848096397908 -0.42631113533913345126 -0.72450592755583032023 0.54161792513020146078
1.1813098816564793214 -1.7867818776656010371 -6.3921932713493854195 -0.99604576586468906996 0.012584398084038448187 0.08794580847286301295 -0.0085295581603908616347 -0.99888973749387044432 0.046330756167629362496 0.088431210218190545169 0.045397414621735757145 0.99504723295177022191
1.3706477297894374967 0.29682666959155451503 1.6214197170739801379 -0.79930765471103393249 0.0082886467952461243686 -0.60086485290338786935 0.13917721730378354583 -0.97016363789574855403 -0.19852510644259407924 -0.58458273606377209042 -0.2423093354345920436 0.77430563129634077946
8.1019989194915638109 -3.3550228125403855906 6.2982045835015245672 0.73041768695666309252 -0.014813479457703169692 0.68284007161774873396 -0.40970240672034474727 0.79041655632605101189 0.45539609727473112644 -0.54647409866166651859 -0.61239058476756369487 0.57126511461833695549
-5.6720013592350664311 -2.0643997391336061931 7.433072594229340524 0.99999225831921567664 -0.0027271866130633569576 -0.0028365039911887168084 0.0020421371483607376161 -0.25648728241361096192 0.96654544830331901029 -0.0033634770075694729596 -0.96654375814720938642 -0.25647972748202729765
7.2156126081827380858 2.9248558424915609422 4.523069485056330663 0.9683111324248288021 0.00078358933209492481059 -0.2497457443279582634 -0.1374285560636328285 0.83665369358998842308 -0.53021126825114084369 0.20853523155678588274 0.54773167061073624318 0.81024877303791331684
0.64886085826731976223 -4.0071561741276644497 8.1400564613574371009 -0.9477055449547464594 -0.0030456411897860687782 0.31913151541544954037 0.0017478861492405519187 -0.99998899880769109849 -0.0043528333031215586321 0.31914126175672674623 -0.0035673987019587552819 0.94770044249790397206
-2.1838856538157482845 -7.4598773163554454868 -5.1849346601029395742 -0.92697690638922158879 -0.0090785738178837359358 -0.37500852592784744699 0.30765697731399266335 -0.59036709111541718631 -0.74619962613094092951 -0.21461826420672974747 -0.80708381053384004034 0.55004974633518366467
-10.323403997909032626 2.0105390717681510537 -2.4224928054658456666 0.01476260043914983007 0.0057395167564918032899 0.99987455391943913519 0.66114990249575045222 -0.7502339964659391347 -0.0054549955548037990655 0.75010857351312110186 0.66114749375159909128 -0.014870085669636351478
-3.673820748715263651 -5.2163023268297132873 -0.45977461496929555862 -0.7058313117525047975 0.0015030045251829275872 -0.70837835958420747318 0.33844663701096477926 -0.87776443878381082975 -0.33909211713369630248 -0.62229899023351531451 -0.47909010737406065861 0.61904493840958008111
1.6900935381424617709 6.175385684401910602 8.7157267438537058268 -0.87182828805053769194 0.0064715239595466711453 -0.48976887971015220513 0.32261134783257733316 0.75997609111722996822 -0.56423245137080624279 0.36856119492495997836 -0.64991881055087963315 -0.66465644154507752539
-7.8024739367191111583 -2.9716744920849955669 1.0184728859594096573 0.94369720047918759231 0.0078577592606544309495 0.33071717437594111422 0.29392835500728620168 -0.47864488419810674591 -0.82734829240985696686 0.15179497992508941828 0.87797342240548603698 -0.45400545549498716458
-6.9720114525702836517 7.6202670853254685923 -6.254406600441091868 0.36057805002227583113 -0.009749296925368756625 -0.93267809079636854186 -0.93234610178445720408 0.024883353961065612925 -0.36070980743875619146 0.026724826081592982507 0.99964282116427516378 -0.00011732773405367415143
-2.111466132298514875 -1.754617387713365062 5.5942547016859753839 -0.99722956484628599849 -0.0018138849502341205383 -0.074363329794216406765 -0.073928917998175996962 -0.086420243659717108087 0.99351198109010452342 -0.0082286135104654503647 0.99625712108224118158 0.0860467234269875203
-3.6377836865704176184 4.2470345367260584624 8.1691549080004897121 0.67483085799695186058 0.002542092375833094383 -0.73796805544797583476 0.46018432162492473037 -0.78320504194062734449 0.4181151186087869176 -0.57691741456284773015 -0.62175831320956087556 -0.52970076149575406887
7.1159096916349744433 7.5688739447706145924 -8.0376913378920153974 -0.38004302052994298755 0.00032347361387041664166 0.92496875510019671562 -0.91050748062424680107 0.17600650148448035437 -0.37416285112582159389 -0.16292154637712841225 -0.98438895097416667657 -0.066595517311812027494
0.098764617774006024931 4.0321701623562713479 6.4824200278481001192 -0.32231830311802972533 0.0055691429056279762727 0.94661496719759796736 0.066834999553146437479 0.9976211128841886433 0.016887805132437937877 -0.94426902644827070965 0.068710259603301307441 -0.32192375792317068361
-1.4137780465765219517 -7.121005306232545351 2.053891071371706456 0.89282739907075492347 -0.0014095376164706746244 -0.45039676805313993979 -0.15082358234271192599 -0.94319658612259460462 -0.29602778068308782666 -0.42439543173593946568 0.33223216751345530096 -0.84232434631271302372
9.477945500776318255 7.5478680531027784184 -2.4890185652338825406 -0.94820502772934878166 0.0025384995750359603053 -0.3176488334755575571 0.005946117453245929399 0.9999347046752137258 -0.0097585897233827163799 0.31760332031588556223 -0.011141921112052154824 -0.94815820859072030835
2.7365605094460487834 0.8769131270483697671 4.4046686865095150409 0.99953313802494481166 -0.0027888353341502681443 0.030425784916335275876 -0.011176072702516432616 0.89343982288631496047 0.44904384894981647092 -0.028435917239356903879 -0.44917424823597740247 0.89299154157953453126
-10.361970382836878102 3.6980654526074321353 -5.8409189008073187921 0.98642272297064237385 -0.001479722372253529589 -0.16421943255531534778 -0.058455142778261998115 0.93130610317569773038 -0.35951625619785426702 0.15347054404634213887 0.36423447476798298528 0.91857500483122467294
5.1039727057187960213 -5.7324016163961974968 5.1925989256640887604 0.8905545197052469053 0.006276687382668988055 -0.45483321187879593994 -0.011903875934197196557 0.99988392986434093679 -0.0095091817296481251365 0.45472073316512906516 0.01388272289308636713 0.89052586982894887946
-1.1501938577464037028 0.66910327339961250814 -0.063236644252795903842 0.080856641323821226708 0.00057754417396250340433 0.99672557406567530158 0.53479103754410028948 -0.84389490468352168495 -0.042894475302559777197 0.84110685986745625797 0.53650820710576974104 -0.068543373071000932018
5.8187183713844401467 1.9906723109231612145 6.9342609278247913096 -0.64174985611347201697 -0.0042493285541406761868 -0.76690225282307200594 -0.63100807999395358561 -0.56541319450833893434 0.53116543793593884448 -0.43587374910686066398 0.82479686146496722365 0.36017247556817105769
-2.8575133563215970867 6.7005133661089191222 7.2461582494533072207 -0.98721018460085541157 -0.013767529639472239622 -0.158828544500130453 0.11097639712453230554 -0.7746006192444842009 -0.62263803284658225667 -0.11445650135172057149 -0.63230082697503242617 0.76622149115324111879
-3.87665394884443959 -7.485342718371053472 6.3310844779043113917 -0.63583257859329245232 0.011216040827293615595 0.77174551014403447446 -0.57660203601326975864 0.65778234387411382844 -0.48461580675106441518 -0.5130760412109792723 -0.75312455046678639103 -0.41177225188168647962
3.1293857164630871637 4.8492460841746138911 9.0175905986382094426 -0.56889505513573546125 0.0051445783250712792678 0.82239403545745748403 0.039764840648569908799 -0.99863876512392357743 0.033754618056724042252 0.82144821729087502682 0.051905203070725186576 0.5679160820085928929
4.4158498456881680738 5.0497660692588413056 -9.019218820465386699 -0.63714551881882364182 0.0060828686369403745307 0.7707195252221007431 -0.12716596645678937549 0.98543465111999872796 -0.11290423086437835487 -0.76018050805359116406 -0.16994571804293831518 -0.62709173818083185914
5.5392151397021214265 1.5338589487158826863 3.2819989261761532973 0.59402543993203138495 -0.0024620734756291883308 -0.80444248701040943494 0.073645428703082049804 -0.99562956263340951502 0.057429302986848528023 -0.80106811666965316299 -0.093357978794711457549 -0.59124796849596683579
-0.11319035139318303629 5.3993982287955857302 1.6349322165192705647 -0.65882312790908248434 0.0091404445972867818387 0.75224234021011038287 -0.33282586876353337235 0.89320416267005398048 -0.30234626650666696079 -0.67466956891068796676 -0.44955842341271839979 -0.58542138389770559392
