-5.14126 4.88585 -1.83381 0.642364 0.0240323 0.766023 0.0143448 -0.99971 0.0193346 0.766266 -0.0014314 -0.642522 @ 1.94 0.67 0.67 C[red]
-6.6004 -5.17007 2.04058 -0.986307 0.0215272 -0.163506 0.0221125 0.999754 -0.00176055 0.163428 -0.00535198 -0.986541 @ 1.94 0.67 0.67 C[red]
-6.88925 5.18042 -4.09981 0.654468 0.0325532 0.755389 0.754313 -0.0965531 -0.649376 0.0517958 0.994795 -0.0877462 @ 1.94 0.67 0.67 C[red]
-7.11239 -5.19178 0.162928 -0.663664 -0.00104137 -0.74803 -0.0458516 0.998175 0.0392906 0.746625 0.0603742 -0.6625 @ 1.94 0.67 0.67 C[red]
-0.428988 -3.2757 -1.52857 0.996048 0.0528518 0.0713751 -0.0661782 0.97764 0.199603 -0.0592297 -0.203537 0.977274 @ 1.94 0.67 0.67 C[red]
6.63178 -3.72727 0.0883258 -0.718196 0.0248783 -0.695396 0.248969 -0.924016 -0.290189 -0.649777 -0.381544 0.65743 @ 1.94 0.67 0.67 C[red]
-5.21912 4.39092 -6.19283 -0.354166 0.0213638 -0.934939 -0.115942 0.991023 0.0665655 0.927968 0.131974 -0.348509 @ 1.94 0.67 0.67 C[red]
-1.5373 -5.10842 -1.82041 -0.982344 0.0209264 -0.185907 -0.182594 0.109097 0.977117 0.0407295 0.993811 -0.10335 @ 1.94 0.67 0.67 C[red]
6.1976 3.75825 2.10559 -0.126617 -0.0240075 -0.991661 0.827344 0.548961 -0.118927 0.547238 -0.835503 -0.0496453 @ 1.94 0.67 0.67 C[red]
4.37863 -7.12529 -6.48872 -0.260825 0.0236585 -0.965096 -0.315318 -0.946958 0.0620033 -0.912439 0.320484 0.25445 @ 1.94 0.67 0.67 C[red]
5.10135 4.33416 2.78964 -0.52557 -0.00674799 -0.850724 0.0783661 -0.996101 -0.0405128 -0.847134 -0.0879602 0.524049 @ 1.94 0.67 0.67 C[red]
-5.70291 6.38579 4.01913 0.191223 -0.00953814 0.9815 0.133238 0.99095 -0.0163285 -0.972461 0.133895 0.190764 @ 1.94 0.67 0.67 C[red]
1.11361 -7.55298 2.27063 -0.874382 0.00194911 -0.485234 0.436805 -0.432339 -0.78885 -0.211324 -0.901709 0.377178 @ 1.94 0.67 0.67 C[red]
7.53364 7.44542 1.65401 -0.264079 -0.0315193 -0.963986 -0.76489 0.615685 0.189407 0.587542 0.787362 -0.186698 @ 1.94 0.67 0.67 C[red]
-6.50739 -6.67502 5.89797 0.489422 -0.016057 0.871899 0.851584 0.224124 -0.473891 -0.187805 0.974428 0.123365 @ 1.94 0.67 0.67 C[red]
5.81153 -4.73512 -1.10566 -0.871895 -0.0343595 -0.488485 -0.271172 -0.796747 0.540056 -0.407755 0.603336 0.685363 @ 1.94 0.67 0.67 C[red]
0.0914335 4.44169 -3.3447 -0.666987 -0.0127763 -0.74496 0.0392277 -0.999068 -0.0179876 -0.744036 -0.0412206 0.666867 @ 1.94 0.67 0.67 C[red]
-1.91292 -5.98732 7.018 0.911201 0.0180365 0.411567 0.201559 0.851779 -0.483576 -0.359287 0.52359 0.772507 @ 1.94 0.67 0.67 C[red]
6.13229 -3.8597 -6.36558 0.869279 0.00383919 0.494308 0.400734 0.580007 -0.709228 -0.289425 0.814602 0.502649 @ 1.94 0.67 0.67 C[red]
-5.69106 2.19894 3.91895 -0.145216 0.0181229 0.989234 0.944643 -0.294775 0.14407 0.294213 0.955395 0.0256864 @ 1.94 0.67 0.67 C[red]
-7.50289 -6.41249 -7.60966 0.553084 -0.0164097 0.832964 -0.547847 -0.760401 0.348788 0.627663 -0.649246 -0.429556 @ 1.94 0.67 0.67 C[red]
4.92454 5.17494 -1.88488 0.705087 0.0200832 0.708836 0.140131 -0.983833 -0.111515 0.695137 0.177958 -0.696502 @ 1.94 0.67 0.67 C[red]
4.00539 7.25572 5.90065 0.725448 -0.0101804 0.688202 0.599508 0.500526 -0.62455 -0.338105 0.865661 0.369209 @ 1.94 0.67 0.67 C[red]
7.31665 2.90363 1.91187 -0.371544 -0.0327605 0.927837 -0.878951 -0.309442 -0.362893 0.299 -0.950354 0.0861762 @ 1.94 0.67 0.67 C[red]
-6.27629 4.64388 6.03125 -0.59595 0.0106951 -0.80295 0.752549 0.356342 -0.553796 0.280202 -0.934294 -0.220411 @ 1.94 0.67 0.67 C[red]
1.35776 7.83502 0.82439 -0.554778 -0.0036805 -0.83199 0.596009 -0.699484 -0.39433 -0.580512 -0.714639 0.390252 @ 1.94 0.67 0.67 C[red]
-5.46087 4.38417 1.91794 0.670111 -0.00741411 0.742224 -0.0592413 0.996226 0.0634369 -0.739893 -0.08648 0.667143 @ 1.94 0.67 0.67 C[red]
-3.50625 -7.56433 5.06944 -0.942725 0.000232367 -0.333572 0.228536 -0.727981 -0.646386 -0.242984 -0.685598 0.686232 @ 1.94 0.67 0.67 C[red]
-3.40322 4.0837 5.23956 -0.285955 0.0116325 -0.958172 0.539877 0.828077 -0.151067 0.791683 -0.560494 -0.243073 @ 1.94 0.67 0.67 C[red]
7.33037 -6.00529 1.19876 -0.966941 -0.0184663 -0.254331 0.249575 0.136099 -0.958744 0.0523186 -0.990523 -0.126991 @ 1.94 0.67 0.67 C[red]
-6.76636 -2.89751 4.65085 0.896905 0.0208263 0.441733 0.435176 -0.219187 -0.873258 0.0786354 0.975461 -0.205653 @ 1.94 0.67 0.67 C[red]
2.34289 -5.97487 -3.85054 -0.997465 0.00594452 0.0709127 -0.0674264 -0.397549 -0.9151 0.0227515 -0.917562 0.396942 @ 1.94 0.67 0.67 C[red]
-3.90787 0.44516 -4.20991 -0.425792 0.0191212 0.904619 0.759501 -0.535849 0.368814 0.491791 0.844097 0.213638 @ 1.94 0.67 0.67 C[red]
-7.50123 5.23235 6.33733 -0.719439 0.0469626 -0.692966 0.136599 -0.968659 -0.207464 -0.68099 -0.243916 0.690476 @ 1.94 0.67 0.67 C[red]
-7.15643 -1.91585 -0.881857 -0.829797 0.0295048 0.557285 0.126958 -0.962436 0.239996 0.543432 0.2699 0.794881 @ 1.94 0.67 0.67 C[red]
1.31721 -6.7817 -1.98589 -0.991543 0.00866386 -0.129492 -0.0637301 0.83668 0.543971 0.113056 0.547623 -0.829052 @ 1.94 0.67 0.67 C[red]
4.01286 -1.39853 -5.65164 0.403272 -0.0062029 -0.915059 -0.8629 0.330271 -0.382524 0.30459 0.943866 0.127836 @ 1.94 0.67 0.67 C[red]
-3.11476 -3.48593 -5.29466 -0.99931 0.0257134 -0.0268151 -0.0357689 -0.470831 0.881498 0.0100409 0.881848 0.471426 @ 1.94 0.67 0.67 C[red]
5.32825 -6.8602 -1.13206 0.626808 0.0264308 0.778725 -0.268284 0.945634 0.18385 -0.731529 -0.324158 0.599822 @ 1.94 0.67 0.67 C[red]
2.50304 -3.56643 -5.07979 -0.99511 0.0391509 -0.0906806 -0.0689139 -0.932903 0.353472 -0.0707575 0.357992 0.93104 @ 1.94 0.67 0.67 C[red]
3.74902 -7.27421 0.309295 -0.63711 0.00114171 -0.770772 0.173258 0.974619 -0.141769 0.751047 -0.223865 -0.621138 @ 1.94 0.67 0.67 C[red]
3.03302 6.41206 0.738352 0.720938 -0.0393321 0.691882 -0.341161 -0.889168 0.304941 0.603206 -0.455887 -0.654454 @ 1.94 0.67 0.67 C[red]
-0.997661 5.27531 1.2652 -0.739532 0.0151155 -0.672952 -0.287981 -0.910737 0.296016 -0.608407 0.412711 0.677872 @ 1.94 0.67 0.67 C[red]
-5.98462 -7.36936 1.19198 0.511245 0.000626687 0.859435 0.842832 0.195245 -0.501511 -0.168115 0.980754 0.0992898 @ 1.94 0.67 0.67 C[red]
5.217 7.31238 5.13825 -0.608317 -0.0092354 -0.793641 0.261992 -0.946222 -0.189803 -0.749207 -0.323388 0.578022 @ 1.94 0.67 0.67 C[red]
-6.08077 7.41242 -7.53601 0.798985 0.00776132 0.601301 0.28198 -0.888007 -0.363223 0.53114 0.459764 -0.711693 @ 1.94 0.67 0.67 C[red]
1.70131 -4.61897 -3.46747 0.97665 0.00260842 0.214823 -0.192944 -0.42913 0.882395 0.0944884 -0.903239 -0.418606 @ 1.94 0.67 0.67 C[red]
-3.16155 -0.570218 -4.04273 0.227118 0.00269224 -0.973864 -0.287718 -0.955172 -0.0697402 -0.930395 0.296038 -0.216162 @ 1.94 0.67 0.67 C[red]
-7.36857 -1.18628 0.820929 0.0764523 0.00260997 0.99707 0.0846142 0.996372 -0.00909611 -0.993476 0.0850617 0.0759541 @ 1.94 0.67 0.67 C[red]
4.69275 -7.63806 -4.07363 -0.755803 0.001137 -0.654798 0.634208 -0.247534 -0.732467 -0.162917 -0.968879 0.186366 @ 1.94 0.67 0.67 C[red]
5.64707 -4.67362 5.00864 -0.837172 0.0428543 -0.545258 -0.527205 0.20215 0.825343 0.145593 0.978417 -0.146641 @ 1.94 0.67 0.67 C[red]
-2.11444 -4.03057 -0.356373 -0.412867 0.0174101 -0.910625 -0.773783 0.520671 0.360779 0.480417 0.85358 -0.201496 @ 1.94 0.67 0.67 C[red]
5.37772 -4.84459 -5.92506 -0.996277 -0.0101848 -0.0856061 0.0849788 -0.283226 -0.955281 -0.0145165 -0.958999 0.283037 @ 1.94 0.67 0.67 C[red]
4.75919 -7.73374 -0.174754 -0.834999 0.0395843 -0.548826 0.471541 0.56553 -0.676627 0.283594 -0.823777 -0.490883 @ 1.94 0.67 0.67 C[red]
6.13195 -5.8484 -1.55817 0.847725 -0.00891125 0.530362 0.349832 0.760977 -0.546381 -0.398724 0.648718 0.648216 @ 1.94 0.67 0.67 C[red]
-3.47284 -6.69828 5.8305 0.958439 -0.0225577 0.284404 -0.225741 0.549621 0.804337 -0.174458 -0.83511 0.521686 @ 1.94 0.67 0.67 C[red]
5.07585 -3.37757 1.9586 -0.929917 -0.0211453 -0.367162 -0.123745 -0.922145 0.366519 -0.346327 0.386267 0.854901 @ 1.94 0.67 0.67 C[red]
-3.36982 3.43552 -7.28836 -0.867612 0.00570097 -0.497209 0.125538 0.970053 -0.207936 0.481134 -0.242826 -0.842345 @ 1.94 0.67 0.67 C[red]
-5.67847 7.35952 0.554819 -0.67014 0.0151322 -0.74208 -0.394825 -0.853873 0.339137 -0.62851 0.520261 0.578189 @ 1.94 0.67 0.67 C[red]
-6.26065 -5.57967 5.22245 0.115399 -0.0241477 0.993026 0.0217451 0.999526 0.0217787 -0.993081 0.0190802 0.115869 @ 1.94 0.67 0.67 C[red]
-6.33118 -2.05005 -6.76597 0.856788 0.030721 -0.514752 0.250407 -0.897416 0.363236 -0.450788 -0.440114 -0.776589 @ 1.94 0.67 0.67 C[red]
-2.00805 -2.57686 -5.67235 0.858966 0.0231974 0.511507 -0.487646 0.341685 0.803401 -0.156138 -0.939528 0.304808 @ 1.94 0.67 0.67 C[red]
7.2115 -3.10885 -4.53534 0.973243 -0.0104866 0.229537 0.209042 0.455108 -0.865551 -0.0953874 0.890375 0.445123 @ 1.94 0.67 0.67 C[red]
-6.20098 7.50472 3.78058 -0.489647 0.0258579 -0.871537 -0.723414 0.545948 0.422626 0.486743 0.83742 -0.248616 @ 1.94 0.67 0.67 C[red]
7.28335 4.84874 7.69671 0.570625 -0.0374744 0.820355 -0.0797916 0.991702 0.100803 -0.817325 -0.122978 0.5629 @ 1.94 0.67 0.67 C[red]
2.62971 -3.64251 -1.23887 0.989967 -0.00285644 0.14127 0.0688867 0.882687 -0.464886 -0.123369 0.469953 0.874027 @ 1.94 0.67 0.67 C[red]
7.2592 -3.96245 2.16244 -0.939888 0.0386378 -0.339289 0.138693 -0.864746 -0.482679 -0.312048 -0.500722 0.807406 @ 1.94 0.67 0.67 C[red]
0.64585 -0.00624348 -2.83546 -0.186407 0.00801385 -0.98244 0.943681 -0.276755 -0.181311 -0.273348 -0.960907 0.0440266 @ 1.94 0.67 0.67 C[red]
-7.12737 -2.95063 -0.205524 0.999559 0.0129807 0.0267033 0.0201717 -0.956831 -0.289944 0.0217869 0.290354 -0.956671 @ 1.94 0.67 0.67 C[red]
-4.55218 -1.89643 3.97757 0.629206 -0.0172668 0.777047 -0.43566 0.820099 0.370995 -0.643661 -0.571961 0.508489 @ 1.94 0.67 0.67 C[red]
4.98978 -6.46073 0.418248 0.910264 -0.0413146 0.411962 0.332319 0.666383 -0.667456 -0.246949 0.744464 0.620314 @ 1.94 0.67 0.67 C[red]
-3.53499 -5.51441 5.49393 -0.859444 0.00868479 -0.511156 0.232341 -0.883996 -0.405671 -0.455383 -0.467414 0.757727 @ 1.94 0.67 0.67 C[red]
3.37169 7.33481 -0.121114 -0.612707 -0.00271482 -0.790306 0.770406 0.220964 -0.598038 0.176253 -0.975278 -0.133295 @ 1.94 0.67 0.67 C[red]
-7.21884 7.82968 4.2724 -0.462141 -0.0326486 -0.886205 0.347634 -0.926008 -0.14717 -0.815829 -0.376088 0.439296 @ 1.94 0.67 0.67 C[red]
-5.93064 -7.21501 3.11549 -0.967062 0.0277996 -0.253017 -0.0673239 0.930684 0.359576 0.245475 0.364766 -0.898158 @ 1.94 0.67 0.67 C[red]
3.37108 -0.236349 -1.24212 -0.331763 -0.0284997 -0.942932 -0.165068 0.985877 0.0282802 0.928809 0.16503 -0.331782 @ 1.94 0.67 0.67 C[red]
5.10925 -5.16911 -4.7112 0.916349 -0.0536422 0.396772 -0.400226 -0.150353 0.903999 0.0111632 -0.987176 -0.159244 @ 1.94 0.67 0.67 C[red]
-1.00585 -6.59055 -7.32531 0.957771 -0.0340216 0.285511 -0.0546517 -0.996414 0.0646009 0.28229 -0.0774766 -0.956196 @ 1.94 0.67 0.67 C[red]
4.01503 -2.50097 -1.25131 -0.971892 4.66561e-05 0.235429 -0.154958 0.75272 -0.639844 -0.177242 -0.658341 -0.731555 @ 1.94 0.67 0.67 C[red]
-0.000700471 -3.78735 5.28628 0.787507 -0.0329162 0.615427 0.363187 -0.781978 -0.506562 0.497924 0.622436 -0.603858 @ 1.94 0.67 0.67 C[red]
-5.22101 1.11505 -1.66429 -0.197299 -0.0147679 -0.980232 0.289098 0.954545 -0.07257 0.936747 -0.297702 -0.184061 @ 1.94 0.67 0.67 C[red]
-4.44574 -3.04342 -0.969935 -0.976072 0.0228723 0.216241 0.0891691 -0.864892 0.493975 0.198323 0.501437 0.842157 @ 1.94 0.67 0.67 C[red]
-1.31068 -3.97506 3.49768 -0.961752 0.0116752 -0.273674 -0.175904 -0.792193 0.58437 -0.20998 0.610159 0.763947 @ 1.94 0.67 0.67 C[red]
5.6484 -1.92241 5.7682 0.379765 0.0274464 0.924676 0.543239 -0.815678 -0.198898 0.748779 0.577855 -0.324676 @ 1.94 0.67 0.67 C[red]
5.6782 -0.316969 -1.63654 0.0125962 0.00905432 0.99988 -0.824563 0.565746 0.00526451 -0.565631 -0.82453 0.0145921 @ 1.94 0.67 0.67 C[red]
-6.84963 1.81795 2.47085 0.0927173 -0.0271162 -0.995323 0.32157 0.946877 0.00415883 0.942336 -0.320451 0.0965116 @ 1.94 0.67 0.67 C[red]
6.29331 -6.85014 7.73243 -0.381069 0.00616625 -0.924526 0.557178 0.79952 -0.224323 0.737794 -0.600608 -0.308108 @ 1.94 0.67 0.67 C[red]
6.20592 -2.7855 4.59041 -0.881683 -0.0196115 -0.471434 -0.348298 -0.646985 0.678306 -0.318314 0.76225 0.563605 @ 1.94 0.67 0.67 C[red]
-3.00532 -4.53053 2.64346 -0.746034 -0.0154319 0.665729 -0.582804 -0.468495 -0.663967 0.322137 -0.883331 0.34052 @ 1.94 0.67 0.67 C[red]
-5.11284 -1.97285 0.0100113 -0.00359269 0.0261328 -0.999652 0.792609 0.60959 0.0130873 0.60972 -0.792286 -0.0229032 @ 1.94 0.67 0.67 C[red]
-7.46699 2.1858 -4.04665 -0.524949 -0.0520505 -0.849541 0.693987 0.551685 -0.46263 0.492759 -0.832427 -0.253484 @ 1.94 0.67 0.67 C[red]
-2.82271 -2.28069 -7.48103 0.999383 0.00757091 0.0342876 -0.0345685 0.383519 0.922886 -0.00616287 -0.923502 0.383544 @ 1.94 0.67 0.67 C[red]
-5.66612 -4.89864 -5.44455 0.89159 -0.00721572 0.452785 0.252876 -0.821521 -0.511036 0.37566 0.570133 -0.730635 @ 1.94 0.67 0.67 C[red]
0.753885 -4.0944 7.08225 0.954049 0.0271082 0.298421 0.179258 -0.849675 -0.495903 0.240117 0.52661 -0.815491 @ 1.94 0.67 0.67 C[red]
4.22967 -4.77734 1.74084 -0.991395 -0.0213053 -0.129155 0.00871351 0.973736 -0.227511 0.13061 -0.226679 -0.965172 @ 1.94 0.67 0.67 C[red]
6.97225 -3.76449 -2.54142 -0.977755 -0.026394 -0.208081 -0.20974 0.113942 0.971095 -0.00192182 0.993137 -0.116944 @ 1.94 0.67 0.67 C[red]
3.91325 0.880806 -1.2805 0.0928985 -0.000697037 0.995675 -0.994365 -0.0513601 0.0927403 0.0510733 -0.99868 -0.00546439 @ 1.94 0.67 0.67 C[red]
-4.83966 -5.19681 -6.20805 0.770202 -0.0638406 0.634597 0.188243 -0.9279 -0.321816 0.609387 0.367322 -0.702654 @ 1.94 0.67 0.67 C[red]
-3.11733 -3.05404 4.23884 -0.619244 -0.0247132 -0.78481 -0.748246 -0.284442 0.59935 -0.238045 0.958375 0.157648 @ 1.94 0.67 0.67 C[red]
3.8082 -3.83343 3.97489 -0.887069 -0.00161264 -0.461635 0.11798 -0.967577 -0.223328 -0.446307 -0.252571 0.858498 @ 1.94 0.67 0.67 C[red]
4.48916 -5.13657 6.81921 -0.997514 -0.00128848 0.0704626 0.0570106 0.573018 0.817557 -0.0414298 0.819542 -0.57152 @ 1.94 0.67 0.67 C[red]
-2.25801 -2.26337 1.72953 -0.278749 -0.0248701 0.960042 0.788573 -0.576493 0.214029 0.548134 0.816724 0.180309 @ 1.94 0.67 0.67 C[red]
1.55297 -3.40928 -6.37545 0.943712 -0.0103281 0.330608 0.318242 -0.244115 -0.91604 0.0901674 0.969691 -0.227087 @ 1.94 0.67 0.67 C[red]
7.55982 -6.56011 -5.891 0.977435 -0.0301052 -0.209081 -0.179362 -0.641119 -0.746187 -0.111582 0.76685 -0.632052 @ 1.94 0.67 0.67 C[red]
1.81435 -2.44439 -5.20045 -0.747283 -0.0144142 -0.66435 0.460266 -0.732337 -0.501833 -0.479295 -0.680789 0.553897 @ 1.94 0.67 0.67 C[red]
6.19605 -2.01573 -4.91727 0.0468377 0.0359896 0.998254 0.961008 0.271025 -0.0548612 -0.272526 0.961899 -0.0218921 @ 1.94 0.67 0.67 C[red]
6.85938 -4.88726 -3.29126 -0.958212 -0.0112676 -0.285839 -0.269601 -0.298481 0.915546 -0.0956333 0.954349 0.28297 @ 1.94 0.67 0.67 C[red]
-7.32083 0.1261 -2.2718 -0.345572 -0.0361904 -0.937694 -0.681946 -0.67674 0.277439 -0.644615 0.735332 0.209183 @ 1.94 0.67 0.67 C[red]
6.6367 -0.34417 -3.11475 0.198716 0.0105614 0.98 0.970861 0.134543 -0.198313 -0.133947 0.990851 0.0164823 @ 1.94 0.67 0.67 C[red]
6.04822 0.672194 -2.65502 -0.763544 0.0246547 -0.645285 -0.466513 -0.712001 0.524805 -0.446505 0.701746 0.555145 @ 1.94 0.67 0.67 C[red]
-3.46438 -6.22452 0.322549 -0.70617 -0.00747699 -0.708003 0.351559 0.864273 -0.359776 0.614598 -0.502967 -0.607695 @ 1.94 0.67 0.67 C[red]
-5.72801 -0.202415 3.30204 0.181826 -0.0248668 -0.983016 -0.866033 0.469447 -0.172063 0.465753 0.88261 0.0638222 @ 1.94 0.67 0.67 C[red]
-2.90397 2.94465 5.17528 0.309359 -0.0298231 -0.950477 -0.935242 -0.190435 -0.298425 -0.172105 0.981247 -0.0868048 @ 1.94 0.67 0.67 C[red]
6.76267 1.88678 -2.7893 -0.0827126 0.00178977 -0.996572 0.243107 0.969824 -0.0184355 0.966467 -0.243798 -0.0806518 @ 1.94 0.67 0.67 C[red]
5.73976 -3.03827 0.966715 -0.995834 -0.0199826 -0.088973 -0.0522384 0.924743 0.376991 0.0747439 0.380068 -0.921934 @ 1.94 0.67 0.67 C[red]
6.40436 -3.86282 4.10669 -0.994773 -0.0465854 -0.0908599 -0.0196584 0.960588 -0.27728 0.100196 -0.274045 -0.956483 @ 1.94 0.67 0.67 C[red]
6.89021 -1.58412 5.66106 0.470439 0.0283611 0.881977 0.797978 -0.440364 -0.411474 0.376721 0.897371 -0.229796 @ 1.94 0.67 0.67 C[red]
-7.50078 1.40296 5.59184 -0.17679 0.0422357 0.983342 0.660181 -0.735915 0.150299 0.730004 0.675755 0.10222 @ 1.94 0.67 0.67 C[red]
-5.5414 -2.97449 -7.77427 0.972734 0.00729224 0.231808 -0.0450305 0.986423 0.15793 -0.227509 -0.164062 0.959856 @ 1.94 0.67 0.67 C[red]
4.89804 2.38742 6.07843 -0.778076 0.0259168 -0.627636 -0.546746 -0.519906 0.656329 -0.309301 0.85383 0.418696 @ 1.94 0.67 0.67 C[red]
5.60453 0.206388 5.66251 -0.477069 -0.047033 0.877607 0.329154 -0.935451 0.128796 0.814901 0.350312 0.461756 @ 1.94 0.67 0.67 C[red]
5.78092 1.34319 6.79392 0.377615 -0.00603051 0.925943 0.288391 0.951009 -0.111417 -0.879908 0.309106 0.360854 @ 1.94 0.67 0.67 C[red]
5.34338 -1.49544 -7.57664 0.0808829 -0.0142163 0.996622 -0.873506 -0.482586 0.0640074 0.480046 -0.875733 -0.051451 @ 1.94 0.67 0.67 C[red]
-6.5437 1.40368 -1.97896 -0.369364 -0.0213604 -0.929039 0.813733 -0.490244 -0.312249 -0.448786 -0.871323 0.19846 @ 1.94 0.67 0.67 C[red]
5.31332 6.60532 7.81548 -0.782616 0.00540171 -0.622481 0.172065 0.962881 -0.207974 0.598252 -0.269871 -0.754496 @ 1.94 0.67 0.67 C[red]
-3.44961 4.62552 3.11668 -0.771082 -0.023346 -0.636308 0.628565 -0.187492 -0.75482 -0.101681 -0.981989 0.159246 @ 1.94 0.67 0.67 C[red]
-2.35703 -1.48904 -0.102017 -0.276719 0.0193112 0.960757 0.0911656 -0.994761 0.0462525 0.956617 0.100387 0.273509 @ 1.94 0.67 0.67 C[red]
-5.60776 -3.81504 -4.79907 0.991301 -0.00485693 0.131525 -0.110319 -0.575656 0.810216 0.0717779 -0.817678 -0.571184 @ 1.94 0.67 0.67 C[red]
7.42723 -0.08497 1.88999 0.256653 -0.00601037 0.966485 0.70984 -0.677487 -0.192713 0.65594 0.73551 -0.169613 @ 1.94 0.67 0.67 C[red]
-3.71783 -0.798778 4.13864 -0.476854 -0.0083568 -0.878943 -0.799923 0.418594 0.430003 0.364327 0.908135 -0.206293 @ 1.94 0.67 0.67 C[red]
5.40784 2.01676 -7.55484 0.517111 0.0122209 0.855831 -0.205574 -0.968856 0.138047 0.830864 -0.247322 -0.498494 @ 1.94 0.67 0.67 C[red]
-1.95677 -3.53368 6.16927 0.902245 0.0242042 0.430544 0.429612 -0.136694 -0.892607 0.0372479 0.990318 -0.13373 @ 1.94 0.67 0.67 C[red]
-5.43798 -1.13805 2.17484 0.456511 0.0251142 0.889363 0.317548 0.929168 -0.189236 -0.83112 0.368804 0.416201 @ 1.94 0.67 0.67 C[red]
7.25401 -5.55193 5.62846 -0.867589 0.00764427 -0.497222 -0.458797 -0.39799 0.794424 -0.191817 0.917358 0.348799 @ 1.94 0.67 0.67 C[red]
-6.87339 0.458646 -3.71801 -0.618799 -0.0189818 -0.78532 -0.77896 -0.114387 0.616552 -0.101534 0.993255 0.0559967 @ 1.94 0.67 0.67 C[red]
-6.89229 3.23563 -4.8888 0.0265683 0.00825723 -0.999613 -0.152789 0.98825 0.00410245 0.987902 0.152621 0.0275177 @ 1.94 0.67 0.67 C[red]
-1.69765 -2.3551 -1.65874 0.0894133 -0.0116766 0.995926 -0.995834 0.0168844 0.089603 -0.0178619 -0.999789 -0.0101183 @ 1.94 0.67 0.67 C[red]
-5.80626 -1.22115 -1.3899 -0.231992 -0.0208645 0.972494 0.502672 -0.858499 0.101495 0.832767 0.512391 0.209653 @ 1.94 0.67 0.67 C[red]
-6.9777 2.38638 4.94803 0.168213 0.00331317 0.985745 0.313427 -0.948279 -0.0502976 0.934595 0.31742 -0.160551 @ 1.94 0.67 0.67 C[red]
6.30598 -1.42716 -2.73871 -0.587963 -0.00548447 0.808869 0.117119 0.988862 0.0918385 -0.800364 0.148732 -0.580772 @ 1.94 0.67 0.67 C[red]
-7.22183 2.25678 -1.57444 -0.211699 0.0159999 -0.977204 0.225978 0.973573 -0.0330149 0.950851 -0.227816 -0.20972 @ 1.94 0.67 0.67 C[red]
0.708119 6.48623 -2.2211 -0.676733 -0.0340128 -0.735442 0.261721 0.922569 -0.283495 0.688138 -0.384331 -0.615431 @ 1.94 0.67 0.67 C[red]
-6.4048 3.32289 -6.98567 0.271937 0.0505948 0.960984 -0.961316 -0.031209 0.273674 0.0438378 -0.998232 0.0401507 @ 1.94 0.67 0.67 C[red]
7.41399 -2.17386 2.23523 -0.786694 -0.0216253 -0.616965 -0.488096 -0.590119 0.643057 -0.377989 0.807026 0.453688 @ 1.94 0.67 0.67 C[red]
3.70169 0.126894 1.32024 -0.617307 0.0210637 -0.78644 0.728147 0.393799 -0.561003 0.297882 -0.918955 -0.258432 @ 1.94 0.67 0.67 C[red]
2.86397 -0.612412 1.69155 -0.523289 0.0259136 -0.851761 -0.0388865 -0.999222 -0.00650962 -0.851268 0.0297156 0.52389 @ 1.94 0.67 0.67 C[red]
-3.61756 1.54433 -7.45381 -0.853031 -0.030193 0.520986 -0.501985 -0.225422 -0.834983 0.142653 -0.973793 0.177136 @ 1.94 0.67 0.67 C[red]
6.63434 -2.1944 -7.12067 0.522689 0.0143746 0.852403 -0.458246 -0.838396 0.295132 0.718893 -0.544872 -0.431633 @ 1.94 0.67 0.67 C[red]
6.25858 0.840843 -6.75881 -0.478831 -0.00016628 -0.877907 -0.845326 -0.269813 0.461112 -0.236948 0.962913 0.129054 @ 1.94 0.67 0.67 C[red]
6.13089 -0.80594 6.23897 0.308246 0.0183889 0.951129 0.951091 0.0153373 -0.30853 -0.0202613 0.999713 -0.0127618 @ 1.94 0.67 0.67 C[red]
5.50844 1.80706 3.04402 0.549402 -0.0123233 0.835467 -0.7823 0.343681 0.519509 -0.293536 -0.939006 0.179178 @ 1.94 0.67 0.67 C[red]
-6.64559 4.0646 7.36066 -0.643836 0.0676661 -0.762166 0.688681 -0.382845 -0.61575 -0.333457 -0.921331 0.199889 @ 1.94 0.67 0.67 C[red]
3.49601 2.36691 -4.6517 -0.511136 -0.0179297 0.859313 -0.813349 -0.313114 -0.490329 0.277855 -0.949546 0.145461 @ 1.94 0.67 0.67 C[red]
-2.84268 2.60057 2.5343 0.243578 0.020074 -0.969674 -0.830555 0.520608 -0.197854 0.500848 0.85356 0.143481 @ 1.94 0.67 0.67 C[red]
-4.98272 3.12661 7.78509 0.326607 -0.0131498 -0.945069 -0.350191 0.927055 -0.133922 0.877892 0.374695 0.298177 @ 1.94 0.67 0.67 C[red]
0.0691762 5.3708 -1.76441 -0.0398805 -0.031855 -0.998697 -0.402641 0.915264 -0.0131153 0.914489 0.401593 -0.0493273 @ 1.94 0.67 0.67 C[red]
4.57902 2.13166 -6.4721 -0.573365 0.0163063 -0.819138 -0.666448 0.572258 0.477879 0.476551 0.819911 -0.317245 @ 1.94 0.67 0.67 C[red]
4.51548 1.0941 1.04965 0.0705535 -0.0298378 -0.997062 -0.597602 0.799055 -0.0661994 0.798683 0.600517 0.038545 @ 1.94 0.67 0.67 C[red]
-1.85206 1.95669 3.88278 -0.436398 0.00160987 0.899752 -0.754841 0.543566 -0.367086 -0.489666 -0.839365 -0.235996 @ 1.94 0.67 0.67 C[red]
5.54009 2.82636 1.96295 0.279517 -0.00249783 0.960138 0.637625 -0.747163 -0.18757 0.717848 0.664636 -0.207252 @ 1.94 0.67 0.67 C[red]
-2.80086 3.70076 1.9251 0.0536333 -0.00645522 -0.99854 -0.478764 -0.877715 -0.0200411 -0.876304 0.47914 -0.0501653 @ 1.94 0.67 0.67 C[red]
4.37772 -0.419598 -7.63108 0.0986834 -0.00661132 -0.995097 -0.478688 0.876366 -0.0532938 0.872422 0.4816 0.0833181 @ 1.94 0.67 0.67 C[red]
7.43634 1.14145 -5.23669 0.0786715 -0.0287055 0.996487 -0.252583 -0.967543 -0.00793057 0.964372 -0.251072 -0.0833685 @ 1.94 0.67 0.67 C[red]
-3.47204 4.98346 -0.983534 -0.249873 -0.0174345 -0.968122 -0.469845 0.876424 0.105484 0.846646 0.481225 -0.227186 @ 1.94 0.67 0.67 C[red]
7.00215 2.86141 7.72534 0.879641 -0.00280187 0.47563 -0.47114 0.132067 0.872115 -0.0652585 -0.991237 0.114851 @ 1.94 0.67 0.67 C[red]
-3.41532 6.66271 -2.86512 0.922452 -0.00145378 0.38611 -0.217818 0.823721 0.523488 -0.318808 -0.566994 0.759526 @ 1.94 0.67 0.67 C[red]
-5.41645 2.43398 -0.983044 0.444064 0.0308212 0.895465 0.340042 0.918841 -0.200254 -0.828962 0.393421 0.397544 @ 1.94 0.67 0.67 C[red]
7.05158 1.74403 -7.27118 -0.140918 -0.00806325 0.989988 0.956831 -0.257859 0.134099 0.254196 0.966149 0.0440522 @ 1.94 0.67 0.67 C[red]
-5.81365 5.19035 -7.61019 -0.953111 0.0136401 -0.302315 -0.292382 -0.299181 0.908297 -0.0780576 0.954099 0.289141 @ 1.94 0.67 0.67 C[red]
4.73543 2.08145 4.13806 0.344648 -0.012044 0.938655 -0.0858453 0.995324 0.0442911 -0.934799 -0.0958439 0.342002 @ 1.94 0.67 0.67 C[red]
5.81425 2.99114 0.253811 -0.80415 -0.0273557 -0.593796 0.140397 -0.979418 -0.145011 -0.577608 -0.199978 0.79144 @ 1.94 0.67 0.67 C[red]
-3.34413 1.84978 4.5752 0.0163246 0.0243513 0.99957 0.268487 0.962881 -0.0278423 -0.963145 0.268827 0.00918057 @ 1.94 0.67 0.67 C[red]
-6.90517 0.593253 3.53675 -0.364729 -0.0195525 0.930908 -0.781442 0.550045 -0.294616 -0.506281 -0.834906 -0.215897 @ 1.94 0.67 0.67 C[red]
7.36521 3.25754 4.15838 -0.263781 -0.0015011 0.964581 -0.146567 -0.988325 -0.0416192 0.953382 -0.152354 0.260482 @ 1.94 0.67 0.67 C[red]
-4.97805 5.41048 -3.27994 0.623953 0.0115575 0.781377 0.311707 0.913223 -0.262415 -0.716604 0.407296 0.566206 @ 1.94 0.67 0.67 C[red]
-6.79668 3.8422 0.434908 0.0720991 7.45222e-05 -0.997397 -0.426476 0.903976 -0.0307612 0.901621 0.427584 0.0652076 @ 1.94 0.67 0.67 C[red]
-7.50443 1.16863 -1.04615 -0.101904 -0.0187748 -0.994617 0.409731 -0.91187 -0.0247662 -0.906497 -0.410049 0.100615 @ 1.94 0.67 0.67 C[red]
-2.90174 -1.85523 4.23937 -0.167016 -0.0114522 0.985888 -0.932605 -0.32263 -0.161737 0.319929 -0.946456 0.0432039 @ 1.94 0.67 0.67 C[red]
-2.40634 -1.48924 6.47813 -0.405133 0.012874 -0.914167 0.37413 -0.910012 -0.178619 -0.834203 -0.414382 0.363859 @ 1.94 0.67 0.67 C[red]
7.09612 0.450214 -7.43819 0.607326 -0.0104379 0.794384 0.772118 -0.227674 -0.593294 0.187053 0.973682 -0.130213 @ 1.94 0.67 0.67 C[red]
7.28691 6.20325 1.65109 -0.320115 0.00156007 -0.947377 -0.833748 -0.47533 0.280938 -0.449878 0.879806 0.153461 @ 1.94 0.67 0.67 C[red]
-1.0259 3.83767 4.75245 -0.170958 0.000566241 -0.985278 0.984602 -0.0369416 -0.170862 -0.0364945 -0.999317 0.00575796 @ 1.94 0.67 0.67 C[red]
7.56581 5.57937 4.45926 -0.344182 -0.000256402 -0.938903 -0.804828 -0.514903 0.295174 -0.483519 0.857249 0.177014 @ 1.94 0.67 0.67 C[red]
3.45072 1.33627 -5.90877 0.123781 0.0194421 -0.992119 -0.0867417 0.996193 0.00869967 0.988511 0.0849812 0.124997 @ 1.94 0.67 0.67 C[red]
6.54024 5.92586 -5.93644 0.503516 0.0509927 0.86248 0.395954 0.873635 -0.28281 -0.767914 0.483902 0.419699 @ 1.94 0.67 0.67 C[red]
7.00137 4.31837 4.75477 0.486897 -0.0208554 0.873211 -0.413201 0.875278 0.251303 -0.769543 -0.48317 0.417553 @ 1.94 0.67 0.67 C[red]
-3.91874 1.14221 2.83226 -0.107236 -0.0165642 0.994096 -0.059022 -0.997992 -0.022996 0.99248 -0.0611395 0.106043 @ 1.94 0.67 0.67 C[red]
6.13334 7.35074 3.97146 0.6975 0.0346429 0.715747 0.46706 0.735538 -0.490754 -0.54346 0.676598 0.496857 @ 1.94 0.67 0.67 C[red]
-6.8717 7.51544 -4.26075 -0.164266 -0.0317338 0.985906 0.895061 -0.424874 0.135454 0.414587 0.904696 0.0981958 @ 1.94 0.67 0.67 C[red]
-3.31398 4.73611 -7.7308 0.0933012 0.00468276 0.995627 0.224628 0.974108 -0.0256316 -0.969968 0.226037 0.0898335 @ 1.94 0.67 0.67 C[red]
-6.38334 3.25515 2.97131 -0.100771 0.0181764 -0.994744 0.981078 -0.164323 -0.102389 -0.16532 -0.986239 -0.00127355 @ 1.94 0.67 0.67 C[red]
-3.08845 2.53014 -5.71222 -0.234303 -0.00804985 -0.97213 -0.691646 0.704093 0.160871 0.683175 0.710063 -0.170539 @ 1.94 0.67 0.67 C[red]
-3.01145 3.99914 -5.35015 -0.0424675 -0.0243163 0.998802 -0.967395 0.250838 -0.0350254 -0.249685 -0.967724 -0.0341759 @ 1.94 0.67 0.67 C[red]
-4.9368 -7.12609 -1.14269 -0.591404 -0.0119692 -0.806286 0.277503 0.935795 -0.217438 0.757122 -0.35234 -0.550112 @ 1.94 0.67 0.67 C[red]
-4.17067 4.19435 0.156029 -0.786631 0.00649358 -0.61739 -0.617424 -0.00794265 0.786591 0.000204078 0.999947 0.0102572 @ 1.94 0.67 0.67 C[red]
-6.54497 -0.346082 1.43735 0.104909 -0.00563541 0.994466 -0.984541 0.140445 0.104658 -0.140257 -0.990072 0.00918567 @ 1.94 0.67 0.67 C[red]
-2.88011 3.08767 -3.37391 0.51226 -0.000157386 0.858831 -0.800063 0.363469 0.477273 -0.312233 -0.931606 0.186065 @ 1.94 0.67 0.67 C[red]
1.67019 2.60548 1.95638 -0.709557 0.00441178 -0.704634 0.614765 0.492584 -0.615975 0.344374 -0.870254 -0.352229 @ 1.94 0.67 0.67 C[red]
-3.56445 5.99939 -4.94563 0.822507 -0.0122081 0.568624 -0.204227 -0.939432 0.275243 0.530824 -0.342518 -0.775182 @ 1.94 0.67 0.67 C[red]
-6.80281 5.75912 -5.5833 0.525278 0.0197305 0.850702 0.738751 -0.506711 -0.4444 0.422292 0.86189 -0.28074 @ 1.94 0.67 0.67 C[red]
-6.45055 2.74576 0.353552 0.121763 -0.0372995 -0.991858 0.296027 0.95518 0.000420743 0.947387 -0.293668 0.127347 @ 1.94 0.67 0.67 C[red]
-3.27116 5.52371 -3.26976 -0.903934 0.0192897 -0.427237 -0.0717666 0.977975 0.195997 0.421608 0.20783 -0.88264 @ 1.94 0.67 0.67 C[red]
-6.41586 4.34588 -5.78615 -0.00531276 -0.0244242 0.999688 0.880769 0.473268 0.0162436 -0.473517 0.88058 0.0189977 @ 1.94 0.67 0.67 C[red]
-6.44898 4.3917 -1.56315 -0.652566 -0.0359825 -0.756877 0.564952 0.642557 -0.517639 0.504962 -0.765393 -0.398982 @ 1.94 0.67 0.67 C[red]
0.622319 3.22913 -2.44392 0.38002 0.00764455 0.924947 0.833173 -0.437156 -0.338701 0.401756 0.899353 -0.172497 @ 1.94 0.67 0.67 C[red]
-2.36681 0.693402 4.69845 -0.665233 -0.0327958 0.745916 0.116535 0.98223 0.147116 -0.737486 0.184791 -0.64959 @ 1.94 0.67 0.67 C[red]
-2.2253 3.92207 3.74188 0.247663 -0.0138152 -0.968748 -0.75448 -0.630032 -0.1839 -0.607802 0.776446 -0.166459 @ 1.94 0.67 0.67 C[red]
-0.608666 3.16953 2.90663 -0.0210821 0.027034 0.999412 0.999214 0.0341487 0.0201542 -0.0335838 0.999051 -0.0277326 @ 1.94 0.67 0.67 C[red]
-5.57312 2.15027 -6.25032 -0.00955634 -0.00241764 -0.999951 -0.5773 -0.816498 0.00749123 -0.816476 0.577344 0.00640703 @ 1.94 0.67 0.67 C[red]
3.65626 7.76481 2.88507 0.873907 0.00833049 0.486022 0.0593791 -0.994195 -0.0897278 0.482453 0.107273 -0.869328 @ 1.94 0.67 0.67 C[red]
7.00244 -5.79413 -6.61048 -0.924153 -0.0164547 -0.381668 0.374302 0.160837 -0.913252 0.0764136 -0.986844 -0.142479 @ 1.94 0.67 0.67 C[red]
-1.99694 3.28371 -5.16224 0.0896085 -0.01028 -0.995924 -0.27925 -0.960098 -0.0152154 -0.956028 0.279475 -0.0889036 @ 1.94 0.67 0.67 C[red]
5.97512 1.10829 1.69413 -0.138119 0.00307974 -0.990411 0.0982471 -0.99502 -0.0167953 -0.985531 -0.0996247 0.137129 @ 1.94 0.67 0.67 C[red]
6.4727 -7.1772 -3.80774 -0.0515887 0.0217251 0.998432 0.936353 0.348681 0.040794 -0.347248 0.93699 -0.0383304 @ 1.94 0.67 0.67 C[red]
4.40664 6.52384 2.71865 -0.642475 -0.061603 -0.763826 0.129806 -0.991108 -0.0292501 -0.755232 -0.117942 0.644759 @ 1.94 0.67 0.67 C[red]
-7.23336 -4.13059 -0.975252 0.978533 0.0259929 0.204444 0.191305 0.254396 -0.94799 -0.0766509 0.966751 0.243963 @ 1.94 0.67 0.67 C[red]
-2.82437 7.28123 0.196868 0.796238 -0.0480165 0.603075 0.196119 0.9635 -0.182222 -0.572313 0.263366 0.776593 @ 1.94 0.67 0.67 C[red]
-5.23523 4.13452 -3.7988 -0.108982 -0.0339901 -0.993462 0.836757 0.536383 -0.110143 0.53662 -0.84329 -0.0300147 @ 1.94 0.67 0.67 C[red]
2.72027 6.15274 -0.831355 0.729115 -0.0226759 0.684015 0.571038 0.571053 -0.589758 -0.377236 0.8206 0.429312 @ 1.94 0.67 0.67 C[red]
7.49696 4.06511 1.84272 0.403221 -0.0232866 0.914807 0.909969 0.115946 -0.398137 -0.0967968 0.992983 0.0679418 @ 1.94 0.67 0.67 C[red]
3.81604 2.82843 6.99412 0.824777 0.00583139 0.565428 0.497361 -0.483219 -0.720507 0.269024 0.87548 -0.401449 @ 1.94 0.67 0.67 C[red]
2.15087 5.6046 0.992613 0.937726 0.0122896 0.347157 -0.220306 -0.751644 0.621689 0.268579 -0.659454 -0.702129 @ 1.94 0.67 0.67 C[red]
-4.31169 6.72517 -1.55917 -0.351603 0.0185197 -0.935966 0.769137 -0.564242 -0.300097 -0.533669 -0.825402 0.184145 @ 1.94 0.67 0.67 C[red]
-6.12 -6.9655 -7.30563 -0.474411 -0.0219545 -0.88003 0.791672 -0.447801 -0.415607 -0.384954 -0.893864 0.229822 @ 1.94 0.67 0.67 C[red]
5.03559 7.64715 -7.52154 -0.813782 0.0531753 -0.578732 -0.580613 -0.11796 0.805589 -0.0254299 0.991594 0.126868 @ 1.94 0.67 0.67 C[red]
4.19873 7.48087 -6.70636 0.814787 -0.0211044 0.579377 0.317877 -0.819471 -0.476886 0.484847 0.572731 -0.660986 @ 1.94 0.67 0.67 C[red]
-4.13648 3.69514 -5.68023 0.101685 0.00597301 -0.994799 0.99161 -0.0808398 0.100874 -0.0798168 -0.996709 -0.0141431 @ 1.94 0.67 0.67 C[red]
7.32818 -5.43478 -5.45942 0.990458 0.0388721 -0.132222 -0.0516333 -0.78486 -0.617518 -0.12778 0.618453 -0.775363 @ 1.94 0.67 0.67 C[red]
-6.98169 -5.14666 -7.35022 0.587066 -0.0244317 0.809171 0.236649 0.961063 -0.142675 -0.774178 0.275249 0.569989 @ 1.94 0.67 0.67 C[red]
-4.14128 -7.78419 -1.44836 -0.580133 -0.0101222 -0.814459 0.39705 -0.87659 -0.271922 -0.711194 -0.481132 0.512558 @ 1.94 0.67 0.67 C[red]
-1.26943 2.99325 -7.85193 -0.856042 -0.0186543 0.516569 -0.516809 0.0502306 -0.854626 -0.0100051 -0.998563 -0.0526402 @ 1.94 0.67 0.67 C[red]
7.50636 6.49861 -3.65763 -0.122545 -0.0196682 -0.992268 -0.620023 0.782204 0.0610681 0.774955 0.622712 -0.10805 @ 1.94 0.67 0.67 C[red]
6.97028 -7.77246 -0.189161 0.997365 -0.0230179 0.0688036 -0.0318187 -0.991044 0.12969 0.0652022 -0.131537 -0.989165 @ 1.94 0.67 0.67 C[red]
-3.48521 -3.4537 6.69048 -0.942752 0.047407 -0.330107 0.323902 0.36585 -0.872491 0.0794076 -0.929466 -0.360261 @ 1.94 0.67 0.67 C[red]
-5.66597 7.13638 5.81372 0.754648 0.00747223 0.656088 -0.478889 -0.677271 0.558543 0.448523 -0.735696 -0.507522 @ 1.94 0.67 0.67 C[red]
2.19307 5.94494 2.9191 -0.52703 0.0103297 -0.849784 0.488226 -0.814773 -0.312698 -0.695611 -0.579688 0.424367 @ 1.94 0.67 0.67 C[red]
6.01287 5.06064 -5.5757 -0.574536 -0.00371753 -0.818471 0.780183 0.299819 -0.549021 0.247434 -0.953989 -0.169357 @ 1.94 0.67 0.67 C[red]
1.35083 6.42356 5.63259 0.978749 0.0262574 -0.203373 0.000729285 0.991316 0.131498 0.20506 -0.128852 0.970231 @ 1.94 0.67 0.67 C[red]
-3.2879 -4.53794 6.58329 0.584427 0.00676298 0.811418 0.783589 0.25506 -0.566509 -0.210791 0.966902 0.143765 @ 1.94 0.67 0.67 C[red]
2.78866 -5.87812 3.77206 -0.597688 -0.0261915 -0.801301 0.00350952 -0.999542 0.0300535 -0.801721 0.0151504 0.597506 @ 1.94 0.67 0.67 C[red]
1.00353 -7.32204 6.84159 0.846054 0.0192131 0.532751 0.289359 0.822772 -0.4892 -0.447732 0.568046 0.69055 @ 1.94 0.67 0.67 C[red]
-5.19998 6.43715 -0.80567 0.369632 0.011603 0.929106 0.828465 0.448652 -0.335196 -0.420735 0.893631 0.156223 @ 1.94 0.67 0.67 C[red]
-5.13945 6.27307 -4.93269 0.597621 -0.00530096 0.801762 -0.70927 0.462808 0.531738 -0.37388 -0.886443 0.272824 @ 1.94 0.67 0.67 C[red]
-3.93347 7.03213 -6.62306 0.17395 -0.0217874 -0.984513 0.882027 -0.441139 0.165604 -0.437915 -0.897174 -0.0575189 @ 1.94 0.67 0.67 C[red]
-5.1825 -4.1162 -5.96597 0.936032 -0.0445543 0.349084 -0.158705 -0.938798 0.30573 0.314098 -0.341574 -0.885816 @ 1.94 0.67 0.67 C[red]
-4.5411 -4.80258 2.5925 -0.488019 -0.0272329 0.872408 -0.133917 -0.985343 -0.105671 0.862498 -0.1684 0.477219 @ 1.94 0.67 0.67 C[red]
-0.584725 5.60223 7.55276 -0.619641 -0.0113199 -0.784804 0.318384 -0.917561 -0.238145 -0.71741 -0.397433 0.572163 @ 1.94 0.67 0.67 C[red]
5.99054 -5.70749 7.84016 -0.999947 0.000702936 0.0102525 -0.0100416 0.145289 -0.989338 -0.00218502 -0.989389 -0.145274 @ 1.94 0.67 0.67 C[red]
6.06182 -6.08454 6.05 -0.427618 -0.0266616 -0.903566 -0.792085 -0.470616 0.388745 -0.435597 0.881935 0.180125 @ 1.94 0.67 0.67 C[red]
-2.4014 6.20964 -0.129782 -0.884801 -0.00308149 -0.465958 0.116996 0.966476 -0.228553 0.451042 -0.256739 -0.854779 @ 1.94 0.67 0.67 C[red]
-5.56506 -5.86936 3.65646 -0.849254 -0.0200818 -0.527603 0.29496 -0.846847 -0.442548 -0.437911 -0.531457 0.725111 @ 1.94 0.67 0.67 C[red]
6.33854 6.74018 0.34359 0.0954455 -0.0273697 -0.995058 0.347507 -0.935815 0.0590729 -0.932807 -0.351428 -0.0798081 @ 1.94 0.67 0.67 C[red]
1.46545 4.15948 -1.03279 0.454503 0.000733232 0.890745 0.00769104 -0.999966 -0.00310122 0.890712 0.00826027 -0.454493 @ 1.94 0.67 0.67 C[red]
-7.11467 -7.06774 1.40915 -0.694274 -0.0389653 -0.718655 -0.688998 0.32457 0.648024 0.208004 0.945059 -0.252188 @ 1.94 0.67 0.67 C[red]
-5.68046 7.4331 -5.17775 -0.116006 0.05828 0.991537 0.933628 0.347057 0.0888313 -0.338943 0.936032 -0.0946723 @ 1.94 0.67 0.67 C[red]
-3.28014 -4.11266 -0.0923389 0.343186 -0.0139392 0.939164 0.187737 0.980731 -0.0540459 -0.920314 0.194863 0.33919 @ 1.94 0.67 0.67 C[red]
6.8882 -0.569206 4.50881 0.110012 -0.000912269 -0.99393 0.67347 -0.735378 0.0752171 -0.730983 -0.677657 -0.0802858 @ 1.94 0.67 0.67 C[red]
-3.97991 4.89472 -5.85852 -0.578272 0.00115489 -0.815843 -0.815369 0.0332862 0.577984 0.0278238 0.999445 -0.0183068 @ 1.94 0.67 0.67 C[red]
0.53701 6.96745 1.8605 -0.657619 -0.0274006 -0.752852 0.658841 -0.505537 -0.557101 -0.36533 -0.86237 0.350504 @ 1.94 0.67 0.67 C[red]
-6.05447 -6.26247 -2.41942 -0.522473 0.0381677 -0.851801 -0.701764 0.548175 0.455007 0.484303 0.835492 -0.259622 @ 1.94 0.67 0.67 C[red]
5.61151 -7.59235 -5.2696 -0.0895389 -0.015122 -0.995869 0.995896 -0.0146162 -0.0893194 -0.0132051 -0.999779 0.0163687 @ 1.94 0.67 0.67 C[red]
-2.83358 -7.01811 -0.380743 -0.841645 0.0238563 -0.539504 -0.374737 -0.745152 0.551653 -0.388852 0.666468 0.636093 @ 1.94 0.67 0.67 C[red]
-7.04684 -7.84469 6.1891 0.62045 0.00112903 0.784245 -0.779516 -0.108774 0.616865 0.086002 -0.994066 -0.0666087 @ 1.94 0.67 0.67 C[red]
4.79577 -6.22256 6.52887 0.765317 0.0177858 0.643408 -0.602918 0.36978 0.706932 -0.225346 -0.928949 0.293722 @ 1.94 0.67 0.67 C[red]
5.31554 6.99227 1.7023 -0.105775 0.0136567 0.994296 -0.699272 -0.71193 -0.0646111 0.706987 -0.702118 0.0848538 @ 1.94 0.67 0.67 C[red]
-4.28551 -1.34192 1.93728 -0.269952 -0.00799573 -0.962841 -0.80287 -0.550137 0.229669 -0.531531 0.835036 0.142091 @ 1.94 0.67 0.67 C[red]
-7.1173 -2.99554 1.16071 0.868235 -0.00298851 -0.496143 0.0268062 0.998804 0.0408937 0.495428 -0.0488051 0.867277 @ 1.94 0.67 0.67 C[red]
-6.05108 -5.84765 7.69431 0.793279 -0.0270367 0.608257 0.604095 -0.089768 -0.79184 0.0760108 0.995596 -0.0548783 @ 1.94 0.67 0.67 C[red]
7.36144 -1.05524 -5.85155 -0.266212 0.00866626 0.963876 -0.442798 0.887107 -0.130272 -0.85619 -0.461482 -0.232321 @ 1.94 0.67 0.67 C[red]
5.2571 -7.54176 2.03844 -0.287272 -0.00416205 -0.95784 0.878001 -0.400859 -0.261585 -0.38287 -0.91613 0.11881 @ 1.94 0.67 0.67 C[red]
-2.8246 7.36086 -1.22276 0.606114 0.0187658 0.795156 -0.277424 0.941926 0.189239 -0.745427 -0.335295 0.576121 @ 1.94 0.67 0.67 C[red]
2.35741 -1.41622 -5.6117 -0.512786 0.00157895 -0.858515 0.684165 -0.603338 -0.409758 -0.518622 -0.797484 0.308303 @ 1.94 0.67 0.67 C[red]
-3.68259 -4.55164 -3.81767 0.437679 -0.0128072 0.89904 0.723949 0.598011 -0.343921 -0.533231 0.801386 0.271009 @ 1.94 0.67 0.67 C[red]
-2.94024 -2.25331 -2.68186 0.592176 -0.00551601 -0.80579 0.0889147 -0.993423 0.0721439 -0.800888 -0.114368 -0.587791 @ 1.94 0.67 0.67 C[red]
-4.28415 6.30663 1.58618 -0.478108 -0.0199526 -0.878075 -0.878133 0.0304459 0.477447 0.0172075 0.999337 -0.0320774 @ 1.94 0.67 0.67 C[red]
2.03633 7.34897 -4.02087 -0.957399 -0.00851222 -0.288641 0.050619 -0.989035 -0.138732 -0.284295 -0.147433 0.947333 @ 1.94 0.67 0.67 C[red]
1.17605 1.98834 6.31218 0.766665 -0.0146486 0.64188 0.640895 0.0773223 -0.763724 -0.0384442 0.996899 0.0686685 @ 1.94 0.67 0.67 C[red]
3.94557 4.11156 4.03398 0.11775 -0.00402332 0.993035 0.074616 -0.997129 -0.0128875 0.990236 0.0756138 -0.117112 @ 1.94 0.67 0.67 C[red]
5.40807 -6.41488 1.86358 -0.848098 0.00085051 -0.529839 -0.453085 0.517237 0.726071 0.27467 0.855842 -0.438282 @ 1.94 0.67 0.67 C[red]
-4.23379 -7.03278 2.5137 -0.554304 -0.0230662 -0.831995 -0.423639 -0.852623 0.305881 -0.716434 0.522017 0.462841 @ 1.94 0.67 0.67 C[red]
-3.17254 -5.74041 -2.28145 0.0289638 0.00224971 0.999578 0.229703 0.97322 -0.00884628 -0.97283 0.229863 0.0276714 @ 1.94 0.67 0.67 C[red]
-3.83707 -1.78494 -3.61689 0.783313 -0.0213925 -0.621259 -0.600875 -0.282133 -0.747897 -0.159278 0.959137 -0.233853 @ 1.94 0.67 0.67 C[red]
-4.61261 -5.3549 -3.55756 0.477932 0.00430921 0.878386 -0.63202 -0.692781 0.347282 0.610026 -0.721135 -0.328379 @ 1.94 0.67 0.67 C[red]
-1.47879 -3.67654 7.78381 0.990547 -0.00261241 0.137152 0.12562 -0.384403 -0.914579 0.055111 0.923162 -0.380441 @ 1.94 0.67 0.67 C[red]
-5.21269 -3.67162 2.72986 0.997848 0.00627498 -0.065261 -0.0653418 0.0136668 -0.997769 -0.00536908 0.999887 0.0140474 @ 1.94 0.67 0.67 C[red]
-7.11066 0.906506 7.79633 -0.630353 -0.0173735 -0.776114 0.384613 -0.875415 -0.292783 -0.674335 -0.48306 0.558502 @ 1.94 0.67 0.67 C[red]
-0.287085 -5.47864 -4.31155 -0.902203 -0.00276519 -0.431304 0.117774 0.960398 -0.252517 0.414921 -0.278618 -0.866148 @ 1.94 0.67 0.67 C[red]
-4.05231 -0.775305 -5.42143 0.846188 0.0190089 -0.532545 -0.522344 -0.168197 -0.835983 -0.105464 0.98557 -0.132397 @ 1.94 0.67 0.67 C[red]
6.32177 0.958146 -0.346669 0.0732579 -0.0350383 0.996697 0.996249 -0.0435839 -0.0747571 0.0460593 0.998435 0.031714 @ 1.94 0.67 0.67 C[red]
-2.32242 -3.54463 -3.94802 -0.980154 -0.023115 -0.196885 -0.197037 0.00447509 0.980386 -0.0217805 0.999723 -0.00894078 @ 1.94 0.67 0.67 C[red]
-3.35933 -5.79216 7.31029 0.586461 0.00574032 0.809957 0.250071 0.94984 -0.187799 -0.770408 0.312684 0.555608 @ 1.94 0.67 0.67 C[red]
-3.74207 -4.60723 -1.96108 -0.930641 0.0107958 -0.365773 -0.223939 -0.80734 0.545942 -0.28941 0.589987 0.753762 @ 1.94 0.67 0.67 C[red]
