1125 17.292696884352682929 17.968806560800352656 18.477561601407678893
1.2515163518403196186 8.6546993310129831656 4.789354042263444633 0.89649797429697319906 0.0031489539645861487106 0.4430366420176166109 -0.28925322511249063062 -0.75328970843382658806 0.59066673084719056863 0.33559492523474065973 -0.65768130523596757264 -0.67441185257978952805
4.4466596677083511935 -0.23462690724943266463 4.0114055413168197006 0.34446202161636441108 0.0032493880633348150126 -0.93879462990644668707 -0.92346084463642919005 -0.17885884660573367344 -0.33945482971070217726 -0.16901474517651970952 0.98386937876325175623 -0.058609397240197390333
8.4974821911567666177 -7.9014840322504200643 -7.4247425705537448692 -0.40503046853308799502 0.0052752299393751325707 0.91428796968403747147 0.67658430214399112312 0.67432504282211125357 0.29583681095379094073 -0.6149666671068276802 0.73841581007736856179 -0.27669132580514482767
-4.8910849241282914335 1.0261260663032756302 8.8327218286153748039 -0.99978851247142386249 -0.0070939565116313069854 -0.019303007836141156811 0.0037262672527063642018 -0.98557405782653917381 0.16920369816280195208 -0.02022486743769518619 0.16909598552503729563 0.98539205518239236792
-3.1738458162637885884 -5.45993574701611184 1.4367296132788474061 0.16146671586650093722 -0.013524593435461799984 -0.98678548076051753046 -0.96047910461353402933 0.22757371999241576832 -0.16028128889585238626 0.22673418195880351567 0.97366692833905577054 0.023755491791393235773
-0.25563452550651083461 8.6082229830358905076 7.2611584471866894575 0.76756899077497398043 -0.014266336049545091241 -0.64080754993702004896 -0.44671290151982423478 -0.72886169188421978671 -0.51885279002772233259 -0.45965794675654914059 0.68451231235036613665 -0.56582458962477233388
5.2917952376669044057 3.1241717747216677381 5.658277584685476036 0.59875484504238274397 -0.0071380785500976817737 -0.80090054524438103467 0.16602710264995751421 0.97934636066202196414 0.11539370452255998112 0.78353534491056675559 -0.2020637367079620994 0.58757349292142857511
-3.1566020472181310907 -1.1858136256536424558 -4.5773919592805620837 0.28552616540201203321 0.0041146456488447349931 0.95836208113747434201 -0.052749168943407795385 0.99854239522911736326 0.011428477848286109145 -0.95691814385908546825 -0.053815932783212477863 0.28532702523942571338
4.8525550408654156698 1.9963495289107047181 3.4539533658725560805 -0.85422514095197388251 0.0044459923560205508869 0.51988425800118365228 -0.51603617362367815158 0.11448596385160732247 -0.84888140019252511514 -0.063293570585034639175 -0.99341491695719474908 -0.095502495724868630145
6.6838413412967216942 -3.3265590870016183977 2.0218273698144479944 0.51016780949874873663 -0.00022317499424757318918 -0.86007485508195202772 -0.25922797959134613599 -0.9535371417408118333 -0.15351799216381917246 -0.82007905762093769031 0.30127540476092434796 -0.48652180808049727556
-7.4930042366960938338 3.2436195009872745842 -5.6169400094864769812 0.99310229328275267946 -0.0029036681100695410293 0.1172152028888892028 -0.11537021446294065674 -0.20254493782070559504 0.97245321829788988754 0.020917664582344865781 -0.97926866429744696685 -0.20148283905516367609
-8.4523260857906468146 6.7509853210174313176 1.590713963618318072 0.18544762282378432494 -0.0006204034087067254212 -0.98265395449676673501 0.83923343107274506192 0.52029473475706844443 0.15805264045288294761 0.51117162221599576899 -0.85398653624271692042 0.097008085009844799429
0.48752057538761678357 1.2232647298003327396 5.8171305361197838124 0.22028128881684555518 0.0038082813660127237676 0.97542895732613399407 -0.52324501209594609374 -0.84348248217202870247 0.12145764523487599662 0.8232197829949580159 -0.5371431832037301124 -0.18381074403780117699
3.6702727205077554373 4.7009447700055231323 -7.0746741272318391935 0.5264843536498278187 0.0022130408258051797663 -0.85018193806517428079 0.74763824790529942454 -0.47731820834116162056 0.46174059628203389938 -0.40478546865091102891 -0.87872773396335535079 -0.25295512236918632487
-0.97732532035367580825 5.4785478306066801579 8.7130676383953478137 -0.67729173428192779305 -0.0019989211315049552203 0.73571183964072250916 -0.26946120026231995537 0.93118396493730126728 -0.24553428476921737578 -0.68459226421761076864 -0.36454413691361547967 -0.63122183423503641642
-0.74744480036615212892 5.5846485883308849552 -3.4013352190594456914 0.57989333983832824782 0.0053886023435104051654 0.81467458373014556283 0.71110332083580873874 0.48463212528591598227 -0.50937586342220142477 -0.3975622989008562036 0.87470147256398900204 0.27720308870369814169
-8.1858294694063307162 4.3864506597006203137 -6.2480717059002204294 -0.091483112795939722228 -0.0021667485912228480471 0.99580427056404974273 -0.46300214979218906608 0.88542641563553570183 -0.040608764845464009885 -0.88162341697606860791 -0.46477453425821996236 -0.082004773909962982992
5.6854197671975130746 -8.9390101440990790138 -6.243592147696102046 -0.9046260235063530164 0.0071921848408850411888 -0.42614555033742007595 0.18014063073539363091 0.91261105851052826132 -0.36700191967159684348 0.38626559612983779601 -0.408765615434419749 -0.82686731758178944052
1.4017528653087232282 2.3272000243848158796 5.8719922409868283708 -0.80620685478794451573 -0.00027717271934412702518 -0.59163369619049155368 -0.57092220019586481516 0.26264156292020213179 0.7778606885232838275 0.15517199688151292469 0.9648934306968434127 -0.21190167243721955148
1.0849594369966084617 -6.9114299152332705489 1.9642579625474660965 0.76766481865151581232 -0.0040362804729180204455 -0.64083885232139625732 0.18283466011540536189 -0.95703997079529168346 0.22504662041651568583 -0.61421674778961365959 -0.28992792680305767838 -0.73394794365448445816
-6.4629826878839153892 -4.2031756367998314161 -0.14236472610226627578 0.29104095496327603287 0.011326351929445524144 -0.95664354714066002217 0.83538616136836552073 -0.4903618632591495996 0.24834493039945496062 -0.46628867016921582422 -0.87144532634752136513 -0.1521772626212224977
6.4373312214598934489 2.437376091236805653 -2.0791044531571980514 0.33210545847607636505 -0.00010291951214809642867 -0.94324225618763712919 0.44577632320766258367 0.88129415372574892995 0.156856891070890625 0.83125774229048898789 -0.47256809458173348881 0.29272847805714063973
-3.2846630600662543031 -4.3555589551848612473 2.049834173215846711 0.45451542796763405585 -0.002640023606676245721 0.89073495273006886297 -0.80161440340563738793 0.43479286273831024845 0.41032854490579429019 -0.38836847708346772245 -0.90052662192043575473 0.19550378313641786354
-7.2115827048321241577 -8.9155364844405937674 -3.0695392388263131878 -0.84511448180818604659 -0.0098332023165917849944 -0.53449492118304231525 0.52261424415695512113 -0.2256016543697378085 -0.82217896187516037454 -0.11249828639853724777 -0.9741700065583355217 0.19579819682402890835
-2.9768590554896321443 3.2819591728137349484 0.32239992294051789123 0.37827254113476782571 0.010221563182778444639 -0.92563783645096286978 0.59514888303212853948 -0.76857068206580869685 0.23472731774222638235 -0.70901882319809017563 -0.63968322341227301653 -0.29681253685774905415
8.0996470042805324141 -6.7760190699932731917 7.4513375450326515548 -0.48184667081858045812 -0.0024244812269515097006 -0.87625219412667820773 0.7621844667530995876 -0.4945272297256089189 -0.41775310615312605256 -0.43231773553906627239 -0.86915875474571224757 0.2401342012033597928
3.0831441224275595303 -2.5123660279363360104 3.8272818740573408824 0.35684152370741117899 0.00038221864838678689356 -0.93416485743520338847 0.40069530195066122014 -0.90339828000643729311 0.15269192079506271886 -0.84386456374985419071 -0.42880228729584601854 -0.32252317196884927597
3.5616333497681211817 7.806880989982217578 -4.8228047050565159282 0.92809457636107761669 0.0013946066266928456787 0.37234192941674892907 0.34674762906442907484 0.36112897141850752725 -0.86565116977926837016 -0.13567070084403756725 0.93251483691924119679 0.3346782631991482293
-3.6162306215866300008 -2.226018769872619707 -0.28684681752287444212 -0.33554546428943871073 0.011512657718971275669 0.94195366133716817991 -0.93939667784355285196 0.07053944430101780072 -0.33549674879794089133 -0.070307347062730063403 -0.99744255248598745478 -0.01285423817432483802
1.9558404470680854637 -0.97103347782585713865 -7.9488388165964458665 -0.96039778088796567967 -0.00057894908967535008842 -0.2786319566805958714 -0.059340404818780910501 0.97748159665106737481 0.20250541860518028736 0.27224036956637504003 0.21101988775114136065 -0.93880551135570977639
-2.8567510849222155223 -2.2439294845761565966 7.734673611651640357 0.59779360506289225263 0.00072555174977513396672 -0.80164972358279129594 0.29105256967913190058 -0.93195914293059900491 0.21619564655957806965 -0.74694792819113420279 -0.36256258698718979439 -0.55733038952507818475
-8.1516871876808529862 8.8858723594723034722 0.85901293710908210866 0.92825901465880056307 0.0061147151159091899658 0.37188413782185170131 -0.051432271103508384047 -0.9881485587818726879 0.14462761584934549774 0.36836113149136734402 -0.15337873397645107598 -0.91694331382595406499
-5.058942207244283118 6.9315198483563795762 2.6437714348121708063 -0.32616413782950559597 0.00151369286398675678 -0.94531194001101415125 0.27950602640163191293 0.95544160769909503017 -0.094908985254999508885 0.90304669668769488311 -0.29517629141051976438 -0.31205387449954130608
7.1110496288385043329 -2.23923288659222397 8.2502799212487882841 -0.36623139548220151607 0.0067959398040157506515 -0.93049899525217472096 0.90959811101069565353 -0.20826001579745898051 -0.35952613572014879839 -0.19622905342710236787 -0.97804988677571891298 0.070089782200533398693
0.40412022536590103128 -7.9538256630102273093 -6.3944429894948218163 0.83807491492340890904 -0.0092039716041336077507 -0.54547751913543496283 -0.26322403820074052883 -0.88259961421183874553 -0.38952667008280666971 -0.47785305553979307014 0.47003532622500554528 -0.74210730316538742191
-4.6621134885264856607 -2.3397126602212181545 -1.9566972029536622291 0.10904674040802708745 -0.0022664151011332189095 -0.99403403954245317387 -0.61718449080207027357 -0.78405235200298484255 -0.065918234441919021371 -0.77922532859212068068 0.62069056113421228194 -0.086897149545403104542
-1.7764693614909661257 8.9293037865013005216 5.1885541425400019122 0.39218717046997103592 -0.00025427260522201339601 0.91988540518086936437 0.51506497123029604257 -0.82848394917285317351 -0.21982361423321850058 0.76216618839375538386 0.5600127510230735739 -0.32478980889370762108
-8.0763641689934910772 -3.2682385680242380666 0.18023009664552133713 -0.31288393572965000899 -0.0091232046918225742638 0.94974755061457272198 -0.65806579561405686984 0.72312789701191670932 -0.20984626088153801593 -0.6848744785762315157 -0.69065390153045036481 -0.23225877140702089196
-1.8463991120514260391 -2.2572455811878957554 -3.6826147633216179678 0.41534528742447035521 -0.0023596570479466256499 0.90966077426313296517 0.25275233482006181918 -0.96032117061641464328 -0.11789616833653610017 0.87384469412891330187 0.2788865025132587494 -0.39826846380135638714
-2.7704103030489286574 -6.6168919434637638588 6.7328040195143374902 -0.083260909493188373087 0.0085116395126754451628 0.9964914314449407895 0.99637126060467362532 -0.017011444154238886117 0.083396173824221139781 0.017661596504596061008 0.99981906501153328115 -0.0070643646788833254838
-6.378485450590473782 -5.6675855175774358941 4.7343788744774313315 0.88266616081501425572 0.004300852887280477363 -0.46998079877419929318 0.40340808772681241434 0.50617033660992172273 0.76226865676959243423 0.24116874446915834151 -0.86242280408183469298 0.44504442889497647373
2.3786061185048779087 3.21862355579665671 8.6054920010609325942 0.97322635046704941697 -0.0018029002860446468118 0.22984172882039702324 -0.22295215102297771814 -0.25052279211773675893 0.94208846133670953726 0.055882100092795781998 -0.96810902287904954111 -0.24421734317837842654
-2.7520621539120937449 2.0474996572385526505 -0.29969840727395624658 0.16182991837233423604 0.007574440889224262792 0.98678959528610998841 -0.9864875888781037272 0.02714239778242107104 0.16157204966248245315 -0.02556001778328311283 -0.99960288019190890463 0.011864543947276489852
-5.3912104409372609837 3.2422354471870060699 -4.5183038118752270051 -0.92158256598095200651 -0.0020081910834357490775 0.38817720341143990836 0.38021552093373600645 0.1968861001044474035 0.90369907669914439907 -0.078241496157023499025 0.98042431158877718644 -0.18068325192129289225
-1.6375926622764300777 -2.2581361390940526412 -7.5020565430960450826 0.99755283478520206941 -0.0070237920627467080592 -0.069562979787561068923 -0.066707054300813098391 0.20238027240611458635 -0.97703244278126077926 0.020940647515457870564 0.97928182444371214554 0.20141647796473013954
5.5156948211562939477 8.8562031654333193131 1.7783854568808625807 0.87129303347800035606 0.0016035438904067923771 0.4907605102894955218 0.33422243551203728584 0.73031653919440486789 -0.59576263409110563618 -0.3593658489798406408 0.68310700569221705081 0.63578377248950357359
7.7445029665538758223 -5.6537361269927339791 7.2797977361459862422 0.86433590984612729269 -0.0038221190142747668225 0.5029004139559269948 -0.49564981521816137144 0.16288275430740248306 0.85311222533946517999 -0.085174501025199245152 -0.98663802873972494822 0.13889098105928757154
8.3120532707891641166 6.6698895124440271687 -6.4810450522578717525 0.5065882000805872476 0.0032995033238717172766 0.86218183048425500736 -0.38538180546881212196 -0.89367030606006425675 0.22985701659961541021 0.77126471431845544657 -0.44871204278967852241 -0.45145126326426271435
-3.874598397322417398 -3.5153318760155296552 7.4065515986648975399 0.71394646460835853308 0.0027999123144904214389 -0.70019469161385139433 -0.29411839418253293843 0.90869338405008881487 -0.296261209048723273 0.63543277840900547204 0.41745478111355310835 0.64958193466937819149
-1.6517712715098884502 -5.3665869262703971287 8.8518411526184408444 0.23018894547558829689 -0.0089360851350138402471 -0.97310492536161852239 0.17250018278132073224 0.98449718661827745336 0.031764390137685033499 0.95773521200867428593 -0.17517258895965048815 0.22816184553053880935
0.56010175238062054337 -7.8679752448541488974 -7.9273149574702674869 0.91908351623054318491 -0.01345044055400693335 -0.39383318275937884145 0.36067969706194075163 -0.37385932256855708422 0.85448192669945588484 -0.15873136527091613601 -0.92738788679683759053 -0.3387566399375020465
2.3576574532096059578 0.87417952770271756258 1.380890268949529931 -0.58933696381257849595 -0.0011899761808658246287 -0.80788645677534132172 0.50018022849436416521 0.78475710734016745906 -0.3660273507566237372 0.63443020270734773458 -0.61980228011492977114 -0.4618911684121921879
0.5533359723898918503 -4.6309738861382294672 -2.5829256924352090863 -0.12188216996362825906 -0.017183484080285093415 0.99239582048697183581 0.36666101738403938937 0.92834568794706462391 0.061106317195143797227 -0.92233640011449091745 0.37132063172559881536 -0.10684827316830901311
4.0810458217578480244 -0.27840202421758708518 6.102092896999876892 -0.93028878584390040096 -0.003276098244368665785 0.36681336141631470937 -0.17341147933795256209 0.88509849172688503938 -0.431890169807857216 -0.32325103830782947467 -0.46539222933249646541 -0.82396531426371233398
-7.3002744764325218085 7.7584780132220290128 -7.2751694177794270502 -0.77172249179925844764 -0.01089459257961296855 0.63586610501233420401 -0.31887736980097414197 0.87171080681799817391 -0.37207189131289092332 -0.55023778376250764843 -0.48989955820448743973 -0.67619287499324154389
-7.5012609170740676134 0.91891358317041604842 5.6638243443699600732 -0.87665465123041930173 0.010450727009469275991 -0.48100665773072465159 -0.16653643779448598639 -0.9445517559846641209 0.28299751792638400127 -0.45137815339571674134 0.3281962257106420533 0.8297861170602518488
5.2264444599861024088 -6.8594684098904421532 5.2786236920910241111 0.47309587492342169979 -0.0013006139291448068265 -0.88100998946319819538 -0.60493443366300614361 -0.72747950353117274425 -0.32377137444655534892 -0.64049560818110251592 0.68612818069629333273 -0.34495433836253980298
-2.9118117642862824113 -8.9090916428037996155 2.7250190383553474227 0.46672813015281566784 -0.00094647792871970382739 -0.88440033734931988718 -0.83895536013605798153 0.31596043528530276534 -0.44308340866400314217 0.27985488422208765202 0.94877189435292152986 0.14667357043129808369
-6.4291836073880475055 0.12955543182188206108 4.2597311623121623114 0.94288134811401524971 0.0026496323040423683942 0.33311821149122361474 -0.33137873346764429305 0.10982355034496606161 0.93708426664569666187 -0.034101295926075983478 -0.99394756765032576951 0.10442860900106562538
-1.1620233647298878754 -1.4680572812559851137 6.0521738601840180394 0.98683602475968124068 -0.0069811669361771510126 0.16157327608440869016 -0.11183358442726930304 -0.75115222222657596074 0.65058711056890694557 0.11682426815782671892 -0.66009211656587252204 -0.74204480189352339803
2.9687715740798870101 7.586954259925474453 5.3810940335919150712 -0.31918218118257468685 0.012317358206755391059 0.94761332720822100129 0.64972761485790275771 0.73077201109026745929 0.20934730544721402712 -0.68991069110920222318 0.68251047647189522216 -0.24125233221604769351
-8.2647159541255632575 -5.7316677653796022085 5.5929079237156100746 0.10349836705119659641 0.0054417981911821875635 -0.99461473689568491441 -0.10049155964385905748 -0.99481085624546716772 -0.015899897374293082281 -0.98954006207837341691 0.10159599956983321467 -0.10241444435880808772
2.8614598720536377208 6.6144841214192879875 -3.8251849415226706341 0.51638994226231427209 -0.013081195831200190596 0.85625364807717174731 -0.82486027439010822793 0.26107047348597917091 0.50144564571538974285 -0.2301020540179733731 -0.96523110713942961159 0.12402400794723583699
4.6927975044535195082 -6.7760424564138173054 -2.7089057821933315573 0.95232421060109462285 -0.003089740588134996975 0.30507220687211883403 0.24173400109261614088 0.6176873209250861585 -0.74834954819529098113 -0.18612702817847695536 0.78641771792825398979 0.58898548565302155655
-0.58614707049590830668 6.4868713296332414231 7.3213894411519229166 0.87970998071246842009 -0.0043119560923652426598 -0.47549106917965372476 -0.44538590452604820413 -0.35773048748515007267 -0.82076811242457214934 -0.16655853590973007661 0.93381492029097334928 -0.31661956471035973548
-0.36327552896784209846 1.9257638649130250919 7.0759327420080380122 0.28909245774455832878 0.009031317517246100629 0.95725857853511275852 0.74232099743804835779 0.62928936607465812969 -0.23011829676903391984 -0.60447091546044651178 0.77711860680924393918 0.17521867284336262172
-1.0776323056206333906 -5.9310093265169783194 -2.8620154455399875459 -0.026857527805450486652 0.0013079865330532015368 -0.99963841581416379434 -0.91847380903828346188 0.39467855372971905048 0.025193279589480924857 0.39456879667688754543 0.91881833264089418645 -0.0093987388578921551158
-5.5070080880568976767 -0.07680145727486120677 -5.9449968339295242714 -0.9700871325586939431 0.012084234988957203577 0.24245603005262297835 -0.047198356432915478109 0.97031215645170543205 -0.23720588987693549954 -0.2381244850791670864 -0.24155390766250617318 -0.94071698150879290434
-3.1539141741436345079 -4.5034104548117674938 -2.504765791549396603 -0.40313719152294419379 0.014308878972228940285 0.91502768307485404797 -0.91366707023727711245 0.0504049413882456665 -0.40332595583131131134 -0.051893059022390587709 -0.99862635548337530533 -0.0072465549812379456002
0.65551510654370481745 3.9857704456684492911 1.931947772919608397 0.30803207534846127613 -0.0030465712564945561514 0.9513710942423512229 0.59249205935460125261 0.7830122092907518816 -0.18932786298658252355 -0.74435838153273725659 0.6219988733952397375 0.24299794512873110208
-6.079021751038467869 -5.7578216952380065763 -0.16750680171575416111 0.6972629039782785032 0.0059682959794088831854 0.71679064040987294781 -0.68722258354754039988 0.28992077893729295557 0.66608637773416901062 -0.2038371001522858994 -0.95703203780424361824 0.20625255202764467
-4.1196220758896622272 -3.3387644612356579543 -2.0304051428347804631 -0.20587360537381949044 0.0050994793327271475611 0.97856530386112605679 0.31049278466834867585 0.94865622278334993389 0.06037881783374848127 -0.92801416437413497551 0.31626787109137716181 -0.19688662838311971059
6.2573201782248695224 -5.4033832328699418213 -0.80848002343394487212 0.26782697777003811046 -0.012035054763530499133 -0.96339185559931372893 0.89866080572663598058 -0.35741027985514728371 0.25429637847307612342 -0.34738662356103305884 -0.93386993168781118335 -0.084908683066847873144
-2.9349865387688902629 6.4455977498409433579 -7.7533399670262550529 0.14246714501976295852 -0.0069793900454597724778 -0.98977492426554958271 -0.3799311210887793 0.92298833983826988892 -0.061195324585216821778 0.91397782020058615515 0.38476461978375903206 0.12884382617878997745
4.9035252906838984188 6.9826112892178695546 -5.2874045973549526067 0.35729356847995835667 -0.0020767973063231196656 0.93398982480321579569 0.51825956755098800954 0.83236488608296543834 -0.19640701886085856764 -0.77701243655715424019 0.55422412734295278813 0.2984749404997677491
-5.0850840426092851487 -7.8813764860724733197 -4.0348327622617476962 0.82215804475684650665 -0.0029900362441353748461 0.56925144630891089115 -0.56668313400639713784 -0.099326250014982728209 0.81792696598818281917 0.054095980204091703714 -0.99505042874279803211 -0.083356278614872256205
1.5533905848925981807 6.6895531760711790525 -7.8635566665372147455 -0.8700707241553670146 -0.0091772632224126158423 -0.49284146823002134008 0.42446698456850823211 -0.52227042091570186066 -0.73963598239117311905 -0.25060868695812971163 -0.85273054670065651095 0.45830764857787459343
-0.51715034928449632456 -3.5622787218493483508 7.7453198645341085893 0.42193023249696520738 0.0074345690418496455237 -0.90659781937091654669 0.85087315643646654895 -0.34850729992800738577 0.39313805915055821671 -0.31303314610579585642 -0.93727658088752119347 -0.15337164131295538683
7.9510215830547741334 7.7617479967964868592 2.1461649430797153926 0.46069558039146563111 0.0053584159536056840539 -0.88754203820805244174 0.7060632623384168749 0.60371412511118671684 0.37014041216423021474 0.53780503138584312417 -0.79718287896786876878 0.27434504860955122307
-6.2998124534323309831 6.6220307604473074292 -7.1128871770604824576 0.69502563973196618274 0.011927396926953669903 -0.71888601135201490866 0.70764482869281553068 0.16553445693934493166 0.6869040253120554107 0.12719338245099670592 -0.98613187797997414741 0.10661033107675263465
-2.5018856837209297872 -3.5014483486833034576 7.8658478627602406164 0.80343535180346148383 -0.0063374615976492234756 -0.5953582720119429128 -0.21647599163912051301 0.92839864450922315875 -0.30201672456616279749 0.55464383212702372816 0.37153168566665750738 0.74453638328109628119
-7.4608046394369802456 2.2582556323233462514 -3.3932558834674044768 -0.0098029475051885153758 -0.0050219460884679874985 0.99993933929902512059 0.72453616480917504283 -0.68922716502116776471 0.0036415492226611256496 0.68916706835424246247 0.72452791185326559376 0.010395039276566365311
6.7477490595764049175 -0.15900633246505130325 7.2087485530959698465 -0.27339388091699862171 -0.0027790451611339837129 -0.96189815613979379183 -0.6977806562088216813 -0.68773328178800052779 0.20031247824798370516 -0.66208605309130064143 0.72595813242174056512 0.18608290698753396364
-6.9964642355028852094 -6.8047132105080727627 -6.5515049364269168919 0.40715199817924535575 -0.0030059057825627868293 -0.91335547018075546877 0.20288451897232856469 0.97530947865908634853 0.087231260444093031148 0.89054203850233071282 -0.22082206721191252607 0.39770905482790375185
-0.92435784171505086526 -2.4368262826302236057 8.3696324115184399517 0.93977169926252468457 0.0097047962088460306557 0.34166499703033043067 0.29118549957804085171 -0.54620722839598256915 -0.78540987292216613014 0.17899764831064768345 0.83759386374236954875 -0.51613599111138086517
-2.9522651761249787405 2.2104742366813106003 -4.1244238840726286099 -0.99697712846098496264 -0.012107653177292738989 -0.076746400958791191615 -0.075367335352466965914 -0.089294814810174927278 0.99314963666587641189 -0.018877767014977241827 0.99593164463339411974 0.088112366498526092928
-5.1626282469203355063 -5.6724205504111342435 -1.1322836136628797732 -0.48006127068478060549 -0.0042766459108530135991 -0.8772245360728495589 0.87037411948923271154 -0.12714366186025422012 -0.4756925281863656485 -0.10949917128459175919 -0.99187509271508655928 0.064759029791111949459
1.7410811911755310621 3.0201760844837153286 1.6224232752691918336 0.40274040960937063094 -0.0075185888203486905476 0.9152833622927830648 -0.67410389353839972326 0.67400811660314186025 0.30215393340083274154 -0.61918018636288774115 -0.73868567711536936571 0.26638199496307762848
-0.56939660623227783542 -6.0094116442651843712 5.6607280698147173226 0.026595611537182976825 0.0054522385412127801971 -0.99963140533989047753 0.47702978025219799907 -0.8788516420598480039 0.0078981011303413967833 -0.87848463970589985017 -0.47706400445206115224 -0.025974477024127584635
0.81047709480893270761 7.4309709143550364274 4.0034662837188479401 -0.90957927265789872973 0.0062979615120703977271 -0.4154827101484317442 0.1077652726112031667 0.96924942163753258217 -0.22122885136090147951 0.40131308572045576444 -0.24599978523607901604 -0.88228788549613923475
4.8337243379576682045 1.1163885630805845395 -5.5188374312747452421 0.61365530981787952403 -0.016998041508787073428 0.78939104841462748308 0.68516004639722161151 0.50833372530021991853 -0.52168240773808571831 -0.39240651313816971024 0.86099238690441437516 0.32358806859889799323
-0.53212265813176407026 -7.0454465419790750502 -2.6841943646757653319 -0.29732560325174828275 0.0024460981830717845771 -0.9547730108538158289 -0.8772808069187978397 0.39394298453540926852 0.27420304656809019184 0.37679685702360138366 0.91913162362036404662 -0.11498342053605702107
-6.9865653192162584517 -1.1787459991648112645 7.5091726671885323796 0.78185100967902698699 0.0042276985914606202838 0.62345098061369075282 0.58149281571673383517 0.35575518369115438633 -0.73164496482034246938 -0.22488909251788591348 0.93456962064988946537 0.27568917320957386785
2.3731156807538207332 4.3365455022669419094 -9.053936950764164493 -0.89772996981809582984 -0.0064390965470881083785 -0.44049907982455649424 -0.2188219986998688471 -0.86130856739887362572 0.45854605505922890751 -0.3823582537040322582 0.50804142524129558556 0.77181349823877953842
-0.5741921473070912274 2.0870625860273994689 -7.2295237181024374351 0.95283909485260476213 0.00066645151792373708011 0.3034752298995616604 -0.0022283543452194312651 0.99998599490834316761 0.0048004608269362246745 -0.30346778042671979092 -0.0052503170962850675973 0.95282723534396973619
7.7448608956833426831 6.6411380899775345199 -9.0011941241036304007 -0.76760888886310407742 0.0015669503372181111875 0.64091663920158714607 -0.25931778864883858748 0.91373023548091736323 -0.31281199027295292225 -0.58611507251479399994 -0.40631834986230036533 -0.70098111268146978681
-5.7668005669266850788 -6.9707455806339453375 8.7548455049420006446 -0.67587752163342729173 -0.0088440066848823623707 0.73696089400764686062 0.66614541320965614535 0.42050149426314981094 0.61597790689460307778 -0.31534086986998277613 0.90724874035078151291 -0.27831611329826283496
-6.6691476300248568876 7.9820537352145004562 -3.4307232669157419203 -0.94072929882843281391 -0.0058765811629018244872 -0.33910743447998359379 -0.19529319098500425023 0.82684157770124067088 0.52744058901397750105 0.27728857870570250421 0.56240418844303641244 -0.77898175392037649623
-2.9664421514379273326 -1.1272939049684447266 -7.5046040235068698365 -0.65618566978970094272 -0.008623964781359353543 0.75455019315746751918 -0.65646674358744128153 0.49962487226024315801 -0.56517820338603641517 -0.37211796694902449234 -0.86619894611472525447 -0.33350802752448749366
-7.0061057951740366434 5.6767975914525257153 1.0071171022380582816 -0.11248452636236569435 0.0019698652713481343973 -0.99365152390545596894 -0.99358968269101266557 0.011108298069111108286 0.11249954739393566716 0.01125938625589120029 0.99993636064729007895 0.00070772616300831051039
6.9991214899465097332 5.6357969349584724483 -4.7403356966633847236 0.96412878356231546118 0.010191060068748047235 -0.26523919582349247959 -0.20040650217949021461 0.68317562707467582861 -0.70221670192015295253 0.17404862134074330915 0.73018299409506781661 0.66071164099279611204
-6.4431922912747836563 4.2971045172305970539 6.2639913146637242747 -0.16599900007160861559 0.013797202006359794366 -0.98602939570393732804 0.018849892168127563991 -0.99967502877539482498 -0.017161538629512529397 -0.9859457457388255408 -0.021435346035974738033 0.16568497940315696226
-2.9884277836834316489 5.7556872379849854937 -3.8023160827757149782 -0.93270604359733855215 0.003797609994757850712 -0.36061754587828359631 -0.14931731065870143538 0.90614302655854717106 0.39573874735319014562 0.3282739358745321856 0.42295436346885995071 -0.84459802832355201918
5.461753432961149457 -1.3556077717277799088 -0.46802079546825142708 0.90925066867665071957 -0.008297824639029324767 -0.41616627400282296678 -0.18673154608804981569 0.88542104770642138245 -0.42563000126198829998 0.37201418145924780578 0.46471573503028018592 0.80352021406344198429
-0.57605884388129147133 8.6329420281101949541 4.6779919783570038661 0.33865207201006530813 -0.013349296506285905639 0.94081696966325867315 -0.62602994112134979776 -0.74965852471016836134 0.21470586659229518034 0.70242528922500790944 -0.66169017871815738463 -0.26223047199896198922
-6.9010244993027711757 7.8505138784404939756 8.677957295418048389 -0.49385829112539247898 0.0039537810745385697231 0.86953341275759732376 0.82782823305260244684 -0.30387164994082405123 0.47155321748809109206 0.26609097100033857197 0.95270477482657667245 0.14679648216049698273
6.5466536134482664622 -1.2780455663059155924 1.7741634372860324298 0.95966831129228624686 0.0069629600226214245079 -0.2810484824527250125 -0.10404442278862637006 -0.91991555978233618962 -0.37806100163446831885 -0.26117329570188407839 0.39205469013657051613 -0.88208935463152071677
5.8759859480207543569 6.8811357406611737275 -5.5770111715578432054 0.38135948804879427065 0.0058224944173751215504 0.92440848083201976326 -0.85514082873672025986 0.38206030897864817764 0.35037705879643388229 -0.35113972134025039917 -0.92411905015646966799 0.15068137653742272319
7.7626947481814871921 6.7035890988655078004 4.0561224979213781339 -0.99856818888865428452 0.000830828990756857233 -0.053487212142991832908 0.053224445345485781045 0.11561942674622718852 -0.99186657700339242449 0.0053600892991159032261 -0.9932932386169373018 -0.11549810197863301375
-8.2551835212715314327 3.2485636727273234925 4.7481570413464027069 -0.98656219641837983314 -0.012155543456582993192 -0.16293334637647829966 0.16188122747943267665 -0.20775991323030579272 -0.96469180915176211411 -0.022124664696937339919 -0.97810432021216475729 0.20693583061954531899
-1.3935699964340917401 7.6152634363966802411 3.8671817922226576769 0.36352660883543114201 -0.0038158760646949162545 0.93157599999058249285 0.77852197672654177563 0.55043028650247660671 -0.30154606854456539322 -0.51161698214816986319 0.83487240868936585247 0.20306679882922412661
2.032086411138586346 -4.2569946733141383888 -8.478258431303745013 0.98829676476662153828 0.00029301666747119821388 0.15254317058697985932 -0.037229237403221829283 -0.96929588275368738781 0.24306269882208308974 0.14793068861411975967 -0.24589714479326413299 -0.95794107624032320825
0.30433004152411519128 -5.5920818393330122831 -7.9062276777441908848 0.99700426283671006455 0.0023545876450110740652 -0.077310774169010970658 0.029265198266663888099 0.91374410269561401332 0.40523482446487646413 0.071596424882874903917 -0.4062833625754061484 0.91093785805514337905
1.4757368769620271554 -4.5974551026027077327 5.9293852904039603402 -0.56612326325892092793 -0.0083111314190864610946 0.82427870037470751807 -0.38456537819716724025 -0.8818006950909185182 -0.27301465899976523621 0.72911859164935954869 -0.47154899981998565917 0.49601171365151885961
-7.3321167696483637854 1.1647861988322925075 -1.0801915790069862577 -0.11632554218821650194 -0.0060218893477471651526 -0.99319288412851836068 -0.90278479659980326311 -0.41624426260890168283 0.10826044925713017297 -0.41406277212864367465 0.90923289133957352348 0.042983369380689764871
1.5971981741119889442 2.0570107643216979376 -6.3410054769808450459 -0.56452075144388824679 -0.0051066280450986559214 0.82540307943395274659 -0.036912907499019924351 -0.99882424557892846018 -0.031425526303718420706 0.82459308658820396065 -0.04820838924407738757 0.56366851318617294808
1.6648423829700198517 8.9311766645008923149 -6.6444980779646414248 0.98281521563995455359 -0.0066798463779300706195 0.18447122149229269739 0.14619091441026962896 -0.58199721638891321884 -0.79994215832095694196 0.11270522814126218702 0.81316334138210455418 -0.57101918687705566224
-2.4226279448545371409 3.484504924073194676 7.5909473770414042093 -0.49898894960545014943 -0.015706005166364393061 0.86646601178202042881 -0.53246879567425775548 -0.78328643938335629215 -0.32084160501937997179 0.68373021712140591433 -0.62146252926458211974 0.38248831997232440871
-7.564011431462941637 -0.87077776191470201983 -0.97075672380179522936 0.085000585032800224372 0.0076042995092745445385 0.99635188320854772837 -0.82906079175376978796 -0.55411148814756494563 0.074957736621728915383 0.55266002580300355174 -0.83240773262383527253 -0.040795374093927000425
-1.4805194769368745789 -2.2824635237236425844 -0.17472593600421920668 0.74941153665582926902 -0.0033872675226899965489 0.6620958202147020355 0.11962725286108340239 0.98422226203182316961 -0.13036816825285485466 -0.65120785399130109994 0.17690411340443773502 0.73799272730865683734
-8.5575950324852314566 -7.9768064201790078727 -0.27815920860042608886 -0.58773703079564276752 0.0072776516081908167177 -0.80901929421903395756 -0.42127204780693605635 0.85095333196444800095 0.31370095402376307892 0.69072067029163974894 0.52519088206673436581 -0.49707091347824439165
-6.703462120019222148 8.6767621248488069341 -0.27580365716816629407 -0.95058637160570402802 0.0044663850189920022149 -0.31042809396369380748 -0.11770140596264318245 -0.93043674077441040904 0.34703580571984216085 -0.28728370846877343547 0.36642533048642367266 0.88498618521775151979
4.3224016129631817051 4.4445120852815351853 8.9904482342109179882 0.82946915240886986975 0.0012329031283866741589 0.55855116610039312608 0.52761223891541730868 -0.32993429947556290882 -0.78279542881677044441 0.18332007677559755687 0.94400309214508892897 -0.27432081851645667703
4.1215913118884177635 -6.7768366274764417767 -4.3308103046924770752 0.86148981445019179315 0.0028931850966893348648 0.50776660886515645466 -0.089353472913731246674 -0.98351566902348108723 0.15720332586546306719 0.49985123434543554666 -0.18079977396255014765 -0.84703021507987152905
2.790509187944453906 -6.8489475346336741168 -0.96161418772009643607 -0.32939989254732887636 0.011080517008602379023 0.94412548579759070222 -0.55051217933377560865 -0.8146327600882011799 -0.18250974383892748509 0.76709324804405953913 -0.57987126876046946045 0.27443990320509481506
-7.3731789375170269096 4.489987761798798438 9.0412735480238612951 0.54183314220099099146 0.0046054599518324575852 -0.8404734592782647784 0.21235340485281356537 0.96679165424362600856 0.14219679578742416837 0.81321760769194439966 -0.25552433743870150984 0.52286177477092821153
-2.591804521003385986 6.8101140736494976125 -4.9546949845745960062 0.30974568563850329861 -0.008563890329099651394 -0.95078087381418652235 -0.94710279233592187254 0.085549258756866933262 -0.30931799992165509572 0.083987564423104232869 0.99629713645510742381 0.01838762936567576306
6.878013899114992391 8.8782098945254617206 -8.1625878770454267652 -0.65247345210956642081 -0.0038313617190625622391 0.75780189690948196457 -0.67468899535289628133 0.45828149999285699989 -0.57859556368341935606 -0.34506978111950731281 -0.88879884531394337532 -0.3016014899271693972
-3.5749892717675613163 7.3954648620338190312 0.47544291014953310448 0.32813350694541432162 0.0052678500834757464172 -0.94461666901193452883 -0.92851866259435678064 -0.18210960766456169013 -0.32355707998775840029 -0.17372822117799091579 0.98326412552871145234 -0.054864967097135231011
-6.9543667638697375111 7.8866895636207701159 0.54617631360991381051 0.89774123922090665051 -0.0028542750912226803189 0.44051392772078823423 -0.42460380297655608839 0.26078783172522662648 0.86700710338581044034 -0.11735534883419969365 -0.96539192038134735707 0.23290805516815826781
-5.4820868597210044015 -2.0413313689033167897 4.3950927675424305008 -0.64841835132409719744 -0.01326851388846975871 -0.76116856753637696098 0.22395289152832176249 -0.95893015186316321596 -0.17406339713925891854 -0.72759792745870233155 -0.28333180263937057797 0.62475943015753787613
-7.1124157871396569419 -7.9524346772021514695 -3.6911575220548713538 0.82534745040257473381 0.00069898989932738199958 0.56462474044913046889 0.048982837584742436321 0.9961404616844999893 -0.072834485081725131028 -0.56249646019893495552 0.087770678521142869721 0.82212775178529184927
6.4901519177452708931 5.6793673880083206384 -6.8039134377663446074 -0.28126257621516509433 0.00032920019171868691171 0.9596307909024146543 -0.95667365986347785434 -0.078541586645551497714 -0.28036891356100679396 0.07527862741124308199 -0.99691078376888953017 0.022405746152228150914
-7.0024231234952480918 -6.900974050879803201 8.0333162433766407418 -0.56809965908099668841 -0.0050155685269431928355 0.82294448258956720554 0.40130776265337209097 0.87134045956728145566 0.2823435551861070425 -0.71848093710714044935 0.49065328654066381331 -0.49299543143982271776
-3.0610949570127403696 2.2464644495427261717 5.3702723710668260892 0.96630727372910840689 -0.00032142488589034529795 0.25739104379235189235 0.13741616466333667068 0.84620352053289105143 -0.51483628419833094014 -0.21763972621678401298 0.53285973625705784773 0.81773678592105758511
3.7755060098253458989 -1.3008098878087792638 7.0111804707780640555 -0.48144096439560835066 -0.005714109932599279254 0.87645989454718475908 -0.31710582534053460835 -0.93110217417510321436 -0.18025714072251383668 0.81710372250827389973 -0.36471370990689089275 0.44645875113922506294
-1.5205066216069413887 -5.8476130132225270231 0.25538263686659451457 -0.2147155418169607588 -0.0014716277138397378457 0.97667551951211917238 -0.94722528362332114593 -0.24340710927173903055 -0.20860786471391934427 0.23803675801586962613 -0.96992309667716181121 0.050869326370740229615
-3.4757437440102800785 -5.7236396200778933974 -4.5652552848985328282 0.10501005045629561996 -0.0074607318753624803781 0.99444317423527228694 -0.87074599748440950631 -0.48373669827215198813 0.088318823641204857733 0.48038973466116824396 -0.87518177781785866376 -0.057293617511937761089
-8.4137840179508938121 -0.38379146080834242172 2.2875605521103592466 0.43508464736464708134 0.011533824440946924619 -0.90031567826021963175 0.86292223930598210835 -0.29078795833227411016 0.41328872740479272174 -0.25703415831078019194 -0.95671800138944562697 -0.13647016992322547058
-2.9317473821545019241 -7.7680579855712590387 -7.7770390624592522499 0.019586305037545465035 -0.0043281772361462370058 0.99979880152785327585 0.97687354328301645445 -0.21287491024104507331 -0.020058739330376534199 0.2129188979134341575 0.97706987440588854987 5.8648905711742704144e-05
-1.3223207477007001831 4.1131161088898364753 0.076057700712038378565 0.93795470076803399984 -0.015183704102907686836 -0.34642522199833503116 -0.28218953564359533503 0.54717239687693619565 -0.78801740721195878692 0.20151934219857772779 0.83688220391263612452 0.50893823937095972187
0.13331550939666947375 7.7765920239375851963 -6.047413800347588797 0.99925627996232435635 -0.004104114419102042853 0.038341142402863716276 -0.024522702158465067845 0.6997016329348832997 0.71401418889755774444 -0.029757755875889468911 -0.71442339065369353523 0.69908060683475348185
