1125 17.292696884352682929 17.968806560800352656 18.477561601407678893
-3.1255586356477849108 8.8661659762686166886 -1.4898116748585195079 -0.99659074097171862494 -0.004342716710428090425 -0.08238953708424980038 -0.041220040774015337393 0.89125600081780409489 0.45162334887034771835 0.071468897067081593732 0.45347974796898199434 -0.88839648521047365204
2.3727622934132504007 4.4666927598325782967 -4.1807891817152960101 0.30892820798048498121 0.0040016812308347965779 -0.95107694160951139484 0.14463855144679380049 0.98816217280762741471 0.051139120711919165696 0.94002289958768747713 -0.15336070806801768707 0.30469237186310937915
4.8592257723499310273 7.6390018679001201463 7.4919585601585785284 0.17305064255155391817 -0.0017536259853939088066 -0.98491136652412747399 0.85208671879257502635 -0.5012645724184643381 0.15060561774197481211 -0.49396528093585095887 -0.86529229352534042796 -0.085249914933440418263
5.6761771217909364751 4.6272454566171106194 2.3103701035623744886 -0.55906725866395601265 -0.0071102467106611303913 -0.82909181921061714249 0.53227383147371332139 0.76362151287960089441 -0.36546785548941934652 0.63571091591885742211 -0.64562499135305317921 -0.42313118760282980579
8.0506689882217408183 -8.2909160654547164881 3.1968065924402035982 -0.78411948919008866987 0.0045463692453501288598 0.62059323006216537966 0.12935510624912985311 -0.97681329392992977123 0.17059614676062093142 0.60697931032235374893 0.21404466666792887342 0.76535024499350190474
2.0085778327517367359 -8.0447271765654839726 -0.78769684792902294745 -0.77297001909811280385 -0.0099297560630713654906 -0.63436483944164223647 0.53313677291864414176 -0.5521854863956983106 -0.64098078752476472797 -0.34392227455799817548 -0.83366215492750272986 0.43211674406825911765
8.1977139059483086214 1.9243116921184335588 3.2987188602358612499 -0.9718795900966483714 -0.0022632901287115000585 -0.23546749217513063268 -0.22531378553575839851 0.29955846635991029148 0.92709137806334152021 0.068438004069205582436 0.95407526052731872479 -0.29164470996252023216
5.8273273008278057006 -0.039538634068027038448 5.1477377190783562 0.64972733925933878751 0.0062879349380330221489 0.76014133323570487466 0.23813737457381534135 -0.95131535669122402332 -0.19567749731277955805 0.72190371619076221243 0.3081550810836544696 -0.619592987817248253
-3.701083238956075494 -1.4282553991353308387 4.4213060109469797254 -0.9894508876107626083 0.00038934732533331753435 0.14486817944190288898 -0.077435544000644312979 -0.8465727749189612128 -0.52661017203559168376 0.12243642240559977907 -0.53227284842909894369 0.83767233289271192387
-5.8379845785743471609 -5.9379050221607228011 6.8915354348764177317 0.55714133239832763778 0.00082186853509106077426 -0.83041728080864429806 -0.43438430833875796289 0.85256464022401823311 -0.29059216594560699498 0.70774558169066970059 0.52262114267614268037 0.47535600640517633453
-1.8786365609257422715 3.23171811995632563 -3.8753277029712513979 0.29529013290511768597 -0.0012028820275472185825 -0.95540687169595861494 0.0094738331693077701412 0.99995372916609914782 0.0016691350396028144937 0.95536065645082934861 -0.0095442444189555615541 0.29528786548801699841
5.8411215887575114181 -8.0598435456481727357 7.0694551462967787359 -0.92304699432194481368 -0.005736905727586387449 -0.38464442565241979688 -0.04330109989548504984 0.99508369690930775775 0.089069921372150043237 0.38224241133185354879 0.098871249906393732232 -0.9187574298590627242
3.8978011224810229507 1.8539002476910539929 8.7061057630727756163 -0.01232974865004149434 0.0048837818365634350776 -0.99991205911986180688 -0.99414171054154620855 0.10732594949745240254 0.012782798066916199742 0.10737893955605182228 0.99421189353159922231 0.0035318692479345474393
-6.0777946172367025568 5.1729388543516643395 2.1020722133778728669 -0.5565530664226715496 -0.0040020804529743454064 0.83080242392980707677 0.15943461207080644737 0.98088819843631080975 0.11153002574194235963 -0.81537064500096378961 0.19453103999169113481 -0.54527826451327821022
-1.1042468717934392775 2.1857834704487588695 -4.864577282218764509 0.70240386526919662558 0.010821213678750850329 0.71169636179290007849 -0.69192216923558780284 -0.22414629326869769943 0.68629596453316010773 0.16695065670776665367 -0.9744954286953859679 -0.14995378513512616636
-4.8740058783404878184 5.6467586960680202779 -6.1404255115099255491 0.88254809511040122061 0.0013346651195348647155 -0.47022024465762701784 -0.47000216620603069151 0.033087892096437761247 -0.88204487139726794886 0.014381362192909107056 0.99945155463656187855 0.029828951638215951692
-3.5570366426189621301 1.680913107541978313 -3.7227125290577660621 0.28539031179883234124 0.0067102327112452085645 0.95838788739640767833 0.70545767258990144111 0.67541828377989754362 -0.21480133640057685884 -0.64875406905466215246 0.73740430885125896054 0.18802404945147466186
7.8620865818139726855 8.8754627066563216431 -7.9464630573894279308 -0.33949644604255857505 0.0041547164500877233062 0.94059816152054631644 -0.021314691372687266657 0.9996994825260465678 -0.012109028404234924159 -0.94036580491638466217 -0.024159531626683907607 -0.33930586492937619969
-1.5429751590242137826 -1.4806722761312378633 -7.6247193255141443302 -0.63236726147106980811 0.0061154878175077777985 -0.77464459426770049255 0.76648659859126533345 0.14989230451031795854 -0.62452429194398251244 0.11229399271221844614 -0.98868341639635282103 -0.099474425574696434538
8.4127446902901716896 -7.1993459505069683502 3.5910511686491215499 -0.76957345640389773767 0.0049567044950100704048 0.63853905618920725473 0.61728834346017458223 0.26171455914378644048 0.7419303138169784928 -0.16343743826522758034 0.96513259224466141362 -0.20446829377828462659
7.210648618231813245 -8.177593171656713622 2.1847943460431280549 -0.72022130005937523567 -0.0053604761261529312866 0.69372368003139173176 0.65203010490851798231 0.3362895304030761312 0.67953373281553153262 -0.23693463493899599714 0.94174339235111803603 -0.23870769097236249623
4.2213875626055985535 2.3423008433702614539 0.35522633860080099488 -0.39390207583858094509 -0.0033096285155016381269 -0.91914645242699333227 0.90713917139462429962 0.15974814766509878861 -0.38933154642193851247 0.14812048599616797762 -0.98715225556996122336 -0.059922833307397803393
3.2815051815777955824 -4.7639702270056076827 -0.6435039938099946788 0.99996109737253757732 0.0068239854167507054197 0.0055890039129474732016 -0.0087993018306038311982 0.81578616264550829484 0.57828670149283412094 -0.00061321203729975879131 -0.57831338395313558465 0.81581447272763252254
6.8222831284152851694 -8.8103291932051899238 5.630677144513626331 -0.40776240997171242508 -0.0051026993263245980226 -0.91307380833852069824 -0.91300489595683342881 -0.011218135554733403916 0.4077943273191818041 -0.012323837592714794592 0.99992405506334225418 -8.4455478372615598592e-05
-1.8994042123982599612 0.81254268795491657595 2.9845393661421364406 0.99089650809223428496 0.0091461728749936931082 0.13431477123689627984 -0.043956329645616125379 0.96499106106952292627 0.25857318720225264119 -0.12724759854231007528 -0.26212325264577063244 0.95660830494401594137
4.9628390582597869951 -7.7917566693636048925 9.1589095064056476048 0.73436715563270960061 0.0028423474588496326111 -0.67874649302136791373 0.65844111130285998268 0.23981815726566502178 0.7134020986739000314 0.16480346984937008226 -0.97081366518343892302 0.17424305960071109767
-3.9724390816988490727 -1.3002847776292154602 -4.2038822715044181777 0.64892347198702027278 -0.00051088134039169131803 0.76085351185658467443 -0.7495516070006296161 -0.17215073234005331959 0.63916861139890368548 0.13065494995282470048 -0.98507048699816646131 -0.11209558286499651802
-4.4059787450707581513 7.6583870983282471556 8.4865875148605205425 -0.99551504608059937507 -0.0015185579913970961678 -0.094591157139984394231 0.0081942416649590059385 -0.99749746925485005544 -0.07022573056628397814 -0.094247798016684328215 -0.070685874201624615543 0.99303618250160996528
-3.1830150664135810068 -4.7190576439641853668 -2.2663726507771677632 0.75108080868610915815 0.0029333627489044854231 -0.66020376718539197647 -0.2861497765301803109 0.90262848134689754875 -0.32152780603369174317 0.59497556606534696133 0.4304105250154370288 0.67878631080845264201
-3.9272655458380962834 -4.8513876515451181959 7.3656397546452012648 -0.68760468945285269093 -0.0019132133689441837773 0.72608272989878352988 0.21534484817019475256 0.95446627905406844494 0.20644785907181709139 -0.69341646029579406818 0.29831269125439824341 -0.65588348875962476647
-5.7449124834733460432 -2.5138884597257065145 0.62503005591438198785 0.52648754540831255166 0.0052635745597398404458 -0.85016654798488644484 0.27936595940874198174 -0.94552383998259670328 0.16715061695459274005 -0.80297292934042274748 -0.32551031136903246788 -0.49927698919434360114
2.4471684812809804122 7.8208680582039882268 3.5109467946298842378 -0.99227438735103445921 -0.0068543623642824324724 -0.12387315255358950783 0.12394469889755596603 -0.098298535765917530171 -0.98740827902207262134 -0.0054084953707729341993 -0.99513336572683885883 0.098388681233928174108
-3.8708825402203013155 6.4561067104800873295 5.1388970229689023839 -0.90838571771865306292 0.0065369799757466892295 -0.4180821160216234289 -0.077854123942882907938 0.97974858638699247049 0.18447613086070091537 0.41082127893916997596 0.20012489941295591445 -0.88948069198005730307
-6.1616641387446584588 -3.5555892531662118827 -4.7056413158096912497 0.20846680768686204344 0.00049407533216509541205 0.97802931754752187032 0.034166388175029226149 -0.99939317628155355244 -0.0067776928957488380423 0.9774324774692446649 0.034828653311466291342 -0.20835718585312101858
-3.78839256446726802 -7.0431926131833053617 -8.6419403830805805455 0.50831273072805227553 -0.0043117647095000091392 -0.86116175975498054918 -0.14481473449067619463 -0.98617534184472543934 -0.080541218088946583964 -0.84890921802842689292 0.16564903809567510518 -0.50190988805154013175
-2.4848699777458893578 -2.436174170920583304 -0.44235530963681357619 -0.59659538918340793145 -0.015599578223445511455 0.80239055002192094523 0.52557155687917467279 0.74799282393072386022 0.40531626410453019949 -0.60650513617333789984 0.66352346492579172832 -0.43805037528565321514
-0.90735998590909094919 8.6531862717011556185 0.26561202122122012925 -0.12340666697492971848 -0.0047419650949359877859 0.99234485352306112116 -0.97625484847877264105 0.17998670628702118091 -0.12054566098218723325 -0.1780372583698636435 -0.98365761285479014209 -0.026840925937871292634
5.3207822128427109121 -2.388209005001379559 9.1573122356211147377 0.8092760431793938336 0.0013402645139738052216 0.58742700791404034444 -0.54016551548908275926 -0.39129164189197573887 0.7450584318440816034 0.23085385379547018747 -0.92026575220222495144 -0.31593898700743855423
8.3154770128332256007 -2.4907045895818611392 4.010231891647059399 -0.27777434504570169826 0.0025251599094829315847 0.96064303297427955375 -0.95286920814046094375 -0.12771176200252734589 -0.27519080294129416586 0.12199051361356838541 -0.99180811118564760065 0.037881198168239718638
-0.57839084779943172876 -6.6636025881529841186 4.5067664324421681243 0.94717968152939502335 0.0061050378262886830991 0.32064525477716210311 0.19156703211144074372 0.79107676949003624678 -0.58094717228068060155 -0.25720171676320102705 0.6116864174446151603 0.74812231861361211394
5.9057910987021093874 -5.7652090939917091106 -8.3367179067171761631 0.68719924339603621899 -0.00077268714913547673767 -0.72646858351237819651 -0.052122495956777786796 0.99736980523006124599 -0.050365831981414019292 0.72459674667440288065 0.072476717437653603859 0.68535150115695275819
7.4591606671140331386 2.3869269647910700272 -4.7698383706727280895 0.63735559778868711156 0.0013171620826698338461 0.77056869067688282815 0.7023453338563220294 0.41039002334752455736 -0.58162794013623964062 -0.31699980122665538662 0.91190914778867715462 0.26063927601442093973
-4.4913231214000024494 4.1386245244263406562 4.4648630883453472862 -0.64787983248824665417 -0.0046567042898426232178 -0.76172832280299462848 -0.75881662724665499553 -0.083616896187963529741 0.64591449967150948996 -0.066701190912625746288 0.99648709463653806218 0.050640116052247205469
-6.195138134579205591 3.1552354338761152697 -2.7419412335702308958 -0.44373037585405411543 -0.0021967789548786777892 0.89615764668187924968 -0.19647879846161439565 0.97590535264307176622 -0.094893753418204385142 -0.8743565836084364884 -0.2181832185226821319 -0.43347046941591699243
-0.3731421164276427227 -0.15559742277836319246 -3.7912029607104202888 -0.59509302495253568743 0.010672788496667572414 -0.80358595261388254816 0.80177682677578465675 -0.060469796092479481675 -0.59455640927139608021 -0.054938253502802403272 -0.99811296722673592541 0.027427959381134049688
-7.5046667828243878162 -7.8923978073737366401 -4.7195094865471096668 0.87482061318392079219 0.016312464040096830847 -0.48417228159542602395 -0.11886117140967258909 -0.96165626237897805506 -0.24716240603702099854 -0.46963913452700700724 0.27377205215990108034 -0.83933780254237344565
-2.5179077832643801393 -5.8441612871223824754 6.5776479032700851945 0.21500378764756775118 0.0082804220211688643605 -0.97657811050044729395 -0.95732441690643943488 0.19954565382789443695 -0.20907293663548404128 0.19314070542528699592 0.9798535434693653734 0.050830121564758412589
2.3801377195634239037 8.8568456717730796868 -8.5062198277660066026 0.97453952427714651829 0.016216761258058553369 -0.22362855872231798826 0.18711945028188284312 0.49066475433878586898 0.85101962972416778097 0.12352743398978835443 -0.87119751807720713366 0.47513772482107430317
2.8614899209452162587 -4.6296197784183563684 -6.1018889524455479645 -0.63041727641836731166 8.9295103926084079017e-05 0.77625643290062107393 -0.085270771205290127326 0.9939403459556557241 -0.069364863291906109222 -0.77155878141027101069 -0.10992079288212791566 -0.62658955155734019637
2.9509240751895498001 -6.9315949294266054892 8.6206712043194180239 -0.99921256502524169463 -0.0032131005225097299116 0.039546502759324475562 -0.039668119703929721753 0.060030712631822968905 -0.99740801772386911139 0.00083076748015524504165 -0.99819135917218793086 -0.060110900005473713592
-1.6919395749312875488 8.7647955699967798893 9.0757156516896060339 0.040064971981139743673 -0.0026907752812449794132 -0.99919345361582223575 0.94500810290125258906 -0.32474115998621549961 0.038766795869798566232 -0.32458355391385285138 -0.94579910062297223305 -0.010467941032182244421
-2.7132405702782396162 0.72434687979964795801 1.015458560437832114 -0.63654362192464819525 0.0023700657820668841018 -0.77123705835198963499 -0.64613725446861147717 0.54435216855527024382 0.53496482592449190463 0.4210924670128546321 0.83885344332435263226 -0.34497251317751159716
-0.89927675305472432044 -4.5470681671018136072 -2.5066182581171534416 -0.88570804735525454632 0.0023349726229216589621 0.46423679599223938164 -0.077716223371543130538 -0.98662160991051839343 -0.14331080727793485408 0.4576914282300185155 -0.16301026581359542855 0.87404016484623681116
4.4294486629616640627 -1.3485032698125807293 3.8797667596142435542 -0.72342365304448019714 0.0042808532668275507682 -0.6903911156085109635 0.55981006247439968337 0.58888858872718263804 -0.58294332830849038274 0.404067954889023917 -0.80820288564328657266 -0.42841239882800274952
3.6046696016605457302 8.9372788123233863899 -5.136815885166522655 -0.27398222003560679383 -0.0067478200561931801771 0.96171108448886033493 -0.33665047086512411845 -0.93603691090537677333 -0.1024761527801481692 0.90088856334787170699 -0.35183713326908561125 0.25418581408584345338
6.4023520786295007312 -1.4546091625224175647 7.8080574960039141885 0.52492041839389813607 -0.0027963062017940156639 -0.85114671768444638555 0.57078406933241387922 0.7429694903657717564 0.34957385854983930029 0.63139852751590197499 -0.66931944320831515682 0.3915959427695731021
0.23606218855534272238 -5.9983815449327124725 8.9226512018474650745 -0.32367825836373664838 -0.0044537098630271238636 -0.9461567256703455886 -0.74254421476039100813 0.62094839622266373436 0.25109993698633420456 0.58639617511427732932 0.78383879318196203467 -0.20429457191613228928
0.59156440159690149017 8.6606892130668278185 -0.85603820355372362005 0.3658594645249769739 0.0029603827434534083288 0.93066540085658433501 -0.024564654184343628907 0.99967726198367268253 0.0064768539855259397997 -0.93034586578451905492 -0.025231092064097376815 0.36581410854552587342
4.5232390673580615825 -2.4317030164310646789 2.5638522715587437339 0.36199647405620372087 -0.0023235269276802804871 0.93217656803488424533 0.70450380574309112713 0.65552877275951748626 -0.27194928898200393386 -0.61043668014309915293 0.75516662353876184977 0.23893603794457352052
-3.2176811330147376822 -1.9325929634572280857 3.3279759005858307042 0.99695433067307026587 0.010601991238150774988 -0.077263577019941423463 -0.003249333194470859637 0.9955029952004620375 0.094674327993147303073 0.077919858739087549671 -0.094134926190867079798 0.9925054716651952047
-6.7633385177572327152 5.1346332012480004892 5.3024843299781254657 0.34694854038554628906 -0.0043664757157912490598 0.93787400231296591535 0.10216062561512358198 -0.99386306473796748318 -0.04241951347499867131 0.93230355405233533705 0.11053118310856571704 -0.34437325776310323544
6.3683212630362504569 -6.4857756329422162622 4.4415616278475429368 0.39096880964940999847 0.0097955269807331914189 0.92035180096113500259 0.56925002611519304185 -0.78833068190104638173 -0.2334290978890119217 0.72325500181422508472 0.61517378327143934502 -0.31378881230251026713
-1.4228115756815520321 7.7348933827015580178 -1.1748774080394015495 0.17074660871876343182 -0.0017068227950858827491 -0.98531349446079463661 -0.47777464510842659884 0.87442744941700289996 -0.084309099138905219117 0.86172906653004333055 0.48515329789879330091 0.14849004490334383188
-0.53640567491881985251 -5.6467628035916987983 5.1257877893751890852 -0.89874015188302747159 0.0038303084112920604554 -0.43846489954209910689 0.051627034561124829359 -0.99208214904705560588 -0.1144886843516353947 -0.43543172679006847403 -0.12553222008564199341 0.89142631385042492287
3.1659086084534875383 6.3244118263651669665 5.1052236512289672632 -0.80683219382152282506 0.0095346454151630823104 -0.5907037341595486879 -0.57990980009713322119 -0.20371030383940502695 0.78880082141236285143 -0.11281150102940608326 0.97898478162137858583 0.16988926566757708847
2.8004742273446345813 3.1573903083341026132 3.2808809878642937186 0.97280774546473813835 -0.0029871706948296416692 0.23159483408533859672 -0.18307938897824715951 -0.62239285326781290664 0.7609921639100123425 0.14186975609737226267 -0.78269931200448505937 -0.60601547776629571818
-5.1772320585505289259 -5.0939623332086485519 -7.7371176465061335392 0.064148408094527778478 0.01569622789072046623 -0.99781692217009632095 -0.96152542884835523473 -0.26666742567540346887 -0.066010103480918749796 -0.26712137955758652463 0.96366078705833202456 -0.0020139685938711975391
-5.0974528639564455901 4.5502904471094467453 -5.5561784138271601563 0.53521081820421390063 0.0029017730013374837955 -0.84471353711819618937 -0.37020638987090459526 0.89964867955106764263 -0.2314724222904530615 0.75927373784172358384 0.43660489357733872628 0.48257596078583886445
-4.6389560348754743657 -3.6821589449812495154 -1.7655250911502593514 0.68701938930707617814 -0.0074001980891455322945 0.72660140089606684022 -0.12525621120758156923 -0.986185957875695407 0.10838882803238915342 0.71576199973856879932 -0.16547656497696655586 -0.67845579529800170704
3.5877775361833044165 4.3530578618171649197 -0.76997639177548227174 -0.26705344935811509144 -0.0014485558312759385172 -0.96368063012165927628 0.70304424886240191039 -0.68423035068190141139 -0.19379786208028731975 -0.65909880847035040574 -0.72926451229405919729 0.18374447415151257124
-8.3691817119647833323 -6.1207661873982068812 8.8929100136680325761 0.99889128689166029051 -0.0032555641145841683962 -0.046963797488356648357 -0.035909004083313295075 0.59241881375795713005 -0.80482948040674007206 0.030442411172346407061 0.80562357860732602965 0.59164508718838682011
1.2423189927555016165 -4.5945183409774363881 -7.5493414930826867604 -0.97093360344949153351 0.0089087964676599420977 -0.23918313284594228119 -0.23533240908543165415 0.14677154867470743049 0.96076884302797338488 0.043664572899675679896 0.98913029770846749855 -0.14040890010378151431
6.53774872419137143 -4.5661064639938917509 2.7694375003664046808 -0.90932356389796153984 0.0024160521030277713403 -0.41608270672040753579 0.33083016508973506209 0.61067499114778533986 -0.7194633118188082932 0.25235304239565969908 -0.79187765335233972763 -0.55610046225009202026
6.1915745429390218746 6.6132882593463309107 8.0464160402844981945 0.99049286711584272336 0.0059406283372858414982 -0.13743576364246015697 0.013143032034374873412 0.99041019982694233903 0.13753143927085076381 0.13693480529788901179 -0.13803023224635407873 0.98091616057863884048
8.3883691268249709339 8.5342332282020390011 6.011693340168015709 0.13540919991415456547 0.001618795717543078036 -0.99078843759866641605 -0.80115946851763719661 -0.58816956110967766325 -0.11045394238499596506 -0.58293040286396935468 0.80873601804557437855 -0.078346656167017456052
-4.8653409191274095136 -8.015170459278470716 -1.1666176305965281212 -0.34596213103777151421 -0.0048226435639451984208 -0.93823608222918397637 -0.090349388609543668238 -0.9951683729790464783 0.038430422846915064661 -0.93388821165370594635 0.098064527385535282811 0.34385484815970535077
-5.2309709363877328059 6.4870273055444611643 2.4323539336859636428 0.35947456560316393137 -0.0026741763310278322124 0.93315105179438273542 0.64775063773547214563 -0.719111124173735905 -0.25159153881406781661 0.67171210201816455854 0.694889948028260096 -0.25676995955900666635
3.163244928185604099 -2.401506893946334209 3.5707738202213330503 -0.59095209297710882268 0.003365668746989446472 -0.80669963188273785537 -0.57051033519435423447 0.70525459701079518116 0.4208727964973246749 0.57034514220986531896 0.70894613735400124899 -0.41485153138035918419
3.9734066198908282175 7.656885005235387176 1.9876663349664815961 0.52082466846400576888 0.0090366862531419869103 0.85361584042307803166 -0.78032379075464186613 -0.40045329822638503492 0.48034564380428845798 0.34617401159163474489 -0.91627260912963326422 -0.20151441501114678023
-4.4943026906270340248 5.520073621069105485 -7.8088153726611988503 0.95071169805438560108 0.0014983178297498902024 -0.31007260799064134682 0.013277318169572971743 0.99887444951777881741 0.045536215506027766242 0.30979183334082932566 -0.04740874543881005293 0.94962173040178432526
-5.0698039079060510659 -2.5602686269869407987 8.6302633075754027203 0.9527393410084071812 0.0031556296607280084031 0.30377259602608674971 0.031502372266939686341 0.99352888278862683258 -0.10912359784531912299 -0.30215120161350067507 0.11353590210415212547 0.94647464324041019612
-7.9277795832193627135 5.3825516036637699457 9.1434453055978437419 -0.51443370705996693815 0.0057146087506525153343 -0.85751111029970972233 -0.42629712695931853972 -0.86936560699101339544 0.24994839652935893493 -0.74406230961306474292 0.49413640285665649809 0.44966709328693499348
2.7382298346094606778 2.2198370777571714285 -3.2452485246582334355 0.28779706693806106355 0.0077607967893059230657 0.95765997008075576247 -0.82149648985621070985 -0.51198573028933347384 0.25102615229096753025 0.4922564021075074292 -0.85895889425123339578 -0.14097252417044719985
-3.7426034806489396622 8.7983051716404805376 8.3091375653311345673 -0.7429078328680970289 0.0065819215528046069036 0.66936135993339196393 0.58804935416421988403 -0.47133794818883634203 0.65729635299743682797 0.31982168302022684347 0.88192812456882829775 0.346290158919262403
-0.97665544297675188634 -2.4748267569144037914 -0.0019654154094882053672 0.60846679067656972428 -0.011817749414265010105 -0.79349133923597947593 -0.37545993187118659185 -0.88518617897921947346 -0.2747276253010825231 -0.69914090439834297719 0.46508684064724920004 -0.54304348486460973788
-0.98430396556060539837 2.999811295965061575 9.0323761636207837711 -0.96410766725140151223 0.0084960047098428977119 -0.26537562783898266394 -0.01288878626337701741 -0.99980716373918243622 0.014816022548683444038 -0.2651985767979487818 0.017704610684105746843 0.96403125552259660846
-3.5123292521068325556 -6.8020120085076207772 6.6106495162041341018 -0.35296063849045450356 0.019219762033761581682 0.93544074554390155285 0.36252679154864325684 -0.91888070164212476421 0.15566817773503391353 0.86255035394218404488 0.39406707157199161173 0.31736104048382063336
-8.6099596421558253212 4.2568411194692821198 4.4584119449073655872 0.49709673097325046687 -0.0030799327587167253661 -0.86768966460942242858 -0.84430990448305753837 0.22887995314695119831 -0.48451496596017695762 0.20008904329758517293 0.9734497835337799776 0.11117505876133285114
-3.5251674095255562946 -5.6947131055328572558 -0.7556344798970550114 0.78805678100309750622 -0.00056307614479568415117 -0.6156023008892861359 0.13621671364631471324 0.97537081444081152881 0.17348423922839042999 0.60034283275322486428 -0.22057075346113177994 0.7687242846945477881
1.1263943251412860125 -8.2452926585367567469 -9.1110023013203029763 -0.97558850027160415319 0.0018345610071242080853 0.2195989811543932746 0.21549723557316302625 0.20053942685464548612 0.95569078667593909682 -0.042284980766383713224 0.97968391466973447912 -0.19603930151590492903
8.5450090204313511322 -1.530914192337196944 -3.8728504196296351658 0.36453192769179743049 -0.0080871545035760654396 0.93115577194433241104 -0.7953844545222863438 0.51728926536616093301 0.31587241956405825993 -0.48423139427096356657 -0.85577240775166896203 0.18213605610479241537
-8.3404821423389989832 -6.8984447106902262448 -0.23556504420314780535 0.45281157500803426164 -0.010581692584227723672 0.89154343995173968018 0.015340914381552106516 0.99987401387548413556 0.0040758707559063415277 -0.8914742474601793365 0.011831490123184778412 0.45291685987258162305
-0.61622547905008862035 -1.4208284915911313373 -9.0594019889505776888 -0.31083501028523374821 -0.00075790026825524434324 -0.95046358266263109016 0.32066956750432273893 0.94128384363054806716 -0.10562080380781674327 0.89473606435516961355 -0.33761538961900983136 -0.29234093766504248846
3.7132193742484647103 0.77853439140427560528 3.1706875570431787281 0.9946552099652467005 -0.0096818327231310424841 0.10279725387562121952 0.070930060969478403443 0.78756501749182750149 -0.61213582616448636298 -0.075032924373896373038 0.61615550418573572511 0.78404238082004695798
0.62838220229879604428 0.26513855432391630895 6.7148985658714011038 -0.99994394187971502586 0.0024482204208075824398 0.010301422938541433122 0.0019785740429451689933 -0.91256128518357315649 0.40893518560875824486 0.010401843228147958018 0.40893264359887665504 0.91250528472808212221
-8.0316446008588791017 6.6876979583403413088 -6.8106789241280791813 0.92546985859400698882 0.0014618669360063187099 0.37881843115079721906 -0.2390221925017587401 -0.77355374206051241703 0.58692674128553157242 0.29389442377509422677 -0.63372902023605981459 -0.71555125363910598857
-6.0251141067647004945 -5.8161996124427739474 -4.9418774982675230945 -0.76792070446604288048 0.0045474317455262616011 0.64052877571347122121 0.31082862654282217285 -0.87170429820706707424 0.37883661571832000226 0.56007442056739165093 0.49001116043613840434 0.66798630680131787507
3.1145244899445314601 6.6438445450912224644 -6.1018448202039490269 -0.22348213812187134319 0.0045298842759469350877 0.97469749875995326249 -0.095393158856625012709 -0.99529026097300443698 -0.017246496909859937441 0.97002880327525775606 -0.09683375734085647446 0.22286171554441736031
-2.1005159627344647255 3.2996399178653006423 6.6234682793061541162 0.08251771845580467557 0.0013035347133801330338 0.99658874513910200577 -0.83960073720361161342 -0.53864574971153866834 0.070223631384716808657 0.53689983072073588222 -0.84253133895117071628 -0.043353369615803431791
-7.7680563766942372084 5.2014520923353515514 -1.4368442250295743179 0.24459017525874016119 -0.0042194951349352723471 -0.96961736887674654373 0.2945147137737681442 -0.9524225305490112703 0.078437278594126719211 -0.92381639384534097736 -0.30475156958292215492 -0.23171049026531440052
4.3738920437896169346 4.5026197130092588949 -4.9262349009814787593 0.7289323541345239521 -0.0076221634635939578689 -0.68454329718419548723 0.66363015954287996045 -0.23764563883164238622 0.7093092144401638155 -0.16808519994613757564 -0.9713220130152749876 -0.16816929740787059377
-0.79263952023336514685 4.5227824793143280857 0.39907697892262999906 -0.47897622617634733055 -0.0094158138267686243561 -0.87777737337440220333 -0.86331636933945210544 -0.17601427485298679065 0.47297338347792916569 -0.15895477718085371244 0.98434258136990382404 0.076177826914986257467
-2.4016511120796950607 5.5287994562220230677 0.87045956563656534666 0.12653662063755344303 -0.00017950088198114520777 0.99196192034626218259 0.4616358944620692073 -0.88510209095152325709 -0.059047349958537102832 0.87799816889427517719 0.46539688049279648308 -0.11191496345798554457
7.38816055836609209 -3.2799558548114959855 -3.2352491813489954176 0.48615592319245765074 0.0057930797400634753691 0.87385288153790452448 0.5571513317604237514 -0.77243338593051635854 -0.30484267715941804067 0.67322716215427835795 0.635069369854505128 -0.37875068793377952847
-7.0184429671054937572 -8.4047038109297140807 1.082003256370702271 -0.99946966350208055196 -0.0009661192335358483041 0.032549321850456960914 -0.016056399950800222254 0.88422369817223522848 -0.46678757868157111366 -0.028329909281728404835 -0.46706264912144956902 -0.88377027446925549015
-8.5689143512017391657 6.4951229482888788169 8.0875844848996454317 -0.26977863715037164738 0.0068103424370750051398 0.96289828443774749811 0.32708979904176493925 0.94116404717900081778 0.0849852908485061731 -0.90566646747023737962 0.33788142229744327905 -0.25613354752194711361
7.4147578532877602697 -2.0859352157895449942 -3.8730340405801451098 0.38043267175244477318 -0.0024643039687962408658 0.92480533598650660476 -0.54794867563077787054 -0.80616856476857401415 0.22325880509710518962 0.74499881284326685549 -0.59168080278546331119 -0.3080431730737382412
8.2027209523465227647 4.3889873949185087554 6.6016024774197026304 0.85637221729007795279 -0.0028787962767202884828 0.51635098332999507242 0.51064208699115232193 -0.14366959617809957339 -0.84770496408097195662 0.076624307155702550687 0.98962152344531595372 -0.12156461609735388918
-5.427035856058019192 4.1857267999604275133 -8.5085058879050432523 0.76103439706787523455 0.010074133850181455491 -0.64863330033747557124 -0.63832355219912884081 -0.16659089814806296581 -0.75152545889145005997 -0.11562737213670988556 0.98597463683476382901 -0.12035084682458840888
2.415658692348781944 1.9939661941342885498 5.1810472751689378157 0.92680213340693140545 0.0019686774182773635403 0.37554484395555542964 0.26801030377079487765 0.69702822735926883713 -0.66507302406371648917 -0.26307467112033411372 0.71704098528164972315 0.64547962232829780849
-1.4208655318989245053 7.7210101748238590957 2.6291958044238561421 -0.9866122451430714424 0.010994157879661854704 0.16271264925114167776 -0.048530054354395300853 -0.97231814000033978118 -0.22856567644941153117 0.15569557334172681728 -0.23340214891685800991 0.95983453017839592825
2.1866377304216499944 -7.9759502246886473387 -3.5289520666640847857 0.25006696418081392208 0.0014983143602307854615 -0.96822738469800895267 0.9546809469583649177 -0.16708023681333322719 0.24630973180265655631 -0.16140261131649230597 -0.98594216337485252044 -0.043211659766733474808
1.0940086015416330412 8.8421083995160127955 1.3184057304817689005 0.98610170618200565507 -0.011319829449363418006 0.16575670884265125693 0.088590907435946719684 0.87983494323425615047 -0.4669498086339791687 -0.14055275232001915309 0.47514454024534125143 0.86860957264463845018
2.6649843457603648034 -5.9761765767462700083 -8.4856445576057346614 0.96928377240837426676 0.010994709016727404263 -0.2456991756585517328 -0.086778551498393863284 0.95003803547901599647 -0.2998286412979920823 0.23012703349561686172 0.31194045508146378554 0.92181055588318161487
8.0361002815999675875 0.735559477408551321 5.1147355594807626389 -0.98381839693300621175 0.01238711424590383664 0.17873981441479971921 0.12915150426579177778 0.74047491808462506668 0.65955802218863401887 -0.12418232886466265552 0.67196983197773241248 -0.73009266131734673611
-7.8680385412216793384 3.1951359976094813042 -3.8443047722072263284 -0.33927853638239174883 0.01194716054729573311 -0.94061008930634526504 -0.0087248916122924999317 -0.99991630123262476015 -0.0095533656618521436976 -0.94064549699487121082 0.0049654691593054717247 0.33935437686788305633
1.8887624241298652805 -6.8300991085393780722 2.3678362387205127426 0.12931887845449405172 -0.0022589360879032463307 0.9916004865281828895 0.39663399221854145349 -0.91639810706516178218 -0.05381436224627095255 0.90882237202431837009 0.40026167262795181445 -0.11761160458471518753
-1.1414546693474014738 3.3161283140380981571 -0.48498774050926735102 0.90114914714029592524 0.0062246299308709417131 -0.43346449519041985177 -0.047171564305591801025 -0.99255175345312995905 -0.11232034650122248165 -0.43093509735153645579 0.12166458276511415981 -0.89414354058580103324
-4.5229011396893890051 -4.6872799930620221431 0.29544143662261973526 -0.87952103232970546554 0.0028947760937213062697 0.47585120989778856293 0.47582242047598555246 -0.0072196313641785317405 0.87951174016911159992 0.0059814598792436264249 0.99996974813959405015 0.0049724182629466854091
-6.4915734099941522217 -7.1336675867475740631 9.0799143988118657944 0.72638442703045991156 0.0066120553154655351338 -0.68725682600615745077 0.68438325673157396345 -0.098806063998311266516 0.72239664978619666513 -0.063128615325613049447 -0.99508474133686020124 -0.076296366135059356939
-2.9266389256681111242 -6.7412002201665321977 -1.1880702953647561682 0.45141833690082538988 0.0066643400818310639944 -0.8922875498856767118 0.89147430236401925541 0.039962753054431823796 0.45130538063833075535 0.038665919547088437036 -0.99917894540456198005 0.012098831596613993447
-2.3217637342917343268 -6.8165289556366648327 8.6480409313861201781 0.082173752656433715624 -0.0087463421592227988399 0.99657963849997532879 -0.3897290499823399812 0.92005131065135326018 0.040210115253422766546 -0.91725609399671792499 -0.39170025180960649225 0.07219536521224820258
2.7898569352007509536 4.374066155075642115 -6.2742213248242579837 -0.81006335347099289734 0.0060516495912949878899 -0.58631112977719512802 -0.21195004209382431459 0.92930865565055142952 0.30242784625344221183 0.54669419515823625133 0.36925438395541393399 -0.75151623862030358936
-8.3145355861899545857 -8.0743284831206629804 -7.9208975488499406836 -0.83672286717309896087 0.0033311531712936466934 0.54761642320883652246 0.39125789599797444751 0.70329856249434485882 0.59353887051501652561 -0.38316067435034417699 0.71088679507473528929 -0.58976932967012929421
-3.8325876312400559698 5.5828023143517819804 2.7926694742107120994 0.37894154431843662945 0.0027976186846251859495 -0.92541638159219885562 0.77024290657212679534 -0.55525152136312327933 0.31372219063868300726 -0.51296117871103430463 -0.83167777495469596971 -0.21256271493754075319
-6.0994057681851634456 3.0624773458661662673 5.7897961589219200107 0.38941258095330771871 -0.0025129285251216946021 0.92106000183778136137 0.46672245251935162713 0.86264507724935046706 -0.19497082605292695434 -0.79405792868649305305 0.50580347555908811152 0.337097686142667885
-1.1210079047981462708 7.7468239975763060201 -5.1220451354348179862 0.97887491165817730465 0.0098007188677706226498 -0.20422500639251991994 -0.072365808938348624713 -0.91758705155975517354 -0.39089281460076963359 -0.19122525205395934922 0.39741407715315768545 -0.89749370708519482509
7.291197729546862405 8.0596151812973690909 5.9041947000947789803 -0.046958283194560357376 0.012418922387599420215 -0.99881964838813286356 0.60608670661652708223 0.79518090163296695216 -0.01860746465908585251 0.79401122391429368452 -0.60624508579033498101 -0.044867273739487033291
-4.4415227730289021935 7.7591061568788823877 -4.2069350019710638477 -0.18738422990541656055 -0.0035568848316320589645 -0.98228025479137948128 0.95844297820413781874 0.21833001694812284588 -0.183627506737275209 0.21511440656980138075 -0.97586851177282840641 -0.037502530799877364931
2.0753244008664020193 4.3685882420231303414 8.1201160834089325391 -0.89768399209720195486 -0.0054094918009325552999 0.44060661335374484704 0.272308598588000772 0.77932057996595238691 0.56436465230920518366 -0.34642672741503766076 0.62660208349444346254 -0.69811055821604317551
-2.1152362128463213509 -1.2079927286402070141 5.5508672177162319272 -0.47605012666179208347 0.0030292567916303395417 0.87941292946412263909 0.14929031209340101749 0.98575790656058925876 0.077419328130194642323 -0.86665372532530826621 0.16814331166134569018 -0.46972241496774558289
1.7534706553478949242 -8.0650375971654799656 -5.5341197078876840365 -0.99127602081358634489 0.00016257426343128976789 0.1318022159515009617 0.10126567101335215426 -0.63913223844283673092 0.7624009743286054297 0.084362992089782012917 0.76909684393631450039 0.63353999890522449956
7.4408700304547128468 4.4625647681564508673 -6.9125564786704778442 0.17840857068126603213 -0.019013175397918670451 0.98377277918671723889 -0.31337411725918690175 -0.94884929306565224394 0.038492618534096953442 0.93272023916057555937 -0.31515633931566822135 -0.17524108322429510221
-8.17801276754645734 -4.3716143973942065415 -2.9376273759808340102 -0.77134900244295123706 0.0012932423309077525908 0.63641106523590662558 -0.63014268344768997743 -0.14157383500945153187 -0.76346384835035585592 0.08911181138137248825 -0.98992685424980031428 0.11001776359943274408
-6.894474663000009329 0.99898413388900797472 7.5545905472565308969 -0.95943687449071823892 -0.0069020746557310556218 0.28183904135726217666 -0.031078212346588935527 0.99619684303704680861 -0.081400212779348779524 -0.28020533289908516883 -0.086857419306811428639 -0.95600248960265643561
-3.7151711958653828027 2.620656467461062622 8.1773591097360966984 0.87512311887738170046 0.011576181795569486649 -0.48376184101427999185 -0.043662989674703750476 0.99752482792966112868 -0.055115886970583970184 0.48192641568912181205 0.069355675174615771805 0.87346248928148828572
-6.67193075335418051 -7.0859621595207178402 4.6993708764155739388 0.85822001946791148796 -0.0036168879702579721097 0.51326924348349411975 0.48016854255772967175 0.35901014652508594915 -0.80034360460359044165 -0.18137411315418872082 0.93332664850707769411 0.30984641076512814406
-8.3082199025571998874 -4.5313799201065325661 -6.5838791847739761565 0.64552222226211086742 0.010281132540858082397 -0.763672285001569362 -0.71745132631561170378 -0.33465558844348275436 -0.61095763477606468417 -0.26184853433519178489 0.94228442385358945899 -0.20865140696695877454
-8.1671501979218064093 -0.24930209916245871238 5.7752571451842698025 0.99524396496226075204 -0.011533970560429981228 -0.096728577623787531659 -0.065440872660937413063 -0.81469997632772839236 -0.57617830639192768594 -0.072159146277001776082 0.57976798471002244373 -0.81158002779390858716
-5.0870910373290882944 -8.1155700800715457888 -5.1339441679790454032 -0.61705471231734765336 0.016283557903115274124 -0.78675175738520108926 -0.76303574262773066206 -0.25683331424814170862 0.5931383516219583818 -0.19240565864666761553 0.96631852638465132177 0.1709051435342833769
1.545141953248894362 3.3904463096278907308 -0.22626461034346237455 -0.30055290524436173438 0.0030860444029349931236 -0.95376015196634456039 0.57842518637436390883 0.79569579132583112546 -0.17970117260062593023 0.75834837305614710701 -0.60568860315840022945 -0.24093372758279804624
-2.9972980369277819612 6.5335836511164622209 -3.565380752608101389 0.56052324890005111868 0.016397233740039495603 -0.82797633913551960116 -0.70865787207684205473 -0.50783448089258365066 -0.48980420614780811883 -0.42850636843137607235 0.86129859557671395454 -0.27303300436334376755
