1125 17.292696884352682929 17.968806560800352656 18.477561601407678893
-5.2560340238047960071 4.1726942980355978818 -6.4879891908739173445 0.027213808919278277554 -0.0063440108635158896228 -0.99960950482190580324 0.80430623832080094804 -0.59366051844766110079 0.025664446903349558832 -0.59359151240771723668 -0.80469058796722880977 -0.011053236398328020879
3.4427058000224572964 -0.37817899469868604401 -0.41368705891944967945 0.83746446596732915246 0.0027947680515224286764 0.54648463611865205625 0.43379167305194793469 0.60480359863109867113 -0.66786030835304999176 -0.33238238917382179061 0.79636976107484813703 0.505289175633763743
-1.4384559276686350593 7.4904723600728351229 1.5688425928718288116 -0.32400594055626286139 -0.01810278809723620333 -0.94588183170384931842 -0.82263553942638822924 -0.4883757766581975357 0.29113548400382704973 -0.46721613815976514861 0.87244563718152767784 0.14334465600963319787
7.3508590088524030648 4.0176792182245417706 -4.9787785805570070607 -0.9953264035406736987 -0.020417643826334992696 0.094384692803664640981 0.027275064128364626126 0.8781575505814110949 0.47759332829713652124 -0.092635961115793169496 0.47793559835768006927 -0.87349650401748568651
-5.5008963139002107212 5.3333126128953942668 -9.1688471660817807418 -0.9497279286309192603 0.00092209001438018972294 -0.31307508896189428782 -0.27571174009329812993 0.4712962775916074154 0.83777255571170150539 0.14832362574220483986 0.88197447155712882516 -0.44734900644612984877
-5.716876939753552378 6.4246087689652009445 -2.7364964352789598045 0.99935007976197143265 -0.012668582837789987838 -0.033747964210478688385 -0.010954479621403339848 0.78520295031025288957 -0.6191416043203413766 0.034342647767600563424 0.61910890304775212378 0.78455385328924109878
-4.4916856224734793557 3.0365152279015057424 -7.9338375074685583144 0.2763718392935273771 -0.0086167775833534791807 -0.96101215267529138675 -0.25072110186195306625 -0.96597827544332137695 -0.063442103153074497213 -0.92777019542935224017 0.25847963655850181297 -0.26912960067209751314
-4.9374655280846910799 -4.7064434763864175792 3.3746665488290128465 0.42280051400405399553 -0.0058658583112519962349 -0.90620379444380083633 -0.90565764894034517241 -0.038044798148873626431 -0.42229943908281436515 -0.031999191766901732836 0.999258817844518199 -0.021397819659555106925
6.4214442304964070019 -3.8632835357660222364 7.60607544329070695 -0.35055450592415426936 0.00059891449452016253668 0.9365421398301694289 0.64556495953380110819 0.72462397236256148592 0.24117624613476459916 -0.67849644169917266989 0.68914420840568879623 -0.25440683682379161556
4.3503141076358975425 -7.1214533439596143793 4.2389222137135327273 0.97390315163495166928 0.0090988834840231291867 0.22678152824904251883 0.18257125409536495431 -0.62500870229277927237 -0.75896762726514743758 0.13483467066635568266 0.78056475220046062091 -0.61035913953078391181
-0.77656004480516027666 3.7005146090860194796 -7.6397211164440577136 -0.056195503623753681466 0.00070476066158818486546 -0.99841953540835692849 -0.55328749263795773405 0.83238585881553683876 0.031729048744256665993 0.83109266382455038169 0.55419607122053216042 -0.046386407286183442555
-7.3526666065173928999 5.382535343771914782 -0.51603771063971914934 -0.98993007974111080216 0.0043083628005092357641 -0.14149160834965271438 -0.082075315710590276974 0.79691018246834566252 0.59849628539311583442 0.11533464255998873704 0.60408244394965115998 -0.78853175024055133235
5.7825317916730210044 0.75413204096827202161 0.61582725422753703537 -0.1549291431764126814 0.0058478697626848773899 0.98790827661989333297 -0.55393391340321151972 -0.82851596300112628768 -0.081966570225683196838 0.81801844733282691458 -0.55993490824550207208 0.13160060163852627113
-4.5352290747691501593 4.1511891125289954729 -3.5950587900317310108 -0.29543394045164922401 -0.0060800338386085119383 -0.95534382293387232199 -0.16519375449291678892 -0.98459222705762949879 0.057351285024633831544 -0.94097279998190352934 0.17476034906686138681 0.28987757776066697124
5.8043187747583830927 1.886552675786413058 -0.21690270920530307919 0.20385028690200618362 0.0073129715437810901765 0.97897476013280260165 -0.19271476647812402216 0.98070637662236592735 0.032802768691906514231 -0.95984690410035333752 -0.19534974609585870065 0.20132659384453893692
-7.9171500346618000066 6.5821963495619186801 5.1414135152241335902 -0.93442809182614705588 -0.011751890285968980346 0.35595791082744221434 0.31556882317237078261 0.43601490613754956271 0.84279731814196134909 -0.165107416694343756 0.89986270880643004499 -0.40371604656224968632
-4.553782338969326382 2.9058892620375167404 -2.1380583319481885063 0.1868288801354219264 -0.0094463517346766896765 0.98234705475516348461 0.42401896761360208243 -0.90123904811070276732 -0.089308976390929481481 0.8861731685460479957 0.43321928004070914264 -0.16437204978263150745
8.2997064729322591603 8.596144901343885536 -5.8986615135712359148 -0.31385551858948396164 0.0073343027567397810901 -0.94944242661373368097 -0.93768850806349235416 0.15465054778555889503 0.31116469901859628022 0.14911396747639213411 0.98794201048068819304 -0.041660636465534979511
-1.797009475326920569 -5.1099128209606003992 -7.8732863821933483095 -0.026181196101479519561 -0.0037437739241953315282 -0.99965020338482246665 -0.80731339066550589223 0.58981908976679697787 0.018934904233513922406 0.58954188504505533608 0.80752673361515581174 -0.018464568074092729127
-0.082410652929654326648 6.214522470020376943 5.6921842715032049398 0.31536594083187219351 -0.017973450123960038605 0.94879991486816195323 -0.91989686267084036508 -0.25137722123817662911 0.30099710080184327587 0.23309672973188458323 -0.9677222988716275287 -0.095809534259876538709
6.3619548558164744634 -7.1759638943542807255 -8.8681662826759382057 0.86346211667203975892 0.0012349830088746304585 0.50441218055166303635 0.16710412446963704425 -0.94422865535788536029 -0.2837401240327685481 0.47593002075646767546 0.32928820388507362704 -0.81551204413228906009
-2.0613584129582926963 0.71612427225779851092 -2.2682645803854226685 0.71678155783514729826 0.0053683382954649834853 -0.69727711800354330585 -0.35083400823321336803 0.8669594412203951439 -0.35397291696688787388 0.60261073423438726859 0.49834978501342153123 0.62330393449964494046
-7.3590605031242288803 8.5646786328469310945 -9.2345928213488548408 0.16844708631702531854 0.0026578819958251800881 0.98570711409363265254 0.98431442690455883682 -0.053660663849429829364 -0.1680643987965342312 0.05244700276364688829 0.99855569139573441273 -0.011655174068615242744
-3.5388764881864096523 -6.0178986206751581278 -8.8739442483920871751 -0.81306490184380975084 -0.0013232238998043691428 -0.58217155072048931697 -0.17444599985234923722 0.95460165160281251762 0.24146279194330086404 0.55542241449657792085 0.29788241948125643299 -0.77638392927649979569
4.7395721362887446304 -3.7066484176699203701 5.6036494013523059365 -0.93504454826992744465 -0.0052394464581117065893 -0.35449152451286752852 -0.033329354177650233337 -0.99416345046905807425 0.10260695834808294946 -0.35296012083628014455 0.10775705059140898434 0.92941248708385282296
-6.9993332024604448804 -8.2223396864427851227 -3.6046417865819453397 0.94738077143334875618 -0.0050565553612372301368 0.32006890690312866932 0.31289053388529702859 0.22576630987651602478 -0.92256657598793934127 -0.067595767051673166792 0.97416836561909248005 0.21546880912099222738
7.4860674836317304681 -6.0619578555431115063 1.408744064354607417 0.36288849321797550518 0.0058624982356740669084 0.93181412985871359123 -0.13345760684675639363 0.98999818693018803994 0.045745568635323849427 -0.9222261158004991799 -0.14095822427058463111 0.36004134532827070103
-8.4707138379255635385 6.4692968117673199657 0.5493657571166725706 0.57425195755283187093 -0.0011213950264559900336 -0.81867785588722874479 0.76104249510402943724 0.36930441349561193842 0.53331845160117252735 0.30174328475104383873 -0.92930780296187431855 0.21292721165165440222
4.6001302631072853444 -2.5519607207474237498 5.203844507817894538 0.95510441035650661679 0.012473891050481362985 0.29600670154399882916 0.24462217108552006262 -0.59684902818515672696 -0.76415393146106858069 0.16713933926605328839 0.80225659211768718393 -0.57310452944750589488
-1.4829793356447196206 -4.6720763328327858943 2.7734961444892847204 -0.92951025252572561097 -0.0067078576266636647657 0.36873526424232538901 -0.36513848680988209017 0.15720740366770602492 -0.9175836298029041993 -0.051812893182981170637 -0.98754282787033809132 -0.1485751904656613942
4.4001572072897570109 -7.3159331097555035939 5.5309827367058446157 -0.97729671700605624807 -0.0076720835463045273378 -0.21173631257545549866 -0.17736670749368710354 0.57627289171633466758 0.79777854404954806622 0.1158972734877665306 0.81722132461597440933 -0.56455037737222080185
3.2897561721072938745 6.5119304934110564531 7.0131576764789418377 -0.95253143800937267738 0.0035199793011811385257 -0.3044198898716430346 -0.2203434832496740936 -0.69797045302393201371 0.68138535066074013002 -0.21007762611275598852 0.71611790680805342824 0.66561440380714542719
-3.9979139044538043457 4.2170697021164986751 2.2970194708783746584 -0.99937902636611708473 -0.016451106938413131986 0.03115963317530314608 -0.0074977189693838349263 -0.76477975834690026247 -0.6442481706862751567 0.03442885228061851044 -0.6440817357315399283 0.76418150450492172698
2.9093020409740000254 0.38416275300447699781 -5.9068009729553878628 -0.94691441431124079298 0.0043300422370233775798 0.32145659536523757405 0.029306092006704590608 -0.99458346529895835797 0.099724036848397271116 0.32014722385328087118 0.10385076450511987467 0.9416585229108631605
1.3511157593000491239 6.1872664566980466461 -8.953230888486206851 0.98152403918916841796 0.00050192614234136762041 -0.1913382046619276633 -0.13586777423694104683 -0.70228039165578959313 -0.69881485346190352903 -0.13472382275230088133 0.71190027360964902581 -0.68923689107369578988
7.2469356000171680776 -7.1644984767781041413 2.2568348751501177141 0.15607809094045654863 -0.0048515189968888492236 0.98773280409837205251 0.92035533550783577006 0.36374752023476014662 -0.14364469334180532401 -0.35858846318675069442 0.93148494581834218042 0.061238139936724916845
3.815560326797332813 7.3947516438890481538 -3.8977071985399378562 0.42172824571529299309 0.00026563975611181250662 0.90672223762401837899 -0.47067985854921895461 0.85477739530841190252 0.21866887118607170049 -0.77498758539881662522 -0.51899473398596118745 0.36060880268339490229
-5.214006470765179202 -7.1754972584116494261 -2.8885878661058059791 -0.97144358060649727005 -0.0020127203431758826369 0.23726213068066756562 -0.083281536729072222491 0.93923492907008043762 -0.33301941933593065537 -0.22217460552088844072 -0.34326913198198411026 -0.9125813649696643548
1.580710375031073367 -7.1350229101998401404 1.2374025707611242542 0.89884511396833322028 0.0076659729037406691698 -0.43819937694485594504 0.061108012256799723594 0.98788809822501999491 0.1426285953899553427 0.4339853360810193017 -0.15497850897566642359 0.88748993787106633668
-7.4069870458901068133 8.0857615437196397323 -1.8152614420581592025 -0.81122616524462143328 -0.0020736214486738926283 -0.58472883366280825612 0.015845896181858578483 -0.99970441861328973587 -0.018438627358720798693 -0.58451776397024712839 -0.02422344935745657582 0.81101924027998906208
-7.6301987674990368049 -3.5464608438383646849 -3.4815380540779221619 0.96646717362455847322 0.0072599032171835782556 -0.25668754568795681958 0.10072779211366356122 -0.9302058234790276936 0.35294622517059554001 -0.23620989437763850738 -0.36696651042235695073 -0.89974466712859912931
-7.9510393898390825385 1.8411115882321558157 -4.8442385684667552681 -0.5462249169728896625 0.004695650653453498774 0.83762538819145049285 -0.5554825893276216231 0.74644142940571800438 -0.36642091291397066444 -0.62695887666723371101 -0.66543455225255121466 -0.40511655561864678976
-4.4244330024475289065 7.842559171051295408 0.97005400186318047062 0.81814173017880198469 0.0032443146510433254655 0.57500746409291214611 -0.24616278178976858104 -0.90174237578016724903 0.35533726596542136722 0.51966142266038251041 -0.43226168248495133728 -0.73695443797694448751
-0.71700794857529681625 -2.6237610624984082364 -5.4514165178742564066 0.55735993150504636873 -0.0032313788009971332327 0.83026469571061267683 0.82657874056945324082 0.096362321586458618561 -0.55451049459604950798 -0.078214400152814778089 0.99534107780672986809 0.05637948597865892475
1.2449462492982557027 4.1691505424146200198 -8.3976673005060487043 0.91927381227416626874 -0.0076758495175969030516 -0.39354382144933003351 -0.27624014778626976296 0.6996614033395286425 -0.65891221071386718577 0.28040513336567030045 0.714433343294599843 0.64106002774391956933
-0.49002134768147226351 8.5420588890521802483 6.3020097351889381443 -0.93624939894271708152 0.0025295074033631088223 0.35132700518419396341 0.29650880808104607134 -0.53072499276357498754 0.79398583664078914435 0.18846641533578689653 0.84754031387790718099 0.49614093425363470224
3.684363684378058057 -6.0922404036970441155 -4.0458017672198938186 0.99997561985460692302 0.006923437169210622244 0.00090868836023608222721 0.0065029716504639914487 -0.87593391038657109071 -0.48238728838444300262 -0.0025438271336666010321 0.48238143688672557863 -0.87595757790577277735
-1.6840576999824106164 6.1187823956956224336 8.3171745319615286718 0.35726257726071730669 0.0055885921605019197797 -0.93398726893194705667 0.76996078132344181189 -0.56780978867655385045 0.29112272172895986566 -0.52870014763825201598 -0.82314082119711007302 -0.2071601852827749668
-4.491965982323804063 7.532953820702367409 -3.3458289360577628813 -0.87589697507892916306 0.0042477993994380434245 -0.48247947650431294297 0.0704676472682907451 0.99036544170291196387 -0.11920823196807706079 0.47732462720465435035 -0.13841332334983269536 -0.86775742704010061512
8.5106791202283709197 0.76454521729301738731 -2.5865437480744728482 -0.66111705620222516178 0.0025658607068061133061 0.75027838457262530092 0.72908243194681476851 0.23823486333461060815 0.6416252467898467815 -0.17709614740227080931 0.97120418360445659456 -0.15937185549660204398
1.2147975771027730296 8.5525404951707528767 -2.6326848947932566247 0.85923721174005562862 -0.0044055995467302587823 0.511558407861578468 0.064969075200584161522 -0.99092652047700224838 -0.11765904250436919065 0.5074351517473499884 0.13433250428730350579 -0.85115471276552590041
-0.36455779456808079519 1.6920584522137469552 -2.3841502939130716499 0.76713280678209128105 -0.0056934993769441402667 -0.64146304712237767198 -0.63127383083626842364 0.17103599369833283328 -0.75646549118932981948 0.11402020548822898449 0.98524833058699889943 0.12761316474421571798
-3.5520139702667652415 -6.0675881916598521926 -3.9233405031049395362 0.97242270950081388659 -0.0027513892632291805582 -0.23320914198246761595 -0.1426111559966715403 -0.7982244750928597643 -0.58523477814304314393 -0.18454303626082546597 0.60235381398317855428 -0.77660398566319521763
-4.6845532910794878134 -2.6241594216374779514 -5.6240482066714712062 -0.99993565143002005602 -0.00050492405570070871337 0.011333051267209697313 -0.0091318108775270828703 -0.55690200258205879713 -0.83052800648149960328 0.0067307525154209684945 -0.83057805447271948474 0.55686155586345897905
-1.0856336708938965074 7.544431970402079024 -0.77932289946384825097 0.9859811542636519599 -0.0058482844723182127872 -0.1667541933673379051 -0.16576368173446665022 -0.14853580432512045184 -0.97491513305055321759 -0.019067387202158451315 0.98888973723189754761 -0.14742293696415659232
1.8022857821767772624 -0.27669984894789034779 8.6357279099016217572 -0.99369940919648525046 -0.01084377430873185999 -0.11155221522440765536 0.11091210481017106659 -0.23833298637019406652 -0.96482946296946403564 -0.016124179647860822917 -0.9711229583147727995 0.23803405358075591103
6.4364929999919437975 -3.9636798002488671244 -1.2772579949051783288 -0.53775612736745670439 -0.0039298403065869732392 -0.84309127847104481379 0.77680337044498204424 -0.3910033839190732996 -0.4936525877876190016 -0.32771156699786480049 -0.92038085058252616655 0.21331717871932512343
4.5125447812012380311 -8.5187830218809121874 5.0786602602285153552 -0.96995749438582012925 -0.0027604250521461818485 -0.24325879046448425913 -0.16801402379344579363 -0.71555507696557452135 0.67805030760078333074 -0.17593676958915108188 0.69855086563692692092 0.69359421942846921638
-3.4058859461581092454 -4.709398384217554856 1.3132087334355875274 0.5900316367087176106 -0.0026001943969574956364 0.80737593887349645705 0.72888457284896757127 0.43182121933072464826 -0.53127931824833085628 -0.34726063287602876306 0.90195547202987069735 0.25668342238948899103
-5.5439451714872873822 -5.1219391282021309308 7.7427757193634301203 0.58636677331110431677 0.0041255928901095710939 -0.81003517617440679022 0.45730816460399403844 0.8237048517182934404 0.33523060695956402588 0.66861292968592400676 -0.5670037889991035307 0.48110648875029249361
-2.8634347158853712401 3.0968708706834497946 6.8497588436491909647 -0.79550262460708565104 0.0045392725602154638739 -0.60593313925566039124 0.37290546147472852789 -0.78452067567920857893 -0.49544810649954534876 -0.47761604982017602516 -0.62008604599397165735 0.62239553703265904083
-4.5116083524894268209 8.753950414738367769 3.6475903421311470787 0.9314684977806695354 0.0078023932468896089326 -0.36373831294194008956 -0.19606829041042359019 -0.83140260542377419917 -0.51992973870514569423 -0.30646967735440522329 0.55561572183838159322 -0.77289553402004707028
0.28315101696064470804 2.7789307834416563381 8.3313854269972047462 -0.99023287424131789525 0.0086510614913854512464 -0.13915464026196533442 0.12693728180586733023 -0.35689211996520631143 -0.92548092427369110791 -0.057669586951166057487 -0.93410554748482688137 0.35230816751685756216
3.9157222715460680007 -7.2148157737963760638 7.5103331245662081628 0.56995710615800476706 -0.0025634135225838594954 0.82167044856850324219 0.66751541057056251738 0.58456410950879689192 -0.46120275207866295863 -0.47913680070590108917 0.81134347275691665047 0.33488758624940634379
-4.4490197779222810937 6.4318882357723463628 -5.1239462898994396767 -0.41861655095947747363 0.003056061349409616365 -0.90815793987162862777 0.90815234336334371701 0.0062716361012222811289 -0.41859286642766663222 0.0044163906411664524687 -0.9999756632385780053 -0.0054007799495824383718
4.5519401642389469842 5.2506538393269792664 -4.1706724145936631132 -0.21924172902087438186 0.00073601207506719841522 -0.97567029397345172992 -0.87970432506067031131 0.43233658991368245639 0.19800346838216503764 0.42196370072007705065 0.90171200020179764767 -0.09413874848590828015
3.4696919492411386621 -4.9055955189191040589 1.802735215268261193 0.38744387618707981646 0.0039055203431544796566 0.92188501979149750643 0.76292076474449976864 -0.56273256670439131266 -0.31825141805171225373 0.51753178600603666482 0.82662978731804603871 -0.22100688946745400409
-0.80904102538802258326 -8.3954565217879899564 -5.3437846482222539635 0.80451455278789074654 0.0029738556640784199331 0.59392549241058234522 -0.4719456904350101123 -0.60391029859409695035 0.64230803866371144473 0.36058785286323280506 -0.79704674106021256019 -0.48445112543274315708
-7.7286204497970709681 -1.5698615722877278245 -1.7386696335254938628 0.98511461316058890336 -0.00069683121950577095113 0.17189739196225517492 0.049006364518275481734 0.95963180513174450859 -0.27695699091342862452 -0.16476521226853185764 0.2812584452161506765 0.94538146365391562131
5.4980592885866741426 1.8790627617605843991 -5.2076348616270493608 -0.69122493071353741101 0.00027856644163406704684 -0.72263961803961085373 0.16561288200638063506 -0.97332346814750458908 -0.1587885375792224274 -0.70340633240909555823 -0.22943702568190152413 0.6727393126410361468
-5.9244822769053717693 -4.9100913164139523559 0.90031877329859544279 0.81529417770228107543 0.0014963277757132475293 -0.5790450455778507477 0.0072798919540499884562 -0.99994411558460272182 0.0076660864369498338614 -0.5790012150058406748 -0.010465501006023763403 -0.81525950856810436296
1.1830522065148458832 -1.4391863676794169891 1.0689871845907870096 -0.03133182854380661686 0.0024630274712849550833 0.99950600299125436088 -0.99682937312960573362 -0.073253101730614181286 -0.031067409811951027937 0.073140395033658781032 -0.99731034115877859048 0.004750371753922164042
1.9733257050023511603 8.4102283995700357622 5.2990259041224696546 0.42833916075008288127 -0.0065697287568760951576 -0.90359415781181673388 -0.85635540292862544209 -0.32211663817383534569 -0.40360413189967436765 -0.28841114271615353459 0.94667719423019025538 -0.14360119317579689291
-8.0254075328312808324 5.2497981160508917498 7.9140887485465736262 0.99903510729997124784 0.006414292295249236775 0.043447798988613325899 0.030554327223354403598 0.60911989029731539169 -0.79248936417619275652 -0.031548176976283315298 0.79305221524098634678 0.60833617057601463429
-8.4435644204358286657 7.4200906042358258929 -5.7484226041478247993 -0.8314292601362351931 -0.0017929293618622757847 -0.55562772680439431738 0.31199871645065585524 0.82595112306511986322 -0.46953332495191846263 0.45976318504492585948 -0.56373888256128568131 -0.68616053949913657917
-7.3878040895049030823 -6.0552384918241637379 -5.2505851119983493192 -0.90052532880576596774 -0.00016310295547948333236 -0.4348035252577935883 0.40761975052031773625 0.34772174060715277388 -0.84435521559055615182 0.1513283554559006483 -0.93759776263944549779 -0.31306575080727266913
3.4660820197514574659 6.109770818672764392 -8.4023259811648056683 -0.92235142624867449967 -0.003519732433956080514 0.38633593928112686111 0.20417839295191120286 0.84447128662227211038 0.49515596524937405265 -0.32799242422407909325 0.53558926198545797615 -0.77818064233040384892
3.626578356262396774 -8.5081254131965060594 8.3966043152248985848 0.7206334491485070215 0.0094468927001278013567 0.69325189374898488204 0.67978593472402126796 -0.20620497840093091058 -0.70382568142557710988 0.13630302608498112704 0.97846321499647637143 -0.15502006960109546152
0.80011463228893842103 8.8138358471528217564 -6.6686976909150610382 0.26945116948708558446 0.0021305663990026386251 -0.96301169668347108566 0.88858425732378465423 -0.38604005672882307776 0.2477722588124577352 -0.37123319476881044832 -0.92247955819501170627 -0.10591213251565607945
5.6960272387835404473 4.8996080598380782334 -9.0916767737020887097 -0.99958120896940827471 -0.00037021272461663055908 0.028935611581481859161 -0.0083987222477465914294 -0.95316658378924790096 -0.30232916665776626841 0.027692384145461053369 -0.30244557607912325725 0.95276429685967722882
-3.3710844480988479965 -0.32576750824412120666 8.7063498267221213212 0.98659268511279674119 -0.0051172270372826312093 -0.16312169588794878106 -0.11073132194284034113 -0.75523499635092450344 -0.64603302905339632378 -0.11988931571534204579 0.65543414182848902527 -0.74567596025553084527
2.4236244001807452086 1.5369816608221285037 -5.7237914936451392833 -0.46500299602238309715 0.0048276365158523631624 0.88529594352160312365 -0.88351106641667309649 0.061169564219189689891 -0.46439905246739454636 -0.056395116893789301593 -0.99811571390236131229 -0.02417876034098150051
-8.4002856797811382705 1.9372195508214833382 3.7209720755972770512 0.25660126302182251212 -0.009499457360603261874 0.96647066801090908417 -0.24699112547588583655 0.96610529995749694354 0.075072853483050358547 -0.93442558598945024695 -0.25797346705393758848 0.24555755851641034027
4.3752910105399678287 -4.9327964477727626047 7.2887220282932760895 0.94558448447861054298 0.0028666120033504684933 0.32536405033266696529 0.0034731517733597432745 -0.99999314505108316542 -0.0012833811100329056351 0.32535814102312821117 0.0023435839936730915034 -0.94558795872388312631
1.2758891827421481313 1.8561868061167905442 1.5142644758209036215 -0.91220823085899849225 0.006393825865062008687 -0.40967702223078017454 -0.37398080424380364395 -0.42144803414862319624 0.82614763364033905191 -0.1673753315465996705 0.90683001356553061267 0.3868395337687272062
6.715460768993556151 0.68934688543283717532 -6.1920191408309861458 -0.96844768033781614136 0.012422677436795729819 -0.24890714640914116118 -0.11174596134683591198 0.87108220898252020081 0.47825581576852677079 0.22275980465710187861 0.49098010375065775923 -0.84220936064010498701
-5.5647192154513485107 -6.9239060569678176904 -8.4171098011863669797 0.85098530909780378817 -0.0086805345524560151294 -0.52511775062315402263 0.47059711346710397795 0.45649174043121137911 0.7550851923555719214 0.23315737281109616408 -0.88968530348558505505 0.39255279933501802114
-3.0022177013466233575 -8.3787418076040243164 -0.57034560838114667369 0.78979606353498521543 0.0031245347761461603545 -0.61336156979971823144 0.40265609111120082009 -0.75698717017074745872 0.51462461706386308791 -0.46269887650150987035 -0.65342226888860654999 -0.59912360010686993572
0.56103655508776617555 -6.0538841592360492783 -0.62206991270859945953 -0.057630702992719384792 0.0032251504284597810879 -0.99833276039462226503 0.98757536278610202896 -0.14625559832041762354 -0.057482195313845400875 -0.14619714392101879064 -0.98924157735330264796 0.0052437338435552920124
2.8420910568699895293 7.1347135049929288897 3.8088758113498872859 -0.99999007771545289636 0.0034780831184912548715 0.0027834167579126847976 0.0043656994685500050135 0.88943903174132565859 0.45703298511524675929 -0.00088608079590971034444 0.45704060186488187911 -0.88944539073953909902
0.49746117066685485719 -1.7484960536623515015 5.6752334394565595588 0.14426127912201802683 -0.001515133576284882766 0.98953847207484302295 0.34646033331448500281 -0.93662539358327445704 -0.051943330028889192485 0.92690556195642659354 0.35032924009442795166 -0.13459384365259027816
2.3471715662862711049 -4.770177466573848335 -3.5134464663772990711 0.9253777406397265537 0.0050869433432474686629 0.37901208441952538575 -0.11369497450728599519 -0.95014390664635339778 0.29034463906642238307 0.36159298928559663322 -0.31177023538212750298 -0.87866366172121790346
6.0870922965560838591 -0.54839189079097505619 -7.7589200375965905465 0.88332354717874905781 -0.0039950185358771893307 0.46874678753696752409 0.14089107439438941505 -0.95146602700386906371 -0.27360940154477514374 0.4470897182394042435 0.30772786562902482155 -0.83988948353946091263
-6.0711971403665394575 4.2278756340300871486 -1.29124480228868177 0.99342109282478108234 -0.011621880784738004844 -0.11392745155617273189 -0.005926566822735753956 0.98828652892627544269 -0.15249463121214307249 0.11436524007211841536 0.15216658184327802594 0.98171580573701955341
6.3942906415805209619 -1.6169678073411388741 -6.0751807839635372233 0.90557969250734526856 -0.011605326528102151429 -0.42401737808054651424 0.25971880649984019351 -0.77516700017440365311 0.57590126184167822476 -0.33536780118012204932 -0.63164977498360141972 -0.69896137210479591939
-5.2593366656532420933 6.2321317890276395346 -0.90943432413122149427 0.51501142042066794247 1.1252838123559927297e-05 -0.85718331569758665633 -0.84561157601956649099 -0.16375293790727660226 -0.50806105718587324382 -0.14037200339934749471 0.98650138124589037414 -0.084325117619580322592
-0.52487151628747885646 -5.884413595152022225 8.4484815213139530243 0.32332556756941538412 -0.0068327468082646069386 0.94626311928927731021 0.75022568471811545976 0.61130488539062799447 -0.25192808316467363294 -0.5767339068803745139 0.7913656870679822708 0.20277660117950130347
4.5565653138156241297 2.9982910847605586113 -6.7098478990198797689 -0.79881684215648263159 0.002007351617655252999 -0.60157096275224875015 -0.36397386468250503277 0.79458126689571739742 0.48596670269328329228 0.47897252375805254854 0.60715449503223717365 -0.63399427493219173702
-3.6509065543901702 0.78222156832245282043 8.2091914209161185312 -0.99751388200807766804 0.0050112824731539037937 0.070291836288760886631 -0.041857802903107504955 0.76031030361547502494 -0.64820997103738431377 -0.056691970657184190263 -0.64954070639497385464 -0.75821032121623876954
6.5420239405440510083 1.8533390735899595292 4.5717530112423760968 -0.0084365033745434601931 -0.0034230325397714552946 -0.99995855327053362327 -0.68080683266854091773 -0.73241653220990332596 0.0082510567429529939332 -0.73241441957564756837 0.68084822552002077778 0.003848610604129651825
7.3983293767066502511 1.6899145340378329827 0.73417915363055485933 0.24542540716796279465 -0.0060434487945786163204 0.9693966403091842654 0.96941003818844517781 0.0048800715089860335905 -0.24539837562990832187 -0.0032476724080464499864 0.99996983035905362414 0.0070562734636854008985
6.3045255540081077683 0.58638922125743420111 -8.82881829833155507 -0.93834367853449296426 0.0054282776235599428452 0.34566121384479514544 -0.29059443274578317107 -0.55399370053659369173 -0.78015758371170518259 0.18725922303522635204 -0.83250316129603407767 0.52141391410312032395
-2.3535935588885479319 7.4743451492058428087 -2.6619591807216660406 -0.29491580517142357287 -0.0038424532397706868264 -0.95551551709706150639 0.66151884584577080872 -0.72241486819002442843 -0.2012699053723217002 -0.68950524613734076596 -0.69144919825746797848 0.21559341775247961581
7.6654078832702934321 -2.5866637198228397132 0.58492093327485439325 0.590028216748848644 -0.0036086825970371664424 -0.8073745604427624567 -0.42748510179523196983 0.8469237000886112865 -0.31619097705566218126 0.68492568296385203386 0.53170219450169031727 0.49816622243832148209
7.1379015688247156035 -8.5368043843352765521 2.4450422590682614477 0.60171293621620192127 -0.0036918623925466971525 0.79870389540958453001 0.4082059987206625995 -0.85810247265448624798 -0.31149319259476609956 0.68651977757257010015 0.51346520483518465205 -0.51482431802017425415
-6.7900885503681553956 4.1714165122083626258 -3.543383284518143661 -0.98222945377300641123 -0.012164209829729856482 0.18728943413902365833 0.067997799290694799224 -0.95316625507332430889 0.29470390136765828304 0.1749331284591564839 0.30220212141679847484 0.93705510957396753735
-5.9561166458366114895 -7.205337718623545662 8.8575082962872269121 0.84640300407165447449 -0.0040843619125889470134 -0.53252725065127881621 0.20854659554102944474 0.92264837825889201017 0.32438909905303653369 0.4900104817112301836 -0.38562065308280668585 0.78178413883202790835
0.95825976142200519625 6.1028115262240456573 -7.2773901029258354356 0.95535613504133931606 0.0067518345013323323792 0.29537953207680339718 0.27995642784926033642 0.29887315937644198804 -0.9123043533330051913 -0.094440741975265127262 0.95426895964157321117 0.28364008694108039377
3.6255447109283593932 3.0022030937623029878 9.1103701910847227907 0.51696949591171459382 0.0093333739204834054864 0.85595293587208720609 0.020744680498334475832 -0.99978348139117279025 -0.0016274422228179596071 0.85575241660651379938 0.018597808161784721431 -0.51705118025566909612
3.4929132068800599065 4.108496252178819752 -4.8323820686711469463 -0.73525553920614827863 -0.0011344532370202217025 -0.67778905647890141939 -0.14232246325165989753 -0.97744586541388756018 0.1560253076890621704 -0.6626791142932211276 0.21118307981780951033 0.71851102864057925235
-0.37216287483331872421 4.0532156757355179977 6.4360726453968268856 -0.99845988151632025787 0.0024497257652309938417 0.055424397571352271297 0.03601732365556696569 -0.73124283062032380265 0.68116567372655145718 0.042197362466926444102 0.68211283634748931526 0.73002839745509584546
2.31353215052820671 -7.1771985904604651552 -0.32568195936588745232 0.96152140744395508953 -0.0088070027312618457543 -0.27458881938192719607 -0.062985664754498515983 0.96579734624937341181 -0.2515318906477156391 0.26741239511669984141 0.25914845683552140132 0.92808010875011848206
-8.5726279018030790979 2.8844150578370522098 -1.1274836907019387677 -0.84035323644787440767 -4.6005534518672383526e-05 -0.54203914607270531345 0.15343347544364668855 0.95907990065584325379 -0.23795779619691209694 0.51986979774252162212 -0.28313555418037966716 -0.80595883973921900179
3.4184948312868712605 8.6587700280170878386 -2.0433516260091733052 -0.73061537823016942106 -0.002983496725729756216 0.68278273838794989459 -0.46311518949655811062 -0.73264077351926981674 -0.49876028133185995594 0.50172252326445432313 -0.68060898886512455341 0.5338969132003139606
4.0847111676768186328 -6.113759006437066823 6.8396132309479291678 0.69380707638501004642 0.004076197915360095167 0.72014937712179494245 -0.63817519687214718793 0.46685882526979594065 0.61218890496715105964 -0.33371268908356399585 -0.8843224648724350434 0.32651128505213128372
-5.207628557034035488 1.8070835118797996532 -6.2395095172336265676 -0.15520229102104898811 -0.0031215693002147690965 0.98787777820265398887 0.15176057758222283312 -0.98820008478598087009 0.020720027043788301346 0.97615622517798283919 0.15313669786793210337 0.15384464830607236241
-5.1834231883589909629 6.6483614510440149914 4.3216961435746998887 -0.72759141750889266831 -0.0065497738739307255831 0.68597946735276038588 -0.53310185057284831256 0.63474158882162012851 -0.55937959592373287521 -0.43175588714359480758 -0.77269671662438454973 -0.46532422893565938971
-8.0071653024611091354 3.0660564257861575577 3.9865417377572267554 0.52068015956466784377 -0.0023163910747853507649 0.85374867834047574178 0.30961124637500753165 0.93243514201059185531 -0.18629434253872767524 -0.79563373957735450404 0.36132996039106568542 0.48621765925355159288
-6.4850185924269334592 -6.1695058502931647837 7.2791378284703380785 0.59974445728062730776 -0.0086791091278052689278 -0.8001445238368349866 0.45007008059738834449 0.83043944858386509189 0.32834013581469623233 0.66162187729274468673 -0.55704128689023768572 0.50195766373997674492
-4.5635007659450339546 -8.0628376027497434819 3.3520894966136038917 0.95876562854829305849 -0.002966183768541383152 -0.28418246122523077579 -0.10000669202389154966 -0.9395112648442025538 -0.3275931085675170551 -0.26602092223106255098 0.34250516052224949659 -0.90106774659338495503
-8.3153041113242043281 -5.9988422885558785325 3.7315240636419559905 0.062940034245846432359 0.0038436094647932655087 0.99800990914688991751 -0.22680313876753824265 0.97388345056127467725 0.010552770645175907002 -0.97190477328519120359 -0.22701597166130710326 0.062168000420730694378
5.4891122126385987201 -7.2820852646896430116 -1.8821745744808100476 -0.82984883361734340657 -0.0039403395861207588663 -0.55797436058253901958 0.37875873034239981862 0.73033321421154595576 -0.56846743126496956933 0.40974716293466117989 -0.6830796951626488811 -0.6045737279467757741
-0.70746882320899617813 -0.82722477806424665747 -8.1026687752857142755 0.64286129150500015417 0.0029035887263438964027 0.76597710739756386111 0.59084631485116989591 -0.63827739465564603538 -0.49345982582025826879 0.48747306808849460991 0.76980097209875297803 -0.41203940496546009875
-4.7075711011843006659 -7.185351932409343334 -7.1172571713335388566 0.62561191269028759709 -0.0029753066693735926232 -0.7801287600454639426 0.77293175279656645138 0.13793578591048322179 0.61931431800316116831 0.10576502360739514774 -0.99043670495145053057 0.088593979850965273726
7.3026533758774867522 5.3851807279584420485 -0.43772496463208310225 0.80676661100293556306 -0.0040983374316613139718 0.59085602222616118162 0.55590006733317354204 0.34417473956130228974 -0.75664976295952612872 -0.20025671152171800604 0.93889666751891220908 0.27994695428280508276
-6.1150196230100748451 5.2893287404078064284 -7.1043324036004866784 0.54107912857727724631 -0.0018105127673964324393 0.8409697370664050986 -0.21521582601554939407 0.9663993934918454487 0.14055020630028505768 -0.81296711178902714146 -0.25703877976328204369 0.52250889068746741994
-7.0427292503854621586 4.0725085354008268013 -4.7239033737332087881 0.96269714375040249532 0.0043090788676625919884 -0.27054692985570732988 0.12674914543531776157 0.87620541482462699356 0.46497174662920243149 0.23905828483107471882 -0.48191856456384923879 0.84297427812620506771
-8.0859140713737946982 7.3932632519379017921 -8.8343824371130512674 0.77237697915651382097 -0.0011280361363505348252 0.63516338811638339834 0.46501584166839943224 0.68218007225983157138 -0.56426112395694316692 -0.43265929906372763147 0.73118333989896688863 0.52742473812615875417
2.8288909982301260193 7.3746098812582001614 -2.4169891290617742108 -0.72090210966881906884 0.0001364997851740160778 -0.69303688909237159965 0.043727062953476912577 -0.99799855659460534607 -0.045681779743105041525 -0.69165605053409284775 -0.063236559068637496206 0.71945329616082498436
-0.21476468704441700752 -4.888202577211369082 -1.2248664290286752632 -0.43721997685766722519 -0.0038453046383642472232 -0.89934637680317131014 -0.047686311901802856672 0.99868329378951037345 0.018912809483624885842 0.89808947632950675288 0.051155569956701514578 -0.4368276549950738108
-6.4553089659716711424 -1.3429984967156434195 0.68326412098096067638 0.38708967774359681613 0.0018440934587525587181 0.92204022726977974411 0.080470077848318569136 -0.99624993942588080387 -0.031790325019240096849 0.91852389623536612184 0.086502355534520028457 -0.38578646234854063746
-6.2746589034270581209 7.4880217568787834637 -8.526333537169280774 -0.53155827778967368324 -0.0011389789439453811871 -0.84702095608098482149 0.29010207667859450043 0.93927340174255136152 -0.18332010769625833868 0.79579305250804177607 -0.34316785908078228928 -0.49894813164677387363
-7.4929478240613418549 -0.60534102463880279377 9.0153166736617329491 -0.51715729952693278992 -0.0013005159042020464875 -0.85588938315903040355 0.83626223837639912517 0.21216405094209536686 -0.50562029642237893423 0.18224652592635923187 -0.97723319844677070112 -0.10863461530086422624
-1.4123706226521608453 -8.3896053888621420214 -4.2496331428650204742 -0.83086781032084366938 0.0061217816389740695865 -0.55643616485839864083 -0.46789716850467077958 0.53357917052648173861 0.70453212026520606326 0.3012157390942307722 0.84572796605613342891 -0.44046939275319924034
5.032696845243028072 -3.9066627141941006052 -5.2263385054994619949 -0.82217294206316338112 0.0049028474118440962606 -0.56921666826138284101 -0.42378663104093139413 -0.67289099642016969582 0.60631889158092444614 -0.38004808207699108946 0.73972540109433060351 0.55531053140165953508
3.8579836685663395635 1.8420953107605035903 8.9151909306374594877 -0.087768552964693435925 0.017619579148291483056 0.99598505588250019205 -0.51977048589260221867 0.85213408008608815258 -0.060878169739026460894 -0.84978545710386566014 -0.52302682530284749784 -0.065632437925966055636
-0.0184008235668491546 -7.1632894349211966301 -1.0278146298072081688 0.99465796545720930322 0.00046940604936934835628 -0.10322456786463608813 0.022142036754097579876 0.97574338822716599751 0.21779478997269097196 0.10082292378844809333 -0.21891692485687225256 0.97052053973629592853
-4.4987836258764559716 6.6443665422441418045 5.8950503612890852168 0.0014818757630480653906 -0.011952165303940422147 -0.99992747226424871787 -0.69576160271669040824 -0.71823306101519013289 0.0075539558872666692085 -0.71827125532705149435 0.69569994667895140861 -0.0093801898530550074234
1.6725524773375870513 -1.3256319517144019571 8.5271956538589464003 0.69824581626216319918 0.0034373839141910783254 0.71584981976945938342 -0.19930531988163624479 0.96138339579787246425 0.18978765963748656098 -0.6875537575632021392 -0.27519111663672440882 0.67196702284039289133
-2.6100718247009306872 6.1717212065200754978 -2.6355759860297327535 0.93813151293658292307 0.0030216279800805725085 -0.34626598764445182255 0.22894968012208111174 -0.75561926661641698466 0.61369501211111288086 -0.25979089361836504857 -0.65500411730198870863 -0.70956204655432575379
-2.235641782576304859 6.5297231877499850583 -4.6166689362713491107 -0.95533753472155080733 0.0082035443256160966996 -0.29540293941050943527 0.23480419354442413904 -0.58588726541287772243 -0.77563077744564123961 -0.17943574182932689465 -0.81035104373819344392 0.55779386915456719009
