1125 17.292696884352682929 17.968806560800352656 18.477561601407678893
-7.3240658297123024667 6.0920397591027164452 -3.9258174975485413682 -0.67523145708243714758 0.0047172333963261571521 -0.73759082632270078772 0.39984437635216429907 0.84264800423932140205 -0.36065054505861671164 0.61982816495072357021 -0.53844413699159354714 -0.57086859895564412426
6.6125288738521978971 0.40841828563335230706 4.7007490589808469394 -0.6033364468406650083 -0.0069997751299291496516 -0.797456039579502729 0.77395084392758572989 -0.24628195599365898527 -0.58339119751279500115 -0.19231542605112053601 -0.96917294705332346361 0.1540083621193208685
6.2724637774811240476 7.4717020703087850819 -1.2314810282666928121 -0.6938644872906802874 -0.0011846317829245513707 0.72010462429045529742 0.68627272727836208244 -0.30400489572055361398 0.66076528901863484933 0.21813256765289781858 0.9526697329221791577 0.21175118158736608298
-1.2897572486888377874 1.4952633397542873794 -5.9373078410380637493 -0.99027185261818118089 0.013742829251970170232 -0.13846585339559761008 0.0422249078821107654 -0.9185068566365467424 -0.39314400855960790482 -0.13258474673488213069 -0.39516615360625706455 0.90899119686468188295
3.9427413841100880099 7.0785972317821794775 6.4875999143296425586 -0.79464235968432561652 0.0058598808567666806416 -0.60704957128042824621 -0.35714098520218251487 0.80409613998877726981 0.4752680447332974234 0.49091123116535512194 0.59447040250284011176 -0.6368760504713234516
-3.0666539618891683894 -8.6671618177604408118 -8.3030203385823497797 -0.80711273087636248302 0.0036808271731868826004 0.59038588327329244443 -0.57808843361846795617 -0.20805461793051227559 -0.78900382690733361635 0.11992832265014452542 -0.97811028389895060542 0.17005137446412055269
0.17101663994956825543 2.5456231162221127917 1.3916053466661322258 -0.33025842285131878917 -0.013472165268348183439 0.94379440287526028541 -0.38385827017215751189 -0.91156210861464204154 -0.14733414593423516115 0.86231212594763639867 -0.41094162955449803354 0.29587966226678041881
5.0301127225086359473 -1.6987082991230939566 -1.5173641532093526951 0.98027859214737167459 -0.00090986067076980305709 -0.19761845544197162439 0.16135292483140420416 -0.57368476149588243374 0.80302616898570655657 -0.11410133840632434576 -0.81907567817698800905 -0.56222408165501136512
-3.3231400725775248617 -3.6837737006715438604 1.974019941086258001 0.98413119076783084349 -0.0032871427260621264958 -0.17741193322462131543 -0.018701616464843882903 -0.99618122265977770979 -0.085283182173715971208 -0.17645409856222171729 0.087247729556482245261 -0.98043448775938613071
2.1121925078831775835 -4.8626920451990560679 8.4770431459478903236 -0.28419604389734165473 -0.0066750755296560437824 0.95874295408090570714 -0.90772253238674105447 -0.32005590485948631763 -0.27130061179826453488 0.30866229577092052505 -0.94737514276631851207 0.084899505523421223141
-3.0957835657515571093 2.6415959931295436292 -5.3176746450811833711 0.11910184853099942126 -0.002973496593338737469 -0.99287758963261751877 0.40904428834674083637 0.91133723152772483367 0.046338111767605168201 0.90470852756425046426 -0.41164986183570445588 0.10975824070791979914
-6.244396745524854353 6.9944136956822298146 -7.5988906927883501652 -0.28968537272413641404 -0.015801049724538215185 0.95699148985602910944 -0.16299449976726473888 -0.9844441540088185727 -0.065593450005459061347 0.94314112299029440045 -0.17498581218361847212 0.28260358748446900989
-6.7300418117520033334 3.7747379475413329608 -2.8938015831806600531 -0.41052851744919216515 -0.0031214115583174067807 -0.91184241684127431693 0.20443299129531411484 0.97422320582352783802 -0.095374510773818824139 0.88863574564117975285 -0.2255646293752715803 -0.39930828884941149681
-5.7793112506583081966 4.7615718410623779633 0.87010861970465414039 -0.99733679074513026386 -0.013267851874338095625 0.071716733981726912828 -0.039048075405986905351 -0.73337384524175797118 -0.67870321269480238247 0.061600110661234039333 -0.67969608445391316298 0.73090263314939651895
-6.0426154994747607319 3.6073343471330763244 8.9696007373897685966 -0.21997360969244061923 -0.0054880846059682311666 0.97549038537862353682 0.96756156992315833776 0.12613273191606449997 0.2188952771248825202 -0.12424258306628496729 0.99199819297544067354 -0.022435812582534700454
-6.7100084246959026402 4.9130428632384095522 8.137146358714788974 -0.97782429461676811933 -0.002082237841214168439 -0.20941660187905367096 -0.20842802639730118042 0.107225329190094823 0.972142215209329974 0.020430532766896054853 0.99423256487881495058 -0.10528152860396843005
1.7841053781822897584 2.732460375855039203 -6.7934405661982903979 0.99988729745689564066 -0.014751068507669096858 0.0027925547606833358086 -0.0075404003555673169631 -0.65427957304493034041 -0.75621516955046408359 0.012982093309032749148 0.75610888519681163089 -0.65431706303543102354
-7.3032394491156047422 -8.5095556150786908489 6.7319580732478998542 0.89045782131661077585 0.0078131152563960734603 0.45499870734565422969 -0.42220861121193942189 -0.35884616794399848416 0.83244778597246182894 0.16977855304700750771 -0.93336401418843317757 -0.31623861235352096477
1.5567385622972362835 -4.2522897218414357212 6.0697876105134502822 0.95403766974472536955 0.01607749083485506339 0.29925514030049710223 0.28613627188796170175 0.24800247003301817417 -0.92553811848411327023 -0.089096344581949690755 0.96862598000763266981 0.23200334531246788461
-2.1818325898088084536 8.5296685630800528344 1.5247663177120249767 -0.47220080569120037595 -0.0044962028243142829892 -0.88147954217028434698 0.56266708497659823074 -0.7713043968360180358 -0.29748156061440672593 -0.67855150916395579053 -0.63645055705986419703 0.36674042295573744399
7.8989875414306949253 -8.4375895796646300795 1.5570986497541960958 0.38221297663989484139 -0.0042386663839836438011 -0.92406454005937910257 -0.830963767544440568 -0.43902926966699351574 -0.34169067503213501613 -0.40424306736950071928 0.89846276165622662724 -0.17132486217931311434
7.4446730795824347382 0.52279500572395876112 -2.624343614935238822 -0.73240339511625296431 0.00058331275323717554204 0.6808707120800618906 0.11059569623113914283 0.98682118594679590906 0.11812086581947495167 -0.67182874216378496435 0.16181349360609037502 -0.7228156988401689409
2.6882079644654606199 -8.6368244451665052708 6.9084278367362532691 -0.088610092191494724267 0.0007466420768187063961 -0.99606610929578509595 0.4489524132264957057 0.89269234522922857877 -0.039269675670958806291 0.88915127071836042028 -0.45066597308305916814 -0.079436757771773364167
-0.95482167261414674364 -8.4036607727437218074 0.382339578685674919 0.99543958677614441388 0.0062634603949415952606 0.095188224812364136129 0.010377320284096061553 0.98481034832408653745 -0.17332307710672081869 -0.094827951062737531052 0.17352045094997894936 0.98025420825385845003
0.33202083427591688736 0.29665641865574282621 1.2421246305270752242 0.33065760928208115521 0.0067925809625223911026 -0.94372634077242933959 -0.41308554361600485771 0.90013647347727876458 -0.13825578747851186012 0.84854338668064843709 0.43555503665984940387 0.30044289134720569834
-4.9487228802266605143 -7.2061776468585962974 4.369299106341425265 0.91117198398800713921 -0.0092742387663759147387 -0.4119218422111255995 0.15079809546842548595 -0.92287613843548876869 0.35434385490632058779 -0.3834391085927036924 -0.38498522257629208543 -0.839500344490594963
3.0686718234015981643 -3.9768246573037449032 -1.732872760254989819 0.78249228573633533568 -4.0084655219222754818e-05 0.62266027748385033291 -0.56796524431388473175 -0.40988221094215393503 0.71373107989262862816 0.25518876153676806062 -0.91213846073177962115 -0.32075243481387649691
-6.4488829367629563194 6.1278836999470920333 3.9275762833259810769 0.91725541742721650174 0.006307643583951246663 -0.39824956099550773425 0.28483822970087474546 0.68850980708020192989 0.66694934474447387096 0.27840560716595774693 -0.72519959954952539771 0.62974269246391090249
3.6369603915457129339 -5.1587274691312821062 3.0276603409889037977 0.77350222419201519752 -0.0016027640901050358574 0.63379155904494610674 -0.012519725503216049337 -0.99984032045733683969 0.012751080771191487112 0.63366991852455745171 -0.017797885682817392305 -0.77339877787734301329
-0.35716377999405057864 -5.1425644865060515798 -4.5435825371266229666 -0.40061103944029519131 -0.0028766551460620987113 -0.91624370117014142245 -0.91562319500561228924 0.038186947123745568211 0.40021984188327780485 0.033837255301271212948 0.99926647193058826257 -0.017932044756048551304
-6.5880114585561972973 -3.8873260949910428685 1.0639295636264700651 -0.95664301753065117406 0.0038120100132197493048 -0.29123805656079865267 0.11579112833307574071 0.92248010327833263045 -0.36827010964113143787 0.26725746314924525571 -0.3860258121361052619 -0.88292554655290622634
5.6555878955872866953 7.2664601125722274588 1.5513644491368709932 -0.29585336418061880526 -0.00073450000935312473836 0.95523308538420015346 0.81788644065930504734 -0.51681202687249461203 0.25291717827281451347 0.49349017932340749626 0.85609858625598145299 0.15350131439756523055
2.9867616181816920573 4.7727141577455229893 1.9876508391306817458 -0.87437761564481475407 0.014940258241231711353 -0.48501605534519182106 -0.45231733526802203604 0.33683189568481475273 0.8258046392852406159 0.1757066119270651039 0.94144626120280938686 -0.28776053202633516959
-5.56114728253976498 -3.9672830717493381414 -0.3893588995684334475 -0.97127426091447854883 -0.00084288509136527366844 0.23796134062025428579 0.12553461670761259517 0.84771072536027824995 0.51539071209847453492 -0.20215679581221410177 0.53045811866144187974 -0.82325379698669798323
-0.50233670399874830181 8.470205701518514374 -1.1275754312314776318 -0.98909243493716270113 0.0023927036320997374999 -0.14727671275115924998 0.048761932462926226017 -0.93817087196772486202 -0.34272100742894928693 -0.13899075182164444264 -0.34616425286248458937 0.9278210392892420888
-0.4905466137757092393 -3.9778109806121646486 2.945094180130663819 0.7457115320487072152 -0.0086112041145334373288 0.66621329777587590115 -0.52044830108509831934 -0.63183426557311161975 0.57438578215797242432 0.41599023650463601287 -0.77505568058758922412 -0.47564778473300423078
2.6777667212246223372 7.3063978686158046472 -4.2295275285751365857 -0.45753058810763647113 -0.0078286124397128429436 0.8891594197744662198 0.80679120359856193456 -0.4240603729303660252 0.41141311829602272843 0.37383648128838037339 0.90560008443988082583 0.20033664747281262897
7.1347193082703901368 -2.7416006413186364554 -0.84041114460803789665 -0.99779441235562793544 -0.0011859774618348988343 -0.066369451777435958806 0.056128923813223999262 -0.54885463037745041426 -0.83403125758262752765 -0.035438038649721392837 -0.8359169744481320663 0.54771065102478244668
-2.3586356138224022772 -7.3023434386272585428 -0.10992263137676928919 0.84586108509344248851 -0.0033308297878319849741 0.53339284800009789667 -0.069614812913104784364 0.99073822186321303107 0.11658281846792556413 -0.52884099930679440149 -0.13574491265522664607 0.83779503229634211259
-7.5594281716909943469 -8.2602913754758908738 2.4787862903877462273 -0.86975286778185945114 0.0020416235855677472913 -0.49348331355628788364 -0.14892324174980522966 -0.95445622723501732931 0.25852500528710409267 -0.47048041091223891108 0.29834399954596940718 0.83044508601276767479
-4.5529764326644146522 -6.1580657414795760829 7.699056132832982513 -0.64602560759740146334 -0.0025240640892377833038 0.76331156379871656359 -0.10316342638928296949 -0.9905307859459951958 -0.090587358662317998825 0.75631225150974568106 -0.13726758974464942087 0.63964786173464960317
4.9083851166078193984 2.7490990748325176973 -3.9659120863661940781 0.72126913047734331208 -0.0048352671718032043391 -0.69263804516635107955 0.046234613306419425349 0.9980815166752008416 0.041178229732056009782 0.69111012288402284831 -0.061724438132965284143 0.72010894438560446584
-1.159738156954156052 5.1498553389347208054 3.7578210068066999483 -0.58217106025195031194 0.013512707777965324643 0.81295403519120734703 0.61550527539222898987 0.66062900707000371536 0.42979363767047062961 -0.53125334123118317375 0.75059091504376695969 -0.39291623240146383855
-7.9419325054795946173 3.9035042260565790961 -1.8757918382529141788 -0.67576562774816328893 0.0025863656254469478968 -0.73711201799096726095 0.49491276579386273005 -0.73948298114285071492 -0.45631817282949321823 -0.5462619981366579891 -0.67317028403888956589 0.49843715559610524135
-0.78055761641298981868 2.7980791686962707132 -7.8939497145807893119 -0.51555435274949912294 -0.0038634217821826451721 -0.85684816819141862432 0.85297184636091527565 -0.097431606863734462887 -0.51278271353412341327 -0.08150299796013896203 -0.99523472405055801726 0.053526679024704398868
-6.9311742773322668754 8.4039522071643109058 7.368290615429711643 -0.99515590478232651694 -0.0020515160878629445408 -0.098287926311030393567 -0.046092173311031624239 -0.87334979436204207559 0.48490787604138346767 -0.086834536541047058211 0.48708924025201089103 0.86902464596478246062
1.5335959693880321097 -6.3905359840782649528 0.0092684759726075517661 -0.10149174234937066719 -0.0060423842173683572909 -0.99481803151536452035 0.23016594495391679009 -0.97299273867319668874 -0.017571803346305338994 -0.96784454537817055098 -0.23075662521865383803 0.10014147941438227007
7.2005158449858148728 -8.4176049730124269388 -7.8343929769247155903 -0.25404427361155645926 0.0092050447523520685655 -0.9671487859665484077 0.94211545840095944904 0.22858205398787725948 -0.24529310556289091183 0.21881492199416169298 -0.97348113065733321569 -0.066742176822461557473
3.2552835150902343919 7.1913294239084359916 -6.801338437780261259 -0.9847881622724915518 0.0040650873845094756889 -0.17371168789834032231 -0.14082192440540736156 0.5669856395942550753 0.81160117674913356822 0.10179126217288672618 0.82371764553059434455 -0.55778829262256968136
-2.6413197924574371989 5.9331856931418283096 -4.7872841756064845598 0.5473115373041510523 0.0038647878616349506248 -0.83692003473940923541 -0.29250166642617381196 0.93781191107047701117 -0.18695345568340057674 0.78415104174613181609 0.34712228806138589743 0.51440573564018921005
-1.7193417594623154887 -8.6766283100374206327 -6.7147041264388862558 -0.18951157054699935278 -0.00065120838588701886185 -0.98187827176110731298 0.97513038500745075066 -0.11716350097187706869 -0.18813146008949888088 -0.11491778306331681958 -0.99311242564356239093 0.022838852163954450475
-0.62975106676440484321 1.3834893137816273168 8.3445784474129265362 -0.96828581901419041866 0.010797938096814785336 -0.24961165283106440116 -0.24984444509097017417 -0.044130755498502108325 0.96727980940149904665 -0.00057092331636120978011 0.99896740735228106711 0.04542898958332804854
-4.0144302611170488149 -5.3091040283051755821 -4.0549145173410137133 0.18179774369365289677 -0.010767876597466748828 -0.98327698702936117137 0.97086393949915450463 0.1607195018457469593 0.1777426586578215173 0.15611787651718081471 -0.98694138354834837212 0.039672585896602927114
8.35040049577289345 -1.8595222415668015703 -4.7085497805995686349 0.56499886164623114304 0.0072096067124283250149 -0.82506018441660400331 -0.47939482609695621695 -0.81098970445937534901 -0.33537486484881023907 -0.67153323599793812715 0.58501600049216051502 -0.45475201167023709958
-0.88072792163460944526 7.1787165314531780069 7.2702069776547242341 0.83451462231849171669 0.0052442759858326373767 0.55096083590931121954 0.2835786902538046661 0.85325841972799509882 -0.43764505663479802422 -0.47240710364114152364 0.52146195137583972734 0.71056946296417533571
-7.9221695435326884294 -1.5501456724043842783 8.6135177983627304599 0.8373260629196171978 -0.00080654233469710286814 -0.5467032228230996882 0.45246337224146765399 0.56230959189656959385 0.69215953337399716006 0.30685821014826270003 -0.82692640080605850361 0.47120140758922984814
-6.1527274910784086615 -5.2373272347732795495 -3.4802069269313773425 0.9009202581800108689 0.0042535743681038490349 -0.43396381819925128331 -0.40215704423373765941 -0.36769536479404613116 -0.83849259417260113558 -0.16313307504655924496 0.92993657085531378215 -0.32955359808646139674
8.2319660220702566278 7.159811758840341156 -0.37476638624623942464 0.30419797305698309531 0.0069733185494738969892 0.95258331185071487557 -0.65105421881699210296 -0.72846205765206017979 0.21324032151986663242 0.69540779212517456198 -0.68505065753562544018 -0.21705667292581451444
-2.6714032596988248613 -1.8407632868944026061 5.5558676683824881337 0.39828462353985538691 -0.0011696787738596824482 0.91726113539336218139 -0.64516455712425924141 0.71047682823514191064 0.28104336101655075231 -0.65202151259162222097 -0.70371962342410421254 0.2822173607793184158
-4.2699247990789714891 -1.7107578432192136475 4.9978346508799260661 0.47506624099984950949 0.015954765778164438361 0.8798053830882912596 0.86060379983022805561 -0.21692738510167347554 -0.46076415801467790478 0.18350249693152104191 0.97605735233240564774 -0.11678560946425475819
-2.9199329468658001829 6.0040001845558172988 6.0659817254161634281 -0.94824180548183334416 0.012120021324564475909 0.31731779562456269295 -0.20718011006636588567 -0.78090558249596475626 -0.58929014349418529228 0.24065302892307657845 -0.62453148544307479639 0.74299834680896437167
4.8028418061265778505 -8.4592828862162257053 6.5058503452172526949 0.99998746591271958639 0.0038927751851441645507 0.003148701119677298297 -0.00030140873812077887892 -0.58093999013397223941 0.81394633546437589189 0.0049977164942552774682 -0.81393708243604612207 -0.58093153526487917304
0.41520311942423987484 5.1477709184218678473 -5.5149285514359558391 -0.23886784484343825952 0.0016557488171615930214 -0.97105067385554322268 0.62015043849072792881 0.76976658503849393345 -0.15123768775650750507 0.74723194949069537962 -0.63832332172191963426 -0.18489929855576961448
-2.504499944963990643 -7.5035293746704496698 -7.7579558857009160988 0.064098810951350448928 0.013559701021874998733 -0.99785143029536005344 0.068872811829093910641 0.99746343579479246344 0.017978599589154296151 0.99556410051051913435 -0.06987724064833679416 0.063002325465051287057
3.1558243513139649927 6.194323741569816022 -4.8835259929081908936 -0.99997887133626350842 -0.0029100904542850745613 0.0058127665311111433727 -0.0054003087745214057094 0.86964662096429612426 -0.49364520792810545613 -0.0036185005648839457977 -0.49366616859847478604 -0.86964396188023973533
5.6217855378371037745 2.7514702334165854758 4.5200298720114577833 0.98790159471655503154 -0.0061453030633520748516 -0.15496023492088034645 -0.15363511726075348984 0.097394432445356476924 -0.98331611156987985822 0.021135039644345248594 0.99522688859308106046 0.095271980772436676288
7.560056389883381911 -4.0201174868938549523 -4.4509343036440940367 -0.82805140402095389618 0.0055699179620180231526 -0.56062451633228682635 0.5598594819606735884 0.061370349390142131529 -0.82631170914752194445 0.029803234012818129867 -0.99809952220695541403 -0.053936175362383209642
-2.2390935602873138777 8.0377157310445817018 -7.1594484766691737221 -0.69388463789659304837 -0.01238398066853604873 -0.71997968465370976165 0.41352066031362783027 0.81169511649511905116 -0.41249448645038838679 0.58951231775510759547 -0.5839500619753444921 -0.55810174012827395984
-7.6925798096946351734 -3.9296301757759493078 8.0139826642749287799 0.9161855421329775373 -0.0091029757362700476631 -0.40065095559478997034 -0.39009805968218236316 -0.24927061769606939645 -0.88639024305617353239 -0.0918017223063045118 0.96839108576330190647 -0.23192918918380234228
3.9816138269177980824 3.5814430502346090712 2.1071326051839824878 -0.87088782921183338637 -0.00024446727931627968908 -0.49148176890519890136 -0.055520256305550047538 0.99364777721315689085 0.097885627028666710725 0.48833583738062069646 0.11253459501321549929 -0.86536932858447235262
-8.3336931127556308496 -6.52382282306650918 -6.238446553252729565 0.14858831785141982107 -0.001533722406329063228 -0.9888979520122563871 -0.04249179841345083336 -0.99908511571068370216 -0.0048351456396954605593 -0.98798580904074950748 0.042738498585672447805 -0.14851754735705580135
-4.3697242418413297926 -4.0674480750049699651 8.2627082418478963177 0.80295973402045905942 -0.0031087816500744830904 0.59602516810812355974 0.064043905842688569896 -0.99374693377138978434 -0.091462613913917398256 0.59258252055389415425 0.11161257588730232049 -0.79773967510555077176
-2.6411253524436748563 -6.1009303965215844201 3.2676617990496827915 -0.88138371068123289032 -0.0088141551843984953379 0.47231881734033670517 -0.11056033097448196567 0.97590671557969277394 -0.18810235432125016475 -0.45928114239569123312 -0.21801007581018966297 -0.86112277817094096122
8.0525636231866410952 6.2563404992604638721 4.1896158788207733537 0.93141180359375619346 0.00089615616165259880804 -0.36396599982807786855 -0.022531538581291313955 -0.99793702590106247996 -0.060116737312569903939 -0.36326902138200578563 0.064194152694035472306 -0.9294701333901517204
7.3638616879895639755 8.1838581631730100696 5.1705326561840898592 -0.98983363969358484358 -0.011886938392836415845 0.14173237607123417847 0.019508878955598607519 0.9757357914229271012 0.21808041860290527936 -0.14088566063671592588 0.21862837426060569013 -0.96558420896109753429
-8.6066328230561506274 -7.2860640931888323024 -1.7995713916777853481 -0.071920323056129498163 0.0030523994123978978599 -0.9974057098238753305 -0.67030225080075078736 0.74036111659357950465 0.050599502051192610241 0.73859485491226462006 0.67220242479056591112 -0.051200980487184057088
-5.923429104003606227 4.7296828259685224083 -1.334126746179567613 0.61362688311697288768 0.0088920952456574189199 -0.78954605879449468731 -0.59912923221677627517 0.65654993182437770827 -0.45824267601865842359 0.51430167355317291111 0.75423014900206597488 0.40820420247354044507
-0.37851028596659019865 -1.8553170781006098622 7.4907242893486536417 0.69251501264026360527 -0.018046287398859838652 0.7211777095687561534 -0.7149906063883763041 0.11582938753432445167 0.68947225162420411326 -0.095975986809149274603 -0.99310517292718647475 0.067310663802187392646
-8.372056413435650768 7.2867767720294436273 7.8600224406160164037 0.40072164414559868773 -0.00045295879780361944164 0.91619973736181703483 -0.82856901962648066284 -0.42696219575074767505 0.36218318999472914888 0.3910185975477395437 -0.90426936154447379312 -0.17146830069628304916
7.3308276598729023021 5.1068573988513588091 6.4013104633990476344 -0.18600429237928386983 0.0071483002961021859661 -0.98252292849545108666 0.91978061873197547449 -0.35041301867415780569 -0.17667577578310100783 -0.34555175679122207555 -0.93656799974508442297 0.058603457509777891199
-4.7993740741677424211 -1.9080661511021050902 -4.1828711351822471798 -0.97519891373905120968 0.0055198093468089492672 0.22126140726979884321 0.17879339681717887345 0.60890244592498521392 0.77283292670631875687 -0.1304607216631014921 0.79322590921598856717 -0.59478790930185465591
-1.4535139596327266709 3.7719977884189002104 -3.8063375766263467526 0.99153160147080487974 -0.005307740339586068494 -0.12975712380150547509 -0.067003686105534490669 -0.87681387125971177454 -0.47613857354236466257 -0.11124562612996681532 0.48080064793957610902 -0.86974430012948844571
3.3692369041442606914 1.3875493538571797014 1.3113534965394730847 0.84165990346868801986 -0.0053287341410222094362 0.53998167699058097213 0.473795263146465917 -0.47247534113234829212 -0.74315886635484695866 0.25908812306474299225 0.88132778046224025115 -0.39513882101411967884
7.0707805576042188633 8.4035727476002399783 3.6958143202294233554 0.97967346179891134916 0.0023370059217711555699 -0.20058526030156090258 -0.018614751207643529668 0.99667669079242704466 -0.079303625819288237064 0.19973332041603819587 0.081425502356033158113 0.97646120674676228912
0.161440489928098313 0.23550772990986851285 -2.0997958292998530894 0.4885838686317893198 -0.0040488817699045817622 0.87250754143972142352 0.6486613788601487407 0.6704843241363347417 -0.36012384906137806517 -0.58354453033884956525 0.74191264825697689211 0.3302141781752557792
-4.1822319701037837802 1.456918751845479143 -0.51274723087288220924 0.029661322726115543075 -0.012508018719346227637 -0.99948174340592244036 0.6323429110334731762 -0.77416587623690624742 0.028454154982979311395 -0.77412056476985602327 -0.63285918302394827961 -0.015053426930460878444
3.6578018827296792104 -8.5217957556377115225 8.9950424239601094456 -0.96602771113288654625 0.0065045596207785908935 0.25835663728169316888 -0.25293866239630147241 -0.22893654778938354877 -0.94000536708661630581 0.05303295568354311762 -0.97341961547449440406 0.22280430386573193968
5.7516227384530251854 8.44416252653803312 -0.5032812884262849451 -0.89827724577885559309 -0.010157765804644265303 0.43931174524468330489 -0.24742076362693923852 -0.8145103258894323961 -0.52474364669422568497 0.36315417585691900371 -0.58006012517118454852 0.72914285002625622845
0.65473194123024569535 -5.1326385217678192063 3.300731934831447667 0.36898762320017658434 -0.0040664053997678381233 0.92942541296867497991 0.66937049754767574683 -0.69260624271970427923 -0.2687744957369486154 0.64481878922520108333 0.72130441347086093895 -0.25284119950922606668
1.4592819831672416697 8.2460643271655662545 -8.6711592858587174248 -0.46951663740387095114 -0.0048052855747563356925 0.88291054837498372798 -0.83000046769078517084 0.34340842924808318015 -0.43951094907249987909 -0.30108694896040544275 -0.93917387099078430968 -0.1652243602311614934
1.9479051230565587183 -2.1703217177501366031 -0.83966669911560432027 -0.94479166557591276465 0.0052093360166533975858 -0.3276302359009072851 -0.2958535198050471493 -0.44336589880240362405 0.84610718859851608009 -0.14085241736358822262 0.89632557845771521077 0.42042960638543880325
1.9809063051817683565 -7.3264503611786047088 -3.4434401964038858779 0.56378270969148247538 -0.0056897697640090607804 -0.82590355537016590937 0.054372642887107004717 -0.99755131924427464796 0.043988420970148718603 -0.82413146521557112401 -0.069706470244887727694 -0.56209281800041732691
-2.4222907461462472867 -0.81124135875006342378 -2.583441242229429502 0.13320913675354195682 0.010316725266990928178 0.99103425322485028115 -0.88979149915293187512 0.44163939802865415096 0.11500317449706820572 -0.43649331486389914003 -0.89713332748754925916 0.068010137409442839029
7.5743947223650547329 1.6784170074634561232 -1.5079693019974178547 0.44624329516241056925 0.0029797296745157101847 0.89490672292361106432 0.11315820070274115738 0.99178008790076488399 -0.059728375645946296668 -0.88772864273758333997 0.12791942172571790781 0.44223803365278141486
7.3012777416485468152 -0.7500384488875415645 -8.2091862790563059349 0.93648867520281597887 0.0017904028381877188508 -0.35069325011224905531 0.28697911704426803947 0.5708589774154425589 0.76926134329281570245 0.20157367783801388716 -0.82104617553560510501 0.53408915926192579438
-5.4706006652162848525 5.6267620946157164141 6.1071856982636045785 0.13897123797633290088 0.015493858745295380208 -0.99017520437397810174 0.32388011055849652564 -0.94560119697548083995 0.030660239128100064132 -0.93583581305689578222 -0.32495894605311581582 -0.13642952165900212869
-0.86825485338139829494 -3.8693255103623109825 -2.3167002668207077321 -0.22359998572027059427 0.0039883822892440908697 -0.97467283700362683518 -0.68949746159791847067 0.70615192479810962034 0.1610674068647433288 0.68890949829145986527 0.70804911687722249525 -0.15514558083675980549
-3.6625749018246374078 4.8871717469313473714 6.717410769827822925 0.62756858006049931475 0.0025550422356365202689 0.77855709429688491063 0.77532825587416576152 -0.093088372487509382647 -0.62466042819341027759 0.070878579019710521991 0.99565457196082562952 -0.060400334182354756263
-1.6886204691875446038 1.6380443921162399779 2.7234606672932137883 0.39363975571134474096 -0.0031076942755007726238 0.91925953079616851138 0.78966903976695124179 -0.51079193252134180714 -0.33987410802338768878 0.47060657704395825185 0.8596987518353622626 -0.19861396158260999356
-3.8074313522754543726 3.7417798435875870844 6.188052885649172552 -0.58935747433593510536 0.020245017553965610063 -0.80761866416550487369 -0.79048194287683370973 0.1918551211127422218 0.58166133659405072631 0.16672152059632053267 0.98121442700703787043 -0.097067928807709633054
2.5072495289353491366 2.5796403157722047617 8.5487760164845791877 0.94307389620979520384 -0.0035204822471367625686 -0.33256462904540440295 -0.053959801754305258825 -0.98831494220840143683 -0.14255495362347747612 -0.32817672995218805099 0.15238497699160080678 -0.9322439877547026299
5.3845334611306396866 -0.03352807772470167702 1.2265450485852695817 -0.49805965149353614851 0.00087415896060015485514 -0.86714232937877522289 -0.30573130059714731521 -0.93596078533872484329 0.17465903968409490776 -0.81145853584119731483 0.35210317259888129771 0.46643156031331428624
-0.98862815111521162859 5.7499305669341795877 -3.2865017032198400315 0.68405994061251762517 0.0067122684492345553384 0.72939491573593950857 -0.22388636308400619579 0.95362225526479871274 0.20119515572793753022 -0.69421674862688653729 -0.30093112121494092204 0.65383756867448017402
2.0235123485458990089 -3.5689905033974933524 8.8002789127818612513 -0.4664589035018221197 0.0092442132246177595445 -0.88449456519857505565 -0.46667688916407196187 -0.85202405261035019102 0.2372081256908334379 -0.75141784145961820762 0.52342101438098442845 0.40174826600813190458
2.3493504397792985827 -8.8202801933401531187 -0.98138357111695428969 -0.8853650863915546454 -0.0043011421109632515941 -0.46487650400462898759 -0.38816564001763242953 -0.54346169634632346401 0.74429619138762603825 -0.25584389714947119998 0.83942294749474033466 0.47949245615573826695
-3.5228709260126986891 6.0181030216573390135 3.8466418568785796239 -0.9634405375864991683 0.0033224692552943986719 0.26790164563359764038 -0.20405098898413234765 -0.65709069018108645643 -0.72566867010513758096 0.17362466538398901861 -0.75380420937776604351 0.63374576092837653363
6.9968873347726665557 -6.0994130142388014448 0.14734882908394844603 0.27993550199819500213 0.00032142792958851640339 0.96001875575689710196 -0.15524434554106295026 0.98685347478272222865 0.044937873633729259748 -0.94738340068766557778 -0.16161718965908522527 0.27630522273069529904
7.2669945192359310937 4.84962144664223338 3.2817909132352816037 0.49018590670579736956 -0.0050765366240563755684 0.87160312392916716728 0.28037228836720434755 0.9477545455265540264 -0.15216011747379926122 -0.82529337618978226843 0.31896010755239695422 0.46599924142388149395
0.41332821905212879798 3.8380956042754301727 -6.0830313881892141836 -0.84857349073142573914 -0.0058054015135053779403 -0.52904567680034375599 0.050807246602239800048 -0.99621267575824934415 -0.070561521746156694035 -0.52663237131854767625 -0.086755990984568445712 0.84565462424548687448
7.485830199135028451 0.26140929105330201754 2.0066421248837609248 -0.81403486604677399718 -0.00038823816638153610392 -0.58081587971693027228 -0.19240029577799080962 -0.94335954732627225194 0.27028668234507630119 -0.54802314097538662452 0.33177193030698209908 0.76785286560361087904
-6.7729106265614857918 7.5129386295067090984 3.6438961184526923454 0.96007648243097021279 -0.0067176167251503070277 0.27965697114241006016 -0.2020448770801380467 -0.7080683642067044925 0.6766217992760040767 0.19347096818022357922 -0.70611193534415594986 -0.6811570444735618457
5.4749411491608954705 -6.097720741689903079 -5.9660975821071495773 -0.81593879259181445462 0.0028091784473794293581 0.57813146883726163061 -0.065935788626324862149 -0.99391562107939412929 -0.088228169834109929082 0.57436604924203082945 -0.11010834069439617844 0.81115953719815303558
0.58444715719234241469 6.0220028482469194486 2.7714757581180093915 -0.64260927282521407289 -0.014248059441057454866 0.76606156102589206824 -0.390361043084207604 0.86642155777151441676 -0.31133894756469238096 -0.65929627522173295251 -0.49910988472534800753 -0.56233241454486548871
-5.7117136296796662265 -8.4362209053358903077 -3.8755262091720492634 0.29774324009278363423 -0.020287619109090857666 -0.95443039321349620874 -0.15659018237723307254 0.98519474788039052005 -0.069791285498451274827 0.94171570962885653433 0.17023431281426479322 0.29015823437996213219
-1.5335712259787315226 -5.1590191185305807053 7.4817474818587115237 -0.9062530432230496702 0.0053273571671927574811 -0.42270207110304075515 -0.28170477098385909853 -0.7531590270097159312 0.59446942901942279036 -0.31519492961360701111 0.65781691928624208554 0.68405340218909294059
-7.3365900664285765842 2.6062583132221073257 -0.88338201337052957296 -0.99149979894033568595 0.0053693125613981356609 0.12999738144917463711 0.10858754330425891832 -0.51624692143505312991 0.849528022814934336 0.071672129451794297506 0.85642296010293883501 0.5112756783463190402
7.2868454561823492455 -8.4759931382142603695 3.8783585662646116177 -0.99973444745366168984 -0.013362435809489895885 -0.018774447626839441128 -0.0076812042496347768955 0.96135416472136736576 -0.27520750184899389623 0.021726335994101172305 -0.27499020942916196919 -0.96120151427378541786
-1.0361575272928389424 4.036852205637898372 3.6452835186848946414 -0.11620804233878087586 0.0098144810602913551412 0.99317640268856111074 -0.97112284372990798076 0.2086536720111759613 -0.11568953082387761766 -0.20836533608498369885 -0.97794034640042259987 -0.014716167994164770089
-7.5195591948950974981 -3.9420467070194482595 1.807067511137226079 -0.94726258401330376557 -0.0016527520302156957846 -0.32045415481675676439 -0.31094327752884698413 -0.23713013806369520609 0.92037143359707707102 -0.077510483730281423687 0.97147648763751948131 0.2241105951964893761
-4.3879087599211130666 -8.3071097645878104743 6.8266891335610910829 -0.52641085508175733398 0.0090382565061217692154 0.85018228726036904064 -0.6058324927162366258 0.69759325740717736952 -0.38253187839567726058 -0.59653885239863690959 -0.71643698755653606458 -0.36174499366215678853
5.9325650412447012982 -5.3195284939389182455 8.9092810889210465319 0.92900808601505846518 -0.0038947372960839478362 -0.37003892651994058083 0.061507436058211156782 -0.98441071968626114863 0.1647797629461637825 -0.36491205985570751569 -0.17584187780071225404 -0.91428596324321176336
-0.85962274548833172982 -4.0346896505755394102 7.8550641216315311155 0.88894050866896368035 0.0077591254678306079834 0.45795694996242986008 0.26797995989021849983 -0.81966989290225999998 -0.5062884630000005215 0.37144516842231750653 0.57278360891497337448 -0.73071706166885819211
4.6671834132963221364 3.8470890345116699471 8.3969921037015957666 -0.84767837647505916987 -0.0090224098868459095407 0.53043375286322014261 -0.467077763701779336 -0.46141336303614505221 -0.75427851027799164285 0.25155463166493224891 -0.88713939408168596135 0.38691596342924622354
-7.1274873767108806177 -5.2688482579316859855 7.4007447430829511603 -0.48321102445027630523 -0.0034427890592900580249 -0.87549714622783603168 0.78355524546398702679 0.44440966584765956293 -0.43421334181099591198 0.39057429914828795114 -0.89581705504215636271 -0.21204603448342518313
6.8302792905407239132 2.5993477311378279104 -1.4242331866665483009 0.38761909786022058499 -0.0031828593567727724717 0.92181413765482078659 0.26266835057924886598 0.95891937029494078715 -0.10713999662578119199 -0.88360442086820367713 0.2836609079153675772 0.37253149765174492503
4.8867894914098002346 0.36318588611984758963 6.4452800053599670349 -0.79446721723842683716 0.0057144854020234770592 0.60728015395689294298 0.59754094172635263682 0.18596263178228092383 0.77997610382713600252 -0.10847425359977294623 0.98254019980730278316 -0.15115585357110480902
-6.2299800784522378905 4.8727513248321150385 -5.1416951379361384156 -0.74005799066356214855 -0.0021851919160142401106 -0.67253951214150964333 -0.57386417621710483772 0.52351020074606369192 0.62977533848943267891 0.35070511503235390904 0.85201660468047091257 -0.38868191061462020741
-2.4217095031401507654 -8.299548786733724981 4.2816059663407086688 -0.44931318754917465297 -0.0016105290800918041494 0.89337285927570730948 0.45803916668129585066 0.85814702207486615038 0.23191336807105353279 -0.76701876201316387949 0.51340149464139950286 -0.38483908847636960626
-7.7475285601586989515 7.3620871959607088186 -2.9021183729731809819 0.47103329670987603706 -0.0055638705372836189111 -0.88209788387412213506 0.81213786251056507837 -0.38759702321945666004 0.43611998333963131191 -0.34432502910383960826 -0.92181212344814944526 -0.1780524737165502247
2.2092087973579395133 0.66047378731042838407 -8.490467530152557174 -0.94589455270263356201 -0.0006317960286124123595 0.3244735674927523017 -0.32159430272682626439 0.1347623241259941762 -0.93723861446771095096 -0.043134668438195855611 -0.99087775069871575351 -0.12767413030360991177
-0.94214000650635476575 -1.8307171137879454381 -8.6801228006341730747 -0.18775033452067510509 0.0096321460528726726702 -0.98216955443033593376 0.98182869913677228713 0.029947240472278903456 -0.18739148416954851117 0.027608285686683206595 -0.99950506979719389022 -0.015079721845768926172
-4.0231367057458262693 -8.5726173513634869039 -6.2797012081248562154 -0.86763217115221746845 0.0014261909642043976709 0.49720456711614191558 0.083279260639908314623 0.98628583965503768827 0.14249493760547854437 -0.49018259896586829916 0.16504002082885080305 -0.85585209656565774949
5.3939072123584868024 2.2744407741403294132 -7.1552539147861020652 0.35203092495796922679 -0.0043094845875807459221 0.93597844858511913824 0.63288857747098259399 -0.73564057582829078807 -0.24142284834395494331 0.68958413292394860061 0.67735837747682658971 -0.25624080877509147758
1.0611560547484244488 -5.1119763572333472013 -5.1460059468433065888 0.11918695784783904512 -0.0055268462849460964215 0.99285644634523084751 0.39198281628194375781 -0.91849221182680840236 -0.052168271516650155384 0.91221923944759697456 0.39540044358057863105 -0.10730586376274225957
5.6094963764411422957 -0.85002586604592833552 -8.642445923710216249 -0.71493868189210063591 -0.0025924058889169408065 0.69918235144081386512 0.50297453464297037229 -0.69652883617564531615 0.51172668278745070403 0.48567406625756409655 0.7175241179275605452 0.49927932218077253346
7.2546522043395835766 1.4890298399807808671 5.4678621677075005536 0.72600557819060962395 0.0053511084241391016977 0.68766799116645394019 -0.26203298209937769814 -0.92238037463853805864 0.2838188872744711877 0.63581020495747209154 -0.38624578977670237512 -0.66825113030311711348
-6.0513293446631308825 -7.3754866439909294584 0.16438530124646349995 0.42985570102492942635 0.001823072432542647333 -0.90289575959992807164 -0.45283153762908145978 0.86557295067092876462 -0.21383887765123171798 0.78113230302226899227 0.50077953579761425029 0.37289701219167054047
-3.870557850632182717 -5.1089614370183475955 8.567456916022827329 0.42013446503065748905 0.0032800794374482321325 -0.90745593412149716528 0.58317901948955175317 -0.76713205771023906809 0.26722768804930574493 -0.69526200997939191506 -0.64148082365094305501 -0.32421149018409500808
-7.4588221364455469242 -1.5575405509928159642 4.7968121122140905399 0.55376329817894487384 -0.00064581279071327692132 0.83267388124981489561 -0.70279722119909193712 0.53594223137892971209 0.46780550499017681254 -0.44656721270672766755 -0.84425440925740624643 0.2963312622468978752
-3.0328273367645923742 -8.4155924131675554634 -0.93288063251669084419 -0.38771750160459955703 0.0033415060886465720175 0.92177219164295365328 0.4431317737570203974 0.87753542265411710321 0.18320975158053615095 -0.80827555328380085164 0.47950017343524020674 -0.34171656916115966673
8.3499898939154810762 3.714044908142565049 4.7350790833271627633 0.87574764921595249501 -0.0069297548085826693454 0.48271941476466523335 -0.47870524481246329307 0.11700142042631396511 0.87014479036951497548 -0.062508747240042378257 -0.99310757026433782446 0.09914640892139635342
-2.2724081855821900433 4.8639375022005992832 5.7800621892814509906 -0.72498012322083593695 0.001318593108426321589 -0.68876852588297432511 0.46006269538269245478 0.74513325757823967166 -0.48282372017958785637 0.51258768737858895204 -0.66691430466223866613 -0.54081343639471990414
