1125 17.292696884352682929 17.968806560800352656 18.477561601407678893
-7.2440059813298613989 4.3731601338226067099 -5.4981748225070905534 -0.24430429914359430565 -0.0065215277884568814346 -0.96967668791988781418 -0.48205812220499377752 0.86847804624546676155 0.11561076942053993832 0.84138895656908352372 0.49568473132151003036 -0.21531667584910152424
1.3770874512390351985 -0.089043047659872601174 0.89941161851537210215 0.079110482407243928882 0.0030200713968294391407 0.99686127958817993822 0.16498122869011458413 0.98616561056585450018 -0.016080507359484019769 -0.98311887671487308005 0.16573553543472568927 0.077517782095478868221
-4.4395127993601866123 7.7646982617930397907 4.8593425326070383008 0.76991500241717525377 0.0058319275838347424748 -0.6381197988416381639 -0.36590141658798142066 0.82328863196266166558 -0.43394928484784006661 0.52282601541241557896 0.56759300304161020012 0.63599617963215515637
7.9506321112733111534 4.4224377014258138274 -7.5138318588047940949 -0.46258948628746948684 -0.012109408680508956802 -0.88648989243982212471 -0.87244604730686370342 -0.17156867314894905241 0.4576047256451870604 -0.15763521724258511281 0.9850977375953636761 0.068801058636390965972
-6.8850903803245415702 4.3987801557792254314 8.7817975320797323491 -0.36013479178584983931 0.00042189371311916225304 0.9329001842379095466 -0.17536275187634983719 0.98214292913158529608 -0.068140824854645717923 -0.91627006772015784364 -0.1881358253050972873 -0.35362985484398168357
-5.7193673928313071286 6.588044606626745292 -3.3525366196425547827 0.86687558957696786432 0.0022309085826127620505 0.49851954349069416139 -0.35642967234954470168 0.70192255339764608735 0.61665437458966509965 -0.34854641134894065457 -0.7122497820837595528 0.60927468932910877619
-5.6589074466712343536 2.0376158180260532937 -8.2471029427107769294 -0.92473819253246836158 -0.001717693157659145025 -0.38059995375985866684 0.034821898101144825588 0.99541391392226541424 -0.089098683393214833659 0.37900753380970036988 -0.09564616824510152604 -0.92043745024628065288
-5.5033017438797395826 -4.7637728218128883029 1.8524082230137954852 0.99256077517036334079 0.0032093419177736939515 0.12170787861848579581 0.082090202952884896992 -0.755886579555991589 -0.64953573991450253011 0.089912769796552299839 0.6546947219670588014 -0.75052682487433153291
6.7913532150091464601 -3.5615711246622101527 6.2408164717865881599 -0.65526947369784671604 -0.0024423415643781976048 0.7553912574338030872 -0.062231794199661162603 0.99677006447479288287 -0.050760637876692007997 -0.75282741756034987635 -0.080271249738827599174 -0.6533049868438408625
4.5950323417698548667 -6.8031634488742405154 0.38424880838410330197 -0.85355736864302456102 0.00097165872090680649974 0.52099795999088338583 0.10641585640893887199 -0.97859117424019537168 0.1761674748756829334 0.5100151801074641611 0.20581149039503485176 0.83518030776685181493
-0.87527512100722759669 4.4094602904383330966 -8.3070102206308398252 0.32796819557286022162 -0.0016820188603638075095 -0.94468726756816756573 0.16003638168077041759 0.98564363241308627916 0.053805078031266634353 0.9310344887443242623 -0.16883068647612620161 0.32352894781264956992
-5.2223554995090966102 5.1766821145651622516 0.11687918093910384942 -0.98199416989336818506 -0.011833948818181285259 -0.18854020247795885701 0.031777562842338603899 -0.99416214183812712246 -0.10311072803405017806 -0.18621932443988781225 -0.10724548191532257135 0.9766374812661812177
3.9488748319329554093 1.2245427793371870262 2.1779146397689941317 -0.67889261565803149523 -0.001451375412922969229 0.7342361404307409245 -0.50771699020122129653 0.72331382043480907384 -0.46801770802979891783 -0.5304038784419603525 -0.69051792929501543128 -0.49178929945271326885
-4.0597108066845191132 4.407931852292995778 -5.419148181946676246 -0.31684385571032180895 0.0062594508970710118281 0.94845705773812594153 0.91072639597153415281 0.28132196469241615988 0.30238284320057556842 -0.26492905235010216769 0.95959302386803657647 -0.094835783145588783971
5.8222808149221814134 3.4123440615444096125 -0.47282179050454503644 -0.27346634265339814229 0.015719544561794772386 0.96175311559383169779 -0.2160212790942588057 0.97332137563019627269 -0.077332442869584863687 -0.93731049626803852881 -0.22890695852331585658 -0.2627748806967335482
-6.4412085786853436886 6.7295296588357462753 4.9887068876764484315 -0.6511164600517486134 -0.0052161711907218197629 -0.75895991133100859649 -0.24365139480632652669 0.94848466625139193908 0.20251132238651151085 0.71880550447145719062 0.31678009635072712502 -0.61884490568909777952
-3.544975891855717709 1.7539187130948266091 -1.5434739758256776909 0.11699174327492310732 0.001598903276195242501 0.99313160029960834141 0.78011085617338848941 -0.61900245001046982907 -0.090901149393306651669 0.61460555162280172681 0.78538742693585417154 -0.073665497521951311954
6.290138916139086156 8.933075238290761888 -5.0937942150920383355 -0.37963311290046442004 0.0073269860511167355863 -0.92510810982559987803 0.81575998380296987911 -0.46900996738877975822 -0.33847496113568020792 -0.43636492573906032755 -0.88316247982202289446 0.17207465187884457558
-7.088346209139037235 -4.8032617545085685151 -8.6803097247985157026 -0.54018961979774715587 0.0037288170653403968774 0.84153506794776755662 0.29454819934105808121 0.9375746991090049276 0.18491901431461860161 -0.78831245894466339674 0.34776397098243894135 -0.50756643659617750597
-0.35777317787741430566 6.5450962453131422691 4.2107562779067340131 -0.87170151464665135421 -0.00940242358549249653 0.48994700100461402448 0.12794864065786895613 -0.96950111467637323237 0.20903763774805289577 0.4730387031908968587 0.24490647821609529133 0.84631861743166869605
5.011084481681661984 -6.8602021320161563622 -8.8220211790701323906 -0.19526407032099216132 -0.0077565626163524350675 -0.98072003068038204887 -0.57874959150813065634 -0.80638719446534945501 0.1216083999209107841 -0.79178333726518923541 0.59133706829399246274 0.15296933840028478779
-6.5434201786501784426 0.83464732632953864133 -1.1575867564935786724 0.9509236902777056244 0.0035093678133724048006 0.30940559078035145824 -0.25401495048656796971 -0.56214646171139215358 0.7870627424258476168 0.17669335074623238047 -0.82703025332999546837 -0.53366695595584701106
8.5746974557269215467 -8.9537271691695412557 7.6674003549347764519 0.87077703517799787125 -0.0088074204528209420334 0.49159921109761128832 -0.049247525796133402587 0.99324913549020787951 0.10502778704209285443 -0.48920551530994560441 -0.11566582984176213 0.8644647937294041018
-7.4194359863566967661 -5.8661151205587316326 -7.6431335443607331115 -0.9711869808774761248 -0.013803498751039281964 -0.23791870795799177629 -0.23094772583459297066 -0.19185792983490088104 0.95386250722610221864 -0.058813230705007504828 0.98132563310135656476 0.1831420369885693733
4.8546132412867235573 -3.3028385490701697158 5.0431898725423049967 -0.72192825501817214917 0.0091031954408258633493 -0.69190803322346161597 -0.68845041178673271887 0.091243881590098580014 0.7195210800129107076 0.069682315669871097707 0.99578696813397493681 -0.059604437567591483926
-8.1278239816514812333 -6.8331749526017357965 -2.0072681917256960382 0.70109704986506360402 -0.0031777186026401916044 0.71305878353395302227 -0.30594280978238647117 0.90192998183282835356 0.3048299608206145872 -0.64409775951560410689 -0.4318705940160887935 0.63136824928996426731
-8.0252200823431660837 -6.8946079316102109047 3.4403028912447961574 0.56969983798989609625 -0.0063698333893297959252 0.8218281571087924231 0.24914909010728805705 0.9542511080483827568 -0.16531652575356201029 -0.78317739082082094004 0.29893853550683180398 0.54522373984990701867
-8.0809223843717230551 7.5065562644103227541 0.040980655053316855652 0.85848926028724170667 -0.0096888671767597356332 -0.5127400080201313104 -0.12506868554092029355 -0.9735881991682480141 -0.19100744052836407527 -0.4973469753287691475 0.22810555515595673515 -0.83702678681045838971
4.8629833635224137822 -2.0627114116038836045 4.1518240764631491047 0.97193864087962389409 0.0021655057519832888666 0.23522455005642936565 -0.10589838710309563974 0.89692685825727114235 0.4293107761811607026 -0.21004954171197093293 -0.44217363277478982653 0.87198719514978340062
-2.5191124327587726128 -4.613600769141257274 2.4514042410188299215 -0.66743506222537385408 0.017772421725574805151 -0.74445589442118775825 -0.35279926992441523748 -0.88794599854363476243 0.29510096375845806804 -0.65579197376391262786 0.45960422615152946024 0.59891639020027209739
4.4041451285442709818 -6.7438648919133514781 6.565076379829319464 -0.84061519216782532027 -0.00030689171891374933182 -0.54163272105176007987 -0.0064290327021592867662 0.99993504532816468444 0.0094113050730065019034 0.54159465122452121744 0.011393460498737835104 -0.84056256330089429429
4.829514621924544393 6.6244198651674768286 7.7999545400512273474 -0.52824088208948316581 0.008679411324144133133 0.84905019775530388149 0.44663971446594191717 0.85326881852683911234 0.26915662501914006111 -0.72213193804938735632 0.52139907091305837117 -0.45460804315355579641
-4.326035021377464318 4.0900048731971327953 0.45230120297484427416 -0.9733635245205879416 0.0069340315002954684698 -0.22916231876037981841 0.226942990201511402 0.17110471256039411214 -0.95875964482112963072 0.032562683102570481875 -0.98522844891247385313 -0.16812071592279065335
0.2111834658176126589 0.90052008082531742605 -8.4297113090100701527 -0.93438879669494945279 0.011618885143938141591 0.35606541269682034923 -0.1890168691167105619 0.83102395673588791425 -0.523136508495114394 -0.30197715112271800164 -0.55611526218872953109 -0.77430330966651006452
0.8786417472797662942 7.8531173623586703059 -8.8821959658262628068 0.50737536010444606038 -0.002610603146808042254 0.8617212012648848285 0.78195357420632971568 -0.41881076415099721677 -0.46167754073215344635 0.36210337162750427797 0.90806978178002095703 -0.21045289181522350286
6.415766596832050972 -7.115101222746114118 1.9059401516340863658 0.68041295692806658124 0.0027026777771577180712 0.73282392399365559044 -0.34635699295866145819 -0.88006891771047179862 0.32483154635674238442 0.64581347266301836196 -0.47483828364253832799 -0.59787420325188722625
2.5607063043644253675 7.6914536289413799608 -4.1918485088857586618 0.16490040637213293495 0.0018790170236327725754 0.98630843313529859007 0.45746146143693511288 -0.88607830748052907044 -0.07479468104324636657 0.87380596660733300673 0.46353177054796096401 -0.14697425085469620343
8.5575040039389040913 -7.104815323036910435 -1.0034464654389787519 -0.74638454667696285671 -0.0019432033742941298791 -0.66551208286728602559 0.57637659943412022923 0.49804856124591900812 -0.6478716279215323004 0.33271628169723943547 -0.86714696251648260006 -0.37061573265569230928
1.8332066213080751016 -6.9235264091991339797 3.3260321202434011134 -0.87103480777350428266 0.00276101431656924131 -0.49121353854214955259 0.11010514820970090932 -0.97344286657643097627 -0.2007133325135249946 -0.47872248744423195888 -0.22891343846738146373 0.84759861827652216437
-6.9672062256103579614 7.4706113961953368729 -2.0304691209170560029 -0.87523219520297257379 -0.0011553086744498942268 0.48370163297442536621 -0.48355804086947706821 0.026571087735820262538 -0.87490890863370451846 -0.011841688676336108166 -0.99964625871268808499 -0.023814530247218586301
4.670467071133239223 -2.2969700544551270305 -1.845160965189718727 0.99800135437765014057 0.017866418330815966864 -0.060614253738729306775 -0.040662827238397751539 0.91580165569575588957 -0.3995670931226177891 0.048371801095862330955 0.40123324702911083994 0.91469779180724408718
-8.3219582767878073071 2.2294226279723807771 -6.1705126942412302782 0.94725736250263714577 0.013592018989813287738 -0.320185487185663753 0.048261663454153190533 0.98165585452930448351 0.18445214856180172647 0.31681903513705128583 -0.19017633997997329676 0.92922476220040417516
-1.3874404991686644095 7.6064702251599483063 -0.37290715491404619053 0.75748495349539179955 0.013258037323665329207 -0.65271798632679567387 0.10390691377950553309 -0.98949779413184435484 0.10048616161900761345 -0.64453075837943418769 -0.14393866698848653551 -0.75090729231274666589
-1.6716319536743544649 -2.4525879589622969768 -6.6250540270163904566 0.43285916911596528101 0.0083979658242892395864 0.9014224391937176728 0.90143447892111450148 0.0037181786377821351985 -0.43289959039010073027 -0.0069871256224912185739 0.99995782376937603075 -0.005960768231121098791
2.8729254362827263414 4.7034530965218737109 -8.5864292526776324621 0.61672150144170434505 -0.00052944943087568190065 -0.78718124300736902477 -0.78718095262603893225 -0.0015057396072249828317 -0.61672026119696132795 -0.00085876778435799595163 0.999998726214921696 -0.001345394498799860547
1.5644759548130355853 8.7584970782026125846 7.6204958547142211955 -0.36274936575164812291 0.003818104666300399519 0.9318789190251716148 0.79012910792516943825 0.53144221245333989057 0.30539346363630692771 -0.494073770256949929 0.84708594422244476441 -0.19579712113489655678
3.18754395376848354 -5.9985878419075051582 -3.8557686536928952314 0.96416149667208206342 -0.0057836954708974704781 -0.26525300601902651598 0.26264724983766829514 0.16225350024271656402 0.95115205083729226221 0.037537054867883015707 -0.98673215743974096448 0.15795764934352968245
-2.2677773967244090336 5.4780583011654737646 -9.200874773179380739 0.82052829437773189269 0.00040869353973925666434 0.57160576544976426927 -0.3028485027771146143 0.8484204460189679331 0.43412616961272298965 -0.48478459390899802939 -0.52932275574209464164 0.69627675371380515212
-5.840571629576976953 7.7876141117146433501 -4.1016405140710947563 -0.83592591418066364284 -0.0046090137373245212288 -0.54882294320991076297 -0.38422088478886795571 0.71897609860516620284 0.57917845378295529368 0.39192113708425330154 0.69501951528488048471 -0.60278163183676936043
-8.5294400094098712373 1.049217769633191244 -5.5065996821867333466 -0.83355313888353343987 0.008735722151758502918 0.55237021264316610303 -0.21601787728234073116 -0.92541884214942804476 -0.31134585799225461544 0.50845397171368544864 -0.3788451580173107236 0.77327285281160229591
-2.1446939630000887433 -7.9833095226976213965 -4.6910207893028221804 0.011167242836862028427 0.0012188514765480258292 0.99993690155357239924 -0.40331721221633998198 -0.9150429751963295999 0.0056195973184754791085 0.91499208686054522843 -0.40335451893467633155 -0.0097269233304718739908
1.5056381250770369817 2.2617994913545849123 -2.5336741652634322541 0.28198398518693079673 -0.011226361412264636297 -0.95935342856925631683 -0.95941909001706660032 -0.0030864481642807846049 -0.28196716749993799844 0.00020447070039833785057 0.99993221902650919475 -0.011641114403723413356
-2.5086317770409336525 -5.805396788183196044 -3.2233910785643593577 0.59899277187875876738 0.00061343007432454596181 0.80075419633028044331 -0.7590654571462849276 -0.31802022802832491388 0.56805172857078023441 0.25500449212569115121 -0.9480837295665202058 -0.1900261843204716361
-4.2240841798647466021 -3.4100477667348285671 -4.4539108393091320082 0.47188773643113363088 0.01048405973814037391 -0.88159630710286196464 -0.88165791225939793563 0.0043232298895788320858 -0.47186929910056996107 -0.0011357624149880463267 0.99993569501969881141 0.011283433387311261886
-0.71427877368239778288 7.5791923982165210205 0.57298832783567665849 0.77925097234468654328 0.0050165520021483332377 -0.62669191498359277936 -0.62659965756528623881 0.025168850711867918335 -0.77893478423585205128 0.011865548398907894631 0.99967062733695832843 0.022756221156672827577
2.3523814191504528459 -0.096492877004740990055 7.9786824808527674335 -0.78512370557197541654 -0.0077988628370453741412 0.61928987129417678581 -0.34924548411461187047 -0.82020236081327779765 -0.45309566224071506912 0.51147664538501180775 -0.57202033622434456106 0.64123659921352160751
5.6466891895889261832 -3.5491924270406296493 -3.3802627410018013521 0.99999224557883525932 0.0031937572773249670033 0.0023040609070746030651 -0.000805919475287829052 0.73864750868201800582 -0.67409139470246559611 -0.0038547731462689922843 0.6740843106262187634 0.73864435480923062993
4.0819298964222765491 -7.8895743046437116774 6.2799156371974866886 -0.96180693753107915356 0.0038682038509393256928 -0.27370139187805975212 0.23370128003535606265 0.53220318497832719284 -0.81372199282602419856 0.14251710994435115576 -0.84660782355098673779 -0.51278071967998817282
-5.7452793220210862657 -4.5623364763697695778 0.37185492517036783378 0.98368416877286846134 -0.0081724555846845927526 0.17971829922210619257 0.17904460307684769149 -0.053055692882552275835 -0.98240934623085318655 0.017563775636931146934 0.9985581126915511474 -0.050726811085635835352
-7.7371921448842657654 -4.6590889126728072256 8.4790749681037702601 0.81597875444959766522 0.008275096495788510087 -0.57802265964644061746 -0.47538040707329481949 0.57854213396929621283 -0.66279896484023037573 0.32892573760313353892 0.81561052102110953577 0.47601190861372549845
-2.2675617222506367909 3.161205868988866019 5.129543844044784251 0.10053860901700456543 -0.0017774307504170197385 -0.99493156992690456875 0.59900086105583671969 -0.79834795343049202998 0.061955739907812105993 -0.79441170469196131787 -0.60219381098881430425 -0.079200110199480630579
-5.0424212256731539838 -8.9609133985363840225 2.8074221266903305327 0.91243898504268527994 -0.0043110816597062276076 -0.40919006970989219019 -0.16175165505297289803 -0.92231139982448973047 -0.35096735438115206351 -0.37588761706367773696 0.38642346762137341765 -0.84225020214273627062
2.8157010433354487944 4.292059024498754205 7.7287995646564757735 -0.54667451685395518357 -0.0073925242645383566417 0.83731256004379650548 0.22399638885871520078 0.96222705564448252069 0.15474078700842772149 -0.80682872432802232865 0.27214783477136683665 -0.52436911200853719706
-8.1296838461558440514 -7.9535371429728449755 7.2151168774020444374 0.96835423776500384463 0.012510284070330723871 0.24926604862013379549 0.20046370416418235472 0.55596716590183259399 -0.80666896168861090821 -0.14867539646843114243 0.8311101029535855611 0.53586530327436454613
-5.1273764711402085581 6.6694030118159250975 -5.4233444502128032028 -0.75435280976320850943 0.0033368917711549986142 0.65646074030038015223 0.56254000556173777703 0.51873262158025257307 0.64378972456146466019 -0.33837934414623488388 0.85493001611926122685 -0.39318454572027566885
2.1600021186559033026 6.6724400477728531555 -6.9496200387621982486 -0.91089951614397479673 -0.0029645363604826864903 0.41261759901016598073 0.40834568180654468028 -0.15017308569558679432 0.90038983139672290612 0.05929481966189132508 0.98865527655326235212 0.13800314671934815758
2.8528865956316598052 -4.8811989647690126048 2.2048360612432684746 0.55551586708414191218 -0.00051333841524201949055 0.83150577743116582674 0.62556284626575053842 0.65904983841535913491 -0.4175217789008556224 -0.54778941828931626556 0.75209909384879714001 0.36643376787931747351
-1.3642600789861196731 -8.1340357543162227216 -6.4301192463260443688 0.39261094408740659922 -0.0004338782553199435274 0.91970454947913737875 0.38315856265513675849 0.90916217310641644911 -0.16313693284071295597 -0.83608980525246034965 0.41644201846388684274 0.35711326328058123902
6.6940657248128809798 -1.3174183817243625416 -2.9498673054474218169 0.86577644893724325925 -0.0096150757355863598896 -0.50033857615012111708 -0.5004196860670162561 -0.023343901843538870933 -0.86546819701410504511 -0.0033583123492182216305 0.99968125548348740761 -0.025022173623567484091
5.2113713119662357087 2.0777634744503448161 -6.8086845555185826484 0.2465631348487132557 -0.0064251479257485151486 -0.96910543183252917387 -0.55093534700532353909 0.82174530421231051225 -0.14561901807393343167 0.79729346162709846535 0.56981871896144276057 0.19907225715182932935
-8.128795190650054181 -3.4793501198696126231 3.4401192370064364034 -0.10645832971848527559 -0.010332438594477862115 -0.99426347853401320087 0.98040174950341241189 0.16561564746048182406 -0.10669520554968495163 0.16576801140324734507 -0.98613624719368575544 -0.007501224329149236425
1.5449999490390520229 -1.4815418176743639922 2.7462394484001499961 0.89099207478876452093 0.00073042359203055826772 0.45401826961563374052 0.20735134775047786571 -0.89027320606033610861 -0.40548617381689811001 0.40390412383315849043 0.45542626741548342117 -0.79337782531293499222
3.0294371732856979484 8.884458381734681609 2.4782791178349841132 -0.0046676125879027349774 -0.0089863249898977873992 -0.99994872836339332434 -0.63657360822721076321 0.77120578693857511077 -0.0039592298447150365073 0.77120182488192512427 0.63652248990553395025 -0.0093201471625311178848
8.2518967062699637438 4.5091637574090484009 7.491052998878545921 -0.045911994605617865994 0.00094650222405785950416 0.99894503997234929127 -0.11570497600011413197 -0.99327398173198211406 -0.004376727473748895543 0.99222197480223617294 -0.11578385616340899911 0.045712704708309015444
8.3967387586195485483 6.251461709408214773 -6.318940695091539439 -0.26187830943674617057 0.0076084906767193219435 -0.96507091030472669235 0.57084933128051029705 0.80750707390539666619 -0.14853742480983944674 0.7781714412796125746 -0.58980881348285096877 -0.21581188918739174776
-4.7683881424504503954 -6.0219759482876664691 -3.1209932486404245999 -0.98335774000563747066 -0.0042984937846021510632 0.18162895727851191552 0.082312103439105208103 0.88068887225918313089 0.46648882934790830701 -0.16196380088880849013 0.47367566248458409239 -0.8656784010078106828
-0.36917857254235991737 6.5598719905292819377 -7.9032829704949572047 -0.94664177544314020984 0.00074303307222196141556 -0.32228682394307606174 -0.019314378808449723934 0.99806919547656247627 0.059032497930913155337 0.32170841418393475442 0.062107398452765368024 -0.94479964399916449569
1.1076131554605048724 -8.019775079113736993 8.3175227485745573119 0.97178871341227113234 -0.0033741088059508696391 -0.23582898862142395724 -0.22663098571721065899 0.26351265664487971696 -0.93765637421226688542 0.065307677934715410717 0.96465003767067047935 0.2553139479641254872
-0.96571094229768539297 8.844156489554157119 -3.1026924646608282643 0.92787134316147379387 0.0054764425019060607516 -0.37286026755013279566 0.073361830149308512872 -0.98303220066933449939 0.16812416341576660872 -0.36561292703785169822 -0.1833513049440573528 -0.91252917025050361843
2.5014796530652216866 5.4957188577025455345 8.0529260989066795418 -0.99273981675267231051 -0.010013730947904555396 -0.1198640122229208127 -0.078645371972161426388 0.80804170061157998273 0.58385230627267947767 0.091008580370402547555 0.58904018136708014008 -0.80296270338914244036
-3.0386386433035608157 0.77025939835061263405 8.6551486691553094488 0.9555611805578234641 0.010362894289528969474 0.29461065940126979212 -0.1986827138310150731 0.7609379396469923007 0.61765575463265165457 -0.21777972687017285724 -0.64874190740841397584 0.72918168390092541475
3.2387382856537429987 1.8663519477489323162 -6.5592423689325558556 0.38192449154620727869 -0.0028653643997218238015 0.92418908911757435831 -0.64163104226759182236 -0.72054245456600785058 0.26292237783550215235 0.66516410633450939738 -0.69340490397374132669 -0.27703131734392105745
-8.1924432029201224026 2.0551791618376595849 1.2708251174908800074 0.92668095359090152385 -0.0062254821805349889324 0.37579735712677836412 -0.21877340090562472086 0.80408685773783139528 0.55279519197382798179 -0.30561513265525647176 -0.5944792415088591131 0.74377000618958200029
6.9608192261973158566 -4.6118595770423729263 7.1378523240386702042 0.85022070267863270043 -0.0051407646085059200552 -0.5264013006023493535 -0.4589849677108890913 -0.49692069599101751365 -0.73647988520441165505 -0.25779363093712526211 0.86778072946715822944 -0.4248517969989860088
0.075014224741745710867 2.2024911794394452791 1.5660699102395367888 -0.42470705852566603689 -0.015170644389573533645 -0.90520371518639286545 0.36580043174432674835 0.9117321630195419635 -0.18690775011080018597 0.82813885223067817964 -0.4105049505971569701 -0.38166965685166709399
5.006916589684685448 0.88498971112006241668 -6.5323748717713376877 0.28524428014530944786 0.0061695139829204105955 -0.95843499400925380449 0.30848063718889395801 0.94617941585445031194 0.097898975952049438476 0.90745545186726439546 -0.32358376057859222774 0.26798909075903198929
-6.3908348154719147871 -6.9817871552409114244 -7.6801092512068152018 0.17680916021969150798 -0.0092470990470122620825 -0.98420171307590653687 -0.11204427472021426249 -0.99364460430262147028 -0.010792629098356145909 -0.97784692123302863198 0.11218240280754976368 -0.17672155254973193061
-0.96867120847681509321 -8.0629646854433953962 -3.5937494431242060777 0.52308192423952359906 0.0018764431995871829265 -0.85228034090603987938 -0.85022994846416310999 0.070507062910406009815 -0.52166827468667653633 0.059112902727124286284 0.99750951526336861797 0.03847637834454487038
1.3603226964456103243 -5.7801217291391697728 -2.5576460575216337645 -0.80697396928953712969 -0.0020353655902611684191 -0.59058349974907387026 0.50393009686915790635 -0.52383953095136093214 -0.68676531892804348889 -0.30797316499715260418 -0.8518145356235737875 0.42375054754155666581
0.20175304762150506055 7.6489779941596296453 3.3499150465446865255 -0.84406133918697479057 -0.0025418216761615335456 0.53624061281557744429 0.47313628750303737824 0.46713163362906467979 0.74694718040235597023 -0.25239356001675583574 0.88418413014805308237 -0.39308512418610958017
-0.15679012416290777354 -2.2949133072480170092 4.2428306707096412609 -0.18688095654544564783 0.0027036448930282397374 0.98237884667009134354 0.38719788613499200869 -0.91884350883761722883 0.07618663425732180583 0.90285840808693684778 0.39461284390043249726 0.17066750825979576378
1.1520630369080770983 -4.6872363413468205451 -2.0127934602303025891 -0.34359122568106376105 0.0023134931683522351638 -0.93911645570952317907 -0.90321448841489992976 -0.27468026317352628451 0.32977923060792369014 -0.25719381320781170563 0.96153283915441001284 0.096467308842571097838
5.4078838353585103604 -1.419276391676379534 -6.3711914256300756776 0.71016446171582370273 -0.0019997543019335721828 -0.70403298097346889151 -0.64405031019812786219 0.40206553004869893808 -0.6508014347560800994 0.28436883663574324954 0.91560871038317648285 0.28424470834308795952
-7.6744745937247111911 4.1074088611018959583 -0.54359003456606669324 0.97307601195547210882 -0.008402828790183353852 -0.23033121244284565643 0.17805307562926675491 0.66197786268541469745 0.72806758722894715508 0.14635633643949164107 -0.74947628500377838634 0.64565092813490410073
-8.4036784334992837842 -1.607225812528813913 -7.5319443164611188379 0.96612926416074351721 0.0129671925471735415 -0.25773260726861146885 -0.21661685487938650563 -0.50206198858218498149 -0.83726393556809997065 -0.14025470799312014791 0.86473441676509310572 -0.48224786712595413274
-5.2678506896099293044 5.0021912100033230075 -1.0365457934132866757 -0.97484388306319047501 -0.0039281430249302889957 -0.22285415263645416695 -0.063572269032907385844 0.96321350337512978701 0.26110977294277337712 0.21363045256911281089 0.26870860910769894803 -0.93923251281376807231
-2.3337736656219103537 -5.7915633348434916172 7.9532225555067368461 0.025997654308486137925 0.0042950777902813971898 0.99965277685671205532 -0.90577143174287111371 0.42320867542819812224 0.021737766238126853685 -0.4229683621844970709 -0.90602205787123546443 0.014892791603569724423
2.1965180486628756995 3.1790712141674788427 -7.2636698653400522119 -0.65997936918392319239 -0.0098974895114162554643 -0.75121852476690709199 -0.6444499227204981695 0.52140004553430063794 0.55930876054507239203 0.38614962042846756596 0.85325496319566951353 -0.35049170949493541061
-6.2328494397372873337 -1.3459053088912436014 6.5984935462707401399 -0.99618152376895052758 0.0025429624264842222436 0.087269152872908012375 0.08663465421675146938 0.1525318382966809605 0.98449401978609285546 -0.010807793012880101066 0.988295285654980038 -0.15216970776817562161
6.0508281503868479589 2.2053438242225205101 8.3351259742709640221 0.83452363991463163195 -0.00055001127616127916398 -0.55097186126974617704 -0.28915395715058517245 0.85078370937240799243 -0.43881325063242165863 0.46899923612680582963 0.52551572512520339231 0.7098400799886341872
5.8464857920133672664 2.2493857201274765067 0.0064932292775583665828 -0.37188558044032926642 0.0056107401650188929929 0.92826161972527365673 0.48909166272331233705 0.85110829714194047302 0.19079835426689245592 -0.78898064647675758554 0.52496017575708586733 -0.31925906933677705712
6.5381764372608301983 0.89705200354395109308 8.590796961759570749 -0.9576093160453458264 0.012488322451580220751 0.28779930442199536111 -0.28714670310320300484 0.038549057086706542408 -0.9571106211377203854 -0.023047097874354639802 -0.9991786687074687423 -0.03332895557181107804
-2.7123709103503315099 8.7902228972431153409 -4.5020549908924829552 -0.59800726832278283673 0.017356285514877653475 -0.80130273079924640989 -0.78404058699173173608 -0.2201525339982911833 0.5803561145740742111 -0.16633600026034073283 0.97531103814489228387 0.14526084775371023161
6.5020782579115818933 -2.4980043041388166891 -0.89784540520144162645 0.24648462992334013721 0.013559268857145380036 -0.9690518424933231012 -0.37884487544155703853 0.92168874174166004476 -0.08346510467530679489 0.89203244759558264487 0.38769319000289109711 0.23231896793397660561
3.2477309533825606813 -7.9733907038264923983 0.94192228853900550334 0.67409389320400492362 -0.00010679181300956869932 0.7386456604765710976 0.084937378651737185931 -0.99335535157525101102 -0.07765814319660113707 0.73374591300569791397 0.11508750623979201178 -0.66960570566161603523
-3.2781101805981323061 4.1746308486379630764 -2.6628697419739495444 -0.81386448071286554562 -0.0019488565100451184491 -0.58105146845387667387 -0.57874383149916774904 -0.086378110917940176261 0.81092194412046469942 -0.051770498701189757162 0.99626052010130217162 0.069172187703603338349
-4.9346881350761364615 -6.8427646323220763236 7.9763646134544181621 0.65472433743634761427 0.0087264713509701413718 -0.75581736594645176908 0.71847303600090828279 0.30343505210881260847 0.62587831540270444375 0.23480319100938656929 -0.95281216294171966474 0.19239657908170781919
-1.2239621963539708549 6.5367958724040367002 -6.8399520677799285906 0.98944730216301413073 -0.00033437424404577330284 0.14489280325935927074 0.043014124020420152483 -0.95423818032576590564 -0.29593796705297192862 0.13836119895873244534 0.29904746011718991161 -0.94415401032899826106
2.8684411638773141817 3.1591437636022008384 8.5993819312057127036 -0.35205332389928256642 -0.0025611650034432949241 0.93597644071059493687 0.92131365145480292878 0.17538422716982993155 0.34701805212830161285 -0.16504427519384384793 0.98449673097171053193 -0.059384963853321953708
5.2575230040356091266 5.4307486298176153028 -4.7573439599285700652 -0.26201923497672252594 0.0019846579554317019846 -0.96506061034270862464 -0.62202699661258176178 -0.76491146594386993929 0.16731068331967441365 -0.73785387170309846283 0.64413237024735858771 0.20165602795899995048
-1.8649119008321564106 4.3491183081141153721 9.0549381123604391064 -0.46580286653461133728 0.0053927427679486758527 0.88487208558843988282 0.83549312074831372232 -0.32674660297263419251 0.4418007499182809994 0.29151146583050202565 0.94509659600022988268 0.1476939048104861929
5.444024406968161145 -6.8345397553818409975 -2.6395075892493635727 -0.051739298726856175481 0.0022077797621063302916 -0.99865818510411263897 -0.33300061939303432501 0.94272832099774961367 0.019336501036342865212 0.94150604482981614662 0.33355425120504034187 -0.048040910189983354606
7.5780902477907909898 3.3078187892993793362 -3.4795650313865968961 0.54827697151059651137 -0.0014827610730458924432 -0.83629550036510202915 -0.77165508896583434595 -0.3864036103222046048 -0.50521349309249208304 -0.32239848973619888994 0.92232860269490535288 -0.21300038137607155142
3.8124858086164024051 7.6758519817207417901 -0.048825495407762931066 0.43689546367607573485 -0.00014541221685547729703 0.89951227488802698584 -0.46093939774239683915 0.8586912600690495001 0.22401828382856583954 -0.77243590376656245944 -0.51249321823408233723 0.3750912900029816921
3.1710205936111561797 -5.6740891875441370473 7.0649629844873214068 0.65085171485112525147 0.0065748997564730252141 0.75917640635679561889 -0.19979025437942782295 -0.9632334847513176479 0.17962490948859943796 0.73244515120957376375 -0.26858522771554560471 -0.62560856445737333953
-4.7951625770143353478 2.1625189690991097891 -6.5694941632857108971 -0.98909193841958475968 0.003514091096401388177 -0.1472575584370636459 -0.099588771821336852241 -0.75255626795615671032 0.65095402302069871325 -0.10853208686938659033 0.65851857583790374129 0.74469730185911586773
-6.2949884705997165568 5.6577132665313660809 3.8025505649979907119 -0.9994073392752179652 0.0032874963268979609521 0.034266055663014161059 -0.032592070511109343112 -0.41071918738295654094 -0.9111791843842064198 0.011078228314896102977 -0.91175596597076125072 0.41058291656369316769
5.7254096149996707155 4.4842498718387817647 1.7625059144809418488 0.57604332674632341416 0.013536227744029287468 0.81730707585920026048 0.47978589075649269446 0.80391164355855238011 -0.35147057968215555945 -0.66180026045783968414 0.59459468538623017064 0.45659344647992988753
-4.8213800782680422685 -5.7328205080046013009 7.6033765072431096499 0.88902583416534008975 -0.0056020593475426452151 0.45782276387034614995 -0.45619297588376156449 0.074335985482498312393 0.8867706186025199333 -0.039000447961707436495 -0.9972175179936327849 0.06353099137743158098
-1.2430572422705095104 -8.1075155620058474426 2.2973683155679585077 0.68596254672876866287 0.00061485708299789578607 -0.72763658953898968651 -0.33218590729973707099 0.88997383524645790054 -0.31240853952444413988 0.64738543965447015172 0.45601117807260754811 0.61069296540580875199
8.0151200533001087933 -5.7834728595599926848 5.6247345730643738548 0.39402908321827007088 0.014830676726905449997 0.9189783091052409203 -0.90160669312678809462 -0.18790162560878193032 0.38961307729950828138 0.17845574377804493404 -0.98207587798582685057 -0.060667267873115438004
2.9117330929342148949 -6.7690008502934704282 -0.65655442815672138135 0.99217261808811318957 0.0033745102681417699086 -0.12482831648400594116 -0.046735573390134579896 -0.91694966941405542382 -0.39625634372396995042 -0.11579845463417029472 0.39898861693293080632 -0.90961464448537632244
1.3288731575350845038 -0.24717509283478500404 -8.556719235415620517 -0.9009450157635638945 -0.0043062449180095926926 0.43391189753869857659 0.43198211739962555367 -0.10361984927134074153 0.89590980410088427721 0.041103878378995255261 0.99460765284195229441 0.095216007532995472484
-4.2499551233622874236 -6.8778916888164438603 -9.1529006883435890529 0.41981143036484169784 0.0056099204383899571591 -0.90759401261110972392 -0.42359838801699484234 -0.88317833272064039107 -0.20139622211411437047 -0.80269718362781961041 0.46900379679179682313 -0.36839200587206355486
6.6692369741128194605 6.6128767062980555735 1.0954576433045692951 0.62581555710988368002 -0.0038533783216001971789 0.77996156312638809105 -0.25015466027106658675 0.94616987041408739945 0.20539041424826898208 -0.73876757808113668879 -0.32364753636608589726 0.59116388402889152864
7.6424878381438876573 5.4647481229881647025 -6.1293700604535938936 0.27004339438495955639 0.0055531432919034492968 0.96283213892589092353 -0.30680528491317260453 0.94835514729451264593 0.080579350638766422676 -0.91265934625056344132 -0.31716191007068500474 0.25780077676770218886
-8.1006326492881903789 4.1137779225740382927 -2.3338201791137800356 0.41319298021850420222 0.0095729427876669534458 -0.91059316923902100527 -0.59924985372962114027 -0.75007344645858009535 -0.27980249770643511598 -0.6856902900751657981 0.66128525137348226348 -0.30418849815958975968
7.7701689447381108167 7.5813688943525834318 9.0830971321166735777 0.89334759714105649309 -0.0052043054557902573148 0.44933616133909975998 0.44108241529983632789 -0.18095818619351525247 -0.87903380922635432348 0.085885817196284658381 0.98347702060287667258 -0.15936303319843017623
3.2052940485244656443 6.6364896319488604348 -4.1012698694829463619 0.041089658317483450378 0.017248076653959831805 -0.99900657847236107312 -0.39125432843945884276 -0.91972705465565063321 -0.031971790875569595924 -0.91936482989978307589 0.39217935792970531894 -0.03104288577298521673
1.0015217118918269268 -4.6987851490977163849 0.68733702885460534748 -0.25770000348223465192 -0.0048690817443646791998 -0.96621270962889371781 -0.69822336983252875076 0.69216445811450766357 0.18273611778293644137 0.66788833948858084 0.72172339228109283482 -0.18177048992985400666
-6.3614130193904436794 -1.3642294372451531093 0.67746180894832352948 0.88554067071943709522 -0.011677957057975623528 0.46441505770243007856 0.46379940895447729909 -0.035027220405287662341 -0.88524753718042648032 0.026605051310737922593 0.99931812709939171757 -0.025601798670001237046
-7.3093698873530339455 7.745841900226621668 9.1684486001361218399 -0.8065155514085786681 0.0090442010891098375408 -0.5911436946825130434 -0.26368658906898950756 -0.90042626172462036926 0.34597966694855575298 -0.52915219746418395985 0.43491464636578552883 0.72859261751358606052
-6.3326706652232260808 -0.4084601249002361989 9.1230815599885985989 -0.5183295089661559274 0.01109094052067242063 -0.85510906390542817945 0.8226408033595489222 -0.26673832740847486233 -0.50210832829181739623 -0.23365921506187917189 -0.96370517054235527166 0.12913448604807054032
-3.9307034432659122558 -8.0421563686889196987 -6.591240619715831528 -0.95035003190325928468 0.014720821382515444919 0.31083454486173267561 0.22162836311896963459 -0.66915894985079615864 0.70930047828519493525 0.21843920326445434577 0.74297348354604975107 0.63267267779202196465
7.2030331623137984209 -3.5677265689460226916 -6.4757099059910645522 -0.89721775776765577692 -0.0086795515565038870026 0.44150306967370445133 0.28702960395427273843 -0.77125559373208585345 0.56813626498499136819 0.33558054413260673954 0.63646639700930107697 0.69447550271974223257
3.8334216149394286788 2.231589599683656111 5.8188066001339304734 0.98197288921475389678 -7.2681817613947036563e-05 -0.18902179653344641785 -0.036926886062753815076 0.98065820029637318367 -0.19221316104046362594 0.18537974520709551984 0.1957280994359290871 0.96297708236378409818
-1.0704188529354883297 -7.0099965940808850462 1.4997192925096207716 -0.83073628923713416228 0.0017200424889040875388 0.55666350625734029034 0.53400187565686085822 -0.27997386738357243896 0.79778232017082451044 0.15722345416580277289 0.96000608072871451704 0.23166594575836849113
-7.098732605373397675 7.8199381458921726207 5.0018047624843235965 -0.99633025533930119622 -0.014532693776227942339 0.084349410828537807472 -0.084268053727630798377 0.3392231885683504311 -0.93692396887802775751 -0.01499724696371865923 -0.94059365782943527012 -0.33920296790328530179
1.9163476933338774444 -1.2658513619006372952 -8.1439532977784399037 0.98864839477343480212 0.005332494183174983117 -0.15015297538648408882 0.13934422237031568459 0.3412180567474872861 0.92959852917327612243 0.05619198522554891273 -0.93996904324310259771 0.33660163181579799696
-4.8243611356498243836 6.1039630697374116508 -0.89612459500898733467 0.88011668095703932124 -0.0076386060242262061523 0.47469598649963334891 0.26558572952464998274 0.83670307768920404445 -0.47894903701571711618 -0.39352108987159944986 0.5476035166829682499 0.73842504043581869144
-3.5900559171154706739 6.4801413384633024251 -2.4182930493887861978 0.28798500190046016911 -0.0082553947277241041675 -0.95759933538928088126 0.042306097156284652727 -0.99887689170011340067 0.021334230027399377072 -0.95669997011786200858 -0.046656228794958100325 -0.2873123100233037075
-8.1780591375630891093 3.4556603582112699335 -5.1724897762092068021 -0.33215755900339011264 0.0010642197017442104126 -0.94322331578130746976 0.69020198058052051326 0.68184934814739062148 -0.24228638515956860133 0.64287835707847085231 -0.73149185495637414345 -0.22721594163467717653
