1125 17.292696884352682929 17.968806560800352656 18.477561601407678893
-6.9266556871937030593 6.0429340611491904056 -8.9684452709155859651 0.4534099389794633006 -0.0028325638996177606756 -0.89129759554056697812 -0.49870226858106725398 0.8280057312578446016 -0.2563250988809355202 0.73872557458560128563 0.56071248031961962166 0.37401342204174825579
7.2903369922146428195 1.4690200829817292583 5.9501834654650860301 -0.54041175508521066551 0.005473489519710704812 -0.8413828949284984926 0.58021609705770438303 0.72661501981030429675 -0.36794006808298262978 0.60934753276014019807 -0.68702303738539083344 -0.39584710485337232244
6.3126687320044201357 7.0996554321153277911 -0.7981336288668128276 -0.84990973961551974369 0.0072663008933787250065 0.52687819785798839511 -0.04611441178703735988 0.99504273555102340509 -0.088110246014112020285 -0.52490655885814652137 -0.099182434425090379437 -0.84536143108712979988
1.1277731105942931933 2.716199767530881104 -6.8055997537277601594 0.83385780509029849838 -0.004044946966656189774 -0.55196449097227839875 0.058864330969116751557 0.99492240076240701097 0.081635819350653365811 0.54883162393371187626 -0.10056368562045846227 0.82986191243175411181
8.191818545919623773 6.9889135734680687406 6.0996662832253116804 0.68326271926208703711 0.0062931372093264353884 0.73014550117816412467 0.68004853243099228077 -0.36958835969934139554 -0.63319699771386406262 0.26586848253512684881 0.92917427902361926506 -0.25680558637914441267
-1.4306310222330413939 -8.5936028990163748631 -6.5115744084498654587 -0.99900847207843090914 -0.0027291459823712668938 -0.044436746927014450503 0.043818783374513628481 -0.23678632795280377121 -0.97057310343851632695 -0.0078731784450705409595 -0.97155791729396712153 0.23667113555365076882
-2.0181924036457861149 2.6909838642720624868 0.83977307481832275116 -0.12289681851855710493 0.0094878893539087506143 0.99237409879217208797 0.84762422353347999238 0.52109060688059061217 0.099988774869103611009 -0.51616813895967728065 0.85344862726276737863 -0.072082542592139919879
3.834384874212133365 -4.2138861188988068207 1.3446901950075700327 0.72483136712538820401 0.0060454179688251043212 -0.68889980559792329817 -0.5883609526447557414 0.52564242750212153421 -0.61443586143121053933 0.35840044452262809216 0.85068413135039289141 0.38455900722079766618
-2.749162731438616003 -4.2005434237059997571 3.5398852916376832844 0.54357494828226315953 0.0017220003109686711756 0.83935886861030717387 -0.76056525827973275877 -0.42199966211281325634 0.49341338963848774268 0.35505881695533914044 -0.90659435244864228221 -0.2280787508968199484
0.041444578092219110099 -5.5162002463595731783 -6.9883585561573218214 0.97977110341793638426 -0.0012021216594453806858 -0.20011781482604293347 -0.15953066843530211427 0.59905316496762506251 -0.78465614849498754868 0.12082446248930771293 0.80070834917970012956 0.58674320517440592404
-4.1201759055788595987 1.538407314202375975 -2.7133182615189328502 0.99675430113262930565 0.001276636053597794869 -0.080493685306238890731 -0.076557345480466248988 -0.2941881115790752621 -0.95267640248850504747 -0.024896506317031805861 0.95574668464298950799 -0.29313552969109690771
-5.8747910182827540737 7.0597713711500533762 -7.0209315974879418221 -0.96845834591655377555 0.007331668422673765298 0.24906761905616936481 -0.039188274883346210786 0.98264621627973292028 -0.18130276540343692737 -0.24607460522336163655 -0.18534470661297539062 -0.95136461380207792971
-5.1257215711622174936 3.7474281814101719768 -7.0876364006457803768 -0.54226595745477113031 -0.0081134784021399293519 0.84016772304939646432 -0.83556668616565410446 0.1101544977580827811 -0.53823257017223158361 -0.088181315231610213345 -0.99388136016942241202 -0.066512386456418715053
6.1372936080099824707 4.7579743098635551846 0.69216500589073670646 -0.99248153803206873302 -0.00030615135349168162184 0.12239404780060224309 0.11549057834638115638 -0.33344791660570083369 0.93566789686530227321 0.040525584251201840491 0.9427684727348411009 0.33097625872332991914
-5.2784025282315489846 3.6660179150225604694 7.4403129058432577736 0.99564557620767224488 -0.0072867310236426445502 -0.092934332348096351795 -0.014829271927702449355 0.97186442826308194753 -0.23507366030953108504 0.092032490307055320189 0.23542819845596299477 0.96752446175764483804
-8.5444125606983032384 4.9739096775405746698 8.4851437191491747569 0.53085207437223003168 0.014371890339299565886 -0.84734262485878042437 -0.46012315908584278112 0.84453798226335619059 -0.27393845109309772345 0.71167601730508422975 0.53530276039133073418 0.45493757935568895912
-2.0423441693631123606 2.5397185272891396046 -5.0729212566668220319 -0.39600616552311512786 0.013873047230098516092 -0.91814304736686225272 -0.91749836178398658237 -0.046368588195317195222 0.39502748024928674431 -0.03709276197709042433 0.99882805957226850069 0.03109074491859661199
-5.6371908987813927894 -8.5248636329131795009 -8.6249611666864947068 0.4647269124363609949 -0.018578902078659094432 0.88525912661495154143 0.57607264043313499702 0.76560105324157190498 -0.28634828482083912737 -0.67243528298396337828 0.64304731682285265482 0.36649821080757577496
0.19083446797412470519 -2.9639326917981740905 5.4983760571382891413 0.87941754392131654683 0.0018067776413544921633 0.47604781167200294067 0.4716232304102314643 0.13276795122534823523 -0.87174778443328837518 -0.06477894704692045702 0.99114550227590936249 0.11590634727019048789
-4.8232638829408527315 8.378161838865256783 3.7933735525266611965 0.51262168385741124776 -0.001154525823241063856 0.85861381092393107561 0.85300906137400145379 0.11476588008502379423 -0.50912113880921328057 -0.097951776161925213637 0.9933918964027684817 0.059816299687411769725
-7.1925270083322425663 -8.5888854132958112331 1.4124941175467016219 0.039207994929248882188 0.0024175154486989697614 -0.99922814649732127901 0.9477288942818978823 0.31681138947258252747 0.037953740837484775672 0.31665861124678040817 -0.9484854764936988536 0.010130390108827116991
8.2936216690797319728 0.57385267652131399796 -4.5716259867849542431 -0.90188836922299076004 0.0087461188868289685416 0.43188062571119334443 -0.42649177625282880255 -0.17673959017023299634 -0.88705573785156244249 0.06857210984822406652 -0.98421878800957851574 0.16312952853515283458
4.7761551291185666557 -8.1107335575642434122 5.6641201152803537511 -0.46480703041526277852 -0.0018291031532803002368 -0.88541011901739807843 0.88482112165108617319 0.0355680202694016942 -0.46457130627526993516 0.032342033901040644073 -0.99936558391614727093 -0.014913836775578507426
1.8898820655954353676 -8.6355886461595154913 0.0036350772546948836861 0.69277057158206001297 -0.010469101492229009043 0.72108205709468831124 -0.55255681857377625388 -0.65023108656995032284 0.52142161089266703122 0.46341115372608715495 -0.75966435481210958791 -0.45624573491727821173
2.3991740438995554641 0.56174434117758209606 1.448534614718396174 -0.84793934735293507998 -0.0019603450293654315836 -0.5300896341733327688 0.10613522047692003358 -0.9803721292247482566 -0.16614994196087626288 -0.51935939212166071233 -0.19714625354458142903 0.83150416506995761257
-4.165752551527490688 -7.5290875760987843179 5.1131575062558818345 0.018383305100899742512 0.0055058980117247075317 0.99981585263518069073 -0.50677103257698474792 -0.86196595477978088518 0.014064613106206155096 0.86188466434592880816 -0.50693626610067687999 -0.013055553512507506175
2.2058669289155656834 -4.2234390036347866371 -0.95326401418217998618 -0.29010718512778366218 -0.011770767519525512576 0.95692176805065598533 0.58453855049057212856 0.78954026752931605326 0.18692471463179036184 -0.75772851611096814217 0.61358586602165987589 -0.22217083717393512621
-4.0240407637733559554 7.6113927061480675107 3.1428842200430167075 0.51744067607335120229 -0.0032876970699051606684 0.85571276594016976169 0.57310221537354966159 -0.74126621452284680025 -0.34939698044020461865 0.63545967415607607087 0.67120309166073566232 -0.38167710471871607592
5.3945631873121300259 -4.2193503162893888359 3.6857674577142778283 -0.62272107672533927314 0.0013813542969926661391 -0.78244268317984788652 0.30305273182198616544 -0.9215199499953440343 -0.24281685175359912776 -0.72137195837999101844 -0.38832856400295101551 0.57343127229187795812
1.4421070837928460229 -4.2032066986589260438 -2.6329607681873747893 -0.92820831891383692724 -0.0045567136369469010346 0.37203299996131211635 -0.36715841501352136644 -0.1505705878565491429 -0.91789062330830317737 0.060199792226634650516 -0.98858875900621989707 0.13808783647552236307
8.2896882045258539762 -4.2968446948364587001 0.40907755168219761543 -0.96501633714093970617 0.0012510406973397832781 0.26218677302278203811 0.1475241996311120185 -0.82408684807855314691 0.54691633486967305977 0.21674888598117714178 0.56646209204249808877 0.79507271284130465183
3.9839254152757090921 7.149263981810151769 1.3037556283297331294 0.080174416303804507677 -0.0042935983818604209206 0.99677160271705433914 0.86846051881263397476 0.49110878576150401864 -0.067738377685294864916 -0.48923245010305149716 0.87108766812577120842 0.04310318091835223242
0.85921436898686842643 4.9408919489575318096 -2.1149756916014563757 -0.02784173466631719579 -0.0022126062194610554394 -0.99960989500110530859 -0.97890125622039458886 0.20256653752539915958 0.02681657033757884126 0.20242818079627014627 0.9792660017831741337 -0.0078057267980606633712
-5.903756985855346251 -3.4831878319658455823 -1.1012014577571156426 -0.65897208084065017619 0.0045223064052168160734 0.75215380436273970854 0.21757646712865094663 -0.9560853828319035852 0.19637011403763701689 0.72001130381708755568 0.29305339015300291283 0.62904962673492059722
1.2602689585086148671 8.0446384413004814462 -3.5070571204147564792 -0.9134420741213571393 0.0122017030971797516 0.40678581055114604315 0.026588604109896926686 0.99920416652096410992 0.029733478403314216043 -0.40609927770899478805 0.037975677057637914624 -0.91303955259113078746
1.8887731156131701837 -4.170332039933543733 5.7604203541584428905 0.8959104581909121956 0.0048031565947215379073 0.44420871287156621365 0.44345806887004879382 0.04943122946862491679 -0.89493099996993252798 -0.02625627655219815379 0.99876598021740792266 0.042155956894296256476
1.8970972543399755583 7.0596298076011922973 -3.0642928737844377096 -0.91353913609415071662 -0.0058938227140059454637 0.4067081382007234347 0.17235805392972267103 -0.91129627526412038119 0.37394090433547683139 0.36842767006616056191 0.41170907391440275669 0.83352065984377488039
5.7619240844623602626 -4.0643419441453936258 0.27541407430494657671 0.50525730026833792774 -0.0072716995097366699322 0.86293811070764547821 -0.20470685523653631144 0.970413401539596987 0.12803489185213537405 -0.83833773859019289354 -0.24133991070416765945 0.48881988866721653997
-0.58410725338089075631 -7.5511970891089266189 2.5911549740741288694 0.014400189978047225545 -0.0062727363418001568646 0.99987663604445442544 0.72539339099416078049 0.68830724520159858315 -0.0061289888642406314609 -0.68818388736608082645 0.72539216220027102899 0.014461956579905482778
-4.7712769169812982994 -8.4916406635548646875 3.7783342577304779297 0.13594260669051103085 0.0011923957450451555182 -0.99071599657960685015 0.94595925412745851535 0.29701817465795765649 0.13015872407618331308 0.29441585761739508253 -0.95487108141105769832 0.039249467107790099452
-1.673939334480138319 -6.4280255186070265339 -6.7862701006959671446 0.016765433052356931015 -0.0069625060749633873106 -0.99983520830367211829 -0.97577811156593419195 -0.21825853296802699699 -0.014842162106917269199 -0.2181192271304327468 0.97586614671046090219 -0.01045305985231059949
2.8282077726507273141 2.4850658450758227325 -1.4786679295834783687 0.51499020582305909954 -0.0014572391008673768811 -0.8571948228731536279 0.85719596974578837756 0.0004127182467764389795 0.51499019322254302455 -0.0003966839016489795422 -0.99999885305814273373 0.0014616853390879685354
-4.1177146828978070658 4.9905749029854815646 3.2330532089145944674 0.13225669650695892621 -0.0066336145335927501968 0.99119330172641972876 -0.77413059727637500984 -0.62521929075862070491 0.099109317542706312776 0.61905572010084120027 -0.78042093361308528809 -0.08782472196931888353
6.4411159560139301661 3.6480604523648283433 0.35355939672892522374 -0.95284602788017347397 0.0085073057346064726025 -0.30333491869847944988 -0.143949351856333424 -0.89265172617387822385 0.4271433949612122305 -0.26713859933154987525 0.4506667521660934761 0.85178427271181567093
-1.2143178247393529023 2.7682945866856911721 -7.9761354546012679378 -0.58538659803037251805 -0.0011110936553817211785 -0.81075353611137113141 -0.80189898585945018628 0.14818848008113286174 0.57879028226867956786 0.1195012440262443465 0.98895851270012280487 -0.087638535097469050239
-6.9696404202227490998 8.147884831499137448 -9.2086805697884823729 -0.065093338598664188255 -0.0048483416907379207894 -0.99786740143811658577 0.99484695236643339022 0.077581851063461659823 -0.065273254496072449782 0.077732867160500387915 -0.99697419724295766041 -0.0002267037455284184877
3.6364490783991940681 -6.5129948052616351006 2.1606131551248597411 -0.81889494606960144818 -0.0043574327687527416447 -0.57392689437037924804 -0.090125252480833667468 0.98854193469798923299 0.12108791107699641565 0.56682317010433880267 0.15088358467165099985 -0.80990470903027766969
6.8898687641900178136 8.1126352734137618938 8.8035788107866537189 0.93872748740143763246 -0.0015440015778692851162 -0.34465681547932786044 -0.27060857357235407195 0.61600295906817625902 -0.73980494343335945207 0.21345187819814712138 0.78774232492529794314 0.57784108993316307679
2.1742615533803082428 7.005912690308883306 -7.5737562173834112045 -0.99035268949451538134 0.013895446688727424583 0.13787119703653885616 -0.081413809144869370149 -0.86347146661696649872 -0.49778390695040142244 0.11213091496783497703 -0.50420625035757327126 0.85627257051062366511
-4.0167431536849749207 5.8842708352746901923 -6.7631393706021398771 0.64353254617273891736 -0.0072471242069780629144 -0.76538444013896167473 0.45307383415400737103 -0.80234704017450120261 0.38853999527447719009 -0.61691973774639852213 -0.59681379534482670302 -0.51305295132670303282
0.94202014657082588922 -8.8255248918725826002 -6.1987744687268886423 0.16892898198658812259 -0.0019238022452549882572 -0.98562634808026527988 0.66888825157448283942 -0.73424448654834717498 0.1160755826138544361 -0.72391401834107371727 -0.6788824146774853352 -0.12274836492173382685
-1.4730057753523693176 0.41583633581813589375 -7.9469685844011221931 -0.3577934634175303219 -0.0076184225097406192001 -0.93376967030115920476 -0.096431103028759818097 0.99492197865933496015 0.028832251884240454876 0.92880831171159727866 0.10036043054156289223 -0.35671123346076261118
-7.3495591708354401916 -5.1565179880659215428 -3.3334872914665725219 -0.34531458906893708338 0.010186392922399298278 -0.93843170874359893574 -0.89282841378071076122 0.30453231660081070409 0.33183955715328750102 0.28916303035175067171 0.95244753427433026527 -0.096064750730162379311
-7.4291561165484676366 -1.8374158781881870794 -7.008377885917259853 0.90893491296178419159 0.0085793801354148661181 0.41684975499056742265 0.30258989436059363642 -0.70139391876622680932 -0.64535720848890421042 0.28683911837484027396 0.71272222145385366598 -0.64011745423449217807
0.1704196995224204203 6.6562913657286975067 4.8626642684380865234 0.9915061474057673685 -0.012906284704651369011 0.12941787925779438262 0.098306091843224835403 -0.57714107213703313981 -0.81070592396915530653 0.085155575054927420964 0.81654247327845008719 -0.57097015453510846505
-4.6030699790566158569 -1.7471353205734740932 6.649526039763440366 0.85107360664339093415 -0.013359858139183212328 0.52487639522620399557 -0.50821911921661000466 -0.27201988611930494333 0.81714044595639945268 0.13185993681844543346 -0.96219888575371681494 -0.2382986808945211088
8.5096917937238192309 -5.4253977546967080414 -5.4577963614569808826 0.98791848831193940228 0.0042769689191374414203 -0.15491535749699705815 -0.018260628947346875528 -0.98944296872016124222 -0.14376773310037552212 -0.15389480134819522039 0.14485965341406661921 -0.97741090178632572538
8.5747085581785000841 6.9480123252538650291 0.26216769695877734092 0.64759536474516044002 0.0032211530762155139718 0.76197760317051843604 0.74023760902298740838 -0.23985952713090857857 -0.62810483952318574286 0.18074436574502164565 0.97080226174917327864 -0.15771633661152850703
-0.38949199614045548756 -0.72611430959052924994 3.5673585518003418926 0.77061587973083134351 0.0012083144234365157145 0.63729875716401662711 0.4523812844666029731 0.70332404798564862602 -0.54834884607278966406 -0.44889011948454243806 0.71086835877064757927 0.54144606114329496549
-4.7933627689479028078 -2.1230223120526625635 1.3840725616259228481 0.70741148448232138435 -0.0063333162359951681447 0.70677357104511551178 0.6837081341709803084 -0.24739270459001516667 -0.68654208682669692898 0.17919871341868834347 0.96889459634233066065 -0.17067830057724248105
-1.7549712490386670805 5.9646395778588514602 8.6888594744943734582 -0.99776033733255686808 0.0034658460282406596681 -0.066800427825992519937 0.0022379274506626953278 0.99982731713225303505 0.018447969989700545301 0.066852830360086254458 0.018257158248770506692 -0.99759579752822846732
0.95123508828330216591 -8.610360447968146147 8.4099346831153045656 -0.8689178149323476541 -0.0045172617503257362845 0.49493577890408479991 0.48933625365687721809 0.14242230188549917513 0.86038707497418531744 -0.074376486541313208134 0.98979567703229009989 -0.12154281541015653223
-0.62786576990955089705 4.9194111020683770619 -7.4078554919529802092 -0.52163077996653139934 -0.0061253606766175482806 -0.85314934762190719475 -0.63057137545580743687 0.67635601755686813874 0.38068658758932794051 0.57470085248518687493 0.73654939920640294382 -0.3566705940804302255
0.59295632422148913943 -7.7082686079667182 -7.4912902993648655681 -0.8904963261697885768 -0.0075916971235632478565 0.45492709219454435798 0.28894857303892607092 -0.78178701289635499361 0.55255568823904488429 0.35146125706353170681 0.62349934450750976733 0.69837207288234459668
3.0929581076848240428 6.0494035440973785711 -5.6326025147764982037 -0.89643112309093342382 0.0040208723559675306133 0.44316483856411814646 0.076295497736176540182 -0.98362946586758126521 0.16325461984918054892 0.43656641943596985467 0.18015800415850005689 0.88144929233524138557
2.9694432072270759981 2.5204488036756629299 8.6792625771353151265 0.97392677590640697183 0.0013381143217676017693 0.2268586445842737942 -0.22591318757481423929 0.097110067109009323705 0.96929503586157483852 -0.020733230630381987991 -0.99527274870553950059 0.094880392239377220331
3.2989671815082384221 -5.3148765262727755143 -6.2324300528551921374 -0.92532598198795723565 0.0052046279425022202308 -0.3791368340137695192 0.26894440222147147912 -0.69583854250947507758 -0.66594116201950892542 -0.26728399797185159459 -0.71817938887580101692 0.64247772710209571922
-4.6422547694802975826 -8.6410171078755428908 -6.1139622357705007971 0.94459516017222999729 -0.0027148540200131916766 -0.3282264659453447142 0.29882064137198710574 0.42087421310307132627 0.85648766543079624114 0.13581681659280381291 -0.90711494658215452436 0.39836699915789819393
8.4579281826733119232 -4.2216741835360362955 -8.1092438553297245818 0.50645077426392237641 0.0063446322092981953175 -0.86224553283235727541 0.08864780316707418506 0.99429121929059727236 0.059384663296344980532 0.85769993601538507821 -0.10651158098203268587 0.5029971201464303876
2.7832617130679575546 1.9366232475073046349 1.511276036086414587 -0.9686458257430825558 0.0037541377879085546451 -0.24841733176191752031 -0.077623705700195985702 0.94525686840702061176 0.31696058594471776537 0.236008102792335972 0.32630562235204785271 -0.9153277097507774851
7.6619751762327119593 -5.3778687493175523215 -3.8571938789595088259 0.99997890330236183232 0.0017337580143732423538 -0.0062599547711585873735 0.0064631590658032079394 -0.36178481630924386181 0.93223922587680019269 -0.00064847935787536300709 -0.9322600177908515473 -0.36178838939820218146
-4.8536127382032479005 -5.4296601633626710992 -5.3738004692372935978 0.34709032208208479009 0.0013238604080957660017 0.93783077136041459454 -0.094260287601029099647 0.99498442882587556646 0.033481107732689002754 -0.93308269006455613059 -0.10002116669611359201 0.34547425333068471076
-3.5974932009005917699 -6.4092364329504443177 1.9783627728311969918 -0.99701883928012557945 -0.010457372889471095237 0.076446566125541709491 0.017619330710544198887 -0.99545200651607290698 0.093620841207291680131 0.075119859594147589399 0.094688679763185054639 0.99266865600720100016
-5.6159548327744408525 7.2202935841950912632 3.6403918326689685969 0.70259190427421280845 0.0052445586728970504387 0.71157368603195636503 0.25177153065077073624 -0.93712254804129357932 -0.24168662831556020354 0.66556420607059485484 0.34896106452902947437 -0.65973514613112060889
-2.8673242058374208696 8.6595899376789571278 3.5851011031921293792 -0.2992741744671968962 0.0036806182716304001144 0.95416006075832271449 -0.76460542895106120564 0.59728929814645925767 -0.24212400198678241114 -0.57080075903551152905 -0.80201742335723114063 -0.17593904090852946487
8.0425416714485020719 -4.1572785532075888781 -4.5341849534608034133 0.90723797585918108943 -0.0020262538551149757854 -0.42061282606950384233 0.39065370488637224389 0.37473165059777147068 0.84081262651014387899 0.15591323874982493392 -0.92713110417866873014 0.34076234775431951673
7.8092948934095600677 6.0409718459806116542 -2.7948574395708396523 -0.82602994424475706392 -0.0018456188775958818574 -0.56362321181937546921 -0.17945953583604420944 -0.94708957482640188097 0.26611202951510554149 -0.53429280942971990598 0.32096406488290413206 0.78199313478178145154
0.36067376406371509656 -1.8516965208682774069 8.5294603189781987851 0.94161286051336623437 -0.017819659875512684766 0.33622563947091188563 0.021409051430923520948 -0.99340897486407020445 -0.11260666577221076223 0.33601618031370944495 0.11323015667839933518 -0.93502516446682959472
-4.3576429546751969113 7.39907796500021675 8.1630755808489983139 0.57193367520172611052 -0.0052645460161739564275 0.82028297295858232374 0.81874286599558987465 -0.057918982723721042227 -0.5712315737259455739 0.050517230245189052862 0.99830740555974017969 -0.028815507159831586087
6.3846514240062806067 4.1774726323767685798 7.6503174035284375876 0.58782619460186735783 -0.00078761017243830994464 -0.8089868630639284186 0.80335436616072020133 -0.1172334876351859706 0.58384764429367674854 -0.095300195751973681979 -0.99310406758162250718 -0.068280184845745772737
-5.7564131547272197054 -1.7108922211440307226 -3.9031784512928102693 -0.25647566266055388251 0.0036952105960728152262 0.96654362544145455693 0.28187391771984715572 0.95681056097894567891 0.071138209906582289266 -0.9245362778021131156 0.29068865787660086442 -0.24644020615507655769
1.1996064992420731876 2.3582421460550211378 -2.7670736261042438997 -0.24079322364286490088 -0.0046284774297626948142 -0.97056540255894341307 0.084115396243689563582 0.99612663060919615088 -0.025619053575223239838 0.96692462144802093782 -0.08780838791371278762 -0.23947121632776191547
6.6737392526203516141 1.2279028221683834232 6.9562874562839276393 0.49501353522477226088 0.010148376731083243174 0.86882599546400285373 -0.29859308746664808831 0.94102032812959635066 0.15913173839300043255 -0.81596799450795520769 -0.33819780084535111531 0.4688480344868178884
-7.2587363803871332024 8.0356808385152245222 4.9700444479861189961 0.6630071687808347658 -0.00014127279021907291484 0.74861303367439924195 0.37447837454215221475 0.86595539936474552611 -0.3314923729301929578 -0.64821866769268599029 0.50012121166039147369 0.57418754122824788855
-1.6525253454829533784 1.7141755764477373258 -1.8711382308942570152 -0.99822994206482118518 -0.0001166068426186779583 0.059472423593881273973 0.057147898662212738563 0.2749713802760462289 0.95975249815131591369 -0.016465128112462805443 0.96145240466278980573 -0.27447800116662895986
-5.6405766547715776582 1.5428664824287938728 3.0453652413898297802 -0.78194171468342532627 -0.0035667719349129415989 -0.62334134547274722138 0.59542060483677439198 -0.30025479609277805348 -0.74519887329412859422 -0.18450327415403477982 -0.95385236570493314723 0.23690547960149085926
6.9359715439873674825 -8.794534421715765049 6.416442175455014052 -0.60914189632667681273 -0.00087433343172666714432 -0.79306077048394407747 -0.38429207864300984898 0.87507850205062720494 0.29420607325692993417 0.69373319686446222043 0.48398021735394042286 -0.53338297758588459896
5.0986154224273150248 8.2982514515915681841 -0.73984308897566586349 -0.33880717335077820129 0.0047178803097487334237 0.94084400454672723058 0.7484086188368521686 0.60735626767565953354 0.26646369990297802399 -0.57017035922350300936 0.79441557494850290055 -0.20930756255455468251
2.7892083779240497421 -5.2493360800970769731 2.377581478156168604 -0.95328165180533375178 0.00060905557128833722261 -0.30208230895302740082 0.29155433942315855944 0.26356390622538111712 -0.91952712548294035511 0.07905795023070046057 -0.96464174509822153691 -0.25142820867765114379
3.7621150272463488307 8.2893625974201103901 5.7128820769573582794 0.17069820151144524112 -0.005410205691198462577 0.98530850685227000518 0.1676489180321885375 -0.98524452163450682018 -0.034453923898391747294 0.97095621131095843914 0.17106712794609435502 -0.16727245276157093334
-0.70677399489060632742 -1.8525531761327793667 -3.6919499177913932542 -0.39840035634628057082 -0.0077202418116917616298 -0.91717912859454486796 0.081874485765979387875 0.99567333190242335306 -0.043945246829018916324 0.91355006685116535436 -0.09260137150542888107 -0.39604451940617757533
1.9418692175616123485 -7.8098244105859064845 -4.1725217508614411699 -0.98228974610542574286 -0.0059537382946387327684 0.18727361719314078448 0.032427241047208156532 -0.98981462850364743122 0.13861989481395112223 0.18454085925431629178 0.14223766800849618752 0.97247782343106192737
-2.3105017585415437154 -0.6840463757724233318 -1.1977395499048457683 0.20114669291688636044 -0.0035486888757225846548 0.97955470226816321322 -0.89240634477065927666 -0.41300852621007555499 0.18175498092534017602 0.40391945204702411898 -0.91072024468837387001 -0.086242171661933625382
4.2467097868221328483 1.8126208967415264883 -3.6952870642701154402 0.45020395555856551617 0.014045538891691036754 0.89281527833975138364 -0.35488993478543057192 -0.9146973933915919508 0.1933437682229411092 0.81937142529369955124 -0.40389528514198758113 -0.40681576426277449299
8.4097621761558407627 -0.74037484714544321562 9.0422143019389018548 0.82651729354819958306 -0.0073053538929216607634 -0.56286392251591665925 0.43891213699976244778 -0.61771447364729525908 0.65252200349176348038 -0.35245609579032433079 -0.786368527378353388 -0.50734528645579535233
-6.6367720673336902948 5.9512839876721352894 4.1983427474498791199 -0.56801974685345502092 -0.0035032015090797619106 -0.8230074694462244933 0.53573969735951409987 0.75754181441038270783 -0.37297905583720530887 0.62476919246855511236 -0.65277724148369764556 -0.42842190553591086299
-1.0283020516629948204 -4.0468895203599135613 -2.6899766344223956516 -0.30748618343160855071 0.0044651758100242005395 -0.95154206906670224519 0.027453844970401090897 0.99961432920735615593 -0.0041808180823816390448 0.95115641899481373489 -0.027409032242853903494 -0.30749018123582438911
-6.1904479721618725918 4.8855043476554538273 3.5029844243769301393 0.93964242446987511492 -0.0067338545703913435872 0.34209175573082484245 0.22590055096677580382 -0.73871499996404088595 -0.63503471550857371053 0.25698454274373683237 0.67398427580370312562 -0.69260677210076937449
-2.9844806200117335315 1.5317953043912884148 3.9899793092965949448 -0.73036393496068541253 -0.0063299001649580752607 -0.68302888289764207563 -0.68224293142971492721 -0.04208160111813148696 0.72991350265737042768 -0.033363228603165206998 0.99909412530105978778 0.026416354137906977034
-4.6578306763032930604 3.8753918601199544014 4.8769558357323354869 -0.99519930902228370684 0.011727891918052704007 -0.097163737436389174817 0.097855000856805263165 0.10246678736976067015 -0.98991159013991880666 -0.0016535201135117541527 -0.99466728811047211423 -0.10312250886171928088
2.6986094220596132942 2.7087504823383090624 -8.4691383613370891936 0.99962202178112191664 0.01487500311683269752 0.023120290918085123488 0.01383295830439722901 0.45462826457018767901 -0.89057385449988812898 -0.023758426598072562852 0.89055705900061843394 0.45425065969064915006
3.7073041223085767548 0.44379695209016345459 -1.5115315712891637112 0.99123505457212390812 -0.0048570870843852170795 0.13202073811599279729 -0.080287917492311580703 -0.81575073562742805855 0.57280414421347103371 0.10491385462547261898 -0.57838321727775376946 -0.80899069035378745607
-2.9915126889256256071 6.0849560614980706674 -5.682594449058392172 -0.91736108926215464976 0.010084909466861590593 0.39792829317450978399 -0.365706004765190551 0.37340695048055771998 -0.85254112358945721706 -0.15718699051246243226 -0.9276128200568153348 -0.33886089488134646386
4.6021856819584678888 -4.406703457341619945 -4.9696533992758631371 -0.9630497120962805413 0.00015532644306829376107 0.26932364898957916743 0.26346273051314322844 -0.20694154294359073942 0.94221154070349755205 0.055880601840273880221 0.97835329696275863398 0.19925407062353389653
-8.2330307125211881214 -8.6524321829542518714 -0.20476187507130699794 -0.58864330641027862168 -0.0049822398971329905776 0.80837753253299826639 -0.28180107523974357031 -0.93599128569711620429 -0.21097029907749861866 0.75768543064528570685 -0.35198791227062237175 0.54956100462356649583
-5.6192846360389028249 6.006713239867023546 3.4865831898054682192 -0.44723114355005288978 0.00010978338672177831437 -0.89441841002218580581 -0.77607225567657878162 -0.49716436026893384703 0.38799414022337641583 -0.44463036132076116935 0.8676563760072004694 0.22243258521596387389
7.777304596134420045 -6.1416972944835244164 2.0920818516720149915 0.76098727150201228575 -0.0049652355025852062259 0.64874780851131752524 -0.60097212924632137376 0.37130710342025552428 0.70778777526794112163 -0.24439900261853264585 -0.92849683972869001547 0.27957601136899473682
7.3526509647794879854 4.7015489845468119157 8.0457640926493798617 -0.62787743144352292646 0.0052232041908109117304 0.77829470589359328603 0.76859702068913360318 0.16166625671919351848 0.61896901475464416453 -0.12259099017442467994 0.98683166729516447191 -0.10552113319925203461
-2.9665927629576218649 3.7510892457608489003 -5.5501767133357731154 0.64259246029194605487 -0.0051559070276739702582 -0.76619080299796415989 -0.34939142265229555795 -0.89193107116073855334 -0.2870271730601554605 -0.68190949821285085086 0.45214199198994559081 -0.57494961111956965905
4.9488418224335122275 0.4464277007055535984 6.1741833713153715379 -0.37601495354177111308 0.002756736603050919613 -0.92660949440218798312 -0.9007930504302632535 0.23333522806084458501 0.36623291993282885981 0.2172202453952861434 0.97239244739403662976 -0.085254285764878590115
-3.9433221440055383766 6.0883092249080448255 5.563543658667945202 -0.086549882204946512743 -0.0080228734045830613075 -0.99621521339151120067 0.95423326194081348195 -0.28800214556649395004 -0.08058316173439623864 -0.28626561039735703984 -0.95759615582538448741 0.032582244432642938625
3.7996652317043735358 -6.4782858770320750352 -5.4129982467057331519 0.9886290250422290482 -0.0050000302834330720772 0.15029188448107294596 0.099452831353622983546 0.77138980719961691701 -0.62854347477637273478 -0.11279089138533954229 0.63634327610599183966 0.76311562018810052965
-0.045913476375411287067 4.7984560766955199895 2.0390416042677830255 0.99363244457753152616 0.0068118214521766754649 0.11246405724330482689 0.11061194244443622869 -0.2488947854884406008 -0.96219352728286111631 0.021437426892538802292 0.96850657449745591876 -0.24806340294995998796
-8.1277855085534671531 -8.6765945395982964072 -2.501969090627347736 -0.99953262712218804431 -0.00049124086838255379139 0.030566092330146579781 0.0066499847190059375307 0.97243301687914607268 0.23308754875823339825 -0.029837979508784008564 0.23318187400676027021 -0.97197526131746403433
-2.9993064040302876982 -6.5331438700727346713 -4.731315045416377707 0.9763809521696817928 -0.0062075982286085348155 -0.21596690015992953127 0.21511892604278429197 0.12093262135347018771 0.96907128156330069046 0.020101838191159394215 -0.99264130823607377163 0.11941167984975406546
8.0383303492672641966 2.5692634251713535321 1.4003561447468537704 -0.97103326160752723162 0.0021469696193360168074 -0.23893470943559588782 -0.20079914941109378024 0.53467551846045469066 0.8208543059244503004 0.12951488890228829431 0.84505472040607987338 -0.51875660291911374067
7.6167485683701148247 8.1308125148816863259 4.0653174369089208895 -0.71915921443868202623 -0.0010330284053656369619 -0.69484455609884077099 0.30357377563833382039 -0.89997910421005822279 -0.31285871368678536131 -0.62502238922499087082 -0.43593181214203280405 0.64754186592825979663
-2.8019117551674876943 3.9741736757874153163 3.8659604223872174877 0.92651315210462803496 -0.0047446343480082725508 0.37623246460419479398 0.095657856427934770394 0.97003667604566934379 -0.22333477478875551903 -0.36389964754149123349 0.24291219724674700808 0.89920559993139204114
6.1784046462135924216 -4.1475020251601604215 2.6772774665904583991 -0.6268553956885085654 0.0037653613848919451935 -0.77912652050227426681 -0.26900846558989083279 0.93744822292496221561 0.22096441970559987933 0.73122278297181331208 0.3481043685284160305 -0.58663156263053861661
-1.7487146904219110777 -8.3683246858129187729 8.1541202408229143117 -0.9999398502114027476 -0.0051380956879644862356 0.009689991318532032577 0.0064163448171151212657 -0.99056738571722957598 0.13687616619477507851 0.0088953065287437661779 0.13693010744789721467 0.99054077109218308106
-5.8574345060537265084 -5.2434653847676706562 8.7176261843694557996 0.40184484901176126259 -0.0059490992197067087827 -0.91568844349001488059 -0.86958768770814676152 0.31087392796192103717 -0.38363348954463261098 0.28694593691030539917 0.95043253791748427695 0.11974982320900647015
-4.8184301718947555315 -5.3340790463948195566 6.0557620165903296439 0.99905467744777243233 0.00016139504908434937347 -0.043470972164374267754 0.038060241029297392501 -0.48641464256468130989 0.87289874186615334928 -0.021004035851908079563 -0.87372808667811985295 -0.48596096656792941992
3.1444594648005450566 3.8487148191339906056 -8.3174586357429962646 -0.93651578794053202959 0.003990683198662121553 0.35060270019763872806 0.013750959265311973878 0.99958397179185587422 0.025353391415591602226 -0.35035566223142355913 0.028564974787282315649 -0.93618104667734070023
-6.965294856045250782 -7.5596338899921269316 4.7936382078284456298 0.39485600690351829734 0.011006161372660878267 -0.91867709137864128621 0.72877024430796222276 -0.61263663264523560148 0.30589260754723346381 -0.55944853634924995855 -0.79028806188159606005 -0.24992421736160200241
4.29291033306629366 3.6806199862196513628 0.5347372807433137254 -0.75169680125921323199 -0.012287168000777582214 -0.65939437704542791518 -0.50200436102969792085 0.65908923333630242691 0.55999375354296510032 0.42771899710397354166 0.75196436617876627473 -0.50160348036431590124
2.164582336703309462 -0.048992159542257836258 -9.1187594684334012385 -0.95686525430275182202 -0.010255156165925930628 0.29035102355604763824 0.28924189029545344098 -0.12770372422233239318 0.94869957716762542965 0.027349844721463512087 0.99175934106616547847 0.12516147730806598259
-5.2541417869094049209 4.811146336345450969 -5.8891014910086445511 0.50174616027097873605 -0.002212901705010754394 -0.86501207721027106867 0.46806624764765442093 0.84164508997326570316 0.26934648751549172818 0.72743713025004097528 -0.5400265230430164598 0.42332797680259576234
0.89559278427031518977 -8.8888800285939719714 3.4546562536195613013 0.42758869650800523932 -0.0050870567837498735508 0.90395908561827831296 0.45608355079136808641 0.86459331418188700713 -0.21087009216489543961 -0.78048427358650140917 0.50244653738000577547 0.37201045114156888749
5.1503614694135055885 7.1433470101414862086 -3.0802567360192014689 0.81917680556403560388 0.0018968782376341235957 -0.57353793516976769862 -0.063843674903541078325 -0.99347816549132239583 -0.094472852538667370648 -0.56997661917018394018 0.11400673903300503897 -0.81371316632724322027
3.9565438743817527012 0.32133171276178051912 -5.3771029183932137485 -0.97318645737080156088 -0.0050763281665673325865 0.22996162741344133851 0.069122891290491955685 0.94709172824943066438 0.31343146648149344813 -0.21938583611955239649 0.32092287106630951188 -0.92134595334027358238
-1.2013041058077693624 -2.0104502663706131926 -9.1273048761682957775 0.51381796177597272024 -0.015089613973485828391 0.85776652167512212888 0.34827288773013526102 -0.910080520969419271 -0.22463178987825557775 0.7840262099117600858 0.4141566719271521646 -0.46236041490318452452
-1.659617998850086984 -8.6187910434259578096 -5.2867231388313769003 -0.98454379856569762541 0.015819779749877031089 -0.17442259966704889984 0.17278079503621482371 -0.07513085198221093608 -0.98209070454162505914 -0.028640977158083936321 -0.99704818822813701118 0.071236260277782695316
4.6167713982401767936 2.6232480546048826398 -6.1249384716919719196 0.19325481298626731586 0.0032634344498845549096 0.98114317367709757978 0.93096558827026199001 0.31510717140345734233 -0.18441947832980448707 -0.30976709107787514519 0.94905048365511490704 0.057857832307804786531
0.58010826182231522985 -5.273061444207307602 1.4193423537646046029 -0.17418189785512394607 0.0036310118709847825219 -0.98470680012507161294 -0.94820500757649484047 0.26914979563267699136 0.16871766688049422145 0.26564624986333518208 0.96309148229205121527 -0.043438078571917282389
-8.5398715783027636661 0.20598980897965307735 7.0649818356832785327 -0.8153536845883498918 0.0056059067402749306747 0.57893604382353192062 0.57896238489574392005 0.0095567120189368626876 0.81529824366999803509 -0.0009622391287209442097 0.99993861964881858295 -0.011037709493080805068
7.2213663786520125853 2.497867166843737774 5.0896985339447162744 0.63536678882276309555 0.0056152884990959741479 0.77219007517338822399 -0.72883254080859760649 -0.32607270907380064839 0.6020628836389870786 0.25517086651780374051 -0.94532801552268574952 -0.20308316510278937028
-8.1889398886104132202 -7.5622716138382068962 -5.6027659363944923854 0.71951544539838574455 -0.0058326342931900726496 0.6944519452133741666 -0.69013679830693308581 0.10560873173180243545 0.71593155776546624214 -0.077515956138114364138 -0.99439065570791973503 0.071961798093226447826
-2.2050957875213930137 -5.0650470585633469156 8.2631240905650500395 -0.037012262751847213593 -0.0012998477729835244358 -0.99931396607962230672 0.81502486088307868339 -0.57867790770184457383 -0.029433913774083809989 -0.57824265542097896819 -0.81555514193303213499 0.022477587018960274584
8.2613398381440905638 -0.66661328883321091521 3.2492460090522530258 0.77873257161391740144 0.0070149224320190575049 -0.62731680415135471218 -0.4752925095797100874 0.6592612363095715633 -0.5826419592139369108 0.40947846371315049785 0.75188124937553968419 0.51672233800432298967
-3.1025875047897435444 -7.4587852079419727502 -2.6071658292837032178 0.063494130980664365005 -0.0017152275565383086516 0.99798073795296871058 0.98945295298863100708 -0.1303522016620667634 -0.063175607190653723655 0.13019734695103440947 0.99146626847117291792 -0.0065794627951877848737
6.6144437832748188555 3.6020064910408780001 5.003293385333537735 -0.24255291465070563661 0.0077424753775027135155 0.97010728152570213645 0.73592575475115495909 -0.65009272970961418103 0.18918965688585209772 0.63212448701851775557 0.75981543604578016815 0.15198399934865308714
-1.9092610444866042751 4.8512746774972654862 3.482201796476736444 -0.873810636668997609 -0.0044430453860019271037 -0.48624605971863138487 0.43322606085388687402 0.44702152476119039193 -0.7826154461785136407 0.22083965097170946135 -0.89451216634992913868 -0.38868732010568851631
