1125 17.292696884352682929 17.968806560800352656 18.477561601407678893
-7.1173422955165470682 4.2681480989040512242 -4.554538483861477971 -0.10540682381913198118 0.0061386529305091277336 -0.99441023648823367864 -0.72645916916661623652 0.68239352362343130842 0.081216712877943714188 0.6790776664169317911 0.73095922995568174407 -0.067469453212066349268
1.2981644959393618954 -0.23887987483164382918 0.9220304784362197692 0.40688997945161575753 0.0018865972724658027979 0.91347522427963068203 -0.79825285263561240878 0.48690762615561555826 0.35456078019202202922 -0.44410913960524417421 -0.87345143215982523621 0.19962381565581988063
-3.422277986119138582 7.3779963352038979707 3.3385397407640544643 0.98908821976122429653 -0.0040052984661161682503 -0.14726999393572096086 -0.12765540327537722165 -0.52230726723734766104 -0.84314839536444596835 -0.07354312710405325193 0.8527479558320301134 -0.5171192631111102278
8.0972337843276580571 4.4526258724946865541 -5.8496628025854677801 -0.89217519443002779589 0.0024295296134748730482 0.45168298598671241528 0.29851798388218769853 0.75364166425656464732 0.58558624915189672056 -0.33898441814179347542 0.6572810200229874944 -0.67310565662066856873
-6.7392591358502924592 4.1333301907295343369 -9.0558733798220671929 -0.98132581627175075045 -0.013459738786964717955 -0.19188141585479345785 -0.077576386784032030919 0.94051751564831231889 0.33076987011056357968 0.17601575648837272658 0.33947847971716277327 -0.92399827666336464826
-5.3465076000812459256 6.4847955187591690418 -5.3425708749461291447 0.70974267394117274144 -0.0034169239777411164645 0.70445273895205995363 -0.52629599096028278904 0.66214286520273901715 0.53345979788573194558 -0.4682711465442938592 -0.74936983572289583844 0.46815273428914550014
-4.6034542705290073528 3.0425071210807121957 -7.9456559043871717307 -0.55435796222543753942 0.0081916610920527120621 -0.83223803470270418803 0.79747422500701814485 0.29137333372390766817 -0.52833364538318261516 0.23816404045682623702 -0.95657434477588421107 -0.16805776611098888207
-6.645771229567984939 -4.7925647587055575372 2.2848804491871774758 0.02940100580671597269 0.012222581918363388531 -0.99949296613281013446 -0.61758685595925122414 0.7864562172609389501 -0.0085494840755779948072 0.78595296055414043401 0.6175250819382762657 0.030671109749272718742
6.8073488772737231756 -3.1137800513500870636 6.3521666603552828789 -0.62441062952074799508 0.0072060405348961078034 0.7810630184058706682 -0.232047547729702347 0.95310083398990452785 -0.19430063262999228146 -0.74583195247609435086 -0.30256713838020354856 -0.59345414771349791483
3.6647819057686348287 -6.8586862555814116504 3.1123591570044992771 0.22305692321580225523 0.0075948853123099496071 0.9747758340883939665 0.006449434106675344322 -0.99995926017220937432 0.0063152827085105923965 0.97478408573665698 0.0048780849804602871567 -0.22309681862745439629
-1.0761638726985309766 4.0453010265424724778 -7.7279306606207738284 0.45101898032482817813 -0.0047850097583728434802 -0.89250153112951602363 0.26698464339204575069 0.95491958266648058196 0.12979904018434493262 0.85164609996157192295 -0.29682603376661403916 0.43196438059034586443
-5.3874138759050556047 5.3225675044916922474 0.83019092257499071952 -0.49731047068782524567 0.0069999656248586790419 -0.86754440590965054003 0.84744655742003127674 -0.21021878192578727362 -0.48748579060590385703 -0.18578651205383070466 -0.97762930817712567766 0.098611904616242931909
4.7350539967796745344 0.71894330221594926478 1.4316356127648428576 -0.158444743128031168 0.0049315548742827142528 0.98735553026346067895 -0.98735108653402692269 -0.0066177413346780143699 -0.15841097632472014856 0.0057528510822616573533 -0.9999659420532652776 0.0059177223893817866227
-4.1300789599736393853 4.2062335502788723574 -5.0905278600777457143 -0.59467675700209110534 -0.00098816463965533817178 0.80396428913993744914 0.43742948308427898052 -0.83942373627512067991 0.3225263373839151182 0.67454799829985845339 0.54347659977998385994 0.49961803758610590087
5.5988855163146897809 1.8539283748279782316 -0.41410090152113848694 -0.67852213851370213327 -0.011160202957002676033 0.73449517181303702884 0.041676110124776545585 0.99768921492339412982 0.053659409899377515096 -0.73339676123614716552 0.067019999222987389209 -0.67648910583414567643
-7.6039396923572732945 6.6709475975542158466 4.416137208591456087 -0.88295063241877236315 -0.0054931156207827184362 -0.46943370819728974519 0.18111118127796424493 0.91854148216937547833 -0.35139761745066605547 0.43312460184947937369 -0.39528644198175194591 -0.81003191792541573424
-3.1688446455477277119 2.0794709218496709724 -2.3933715111836733058 -0.16338289755442320095 0.0017550670660575404258 0.98656117323061853774 0.12762852347812464471 -0.9915576308345408485 0.022900321573080414245 0.97827245120221251184 0.12965486675377954628 0.16177956219968836482
7.3913125908226842142 8.6657726253883300416 -5.6487275303615476219 0.059571485292263616496 -0.0015733227678669491068 -0.9982228021818242425 0.99747865945234936991 0.038731318793332553119 0.059466031326481504082 0.038568926317171854656 -0.99924842236545774465 0.003876638073390730084
-2.855286961881468244 -5.0048662991636474473 -8.7698203150589382204 -0.98759146246791218449 -0.0027290473024959168401 -0.15702119462388983151 -0.11159474726155965696 0.71569382452217877866 0.68944105036177094625 0.11049758207284227085 0.69840883574112244681 -0.70711765818326066668
0.07280458784671045569 6.4881261503493830034 3.9287309784951940372 -0.078391456700788619827 -0.0056848362667792189107 0.99690644603839750904 0.24246948400783940869 -0.97006461636391427827 0.013534748018085612092 0.96698672630055559907 0.24278040018825461366 0.077423177686945898746
6.5965871899794397137 -7.0966911533689502889 9.1159689266772119254 0.10954496190394770461 -0.0024953312448930640988 -0.99397870935101872991 -0.62488808943948226382 -0.77784138493568955042 -0.066915286428880907388 -0.77299080007337073184 0.62845568913263205602 -0.086767907654309292531
-4.5195155584242536762 0.88128658704627427234 -2.7952345061717829289 0.75820438015225544159 -0.010219881304654405973 -0.65193686193067801327 -0.43344222069512561291 0.73905474353829225809 -0.51568006299706048434 0.48708721933232090873 0.67356784370977595966 0.55592481567515805718
-8.4770524902533122003 8.9602112022397530922 6.5136075864135296598 0.13652877104361257898 0.0054739881852854024163 0.99062098207684390339 -0.99016892377277787585 0.031461481753990293286 0.13629261741029261024 -0.030420339775215923805 -0.9994899752471080312 0.0097155704293989172265
-4.3346615005795552378 -5.889073513554948569 -7.0311667738557046547 -0.99062723292149890142 0.0014187683119847270541 0.13658576972307706621 -0.075926596100199028605 0.82551190399613139093 -0.55925418940379678645 -0.11354663094517421229 -0.5643829227195492626 -0.81766685095067037636
5.0352916231204085662 -3.6364415314040456906 5.0573084984662228791 -0.74050048731684614545 0.006266959352710745057 -0.67202660178295159366 0.0069842481280126128551 0.9999742824357831239 0.0016293388334081113263 0.67201952989608859657 -0.0034870743353232628095 -0.74052521344727528785
-6.623109918628051318 -7.150083098803865056 -2.160388692194875393 0.86833886020525308247 -0.0022932490685640535485 0.49596609245601275262 0.15855604510835275001 0.94879631912710948871 -0.27321333307664769086 -0.46994425671239314912 0.31588017636443432856 0.82424032282054704446
8.6070698239666825202 -7.1180276415408947344 3.5688186738553726585 0.99219224760401147911 -0.0046030519340854100796 0.12463288373192805969 0.059440192590796997463 0.89597554956050573516 -0.44010757559328261834 -0.1096421784679701833 0.44407952722739746365 0.88925360061013514201
-7.5451620501539053976 6.6671209492033991495 -0.57543439961127906823 0.89001883898440936616 -0.0066226049925071544047 -0.45587564900546623248 -0.32592108232380895272 -0.70843689511664775793 -0.62601326961507230973 -0.31881329073596842427 0.70574308834061727502 -0.63268062947230985227
5.6782238529037369901 -2.3656006136407201623 3.3605969277151039876 0.78263073231989022105 0.010578452498185743 0.62239636339757531402 0.61256748362519186646 -0.19086655793369811107 -0.7670274017707647829 0.11068068861772677181 0.98155899130165746858 -0.15585805003851266326
-3.6541364157492779441 -4.8756315943153483161 2.0379660999903279617 -0.81587400510298235812 -0.010202862779333618515 -0.57813969712220669717 -0.3949119764722939796 -0.7205031882270727106 0.57001726867999547022 -0.42236730299133024014 0.69337656244332446231 0.58381058916239103596
4.4596755185589627146 -6.8045429728606672271 5.9287905710920671964 -0.82353599680654065995 -0.001528728862942631446 -0.56726195443704507948 -0.045312401470070852449 0.99697823896748771766 0.063096571209447241402 0.56545136681835073134 0.077666299084241940953 -0.82111673819860886425
4.3254077894284526096 6.1505663041193487928 6.9168695197629554983 -0.99978865723682497357 -0.00040738943241282470249 -0.020554194082356459783 0.020246027304154298743 -0.19309171530309626741 -0.98097180788226912007 -0.0035692070440039060097 -0.98118062736434352722 0.19305915478389126805
-3.6985168169957147732 4.2492208046584032388 1.2561330167455031503 -0.97930416755672933249 0.01069878784841055315 0.2021110668524009335 -0.19711508505125935331 0.17616847774889299316 -0.96442226783312468008 -0.045923748223640648014 -0.98430188630618642431 -0.17041363197492911952
4.3774611807776278027 0.70210817003787662216 -6.9871411028602903315 -0.97848084553620440218 -0.0043379525879217381568 0.20629206743372904831 0.14473416386184628779 0.69813830484490813078 0.7011810958087869583 -0.14706208461015338185 0.71594978139217879676 -0.68248710888525065954
0.65027525392043061814 7.6446604383924379178 -8.8111498933857905769 0.91926572771877856916 -0.0064779444657818152642 0.39358424520865792351 0.30406420223223901145 0.64667864328826629716 -0.69953677046672291251 -0.24999096536045822825 0.76273505789986228987 0.59643922463906784426
5.642185917890532032 -6.7777398255298537677 2.0185335499123837621 0.9737497549079138226 -0.00036875687348906079034 0.22762091036495130103 0.11328705156699445111 -0.86656303482380014902 -0.48603965951779820598 0.19742709734044411318 0.49906750114118486605 -0.84377376739275711248
4.8091095023620065163 7.8378909118858341998 -4.1967631589996612362 -0.69288465880785177209 0.012878298375337726006 0.72093342204405308493 0.36569983078811507671 0.86798038317127024222 0.33596679626316833245 -0.62142938726021512696 0.49643146945067034848 -0.60611988318206511117
8.5765867280930319083 -7.1369932680429011285 -2.0269654672981340937 -0.86129784337288328722 0.0020012267187705739223 -0.50809646730982382934 -0.053179445364380927008 0.99414495052592588564 0.094062553306885218762 0.50530977785103392552 0.10803616262839733919 -0.85614847776106561827
0.62311705124609462203 -7.0594334879054843057 2.7691542824116504029 0.41163808188450079495 0.0060072465545739214474 -0.91132760439452675794 0.90766317298198417873 -0.092527466756598578113 0.40937297456892668412 -0.081863630228966255409 -0.99569201105787696893 -0.043540385405847994993
-6.1720283973683187639 7.7054402482487569515 -2.9081999110121548036 -0.92431044867507383689 -0.00065193371612014890549 0.38164089069777379359 -0.18275329343440951946 0.87864542146773205733 -0.44111614918553476716 -0.33503944276620462039 -0.47747439545572167852 -0.81226028677695527591
7.0110578035274224717 -2.6607062366637697082 -2.6394086441993520609 0.98102058512510614818 -8.7513874094393220848e-05 -0.19390359435038342917 -0.11136213518858728566 0.81837865286567679224 -0.56378617877753400833 0.15873590144302013316 0.57467936527734253538 0.80283655915592810892
-8.3240860645831755704 2.0778323790924968506 -5.0810759698260961059 0.99983027966314474977 0.018114238020981679456 0.0033595013953099240982 -0.016360208368012076757 0.95683240239584188558 -0.29017942261234908052 -0.0084708589209027285866 0.29007521112015405285 0.95696636118647016023
-1.5668220157099568279 7.4670547888521356938 0.5119630622369557571 0.99958537924948931419 -0.0031221244617783113287 -0.028623800054937007659 0.026248525452289086374 -0.30982487400394159716 0.95043125072775513917 -0.011835729902834143945 -0.95078851475357650802 -0.30961446301876943688
-1.5893656969165401716 -2.4372962638957078596 -6.3524876373516061534 0.56815956882149554197 0.0013140607429403849179 0.82291735769797969002 -0.51856104613220910249 0.77704511306629298062 0.35678471617228862955 -0.63897507446755463789 -0.62944353639080763418 0.44216703710811738892
1.7418416659519799783 4.3601338596444376705 -8.6559359293636131127 0.44637454614546534515 -0.0048961825067392571176 -0.89483282905251404493 -0.88067615712640845427 0.17484953335224001636 -0.44026940270182712833 0.1586167419358637809 0.98458299197341703213 0.073736429899147096223
1.1735906296714235797 8.5954436482060305735 8.0918927595350460535 -0.90482521059956388942 -0.0057183407205283753871 0.42574480483365567673 -0.42577928975908679865 0.0078634066213723145811 -0.90479288417198600047 0.0018261094757033901129 -0.99995273259067640748 -0.0095497596026664702262
1.9832482646722884301 -6.0028897292166822908 -4.6183583167443504891 0.78312737282070021827 -0.0023591301179474886626 -0.62185685848466409897 0.57887027117591838277 0.36812080349624348719 0.72759623637171677579 0.22720195220997366214 -0.92977497736732450662 0.28965110801364180038
-2.6176105587945328601 5.1507493322972974781 9.1337772262140521917 0.31165923014679125513 0.0082687764338170866713 -0.95015796139423958078 0.79123557694561341691 -0.55594746638171621544 0.2546932986932985421 -0.52613190935326448194 -0.83117630016762222844 -0.17980870946677052213
-4.0937860626923168184 7.6117603078971365349 -3.5396483525500967993 -0.39326181720850428292 0.00019560380235030330742 -0.91942650868083208859 -0.50207076327135580218 0.83769418669649187148 0.2149264949764982946 0.77024028185628634624 0.54613955296607874512 -0.32933493117493695124
7.907751185852744058 1.1422732498841163817 -3.5551800533080730737 -0.77283322562870837569 -0.0081463425788172848935 0.63455688670637178106 0.63009932794458278771 -0.12884664459186548346 0.76575020672597871041 0.075522462141122487234 0.99163107014651530324 0.10470997293567108066
-1.6889937063896347524 -8.6260688285313804613 -2.8957500348619222841 -0.94237692473873613253 0.0053701486807919661393 0.33450992993208761295 -0.32485830420639427718 -0.25364835819044062593 -0.91111447830421710137 0.079955074311875429238 -0.96728158872706981875 0.24077689715031178053
-0.5355704968814197775 1.8737329837945524424 -2.6974123913151037968 0.99754812943882864573 0.0063155830917112042167 0.069698227117621469606 0.04051247064122100866 -0.86419543342274107722 -0.50152267403699746229 0.057065481472434856358 0.50311665273693051414 -0.86233239795522054205
-2.5865069999726730821 -5.979654500586154775 -2.3338419180944587339 0.40844866177540128938 -0.0058038315585804984426 0.91276284227236370583 0.40602038678981861031 -0.89444828660497077699 -0.18737584716444644073 0.81750665820239443171 0.44713373629022595823 -0.36297973175691394809
-3.7927603881312919043 -2.533751602644399803 -6.3441238628802443245 0.15593268301314075486 -0.017142012980770216651 -0.98761892942540452367 0.94400640185646900182 0.29689482234291608709 0.14389363335431665236 0.29075232006348866731 -0.9547563122895257326 0.062477776215135553961
1.6362792877831195959 7.6323975749376939959 -1.3480395986146345155 0.74609718658104773326 0.012456191237207512451 -0.66572053556702082133 0.65178731250115506946 0.19064518440904562602 0.73404884914003287744 0.1360598671104764068 -0.98157997991086332057 0.13412104831262897098
1.4177055221504824001 -0.10807703913302341148 9.0968027285100525603 -0.80567505347790191461 -0.0066956093052120621567 0.59231991104435011142 -0.58837896923922183845 -0.10665611170014442644 -0.80152021957869379332 0.068541204835046970478 -0.99427342449271782776 0.081990612796384157446
5.1925696360982547262 -3.7683891070813793078 -3.8595351067566574521 0.94246907053887163386 -0.0012964341864996065112 -0.3342908469222696799 -0.17147842577877081549 -0.86028217229225378837 -0.48011429215221185229 -0.28696201938588644653 0.50981653885954436589 -0.81101164981474727078
4.2194790189392321622 -7.8924110847590265294 6.1509869154356220378 -0.94322458732135872062 -5.4090113406992258033e-05 -0.33215564867488223122 0.27144267196375326812 -0.57645806064002658164 -0.77072367302445388137 -0.19143211253480954537 -0.81712673521171841351 0.5437440987200095055
-6.1430040843595605793 -4.9942859262247143448 -0.21296838652147268012 0.97886204548297039985 0.00089215875775177668188 0.20451968112037691161 0.20025102239468164922 0.19910492391303413751 -0.95930013932209301508 -0.041576723568813277188 0.97997777185304202341 0.19471759738372859672
-6.4855457672923169099 -5.0121562609006140576 -9.0074374586373426865 0.75178361119186265515 -0.0006179746364581161118 -0.65940959960449219146 -0.23386633750724986069 0.93474504000866898146 -0.26750373148861944506 0.61654516308564100147 0.35531862924235696477 0.70258147825657824015
-2.735322637190189532 3.3255846623104141635 6.7921355386107711283 -0.74990341352804990027 0.006585562659970289022 -0.6615145506667234887 0.65241575782413763207 0.17293219180368163412 -0.73786728886741215216 0.10953788989123475206 -0.98491171553742584699 -0.13397896579589460564
-5.8354487692659393616 8.7213553643423100681 3.1914867262583830332 0.88589431153133491037 -0.009029047262095296969 -0.4637992508639401934 -0.20210857951674182642 -0.90744127052189571536 -0.36837815168548820877 -0.41754447772908742653 0.42008191684354773132 -0.80572190752070826925
2.880965842293019108 4.6819357677549735541 7.0138353851546995088 -0.25645555797331159864 0.010659244978826427908 0.96649724639063472331 0.75759664648088254069 0.62317924510142974626 0.19415187281026680122 -0.60023151202312563512 0.78200639957188067264 -0.16789318926983401448
7.0496503881123908641 -8.0402370649681724757 7.5283923448494745045 0.85890845905636614699 -0.0018362605215089594299 0.51212585084954298509 0.2784609890840425428 -0.83757902401329753506 -0.47002218680737550827 0.42980895351241338309 0.54631310315613890172 -0.71889238193234938912
-3.2297595996343129165 6.3737705283487926522 -5.4691537652978450268 -0.8791407842164812303 0.0051655829013253062171 -0.47653415227094231277 -0.46920032317390847343 -0.18446292041070341816 0.86361130592814006057 -0.083441825608131875436 0.9828258990007341378 0.16459256967547689077
5.1095966968411019593 5.2306914813001146314 -6.5331428900010246608 -0.96530006139935065068 -0.0077055439440083094843 -0.26102953100179776547 -0.21493651297337917905 -0.54426408693703254293 0.81091238679739841011 -0.1483175203854943669 0.83887855394147681221 0.52372195379185437769
1.6745662504772016455 -4.9379273229163604952 3.3658007299562009429 0.46251773227724141124 -0.0067734280424063351284 0.88658415731483763977 0.65289330207594697963 -0.67393238814960587657 -0.34575348488091572907 0.5998397147849847677 0.73876197579182356634 -0.30728335407404117063
-0.7676811211304420679 -7.9133980773863221714 -7.5753789578157393336 0.82798614876480636227 -0.0048428388415235612552 0.56072763831092642395 0.064897726165470598358 0.9940707802648486302 -0.087244306188924827805 -0.55698045081702085568 0.10862702580750793757 0.82339112618011967015
8.519126237981010874 -1.3948704913042386799 -3.378881794437394781 0.99872910085597066399 -0.010350563801682711659 -0.049325945830967554695 -0.043177524510732243068 0.32911850493138827822 -0.94330096527481754887 0.025997778371433993838 0.94423189712085564551 0.32825331678297564597
5.2515235430930475857 1.8743377770946965111 -6.0110901655322255266 0.059517372209132703154 0.00060429356250340593784 -0.99822708700687579064 0.85520254643181425891 0.5157486856152480037 0.051302025908961650102 0.51486530955346343497 -0.85673970849675873396 0.030179213094723985472
-8.0783533503434927781 -3.6643804985032217836 2.1389095342618515971 -0.03237510664960049217 -0.0014211626948663349471 -0.99947477845433030375 0.9307134830722143537 0.36446125726333028494 -0.030666013468068714642 0.36431341575260933752 -0.93121746775443903221 -0.010476776791728936028
0.47995993012977999914 -1.5747029847493998478 1.5873758393383614607 0.98190276492994688073 0.007394829478375688353 0.18924131874326990954 0.18391082275207271124 -0.27575829265891788067 -0.94346922223464602109 0.045208068940655932177 0.96119856456744590112 -0.27212781918769268774
2.2037543026407862001 8.9034229836713727479 3.4197303253852577853 -0.10052621806830723539 -0.0077490016856779104365 -0.99490423280506068426 -0.89164021703980500533 -0.44297575807994077346 0.093542509644784360701 -0.44144331780874368487 0.89650010079546305075 0.03762135611083147757
8.5957132314907784831 4.3856697033638489813 6.3536399155935612271 -0.33340841373930452107 0.0050804777031601593487 0.94276880431770260227 0.57945573777015690897 -0.78770532234897161494 0.20916828896518110947 0.74368667973363977719 0.61603126048102341272 0.25968367006259340801
-7.6834259595867555603 6.3870782510099610718 -6.1177330305228334595 -0.29464979616158065712 -0.0089119922961036820291 -0.95556374670425259232 -0.059544844337742285079 0.99818459518977342704 0.0090512672274191824373 0.95374834685813791868 0.059565848595997492043 -0.29464555069825065781
-5.5299165367587743702 -5.8026173085158285758 -4.1057807681728206717 -0.74731896926077323595 0.006208389483367095403 -0.66443646354104857199 0.1405676126720712682 0.97880168481813933923 -0.14895639652243089501 0.64942675064291011111 -0.20471618816606698688 -0.73234976469726631443
2.3378196749702793156 6.6013203664603441467 -7.1084906175481803459 -0.60618001157927936529 -0.011900826355015726651 -0.79523843210286038197 -0.79527423427975008074 0.020639324007265105743 0.60589843257366848839 0.0092024916283634169978 0.99971615403416691503 -0.021975566232551861645
3.1561821824002467274 -8.2075999964230348382 8.5703415721626203805 0.99582479271224422224 -0.0036958399298835020383 -0.091210322808048083232 -0.047952921787012103838 0.82903459996530404208 -0.55713746001552466591 0.077675604353070318298 0.55918509710810515578 0.82539598233870248301
0.40004888912008579327 8.9640734188087414225 -5.3647237215244629738 0.23382134435635493208 0.0037439692025843995457 -0.97227237007862921114 0.88136320721728167449 -0.42303704540168368675 0.21032963457720263434 -0.41051976308932952575 -0.90610465229601933057 -0.10221488737235225053
3.7781237175071340495 5.2557522257606938965 8.6001835625319902334 -0.84423817962743485932 -0.0054419243789198814762 0.53594055782168359414 0.52579960804536263197 0.18544859144919634275 0.83014672926457333535 -0.10390701727273173038 0.98263889877639520876 -0.15370141955424462821
-2.8932096439858261405 -0.35347417831443889158 7.5652514592471442612 0.93573184866507852497 0.0081160280914198325991 0.3526188274636309905 0.15262732083255262094 -0.91060458680146294519 -0.38406273892673692405 0.31797925770301826986 0.41319900361009981316 -0.85332044103396442747
4.0595465799220713521 1.8470625343300686172 -7.4490875858966738576 -0.03462653412812846665 0.0055952920324442486505 0.99938465859812630754 -0.77139287177055693157 -0.63593737362097446653 -0.023166661686979721224 0.63541643078841425485 -0.77172038300092593577 0.026336475560250031946
-8.0528494997856832072 2.0011009584946113371 2.7983245311789102239 0.73804077068639428738 -0.0049045250604180037901 -0.67473829477698266111 0.48613376198315838561 0.69734467417072354412 0.52667292589018954718 0.46794207575821344935 -0.71671915771780947413 0.51705305597730089051
6.6876557464915062923 -4.3482267523260649256 6.7435554311892449419 0.76607126106581424629 0.0026775316368795008815 -0.64275007101774195295 -0.62370805579169474875 -0.23854218337854965482 -0.74436945657987196867 -0.15531607807678135535 0.97112844545553023146 -0.18107031318673397213
0.050626387299646538609 2.6328998171989295152 1.2970880494519019255 -0.6044690744527257964 -0.00030944887776800751242 -0.79662854723617881891 0.15889716771595463474 0.97985864518274423673 -0.12094926850787986183 0.78062079662407557468 -0.19969211226841129814 -0.59224507779783175376
4.3328606855737126224 0.67672802405354670618 -8.0690936939105437631 -0.98138652612792431906 0.010717817967093729026 0.19174361713628076953 -0.10051351516389003815 -0.87943115054630227601 -0.46529333190774346818 0.16363838059530091962 -0.47590543160001280709 0.86413916736218920889
-5.9995284168531162194 -7.2135417760122688691 -7.689589095846681488 0.71455583202354910899 -0.0053609939140048480308 -0.69955787656584489387 -0.69874801518449036752 0.043238645540505042664 -0.7140599630337174375 0.034076006176165213324 0.99905038875735829862 0.027150442482905233488
0.58700251732923636183 -8.1672436123607177194 -3.4014273370129224361 0.19246106787655845038 0.0036149304162016531426 -0.98129795150607501686 -0.53752434538549520582 0.83701490487203389357 -0.10234074037331276907 0.82099105687579432278 0.54716814719092266017 0.16303589552584443756
-0.10304917378193353961 -5.9810498794785056376 -3.3010721017632458363 -0.51591989265896442962 -0.0012038640971884495817 -0.85663598749402458665 0.019704093330630993719 -0.9997511161277967684 -0.010462050826793063349 -0.85641018972475624338 -0.022276815587681894626 0.51581520956890669627
1.6185868368977596177 7.7828396604219767241 3.3748238851726330978 -0.89312993686897090839 -0.0073732458588134574748 0.44973831403862712941 -0.346941023590628006 0.64764851206360185554 -0.6783681382345732036 -0.28627057483900020252 -0.76190356349563159721 -0.58099235615798550114
0.049248802807308908469 -0.95263716459665193081 7.2421862642689784906 -0.69968679431064517704 -0.0088418375400097955208 0.71439499702623676658 0.22480823635797678173 -0.95185666986133410372 0.20839898489676469961 0.67815901286708291096 0.30641589702447796784 0.66798925988215218652
0.8933589019705148182 -4.6861486194877786104 -2.1135248263234704957 -0.4263343317055544035 -0.011133499006528557035 -0.90449714361579047761 -0.016788413429823186018 -0.9996546310152490955 0.020218008415444674308 -0.9044098555322306332 0.023804703099362507779 0.42600017526589412098
5.9268061156931119982 -1.4055273097370275526 -7.4297888939874390246 0.67475961104311266148 -0.01682905846025458535 -0.7378456817628471498 -0.65058024659918722854 -0.48562385083071352154 -0.58387911269328618413 -0.34848932557527023679 0.87400586857061457469 -0.33862801370290113168
-6.8000731682701651692 4.3235830332091653716 -1.1767208083795039908 0.86788574557127073916 0.0075001039876951523799 0.49670723879829603575 -0.3354168978483126895 -0.7286996748204297436 0.59706975183339972002 0.36642848861997084908 -0.68479232790460087266 -0.62991239896608619553
7.8918341448603257504 -1.1952612374787319194 -7.0244614338360040762 0.95592722593607093451 0.0025475717706959478091 -0.29359265759222019643 -0.19097956416053349371 -0.75411051508024529166 -0.62836624441353416959 -0.22300211834662458932 0.65674259868170170584 -0.72038823858357881047
-4.947471097007425378 5.4100436437809085177 -0.68147845542723961554 -0.716099678705024556 -0.00051510400240019045895 -0.69799784013066501487 -0.35129776586162930752 0.86438135674524552154 0.35977041264157183509 0.60315100087747663959 0.50283655871412602512 -0.61916416672880558725
-2.4335996185863901786 -5.8928282438883412553 8.0984090736292255741 0.57116070977112931573 -0.0032149401698101519494 0.82083196074078212945 -0.49919542325033056107 0.79245311917440586225 0.35045967430922531083 -0.65159755449180256637 -0.60992435438399250636 0.45101320258900096105
2.9727354222261443972 2.8688223096276228574 -6.859402107774692503 -0.67171556950985278345 -0.012063510886216502471 -0.74071091890370077682 0.23889986481915176375 0.94292158694641581285 -0.23200374018523456376 0.70123109476644751581 -0.33279626286307512073 -0.63049313965879349997
-5.9489615928093453334 -0.49736258054633264436 7.1707266391750614787 -0.86191428889613552755 0.012512283665024465096 0.50689959691624753013 0.038371263107257511105 -0.99521937965190399034 0.089811093595650287602 0.50560004426817684031 0.096859842673714224848 0.85731369177982608143
-8.5278598564471455035 2.1859074045324784485 8.042823230724627237 0.043257168520166311421 0.0098123566093596664012 -0.9990157831732311422 -0.3016964714749164056 0.95339685111435668041 -0.0036991059374734932066 0.9524222049442928606 0.30155954957990926957 0.04420160162124244646
7.350642686202721876 1.8230731896678471493 -0.12571122161728012778 -0.78320364854683643951 0.0025154586674652145394 0.62176017673233918703 -0.43977586940408358585 0.70466448945573267881 -0.55681697351124859185 -0.43953296758294452262 -0.70953620751010326728 -0.55078956112065846629
6.7456943850055814949 0.8962675444486045695 8.4612315685370358409 -0.99777378955602646915 -0.00088492089365476041263 0.066683444649200951382 -0.065869601390884685577 -0.14321661886228875815 -0.98749693452395870263 0.010424034146465827738 -0.98969097045324194717 0.14283949914298074702
-2.7559798032519120525 8.1649442523987261211 -3.9527852168543300415 -0.70482502308141614655 -0.0088977563773579119999 -0.70932539554834417306 -0.64352045492689657902 -0.41273838073413537941 0.64461496504453619227 -0.2985014420883927988 0.91080615885072269133 0.28518245049571860905
6.0262392882153203999 -2.3934444263904541828 -0.95674839676473322214 0.87899527492121942718 0.0033807740243543492852 -0.47681849485232258301 0.19378337941110318488 0.91114004950870985944 0.36369191913675563699 0.4356779871993611275 -0.41208297774662283608 0.80023266049397678845
4.2249413755016327343 -8.0942747415722049453 0.72823804241621059585 0.82681696447761610091 -0.0017995677193992209303 0.56246819359705713115 -0.2614711946635539519 -0.88660854053948612297 0.3815207860704463716 0.4980025317337284374 -0.46251708876369201917 -0.73353351729011828652
-4.9814984889970110871 4.3061145587506679533 -2.976291299613336605 -0.86169749646663595932 -0.0040108812304734493479 -0.5074064814475746088 -0.056506943675316986808 -0.9929904959988348212 0.10381156088152307393 -0.50426618952666391049 0.11812615158338686527 0.85543078177742981616
-4.574221996845436955 -6.9925043080312114796 7.9855657564709048302 0.95689061568409894409 -0.010547569801402610634 -0.29025695234902393338 0.28031895359592917671 0.29515651772701756439 0.91340238356274938702 0.076037055904152800467 -0.95539069433124867992 0.28538918570067828284
0.67507841630164266977 6.4344114448979565779 -6.9867840723458076724 0.70487780869410643358 -0.0084533399703734385389 0.70927837684092798209 -0.081481141723874231375 -0.99427484763453088945 0.069125616849434495803 0.70463330772420373904 -0.10651792527453188275 -0.70153106363227379916
3.6364890291982288062 3.0835804298592850436 -7.8546606551458166834 0.6687997285334215114 -0.0024534025463754712687 0.74343856769040916888 0.5892484309256579289 -0.60799662836559498214 -0.53209621925699246425 0.45331358877205163438 0.79393581649399569411 -0.40518231639933049992
5.1096860112168549506 5.3787422049229300924 -3.6270340647951933022 -0.45318639787449049861 -0.0076948412624272752303 -0.89138256556852168977 -0.88187364841410387228 -0.14205028312327436235 0.44957823045335532086 -0.13008057892842672665 0.98982953405245022171 0.057589378387766565481
-0.038846860435448896109 4.0802287845083409223 7.535844671450936616 -0.44730209580575669426 -0.0052534875097625041707 0.89436750609401949319 0.27249021914496573959 -0.95324253740337294705 0.13068184784196651416 0.85186261542476859887 0.30216066215494069569 0.4278189087544060909
4.3853680826241809854 -6.9115269890204160674 -3.1283241001080321908 -0.39914634354405148509 -0.0018957772307211934182 -0.91688527224717109032 -0.9162241155768136025 -0.037200599844964869767 0.39893544014835574663 -0.034864974840430801306 0.99930601989570477794 0.01311152658930396335
6.7497276649276836125 3.3086544552721286472 -2.4532405324618036246 -0.23013191379584901908 0.0050208498566883738579 -0.97314649119211915629 0.24039382893285282661 -0.96870314299821935755 -0.061846808777914187572 -0.9430005881564094139 -0.24817133559658424713 0.22172252687659813053
3.1078226473978998179 7.7673544856441516515 0.5096999283893793864 -0.20483589847587579946 0.00035509217294823515465 0.97879626511588413429 -0.80015286191364509705 0.57588686306153413774 -0.16765953156358584519 -0.56373544528146157795 -0.81752932354891061362 -0.11767817499715027552
3.9876482353758082589 -6.0248254459070071931 7.841743961287319209 0.87474837314223374829 -0.0038255187674729150549 0.48456232735474225048 -0.40690026067709900159 0.53723298048239731539 0.73879151493697015063 -0.26314912415985097782 -0.84342521309713969213 0.46838707109161659137
-5.7241295488419519089 1.7269078140900568918 -5.6150527378525705302 -0.46920808220718013271 0.0046222434577622801763 0.88307554062863835576 0.72473476971817551995 -0.56936080477772854636 0.38805642314515875757 0.50458229175507218756 0.8220747586735953627 0.26379879074590201204
-6.7781582135459066407 5.274748538191591507 3.9965269281201343254 -0.96468029688027145951 -0.0021557048272938241981 -0.2634146498349492771 0.25484096465077193949 0.24553369853180409543 -0.93529101654027457791 0.066693384580724615618 -0.96938565897261197435 -0.23631215929619092675
6.5323404426902316189 3.1577637373326874481 0.57228779189092315871 -0.13567222154211971974 0.0012964489422814073731 0.99075292960555350064 0.74548558776023499117 -0.65852340385687713198 0.10294738954757154392 0.65256745761927514859 0.75255913109400629502 0.088376849137045951355
-5.395681491246622663 -5.7684751848857755974 7.6173819548879562191 0.99362843923920907141 -0.00079834900856860053706 -0.11270265025321828112 -0.084268413002942951784 0.65877223843599241881 -0.74760816771622873311 0.07484222942451651539 0.75234201032846037549 0.65450755548709160792
-2.4316882793127381213 -8.3710036334433635119 1.8489073258682968692 0.68444152425036985932 0.0011524917362525188662 -0.72906684991460590783 0.6378820315469077018 0.48330521679215321385 0.59960201905156451652 0.35305284832599381772 -0.87545116322050708924 0.33005900548944167028
7.5016796339012747907 -5.5358931326871951839 5.6483334501159596641 0.52872099661691962513 -0.0090706546643517446671 0.84874721263772778812 0.79047136301068809949 0.36953052112553158581 -0.48846926025795545101 -0.30920726381575913688 0.92917432012562639621 0.20254863816585086389
5.8932115072608910467 -7.0247756701010333202 -1.1623543761948353925 0.47781751922066545424 -0.0033412708571792155456 -0.87845276152702700401 -0.47303433979370085316 0.84165233649644599634 -0.26049924730438667186 0.74022221778446561924 0.54000942619473735196 0.40057569561700140381
-1.2213844982630364111 0.10026570237047356671 -6.5107843117862715943 -0.41038055189706007519 -0.0025035898871405932661 0.91191092474126100864 0.64121437733797581604 0.71024470019462548898 0.29051090881529062493 -0.64840722152043739346 0.70395042288736153768 -0.28986527421708369046
-3.6677157353027394215 -7.0282650412102718462 9.1327788807507879199 0.92604425303140203152 -0.010330922649078701572 -0.37727352605846031786 0.21566212637559620258 0.83483546420583132353 0.50649737901695512932 0.30972873401497141854 -0.55040259786915723961 0.7753225726005665841
7.4558426245303532909 5.286155671565509806 0.3483757421958209588 -0.15929182932463148425 0.0054406692601606703244 0.98721654778889045279 -0.4242985847563400803 0.9025396351523095051 -0.073436489245681316196 -0.89140160650746247395 -0.43057241678590735257 -0.14145872125426131594
8.6028942054511592374 5.4357812310716822068 -7.8476995816632708625 0.050464772711116309689 -0.0032629430845456360369 0.99872051141328854751 -0.1594931493658195143 0.98713454119554855382 0.01128418734548184213 -0.98590833347770023831 -0.15985853365129659709 0.049295103187958697055
-8.2807256868795899862 4.3148711988275785245 -3.9755581764330729655 0.00053753973275103483428 -0.0019031187680947640913 -0.99999804459319774352 -0.94516958582572796477 -0.32657991542363379311 0.00011345438165153744203 -0.32657949274422881647 0.9451676766483576575 -0.0019743196581550777335
-8.2938739037879027904 7.4872562121468835272 9.1343850007131432989 0.99895995081027633145 0.0015866841224782572348 0.045568619801031703953 0.016046110493174347428 0.92323064290256329212 -0.38391106046051959311 -0.042679491739066821587 0.38424297318133404655 0.92224497751152612057
2.8481802907654953927 6.4939636062672612127 -4.0577166735755856308 -0.37329050484314379998 -0.0039385629347844265669 -0.9277061424373209686 0.0055667714059582486599 -0.99998249445392062285 0.0020054530141637178647 -0.92769780103758603396 -0.0044157114587325147631 0.37330589526857599347
-0.059621024452431330143 -4.9517497489534658683 -0.73086263177913024514 -0.84565572817562861818 0.0083213553217274145724 -0.53366388715140400389 -0.19778741629065937913 0.92380308852437031941 0.32782311021269472384 0.49572827976724825882 0.38277749238699332324 -0.77957351414784703536
-5.5594037986797673057 -1.3330151502243854367 0.3012346126814842151 0.99867460583406286734 0.0017187618539759117603 0.051440038101581701813 0.0054250965326662339491 -0.99738995133521179959 -0.071998981263667827246 0.051182027996394235947 0.072182621406066044267 -0.99607734096150268854
-6.8021322410696107852 7.7360654753540698536 8.13410889769043699 -0.88189211388705901484 -0.0015374945025990753491 -0.47144876240647209942 0.4639050207166839912 0.17537299776733936141 -0.86835271831669613718 0.084014470287690906636 -0.9845008622468509607 -0.15394681230039383713
-7.1073082609720454883 -0.27878302232775137304 9.0008717989503974621 -0.82599244756805456635 -0.0060745164452020855572 -0.56364845143976038955 0.44822596556478433438 0.5992648683939701959 -0.66330618970653232314 0.34180397943004331429 -0.80052777450822443228 -0.49226549938726577027
-0.94148830882692857713 -7.9188201297538940437 -6.1561425114937602387 -0.7997842416402922705 0.011237772626835663276 -0.60018237169243615625 -0.5967055612921134955 -0.12394519450620204715 0.79283041180424584926 -0.065480072898833813211 0.99222542863261264934 0.10583505481591864994
6.8567729544812792142 -3.7949933028656244183 -5.4210313830925809242 -0.99988824974434187265 -0.0015531401477840828772 0.01486861725301437745 0.013830135902693016167 -0.4737162098818652467 0.88056895234635113034 0.0056758580184751395922 0.88067618353799781428 0.47368475211354521548
2.8724928356999619439 2.1387501704732123642 7.4517612094696099589 0.97194985331903327452 0.0029365033835604291076 0.23516985261962464193 -0.23470562834689986942 -0.051910729898525742598 0.97067942398284590144 0.015058242112433685087 -0.99864741178706195601 -0.049765412438779584037
-1.0665931547188323147 -7.1236786550462340983 0.37614419273741056537 -0.75195835814984057777 -0.0053162834662417932097 0.65918917219495720694 0.53748254013149820985 -0.58390431323956826226 0.60841455606676853041 0.381668896640434685 0.8118050813528066012 0.44192913824174079318
-5.0914921064596931899 7.7023735742758674405 4.4175451091234041456 -0.81319336520427165649 0.0061530220027901233459 -0.58196107353325510214 0.50010477592065227803 -0.50406237099647244193 -0.70414227202067469769 -0.29767728144562238812 -0.86364533604103743691 0.40682302005362358521
2.3957431898665797476 -1.2963558824999774632 -7.8225078121792712693 0.97077817994025761283 -0.002478308565761261871 -0.23996579618406668755 -0.21365399927570899452 0.44641589194493630499 -0.86894465877415727473 0.10927805793071254659 0.89482216635788436321 0.43284130654256847137
-5.0687438521346077636 6.373875249474044935 -3.5959122135385004349 0.87233830430336667394 -0.0082091476093222367355 0.48883380891703520632 0.077588640464080982362 0.98951226823643556596 -0.12184200376106586738 -0.48270683205839798324 0.14421539760078211367 0.8638263907631695826
-2.6966157565149231345 6.6437245811037515253 -3.8953943547200391428 0.95058577701154867157 0.011532010694069019796 0.31024779334013297127 -0.23637405500618208221 -0.62099630813050576972 0.74732248153536096069 0.20128086511892959165 -0.78372865075719211347 -0.58758438995526596216
