1125 17.292696884352682929 17.968806560800352656 18.477561601407678893
-7.9163280544771481573 6.4713917062421746351 -8.1917188262752862471 0.91697955776222539459 -0.0030326943355961314547 -0.39892266595326986156 0.1133578302244658137 -0.95677084404890133662 0.26784240572553164039 -0.38248985996116596775 -0.29082701859213438977 -0.87699552580618800324
-5.5153110129206268653 0.67586862909085598794 7.079213866110055875 0.81785424937657613675 -0.0033656719185717778701 -0.57541558810067838792 0.26255522511891793425 0.89200361773054481773 0.36795964414335929904 0.51203435484289561153 -0.45201572783238486153 0.73041262396860429096
6.9661412498436545704 6.7170477893369815447 0.47724591155147777499 0.42628533716729249958 -0.0013646020667755038788 0.90458772331788483978 0.37143388843106350805 -0.91154563431974078291 -0.17641264999313935324 0.82481372311652167983 0.41119666148205524792 -0.38807167861770153205
-6.4091210342235545028 1.9714232230742390062 -8.3987002579415346304 -0.045802657571352073385 0.0011416046489484258687 0.99894985524723856063 -0.90435509937007496628 -0.42480877923436483057 -0.040979938129058306184 0.42431588563617306242 -0.90528238568098906569 0.020489787034266411514
-6.0353216045554560765 6.3286503072939606085 6.4966290260313384053 -0.33015748101233632905 -0.0052317745833690386392 0.94391136568342182134 0.3138943863021762537 0.94246566367885731275 0.11501646419089094076 -0.89020579192670379332 0.33426202494689644107 -0.30951986478848309003
-5.3401533375462806319 8.7698576804314392064 8.2520488367274040797 0.35179678314049261934 -0.0038536870430734256401 0.9360684656946400839 -0.58807264232642153523 0.77711004106539249836 0.22421095294976356449 -0.72829224266033731894 -0.62935294801194197056 0.271118564670780271
-2.9928464953961566586 2.4979361944488025493 -3.453732402141300728 -0.99512705798701905913 -0.011058681482983013719 -0.097978793756263588 -0.058809086327209061928 0.86416451048868625495 0.49976113311961084529 0.079143097155944350241 0.50308786943806793612 -0.86060383789359851114
0.69139626855868918653 -4.7272629618869252965 4.827426692375892614 -0.99995904078090391831 -0.0084305482693446034265 -0.0032928128613590630647 0.0027689207061169715529 0.061416739005926784811 -0.99810836949103309834 0.0086168346153078501093 -0.99807660528925112864 -0.061390879904652091714
0.33264141536773911279 -2.5637648730230044869 7.7464486068513913608 -0.9707627260189208851 0.00059167850048721113213 0.24004037095613736663 0.032832688665681418472 -0.99027122556862401392 0.13522172298025922355 0.23778508011898832897 0.13914937918406047879 0.96129896803527525861
-0.6654798943828494906 -6.8792839364244331435 -9.0024213606392002873 -0.099723882053874057796 -0.0034084636775913472115 0.99500931137527581782 0.94792793964416510732 0.30365754369034869686 0.096045392404080637272 -0.30246945067257063888 0.95277514584270017739 -0.027050931120419778597
-5.9363046299551607277 -0.28399701598630167076 9.2139714154718106442 -0.54927389123059666698 -0.0078148976340805982599 -0.83560583996736925716 -0.59093741631125307201 -0.70338463433986531115 0.39502281728765537006 -0.59083937107797945831 0.71076647610141208133 0.38173269971897122455
-7.7470499525605545088 7.7410631434950731844 -5.6899991306064050534 -0.3640794490133518746 0.0033584172803014255594 -0.93136183937238248287 0.60437605989258813555 -0.7600063722539645017 -0.23899768275490734792 -0.70864358674506411351 -0.64990694346707711393 0.27467295425365084727
8.523541846773598607 2.0579987561040105071 8.2543456311530558622 -0.13150073427105166135 -0.00097226593076162395879 -0.99131559635933519381 -0.79233062059834047375 0.6010729888317417613 0.10451530873299370861 0.59575141170527134982 0.799193541513041672 -0.079811895450217634762
4.0308828044681019875 4.3187905843955416429 1.9163777258460548136 -0.65822670527074800262 -0.00058472641570658095977 0.75281954183164367933 0.20097802018069346741 -0.96384187424366485342 0.17497621797970527857 0.7254966849497004322 0.26647420053218495717 0.63454397844269661011
-6.958634645010319808 3.2859484561727896335 6.1219992586662490552 0.99810751214957604827 0.008033220469418445725 -0.06096606891844568582 -0.0061273205788359517282 -0.97350402749419484572 -0.22858776081727516516 -0.061187009511670678585 0.22852871990573531136 -0.97161246083253482997
-4.9387421493141951956 6.5006767440197270602 8.0817061858403445029 0.022359426179286098074 -0.0026727431513341491989 0.9997464241019953235 -0.12061489958979694503 0.99268494911839821881 0.0053514288360785424239 -0.99244753113588046745 -0.1207039694362385257 0.021873493192157335979
-2.7465573052438880808 4.1890780837622818567 -1.4172927439264388916 0.9987702476181815614 -0.0036472133822698488657 0.049443809593637741417 -0.041505679473088301357 0.48393906765637750844 0.87411684423020685752 -0.027115881768120436712 -0.87509409587196951286 0.48319256236572510899
7.242482391783221729 8.8458578095824123011 8.591481228768191869 0.17365860694484294702 -0.0024227303513501335583 -0.98480293389681161642 -0.20652108767434815273 0.97767163771515663839 -0.038822791671821302306 0.96290795436512810479 0.21012448497277788628 0.16928074974790252583
-0.33612508511649308307 -4.9088178448005264087 -8.4708218410024969103 0.33698122560743309917 0.0039540169004007429815 0.94150306390272786583 -0.85807019503648074288 -0.41028292575034497336 0.30884212994233040117 0.38750379866234174742 -0.91194971713789474421 -0.1348648191123730522
8.5313288727678671108 7.631024674712166167 2.142043422322806645 0.56776985614566544136 0.0010991000704644940389 0.8231866024367782142 -0.75347997954105128127 -0.40203268004781145262 0.52022845424357200272 0.33151969908785172692 -0.9156246589912541145 -0.22743388701796943274
-5.5163829792785090689 -6.8955084892760849513 1.4244711419816575848 -0.079351387854297197877 -0.0037392059028725941824 0.9968396940253680949 -0.94954878885152493861 -0.30408877170620207675 -0.076727547286993921793 0.3034146582419424143 -0.95263636150495767385 0.020579307629508526711
3.1856690288577289571 0.10534030499898580646 -4.2160840414271740784 -0.99861622974489738791 0.0022836771036011615198 0.052539608953338604036 -0.045958018473436987317 0.44774018995303460633 -0.89298184910953148918 -0.025563376695516518144 -0.89416078370723695024 -0.44701566712159379602
5.1620842523782322075 8.8240213957406883338 3.8243749929743842131 -0.92483142483435731851 0.0080398481410304204614 0.38029225140791961257 -0.11739852883666969385 0.94493422026130957647 -0.30547815765810126809 -0.36180716005366841959 -0.32716155064605706437 -0.87296099495510959265
0.87488509645567069661 8.7112282685732669307 -2.9449771341321526741 0.93647337984832468294 0.0036225257245325209222 -0.35071995401311550911 0.19058477289475952987 0.83418567295278711615 0.51750527280521740892 0.29444023701972227292 -0.55147179469841545174 0.78050227832848217968
1.9687530496694500837 -0.034394951036010618095 2.2324185927543576113 0.52622604128040006977 0.0088344221576286841718 -0.85029883362466085472 -0.84048140901798717994 0.15726335881964959018 -0.51851638071311156875 0.1291400579733699705 0.98751718413312916667 0.090181242333122607624
-5.1805393224672995345 -8.4424869347530968611 4.2309760035957362234 0.33721990714492677821 -0.0013936475756854064915 0.94142487324882473398 0.84375815810735854683 -0.44309020625647393965 -0.30289146529285726483 0.41755826521919303662 0.89647594884988046626 -0.14824293669902169346
8.2075346386053169567 -3.3229806339997280951 1.0164468925930141285 -0.9212163120037617503 -0.0042591234901399651486 0.3890274622249723091 0.36827514646380166141 0.31284699589101705453 0.87549995640152078469 -0.12543493530620355991 0.94979398662490210903 -0.28663122644919380999
-3.641984719037004492 6.2485509185156464795 3.6837066595373508804 0.10237763479278050305 0.0095031583733052090585 0.99470021105627526303 0.041810785586169060823 -0.99911179531691340916 0.0052420098320392297803 0.99386652932013441752 0.04105253267895148106 -0.10268403701523036442
5.7916364783831708607 -3.4770883134717895935 2.3470137184677790643 0.36610180086162441571 -0.00076589937205575990553 -0.93057449180782558784 0.42537878017381447471 -0.88927007136758373651 0.16808222257995364401 -0.82766077881185362575 -0.457381846565584671 -0.32523757723954316301
1.5628216441893132416 -4.315206030380481117 -5.0940375978966585535 -0.26651176446902974382 -0.0053548002826609066712 0.96381679042947243641 0.85644397471029154456 0.4573940160951348588 0.23936255392771574324 -0.44212577122579116429 0.88924801948299492249 -0.1173147998492001659
-5.2293817670905502482 -4.6423598296012107411 -0.0058211316228680316798 -0.99977514847279502774 0.0042816663743653216728 -0.020768240876140452167 -0.010011493684793707631 0.76806265567412246309 0.64029643677999437124 0.018692845963958308608 0.64036038626078817249 -0.76784708973712745284
7.0179300628816232432 6.533078967954329741 4.4428098851905053479 -0.86192771399068779381 -0.0032978113147207454431 0.50702045352748148499 -0.35526469494786422354 0.71739235541822943265 -0.59927890410978046365 -0.36175628865069353601 -0.6966615626169073705 -0.61951194887084914953
4.5046878355591628562 3.4145471139593590593 -7.3043654428744035911 0.64699377432658100595 0.0028469623467172978579 0.7624899676635975565 -0.67733346168435715207 0.46138377993432838631 0.57301342854749681699 -0.35016915578731522274 -0.88719609017318745714 0.30044077605462216063
-1.4352827255761075875 -2.1658796955724759492 -8.6597091206374265937 -0.3000005374221455523 -0.006127955474090842139 0.95391934968745650814 0.26923903541977900478 0.95878033675700680138 0.090832855589447591971 -0.91515573502686708984 0.28408223107034391575 -0.28598473147606107148
3.1040077683319302615 7.8566078317123286823 -1.3548970810401319564 0.86389488545169512701 0.002519388886900598111 0.50366584117781587615 0.42884707961514983987 0.52076466741728133503 -0.73816958991454706407 -0.26415111053209572312 0.8536965584144874386 0.44880550013955006206
4.6734432205439881969 -4.634048894119447759 -8.6740120088494201411 0.16189567587882480737 -0.010092517599746417961 0.98675626738339228261 0.85441982451496711892 -0.49885751527854910181 -0.1452857285688808342 0.49371707850485491154 0.86662524803887708291 -0.072139627486652743715
6.2287887188160846463 7.7369677686103406344 -3.2553558936516084898 -0.54555562836198778776 0.0031178895166251723199 0.83806881288355949966 -0.50733178189154404247 -0.79717953537966634858 -0.32729077508320475465 0.66707085039401514681 -0.6037342686455804408 0.43648758678555504842
8.6303050848839895082 -6.8718505294340062051 -2.9165284531903163945 0.53779173815429803795 0.0090278753419111845702 0.84302938492062851061 0.60391387000641771898 -0.70185653385500479384 -0.37773726781848049328 0.58827551707237279999 0.71226112020235521349 -0.38290470441243856792
-1.7452227716287866954 -6.927522849816958761 4.7082944416682757094 0.99996999211980874822 -0.007248814960842816027 -0.0027330462399901339285 0.0063739587916904292403 0.56933094924882976517 0.82208372011385832945 -0.0044031249593320283264 -0.82207647144830275909 0.5693600684818923563
-3.4043657431434515281 7.864291578299857477 5.4635141498232879798 0.99591797127360326414 0.0036434424215617535955 -0.090189355367986639989 0.087120722319610072182 0.22254188630187587972 0.97102270240370136545 0.023608774574262431784 -0.97491632162377506177 0.22131604459375478489
-5.1512305179720501158 -6.9832463024599595869 -5.0914431450044794758 0.39326140082366767281 -0.0081442638550844933393 0.91939063601298176565 0.61974004586455555543 0.74100432864154963664 -0.25852439050674402843 -0.67916695014843797562 0.67145085888780997596 0.29645572675301190557
1.7604671549377268747 1.0574947476046410166 -2.6780941509230622444 -0.9998706537371274683 0.013631321512757046954 0.0085359749927664922697 0.0057193501397953053211 0.79739224443589173941 -0.60343425287899210563 -0.015032126570748989558 -0.60330738068357969706 -0.79736706702949633474
-5.4312575399299900525 3.200805635600639576 1.1001406535236823991 -0.53221401537292367667 -0.014981565613282680355 -0.84647728530210408771 0.84468046030403332036 -0.076859930890012959082 -0.52972395736280086798 -0.057124091424048867305 -0.99692933737322098064 0.053560568178709730414
6.6018054515550801398 1.9282386390866315118 -1.6375123525065307106 -0.87577329137888126898 0.0032898998053088896604 -0.48271142379932097111 0.41284662090298118731 -0.51310546022156400259 -0.75251608241938205968 -0.25015756977575792641 -0.85831926650290357728 0.44800583370504298841
-3.881772229860113832 2.0506414513750290673 -6.6827069886760774864 0.91269834914757008715 0.0054450976254356228679 -0.40859769257167755097 0.35529475340232946623 -0.50451719462523003656 0.78691043869815446854 -0.20185975742535794408 -0.86338447474995339004 -0.46240662526915404795
-7.0729560910845545862 8.6387900019782364325 7.7019868694358200045 -0.24633116663050241835 0.0055869596784758968414 0.9691696147878189338 0.92903160811090090831 0.28621610159799482087 0.23447945393292929372 -0.27608192167732148459 0.95814880319678097376 -0.075694408349427921845
0.74343576033347424925 -5.4060226025813911122 -3.8320868455429537569 0.19349971972961477196 0.0043791142182189541146 0.9810905574020980513 0.73232090295553964321 0.66481471226984956147 -0.14740248791703200459 -0.65288892896043049241 0.74699546297699093156 0.12543454361786959828
-7.1979318718996951887 7.6585668980814842755 -3.2367062447442278561 0.97046239766790531878 -0.0033759469865493382107 -0.24122880776317892626 0.20012167900328783898 -0.54717002103696388282 0.81274613605440104713 -0.13473695968732893324 -0.83701467792426054171 -0.53033233036814209083
-2.4940970648023821354 6.8798019985977312274 8.3893582331118228268 -0.32154534076691709821 -0.010670931421344233628 0.94683405359846761762 0.86408780109012983672 -0.41224706470938082825 0.2887985970285811832 0.38724780933941654881 0.9110095986657386069 0.14177674456962202632
3.2706769139220845943 4.4622491220424791436 7.3034358320133279108 0.66077046835624653198 -0.0045521907415945559588 0.75057422398279149967 0.63195374057679087887 0.54292769813107399912 -0.55304971238829736535 -0.40498994792315090585 0.83976710590592540395 0.36162736334463263521
-2.4115369216802040597 -7.8227940703472054196 -2.2729182651370147816 -0.33521979014740099778 0.0024147542208837898502 -0.94213685908988353823 -0.92117103323345972399 -0.21064410985084702777 0.32722008880403541387 -0.19766542395002908994 0.97755983343590724388 0.072836475940561890008
-2.1164490107585347545 1.0260859516750509002 8.4651777909513743481 -0.99843757655404008489 -0.00035949620862889503179 0.055877334291524742571 -0.054003663551871125548 -0.2506485287050015387 -0.96657070066315664558 0.014353050130439404947 -0.968078088699717898 0.25023749545500212355
-7.0385976335497266732 -5.6641829627526458779 -2.4621550586152891604 -0.45703133185905309155 -0.01036187592642557817 0.88939023675013706427 0.38586860250800170125 0.8986247194992792453 0.20875592231960013456 -0.80139115499102631102 0.43859576495024554799 -0.40670132981119400117
-3.099673914690955101 -2.4588276033633986728 -7.7831981217861310185 -0.49647881814012811974 -0.0044162195984978240906 -0.86803760295432252914 -0.1895543870609628645 0.97640535432566744056 0.10344911014664603943 0.84709970929281819263 0.21590062771715801127 -0.48560169014039217261
4.6936942370527461321 8.7638312661292054884 8.1821423121214778007 0.12990581765019287852 0.010708035944180786803 -0.9914685151363821225 -0.28931287839654956651 0.95683739388116362257 -0.027572813862448114497 0.94837889945676467907 0.29042647888367384423 0.12739671671163049771
-4.5706161950319268428 -1.4578718466515023788 1.7637318363872409588 -0.98273554631363679857 -0.00050845426694655121609 0.18501510069733045905 0.14941786025323475218 -0.59191616905984190122 0.79202875695415775326 0.10911071922186239835 0.80599937362212425995 0.58177303192154727896
5.8989215718710354963 -4.4845731755964894916 -3.9521735993754454341 0.56713293551540155946 0.0029599319247764939445 0.82362095180780581227 0.80809401583548612358 -0.19528870318949126395 -0.55573949290798629885 0.15919891653128701026 0.98074133246723194102 -0.1131465587885003149
-7.4234110990228909799 6.7552101510678568275 0.56374949738763702189 0.71304482568228289008 0.004422240428394771071 0.70110450031169135876 -0.54529639515618233414 -0.62506062818773711065 0.55852578500833582886 0.44070275469671699176 -0.78056367765827938676 -0.44328481490271537391
0.29312285924483810762 -0.32401940942496321174 2.2733737764568529016 0.74106586338028102023 0.0036373005060522881765 -0.67142248709538299156 -0.64296664116620094731 -0.2842375271586795038 -0.71119823291545392063 -0.19343030910327882466 0.95874699384112338496 -0.20830006557968808178
-4.7688437779792733906 -2.6561815439830791519 2.343570519628801474 0.99942474981898821174 -0.0073132765204393917341 0.033116241266845335145 0.032900362390598278384 0.44604135738611139228 -0.89440744275522887641 -0.0082301642554043850236 0.89498247105057349149 0.4460253814624442481
-5.4628308794432918205 4.3319263905725620134 -7.8560176991605619179 -0.98934304314558918492 0.020164270737380324966 0.14420036465093385991 -0.064444908040620446643 -0.94871787087537140515 -0.30948546865598874911 0.13056491415186013971 -0.31548027460873778738 0.93990691003193405084
5.583132673624863429 8.7184199742304198111 -8.2224154438998890981 -0.41752022054655218986 -0.0061901783705029791646 0.90864654686322499089 -0.70328168398355606072 -0.63100590380156995618 -0.32745445842253251278 0.57538833704533243196 -0.77575333132337020992 0.259104285052890293
-0.19120113394224350079 4.4031876243112604286 -6.81343302395961814 0.045623700626566357497 -0.0027016236696270805664 -0.99895504361821962913 0.92158283606568536239 0.38600556536040026012 0.041046068995008566649 0.38549131535006175842 -0.92249249576380554227 0.020100772357562093906
3.6216136134969412197 8.5277727610513274215 6.9066024008097484099 0.028050607447002332689 0.011376927893393477473 -0.99954175947444845463 -0.25954881427330439569 0.96572287048745630855 0.0037081567877105068437 0.96532252456423828235 0.2593258624378984023 0.030041981287529107014
3.0260213644301856561 7.7006054862014874374 -4.4314654462587235173 -0.39309486785769082173 -0.0010486887075159061992 0.91949732197330169559 0.63099006029555182451 0.72707341158279348292 0.27058417909665344325 -0.66882581340133062664 0.6865589227599244726 -0.28514711449809254651
1.7057704359925158766 3.3856338941216690408 -5.9179848235248089239 -0.16543279278181149961 0.0048069556308526243879 0.98620935112682150958 0.87190833150587021549 -0.4665979586291220671 0.14853351963037278449 0.46087726405529882978 0.8844564648304832355 0.07299937873856962578
-1.2871041506914329133 -4.6506708047191454014 -7.6288025062266626719 0.22089779732663034073 -0.018132005926013168573 0.97512839846725607451 -0.69827980956538593382 -0.70095443504986809646 0.14514884614467968293 0.68088873591050991241 -0.71297553278131098331 -0.16750050437390615055
-4.1932196320085717289 7.7605258511003532007 -7.5997562795465611885 -0.22319524244004468327 -0.01101786590913212717 -0.97471149084386954353 -0.39829240832060741617 -0.91162451689802193044 0.10150811625097173885 -0.88968929476899927256 0.41087631572225363774 0.19908192271578367682
7.433556603003958152 -4.5440003053682600509 -6.257165521621611326 -0.077965315975943014215 0.0014569741819824436405 -0.99695500737533548907 -0.085158627619237259321 -0.9963538180099810182 0.0052036024524757199666 -0.99331234646836219504 0.085305020735606279514 0.077805114166862421321
4.0764052630985379011 1.9501003667717173862 0.12542522912294556958 -0.98814923793248465866 0.012326006367429340888 -0.15300050045740062887 -0.071741747900016070161 -0.91828616536756979549 0.38936312113816340386 -0.13569895055395608807 0.39572539476412077475 0.90828806375351434088
6.0026939973302848585 -5.8047141490351608084 -7.5460937496188913443 -0.99838866256958092027 -0.0072500451918424118486 -0.056280683165924126621 -0.040003635450693270093 -0.61350817869580698272 0.78867447265933732226 -0.040246584993239083172 0.78965508389327532246 0.61222958183846776237
-6.5052585939164488948 -4.4095901796922962745 -8.9150655897310642217 0.45518957073847293726 0.0049702217015394232688 0.89038067790526298495 0.46720446715587454767 0.8499306989797951184 -0.24359349909407071455 -0.75797258562576019791 0.52687105047403659519 0.38455748024439340149
-1.7105446508165473851 -8.0951929936167683621 6.4505461863368571684 0.097573276403155981273 0.0016861838633025526615 -0.99522691508799299154 -0.9385738294131872328 -0.3324270003058923395 -0.092582159232978203378 -0.33099640854938106038 0.9431274814422234698 -0.030853383539099610289
-4.9162227440561618863 7.1703206737746869592 3.6031249980198971627 0.050395760279812816529 -0.0020516614419555032067 0.9987272190301011987 -0.88819106858395624471 -0.45737435420912353479 0.043878534611723862824 0.45670219293745217826 -0.88927188800569356708 -0.024871995681334461981
-2.4977624266546030185 7.6951868022539553493 2.968924255975315063 -0.25483982436768831681 0.0023332519553001737633 0.96698046508280877109 0.60235339233296569805 0.78266616799259769444 0.15685681440268675613 -0.75645690866101011895 0.62243732649567229398 -0.20085995102019801872
8.0616621844016052023 -3.464516910493947055 -2.5477381147542632611 0.87420526848175084123 0.0029898310776860252333 -0.48554732979267378745 0.29513012676694072578 -0.79733297236144540232 0.52645829793047571599 -0.38556887430543629325 -0.60353226267995263576 -0.69791507439754252307
5.5061380757541913411 5.6043248094443978147 -5.3352082856850895354 -0.31725904222164524882 -0.003002674948818978562 -0.94833416266176318032 -0.9083298339195648996 -0.28643388552940984848 0.30478277843766388155 -0.27255020260518347808 0.9580953048439239117 0.088146320945308817563
4.2872426384882764694 -3.336155467178255396 3.7420582850262094077 -0.89998077514684471367 -0.0067670953698705143056 -0.43587705925664038675 0.15451083569599008416 -0.93991791320164108647 -0.30443508026377186226 -0.40762851472697470001 -0.34133344820430810973 0.84695364165855535621
3.233451245209503 6.4226701330947273405 7.4385848236554528157 0.79332439346498095922 -0.0079261695642236125459 0.60874755241376210524 0.48594872416989520758 0.61057441867705741778 -0.62534207977288236435 -0.36672911557612986044 0.79191922258098301768 0.4882352923492903618
1.4355903151800573081 3.2179794505692429496 -3.1475521586011510067 0.78388020362576260602 0.011456231195740938095 -0.6208063958516847336 -0.6100023061499554311 -0.17239375575384588424 -0.77341940722270452468 -0.11588361771720884219 0.98496149556417467164 -0.12814772491485348915
-6.347955774357664005 -2.2536100074696592266 -2.4214361927671470553 0.15305016705588722625 0.0042385520918434014051 0.98820933057747506467 0.83554922771832285111 -0.53450863091449829501 -0.12711416733603755902 0.52766763632399193984 0.84515238753386423554 -0.085348154181162677601
-0.60440401349035710599 3.0583446770485500643 -1.1052895979355663592 -0.97214061156887709991 0.005299574908613807929 -0.23433852829674212126 0.18380962399244377137 -0.6031442161852504924 -0.7761643360849697082 -0.14545326901192623392 -0.79761454913262563871 0.58536687431525391556
-8.2986018255531046606 1.3712332964799811563 4.4632708567714596271 0.53397213557248590643 -0.0021411530835633036524 0.84549936362818267632 0.12256640304466248637 0.98962994737953091651 -0.074900227597914981192 -0.83657111788350668746 0.14362445026172160345 0.52869724986069333017
7.4753149756234842371 7.6941421984145437207 8.3660295106928579401 0.72386454697777879996 -0.002682719343836981532 -0.68993689613294029161 0.49781477305904231478 0.69440750582361876475 0.51959471473401908082 0.47770343242730978206 -0.71957697216651150818 0.50399247194229446212
-5.8203121854018000647 0.92746180984457526897 0.044982125172488077181 -0.68030356865528895938 0.0025112078032517750996 -0.73292615474567490708 0.73256190446961799712 0.034038246745090865175 -0.67984884634635289746 0.023240279573024630322 -0.9994173760716530408 -0.024995955902169957052
-6.3140491251094710279 0.88406649985354368582 1.4971869841883305163 -0.78649696912352984324 0.004273095692099596575 -0.61757935377779671349 0.60579347502434832684 0.19988345588046677048 -0.77010445374828206955 0.12015316548964292964 -0.97981036160993550954 -0.1597963457163754375
-7.594639861483098997 8.891713959650603627 1.9890370444516138893 0.76368346691815081062 -0.0040896530104607073386 0.64557790939134640507 -0.46625566311652966167 0.68816044468561266001 0.55591443494664971592 -0.44653467834818266757 -0.72554701922662334646 0.52362993031715976411
-5.8793970991037038942 7.5137992576861165617 -5.9957024523538535732 -0.95477435988573833292 -0.0077078168864058984808 -0.29723141029122951418 0.067074930036442576009 -0.97947852204772611895 -0.19005993425227130089 -0.28966683528755160504 -0.20140112811555527239 0.93569798018836813913
2.3306831130792833306 -7.0568324173106393715 2.3167585121199438802 0.9991931252387282747 -0.00662243231620623235 -0.039613657565241572334 -0.036768106608408360203 -0.54772050054510612593 -0.83585307298547661947 -0.016161831948078120985 0.83663516342101051926 -0.54752205299445910747
2.4556538573275958903 7.7613731153802527629 -7.9383260490619793615 0.45632477244626928892 0.0039964049817445453094 0.88980432163447420457 0.20124288582189825414 -0.97454315330348140201 -0.098827846559250281944 0.86675775333013083124 0.22416438409494021666 -0.44551243074165969293
1.32958145827133567 -2.1759745284124205611 9.0867248589803377712 -0.99974542025641388587 0.0098609915670962861034 -0.020294223846741191175 0.014919606889537936553 0.96365378014022951003 -0.26673731900815234042 0.016926311071509013428 -0.2669721949318595855 -0.96355557552581438951
3.5886609637708515308 -7.887569606015865098 -5.3287135949105453037 0.26038770048881382246 -0.00061939334484265376468 0.96550394188019672548 -0.93658054604588691916 -0.2430952159555608838 0.25243137037204682604 0.23455303494651841278 -0.9700022331579772894 -0.063879116039538080818
-8.3786195366868732037 -1.2666984875129478905 -2.9503634895530543858 -0.97846545659636896541 -0.0080753170845754441293 0.20625261089620067212 0.1870549354716181667 0.3877768549770558848 0.90257385396437994629 -0.087268558847174201865 0.92171790695326871745 -0.37791572954647795202
5.664076142167548511 3.2120176194617258147 -5.0893455434412455674 -0.73156979175942049576 0.0041742419431804083166 0.68175377922640745254 0.64816827683821587325 -0.30579024045343455862 0.69740247615275030579 0.21138477874691119496 0.95208975656083727479 0.22100129132315382563
-5.2865912522355680281 -2.474596387857217028 8.5047465564411055539 0.11635219907735080969 0.0055452626506675012363 -0.99319253714060051763 -0.21222992984718938581 -0.97674939944983774076 -0.030316126919582436772 -0.97026832507655580429 0.21431253051655826947 -0.1124700698701914664
-3.3652498310643386148 6.7513326512151214942 5.8875190555308192231 -0.89987018838344934313 0.0061720382335138240792 -0.43611414790553681975 0.32007093971033440116 0.68859688118508621812 -0.65068343207386358795 0.29629079906757532781 -0.72511808773902708403 -0.62162329526938731039
-0.84027745109061036111 -4.688169850980353992 -4.3582631862232563691 0.05671509900310344604 0.0024545930145629846382 -0.99838738599719156763 -0.73628158636278973059 0.67548219574091361572 -0.040165019859205314257 0.67429431491621361072 0.73737221144420028729 0.040117311245014192211
-0.24216191244890766798 4.4420998275180130221 6.658199004179814473 -0.6873498791218445314 0.0083558903930556743117 -0.72627840582446234752 0.48794493355798085332 0.74599728974638757073 -0.45320832462143351149 0.53801476326052677379 -0.66589655562007799006 -0.51683836131497651323
-1.269502808194032939 0.79128216938545037351 3.3010986641866777447 -0.07393487267873659341 0.0023257143575167622818 0.99726036001359497085 -0.39749823116452703831 0.91705837640844212189 -0.031608392560026614404 -0.91461947870299709074 -0.39874619159539903546 -0.066878126955421196564
-4.9515305604259491901 4.2333097026090005244 3.2290512366717449844 0.42207825103715213011 0.0010433637613869190669 -0.90655880195017191081 -0.6721767275212514603 0.67135778959296998902 -0.3121813020210393308 0.60829959475578943007 0.74113266676393874111 0.28406684649045982338
-1.8451608745638927722 2.0824977195998597423 7.8813516986843374923 0.99950432535774835774 0.00023853623342377197787 0.031480894067574989592 -0.03052017970935880925 0.25260490382218636629 0.96708804211187937572 -0.0077215426793866750316 -0.96756948363680728153 0.25248697414537790706
6.4159502017583527333 -0.34908723565126154043 -3.0459575065216322187 0.79224519176714691682 -0.0011686743565392245479 0.61020176197904818505 -0.079254034961190586439 0.99133063905512086578 0.10479676527900709526 -0.60503417594736730312 -0.13138568518214582825 0.78528431008449584017
-4.6902526387354050996 5.3430573563292611539 8.395090898851515604 0.06901639806907573782 -0.0039608066647313037306 0.99760766276532963914 0.39885650708029857237 0.91670043589528094063 -0.023954072488607612568 -0.91441250185964462194 0.39955553160939721868 0.064847155705416575922
4.7562074231265105695 -4.6459615488543422046 -2.8296432759329839257 -0.87803653139272486161 0.011576950271962460279 -0.47845357534698601532 0.46492389025390101764 0.25785787685073274789 -0.8469681762719202256 0.11356771465186173142 -0.96611349724995798649 -0.23179103653980046018
7.4276497077193530671 8.6824850953494401296 1.5418195274094999014 0.62859648252275190927 -0.019715243477442297854 0.77748168553016316906 -0.72571146919962348232 0.34459885899040837431 0.59547837060195640824 -0.27965930278156442279 -0.93854298546036030171 0.20230605233283588396
-6.712133520541368803 4.4608676905580750827 -2.8868901038293097727 0.98908363944293464787 0.011410402592574718506 -0.14691275267691192297 -0.12481691668652966642 -0.4650457045778093601 -0.87644351213460014449 -0.078321717903165222197 0.88521313555909575399 -0.45854488672142290628
-8.2417861504040264009 -6.858389041541921749 3.4914231197677736418 0.16471166775309104002 -0.00045785794169745925968 0.9863416532176011442 -0.725390961932156908 -0.67765065423556447577 0.12082029283705641998 0.66833974807221019354 -0.73538383255293038321 -0.11194909542574127403
-2.4256038211135146909 4.3369636248391980615 6.2328027264783480987 0.66907804411345939144 -0.002288076367244736356 0.74318862719498091085 -0.25928177148849762546 -0.93788316881911948375 0.23053877031802394448 0.69649661439197296797 -0.34694369334595098753 -0.62811029269403129138
-5.3134719017898399684 3.0678891483444528099 8.6504718561913165331 -0.34898940391164740005 -0.0063383703614803919152 0.93710523476209328653 -0.87860141328267149508 0.35006048020332336534 -0.32483413733371363508 -0.32598458941350094697 -0.93670565561492769024 -0.12773629947670767093
5.9767173873954497765 2.0903631186009934417 7.8746718663060368826 0.056006336098873024665 0.0097939799452484224696 -0.9983823757827313683 -0.91090556868672234447 0.40992037959302313199 -0.047077885785329592894 0.40879620259049948006 0.91206872567315822042 0.03187952942516140975
0.25211975405997738564 5.4999516601204900823 -6.0416987281069607363 -0.29540161663187686214 0.017279320342155447127 -0.95521689159050404694 0.19989719484210652367 -0.97658761055622678171 -0.079484277707030495663 -0.93422641601776978959 -0.21442496122637971778 0.28503147127582828535
1.6410673467950842586 -7.1377485604551047516 7.3422675524425065063 0.11809705643187640156 1.2300534867890389776e-05 0.99300205695177512499 -0.94961189316194283272 0.29237539837614218152 0.11293307216870880627 -0.29032798285237126912 -0.95630362661291234971 0.034540354655400028194
-1.8953957640528797945 5.5114891089083313247 3.1201074664155612481 -0.82456371290283025921 0.0080171036899791513208 0.56571230268800043461 -0.56356588640540816737 -0.099795960778854331252 -0.82002088869248479508 0.049881610278418017645 -0.99497562395283634107 0.086806294099910211171
7.2170595514483943944 -8.832291882185673515 -0.66672541874457535993 0.53378369041806228434 -0.015076003924657258026 0.84548665628087849022 -0.68782709111151729697 -0.58935477813618342147 0.42373911575486888914 0.49190330815749894189 -0.80773365634555072123 -0.32495765236409057675
-5.4093891789580261786 8.8320713048292720515 -6.1205815345975267405 0.75638697849375313709 -0.0076913909709813510843 0.65407918577973189755 -0.51219815756837050458 0.61497850584711566402 0.59954523159605754845 -0.40685597715742916058 -0.78850636005728325095 0.46122221759183384959
8.1130891744822655198 1.0954724848509431734 -0.41310706264688601408 -0.58584931724955480181 -0.0070683651522231525505 0.81038917545340871662 0.64887208708746590968 0.59500307394069507083 0.4742745582463480658 -0.48553639624332656233 0.80369234176721926488 -0.34399567978087614017
-8.5591480389665832718 8.1210027639037232206 4.0483869191395527309 -0.74472540736475723033 -0.0082867291122689125393 -0.66731956193864572224 0.48671246613770158262 -0.69088724174543558743 -0.53458936998346140435 -0.45661257421520945465 -0.72291503602695927899 0.51855453691438901931
-6.9956254363910295169 3.1693689304210299618 -3.6027380067399876751 -0.99956056026120332358 -0.0043395982463757427905 -0.029323271601828796579 0.026249437584307387661 -0.58915961381626902327 -0.80759019092264117123 -0.013771470396477799442 -0.80800502308773303195 0.58901462568270834819
7.301696317592491603 -4.7740177236232268498 5.3788345743097663032 -0.50914116311347601407 0.0057687697831545810961 -0.86066369582943924588 -0.3583398509637563123 0.90776614784650744294 0.21806689807308521356 0.78253934548658865555 0.41943693461497816299 -0.46011393224525110046
-3.7811892805218563218 8.4488521069956270537 7.2165973874080187045 -0.52003723496416021099 -0.0089096946941293279215 0.85409712070181731391 -0.21257830210645148328 -0.96713185765469622535 -0.13952216806862846599 0.82726763488259147383 -0.2541192382514579351 0.50105056933018798926
-3.6508565139963309321 -5.6555696294741668595 -6.7714857359473148435 -0.097877186156403089834 -0.014026275873669937985 -0.99509965330875826961 0.88235186683996646995 -0.46369698090757616171 -0.080251436008987042658 -0.46029907616061233044 -0.88588282153038633293 0.057761466422292517819
0.30815961518655238249 -6.7210470261234913636 -7.6563605388491842163 0.21327128227524727588 0.0015632726322890432707 -0.97699176881633442715 -0.97521766100854057058 0.060598582783589399758 -0.21278704241963167232 0.058871672421675735887 0.99816099299822524937 0.014448468534226120707
-1.043058931705867165 2.3613126588013573226 -8.5711849671224875635 -0.533269093030274699 0.0032888418274450090251 -0.84593927556195647188 0.27964951353835976189 -0.94308680883032358633 -0.17995394018524193958 -0.79838601189941837966 -0.33253038136370005606 0.50199932417642278981
-8.0860938125884480598 -7.6942273931009808052 -0.10932947709736939856 -0.23417717481487518305 0.0033011668036522362479 -0.97218833211129862537 -0.27793523799631281168 -0.95848586635815857804 0.063693386400851106921 -0.93161851327426348224 0.28512093274440802881 0.22537302286499732995
-8.1400460671865779716 4.3787240890102321345 -6.803987437132816396 0.99962600683236557675 -0.0013110079065577146321 -0.027315338594714862197 0.0025452032615067626473 0.99897482439799023535 0.045197590191689757111 0.02722808117788793475 -0.045250209690528044038 0.99860455142070803092
3.9235908712982943136 2.1317005685169876372 -5.389502428542885859 -0.40497805542451209559 -0.0023148973958007825619 -0.91432347441951644651 0.86781149900332255065 0.31392060903697543983 -0.38517145976750710723 0.28791661435570770067 -0.94944641369175131196 -0.1251220632263677357
6.7145755581634469777 5.3322149012476929286 8.9086795895862298522 0.78040001817233917158 -0.0056718202889953642579 0.62525486170959021504 -0.54097569358638031289 -0.50757785113498743446 0.67060422306001221671 0.31356197247986938859 -0.86158723034405859664 -0.3991820811643839173
-0.56466136570704972275 -7.7939585015555881142 6.6019116292025437076 0.07524488886916164132 0.0095157487076766526096 -0.99711968049255550461 0.99183390922229786035 0.10254812726685644253 0.075824653714928996751 0.10297428424591859031 -0.99468252830748604687 -0.001721819800064845838
7.2376923811790314645 5.5412880758398594949 -0.9507113353940243039 0.42339651198628197593 0.0080728658436111065677 -0.90590850667982558697 -0.66218335723697996364 -0.67966601672820758928 -0.31554287680624704127 -0.61826256156762338101 0.73347728972467085562 -0.28242250339142427329
0.0072603889906856823588 -0.15420146471492846008 -4.3284459556697179039 0.73389999663748872738 -0.0018632934441120165003 -0.67925497648030253028 0.41024104145914491726 -0.79579948016021384571 0.44542729516593060346 -0.54138071893824968317 -0.60555735939207588903 -0.58327283637057669718
-5.9272685877413620048 -3.7450411780999206535 6.2377705151833247044 -0.91842887063822431504 -0.0022964119666352795709 -0.39557949399634967369 0.31661525434486537112 -0.60376360298112807801 -0.73159024899954439025 -0.23715646795821609949 -0.79716010826394023692 0.55524100307706347746
-0.51410236977745826792 8.6379142130234747299 -5.8875732484421536839 -0.80464671929943720752 0.0037849260375519273684 -0.59374180537978582528 0.10595800249941869642 -0.98301284559741930469 -0.14986209359533067542 -0.58422303859647839452 -0.18349773765704907591 0.79057701803668167795
1.2611078130340753756 2.2280390855011491524 -6.6289363168288097938 -0.98898437856561238757 0.0048689782395041304383 -0.14793982561862190073 -0.14171608870828780735 -0.31971450396015665962 0.93685601143369801047 -0.042736976430443919528 0.94750141372381091465 0.31688266256953573352
5.5142266795719416805 -5.5399727048861082679 -4.1283781474454741556 0.59131343876447850505 -0.0022052125909886727273 0.80643880993793537471 0.41507395933010382549 0.85820060531744901677 -0.30200220085070850207 -0.69142029578456010164 0.51330970969760869593 0.50838087740130222247
-6.0795216856353624379 -1.516834973663766517 8.6297944895038671831 -0.30055319768604815689 0.0013007359540441396084 0.95376416552880372013 0.8708413258270689683 -0.40745858336721635373 0.2749779774314902725 0.38897706949450161495 0.91322276084566067489 0.12133024553285681746
1.7058364182035781198 0.98948367825289595956 8.1288028378797783091 0.53845163942263551959 0.0074855336237380420625 0.84262316535304693232 0.69866509815560162711 0.5550795711448096581 -0.45139090632938350112 -0.47110180706755594437 0.83176357006294210361 0.29365362400882333294
8.0664638024142281125 -7.9165891852958401032 -4.7594643790715460696 0.10387109637536698359 -0.0030230160903001474654 -0.99458617359773615618 0.37626415775852362078 0.92579390947458728434 0.036481786769023194505 0.92067153693603775988 -0.37801653211634717033 0.097300680997856867083
0.75414964680152640764 -5.725094834084442752 -8.9941558917196147149 0.3957569600762466111 0.013129236151955598136 0.91826142884763961582 -0.015948823234039753716 -0.99964874312286600144 0.021166610735115960057 0.91821678463668476855 -0.023022022730954373043 -0.39540855185585765952
-8.6346839175005385414 -2.1728132361766485658 2.3074575160335881741 0.15451660306213654827 -0.004414025359917269839 -0.98798033166559806606 -0.94920496685784649937 0.27677280987000280055 -0.14968881925093674434 0.27410682273591507885 0.96092524584208849348 0.03857617960582526706
-2.8279426065098176579 -7.8104675008174400119 -6.187499977636742976 0.79393570034170624083 0.00080128468596772162505 0.60800120202632268462 0.60209355964405353312 0.13803308633662922378 -0.7864033395856908637 -0.084554415365056881382 0.99042729416104058338 0.10910694672197308874
5.4021174870039443405 3.1510177243154431359 3.3190921588119342012 0.91998035727681182205 -0.0021243751532515359887 0.39195870860941028901 -0.17657234482625888683 -0.8950193108719417534 0.40958837899628663948 0.34994049389458137256 -0.44602233149989617411 -0.82377529128769255706
-6.7970819402451816416 3.3498816113569613862 -1.0910127635702202564 -0.99888884938699284977 -0.0071209057980340176308 -0.046587114860296915952 -0.0090010887326981842138 0.99914813156873294453 0.040273956651235447157 0.046260641716365014098 0.040648540974373190138 -0.9981020234149179382
