1125 17.292696884352682929 17.968806560800352656 18.477561601407678893
7.1152353783465702719 5.7753375158192943317 -1.0169959844846752084 0.40848954303650480968 0.0020717659532278939055 -0.91276064826202218949 0.065150490589547305209 -0.99751300312791901792 0.026892790238652701518 -0.9104348998177618224 -0.070452227620770108141 -0.40760860738885462684
3.5775710786948851094 0.1152978883310003394 -0.35140056390350332682 0.53299254779278038008 -0.00081418434200681167462 -0.84611954303240022313 -0.51977762387687354018 -0.78938160429526182948 -0.32666175857750318068 -0.66764523941561360054 0.61390228856378981082 -0.4211577072567853075
-6.2393387070934389627 -8.7699080074138695551 5.6555007852929772838 0.51326421669064659081 -7.7236628773440056672e-05 -0.85823064376630175953 0.69014010655522950444 0.59447313478236363249 0.41268429258450867181 0.51016318682252981276 -0.80411546811199452467 0.30517509196301079166
8.4744744257259370102 2.3618759000095006506 -7.3189057889252380207 0.99964983488234437914 -0.00073551763923393616816 0.026451212331317714571 -0.0058181327675749542824 0.96904238516108376356 0.24682585985406030327 -0.0258138906617207467 -0.24689332671316896461 0.96869878098071671157
-4.2131506187994833823 4.8081875478619409137 -8.720378208949343346 -0.15002678055536255997 -0.0023757921136336491996 -0.98867907873488003467 -0.90831746799530710401 -0.39458756023854374417 0.13878052687703990031 -0.39045017921796898452 0.91885527310728920547 0.057040727832492497951
8.0804288074348509241 5.8678051778754838352 -3.9554857913972134575 -0.14735160340017050551 -0.0050154752306595168018 0.98907145848177480119 -0.80317144023995290514 -0.58299382155003376393 -0.12261256712675185077 0.57723750965965825444 -0.81246110617222566663 0.081876787913198245672
-6.0651641275149037469 0.30489812906827823413 -5.1451689493514765061 -0.80401636975372159366 0.010312646484900281352 0.59451772596829399742 0.2753735106215033368 -0.87970513515375792224 0.38767035588483944597 0.52699820380737583125 0.47540774552630066241 0.70445749955391034902
-3.091421188397482922 -2.8951893682629754601 3.607778225356326196 -0.24302829551547755482 -0.0041862891234001105983 -0.970010166215991676 0.96873731998838874535 0.050345188840866646196 -0.24292666963974132721 0.049852306270684737521 -0.9987231032392827057 -0.008179890925131398996
7.0835973965951826159 -4.1092802590150547815 5.0242639949254064291 0.15490209379636149523 -0.0064210177072581819252 0.98790895930198296959 0.34657351046094675429 0.93678088156426275734 -0.048253308513384524092 -0.92514439045182850219 0.34985761456252695289 0.14733467463026669875
7.4658834559287576838 -5.3499390161808513255 3.1568176585601155359 -0.85344619741712068883 0.0043290524839262843615 0.52116297587124837953 -0.27986270753497671793 -0.84737374168637413785 -0.45125891329897160897 0.43966629737281859303 -0.5309792850999476288 0.72439943798254358143
-7.5006264986146531371 4.8133290963041464039 8.0274493228432373115 -0.89581974344100534502 -0.0011666843665418436156 0.4444160506879242245 -0.27000862486128013318 -0.79284521870334168092 -0.5463440323456142389 0.35299055194417028325 -0.60942193759888507731 0.70993138556589729937
-2.2605425403401167017 5.9213256061598498192 3.3966546022592960519 -0.12603451155207628931 0.0021423948189055138681 -0.99202354409655324474 0.47971536817167753641 0.8754344794476321967 -0.059056225194649952792 0.86832509317515715885 -0.48333206218799568132 -0.11136269673227970622
4.4526236443130562392 2.4938753960846904434 0.55901388827195586106 -0.71933249259939180398 0.0022430585384982369181 0.69466231636628206214 0.69091779453560897561 0.10605016549331369724 0.71511255309451926543 -0.072065014294507748205 0.9943582508771995343 -0.077835098943277877814
-2.1410722236307391242 4.5590821098399896272 -7.189320480042063366 0.74463846054408278086 0.0027044657147264265611 0.66746254497456725119 -0.45626465341856498048 0.73193645417529684671 0.50605493090169306747 -0.48717156025329866331 -0.68136753145012940447 0.54626198656513524909
0.59469326765764374265 3.5426335872394365545 1.4666388979375855062 -0.017121211037350717032 -0.0092330535468785612796 0.99981078952704283136 0.11896021700543205069 -0.9928734075129898029 -0.0071318597789255784927 0.992751394309015045 0.11881560241002431244 0.018097561197109257591
-4.4371093886714829679 6.4975002588481425292 6.0710859887036070504 -0.64645018057178771365 -0.0027387279017997679352 0.76295128508180176663 -0.50304808846534210254 -0.75030942440896031265 -0.42892701982304304309 0.57362425395888938517 -0.6610811349694557526 0.48365995105797537912
-4.0781719422576525602 1.6535566707189239821 -3.3530961436252426644 -0.12265519150051915065 0.0093252537954287700872 0.99240553386178576023 0.95634759038963867983 0.2683619340396451447 0.11567695844027661711 -0.26524515142302396153 0.96327302048787089017 -0.04183416840815040727
4.6462889797422626259 -8.8744051911190346971 -5.9247187139307033732 -0.34215924799477237528 0.00047867865785874421855 -0.93964185724060733662 -0.83828180929328688364 0.45162529518264454831 0.30548027916584419295 0.42451225803218045618 0.89220757877185352669 -0.15412650376352632353
7.5061216839784687949 -2.8869423853131976898 -7.3371291454227787199 -0.83653159115956854386 0.0031644984630473708097 0.54790955726408741011 0.26616579967843112531 -0.87172174102770461079 0.41140852361205582088 0.47892657482484030096 0.48999101233458403071 0.72838049380641933794
0.91247843199766076605 6.627150153809626687 6.2922448006333278059 -0.46591073086388817837 -0.0038691624173912138145 0.88482327074283206869 0.11286942174445444009 -0.99208121269170390644 0.055094110932644026202 0.87760337539295074638 0.12553842840573090078 0.46265799300620774615
1.501585969711788815 -6.511546137292969938 -7.0116414952688037587 0.44712640722071333998 0.0035877911984517119916 -0.89446358434530959247 0.89445609349316357317 0.0039369500523951878393 0.44713845421421194448 0.0051256978658350852915 -0.99998581398865005188 -0.0014488073673503206081
-3.6032343664183930088 1.7668671033034601958 1.1422681212206973189 0.97210537352176584758 0.00081153546597183615074 0.23454313927340036949 -0.0965845507808869852 0.91265560419915259249 0.39715384006016579699 -0.21373480605772865459 -0.4087286257827981717 0.88727579880515194954
-4.8472961964150904635 -8.8449203068326127664 3.4729944335047115977 -0.20303695682601957673 -0.0076741855763638594512 -0.97914100161252681787 -0.97890456174664275402 0.024920183673487909803 0.20279261189050609704 0.022844105465273215755 0.99965998785671539295 -0.012572013525166634076
-8.5092082807288136337 -5.2363710581979532321 -9.1755595126321605193 0.48362622955059447749 -0.0062658149174692487696 0.87525219774314111376 0.77190631537957787867 0.47447422533981492565 -0.42312509942767539961 -0.41263338494111440058 0.8802470954520044133 0.2343048027258436139
6.1250858142819009089 -3.3374288730028358607 2.7378132650715421015 0.010522928220941541941 0.0012518348253644086092 0.99994384886912102139 -0.06766022123607226546 -0.9977064942735726083 0.001961057502175571083 0.99765292684592743466 -0.067677058105494181106 -0.010414094403622356499
5.170957398512295633 -6.5412100925878915447 -4.3438373319847256582 0.63086670983347703512 -0.0018438951072821091037 0.7758890348977947049 0.69915627165068017224 -0.43225729586442401819 -0.569503413496242894 0.33643380067365896702 0.90174842956503464819 -0.27140756721497621973
-7.2200587296565226225 -6.6365360594339408706 2.3539166645832518832 0.21374792402353778864 -0.0024667638412087999553 0.97688573541214485108 -0.88487471199630074459 -0.42417382087428562309 0.1925443163390916923 0.4138943935901011062 -0.90557743167590853961 -0.092849050580571676483
5.7039973222373649975 7.9636411248145044794 -1.6441210402571044824 -0.99469697888121766383 -0.0055141829784249038818 0.10270109050456906197 0.027047292556944164954 0.94938871179733219652 0.31293692316015164767 -0.099228847469306380447 0.31405519848848190145 -0.94420493968852481359
2.6802155566634175976 -2.0441604859439759245 8.6555705746518594168 0.96509859358916627592 -0.0058793616416535337404 0.26182081230918630155 -0.21130418333049796886 0.57312161035261977027 0.79175890386747826977 -0.1547102025033512962 -0.81944923750856257794 0.55187652639688244971
-3.5304567793136123477 -4.3178458986765404504 5.199405418249996913 -0.72543129381398330224 0.010900750787002517692 -0.68820826178410554608 0.51642210360040541328 -0.65240333841954056826 -0.55468738486826008049 -0.45503587646293275348 -0.75779354553293065688 0.46764440922592637184
5.1625726865020808987 -6.5698766295851447339 6.2018745278602276372 0.35744678164766380268 -0.00045119532049096985546 0.93393339950571796493 -0.91601246229882460348 0.1947904817130520494 0.35068196011107893861 -0.18207956283704984646 -0.98084477092804178699 0.069213930247509450333
3.3998188662680539629 6.8026776066235585816 -8.0561817997136149216 0.41083767174746038675 -0.0041082519306071246107 0.91169925399725537662 0.44458987100420277461 -0.87213052076041053251 -0.20427481821988932587 0.79595995758179494128 0.48925604444323234077 -0.35647758541321034054
-2.3480727121370694732 3.8945209745554159042 1.8855295515666838924 -0.97133468385675880707 0.0024632350563077521147 -0.23770331173460160223 -0.23582898344104230581 -0.13573144608834095126 0.96226901909573892002 -0.02989351946049062167 0.99074260381570911083 0.1324215634949457987
-3.0761363050930636831 0.10586435429863533253 6.8791662398567652303 0.84991828441614658551 0.0058619151197541836604 0.52688191064621092696 0.44294875547601381127 -0.54949955097571578921 -0.70841135189933213123 0.28536872610240021642 0.8354734474707991021 -0.46962624365966237905
0.32970740540233089977 8.0465219804535905723 -8.4512649290544743508 0.8166662985054968793 -0.0023835632980930354999 -0.57710525514041022266 0.54131641242680439419 -0.34352916711109204861 0.76744006474815340546 -0.20008172960579401201 -0.93913898330825151817 -0.27925843140024286804
4.826265972948679206 -6.4861033230964695306 1.0697019622585999254 0.74268190893336838432 -0.0060601483658343797273 0.66961694777322477989 -0.07042742649001715316 -0.9951202580441134149 0.069106075190079344073 0.66593059679005695006 -0.098483230206709390653 -0.73948461351582195356
2.2188759386392034045 8.199666295355836354 -4.3544284631400209662 -0.074774011374286797338 0.0032754233361623041193 0.99719512575296598289 -0.92346314046155320021 -0.3776124405302195286 -0.068004948096567402471 0.37633054012624722606 -0.92595794524322361241 0.031260329643685538792
6.9957101241457495533 -7.6821070327266687272 -2.830846303329257907 -0.25032122243311411003 -0.0049496567490088438576 -0.96815018798609386863 -0.22928199974817259355 0.97184349671654413072 0.054313741182748120906 0.94062162966361417826 0.23557529324569079221 -0.24440791930925911957
2.6287681557903010976 -5.4926027872662634977 2.1408852706702075075 0.64156457688638901526 -0.010374354079075776003 0.7669988699223693196 -0.3555293649913561782 0.88199905090430530397 0.30931625374720389532 -0.67970123165517970509 -0.47113697263203463406 0.56217096038977432126
-5.9824715934893637481 7.03998013120476962 4.0626013464510633 0.53537422154141400821 0.0091925195715224089499 -0.84456494154855998868 0.065027290434909221228 0.99652416549612587993 0.052067639475586152686 0.84210800637901883636 -0.082795441696891014516 0.53291558470968281025
2.5466961879813450054 -2.1987290432439494658 -2.1368863040891770133 0.18621227608429283262 0.0042428437721584444375 0.98250037481525143157 -0.27005771149958396338 -0.96125276973949658199 0.05533484551634667431 0.94466598366562437583 -0.27563583030053862011 -0.17785125346595548335
8.3874293951884251186 2.6500874182598925799 -3.6608253115803490729 -0.015211293067401194731 0.0058796530123324773631 -0.99986701427923097008 -0.36828921987949431172 -0.92971126274811866086 0.00013579368907017607369 -0.92958682600582087652 0.36824230826963988417 0.016307523306785236955
-4.736205391647077434 -8.7517563211262974221 0.5677499412957351943 0.65745851814896660859 -0.00021702385348314201519 -0.75349070983928378986 0.57926844393478593709 0.63965916054344773567 0.50525659638848774424 0.48186758219943792714 -0.76865864415453100111 0.42067507888134680893
-2.0676396924187034898 -1.9381085580775396782 -8.8547985164488736132 0.26481320835565297367 0.00045103484713793174851 0.96429962213392761416 -0.22744874229815839617 -0.97175545582138944667 0.062915846242523193466 0.9370917960943072611 -0.23598968335288342257 -0.25723109268456212373
3.3029808953101342794 4.6218181461380538622 8.0958424637073918007 0.69452302435646162682 -0.0011264702417319635147 0.71946959609379268485 -0.69257281821781224718 -0.27192102060093664706 0.66813310801145409101 0.19488627479750283977 -0.96231891263763957856 -0.18963557228374300356
4.5892480154848689367 -8.6902340023103743505 6.5910770330346970525 0.73059747988781731376 -0.012504276375068007834 0.68269390319080203167 -0.67750689882236458939 -0.13762615075651740693 0.72252573980156764577 0.084921872502698642071 -0.99040531384889085587 -0.10902105241817920678
-0.56406244161419283323 -5.4491548965720459918 -2.7052836555411423625 0.55699896661085634975 -0.0039627820772557172113 0.83050373120957332596 -0.73751852892894487201 -0.4621452744760006226 0.4924308730839874193 0.38186197857493808794 -0.88679537754641024616 -0.26033706551525231943
-3.9010925381768788434 5.7296103753270193337 -5.1973588390905725021 -0.45455718616763313156 -0.01148484285720550134 0.8906435105518537565 -0.05679213432783537796 0.99825600026012606403 -0.016112461733880791004 -0.88890517941004909552 -0.057905581157258724512 -0.45441668729148304573
-7.4294908983326406471 -8.8527125860076676389 -3.3153430017762337556 0.75588120531284164194 0.00072731743822222868958 -0.65470838887565852016 -0.47219357013888896279 -0.69209288227286536177 -0.54593101636250129793 -0.45351608105350144085 0.72180808620887082494 -0.52279656742312985429
-6.5035957216903783618 1.1601382178788153254 -9.2232282540048018404 0.34658583983692020647 -0.007140358682084768302 0.93799108252796115082 -0.9291429945897224929 -0.13984604036733130905 0.34225192563095740983 0.12873053728263106343 -0.99014751439949111322 -0.055103071596843286595
-2.0937904858790545859 -7.6014135295473508336 -6.5750553491023948638 0.9995269727948605798 0.0063873424438581384577 0.030083758277522829744 -0.011938035312000683588 -0.82090964917151432179 0.57093329838968109868 0.028342793942859278306 -0.57102237237577002649 -0.82044508425473317015
1.7846624384310905143 2.1766682052430801342 -3.3315654355599559899 0.59084263841912187942 0.010502318364075930932 -0.80671846262183666276 0.34494846598275302751 -0.9071996116555498535 0.24083068830100096136 -0.7293253954458459587 -0.4205693354494268732 -0.5396349707325304168
-2.9011383256035294664 -5.8139628957396229936 -2.8025158347626066835 0.94099918395034221064 0.0084390993896599243718 0.33830358763433249214 -0.26659513505715098924 -0.59726572769318042599 0.75643947840334579968 0.20844080639013673473 -0.80199902252119414925 -0.55977673951934847629
-5.0256381297810195363 -1.987730492287874684 -2.2123984310473856496 0.97380326058470267903 -0.0020998024739212134762 0.22738249823650566461 0.0031941817209400237554 0.9999850191180355008 -0.004445080714405184874 -0.22736975805457754207 0.0050549351128407367384 0.97379537930357551456
-3.5686993516861260645 8.0257174348119271201 0.49445965186384005507 0.79251422861356590754 -0.0066240022912409345091 -0.60981744812577376447 -0.46426553257750780013 0.64183908172369130707 -0.61032786961785856494 0.39544748413082791982 0.76681074312117114555 0.50559130879491298582
2.4531064479451143434 0.18284343979091760568 8.4859156644249065238 -0.9161877485954080802 0.00081806002097363408193 0.40074847485883274834 -0.01599086238628859985 -0.99927612693317302561 -0.034518320658256849975 0.40043014577307478596 -0.038033576202129708299 0.91553762644516922808
4.9269554408950630986 -3.1821784594228477161 -5.9833076930567887786 0.71301624590481149646 -0.00066294974377960336209 0.70114719822123250381 0.45622078420997869141 0.75979267602646749502 -0.4632253075034242773 -0.53241941092597910856 0.65016509438320124747 0.54204697297828641211
2.8428851955359810688 -6.5023167695243362374 6.2121381237235304695 -0.99043914436207358687 0.0064675160922174962028 0.13779866672374635472 -0.0082446919178072591849 0.99433959434446694825 -0.10592825956312773572 -0.13770376309465953701 -0.1060516023190114232 -0.98477953435036302832
7.7512545524801055308 -4.0691948995023228264 1.880244128021340666 0.49383039140486784113 0.009806823792797771111 -0.86950294463673938328 -0.11739342061653990079 0.99153399071239933793 -0.055489909513875744496 0.86159754486682982311 0.12947652864141781515 0.49080087531512495147
5.9922783052277734939 -5.3958771579023041554 -8.8297801683496270897 -0.19626491923581826371 0.0015328406538188807037 -0.98054970902895277618 0.61314847057287691356 0.78056719862629042606 -0.12150638445384701058 0.76519868956473968691 -0.62506999514336591961 -0.1541378170990050922
-3.7936772518612156269 3.5276441515480447819 6.2416414363075478633 0.95751254244484973466 0.018108572649092977147 -0.28782253326969442497 0.1008157975394145256 0.91403984511318681072 0.39289608869489228704 0.2701960510955828676 -0.40521999104441785988 0.87337898579640504959
-5.8832582661847530048 8.0460221034925378802 4.0192294486016564292 0.57287943619092152048 0.0083967007421407897916 0.81959663677093408385 -0.81962831783187950485 0.00061113390006612214322 0.57289531951598715587 0.0043095472654375577282 -0.99996456033791858431 0.0072322797488760699747
4.1292091500666101567 4.7988878908918755073 -5.5039822462713985374 0.10170300471036111678 0.008860979814682279701 0.99477534241113796387 0.7939136060307909748 -0.60328807835700648532 -0.075793671711110122136 0.59946449852522709634 0.79747412343541945745 -0.068391062712445910288
-7.952203636985615276 -7.3863069097311377931 9.2083183067021661117 0.16867070735325109809 0.0012997153033619136125 -0.98567160008838006213 -0.97123518911294592915 0.17074675047189238897 -0.16597516269600243177 0.16808450228855553732 0.98531409101025291264 0.030062304418897747849
-8.4713472530951836603 8.0003707876388681086 -2.2053574856380691038 0.85797261328156826377 -0.012688364524767991801 0.51353870376490085015 -0.46537065639500646563 0.40410584178765635022 0.78748245745502032378 -0.21751585465250666829 -0.9146242255913041852 0.34080695259352716819
4.5957978952132894079 6.8767814582701429771 -8.2251051100085081913 0.43679764364477580152 0.0022311228866897184903 0.89955702464997477907 -0.7519183617236054884 -0.54801458753475185137 0.36646799198839197231 0.49378800695158447942 -0.83646579962344602688 -0.23769385825232178244
0.062268328183392090969 -4.5106569913807614824 1.6578467751791425844 0.93640728317539134729 0.0072962390563690530249 0.35083922943666717709 -0.34831348881378926263 0.14084160842498563704 0.92673693939898460492 -0.042651067120065673521 -0.9900052556588584407 0.13442648638403945083
-3.1285153246058188259 -7.3649282820419141871 -4.7391906775263610285 0.69103161425002301854 -0.0013753614339186070667 0.72282322630649109563 0.63600571613224743395 -0.47402056177826029648 -0.60893450884210287288 0.34347057683941673023 0.88051270030172790193 -0.32668845625954096024
6.3487349442330565097 -0.92160600182998664298 -1.3876806620906341205 -0.26247323010773104812 -0.0096264902692388687466 -0.96489125509644946277 0.87167111298855914914 -0.43126301983142362184 -0.23281253941037977073 -0.41388074883667480552 -0.90217489347170354286 0.12158613132837887971
6.4390913883991842681 3.6920052392847813039 -6.0603888231942208975 -0.32019618668166005548 -0.00090977501572502461787 -0.94735081904411144738 -0.4803313319982430718 0.86208651053094376149 0.16151984355189807907 0.81655141512033169171 0.50676031875995974918 -0.27647380670684568171
6.7256627091983531841 -1.9607620818860675982 3.6525709906048353659 0.37498221562145517272 0.012163050138478317258 -0.92695220922076371206 0.85541285897501939672 0.38084135702906446452 0.35103945857531576591 0.35729144779576327284 -0.92456039336971440612 0.13240430636622155247
1.5924609777834506374 -1.2109929432213213385 1.6793267619541341062 -0.17948299853051311037 0.0050748387010962877144 0.98374798563983600896 0.34135750977055667743 -0.93753422780566675332 0.067116482443855249307 0.92263801339498574539 0.3478560301397066179 0.16653912013009744553
1.4282055110081341986 -8.7369155113449004091 2.2993441288051239546 -0.98734245462048975117 0.010005799638147556616 0.15828695864559777506 0.13668333299199070252 0.55992468764712455265 0.81719153853022352685 -0.08045212107776085475 0.82848308862448527545 -0.55420504154798444496
7.2261246228439786066 4.4999194969583333759 -8.2958676139379718961 -0.99851242191726530262 -0.0041000006343890355726 -0.054370334486796449702 -0.024402383454988914313 0.92533184253736866509 0.37837217771448899972 0.048759275621335106121 0.37913608530627801452 -0.92405538895660910281
7.3782269115089880174 -8.8078808540227822022 -5.7466768057422301652 -0.1847587998693804856 0.0091759745236700968052 -0.98274105814430612327 -0.96374232004556403819 0.19419492873243399123 0.1830001918239885228 0.19252253484661990823 0.98092004319725378814 -0.027035946997138869674
-6.7886929202266808048 -6.5661920881904913827 -3.5771377463814335584 0.70678521155262385989 0.012680524003858259507 0.70731454745495347947 -0.68247992539212565255 -0.25096282563459476611 0.68646836167909097703 0.18621443597986822582 -0.96791366580938809072 -0.16872261073178354551
-0.72872103920465336468 6.9898152309092891343 -7.3176237082342296958 0.32989507784049715289 -0.00095694824459630978622 -0.94401711947734789909 0.44899687804866278418 0.87980760462466012228 0.15601404535214186131 0.83040414324546885094 -0.47532900510565362362 0.29067386498665059857
-0.022336656239598677576 -6.5788531087038437661 -8.9471999267953830071 0.78787415691866780065 0.0057754300628413447749 0.6158091890083980946 0.61524061664702278662 0.036588208591599405417 -0.78748986445534352452 -0.027079447697368884407 0.99931373822234892401 0.025273624843961967762
-2.55285450932851532 -8.4964935928568028345 -5.5286714230403397607 0.86905327969118506548 0.0058975558739467418695 0.49468334911640787777 -0.32432947729253869262 0.76186055576086519903 0.56069500063298338688 -0.37357300118905584219 -0.64771422125057498409 0.6640101658651746952
2.273800397826677866 5.5666953054331145267 7.8414876840404179603 -0.69394734748188013906 -0.0014318492052527885192 -0.72002432509640124092 -0.31538565143680896696 -0.89835900499140675102 0.30574987983393031588 -0.64727812398574691155 0.43925965892476742658 0.622962263905926239
-0.93089320430870048373 -0.80876979818211947038 3.8588691333921412152 0.66379278588308365805 0.010269112310289383108 -0.74784602876657124693 -0.062098586756428431066 0.99720994137514562539 -0.041425817381945936879 0.74533408813270152216 0.073938340225304099995 0.66257846245730067647
1.8373478335898960623 2.4477511174781678704 7.4605756926014183961 -0.73824347174833915286 0.0052158171791572699449 -0.67451417455235374021 -0.66304245635783820578 -0.189407987314621995 0.72422324970167495373 -0.12398095614972508283 0.9818846213239632581 0.14328751836642730777
-7.3444227982330128057 2.3494909164424431225 2.7382434548979053268 0.93171307409842696323 -0.0061872928370356027744 0.36314248575650165396 -0.27902723311554050722 0.62785460132289894197 0.7265964511181065566 -0.23249634563534760101 -0.77830605612772041368 0.58325391748467758646
7.6399046634153942037 -5.310728473077052314 5.4681546517912300587 0.62267529449347347459 0.0053252971828847087826 -0.78246221559722539673 -0.2618837717116653252 0.94372683800520695829 -0.20198154703396087317 0.73735498082079253823 0.33068307552413922501 0.58902999568800218366
-0.87264909285353253754 3.6122928158051026415 -1.256240488281992862 -0.59172295331688395947 -0.00095966366578508670651 -0.8061408224147667001 -0.63883732564795325803 -0.6093611788230118842 0.46964436023707895052 -0.49168162247222019223 0.79289219493530582739 0.35995992739989157716
8.5301314639753904601 1.5783398004939779291 -6.4706820756472565037 -0.99826007362418855973 -0.00025979798027781549757 0.058964039148868850615 0.013526931685742179037 0.97231197864955076771 0.23329474553309745288 -0.05739205107781947951 0.23368643238143638197 -0.97061671312293407166
-6.6617000248982272126 -6.8809181626259006137 -5.3538499010325892868 0.89690801134171682651 0.00081390057875460239921 0.4422164139387304016 0.05701466911172178853 -0.99186496305495619463 -0.11381222504732710354 0.43852633523797007742 0.12729191895018132641 -0.8896580358052907922
-3.0713621129033148449 8.4287339866959190005 -6.010684110567493299 0.83601383409999885377 -6.469160945122079398e-06 0.54870836439012904417 0.34760764389250897732 0.77374759829579042858 -0.52960700527766202406 -0.42455835299872940469 0.63349400477813821997 0.64686594500674066133
1.120978797914743641 -5.5455664081466418125 -4.0984879559185083409 -0.62488579224137308366 0.0043853334054170453604 -0.78070385903083272527 0.67190423421326539444 0.51225121491365832593 -0.53492372621338002414 0.39757068139056539469 -0.85882446499276887675 -0.32304503034137549422
-1.4650204425102038019 7.8867950651449696409 6.7218758925146193661 -0.71409882205522401399 0.00077576525644111713094 0.70004447753551612976 -0.68789684409110218866 -0.18626439280874138027 -0.70150089655056568905 0.12984915952434489261 -0.98249935071727856339 0.1335448299671096184
-3.3863619744944029044 -1.9172274536080418095 5.6598456879576026779 0.38645970929962275564 0.0027911607020308162874 0.92230206684680182683 0.07603342999624304599 -0.99668801536878837144 -0.028842980829185498742 0.91916691118161164553 0.081272439621577721724 -0.38539198220368614534
0.71797711323184076893 -4.4479107496341274697 -0.34825204992071295829 -0.17649519716791628454 -0.013005983880539813413 -0.98421557077707011452 0.66957390562455776362 0.73132711629085533911 -0.12973601614194851805 0.72147087971957413188 -0.68190284745047613502 -0.12036725616072856127
4.1128606700796019879 -0.82758995897659970442 -6.5652581492551753684 -0.98915151476189389079 -0.0080826223546593620184 0.14667635139960866208 0.095327712274178258434 -0.79501004341760939109 0.59905897717828460181 0.11176720501387080176 0.60654241573134115573 0.78715588659573565433
-2.1780207279641725648 4.6909378345322014781 -0.073458206570591877416 0.96914725210798546851 -0.0069369511286105486544 0.24638482591422292134 -0.23084012868542558294 0.32488337638261310936 0.91714972972719888133 -0.08640855698522834083 -0.94572864525705169214 0.31325850478559252865
8.4435351901358473015 -0.35963711063756587105 -7.5012919431473186194 0.99276131907870213134 -0.0099404577638545089241 -0.11969189880850540642 -0.11910734278140966413 0.046632569025980896704 -0.99178568471294559217 0.015440344442685679724 0.99886264861857565478 0.045111029227834907596
-1.2179801669825967014 5.8244968659573039815 0.1065972655970030547 -0.83761317363310949791 0.0022877388024910047352 -0.5462590389257696577 0.27413581068233155991 -0.86319379250425243288 -0.42396466112641850721 -0.47249733190601134192 -0.50486754979264070187 0.72239534086816625802
-2.9916567474397983695 -5.5582081381373305007 6.7633562669156876979 -0.068448590147266008543 0.0050385159707506182655 0.9976419216651757349 0.29769494234682575273 0.95453351508037842521 0.015604162575097675625 -0.95220402845614171561 0.29806103728142824272 -0.0668364140770775772
2.8315975335345933139 3.4464905695688123899 -6.9515767399987442587 0.68924396459282499805 -0.011718036679478169293 -0.72443456908733583344 -0.41695024338443320566 -0.82412578002230274521 -0.38336561301763066867 -0.59253291200909474767 0.56628560490181789611 -0.57290955819113753567
-6.9955704322917071636 -0.98534507934087045555 6.5966380055713109698 -0.93968285073335511282 0.0028433582615624251877 -0.34203516683394180609 0.33520889904112005642 -0.19129431714899425288 -0.92251909369408446882 -0.068052435966934193834 -0.98152860352627124829 0.17880287027523089627
6.1633888194148465089 2.4527277839790286862 5.4122805438378938092 0.97951189054058374062 -0.00036441198978732759718 -0.20138600620032701127 -0.14046606663653818381 -0.71782424308653458578 -0.68190735452907225156 -0.14431126225312371214 0.69622426217495647638 -0.70316856894027401914
6.2782158132438601328 2.3893274147014702535 -3.4774584578302945026 -0.40028769241074918517 0.0049035134328688258221 -0.91637640675659548517 0.66629598017159819001 0.68809162032662973818 -0.28736664532214584167 0.62914182034863053161 -0.72560724747779503652 -0.27870179815650075739
6.1412358897267758095 2.5745088745170137123 7.9691887415599120814 -0.98936023081926660616 -0.00032294795820937168126 0.14548618277394537168 -0.015555733522179459802 0.9944997643972516288 -0.10357720679924173335 -0.14465252444431989098 -0.10473831351678691837 -0.98392354014602589896
-5.2602563317826129818 -8.8297198884368999217 -6.5895363781119149493 -0.44926540357687744232 0.0026869346621832511379 -0.89339430126404473231 -0.86271785798208044937 -0.2611176300067165057 0.43305366967413017054 -0.23211741569194455082 0.9653032495966175075 0.11962918394226020047
4.0637214910078220953 -2.094984842036913264 0.3070474137826806893 0.6501700393308517123 -0.0021870924667352284465 0.75978558592746436862 -0.58768153549316137774 0.63237024157483212594 0.50471604929020641439 -0.4815696551870485842 -0.77466321340140553708 0.4098628709770255063
3.3342144371369268896 -6.5965597956543025049 3.3156104476341621279 0.91875066841158847808 0.0039285520993538429468 0.39481866188409497909 -0.31844123090891751637 0.59856286249583456893 0.73506304634236374618 -0.23343605495033667441 -0.80106620582764120897 0.55118104297024550497
-0.39629229178215391594 3.6887200168388263322 -6.9150492110052752537 0.81577908239456464745 0.010758650880981504572 0.57826355596634315681 0.57673440884398674555 0.059861174087923962883 -0.81473557765226967131 -0.04338099103255432798 0.99814873203748422092 0.042628609512614150379
-6.3279915283609184939 -6.5776053365258668748 7.6014657005560302139 -0.73810544091895635699 0.0027787819562328395714 0.67467965469293800229 -0.32220141367360527473 -0.8800445319005779643 -0.34886655170513264368 0.59277871681807048354 -0.47488303848712115629 0.65046098472157987125
-3.2101585323514951753 6.9749533320827552529 -7.7333022571198153372 -0.9591023121334535384 -0.017077113715478722811 -0.28254402674200684853 -0.18180497084635383054 0.80223429240330201839 0.5686537546414789368 0.21695554253318630189 0.59676503942463965391 -0.77252946887792250941
2.1162626933388546391 3.593766549903649743 6.9702206748692292493 -0.17134274357529016841 -0.013880122047278599384 0.98511370228822969786 0.78688753647165377014 0.59974286475720128831 0.14531517855420850172 -0.59283190633561122507 0.80007239571480415208 -0.091839492843481029816
0.12163993943150483434 5.9410758617956567207 -7.7938811424332792299 -0.78341536018569779554 0.0038469065411639471845 -0.62148658451749227982 -0.48401560303746449243 0.62349868270637021084 0.61398557693146338377 0.38985801189851421178 0.78181493588539829886 -0.48659648229819729703
-2.1556875068143916963 4.3331644362990662245 8.999584439999539498 -0.99988189507183489191 -0.0022219140852377640763 -0.01520720241917437876 0.007584063905804983366 -0.93195730591570569157 -0.36248870592789483869 -0.013367044635532367852 -0.36256122662041623261 0.93186408830324563013
-6.2946877150894486874 -6.3325718435833318054 -7.4841989280964478226 -0.97466795497251412783 -0.0088161099112052769555 0.22348300551809907599 -0.029669115154371400456 0.99548852045787450393 -0.090124076928865329283 -0.22168022274276422134 -0.0944715927799244376 -0.97053232661373045609
-5.2531828005947458493 3.7430896052841928778 -5.6207900375297255025 0.36546674864470030109 0.0091860130979138400475 -0.93077906766244211667 0.93039444749472077767 -0.033994113738125324164 0.36498023549472341509 -0.028288296267291877101 -0.99937981638325301681 -0.020970333801861213568
1.9588942147959282902 8.2748584794650064111 -0.74340840639067751194 0.046794758839869200762 0.012154120266190542726 0.99883058018131931632 -0.3169136478995356887 -0.94808735281947820184 0.026383919313878966689 0.94729931400787825702 -0.31777767194048167632 -0.040513712443640416405
1.8020439227559688078 -6.507440613860477896 8.8031910005762181726 0.9240937062228443688 -0.006179633046882992628 0.38211599581151128868 -0.35120511604250376214 0.38050687489365125904 0.8554937081149111 -0.15068440060313004203 -0.92475744403270276894 0.34945368952244182381
-3.791838403895211318 1.496669192537198434 -7.2985293787690146416 -0.75554874194970067514 0.0096181327647096373501 -0.65502182410973286419 -0.26495760488014691303 0.90997116747341189047 0.31898266721414197944 0.59911899164870274781 0.41455996657786553516 -0.68497917337453828601
-1.111303744360572221 5.5103405442453885499 5.6484372948300896056 -0.041865982441995429342 -0.0071222300129148976774 0.99909784973935944485 -0.67516063105436796565 0.73731097690121294441 -0.02303574646139244092 -0.7364817457264987155 -0.67551594887191401817 -0.035676897723250798611
2.6925142601384499663 4.5897712123886638125 -3.389478887714039157 0.51265151273613374094 0.0056020766489173730654 -0.85857850149339598467 0.23692149440296253471 0.9602313122740304685 0.14772959222340076302 0.82526155367816933506 -0.27914950056527110256 0.49093678244238259101
-5.4807353581136597498 -5.5706085352029086621 3.8819036316901622818 -0.029353908623646830095 0.0043446796858411674408 0.99955963894464361363 -0.62884436090374828954 -0.7773847928109132166 -0.015088196245227161393 0.77697690944320063622 -0.62901033987126797609 0.025551409494010621226
-1.6237726648121577622 -6.6159006118036494115 2.8845004925005750529 0.80341933949132060544 0.0057577777315797711022 -0.5953857681593904827 0.36599486326580416007 -0.7935074879907942913 0.4862032769996845194 -0.46964361487645839288 -0.60853324847365419803 -0.63962657895667440755
8.2477150591806207558 -4.0653557519242191631 7.7301511709668284666 0.22339252513053273197 0.0052370225892378920174 0.97471449835844081733 -0.52947754662756685295 0.84023988351707090683 0.11683520772739502958 -0.81838212794104114867 -0.5421895533314179394 0.1904761951665922548
3.2113139738149159008 -6.5863986492855888244 1.9605035194653175346 -0.89879612815448761687 0.0021086189384382052203 -0.43836180689047737902 -0.42832670131794320367 0.2085703150033879627 0.87922389676215095822 0.093283208308396453612 0.97800510091996661899 -0.18655901377887448844
-1.6010096096554480294 0.17930215417584866033 -8.8295987237377122625 0.030091726113910820944 -0.012215615969350373388 -0.9994724942418998781 -0.86984056792569730554 0.49228060284172125982 -0.032205503514891084538 0.49241433205206747159 0.8703508412085371182 0.0041879347394320771275
-4.8305730671671751608 -6.4601603164975376359 5.0831417197410075914 -0.0064405449236065630617 -0.0038198888993600976956 -0.99997196352183315149 0.36091883322478923724 -0.9325964096752563659 0.0012379354209667450901 -0.93257499173224200906 -0.36090074135311173142 0.0073850989167566806481
7.617275689894383639 7.0173378322816528652 5.2451960378280908515 0.86981353807211603257 0.0072309981322032351042 0.49332760074040976628 -0.46894399198378078353 -0.29866296535885400454 0.8311991130319965615 0.15334908336422162223 -0.95433125579589972443 -0.25639015745967769222
7.5123283692639555298 5.5110632592025252663 9.1112447715204947229 -0.94086729894977350064 0.0083754572822611669108 -0.33867178430200473027 -0.17213044621525130928 0.84921835231755049556 0.49919865742291180677 0.29178731167205268493 0.52797541780122403399 -0.79756010616445727202
-3.1363572059568745054 5.0318404831307335101 -1.4484904897448738215 0.99826533002841433273 -0.0068186729891634642597 0.058479368687915804503 -0.031164248805836423928 -0.90390786281282564651 0.42659039504128248854 0.049951180765095012926 -0.4276728670886477679 -0.90255237980760338878
-8.4677865690398324006 8.0644168538676570535 7.8045347257106216787 0.7059576910055709309 0.0038838286837736563789 -0.70824335816493444451 -0.12502472675449155526 -0.98359793885740820496 -0.13001504672760952341 -0.69713166346804156248 0.18033305451408929154 -0.69389295517355498166
2.2653034494635431173 6.9480550650841408356 -3.7535654671847744623 -0.89307914065626614608 0.0033585888720484955057 0.44988706183376192538 -0.34073544329728278068 0.64793138867609867404 -0.68123731052344482784 -0.29378394477166808185 -0.76169129931292389735 -0.57750961753491480977
-2.0237267755425110138 -4.6275205664443230802 -0.09765020661680517966 -0.83438471378347167651 0.00074678166425649287335 -0.55118199509943210934 0.018313239879050133285 0.99948452856221570162 -0.026368587552765027082 0.55087818494633844502 -0.032095474471415211259 -0.83396828828712610271
7.4479384582593457509 -0.9461716396402349849 3.5536384729461354404 0.52013445330707175351 -0.0085756945601747416874 -0.85404133854619646016 -0.4790686724241011718 -0.83076114051940586069 -0.28342394836102652311 -0.70707379924922075798 0.55656301068734348458 -0.43621583826101223424
-7.2125793220837302044 -8.6838574479730112898 8.2772861699237516575 -0.79401747003953526693 -0.022703797224068410915 -0.60747081811697767328 -0.19476639799480616189 -0.93712182794426301946 0.289600983773478593 -0.57584920550783535997 0.34826314358854987274 0.73966916613696243044
-7.0274423501980001205 0.18001832411284096613 -9.1794718762584466276 -0.28571134843233919609 0.001965119545984629016 -0.95831370838681673163 -0.95060349017769940616 -0.12719300383932216625 0.28315180422702068697 -0.12133437204521219099 0.99187603967419735174 0.038208534137113947526
-6.2063264467513015177 -7.448672742764969712 -7.8914511201167911736 -0.9999114712377489278 0.0068956282148418864691 0.011379806624559181405 -0.013280137474609968531 -0.46388228574220330414 -0.8857973035198588585 -0.00082923817033335629756 -0.88587001037721857521 0.46393279370852341659
3.6714853782037049079 -1.0603560445938062795 -5.3743810020325506471 -0.9965171124826925908 0.0066845614148850476463 0.083120161019958144211 -0.082921965169975339616 -0.18472937122518803821 -0.97928494683587541392 0.008808644711529128174 -0.98276669461558319174 0.18464027657289899809
3.4317471000629442557 3.5187066418968027115 8.218427664143659328 -0.2869924724705613106 -0.0040235344089735386799 -0.95792438736899865326 0.89477801419356961521 -0.35820815334221234316 -0.2665693609456550317 -0.34206377484468691863 -0.9336330810600972363 0.10640321371532399097
-3.3105173413905366608 -5.1062701661340019754 -3.8028779441415463403 -0.96593357179996608419 0.022277492905875696805 -0.25782949439491603671 0.14527379904523046728 -0.77782411303133391911 -0.61146150532791798682 -0.21416782713815052386 -0.62808706601626940191 0.74809008770471074889
-4.5692325940828109054 6.9583765794584797604 1.0850052535402514575 0.43797986575021258249 -0.00022758987257869792847 -0.89898475259609533783 0.23384788894515187718 0.96560391993376071262 0.11368480392776399157 0.8680373275574641001 -0.26001734175063218046 0.42296829663183910242
-1.357952522332523948 -0.95516074809938233958 -8.0432346588829126688 0.36012158390125026397 0.0069804971168114229516 0.9328792619992025692 -0.2576699613024560076 0.96181707474857836004 0.09227191210817811684 -0.8966150990535547427 -0.27360407047748536158 0.34816975280361150968
-2.5689918052275713123 7.0219924521638867887 -2.5327405187657276997 0.95514091789823596379 -0.00059469485490975105939 0.29615109875571921094 -0.28079202534890740361 0.31604638193246015199 0.9062397712349054002 -0.094136419396473616783 -0.94874355376217156532 0.30170184576475267413
-3.2287183615273455928 7.239411094785634937 -6.536999275426492062 0.96740344472800177122 -0.0029515173867490814008 0.25322295250090270935 -0.21348692463813401243 0.52833798774745910354 0.8217556228657634243 -0.13621273118427065785 -0.84902900966209371436 0.5104858789578478051
-7.6986549741932002178 3.5778974664990053078 -5.4338607325226888634 0.99995176300882193665 0.0020502566698350002672 -0.0096056287285487020056 -0.0053204196959751696994 0.93513128644894683017 -0.35426144334175335704 0.0082561970630208557365 0.3542954608120300608 0.93509708675540248457
