1125 17.292696884352682929 17.968806560800352656 18.477561601407678893
-3.7180736518726575923 8.728944929711401457 -1.9469516761392997584 -0.96278329389518835235 0.0096282020205037434357 -0.27010299280483102136 -0.10987954943807851094 -0.92699333308780573759 0.3586221479859811323 -0.24693078708727220216 0.37495420805293239175 0.89355163714929264351
0.1390979668525605395 4.0686574092353877674 -5.1055959602976468403 -0.38470681250953592256 0.00039405289626771801588 -0.92303873869468200386 0.11857109697990157737 0.9917360444311392742 -0.048995031755891510494 0.91539148093575362086 -0.12829443829752260053 -0.38157433578805710628
6.4865740093126333932 7.5646450410355727811 6.3216195058674786722 -0.12969049758985937149 -0.0043935868000232330965 -0.99154479032969422558 0.98656270016884839436 0.099643708516870793668 -0.12948038457066801676 0.099370083377463780394 -0.99501348118937271714 -0.0085882932823187069227
5.4806323252845938754 5.0867775499799039451 1.9249696118474188822 0.095481295159100421088 -0.0033476432374066533368 -0.99542559519021667214 0.88894040543522123698 0.45030036058216443839 0.083752855739420373204 0.4479601297654680625 -0.89287086330818921098 0.04597111697571937966
8.1779089703021963231 -8.2684763738824287316 2.7096576978229069965 -0.78473265218580412483 -0.0028816233165534586164 0.61982768641011765087 0.36220525472585185511 -0.81361900463553094021 0.45478727856591960599 0.50299305963627638505 0.581391272331601483 0.63951713848369062809
2.3073333850219728269 -7.96524947832218988 -0.068939758948552351536 -0.33383243332515416535 0.0028446759841776522032 -0.94262814209983525338 -0.61508701286273603781 -0.75842497281879439619 0.21554472207047659094 -0.71429956815588357966 0.65175414722356417307 0.2549365774244324867
7.7170147841147986867 1.7558189864334807773 1.3093614610737072113 -0.085646710439137824222 -0.012289722924882858987 0.99624976973712320305 -0.2079852145936730845 -0.97767361356836601782 -0.029940872437584326732 0.97437507742226758811 -0.20976955937981506262 0.081178448225481328326
5.3748222494444766184 -0.31996377628601896381 6.0902009138554022982 0.92592728793267886633 0.0081128904795421188934 0.3776146692990894338 -0.0049234540005184523198 -0.99942508967725740554 0.033544742127178027447 0.37766971954653422161 -0.032919160556495657977 -0.92535501933361219429
-3.7964247985003454211 -1.5102736816468533831 5.3733271676093909974 -0.90542900011893245882 -0.0061796596227891766734 -0.42445275066896881455 0.37147172105379117069 -0.49545182609879090396 -0.78519822240802783497 -0.20544363266072213081 -0.86861343520727096745 0.45089202030732139503
-5.5271137906288902997 -6.0100857952709558774 6.441073432540454391 0.24028540228043698823 0.0018406326651964760588 -0.970700539570480192 -0.92605914566516578379 0.30021068791104776885 -0.22866569833291297553 0.2909937871862258163 0.95387114168301889716 0.073840780626924798491
-1.8457241017939556293 2.6959652367349198343 -4.2524404617249977889 -0.026359794251456021563 0.0038516232777109082885 -0.99964510014569396557 0.81305588565362307829 -0.58170382674816867308 -0.02368089420637584791 -0.58158859002822238526 -0.8133915557372772831 0.012202008213024266928
4.4175550616610186339 -8.2916411791823563249 6.9458176016794563878 -0.91397379821042579184 -0.0092726030908709868722 -0.4056672466644605235 -0.3067652571340473977 0.67018839403008934053 0.67582734002327848888 0.26560680187082291726 0.74213309812949124211 -0.61537914447985231359
3.191595504532243055 1.8671459895751474356 7.7182623152582392478 -0.49254440665918081121 -0.0021579989325895719207 -0.87028463763844954304 -0.77675323763908832309 0.45208648252962352343 0.43848856328484631106 0.39249766277797820679 0.89197149918304330374 -0.22434890095393322795
-7.7180158336152553389 5.4055157964011257832 2.6251786322024579512 0.2355280607899178924 -0.0023881777576232948376 0.97186461463910367442 0.96425918704945978721 0.12545745115526324431 -0.23337662295127314938 -0.12137031256054713058 0.99209612667159452482 0.031851572525140148251
-1.5033343411763773201 1.5352109805581317659 -4.5517977694862601368 0.87339938081095236377 0.00019923672623679738515 0.48700460152201763275 0.48650909773416350923 0.044743331943765278502 -0.87252904368207107044 -0.021964048374057590363 0.99899849577014920854 0.038981867935153347027
-4.890545095980603385 6.2621572724050054148 -6.1590509224807350463 0.93351281853280299039 0.0061767338166566002067 -0.35849081661064147175 -0.24531887053736015081 -0.71817486639031968831 -0.6511862352994665093 -0.26148129836216060795 0.6958352601330030085 -0.66891017435996602547
-4.472554042719728784 2.9419056403422794155 -3.8974678973584606645 0.35512313597047373559 0.0045834701870226032122 0.93480829590851244326 -0.64994209525739587985 0.71996081593304905866 0.24337562805889539908 -0.67190983852791175135 -0.69399957876180040639 0.25865373294685117811
8.4401201103616312338 8.6348864058032948066 -8.544733541198333171 -0.61449331302375420627 0.00037535048198871997539 0.78892193996697412839 -0.20992414882159241007 0.96387032578780607039 -0.16396904222229632953 -0.76047999315597913927 -0.26637164672261448572 -0.59221307468822925735
-2.3988779236225363789 -1.5245562647681467627 -8.0607831538604255428 -0.37274088711448505329 -0.010400701968491250782 -0.92787717747096898346 0.6325186307472154823 -0.73448883672191445093 -0.24585835452167892345 -0.67895832922973464729 -0.67854106296460525716 0.28035265834348477298
8.0635565240267137455 -7.1729184633367983892 4.4442387289122109451 -0.50833442867689881961 -0.003158440404075697587 0.86115395422412688298 0.80095505085232265863 0.3655981852123037501 0.47414024663997306197 -0.31633386656499323797 0.93076742058575301364 -0.18331637581075821419
7.6966037925342192239 -8.0963899797200120645 1.489455531449198844 -0.75811979291210496168 -0.0060277130592668306738 0.65208745293095593532 0.63204502981424115493 0.23938282188728662869 0.7370311695392125495 -0.16054114700569041552 0.97090655125021185778 -0.17767106927564632612
3.1407273720106911874 1.931054401052809455 -1.2949805979027195768 -0.3132392270350733976 0.00019601631979661564981 -0.94967423268406292447 0.79854300504120623305 -0.5411984435146848238 -0.26350201865885314323 -0.51401386727057551962 -0.84089488422457359107 0.16936805465814683269
3.9786220157694822674 -5.9853515950769002885 -1.2657729249797267101 0.81543355817264140395 0.0024625873510632015351 -0.57884544385322578286 -0.45478111986455582727 -0.61592456381326732284 -0.64328148170627974523 -0.35810926436043477583 0.78780128671842108989 -0.50112562040293318066
5.7963528482028934263 -8.1582430626597783885 5.0339409884089230118 0.81994773068972648389 0.011695321375066557515 -0.57231891318990024686 -0.52994585155011220134 0.39351873839769263563 -0.75119930574707949322 0.21643269938218770432 0.91924219985154043133 0.32886268357827697084
-3.7603174839447572886 0.81658316362453742254 1.3601381026359471438 0.99990415244848118714 0.0020426045077579640941 0.013693563567289041005 0.012430271038422893021 -0.5680037916698778 -0.82293206342351599147 0.0060970712852840246165 0.82302340210688351707 -0.56797474002493386624
6.5535050678747239772 -8.1565789411578126789 7.3728191402438731927 -0.22645802534686843011 0.0047234803590621007516 -0.97400947197101073183 0.75914529761363769289 0.62738365404337603781 -0.17345941240139955974 0.61025828947048910145 -0.77869598648813342923 -0.14566187133266181308
-5.0109229877989154289 -1.556301747376403144 -2.5857622871318461932 0.88094486789454751197 0.0030734010867478093673 0.47320893264600494277 -0.44014484746418819361 0.3725991526900661599 0.81697147114536761148 -0.17380636634190069212 -0.92798729819992809009 0.32959205299651406218
-4.5409745887878072423 7.3944557007262146087 7.8743327490463101981 -0.35514456445506997762 0.004179307692604395004 0.9348020494872342212 0.40171343798787706447 -0.90226766429887050869 0.15665048898896419272 0.84409635236621660681 0.43115611482134341692 0.31875657259769685226
-3.2946968887131071746 -3.6755444346519996479 -1.4081226220650722158 0.26165361231703876399 0.015661903393331299411 -0.96503476203860749649 0.83431300064258462346 0.49902001139772916849 0.23430929384703291785 0.48524138747623268841 -0.86644892117570082579 0.11750345898483681439
-4.4546415953821023592 -4.9317488912456814987 6.6215354839985351987 0.017382940129683575881 -0.010500428463330746184 0.99979376593113589156 0.99464960271215596688 -0.10166136839548665927 -0.018361209127150331794 0.10183320292085774883 0.99476364387633431363 0.0086770735190612076349
-5.6625136355228029572 -2.5732852945562560976 -1.4668297919678965346 0.30148192848495453111 -0.0043969666370618637474 -0.95346175250040154925 -0.054912874569088249155 -0.99840962679034805927 -0.01275904929890871696 -0.95188929135881750199 0.056203948409677448317 -0.30124390978018500409
0.86088759775873435753 7.6955154843937823017 4.0845387197414622094 -0.84815122700980061232 -0.0019446780733449915701 0.52975061524157518456 -0.48290169231781565617 0.41400674908051160461 -0.77162449888028206146 -0.21781976879577782946 -0.91027173412275430575 -0.35207942055573354656
-2.702376551174633601 6.4359470842711443694 3.4685360952714199279 -0.92216245326731538512 0.0049075575680383749094 -0.38677167122511291186 -0.24633137557944154161 0.76348321430257704012 0.59700438430793778544 0.29822351213232844991 0.64580902545294660566 -0.70284666852348576249
-7.4442758600301992544 -4.0548724942681770855 -5.4203552856614827249 0.39628297862265621232 -0.0013360412690237117792 0.91812745076472634942 -0.87588042958758371981 -0.30040522850064493854 0.3776111382825009799 0.2753057825753168486 -0.95381073263145255137 -0.12021569114485941565
-4.0670993433173059373 -7.2460846172239898877 -8.0861865900976344079 0.84905219801566600424 -0.0054452119766445926038 -0.52828090511649383743 -0.31569947151066413138 -0.80700648646671957476 -0.49907351611554834347 -0.42360855601840768925 0.59051746838417273899 -0.68690968169091726203
-2.834853165517811302 -2.8566343771333815305 0.29129564691352960448 -0.61854146627663708635 0.0017542202573704534195 0.78575020025945452318 0.29696860045028444786 -0.92530513440590533847 0.23583905229753396315 0.72747240830333970152 0.37921937048797815795 0.5718186462539686099
-0.91173423362941663495 8.6280298347245309998 -0.52349919198289951439 0.39487837702259476202 0.0045645301466248136557 0.91872206484065910281 -0.86250240451610205028 -0.3426300613225654601 0.37241676020560010585 0.31648170494370364558 -0.93945931585296293953 -0.13136028430713894699
8.2282950034240300852 -2.8368225637694730601 7.7763623450439087748 -0.46137553986582086063 0.010619527542296761449 0.88714138492588079377 -0.52299660461691588331 0.8044638696668269251 -0.28162463308439816823 -0.71666391200661583305 -0.59390664926022973535 -0.36560597532274080601
-7.3967846709579356812 -2.8394409631124197801 4.140159170868429328 -0.97590538630223389038 0.0043913220093948109046 0.21814993302190405222 -0.15636761763481790699 -0.71137289266193326487 -0.68519907745158581402 0.15217701909822431428 -0.70280105568828621365 0.69491929817915698564
-1.8898181469784032238 -7.1632976313474596708 4.0962860130998270947 0.88014746725752768253 -0.0056038480776214403406 -0.47466728638804756013 -0.014555972400064298017 0.99914151691778929631 -0.038785987655488657344 0.47447714333547974519 0.04104663272002198604 0.87931030608911053825
6.9854820622748761139 -6.0218333864343964734 8.8398608648246135289 0.68240561134491339867 -0.0074483018030908898499 -0.730935773105430453 -0.71014146670420164043 -0.24377971216757973738 -0.66050779647426416386 -0.17326765096916912912 0.9698020286303018489 -0.17164599148226220016
6.9481565135786524934 2.0919310904116135141 -5.3047135105537615019 -0.62106299701270750724 -0.00020424285471008004223 0.78376062163550141992 -0.49440161596833853697 0.776041928408390147 -0.39156859869011945152 -0.60815112913607027867 -0.63068128530736544679 -0.48207190386217946276
-5.12933245788579395 4.2723018278373237067 3.9609607505627422164 -0.08516506482218734464 0.0043120284160192666467 -0.99635752526132825846 0.85001462656245208027 -0.52140504143635668655 -0.07491273185946051294 -0.5198288625728075818 -0.85329841742251166803 0.040740206928930315644
-6.734640150917274859 2.8407470923028479426 -1.1874265484965120798 0.26593025312332985166 -0.0040643117022318578715 0.96398370413814815638 0.95116052686620100598 0.16372372770598994651 -0.26170248970497822505 -0.15676336499790291534 0.98649785724878791271 0.04740490521112632194
-1.3061116043393448116 0.38292839174465131968 -4.845308779578719971 0.7087621697930536202 -0.0038565786008790394965 -0.70543696633473629287 0.58315185038529648853 0.5659241896363413904 0.58280676984440049626 0.39697620339562567082 -0.82444826301335383256 0.40335462753235923339
-8.1089355959274218577 -8.2710378244085820398 -4.1515883533216149104 0.77706505527737834704 -0.0031305028496939274821 -0.6294125037036849557 0.53563878324928526631 -0.5218647550464804441 0.66388874920359552956 -0.33054650768968285579 -0.85302249524376916323 -0.40384604599032769556
-2.5613230776148285806 -6.0225297956313150749 6.5001883058689076123 0.30824438644417551103 0.0015546325347310140444 -0.9513059346727552601 -0.5458400918156185444 0.81929811293914056591 -0.17552548618738389452 0.77913027947351420899 0.57336566452145010242 0.25339262490322961296
3.5542367905358536184 8.6947105421669945713 -8.6926407890704950887 0.9401299537530548589 -0.0040408505802069366597 -0.34079222641240070057 0.29134730162583527546 0.52836453685451378881 0.79746326939230460784 0.17684009695722022193 -0.84900800215370419988 0.49790861851074547095
3.9949693682288840435 -4.8428668054868984072 -6.0964354483467850798 0.23679919047882239114 0.0018590262078272286848 0.97155683694269368011 -0.97155276713183436055 -0.0030166411943444953851 0.23680397073166006838 0.0033710631646855760378 -0.99999372192901170298 0.0010918038636103244432
2.3724812729293720537 -6.5544136376347070794 6.978518357281456197 -0.98727078870555584622 -0.0025022363278389978328 -0.15902870364136839632 0.099389225655587443153 -0.79031485782418364749 -0.60458598009357833458 -0.12416993030562392675 -0.61269581711953102765 0.78050346834093231596
-2.0955126082372097507 -8.3946200509446615712 8.2343317318806406035 0.1655080290083270067 0.0043168258276647846275 -0.98619899480212269705 0.00095819889904426823468 -0.99999065192742719876 -0.0042163862307909505053 -0.98620797714713670512 -0.0002471290164339826588 -0.16551061820505982847
-4.1576132278938233711 0.51154633991375630941 -0.1838778902766335932 -0.97012616623734626575 0.0040920187667733550971 -0.24256643824782025964 0.11591706640953242102 0.8861570302440353597 -0.44865237262668627993 0.21311606062607932333 -0.46336699616096393983 -0.86015845724615236367
-2.1834255449149861938 -4.795989390993948831 -3.5726465442155896923 -0.94501923455175806943 0.0058375554299151255488 -0.32696264201581337616 -0.010490328106348593279 -0.99986723412840994296 0.012468645990263394277 -0.32684644612352753423 0.015213055682944473176 0.94495500612118776829
4.4052058538799192533 -1.633846335657931137 4.0783843278919267306 -0.91033017756125322872 0.0078896698317062370631 -0.4138075892625870944 -0.21310314980620237435 -0.86603684808168901466 0.45229108470924828111 -0.35480419299111637388 0.49991792413822316865 0.7900607911807512318
3.4864236456960431276 8.7128063341989960833 -4.9129314126121945705 -0.59740917180863506442 -0.0071632049018423727543 0.80190458904682115904 -0.70898215809309317326 0.47202038509638788444 -0.52396665500652772618 -0.37476203242106681524 -0.88155853155033470081 -0.28706789180773939485
6.6066604414770866427 -2.5388989824270793427 8.8004305846314334616 0.089362220552534621376 0.00080869667748469011709 -0.99599886523419400852 -0.76672439799044200814 0.63833570730360067458 -0.068273144843927754954 0.63572642784737787292 0.7697576701731868587 0.057663143735719707417
-0.51119926402881610272 -6.0054609151373785636 -8.567080345343667247 -0.72889596454441396567 0.00075898537679661842725 -0.68462405509317336705 0.48467034155083299485 0.70684817150173628875 -0.51522841775838823519 0.48353421067379404041 -0.70736488913855599669 -0.51558663745492194774
0.49412778894754955106 8.5703620299997869125 -2.2518275932271607509 -0.38078156300771887066 0.0092620570678673720677 0.92461863250331843833 0.36931106057991813785 0.91825421896600067928 0.14289342141752059412 -0.84771147320691175864 0.39588306815287122031 -0.35307485685515388463
4.3776332744919121964 -2.8486775827088877122 3.8160150973881394876 0.27021952512333308194 -0.00035351379265530745444 0.96279867224146320481 0.23964394602793923084 0.96855292767717604541 -0.066902955241423783805 -0.93249782164569905429 0.24880735784120522336 0.26180662961395256838
-3.2617203505326433088 -1.3017307153230874839 4.0064486544873734175 0.71290356284162004208 -0.0046854474598417234291 0.7012464307714796341 -0.69619059129536486896 0.11531685878667614908 0.70853417890151104697 -0.084185335300654640101 -0.99331770781654638025 0.078947835047109074513
-6.0143828627188193892 5.1564092302578723448 5.3008776578011049807 0.75795281698488359279 -0.0036962962388209716358 0.65229890741835827583 0.51657212540280594837 -0.60722322935438255431 -0.60368302029223186445 0.39832244034423469614 0.79452267879957017005 -0.45833715362357774215
6.5735107387440425697 -5.9854162202702339002 4.4020552078677210872 0.58907597065693140248 -0.0070487460851972952303 0.80804691446296883495 -0.016024908737888685084 -0.99986721058201821766 0.0029603214124092414386 0.80791874782962480595 -0.014692732269782167107 -0.58911070311432922608
-2.6061529577709547922 7.5145981395603236308 -0.44753044123182861291 -0.10550849715038483623 0.0050080959147011123306 -0.9944057904115001234 -0.21717677127685391936 0.97573185811218032804 0.027956950526539695034 0.97041342068573832602 0.21891153473559959997 -0.1018603598702751134
-0.1367013149873397837 -6.2067569668817013095 5.392194934177797272 -0.97533268724414745598 0.0012234337300819600643 -0.22073661319030249417 0.1478624532760157706 -0.73886501415418082139 -0.65743074598782824669 -0.16389888377895173166 -0.67385235331552273408 0.72045829985302867193
1.3456775643607243875 6.5262672661985279277 4.0057797989413117534 -0.5003584005646649624 0.012040068047605961832 -0.8657346635926443934 -0.10127390853321241448 -0.99385340547563350011 0.044710221144049190622 -0.85987502954481132011 0.1100474678751339197 0.49850224510969626257
3.502958750779215702 2.8696920143277786508 2.5144596508725207684 0.84758382472628446269 0.0031915474347592757629 0.53065193308542124573 -0.42062067497951360906 -0.6056454367834831487 0.67547898019335539388 0.32354274499989787994 -0.79572823182805707543 -0.51199284490064778108
-4.8585724575361961541 -4.9958380395587518308 -8.4973685050691614151 0.31478127445189713063 -0.0032626545356631599104 -0.94915862970310249658 -0.61196470118906776126 -0.76509456630855876558 -0.2003235111104295918 -0.72554252373850447455 0.64390966733751997531 -0.24283407206687038227
-5.0414470722528550439 4.9959440222688353828 -4.8278814601912705129 0.60756036829531157029 0.0041425544042216141949 -0.79426270094975448544 0.79390497822074779233 0.027291152487766971724 0.60742907285743452661 0.024192652467998558563 -0.99961894351753255439 0.013292228092549656857
-5.4902019151899388305 -3.6741256532135153634 -2.3101321726331125461 0.88287919556177407721 -0.0075681103986286520774 0.46953918872541589025 -0.46602998450750271475 -0.13717933400129625476 0.87406972482886124975 0.05779601702321493506 -0.9905173163694482863 -0.12463974642259743886
3.5594797238434372488 4.0223761599396237187 -1.3788675185453287408 -0.095907160531282217852 0.0030796384107813759221 -0.99538551947767528461 0.084530720131478276347 -0.99635761872731509747 -0.011227330838543395086 -0.99179452202188467247 -0.085217436191040135673 0.095297506033299214656
-5.2304395160297501022 -5.8774862869498045725 8.6105629780507957349 0.99958840034672302721 -0.00484520949186956814 -0.028276383035311630776 -0.027017873507287473722 -0.49042610206078496304 -0.87106387419581687848 -0.0096469893611460869054 0.87146931234714664072 -0.49035515010414409964
1.7003018331680894715 -4.873365467733314027 -6.9735232111399536592 -0.94907730531288836406 -0.0040322972921905293753 -0.3150174743065737859 -0.31171352414293757027 0.1570130024605676522 0.937113438130276033 0.045683119489372668587 0.98758830371596828535 -0.15027439887367788351
7.4289331699158607236 -4.8443000800350946022 2.7392253217287434452 -0.9605453122192668669 -0.0027185828058687352277 -0.2781102523833847151 -0.001686049373337186047 0.99999077028844030046 -0.0039517812912990618254 0.27811842875064124447 -0.0033269573775183518272 -0.96054103032811943841
5.7673525843489183984 6.3128087617645984864 7.8725585391997423557 0.59081473931512751285 -0.0071119881206852184063 -0.80677590657713893485 0.045011135892600598329 0.99869432853792716731 0.024158555255678514778 0.80555070694151797994 -0.050587130491626268458 0.59036344803429052774
8.2802557086059795921 8.7534372534744182559 6.5487870611836260792 -0.41307336767526042776 0.003556761580777277696 -0.91069080502915655817 -0.19378061821341238669 0.97674884349829382835 0.091710243317600512181 0.889842382066699078 0.21435728625747124676 -0.40277970269875446041
-3.4672255464047267992 -7.7384654625122832883 -1.2408348584138182424 -0.68459677405809027384 0.0089257396028301471541 -0.72886733231892697482 0.09607337848752411924 0.99230663449891332029 -0.078086164430848953311 0.72256291275929396267 -0.12348228335291469571 -0.68018744681359899484
-5.0038753062914365088 6.4433689703985201902 3.317597168797929541 0.36974464759504505063 0.004406471416532403533 0.92912296203681665752 -0.41179485832143775115 -0.89563394400719853472 0.16812148286905059802 0.83289488546579582007 -0.44477007695184289648 -0.3293412947285790926
2.9957207135067971393 -2.631217835861694887 4.2997940765915272365 -0.24519513610198817588 0.00028544550734264971872 -0.96947370451841963224 -0.93536920711236948289 0.26283580906718723158 0.23664696038166971315 0.25487995530808255085 0.96484053397080515868 -0.064179065038891286443
3.5213177902154764176 7.7146204334752761511 3.7403986513288867144 0.5781314360247679085 0.0030677985522047056255 0.81593788445705772716 0.060968639360254567316 -0.99735980308404481587 -0.039449311864249762827 0.81366262522897592202 0.07255350993593913389 -0.57679209469395609222
-5.7024656274229954533 5.1799125575961495471 -6.2939506394453550442 0.92581334962187689097 0.0057136347924589556482 -0.37793782033460154857 0.36574618547025306015 -0.26588175117003176595 0.89192859703484905776 -0.095390615239601961317 -0.9639887181768052038 -0.24824661478472614951
-3.5151843065045649261 -2.8939106913277443667 8.4344498619062377998 0.95199920746591448761 0.0084647079849210233454 0.30598342717067861241 -0.04942466985024952103 0.99075168495843857208 0.12636574204502801222 -0.30208394693285350874 -0.13542321614520044792 0.94361318427336671188
8.2599562062206377533 5.1008735262506190722 8.5192602880812131616 0.22822726082862451746 0.0026283593836973527871 -0.97360433911403754248 -0.9699913477409912721 0.086725955022049314169 -0.22714619528697566064 0.083839744289370021768 0.99622873902153097347 0.022342713018454439522
1.5806924431579989498 2.0375233708870497118 -3.1616790088301147676 -0.46142164124986906337 0.0034579310095182724805 0.88717422849147165032 0.28142548794047200778 -0.94777656038327318111 0.15006427398120364414 0.84136185064672663891 0.31891634373489063936 0.43635146610868097428
-4.7070679157018648908 8.6930437578583283909 -8.9114346562934994012 -0.79408330193561316168 0.012581883778647551253 0.60767870275960145232 0.6072064166385772177 -0.028084429777078714907 0.79404762602540979177 0.027056924799964535144 0.99952636833871744138 0.014661576166618501063
0.28976528541724050347 -2.49031414985392896 0.88614810578008418318 0.8142372034657628932 0.0056765342720608170241 -0.58050456798449767692 -0.46981223712459413422 -0.5809540200557224976 -0.66465697049619210102 -0.34101941050341205708 0.81391658266681321532 -0.47036747136673723313
-0.12354847838062485432 2.9359032550922221638 8.7301317201575692195 -0.53276680977641777126 -0.011778431967022089805 -0.84618011967959660957 -0.15188083052173270704 -0.98233687296001159783 0.10929996039737120694 -0.83252131487457670111 0.18674993055753585924 0.52156756390315694993
-2.2990999791642225958 -7.0896727178054614882 7.4049987779123780385 -0.25741573617342511371 0.005979548818201292637 0.96628224849997090828 -0.25697817949440138197 -0.96439469979626646357 -0.06249062544749683229 0.93150381321501518617 -0.26439952345066530803 0.24978698517942526935
7.8118424084043827094 4.2643967181004533984 2.991513158144457396 0.58326466214409022903 0.0052423600080698292553 -0.81226525935534088507 -0.77346345439748498407 -0.30185241736641893473 -0.55735034120534576729 -0.2481060632184612369 0.95334025184707060774 -0.17200507435157799674
-3.3212170085003860365 -5.2990592872829704874 -1.0822109735093612404 0.99810377679781114857 -0.0089550816102383010153 -0.060898745924422376108 -0.0081300104017097765685 0.96151370827634896621 -0.27463665401347597816 0.0610143726728739344 0.27461098905590647368 0.95961765876665550135
0.58268341443116733469 -8.151912113747661337 -9.1290223878028928794 -0.75309418369824077111 0.0033043024913400973613 0.65790442471931542823 0.65491063059702747662 -0.09165534906323394293 0.75012756443103512094 0.062779108077911566221 0.99578530746993765277 0.066861087456024731468
8.2424611711037716333 -1.8530662953117971181 -4.35672267101551558 -0.14124265012653680618 0.010525167757228644574 0.98991905458417550623 -0.16864220511478597575 0.98507212624422890723 -0.034535673595763621835 -0.97550516166719947186 -0.17182004231283884432 -0.13735921017668567545
-7.2745803826581045826 -7.1742797852897597366 0.34615511038342960948 0.84867964342206714257 0.0011775377875412776189 0.52890592381437928626 0.36744241606526290012 0.71796588057893928614 -0.59119460856859484821 -0.38043256132610769882 0.69607730011057755704 0.60889035018932513577
-1.6867343565350354506 -1.5072651999468487105 8.7945782357390811512 -0.61210721078749308344 -0.00066313415041153729416 -0.79077450815943250984 -0.30150815980206574496 0.92465418625745599002 0.23261011459017497116 0.731038707644648178 0.38080729521631767609 -0.56618743525049242127
5.3999685901992133807 0.62031210728205932181 2.8135594517261162117 0.99206687098849866135 0.0038754732190504825526 0.12565151887132761099 0.10617672525597139643 0.50929966434072904136 -0.85401425919972728806 -0.067303985775279545622 0.86058052070102752928 0.50484783934288202101
0.56561672457315992357 -0.4117259812952870357 8.2583902002147198118 -0.95417281131146414186 0.001281506922821778376 0.299253410830539468 0.17748222434289395721 0.80756102257491058083 0.56244577948463037043 -0.24094461229928149093 0.58978263161771726786 -0.77078021591502576815
-7.9234153990347948593 6.0285360541071240092 -8.2973961788260819361 0.51003773325389567539 -0.0074522451197690112515 0.86011974439632798983 0.070654453218298898798 -0.99622026896573712129 -0.050528446863888562546 0.85724527347651513498 0.086542704745845300263 -0.50758339350041847826
-5.4915572635141645108 -6.1330656687501763358 -6.6560930810009697467 -0.50439876511123582503 -0.0096493135167115724748 0.86341691928234964859 -0.86157998765943966113 -0.06051420744769118315 -0.50400194003774911877 0.057112263299866683486 -0.99812069482881371485 0.02220963608762791669
3.2258830549422583545 6.2995704680092750039 -6.3917374997331553033 -0.87755079551166181862 0.00255450230640865035 0.47947687724726834047 0.24709010327166866516 -0.85457317743752880812 0.45678349934027823176 0.41091493299957992935 0.51932471433802784855 0.74930017944442139921
-2.1009184246008163477 2.8974240033313032328 5.9055145084889959506 -0.92891939849991200795 0.0031557983947894637303 0.37026854042288076529 -0.18431191858230944192 -0.87122347967580870964 -0.45497116955924271631 0.32115084891514761312 -0.49087645023779485909 0.80987804195624657488
-7.0411928699180625912 5.1405752580986510125 -0.67647280178315793986 0.46702169475237542695 0.0044597969317808541095 -0.88423461074633014078 -0.86874072369123489512 -0.18412986183471935497 -0.45976705947799734187 -0.1648644644274065707 0.9828918069613404862 -0.082118232914417138568
4.5757393043042933201 4.1607857617750942936 -6.4108080666442655016 0.54648132472057420195 0.0014873705424832436676 -0.83746996928862538212 0.78629796533008333714 -0.34511323687916678482 0.51247669551784058584 -0.28825972914980624306 -0.93855987633144055682 -0.18976745529944236135
-0.98715244934419565936 4.3040165403688988022 -1.1060949910354063164 -0.078466510626206756318 -0.002812011977352983378 -0.99691278419880702266 -0.68533402535977228087 -0.72607324309002629903 0.055990350534197964871 -0.72398914383750123669 0.68761161876255216807 0.055045266356495446691
-0.85524335113894434102 5.2101981748364432079 1.939108115989840897 0.28988335371619439185 0.0034350864350119864575 0.9570558193853765383 0.92702387287242371539 -0.24957497751424728705 -0.27989117478594205402 0.23789573422522589108 0.96834938466437081583 -0.075532038616062099901
6.6878549792016857012 -2.4761455247235026889 -6.6965053091103374783 0.019590964885376035282 0.0074470401645790485629 0.99978034371941737479 0.43147605031896130168 -0.90212272271697813153 -0.0017352691641753844459 0.90191164317569194608 0.4314152694919934361 -0.020886674059829503369
-6.0623962685690626628 -8.2100585070406175703 1.3252479745237042419 -0.97443275300920917381 -0.00028034783696900150186 0.22467917408660409428 -0.18543881537904252643 -0.56361934894858600753 -0.80495072845593707012 0.12685919601667980383 -0.82603459424874348116 0.54915716647426104924
7.3307958160442563411 6.4958438886627707376 7.7060987128821460956 -0.51217799065104374634 0.0046164525363403662722 0.85886692465050207268 -0.85815737934020630551 0.038241978930870688946 -0.51196041187922824989 -0.035208211778974977946 -0.99925784430915221002 -0.015625057116934553542
7.7744926719648823621 -2.9991510407998509535 -4.2156470679310906746 0.1184944247247624316 -0.0066397118703488272606 0.99293251811757088365 -0.77567744150049755536 -0.62490951788382043119 0.088388920150583707991 0.61990610422582315131 -0.78066894948143417121 -0.07919856854246080935
-8.340997977376659378 4.1177264465444078922 5.2495881408525661982 0.57067372739568233975 -0.0020636638491021118413 0.821174304366634078 0.78092992234329849932 0.31058860765667278825 -0.54192543138605886455 -0.25392903191486049241 0.95054219163887976318 0.17885633526762120815
-5.462728130950065264 3.8789400820261761282 -8.5985802380082461127 0.77851751941060132189 -0.0057931598078032600294 -0.62759613707399086735 -0.62727008870973044452 -0.040704805666412546827 -0.77773733008365264485 -0.021040622154964713081 0.99915442154612610359 -0.03532328020211065317
3.7690504982279371404 1.7915694330456066741 4.2077674606494444021 0.82849755665130397908 -0.011365621751604590428 0.55987732697889969202 -0.51256251280326126096 0.38729389045101608735 0.76634399122606322585 -0.22554704407700215674 -0.9218862538628862513 0.31504645029995637096
-2.3363449998929000095 7.552008871801848322 3.4223844695859364506 -0.99563409232884669819 0.015017124922790513891 -0.092126218589652197899 -0.0092189478527802959373 -0.99796823043077076409 -0.063043017468384851543 -0.092885764210911436756 -0.061918470669934728978 0.99374963536942595432
2.4881386280962689561 -8.1422902770176932563 -4.505205132077663599 -0.33649876911659881706 -0.00024145646226683085273 -0.94168387481227866509 0.82413499753653418622 -0.48388815996149553422 -0.294370097809132647 -0.4555985998861329378 -0.87512981342628826109 0.16302676293826395826
0.85957790953214474605 8.6977661640241201724 1.2487595970764000519 0.88433018138782015782 0.010025897598896937879 -0.46675433759537743317 0.041240857200066760591 0.99418339447299819422 0.099491556683011878048 0.4650369038948496403 -0.10723273535219471353 0.87877290495575788309
4.165778998864209548 -6.5938772709769226665 9.216178130618498443 -0.20040185611597396975 0.010329578690152335305 -0.9796593264340563989 -0.88318216291759932268 -0.43472316426862667171 0.1760824737219619518 -0.42406174452450912105 0.90050489740583694598 0.096242228665560494716
8.2064753878257565844 -0.48925638107493130136 4.4117343190300628564 -0.64802820668742233678 -0.007808424246393273413 0.7615763073051133869 0.50397718136487035245 -0.75410754652553146915 0.42110427323490251528 0.57102227977634245626 0.65670452776259946592 0.49261822866699961354
7.9849388036665107649 2.8899140129570755064 -3.7621227840976332324 -0.046753460347494314731 -0.0089285229062957150586 -0.99886655536366053543 0.92475187839964811953 0.37769929566014398548 -0.046660534223272778775 0.37768780406807545003 -0.92588526477991439645 -0.0094020807141459890321
0.77535019084529699374 -7.1927434289252945021 2.7623625829486200267 -0.75428509598159743099 -0.0019985214953078343086 0.65654398168878647102 0.21366486047841026785 -0.94630647267924328236 0.24259304846162688118 0.62080699204873579511 0.32326469908882143889 0.71421188238943034143
-0.81827441841171877357 3.0015293229268835695 -1.0805963897814687691 0.95600274482257263653 0.0058497043561756148847 -0.29329939115313080622 -0.24806420597880204926 -0.51758606021814657083 -0.81888266557549815872 -0.15659789782729624519 0.85561115655820951797 -0.49336259198412485416
-4.5662863450448289981 -4.7101833013811074125 0.72606237244937621433 -0.70271196688882042736 -0.010229068887351573311 0.71140091210305800296 -0.49733397472231294367 0.72209168347682339828 -0.48087682231573325442 -0.50877776010574105037 -0.69172174087792659414 -0.51250973065750393687
-4.3636945377477740493 -7.0217133497560952904 7.9404930672129845348 0.86019589972090437779 0.0071316465495394904678 -0.50991386892370738071 0.48693841423353334541 0.28557582066261838483 0.82543166367440057307 0.15150575846122740775 -0.95832958332202600182 0.24217847733170741464
-3.0128836190696177688 -5.9332947135455151866 1.0298166970246300789 0.14421155562928605898 -0.0021162674729443917837 -0.98954461679854321954 0.94481352981035282568 -0.29697276174884945643 0.13832777257935527371 -0.29416053628997257396 -0.95488360557268781026 -0.040827425810260366268
0.13304512935604048685 -7.0741171826068702799 -8.7922427639392477516 0.81740423012294738392 0.00037377926562857954375 0.57606439298547640337 0.45875349076419380534 0.60440326217601902936 -0.65133856893535713173 -0.34841865519587017497 0.79667845267709247459 0.49387031066008613145
3.2572861211746770849 4.2274459955968044511 -6.7253252063091935042 -0.7043158255327572892 0.0048536321337988488217 0.70987017134070107272 -0.67094226280414226427 0.32210701407667668983 -0.6678948655783820687 -0.23189587725430027554 -0.94669082267534421238 -0.22360856060254022393
-7.8014506527386453527 -8.2558872163431225033 -8.818860510947461151 -0.61750410416127454738 0.0059248992765047617595 0.78654534320178470796 0.30677861440804676807 0.922593608378098895 0.23389723282110130853 -0.72427588879213866679 0.38572779177558902397 -0.57152297203707358442
-4.2662042898812320146 5.4040189223323311651 2.1190169801248268655 0.49785825201813038721 0.0065302041472800704744 -0.86723383082718430437 0.78811771089963944537 -0.42074419742674318279 0.44927140360577244582 -0.36194976814955592825 -0.90715581724720928403 -0.21461754022181023238
-6.4183813007635404091 3.150506394954269318 6.4299761643179484949 0.6087531072858328729 -0.0081759304992018479175 0.79331759625651421253 -0.48272400268763293596 0.78972880540643053404 0.37855772497801848386 -0.62960081924899569117 -0.61340163683510628978 0.47680314630808029452
-0.46165685863769045927 7.3808550762044982108 -3.7549518163857369402 0.57814192026096888899 0.01117367104463622661 -0.81585971166157333911 -0.49797283914343631883 -0.7872575606597711495 -0.36365998495765111675 -0.64635514348738987156 0.61652305898433701348 -0.44958241316595715098
6.6515554433727466233 8.6702157476954084814 4.6900524643070555797 -0.15462634042502110265 0.010019534629758599514 -0.98792221544644398534 0.77216692784437335195 -0.6225638513964465437 -0.12717109136091686583 -0.61631885448215384393 -0.78250486251521278458 0.088528016748747967446
-4.1021484065705591249 7.1237711668496119799 -5.5714664790292758312 0.91389258170049780805 -0.0057420211366106385306 -0.40591548172745350875 0.26337622345330463647 -0.75251338290950264831 0.60361956020452267602 -0.30892282860326381044 -0.65855192485885349907 -0.68620408642940644572
1.3442799156783555858 4.1484726992937952517 8.404300349037034934 -0.88953142398904605503 -0.0049357275150502212188 0.45684733153437556696 0.19000443500303235145 0.90537021758828295503 0.37974081132113712833 -0.41549026512689668511 0.42459440375206913831 -0.80441744877084053744
-1.3952367312947522304 -1.2313678287809295409 5.7174992869137186702 -0.56045122342925068892 -0.0028585840615117149438 0.8281825008136178834 -0.72772530231591647798 0.47907801170242420019 -0.49081579342178466296 -0.39536098761252891354 -0.87776767267884514556 -0.27058012172706263909
-0.14395789632238556455 -8.2225424416318269039 -5.6664855951811556878 -0.80969827493550661224 0.0054663668760017505854 0.58682094577458110418 0.34470416569519168881 -0.80484312500050048111 0.48312170546537031024 0.47493972430083758463 0.59346243602502279924 0.64979581047301948615
7.4664825726745585044 4.2109863129464546461 -7.8727792210124460937 0.30471485969413752981 0.0027473589513393268519 0.95243966018871228929 -0.41700600788790698203 -0.8986704244879084591 0.13600535848593903188 0.85630300925973212856 -0.43861591417803513782 -0.27269256712044737112
-8.0933107727010025201 -5.0884234667613341685 -2.9568524719844626603 -0.87595279813664783664 -0.0010331706818496834074 0.48239571722300111922 -0.42566565210105461459 -0.46884854757455912688 -0.77394430811168568596 0.22697014794495382062 -0.88327796983469719638 0.41024941187834884637
-7.9119792940673763226 0.72129990203756522149 9.1770228623970737658 0.45942654140298572196 0.0019927461688480840526 0.88821353402065494897 0.79804357896046251852 -0.43994065830795681116 -0.41179929971736078942 0.38994063539815421171 0.89802463559220735423 -0.20371071335346077613
-3.3103855606724659211 1.6705926549963097116 7.027971857409844425 0.60752638102787814844 -0.010317108003173952602 -0.79423249344116897408 0.72862419704640890572 -0.39088610103353244041 0.56241873679427956123 -0.3162569775258501914 -0.92038123258843884678 -0.22995632382021399809
-6.6764743480206503179 -7.2170927784517955317 4.6699118894657178913 0.93352170931808087229 0.0048877384770779630507 0.35848755661060244249 0.16580419397103088319 -0.89243963264173564731 -0.41959560454292982312 0.31787762974708205777 0.45114034634761568388 -0.83392217886543751337
7.8228348758252899131 -5.3279648261666476827 -4.9392443096009630565 0.63870063096574825057 -0.0021817774868175517436 -0.7694522362375812996 -0.58881100968629285219 -0.64513914888563272942 -0.48692614783659893263 -0.49534139628741247208 0.76406198598146546352 -0.41333543605885886274
-8.157881262826787605 -0.34072642336544134434 5.2831123118643361636 0.71898869279752164463 -0.0017181070770113174295 -0.69501964557642981202 0.56311916597950428809 -0.58468677725460427297 0.58398474073374440074 -0.4073721450169914271 -0.81125730851036237379 -0.41941568265014989025
-4.2572955441726643144 -8.4244681993919385832 -4.3890229698581197937 -0.97837432074376395885 0.010908713885138508065 -0.20655432329121595214 -0.17850041809377953372 0.4600083415631490702 0.8697872880380735916 0.10450497236609622431 0.887847580192537289 -0.4481131387238793673
1.18765959581648195 3.1471103702160547755 -0.63734825567026254234 -0.050286072389640903979 -0.0059956340573244877243 -0.9987168584216543632 0.593522659065555791 0.80406838917316603155 -0.034711362810108295496 0.80324477222040824298 -0.59450658356691576945 -0.036874896555835499912
-3.4552329769593801423 6.3073777941302671124 -3.2779162628412898961 0.37818877172010384458 0.0014294078784389211562 -0.92572739493762856711 -0.58859134522823586266 -0.77146992225561872303 -0.24164930659393518697 -0.71451625682522978966 0.63626418714877464033 -0.29091992521092052693
