1125 17.292696884352682929 17.968806560800352656 18.477561601407678893
-1.0584589462896272227 8.7692109581527990514 2.1503908741640378466 -0.92898207535263355172 -0.0056043110517024546588 0.37008228189294911648 -0.10187767187227489418 0.96513361277967812946 -0.24111833081857306227 -0.35582754762291352035 -0.26169772864976797999 -0.89716278075527644553
1.9471562027231397174 3.0020584696443273209 -5.1290422902819416962 -0.97602329467278359232 -0.004632733147965568607 -0.21761678712739160324 0.061354586708407765627 0.95337837203607422865 -0.29547469337216025753 0.20883999364572894408 -0.30174197175252637226 -0.93023526031691428084
3.413129704371858697 8.9213998496216007084 9.1509869381856603354 0.081473186211464598827 -0.0012414858342561958804 -0.99667476071257254944 -0.11456683122673920472 -0.99338229233201258417 -0.0081278818824195315368 -0.99006896785613773826 0.11484807353274555097 -0.081076253580357360295
2.6578411621506412565 3.0342830724867626557 6.2430560645152830546 0.70255575535783176822 -0.0018085562692565816667 -0.71162640460998116687 0.68270043876659403104 -0.28050785828946328548 0.67471138447934220217 -0.20083705216381292358 -0.95985002503629390791 -0.19583770810587344813
-4.7390217250073236599 -5.8023913750113553789 -2.2337191895618815352 -0.99795381589393761246 0.014685689314861359242 0.062229509657008401369 0.0075798554164202176786 -0.93922936454002026174 0.34320656546477301685 0.063488007801854137724 0.34297599233122022522 0.93719621294035615477
-1.1640550153403634859 -8.9572680611387660576 3.4713411811086860581 0.99955308196600101134 0.0031929494339749632179 -0.029722742235890109441 -0.00033436230116402551604 0.9954113982417976958 0.095687180187422962718 0.02989188073633106818 -0.095634477696360770116 0.9949675985385161292
7.758656932402241857 3.0054553259352596584 4.556691846310592986 0.064922144398140257948 0.0049598744233687354355 0.99787800597685294424 -0.95903668729054647457 0.27663183930797230481 0.061020143490666194086 -0.27574217594954852917 -0.96096317573938627721 0.022716233753041707721
-5.3943815439823801228 -1.3297292678325416393 -1.4285522697493637789 0.97509765801379322259 0.009187762604740919159 -0.22158551927983791141 0.14477196802889424898 -0.78326317066285755519 0.60459894372738209878 -0.16800486483817850258 -0.62162238577902562131 -0.76508821379572966581
-2.0342268798120488604 -0.18926814631449898063 6.0551474595486585173 0.046789815585347907523 -0.0032222625855186128041 0.9988995596060822324 -0.54960891290019864286 0.83493792305719904956 0.028437782994543178705 -0.83411075764457387471 -0.55033469967354620156 0.037295607208381015285
-0.4593187089736956441 -3.4718685944231557627 3.4618971187750524621 0.99230408365114108893 0.0022332333030069635368 0.12380475854481821918 -0.046452964214559300249 0.93352709507600151184 0.35548457754855733448 -0.11478121660359305589 -0.3584998959945879804 0.92644648894964731767
-2.1503878980933195386 3.0763718319585571237 -0.030550060244391823161 -0.32732472291004083287 -0.0093141954773268073597 -0.94486600718549629274 0.84894727490940102843 0.43617481631282184473 -0.29839580097297530026 0.41490607394421641363 -0.89981374482569731477 -0.13486354002155703791
5.3747657600537461775 8.9340512368498981033 -9.1772067444259288749 -0.69777706699619657105 -0.012568836523378106376 0.7162047117425418552 -0.71493081005790382054 0.074347199991113624429 -0.69523120663817428166 -0.044509567556194652715 -0.99715320698577447622 -0.060863619626333964607
1.4690133689035977937 1.9833827541244495318 8.9663393539635656282 -0.20385773373310381307 -0.0025771860940029187037 0.97899713100148766376 -0.66385094270461841859 -0.73461198512653791415 -0.14016831731536832928 0.71954426567634377498 -0.6784825638294178507 0.14804546704306559279
5.1930083991530722187 5.3004103315706565525 -6.5849768364557563771 0.66962908567413215177 0.0064698057041365410885 -0.74266750920813329184 -0.18295129941333840295 0.97058513164588444688 -0.15650343213726314318 0.71980949539588856556 0.24067123600872558642 0.65111569363368504426
3.1847284723792554928 2.9590874158236522007 2.3549361043095764501 0.80641767238794093142 -0.006280897038584250941 0.59131302031381782758 -0.44779134256154423666 0.6466135189134502026 0.6175547511642984766 -0.38622979065206103355 -0.76279191624625120038 0.51862803753939501483
3.2670168211759333943 5.324756244716630782 -4.3511621844642185408 0.97636498918466063657 0.0023586573535118353709 0.21611535028730330388 -0.061131561478593540726 0.96212128941466934506 0.26567942458190790811 -0.20730253275238280652 -0.27261155733093350717 0.93952573074070044878
-5.2801134616446523395 3.0801162293916193313 -7.9959055771713583027 -0.5119322871300266975 0.0019870179220742175373 0.85902350675256800017 0.68601405665729220384 -0.60092097675821731784 0.41021786133732579538 0.51702035497853937596 0.79930596860730063202 0.30626772779083394349
-7.2200562695560650539 8.8376731744306340488 -6.2239685401362638828 -0.83326555462148488296 0.0027643353220918724135 0.55286605424072532422 0.41201285535682624639 0.66991340159197676485 0.61762564825973742533 -0.3686650546256334815 0.74243409998315079701 -0.55935470381504925896
-4.3101107120356418889 -0.075003511431085703731 -7.4363719430042323211 0.072200764213810747494 0.0050986318482028796309 -0.99737708696362126215 -0.057582376601864229682 0.99834032044918408211 0.00093513092437183900109 0.99572652849646736684 0.057363825868257965757 0.072374525421236665657
0.53498449290662841715 -6.8740885443182255798 2.0860548505761422611 -0.74657377064061425376 0.0045205228461069144746 -0.66528728370877709963 0.21464681171995986242 0.94813981783006540116 -0.23443044184552813691 0.62972561581207342485 -0.31782141324753360179 -0.70882663470814077922
7.0660112532739614011 -5.6953912568916855719 4.0758642565823430814 -0.99740519568768704062 -0.0017308172148905662246 -0.071971382415513152075 0.040698324889886616784 0.81108021603368374297 -0.58351737721322971542 0.059384526319458195986 -0.58493237851095691848 -0.80890518023026714012
-8.5781792540426895499 3.1264476307185065096 -2.2585239830694163743 0.85831136863644730273 0.0045140545714522240656 -0.51310936239820392757 0.51178994668237509647 0.064668774423782285354 0.85667321662904738488 0.037049223261345368141 -0.99789657426309952282 0.053195696535240893921
-0.35625701784480157119 -5.5776836816851895762 -3.0645623793565976989 0.29914020673913999104 0.0085613361358565995274 0.95417076052241145412 0.58198502573378696479 0.79079914858816646728 -0.18955246348691734415 -0.75618024738407429997 0.61201585773233435628 0.23157725136661316823
8.1155421684293411744 -8.9833313312735150191 6.535766400728878267 -0.52189703295906142433 0.0068149557632998999934 -0.85298126788731098991 0.5880105826544327341 0.72729166126473621112 -0.35396383168537376429 0.61795391549458544844 -0.68629468585504482814 -0.38357862621901800404
-2.8446268403529906266 2.0237419150208251217 -3.1488974100482116647 0.32597671004125738925 -0.003237511604748089921 -0.94537225632516641571 0.5389397492090071129 -0.82094887488029255618 0.18864488213366226166 -0.77671303016839232658 -0.57099252477719397714 -0.26586538965318334826
7.7788761589346204772 -6.8595586578630047825 -8.6591006563519350436 -0.99974186064009851194 -0.0045728514407492037996 0.022255361456159823003 -0.022665094450814261134 0.26896968537015752965 -0.96288192518387361041 -0.0015829015699621957688 -0.96313778732942256777 -0.26900389781763245356
0.1843132422123260894 -1.4793986786781401221 -1.5001404621389033966 -0.56800891050877644339 0.0068562238131968968047 -0.82299384552836774009 0.38262872320943719373 -0.8831290406658950376 -0.27143757607909563268 -0.72867080204830170231 -0.46908004618337717506 0.49900177606364592986
7.6428402427976793732 8.8141946160396127397 -8.6322644173290985492 0.56748488953308873217 -0.00053581898333645260057 0.82338363661780777925 -0.81377014286643378771 0.15200061289900804185 0.56095808065964736233 -0.12545538940530154282 -0.98838025404010276809 0.08582201752929996541
-8.0534966554624389801 -4.6277224176177975679 -0.15089306882856157177 0.98421288685986607625 0.0078189787151912160112 -0.17681588421359484276 0.17665950695501919654 0.017502111545196270825 0.98411640302029845806 0.010789436536969211622 -0.99981625295005649434 0.015844506805263593174
0.67410849581290099852 -1.5378657273638693948 8.4340426962479764228 0.10146903163386414293 -0.0046702591100877960395 0.99482773599220442051 0.25005970375693431507 0.96800350467080076289 -0.02096090413459765836 -0.96289884213052523432 0.25089321159614696999 0.099390221846645671055
8.3351280998762113938 -2.4459445690429002518 4.8162464587365088065 0.53214284359509878009 -0.0021737637488067050075 -0.84665179900679776726 -0.58631406824574594516 0.72046281433043157794 -0.37036353295682272746 0.6107862206922272108 0.69349016425496667893 0.38211462245533234228
1.4049582025582878497 8.9140092735478830832 1.026364976212853275 0.66481136543219576662 0.0047607483649314474503 -0.74699610686202666532 0.15261933879424172122 0.97802144385420763939 0.14206122900779311058 0.73125452875049878898 -0.20844997154275174411 0.64947318924318042654
-5.0620155705374259014 6.5080811993401290749 6.8036280148586127936 -0.75250261806727813951 0.002989533435898176876 0.65858247204984321499 -0.61853137552454673376 0.34022398897023808928 -0.70828424719210314464 -0.22618299514603856792 -0.94033967268141993578 -0.25417032220101848372
-5.6818668858813889955 -2.4827895070474004235 -3.78631795275776728 0.99846898397815053716 0.0073179075620664335577 -0.054828243292680989285 -0.036477686743292360438 0.83224239207865302603 -0.55321061016317385484 0.041582044243715608756 0.55436364333890197909 0.83123515598192743159
-0.30359347659358348892 -6.7865363337232817997 -3.4956426570368384077 0.41370289373261531773 0.0051625696238514120345 0.91039731084372610415 0.89103165428634478751 -0.20752823902371891895 -0.40372592320391004206 0.18684888754370324038 0.97821540464371026236 -0.090455045967593003531
-1.5005653048115967785 -2.6384160113576480278 0.063970228218742014592 -0.96324660487192148572 0.00049204921205895594399 -0.26861819761594923905 -0.26797022463662306668 -0.071200776709068422377 0.96079259369759673071 -0.018653067069863794175 0.99746188262174262373 0.068715760967046859986
-2.8270244115518829986 8.8788057979715553358 0.80444173707687682828 -0.24557351153720000103 0.0055572820893373172518 0.96936204126612657284 0.85750327827529215785 -0.46511411812926761744 0.21990221659636624563 0.45208602962119315283 0.88523328774552667575 0.10945431964470349329
5.7317352997046455698 -2.6772722937512352104 4.0200900237222061406 0.30583521430365051552 -0.012287374329716209409 -0.95200516916865074446 0.92843441788339586829 0.22533340626260656148 0.29535468120827312877 0.21088943402027188201 -0.97420422728195876783 0.080322911827168275156
1.1538600714067592801 -2.4290211884864829628 1.6876377375826403515 0.99996308805648326246 -0.0056546268909685578827 0.0064689813281892539348 0.0074261048656506511989 0.9474899685911463143 -0.31969925302566970515 -0.0043215149223256432015 0.31973549163869369183 0.94749698674737992121
-0.50273465041082976423 -6.7552006721135544609 6.967143674775244655 -0.987300332902896427 0.012413429502167510829 0.15837916345860061917 0.018947372292541442979 0.99902752854186249731 0.039811986868535535755 -0.1577309409503442339 0.042307256862340963943 -0.98657541337884813171
-4.6116478495779018587 -5.9800155847989255875 3.4767376952524635669 -0.79544156094760509745 0.0033325969594320322548 -0.60602113569963023121 -0.58798728733877103636 -0.24643549180908944085 0.77041579572680585208 -0.14677763128464274556 0.96915346678118474699 0.19798455692347646795
6.1911062964004353049 3.0659849511275258926 -7.7522393151299597847 0.93635679507132651977 -0.00065692158468346958933 0.35104917145292446889 -0.23044745759598775359 0.75321592684905336323 0.61608419621714105574 -0.26482054605197596908 -0.65777301251637054769 0.70512746535191894726
-2.2326970433672630456 3.2776485841893872042 -7.1314546063809443055 -0.74176558010113813335 0.0031533679685987799773 -0.6706518325090801147 -0.29695774019205667393 -0.89816229222824972567 0.32422306728445393631 -0.60133179253824031729 0.4396527642240092848 0.66716229074572319657
-5.4629651452361374098 3.2588209644342667204 0.23182736218059557531 -0.97964184997374237351 0.0081173721762879628289 0.2005890177669849006 0.2006322232755698709 0.074269777264522815474 0.97684733258001743561 -0.0069682683132509309551 0.99720514862994114047 -0.074386388423427013405
-1.6716620537557373982 1.7476220511628464127 6.5860728376738615353 -0.70282640981865340812 0.0063512693160296292139 0.71133304368582317423 -0.65626941945457606398 -0.39164132029858966799 -0.64492443380861608215 0.27449132363347661379 -0.92009604803673139539 0.27942400690893798298
6.5648667370192450576 8.6376542304775689729 0.12429034150246262569 0.31207693653087026364 0.0038681701712990957699 -0.95004895818317325329 0.10778823519919257523 -0.99367911466052716296 0.031361017837054611102 -0.94392249789792292969 -0.11219115092846716764 -0.3105212772343683425
-3.2110712567130641482 -7.0612792953245087091 4.7232379293400796882 0.99977135197485611506 -0.0084737242324187979359 -0.019632620006311451294 0.014779992170554961256 0.9373469814916295384 0.34808359358092366698 0.015453012719848694886 -0.34829417492458564221 0.93725790053294977255
5.075369384545949103 5.3186996432201381069 8.80019201292562947 0.36679665816348877572 -0.0058682014448895192943 0.93028263219956208729 -0.52258000161262896377 0.82600306370883325169 0.21125596005356175877 -0.7696559968420644271 -0.56363507959962033667 0.29990855868068633239
-0.26663852265060300484 -3.6775104524435797693 -1.9137958655042865974 0.48307366199795853667 0.0070331042553633442774 0.87555146766385283374 -0.71043730346050837365 -0.58133677979909847977 0.39664390365224305723 0.511779908686778362 -0.81363264677449964601 -0.27583190744955332629
0.44037091267514627546 -5.8139482770125239242 -7.9808998746886228304 0.72877121506113939908 0.0058360747837066465765 -0.68473239760448201263 0.16294748195617675401 -0.97271677370447784394 0.1651369016237176357 -0.66508693734148405241 -0.23192244045142856868 -0.7098389587736416706
0.72506078051025357745 8.7437050764162318472 -7.3092545460689519743 0.15862209522049577903 0.008175730680554394933 -0.98730551924714815559 -0.8666117547249438946 -0.47799669977963843426 -0.14318946040998681291 -0.47309945833885247435 0.87832358070799076977 -0.068735653716345629372
-2.0335337784256140026 1.0438133612229667513 -3.0501321960900007468 -0.29155588233779833329 -0.0016529776134574483866 0.95655236926129971753 -0.63871696804878785869 0.744741388251693337 -0.19339312126075111631 -0.71206446491911734586 -0.66735113118196542903 -0.21818951741477368711
-0.62343912446749749634 -4.7670209913554284498 -6.8803024111105939298 -0.44156804200163995988 0.0047202880319334450387 0.89721534938043223661 0.56018253271986107045 -0.77968494974905144801 0.27979797921099763824 0.70086603164837624202 0.62615421264732040729 0.3416397337338958895
0.67451537116430937413 -1.2897510024442275789 4.543715929759912342 -0.75778950251284171724 0.0022535870703090073522 0.65249520398757521189 -0.60831960993203615384 0.35926466602180717747 -0.70772604298586405669 -0.2360133938012807242 -0.93323299400172687879 -0.27087609132746082174
-7.9796851662118370996 8.7745643644615451961 -7.34584464554485006 -0.82032860993055967125 -0.010740819260401133356 0.57179157612798503507 0.57071041753457696366 0.04887477758585758586 0.81969559925195867311 -0.036750388388644118776 0.99874716065580304569 -0.033963480912910015697
-3.4045700042775783878 -1.4748303769862707302 6.2147407804040462054 0.88689760732524869358 0.011708611794012807605 -0.46181765073544828182 0.46188927126719853122 -0.040700420277031461314 0.88600326008260532618 -0.00842230425563856612 -0.99910278960608345233 -0.041505187529905625266
0.29018562240452194789 -6.0558310169070210804 7.70660453113974242 0.96498699263736942289 0.0021404118808866596721 -0.26228900601777666024 -0.23020288489900031514 -0.47239415045871374632 -0.85079398117097271292 -0.12572484171785486273 0.88138481110662292295 -0.45536148160066908241
-4.0836211583892572108 8.7543523095103825682 2.9899722058546833736 -0.46955107589122552225 0.0035233944109102780309 -0.88289827999675496439 0.84044292925702157593 -0.3046038361497590552 -0.44818766790789221766 -0.27051334494101714201 -0.95247261834389163049 0.14006584706495300852
0.68315156330037418719 -3.5554056597531218387 6.828690451639696235 -0.88971688758101696859 -0.0078993898747713835184 -0.45644436637176671878 0.45265136876108247321 0.11450427545478587821 -0.884305099646733761 0.059250302207240312935 -0.99339134813118667999 -0.098300717933238399016
-3.0455038871283943713 -1.2574106514868068629 4.6113163577276523597 0.84619864144992507082 -0.0028084919748381812973 -0.53286018014208946791 -0.33539283307957634683 -0.77986872805098828021 -0.52850393993533517634 -0.41407669184246087557 0.6259368014274597769 -0.6608658062661235677
3.2868699776021843562 7.8722820965289264095 6.2770383172820318762 0.99824602570396159251 0.00061542999600572518074 0.059198761916690732787 0.023868998192955896698 -0.91925547877406132979 -0.39293719048851816211 0.054176960894987892525 0.39366100389777425317 -0.91765781799030110566
6.6753134945046248561 -6.7662096222811189961 3.2107438305771718312 0.93179958400358753323 -0.010736056772273575716 0.36281437724494491892 -0.35990126749710144027 0.10244165292701670755 0.92734933299139288287 -0.047123379597331468971 -0.99468107694403518071 0.091591169141921113805
2.9456240711400680787 7.6319055914915949757 -2.7212995062600473517 0.37347662406260057066 0.0058904802450455776008 -0.92762088889849714235 -0.81202135318451329482 -0.48138057044859433597 -0.32999101255489693418 -0.44848247819860970198 0.87649189878583622093 -0.17500119460108556901
2.6900939071513665368 -6.8873432776085792284 6.3177585526382040726 0.84348045974550689419 -0.012381410100972285032 -0.53701714563982738682 -0.35018753055948070863 0.74540791783852278218 -0.56721753275461084254 0.40731978526444273525 0.66649361340341450877 0.62440119780839498098
-0.88696201056307910626 5.3009380833473480621 4.3344439696093672865 -0.72015607186892016678 -0.0028614206863414766435 -0.69380620091063727184 0.68429069589038271637 0.16217019739800614397 -0.7109480083617759627 0.11454900989574601233 -0.98675865303899501502 -0.11482980877972852329
6.5410968462292222725 3.1026011915018631981 2.9451774693768739688 -0.16890164873193685979 0.011100137039619199786 0.98557040337730250634 -0.90563220411818501354 0.39287339906959667379 -0.1596270752958213468 -0.3889762768083019906 -0.91952557292383452214 -0.056304323272630893427
-6.194077793429116241 -5.8607624929166108885 -5.6150989902710275459 0.83489975660040638417 -0.003411686976909661384 -0.55039145780124498764 -0.29258015068611037401 0.84424375234623627584 -0.44905382978963376273 0.4661965806966409942 0.53594854885153608848 0.70386071145564454987
-0.20878352733286584253 0.80697479804416238913 7.0915628962149765968 0.94087078649194044733 -0.00068575157626089107074 0.33876495224698499609 0.28407203327546048932 0.54642015486050132811 -0.78786299206983345655 -0.18456771937937843653 0.8375109217838146991 0.51430556370324964632
-2.9173489322835028936 -4.216209871207962756 -4.4794828453723285477 -0.9505896832832647636 -0.0038180528049164249096 0.31042660405952865466 0.18045334824362763149 -0.82044916931286693274 0.54249400888952603594 0.25261797866107271737 0.57170672817992229664 0.78059949641976766888
1.9971520485941496315 4.1339689942695239111 -0.26173953827779478098 0.99244939270328136338 0.00015279847145550370198 0.12265471688958641538 -0.034717629825462240079 0.95945391637937271767 0.27971926734368252054 -0.11763880780569409279 -0.28186549805997329621 0.95221476143842576079
7.083713304937858446 -4.4082762131717823095 2.851763924952612772 -0.14337998016273767465 0.00034051195007123435119 0.98966765398312572799 0.98916511649814664597 0.031915095634987455941 0.14329619316019223674 -0.031536543757685650546 0.99949052557910000871 -0.0049128083218457543196
-2.8345329602147817383 -4.4546597289783962381 -7.2552068189986096414 -0.97446908885528926714 0.0084821560110823444878 0.22436142247463333743 0.039715008163911776073 0.99004048939332811585 0.135064975060175535 -0.22098125031768145465 0.14052715890845107749 -0.96510072252427148154
5.1054107420764749392 -6.1411393241399965248 1.3981667199788594402 -0.91153411519976967892 -0.0011587013177356381925 0.41122282796295350771 -0.36768499614439126288 -0.44552442812815762352 -0.81628164719738949273 0.18415564188166738679 -0.89526903294610427064 0.40568467830422261233
-1.5594462335180347967 6.4299325510660940708 7.8809850273747619198 -0.48556028733870959524 -0.011339212909041131855 -0.87412964119205016633 0.82725659146880081707 -0.32922886191109851373 -0.45525255447540585729 -0.28262650128996769094 -0.94418206863693565634 0.16924089941087575029
6.6318387321195908513 -8.9772580169795688221 6.6942760648617403163 -0.44888675780621051237 0.00872047346089172698 -0.89354609954328001464 -0.68173481984061123917 -0.64980662128303623426 0.33613835001894698529 -0.57770088634439686892 0.76004954330562601861 0.29763463783259497264
-1.1316288894417745325 -8.1048809120881273316 -0.59541766924243133552 0.98903036262736654383 -0.0039674531757972059109 0.14765907055236193735 -0.10882039519648636916 -0.69554093288059615219 0.71019781207553545066 0.099885251115337775341 -0.71847551802618192518 -0.68834284089153552344
-3.3403498151737740507 6.702107388211907768 -4.2982993571739696037 -0.4251188767559151982 -0.0080216333756632750285 -0.90510197990247609479 -0.41375044856143144978 0.89109571334436676882 0.18643764634447729245 0.80503695998450697235 0.45374451297758777724 -0.38214056314648248147
3.4581790253903355037 -2.6489664775770460636 9.1540304221750652403 -0.99292440053447350579 -0.0020178476370136633027 -0.11873105370557618388 0.11480098961598726726 -0.27196084007983400976 -0.95543604403757464993 -0.030362272745633557547 -0.96230620373878372753 0.27026820501070103475
2.9277834656580439265 7.6764480292217083246 0.73857481876481845262 -0.99840950034704956106 0.012344175545566177937 0.055009916807207084877 -0.033203889348687842809 0.6598095717438687835 -0.7506988948753930968 -0.045562828590367324133 -0.75133145173422222207 -0.65835027021017222815
-7.6451860140436238567 5.5034299640338524284 -3.3064484900840196424 0.85540331794899748807 0.0067985935921661315787 -0.51791789191615411614 0.41332994923764648787 -0.61157573580577573313 0.67463580725948602002 -0.31215944115942151349 -0.791156683911961367 -0.52595397592986847801
4.8897295469242108013 -2.4650553426056180939 -8.011374861312702933 -0.99753309498324971294 0.0090272775452075060959 -0.069614888302485120053 0.061168794749661366261 0.59831907128434858034 -0.79891968775759059085 0.034439845558882763166 -0.80120708758579739506 -0.5973952626530284471
-6.0571287271477984859 1.8075683433780691534 -9.0736937479307204768 0.56953877259363194785 0.0059157647682782079843 0.82194317944722627978 -0.26789838164885565464 -0.94403533119189175782 0.19242596127231267888 0.77708174835239229861 -0.32979129337936635702 -0.53607990000440008949
6.2781824087615261121 -0.32323873978782058369 8.2874326883767075458 0.029688025584543850655 -0.00051437541267386650834 0.99955908107265989404 -0.34772109790267213825 0.93753569447536722059 0.010810164566846644854 -0.93712787772551653376 -0.34788871353150452315 0.027654724500892537836
-4.616839515876880462 -8.0112346693004923281 -6.472934046403305608 0.9735554631130032277 0.0028618220567052064796 -0.22843285713165184525 0.20986401025570794454 -0.40626835168415725841 0.88932734334371199569 -0.09025994373047156738 -0.91374932907994399489 -0.39612536672555637152
-1.4435925099168587238 -2.3423889905518109344 -5.6962074535028239808 0.51599682900189491885 -0.0012235225199886748393 -0.856589619043215178 0.26423382306588305557 -0.95100523569649642042 0.16052890215154835829 -0.8148176232803163721 -0.30917235431147876978 -0.49039238995054584835
1.6679261523695461111 3.0743859809149887141 -9.1966270818107691554 -0.97275592245509967526 0.0030790339131590363508 0.23181120524823628504 -0.20301987973616150707 0.47146077333631025708 -0.85820024914743398003 -0.11193231776586881621 -0.88188165802159312889 -0.45799115437335402579
-1.6849888888126174358 -4.7195659175506117222 -1.3190570642409205071 -0.98661063416119743064 -0.0079820918529783860262 0.16289795201186130225 -0.16164130061365183932 -0.085129127444769359112 -0.98317095237636176197 0.021715121366259873548 -0.99633795364332045086 0.082699066705255480647
-4.7249260486194053499 5.6559665987901475148 2.9385174313225239651 0.74744939870040694174 -0.009214447477937440234 -0.66425483840181320794 0.40468501979133564284 0.79927670667132044713 0.44428232119818111823 0.52682960351423036016 -0.60089253625788929813 0.6011478426567418154
-1.5521934778464245852 -5.7364593229358877835 -7.0205788200263912202 0.28771221775913208285 0.0042697590930288959257 -0.95770739211375466304 0.94927818256081464288 -0.1337274451316228796 0.28458373553803784084 -0.12685665873834955919 -0.99100895030046587397 -0.042528208965718176937
1.0981729475180597166 7.8347644851367279628 8.1423475404684726442 0.25722888284709949369 -0.0069205474257646639596 -0.96632572554647633289 0.21510606604145199316 -0.97447564590039348342 0.06423858575123364556 -0.94210545173104998096 -0.22438654498537841109 -0.24917463002493669966
3.5425186545581897057 1.9114353966512824812 -3.3305290032875376482 0.99600357429303909562 0.0034446561774032664893 -0.08924692901877810669 -0.088170782540480274747 -0.12140343114057353113 -0.98867948295367535927 -0.014240544290017800519 0.99259727042304501943 -0.12061453331667318367
-4.9372562234135486392 -6.8612072432108641706 2.3631483735101763699 -0.99850138052884229722 0.0016892288910258287243 0.054700453269897877928 -0.015753149263891427084 -0.96609027659022295165 -0.25772352582959084932 0.052410222003298839732 -0.25819900074071788776 0.96466908556567287913
-0.2578332453960052173 -1.3067073020951580631 -8.3011448638474742978 0.097105988861980116478 -0.00060566494616531851847 0.99527386185751587355 -0.1625419728609935055 0.98656434387664393437 0.016459114495193626071 -0.98191167320987138289 -0.16337205563219814319 0.095702860212892398861
3.5913399111177430889 4.146790202387125035 4.9806447347496236588 0.53630511036691419502 -0.0044687868624079018012 0.84401235686365239097 0.75978340995359205934 -0.43293202193820051749 -0.48507631805714279682 0.36756767887515007232 0.90141549483293192946 -0.22878834568620820544
2.9699272182441625034 2.1960292070472693382 -7.6296470209765452353 -0.99352475919395655257 -0.0065247430880771926237 0.11342830597305635087 -0.014669888526121610539 0.99735965804854131989 -0.071123180946433647853 -0.11266475597511167728 -0.072326621827104892182 -0.99099723134632400345
-4.1761702436550018902 6.6482838635289702722 8.730561268272602149 -0.56332782066182252034 1.5099115976623458946e-05 -0.82623348167509014228 -0.27766773300715130723 -0.94184243677054912958 0.18929726449438008529 -0.77817889750064672683 0.3360547932560230544 0.53057023984981288578
-2.6571539016658962673 -5.5712637639642244025 -7.569373395576645791 -0.39033561147894924037 0.0056971182294124162945 0.92065501315929509918 -0.91048194974434759619 0.14598293268990095162 -0.38692583598549196156 -0.13660428105015065547 -0.98927070420946217055 -0.051795213983607757413
4.3331869493950989636 6.3650296410025530847 -4.8247766987730553723 0.60863409156383330156 -0.005799777883016114105 0.79342983631996777394 0.7896764831178726407 0.10185008500048377267 -0.60501042321265863233 -0.077301970199596531375 0.99478285206454186707 0.06656938216148038101
-3.1770764265328077514 0.9844896424117435263 5.6531572809444741168 -0.98400311849547406062 -0.0026156635064567205877 -0.17813203276063166447 -0.17807053696426014544 0.044533331667890127537 0.98300949447899488298 0.0053615908343935380492 0.9990044748022089971 -0.044286709843300749168
-6.7444490091311157798 5.529002463543509549 4.9543036115880596526 -0.99992732675024864619 0.0040760541493652761857 -0.011345792191397034016 -0.011135814758433497385 -0.67284914687388475141 0.73969589642000355134 -0.0046189660686114155513 0.73976848495556757346 0.67284563892372162286
-7.7660402629718072731 4.1364003478780864143 -5.5571440627687751501 -0.11401959992720604731 -0.0029055656944798830335 -0.9934742515637892124 -0.96799080095788925249 0.22538358007273348593 0.11043573287130854788 0.2235919052507381044 0.97426577458167384904 -0.028510706493712734133
1.3107820859962460158 4.1177435593835030048 2.1941287927825077197 -0.99016627876619622839 0.0054792226415208292525 -0.13978812007371219095 0.089777893723455515218 -0.74143760779551248774 -0.66498887475280110682 -0.1072877914446129094 -0.67099944252277599066 0.73365460398003290443
-6.7021659164447742185 4.5229798194507511155 -0.15811192114585942425 0.88805654389785482206 -0.0046240005935234782669 -0.4597109890558216394 0.32547217440612735695 0.71254311636360623261 0.62157072888763265084 0.3246897573492084077 -0.70161308849054171421 0.6342835608237432643
7.780111357172895481 -1.4092227465298945432 1.3113064672967909008 -0.025660959631964488231 -0.0058681574322372240249 0.9996534799015067696 -0.9962105991269688543 0.083278142638083280103 -0.025083722731705757752 -0.083102089853676924802 -0.99650906452837328953 -0.0079829176877907748189
-2.8413925788847915754 -8.0348238494575188184 2.9079958971073307517 -0.99729034436287877785 -0.0048291609907054108136 -0.073407412738380833916 -0.073566005109670179474 0.063984205050073905685 0.9952356828392400212 -0.0001092383871436219565 0.99793922696121772908 -0.064166091970298780311
-3.7620579391917576828 8.939036684951844336 -7.8355241322092732403 0.68511436724374907836 -0.0049091281572754613335 0.72841897576664005332 0.6880695233192732907 -0.32389713466697667155 -0.6493465771326382141 0.23912054465360588207 0.94607956674645055095 -0.21852875899837304052
6.8963945772924963862 -2.590114176531565171 -1.2373049983916954986 -0.49334834000683031041 0.00050204641489358901862 0.86983168680023570385 0.71945200064646142035 -0.56179533612650256469 0.40838072808623221421 0.48887241093983219153 0.82727610158638642535 0.27679959820410271476
7.483422232264934415 4.2080360596773598303 6.340960650919032382 0.64913809493756868818 -0.0095820906953343956691 0.76061022688295132355 0.70126252053413229426 0.39493469873591768859 -0.59351281454462079257 -0.29470427719148878376 0.91865922260243926267 0.26308671903526786862
6.3702180006388475775 5.4934189383014668806 8.1444498215315306311 -0.26218988932516973378 -0.0072601830951427807209 -0.96498899044345876064 0.88323605727449616687 -0.4046688653444650563 -0.23693285240960121341 -0.38878082394288415724 -0.91443446958344332121 0.11251254051005289691
8.3718222171440626056 1.9965293018483933896 6.484875221487429009 -0.96767481968683577431 -0.006211063053633937743 -0.25212470335090564344 0.2521730066624185973 -0.038775222498008278527 -0.9669049885233059749 -0.003770683618897059837 -0.99922865492131118792 0.039088068883850579649
-5.6654739201344739286 7.4891366832594794545 1.8426719929556751865 -0.6540305209349549509 0.0043771328599436620105 0.75645549663779887428 -0.44652203214129382314 0.80495701873736302812 -0.39072019758127263245 -0.61062439559689185575 -0.59331697994685750341 -0.52451197203558752591
1.656574407169708385 -5.8152597770932601406 -6.7709752024136085069 0.7445658063026372453 -0.0045193167217372157834 -0.66753377132614688527 -0.5165487876275709489 -0.63731723334357648358 -0.5718427179595509946 -0.42284643794762599711 0.7705882946551425583 -0.47685906728853844072
2.1855376802587169749 -7.025216116523200327 0.75324352140915640241 0.3804601357989920718 0.0023891427715304327725 0.92479423498677915116 -0.26961043742432921899 0.95684363157369145547 0.10844573181275743434 -0.88462438192681347449 -0.29059345607442355064 0.36468499583468150238
3.8983921669458658776 -4.3549622733148094511 -8.5081299286190770204 0.15005883675840239744 0.003213186519858912682 -0.98867184694565612979 0.88262956530607039607 -0.45100919180097920336 0.13249814850853780523 -0.44547434938265345616 -0.89251352053791621621 -0.070513968110354569019
-8.0618281097011124103 -1.2843422479113879575 4.8970584356912558732 -0.26627172744317784137 0.0085189301710055197192 0.96386036073352565623 0.156853006989432886 0.98701541316289764794 0.034607923618715882852 -0.95105020969597753311 0.16039950750418413561 -0.26415051888947915781
5.2160531918153765218 3.0119042398700779373 -4.1014148876973113289 -0.0089364687826580576496 -0.011204340798214591779 -0.99989729586232201086 0.90977394997689109424 -0.41508944998690300299 -0.003479720225505873038 -0.41500783061165669174 -0.9097116088392498412 0.013902851296557510244
0.46197676717192120988 -7.0038021704417756652 -0.2340868760713322172 -0.31098892661682842053 -0.0063627089959043111808 -0.95039223663486638305 0.06468640991287163966 -0.99780048307347202208 -0.014486695645196478663 -0.94820965819494806848 -0.065982663725927370724 0.31071648201099577591
-3.2819281124394206195 3.1232651459649281023 6.3825847026469118006 0.78642618806028075085 -0.0018374999514362390721 0.61768153147640447731 0.38326931188227980618 -0.78275617972215671969 -0.49030337310295174502 0.4843949682876910745 0.62232578823375883648 -0.61487570125751500605
-6.3132111299984030595 -1.0643975405229488818 1.1561195464397100441 0.79559383536887184896 0.0083624731321595008326 0.60577266211533875584 0.45797286956868071828 -0.6628774089278797188 -0.59232963075639644135 0.39659967203988516493 0.7486812471112461731 -0.53121096596534578271
-7.8690426311541745719 -2.3733768406171660281 5.543985488674781692 -0.4030225706550847331 0.002562300418898413347 0.91518645212825122659 -0.35755899771102411799 0.92007628156108178796 -0.16003499387410913268 -0.84245140554113739917 -0.39173086516768140797 -0.36989533462395340901
-4.6650833857208926503 -6.4114471770272016826 -1.2329579103198744505 0.99937083580118624138 -0.0038912890680231106144 -0.035253232752776468562 0.011205298191079526154 0.97769454884817674767 0.20973271191034142946 0.033650762882687659805 -0.20999577858177098655 0.97712302149498131421
-6.5086119347107747046 -8.1815255370429476045 -7.3825399813710959052 0.85418878837101863688 0.0038545311643349336982 -0.51994870555691252711 0.44290386247669949471 0.51846090817556467201 0.73146049469337148796 0.27239251536009873034 -0.85509264368448234528 0.44115630823147350403
2.742307213658547127 5.4169745369874702234 -7.774247340657405303 0.4560274660999362184 -0.0012790004690020756462 -0.88996478262926381753 -0.8899555676768847734 -0.0054275489695831749537 -0.45601494413367066327 -0.0042470841114716981202 0.99998445281413861352 -0.003613364992302512714
6.0838543002462204257 -7.951510635194658505 -7.9900237538802763027 0.4517194003382956069 -0.0012438606141581250251 0.89215919889257255804 -0.88937338559454803821 -0.079604232350609233082 0.4501978978045075297 0.070459664728737603223 -0.99682577163837882139 -0.037065032627432881185
2.8937776037190778844 8.9630021722392658745 5.9870990909844197247 -0.23725107326358158 0.0060787223171577245071 0.97142934759571486492 0.92006984392087476365 0.32230466894018022783 0.222690778180610921 -0.31174253887236297311 0.94661647435181051069 -0.082059977717517121332
6.4651829135593565923 4.1169838105589651178 -8.4149597282413441945 0.93888494739731265248 0.017714075198916306303 0.34377502394807391006 -0.0262683666464273817 -0.99207612919167009746 0.12286141298935568389 0.34322737138000058987 -0.12438313964455305349 -0.93098002454833739261
-5.6914713493938755562 6.4246783788836632212 -3.7600987429082679547 0.81464610381424662489 0.014741687119035869549 -0.57977099634360895752 0.57030904767263712607 0.16123536533206653254 0.8054506484626282603 0.10535328985377113986 -0.98680587737770653067 0.12294244462299053211
-8.602777581737187873 8.9578997614738682387 9.1224680343273298888 -0.71989400147323989732 0.008197197209440213253 -0.69403561335193653115 0.34968107801858189232 -0.8594754486158751039 -0.37286069369459323708 -0.59956298277882247305 -0.51111129823589240839 0.61586481511494872709
-7.0512513030591685848 7.7535020522919122499 1.5004191267106379293 -0.68764367532948866835 0.0020885640555318874673 0.72604532481075056971 0.71943326370433213768 0.13664096839696987518 0.68098827070016376695 -0.097785248657791007387 0.99061843494643175845 -0.0954628801640323571
6.2480880179375075656 6.7448934683031405157 6.961873564950932014 0.33784359972147259832 0.0051503339185170818326 0.94118817257121079045 -0.39014469028538101281 0.91079409478643691411 0.13506012566205774506 -0.85653302491446503542 -0.41282876712063309999 0.30971533101913528707
-4.1129890329904501556 -1.2514117142476610667 8.3825528633340375961 -0.98403321319661596345 -0.00032659145542280991481 0.17798463041514867022 -0.17672727878635569043 -0.11687528151355003336 -0.97729608487074204337 0.021121180335463785038 -0.99314654603890273332 0.11495144119162514773
7.6120422360378334758 -8.205942421508201079 -6.9042142431962743032 -0.13304856396672334884 0.0045340846469161030091 -0.99109914827072609356 0.56485282004981662851 -0.82134491827321598478 -0.079585280727607510265 -0.81439509533656184725 -0.57041385616319961738 0.1067176713986146136
8.4137394658985016349 4.0894333143612096038 -7.5344145144630845223 -0.79318113839843584767 0.00048071847458652262886 0.60898559145414199456 -0.0044654874143872612391 -0.99997739522883855035 -0.0050267737459642660575 0.60896940901096952015 -0.0067065596165026084702 0.79316535536240329041
7.402174022630470418 -4.7871571730504181019 -6.9356941098274305091 -0.34722260695688911269 -0.0056188135676129829371 0.93776590370536072605 0.44800504952024611249 0.87749817211491454305 0.17113863835861242713 -0.82384946247634738281 0.47954706428959115172 -0.30216994607121017147
-4.0161646444827958646 2.2119460526419829627 -6.9935435685383975368 0.94493041211374884103 -0.0041810284074785064937 0.32724461074902394531 0.3236541682251286578 0.16019216364261446017 -0.93251619294153809125 -0.048523145543130870305 0.98707699279698268846 0.15272365447977478969
7.7229980306052041783 -0.37270905814969756964 8.6130964223577777261 0.36092901092262869023 0.0064822824936721836625 0.93257076358219070933 -0.86314250107895085229 -0.37634471244325673478 0.3366744425214908687 0.35315049469799930648 -0.92645703485344554906 -0.13023859130389003891
-2.710105260941293448 -6.0220425087728965963 2.9870513196750274609 0.99789506094566160499 -0.00066133062431572554006 0.06484604831641965772 0.028455592966509735131 0.90300591811858410551 -0.42868472222785958259 -0.058272863061326257705 0.42962759977051490079 0.90112396425023422175
8.0479691675120044181 -4.5521279569097252704 -4.6313974866011902165 -0.99975712291549490018 -0.0065016912076727457342 0.021057615990812194456 0.0013074336946620485761 0.93631213107284472219 0.35116646169959608859 -0.021999677200095067719 0.35110870284986295253 -0.93607622178219729303
-6.7641152500847612217 -1.4596708671419682535 6.3860834840612925589 0.14682700564937434251 0.00035279017885116560962 0.98916212318858631747 -0.8572408438464201863 0.49899104285526502123 0.12706720580621860828 -0.49353821134054109976 -0.86660707052819352381 0.073567786818777500257
-2.3453985489818029997 8.8281636020217693073 -6.112884151939659283 0.83886794186758917302 0.0041420785877284999749 -0.54431922553916156637 -0.45865075941898653111 0.54391978292690590369 -0.70270246237304179182 0.29315534617516186833 0.83912699451620120783 0.45817663633479038809
5.3725189125465107054 3.2665026384424868944 2.9041875267252761361 0.22923101559507080838 -0.0071826640223361989251 -0.97334554543930129622 0.95486622840598966988 -0.19240410281608710807 0.2262988004147492016 -0.18890110465211951141 -0.98128949375654073162 -0.03724650458836114425
