1125 17.292696884352682929 17.968806560800352656 18.477561601407678893
-4.1211124184191731956 6.3467985995615672223 -2.1691847820452725415 0.50965304491207907844 -0.0067252547195811645739 0.86035373234546008714 -0.73625559803672857573 0.51399276884200140181 0.44015807153537916951 -0.44517577221996756931 -0.8577681531318711583 0.25700647326761677514
6.9292452309981342751 0.75984031605805346654 5.9916192659961939881 -0.95592106764914697159 0.0072346517964493534461 -0.29353461846586687001 -0.19701243240353491504 0.72545690513686911238 0.659468255693445915 0.21771773906361724382 0.68822956824196168668 -0.69205422294387475279
5.2004519097662127436 7.148715047931162303 1.8786646894049772172 -0.86836316617450359789 -0.008831528639626041316 -0.495850194850579018 -0.48284963613141979044 0.24316616234598226187 0.84126478969327489477 0.11314433489681070821 0.96994444252865219536 -0.21542083903149986113
0.11565161471784293767 1.5589538133601934522 -7.6195470678122552144 -0.06719003083554182798 0.01033733498402834676 0.99768664382259597545 -0.064065479084413165523 0.99783810855399523998 -0.014653446945137590246 -0.99568123119107809771 -0.064901838364872455056 -0.066382506964451332143
2.1134347875242509573 7.4061451279621595134 5.1282001719796923567 0.67412394359179972358 -0.00069961103693109484049 -0.73861791152172318053 0.56732760682045102474 0.64082829131517193844 0.51718322438968344912 0.4729654270832599483 -0.76768392688324671447 0.43239460356159015175
-5.6347345254052569885 -8.4328645136283491013 -6.1617109269496879165 -0.60735908385020098699 0.0063917236338058057779 0.79440171773065260119 0.34089406431351648719 0.9053214970419998231 0.25334605564233714237 -0.7175696343771084118 0.42467885850693043448 -0.55203413568081294294
4.6354417758529624649 2.8304889030821609452 0.47849065113973487939 -0.92266261916665281984 0.0027424657823026960674 -0.38559845704296685787 0.369658043809812209 0.29091712906485750478 -0.88245121942411064442 0.10975710382104161833 -0.95674432472752168888 -0.26943213479990935078
8.1659849439186569242 -1.5676802653621701999 -1.9791544308094213278 0.70232663830503205826 -0.0023303292603438600927 -0.71185101158377428465 0.67537105880166226068 0.31821229075780177453 0.66529307146843130738 0.22496938916308412137 -0.94801661777426837752 0.22506280537533196462
-7.3816422592338293285 -1.4882522213120183974 1.9542172984905532562 0.57404906031260694022 0.00050017141648027625689 -0.81882075339029991579 -0.22578725226606530252 0.96132681633634708973 -0.15770500596605402377 0.78707546847071285789 0.27540969848795637809 0.55196168790105748503
1.8763014173754248848 -3.8735287077375173403 8.5036296221408065321 -0.020786358520076687884 0.0014272159642290472084 0.99978292161554582762 -0.21892926515172383972 -0.97573561919948559318 -0.0031588424598029234136 0.97551929973721618339 -0.21894740117250305333 0.020594449743803536906
-3.3337241954918956921 2.8726322187294512922 -5.6891781954468969573 -0.99373125564102726681 -0.00022307945737840104584 0.11179508843340910107 0.062422591476212166417 -0.83070092441526421911 0.55320827384350923506 0.09274487390509830731 0.55671889173188826572 0.82550739787919868995
-5.4318226340287161236 8.3705136290280481859 -7.7993043571769842259 -0.65281811409060741536 0.010882162633733037313 0.75743652437096009589 0.32636959380957469845 0.90637447112542190997 0.26826890674997749819 -0.68360178331508136829 0.42233505256912690085 -0.59524927989871512235
-6.9379643311222318758 2.9531163929599704154 -4.7807006835089262964 -0.32831789266938071759 0.0018045866649712594305 -0.94456556406645653112 -0.75195257024789874389 -0.6056876281302081555 0.26021112433558951649 -0.57164210258774583728 0.79570047165838952985 0.20021504926451144657
-7.7039892232583859766 5.4517215720967184822 -0.43378735986079125508 -0.84739702263081362332 -0.0038593417135562996245 0.53094575195409043911 -0.31037734913539327675 0.81493026087264919255 -0.48944312341430595836 -0.43079483188644834835 -0.57954618055464746096 -0.69176732896588100097
-4.9934934787735292261 4.010501251720016036 6.7767726642456933561 -0.29129529779695950698 -0.0060089213300810722512 0.95661431222082804471 0.48308315851488969894 -0.86403644422120617907 0.1416745743497201393 0.82569831745045751958 0.50339340075344951586 0.25459256202236302258
-7.3779132164355978318 4.9844656078410372047 7.7063978396254775305 -0.47040325994971116108 -0.0041351064873319598805 -0.88244188132865342133 -0.85168352738492847376 -0.25962803813975859901 0.45522351761829282779 -0.23098905214265474939 0.96569984089562599383 0.11860807343620873022
-2.1094296574357298546 2.8058373470476105638 -3.3667438903316573295 0.96992763787973934608 -0.00078201899121203421062 -0.24339220555143256663 0.068817892884769596429 -0.9583095057854965626 0.27732109321088899145 -0.23346193457566255525 -0.28573113160295476876 -0.9294370584050600792
5.687515946358089991 -7.2642357320302002321 5.4617580745333915715 0.96513436393217688636 -0.011946375257463070357 -0.2614822052753109638 0.25703512994606614317 0.2321015794607217686 0.93811609024976894133 0.049483345995969402198 -0.9726181886691116496 0.22707984837727168692
1.8181778719840107073 -5.0365625136344229773 5.6409354304290042492 0.3861462782189384324 0.0058693024652858669793 0.92241888700633734022 -0.91798877510238752198 0.1005372546442996895 0.38365201578268565141 -0.090485692809686546489 -0.99491598224017996355 0.044210040483996043692
-1.3496838182507444603 8.4701912824012133285 2.4016356538404233234 -0.99651114384827643722 0.00046859064935215154202 0.083458496325900521917 -0.05770650488879605633 0.71856483984149366329 -0.69306170738060446368 -0.060295103281368243875 -0.69545981290554226284 -0.71603082975100273977
-7.7541923185195891222 -8.221950332769758063 4.0093616517712389324 0.16187275568877912413 0.00026561514161544189094 0.98681160330334471986 -0.71584335903047824345 -0.68828504698035941622 0.11760943599518425273 0.67923890958752353164 -0.72544029633856699224 -0.11122445841889551377
4.7741829045770183271 0.6525683816663621073 -1.6344544189889815833 -0.78858688521264241889 -0.00011608348983328797832 0.61492333749440353241 -0.57120222696536504525 -0.37019265152002472918 -0.7325881630702368863 0.22772514217923370272 -0.92895499744893683669 0.2918627628428663856
1.2133015065479169081 -8.4737396180891959574 7.7996520145599035345 -0.96789607823451229152 -0.00049605383194243008252 -0.25135022512236782077 0.19295785047375993426 -0.64229410314821222538 -0.74177190092481049 -0.16107280862736531035 -0.76645811300533928101 0.62176966099145980493
0.61125950866947675877 -8.4753279339046354579 1.9444225619155364182 0.99660482576080944295 -0.0078425395976672290094 0.081959232811395582585 -0.01033462004522095988 -0.99949567569804098621 0.030026486468762304816 0.081682414869442207528 -0.0307715588456684494 -0.99618326339451723772
1.4122074790659422394 0.40822186704632168475 0.40487006870661262914 -0.70354958333059169906 0.0021000294756860510975 -0.71064307051540698268 -0.6279306411390418452 0.46639361193123396454 0.62304101684271129269 0.33274779295163897652 0.8845748066874574711 -0.32681235848718548365
-3.4470533499746953687 -7.1648474772300971836 5.250497239822237816 0.86982865025150479799 -0.0097313997426183764666 0.493257964011343919 0.42812217295640664361 0.51174249973010454973 -0.74486980002778502286 -0.24517243773453112343 0.85908376415192400088 0.44929451582031831869
3.4312202905193367464 -4.1206942311199012963 -0.59456372039280336317 -0.51092787302103614966 0.0055372903949627346604 -0.85960575090282786981 0.69207435119490623432 0.59579004487418585345 -0.40751357627323925303 0.50988802789262033244 -0.80312113709201016221 -0.308237957052063416
-5.3715465479963677708 6.3252776958467000767 3.1587993422361337892 0.86930776509460694346 -0.0024516380419147424177 -0.49426511005468720672 -0.49361337909587732486 0.04726814890801010749 -0.86839596617911862797 0.025491989408302568459 0.99887922771956783041 0.039880407549258950484
1.2701864051811497802 -3.6920558247395995899 4.0985092885197262902 -0.81286283749837340284 -0.0073267591606713481506 0.58240907102624583924 0.36842899554185154498 -0.78093029193516227959 0.50438869374897910003 0.45112535137986531364 0.62457521383582714769 0.63748860350923208795
1.683286718346711508 -5.1194761874615499764 -5.3821534051049706449 -0.2126694860467336079 -0.00087296900285480571666 -0.97712380363490092261 0.7716680926544422503 0.61329927913847703813 -0.16850029373061636839 0.59941641993173622183 -0.78985013270450055156 -0.12975640016184733505
7.6024276826682681829 -2.9340404803107009712 2.3139808694090970853 -0.0061389173948309255779 0.017995829210234647044 0.99981921557052877425 0.89680942268015428898 0.44241024488825808625 -0.0024565443479226574397 -0.4423744715570352426 0.89663221297758388673 -0.018854749152632015174
7.296715278341516786 6.1991599568550661559 -0.95573939897006743305 -0.54687595027700597328 0.0034028689153826627636 -0.83720673402191014834 0.51774699955748137992 -0.78446916683252010394 -0.34138859198602472533 -0.65792456973246959961 -0.62015848520538163768 0.4272454959037325084
2.2729804443541254955 5.0988896384565034481 -0.095953911607023933961 -0.79166327878788034234 -0.017036652296568068066 0.61072007130678374054 0.55443971779449219284 0.39987061588142069901 0.72986306242076326445 -0.25664343426342967058 0.91641324904914134297 -0.30711708616807575911
-4.7766912656442421792 -3.6900766407687051185 -0.60592213161098185115 -0.9457445495002126945 0.015567349391875918291 0.32453798656488358487 0.25904313842673754031 -0.56679763019145912306 0.78207231049534697842 0.19612215459933937667 0.82370996354443204446 0.53201315437952689802
-6.0224911255354376394 8.6060453288904792402 1.5254633232688807887 -0.91818536776672765587 0.0024423269444328434344 0.39614349099479645444 0.39475238192326311815 0.089595515637668529663 0.91440866167314671653 -0.033259395429665161714 0.99597523996144310399 -0.083229405855015967108
-1.6851708113923256072 -2.6180053575135842081 0.58503405479471037864 0.90641647981026529646 0.010385400183546805719 0.42225739613593943345 0.343457366710876566 0.56377296156794476367 -0.75113053796050943678 -0.24585809399024516342 0.82586451144702066607 0.50744616103735351587
2.0997368592063154757 7.3563017194940325538 -0.73856746475698653587 -0.29299268850790122221 0.025003933473471337545 0.95578767924278407175 0.74903086938497276392 -0.61528860367761450956 0.24570854867662722532 0.59422894677853355105 0.78790528459664876948 0.16154634417218932674
6.0017517449223003467 -2.6506540162065994615 -0.04965339497433532423 0.41242649677984816181 0.0060737154523218834373 0.91097063329966976308 0.057945852249914768517 0.99777790974504232402 -0.03288648707165736651 -0.90914611749751117475 0.066350228375461228758 0.41115810126226781662
-2.6264430586799409895 -4.862573288637538127 -0.054911760565162621994 0.59499412751466473903 0.007974181116353219051 0.80369048809773591113 -0.7555793281604163969 -0.33535746704958113718 0.56270351709426813525 0.27401070614041084239 -0.94205720724890584794 -0.19351059710220441801
-5.3456129925468829356 -8.1088352141445465548 4.251899156904777044 -0.19728026794971878499 -0.016553597517392527882 -0.98020736290187038264 0.71438035915071562698 -0.6871613161923894042 -0.13217423345000584023 -0.67137262257044427738 -0.72631625614319728079 0.1473889335227475117
-4.4007219335515443959 -6.3572144991507277823 -7.6349703718999197832 -0.82592960362793832463 0.0078448666891445979765 -0.5637186779924843183 -0.30059035917525217529 -0.85205011299048294404 0.42855109488177889343 -0.47695463706948687532 0.52340143582121012589 0.70609150338887394227
4.9286483467539010661 1.8644283794953244726 -5.4148191103158014315 0.3282866855422532093 -0.0078381572028385689682 0.944545613185174604 0.46162768715863283786 -0.87108320963755259125 -0.16767206188336120087 0.82409206436184301303 0.4910729122841112626 -0.28234670934223138339
-5.123581971088944087 5.1961949809623524388 4.8646067786947675415 0.53988955244574432513 -0.006409063814411835279 0.84171146782076644577 -0.51280079026838876199 -0.79548402822582242599 0.32286299004019047842 0.66749877951941416487 -0.60594066107056332449 -0.43276008896565315576
5.7475924887217129111 3.9503621856919384214 -2.0646218765234594095 -0.99959915000839705268 -0.0206576394408572242 -0.01935978395936462787 -0.014233309860122653201 -0.22443434257774083629 0.97438526197917274541 -0.024473499803760689203 0.97427023345909447016 0.22405035149028765251
1.7145097524116392762 2.9984579024486994747 -6.6300232681752637731 -0.99316346705225311275 -0.012670146102789986778 -0.11604221262249331259 -0.049018668557333860969 0.94746415294904440252 0.31608361078872793115 0.1059410111592487963 0.31961092952863828787 -0.94160785674308133952
-7.9437464617396820188 -8.1188394453208623247 -7.7977861335602458581 0.58929944138439871448 -0.0039847718950334794219 -0.80790487681217315608 -0.75288968945925638376 0.36002147372499493372 -0.55094614433946675902 0.29305849909134179532 0.93293550690794835312 0.20916035967778021099
1.6263626725576132426 -6.0913909226741331793 3.7826476064890992568 -0.69052452529148478089 0.015300613869230693734 -0.72314712969522032537 0.57389133352603249882 0.62012163926915864209 -0.53488119224179375699 0.44025517291083554605 -0.78435645195626502169 -0.43699009027634178048
7.7338766657523434489 -8.3841549225065232775 7.3121384106644518042 0.9875825695408827487 0.0090474748719466535629 -0.15684008268850738177 -0.13580815229176326775 -0.45269225420788494763 -0.88126379067297799796 -0.078973502584142360461 0.89162092067121967442 -0.44584225877676225691
3.0302222264869955737 6.5172377569422277332 -6.7682963549603440967 -0.99537336133114540093 -0.0073026249317448633028 -0.095804713983114450637 0.086816195536060819515 -0.49558308826819869042 -0.86421082544430538608 -0.041168188506232120116 -0.8685298350037757853 0.49392419050239078082
-0.98260516480894954938 6.4087162207533534541 -9.204993646649148431 -0.83138881362262639918 -0.0052962610454970818208 0.55566589800147836442 0.5264705728986570632 -0.32749782335278343481 0.78458518439410462886 0.17782400415800397875 0.94483708930062870746 0.2750663524083240552
-2.0789100969353735415 -8.3078707254440189445 8.2503727486489477627 -0.84908417616214215684 -0.0086948710620149711331 -0.52818600985677011117 -0.10211328102696848319 0.98370787794935676818 0.14795840191919509832 0.51829425969137044028 0.17956394425876767706 -0.83613865494497074948
-3.5569306403860529997 0.78671923632979734453 -8.0964990414965445353 0.99497163465464444343 -0.0044015263178408883804 -0.10006034578654511569 -0.098471156247690400098 0.13954383795025299131 -0.98530754015019772485 0.018299661746807173446 0.99020611180513617988 0.13840873716580703867
-0.12673641502969851258 -5.297169171096054896 -7.8802267389659146346 -0.23153395497493325927 -0.015423671497271283087 -0.97270454818061580227 0.37464300609068235115 0.92134200879873506818 -0.10378593743927418125 0.89779432259353697532 -0.38844692453462659198 -0.20754358852701007554
-7.1729817415459740104 -1.5860812158913886183 -4.512645222945073975 0.99764409619923177797 -0.00080474114485512907025 0.068597446822619242979 0.064789149322190819902 0.33977573512037534398 -0.93827225044414530597 -0.022552681636475412075 0.94050614150838640626 0.33902739466870485119
-3.2182540645216972663 7.531472136685485097 8.8366068528766579249 -0.39219789802656024325 -0.0067302124042713041066 0.91985624584736536136 0.23311785973645854364 0.96660279877391175329 0.10646639316681240361 -0.88985216314599990817 0.25619081490792261491 -0.37753065319478912309
8.4947214993820772122 -0.68449524613332923817 8.3899653184238456305 -0.65667609612292965338 0.0024343987751710019843 -0.75416879972824435452 0.24382866115253296058 0.94697480975070702502 -0.20925174717956970816 0.71366945344540821949 -0.32129858916545983583 -0.62244929738794607665
-4.1359432568453531331 -4.8738643404582475682 -3.2145277643129204215 0.36196054730540871969 0.0066653400543237898909 -0.93216958512733705255 0.76807524714884711781 -0.5687890592433790804 0.29417583313794359867 -0.5282470794162121841 -0.82245643004781643359 -0.21099868189462211987
7.6537811304383449595 7.5228350391452858403 -1.8658906930904985977 0.60986625083514256485 0.0062006376127100304441 0.79248009955173193131 0.40877241071025766095 -0.85914503449151524705 -0.30785536531086388212 0.67894644290591465996 0.51169459817506590671 -0.52649821069393409889
-4.6967988905873792049 -2.5543402285816672048 7.1656907043597657392 0.41494002818021902268 -0.0033141783295294949263 0.90984272774783825355 0.12637776192507640949 0.99050981716672337196 -0.054027431801274297674 -0.90102909736827618836 0.13740203171082066014 0.41142100988781521442
-4.1588340563907060243 -1.4577369225098411043 8.5862337702094695402 0.51713078722793637265 -0.008688687107120585465 0.85586228776437867083 0.8541741600022200176 -0.058347137342633928481 -0.51670312167499798939 0.054426586201976073776 0.99825854280366144167 -0.022751449055216196177
-3.9148021913335280253 6.3573010263524158958 4.9623554730354983988 -0.86475698143377666138 -0.0043192650382451710026 -0.5021719894731820899 0.0097344945671093661976 -0.99991930210028390213 -0.0081626529177551802874 -0.50209620858701553558 -0.011947101600843662919 0.86472924322374244976
4.8044802560388664148 -8.3963175210952911698 0.19850589810423710513 0.9498905843518870018 -0.007343125102835551532 0.31249633001571286428 -0.19139410179009055946 0.77674464136600451791 0.60003004917183189182 -0.24713594550267820038 -0.62977284843248904078 0.73641699044606712121
-0.63475042983008345132 6.0440192040978999444 -6.1205047642806711394 -0.25874977151368883099 0.014801325776703129489 -0.96583097718828614386 0.90802423316929714581 0.34475736290489256142 -0.23797973170037847734 0.32945492517021507384 -0.93857513363519140537 -0.10264585136769253937
-1.99271485677799709 -7.4797832193738313933 -6.847603498556479984 -0.91934803571291956459 0.0063998969279048852771 -0.39339322636494367114 0.16866930632999133088 0.90973912058644812451 -0.37937500916209060398 0.35545724684239188296 -0.41513103207765678082 -0.83744633969785131633
3.0724416546379971216 6.3859204991973133048 -4.1866686021965788811 -0.99819576158706979641 -0.00061268853587268792479 -0.060040371105702726451 -0.01656327915043674312 0.96395907631422483863 0.26553447417439379752 0.057713770744360820553 0.26604985210311749011 -0.96223001245137884663
2.3786350969617728879 2.5826789240319452112 7.1651187347094777991 0.091419634789039791456 0.0038328561732878692336 -0.99580508112207477556 0.26074485507772582338 -0.96519592209963145368 0.020222574334777237287 -0.9610694932861121309 -0.26149979192307581943 -0.089237256225611294447
-6.7002947049253460676 -3.8013465509099240158 -4.5639110978962236231 0.88421883543601176303 -0.0043364550661823195177 -0.46705272316692986179 -0.18494801044273756485 -0.92147347381998978566 -0.34158581715181152161 -0.42889542372636962897 0.38841708536528324336 -0.81558622064319508116
-0.20985646350274572702 -8.3505467514722546696 -8.3726076878409632087 -0.95822076475858997124 0.0064868499376663172479 -0.28595609236989671942 0.066554462364210059677 0.97735885625515994679 -0.20084862369260467196 0.27817884449568847094 -0.21148897578289130306 -0.93695727949439289173
7.870656871206608507 -3.8455082941397487062 9.1693711883665223183 0.96681010471651229743 -0.010899994386127116047 0.25526341598472984673 0.14613593701816596226 -0.79593654076796738206 -0.58747707272855220761 0.2095769770982126301 0.6052819286847069824 -0.76792660943463564305
3.1927820291470343506 3.8929664772178811383 4.3524190075503312869 0.57319790641699341904 -0.015548896649665222211 -0.81926942570309346792 0.69522784309257723567 0.53842121081885829792 0.47619412630657237395 0.43370774291888575247 -0.84253239199037444074 0.31943193669218028496
7.7636905294255900145 -6.3169099023519672542 -7.1032809025879943832 -0.34934173231332710241 0.0084087611933324115515 -0.93695765475279990664 -0.58789767385443958414 0.77667574541262784926 0.22616611497900579453 0.7296140617759749869 0.62984448812634230563 -0.26638175920253842621
-2.1399868205719649872 -3.7117331399263013836 9.0334570529246924764 0.37675941345893093626 0.0083219298176657567623 0.92627376614802947596 -0.80474596782162211017 -0.49226539962686227669 0.33175096624524852418 0.45873333391479093057 -0.87040537786369942541 -0.17876858376429474728
-5.9770789675601800894 -5.9170316869739725263 5.6984919215020255479 0.57680713931581961695 0.0028572070066366864888 0.81687536405624339153 -0.81652934715607505822 0.031328841653304434489 0.57645323219965649564 -0.023944712716951366271 -0.99950504753536473235 0.020403692904004046282
5.9906308383658064542 6.3804417670208311009 6.620948382518546893 -0.82193637304967215318 -0.0018660137258786919229 0.56957626061066513046 0.46047202035186679536 0.58639531649233944677 0.66641282345791352792 -0.33524038708301107103 0.81002287053435007014 -0.48112039250067001328
1.6837517935818304693 8.732242331200106733 6.1795071566430372911 -0.96793527550676949911 0.0091581672262413295338 -0.25103272775259616312 0.095974975675266083197 -0.91003787667750835055 -0.40326153679252196849 -0.23214242713035165844 -0.41442392665641664129 0.8799788080065295004
1.9467863471061717107 -7.2375604236792963064 -4.0299281188364259876 0.21125427667053647829 -0.0051314099600878321228 0.97741766876817282039 -0.90598355893569426645 0.3742685660453751173 0.19777975479974926887 -0.36683159832105272091 -0.92730615715745212668 0.074416862142501941091
-6.5010665597338253008 5.703628333156851582 0.18568602867524683364 0.87594105220642859422 -0.0051266237668519251333 -0.4823909107641220495 0.2877344235724184629 -0.7970588728030285619 0.5309482599814926429 -0.38721592755281386555 -0.60387984816083117856 -0.69670148157942635159
1.2023567940393247166 -0.71521503440731282186 6.1050277848419156612 -0.27117244254968270178 0.0062948376820860007033 0.96251019808625859486 0.32875126864690257245 0.94044964432501054752 0.086470051763321481575 -0.90464805850937413112 0.33987474385064198046 -0.25709346302049768118
7.2678420821131028973 7.2565192851002446872 7.0578755803939090541 -0.52444330065172539701 0.0014338816296599853073 0.85144416633464514721 -0.61176890893495428081 -0.69615398987350762816 -0.3756440129212772483 0.59219762449884261191 -0.71789105466409397494 0.36597050041108414309
2.8532079142756683332 5.2267049096880660031 3.6148687713947640354 -0.9469814498516354595 0.0095017922630080443869 -0.3211477067964261245 -0.19147055896315262613 -0.81936310725143723932 0.54035462755996099826 -0.25800224550798722678 0.5731961395710406526 0.77774097673567599287
-5.2300593437876914393 -2.8003693379464023039 -6.0475808760711551315 -0.57852536239690066644 0.015548530955918375349 0.81551618515435075896 -0.5915333396613333683 0.68039795862152507855 -0.43260481501376113478 -0.56160191695975369974 -0.73267786993257844053 -0.38443000114232156461
-4.5084657827544152298 2.8069986328464469061 8.0043246108223371493 -0.83895426585643295692 -0.0012486534360825764754 -0.5442004967527206416 0.54374405753156118681 -0.042935655295087006567 -0.83815209204753948757 -0.022319043450232414066 -0.99907705927465273454 0.036699999052976946257
1.689027850926987373 1.6996816500139710904 -0.89637194157202604305 -0.74185217467880559816 0.0024409750876938775092 0.67055901497554482038 0.59145356763189893545 0.47358184125320129665 0.65261237880589184623 -0.31597156242261265069 0.8807464341544972708 -0.3527714422462190913
5.8144502299264892997 8.5656610028160233838 8.1040078014034317988 0.31111949890963680465 0.0039373071139135792235 -0.95036264394748459772 -0.36807352948564020512 0.92244728044665513789 -0.11667429746140245417 0.87620005380615528789 0.38610298161091333169 0.28844055418915554023
-2.0972363610462396721 0.67203565895527139773 -2.234966981744806791 0.12533838648545547745 0.00063465489950656223811 0.99211384734130481089 -0.65866018346666010963 0.74787831846190178098 0.082733206697002029117 -0.74192792883722302744 -0.66383553534595807211 0.094155883635959863875
-6.2780472449024822268 3.0397884640749062157 0.9908621678425553192 0.7380116864631638407 -6.3570147696027164315e-05 -0.67478792713159063688 -0.097327894772056069983 -0.98955351726740370388 -0.10635373694741991069 -0.66773200577979419101 0.14416598913158731876 -0.73030824727278043085
1.1552361534434847368 -8.265700211559291688 9.0508259008732530049 -0.9476561409011945436 0.00077173983519181286322 -0.31929178353016340886 -0.24645729350468106866 0.63399217408063113233 0.73301618377979438357 0.2029941897950897356 0.77333907674590274262 -0.60061637613984164563
4.8000991818092666463 7.4708896239592688104 3.679633240326238397 -0.98224090913962547322 0.00020161458875291027315 0.187623974385526332 -0.02741801799794531258 0.98911018173139353404 -0.14460048646036893771 -0.18560993696923261398 -0.14717679078940465454 -0.97153895627068798113
-2.3994250464353461538 -4.7781211418731741603 8.5812560975913818595 -0.14601859720505847018 0.001164982117371509817 0.98928115927007076458 -0.02763242948199215801 -0.99961394079217003039 -0.0029014160414957005166 0.98889585807145463647 -0.027759902571857841824 0.14599441666712595356
3.0335291563412862814 8.6043561584779446605 -8.2837293651655894422 -0.99602989123580742969 0.0085152405704829337713 -0.088611209466546977942 0.04314654533738403186 -0.82449763949767240767 -0.56421805898816812519 -0.077864185544607542044 -0.56580131949379086631 0.82085689097947300841
1.9716065097422565966 -1.5343594628563455018 -1.2493932800862241894 -0.97776310721089465527 0.0023039706035665030032 0.20969978039254846824 0.053924026434704022681 -0.96355552067113237058 0.26201709478056778302 0.20266106076472700792 0.26749850523632845434 0.94200480048998080917
0.7376430623486083249 -7.3501409438348037639 -2.2032126289507911743 0.83522150737204958748 0.0042245829640148446771 0.54989743272912705585 0.078257825676968761908 -0.99070614253153954643 -0.1112521993964935979 0.54431677022084434814 0.1359540071091600022 -0.82778968440501921044
-1.0667963706902194865 0.4080511793623566863 -4.4642783705792012938 0.98440058779597849892 0.0086725859323481049867 -0.17572782648171569875 -0.16957673243361362503 -0.21944955749806657752 -0.96077345067991459793 -0.046895784074023914856 0.97558530020053824128 -0.21455560460850517379
5.4167805717750843186 1.6196800461667426596 0.20556688339821377332 -0.8933504690766841394 0.0053472319912229856684 -0.4493287732949340918 -0.31987886008237798041 0.69471096777434837577 0.64424699155406339734 0.31559856506813077637 0.71926912790989572244 -0.61890990246006549746
3.1094494590295496117 -0.59937985647636216058 -7.0533206106558274939 0.78628983056573553689 -0.0046947155309404794282 -0.61783999708235515236 0.04418839978798211332 -0.99698317331952590603 0.063811734358990554461 -0.61627565883526436163 -0.077475878593478403333 -0.783710278459601839
-6.1448457723083551585 6.1751316090676988679 5.0699687248978317911 -0.76815484214016072073 -0.0096972023195002858553 -0.64019067688020514506 0.074040289865187680629 0.99183185208783597453 -0.10386343274183015839 0.63596868946004703194 -0.12718310206703187237 -0.76116245609923027793
-2.5566453516336635765 -3.7989836113426331821 1.1011170094085118709 -0.89730322690132657826 -0.0068764124308914849684 -0.44136111512533299228 -0.14817145848492024873 -0.93717173863919678301 0.31583912231804261994 -0.41580300369642153591 0.34880058378436540334 0.83990833718251345363
-3.6308098031425481977 5.0448561270495115849 8.7997516903414219058 0.72175019571776932725 0.0026072272500004363069 -0.69214872487595213713 -0.67185474983465420795 0.24304150954789341399 -0.69967279478434185602 0.16639666494883809111 0.97001238497375463776 0.17716693509554329311
0.25965289583682837904 1.8353912275785324582 6.5558670281630186949 -0.089421124260272738526 -0.0053846572376527752218 0.99597935119271496784 -0.65092488937018178063 0.75719423799189844448 -0.054347717066368483874 -0.75385718205400309433 -0.65316758295115018296 -0.071214167461337921083
-3.3387937468534802932 5.1267180564541776633 5.7108459183225921407 -0.49748165256048604288 0.0021774199117959025518 -0.8674717656546782063 -0.33256959414574188694 0.92311038979870241317 0.1930406001216210532 0.80119253017942504425 0.38452888979638599753 -0.45850633855636213632
1.8951540983635715154 4.1092081363173820208 -6.4294803448373922805 0.11157589303014033011 0.0034649821388764972391 -0.99374987496501843154 -0.20796141760811401311 0.97793377169815220995 -0.019939582718501238506 0.97175247305094347716 0.20888640949390169244 0.10983441649929111261
2.5562242201376843553 1.7602829748914794461 0.12503252071530834844 -0.75667962529656840331 -0.00099691371903169127139 0.65378509529069839257 -0.38127873705064907472 -0.81166484733912513949 -0.44252310704312070033 0.53109553691797128927 -0.58412257425749636308 0.61379015054710883703
-1.5231441549197868301 4.9943661774138741194 -3.1860783995421004811 0.84691366645931243085 -0.0026153624530919289751 0.53172398990799130125 -0.41604969527047713784 0.61945306949391132356 0.66571806777312203529 -0.33111915171084649323 -0.78502933357529780523 0.52353514953301460988
4.2661015206873384997 -3.8367750027051390482 8.4232624385521130961 0.085179467148612408867 0.0011011468971365511414 -0.99636501637294616618 0.2304632569604593284 -0.97290272736962024602 0.018627137947424633746 -0.96934573066968954258 -0.23121217647939040774 -0.083125109805076147218
7.0345480722494375669 -8.5396090378937543619 2.1814986297081651045 -0.92672071825982915705 -0.01347176624998156283 -0.37550928332367250473 -0.24166823539808041099 0.78660824884653202105 0.56819356459417114102 0.287724128893974751 0.61730541416752027217 -0.73222185933726879892
-2.4731350190078718043 6.2772676248543737287 2.3422331441964145959 -0.86572963032210314971 0.0055914230792994184735 0.50048071208629540951 -0.42885142962949374112 -0.52386093734571759217 -0.73597294082610709154 0.25806715886976583363 -0.85178545086859580593 0.45591982540954739678
5.9627765872127165281 -5.0573198080369792251 -0.59851588359741803025 0.45241792838372912877 0.0046993040420486627967 0.89179366145896654672 0.48759928892187642813 0.83597765558303915867 -0.25177031756878470725 -0.74670271964136880616 0.54874336069544016325 0.37591990180482121042
7.9292822885526739185 5.0986240388805388335 5.4511571308179052053 0.94660141477484505135 -0.0078600188229916920224 0.32231038092271901974 -0.11806522905496850961 0.92180854430029601776 0.3692283972602310449 -0.30001060520348682426 -0.38756577217196952478 0.87165727726349506721
-2.0619726735748415969 2.9660081078200204452 -8.1677702617445522293 0.16781099355845266463 -0.00014789103140009024831 -0.98581917640567873207 0.81775931466175899587 0.55849399507764196926 0.13911923212124169269 0.55055351576834432592 -0.82950855064333517408 0.093842371478892031011
7.0154297055673531247 0.51639869077666789021 2.4501075586626481773 -0.73242176487218479952 -0.0028528465813420639252 0.68084522441441830409 0.14759296658791931645 0.97554727692958576046 0.16286137261255176356 -0.66466132319781157101 0.21977118041693310957 -0.71409099819482158011
-7.86591052177607164 7.4222444125791984249 2.1009507491987289285 -0.061713360409862229317 0.00074177015001193353366 0.99809363835463438264 0.7186570950037642902 -0.69391020533874636644 0.04495115935840054977 0.69262070496625793847 0.72006116177978873871 0.042290452212869603099
5.8010598053482649306 -6.0510652860029701117 8.375899645264921034 -0.50056152098991379962 0.0097239814480077485515 0.86564635266876011066 0.86423288481593485422 0.063822615456177858584 0.49902724831289607677 -0.050395282582858302867 0.9979138830284814965 -0.040350930005178385629
-0.5799337318935036123 6.1391243890570272868 3.14720549157640761 -0.99349155415599554875 -0.0032086770511364427934 0.1138605999127885321 -0.076304752420695370896 0.76091038920758635733 -0.64435468831510733789 -0.084570187293954379726 -0.64884904560852363353 -0.7562028824552320394
-4.4906434661004004383 -7.3648423674024865448 -5.6855920357023768119 -0.64235549188530061127 0.0037340711147505903714 -0.7663977288311017988 -0.13218088612999442932 0.98446360748665662221 0.11558381753433838446 0.7549222710890769461 0.17554903089121676185 -0.63188203200161219275
-1.4159060485869068291 -4.9483886844803652849 6.3010720204329837557 -0.97493402041549925841 0.0046951071705042118909 0.22244462638002179822 0.2009814257422583017 0.44747482826444268111 0.87141995878926914454 -0.095446960890739063199 0.89428420205116876396 -0.43720206268758377011
8.1717419605514258762 1.7520700619713429624 -1.06112946347140924 -0.65256517330209617977 0.0093957469673888165812 0.75767434596394866997 0.71300657212108420335 -0.33083914078393050762 0.61819664431100185276 0.25647674885875498818 0.94364038852964104986 0.20919487190321439662
5.3367434149845731639 -8.5267517396752072756 3.5324636011894874343 0.25758762240231292129 0.0052369086129739061963 0.9662407523869150916 0.75149275548772420663 -0.62966568019892721342 -0.19692579726604189649 0.60737735818391302978 0.77684857338322788056 -0.16612958435454441841
-1.7039596968063299709 2.8392539331976847095 4.1063944836619761247 -0.58705295033528237525 0.0095411830951129504574 0.8094923096162581766 0.76239887653183480154 0.34278368548879772915 0.5488599985659083913 -0.27224398352518852651 0.93936590889168825047 -0.20850636116543105891
-6.9883404062490832587 -3.8915515129053899201 3.8624632461586685395 -0.062561044320368852656 0.008702253395176783729 -0.99800319965395922761 -0.62979400760888792909 -0.77607307194637809022 0.032712306242083405428 -0.77423873818970401217 0.63058295075704406951 0.054032568890800956873
-6.6915739982757234117 -8.3596346715872620337 -7.014783554710571245 -0.70052331277555657252 0.0015304172593575433164 0.7136278764740421332 -0.023733167972160351678 -0.99949449742050022749 -0.021153873494411619405 0.71323476148868558688 -0.031755431800337442783 0.70020551808391329196
8.6289785863088983575 -5.2240890667678252512 7.5544914141005667929 0.98041090470649305821 0.0056215439018139877481 -0.19688284886386236971 -0.11800688500798664493 -0.78355919302558407757 -0.61000767709599401645 -0.1576985511135076401 0.62129171028541074762 -0.76754659644058043089
-1.796205230060995417 -3.7968269333343513949 6.8648649811335227255 0.99126573433626252729 0.0030214229343178116566 -0.13184504136975255806 -0.00319126366798491495 -0.99889522431209731845 -0.046884397007512741695 -0.13184103976580438533 0.046895648518969268448 -0.99016096589561941599
6.4869660184070019326 4.1039350953773743313 -7.0987008672538864928 -0.019693529499662802001 0.0016153543005179226647 -0.99980475870362750523 -0.90910905505647199298 -0.41620150643228226439 0.017234618009957555773 -0.41609240669629077303 0.90927096988415201384 0.0096650098663172701041
-7.8362766357346940183 -5.0593226891832152603 8.5369500475869113387 -0.99643568251355696397 0.00019511173214413165319 0.084355749922563588727 0.03976422421492079029 0.8830110640995681992 0.46766469521435061196 -0.074395813633309146318 0.4693521307171910073 -0.87987149078988979856
6.7594049137007718997 2.8345519049452807536 -1.3896298889498506224 0.78188449791907377318 0.012990128836859031816 0.62328796592472157645 -0.015448679485395865746 -0.99907215531534621089 0.040201576779255267236 0.62323187516032352296 -0.041061965688397851493 -0.78095835020684856165
6.0801171359022516683 1.7977061927424899945 -7.1684630900977142076 0.17922185180898042578 -0.0045541963893300646538 -0.9837981434874291109 0.91589983988949408289 0.3658551592657941498 0.16515897108231256118 0.35917546008121148393 -0.93066065874416337156 0.069740426881318720587
-8.4567952019626790872 3.8771480524011345814 -7.4067380877401767236 0.097703354561287980573 -0.0031891475390145801808 -0.99521047213425528621 0.95044819088268761575 0.29684727295918517109 0.092357636308660506774 0.29513097254494818911 -0.95491964367413983972 0.032034093869548654898
-1.5503441905803039269 8.3845612964116558175 3.8804899145901727842 -0.97433354942465932869 -0.0027176283050363257698 0.22509275635154105122 -0.01453864310168046306 0.99859918361998889491 -0.050875321427458188028 -0.22463918251791711866 -0.052842075753972969632 -0.97300819765676993534
-6.442117805768553751 7.013346912289970092 -3.8041224592842577401 -0.96655590837363591916 -0.01341302247710853858 -0.25610499178263579356 -0.20397358847075544586 0.64552114449638908766 0.73600083370499136404 0.15544919168112794616 0.76362460858465386337 -0.62666817851999956357
4.6459684696208105592 1.8080742790881187965 -8.3683432075810788575 -0.25539870749827570107 0.0033140623722095565763 -0.96683013875189927067 -0.14467250199615427908 -0.98886648845801605745 0.034827218815580755773 -0.95595050466754538654 0.14876856184981179787 0.25303467673577428876
1.9141953339545267898 -1.6182061861622623056 9.0983062640224066087 -0.40316848042774355854 -0.0010871826927586613221 -0.91512512500939036109 -0.91430852788552363641 0.042731089837581844038 0.40275795435580558079 0.038666422451804668969 0.99908601831619070488 -0.018221848964202272403
-4.4279120729928829192 -8.5155425066241292598 -5.6879951997304409872 -0.57336704946618333167 -0.0040477498315632911077 0.81928861966212374046 0.50161002403936350014 0.78892552325411313685 0.35494211153567883921 -0.64779441983525243298 0.6144754954262129365 -0.45031350762663285847
7.2552441223587749164 3.0427574775346717395 -3.2426739759325817758 0.276655568988794065 0.0083880141145794787777 0.96093253528366129324 0.57257435507672438391 0.80164106766747256216 -0.17184355250685287575 -0.77176440968488835281 0.59774680245802624956 0.21697570392828413599
2.9788861241906068322 -4.9306014873337833393 -4.9535237506902705107 0.23129190300656288226 -0.0025026532674123245711 0.97288118099302600683 0.23753364766137516351 0.96987852125321405428 -0.053976108050437385244 -0.9434414776934657576 0.24357625240996022553 0.22491951322515690848
4.6923322423307567419 -0.78447255575996854837 8.307435462592493991 -0.99923846981997488381 -0.0017283199933474861602 0.038980679087103141389 0.028496799226476621919 0.65009717651544296491 0.75931653051983472036 -0.026653571354178715036 0.75984911265119603474 -0.64955285630769676875
8.3975275303878600397 2.0275571308783062463 7.5375420377872694999 0.96152922275625984927 0.015240162609122497039 0.27427958587831668957 0.0016245287195638322131 -0.99875787499743284847 0.049800281495168470525 0.27469786073483104527 -0.047438850894664270907 -0.96035964134965146055
-7.1579997672226278738 -7.1829788294429413043 3.551567173262552668 -0.060482662168289721971 0.0041845094549082476748 0.99816047680615671567 -0.63535074032055471882 0.77109529240677676665 -0.041731125099548981028 -0.76985146901929046859 -0.63670600743873406735 -0.043979264890128724752
-3.6784166119802739203 -4.8325621225707315887 8.7295495092625809974 0.38325159499524952267 0.0060392807891359590045 -0.92362424287215894037 0.68863861851980456841 -0.66828458043690075474 0.28137621191757677952 -0.61554452967810979747 -0.74388120465404772297 -0.26028001334261791078
-7.9397324321710041062 -0.47983017626716134574 5.1073195598868750267 -0.32892763035159705565 0.0081396124317594485686 -0.94432005204831670486 0.32099081992944489272 -0.93946125774740429915 -0.11990595778517040837 -0.88812809183829499737 -0.34255845034202092592 0.30640202444987180153
-3.0349923187412217729 -8.5071412986869852091 -3.6805609791480509152 -0.69214717882329968024 0.0079041429255357099903 0.72171310599937543717 0.32843220193270028506 0.89386383786208833957 0.30518802089216712226 -0.64270099702765037808 0.44826885223845358563 -0.62128130869393338731
5.7617565592846142764 4.0955075305319645906 3.6385666852802729387 0.88423547103796140689 -0.0059298089630652126014 -0.46700371425040404505 0.45928295702379640097 0.1925405326317418675 0.86717201793028875212 0.084774979478556403145 -0.98127110456759014667 0.17297462876080302308
-5.941476282852001134 5.0653757407055506334 5.7082221721973889217 -0.47234311275220636217 0.0051953657709118764019 -0.88139945087919135958 -0.21994706744969935719 0.96765325769692678293 0.12357370427736323604 0.85353106056896754783 0.25223041260545298048 -0.45592164633982035227
