1125 17.292696884352682929 17.968806560800352656 18.477561601407678893
2.3355413062034018346 8.4923019550410305811 -0.40787832354245551203 -0.92697121733201137683 0.0064510919150370261282 0.37507698629888219788 -0.37204751819952930347 -0.14377370220746882312 -0.91701132313355082637 0.048010482600389640939 -0.98958956439880407796 0.13567419649212458799
2.4880565023915708345 2.8866600666712765033 -6.0009148138255037352 -0.84988468382382331701 0.0063442855337485226652 0.52693052126703576743 -0.23539816518886746977 -0.89918841808200211663 -0.36884670611594055911 0.47146975303557697723 -0.43751564409517679222 0.76569989757377165951
5.4685995789326993233 -8.1753379611366145951 -7.9885085129925279546 0.49473657201312926102 0.0045251138977740667721 0.86903121213043588167 0.6031486547412798771 0.71814092869430323773 -0.34710993477269030949 -0.62565759373381701902 0.69588298576589646682 0.35256126492463896183
-0.53109727212359070236 1.9409767104785462521 6.7161582542006135199 0.87519560148086272822 -0.0034453704596079178131 -0.48375695196170848122 -0.34475087242755964034 -0.70595913400064158605 -0.61868290511518297947 -0.33938104706840244162 0.70824418849987658131 -0.6190401233741342768
-4.6957876668150255739 -5.8189571271568061306 -0.41678278244402888753 -0.91241834210909800174 0.0071354229774512637971 -0.40919659666462437908 -0.40761630479306665276 -0.10533249322533172476 0.90705788896757322259 -0.036629456043289439215 0.99441145991478840926 0.099015813585937570429
-0.29331857891973966979 8.449768144869169717 2.5425439134983021106 0.71010494833498283285 -0.0027211573494448281982 0.70409058909539434801 0.13171826564416888594 0.98285182656421066216 -0.12904489728446993935 -0.6916655700884042357 0.18437701137119866246 0.69828637164978291096
5.7796736077030237411 2.0978711027301306657 3.0765806302124074634 -0.044814382857079358702 0.0080543618473736724311 0.99896286134382639155 -0.89364982955803984321 -0.44727947097724785053 -0.036483653503210297653 0.44652172760105141025 -0.89435798319125292544 0.027242332548588116953
-5.3612964378649223818 -1.518548055446799383 -3.7318859319311590284 0.89556582887316260599 -0.0052812967534944538911 0.4448976894292395734 -0.30235345883331038452 -0.74079738405440598292 0.59983466197756718508 0.32641113964790707813 -0.67170778146666487718 -0.66502964161827060607
-1.3657605694807699592 -0.44578475355047547657 4.5117236596946739269 -0.96894712637584690107 0.012910064073227554837 0.24693075250665344478 -0.063311485909677334138 -0.97829982496613865361 -0.19728433344590343146 0.23902535857059623026 -0.20679164082949091918 0.94873815947469486431
1.4124299380122664616 -3.9299043969644453789 4.4838257585600604926 0.70615591895239160358 0.0069215534043176041301 0.70802253511243407047 -0.25174281431446027257 0.93707045200038119326 0.24191842308740485468 -0.66179254571934587048 -0.34907171195393837948 0.66346029748893309286
-3.5884734529814568127 4.0870618064728816421 -1.3284470520161735241 0.99187059262793986214 -0.0043804876123731449969 0.12717522875292536222 -0.025289501366079471245 -0.9862576018148447865 0.16326782898969280367 0.12471234341781685384 -0.16515675641834892673 -0.97835069234339699928
6.0292593498592204071 8.757192881448421673 -8.8718018660855726409 0.95552229172924407763 0.0022076686363072450456 -0.29491062410028573426 -0.037057847788100860276 -0.99114751075081974907 -0.12748854007283155765 -0.29258138342250006314 0.13274689499873135179 -0.94698172946621705925
2.4680067893014454583 1.8740591751742035065 7.6603663188938702078 0.18050034717277491092 0.00095655775066552997665 0.9835744555791849919 0.058153089760532392094 -0.99826054049739798568 -0.0097011049644221206134 0.98185428797865070827 0.058948946415559082268 -0.18024200091734232654
4.8815316752828747937 5.1099331121584672388 -4.5258591838508301919 0.89916945662174885268 0.0092177400407669508875 -0.43750351032549350538 0.006760780216711139573 0.99936617487580425845 0.03495054169518355125 0.43754837461623657946 -0.034384324661996215622 0.89853722131492641534
2.6829647663252975676 3.5053688463996572899 3.3279985673537111346 0.98906961009657479167 0.016306476808089397784 -0.1465448914065411723 -0.079759212141935945106 -0.77674361820214687935 -0.62474620419897375356 -0.12401521866971461361 0.62960578967820735041 -0.76695291585709701732
2.2006238002945952559 5.0965028409535815257 -3.2523795026667050578 0.651713422982388213 -0.00090013227167316713778 0.75846476784776650781 -0.15927184233839827843 -0.97786477663475701583 0.13569435822884626242 0.74155383792575624291 -0.20923591560473081552 -0.63743096651985642342
-5.991077154918375669 3.1561503589647057488 -7.1873400763472563568 0.18135454081326241038 0.014833887891930625305 0.98330589660405687269 -0.96622600910141998032 -0.18345688270184645763 0.1809720186241497164 0.18307875316911662034 -0.98291582953928680055 -0.018937850424210068978
-7.0319039885266159118 -8.9073188981437034784 -5.5109106221123731473 -0.37972738819778956154 0.009700687765364160442 0.92504757029543160929 0.90499270760494177068 -0.20344530292624138368 0.37362843561375846946 0.1918210359542040222 0.97903825531693788875 0.068474701834798729072
-4.2764659040159855863 -0.072694267166487136489 -7.7866050761106100353 0.0057286726360204435343 0.0045734619094894568558 -0.99997313251697605985 -0.92303152105786978598 -0.38465978298521297241 -0.0070471616219681919302 -0.38468167807037073613 0.92304709240628346478 0.0020178595299426907439
1.0764098981874725691 -7.2207234576122436565 -0.75260918487543659872 -0.98515330839661319207 0.010855308861781078067 -0.17133336284755656953 0.17165319887554658651 0.078867474344423316168 -0.98199546883199806402 0.0028527654836245676384 -0.99682600475724070233 -0.079559901766164176085
-6.1256693304064757655 -5.9973410939594886671 2.8738296221565726718 -0.61193641963693690133 -0.0065955956239038262753 -0.79087945759143940538 -0.77705964993217946368 -0.1812852705623975158 0.60275529954061546345 -0.14735032666768102527 0.98340843437277525307 0.10580988817422855297
-8.1707314362318861356 2.7825837837825853072 -0.04778558684756584185 0.26382981708659269948 -0.0017098333466238700273 -0.96456772913358868049 0.94024490969636864701 -0.22270224132693508534 0.25757177931252450698 -0.21525180000718627249 -0.97488501279793216003 -0.057147829493430488124
-1.8239761588465785991 -4.8204444984602723423 -1.5472754613486396913 0.33472762910671455261 0.0010627262585413174267 0.9423143238462239335 0.68243264164789319004 -0.68985383410329781384 -0.24163480127364012073 0.64980235758742876939 0.72394789742502640983 -0.23163837740734444237
7.5891645257305100358 7.7896893725773601602 8.5084425749987762089 -0.55095815534502912136 0.020556779872918908014 -0.83427964727676062751 -0.50425131778216414347 -0.8047671755061890364 0.31317790749503215952 -0.6649629460156728511 0.59323453374632439949 0.45375882183929105995
-1.9083385208725927029 1.8486098543140105921 -3.4909464446139248928 -0.18695487168875138395 0.0087622718259787110706 -0.98232942465567374413 -0.95432860451575418637 -0.23882687962063403608 0.17949550460560934062 -0.23303388284720280565 0.97102262803877104069 0.053011935279461165627
6.3732046833062812041 -6.1206278479813596149 7.3696309307875935701 -0.71213033435839323548 0.010283399332456852338 -0.70197196424412278137 -0.0044353625292789357684 -0.99993866225973582207 -0.010148855985554367312 -0.70203327160906381366 -0.0041138080596270568123 0.712132264496855516
0.60434862916522757992 -1.5989021409040713451 -0.95124826514721882997 -0.68000308394811426194 -0.0017412144039921011 -0.73320718353911784604 0.73096984743049975286 -0.079706888944473558434 -0.67773880957361776201 -0.057261574974368498192 -0.99681682370781432567 0.055473705521516723793
7.8896029695183367281 8.7527518075887460469 -7.7597801318160071204 -0.067763211031261053052 -0.0002054070221434536631 0.99770141076326024354 0.71287286174094577351 -0.69962984681674900145 0.048273806938138652534 0.69801176940210463151 0.71450544802061144445 0.047555594045324132979
-7.0606904267184873447 -3.885310387992975123 -1.5602224401790580899 0.1513110097007988597 -0.0089457207369382195361 -0.98844572558297660869 0.82709743251594880498 0.54873689361445843193 0.1216456275894397393 0.54130842914971399882 -0.83594724454757540766 0.090428916086414692921
1.1646209585664215602 -1.3681105141119835888 8.652676751140507605 -0.65617143661302523849 0.0036148162807210053316 0.75460319299395683945 -0.63439374063256948055 -0.54415482082363053618 -0.54903562072118816673 0.40863630237598641548 -0.8389770342970126471 0.35935206734166413867
-7.4493974522281343198 -3.6625065475499996026 4.0354410946015795147 0.94834922911743846363 -0.010056528585004172183 -0.31706877150695533807 -0.29926384544038064917 -0.35993467822817704072 -0.88367877547277040584 -0.10523730538305270388 0.93292330533736578246 -0.34435333004657514566
2.6161092573450437371 8.5735666198358817525 1.6734506602763583594 -0.70247802833511630016 -0.0048915157167494296986 -0.71168862066231397545 -0.13403892812195708495 -0.98117238129511352707 0.13904791955098932954 -0.69896937375983592133 0.19307208824039026607 0.68859638634562092552
-5.9620204861262182661 6.438428092989684437 5.5265382559484219627 -0.94745576008281928715 0.009888974014062931403 0.31973393763936119871 -0.22455180201669897033 0.69130299495820335398 -0.6867871994820984316 -0.22782464944904565196 -0.72249731996342747564 -0.6527584176007993344
7.5333064319235596429 -3.7470938900582875242 -7.7787027533718262617 0.813384495786234063 0.0016578387073975372687 0.58172408716280421537 0.37201783517339181984 -0.77026497885795963683 -0.51797161375686240348 0.44722297830880075598 0.63772181546173611899 -0.62713833701710175461
3.1660504284785040419 -7.1573718599063198553 -6.4265255690871381233 0.67017252216616152172 -0.0068384890446379431941 -0.74217385133158464416 0.1254479590786815868 -0.98452702246035994627 0.12234930162345064586 -0.73152689635853374028 -0.17509933498521002004 -0.65894508328948186993
-2.7513327189685714558 -2.5559172717303821898 -1.7213706320158583818 0.22016071118351965286 0.00053946510166769925596 -0.97546346432284203321 0.5596431278221379868 -0.81912112704774120431 0.12585765255013711683 -0.7989548364785450385 -0.57362033454302474578 -0.18064019781320991842
-2.6130057734888607612 8.5837097738394021462 3.718403869240270776 -0.85409022611710083694 0.0040732880132361617281 0.52010892510757877893 0.16871983184305594516 -0.94372701035419503945 0.28445201400382719159 0.49199949592917441299 0.330700375344059605 0.80534077119754199359
6.0103446908218538525 -2.7967868817685208604 3.2854599683242668995 -0.95446636487480296385 0.019481759307980409807 -0.2976817417592937387 0.068677165106827406382 -0.95671302689607951031 -0.28281377470033891575 -0.29030571009794331472 -0.29038017360275875101 0.91181245300926072606
0.87099276927649449398 -3.3532938146982074201 1.3054719336023532517 0.81183783502318707104 -0.0010703838688048321684 0.58388199484431502206 0.49020413020000064286 -0.54201831812134415589 -0.68258043742496654627 0.3172053599162686921 0.84036598997052569526 -0.43950627133327474505
-4.9751021915042938915 -7.0412028572329301568 6.9801186779647608205 -0.99999969376214536965 0.00053314387509913055765 0.000572916440921445759 -0.00068557876720296158889 -0.94983514548628400487 -0.31275026199906957869 0.00037743528430866316731 -0.31275055900255305241 0.94983522012301280224
-3.6986234633538450645 -5.8750014321619721258 3.8841024774423846821 -0.90860494458151097596 0.0022763459886822961196 0.41765041952678516601 0.41763903460022905323 0.014129069019636199961 0.9085031679567081575 -0.003832944061518760593 0.99989758858458988033 -0.013788432914485402106
6.8287615511113557432 3.1250654162397606406 -9.1736558712442821673 0.93104175257136567723 -0.0068911047077991390702 0.36484759509249709009 -0.30912857784271546846 -0.54618473503757436482 0.77853821844076276371 0.19390919867232719875 -0.83763640554102625213 -0.51065103033511893837
-3.0415464329704620106 3.0791854632803414837 -5.6111595403710268215 -0.59941337137727590534 -0.0021468935988068300544 -0.80043675644119816059 0.79480532841519180298 0.11684507828038394328 -0.59550962847335608963 0.094805591274350412001 -0.99314783316969423854 -0.068332139828865740006
-3.6061359989089791789 2.9885937733313276965 0.4208922955012538436 -0.75073132180454282825 -0.0035145326909322527169 0.66059831253290590691 0.64092565162724113303 0.23840223075856539769 0.72964284787534783305 -0.16005246498471595307 0.97116014355479363118 -0.17672346766345201075
-2.948637548234559258 -0.36410155594117343814 6.730891425321157584 -0.26887079174747163801 0.0012540143972073602291 0.96317543822131423958 -0.90908636028439981924 0.33006600557304571764 -0.25420153718991755909 -0.31823024194731741598 -0.94395702201572173617 -0.087605100863245660703
7.2570907935003994282 -8.3056921187304411092 1.5220582718283190982 -0.57522991762726283227 0.011271636529989621442 -0.81791411045191875218 0.71683197754275773672 0.48860895590996139548 -0.49740647781906355274 0.39403357450624310054 -0.87243007651861204099 -0.2891423589641275993
3.8109082456425991126 -7.302796096740468812 3.7271730907089177798 0.99415019333188270334 -0.012160024857450799779 -0.10731974139915251287 -0.068751602598720013004 -0.83757870762131059195 -0.54197336251866623513 -0.083298320743018697265 0.54618132734020041763 -0.83351505530868130744
5.6433336293106153292 5.1938855799903569377 -7.8626384567445963825 0.9717902729440671683 -0.0048222959274696695214 0.23579739369539445826 -0.0020484765765333076692 0.9995806477724337169 0.028884811623954082666 -0.23583780264256040682 -0.028553004409566234978 0.97137287216807532975
-2.5163278206565715678 -3.790431158879502771 -1.5820600395924462322 0.65506751442763300197 -0.009740520064742040629 0.75550756039262423336 0.7353840219125397093 -0.22136908159594301249 -0.64047331718741273843 0.17348455797988551752 0.97514145229410054139 -0.13784867123145314038
-0.16303453260346323361 -5.9061444721572868843 -7.6347206472457012083 -0.11843963428595985499 -0.0042731131762125448142 -0.99295206003801250727 0.92744164830681630196 -0.35770406197692466987 -0.10908617250094779227 -0.3547168476628435041 -0.93382522162827541479 0.046329401410678643092
0.76694486231301783885 8.5919290239319643376 -7.5791298819916601559 -0.91285607793274103905 0.010962605609469953938 -0.40813429439300841217 0.39221207402593394331 0.30123763931811375905 -0.86915221546429410893 0.11341723841489145808 -0.95348608062015294262 -0.27928627623642815481
-2.2545647692200616596 0.62191855246324745377 -3.0438311577856467238 -0.28612953213719805046 -0.0076136766892013190561 0.95816069777797618912 0.60885049628713761027 -0.77358972792173708033 0.17567016258983533805 0.73988577767755936421 0.63364103779750946543 0.22598245774717226619
0.020466451346722976806 -4.7323149880762036545 -6.7704584976713801936 0.3491834517460773446 -0.01244482591767667734 0.9369717409477734682 0.83612947539407433961 -0.44727389865030231508 -0.31754300490415038327 0.42303477091623015172 0.89431045274800213818 -0.14577515804072993522
-0.38671512024118687156 -2.1084012664461515563 2.9758365533873289976 -0.90968322293871772821 -0.0016483305381102663495 -0.41529955081894009972 -0.084979919435526740656 0.97957223650773128654 0.18225434632959380821 0.40651549441144851915 0.20108584353389322152 -0.89124050420386891069
-7.5849008720559858432 8.9358728975113894677 -8.0660375425144881234 -0.518988971738353011 -0.0012828920503021902511 0.85477997250863091416 0.38047593839511201219 -0.89581904469740769592 0.22966562533250201028 0.76543354219469483812 0.44441713889662981529 0.46540831442794899919
-4.7580465720977453969 -1.3811102936221171245 6.7629391791389581456 0.99629043963951657847 0.0046599747214551654612 -0.085928135780649755882 0.079346236799982025611 0.33676399986177391055 0.93823993898270763303 0.03330967710456664288 -0.94157755550575372716 0.33514500201932162504
3.7848075886245187149 -5.2964980258219007681 7.6371751282364526148 -0.49328689583898605031 -0.0055988395811999575047 -0.86984866004898808711 -0.86799700326773532311 -0.062360168634558940659 0.49263821581996597443 -0.057002111469089490614 0.99803800647231266652 0.025901678031417581238
-5.1740988730319230626 8.2719955998757512816 3.3207869423987887991 -0.19494704555318559391 0.0077054308815333082475 -0.9807835009649282787 0.94118160768173841912 0.2828540984116753032 -0.18485329419113241678 0.27599425862107379581 -0.9591319957892129322 -0.062393780633012867198
-3.2020431546283072421 -1.9093509064460061353 3.7904315400646999556 -0.94968608232482587539 -0.0054633966467739760939 0.31315570621556054753 -0.29944093367384999604 0.30896731643268965373 -0.90270389642276360753 -0.091823048734270551474 -0.95105696394757421874 -0.2950579249024208317
-6.2231139007178066791 -2.5739953132706805405 4.682187339378508284 0.98954015536062800429 -0.0058652561316537010772 -0.14413840466471922186 -0.080042011236864399337 -0.85358296248239007298 -0.51477121383885304784 -0.12001482144285498255 0.52092391472320642709 -0.84512408420520634955
-0.79241045258935582929 7.4145249713796941293 5.8269972426672058674 0.71227183045388475779 0.0066161608732360913457 0.70187254252994613068 0.50831607976452375386 -0.69442542040662436076 -0.50930157917071949836 0.48402851423743592507 0.71953426736228875971 -0.49798276626490634023
6.7088679572173512966 -5.8972311488593556206 1.0908070413955046618 0.96311130413130230377 0.0020660451921607663264 0.26909542417451048912 -0.26142210208420396667 -0.23002908141955080712 0.93741405272332789522 0.063836513033826897123 -0.97318156227837571137 -0.22100349871684560332
3.3551673961788113232 7.3773576014917319199 -4.0932072954606937287 0.11267239179686316941 0.0060656225035402022705 -0.99361367761819574529 0.63566534767599103262 -0.76901785452396831388 0.067387722823522192006 -0.76369791009981624619 -0.63919851974726982213 -0.090502787041369089915
-1.3790781468689321532 -7.3729100918616907734 3.2753143363614829475 0.44102131965268653868 0.011261972572417493915 0.89742596551765752011 0.88862414871078987399 -0.14573190041263150984 -0.43486703201100357363 0.12588613084738023429 0.98926001697017373893 -0.074278535825551383898
1.9051444343567132123 5.2277155860500386098 6.3839303247593912616 -0.91037425134724747622 0.012241255304183878971 0.41360473178217105339 -0.17225253191671166531 0.89762514903409529321 -0.40570698425046802793 -0.37622837178007806358 -0.44058965431546676106 -0.81506623582241077841
5.4159720739797672096 2.8750249922166686289 1.0490562329485024762 -0.92027481172053127167 0.010442923582087090123 -0.39113324617036576702 -0.37243523894882368808 -0.32981530988706753149 0.86747556400926029152 -0.11994275176850859033 0.94398771533895886598 0.30741003494855745348
-2.0065701102617574669 -5.9261203817011418593 -5.6162035810275678926 0.71537701359961669567 0.0018583988167248021925 0.69873619826594979276 -0.39549236058368814062 -0.82331924257466393424 0.40710099180195136181 0.57603951351747950671 -0.56757552022604740305 -0.58824867845734607474
-1.075160039052534211 -0.66840446095037886476 8.0697402489601248732 0.41968877850500863058 -0.004393455638650759984 -0.90765743909506824139 -0.76153376341329603871 0.54242022873004580585 -0.35474867532705584017 0.49389032829040052652 0.84009582370832480702 0.22430191842517985257
-5.2097493228143534338 -4.8582206099812088596 -3.3425334261121570911 -0.71678374364412134057 -0.0068909195665896819799 0.69726148615479399684 -0.69055820800067579945 0.1456835013340063989 -0.70845301806224902919 -0.096697601884233777558 -0.98930724886982157606 -0.10918214654083253923
3.6981850206859210317 2.8133962341751113101 -0.56950114508377991385 0.99830374474764271842 0.0032038397472524782032 0.058132337244187912151 -0.051703622374159749486 0.5078085901383616596 0.85991695599910489278 -0.026765064094502022396 -0.86146396975862737921 0.50711286727069693203
8.4469212877968136155 -4.8877323695051186903 2.2004148706864352647 -0.99512753746665771892 -0.0063205428131863413549 0.098393266611167748414 -0.061511464760467086943 0.81971671195307638236 -0.56945662859279078116 -0.077055329983492334978 -0.57273428645739443699 -0.8161114588323392649
-5.4268234366945709013 -4.5974213279033069313 -6.7378029100175922395 -0.89260583699439377536 0.0024790530115799958022 -0.45083109260522052919 -0.29062874199185767532 0.76130956322183196416 0.57960562736646537019 0.34465889527418136495 0.64838383943685118371 -0.67882887583339435178
3.4741175965597883568 -6.1982295790504577937 0.43175778161090572205 -0.80244519075591380641 -0.012630077191982613805 -0.5965921529675382029 0.47295605612722679822 0.59616312688319472723 -0.64876967801935125912 0.36386025450034609197 -0.80276397981901093104 -0.47241476257626097146
-2.8567277965158637265 6.3642526890182766763 7.3837416152954657989 0.14221476818903922013 0.0021885308667689328324 -0.98983340519602536212 0.98511087164529576032 0.09727861118602054713 0.14175133993086824757 0.096599846145626930283 -0.995254782524918169 0.011678509589750276504
2.9123394656842407358 8.6921937097331287703 6.9578564785244294555 -0.31062361053090492558 5.3949503754828834201e-05 0.95053299241548872001 0.48130532261946884498 0.86233516555328415532 0.1572362829254850547 -0.8196695425589215489 0.50633789048387456422 -0.26788762879522298732
-0.98520242410310843173 -8.0870886244744291105 -2.263668819905860552 0.83667851335450027506 -0.0010404800283921608953 0.54769332905570367043 -0.45890302325860254928 0.54451914813393609283 0.70207329571748777752 -0.29895999821875290925 -0.83874776584900745391 0.45510999192320911177
-0.75924214028541558985 6.3066301696577280467 -6.4756067338269351907 0.59759726017776582108 -0.0025239673537005248224 -0.80179245707130608611 0.48027465343167530243 -0.79961955253180294623 0.36047861029452071824 -0.64203876199107878797 -0.60050162430892806142 -0.47663825623168248891
-2.5114968539402138248 -2.4725610911329960473 -7.5129531738721437861 -0.89360090566225836017 0.0023904873941713493737 0.44885599803219261572 0.4034586846117695913 0.44253353168716103028 0.80086525904409056054 -0.19671937172203918243 0.8967487713415999151 -0.39641282760114987527
4.1398988751801804042 7.083950764840515113 1.0665304913672262188 -0.72568320548542619708 0.0078749386519058085787 -0.68798391741224407259 -0.30811111607378105504 0.89034710618611467847 0.33518587478833716808 0.61518405817149712789 0.45521425268465998126 -0.64368358587463203602
-4.9500496792870096741 5.2624155678729200858 -2.7522987394907292291 0.99919390958645393219 -0.0076274097408978065726 -0.039412607955416255334 0.03729091429663197732 0.53986340518475672834 0.84092621046860205336 0.01486333596891348946 -0.84171808009750437307 0.53971265955211211729
1.4067940799030755894 -2.3848910081577647802 9.1855865028216143742 -0.60829059077485247986 -0.0041014896125015892075 0.79370380807821128144 0.76640008300812700881 0.25704271643680814963 0.58869343014195607555 -0.20643030286332805789 0.96639133880116445674 -0.15321328385609922496
-4.9817156584021864418 2.0827643095296943798 -5.6414034165367823448 0.57395163662950610117 0.0032392733886024817694 0.81888279131894348151 0.78341010607817629374 -0.29333054810711234328 -0.54792864064767143883 0.23842844734848919752 0.95600559446850486012 -0.17089522766855441693
4.9322388206274307976 0.0014602297920903112641 7.971219147799890159 -0.95337287807101656067 -0.0022672645987801016282 -0.30178637290281451477 -0.1091751718066656246 -0.92965672610841532109 0.35187945871042641821 -0.28135553525686396448 0.36841991139552304757 0.88606197958597876507
-6.8733846223096959349 -7.8896864176931478241 -7.0337208459284488171 0.45172835552051154862 -0.0024628606129149443679 -0.89215213228256495803 0.80694733585390743258 -0.42536152378757324799 0.40976038271037784622 -0.38049637314535073029 -0.9050201701610891547 -0.19016046283221013646
-4.5433693952653406711 -2.7251500183886552264 -5.0961539005922018575 0.082997593999580579482 0.0026815575240298240856 -0.99654613974440464652 -0.69251641513346973156 0.71924540558650496003 -0.055741020026116402941 0.71661175971462609535 0.69475093075997629288 0.061552660762480969348
-1.6305703942909579585 3.2064702120536017205 -8.5776499539511892323 -0.99197683495630051276 0.0010228266769975262983 0.1264156348542452013 -0.095979526358158900878 0.64472772079156881464 -0.75836277371891558374 -0.082279337807905070235 -0.76441161677995494994 -0.63945679345938200022
-5.1112929820608083986 -4.6110551064855975767 -0.88496418386357544872 -0.85424718163902335633 0.0020610758683749213355 -0.51986296716347635272 0.51531327989587005778 -0.1287110171368550382 -0.84728135682947369745 -0.068658402433829188172 -0.99168000183218107946 0.10888892386923092193
-2.6623648448633745467 5.1808308663574784703 2.9191284125492900081 0.77348292480983271702 -0.0079738360771317504105 -0.6337669784439607934 -0.59567414023634213116 0.33249710255475034559 -0.73117576234891779041 0.2165559596999868941 0.94307056720651538662 0.25243102342519402326
0.68181458569667563463 -5.962040565089454347 7.416423490666173457 0.44005245337773613024 0.016553627101310541131 -0.89781947835072373199 0.88392489047151479031 0.16817149546387263892 0.43634291115881723711 0.15821070217052382589 -0.98561875263353737608 0.059372116144805989202
0.99145053815606931646 7.5631558434738632712 8.8182071687981320451 -0.41019288186910896066 7.8935136956261465341e-05 -0.91199879025879848626 -0.54852742281135535851 -0.79892704925150714867 0.24664394660797864245 -0.72860103354849226065 0.60142793728223531424 0.32775748682285144042
4.635040737163008906 1.7933897588850926663 -3.8992660502414233648 0.99766528797943421214 0.0025094642241362437318 -0.068247166609161455386 -0.015599791752515686921 0.98127829610687722361 -0.19196237153906642314 0.066487740660660446523 0.19257883626951269318 0.9790264409928181033
-4.5032634097783983407 -6.9957877629767084571 -0.014999145970566955116 -0.86811555893828118435 -0.0035906135397129955271 -0.49634915515578459377 0.088529175385188313419 0.98282023132366147511 -0.16194745446125941024 0.48840348221010970731 -0.18453048635738131256 -0.85288366039559770915
-1.4665788908894916709 -1.3417753201322206724 -8.076060365078092218 0.98842889692443547389 -0.0022506683366834219669 -0.15166822414875025249 0.1426097418253749749 -0.32687722092047122313 0.93424501282055094631 -0.051679563280750601129 -0.94506413376846143404 -0.32277392367378682225
3.9507122664642913001 4.2360938405289605413 5.1561070302366243112 -0.4003705830973020019 0.001254612772183077464 -0.91635245519251051771 -0.75155565756695819069 -0.57258432976835393902 0.32758400278842259024 -0.52427806531408771562 0.81984487023515084658 0.23018883330869172044
4.6691703369337265173 1.9014991022872580473 -8.1151021893941077678 -0.93293452716373514999 -0.01081494642276528001 -0.35988359918081674893 -0.26233508291894286346 0.70503219248421811205 0.6588701782831057896 0.24660387729180160976 0.70909283207129103488 -0.66058601499706404159
-3.8318435001286008657 6.5133996487270495734 -8.828087640261552238 -0.999905647598568037 0.0041344198668993113049 -0.013099712720877412786 0.013727646430773007141 0.26620522979926730667 -0.96381861745417296561 -0.00049761880498448186894 -0.96390750707723382718 -0.26623686855061157175
-1.6536649142783046429 -5.9785003443969824133 8.171070448855282109 -0.82623537522579004744 0.0057779699228809201089 -0.56329541076523270693 -0.44790111509347790841 0.59970506548509427969 0.66312775958302805357 0.34164264345037881343 0.80020025587035625847 -0.49290958063438417014
5.7813338383126877673 6.2664914423117048514 -3.1089953433815051831 0.70905850479254495244 0.0019118688726303140896 0.70514706376665758913 0.69456022747276768836 0.17075870540086415805 -0.6988759224231415601 -0.12174615884794404153 0.98531102160028416481 0.11975000425275859894
-4.3117314512755982037 -0.37060143067222023339 5.6672272185636369812 -0.81576229343661987858 0.0085200111476702086039 0.57832455422272299739 -0.57200364368072886823 -0.16003075381901421537 -0.80448865091317123266 0.085695462090351226525 -0.98707525915809091188 0.1354205321764523906
7.9741705215345835001 5.352697792273430899 4.5364775123223175513 0.99008262054033235877 -0.0047671459475217290228 0.1404054088106174436 0.07055725059835747659 0.88110617435579574597 -0.46762547396388437493 -0.12148283373293849996 0.47289447430836079045 0.87270426679175827633
-8.3400531784233766786 4.1711982783922971763 -5.9505146222074314366 0.031464584914715085229 -0.008943851302124852104 -0.99946485051743039207 0.94888192152137040836 0.31446932891768214491 0.027058088999298252758 0.31405903729430401095 -0.94922549939081191095 0.01838130571235014124
0.10858850847548168206 3.9780527771071141352 3.7058327173904115348 -0.72764087252230125191 -0.0070985775626810371924 0.68592154859850251736 -0.68056974221142152448 0.13256110609710264336 -0.72059168683557861534 -0.085811343198171657898 -0.99114941524822020025 -0.10128795600499714002
-4.8089695064091300125 3.9848003301729852943 -0.26049861771450821823 0.97795636016909104349 0.0014327050123116985818 0.20880446585539819138 -0.01766479338616733577 0.99695938992725252614 0.075894202085686909842 -0.20806083888953780248 -0.0779097053771445891 0.97500808464780930329
8.189274358134175813 -1.8129604032397796942 0.9557579261295751083 -0.72635530197658804141 0.0059041442614451737289 -0.68729405378710373142 -0.63028785483014060365 -0.40454085906418690843 0.66263407201975721428 -0.27412623979481237635 0.91450086628086924012 0.29756170826839856147
0.72492115389178024554 8.4930878442661779104 1.6059575046703433721 -0.64913147842855767333 0.0020533512300254345984 -0.76067345652529305688 0.0040496350072166727857 -0.99997285707113769959 -0.0061551261125840526708 -0.7606654482551922225 -0.0070759359719444435421 0.64910554377585627517
-4.779351839912885147 8.9282028973009310846 -8.8088056416323645692 0.99874301076555993539 0.010249219208641528051 -0.049064773030624099504 0.038353131655301242464 -0.78649099121884480379 0.61640973225930351109 -0.032271283506464645829 -0.6175166995615787302 -0.78589547016341021468
5.4395158931385552137 -2.8113233704223556941 -0.39285473853172775405 -0.51910666833095886474 -0.0054397571749689654572 0.85469215272871912337 0.38343695267802435644 0.89222399996165036029 0.23856327716849307086 -0.76387457754231113949 0.45156034251717797057 -0.46107362411050650808
6.3703578607911524045 4.3251417499317286186 8.4726794791093666959 -0.023536473356885828645 0.0052206095227964859767 0.9997093475897519399 -0.33404229781142219524 -0.94255349236663288348 -0.002942329099663638925 0.94226417617085733713 -0.33401445966290210787 0.023928289561680613634
5.1115345687861166724 5.4249051075065111149 8.8033375088582381807 -0.99126422996627205908 -0.012507425580273937374 -0.13129657533510191714 0.088529189623069548531 0.67481072009849740745 -0.73266163720010535343 0.097764047451178365256 -0.73788485303971340645 -0.66780845658064291737
6.8460761664452416397 2.0339246235343444447 6.2875849226508835343 0.80008142023483286298 -0.012293161357821930438 -0.59976545347230458827 0.36056653039405245353 -0.78918677864046560266 0.49716798527144184794 -0.4794387324305761644 -0.61403021635994936567 -0.62698117614661774688
-4.4943982931939450154 7.6940936864366431536 1.9716139455242756018 0.24551600244577034826 0.002240491047799601787 0.96938994875279094199 -0.89100767230142596809 0.39445102642103929691 0.22475256540350599388 -0.38187330417717546549 -0.91891423318778953089 0.098840333880754652207
1.1966424113561531239 -5.9735547891795937048 -7.4665680034379064978 0.14252720548451933147 -0.00021524833749112393805 -0.98979086142708694318 0.82721900837193484968 -0.54908225245891484345 0.1192367066904313766 -0.54350226115880040378 -0.83576828948124692875 -0.078081101507772726622
0.35676894397128811054 -6.0838378581320080585 -3.7138723292310658053 0.66859171458579580438 -0.0075862651953142231503 0.743590994948002737 0.36623229559799697075 -0.86691203664671356854 -0.33813817645709953741 0.64719318974183925874 0.49840342023000699934 -0.5768318696591299144
2.6716956819234458642 -5.5774890424477785444 9.2092015229842090207 0.10872402408366568793 -0.0052786764087513543195 -0.99405795714448053069 -0.73055231705199119574 0.67773201166411922713 -0.083502289880124203059 0.67414568057396728751 0.73529004885191773244 0.069829402276988680742
-5.9577213024310280431 -1.4025742478508167466 3.9600607457081444807 -0.9617438344929869487 -0.0060042484411258652266 0.27388454833299863411 -0.12932154751950067362 0.89130410465927012442 -0.43457212331748729106 -0.24150514313801640931 -0.4533662338751212606 -0.85798270601435455696
6.2451904260857578066 2.9117674796640047319 -5.2741231137033626197 0.73250703683671758437 -0.0037046071898843742354 -0.68074937889805553493 -0.27906070493125068044 -0.91373952317021378544 -0.29530527722984833972 -0.62093362281951314241 0.40628359514274198228 -0.67035444085214379584
1.0265957281107667143 -6.9287762645194330702 -2.1520494794645603776 -0.95017306533972145655 -0.0035158704254498697114 -0.31170303905793816934 0.2721977688536089679 0.47796522307765842985 -0.835139281892072316 0.1519194540996067766 -0.87837172323753320846 -0.45319266905217187036
-1.758410316608443269 2.9177240594120541495 5.5118947343399415928 -0.1299184373572301876 -0.0092611480182506616954 0.99148143238901553786 0.49207678360815321206 0.86752074139656265572 0.072582382715662890904 -0.86080290349685451012 0.49731478399927048217 -0.10814974316783888819
-6.4907155107848559794 -1.4284205325134871067 -1.0778869204606278398 0.71572631766573968637 -0.0029402147071506002513 0.69837467976600553499 0.53220455295443325205 0.64980294951440753515 -0.54269184683102811295 -0.45221029622850322793 0.76009702139920276576 0.46664586791807866062
6.6892205266075341896 -1.9169750207560460886 2.5939580537733362142 0.84734781806410663929 0.0027398032199124197281 0.53103123137933649911 -0.53005704278681631259 -0.056398996892164765526 0.84608432472261418944 0.032267733325407679801 -0.99840455058442822978 -0.046337314965071978168
-6.8166085714063440193 -6.0667737395397907108 0.73995508803616927285 0.97728986779584725575 0.0043566630739107319037 -0.21186206312246375072 0.083975968318101612553 0.90997018036470200819 0.40608165138593893539 0.19455732072766199203 -0.41465080529775055762 0.8889387822664912564
7.2770561110808671401 -8.1735106914636563857 -4.9459826096550081331 0.4791070567055867313 -0.0014397452784679011691 -0.87775529354598835763 0.20575827515986239158 -0.9719513732513463955 0.1139037323275732122 -0.85329945530157191858 -0.23517749715567592972 -0.46537252219439045886
2.5438993625385455388 5.0763224137888514065 -7.901522898972560327 0.65100489203091926882 -0.009227472800897721858 -0.75901744663585057893 -0.66703805066969756865 0.47028754224637242531 -0.57783204010054967092 0.36228837893403376125 0.88246500290585572213 0.30000441519373460819
4.1811378939601988591 -8.2825409749896437006 -4.42284482968737791 -0.68566573025027088839 0.0061605236255828166661 0.72789048235906739226 0.63998459952435093889 0.48153685182571437373 0.59878374452306271092 -0.34681726994439276979 0.87640419230068211665 -0.33411595739492100376
3.0374013582413792456 8.8752975391844994846 9.2092425739466623469 -0.97556125033018548098 -0.0051976061476767003097 -0.21966618252354677687 -0.06276157597978319902 0.9646622517213098158 0.25590569490421882781 0.21057357724716094238 0.26343827549209675176 -0.94141332238869213089
-6.1185128054173540946 4.1503781435501725383 7.6704046905082599039 0.36664644773128407529 -0.00074253301805270871538 -0.93036005450075609513 0.16419115066398751179 0.98435533277677245145 0.06392061386984040916 0.91575741788417408529 -0.17619315389259626592 0.36103230341865655273
-3.644973474474667352 6.2790774236103370498 -5.0350170797021203128 0.99090427286951432428 -0.012540181172224627859 -0.13398308051844287636 0.031832744154697487082 0.98923387108879989871 0.14283915671178723517 0.13074937249787335625 -0.14580497984197046679 0.98063525810811436045
-7.8483042149099722096 8.9311581213929844836 8.3214686922760137122 -0.60417690275151736401 0.0020206597721827428311 0.79684765615248420723 0.13341119236773951728 0.98613846106217095677 0.098652873070530500144 -0.78560277744702133873 0.16591218324193623967 -0.59607165971803988125
-7.2594352764301994796 7.6133584931737035006 1.5976042475052831815 -0.98726114540036968847 0.0043140778899250376704 -0.15904973912178932416 0.015084810257356457905 0.99766743217523290443 -0.066574343979607028543 0.15839153791241555869 -0.06812549822772449859 -0.98502336886439667563
6.9527734197659674109 6.3664771895661127488 -8.8356129393720301834 0.087020633648675738137 -0.0066642671898508804365 0.99618421833633741258 0.31180454270275992368 0.94991675614822856932 -0.020882613302323140003 -0.94615291389347433437 0.31243198288780010818 0.084740306817023575148
-4.3250745168665938323 -2.6005644157449840925 3.1214819931674582243 -0.95130769127853787026 0.0014063593121894772155 0.30823967730945672772 0.27779984830330856083 0.43723398979566563405 0.85536757154443310291 -0.13356990977377528051 0.89934668527818140138 -0.41633474378436019503
6.4465734529133715824 -8.2071672870701224412 -5.6700886532018781594 0.54936843700591297956 -0.0037181188627982367928 -0.83557195741239820297 -0.83451771237673721959 0.047972023564959304087 -0.54888876166720257377 0.04212491128960629827 0.99884175951306219954 0.023251479558374157919
-8.4453645690232121979 4.0479011700356863912 9.0240350572227416848 0.3249435436632394647 0.0024990403254015478365 0.94573011384276906011 0.90809874334171047927 -0.28011681365318463754 -0.3112735823207398167 0.26413702083100876195 0.95996266880879321803 -0.093291525447106463109
6.8881619174846955289 -4.8172146435730667235 8.8819070469899354947 -0.94196814105538106965 0.0026032030126579772111 0.33569218723545413141 -0.05175274304660352348 -0.98914186048397456652 -0.1375501124148228449 0.33168912376511183737 -0.14694081520182317169 0.93187484245673846139
-3.6425633176367084864 2.0092167558407605377 -6.0113738477230489465 0.70130578935680487618 0.0067133381730353370448 0.7128289562759492215 -0.70916966923111046661 -0.09505375881820526951 0.6986008611341260055 0.072447015517285787145 -0.99544950350345628998 -0.061900855547720928795
7.4513080346387763342 -0.060013107421890247994 -8.706885338556796583 0.33438607657992380773 0.010291292167339417124 0.94237998763512076383 0.81041339514065657834 0.50726976735826578846 -0.2930998329935648461 -0.48105725310620350843 0.86172586849277277299 0.16128374624866143039
0.17182386879134423086 -5.2462948548906629398 2.8629067522099962417 0.95028662201522384745 -0.00089023718890867461345 0.31137524547855133239 -0.1705319181733361833 0.83520232525779047883 0.52283452522563711451 -0.26052677578940391934 -0.54994207273264672509 0.7935297825130732674
8.2009281877593576127 -5.0084105081901366674 -4.5321329930940930097 -0.19800688930000132082 -0.0042875802805620822841 0.9801912509531670592 0.97658165500084914701 0.084987971143468676871 0.19764947729848361679 -0.08415190375245905352 0.99637275224491061998 -0.01264103154773936824
-7.114954282743310543 -1.6009532276925926286 6.6055713947048646517 -0.49866477165997591392 0.011319465030790128168 0.86672101348504482221 -0.31879609925036472839 0.9274356262674164908 -0.19553057620851341247 -0.80604124746056893258 -0.37381148837519434514 -0.45887087350475785907
-4.2130365143768555569 -8.2276604870323417629 -7.8348175429146929005 0.97775845140557227086 0.0091626914129662537928 -0.20953390129237761674 0.18268969607966889512 0.45351138927422385283 0.87232556694440854805 0.10301886065666010506 -0.89120338020256562039 0.44175066436221899213
5.526113663708638768 4.0896885910654692253 -0.081641591491548440307 0.38666276168759250442 0.001960695241074943574 -0.92221909782765498775 0.44994823739197203905 0.87249858152743731132 0.19050671615552075555 0.80500838032410704237 -0.48861271054535976299 0.33648049973406196633
