1125 17.292696884352682929 17.968806560800352656 18.477561601407678893
-7.2726651887398112706 4.7487614163662605904 -5.270506960301653443 0.83085876343097431196 0.002023590683504511694 -0.55647966747286436995 -0.43848795328714301744 -0.61333859766065179642 -0.65692014692946043564 -0.34263979636379515714 0.78981749138681645039 -0.50871042867978943924
0.84436899290797540196 -0.36444488890328874398 0.63781982827866401387 0.89916615430634749817 0.0078081077017692858064 0.4375377245496976375 0.39952533851799371112 -0.42259421094093652105 -0.8135069985937778414 0.17854895920180860469 0.90628536694198114088 -0.38310194835674626912
4.0574357489807368893 7.5525641277626620607 6.6635039208178872272 -0.35869855467846495367 -0.0091457012523962540745 -0.93340864738885198637 -0.86037218685768213078 0.39110341464911485554 0.32679935607577215162 0.36207049997683626863 0.92030129588020492815 -0.14815693655126951911
-2.4148378375561025955 5.8318753057267143092 8.8715678332246330484 0.99693051087424644496 0.0040649528212902061308 -0.078185885214948777633 -0.05809170312233009198 -0.63109724832566926889 -0.77352544701799519355 -0.052487241465288311804 0.77569307030211553933 -0.62892396215182222452
-7.7506969031773911283 6.5863518692609464011 -7.5570896208313822484 0.1881729573610942674 0.0031044087947386979354 0.98213099979795803751 0.013373708462052717044 0.99989419049501149228 -0.0057229133303027274887 -0.98204484726515450799 0.0142116311888285142 0.18811152941552622408
-7.5965081528215989692 7.7597146585528573581 -2.0215819445197169557 -0.86420789664590036416 0.0022815652189977541145 0.50312971074537604643 0.25723799125075375027 -0.85740742104910083743 0.44573661526430857771 0.43240412490167173809 0.51463317886622117481 0.74039135865955074678
-2.7777506079097422642 2.8817208394641742331 2.3565871975985230868 -0.56447861780805896892 -0.0046546838495329558721 -0.82543456673181914152 -0.25319459965038193516 0.95275583859471191239 0.16777606125829391814 0.78565665830917219559 0.30370157382179036043 -0.53898883969239963498
-5.1117043927766436795 -4.6156273838311614455 2.5430841172963853936 -0.72871010637705857516 -0.013285861539357762817 0.68469341076665157786 -0.63937693450987220789 -0.3449482745440120568 -0.68717379425142433025 0.2453135065195788389 -0.93852766276349230967 0.24287262041400767276
-1.809803103592384721 -5.6592892263919143403 8.7111686257040723547 -0.66993885174425138462 0.019297331070858500524 -0.74216544512465520977 -0.26988080211334825043 0.92494280284925389779 0.26766614299913793484 0.69162582916943837752 0.37961615412279819948 -0.61444714008196577026
4.9734085835672079412 -7.9428582157410376752 -8.6301478479375770547 0.99854497896290528303 0.0027679543903628080377 0.05385409377674453546 -0.029232218711333746164 0.86699834047541146642 0.49745286711629210785 -0.045314483084638750021 -0.49830333737740617472 0.86581775309907582638
-4.2641925786007170984 4.5867969581649914446 8.9947491140114941288 -0.49645024402991616563 0.011530549931292363719 0.86798859532895766833 -0.6884256760789649876 -0.6143226441262846782 -0.38558757426662032541 0.52877901217597000905 -0.78897068090774247207 0.31291855322172884568
-5.7522292760393733957 6.5165758420588950628 -3.8864506964497449459 -0.33177378183598771333 -0.0033141820544758376216 -0.94335315438239075725 0.72808787574992828162 0.63495744368784667877 -0.25829651544581905265 0.59984514907774566517 -0.77254000602100547646 -0.2082492166252667698
3.9853639027772436165 1.1787274318146179208 1.4505476638677825552 0.42392570796570028246 -0.00432416504355741943 0.90568664322856018423 0.37720131728999040099 -0.90829326788491593359 -0.18089363103791436527 0.8234112947736209609 0.41831165548198556703 -0.38341778587786062849
2.463645111265079013 4.4810723256461155728 -2.6055502386635747136 0.74719320955141732554 0.0054490880578630463207 -0.66458454318449766696 -0.5918449251981560133 0.46038665140962775624 -0.66163714808100659859 0.30236053333294832246 0.88770177348209511337 0.34722279481553125491
5.1216051361068792858 3.1423976608203649796 5.1565283788343165838 0.71077413380551823785 -0.0015907463362797450226 0.70341851002013044969 0.28146030240360497832 -0.91581243087855146445 -0.286474588086759685 0.64465512398795632443 0.40160311375108231902 -0.65048805534096965086
-2.0599965552071095587 6.7600080116109513284 5.4570161663527310125 -0.99497152915883180224 0.001832985804871425017 0.10014138168663092032 -0.093876148631569733549 0.33145455855198530104 -0.93878919057105680857 -0.034913104719713830559 -0.94346940373170862237 -0.32961577532142927183
-5.7009897930975048652 3.5687415620095905844 -0.86335939153882357289 -0.039491356856767204087 0.0035569862482204110676 0.9992135810638002047 -0.5436369427749139227 -0.83911660066469462294 -0.018498782090890637103 0.8383909035668041243 -0.54393995839374886803 0.035071562250726454057
7.412317332035503803 8.9216225327692839642 -8.4438405230693032166 -0.75859150836983213484 0.00810136500219058725 -0.65151614816092007221 0.23043737275004133602 0.93863502248542873829 -0.25663770534326640904 0.60945675865438553309 -0.34481685348718293938 -0.71390741478259456265
1.1763644012316760712 -5.7324351402229263286 -8.7528542950163252812 0.95536891037370452739 0.017562936429182295084 -0.29489284215650951593 0.047081980094336853271 -0.99452408087087118549 0.093301338242526316025 -0.29163938732896987904 -0.10302133677757545349 -0.95096428530556220693
1.9714503887001861848 6.6544058009241906504 4.6628583077775491716 0.12635276278213014578 -0.0098986174441997691609 0.99193598417942385748 0.15580944857433728923 -0.98734053902205920483 -0.029699759911569166559 0.97967259585663801769 0.1583056454348662212 -0.12321090678658828954
-7.0739515135036681315 -5.7958643675592238509 7.6349495675669025729 0.99999178137096789154 -0.0013875519569858418053 -0.0038094474407593427456 0.0027471280405854873845 -0.45913208235120239742 0.88836376797078020484 -0.002981690420790935464 -0.88836693187858706278 -0.4591244971321105095
-3.3432246547760042787 -1.1852855021536268243 -3.8692151654895416968 -0.98388036999546102379 -0.00065042793406030856296 0.17882671635157665335 -0.15722058869708072093 0.47964646068325550443 -0.86326181384561129217 -0.085212111975430576694 -0.87746159442893334468 -0.47201699786671313941
7.8268461887321132409 -7.9173605133518014654 -8.2212308515378609286 0.91877779506067791537 -0.0046976782112681126496 -0.39474712807450734742 -0.34351361041153244402 0.48323826823286430976 -0.80528204722160501294 0.19453987448794435311 0.87547627491264568 0.44237487417300702663
-1.1329487188021749589 -5.7064845453236028305 -5.080931434824146109 0.72063617147203018476 -0.00088676006737041773026 0.69331286013085435815 -0.2138003549977863238 0.9509799453098082278 0.22344250227232240191 -0.65952476569801299355 -0.3092512850021461035 0.68512095731744349081
5.9513262940400979417 -1.2156683383419106814 5.9845526511245097367 -0.75278981192585592286 -0.0027507542004989960979 -0.65825521829448885303 -0.41855510130135631375 0.77380632478081590175 0.47543180257921274778 0.50805425520843239262 0.63341629682272360125 -0.58366485990192651379
-3.7394077909590190956 -7.8939083133012886151 1.0441008059430922916 -0.37404481215518414761 0.009633969645371512347 0.92736059067044762649 -0.62601706001889156905 0.73514040070824537842 -0.26013694818731614156 -0.68424638768906320685 -0.67784642646815085332 -0.2689444237367969448
1.1872183800412914323 -3.6569417318596322275 3.5144824310241813414 0.93748437717933630342 -0.001546523657133440496 -0.34802392275415428013 -0.17886334350570928797 0.85567983481840659277 -0.48561293705499314344 0.29854806463051181131 0.51750326428880133456 0.80190986061753877223
-4.6823164680333597687 5.5163726198651881205 4.5856469354846396413 -0.41296539381400093616 -0.011106695362899616369 0.91067899109971972571 -0.44474449016850581273 -0.87013511803532495037 -0.21229040210565602864 0.79477161623751568786 -0.49268805311220958965 0.35439605012421948604
-8.0780234009073534907 -3.5613992790334023653 5.0973373982199978727 0.63896568645368101436 0.0074248057323320461667 -0.76919940444203360741 0.00988679017767048543 -0.99995008863928813714 -0.0014393088073129051488 -0.7691716992417036991 -0.0066852441763605215813 -0.63900720230350016582
-1.3568512828862948627 -3.6434825583123138237 -0.61250521848094519051 0.090368392248177581427 -0.014123499583807886879 0.99580825485746382597 -0.66441674354633528665 -0.74570667319788341842 0.049718693098845530287 0.74187865893133553286 -0.66612467624894455831 -0.076772202746589038314
8.4646266378765133709 -5.7733802314215383333 1.1293355915954512714 -0.73739578595319332788 -0.012422928001631167172 -0.67534667076853904799 -0.021765512487626953453 -0.99887463091143480209 0.042139461170958916747 -0.67511015199345258964 0.045772727485833955563 0.7362955521351505217
2.203818927854142018 5.6628373870457746619 1.8223077722737133222 -0.32994130146955974459 0.0036873645819999380929 -0.9439942483547922869 0.9402198285376335285 -0.088135213209376173094 -0.32896634815313774425 -0.084412153207925694209 -0.9961016953779603389 0.025612513656525337513
-8.1633961321363148755 3.5366683226873738555 -6.1190652279051187534 0.61606832130597077857 -0.001114842908361453333 0.78769193255242375695 -0.71193712087876892536 -0.42868793855169240459 0.55621235805643942651 0.3370539413770287096 -0.90345194031851627781 -0.26489475671795681411
-0.81360977569726722347 -0.16377677503527221514 -6.547164582381436837 -0.16877307688713849565 -0.0078979696640916283862 0.98562329040727958418 -0.89121277685798117041 -0.42590806182889429099 -0.15601957965078763757 0.42101714321796568363 -0.90473197409189642926 0.064843042589893040706
2.7113507207027249812 5.5936740946520178142 6.0584857257665900576 0.72995736349494910744 0.010281267737719802097 -0.68341535175360867971 0.63193093811199241294 -0.39114190026582257298 0.66908243386945454034 -0.2604333637147563385 -0.92027295374224959978 -0.29201396143718788556
6.4718553835224845727 -5.6780733591581746822 6.5761460207940647393 -0.40388087685652235281 -0.00064744587730070773945 -0.91481135657776924131 -0.44555892085827852878 0.87351312600702313294 0.19609198539714245424 0.79897276884327250723 0.48680016383224172793 -0.35308372256379028098
5.4284992660681092858 7.7247242083847433847 -0.73101903313857119482 0.19484583163812763118 -0.0014562269678789845594 0.98083279986792737404 0.23709205562228069519 0.97041365802376933214 -0.045658399902450012842 -0.9517470562361378672 0.24144401364282139233 0.18942631607593946041
6.5770811553994343868 -6.6865371454117727978 -3.6847609802442082838 0.97434187108049008508 0.0074100378667322696832 -0.22495112713221157574 0.1231799672922408162 -0.85404619589471064689 0.50540260281852145141 -0.18837360196467226037 -0.52014439016153124484 -0.83304573671933557222
4.4781132812181505543 -5.853044060952163008 2.550114646783887995 -0.68148098061617146115 0.0010834658873991468223 -0.73183502181860504709 0.38296546637424044857 -0.85162317285261202038 -0.35787626775850456262 -0.62363541001389166674 -0.5241534103312067705 0.57995006493230705225
-5.4981324231751633747 7.9367236823325795214 1.8703039248167034891 -0.74230001708622783685 0.0063473046793412141522 0.67003760816629043262 0.4277077795765336643 -0.76526046456824026176 0.48108468761553413451 0.5158068823924221169 0.64368946945850047392 0.56533806433386601942
7.8497843855561901805 -4.349321278213493791 -5.5310305723945196732 0.40671768547806697036 0.0102501404699435264 0.91349639240643709659 -0.47718876638248447497 -0.85029794599551866696 0.22200064025747529017 0.77901964388428457386 -0.52620180316743758731 -0.34093996067567533537
6.7235242139311948151 2.4413366808976082467 -2.0724578406142519782 -0.69767723385749902398 -0.0020958742869839706163 -0.71640916009494171046 -0.23156468226637730301 0.94697670787057353081 0.2227395624437031596 0.67795595379324569141 0.32129538132644874793 -0.66116942053781546651
-4.3867432145206022298 6.8816600707382447055 0.5886809970592925545 0.49493121123832056751 -0.0091136312219645965182 -0.86888436392204526637 -0.79092816023186174323 0.40935518339202986438 -0.45481972162859707343 0.35982737735508874 0.91232958713177048082 0.19539442916763183344
3.3403226080819323762 -0.96916680134754429332 -2.8840571018885272636 0.87738202552344968232 -0.025313474297969817961 0.47912421072939048727 0.0025628369670985069392 0.99884027666633934395 0.048078410704460831926 -0.47978559081624200244 -0.040955216128724852842 0.87642937942365217729
0.34033857227820063507 1.0494490574109593961 -6.0074737133787827759 0.97603551479706396332 -0.0080081303283229786361 0.2174638905733533023 -0.02540823927027824336 -0.99668127423349606175 0.077336013404605635779 0.21612287068211727403 -0.081008070220116842886 -0.97299979307668682527
-6.4006174191153215602 8.9406242244462639235 5.2883965243478776586 0.65928271167412011433 0.012943002369262905302 0.75178373537688236716 -0.69145868291275769391 0.40318485389581731893 0.5994387903808773288 -0.2953492778249094397 -0.91502702270398683648 0.27476235515370595053
4.7648905328050386032 -4.5579769979361310916 -2.5643066869757378257 -0.45850833757507347688 0.0054953222601787409321 0.8886731152722944227 -0.73679881864122320767 0.55676260420549394947 -0.3835921055072171737 -0.49688792018242827764 -0.83065348009362516279 -0.25123134912879124814
-1.7822443962848142363 6.7337762984736526661 -6.5139029372121548533 0.92652507142251805394 -0.0037123702616157485887 0.37621471307326881384 0.3682138647717163038 -0.19640672981554796461 -0.90875901441089934618 0.077264751443351306626 0.98051548421749623596 -0.18060881316890253778
-3.0580855584433743743 7.9668634065883727757 -4.3137870140068459435 -0.61349183090233583293 0.0096478961839088946129 -0.78964212876171868682 -0.35069505908387532678 0.89258889941576591287 0.283369074130959131 0.70755971405270678964 0.45076820511095011534 -0.54421252862345370627
3.9464621428853190466 -0.18744818376045435659 0.18650649752917869417 -0.82284732906461799384 -0.0087625342706278558369 0.56819494105805734563 -0.55919435127858030388 0.19039915483737951396 -0.80687659486133089803 -0.10111355274583408437 -0.98166765243144049613 -0.1615693956813232246
-1.0932369680338789308 8.9389827032071504931 -3.358065868911084273 0.87462759430199576993 0.0075711456645703827106 0.48473626750937459651 0.48268207841881238807 0.079659334452268706905 -0.87216535221713131776 -0.045217059379840378319 0.99679339292949120654 0.066017795730325970482
-2.5629708372994404186 4.375593199265409794 -2.2683265001141799111 -0.34942703795397672684 0.0017422982818543061509 0.9369619573619238917 -0.723480289452392622 -0.63593591191972398402 -0.2686294598590013849 0.59537972414300510682 -0.77173990458390862024 0.22347372049601585409
-2.7426992602802728882 -5.8073558819545043619 -1.3279287097794605366 0.11212105013838769008 -0.00088664172464037686178 -0.99369416018327350049 -0.56286752897553637975 0.82404655098071444286 -0.064245051496562913251 0.81890720777208503289 0.56652139913984855824 0.091893902822289666443
-6.8417961612948738903 -1.1562239717528075555 -3.0134749077732965183 -0.97798855231976344893 0.010135060033401331603 0.20841226472948992665 -0.10081915888122346125 0.85153635404437211243 -0.51451077242684872814 -0.18268521761229100653 -0.52419759470909321752 -0.83177099791163289222
-6.8365028411679400477 7.5829336896961780923 -4.751406617644749808 -0.55932887271362163872 -0.00013980243390144392324 -0.82894583212904282554 0.3012190264716292365 0.93160828067317735801 -0.20340380889330972325 0.77228123778897472818 -0.36346387968555321502 -0.52103329828669653345
1.309882604840779674 0.96904084431977677294 7.3149829292766677113 0.95792928478895800204 -0.0021910875897038000967 0.28699596596297632933 0.029467462403548045496 0.99543708281441789509 -0.090756172334902074361 -0.28548757241470940071 0.095395038091937195412 0.9536228985839629857
7.3091235785720130025 -4.5530855368318681187 -2.6818177213766438705 -0.77614304119980093155 0.0037898661035844164596 -0.63054549123127756616 -0.52844915709803330639 0.54164738246772836661 0.65372746724344810154 0.3440108544212723829 0.8405972578951650398 -0.41839309513841105304
5.6274833063395464094 -8.8857693070051873008 4.4343412895091969261 0.71760350930210958786 -0.00028156421235609255249 0.69645181036369163685 0.67981138775643235039 -0.21700821392507099739 -0.70054543904426302969 0.15133301197687301642 0.9761697371925883715 -0.15553444530228746623
6.4953670788002382253 -3.6676655825085813234 0.26328053297757003648 0.65121038236265038623 0.00041748298360226566116 0.7588971363834053907 0.75409339929757468468 0.11198285156561978149 -0.64714989460785110609 -0.085253639445966797328 0.99371005160604919393 0.072609574423747463845
6.6544834500366993879 -4.5406108937198181863 6.2548220779231566979 0.099147017124749908801 -0.0029368670528142799825 0.99506846186935937748 -0.89883076650308368905 0.42878238422554532105 0.090823566135281821876 -0.426934564286929219 -0.90340303397211385583 0.03987274792735931439
-4.7218132782911430567 4.4462194176729914474 3.3678708105985331045 0.84274800958743290025 0.0014990182877294647851 -0.53830618172278676958 -0.34834087655707512976 -0.76088105035199260495 -0.54746567101005771949 -0.41040763401300356383 0.64888965175873114521 -0.64070882137262452627
7.1770906569991570478 8.8220633439379323448 -0.67262580342595923444 0.12446404849657173586 0.014196693127824549369 0.99212255016002437458 0.42012020683791062581 0.90509019162051451701 -0.065656354138183423141 -0.89889249214690392087 0.42498258662741755787 0.10668687185044382904
1.3163776934203010871 3.9841002892368382327 -6.487439137182490434 0.96046195582691185066 0.006398279009783517518 0.27833773268176148497 -0.043154699508697109966 -0.98423166478507784216 0.17153921401445854089 0.27504636576241353607 -0.17676847020920949394 -0.94504095393848475126
7.0296441436201924091 -6.953595248054455169 -7.9569609055748831139 0.15841312150720995855 0.0031494801734747151362 0.98736789683919023997 -0.76171223020594647224 -0.6358927316006114383 0.12423732229952325068 0.62825135199927462093 -0.77177102476843140177 -0.098334754989762490629
-7.6644496552299914427 7.9313001544166521484 -0.4047863347474928708 0.72416094108040207633 0.0019394442971463774026 -0.68962828391057262589 0.68329486961329222172 0.13322599394130338335 0.71788505744189257118 0.093268711654787145315 -0.99108378712091771412 0.095151848810792596933
-1.3994268560377027821 5.6150940786345282518 -6.5515154224134741767 0.74065405637327963451 0.0015014290490456543448 -0.67188489675588336514 -0.18268947032781068796 0.96277166268028313567 -0.19923675105559193743 0.64657259933365140991 0.27031180375758473433 0.7133550326030000388
1.3871893684710392414 -2.1115148117701130204 -1.0009247653741637496 -0.99810058448884364513 -0.0073560793423158455512 0.061164624904672747208 0.0089676691800302174573 -0.99961870099737937245 0.026115771590399100566 0.060949193206235145748 0.026614671010675300389 0.99778597661755086268
1.1039969164389944467 -8.6409802861710325317 -8.0660333449938512729 0.86036858297586438216 -0.0010171525321729288881 0.50967133216321613975 0.22796998409683846831 -0.89362052936725988594 -0.38661613500269265131 0.45584601323174400722 0.44882214171572887285 -0.76861114832319354928
4.185072953630198711 -1.9959908993962849344 -1.8367004971186027262 0.96456527377789458289 0.001262935084577434218 0.26384131142875583143 -0.25975880293484043815 0.17984181344170038774 0.94877936657339367876 -0.046251453158681517241 -0.98369473269537799354 0.17379722652491808033
6.1663602046531389433 2.2783989992915909539 -0.71679433201906572748 0.70526299998390828971 0.00059337343344496255165 0.70894551889503842901 0.070904624694671986029 -0.99504470151017665458 -0.069703487668355282314 0.70539112203821319191 0.099426806768564579553 -0.70181028422591207327
5.1848559258654711712 -3.5056590060792767183 -5.4766681697926182792 0.3774189253703688629 -0.0023316418871422543713 0.92603969581152523194 0.92475569036159688263 -0.051752959383065254284 -0.37702591998335543977 0.048804384191870178733 0.99865719575910527617 -0.017376347212083132626
-0.19602191391459136693 -3.3470348998201671087 -5.5767039946346494972 -0.88207609694615596307 -0.0053712611509688958089 -0.47107633006734528358 0.43605500502059746371 0.36917819718607070012 -0.82070913929264233122 0.17831935338746660036 -0.92934310578803902558 -0.32330109794342820617
-0.80465310616685825629 -8.0496855614949858193 5.1949748669575983584 0.81165208100716812467 0.0036342479221166297532 -0.58412985854043031342 0.014494174670097557597 0.99954746983573561359 0.026358574422752193561 0.58396131575401577507 -0.029860471982311436595 0.81123210853353333594
5.7159685456846851537 5.4483080862986712489 6.3173670351135156054 -0.96476831549709807234 0.0047642487742661828592 -0.26305778708675758848 0.1782181164100776205 0.74735064090869618436 -0.64008227792747829366 0.19354689456717713569 -0.66441276437724428039 -0.72186929435756985729
-3.7337886097413743869 -8.9452275374787344475 -5.0124274428621138355 -0.44272412841886849 0.0074825242382428776289 -0.89662665471586877608 0.89466080744135401126 0.070388590760699545901 -0.44116605254590085528 0.059811250982805534704 -0.99749158298281814794 -0.037857048671874164725
-3.4280408006649065733 -6.9512537479337872526 -4.874339411021461288 0.33836260508860849239 -0.002658259844039017987 0.9410120515339597258 0.94080139318844513419 0.022301573199036882345 -0.33822385842451430094 -0.020086962247181996966 0.99974775492997769444 0.010046912969943158633
6.1540348394729766923 8.0641131953407985122 -4.2220858184078826625 -0.085989335561599392066 0.0028394307220550281737 -0.99629201131117395285 0.37853734385164772291 -0.92491235940382532377 -0.035307318388610349491 -0.92158304752186870346 -0.3801697845111226548 0.078457768674259506514
2.4200265886565954787 -7.9017606760673881894 -8.2719664539532811176 -0.84753895494105002673 0.0049914735977606896483 -0.53070971825345070183 0.5134756615377812361 -0.24521074153535932227 -0.8223225870934652848 -0.13424032503526583948 -0.96945694975452734177 0.20526265541348126531
-1.5892787397510415026 7.8217343370150524962 -8.7869917608584415802 -0.90361054386566652674 -0.014195857838330808512 0.42811968260676536158 0.062949614131519712745 -0.99300036946930037018 0.099938042377972075014 0.42370429676338838831 0.11725503764805528251 0.89817922768806568445
2.6170238607611908677 3.3049956609889030723 8.5161896206824501121 0.53286945810158570236 -0.0073366782407174053332 0.84616565386142528205 0.34444991595586688105 0.91524941458272246475 -0.20898029692736219687 -0.77291939813963217443 0.40282090593480152085 0.49023557778002330165
-6.3502425512775442229 -1.2153794333455383292 -6.9353403901111088103 0.99781922327234384706 -0.0017027430349227656858 -0.065984076369742003521 -0.046523272971435394862 -0.72727944059446347769 -0.68476287893033294107 -0.046822886927578459548 0.6863393591766054902 -0.72577262369486050808
2.4180965640019946861 3.1206788538013183754 -5.2984513290106267647 -0.96468636707087618287 -0.011185795224009840304 -0.26316362053426611833 -0.11956300926148880071 0.90883454498255011877 0.39965542241132639978 0.23470172560902766157 0.4170067719253458538 -0.87807770280566532772
4.2716690486932060722 2.0150127989318060706 6.1461782773325506213 0.94638069364105037451 -0.0021017268433366348424 -0.32304669236469546467 -0.32041959765210908939 0.12132676569153520718 -0.9394738407040457151 0.041168727741732122349 0.99261039621352920026 0.1141478742029008453
6.1064427488712604841 -6.8258425698995717212 5.6013722240920245099 0.7384412564051526795 0.0052582500060496719513 0.67429730953458832943 -0.56120332498092584395 0.55917083184059312995 0.6102284890502474024 -0.37383865352406592253 -0.82903578428503355013 0.41586575899659017352
-7.108549950952923524 1.7705763812886017305 2.709067643033008288 0.87069294955492237964 0.0063018896419254170904 -0.49178661407387663784 0.22724798229500442481 -0.89193658213996285244 0.39090598356050865192 -0.43617902533053770631 -0.45211659959274863585 -0.77803498522522285263
-8.0489124112352143925 1.2320193335234834731 -5.5295804180861969357 -0.70465911130906266902 -0.0091587092031924881297 -0.70948689550603794007 -0.57984515720952545248 0.58373087091206565802 0.56836420014333710604 0.40894392098380666356 0.81189555263568058407 -0.41664190991844668455
0.6273700949390211834 8.8775375182077826963 -4.6433043592419238621 0.25079310545635624674 -0.015056030630999712311 -0.96792362002232101847 -0.19316762874461385069 -0.98054849787481279666 -0.034798139616164930343 -0.94857212981446459299 0.19569864398418745921 -0.24882314056805979186
0.3713619055232283972 7.7983933238328191351 0.32219038503379188176 0.36628972259362801989 -0.0032713637992793707758 -0.93049510331936780005 -0.2649319167262643715 0.95823823964476240178 -0.10765944260706696023 0.89198818300602011888 0.28595239859390148007 0.35012613029642603024
3.5990088844526222367 -6.7201315010796163207 0.19074459741347665753 -0.22001957382635625726 -0.001608561933150458919 -0.9754941310236687757 0.77127075160316760361 0.6119869676689961846 -0.17496679434977413514 0.59727114014909565842 -0.7908662111454458632 -0.13340847504249248034
2.8322875976638175466 6.9009482604699838859 0.79240930720300584156 -0.94615769867028554074 -0.0050581697065042174888 -0.323666532354715486 -0.25051909014430079337 0.64466111157045358215 0.72225496654725018786 0.20500193833377913788 0.76445174219700007257 -0.6112182418181979493
-0.49752170809663115447 -2.3116664511790139258 4.6473768398187553785 0.34959135864637030933 0.01008657832979423935 0.93684798281111236751 0.93571934459830641284 0.046473736847432479957 -0.34967055913799649502 -0.047065806103562049523 0.99886858631210073689 0.0068086103419197629982
6.4993531952822305442 -6.9311259708055112938 0.24569484186445272877 -0.64111658705112151146 -0.0011586998669632555398 0.76744262275603958301 -0.71951079921236915649 0.34877820572744799854 -0.60054806054665266224 -0.2669714060057840066 -0.93720457778666343973 -0.2244411899609796146
2.3885575157628684551 -1.2151617785902502078 -8.9710641827069466103 0.99814588517805169499 -0.0066497985351836076673 0.060502661771104068733 0.0051317156041116524304 0.99966895413638678924 0.025212053289132622252 -0.060650287690218782077 -0.024854824793949195638 0.99784957798644713378
-5.8613008755191735588 4.4772989581061333197 -3.4254010099532115063 -0.6655429496109002141 0.0020662697474282476842 -0.74635669270986182422 0.73611756462773114684 0.16691318115561476487 -0.65595039523049913921 0.12322139939950828291 -0.98596943182145591056 -0.11260890836957580807
3.4318642043854361567 -2.4491563306180990089 -8.4034650545212876693 0.40750495695644706196 -0.0084567494279292158843 -0.91316383713155513391 -0.65635166051142745935 0.69254119827035198753 -0.29931452761622967529 0.63493480594434881237 0.72132875451312128412 0.27666336966211924064
-3.5915961669350249252 7.8593787334749372064 -2.9432619591885571531 0.78541002909236534713 0.0070191333357053423136 0.61893603705792499259 0.12054624889772752594 -0.98252416716203128111 -0.14182687622463219235 0.60712411258185605689 0.1860026685564571125 -0.77253046490837673499
-5.7232012787258232933 -4.3666270360503904868 -6.7964175689416377324 0.95476742538499537183 -0.0099962777150021560335 -0.29718552766870642845 -0.28090315007775384926 -0.35813744804117181308 -0.89041057304323389943 -0.097532475105578483876 0.93361536123956567756 -0.34474595509920513692
1.0964143944129662867 4.1560584811171477071 -8.4374020880523641353 -0.54039036558268460642 -0.0075515021554860232295 -0.84138054862271194345 0.60813882319651813013 0.68756831970530740694 -0.39675808430183484576 0.58150272957793514017 -0.72608042292350494229 -0.3669629340143557017
-2.8673738652737332799 0.0082152996221993915271 8.4184842470198724129 0.77944502230039758306 -0.016886547610265627978 -0.62624300532674037623 -0.41386424441885194536 -0.76432015514221318675 -0.49450084695077550778 -0.47029973889275478172 0.6446158119012874721 -0.60273427863708306518
2.3310707410686077878 1.8581643511127621249 -7.0875871893679311952 -0.68600432305949743395 0.0061348047515464047483 -0.72757159985405173153 -0.32171441290410124347 -0.8994618660399223975 0.29575021229017234292 -0.65260853907463134416 0.43695619426963133725 0.61900838363951138366
1.5990685642746542694 1.8759059408183476059 3.4380015662900684781 -0.95154213754102723311 -0.0056835959493340190013 -0.3074658635045575128 -0.26173487415919971522 0.53985069189101353437 0.80003505305325228747 0.16143858315913078849 0.84174160358245819769 -0.51517827658550363612
6.439138222963263658 0.05504392313200992537 -5.5034561914433659524 -0.79197695113850896664 -0.0024785017826527318274 -0.61054595723379723182 -0.49864132875323458061 0.57967338220865760601 0.64446535610377808645 0.35231993148942447602 0.81484515522138323274 -0.46032384131988846043
-5.436736147023892407 7.988360206487127968 -1.4552586610449003146 0.48118068124574686628 0.01202805645627322978 -0.87653891975988429408 0.42741804217734397087 0.86978025298124583831 0.24656870998751323487 0.76536198574080349655 -0.49329264882178003315 0.41338044632188830629
2.0976656385422369766 -2.2550572315150141378 -4.2538443834175696523 0.73196928594298726889 -0.0068039132399057775102 -0.68130365564907247045 -0.47720123531729286004 0.70860644747939716126 -0.51976521969288591585 0.48631260054417396743 0.70557112281825906663 0.51543131957309595848
-8.4237148606975029708 -6.5409006879266131662 -0.28073125692373046558 0.39738945722984186926 -0.0097186520432335915531 0.91759858712036279638 0.84556689367375947874 0.39235777461931553578 -0.36203867889889812526 -0.35650841168995950348 0.91976134105426821108 0.16413661351453454063
8.3239972000010986619 4.5561460673208244998 -1.7830244886913642066 -0.67935552270378440909 0.014903119101309567768 0.73365793856060146361 0.72018814454658897084 0.20528247378792641165 0.6627127148397390366 -0.14073063002256089304 0.97858929229612190426 -0.15019283197548793929
-8.0512217216742758552 8.8277708752594659103 7.0546370792646326819 -0.95197957811741196199 0.0075041366401674223369 0.30606955219469506035 0.047680299925197081046 -0.98386814908458630757 0.17242405347257128145 0.30242597746612942533 0.17873766572877100578 0.93626458600314765857
-2.7396095802581235112 4.4311136322518187569 5.1379415157166503647 0.97858471360036114461 -0.0032206418835144124541 -0.20581930369558237848 -0.17916187861606835963 -0.50565565997934436293 -0.84392735160187515309 -0.10135570807125837689 0.86272937877231758996 -0.49540391545151141184
-2.2448225450197245578 2.2278047572362700279 6.2012577604388052777 -0.60931176384673102486 -0.0051508942109331013262 -0.79291401975674857816 0.66082103876646658414 -0.55597142943179533869 -0.50419373694933811159 -0.43824049237985951422 -0.8311854413694024224 0.34216375157851902644
4.8198374557208873981 3.657675378585689252 -3.5023058414874093103 0.97891226619141225029 0.0045185852518004037542 0.20423113740880452505 0.11002946932724472218 0.8306813085152995324 -0.54576742259232580157 -0.17211708508907622162 0.55672986813240721293 0.81266694466404132413
-4.896279766267861433 5.4352217016420532048 7.7675658526214306221 -0.94461225433653805972 0.0064863572690746704175 0.32812439124014325387 -0.20730260375505241144 0.76330376799649513053 -0.61187661193989162367 -0.25442743451469579385 -0.64600718643970878041 -0.71968145427999830055
3.4493386151732097211 -6.8763520879591961688 2.7017814278104257397 0.82219912529387817468 -0.00023217687525450749625 0.56919991607478581663 0.25593770375233182435 -0.89305666724132803935 -0.37006172578840140774 0.50841369981893058672 0.44994414674440175173 -0.73421098782757443502
3.8991204107194867845 3.4434297263783966159 0.20269150885188821909 -0.69085686802690138286 -0.0012955135751082000849 -0.72299039381224883272 0.67588160974551181326 -0.35622527827485844787 -0.64520353434049193542 -0.25671158428833140697 -0.93439920417469857217 0.24697629386141367602
5.6345121084155200819 -8.8976063769938420478 -3.7430604834673051329 0.55926873941599830609 -0.0020585299527996359786 0.8289838596535763493 0.80117840720174471336 -0.25549148009143252125 -0.54114440164704613601 0.21291227523450159675 0.96680911562456961494 -0.14123914825345099122
6.9216143963701339814 -5.7118038627056755274 -8.9099697759541189868 0.48831521866344129723 0.010289234659850030051 0.87260665759093469784 -0.4192514843747973674 0.87974072268011427322 0.22424195349621797724 -0.7653603334842696837 -0.47534239502518105258 0.43390456026688561941
8.1909994954272509204 1.1544663709836104903 -4.9433332414792827691 -0.72785277580191776181 -0.0013683073834351369702 -0.68573206465211045124 -0.58335238096703412314 -0.52441742271968183609 0.62023089762441863115 -0.36045850853794714208 0.85146021309451458414 0.38090047143540273211
-2.4969733066709989266 7.6806515556175520842 7.055182741654687284 -0.91421659940097987906 0.0033447555977923022416 0.40521207038993978244 0.15929757861781382311 -0.91649454439937128036 0.36696325637931059838 0.37260205424309722488 0.40003320199194575268 0.83734171428260317782
-5.3711099831518485104 3.2963703970981055313 8.6046301001158393973 0.59760345615786802931 0.012003067289738111184 -0.80170196180614683445 0.78047592261637466216 0.22031576086997942121 0.5850797379234008444 0.18365032917045884253 -0.97535475181493691554 0.12229335512475006387
-8.5507780550120653373 -5.6732509192399378506 3.9995519278168871757 0.99696261551792786371 -0.00044498933343902380595 0.077880326426275944818 0.05809679210629252466 -0.66172725504702045729 -0.74749033617493043646 0.051868159854747408755 0.74974451776072070786 -0.65969148249844655751
6.4778620797200430204 -8.0449862305392461082 8.8189485377940481925 0.90235232963607803214 0.015916407250105842758 0.430705167348141571 0.24277880504010007634 -0.84446426822509002008 -0.4774291062702193944 0.35611616787699545972 0.53537535213249687338 -0.76586846606025915651
-5.4831143303697409408 -5.631762082244908818 4.5716327368216340687 0.71692320726658798069 -0.0031037582438145738632 0.69714523706848230411 -0.37395313012121111917 -0.84566694012810283976 0.38079716759334458764 0.58837077710850194112 -0.53370197026002463847 -0.60743891510627623376
-0.89223346203303555146 -6.4916389312247160248 -7.2413935931187403128 -0.93004083654459124286 0.0024570874665691593355 0.36744796241122540392 -0.13306438332501344113 0.92985740186006371477 -0.34301469661879169237 -0.34251702475851047991 -0.36791191191282834883 -0.86447840506467155119
-0.97223540635267258203 2.0525300674000157564 8.8626218378425125621 0.97469231871888339924 0.0013476125578311490966 0.22354656734322489453 -0.14765142996103894357 -0.74694642571913705265 0.64828241711161660454 0.16785094298521069378 -0.66488286265026153021 -0.72784396672164575204
-3.6745740039030558854 -7.0320709362511193419 -6.9052639813703304839 -0.92601995746001630749 -0.01000876665464992335 -0.37734183835833295939 -0.069823022892201880296 0.98693963334234058316 0.14517198631940533837 0.37096062305829480277 0.16077930441371754422 -0.91462463962659290573
4.0132656604767333874 5.6078725826831101742 7.643323998093674021 0.19934788371839842758 0.0041387620056931506349 0.97992004362901474757 0.24006286826579134597 0.96931324559450349199 -0.052930626246473884422 -0.95006854517806438309 0.24579402467098196428 0.19223698109127176914
-0.92982911378713029027 3.1330364922227631475 -8.7110977872439931957 -0.79381621476104513579 -0.011311895388640060001 0.60805251270357418836 -0.4308238601220024111 -0.69522117308249675727 -0.57537667840064743441 0.42923958197277473081 -0.71870686758963364671 0.54700440560159280246
4.9614540631410397609 4.2236625429940337639 -6.132273340217206048 -0.40125306135220289994 0.011493157358679456301 0.91589512941693052017 0.088190523982161456162 0.99576055706075627949 0.026140858475181553283 -0.91171180327734957505 0.091262370865565850542 -0.40056555946415189906
-5.7845581384195634556 8.6868553749343888626 -4.1475591471930597365 0.32450976294572408953 0.005381294701168803582 0.94586703897547630415 0.86424156785537498138 0.40472239447400248924 -0.29880812539535078765 -0.38442154744997847349 0.91442376668487523883 0.12668562972000546596
2.3462266724869440537 6.7156938757087978331 -0.6296811253779812656 0.95253275534719195061 0.011053804711238891106 0.30423537498472663643 0.21986378803158829198 0.66625038406221515075 -0.7125800589753672476 -0.21057365624196089371 0.74564618897857126711 0.63219498270592755507
0.51446951651849603948 -3.4283097778713105264 -1.0207899806127305187 -0.93881468898819886437 0.012563589392569341624 0.34419345717447308308 0.34382217140836524027 -0.024800314550934517144 0.93870722743878032279 0.020329638169763700195 0.9996134756092257545 0.018963259006238228355
-8.4162513524168147683 -1.3000445400324913692 5.7026556252782460987 0.97324873778792087009 0.0036584199449906603697 0.22972485794490540845 0.22917945500134032089 0.055208036021792625259 -0.97181729258318316766 -0.016237973998452982782 0.99846817111110997001 0.05289271668461393433
-0.75458654326154706027 8.9109641447159511074 -6.4059863954063409608 0.99000070242665783038 0.0012864809515284875152 -0.14105656369535529704 0.13462618706903545229 0.2899876134512621717 0.94751410216424314381 0.042123615111202092343 -0.95702953403311830094 0.28691474698636409979
-3.9050551896211311842 1.1528240807783898259 -5.1030975003802856449 0.88481662108584391291 0.01123129154547828322 -0.46580404156728416609 -0.023976427936555903819 0.99948248314859133856 -0.021445204202384833547 0.46532212278558260365 0.030143390156114086009 0.88462799982619544359
-6.6868010741805932184 -6.5906255569099059244 -0.49801284105027832094 0.87832116499626011752 -0.013575124520027218381 0.47787827646167951867 0.099970475738747593963 0.98271269544521222539 -0.15582574303109475444 -0.46750169529143731362 0.1846387667982925529 0.86449447117651989636
0.86009577039382423269 -3.3936961358500217223 -2.4240898973972409003 -0.95558726539118066245 -0.0037318287289406486956 0.2946846648141971392 0.29457994845273188789 0.017411945714629211562 0.95546819838038588024 -0.0086966770590112974643 0.99984143622922727612 -0.015539311676001209966
-2.4961522837419667376 2.1813976331085518368 -7.8507170841075577528 -0.30496687164544272752 0.0038079340239713971479 0.95235534693589296573 0.19331419656967774312 -0.97892676623463981134 0.065817989592168391066 0.93253677064403039942 0.20417611512561245624 0.29780410576200777584
-4.1717194383745166419 -6.9840281808800632746 0.63741590115199875388 0.39183951079729106848 -0.013724391903772548834 -0.91993121419231926872 -0.91296978257494421083 -0.12946589641854486241 -0.38694283527346923224 -0.11378916417326040422 0.99148889188504130132 -0.063259808609967063675
1.3152799152998571053 7.667120747199997588 -7.1625147682717562603 -0.87992051088392164715 -0.010970793205767296816 0.47499424862013372994 0.28803661784142375879 -0.80738827292348269715 0.51493599944831391912 0.37785552967792729318 0.58991848457383189164 0.71359749176255016234
6.0905225138998169143 -1.2474654705216619011 3.9915548943661827153 0.63778696620376484905 0.0011273700800167856667 0.7702119933999429513 -0.67828268332174301847 0.47460166951306947958 0.56096867720122456369 -0.36491147864416145774 -0.88019996837779457266 0.30345943455679058598
-6.3417330876215052271 -8.9803050137185600477 -8.0098655367982463105 0.55384810024392605587 -0.0070256355168076614626 0.83258808681213269942 -0.82806842752621023784 0.099741223636291884147 0.55168321312305645954 -0.086919279739977012289 -0.99498860734834992936 0.049423780272194718644
-4.108105359273505286 5.5171007793354025495 -5.5600677401803650923 -0.65102025351084857885 0.0034638881870327530368 0.75905245602462356747 0.033814759746956100928 0.99912918130412120554 0.024442608079626466228 -0.75830679249352617166 0.041579809344470669563 -0.65057046344950408834
-6.2283921631997936075 3.5262909425253585738 3.5212343870433500115 -0.64635305802242759565 -0.0016351059090477289976 0.7630367296623553619 -0.52440423629004673245 0.7273637164924455778 -0.44265361276215203779 -0.55428144596970052582 -0.68625020973336703367 -0.47099121891501594117
