1125 17.292696884352682929 17.968806560800352656 18.477561601407678893
6.8835436236697216117 5.5874039148248852982 -0.7355844220313957349 0.1979092692170252854 0.0058260343235774520593 -0.9802030292149072066 0.85851903920876593279 -0.48361802942950676831 0.17046601106062975184 -0.4730507165982907325 -0.87525976654659964904 -0.10071425217431623222
2.3246517493347100825 -0.064986591985355113277 -0.18378797023358070528 0.90426978233996069267 -0.0035978769668194099732 -0.42694638542597657116 -0.39156691175778346459 0.39165217834319371315 -0.83263673040245889112 0.17021020640180709038 0.9201063125967479106 0.35275042049052263149
-6.1439395471958757611 -8.9592066943403736445 5.9480246461476893316 0.6038981198346432544 -0.013515949142173119824 -0.79694691164408482109 -0.014213063960251470091 0.99951463347850477703 -0.027721585005026243287 0.79693478382696603113 0.028068070491400913535 0.60341290485545062694
8.3863924315695044243 2.3087737269895236558 -7.4355813216079766903 0.99318061274952651463 0.0069468451364510970525 -0.11637874291043762143 -0.11527450233126740331 0.20781404544514359145 -0.97135220781561959491 0.017437304007369442554 0.97814368262459494563 0.20719767510921566211
-4.5369875488996731505 4.4160335228852414247 -8.6536303272588792623 -0.35661509717236056227 -0.0060433319712949896269 -0.93423185056358737377 0.81914620141799820985 0.478833161870248325 -0.31578205109928991767 0.44924956669036419932 -0.87788511847070271887 -0.16580876212154291305
8.0144047939520994817 5.4163149787781676991 -3.7607536072859955034 -0.24989973580116708884 0.00035345711069847225369 0.96827165460641217987 -0.8833129166773309171 0.40953446615032557121 -0.22812236248556130858 -0.39662124662892639382 -0.91229457748179421106 -0.10203034166117143366
-6.6349110874806225269 0.31813336220803278831 -7.0994025343160771513 -0.27684867215715036615 0.016136000116203967625 -0.96077804004102396185 -0.20975271164808129143 -0.97676232510306904011 0.044035896894582267358 -0.93774122906130341626 0.21371707877299112033 0.27379992249756929246
-2.7825823278115469073 -3.075935720359389336 4.0571768270945831603 -0.38634232987939065573 0.0045170698597390354645 -0.922344404343304336 0.71160810100641536113 -0.63474768239379897317 -0.30117983046300411676 -0.58681642336018979833 -0.77270626746234649662 0.24201551499670187484
8.291213361785107594 -4.583815132763104927 5.4144322198491554587 -0.67385824590227672015 0.0037706650827856033267 0.73885103134146679071 -0.45992474134923405638 0.78048618523065105279 -0.42345076096162093116 -0.57825971390417529872 -0.62516165649294652695 -0.52420282956764985283
6.3665494946070380067 -5.6190317115662375969 3.6230969110463808747 -0.92155484796906206313 0.0088871485540564839484 -0.38814646819909359721 0.20375120134708318842 0.86207527243396397942 -0.4640168882785011828 0.33048768529923350235 -0.50670232212667698501 -0.79626041382023748927
-4.9550355339878562333 4.6819198388411367162 4.8965160438578108071 -0.81992000166641065828 0.010980382783043881809 0.57237279989660383439 -0.26733546160775306655 -0.8914494627746077926 -0.36585462452418704427 0.50622420115435118326 -0.45298707102158425331 0.73385269070371228484
-3.3978374051423392288 5.2910892105753379866 0.9228325064714444359 -0.96871579479927083511 -0.014616626506830678739 -0.24774192849735224287 0.24792464241628414667 -0.012371590469880455743 -0.96870032282026297121 0.011094169134162851914 -0.99981663217753347084 0.015608376995176229812
4.7229550319218880361 2.0945119578043125408 0.90445473479193516653 -0.98701157711607956369 0.0067067240691004084002 0.16050908538561425853 -0.09174992281329880095 0.79661777204834871569 -0.59747977113953132378 -0.13187152195537396593 -0.60444614740228941319 -0.7856556221322750222
-2.54322174586237848 4.3067280471103037698 -7.2822035882658351369 0.52994135948426979166 -0.0017152621210498389392 0.84803255443644398603 -0.16023181160967234216 0.98178314323701421085 0.10211574904840096945 -0.83275922213841080399 -0.18999715137680173171 0.520012654088623405
1.8754773163525937374 3.2528022437647257092 0.46471823825048158563 -0.5094685273861210284 0.0061112940439913485124 0.8604675889817093859 -0.82865846496369743868 -0.27294882875285053636 -0.48869631196357254943 0.23187705373151751287 -0.96200914183154606629 0.1441230133779759226
-5.7661994624525076958 5.7219474491035891006 4.9176576204619619759 -0.65542024548787125582 0.0011222136139367156447 0.75526355826361646351 -0.42804100017735874362 -0.82444547968468617771 -0.37023040555101394133 0.62225814897968578787 -0.56594027217013598285 0.54083861212395778484
-2.7280948818247425791 1.0834244009323861224 -3.629740236719931179 0.056239856199897547695 -0.0017815989034717597678 0.99841569723229273148 0.2635402582674072347 0.96455912111374675355 -0.013123800829226275888 -0.96300758607946135292 0.26386081137834371813 0.054716189302850687382
4.4414969043702363649 -8.8665259646116414416 -6.0031977426927216612 0.11915024703155273345 -0.0033018994320901029135 -0.99287074490722826425 -0.93299288861616980206 0.34166135474612818745 -0.11310078896610509247 0.33959901122348362668 0.93981733125811772744 0.037628386130206505078
8.2443339881588535434 -3.2133487678729117931 -8.7902425791660814269 -0.86210719585477513238 -0.005306047599381699155 0.50669816332220141142 0.29716109129161316638 -0.8152468655153333188 0.49705918570053875261 0.4104466697119720231 0.57908927992658620898 0.7044069400540189374
-0.38704814846761603775 6.8520049240525331413 4.3305041255922072096 -0.30298788143479787882 0.0022354724804897049481 0.95299178714531562751 -0.9529282133966701096 -0.012496935728923555878 -0.30293835463712731615 0.011232266759096975681 -0.99991941138293305436 0.0059166648778684379634
2.4510206639782032845 -6.6401164016581013527 -6.3795516089049622011 -0.2046639008501985324 -0.0060845420039555347599 -0.97881339694398861173 0.74149360746525316834 -0.65375293888552132859 -0.15097789568861155751 -0.63898350352479382774 -0.75668360180929805647 0.13831127566483858438
-2.988016143308827921 2.2021678514849010178 0.01805478385508742234 0.29530942095861550944 -0.00067368974256811885865 0.95540142978496445103 0.68169190855215522351 0.7007899689301713142 -0.21021313294268012539 -0.66939411986347996386 0.71336734267074564109 0.20740912878471684522
-4.3933708143889687037 -8.879337318955739633 4.8860750638748431385 0.29361767807707406241 -0.0046504538050991649917 -0.95591162373947946573 -0.34327703792581809594 -0.9337989392333251315 -0.10089804913705519018 -0.8921600385321259985 0.35776796162631835374 -0.27577627033589069416
-7.7348557046881607491 -5.6226490947446734481 8.2180690248052599145 0.01120307579494823208 -0.010528172594080207475 0.99988181735375925019 -0.67579019224655656473 0.73693457433017639513 0.015331315029563200719 -0.7370088921826257744 -0.67588208345753852946 0.0011410981108351224422
6.9931758622935094039 -3.34166618527762882 3.2429497517854670718 -0.58997838935605684263 -0.0094095870269103789457 0.80736420515451068347 0.42575142000666477138 -0.85324744395202067881 0.30117192390982255867 0.68604754095853626161 0.52142138339477106523 0.50740369774344995513
6.108316448446409197 -6.7289310547520333472 -3.490655404944662088 0.35026476414013407723 0.0027703505181033115379 0.93664663569554362788 0.50600768660064643356 0.84095346515019220313 -0.19171199898109400617 -0.78820734334503728125 0.54110035539663270399 0.2931545484669944579
-6.186125847379500442 -6.6183557840213396162 2.3706555742082517924 -0.69817320958570738831 -0.00087243826051613135655 0.71592835414461986066 0.57809455901085238239 -0.59058858013955661814 0.56303801812213372102 0.42232789424659655797 0.80697234640370985037 0.41283747635201833992
7.2576478692876120746 7.871797678791711661 -0.53433536151530658387 -0.99508689336005595738 -0.0074011190365640133759 -0.098728405741208766222 -0.021182831182651174623 0.99002563978892554886 0.13928575025253348008 0.096712782641585934296 0.14069277165977550625 -0.98531831489948107361
4.0436382457341979446 -2.3785071403208855045 7.626462953944272094 0.41720718217490093682 -0.0053015192909106594737 0.90879594026064880463 -0.26666990516289074131 0.95525105064699422641 0.12799449956070013679 -0.86880684206665592662 -0.29574875169754766269 0.39712384346370943611
-2.5981810279627484128 -4.4422723852084420315 5.5879614792183378569 -0.83319057391690987124 -0.0064196327886401468796 -0.55294869187937945032 0.53491397971358733976 -0.26290077867490296848 -0.8029633957280526424 -0.14021591151902870753 -0.96480151787143764164 0.222480401990560267
5.8375200294605154028 -6.7283242528062556786 4.6686733723068707391 -0.88452654175402389836 -0.005348859021710563981 0.46645920147384550836 -0.46593340598705129674 0.058956315741373943595 -0.88285344991092540301 -0.022778457322235344529 -0.9982462334221376965 -0.054640638179422114373
3.8215323291742064882 6.7754552757996648893 -7.5357975819786231497 -0.49365551513099975578 0.011257584254829132789 0.86958467050508558849 0.86917477652403185573 0.039699478826917822261 0.49290887518422477065 -0.028973095022506289292 0.99914824634661136837 -0.02938267494957750442
-2.6543483076979605961 4.5084746303139544565 2.3469358114003791016 -0.93647501548257772175 0.00019527703999825578654 -0.35073424019253379713 -0.096450598835329623415 -0.96158854592138998107 0.2569917320394516369 -0.33721184344712379355 0.27449486373922726834 0.90052248301721771195
-2.7160789216906531252 -0.022698849092181016401 6.111192150646744814 0.52422942017517459856 -0.01214492473094015354 0.85149046725494625942 0.24044635428027313906 -0.95710167095302434159 -0.16168469987092282114 0.81692659752018959018 0.28949765502051727495 -0.49882065113789764155
0.66937594605324868269 7.7308642696696372454 -7.4651298694005152612 0.78245984492347475658 -0.011427150616894664326 -0.62259618639246772087 0.32363471579720642923 -0.84672566921945269236 0.42227504285128175665 -0.53199357309331163357 -0.53190700438406213202 -0.65883061318825553165
5.0787620846524248464 -6.6994469346581215774 1.2977636897260542703 0.49849146337820210428 -0.0026642851648784040761 0.86689051357358382077 -0.85453762154457590938 0.16673119866355973206 0.49190055982599989459 -0.14584825780219493052 -0.98599878751272695965 0.080837347304665241321
2.542549575178556065 7.8268002934121918557 -3.0634351707360614192 0.066371709628771868861 -0.00020937893614595901037 0.9977949450272383114 -0.48709423588832301277 -0.87275496719310019511 0.032217582219456350479 0.87082374882942603644 -0.48815850233336954833 -0.058028226532440677077
7.3878837787232365386 -7.639011961309298826 -2.2762781603804822517 -0.43080087305157482858 -0.0046176649481893799337 -0.90243519709079444979 -0.29462760461858561456 0.94591266036392573913 0.13580800256239791701 0.85299776223310563861 0.32438852651352412249 -0.4088604914779646049
3.7356763851980105962 -5.5729218206577995076 1.9439875716613133072 0.7544552516801216191 0.0032856589354733792101 0.65634326206475424037 -0.37157371279275713816 0.82645060200558673191 0.42298035226886188109 -0.54104551488192775821 -0.56299965087872139158 0.62474086142704243763
-7.6102775560334361415 6.739357345620269335 3.8964703622448753073 0.54660822714115875343 0.00035136493207317889831 -0.83738839409461784946 0.78688804363192610403 -0.34223471849533437794 0.5135003449318583657 -0.28640295531033971299 -0.93961442836889075281 -0.18734479760693548145
3.4967262813571995395 -2.0525096507861313455 -2.8538618492913694347 0.19856458969458473662 0.0070607468672280859073 0.98006237024638775956 0.74013713462725871928 -0.65658729639449386895 -0.14522446129931620984 0.64247110881784930125 0.7542169900413363548 -0.13560090806172850342
-8.6328169669761880556 2.3504946576337646391 -3.9377178538749988412 0.078467697090072452415 0.0034756450414772585567 -0.9969105980001082834 -0.93552465750259405919 0.34575632602407407878 -0.072430506135696973158 0.34443640300937972132 0.93831790077014298745 0.030382254294443619691
-4.135196863699067471 7.7827906247560614261 1.2956291352092070834 0.24315888197145479888 -0.0086012920682713434051 -0.9699483367134852374 0.38696485489872400887 0.91780186307814493052 0.08887036178257426422 0.88945599058726221298 -0.3969455351870703752 0.22650007263470176011
-2.3026033634181892751 -2.4464928636608012091 -8.8059754093842652622 -0.1122014528966139707 -0.001516643383760393933 0.99368432299217668291 0.56593301340303336922 0.82187252945899513801 0.065156501297226832037 -0.81678066719799258255 0.5696694173935925587 -0.091356973340773736658
2.0871285198534317296 4.4837834213288720875 8.1075732368578954379 0.96098195511252859635 -0.0055526394799980142644 0.27655532926110482084 0.051575437995296985472 -0.97866877153631248731 -0.19886530570982380306 0.27176029169757565107 0.20536943252160999585 -0.94019664966544258533
2.7952072121706201813 8.9440999711142428197 6.6440295661069708189 0.66101373955278774908 -0.0051845016349757414714 0.75035588693981591923 -0.7200123663992401557 -0.28595386674452977216 0.63230734482985717637 0.21128896884206169182 -0.95822936034984707021 -0.19275234008707717304
-2.2362481309575890087 -5.6629740103544747853 -4.9701977520098203911 0.58325508082479227134 -0.0020781131718888685121 0.81228639785366307802 -0.76225598172992337087 -0.34693690333681720395 0.54644359582694490562 0.28067655585971662546 -0.93788616929169588143 -0.20393676579277178473
-3.9185853511381827374 5.7171356454360333643 -5.825637441915755943 -0.51112732487301526518 0.0018052358305658744095 0.85950311162437142976 0.61024508787425280065 0.70496639252670278974 0.36141848061936732162 -0.60526836237610781577 0.70923841304017154474 -0.36142922263553350914
-8.3693188424107560763 8.9339878287077496566 -3.5903735626258073133 -0.099848671521075835211 -0.010896953596746713697 -0.99494296278620464324 -0.99491755943359594383 0.014169235678246735327 0.099690935850985637479 0.013011253824127164483 0.99984023181839076777 -0.012256349836669719333
-6.4817416503008606909 1.1283796667759140586 7.2435998948841744394 0.37844330002375975441 0.0080731751607467806126 0.92558926771517358034 -0.22282769230712595743 0.9713492311648048716 0.08263468192174509841 -0.89840329930838669359 -0.23751946227199341455 0.36939953550836990281
-6.0424491961476967106 -7.9090844115954821447 -7.2188295992814923707 0.91954105106100547662 -0.0087911499425216890063 -0.39289562366659791515 -0.078801437030406817907 -0.98356992500873552387 -0.16242086116133516716 -0.38501245296162123211 0.18031338913439240446 -0.90512567788304387761
1.3845933553642810754 2.1724801492576792938 -2.9567972561403972342 -0.39247648512070881788 0.0024841842907953777531 -0.91975868436005736584 -0.73387193094769020973 0.60195076486354237577 0.31478129812090627215 0.55443141829656428232 0.79852933916562884864 -0.23442844728715889202
-1.8323566481413426921 -6.7276571879092772477 -4.3183497813351499062 0.80026082315404001299 -0.0029813607929337583233 -0.59964466679244432523 -0.050543753202477573194 -0.99676444272822439796 -0.06249779776142673493 -0.59751815364655980201 0.080322831129421137786 -0.79782222259260060504
-4.203896883808774021 -2.2276623514622930777 -1.9183194424877514361 0.99538386918315513441 -0.012055691054437829568 0.095213514184034869769 0.095826832294949218505 0.1797084598490990559 -0.97904141264345945217 -0.005307653190440266705 0.9836460388634130636 0.18003416077433037623
-3.0296146966125303557 7.7968924356806104115 1.7846995333412685181 0.26987270522130146766 -0.005770670489552510822 -0.96287871631819843543 -0.089408740563534302992 -0.9958120327471646771 -0.019091164093868399909 -0.95873604296899594956 0.091241957441108537119 -0.26925843555004480567
1.9719353012059201991 0.068523938131822489939 7.5898735468791889147 -0.89282753597732922302 -0.0058845336811566830923 0.45036025941927931848 0.21035452657216660577 -0.88960834743827166271 0.40539852160342382259 0.39825866487906458335 0.456686282289066936 0.79550466712469058983
4.6960669347999939305 -3.4609977818453696585 -5.4459130785146081521 0.69378955119475860247 0.0073420214516746271777 0.72014037060424473946 0.66972591904535538898 0.36110141307737253502 -0.64890135061706244457 -0.26480795307548360418 0.93249764835873405477 0.2456112452503425303
4.5115444809695333106 -6.7025409110540561386 6.8436372360268027393 -0.98958595325919740393 0.0055737910620310493828 -0.1438352320024758324 0.13236936536170670897 -0.3573363422440175019 -0.92454804614222807491 -0.056550793325557152658 -0.93395913795262763824 0.35287722568793628009
-6.8664608671382243443 -4.4374710481095336334 1.550676089880534736 0.26912078653487980784 0.012333448151080910263 -0.96302745979099901863 0.5407081755852325422 0.82552763790163474766 0.16167494523205738766 0.7969997936699878549 -0.56422690924574969706 0.21549785096995260902
6.78636374870878889 -5.7397192548907138843 -8.7906179298265314515 0.20755215407027371999 -0.0061080971311782963559 -0.97820488369773750392 -0.87136126173928463157 0.45331377018877905272 -0.18771301845519383633 0.44458031319571594819 0.8913300830257909757 0.088763890249396681931
-2.8468109027166108582 3.3129559486189994466 7.3922186473449373878 0.98720355127383085936 -0.00034954170950789176242 0.15946481170873147426 0.044791368530073420728 -0.95913133939473083078 -0.27939364183147602505 0.15304535817169520606 0.28296104256831194901 -0.94684220793709861219
-6.1554259892518530251 8.8452155880284557554 3.0722581867582667847 0.78353606470841374865 -0.0056423040990555579227 0.6213206899063558053 -0.24987519926353335409 -0.91839684589883496812 0.30677290987954691781 0.56888805585484414351 -0.39562026976313924287 -0.72100692233712049273
3.5872299185181906189 4.3970009987470923818 -7.7154364179535006585 0.68799074247311753361 -0.0016038672676067836607 0.72571769020789822502 0.72515030921191914182 0.041115994923667006922 -0.68736198906490986182 -0.028736167471301012066 0.99915309265966290031 0.029450468720142744528
-5.9427032331338640603 -7.849534865653224891 6.9437315551791138901 0.79277274118388840751 0.0028743885547480429316 -0.60951055669767639777 0.0003108247889727598634 -0.99999065682637311436 -0.0043115713911930034913 -0.60951725506632981055 0.0032286452803987073304 -0.7927662276017963805
-7.6908606231382377061 7.8330205527549114919 -3.4865541537756237211 -0.048682765781495190849 -0.0049534925132769030628 0.9988020080215238572 0.019653161814820577918 0.99978935308471661436 0.0059163070373019731318 -0.9986209198421277522 0.019917639674511756348 -0.048575159117099392381
4.8188980056055656931 6.7811612687281463963 -6.426624341751931091 -0.66897405962065481511 0.021278973769149008011 0.74298109856850635957 0.73749596135811135156 0.14352351219303266516 0.65992477482532274635 -0.092592734786410252346 0.98941811521869393875 -0.11170666381932238542
2.3069189810342587421 -4.3955058097872621303 2.6803819316105905735 0.12825295261755068066 -0.0041297698733293169981 0.99173289001911268947 -0.93827434806844955961 0.32340272211675691327 0.12268629542115688791 -0.3212357824113845628 -0.94625241047439256903 0.037602496860499129427
-4.603829914419087288 -7.9177830287443375923 -4.9475048159868677544 0.99986967456371833585 -0.0032033875540478373711 -0.015823153801050753031 -0.0077290735761628079348 -0.95547623043169227497 -0.29496683627474717948 -0.014173754255137629987 0.2950506929130606304 -0.95537646679312793196
6.1536477023011224574 -1.0945765374911073931 -2.6692411874852171039 0.020167083319300126848 -0.0039212037122929024532 -0.99978893418137215754 0.37770239627617896438 -0.92585870255911983939 0.011250010769812496259 -0.92570739901832377328 -0.37784955611538112441 -0.017190821557953105819
6.080132779753589567 3.4167732973152147302 -7.0958648500169863027 -0.078915528963498779436 -0.0084819932780613640361 -0.99684522122446472814 -0.64235851628529616608 0.76512045154605989872 0.044342205418333849321 0.76233055549664707762 0.64383130586799197648 -0.065828365771762320513
-8.4877432856506924708 -3.58722167682235904 2.5333082689515817876 0.44595471494928451417 -0.00034656356836962462151 -0.89505545756031079652 0.68952207231732010051 -0.63746653190987145887 0.34379606234281778754 -0.57068704558811900185 -0.77047796891846009881 -0.28404224229764191145
2.1551300579024572635 -1.1263378037173319424 1.4672728413193247832 -0.14144004066951068599 0.00012662293230079413667 0.98994681617843804933 0.34133987734370291323 -0.93866762332910846922 0.048889477888671414862 0.92923721569365991257 0.34482325455206702669 0.13272196536267458211
2.8730843983898246563 -8.9544582827545848858 2.1549517659031804939 -0.88846848702392688946 0.0025365631907458916633 -0.45893061938846119174 0.19982940309475685781 -0.89807680588030214253 -0.39182427234482342104 -0.41314883180760747505 -0.43983135016381852411 0.79740606104352929062
7.2955957700172442415 4.5620738039169159705 -8.8776114588680261619 -0.91767073064621695888 0.0040033493506628345035 0.39732153642824230566 0.32480322581044279717 -0.56842580037250667324 0.75590672306462591834 0.22887397103826093159 0.82272479157082856194 0.52032741876261179303
7.5598242442021419407 8.2283645181080817821 -5.2182155651789221551 0.24335770527680478104 0.0037766461813592520913 -0.96992925733078050321 0.51277983313913011454 -0.84931974925478026517 0.12535073295125495618 -0.82330666826399745428 -0.52786522945671665585 -0.20862509322355055064
-6.4387418243466676415 -5.6553945776118643707 -4.4290418355382463744 -0.48588115113219781938 -0.0069362668493321835358 0.87399736565767283114 -0.49776930469135471924 0.82415185200019558387 -0.27018409307699708943 -0.71843247858212633261 -0.56632641916726123021 -0.40389251128431480353
-0.84329250082764339869 6.5750387557013514339 -7.2512793113960141156 -0.6689840329158023291 0.00019263031481857057631 -0.74327674966791201783 0.69768588128377717617 -0.34467503529172632826 -0.6280394343541597646 -0.25630991935739000365 -0.93872204775450363012 0.23044769970396927761
0.59814245530902476755 -6.7632247344230007613 -8.7501531327624064716 0.062695982550373327569 -0.0046183563501057574296 0.99802198600861180555 -0.089678173844725317387 -0.99597026814991229671 0.0010247425653792962587 0.99399549239832096781 -0.089565036404223474786 -0.062857500316253089867
-0.60537621224139137599 8.9499712159874356132 -3.7464205885366443916 0.95169662658230014252 -0.014961785256800455915 0.30667519615077087902 -0.21909451742906052574 0.66665954870430710333 0.71243430472839497369 -0.21510723694167921405 -0.74521217857941324247 0.63117959846004345614
3.6987786904652248943 5.5732270887359867118 7.677960965905426427 -0.9824953698667759916 0.0076403157783579657078 -0.18613026020766412771 0.028106687828677597019 -0.98164078565866697001 -0.18865678368555602318 -0.18415445226626248054 -0.19058592158401327366 0.96424278281172071114
-0.08433361767110054974 -1.2034013714407356677 3.4817651246364240691 0.9321119950243321739 -0.001237217412716226303 -0.36216805218686309864 -0.24160199767802204018 0.74284391544257999396 -0.62434877433070246067 0.26980678910996375164 0.66946350653587993751 0.69211480981627393483
3.0047617965160835496 2.2642701225108567975 -9.1654374062466885675 -0.81248110318685273779 -0.0025128253556665433067 -0.58298211179497594348 -0.30088842565385726102 -0.85470409475754838269 0.42302135373087351722 -0.49934017690511223186 0.51910942595320364035 0.6936748457417328817
-7.3350090665147247293 2.2329014771116892923 2.2886079134661678758 0.97284752731273904658 0.0044742915031404928428 -0.23140369339542304905 0.2275726908198962839 -0.20066220258320954795 0.95286166406637384796 -0.042170593955292941246 -0.97965027492981526791 -0.19623195416520283763
5.9498168844699206304 -5.5361330994286843676 7.3057068660976947072 0.63428171701035174213 0.0028044692396877630991 -0.77309691398855984179 -0.40901182821067033624 0.84980057733906722017 -0.33248804961594341512 0.65604575133889264649 0.52709687317037301479 0.54016003040186755246
-0.33577802559255448545 3.3129502273352686714 0.20531478933505337148 -0.59234374972696512973 0.0065593785223304543197 -0.80565864776142248616 -0.7630182255077156972 0.31653065416185288683 0.56357034389596827317 0.2587123300168069906 0.94855960251801052507 -0.18249002922936646831
7.2803690010842458946 1.1293331831920399022 -6.8401284888878617352 -0.9583780314886617413 0.0057674418321744013241 0.28544401443109185257 -0.26604140035535606135 0.34476414888615636301 -0.90019978612491857728 -0.10360271259388874332 -0.93867162429531225687 -0.32888000803581263209
-4.9876052881898047531 -6.8901506349646544081 -6.3531242932844760318 0.99288381806136616348 0.0015553942475685783586 -0.11907688516477007989 0.11327270547047441074 -0.32095840233911493433 0.94029516544725499916 -0.036756197126496123473 -0.94709201491553374197 -0.31885058766797591545
-0.20567241178097667165 8.9294290018751816262 -4.7829985152622720435 0.96765046506886509547 -0.0070969332226255288365 0.25219478779500248411 -0.15719671600047152582 0.76489848610684940677 0.62467551451157310449 -0.19733669180072840876 -0.64411174456808950595 0.73903876121547273925
-0.32281282559626783835 -5.7694371434762796724 -3.640435424164954803 -0.01464238636056169364 0.0013266684062844470889 -0.99989191439497193681 0.85836590007895463561 -0.51286685357906458549 -0.013250361572281680808 -0.51282899889072064425 -0.85846713999481583102 0.0063708277011220448838
-0.99326839646574971443 7.8953229135440743391 7.3844876653658593213 -0.87046533340232234988 -0.00050825029247196073373 0.49222946379386334215 -0.49220979698836242466 -0.0080997666492394603671 -0.87043891774728476829 0.004429344629168306853 -0.99996706718864702967 0.006800400303470589651
-2.9318534825771949137 -2.285411681759442537 5.7048842999355677819 0.62388059704931697613 0.01416589988668765128 0.78139127708573863362 0.41523747433705454624 -0.85304012107919868768 -0.31607023228271596826 0.66208069034791250385 0.52165302559222770373 -0.53807739253660546996
1.5006980507749445586 -4.6109794643401533776 -0.73436682630695115925 -0.29389239061264421649 -0.0087509799076172754828 -0.95579845317447720277 0.95206291866836989524 0.086110743040289983163 -0.29353217682176746539 0.084873209181156969438 -0.99624713815587606636 -0.016975808657587854178
2.8565346281621248892 -1.3219509048968240972 -5.2851310010074259438 0.28797556715554084583 0.010016815491291491957 -0.95758536754100453958 -0.59978749675763987081 -0.77763697458050162759 -0.18850913637988403471 -0.74654204935473666982 0.62863375599223780821 -0.21793248810692383843
-2.1571330230795098259 4.4034090327742800852 -0.95886211102889029601 0.99967202150375833458 -0.0092202039351500647557 0.02389220086536834875 -0.012165029610324064671 0.6500000649898739491 0.75983677692494033806 -0.022535782155946891547 -0.75987821613258599296 0.64967471489222583525
7.7304811635012011806 -1.0484437554455965369 -8.5323668989039092025 0.99325098206103901166 0.014140730531819438107 -0.11511961767931615241 -0.10730396099718905734 -0.26472550152676532775 -0.95833515473223784831 -0.044026657708000030422 0.9642201245468695614 -0.26142150797075186519
-2.7692854356110374603 5.5460488112336987498 -1.3601601569270098668 -0.9998847681402776022 0.015179340577994658579 0.00019509315169414717661 0.014783809596213701859 0.97658881246976703139 -0.21460598857694657138 -0.0034481031801129376907 -0.21457837490958248106 -0.97670068680510946368
-3.2738162496599629847 -5.7845720451565938447 5.726260316970300579 -0.11083520051974470044 0.0037211931672020519268 0.99383183237772909635 -0.49941176165316220059 -0.86477514590462001287 -0.052457976975615272508 0.85924586158355875654 -0.50214549659152396544 0.097705934335807487212
2.3960841293738579516 3.0843076773900404142 -5.7400336630372192914 0.8230698643138284476 -0.0059459367084893546135 -0.56790901057747467107 0.51125091738189398782 0.44324170067070195467 0.7363146706828673782 0.24734287524512990619 -0.89638241873826807193 0.36785875202606987955
-7.8456021844391203857 -1.248631253834180832 5.7869147397312561409 -0.84220667724339959292 -0.0036449072793647112334 -0.53914249272085068565 0.50111638469792429973 0.36365263870234432186 -0.78526373108154912117 0.19892280360417874396 -0.93152749450334759729 -0.30444415775393457446
7.2366541552669199078 2.2971388563294392604 4.4612367945034634431 0.70072057916916696829 0.0020847627415078815588 -0.71343277447349062736 -0.65936757242776888877 -0.37998022300635536652 -0.64872909180542626117 -0.27244279098438850539 0.924992261528784665 -0.26488533698973604213
6.6022052512488924592 2.3070470687337678584 -2.1098741363017992079 -0.99389487516736774175 -0.00022525712076929254452 -0.1103309855612187862 -0.019927867996411260942 0.98391767280059760914 0.17750744555663827695 0.10851662173526824273 0.1786224017588182722 -0.9779152214771168472
6.3650335339400232471 2.2294905064089953761 7.2427242486347527262 -0.58606688385294092303 0.0072082903928340057859 0.81023061420856967718 0.80129213774429952633 0.15354066610956546013 0.57823539656419009614 -0.12023525955402614152 0.98811603792278779324 -0.095761046149784520565
-4.1739258451819640783 8.8240819580602494199 -5.3576625276290972266 -0.80438781851409191237 0.0030294981989191878055 -0.59409684359274705923 0.25490635266641320511 -0.90150445749133589768 -0.34973198951955830616 -0.53664046511282892382 -0.43275921164509489891 0.72438696560596138596
4.3912773473888613296 -2.2250815189565047447 -0.155047982380381838 0.81472204936694359034 -0.0003318815812970263724 0.57985159491892668271 0.16964923332422848778 0.95637931396703745879 -0.23781872392344316491 -0.55447914289708155611 0.29212753665225010824 0.77923961810312525333
3.1807352570911038292 -6.6806157880287706519 2.0422464232095309811 0.891804447204688433 -0.0083423308875367925552 0.45234415378291631393 -0.42216873902914464622 -0.37481659816240037175 0.8254005533852233345 0.16266033238825061691 -0.92706144524350442282 -0.33778498043876770129
-1.3897978148044098923 4.4138014418246669379 -7.5641913540701297691 0.53895253779698382157 -0.0011881734066839537076 0.84233529561943221164 0.056115879821494740742 -0.99772682530056222561 -0.037312063836038682207 0.84046485353887800951 0.067377817713112644893 -0.53766072912764772962
-6.2274504860399888528 -6.8208268382902472737 8.0131988686012434187 -0.81056644937922706085 0.0040361458204153429635 0.58563276946186304528 -0.14618871222756749106 -0.96971549086314945409 -0.19565461200106962214 0.56710747795976135244 -0.24420396456028772847 0.7866088812970318811
-2.8624476981714579438 6.7075161129260365556 -8.412377205042243844 -0.69325062092014699822 -0.0068394945761344741117 0.72066413668778406265 0.59805229426208939003 0.55253863702860173124 0.58054673189895433794 -0.4021654260649770718 0.83345922270060779358 -0.37895737777940724511
1.9997091867773149065 3.4592864085216827874 5.7609176416391081332 0.87931770107389595204 -0.0015978399267456621854 0.47623295506050883352 0.017421875560539142741 0.99943293972076585607 -0.028814531974620156279 -0.47591686125841359267 0.033633999294392515067 0.87884691230128242356
1.5348226303149077321 5.3859614240358899551 -7.1683306666549420072 -0.8703955891905930109 0.00028599562220281860708 -0.49235295929252986813 0.27559344620322762109 0.82894600153188835456 -0.48672043202878262358 0.40799481703523254872 -0.55932856600651170709 -0.72158976192945734063
-2.5275177610892654023 4.4917730797798665066 8.725923929792147149 -0.88380258291622282307 -0.0027581189148387823609 0.46785188597539983935 -0.42593931153769853948 -0.40898076087546553214 -0.80703806609154116192 0.19356832725830866448 -0.91253883753733222584 0.36028346155279256102
-8.291145833105195706 -6.5819353777069675715 -6.1038939757149384135 -0.63523419368448197364 -0.0066849860055170230028 0.7722906383841492417 -0.54315771217701880325 0.71475223045840197145 -0.44057797125718378695 -0.5490511987750210654 -0.69934580860742168174 -0.45766605850429425972
-4.5851289850254053349 3.4117181851331768172 -5.7964827864908565758 0.585328213082423221 0.0038667736024292215236 -0.81078722919874357533 0.79211331823067587798 0.21070633722783194131 0.5728519272318556288 0.17305309604603175133 -0.97754175742704640939 0.12026944098565463259
3.6616045326909123503 7.6061105842097296303 0.25529616773289309783 0.58627540364230523728 -0.0060878231851593774329 0.81008893924840152945 -0.33297755352654279104 0.9097867066234076594 0.24781867826782727482 -0.73851682440620425307 -0.41503142876149701213 0.53135846018374988109
2.6174365513824127127 -6.6583336490311051392 -8.8643898952210413711 0.99947823351469167186 0.0058287306701824380395 -0.03176927177966056004 -0.008129167025965087362 0.99731563881088147738 -0.072769727405381776086 0.031259836437550120314 0.072990016317136113821 0.99684265566024798932
-5.7282143343947113934 1.1634668009220452412 -8.4895764533516686612 -0.82157879844640180345 0.0038613540990609473806 -0.57008189577252366131 -0.11927950952142912788 0.97668028710562160288 0.17851614881410562963 0.55747706369987359842 0.21466417196082757113 -0.80195923632377008605
-3.4773217177403692446 5.5671006829151536976 4.321464995593793823 0.413044293248618688 0.0086530935809840670014 0.91066982808602525701 0.37600707112493803042 0.90912760649019419557 -0.17918057255531888439 -0.82946554737286304348 0.41642780777557342198 0.37225634532200363447
2.3249457286341121964 4.3857816614907711994 -2.688349655565709373 -0.2531091283732399555 0.016168551586427423739 -0.96730261401166006685 0.27866020735732194291 0.95870325341402051755 -0.056890778946026503149 0.9264363215945968788 -0.2839483224692476715 -0.24716207677797835673
-6.0411448923658861432 -5.7900670199392196835 3.1961033944955166142 -0.77046784498996301327 -0.0098067521604369087274 0.63740342597823129722 -0.62158043657133643656 -0.21035610489103345744 -0.75457807416257383082 0.14148166209181728403 -0.97757564246825690013 0.15597692952652922327
-0.97808469514689011515 -6.8943943253044253083 2.8905861674059414312 0.80278971320335368311 0.0079127083457283357848 -0.59620974951885141735 -0.033447562889267888619 0.99893510404177021655 -0.031779214110282068273 0.59532338851371080501 0.045453789273663822157 0.80219948649270300667
-8.4048615184587376348 -4.7876418081017773076 7.7562556992887685681 -0.073840072932491118696 0.0074537485175037287294 0.99724224001108008331 -0.43815272424332468715 0.89804736733657364312 -0.03915502851772099252 -0.89586261997461058559 -0.43983561435268747619 -0.063046002882069171469
2.4085952436477136018 -7.1840692679621485084 0.22480576321524139982 -0.99719272995570362728 0.0029471653752407025138 -0.074819606650591147234 -0.062907289513085676291 0.50898295478121768909 0.85847482471441538543 0.040611971747418013079 0.86077155271208749543 -0.50736870399380273877
-0.88770527824811784612 -0.21210640792604795735 -8.7908001192279439096 -0.59570104204774521062 0.0011642130783408226411 -0.80320539908000909701 -0.80151117848523689702 0.064071285837300331889 0.59453738410171819151 0.052154570908530935303 0.99794464522794612549 -0.03723420194225895985
-4.9936459981637515426 -6.7796086205613947939 5.5128213176418201513 -0.20179540254333172555 -0.0015491403621880469807 -0.97942647282802408615 -0.25920038113847998495 -0.96426030374629190245 0.054929309447747487472 -0.94450716139670676252 0.26495219716563139789 0.19418175837877685308
6.7254909246964391656 6.5810292854269434315 5.3842685963264669269 0.31024873014054937803 -0.0057067847994865797054 0.95063828981018849706 0.88500449030181627119 -0.36342820799789649078 -0.29101029153083890488 0.34714950322825571805 0.93160472854017706279 -0.1077026098559738243
8.4794056281418725973 4.845660281085021559 7.6892315654742775521 -0.93632945148352797471 0.008095357972940041974 0.35102937692430280503 0.34932011314728045326 0.122649095471058317 0.92894168704549551219 -0.035533320070951106284 0.99241708195678746129 -0.11766783165055763605
-3.3068491155726289499 4.5688465011512153779 -2.1162365064758303923 0.99999016179882982414 0.0041857051554301406143 0.0014683930337575632798 0.0034639457368809676609 -0.94365022547026111699 0.33092635593106811687 0.0027708095713450194182 -0.33091801377723917277 -0.94365544070495999129
7.4362246253795740714 8.0711735315638861721 7.4808813727313108188 0.92764732468136723575 -0.0061830650766012563296 -0.3734062274757523614 0.24651174080340676475 -0.74095465453925068999 0.62467444446116604517 -0.28053948502375730678 -0.67152659636287326261 -0.68582040485792239437
2.7656796596560888624 6.5925729356376550072 -3.7432274683505064594 -0.63551411852510542033 -0.00079414927110314781356 0.77208883846495157677 -0.73198846894628011306 0.31870517136673442993 -0.60217928814742871513 -0.2455904853305176383 -0.94785356625956740384 -0.20312294415961335003
-1.1616946068716214047 -4.1497243262960727961 0.092981642109878956393 -0.28957215000899555468 0.0036232412000133723193 -0.95714933111952471556 0.47866835653438999376 0.86651292691930126288 -0.14153427830046783065 0.82886945557891122949 -0.49914148255247425823 -0.2526523421690641813
-7.82243210353780416 -1.2153066374429077889 2.611674106769002357 0.72993251811572956722 -0.0029653200338626522874 -0.683512783987510808 0.34999367280646087597 -0.85732811740615999518 0.37748235468708229989 -0.587114084307689299 -0.514761795379134246 -0.62475382833997383791
-7.9274618875787705718 -8.8256028306485170276 7.8087359612103961481 -0.86220958857139562426 0.0016397202961230487178 -0.50654904668056166539 -0.24378972002927287721 -0.87790933020644834617 0.41211864838241807352 -0.44402837497564273672 0.4788241005358940261 0.7573415893521322495
-6.7644049556607326323 -0.047614905091962297923 8.328997631000261137 0.0033243671208855532506 0.0063926825554111513239 -0.99997404075952589508 -0.53281705478687835242 -0.84619998820095265746 -0.007180953813439035216 -0.84622392705002880131 0.53282709538740691269 0.00059305087286621086494
-6.641232452416589993 -7.8309050576934504662 -8.2430772711604252123 -0.90266683773768907617 0.0027887603551460977969 0.430331038695146606 -0.4261040023199771376 0.13417001962185520769 -0.89466965134700260354 -0.060232543159998291893 -0.990954402911803367 -0.11992252538221595537
1.1687979213006398638 -1.116700528128029335 -6.2583571347666415718 -0.86885299494786816243 0.0071178065136129654855 0.49501899963605799915 -0.49455419569603059626 0.033160349869575556081 -0.86851398302861027023 -0.02259691770559645041 -0.99942469852768656136 -0.025291328222207559717
3.3291101935473750295 3.3107282556946198149 8.0126166315477220792 0.52314910442418705028 -0.0093918918388410169151 -0.85218941961751104586 0.71747620992085570091 -0.53479415146838815698 0.44634415393594867316 -0.45993793357127787935 -0.84493017931819169863 -0.27303862243135296195
-2.0461321719537837183 -5.6554412950248504899 -2.7695957870980691951 -0.81921502359825615347 0.00022708643386631574557 -0.57348643710467339663 0.32272138760235730137 -0.82645418641644807778 -0.46132893225835025497 -0.47406502834017932857 -0.56300393088017375298 0.67697040017886689345
-5.7187521258173230621 6.6024561793672082999 1.5304944433103577772 -0.60149844470697655385 -0.0027039104860899819752 -0.79886939475933882449 0.16815990788894244479 0.97716054197868307263 -0.12992120911669044481 0.78097494607304951408 -0.2124852090562003859 -0.58730585689090519796
-2.449987489985840039 -1.1259379182510735884 6.6752782876534340062 0.3530292168157200261 0.0008121024715187197783 0.93561194550078652377 0.35613194845195322857 0.92460610563824974228 -0.13517982359772692802 -0.86518229718737060807 0.38092373240004662183 0.32612375370095275651
-5.1416083337588869284 6.4896231028053552592 -1.413336954585221461 0.92060828619521528626 -0.0050490188577494102967 -0.39045472310751339062 0.11998409888864526585 0.95520117407308280377 0.27054488179103036716 0.37159682372462127242 -0.29591421807328283089 0.87997191781316874692
-0.7639823277570576554 6.5716964051345732045 -5.2592849401430994405 0.77168747775424795243 -0.0038919247249730067051 0.63599000746786660265 -0.60100991869674103008 -0.33158064341790438601 0.72721479257416676845 0.20805171065195859903 -0.94341885174744488651 -0.25821571575361501605
-8.6075658133614609824 3.3874991188924057361 -6.4436750025581295276 0.98495512781881422448 -0.0022400625943824440008 -0.17279577050130509597 0.11190719500843909762 0.77020770701044427575 0.62789877191076193252 0.13168210162694260479 -0.63778920513078962706 0.75887070962722547041
