1125 17.292696884352682929 17.968806560800352656 18.477561601407678893
-5.6751614922193844848 -8.6266818667867291026 -1.2944459313789320465 -0.35002199759040647509 0.0030577224131038078028 0.93673648991402924668 -0.072636102247915654284 0.99689523896105880496 -0.030395381015127648228 -0.93392108759429326437 -0.078679939441086421681 -0.34871316189181106315
-0.73198210422697962407 3.1537969925070266086 -3.4013830792954893312 0.98402922182612873048 0.017698955497498013861 -0.17712492079478342477 -0.1275936425376487382 0.76396487414036673425 -0.63251682464845493392 0.1241223306911453661 0.64501505257928082315 0.75402203480391527535
3.741252743233182354 8.4590172760968815879 4.3461336571373836435 0.99823256648525149348 0.0087093339653321923122 0.058786824290961235684 0.026861910513946832268 0.81626000170666557221 -0.57705982998073102053 -0.053011140073442222787 0.57761904151074527913 0.81458336707352574368
3.6813071149453282516 3.9883433714788907309 7.1684810030065815312 -0.44194953846662987651 0.016278987913831539924 0.89689218973181761285 0.63662753390419002386 0.71008186218600044537 0.30081411547628655878 -0.63196992691468878434 0.70393092242562227412 -0.32418400319670043208
-5.8594899485657059302 -8.2111045665191220166 7.4267076399537881315 -0.073029680092475041109 0.0037196120771011841229 0.99732283154033074535 0.99732881650280535979 -0.0011088432285250972645 0.073034253883999436519 0.001377533761129233654 0.99999246744799785702 -0.0036286978443115240796
-1.6190841761193746073 -8.2627949512517933073 0.14978287357061112473 -0.52131677750875682342 -0.0089337660014500754058 -0.85331647430055834747 -0.71786336793025218306 -0.53607753746898390013 0.44417683280997283246 -0.46141196611233842306 0.84412147327616182668 0.27305299097816443377
5.4082197214861809087 1.8608143954942721887 0.36117230863129468066 -0.75483838563348093498 -0.00073566146607165867292 0.65591041337695865643 0.01874492243705366129 -0.99961511864775831615 0.020450976831479325546 0.65564292069476282077 0.027732172160407752431 0.75456165233232175282
4.3281882858210742882 -0.54436332360809835951 2.7257245490203563243 0.58872746371837469948 -0.012176257512750103887 0.80823988531677237734 0.79672097180843448605 0.17760354396341040961 -0.57766138372954645153 -0.13651251424141036539 0.98402678821496136763 0.11426116370333927463
-7.2988266810687862929 -0.51867584175895298237 4.4047346667645124185 -0.98069135569187471102 -0.0017964346443069215825 -0.19555366959914949332 0.12125823645587559263 0.77894310819623835407 -0.61525935530082587199 0.1534304564378517477 -0.62709202436015665239 -0.76368494028711453314
-4.318237623383736512 -5.9548537457431010012 6.8245676015694503036 0.90848230073547409091 0.001130358649075575983 -0.41792180074721280159 -0.41790136575348157955 -0.007795023523514667263 -0.90845896225962496917 -0.0042845947131293325716 0.99996897946776330812 -0.0066092624817981060481
-1.8608558835359951811 3.8228585684710898462 -0.47982425347229823442 0.42572263832358558933 0.0013832498231425851502 0.90485265200412823283 0.55665296645310891055 -0.78878176463582583278 -0.26069292801462595754 0.71337066813671812238 0.61467179404779448415 -0.33657224401963586891
1.3129628938014994421 -8.1440162175327159844 7.6658024899443493183 0.39678735121115987772 -0.0017078945254355749894 -0.91790897207441901617 0.38286775172132425649 0.90916333905299262508 0.16381180547818055548 0.83424941271218178152 -0.41643619681592647375 0.36139841085838253498
-0.4741935453366531994 2.8512817148494971065 -7.8434486304370478749 -0.8121194291661169018 -0.0020492499686846354923 0.58348764626645921449 -0.25137924523362165097 0.90366146918445022784 -0.34670509684395095507 -0.52656481826723389172 -0.42824262945950258841 -0.73439617542378465842
7.8626676618577455713 6.3106709001305416606 2.7905408064608336893 -0.7804230408051847645 -0.006353943118415424085 0.62521956526272659538 -0.59453948002596157529 -0.30200248125646811381 -0.74519615404612726817 0.1935527940144654846 -0.95328596377054397593 0.23191202471502544991
-4.6424257023919324183 2.5355820872032683866 -4.0763346394397643735 -0.96176029366467696846 0.0028266010636468358319 0.27387797986755868518 0.25102221396018942201 0.40911276227332088462 0.87727680685398012894 -0.10956726531418507775 0.91247945624623472138 -0.39417795004271061199
-6.8758663213390711633 5.2424197658422064805 -7.3524082326581972069 -0.067513713953967394166 0.0068731623627875555738 -0.99769467176443826784 0.1072234079726008954 -0.9941349034313795574 -0.01410441640619609048 -0.99194003811252817737 -0.10792846435754929746 0.066380775609952050176
-4.5189550114940582048 3.8926971072802007967 -4.0746658747729300742 -0.99886783778244769838 0.004292076681005611849 -0.047377428395937552785 -0.045137868424077381979 -0.39996975281091179388 0.91541617293454669024 -0.015020501915001812504 0.91651828945942726001 0.39971065736117383782
5.551196680261409 -8.2080881494590993697 9.1077129681219961554 -0.3939047161400235364 0.0095202471145781689121 0.91910197448252706209 -0.91781070354069949069 0.049912564640915937919 -0.39386831347185896623 -0.049624460387836806519 -0.99870821603997694815 -0.010923009904760945868
-2.8008845494401377607 -1.6007902231254327319 8.2273816839953646252 0.46957279533833401475 0.0020530659712713374143 -0.88289137202606726706 -0.22210767239748357982 -0.96756235562510761739 -0.120379690309240589 -0.8544996031246674395 0.2526239753010502409 -0.45388495829088149058
8.2214866587747330584 -7.2364849212359256825 2.9617728797107396588 -0.061281289653754456026 0.0021105558836503556484 0.99811830415646363157 0.83764185725408557559 -0.54368341300755018697 0.052578183656401350499 0.54277133538394450873 0.83928772895507308682 0.031549730762262057082
-8.4109866929013250569 -8.2416672556678509665 3.4132062007044319252 -0.048979900771264614501 0.0072589468420634585197 0.99877338621479738734 0.79071573379131521175 -0.61065628637317859173 0.043214907702440970294 0.61022094167216667238 0.79186249286329379871 0.024170120833181839293
3.7843811659697013106 1.701778488120990751 0.30618315588210986977 -0.67859333735628812878 0.0078376671666550244005 0.73447236399271553786 -0.14309222010640273992 -0.9821953747595704165 -0.12172453469279560789 0.72044132241346003909 -0.18769873940578668536 0.66763274648927906085
2.9977076536257083461 -6.1438337991642839597 -0.73733959501536128212 -0.89825622922814896132 -0.0013344092074764430864 -0.43947009682692528276 -0.11068956331661546078 -0.96706981932227487064 0.22918068227667592884 -0.42530408794870683264 0.25450772858235226614 0.86852878413221434872
4.3902690581128611669 -8.1884310706117293677 6.5376745757991292507 0.99268045901006818355 -0.0081863871478017238154 0.1204926942398516776 0.11482239712826419753 0.37322355846286003889 -0.92060849036180059102 -0.037434254599272326347 0.92770531876983641784 0.37143171392438839584
0.86618155434723631547 0.61912681357211118982 1.8203498750643114512 0.99920665207032377531 0.0079501261846468360833 0.039023863880546433291 -0.00021067708517506864713 0.98091398482052316599 -0.19444204791817742972 -0.039824892638807944667 0.19427956628815723494 0.98013745365099780305
7.3378072865585171058 -8.0724089785758437188 5.9936152281247006002 -0.28590451167215119588 0.001886835937382719524 0.95825625490031873799 0.12132125489706134525 0.99202243057457561992 0.03424398264691991961 -0.95054708632244067079 0.1260473604939211234 -0.28385260188481703514
-5.8506768026356281709 -1.5448538652727641374 -6.2245005858223487749 0.51607959998244212763 -0.0063953942739951152169 0.85651675139137251058 -0.034382630680613077145 -0.99932083930488968537 0.013254992965286739592 0.85585026797294361245 -0.036289930601949793587 -0.51594898948191292298
-4.0407191346143616073 6.3253706239419598134 6.5185219915908048094 -0.93815428163969682984 0.0055232410270246775491 0.34617342135114792523 0.28706578793254056148 -0.54654748709753830926 0.78668867905028883047 0.1935452847269954757 0.83740989852995628695 0.51116033160249785272
-6.5292292200324890672 -2.8787664818514637766 0.79213287519201303066 -0.91938266443217020463 -0.0096700012373135031674 -0.39324547984309476956 -0.10335575291315121649 -0.95863449603507489005 0.26521216290176413688 -0.37954328433103684537 0.28447564761748317386 0.880352486923070221
-2.7531103767928746251 -4.9672298739094538078 3.6457662999601612164 -0.31281068033169789899 0.009756839408342385736 -0.94976538279483091465 0.59722967490190437267 0.77955870942573579629 -0.18869269719615139325 0.73855683172465125264 -0.62625316178305401316 -0.24968136428187906461
-7.6839035442576797408 -1.4989420787955860526 2.4111327211859210351 0.99982251353153728246 0.0004587958947301365659 0.01883430225833159985 0.0085764301792563158583 0.87902736643486045764 -0.47669417229921945411 -0.016774572442039007575 0.47677109661245553607 0.87886741614103347509
2.705972060035580995 7.7706535382119508171 1.357126356165633041 -0.9953386382261385501 -0.0063482152094607603027 0.096232507073734152581 -0.031410314423687302199 -0.9220866991589443673 -0.38570650938485923076 0.091183262728710134937 -0.3869312851111649243 0.91758912003157777626
-0.51197655421194976366 6.2754469244651653881 3.8448357356297950815 -0.76187025426949461782 -0.010931709356219716442 0.64763740888669629747 0.55346951597877169782 0.50842981609501691764 0.65967462963750245208 -0.33648954001764808108 0.86103404104351333181 -0.38130718538021357578
-5.5219991079015224855 -3.8211207007177705464 -6.7632081266321542046 -0.99860156290448942595 0.0066481107252864598406 0.052447318220868073546 -0.025915079801632462386 0.80313779341223978658 -0.5952294460389945252 -0.046079574690388369618 -0.59575623153840062685 -0.80184236940896358448
-4.2815978750623511218 -8.2347685125841092457 -8.1772677928785917345 0.40608733366187543812 0.00020836134517956440837 0.91383424866019313804 -0.9037650721603366355 0.14813158389315936314 0.40157904352160350703 -0.13528404111999378645 -0.98896763872155080133 0.060342669640386085994
-0.93964635323402068146 -3.9256577017123412965 -4.0626633008648083134 -0.91696702222379711245 0.00640500036484326421 0.39891158935845733025 -0.10373471258561467456 0.9616536044950605433 -0.25389260400097551917 -0.38524095000267694067 -0.2741921241246013663 -0.88114022125242597028
0.35869422917053844779 8.5749206808960636295 1.1803317144123506299 -0.91304236367294966392 -0.015411384588858066669 0.40757346744368805336 -0.32629233946654156995 -0.57196984465407951781 -0.75258475005265568214 0.24471810587752731991 -0.82012985924894254985 0.51720408218057067895
7.6265560001972545479 -2.7130685675539720769 5.1042590458248184859 0.92360128147033537793 0.00032817073267621399424 0.38335435979028636977 0.084940208396736383012 -0.97531908788833143742 -0.20380833593902053513 0.37382594059775015038 0.22079983945806447299 -0.9008338343064854481
-5.704444038569184805 -3.877939916043737778 -1.9229431543055657272 0.69156575312269763511 -0.0079972878620236682173 0.72226923823105404487 -0.65808050021796582474 -0.41919525088779102662 0.62546414514785142469 0.2977698177126760215 -0.90786088417771027004 -0.29516393858234585279
-2.3628262033260494235 -7.3660498033193091416 1.69852143941785938 -0.40700023255622075347 0.0087929095095861907472 0.91338573201121908696 -0.73079975154768372914 0.59675397928675066872 -0.33138559314335797046 -0.54798041373484063232 -0.80237607949613376501 -0.23645315226352939253
2.5642736991079195796 -5.9408388941235443781 9.1368952541362489228 0.84962844693215922032 0.012735504717504581712 -0.52722794793450999951 -0.32653193835358990116 0.79774188173815530067 -0.50693666602098674812 0.4141357209885152546 0.60286457603754073364 0.68194274507478747083
4.0780076485064231662 2.926544096774473136 -0.1217934510429295597 -0.30023933218994092176 -0.01149594603328580808 0.95379462497486056094 -0.23140677918032942495 -0.96917826388155081663 -0.084524525251539833759 0.92536870811331517483 -0.24609212918012224325 0.28832519487555086091
-4.5512572936350101926 2.6771431235946341332 1.2327537600670037676 0.99353388256671004708 -0.011706204187126586364 0.11293090354525854579 0.10380480651795391533 -0.30924306137233315006 -0.94530063532023134165 0.045988980591000809539 0.95091098099491877527 -0.30602829916137441746
-6.5664222263798031065 2.8581159598853380643 -2.7274774456450359139 0.065371181821321427963 -0.0019279028490724490694 0.99785915427862126315 -0.98987676527622259215 -0.12637365918559956279 0.064604085245481016053 0.12597856227800960371 -0.99198083724164742847 -0.010169581688108705886
0.14171629562706311578 1.6795566413972187192 -8.7332682066484270678 -0.99921105572605761758 0.0068425537844542458354 -0.039120909656606521476 0.030946170340787566844 0.75153634328183105406 -0.65896544618639107949 0.024891778881500570275 -0.65965620150503367913 -0.75115517382226881793
-8.4476170809415389584 -8.3999984702652312762 -4.5141132122371638857 0.21537201859620369593 0.0030848167540729791794 -0.97652720264786729842 0.96717253214842857645 -0.13879293912380438747 0.21287041388278235554 -0.13487841437062880745 -0.99031661803422421642 -0.032875665497449198249
-2.9762755119473416343 -7.2223751713358765869 -8.1509293879072384215 0.054530829197442419465 -0.0001329342335745225959 -0.99851207854276713416 -0.64401649654998338601 -0.76420736271976708043 -0.03506934468415880829 -0.76306562027028546069 0.64497061103087172107 -0.041758473007267593591
5.690915012760221714 -8.2349674894137816494 -3.8581817595929845943 -0.1231175444689803361 -0.015850131389234210777 0.99226551062662582403 0.75705599349867958026 -0.64798159415912637282 0.083582751442631525451 0.64164498981284745494 0.76149105507932524084 0.091777339699909588067
2.8876391855136112063 -5.969199512938859975 -5.6057632620655812872 -0.36773828822582810272 0.0090145089414121661736 0.92988563275342961401 0.44508527605654535364 0.87968560657874828035 0.16748829993690478313 -0.81649718212025335085 0.47547026427176714014 -0.32750630434088628951
0.0043115343885540384494 8.7561586764940777527 8.0821140374369271342 -0.77621909147200818246 0.00092402076726215290683 0.63046258272775668186 0.62586132518552473059 0.12173311543828703452 0.7703756552763432186 -0.076036331258576284053 0.99256243873696070601 -0.095069877129358826284
-1.0913385660648562414 -8.3855080741967835678 6.7246791659302100896 0.85028587961210433388 0.01128338094971004929 -0.52620015986955381848 0.51174528421506948472 -0.25138073411305844607 0.82153788141547434698 -0.123006857597723257 -0.96782251050030598805 -0.21951970561390304892
-5.7085564954933589732 0.54286881501572992192 0.47853502912532730473 0.5911131692991762332 -0.0057584621042741524627 -0.80656807598333812859 -0.47118226226432491366 0.80914772424531211659 -0.35109434070571837738 0.65465448658702396489 0.58757705916956071146 0.47558459050860918405
-1.5223150159282814453 -5.1200850474457233474 -4.6399150609022798974 -0.98613766457390816811 -0.0070341776065093696013 -0.16578005565880668537 0.13729380269622581956 -0.59566345927541231031 -0.79141358026347408128 -0.093182177748789160598 -0.80320331400564826119 0.58837192159435569572
2.4605435085032096865 -1.5827221790910328547 7.2903145091007601764 -0.90586543707721289831 0.0088782768594774831572 0.42347253288613251332 -0.3494406192898090735 -0.58067677394619399145 -0.73532695978716555718 0.23937222791981632719 -0.8140857819661422301 0.52911745019529277112
3.3092310948444914054 8.613714685343003552 -6.714671328192238775 0.75121606585706934833 -0.0042183082846636143354 0.66004289881289135433 0.35085845464193865517 -0.8444524471728758197 -0.40472016167920971119 0.55908207555280742262 0.53561391910472877509 -0.63288621604310391078
-5.5169058110227489067 -2.7914683129873822942 6.2903347781931699956 -0.96215592767557589493 -0.008122254244976078244 0.27237841292022352269 -0.25141555227540030026 0.4119801601205765329 -0.87582108203704822635 -0.10510086066694511453 -0.91115661477732823315 -0.39843121418144389345
-2.3201128471758756255 -3.6513840584347661 -2.3323132343886912032 0.9411818686900854658 -0.013194453010751488325 -0.33764270532461321261 0.14061000439458834488 0.92390568364492220432 0.3558470379150409646 0.30725480746985167624 -0.38239272239221855365 0.87141854992199163643
0.96377025429597895645 8.4741689714447101522 -3.1096498659638043272 -0.8669122188239211102 0.0011523568127217481867 0.49845950379901637906 0.49303091055396330855 -0.14521817510808340823 0.85780662322958578514 0.073373878813355122852 0.98939898609815180031 0.12532326286806910742
-0.40692285038471226466 -2.5532160017486873471 3.4993218653186151101 0.9013983747247804601 0.004380966315038490981 0.43296856372891834308 -0.1050220270156459329 -0.96787704838322641265 0.22843903575001378581 0.42006111922529737468 -0.25138581174574164967 -0.87198270038333547394
-7.7730419567264688041 -1.63994872477343967 1.3427179418155728019 -0.99841512906799156912 0.0028750800066232248819 0.056204661399296557134 0.005967960033927697909 -0.98765412892829762548 0.15653659337087916237 0.055960821125967202816 0.15662393024728663016 0.98607166624594366766
-5.7174782319290375909 5.3956858880582858617 8.9380451854525322375 -0.11512862061351905596 -0.0017367311233556061503 0.99334907483774503856 0.97727216321242460495 -0.179390740981223068 0.11295167577414025328 0.17800145989731444574 0.98377636981969818208 0.02235026754184101655
3.5258828906809269732 -6.0436233570580348839 4.8199410628015764146 0.42325756689646609754 0.0077061667213529040296 0.90597662611088103368 0.61353838227937629313 0.73334581750329286276 -0.29287295098805260496 -0.66665109730254545894 0.67981212621208697566 0.3056661373464253928
-1.4818322286977334556 7.1833871843150411962 0.28922482092075868509 -0.48078483577902608737 0.0071847570231870624621 -0.87680917020239967918 -0.59013354980190180221 0.73694429370945968572 0.32962933936058863571 0.64852782136396991408 0.67591529590303367492 -0.35007167506300451709
-2.3610556789892505059 -6.1925233367150323005 2.4675808206491041119 -0.82158509388860123668 0.0050163652151471015833 -0.57006382939086019945 -0.56608935424264295033 0.11101870256680476667 0.81683394315705293298 0.067385284098312972501 0.99380565693719802312 -0.088371600226381991083
2.5159076888461022747 6.3392652611860844658 3.9498487255654048944 0.97861879157006192997 -0.0055462234572423926848 0.20560763651047078704 -0.20465259894843554345 0.073650822367694088189 0.97605987014529704826 -0.020556617661541560366 -0.99726866779706624389 0.070941029738842198427
1.4257973528035077226 4.1223856688085591671 4.5664623770489205512 0.99626896407140796974 -0.00604355328285254359 -0.086090804919853547439 -0.0074678154660614568319 -0.99984037585711194041 -0.016231282697882484095 -0.085978968127098279184 0.016813633443351846258 -0.996155067632532365
-2.7597580416313185481 -4.0003648723919065233 -5.5503451813175539442 0.1410945155442206167 0.0016679721290578754852 0.98999472501239071942 0.96416347392356571699 0.22671861243624921722 -0.1377950156084611355 -0.2246800686197937269 0.97395887420567073267 0.030380554984279144887
-2.626133667600771826 7.3947807300223447058 -1.653736172818625505 -0.98273201462489090385 0.0089019828280273299859 0.18482029686466092122 -0.12586552349698973408 -0.76431314542099515474 -0.63244231810631412749 0.13563059177871580885 -0.6447838168243500423 0.75223544993264124248
-7.4473305183076625724 -3.9350733469601095749 -4.7864045838052460269 -0.034857817100890149675 -0.0034066765184985153651 0.99938647536465607946 -0.38228092930690182882 0.92399003100724474979 -0.01018399170270796808 -0.92338844679525811099 -0.38240138225933800742 -0.033510582969292226907
2.1602280032185601222 4.053836183688364514 2.1039092640756691388 -0.52826157694603081971 0.0012402179674040592593 -0.84908077836071660371 0.74099704593749782244 -0.48757561577866348479 -0.46172870477111888077 -0.41456372759078274903 -0.87307988223140242656 0.25664846582155359522
-7.0489471875213629559 -6.0263083980385703242 -4.5460117238736685863 0.8774010780100818252 0.0041665427671457935799 -0.47973950038374990612 0.061173627909294266136 -0.99277156639207464472 0.10325891831828735989 -0.47584150255678986374 -0.11994689193632214474 -0.87131372510682736365
-1.2201554117341710803 -4.9627353110802934211 -6.9088818409397365627 0.20640948107464063277 0.0050852903103529439877 0.97845248527705730446 -0.015075449285865910251 -0.9998512694025649683 0.0083767477311778165694 0.97834955764850839444 -0.016479650972737985848 -0.20630211863305508713
6.3559425354003620257 -4.9774858261942904747 0.95801875843181283354 -0.47759537618425862426 -0.00016774325065306051885 -0.87857989307133721457 -0.43723984149761818685 -0.86732303509266650554 0.237848846549038484 -0.76205247696887723485 0.49774564253217828957 0.41415612718605271381
-6.8796965047708127372 6.2629926862326801285 6.0008775703547678759 -0.66591335710377896895 0.0011776791155199937966 -0.74602815892103158113 -0.064557663861594130617 -0.9963385319908765192 0.056052098151766392709 -0.74323058929772678471 0.085487675968040285901 0.66355116486223564287
-4.2965411313113781588 8.733268761350121423 8.2061471549866151776 -0.72336493068074725343 0.0058505556141983019319 0.6904411257018463477 -0.2997183520180409233 0.89818072903126267015 -0.32162134173630618772 -0.62202257718260267616 -0.43958747593121333397 -0.64795892190742709893
-3.6411188110634524762 -7.1005154966529602234 -2.8421999121628256368 0.97483757889167099719 0.012452576016862882541 0.22256825499406598934 -0.010770826163695344443 -0.99464111346527139812 0.1028253116133521633 0.22265597697868622085 -0.10263522180612438817 -0.96947941038501994626
-3.2277644509053740052 6.081253948278964927 8.5864791626457641627 0.55187704895192046806 0.010177174378188432596 0.83386338686945615795 0.44915855449373043307 0.8388664690397142909 -0.30750551222034994137 -0.7026295722250928133 0.5442421081123097748 0.45837998646600330854
-0.57923104469009212281 -1.3722769948356590142 4.6084930261170695687 -0.83045775699607926601 0.004675833539404709166 -0.55706198077560920012 -0.091718013300444420355 -0.98746655861968601897 0.12844298985908328414 -0.5494794990546415514 0.15775909542214652803 0.82047812154282062647
1.8047513843980287351 7.5100685577481005595 5.9189318925493301649 -0.94129027877037052541 0.0013138074928475463633 0.33759574197934233419 0.1123385508026659152 0.94422404099623924445 0.30954968972386981418 -0.31835932701295438507 0.32930113014467371491 -0.8889365020007140572
-8.122888836002378099 5.2397863103406026042 -7.0938078845806558093 0.080489592178766763975 0.0077750003750961353688 0.99672512505703692032 0.34768207344025153782 0.93694452781464798719 -0.035385415163716869846 -0.9341512732739234437 0.34939161576535660014 0.072711054686542625491
-6.3779880054341884232 -2.7360136116557902675 8.7263193072183078414 -0.36205344590761301404 0.0051695625272836368339 -0.93214300293988916479 0.046747930800680556618 -0.99862562981535341056 -0.023695620736736304479 -0.93098438938173722068 -0.0521548377384543696 0.36131418409486204535
-8.1125268646851509402 4.1151156602523295547 4.6973341608544618708 -0.71419039583022347895 -0.0066387516597479169153 -0.69991999934300763719 0.56318401381182237042 0.58833433185051908776 -0.58024691343685919076 0.41563908032193636055 -0.80859052736376479942 -0.41644389053828179126
5.1560683866966430244 1.8374829444706004544 -3.9681627810829502856 0.99962568157060827101 0.019784618822041671188 -0.018896179575748382057 -0.018500384342721356429 -0.020000675029504977331 -0.99962878548865796713 -0.020155210831343601391 0.99960419259652288915 -0.019627165355877593256
-4.6018660622995319898 8.5859829989300902042 -7.9810355367534500104 -0.5245113027541690176 0.013871197066117913269 0.85129048107861726713 -0.84236954301552924296 0.13681432847696706201 -0.5212440815230233726 -0.12369901488201133499 -0.9904995857722769248 -0.06007598773115029045
-1.3384700983241923922 -2.577117580132575192 0.81696875707845661996 -0.99987135407040628188 -0.0023439513952975689175 -0.015867614856124596934 0.012704754256113882233 0.48813470968460759281 -0.87267582435891311032 0.009791043287355149366 -0.87276515231375739745 -0.48804213381446720499
-2.2602807121406716107 2.9325782810068106166 -8.9722463671898715631 -0.88979923493766699405 -0.0041825054463560783907 -0.45633302329820707444 -0.44716152799679215191 -0.19168355955096080812 0.87367269665313418425 -0.091125679058622108264 0.98144786904129932559 0.16868962911225582335
-3.7647184644283449018 -7.4301500901190298265 -5.9526278748181224998 -0.79752491088521471063 0.0044963788530681444294 -0.60326925919912610663 0.48915560935109486662 -0.58046151011013102927 -0.6509924923693409804 -0.35310169407408553699 -0.81427527155004653103 0.46073308518511096876
-8.0276061484502534427 4.9954806707768897311 0.12517577596961651509 0.82516201993341364851 0.0062834331467829414308 -0.56486118589206013585 -0.53081423355894330474 -0.33344481381828267041 -0.77913465177020369001 -0.1932456734597479131 0.94274868051130111812 -0.27181066035671042069
0.91340730258832847355 -5.0850032486545702071 0.65562352921458066923 -0.97470985921338415547 0.0017621325251316820835 0.22346719052476363143 -0.22345964516148000834 -0.019073520752042116139 -0.97452654545200190217 0.0025450611736318145932 -0.99981653101695466823 0.018984914235507400343
2.7905987176917235182 -8.2844492164512857357 -4.2042697686158589931 0.32697582548851389372 -0.0037422366870121319925 0.94502529342395014123 0.83890433008891174271 -0.45927177045886480311 -0.29207698611462301619 0.4351164608519692556 0.88828792433762060465 -0.14703138770843846017
7.0287441847738127976 -1.6965733399985689633 -3.1447309004909067554 -0.23942233100067272789 -0.015458253116002502667 -0.97079245455900320394 -0.95531494944618433607 -0.17476974005156498126 0.23838809812352049211 -0.17335020848792553894 0.98448797878541693951 0.027076278257427602303
-6.6289710470264386899 -7.4943468292275827736 0.32276398572944214882 0.58129547169686346386 0.00066781612433252182139 -0.8136922812750070344 -0.77739050539133125461 -0.294904088302991918 -0.55560379842969775943 -0.24033222154382941071 0.95552662585813585849 -0.17090725720106886287
1.6385561197619726848 -1.5188259255704976702 -7.2982040133331622656 0.2870609424354927941 0.012186419028735673981 -0.95783480126746323169 0.32979983238945337343 -0.94004462793975007706 0.086880193587596341032 -0.89934870094091523551 -0.34083366716504659433 -0.27386917578095143488
6.6613716243047234045 0.58032526147123619786 6.5595930906440971242 0.70561500806375432315 0.0033147915641600364869 0.70858766045729426608 -0.67346673420280811495 0.31408796033701197326 0.66917210872362620222 -0.22034068693199168609 -0.94938810047771249323 0.22385758051517529177
3.6680187031681308341 -0.50436517240781453264 -8.717978132089845289 0.087346280949520210823 0.0019195672299084903106 0.99617616035802769581 -0.92160651885214539547 0.37977525362825120814 0.080076095938979421907 -0.37816934250890621438 -0.92507679248434449004 0.034941041673612345531
7.6604299288942749868 6.1426951847539381646 9.115871580149445208 0.36952847718657166887 -0.0086405279953603829346 0.92917923234683219569 0.92772570231734741153 0.060106025067256353689 -0.36839148607236321675 -0.052666173282680771306 0.99815460076410034151 0.030226927815770146535
-5.7984082739265208062 -4.9238476662145149731 -4.1127276971853978793 -0.99673448560668076457 0.008251520497369697546 -0.080326070562453444346 0.012567570597100275603 0.9984954366729494879 -0.053375266862899367615 0.079764787793959984752 -0.054210472723384472982 -0.99533853701906105371
-1.7632414756472754025 5.3483596797747097185 -5.2610435372100905482 -0.61062728074673155998 -0.0084592178894920266874 0.79187294791558426876 -0.73116280312642079053 0.39012606790942500057 -0.55964507186420320295 -0.30419611985040928559 -0.92072259273357492937 -0.24440668546025032248
-2.3503525462904328869 1.8793609688885033471 6.8156161448844327921 -0.37156683445994548309 -0.0014790374207854339438 -0.92840503013371600272 -0.15474355710288978383 0.986109035509667331 0.060360596595692546373 0.91541931324637915157 0.1660926925982859903 -0.36663428426824190565
-6.8265386962746257282 6.245735240604385119 1.891525197955654658 -0.88058768761325156849 0.009987265393522822346 -0.47377798487656164195 0.45450352793077092306 -0.26518974281432483586 -0.85035342264522872924 -0.13413376727066697591 -0.96414451968350078914 0.22898357504797325901
5.1191598463243002115 3.9569649134600219931 -6.9055098507725318768 -0.62429215976337393279 0.008592605505489344514 -0.78114369125555216389 0.41448256868164246036 0.85122835052451195637 -0.32189205569989498557 0.66216576438001961691 -0.52472513032462320126 -0.53497667060204567857
-2.9277954227419886735 4.0415775582548594258 -0.26501415546378920274 -0.43680273750397163868 -0.0095336262318790158943 -0.89950679735071925602 0.38894033850868725555 -0.90364787199432705656 -0.17929287916952071913 -0.81112809197424717844 -0.4281700986887786442 0.39842387604048890015
-1.7545189437276387245 5.0768050443055381393 1.2921286342745652576 0.035981803127996730973 0.0090612285523116644498 0.99931136488123084582 0.45107581394720008827 -0.89244842790592104897 -0.0081494539570648484583 0.89176001251199610298 0.45105841934845281038 -0.036199204679345467484
6.9157752575894262392 -3.8617903858321280808 -6.0215539155269155458 -0.38516633160196650509 -0.0039688482273233446906 0.92283863445571512329 -0.0048796815525215218867 -0.99996801380895194988 -0.0063371971044295059838 0.92283426773622256878 -0.006944033621624040066 0.38513464488257315166
-5.5029843910522471262 -8.3515833059313528963 0.45392080448034211049 0.81393770153124145317 -0.0090523754119185648875 -0.58088163383401747453 0.5020779107547397313 -0.49207019769850196544 0.71118541328492468345 -0.29227245774869586858 -0.8705084577625585851 -0.39596948797238451512
-0.37902509238921089363 6.2037579987025059935 1.8855536273569459826 -0.6486369031428813603 0.0011065716517582296213 0.76109719706511524961 -0.064874760231915601372 -0.99643991872816817246 -0.053840076616073026528 0.75832805128517422055 -0.084298658734141343474 0.64639949162233678592
-8.3964811505828453875 -2.7567640918178444309 -4.4097844252885600724 -0.53863222125363818815 0.007377483954359463636 0.84250869607247647064 -0.79496607495141602406 -0.33571307948782092012 -0.50529760333599205158 0.2791133638929901295 -0.94193540170827616542 0.18669073117077983337
6.9420254201282620699 3.9557819463529648729 4.7673353658589769921 -0.41086765387120355308 -0.0031087038965744336061 0.91168969883543393706 0.78113198617558921022 -0.51686132785376115439 0.35026730926938670629 0.47012827098141929394 0.85606349281437621457 0.21478990920137649989
-5.9673036181903063024 2.7637446538380197048 -7.3075096126290466358 0.73369575767600692107 0.00078013645901714879366 0.67947768657648577317 0.3296026233175858855 -0.87487671009752032703 -0.35489836972151656003 0.59418233385932273105 0.4843450562521803282 -0.64215046571161649158
5.1221184209368617601 1.7048367576319281014 7.3643149000242171809 -0.6696721616950158662 -0.0021836725696480663479 0.74265363893598490552 -0.68336558577332839892 0.39334495037811056939 -0.61505384007653673972 -0.29077598255582903786 -0.91938837364086123394 -0.2649044098963302396
-6.5319059623945507909 7.5252810513250656399 3.3918354366213088191 -0.94964417618638563567 -0.0059290513792156478851 0.31327429671945000722 -0.30874787644378881568 0.18807754283994954081 -0.93236344129898851563 -0.053391829214296152029 -0.98213628597509861073 -0.18043732525224642771
-1.0645412611669402558 -8.3704272142459732464 -3.8718945828467430381 -0.69399201912654617797 0.012860866175026507488 -0.71986781808161692808 0.38235527549995429464 -0.84061456057703931588 -0.38362951377972115408 -0.61006517740788357429 -0.54148107877066808946 0.57846237617281781596
1.7369655335833287246 8.3778924598987281058 -0.54445743799380619254 0.94708312226386215382 -0.00097250633545926251644 -0.3209869370466486016 -0.24718867327920987509 0.6357275010485728961 -0.73126486597721307437 0.20477138307299352915 0.77191294758005402077 0.60184639405106077348
1.6933682629145363485 -6.3098939185847751077 -5.9894303116229083983 0.24559089904825423534 -0.0039559779614831529215 -0.96936549378595116 -0.96463897957520094995 -0.099710698727715693646 -0.24398650709198604902 -0.09569090546300693112 0.99500860639353772008 -0.028304130689361356454
8.3611883666122732706 -1.5767261623978456875 4.1475078945675472042 0.82285060056441428067 -0.0054370036378372987515 -0.56823175566175421203 0.46314523520832451275 0.58581355246592792252 0.6650706525257366053 0.32926187185099059507 -0.81042761597722456912 0.48455515579397745451
-7.7580694862253807287 2.8661760070710653459 -1.934794071219181566 -0.010462607144635939146 -0.0030619071534758648262 -0.99994057752255727234 -0.077869229333096104395 0.99696106964569286557 -0.0022380200644271635441 0.99690868035888713372 0.077841186625901684359 -0.010669240360671353868
2.3918631747990359848 -7.107877701076308341 2.5664278706199943336 -0.99322148095641027421 0.0063893281435813591498 -0.11606147617760204094 -0.1154068724313439126 -0.17333962784475259733 0.97807700474658709755 -0.013868798154776516146 0.98484138311932700738 0.17290201425443291194
-0.086220300165963464911 2.8695782113508561117 0.5492061771492622313 0.9625177307044902042 -0.0014275672557682293241 -0.2712150072014919977 -0.23590036609518855171 0.48902826096976603765 -0.83976328643797981677 0.13383062189099578787 0.87226677228055560231 0.47036160836066631674
-5.6953672909100214738 -3.9701747549704187179 0.55268553843562506778 -0.925397216544748491 0.0029633187896228397121 0.37898708467850905635 -0.20799577536316160575 -0.83989673914787721376 -0.50130951018291181054 0.31682447670959973385 -0.54273813788109370737 0.77785446238168864941
-3.9136109768071838388 -7.0915513115863015869 7.7066840151899533851 0.94100474954023050067 0.00064086073676043004907 -0.33839274613997549768 0.30185833090518326971 -0.45355745171600442278 0.83855064608864160469 -0.15294315743361600046 -0.89122681023975403036 -0.42699316540651921503
-5.1110669278179710062 -6.1880934476810516287 2.8344282283644228748 0.68400104961636731815 0.010852621907846504365 -0.72940029114430715573 0.11956206938842105225 0.98469990485655078949 0.12677148314689987152 0.71961620026750283685 -0.1739204357555326208 0.6722382065453719191
-3.3728585422585606324 -5.1076967085496169929 8.3881522218256350243 0.99320953499867403735 0.0092417403137985670164 -0.11597159058680933663 -0.11572385823501979418 0.18087539117217232842 -0.97667398936577320967 0.011950239431383980274 0.98346259873175312372 0.18071665300484002215
3.6852922429776122648 3.8348864546582852597 -4.501097918458894398 0.34671047587017606029 0.0057490846797380694422 0.93795457989567843082 0.38020316439008844389 -0.91500762003869162697 -0.13493186821139879772 0.85745985311837313869 0.40339559156809268181 -0.31942854755590449622
-8.1764194279988142711 -7.1183626816809928428 -8.8478341670017535137 -0.99991432469254915016 -0.0077233244529134985334 -0.010568516162519577678 -0.013074549826923267254 0.55030499185514691884 0.83486134901894692995 -0.00063199787095337498638 0.83492800060748262325 -0.55035882329627749954
-8.0835203630540224395 3.9646761961103620386 1.3342496938498280556 -0.95615389510149850771 0.0039872025422223343269 0.29283755069676187244 -0.16757837086874807775 0.81258657049738536315 -0.55822984071450432175 -0.24018163647354651147 -0.58282687623592743797 -0.77628964558198021439
-8.5237303139600761881 1.7887147331817663254 2.8980060268758642827 0.92646103524674150442 -0.0076189801146502311724 -0.3763135678014264407 -0.11860248196158522382 -0.95477180660721328032 -0.27266141747690786357 -0.35721618306284874667 0.29724190224472057942 -0.88546250632549095005
-1.8186602905848192613 7.5457133195034424844 -6.1366313567952337493 0.72096970767539148017 0.0006739376028896508497 0.69296625200852779436 -0.61261762163723043617 -0.46677083472018959798 0.63782806265806657464 0.32388629219842107743 -0.88437804906209205313 -0.33611476620827995809
-6.8181907147733031849 -8.1131083167869881834 5.9578828709726234791 0.47746075711322150115 -0.00071487792039338655253 -0.87865278373569333237 -0.85259122811884424653 0.24137178224788805037 -0.46349526477555363924 0.21241333091839784131 0.97043245601311212134 0.11463605525365333504
-7.9768974875463252161 6.286563037988930347 -4.5015747587302286092 -0.65374044784129925478 0.00093875506954549554905 -0.75671827359666665735 -0.74179462206915003364 0.19682979775038492165 0.64109185721450634432 0.14954653297709433191 0.98043722361831064926 -0.12797923666781976793
3.605474570398276235 2.8495924801290808404 -6.5943579192166259517 -0.7854351006168994731 -0.0026397337016873141657 0.61893839315807164247 -0.51098833510130359237 0.56704423966186523476 -0.64602767096793101143 -0.34926010953051234154 -0.8236831077981610072 -0.44672532256242342141
-1.0766347578164101595 -1.5491016857414232621 7.2975421638198874064 -0.25930117006625008624 -0.014635279089694882768 0.96568561748030967706 0.23972322923637742753 -0.96956957013246192201 0.049675165197639536974 0.93557237911699941968 0.24437810310824750748 0.25491894036024081993
-3.2024483079977024147 -8.3725725426520707373 -2.9072888733723303289 -0.93872607897282300815 0.0038749045756115646846 0.34464232730606686461 -0.22328366882507436064 0.75490000758338471343 -0.61666066988791656822 -0.26255999674803243149 -0.6558284559740800157 -0.70777912122521924321
6.4979051439265473888 3.9174273795705736312 -6.9332270076307560558 0.60706140283753162734 0.016403216522966966584 0.79448561199849232484 -0.79464404174684200033 0.017763781000282596184 0.60681570101766180159 -0.0041593390861163238859 -0.99970764855156790674 0.023818424089258348475
-4.8377603994326836556 -5.0853811034170046668 -1.4595900719479519836 0.98600300224160797313 -0.008878210051722013052 0.16649101164020668753 -0.09428312282160423996 0.79389268943995516814 0.60070382919096809715 -0.13750917177316906992 -0.60799307153968118467 0.78194350987650174112
8.3199896374003188271 0.48036704163436072523 8.2955539752671203502 0.21336199729893806643 0.00051823680552516484393 -0.97697307513539499713 -0.86192709619256102638 0.47089540913044580783 -0.18798721900479659075 0.45995471402944176909 0.88218889422315727167 0.10091786735587369994
-6.4871080641295977287 2.5925636687297393124 0.48153466115716564433 -0.26314326083590378058 0.00030531807267667734548 0.9647567211777789975 -0.078195470756542262425 -0.99671657364058641182 -0.021012857572397940914 0.96158259792366151952 -0.080968997839110212755 0.26230312380724640775
-7.939818109752980746 -7.237816020572529041 3.3201440408850793062 -0.14574077642873631278 0.0097140006235177048938 0.98927512062018840844 -0.74846261335992836372 -0.65499811944044505907 -0.10383246087706125838 0.64696471502560104483 -0.75556806557807820734 0.1027305007794661329
5.8587319821335057668 -7.0080798616449504479 8.8216214276043558584 0.13522503283126047213 -0.0038160056691288520708 -0.99080756385717438928 0.8015639718394901303 -0.58739030694665150811 0.1116594212491183874 -0.58241685204368998097 -0.80929479511832547178 -0.07637110088087056825
-8.3230816934817752895 -0.38865890021493942896 6.6695237238769600197 0.98596156194225570424 -0.00080910796950737530475 0.16697048756140908665 0.08525443576998725792 0.86225377421130322553 -0.4992495468596926389 -0.14356698629481429164 0.50647583772800963686 0.85021805805570827008
-7.6951301589857106222 -8.3480549107810411158 -2.707870397860355105 -0.1731546706316689499 0.0074770880664752322267 0.98486626157676993021 0.97472943851290638761 -0.14199769374901399788 0.17245050497521344224 0.14113816540809148714 0.98983874854640907515 0.017299426038773903919
4.4974409392486958126 4.092664158759597548 0.85364674507323590191 0.41191989824728381109 0.0032783926881201543718 -0.91121416229614127236 -0.58086993980796730597 0.77141992185632357604 -0.2598103485055573425 0.70207699752603225374 0.6363179679253376797 0.31966753548024673393
