1125 17.292696884352682929 17.968806560800352656 18.477561601407678893
7.45982472877845737 5.4349346201366142139 -1.753179551532411562 0.78444936539976095613 -0.010146215537918138946 -0.62010986722855787612 0.31022529919373920126 -0.85937014899152086578 0.40650118174808602678 -0.53702835759787526104 -0.5112533631506515075 -0.67098475526891410148
2.0565136768265128708 -0.074302603455678031819 1.7488455738307018272 0.98517691240717863987 -0.0035522878710871211641 -0.17150461367224717479 0.04495465674802210515 0.97019019397586969689 0.23813875440490289703 0.16554615699749772317 -0.24231873382735405476 0.95596867163083920627
-7.019674443098654848 8.8477924746820058033 7.1644126142146795644 0.84995897715429502561 0.0039241918185251778092 -0.52683426034519487136 0.43210292195854765884 0.5669190804220718416 0.70134857317048548975 0.30142462074247111659 -0.82376413916388224745 0.48016230697377576542
8.0473840223935386717 2.2466925637882830813 -6.7589429621927026304 0.87313713845988416562 -0.011702414966811520991 -0.48733416761635217629 0.025481482877150345157 0.99944073277918354936 0.021654461260104933967 0.48680820809911085068 -0.031325311587317876405 0.87294701636548099888
-5.4629433802638081019 4.3089995311453606064 7.6420499314201775221 -0.91043490216179701058 -0.0037375788410798898437 -0.41363549101847374434 -0.39091866323159457641 -0.31916286843334029655 0.86331782221340480632 -0.1352438082247445772 0.94769251021521194733 0.28911592557128301673
-8.0068214687392362805 5.2478723498838446559 -3.7983359144048272071 -0.051385858234412717938 -0.010581954012891664485 0.99862280958450266866 -0.96471566878344061635 0.25908390631585537234 -0.046895712936950245675 -0.25823085016566282857 -0.96579684806744869885 -0.023521825723435675626
-5.1346049317664972378 0.77985471871653277987 -6.225895500240992142 0.4397902413103055852 0.0011304707010191400451 -0.89809980830875013602 -0.89627377401248375932 -0.063196092566909611854 -0.43897559829844895463 -0.057252647672682593916 0.99800048893805104466 -0.026779813558274655205
-2.7314771831241961841 -3.3911396761006296074 2.8109163352388932822 -0.29202187002924961945 -0.011532229906651911278 -0.95634211195479257306 0.55647091566549933273 -0.81529857179341158613 -0.16008859687687646001 -0.7778581795178631797 -0.57892594215928383505 0.24450236410326389724
7.9543222403173547974 -3.5367802158887080566 4.0005960899682140308 -0.60443428179319758087 0.00027489571187793403195 0.79665495882816672601 -0.58437380792684012754 0.67949935364304903107 -0.44360780088699508505 -0.54144847548258878689 -0.73367605442125138904 -0.41055206194431037581
6.9747421370422717501 -5.8022079140361304539 2.6471228634147672132 -0.97415105207050234348 -0.00017308117707527876164 -0.22589753826232703005 0.19313592800470369415 0.51803731332654512354 -0.83326817730867563938 0.11716757684538674222 -0.85535800226831804061 -0.5046131655951340278
-4.6349176864329093561 4.3879910830453390247 5.6124541042707800642 -0.99999309781130485408 0.00075352194495428327647 0.0036382048620138204842 0.0018063816863161316628 -0.75709312803148898219 0.65330447149288006781 0.0032467391553052515202 0.65330653424884255198 0.75708654128361674296
-3.8187279883552038839 5.360396019788940869 0.30211859237603289063 -0.56906381878772449578 0.0019414241276226014768 0.8222910683077468974 -0.65925771024447843427 -0.59876113813661713259 -0.45482345029761384048 0.49147293071953240817 -0.80092529634766307378 0.34201319863476492555
4.0444968996270418415 2.2751435058343205675 1.0092996435705348102 -0.4924646337783841199 0.0091818944215571879353 0.87028402104863855637 -0.87019625656135368708 0.012495030519427581528 -0.49254679907536252914 -0.01539673811035045109 -0.9998797762868758543 0.001836689525093249337
-4.0500872657804602994 4.3874598864830058886 -6.5808115534949491732 -0.33258298538049457793 0.0026012157849113672764 0.94307040644482664771 0.21564983023582381949 0.9737107810620053705 0.073365288540640186121 -0.91808698310927017161 0.22777301973643493405 -0.324400590205402517
5.2572561665839199208 3.1527846326093156293 0.60782476331526091862 -0.51294370329003335929 -0.012212483170818688727 0.85833537298062756449 -0.49369026912244623473 -0.81379392170612763202 -0.30660947664466792206 0.70225257239025473677 -0.58102522169801584795 0.41140128381162738291
-4.8154037128516611332 5.5586277287105421152 2.7982502189789375535 -0.74434279304128059263 0.0039967092406840484115 0.66778576861336158554 -0.163579738644522521 -0.97060855959589797948 -0.1765239166344526045 0.6474530682237621404 -0.24063052664671297221 0.72311926685240623947
-2.6929656410033704361 2.2018719283679373255 -2.4309925943627632705 0.44549761548063460115 0.0080561609472771748136 0.89524687816921777461 -0.58826562596920917159 -0.75116309153454885461 0.29949551452216011116 0.67488919676023928496 -0.66006750275006953466 -0.32990220355319732626
4.0000101116937178958 8.782830054516027829 -5.9227543908007849183 0.5560731472480623383 0.011844287110771740956 -0.83104895630320274602 -0.24397551784605669978 0.95817419900531886068 -0.1495932854519934907 0.79451784221703491973 0.28594040851800883729 0.53570465853416293633
-8.2359005647816498907 -3.8398486921357974921 8.3304197080465129943 -0.20887053878576497534 0.0070175583620331076148 0.97791812126669686034 0.90722179660716439908 0.37474853253098505679 0.1910815248165824709 -0.36513245512791325798 0.92709993595095341323 -0.084640409804056709886
-0.054133199406424102607 6.9351313605379862892 4.7946527632200055535 -0.65191425633132926709 -0.0033530784405393218237 0.75828527564295711283 -0.54802180480998652357 -0.68906669468300918435 -0.474193200849257257 0.52409913551252029773 -0.7246901732076935776 0.44737484172831876172
3.3822439237018659952 -6.7651711784163390817 -7.3893145286316181952 -0.20933251277213563157 -0.0021701912203195179718 -0.97784210860763332018 0.97435251911218323517 0.083973127784296094922 -0.20877184271284854322 0.082565535159120559405 -0.99646565624717831078 -0.015463774562025689452
-2.6217207557927255657 1.1301648202360776718 -1.0444872813972798653 0.39322055406409534006 0.0016356879181302404896 0.91944272273291194342 0.88842671811465823151 0.25687359277708288197 -0.38041283347701093653 -0.23680279221682201674 0.96644362580492337855 0.099554787627241389525
-5.0828745265454946534 8.8795635288275427399 7.3105097280618380751 0.090208290827034284809 0.0085541968669126892261 -0.99588618324697830708 0.95400108195518962262 0.28632743109271935333 0.08887371845622717148 0.28590977579377768736 -0.95809364256323559239 0.017668395109319792735
-7.7384644776069526628 -5.944089203620163353 8.3937950732513080254 0.10371058336248566156 0.0013162869918365541384 0.99460664701542211841 0.40361936365224077017 0.91390199681669181953 -0.043296067948414528048 -0.90902999080541802002 0.40593276241677228589 0.094250030308007451407
4.9865960872150090211 -3.5089937550003522659 4.4847223677030649824 -0.97314427224206123679 0.0085097775329205822825 -0.23003871215246790571 -0.018456149992456854364 -0.99898371023843612893 0.041120763679587793438 -0.22945499761365087399 0.044262064620568725148 0.97231233341244216462
-8.2824224987266976683 -6.9788894904356411075 -2.1541675196206115928 0.47190269331890605242 -0.0050896111630124776098 0.88163594748428542047 0.32002305801242508787 0.93276957547331862397 -0.16591010039201700699 -0.82151877055781308279 0.36043725519151792458 0.44180526784033574694
-6.7404653143529777992 -7.1061625704265978243 4.5942745944013108073 -0.22833666610107625217 -0.0018754469181056607381 0.97358042791166055085 0.54224800437032216749 -0.83078162641534492039 0.12557464301040774379 0.80859722276914258732 0.55659533946102879298 0.19071486418231745064
-7.7433118086160517279 7.5073635783869345772 2.1546585127640236479 -0.20138653923120219957 0.0060184863714983606944 -0.97949335864947872921 0.94825957136273464343 -0.24938457119563808839 -0.19649712712485012389 -0.24545314651749330914 -0.96838582882611878855 0.044515608423896499413
3.9681635602157383502 -2.3410373922377871736 6.9904124678695200856 0.57838002804766175391 0.0042596034440340324601 0.81575633551535320365 -0.61578235752407550763 -0.65360840866862213172 0.44000924567482951888 0.53505946521612057776 -0.75682091930379147282 -0.37541106108726601809
-2.373685763995629916 -4.534126523981487189 4.4319363963772531179 -0.75319098723713306942 0.0071875869165958679308 -0.65776262841492239009 0.31988201360809487284 -0.86974361598457394784 -0.37579454469713741149 -0.57478590284982700176 -0.49345149817225580913 0.65278387299066598093
4.0334851919650063223 -6.6963840016186830795 5.9987460300958161952 -0.9779150292919165377 -0.0041556769853344647028 -0.20896154151801060728 0.16233063612157472289 0.61465515271668391684 -0.77191178758671508131 0.13164710426401241006 -0.78878499832825332838 -0.60040591798492859432
4.9391446247629646749 6.6437567075837531405 -8.2351032272997652939 -0.15292194503477077316 0.00093019265445140955628 0.9882378324413384485 0.93654732573629972947 -0.31904423785903945898 0.14522355506335560271 0.31542667195895290888 0.94773936766940980458 0.047917695962600211079
-2.8526461613685976104 4.2004055691899226943 2.3452386333188499634 -0.61952535098669692104 0.0083169159020951843875 -0.78493258843949853532 0.78065787698851507592 -0.098219805863850720429 -0.61719214903575947417 -0.082229061651845694603 -0.99512999082815711827 0.054356993790273852585
-2.0872506694906380886 -0.080484776654572445787 6.5233839890461169375 -0.39504288540819770814 0.0028183614928752177657 0.91865835626027780858 0.024626579533032637997 -0.99960343506586957218 0.013656653510633146378 0.91833253795610669812 0.02801837688213612218 0.39481681864874368371
0.066287120697085630261 7.4965871223874973595 -6.9675690168349104781 0.93961191250732134517 -0.0022207479022335330221 0.34223460104498759637 0.29785380425039215124 -0.48720148012796810066 -0.82092498381643319583 0.16856027161584802299 0.87328677193659753897 -0.45711885630848636541
6.3399600223953473943 -6.8334347429043491573 1.5160122337152692751 0.84666228665485177007 0.0054753812723034459356 0.53210242675311869576 -0.44473186672031445044 0.55635134484560722079 0.70191648207741164089 -0.29219264035887360098 -0.83092911929257018411 0.47347677834456974866
2.4894448741035111183 7.9839583887079372815 -2.2712694626230240935 -0.15141662184606949348 -0.0026715816070151886773 0.98846642294057440736 -0.71119236317166256711 -0.69420785464656109554 -0.11081911889767102897 0.68649721717928302578 -0.7197696278664178493 0.10321459977313289513
8.0535591395419334759 -8.2703876543157512913 -1.1915592910229482193 -0.32528042111948685111 -0.010836508947991308621 -0.94555550747168304326 0.87301988256473506134 0.3807878675531088386 -0.30469145798831764882 0.36335785705400969192 -0.92459892385736164311 -0.11440235014565847127
3.2034070829069309916 -6.7891798608658389114 1.4489122873855635465 -0.11190719628340739522 -0.0020228754212342904377 0.99371660315966403587 0.58651754280492007787 0.80710269211612961637 0.067693547406382420517 -0.80216828122400052337 0.59040761542653308336 -0.08913414746610885675
-8.4483829389210924887 6.5333253869108256495 1.8762681730177299677 0.17075880023700151789 -0.0075340478087471572308 0.98528405562321064171 -0.75795143727968805614 0.63792542753053615989 0.13623790821663364636 -0.62956417533643527218 -0.77006128784226912654 0.10322093828071379762
3.0378584118968396943 -2.2716900239395423355 -1.6483364996346629994 0.20685386060107349704 0.0025992774353062872081 0.97836839897408522937 0.14950158423361775695 0.98816866309085582554 -0.034234041500036380135 -0.96688197659580288335 0.15334906925911556685 0.20401790679098333325
-7.7619113773892447483 2.0807490229297069817 -3.5370752028778147391 -0.18775671382669495424 -0.0021442301330895203147 -0.98221322465650895417 0.64724433791472335553 -0.75244310553129201136 -0.12208251298134183138 -0.73879779605123974129 -0.65865375973689577194 0.14266408564889959676
-3.5965831902777334328 7.7390537974308486469 1.1973789964903869265 0.064775960981634669866 -0.0078695728499260722555 -0.99786880134724120772 -0.86904423082441062398 0.49104757826872247328 -0.060285991300752767019 0.49047548333186402614 0.87109720795075440414 0.024969071885943515399
-1.903762977320433869 -2.3302185671752231322 -6.6859772672711370589 -0.17222880934409426357 3.7807864353781852826e-06 0.98505697155916260854 0.79082798106962826079 0.59621579571671368125 0.13826723869121670951 -0.58730600336557026164 0.80282421794786673619 -0.1026885265602255487
4.5573234891057392559 4.3318275341201637474 8.4899630296341079827 0.95616104460500284112 -0.0055859791688254757658 0.29278806945707619436 0.28629882514079074696 -0.19233010351644072577 -0.93863843624912735031 0.061555174459101760776 0.98131438801129267091 -0.18229929341404049747
1.908938230669827707 8.9223549559373598328 7.3527151935653920489 0.47819287884699485103 0.0077134852128265471438 0.87822097035193336101 -0.87655992452952158356 -0.057902718932940057395 0.47779700066945268722 0.054536862106842283471 -0.9982924307465669278 -0.020927335843451355668
-1.6498081404294140384 -5.6815564693122109219 -5.7185786886854206301 0.96890335602184785024 -0.0028528837648623388973 0.24742301377236022852 -0.16822220989930242174 0.72570591837301234861 0.66712233371042795049 -0.18145956791124939755 -0.68799911416568959588 0.70265898138473537049
-3.8414740767320951775 5.46316412886289271 -5.6344027730437433732 -0.76532429849335992245 -0.0021849848510591620039 0.64364116087854816861 0.32496482410553911846 -0.86449500351673924659 0.38346610278957787843 0.55558670001177967723 0.5026366627451993585 0.66232907533530349653
-7.7485665268615653289 8.7638853991477319028 -2.4665827522107846015 -0.39930899334716662974 0.0033464517334994984057 -0.91681030158526299889 -0.44472181691784762325 -0.87517547957397956448 0.19050035566792347663 -0.80173239512287697295 0.48379404834406036784 0.35095367984600206457
-5.8737218035427138929 0.70954587091194576409 -9.106295953166798185 0.47776357395968915842 -0.0023387266186708274146 0.8784853429367093236 -0.2705536785492366203 0.95099891939865754953 0.14967218287227709861 -0.83578865415887071411 -0.30918535809445474305 0.45371989147410130006
-7.4730886708880044367 -7.9709717002616242709 -6.2856807500922844412 0.77046732731416733841 0.001801455785645770212 0.63747694256221965059 -0.62158675053888390316 0.22402216430401378222 0.7506290571615219509 -0.14145673930870902857 -0.97458238474616365465 0.17372151923850615018
2.2833299994978819569 2.0779455369146693222 -3.3608502801745876454 -0.14247800362318477352 0.0024946675771599789891 -0.98979482475777202932 -0.78928000476388837647 0.603142675202215095 0.11513464912529046413 0.59727472118222890707 0.79762941895549588356 -0.083965573025598566614
-1.9822896145465080942 -7.1498886823131719837 -4.0981342408015137835 0.9991306690571667426 -0.023866373325202087236 -0.034180438465094067912 -0.039966876600039127898 -0.78155216199900479079 -0.62255832405458966239 -0.011855586201912408223 0.62338320020613990913 -0.78182659891884642711
-4.6867015529188638112 -3.4285000461191006416 -2.5823858707742957108 0.60671798053774317339 -0.0018650467332805469381 0.79491497261844790145 0.77261179791127354566 0.23661173539772228924 -0.589139963336652972 -0.18698743760070635211 0.97160249499091955183 0.14499755138180941971
-2.3196546151656862733 7.7152595283900584633 1.0602732515859416562 0.19754950557587375171 0.0011770862677830812304 -0.98029220506673186986 -0.6610763437653535135 -0.73823662760965402807 -0.13410723086027775963 -0.72384546732080590203 0.67454080389790493921 -0.14506013689602259564
1.8079108742282026245 -0.16982804010329524691 8.0996460044169964476 -0.96643124663706259092 -0.0079589380597550295204 0.25680206546811945589 0.16564659454580429876 0.74474481304207407195 0.64646451500588408834 -0.1963971772686903261 0.6673018947607695095 -0.7184262871088528124
4.0553527631075079185 -3.5968718893033675421 -4.9727770784044951213 0.96762220726182346375 0.012458757093784574715 0.25209530615516562158 -0.18685867431441885445 0.7067958770741780139 0.68229276999296084583 -0.16967940313201090863 -0.70730783080832859699 0.68623941349211536878
4.4503192240635680577 -7.5200153603645336631 6.8173088361265010704 -0.95856319758633234951 -0.0042422683338946562751 -0.28484837965552978201 0.25355667086008998323 -0.46852233771738333035 -0.84628354215487344714 -0.12986766685877623728 -0.88344146507825016545 0.45018392561844033928
-5.1357188802048181486 -4.3520194160140448503 1.1755903210769704792 0.98440723184386369482 -0.0043245270613439662499 0.17585135870715140616 -0.13023806552119140956 -0.68989198591990696929 0.71210048030647288275 0.11823894528764476719 -0.72389940339047931239 -0.679697878169302383
7.5248312319699834916 -5.380475488229846448 -7.571906098165223753 -0.051005978348121677746 0.00048510239919847381561 -0.99869823012174241406 -0.91988074872611158561 0.38935129101973375843 0.047169696888437223636 0.38886732737026663553 0.92108921221400996693 -0.019413007161357163227
-1.4963627709571509783 3.3283003681467251411 7.5766440233512701852 0.98727837229042758604 -0.00094886365304836135792 -0.15899847567098429613 -0.15893040016639270462 0.023971761300601489297 -0.98699872470174954131 0.0047480007213941237409 0.99971218574065678908 0.023515998197801143282
-5.9918598338209694276 8.7664122312392418479 4.8845850761312634702 0.95099835008244404388 0.0074720983426313581158 0.30910565489300761977 0.093965903680562304356 -0.95940874500960704463 -0.26590462377417339868 0.29457180293778556512 0.28192025068322879022 -0.91309825603189842536
3.9020426114454789257 4.2621024152913147276 -7.3078787291504623269 0.52126604759753525364 0.001486140277911428189 0.85339293353573675294 0.81205645803485027034 0.30659651597294529379 -0.49655098968497546341 -0.26238524460383277903 0.95183841474300190377 0.15861152427826738509
-7.1194053101081768986 -8.1273497176058526748 7.2065682165470947851 0.96262391410221859189 -0.0066531785786867470023 -0.27075992172587837192 0.23821307963833610044 -0.45490379421835369644 0.8580891950694341519 -0.12887873636669938682 -0.89051573440367126633 -0.43631639677180650283
-7.2484139053360587823 7.6690202847475710257 -3.6968344279326257329 0.067593158883713255758 0.0033600506873291439633 0.99770730925033668246 0.84871665274320984285 0.52551614512398114876 -0.059269086126178822937 -0.52451044625270659694 0.85077699267981310438 0.03266956532096122745
3.9869122053457974886 6.6121292969280975882 -4.8304848682256427139 -0.24012911465299036085 0.0064207693127340675909 0.97071972371920189904 -0.15660399066437602489 0.98662365143733388173 -0.04526544523628817096 -0.9580256773196554887 -0.16288813383992892247 -0.2359115458178099034
2.8748699124563432683 -4.8953404119672585537 2.4981521264091859358 0.32955979398165036187 0.0076480318687556147692 0.94410372830494515561 -0.94308325266037851264 0.049846626960523353345 0.32879977544417687829 -0.044545715195558430177 -0.99872760119534165213 0.023640174883013086171
-4.7398091337538525991 -8.2708482081801335539 -5.4064017689108831988 0.99510935056721161462 -0.014667456171621675795 -0.09768442119056898465 -0.05028873795361674115 -0.92639035384663082073 -0.37319157966809712867 -0.085020134373575417808 0.37627885674007577332 -0.92259731124784050138
6.0940039244231432036 -1.1465378380942006231 -3.5902026272366289739 0.94349803550088762183 0.005681872298127221832 -0.33132940306112079742 0.20034736993652657588 -0.80620161237260867804 0.55668652899711834614 -0.26395527720657380177 -0.59161362098470626769 -0.76178798566259042779
5.5974741291619443118 2.0911284193336685533 -7.2634284292657813609 -0.23198662638583134044 0.0052210822546286551199 -0.97270496322256971844 -0.019201955779899328863 -0.99981531570647619311 -0.00078700231870816790038 -0.97252942889767146628 0.018495263677785894751 0.23204403709029042258
8.0054552035622386086 -3.6174744959210096695 2.0590924609028888881 0.66373741725021295768 -0.00056467022645693282223 -0.74796545514472745353 -0.58300232802423912482 -0.6268540215910179958 -0.5168774720703964709 -0.468573288249311104 0.77913651997781430136 -0.41639567334012744793
2.2145041047598006401 -1.1373079095527496296 0.56938520576540452289 -0.032464528109796636501 -0.0067827006282791856354 0.99944987337364021851 -0.87207073011095459503 -0.48835589454856348501 -0.031641143199582943968 0.48830184936976644972 -0.87261819556525110908 0.0099392489771307629409
1.9628397640577137651 -8.8668055747120302357 1.5601612921963574632 -0.54420856431445752133 -0.0015041420531414504205 -0.83894861349379834525 -0.76774766524240567467 0.40405278774927921859 0.49729756406683062187 0.33823151988155036873 0.91473443264622511517 -0.221043789077831343
7.8409064128143501904 5.2596882626587682097 9.0263287498013440313 -0.99997206791768855627 -0.0010810640984637112129 0.0073955855295643954661 0.0064992911594661043062 0.36285428886778969826 0.93182322586689014798 -0.0036908805637175913852 0.93184526416719026809 -0.36283712744163576502
8.5198030387233174565 6.3691929080524314344 -6.3789786588397836553 0.069765425428477995107 0.0045495929974146559482 -0.99755304952596701717 0.89240777902370316266 -0.44717280696278188801 0.060372482562998541766 -0.44580392702673543592 -0.8944360133159772186 -0.035257293300043415774
-5.7312561243871797956 -5.7628880471280972131 -4.5637527705904155084 -0.24927947335718872446 0.0011941976093153483171 0.968430853522710966 0.94074509987857690696 -0.23710523218164872294 0.24244538751363861606 0.22990955007862851067 0.97148323853997364807 0.057982031859310279032
-0.29257824789689301781 6.4290604989372699407 -6.781974944502825231 -0.98706694303606234975 -0.0021946474020516260235 -0.16029358529847589909 0.15688856912793200382 -0.21866368838377150952 -0.9631054813774834189 -0.032936709643065213704 -0.97579781456273162465 0.21618001353669830111
1.1686843543735752071 -7.4952296940788816215 -9.0288083201138302769 0.96751997891377161665 0.0011480224070193013539 0.25279195487031963507 0.23787566943136323472 -0.34258172778903672739 -0.90887453791913352941 0.085558496335990358306 0.93948732925454092602 -0.33172775264539544615
-0.51028349653514792905 8.730089495738912575 -4.5655377878952370096 0.988362651555503402 -0.00031500150544671158635 0.15211564608725702819 -0.14198025423645577181 -0.36082914968676732537 0.92176132059400617269 0.054597403027958769928 -0.93263188102831595661 -0.35667477913656592259
3.0211607894913319328 5.3006491250757701295 8.7608705911031421465 -0.86997122417690431195 -0.0055964330323625462865 -0.49307073431838577271 -0.10335941453452451855 -0.97565238318566616105 0.19344058160336766172 -0.48214821427762338812 0.21925124200643208994 0.84821105412953956559
-1.0566687849453626491 -1.5871289862326416475 4.6701040081660742942 0.92226225954441376498 -0.015091339525080085804 -0.38627008179687116751 -0.36368344280280590075 -0.37255366551443025447 -0.85377872996648329629 -0.13102167015868754207 0.92788793384936707476 -0.34908065567393575801
2.0139520950979594716 1.961129891245840362 -8.5900392574403134915 -0.98557150453215669472 0.0010337404092377626072 -0.16925643513587035338 -0.16614444539134268219 0.18506009027009129309 0.96858081038956045372 0.032323872288434418731 0.98272666310114686894 -0.18221820136938027268
7.7884727466173497845 2.4509383808381559611 4.436126653116932772 0.96420674865982902713 -0.0061398082789824726113 -0.26508045682989472835 0.25692560425321159245 -0.22545252772163532073 0.93976613666536723546 -0.065533042947998332295 -0.97423480768154280263 -0.21580537477966524329
5.514578415229311581 -4.7221411805055781841 7.8960510427229806396 0.97136558137033235383 -0.012021799730979904758 0.23728544763694570108 -0.0099158754974137779115 0.99579757817699598998 0.091043169482531688397 -0.23738277684384911925 -0.09078909421028993898 0.96716428678375221395
-0.17755661076467058046 3.0240984889525215351 1.9294421922349296317 -0.7488134518628671854 -0.0053530888357922051801 -0.66275920118025466454 -0.55519868650784398589 -0.54107624187538894134 0.63165727968420903871 -0.36198457537474632018 0.84095650596100302021 0.40219314050913296255
8.4727618886773790052 1.0847175347753093 -7.4384909118684605644 -0.94837490513733835318 0.0062149083762359676186 0.31709054577442674638 -0.28301972067114811171 0.43461305930581800583 -0.85499200370041017472 -0.14312538914148204006 -0.90059583809520071807 -0.41041717725791293514
-6.3846918700640058475 -6.7738856278825476664 -5.4260029987538045404 0.70177509946272387253 0.0023203665859922008655 -0.71239478217692464579 0.57818113624991562816 -0.58606854045423362187 0.56765327408089150119 -0.41619500652800978102 -0.81025815749599450211 -0.41262990045865727273
-1.2256204488414170761 8.5292245677392806158 -5.7544268798332440795 0.99553785340946443494 -0.007219783337905278861 0.094086434503365748427 0.094312320228252782828 0.04344331764884649949 -0.99459432152259918958 0.0030933286499259665669 0.99902980580187050741 0.043930381715293898015
1.2307346750082261977 -5.6647300795620409986 -1.656748188674435518 0.27842340536487647507 -0.013504513270280118706 -0.9603634913230504333 0.96043846908298458054 -0.0025327388636025493715 0.27848075757512757988 -0.0061930970237167601647 -0.99990560222198077156 0.012265080271919212226
-2.1194785391208701419 7.7244794030618875169 7.2354599064466480485 -0.85853469694201745011 -0.0029424508389290240061 0.51274702937228944233 0.04553769696700321612 0.99559466530637741322 0.081960847778474316128 -0.51072937285985586797 0.093715550452895854394 -0.85461857182105915864
-2.3628341077443426599 -2.2212813114430520756 6.2692035971611348444 0.79868905117476940436 0.0060023170628031880663 0.60171402819223007707 0.6016073123335569095 -0.029274451062564422338 -0.79825537784700917321 0.012823465997096442776 0.99955338962205209086 -0.026992221378709834595
0.66569599791720956983 -4.5416774679040292639 -1.6106872153752442856 -0.5021782106833223569 -0.0034680983428461561666 -0.86475720118937271508 0.3429716470437613185 0.91718230132893119322 -0.20284741914321777201 0.79384349467573189774 -0.39845275557196330185 -0.45939950755110109393
3.1670002102174965586 -1.240903458079390731 -6.3417900898684695932 0.95482689812961207831 0.0056495298913838412277 -0.29710886459337976229 -0.10483865839852041235 -0.92912573896093986203 -0.35459020982774480668 -0.27805476135682732908 0.36972076491928834718 -0.88656195817012384275
-1.8578520272857994566 4.3838046070965486223 -1.1548238247400517409 0.69476913203569967692 -0.0047558061653316984277 0.7192170989891013555 -0.35147319613128763516 0.8702001845381124312 0.34527993169462112277 -0.62750493669132334507 -0.49267537094688557131 0.60291668851582813637
-8.1814704120766688078 -1.3245820108972101714 -8.0850660457646892354 0.91665362842308684144 -0.0037587257570862449112 -0.39966485644761501339 0.00901302656672030994 -0.99950710048822044573 0.030071937511202004312 -0.39958089400111274081 -0.031167740602455591692 -0.91616793280207597938
-4.4141983390660337605 5.4533561039607887366 -1.7133518830853358139 0.030582151143473849247 0.011572130209056308639 0.99946526594700813018 -0.99812301814643455966 0.053433039409436985934 0.029922415445824402519 -0.053058200856039836046 -0.99850437961074589577 0.013184506818011268447
-3.0969793628880566416 -5.8051820590246849818 5.6890262741583965678 0.56915623374694845893 -0.0019519140218207586476 0.82222708032437819003 -0.40379053636350192846 -0.87176861465436772392 0.27743951637633312846 0.71625022466333632121 -0.48991394400991605806 -0.49696070582531387538
2.3276648013634861911 2.8144952764967556824 -5.4905664229056352355 -0.69808713602506500262 0.0036820127352414147581 -0.71600334726770697991 0.71478436199708950127 -0.054968320141275006652 -0.69718132478241623406 -0.041924531731495337517 -0.99848131007187113095 0.035740832055698230907
-8.2232562398203441489 -1.6124193362277041697 4.9152671472584721357 -0.84791535267117590369 -0.02051336351041353756 -0.52973460961287299753 0.0057375755417556203661 0.99883744845480348928 -0.047862634603803889954 0.53010058944618221322 -0.043622855039589819581 -0.84681191039506265028
6.6261921575932536399 2.1676694288767781593 6.5296099861249592422 0.91369338292594537432 -0.0076181878871857157398 -0.40633282566199802055 -0.39130492341366618358 0.25351043442665166516 -0.88465412255241049344 0.10974907247611154215 0.96730265318035524302 0.22864977201069452972
6.5818113624920693283 2.1385620931259263777 -1.5352108677372828804 -0.96343452799513551454 0.0053626635685270745285 0.2678901866546913868 -0.041913378034649742543 0.98447559548756014003 -0.17044374623731683993 -0.26464538350034388925 -0.17543957287099615217 -0.94825301331573141894
6.0761327217061777972 2.1713642701241222532 8.3291448876849702998 -0.88273877976297165926 0.010047166362161498443 0.46975664034789810231 0.025408276636775774943 0.99932924236278686259 0.026372046505961636853 -0.46917658315517357659 0.035215334822540272919 -0.8824019571669827755
-4.4049113989973518457 8.8263940877569275756 -3.6774255479585886697 -0.98144271103476565798 0.0039370609874567683018 0.19171516504326241437 0.090179271939613975251 -0.87285347328079088136 0.47957743180203354916 0.16922737328581499705 0.48796650882234832158 0.85630063785945520483
3.9926183272947555203 -2.405494913765487297 0.55833768737745503863 0.98135532549012627346 -0.004163958384322905687 -0.19215719237861136892 0.15369269055820167225 0.61733925492814178959 0.77153794540117126566 0.1154135260754284853 -0.78668602744397275739 0.60646913542499159
3.7142049751154262438 -7.8961278068436930866 2.3365259905629511827 0.86825678622701529807 -0.00718218692664902153 0.49606306994370036323 0.22355962561704709191 0.89828618410197624833 -0.37828960499279673524 -0.44288965551821557476 0.43935219089293781058 0.7815487223405762629
-2.773576468496806946 4.2757202181022684329 -6.4442775893521364594 -0.45589888049218485477 -0.0045938059381041909668 0.89001972321577960123 -0.29449661265420612466 -0.94288050749797713834 -0.15571799419382201246 0.83989758655510637908 -0.33309945290800690998 0.42850530751821708231
-6.3259878400557072453 -7.003911547828728601 8.9521982261876811293 -0.89836305227931390061 -0.0086326332130461057301 0.43916887861404291238 0.12644044804311740937 -0.96257186082865719978 0.2397253133056742036 0.42066214400384166483 0.27088907394851202692 0.86583050894365354289
-2.7018948075933537645 6.5994253556472139977 -6.1910800114314774589 -0.081642307543206490972 -0.0034570024984001031243 0.99665569920254526437 0.92567323856768590762 0.37038187533271293983 0.077112397347895669797 -0.36940978468193236273 0.92887314287739719543 -0.027038776275704425045
1.5963065974592800522 3.242043264863402996 5.38825951749894827 0.56373248185999691451 0.012787652269506372127 0.82585844116615159116 -0.82591258409807810636 -0.0016928652709855621095 0.56379565237367690322 0.0086076898273804870049 -0.99991680161736629096 0.0096071597898300213625
1.7976518897148616727 5.1574049649567701437 -5.8966543375757334289 -0.90609634628396340528 -0.0068658861396043019409 -0.42301568630302044394 -0.42287872454078462292 -0.015474858056481662419 0.90605414468400091721 -0.01276697229475165854 0.99985668391804516375 0.011118275170744587252
-2.1416798312784077751 4.3681254860095606318 -8.5337167608962598564 -0.99336234881050711198 0.00084356480729737151961 -0.1150240512421177308 0.11437486843406088899 0.11358501078117017036 -0.98692291228686790383 0.012232474664238462969 -0.9935279229715958671 -0.11292755571326291986
8.0769212557936054253 -6.9720755335150448317 -5.3076756117331305163 -0.26048785239199961916 0.0015905328270253210263 0.96547581479868549437 -0.88469140761247222482 -0.40082668243926700136 -0.23803168684254855103 0.38660987060954099537 -0.91615252051710893699 0.10581761241553373776
-5.0934786823609643491 3.0930795184098678341 -6.3268531869853932292 0.32276230897326363412 0.0045194082359823230244 -0.94646926355564786615 0.93736333575596642032 -0.1399866238549064279 0.31898859214989994104 -0.13105139711689203774 -0.9901430806154249975 -0.049418733520530791492
4.5697423452474108529 7.9818992808305067044 2.0856990992843105204 0.36695743608860231788 0.0026224820459189090646 0.93023403651278757653 0.90679795323401357621 0.22206089872249004658 -0.35833842840083263148 -0.20750834226512013259 0.97502927127658678419 0.079108836699228968214
2.2352248420418030506 -6.8613020426372148819 8.2440946380310009545 0.84478562636156773191 0.0084435507511100727635 0.53503827147585947266 0.062448341001508533843 0.99148755079358819042 -0.11424815677913610634 -0.53144844547626735043 0.12992745311136685848 0.83706714589015884798
-5.6819912639160037315 2.1344035126821259141 -7.9810671573057607731 -0.98025335411809255692 0.0077838665575359336155 -0.19759244206533799204 -0.15024735655053916838 0.62033449099826798445 0.76981221809433098002 0.12856552255366288096 0.78429875092295653349 -0.60691546010235708497
-3.3638295294783917555 5.7265265423980515891 4.4108079424225472565 -0.81486775408503131501 0.0045578850744218152996 -0.5796289925772082352 -0.57024908513667549315 0.17303182390306623417 0.80304169805644187718 0.10395443354235985034 0.98490568766775410392 -0.13839892393521135983
2.8929623277612210863 4.4960497814616191548 -0.15255252333216823279 0.68247741786948379339 -0.0014031035503307325366 -0.73090533272010005383 0.73084265064449938087 -0.011926124154808955338 0.68244178327656213057 -0.0096744042324088189155 -0.99992789683211624752 -0.0071138625005426536427
-7.8743126560254674828 -5.8636971686425365391 4.7055874944494702206 -0.29313536075597346198 0.0011584149634673891749 0.95607024760183123568 -0.81452835431645254083 -0.52391904086101559468 -0.24910318873479947444 0.50061484225780372714 -0.85176727848528077658 0.15452275888351793554
-2.5659281639776612138 -7.9026009964402117447 0.92640630205519114426 -0.2177456415497747988 0.0015412687218514177674 -0.97600433404602249254 -0.97210680936312787725 0.088950309825956752618 0.2170165744162171062 0.087150368763174654307 0.99603487231749965325 -0.017870264459474857754
-8.5852420666648612269 -4.897204608724345043 6.7118454184243399041 0.28474568165280927934 -0.0006679845230017529556 0.95860286384753756739 -0.78699265294501952184 -0.57112168635037630082 0.23337219969630262906 0.54732299512335402802 -0.82086513702147356764 -0.16315013279827347836
4.3289450357948862091 -6.869705473260910189 0.28367618786961340538 -0.036342964668445033871 0.0056099107501572289397 -0.99932363017197300969 0.99896675700055381775 -0.027101162917190047691 -0.036482124067815119295 -0.027287493968345254147 -0.99961695457302446322 -0.0046191777428546366632
-0.63857523959402828773 -0.14074930755730818976 8.8740693832831460952 -0.78864397506524253068 0.0060336846494190490148 -0.61482052278936294432 0.081014345728180142681 -0.99021381480361914118 -0.11363659955512933619 -0.60948942269719186271 -0.13942810198012400846 0.78043734405687381628
-4.1681689284126015593 -7.081703752640152949 7.3368162106963428215 -0.27447374650903522131 0.0041170429939225896415 -0.96158578007067552207 -0.83618204376508731279 -0.494811979523076928 0.23656012894172881444 -0.47483023509650168492 0.86899030770032115178 0.13925549526222094632
6.0721198687560749008 6.4942627976865177075 4.6968991585509591857 -0.6171750746636599505 0.0051379661549416375324 0.78680908009345784659 -0.77344521844401414867 -0.18759453405536594128 -0.60546741023646777347 0.14449021170888465271 -0.98223311494585185955 0.11975260591706433921
-8.1415218965154050323 4.4566278256134008728 -8.4505342280992010728 -0.76110200883225531676 -0.0027152869514052435651 0.64862651762649548015 0.38407668721506765808 -0.8077196121235042936 0.44729646380111459658 0.52269382097873806625 0.58956056127257261412 0.61579989777755783642
-4.1463024320337416029 4.320326109327521813 -1.5821074969654171927 -0.83563278319062772592 0.0057362661256193190479 -0.54925854286321795783 -0.52315712820237703085 0.29643913559516205103 0.79901843414191231485 0.16740511004221220182 0.95503451986751397573 -0.24471329141099787408
-8.5632123462566234195 7.8344016093424668767 7.938251488307625614 0.99662923780804513196 0.00042891832076161467285 0.082036445407813476938 0.074218218477734132499 -0.4307876368095733266 -0.89939627974446501035 0.034954518907562098784 0.9024532275973426998 -0.42936738768410492861
2.733818672605807798 6.6358098763870270176 -3.1117167185244190009 -0.85495353371850923985 0.0028836709476538630037 -0.51869657760975262928 -0.063733013094642035345 0.99182349112891299292 0.11056340030357102167 0.5147742789068910918 0.12758466556240211087 -0.84777921352740825967
-0.79548452222513776899 -4.6144322839064066955 -1.7861707111239060186 -0.3848434819868271628 0.0028520332279367982542 -0.92297744299570938509 -0.83135951816195197139 0.43330153692347295191 0.34798150764216734254 0.40091999941833555976 0.90124449735130773842 -0.16438220724965793562
8.4060692780406807145 -1.212150837715733287 2.6139647735465709744 0.62112895898592224153 0.0098800299084638408542 -0.78364609443172450476 0.78349957932170732899 0.015251592015163011051 0.6212051176089620208 0.018089375658043541084 -0.99983487334151877057 0.0017322061943479110518
-7.8556548943122361806 8.828817695859875414 8.8953745438852092065 -0.98765223331236884352 -0.0030021873305609162244 -0.156633498666227583 0.1517970399825831207 -0.26557197571778279332 -0.95206574582111380689 -0.038739187984277813348 -0.96408636157992078086 0.26274847807330409255
-5.7043554896442305591 -0.43134323231228555162 7.7432570060608618689 -0.32197848526117195389 -0.00059754060366425110207 -0.94674679718184884258 0.32852995427425402131 -0.93793204068252933325 -0.11113755533745033055 -0.88791774628833508576 -0.34681858371064222535 0.30219024772398933587
-6.0709125284594600558 -8.0168694541237410789 -6.8920192744013828445 -0.86536311549095945583 0.00032759699720804908579 -0.50114525940898757561 0.49334378802862705049 -0.17520612018344369765 -0.85200629238500014129 -0.088082831252386792342 -0.98453172022552359888 0.15145529607179938902
3.6983334851432392298 -1.233363882803690581 -7.6307498095634720414 -0.94381900804259910576 -0.0055964814840011745806 0.33041543464648759354 0.1922368514174583598 0.80397430323617158354 0.56273467344146121949 -0.26879485302870698149 0.5946377040947897763 -0.75773037939253007345
3.6611371114980322261 3.1950886829341009765 -8.8345640969618575156 0.10180182834946471804 -0.00090829603437779450788 -0.99480428363733197639 0.16269569124809998839 0.9865506058740558526 0.01574846337943242025 0.98141046448145485837 -0.16345359294863456845 0.10058043128845385594
-1.8957756705697774713 -5.7116937783779873072 -2.157460002706686808 -0.98543832607661485667 0.0060203551600183030992 -0.16992663364939433746 -0.047774300343359832333 -0.96891812053359693824 0.24272472459193136785 -0.16318370545599300558 0.24730837233144953302 0.95509666905945334037
-6.5948910018768236441 6.4231253837269859375 1.3886100789299722358 -0.93489752066415343634 0.0094385112777360460901 0.35479224957833582765 -0.25806224336690813947 0.66820677319856525145 -0.69778477111474435102 -0.24366063367813395324 -0.74391573632783458692 -0.62226913216003787443
-2.0640396016377753341 -1.1711751787743374109 7.1460038517779214118 0.64156541707721292944 -0.0051175189379661922828 0.76705125422632747245 -0.45597232882786575825 0.80158138598329975455 0.38672537670550416466 -0.61683308192226682376 -0.59786377432068404936 0.51193344919169647689
-5.8897115381560460889 6.6720534188889208949 -1.7198074225827697514 0.89059938461673715526 -0.0034604075208319821227 0.45477550692594881365 -0.14087299948427495222 0.94868990280684750704 0.2830940944786348723 -0.43242055239829824131 -0.31618901608382882218 0.84441516564509189191
-0.83042021153480061191 6.2034593125880039821 -5.5121940831968130325 0.99047467899005381398 -0.0065692270035249038587 -0.13753819664322097793 0.095958857543815834212 -0.68342606371486180894 0.72368550703607781305 -0.098751242717060525034 -0.72999017849000469305 -0.67628583555312815623
