1125 17.292696884352682929 17.968806560800352656 18.477561601407678893
-8.2879298589121592755 5.8557990899965002285 -6.9630123961966505775 0.83888937550742170846 0.0014261689828226284133 -0.5443000842391986227 -0.4097022238382492243 0.66000298560666870173 -0.6297143374359186474 0.3583416016076655386 0.7512616222280137368 0.55425379703252419805
-8.0680024258888316524 1.1819659476989126112 5.2852168576631877173 0.96305709456255617074 -0.0084992408709527768329 -0.26916313922487411503 0.099522919768482293046 -0.9175090011663208367 0.3850615810740769529 -0.25023233414878731651 -0.39762418900669910249 -0.88276768363092839031
6.4878804215789198651 6.7972944151282224112 1.1047479758461193899 0.61782112352789164689 -0.0057413165134260861489 0.78629771499572431726 0.33825292476783902496 0.90466301290210027197 -0.25917135638975119516 -0.7098464750980747473 0.42608904042651446487 0.56086193614804435992
-3.7181239867107089836 2.6374961179784697229 -8.4421292780172123571 -0.95158863099298141019 0.00075427664823452152121 0.30737356495298207015 -0.19245902406050180433 -0.78117157038623674659 -0.59391119005986392487 0.23966351708779581875 -0.62431595261302685884 0.74349915258202170509
-6.2855302058726447711 6.6676720105673163985 6.6053127388696966094 0.76891876315395024655 0.00048602889748688396683 -0.63934630635187905678 -0.34405120579890380306 -0.84254737793183942518 -0.4144184886430021808 -0.53888097336801765724 0.53862201933884545912 -0.64768326890960326025
-3.2710217211651180236 -8.6659269856774052698 8.7004219144817689369 -0.94515932608337127618 -0.0082870511080088901656 0.32650447638787272187 -0.26976469496976829276 0.58336289102820726438 -0.7661036135661760671 -0.18412185547955611797 -0.81216935558714453691 -0.55360643076070614743
-2.0078679072983995901 2.1476131343114159833 -2.9275689776754250104 -0.067473869053161023013 0.0019308888712808291305 -0.99771917324621650636 -0.2504381235557686658 -0.96801541547601721582 0.015063255638232500924 -0.96577845454598998387 0.25088329372181517041 0.065799313571035050741
2.1392279965480160975 -4.6166920660915913288 3.8093507159135699958 -0.7757474791352150234 0.011326848216811770398 -0.63094179693928065245 0.16453985792712944036 -0.96162221990064133958 -0.21956625730463136259 -0.60921464507065936633 -0.27414304423593782722 0.7441122949720032631
-1.8096133750778367055 -1.9987903780795555075 6.2868752345724452368 0.9821362393407526703 0.0048969428238226251834 0.18810748875170646421 -0.18767145252977632253 -0.047318049341486562165 0.98109144737472664399 0.013705228157002509806 -0.99886787021991541025 -0.045553754660433563861
-1.0043008034661686789 -5.5516167416608341867 -5.9917451137328390232 -0.32349878569486345548 0.0033836411595218269036 0.94622253546746970532 0.15566597228132769692 0.98655908116168899991 0.049691895226831199472 -0.93333629562332309781 0.16336991874290049398 -0.31967738256294259136
-5.8928776979680055348 1.2904380500669851983 -4.5544466853949954199 0.49870210877610693379 0.0047943667753321027661 -0.86676018641240892837 -0.81354415437881744122 0.3476205962192910337 -0.46616073403937774433 0.29906874724464876936 0.93762302399817198939 0.17725955345252827899
-7.7307367762587402282 8.1212444879213521176 -6.7654087142405705535 -0.39007426990978716352 0.0039648202193103936064 -0.92077486073121050936 0.8161336782286132685 0.46450587510105534328 -0.34374425269055730592 0.42634244829165263146 -0.88556116231315062937 -0.18442761340786589797
-4.9309631632734598483 2.382196387408017646 8.4846342740671527594 -0.44583995391279263032 -0.0057494040215919309939 0.89509422959182760593 0.63465340095867694981 0.70314274615395933044 0.32063271695674988582 -0.63122246169406159844 0.71102547273975791331 -0.30984025072354232089
4.4208553261163832104 4.5190514855574619446 1.246278588023080891 -0.18120153232539318311 0.015412625885026943334 0.98332520340243734225 0.64625276968061862171 0.75555000397729066286 0.10724527574601902535 -0.74129843002868256452 0.654909644495490606 -0.14686727063559970596
7.5030579333188658353 3.299214597047524844 8.5035586921316976827 0.7206974251178323021 -0.0045399596089543475461 -0.69323488818377454468 -0.64705330602045085797 0.35452232171020825469 -0.67500810556434398535 0.24883175158440568042 0.93503652986172691719 0.25256572852892400505
-8.0026729751798821866 5.7052783632558723426 -8.5494741612604414627 0.90954139600351013861 -0.0023273041296040190146 -0.41560682454845554457 0.27660353858376507397 0.74974820362195793155 0.60113901354715160164 0.31020143680949624487 -0.6617191359034916287 0.68257076833122409809
-3.6056765358825897394 4.6268900825787353526 -4.8039403156917943605 0.53231901178841145583 0.0050129117259550557209 -0.84652899560765237919 -0.45832418773286442981 -0.83903972161436513044 -0.29317449495468111964 -0.7117411106767363993 0.54404707174001698533 -0.44433925676599672627
8.2952347277760445365 8.9553402373908514988 7.0967131811033272726 0.96814825988270536428 0.00053101696234111785827 0.25037704548784633918 0.21377145063170627237 -0.52235932400030526956 -0.82549530799684167626 0.13034843221521483225 0.85272531019712705103 -0.50583478683080917992
1.8271112970237866069 -4.4613156973747676304 8.5810230532814379956 0.95280024775119331881 -0.0046788904444655336073 -0.30356184850736717129 -0.27817854818350257196 0.38705229282765157839 -0.87909454437330636356 0.12160749654316634072 0.92204589397753344837 0.36748195354802726253
-6.2570098912274731973 7.9507193999626064596 1.8762600729613101436 0.65232638116585917043 -0.0035296104166795743903 0.7579299666099573729 0.65384883678654859285 -0.50314494133192477765 -0.56509014028315174283 0.38334317662919276115 0.86419483327701174247 -0.32590688711566934144
-6.3946502358170391744 -8.8222987188990771301 1.9307286671340648798 -0.92240379436228681076 -0.0081140184761385354684 -0.38614168753192995576 0.030901144787973511274 0.99502383841604014059 -0.094724232562057794627 0.38498877827363203741 -0.099306211728412252526 -0.91756303157630225709
5.105475000989440737 0.23659944285690034937 -4.3001452844632463979 -0.86597361889957014114 -0.0077763524499954656335 0.50002921885878592878 -0.33456238688345285581 0.75217693428371945608 -0.56771284010017442068 -0.37169570975842297633 -0.65891531161018512819 -0.6539670568713729093
6.6371962027548203622 -7.9836345313095264942 4.5145998905903361731 -0.94849122299520016721 -0.0065801715122770845778 0.31673506475307694474 -0.3001375096668979503 -0.3013376698709320789 -0.90504866388928317811 0.10139958181433646189 -0.9534947876416803858 0.28384117873963743417
-1.142439697509791241 -8.8681615153209438773 -1.0394259784208705888 0.99976610648940833492 0.0029601472869945676461 0.021423581473608729192 0.0017474181223093502961 0.97629370977238860707 -0.2164429227047930393 -0.021556410763855043261 0.21642973406421267546 0.97606018839410502164
3.7307733335294495092 -0.0095209089311898489894 5.1311747699567424874 -0.23000066916023631514 0.0070552793923523253461 -0.97316489621159008028 0.49823300565424361031 -0.85813403676874289161 -0.12397518709667477987 -0.83598060041054300662 -0.51337724722831101776 0.19385622962873458319
-5.4677780829756459369 -7.6234201742516551903 4.6521285347832028734 -0.94782113726504213513 -0.0052584039490859695726 0.31875922095127778855 -0.1344365654621436923 0.91320824902772579357 -0.38467844204587597901 -0.28907075538770227174 -0.40745925329528287495 -0.8662650029199712165
2.0951794736927804585 -4.5191506357144000106 0.25360449191714534711 -0.90550198058359054887 0.010422127095327023832 0.42421402903012683794 0.29693800259504166128 -0.69859904090118141173 0.65098940288369699925 0.30314020811174680059 0.71543746010318509665 0.62948808956717916541
-3.344259902039358856 7.134165791142525137 2.6983692209512954996 0.62991332290564827634 -0.0088905461928671849353 0.77661455292480996437 0.75201075623041990781 -0.24296356704128185822 -0.61273854750957934545 0.19413662235547132773 0.969994671778645845 -0.14636020149408587865
5.6653141168140699335 -3.5896831596898417516 1.3277116455283775043 0.99870427276243112225 0.011877376412323580046 0.049484376271240429479 0.040244189107940607497 -0.77948909167270941101 -0.62512171711276309782 0.031147725574020575234 0.62630318847392962844 -0.77895708180797496034
1.6286046845716646292 -4.5976996709021200616 -0.90860993162067438256 -0.87483848596286151178 0.002309084244557078891 0.48440921916121315594 0.30744905132862782038 -0.77011836196832972323 0.55892109406994272547 0.37434303027504023387 0.63789683859470935889 0.67301925603613721449
-6.4266852261039959515 -4.160016127039406264 1.0772540354440427457 -0.93550656489189754073 -0.0010242470776018770123 0.35330782323904913467 -0.34730883528233436053 0.18618307246622839424 -0.91908238828844579515 -0.06483856860678399725 -0.98251453650569720022 -0.17453121662352713561
5.580892180526883628 6.7891053205075477806 3.2432183032994297278 -0.82630332866189237784 -0.0045159185205713428188 0.56320725805164861821 -0.28481708441056502457 -0.85933756707148323262 -0.42475660589024916147 0.48590332111440864837 -0.51138884647550530982 0.70878728136891622214
2.1654983913855549993 3.7530363675605467044 -4.5117275123971962714 -0.69053943505412351822 -0.012568813074119817783 0.72318553191601797625 -0.33294123321734708787 0.89314674372838853689 -0.30238887114220236452 -0.64211013374552405875 -0.44958972308640010596 -0.62093772395958857224
-5.5157823234240490606 -3.2714971030366446492 -3.551400954197360349 -0.48861167038758024361 -0.0099282752287722392942 0.87244487786452795675 -0.56006934676737851753 -0.76315942605530717735 -0.32235076738653684059 0.66901491939485890903 -0.64613397973936637086 0.3673280793148751
3.9718392468846506205 8.0313647445684921422 -3.7228704283785440943 0.56164534146158584527 0.0056989816419537667191 0.82735846645941424349 -0.76315693934169892554 0.38984311168881352616 0.51537737067384870038 -0.31960287287245731092 -0.92086365433580519291 0.22330278496816247102
1.6858735510794091716 -4.5418609810090755374 7.3790978472734343185 0.9412206253887734908 -0.0024073606382624341063 -0.3377838642648085532 0.2440776093048060702 -0.68643667285143228352 0.68500424436684825835 -0.23351628418366973672 -0.7271856013282538278 -0.6455007716816683061
5.9185725609656740787 6.7828476077424717516 -2.3586167115474889755 -0.43007823337486528192 0.013813806158856644507 0.90268593205892888598 0.35621714581925850718 -0.91616047698484337491 0.18373710957569708291 0.82954328289840462141 0.40057353778080095896 0.38909996482676373342
4.976569471038543746 -4.6644863499876132451 -1.9744621374889770316 0.53215319889733758707 0.0010514533791645998273 0.84664742800589798399 -0.7900508051232200124 -0.35886674150249647797 0.49702553975385987961 0.30435620287332781908 -0.93338821306516461807 -0.19014138287968807006
-1.9716454856107978877 -6.6392734785992510993 2.5538928293469584929 0.42862528784331943577 -0.0036062699618168948465 0.90347515596078453726 0.52735799219098189461 0.81296526401033319953 -0.24694336918492021393 -0.73360337423798760437 0.58230101693994251733 0.35035926557940078041
-4.0353661581124784519 8.8707087007964080527 3.8901644582543615236 -0.57431194889068160059 0.0015760274439530568523 -0.81863502337671212317 -0.73396713515987188625 -0.44388717051201070918 0.51405877519960829769 -0.36257141347133442499 0.8960812998786286121 0.25608645833230020417
-3.9808705686359826537 -6.4629175690712781233 -6.8260165187164423273 0.090597699572840681426 0.0071906354485209399152 0.9958616126720973849 0.76192869644634519943 -0.64442485106956159946 -0.064662762515403260366 0.64129300507971054301 0.76463383791570949111 -0.063862160548245422431
2.5422132129495005337 2.0928997683493753001 -2.2732476691941183589 -0.36896974860373310534 0.0088110390953337058839 -0.9293996396628054768 0.43952933009840017275 -0.87942443828542826711 -0.18282949797489647659 -0.81894767390740286217 -0.47595695491977230152 0.32060830379903054732
-1.4661543922888597979 4.643810070777652399 6.4102085106465693798 0.89893797813917863948 -0.0029808527693297578662 -0.43806577813818842193 -0.43796355693610833359 0.016531974016210593259 -0.89884070703931717716 0.0099214038722018494526 0.99985889422055551634 0.013555714415323199401
5.2117431620420164862 2.2822369266879554139 -0.78973257558337095485 -0.76608608744400663593 -0.0088265197955946401998 -0.64267736787032847534 -0.49917651338835028474 -0.62171375615315571661 0.6035684003420015431 -0.4048887688069200963 0.78319480205001590356 0.47188026758467938038
-2.3039429946572509422 2.3232876377922830891 -6.1401835333116965288 0.98450281497289537924 8.7223713126588151012e-05 -0.17536875349459421503 0.054917513758645286615 -0.9498554321700602987 0.30782905103229690758 -0.166548113146838761 -0.31268938320469197301 -0.93514013689830666198
8.0535173324941080608 8.9805015257202533974 8.57089208466229735 -0.99243763147130015234 0.0026353318775272117913 0.12272164709408529826 -0.06293488670746681668 0.84744096288045056564 -0.52714610353023039213 -0.10538855571063268646 -0.53088310338333533078 -0.84086644769970853019
-0.050856057476483876312 -6.6384353216910030326 -2.1286346703229739319 -0.8135848727427145155 -0.0067043474184970020674 0.58140752194156608557 -0.36649308872492686318 -0.77037651825630426572 -0.52173061634940176567 0.45140056575214443368 -0.63755397563266313909 0.62430958457607954593
8.2107537978609315132 7.8082711103614990122 -6.9037460637547019005 0.48070788191594049366 0.0082388623910219505042 0.87684209149118030879 -0.40743531699272550473 0.88755831745780389141 0.21502719729969618778 -0.77647691191127465871 -0.46062170406733188299 0.43001308237195695616
0.0095178786044252672305 7.0922364902620840255 -8.2239945217483434448 -0.58302760897225125447 0.00094665412177283498642 0.81245178996791478365 -0.38918136784556239816 -0.87812850508858020238 -0.27825921633019767842 0.71317366054701625266 -0.47842390449982968859 0.51234158283818953539
-0.32865677710120044797 5.9276890575048293286 7.9664157140190541284 0.62569955056115300618 -0.0054034736428101633882 -0.78004543130500858528 -0.3998744535131751876 0.85637476147978486285 -0.32668438794602960851 0.66977645065715329942 0.51632651527202533259 0.53367259229996955039
-0.24136408914234397383 -7.426125558857540554 -4.0923969048839410334 -0.8247651624155986072 -0.011285793985009459975 -0.56536276647816063878 0.51801707703705734964 0.38585110290726420956 -0.76339847673637184489 0.22676140492510332702 -0.92249203640977051055 -0.31239031354536517249
-1.2462118339215799701 0.050105142793510124011 9.2020810620140611746 -0.96644927574266559223 -0.0026726511944170647586 -0.25684363794387671254 0.093604918399911682392 0.92751825168157442381 -0.36186739566917031086 0.23919430734857397014 -0.3737683102309014016 -0.89614916927892507292
-6.1688270043160065015 -5.5958144478609765926 -1.185337739694625192 -0.26597999329195703977 -0.0048000210402679771224 0.96396659847033050461 0.73112993331180653467 0.65071816057709397363 0.20497535488631360434 -0.6282544578306175076 0.75930417837213926013 -0.16956857292222160538
-5.9275037347635803897 -1.8453018961923672858 -5.7108820128144239803 0.42658814235805780912 0.0029047817627390563194 -0.90444132979560842855 0.74533348896498985425 -0.56760335571715414549 0.34972048954259432607 -0.5123480721410921257 -0.82329702587916020473 -0.24429789223747830351
3.0080239484443058728 8.1241823448317642686 4.5844121531634627331 0.99825421396832603183 0.013749175319291111544 0.057441139198513256614 0.05487789128240130182 -0.57550546219235532153 -0.81595458209071458633 0.021838986761395437486 0.81768234857115829062 -0.57525527854411151463
-5.5222233043247248574 -2.0303082320974361608 6.3021900542276947377 -0.52371910104841346012 0.012383046678869561244 -0.85180101159375842812 -0.11522446832975494213 0.98967614737684572734 0.085231714818726864169 0.8440625717888302626 0.14278579574936886565 -0.51688547226344772056
8.0546794341449370336 -5.2721008967927778244 -4.8849864733041075127 -0.97384281342352996269 -0.00024130193528125475945 0.22722261444851232781 0.045910682828010244971 0.9791653995489244533 0.19780629294494422865 -0.22253625310431765505 0.20306418221763092302 -0.95354210916696346967
-7.4595887715121280692 6.8653126542200837434 -0.097983144271967553829 0.27257949650782897777 -0.0044765868978632362973 0.96212284987588625462 -0.90655360101393833716 -0.33614985286846138512 0.25527209973895531592 0.32227470668984564695 -0.94179787459223918145 -0.095685823618485377207
-0.47542359166550191008 -1.0137918249751223243 2.9808659808236441791 0.99999700933608659525 0.0014185945206586260403 -0.0019922119213970218565 -0.002367041908685378962 0.35649631948933957482 -0.93429372860094872522 -0.00061516774647568835122 0.93429565009152715227 0.3564986112012234476
-2.600946820897206635 -1.0533525807717609712 -0.36154473613577697844 0.88751402734479456491 -0.0050634114839860286383 0.46075287642100026808 0.33750286670681534096 0.68791371547414448262 -0.64254691270560848615 -0.313704743717450385 0.72577481488877215732 0.61224198797741491429
-2.2247946591012115469 5.8934116435849261961 8.3777415765907079503 -0.48789520757074666957 0.0067274111962099380352 0.87287628468672884274 -0.5794799205699001643 0.74534347084011143281 -0.32964546429793045723 -0.65281030022970720772 -0.66664672234614041901 -0.35975110771141965982
1.9547917007778186083 -7.8010303571504175935 6.2592991682550955801 0.23942247007754585697 -0.0082092998508309332484 0.97088077961090024637 0.79025552528017184439 0.58259235501025263826 -0.18995355392235013792 -0.56406833414570800578 0.81272304955597363119 0.14597314525072321856
1.0128982434794133738 4.6351236909626107874 9.095051931461142658 -0.48558107623350887927 -0.0061884942096439255962 -0.87416973234201211795 0.44016012955210814805 0.86223969405454281567 -0.25060281392957489688 0.75529469662943082842 -0.5064626467334109039 -0.41596335019739066885
1.6422988088951955277 -8.3673094461420145507 7.9547343808410717614 -0.78102901114921308157 -0.0071569433595271379073 -0.62445373079575205999 0.15506184161929606469 -0.97084215296936693385 -0.18281504120665020841 -0.60493760754032310789 -0.23961279636012616789 0.75936565553348445157
2.1667516852576476083 6.8650782335253390798 -3.8368867380110036613 -0.93237674991361496613 -0.0070338475784706673902 0.36141959162295073105 -0.10421526210934112244 -0.95212997937952892347 -0.28738072571077116768 0.34613982054087172324 -0.30561254449852992554 0.88701082140010489852
1.9774818180626188013 2.2993537838288413688 5.2613951244938004237 0.69454021608594285198 -0.00064050562508402792208 0.71945359683018261787 0.5034122791191240065 -0.71398968883830504772 -0.48661566093243130426 0.51399412980240632987 0.70015592119536651516 -0.4955721143723615385
-2.4966948142674976197 -4.6335181443502415632 -7.8070498799135643608 -0.66954198772962403297 0.0054909156115418873007 -0.74275391383202882256 0.56362251058062184939 0.6550531238702246295 -0.50322467196525577648 0.48378010731499887509 -0.75556287280004053031 -0.44168037426691297842
-7.1045598612819267359 8.3725341935107913116 -4.7560640131407110331 0.98448039167482137568 0.0079224566163916369799 0.17531569550119210921 0.15318045513200945207 0.44869921560186565301 -0.8804571324510971353 -0.085639398488468521098 0.89364772063696606974 0.440522014009668339
-8.1942375837667782434 -4.2849255701858623979 -9.0297618954296439142 -0.15430994639328909912 0.0018423238074924538563 -0.98802077219400297192 -0.94267677478959299719 0.29919859764099171473 0.14778598526757041887 0.2958866991197183216 0.95418908242148792187 -0.044432603697912263774
3.6038720974808984288 2.2729951772997618598 1.1687285963972806613 -0.80769094646970696072 0.010007111984416340936 -0.58952115543067706849 -0.57159760983469676265 0.23193706270450170637 0.78707138899527939735 0.14460811672218210067 0.97267931850818434292 -0.18161342440554659183
-8.1995174646932138529 -5.3628610090665098653 -3.7886337135913699115 0.87100686932530158035 -0.0049550195696677675622 -0.49124584616011424121 0.39830668280643810597 0.59246048140677387561 0.70024450330107301799 0.28757402528750375392 -0.80558427600885629261 0.51801076651691080333
-7.987962252009023878 -4.390209269794240754 -6.0577988683196801745 -0.90617728305460021332 0.016778891007218424414 0.42256502516446847739 0.39130438220666952098 0.41222298866158052499 0.82277158925448501403 -0.16038582275721766091 0.91092846943940730675 -0.38011276145771782931
-4.3150279231705619409 -6.6213209521730522766 3.6065504224743039074 -0.46234989631468303983 -0.011138660826256259473 -0.88662760142712904177 -0.34938524757441552504 0.9213136851272965 0.17061958379517977447 0.81496166913231948836 0.38866055090795936788 -0.42986097056246208581
-5.6750233032275394507 6.8220415619169516575 3.0047997310630316647 0.67625397143226384511 0.0028930296726436439958 0.73666287846058864375 -0.72467396865002342565 0.1823312178650331461 0.66453214079761135924 -0.13239412858374821624 -0.98323291104979548827 0.12539871349147477253
-4.1822146777075399626 8.2037631871001917006 4.9980496458893579614 0.64056293601433955676 0.011347231837731220488 0.76782183176470286678 0.72194587411181165848 -0.34962498272125280829 -0.59712354359036756701 0.26167399537892693795 0.93682101374091708568 -0.23214889264382218559
7.6788196193529385525 -4.2789990600063605442 -2.3961612584295024497 -0.2974784776043390977 -0.0090235106952206104586 -0.95468588112366337128 -0.59419253770724800301 -0.78093992704736514554 0.19253066892402673216 -0.7472896249081857345 0.62454095670174669674 0.22695111787945576598
7.7529698586335973332 5.9094925148087060762 -4.2510792643047565775 -0.9271375154963640286 -0.00044412657885215260818 -0.374721003028165911 0.20169870990176966274 0.84218465588765190066 -0.50004263399368420462 0.3158063612135439957 -0.53918902820726599678 -0.78073140969109477982
-0.045010968429057579554 -2.1777651122626542346 8.1784294563354400509 0.34781368633141607205 0.0026468049172596198187 0.9375599362302982076 0.61748643964725036248 -0.75313036551955747644 -0.22694745952343900464 0.70550417181799418564 0.65786597947918690199 -0.26358341486431546841
6.5580991716693812776 6.8088171844095244367 8.2450222571041020814 0.92488438500155167876 -0.00023327901110985394982 0.3802483661522932934 0.16862385201056698247 0.89654707406770062228 -0.40959655822971430261 -0.34081500981282064622 0.44294840507845778532 0.82924172562929965302
4.2753694748803470205 3.5156578361889039286 -7.5978551988722307087 0.36366317828733013551 -0.0067174869852548342586 -0.93150628990171968624 0.14365864296222807805 -0.98760674677161219837 0.063206866979115733374 -0.92038648787360877179 -0.1568049396531403239 -0.3581911833646242993
-6.8764449396631937006 -2.1306764642114464081 -2.5840179789934216714 -0.65436971533112220367 0.0033829255210078342658 0.75616719809338939218 0.73974660751330734154 0.21017484920302650919 0.63921943762320998506 -0.15676489508251081895 0.97765796093392764998 -0.14003456392027641142
-0.63382137956596162898 2.0739175127568705292 -2.4672503270877896853 -0.22837992879684415604 -0.00036629725382950539467 -0.97357201785439950736 -0.80504545435996222036 0.56242197494902734789 0.18863546461086908024 0.54748920038407589139 0.82685028144199235189 -0.12874077653167623203
6.4366094277165615267 1.3838919651672221267 5.4611975777701466939 -0.37465739076179632727 2.7108868295497431586e-05 0.92716332909184939748 -0.63489042996721800627 -0.7287699989697895564 -0.25653153906989040189 0.67568186410744646153 -0.68475856173298843554 0.27305627744067872964
-8.3835488287473065583 7.8154141655290789714 7.1627138187839509698 0.97963420163837078292 -0.0014742879367077097851 0.2007851026730298194 0.019244174607099838459 -0.9946803422906949077 -0.10119623710260319815 0.19986618704538586244 0.10299923851715009349 -0.97439451155088629974
-4.1125715107297375894 1.100154018817878887 0.53743447472734540149 -0.88297412817608078583 -0.0035417017075970412543 0.4694082927694536167 -0.19142066465625792726 0.91577089516154897009 -0.35315973258239835575 -0.42861966603771683992 -0.40168535438112362712 -0.80927996265908030971
-4.1521596682801220624 -0.19532157323631116341 2.1498321543411904599 -0.78506013982436972931 -0.00076424798747711224917 -0.61941907686465746963 -0.058673235557885561331 -0.99541116661866646531 0.075591406917534756382 -0.61663443650839433463 0.095687121890173226779 0.78141278874613151473
-8.2792436809680776122 -7.9426247871227504405 2.7640197267111221713 -0.48278493504470476605 -0.0017519575203794740537 0.87573719638868430248 -0.018010500488662626456 -0.99976663212340222131 -0.011929089025112207811 0.87555372671582987198 -0.021531649673505078024 0.4826407149179186562
8.0943079825524399951 -8.9344826476922367675 -2.4528500330003506491 -0.86297865398941298043 0.00206597165937470479 -0.5052361571778304361 0.49248667223680864247 0.22670563944167171355 -0.84027461625032684456 0.11280390253879815643 -0.9739611310554274759 -0.19665959108462510718
2.7395521899507881969 -5.7453810175981043784 2.1884727906629346528 0.99972459704246618983 -0.0030808165553378582743 -0.02326453604614217921 0.010297864068926076975 -0.83321142991833085922 0.5528586320654222952 -0.021087533371974446356 -0.55294594819295983523 -0.83295023519592814587
4.0789667100305386782 8.0578900731471385654 7.3430683510673926406 0.12572172740780085398 -0.006352470370299716923 0.99204520732582301967 0.98733720815034475837 0.098316336145339494612 -0.12449552381108749954 -0.096743395948529375961 0.99513493766777694205 0.018632529972794999173
-1.9070487339041872765 -2.1620129324990533526 -8.3682649812867513361 -0.97305646722659033809 -0.0049365639937853167743 -0.23051408183524549345 0.22121413466911099555 -0.30185168753648350393 -0.92733481836601294734 -0.06500321692842145338 -0.9533421154377820228 0.29481077443282294182
1.5890762628326153827 -7.7348802229932829277 -7.4901170000420131956 -0.33720286104694952023 0.0011833650968674485487 -0.94143126682141220485 0.94138522961954063106 0.010392783508242820281 -0.33717330781824000896 0.0093850922198310555294 -0.99994529335261406189 -0.0046184787567331783698
-3.8944883115538075913 -2.2375799603544961336 -1.4404367559047681624 0.46747496602943422461 -0.012521721717798132978 0.88391762207845248067 0.81346542945915101264 0.39749503734184399306 -0.42458413814435408407 -0.34603634377154990354 0.91751888360623845564 0.19600496681301313173
5.4479249649898990882 3.6823803373359029756 -3.53925461955144538 0.16383510242270890589 -0.000456641668919921008 -0.98648763331971456303 -0.34247957536403583756 -0.93782820640464215067 -0.056444625344803170397 -0.92513015282877275602 0.34709947673588437134 -0.15380557069607864173
-6.6003742731549088774 -1.9528034765106032644 7.2381567035059983795 -0.31917108398475024789 -0.003171268035478514314 -0.94769180760772442351 -0.061583384768675426824 0.99795024368853935126 0.017401087390353810885 0.94569408683160505191 0.063915993155082603816 -0.31871215846061806687
-5.451329032181347678 6.9506573766827690619 4.8297503398655994289 -0.8765351584276782626 0.0044484731615843670777 -0.4813172832210027563 -0.4311260774848244548 0.43741851126546105188 0.789173840997739795 0.21404770812419221526 0.8992470500862671523 -0.38149485128614157858
0.66658213082979422826 -4.2005936883042132024 -4.1903556150258278734 -0.22338070604169382727 -0.0053615291211516211481 -0.97471653016347215015 -0.00053560183746973692026 -0.99998404589881717541 0.0056232622815043376008 -0.97473112872161282727 0.0017781882633827611213 0.22337427055852721036
-6.6500710818972583738 4.5592673604215390171 5.5245332207727155804 0.22303132715706194822 0.00010328595188833882002 0.97481127221559416007 -0.78491572265935305452 0.59302559239947238989 0.17952146133936208727 -0.57806949013820507766 -0.80518360396315147298 0.13234435567850391657
0.39336609453842064088 1.5227499326081135322 3.4357686005007259666 0.99291129869223460069 -0.0056185241691901772337 0.11872482939642839406 0.075035712074953825335 0.80429694530235773531 -0.58947100496185489416 -0.092178060526662344842 0.59420102319286682846 0.79901711445620504648
-6.0260470687800173906 3.2509998566730189395 4.1846378235175132332 -0.9910169712180054713 0.002792344835096902643 -0.13370701390759370808 -0.12196628143432748648 -0.42899001187743540653 0.89503731536868180729 -0.054859720659376713658 0.90330491669178114567 0.42547695416951808456
2.322623792709213042 2.5077371661476774989 8.3058952295245127573 0.64401573683359514266 -0.01730929809107924558 0.76481639555512803685 -0.60117688966467164313 0.60682114246460649998 0.51995619853156438417 -0.47310683576105011516 -0.79464991616282343312 0.38039641520159961363
6.1507307067037171322 -0.0041623972301581234345 -0.58940374103953818707 0.28881974216026051749 0.0032448403176042290783 0.95737799616976204664 -0.92277068441992737835 -0.26551325455382313034 0.27927938633459348239 0.25510276461375019919 -0.96410174912589718943 -0.073691226199558548804
-2.7836812140245812408 5.6487632364117974504 -7.2624208943415977657 -0.28841449184889184076 0.0066913734399031005173 0.95748227472523228521 -0.011772887487572117338 0.9998752103893443488 -0.01053388668868640056 -0.95743327705472103251 -0.014310456668238880074 -0.28829972393009101195
4.550803532177045696 -4.3296221092486817383 -6.0319904376929711631 -0.643978993610390682 0.0042187756079907464193 0.76503154034392617522 0.61450238738937346117 -0.59281326587503224701 0.52053746041520321253 0.45571687666954080465 0.80532889786423189626 0.37916684267394901164
7.701497200102662255 -8.9640659594635270224 1.6967924643113450056 0.72156351394307649549 -0.0049941201700620411683 0.69233023486627887078 -0.62906560578937531503 -0.42239195344441060609 0.65258064733665632762 0.28917565416017970703 -0.90639952362563702692 -0.30792425141886631268
-7.2605711493954760982 5.6021742721300027412 -1.246778666689542403 0.41159247975720686386 -0.0077623604636222649777 -0.91133494192172004311 -0.80167316468211735625 -0.47871174368143504241 -0.35798771416107155741 -0.43348790944633208699 0.87793781796975334242 -0.20325702974907361442
-7.5393559298479448927 -6.7124560370773211915 4.3499686479460750732 -0.30375919759977748624 0.016166653009555664866 0.95261166757705029173 -0.47949772240488985897 -0.86659408594833464701 -0.1381905366074183128 0.82329355887318378393 -0.49875177145529558942 0.27098779748954210378
-6.8038847223845069223 4.5360207430732746303 -8.9435920655179490524 -0.99603957509508367352 -0.0051507429727132387695 0.088761673549793529414 -0.010839847632186894524 0.99790818450188467637 -0.063731883760065458078 -0.088247733953211268676 -0.06444164143719799398 -0.99401187734411222685
-6.5649474114395465207 3.4831554253501675333 -8.2596893594480782497 0.98670226163197283231 0.0030206057702910175944 0.16251006993760930275 0.10697073425703973459 -0.76484491137875332267 -0.63527122046442940917 0.1223760961253893137 0.64420737148738849154 -0.75499732027239863097
7.9622030113666859563 2.1311122514828180208 7.4912051433295721026 -0.014122366768183593905 -0.0024923286755810648667 -0.9998971682401264216 -0.090687313512299583262 -0.99587230601538523356 0.003763147579371458034 -0.99577927771400920332 0.090731132526521554582 0.013838051368012894982
1.0026695330498320846 5.8520926466139755462 -8.3113905850379836693 -0.38782055395021142186 -0.0038248607618965556332 -0.92172695977385687982 -0.71074010049076030704 -0.63548036564784093905 0.30168396449051188002 -0.5868932845828551681 0.77210755424107990752 0.24373386550787656812
3.9192143818409697076 -6.4564313889186610851 6.6926575002363657418 0.036212189983517731329 0.006045323087499990776 0.99932583843560796044 -0.10844933009144933078 0.99409979392499625561 -0.002083871556670514099 -0.99344220772985658563 -0.10830075616888321099 0.036654141839114293133
-4.7491437442098023425 4.4222114082726369233 0.64172048547415760922 -0.44139379116598903563 -0.0033338655908298486796 0.89730730881932507792 -0.62514061170206347562 0.71851933764139030991 -0.30484287269974730261 -0.64371634802976274159 -0.69549899121073721631 -0.31923410924230621877
8.3668864136371023932 -8.6532460783114348857 -0.17752374961313460711 -0.059413813729199849156 0.0037678092466024784568 0.99822632821986823082 0.73271938440504880141 0.67929187121297895935 0.041047014759248892646 -0.67793237306889297944 0.73385854039936948556 -0.043120067575634329904
-5.0971562665795842051 -6.561246300266445175 -5.6845486526547830408 0.069447097883100175619 0.0011065447820709011992 0.99758502201792775832 0.89426382470288612314 -0.44325791695150679184 -0.061762698188532805244 0.44211911565026523752 0.89639343740249799453 -0.031772518914955506786
8.6167379067840599305 1.2334574925661145883 -0.48608624369378827801 -0.99292113846665497334 -0.00037396772274406403849 0.11877488343074865673 -0.0080002330559699880164 0.99793463562649564746 -0.06373742454747148567 -0.11850573427870193799 -0.064236462893231482951 -0.99087338635073674009
4.5713597094463720438 7.9103554463516836393 -1.1928154796023058282 -0.829352276692036261 0.0065204796123017180406 -0.55868800281670794039 -0.5582809357875148093 -0.049576858518133246068 0.82816938595645084309 -0.022297934474829760737 0.99874902675541232799 0.044756939943040321972
-5.9467987387880265615 3.2871766958293133776 -1.3732900133091634487 -0.67074582896045076286 -0.0044526183247499129259 0.74167392236905260727 -0.6505500423800578691 -0.4767275227730985443 -0.59119836890000276863 0.35620875240726357358 -0.87903984165721649191 0.31686634641082694896
7.7795527332345111304 -4.231660529642305768 3.8736187436540903128 -0.23034520537849212385 -0.010485024121914128872 -0.97305249119893133525 0.69464417063902583749 0.69849642476331097463 -0.17196575470166372557 0.68147675129568119345 -0.71553672782178279199 -0.15361194153301346854
-3.6790165650295865163 -8.589137782833208945 -8.5106166290148799192 -0.92887747321748292961 -0.0016335943934970109485 0.3703835459605563929 0.24356417106197814082 0.75067159666267013751 0.61414057717956815896 -0.27903966442751021448 0.66067350887787812397 -0.69688405085999005628
-5.4229238611946062321 -5.4128222709704596483 -8.9233999791957607783 -0.98628196528664013876 0.0091213657495576756784 -0.16481712786348048927 0.13266841621164610077 0.63790983646284316055 -0.75859747685060252564 0.098219022038546391351 -0.77005703764781674447 -0.63036908433002902807
-2.1318186801267700048 -5.6611233608413318308 6.67136859035642793 0.76932435931818787811 -0.0030089409449280501811 -0.63885129446029331746 0.26985867897196746945 -0.90486534511734040276 0.32923396026113788126 -0.57906504258401136909 -0.42568727192629685074 -0.69532296307331509233
0.15188160681187912182 2.3315909347200856061 8.0424167707885576561 -0.91417143043051363183 0.00097845291035515008504 -0.40532658241806035493 -0.37119198751402360248 0.3996528783111363281 0.83814920226841438389 0.16281002484552234422 0.916666034871829849 -0.36498804956086100537
-7.3474968644752358671 -7.7425335493980123047 0.86272156459815696472 -0.99961150839397117096 0.00068140736363649415629 0.02786338045225238147 -0.026164673860066333527 -0.36742742494660179942 -0.92968408464302387806 0.0096042765487465934365 -0.93005194644211830468 0.36730251127768720476
4.5047526707376777111 2.4693634422931145522 -2.8249123236262922987 0.99838802486977884509 0.0032755836307495657389 -0.056662353890383466981 0.038870256117702693677 0.68800436925081831507 0.72466481291761597472 0.041357647247551143632 -0.72569915146936536665 0.68676800054356934577
4.5488285209040189017 1.2195472688549746643 7.9016247055954274003 -0.57604139922978514488 0.012576837254209145486 -0.81732376053678423844 -0.13565965653612388486 0.98454473699430111733 0.11076153865538475307 0.80608483670272046417 0.17468109234108122885 -0.56543235848039563596
-3.3064942073474790085 4.4643407250237689965 -6.9669483571027921442 0.99292574411898748554 0.0027211967825867696379 -0.11870577809900514921 0.023374146737113420808 -0.98465441096071415483 0.172943170550134806 -0.11641355561256404305 -0.17449437258464747802 -0.97775231935600481759
-0.85320543221511835341 -8.7662761581327757199 3.4636683101342136126 0.80994213841798723408 -0.0073115646816922577611 -0.58646421326179831723 -0.09889830755968648246 0.98390167865408562076 -0.14885097078492720568 0.57811145739958491596 0.17856099171891620658 0.79618032822926965153
7.560806230069124112 6.9722094496341355807 -2.6309021476628222658 0.56774135457650687364 -0.004312568233447457676 -0.82319569730338870706 -0.017103996612014307072 -0.99983220662641991705 -0.006558345251059834527 -0.82302928720883650193 0.017803380234348315653 -0.56771985349170295265
2.6385131960930565675 0.27907668285032560807 -4.9200657668263243494 0.65531695785175136937 0.0043931100322085313986 0.75534123767764516089 0.25137752475218938519 0.94171511117051387441 -0.22356652129103063431 -0.71229840993889315115 0.33638274328056166906 0.6160175526893516551
-2.6571343360296055813 -2.0439823732078639118 7.3507397836835108862 -0.97315882269657305592 -0.0047437154715629648027 -0.23008564268874312497 -0.17622697405532763981 0.65835490304427790598 0.73178745223778585149 0.14800661952500024365 0.75269271206855759004 -0.64151985298624003562
-3.3606686822701563599 -8.7674206146110176263 -6.0834668076005060655 -0.94408161053075778657 -0.00340708914708913891 -0.32969425897532145253 -0.32969391947230475282 -0.00067697343363383802317 0.94408763426387032336 -0.0034397849869489873637 0.99999396670702977996 -0.00048417840553630769884
2.1944702686968686756 2.4167676735521803622 -6.75009235676001218 -0.97238639150094319241 -0.0039373955614697836447 -0.23334352902945670882 -0.16642173959748096657 0.71265797846932832371 0.68148544394879295716 0.163610849924721663 0.70150060772656941399 -0.69363418827676759371
2.3597384761282191867 -5.5442322761941582598 -2.0600645357970028826 -0.86704249896533891473 -0.011562075043359716642 0.49810001345995735811 0.47136061000327317272 -0.34293275770504000333 0.81253695240894385776 0.16142019800944931718 0.93928879590552027956 0.30278718196270454355
7.159814345046518369 -1.0999118850319229423 8.3585082400222709964 0.42301752797961400532 -0.00093628553916073875823 0.90612101531286393108 0.38057851663438357903 0.90770338124564986515 -0.17673303129794520894 -0.82232363683567222257 0.41961136191091696901 0.38433077063489939906
6.608642321701968747 2.5068556811299962384 5.2918789226541136372 0.28499804961497632316 -0.0045519106044520423957 0.9585172882247144921 0.092596433185763202256 -0.99518105231480469275 -0.032257924217330542771 0.95404507874451682792 0.097948727523012535379 -0.28320316823736690903
8.3982280166599139193 -8.0766618272028480874 -6.0476855035613112932 -0.69763221119195772957 -0.003899256301394304295 0.71644545759463884593 0.71244470269242776705 0.10189431706003969358 0.69429107279021939902 -0.07570893945289521032 0.99478758735281302972 -0.068306753222054095165
-1.4652606153704215153 -4.3559437102143583331 -8.8794625252956418393 -0.98761818665009337703 0.014468107037719370178 -0.15620816648550217565 0.11034713295663302335 -0.64369625952125342216 -0.75728372207932759252 -0.11150707442229930433 -0.76514429969574992985 0.63412961845098780866
7.9642641035280012929 -1.1491349403727455503 2.5903804978739963794 0.98657233309897873763 -0.0078738732358369298292 -0.16313501673070426867 0.14843718107233708214 -0.37342011366382193982 0.91570946374178519012 -0.06812807672870963005 -0.92762892410241193364 -0.36723717721643406309
-1.8567084267401732234 -7.6925423922363274087 -3.9143444518321479642 0.52289027437206603288 0.01100381583997413204 0.85232897228929960232 -0.66359853620029440879 0.63283982851378561829 0.39893700530215309152 -0.53499789132301811545 -0.77420453853189075133 0.33820790764921015992
5.7038048781227512762 3.2696213452066524852 5.4735318883336061546 0.42340169589667431271 0.0010564369054949012891 0.9059414373195383563 0.7692505991432025958 -0.52862404403239993123 -0.35890128975609875139 0.47852326968471731172 0.84885540818893767678 -0.22463298145756246949
-3.2132588652313121003 4.2759838257170352804 2.5874855150924886971 -0.98500825745117792653 0.0054948069300142215327 -0.17241966201648362134 -0.16387705068360886029 -0.34198127827771018783 0.92530703961808258295 -0.053879912883002242796 0.93969070039270996553 0.33775485575112668135
