1125 17.292696884352682929 17.968806560800352656 18.477561601407678893
-5.3197752273141789559 8.5789001930286961084 -2.9594059731776152233 -0.39834937918445584293 0.0058242290973797815334 0.91721526942084841139 -0.73921640916032993474 0.58997492749388780187 -0.32479021745848918323 -0.54302566470805080368 -0.80740055937814392273 -0.23071078038225448226
0.7915842417996363789 2.8384260975521846682 -2.5206406962557932339 0.99874077143005934865 -0.0087160004215605033084 -0.049405493823381503582 0.0079191207215287273691 0.99983574880843784083 -0.016302237004686821048 0.049539469216665514562 0.015890460692296427131 0.99864575012794454256
4.1855777681673549395 8.560708446926973636 3.6277858267390548086 0.90062427800613853446 -0.0050075684784826905369 -0.43456971146631379055 -0.31484236860996966945 0.68177004282478603781 -0.66035133954187852368 0.29958336534939428164 0.7315494056895822661 0.61244205786479388731
4.3475826275725317771 3.9959148103024748622 7.4463674389920493368 -0.40222342051142023767 0.014286778604097587902 0.91543006720857977854 0.18073292730894063851 0.98144159060431446218 0.064093784555664654046 -0.89752544753820795442 0.19122837705050757529 -0.39734088492394492587
-3.9022052671012650293 -8.6826521395742854992 7.5411639353072681402 0.55793286120318330568 0.0014025642651336097527 0.82988490479292997826 -0.32281006726190342171 0.9216111747215226524 0.21546810228749280203 -0.76452899412899488762 -0.38811193674306004864 0.51464992149393018472
-2.9297835164767764837 -8.7695488257194558201 -0.81195142583177493112 -0.95747229524700649961 -0.00096090316413352441088 -0.28852362208206394634 -0.28016761861462469163 -0.23584619851141019886 0.93052817051800806869 -0.068941346912101242328 0.97178991933055502983 0.22554698706290687849
5.192494972712109913 1.9440621911913280595 0.28365451522094198289 -0.68937112443604697809 0.012351483591309917603 0.72430303992649958111 -0.62276084868938896832 0.50065047047096433719 -0.60126369569146509431 -0.37004915637436269771 -0.86556140583461760318 -0.33744195737430260351
5.4427987520247906872 -1.7115349210280148551 3.1758256859831011099 0.79257083202251599197 -0.0096995841911418374109 0.60970270976419971287 -0.4631722210209830437 0.64076387793452327379 0.6122851838880837283 -0.39661438438592611089 -0.76767673587311313632 0.50335818191163461677
-4.309049309420744045 -0.30671702595953642678 5.961604563746327301 -0.022881492492263011407 0.0026703742457779133107 -0.99973461798749818641 0.61179922176817502777 -0.7908489226278209161 -0.01611501853105639856 -0.7906820786796662226 -0.61200559693515321769 0.016462070800204876841
-4.0973613143672569237 -6.1601978428336883198 6.8144145279801788817 0.76299118857039005537 0.0072870460861521515333 -0.64636780947333860592 -0.54454800328222008332 -0.53154073889903841188 -0.64879265949314857131 -0.34829860505809268068 0.84700138243696343476 -0.40159275375020331289
-0.67738969889611622133 4.2226757279717235249 0.12475269885831589967 -0.29904478358991809506 -3.6396224037724524483e-05 0.95423907700489285499 0.90649045143259221469 -0.31237763463505180406 0.28406913743179662557 0.29807260670713336959 0.94995800541671293615 0.093447894977405465688
-0.80073901118664081444 -8.2246112221011618004 8.6509001657025930143 0.56958019811490190332 -0.0050015461353456261429 -0.82192054509620537939 -0.31275467965441688944 0.92344090746653273438 -0.22235422364279988638 0.76010716893708496489 0.38370805953708225777 0.52440939806303688009
0.79674713227817595129 2.8772627655919915668 -8.2069884651127349429 -0.89319401939082365693 0.016243956264318126781 -0.44937798968068176642 -0.32330419881330224596 0.67138010250637270016 0.66687566531447506346 0.31253613991697393182 0.74093514685408157217 -0.59442095303108843929
-8.550326872731979222 6.475407749364301857 1.9129974668287093031 -0.039880295158643316866 -0.0036773125686203958495 0.99919769787085155333 -0.32580375121605054112 -0.94529373340641575929 -0.016482514245506708905 0.94459593358838567223 -0.32619968570593338431 0.036500510870424378307
-4.1235596106597123267 2.9734436718194414695 -3.217849607098984599 -0.99972963217199073416 0.0069659928740814424861 -0.022184172295115364704 -0.023195709377643695948 -0.3652126479812120019 0.93063509541674149794 -0.0016191428642810881677 0.93089805924041524321 0.36527548737706566628
-6.8230188437143466373 4.9774240342842501761 -8.2997027657382229648 0.95015794910440964927 -0.0030636436043173492089 -0.31175388665008624267 0.056656534979704471777 -0.98160496778281691732 0.18232313146752454625 -0.30657773695708329109 -0.19089866765365262613 -0.93250618758814840525
-4.0971719136530024841 3.9512628805288043665 -3.9921530404854026486 -0.99707714173254735623 -0.0029688542922215004072 0.07634369219834040432 0.070697373514868849798 -0.41470104444960104173 0.90720721178246876981 0.028966442867231025071 0.90995287220607457002 0.41369882227418264264
4.1420945615454236588 -8.1475144844820643897 8.7510001412729927495 0.17378338490542116768 0.0035021380650347867097 0.98477767549835593108 -0.81107051473326419178 -0.56665482305092007564 0.14514451985360388164 0.55853733560172513783 -0.82394784212483374031 -0.095634712299809118696
-1.6495555348384676186 -1.4970284079400162369 8.6147884725984109622 0.51507495035175654419 -0.0092536400672805860929 -0.85709519055088367878 -0.82111602413035755799 0.28153761727644904811 -0.49649274413049643284 0.24589890287699900373 0.95950557069962971735 0.13741466210015332305
-8.504394289030360099 -7.1817766633863779902 5.3171708969838338277 -0.73896942599967962995 0.004379663045205286348 0.67372472567752805794 0.6531883918560251745 -0.24043794572779331187 0.71800732517081999884 0.16513361917612964791 0.97065463106402460891 0.17481554568164431318
-8.355243538897186184 -8.3142970190319758217 4.1457327732632913708 -0.56762818855216023994 -0.0032248466499929400765 0.82327871339229619085 0.3512562063353446562 -0.90535756267148137511 0.23863520533317622574 0.74459204741374385161 0.42463782695093221786 0.51503922069160790187
3.5183369359287168798 1.8086171013011675957 0.055711236931860239063 -0.79702127433714309301 -0.0071675809080227964945 0.60390869677289105155 0.11043305791129860716 -0.9848009768650510809 0.13405810563425826776 0.59376900220076356263 0.17353864627173309909 0.78569886742688188619
1.8606393118073376591 -6.0504487463603675579 -2.6740537902385925761 -0.72653856641085623469 -0.0036671476899145273587 -0.68711590255622057022 -0.62096167369208066233 0.43164523283100780793 0.6542851005332785963 0.2941909436457317284 0.9020359998371508814 -0.31588406682650471691
1.9100873162612159728 -8.1874622756306116855 6.8523339359363593104 0.97704132029688561811 -0.00086197272180513727358 -0.21304815285676029224 -0.035997523567061810723 0.9849464409958823552 -0.16907006437207580674 0.20998675370059038947 0.17285764482010218535 0.96230234224882860161
-0.25072378456671584601 0.47014186935947815948 2.0814223679177548121 0.9886358956171268364 -0.007173312844661393177 -0.15015861440576944164 -0.08507585692708870273 0.79681801921616712825 -0.59819991877338851705 0.12394016485998239629 0.60417678525025797498 0.78715262033447419565
6.9344175226019801883 -8.4795202135959168999 4.9801849180740314083 -0.011757597788403555822 0.0045381418135141413442 0.99992057892767771676 0.5601600785871843069 -0.82831977329043959823 0.010345991188998879609 0.82830093882107513892 0.56023723407613035263 0.0071969648597736898821
-6.4112466868605366699 -1.4600581428429593167 -6.2002919436788666019 0.90171824089259666746 0.0064939701931358770337 0.43227542422936487965 0.36625973014489282553 0.51975885591954784637 -0.77181898251302683001 -0.22969114940656912283 0.85428833542549686975 0.46629756147772571939
-4.8725099588126878913 6.1545669088685075465 7.5295226745445091865 0.39477902844885132128 0.0012670071251909482187 0.91877522462799010583 -0.80089463999822918527 -0.48956969359710061918 0.34480326380877435177 0.45024137339781689082 -0.87196325026003085323 -0.19225710878086707534
-5.6820225875877667931 -1.8133031230773806186 3.4455047051149412241 -0.4822867732823904463 0.011665982538343765487 -0.87593571291940253154 -0.81752854433202670759 -0.36522207108190468672 0.44526387456955479616 -0.31471661462143429855 0.93084732563717820231 0.18567904791639647244
-1.9417244872497654296 -4.5251846348482853699 3.5962935774237125841 0.16854271938411150011 0.00065468231239178276137 -0.98569413264659411222 0.97582711161497914798 0.1410297842063299445 0.16694923840495007328 0.1391215295341060032 -0.99000513703609027694 0.023130686594353709606
-6.9418575127637156541 -1.5919726344322888689 3.5154115680734019378 0.53338181097096448724 -0.0055005583617724358031 0.84585671811647822338 -0.82903961232319356434 -0.20191180785343473825 0.52146422988391516462 0.16792011470980125476 -0.97938826096046271985 -0.11225626650103627535
5.1680814333290037155 6.2228812826658703727 1.1054160694272205934 -0.11419324152862123101 0.014542883031166678118 0.99335210682931196491 -0.97191446225576694218 -0.20874025864787829065 -0.10867282308655151768 0.20577215955307912032 -0.97786298067406574042 0.03797116511337265965
-1.0383963687420092459 6.2419476749953943795 3.4024552977787982933 -0.61099882787206383217 -0.001353869893934208507 0.79163034263149767433 0.65737103544986830173 -0.55803415685995971796 0.50641998531724818911 0.4410711440232689684 0.82981687546920734899 0.34184821060832415451
-2.5947006655402704567 -3.6694413970318628948 -5.7397034200537753179 -0.47470765175099399746 -0.011894818553225525865 -0.88006315606365037585 -0.87976024200942082309 0.035919210343000787522 0.47405878001358625617 0.025972330446114196001 0.99928390541416356463 -0.027515712443668786935
-4.2910859824388474237 -8.1066905256537804547 -8.1409141263721398474 0.26252117396915825021 0.0046321364033995631251 0.96491511363933135659 -0.8062941265881148345 0.55038230500165830072 0.2167235561031229385 -0.53006831130206644165 -0.83489991115889605755 0.14822187321651353331
-2.0751557869374361864 -3.7928577394286611124 -3.4396527438271107258 -0.82995507099317911148 -0.0043874569352935453848 0.55781298869288153952 0.4853882094527378066 0.48711626630207954802 0.72602756781554322885 -0.27490519503456700701 0.87332610938026722369 -0.4021549955147242783
2.7635195092283129092 7.482314011780672125 0.80437813601316976442 -0.99998535106193298105 -0.0054056409334854883114 -0.00027696236870912438466 0.0024742938919948484489 -0.41100974634173226274 -0.91162759188268283062 0.0048140971937926683652 -0.91161492279277289708 0.41101710062959784242
6.3842701837541309118 -2.7410837744350904366 3.6549339063236683245 0.9882801514610127791 0.0029342925881601523291 0.15262284283521582173 -0.13983872016912937686 -0.38354667315824453322 0.91287298232050884117 0.061216620043398464746 -0.92351683224294267571 -0.37864123652110920348
-5.185890049587177586 -4.017426084659104113 -2.5909724461763232739 0.70524509293967052592 0.013556601344448866719 0.70883395618769184932 0.16509307378947141176 -0.97547147434929115661 -0.14560109792549152941 0.68947344827144474433 0.21970803647195286112 -0.69018457157368051647
-1.1354729789995328115 -8.2470606901382925713 1.5118878537935047657 -0.028892354985028033398 -0.011174276468690206784 0.99952006851736463489 0.87532748496050161169 -0.48312082589148153122 0.019901298006869946877 0.48266657839128479512 0.87548238310955084351 0.02373964971999459328
1.6937818004998905774 -6.175534118448982035 9.076047571180209772 0.98785216870683312251 0.00065039223905124805142 -0.15539520510984197732 -0.13339117332666133864 -0.50944073926395017082 -0.85010406895702572694 -0.079717549257926442752 0.86050549688419186722 -0.50316538252560949473
4.3939014037745405261 2.7837860511664334062 -2.182133317409852058 0.65708288948872073387 0.004884813035152950865 0.75380250393771008888 0.392358844422557973 -0.85606289704890459191 -0.33646820577834035682 0.64365877104603641534 0.51684858024163926604 -0.56442088157459879838
-6.0114475518620436034 2.8264874868621792103 1.4386865706568545686 0.93421890717540845284 -0.013119791466970568555 -0.35645883990713117528 -0.21566004536637883859 -0.81676706258739018018 -0.53514699878158900059 -0.28412282257621584991 0.5768183739655775577 -0.76586864745017257938
-6.740659863569397281 2.9906944179403800455 -1.8414656259333135324 -0.39624580367304335082 0.0059253712521693951976 0.91812534713228710626 -0.75062889208052796519 -0.57793646856300806558 -0.32022758263297729231 0.52872065350757657676 -0.81606024794771736541 0.23345265531585063234
0.80728193743353937606 1.7532029695458519747 9.1358773212957373744 -0.97981083392708723245 0.001599307769380178823 -0.19992041399917673261 0.18994287147397131976 0.31949768659990185338 -0.92835496111851212309 0.062389384474735673503 -0.947585706135230188 -0.31335107185544336383
-8.4960567551439307721 -8.2772776653583441941 -5.5486386227946313809 -0.044280658234895790837 -0.0031247746402121795786 -0.99901424368705116219 0.92397442282426023308 0.38012522623148842227 -0.042143544567213073182 0.37988220446936710184 -0.92492975309785963045 -0.013944983384778904256
-1.071216424182694027 -7.2162069993841173599 6.5434185174113164152 0.75085745402017856076 -0.014090514147054505889 -0.66031397164808069977 0.57963713599387012287 -0.46518802624420008129 0.66904475994962397944 -0.31659733782747156994 -0.88509974446387007507 -0.34112251176147578846
6.5532267031470423646 -8.1319124242160931715 -3.7809336751430353551 0.43977305326635124372 -0.0025691491514922282224 0.89810526170024296277 -0.3834536036217716104 -0.90480550434956841244 0.18517649194268087642 0.81213483824440291237 -0.42581733028557838816 -0.39889422876036678689
2.982004644137303373 -6.1173208198936048774 -4.685065592210150065 0.65508725045313931368 0.0014125003858895760628 0.75555191690338829869 -0.71019281521104860033 -0.34012196275981265714 0.61639534040331434017 0.25785045960031011125 -0.94038027164071735786 -0.22180641377751014742
0.41847718479461265551 8.6137013286692400982 7.4032592234609850834 -0.38141063354463183854 0.00079722036355451674633 0.92440537269020883748 0.74452829493106387204 -0.59244899049606480901 0.30770409764412059994 0.54790833783233339194 0.80560757078103240048 0.22537279169014481917
-1.7157527620083947717 -8.2914021719278441225 5.1601094892615275711 0.2288522914054991475 0.0089575566535195841333 -0.97341994580827784223 0.79879586501547261701 -0.57324564971031155558 0.18252285096008907805 -0.55637379049771540362 -0.81933460031114957456 -0.13834383968996405434
-6.2826097785605243828 0.579793191497135596 -1.0414649660794035313 0.8278394434897685672 -0.0014042278031909122965 0.5609633534795449572 0.25077570456435221979 0.89543590449538001952 -0.36783975715013234042 -0.50179019699779936481 0.4451882400561275599 0.74162930707514163053
-2.4815667636435851939 -4.9132099942930516079 -4.4379083429133139305 -0.80471144126156624043 -0.0012971043408884150305 0.59366473183369528055 -0.36377703719032022933 -0.78918696701675572491 -0.49482340112824457767 0.46915430672226832165 -0.61415164952266310117 0.63459592487884219913
2.9890660923821483763 -1.6855083604822960197 7.0443535341386969151 -0.8044055768974324172 -0.00026093271073126741988 0.59408046573718598093 -0.025610929235668138809 0.99908545822483496579 -0.034239267915639672035 -0.59352822018844964003 -0.04275721082846736798 -0.80367659712224004398
3.6005496999496582333 8.6852796251751005485 -5.8957701064681931058 0.65425140390646752131 0.0017972958480017360745 0.7562749964225532473 -0.61698610732750347463 -0.57703563429556303799 0.53512430342641037484 0.43735939895130959698 -0.81671699289355914608 -0.37641746727320235522
-3.5166166563090794916 -2.6250077063179246828 4.8261007857233488849 -0.7035591999526917828 -0.0057980053404576179996 0.71061299966733082467 -0.66554378910768374755 -0.34515749082562774408 -0.66175355783448741587 0.24911025057552452222 -0.93852687210359264647 0.23897990165942967211
-2.7110819888976900316 -3.7078159975260174264 -1.6290146932537536983 0.87216448311383987235 0.0078733312385414356421 -0.48914938929750345631 0.43547835105926746557 0.44309139324693797013 0.78359978495999726977 0.22290742507512015247 -0.89644187089058202655 0.38301991065818302706
2.5617129617670348907 8.7619805974617825939 -3.9632020948694708373 -0.99883655611142763142 -0.0070980504677350571285 -0.047698551917272652423 -0.014484317973050699069 -0.89928031603717584197 0.43713283761444704512 -0.045997159785201705007 0.43731513907867364255 0.89813124342957950663
-0.48082165867848941643 -2.6633408456625149441 4.309687580949054464 0.79697573945476796187 -0.0013275107653426152995 0.60400985789597827491 -0.42995372998339653758 -0.70359636056622354428 0.56576669349763131223 0.42422807638536336183 -0.71059862025834041876 -0.56131999794502318579
-5.5765383949091331672 -0.50486500517538468458 3.2088649865540275208 -0.49856057828425037748 0.010663616226940852288 -0.86678926912471110366 -0.4574406598178671346 -0.85260199142841919251 0.25262202389723137363 -0.73633239269118644366 0.52245203751308955109 0.42995171353577232853
-4.461349598995307808 5.1884562479540070612 6.8411829134494972493 -0.4605769981408726621 -0.0020593345706117461257 -0.88761736571849625399 0.32951601602639740696 -0.92893291413142287105 -0.16882783012667354483 -0.82418931318356825066 -0.37024235330971888569 0.42852371678832096302
4.4553937820853599661 -6.0272922761016367588 4.3064236880737611912 0.38602275428918292333 -0.0029884594580888955428 0.92248441844887807406 0.69307315387918566607 -0.65900922782396476052 -0.29215824652887623092 0.60879884735686917718 0.75212891631209388699 -0.25232133620467295243
0.34117175926514359263 7.2043786234762059451 -2.4225669153548650137 -0.97147126431506614086 -0.012032952035217283487 -0.23685183274565435596 -0.2367315184216702284 0.10902042557360462627 0.96543914100968664105 0.014204604727066590109 0.99396667694307327956 -0.10875878967460159141
-0.10245641873065763905 -5.8744335445447770638 4.1250199839860570705 -0.07967089192215350002 -0.0036899369813849667785 -0.99681439262537108181 -0.83140734619926470739 0.55191800642362642826 0.064407599483607733126 0.54992215236901986763 0.83389021972346744072 -0.047039640552912737048
2.4368410876895896244 6.3477489903205119859 4.1432808775101994669 0.97245709243387723486 0.0033024731551473023375 0.2330585699909343278 -0.23256598227800293066 -0.052747954131321189708 0.9711491735165427297 0.015500556834975040901 -0.99860239685565477252 -0.050527079193000541679
2.0171096094732914317 3.8304436578271161551 5.1570019376044973214 0.9987775483501390994 0.0049411306325330148562 -0.049183270933258575741 -0.049393700589079672647 0.13833135260229081909 -0.98915352662227795655 0.0019160516028941722982 0.99037367802009557138 0.13840630993901606449
-1.6787848461924852472 -3.9209028394014140417 -7.259548177674876257 0.10188115407721179406 -0.0082480000834344799343 0.99476238415943918358 -0.19360336328368338288 0.98068139396658304818 0.027959636136937984774 -0.97577557264422098982 -0.19543790323880294579 0.098316111642903200596
-2.9335482904216991784 7.3600705978870557544 -3.99757564100647933 -0.58988522993555037033 0.00089660342503482953758 0.80748660150264461866 0.46256608628627043922 -0.81928701753285226861 0.33882355101161459876 0.66186707979909198407 0.57338292528172229989 0.48287057238331954068
-6.3469035478286111029 -3.8225480480633562408 -6.3336897195620815992 -0.7628164801642373094 0.0065010394219034775554 0.64658236449504957744 0.085757210533679462117 0.99213335710965688818 0.091198149933719760418 -0.64090304916656781753 0.12501655168935987827 -0.75737318633051886607
2.2013127073791034505 4.0473584373489321919 3.0501909302697574056 -0.62384391820625151315 -0.0032110355169419797783 -0.78154235647708092394 -0.37908166812225319031 -0.87324197699069716627 0.30617893218621561324 -0.68345874389790128856 0.48727624492881516094 0.5435494517680073967
-6.5495197053496800876 -6.0293911123794705631 -3.2414121341105799345 0.72785186029910897698 -0.01029214116596861156 -0.68565716016802846777 0.51431485834448753547 0.66953351423148399491 0.53591519833585987698 0.45355473313078936703 -0.74271053927591257349 0.49261461499164377331
-0.21878621565311001662 -5.0861890360897206165 -5.6155938743360422905 0.55939002258319681093 -0.0040080928443551114282 0.82889488949203071755 0.34057384592313361127 -0.91057093327584492926 -0.23424352914415799698 0.75570646292541288069 0.41333341343826440761 -0.50799924333402635135
7.434818519085734323 -5.1357979807793716631 -0.66262247303026966527 -0.77451490347086437982 0.003323473877176153727 -0.6325469301344598394 0.15907284964135656735 -0.96682671800301844822 -0.19985476192075660173 -0.61222748452541686515 -0.25541153434568120151 0.74829302770691286106
-7.7563570483907096076 6.1789311072006576353 6.0374049275623216104 -0.88568516691353493808 -0.0080533582961326774519 -0.46421646731878279946 -0.37374468679037636809 0.60556936425228169441 0.70256718837080822659 0.27545724569463231335 0.7957517756809026066 -0.53935370332955323569
-3.8685778398307522075 8.401382443831822755 8.767493889112119021 -0.51059350085983645773 -0.011883990251335397464 -0.85974010471513884202 0.68451745606297653701 0.59946914057699696166 -0.41481634712335230253 0.52031733511854394436 -0.800309640246390952 -0.2979502483699670301
-3.7120501785900557046 -7.5705846080690353261 -1.5565106902263041722 0.41854023847596943941 -0.00032989883038737552456 0.90819819419726677268 -0.85588980210353537981 -0.33461959332499457975 0.39431253393498388871 0.30377082715698094928 -0.9423532346895477918 -0.14033412143355636359
-3.2912174259247364283 6.2347999859966112268 -8.4961817709178308888 0.14220573510891801328 -0.0075958788462665962141 0.98980797709772094795 -0.48103358682576108363 0.87341806023724255503 0.07581279837148141576 -0.86509202819577546428 -0.48691189621537867005 0.12055118446696956591
0.94941473674897114421 -1.6138185365473862731 5.1620079280458268656 -0.58535004104885257625 -0.00037977401040594979675 0.81078060239235261175 -0.80542210971857175483 -0.11450847332024616243 -0.58153506748456240683 0.093062100882300449745 -0.99342219892136596204 0.066721661173790372534
1.996924050379741189 7.3803210377489536498 5.6898167758297413243 -0.87316183912722433735 -0.00067571029839172229436 0.48742993969171588553 0.32317344134810488399 0.74780327280791514255 0.57995619833298828194 -0.36489358654169834484 0.66392003177597846975 -0.65273490936772837756
8.0822880735847171252 5.1528475768831087933 -7.706619826168352283 0.59712365607136907997 -0.012374828314019949843 0.80205374070823720611 0.74499432847246438438 0.37922350909744484415 -0.548792292849969221 -0.29736642363217397067 0.92522234828820071328 0.2356625051303613827
-5.7105841185575236807 -2.8143887668526614831 8.6109076721496240481 -0.85835944651820983431 -0.0060101502195842723339 -0.51301358526592022447 0.35662941317905949568 -0.72583602729469864911 -0.58819854057705012185 -0.3688285810898335737 -0.68784150759872131342 0.62517160699740093044
-8.4871796311458265194 4.0871873310497264242 3.4396816241663064062 -0.88474748532048386185 -0.0025028762092678940449 -0.46606396860281323891 0.30348544943542599128 0.75583783196631604273 -0.58017734680839883055 0.35372089166487702405 -0.654754081605618099 -0.66796603463090309383
6.047544509162890769 1.7402269827927976387 -4.7574671119358038496 0.89782902597674585365 -0.0070311717607769962102 0.44028809061488766163 0.21518372607191293966 -0.86535095189399546811 -0.45261870718072688691 0.38418615819359136498 0.50111704489063579882 -0.77542420852887172789
-5.5992424387552226506 8.5237070606029163855 -7.6686346485443142029 -0.7718997146695540934 0.0012924420888675665006 0.63574299845652049168 -0.49125460558301742298 -0.63595398596976204786 -0.59517345389577624992 0.40353406669876168422 -0.77172589520002365937 0.49152761844173026295
-0.98268311169292588136 -2.5767609812404024261 1.1458190384545876572 -0.9865019221766231361 -0.01080096714551810784 -0.1633930740591434394 0.14913488718702302971 -0.4713229853184977558 -0.86926027686433882113 -0.0676220597546167701 -0.88189454166532021961 0.46657183199968549348
0.18656079471997166763 2.981893128197824705 -7.0344131779330014709 -0.76464063273507942853 -0.00038399097782995357878 -0.64445679088778429211 -0.62122291925778627686 0.2665299588318637003 0.73691510069589227783 0.17148407319406991367 0.96382655783893578239 -0.2040381803603531774
-2.5224999314761675784 -7.332622439250937596 -4.4176810484936943624 -0.67934102395380646655 0.0021301309079389844567 -0.73381962069410977545 0.34495287184855738527 -0.8816949316363013045 -0.32190303467117892255 -0.64769073590488634995 -0.47181512276449766308 0.59823674289849659846
-7.6346720044100733205 4.9913911790411278346 -0.53278284577299683811 0.63743054059554216106 -0.0015675946673928279132 -0.77050622876334384781 -0.32275088833742865413 0.90749615245961090526 -0.26885423066886598997 0.69965289250717366265 0.42005746739959975988 0.57795982047926997005
0.82685959511244688791 -4.9611253239878045918 -0.068337398064382381957 -0.96581287507212898458 0.010850870720568478456 -0.25901302853205654397 0.13219290263129315766 -0.83885143855581956185 -0.52806562142116308944 -0.22300342337863013342 -0.54425226011256433445 0.80873911153316269118
3.1390289052035469375 -8.1344781630007325646 -5.2721469120198909408 0.73861939137513199505 0.0038049604212210116558 0.67411194690582465494 0.66592888227063251616 0.1513198351520559648 -0.73050737932445974909 -0.10478606034555346116 0.98847753123964166022 0.10923393150249570416
7.3217270890874388556 -1.4815108643247743014 -2.4545600994207603662 -0.94973817901532575636 -0.0095631974180828728527 -0.31289924348852188318 0.077630032789465647225 -0.97550700606825702099 -0.20581462319489238211 -0.30326715834344775136 -0.21976038397963512661 0.92721863888916566943
-5.4897909962244773041 -7.4136004469094940461 -1.0665133527841146321 0.004034494333060288998 -0.00012919738812750122467 -0.99999185304866200497 -0.41062596924498862005 0.91180215210554160787 -0.0017744850590111003845 0.91179495295658830045 0.4106297830450593711 0.0036256088127242592015
2.2182759697150071787 -1.8366029791232576507 -5.9925114503277061573 0.1380291446274969358 -0.016383138890813605387 -0.99029265774984953641 0.82697751782834738599 -0.54831421016343362407 0.12433708995961159638 -0.5450285682788873487 -0.83611190620225905867 -0.062134853881825755084
6.284860443793957252 0.5602988107018379571 6.9555159325263762327 0.84792843717481292121 0.004658027602095219516 0.53009024534451376631 -0.073467363920239656117 -0.98927921231583815231 0.1262108811411968845 0.52499515413881137071 -0.1459621281657452474 -0.83849576341955700531
2.9678200031012833549 -0.51908267261324791964 -8.7611623374421192523 0.99278074291361873005 0.0025226276475682242462 0.11991677467875073992 -0.08807581246326619262 -0.66332949447342082205 0.74312625644676377767 0.081418964366728324711 -0.74832320431182186571 -0.65831856584019932122
6.6039832485366378734 6.0843936991046039253 7.3207797937832559398 0.80636179951112885167 0.0016512628532727772167 0.5914202580404813725 0.58502745097874675473 0.14443281950970746075 -0.79804889715479754297 -0.086738283882810685022 0.98951323082585795898 0.11549907415033767999
-4.733438380635010212 -4.8993576384085741893 -3.3163168093838906181 -0.72702611472746547783 -0.00028209656399254268155 -0.68660975009531755031 0.35932902746560918539 0.85196877385886593537 -0.38083048511135003666 0.58507749787949392406 -0.52359252171044656787 -0.61930218204356501932
-2.0993724302490792688 5.3570714139831610012 -4.9995414395743145164 -0.74449915648519959799 0.0039022555999796669501 0.667611996891921744 -0.66039002393466772478 -0.15110673482909581233 -0.73556221421230816304 0.098010317213535286252 -0.98850975062983315045 0.1150758472885540229
-2.3716473065096939088 2.0371621357373834726 5.7412258378819265303 -0.83080125262840587297 0.0026146226476482913731 -0.55656306235622754475 -0.55103728738965951361 0.13677516057944075212 0.82319527656246604952 0.078276347239900567754 0.99059866706793686664 -0.11219222016653060403
-6.9396618132021368197 6.2513582989004587986 2.7256907107336045826 -0.46518416320090272276 0.0050170727005846033758 -0.88519970813844373048 0.33448457409654813732 0.92684518059462062123 -0.17052296296946736764 0.81958755724958609612 -0.37541022920260608275 -0.43283183317705481441
5.4436941619439789264 4.2449643311820626224 -5.9469705243403803152 -0.65987878468259597575 -0.0069759598827840042096 -0.7513396871650439568 0.19666394998660499671 0.96349333632102229785 -0.18166970479682012507 0.72517810246954983455 -0.26764141467462659874 -0.6344168919955066599
-1.7054295021050438486 4.181404248603505458 -0.45984030898826044886 0.37443551638982347507 0.0028398450562972851058 -0.92724860708775092011 0.31047803186964473277 -0.94265584095278598387 0.12248819226348092726 -0.87372846799919112737 -0.33375425210443376844 -0.35384553608891905485
-2.187733799203656293 5.1175414026506400589 2.307646415869605061 -0.11997220702589445063 0.0035408374485542109394 0.99277093632493551567 0.6911089429892280922 0.71820230060974099562 0.080956064126537552461 -0.71272371818363078333 0.69582535011942336922 -0.088611419521550785494
7.7997493856601041173 -3.9256398925226081431 -5.1778415383740989952 0.42834175331003054854 -0.0046330727300024944493 0.90360493414347520247 0.74182619930094229055 -0.56918644408823326764 -0.3545711238907139351 0.51596243313041378897 0.82219543084571189429 -0.24036938468655669188
-7.1434125730780211327 -8.2307470498379728951 1.1506767771723429572 0.6347158112355293369 0.008692863232787086808 -0.77269675364704137888 0.66846612001677740977 0.49547175769703660775 0.55467178016775409155 0.38767110462014270356 -0.86858054977836351984 0.30867287407388799281
-2.5439616962448199367 6.3353712073541927907 1.6670242495112772563 -0.64734393016248237274 -0.0056589591923211033514 -0.76217702160498168595 0.45312220885301984774 -0.80693510175282201491 -0.37886145937992249388 -0.61288343094421460222 -0.59061300166882235718 0.52492874024362923269
-6.5178712774238283245 -2.6946064092212762553 -5.0940232202172648357 0.03502580744235457566 -0.0039317502564954120645 0.999378674053437277 0.92758056212283235276 -0.37207541897860663127 -0.033973274256951659089 0.37197781329649104443 0.92819417361450196058 -0.0093852268660205000889
7.6285981069576696001 4.0556777945035520361 5.5070887581701839508 -0.35634260000218986875 -0.0071895484804818613617 0.93432770579519586196 0.85822177166100310775 0.3928500650744576328 0.33033954806870413634 -0.36942569221839960392 0.91957443242182301812 -0.13381898656508908751
-7.7867272990200993021 2.9236721148601865217 -8.9334099786130725107 0.84458912680428044339 0.0035991866011571573523 0.53540288824378379218 0.25109510212850866262 -0.88585522338103284135 -0.39014327226736955634 0.4728852467260393766 0.46394780855633310779 -0.74908742771769742941
6.5749383578531510608 1.7006311234724749148 6.3969494444285786017 -0.81565930771452210823 0.003588383467892335664 0.57852140603678980924 0.46979297536015757197 -0.57947888292640381547 0.66595704406874778325 0.33763064736657760756 0.81497935418410394348 0.47097154713665811965
-5.5060352550140247985 7.3604224810859557593 2.0419224289322714938 -0.53252275671296500636 0.0013540398065681343541 0.84641460299256110478 -0.47678797854122217936 0.82576988864370670651 -0.30129273892358476861 -0.69935165482147210181 -0.5640055474775778066 -0.43909566760897494886
-2.2136512466506630403 -8.4907411883237600136 -4.1235995734857917583 -0.882680715532790372 0.0090106508149151928744 -0.46988675507840005352 0.45825111148895009139 0.23841031211196289652 -0.85625138942804601694 0.10431046565565885165 -0.97112271688520812596 -0.21456932563641908929
0.65511964432409586223 8.3549808752726395511 -0.75056757119459882599 0.46123155453785175117 -0.0030788131900504915259 -0.88727446374172658228 -0.5040954619421679217 0.82202055925094708044 -0.26489614081321566363 0.73017341662626678023 0.56944948948775608866 0.37758980464794683618
1.2839838678734298849 -6.2082633573262739901 -6.3553411183087096248 0.85143993523693195513 -0.0020805062234328756954 -0.52444800331149643569 -0.384885269779044914 -0.68175189656816514994 -0.62215567234609792102 -0.35624902216071402394 0.73158049660931578906 -0.58127154686086723867
8.4328408526047571314 -1.7521465297298757235 4.1762806870048603258 0.93448893868244564676 0.0014219773320892482946 -0.35598932773446895217 0.20698281600415449621 0.81142307247276346249 0.54658092844315886438 0.28963517976823710542 -0.58445750524668715897 0.75797156094494233525
-7.8891398368140963626 3.2174945347052235078 -2.5494168639957361933 0.22403404532464149534 0.0061452878671649831949 -0.97456194363022408123 -0.68259117993685869408 0.71473138911908107307 -0.15240840685516240938 0.69561341822010003266 0.69937205895354637164 0.16431888372104791474
2.9228768872804948842 -7.3559607048176491872 2.4928052249093290982 -0.44131857787460254672 0.0033779530900825346929 -0.89734413814073710203 -0.56838757709504583726 -0.7748660727757933353 0.2766191090015817089 -0.69438712187557305455 0.63211641229581683188 0.34388277985310516938
-1.6422519645528472765 3.058172748280920672 1.6451619957818057749 0.98712881075492608929 0.00029482335771417777018 -0.1599269334941791354 -0.12528484500386299905 0.62295913706172079127 -0.77215647453333624561 0.099400294717997231264 0.78225432349755852357 0.61497784901526864054
-6.2431068610634463667 -3.6871417339709373628 0.057444945883007692 -0.94593491269018004086 -0.013195390312321482462 -0.32408798593660437248 -0.30656825781385438345 -0.28997020423910674358 0.90660530770258829225 -0.10593887036793081524 0.95694470181301849454 0.27024765201052453056
-4.3542906118955420069 -7.5130355689644883199 8.380056841793582123 0.76030620453004804649 0.0084374982760330279052 0.64951003377612537282 -0.59389311216263396265 0.41404698828895686313 0.68982321127538426264 -0.2631072911925935176 -0.91021640290177796562 0.31981346627309331643
-6.3448189414639504236 -6.0372693180551326719 3.2065430085704864638 0.75746218073164206519 0.00099205424504665747076 -0.65287828926195146106 -0.52308178983096353942 0.59932816214671302824 -0.60596303121997041607 0.39068719701140647294 0.80050282315960974433 0.45448734218352060399
-2.1750318588521273533 -5.1213423618305302654 8.2749502367951599524 0.99691498720054816385 0.007720146680933289568 -0.07810830704670002067 0.048649449134771975689 -0.84171198027704441369 0.53773057692222137049 -0.061593338871630758102 -0.53987159732042633298 -0.8394908689278767211
3.3982726384222798899 4.0690190073887091415 -3.302530537779090114 -0.017610569715927858192 0.013824050380713402697 0.99974935032006873037 0.99210149812258929813 -0.12396113948458287179 0.019189927584725038207 0.1241953511903877011 0.99219077375713160549 -0.011531834803751915206
-7.6889775789386591853 -7.0632473928191110701 8.8763507955860685428 -0.85004625294526559021 0.0058119876081850234059 -0.52667598070691501455 -0.052110528292525645777 -0.99596119844975161683 0.073114868687618114751 -0.52412389822887206492 0.089596383756153238909 0.84691595056591117974
-8.0800695566109208556 4.1442629730767812646 0.82995133428597600567 -0.99907383563311369379 -0.0027769333569334290861 -0.042939021814962022305 0.025956171163613678265 0.75701103544727332828 -0.65288633726663869439 0.034318335213540607231 -0.65339618980517444324 -0.7562378402434609681
7.4826517212835224058 1.7129775452851501161 2.244091630517785152 0.96213191570760991933 0.0071875778830788050744 -0.27248947778006121778 -0.088254763111709558232 0.95402062793763764414 -0.28645372795187618031 0.25790167421864668151 0.29965476834781462623 0.91852803236586688662
-1.6287557710557485358 7.4024489401617152851 -6.3741045307630148642 0.48380517533058459145 0.0080526047424338033365 0.87513867922768484586 -0.34016157377598804645 0.92306486236570728376 0.17955880260237011559 -0.80636384842690944641 -0.3845600283734900704 0.4493227442804071381
-5.9464099719581291481 -8.2454549527318476976 6.1838842204620334542 -0.25938024071616311295 0.0095949402179303783234 -0.96572761576351262569 -0.81429354417815291711 0.53547894720436395311 0.22402750056803086287 0.51927633745024037726 0.84449406997492026949 -0.13107956034815163027
-6.9148994909194874126 6.3360312418043536198 -4.1138782151551946953 -0.30634842581779181403 0.0039290000177424708877 -0.95191134301349566993 0.067146147383153276245 0.99758981245145716965 -0.017491740467146382754 0.9495483330986831394 -0.069275746490628037355 -0.30587388587061825618
2.9669605036520523278 2.756448113215169915 -7.3098612534911397987 -0.5777616205027104046 -0.0028564361085588424287 0.81620055785758016675 -0.79075111287746135957 0.24974771069566623072 -0.55887275697146387987 -0.20224783647028590772 -0.96830672917977789194 -0.14655337208012428341
0.17379071822212369125 -1.6239870919534813432 7.6088839482323376018 0.63716503932444812364 0.0015215402860961160271 0.77072589003997893364 -0.70427607653141932609 0.40735573018461201933 0.58142627831140680783 -0.31307494420367104615 -0.91326830340297171507 0.26062441426530541522
-2.6894004467308789685 -8.3669594867234877711 -2.8757929038003329225 -0.93663658581151976179 0.005516938299895118164 -0.35025914622068693438 -0.092240957880638421718 0.96070521709374845365 0.26179589671749431412 0.33794010091853721178 0.27751585403457385004 -0.89932276683660250516
6.586501199182160704 4.1340757779687056228 -6.3918890683629312477 0.65843512096519596355 -0.013204991571786520166 0.75252164067031224182 -0.7523064863623533105 -0.041197080387850658345 0.65752395480726932853 0.022319096242790471829 -0.99906377612510099961 -0.03705980542032542846
-4.4837791798593000792 -5.0864092237429838761 -1.5339893797985577617 0.96434730820686576092 0.0036133459839414018913 0.26461521665454940111 0.175942853990954301 0.73816331242224653142 -0.65127493144080073062 -0.19768252650119771952 0.67461238346495688845 0.71121006094669791953
8.6385934991938047034 0.65379764868743295292 7.3570722502107006591 -0.32218612106761446157 0.0037547436206436914444 -0.9466688995060742462 -0.78137666687691587075 -0.56561407411496378295 0.26368773885717988748 -0.53445917323213232297 0.82466151908749496524 0.18516687361556360969
8.0604723214103817241 3.30232899196056362 0.035818356094188132099 -0.83293598608191599109 0.0068831397114948542765 0.55332654506867495758 0.16900127582145746397 -0.94898501292082282355 0.26620671295517595034 0.52693093651879374661 0.3152460430193440577 0.78928050812103134337
-7.0969341909911216604 -7.0333657538978693324 2.3991947589587874212 -0.81555085815595840248 0.0070282684679185206122 0.57864272327893251369 0.54744551643329220081 -0.31472636802991388327 0.77540358511141815878 0.18756386725169452157 0.94915642373052755421 0.25282776547012442148
6.3569266630108458571 -6.8345844664252455303 7.8160690510287773591 -0.54888758892631228647 -0.00067615318071356160338 -0.83589590113817546779 -0.72532743868815252597 -0.49666035298785743413 0.47668501178004063501 -0.41547866540727368401 0.86794471977579534805 0.27212027121211546099
-8.5697849746667671411 -0.42737112674629457176 7.6714386393945153131 0.99549702630156478023 -0.010350299461387438976 -0.094226015121215422887 -0.070699930100667704447 0.58107587272352478891 -0.81077268702273763701 0.06314420407548325398 0.81378357162051040419 0.57772753790374686833
-6.0303830869227041944 -8.2034816868851869742 -4.3302129697577180778 -0.99238253413319577056 -0.0029084852560518296288 -0.12316024789120426364 -0.097323194553278563612 0.63145030986234718107 0.76928453902092475136 0.075532123954244120845 0.77541088907001309849 -0.62692332175679132966
3.9212227637701189131 4.189486051374511355 1.7381041753689929763 0.310190634404389598 0.0021237366776295815533 -0.95067200446319033436 -0.79559509770966951869 0.54797341807812471881 -0.25836712944963430294 0.52039428400769649485 0.8364930500741405428 0.17166585667977468654
-6.4423009055892634933 6.3719217475483080904 -6.3505745100434909389 -0.99983083945786022095 -0.0030234938133888531603 -0.01814251785775173112 -0.0098396844212708285682 0.92130075943372602421 0.38872624207444517186 0.015539404092318853667 0.38883900158305784167 -0.92117466192287567051
