1125 17.292696884352682929 17.968806560800352656 18.477561601407678893
-1.348133231128811893 8.7961682187971721447 1.5361537193566690007 -0.91910612569664373872 0.012857098426876444747 0.39380023454396045901 0.023524356174919425905 0.99947512600724908172 0.022272789662719255643 -0.39330717559355976576 0.029734954394661776422 -0.91892616575766083997
1.9802437956222003201 3.3992589523284637565 -6.5099865159740666343 -0.95493278402472581146 -0.0055649073283366191911 0.29676996108300690569 -0.090319424373370815751 0.95786041720928583043 -0.27266430408872138758 -0.28274684715410292046 -0.2871801750639204065 -0.91519493413949837279
4.2785483346823038886 8.9392400388652415444 8.8257717273933238289 0.677882141832661822 -0.0020635501457724764879 -0.73516769756645239386 -0.063510075597570284089 -0.99642200042832163032 -0.055764391506188136505 -0.73242219524142870846 0.084492241201664958217 -0.67558773604542332603
3.3460652336621081737 3.0849716521873427055 4.8894656486963103958 0.35191302580090816354 0.0065372565050347379578 -0.93600987524136303186 0.7909587576033844103 0.53265764683587235595 0.30109811530137603475 0.50054117317386437325 -0.84630555684398756089 0.18227846393057056673
-3.7788963752987592137 -5.7135029592347370553 -1.7324051467078858124 -0.76094711439505435813 -0.0074654275077899812443 0.64877095841757748129 0.55586908877724805489 0.50820212325133984343 0.65782988535433395416 -0.33461775989323322422 0.86120547450362616715 -0.3825651388312851231
-0.1758935077131270619 -8.9246942202403207745 3.7348875677337054491 0.97654346223773413893 9.4076649786591082236e-05 -0.21532036018493030949 0.2132057053144241765 -0.14022831503437296896 0.96689159003689417737 -0.03010304937989521229 -0.990119190204881372 -0.1369591019457619685
7.5598811916741786021 3.3019090060623410565 3.2828709047247475183 -0.53715893394523905879 0.0049393726133203945047 0.84346658634523619114 -0.48710052065096137719 0.81456836280929867389 -0.31497851528556614076 -0.6886169925760906585 -0.58004653684705131944 -0.4351467024207428258
-4.2370415748623520003 -1.2197055702388779341 -3.0534365425784231185 0.30396863989030764586 -1.5860973736219179803e-05 0.95268203809657103776 -0.6723902598678080933 -0.70842802863321885365 0.21452521222878248586 0.67490325558412223028 -0.70578306015049996347 -0.215350569088171101
-1.7278856088978096217 -0.18759901146301397046 6.4169252591292691434 0.80214554975839535977 0.005326560891750745444 0.59710480215098160617 -0.48738304059531878387 0.58357090318217530456 0.64954043192032695497 -0.3449931720234679644 -0.81204472087949775005 0.47070487839953945031
-0.13631785487838590787 -3.3958660656842605263 2.9421918094961663215 0.95146444157804399566 -0.00012609433378375604906 0.30775867252258609641 0.27123494021465033299 0.47285710221242333029 -0.83835420204963384538 -0.145420162355101662 0.88113911783999943061 0.44994091989173790047
-3.9561563397437371492 3.412386441141010085 -1.385199192171577165 0.72893034143543655734 0.0051922464788175413594 -0.68456818353726600623 0.57868438394418264537 0.52959808318698486929 0.62020178495691336007 0.36576623834629223841 -0.84823281642560410809 0.3830354396461104205
5.720898097452915998 8.7793996964262834837 8.7811346976683157806 -0.5812537614034746225 -0.014001019870012114399 0.81360189054381903961 -0.80383958134597954803 0.16523610701637458931 -0.57143587251741767563 -0.12643572404896738504 -0.98615465337885443997 -0.10729868267369581381
2.0681455187093820136 2.3524755471751461755 8.0802585781505769091 0.5437923153739212534 0.00033638221155079189124 0.83921975941191295778 -0.7936393790378242219 0.32528436311793157421 0.51412704573073486625 -0.27281212176352775955 -0.9456161853301170428 0.17715410314429969052
4.8013236736085422862 5.529163040031441767 -5.5542972112476016733 0.70513113765951263012 -0.0042089139229106922041 -0.70906442848772777143 -0.60091250084267866516 0.52730698660822516999 -0.60070917106780541417 0.37642296029054861384 0.84966442017883259119 0.36929138637177411075
3.0017223047975489791 3.2307031489167647997 2.55027601324828046 0.90100804876597384574 0.0059380862415102939403 0.43376172628594750202 0.23301689127416616576 0.83678289565846231124 -0.4954770569003686953 -0.36590657884171118308 0.54750262525894777266 0.75256444966171132105
1.7373912492009253583 5.532680522140783097 -4.4288081392049720719 0.99962314037426414082 -0.010155465533336528391 0.02550379869709722136 -0.008222173826855229406 0.77563874895206952331 0.63112354335863884991 -0.026191087906918566336 -0.63109539504231937368 0.77526294202059842231
-6.0598692606568267394 3.2722476462768881333 -7.5560225145428159266 0.34829350675186482311 0.0030582996784324738282 0.93738054169982099051 0.69985371113566829937 0.66441927098514197425 -0.26220567376169212626 -0.62361559967961210926 0.74735378445972844297 0.22927255546514091478
-7.8548916870577460969 8.8615803423758237045 -4.6507282656368573726 -0.97994101101221842143 0.00021138361346752579384 0.19928765705245590767 -0.035289791351604961334 0.98401192575951612618 -0.17457136245523111051 -0.19613833272155603571 -0.17810245725436835151 -0.96426618169315281293
-5.0871955689967389702 -0.11900101321069572746 -6.1758266871753972893 0.93794585873515268215 0.001102967455240263725 -0.34677997281300515509 -0.043561159064386470452 0.99244872210852463912 -0.11466455165250785675 0.34403486960234619385 0.12265527892228680895 0.93091121544968835622
-0.10447550627520449384 -6.6515129003705908417 -0.28203853411686796715 -0.21649202673544734599 0.010368821200715850478 -0.97622932239654935938 0.85146820288024516188 0.49121306887659571538 -0.18360724508845541192 0.47763281068620327963 -0.87097773135253631072 -0.11517243439383480219
7.7211683639635806387 -5.6558375649288681331 3.2329462963697053191 -0.28818756857732802379 -0.016668355308320774444 -0.95742889618426763043 -0.736182863224237094 0.64324906086316047116 0.21039353030340096629 0.61235832419621205602 0.76547554606919754328 -0.1976473403759925751
7.8500804983566592199 3.4270579893660952919 -2.3468032113775558756 0.58251113445497648691 -0.0063499829283568624133 -0.8127979182753396481 -0.45225354247792332041 -0.83342208444229637365 -0.31760724563557984901 -0.67538693469169697181 0.55260049482507200835 -0.48834944616227748959
-0.19371545758317157415 -4.4797205326361444477 -1.9752396053500431705 0.17522918962440067747 0.0089095128561534446543 0.98448735476110704745 0.68384876224864366012 0.71826933243096302562 -0.12821870557869277651 -0.70826944129670865724 0.69570811887594574685 0.11976899371518077986
5.5631927381402945798 8.8993875359932435032 5.5937225371036953803 -0.99782248223388314567 0.0015010221275996195323 -0.065939676078645717561 -0.065585712754636413258 0.083314457799471053345 0.99436271822924893193 0.0069862888028634625645 0.99652217639859430598 -0.083034593481344148858
-2.8757878165769259482 2.0792016226969449733 -3.8498578426144676179 0.57410828917622991341 0.0015435924471361509025 -0.81877792448351827126 0.50953622832611655813 0.78209436547241528714 0.35874954427764360609 0.64091536439878249443 -0.62315810258607373662 0.44822034186228898456
7.1565137165204335545 -5.91008268163825079 9.0921193381020053437 -0.99801936214466946407 0.0047754319822878883023 0.062725975749195472808 -0.053426800568887738985 0.46205715588294465901 -0.88523938100308119381 -0.033210386406832131945 -0.88683729057080629143 -0.46088685193657807915
0.79897869029942736319 -1.2897415921098367431 -1.8456467207097488892 -0.058587966867917236347 0.0004137995589329861168 -0.99828216397375835189 -0.014328268118573081816 -0.99989725416266328484 0.00042643960844239046579 -0.99817941817630173595 0.014328638733235941893 0.058587876229255334004
6.9244593347442267017 -8.9828339622694244326 -7.4747384818528566086 0.36793108628128889936 0.0049103514678987556299 0.92984009603622497231 -0.92635836628759715694 -0.084680310684870169213 0.36700057519187162525 0.080541250032782868429 -0.99639607256891882248 -0.026607773533226707074
-7.5204638018975114022 -4.5252063344348067986 0.75738933150624465629 0.78273122252564664159 0.0051104826510756269642 -0.62233890787095813568 -0.35682785729828903065 0.82297049245712183829 -0.44203331186749122983 0.50990755391448605582 0.56806113360417120894 0.64598826223784944212
2.4020176837987374796 -1.2347804809129605541 8.717401222237043612 -0.65231749830227470088 0.010681541113281243019 0.75787056024650190089 0.30888999508719999776 0.91684503706009468083 0.25294692912424948661 -0.69214799887291289515 0.39910034164087210273 -0.60137348208780716519
-8.1916214251442749372 -2.2212048915289281936 2.8114950445187765204 0.99886662570406781203 -0.0028981888551173223302 -0.047508573496654334101 -0.044157573650932611942 -0.42895921785587259878 -0.90224392383976892429 -0.017764367243862891343 0.90331920710113511319 -0.42860102349230128072
1.1632612583152182051 8.9708498717781708365 0.68046154589252805245 0.42288382481330843987 -0.00062130548687785915746 -0.90618369257595643429 -0.70922069405372234474 0.62224070528468000685 -0.33139479750389511103 0.56407027739195592098 0.78282572688072726841 0.26269488669672008685
-5.560112755320034239 6.6573920639572206071 6.2464936320648618562 -0.74337049912802521945 -0.0047146249593144539877 0.6688632695381013793 -0.55083504643008573964 -0.56296016491662803638 -0.61616280668424705524 0.37944835307312330119 -0.82647058328059874732 0.41589099812515395449
-5.2558921259485451571 -3.3179934473837047193 -5.995375165174822385 0.99635758974161314772 0.013716755623939987097 0.084162960852427665115 0.041715467205523694416 0.78241221860875953542 -0.6213621648986880075 -0.074373201895228668867 0.62260980620827266474 0.77899015144796357468
1.9378003762403550603 -6.8434796323846729393 -3.0189625994183297841 0.78565796687219868755 -0.0007310987246373504625 0.61866066998334068305 -0.51059256086405890862 0.56390057554502126536 0.64908503117055493803 -0.3493376531091645365 -0.82584236170978531089 0.44265968613074047067
-2.2983099419468411284 -2.0767107470361705346 -0.18109074828926763345 -0.69050099798012121166 0.019525237519760003241 -0.72306786464922867541 0.10637544513558945536 -0.9860255516531263309 -0.12821028102026035822 -0.71546672631275098908 -0.16544599296101825114 0.67877462161763191251
-3.4299559282230949186 8.8349566223234159423 0.70114844819907196083 0.051331675089163711356 0.0047231357848631439281 0.99867049176465749749 0.82241956381484737637 -0.56750226282935933853 -0.039588416717305965897 0.56656078242970275838 0.82335828997588811351 -0.033015241039879045237
6.3895249507262290578 -2.3768919319836849802 2.6676707152202663309 -0.52309684157036395735 -0.0043006728185711762952 -0.85226240005782061271 0.85227293934946035669 -0.0034947561974699482834 -0.52308567513531634141 -0.00072882895971265087079 -0.99998464532823305717 0.0054934429932266834809
0.52372755453049513186 -2.1764231999360048597 0.92840958854305255521 0.98017482580570802764 -0.0015756687659637506633 0.19812831227474669848 0.18326683255128137229 -0.37283914460965794646 -0.9096176341369245355 0.075303246566525025574 0.92789465431945505891 -0.36515877579752908932
-2.6335029571058261588 -6.4799118217319291446 6.8817406368469677957 -0.79207361323001213016 0.0009205323669257722656 -0.61042488796324134714 -0.21681268686319585259 0.93437153790756910521 0.28274031895555318261 0.57062391295828163162 0.35629900612851872488 -0.73989145703403036425
-3.0971695896713278273 -5.6272928813499465406 4.11118683839014043 -0.97051227992396271738 0.0062843052718226689868 -0.24096975333839132372 0.09064989081455329667 0.93579530590139237134 -0.34069009781440612317 0.2233573634603486513 -0.35248780540680341167 -0.90877050745897880457
6.4473398253563667382 3.3187183137727114257 -7.8420109858850945983 0.98808415037224239796 -0.0014693088615641831766 0.15390761162019722663 -0.066150639813457492999 0.89883476664264583267 0.43326684055760927849 -0.13897411498343092973 -0.43828518501759822223 0.88802719100172711197
-3.3201248145738944118 3.3311910174187389089 8.7895947373403284786 0.5528132064761777098 -0.0044324192122785280312 -0.83329341315383576028 -0.82597432688627725472 0.12943647250102890967 -0.54864616184865810933 0.11029038974541961748 0.99157780998092270863 0.067893126923075197698
-5.0993801141679266919 3.3646786502189374168 0.62185410804674090546 -0.84979979949558404062 0.0032198565710275465351 -0.52709575344587389356 -0.4355907292573336087 0.55880918239498689193 0.70568620098187373468 0.29681815537831979235 0.82929001573321314833 -0.47347339148366762718
-3.2913971392741552258 0.97438740128204803792 6.2726351183786661636 -0.95451628167549518178 0.012977698851686566076 0.29787622823707143871 -0.16539583615830555363 -0.85429269069197222297 -0.49277603027295974192 0.24807838559159706149 -0.51963023195604085558 0.81758273993491725751
6.6300900784439109614 -8.97470599094670618 1.1180695967311562455 -0.17669443435301449008 0.0072146785182060054267 -0.98423931301409139927 0.84900287036401889118 -0.50479872229803379735 -0.15611654646317069117 -0.49796907833920850406 -0.86320692674462073946 0.083069841927715284968
0.26311700108396085529 -6.5718574702237644303 3.5726543492535940416 0.9670901228262901439 -0.010950131630502880908 0.25419832601615860446 -0.15751325131841731331 0.75883949289850349817 0.63194319339391469281 -0.19981558996034115561 -0.65118562532889545658 0.73214138755690860716
5.1117298719775678961 5.4925126715078116391 -8.1271205179549657061 0.77401758524602748412 -0.0012437699033923449096 0.6331628785443701446 0.3712020545779033398 0.81100905360035946412 -0.452187294884972113 -0.51293840995498507507 0.58503227946406566318 0.62819695922383722575
-1.0087729356781227619 -3.682960431575358573 -0.79333143029800190504 -0.15327293343451664498 0.0012083108421918117154 0.9881831550179390744 0.9629929161239648705 -0.22417079931039990415 0.14963988850408929676 0.22170261922513551101 0.97454912278521554914 0.033195721219145178649
-2.4656859128973724893 -5.7739568586520437776 -5.1129143518285724568 0.50514941690727077628 0.015295278359308446536 -0.86289635591877800191 0.62763351250771437506 -0.69278349910623970853 0.35514391075044277057 -0.59236833184694293042 -0.72098341022946532686 -0.35955900989797828782
-1.0494390490915030956 8.9454322962119388052 -7.3020587057782577745 -0.24165177411593707912 -0.0020576834509780060622 -0.970360853500193965 -0.23217664963387910082 -0.97082881736660320282 0.059878299370727000595 -0.94217749040798581817 0.23976482917552002783 0.23412476002975474154
-1.0872644533123188015 0.93488633502784923568 -2.6021803906600209366 0.85547858659547137972 0.0076653791754308503448 0.51778144987908070185 -0.5140491580774848579 0.13330715597907191738 0.84733857769139220295 -0.062528801014089974153 -0.99104512718997173071 0.11798179909138988009
-0.37775470416011358576 -4.4796342350195486048 -5.728793032057345691 -0.051847832623318684808 0.0018390322041669183908 0.99865330331048096646 -0.076866933439888762702 -0.99703903224351342338 -0.0021546987356741969383 0.99569236051910858798 -0.076875133454446270553 0.051835673628677220171
-1.0930788686702479495 -1.3480420007766824586 3.0973572792255534836 -0.97775704026631848897 0.0078372543599546269644 -0.20959424527856790332 0.0025203918856898646292 -0.99879044641081315969 -0.049104905898479010717 -0.20972557744483485975 -0.048540927088967907033 0.9765546377764303676
-8.6058621922801616932 8.8911903018565325851 -5.7702567460490694629 -0.97656376351721341234 -0.00026748723721897087538 0.2152281213865667453 -0.071570371216540390469 -0.94268752812449874146 -0.32591088702594506188 0.20298004273578584833 -0.33367671894944772593 0.92057533612549724555
-3.4442185875351030155 -1.2058160033209694983 6.8181536256066834767 0.95697249149707264149 0.003750218938920215489 -0.29015441815699399841 0.2043639079342966236 -0.71858388511357618178 0.66473497966361261291 -0.20600738737190887884 -0.69543018047288440719 -0.68843142028467840809
2.0588294596656706581 -5.5242815135531806447 7.4525665002094250156 0.96741478293340454897 -0.0019116932545053507211 -0.25318961904262055063 -0.23123420479832293428 0.40069794082902188137 -0.88655056412302968294 0.10314737172289811795 0.9162082217729045075 0.38719906257943076389
-4.5784003697936253019 8.9754588077031645099 2.9603253271625558085 -0.98589439891078456402 -0.0046824990625219681945 -0.16730304360315309542 0.129001134177078286 -0.65813469606187224858 -0.74176642497524947206 -0.10663461716244231059 -0.75288564605943153474 0.64945535826595224282
-1.109012659962408387 -2.5015945920207340869 4.7328636661790453033 -0.98949913972168634935 -0.0085307027926488140229 -0.14428679634560470646 0.1439822255142576557 -0.14569242544229560332 -0.97879662642686371399 -0.012671670204363669546 -0.98929315386208083183 0.14539079921231723436
-2.7247274502089475767 -1.2977950390378054646 5.0365589856732881913 0.79361998227221430824 -0.0017552605090277676597 -0.60841124479970243311 -0.56331108482006264637 -0.37996443539126306677 -0.73369452059888073947 -0.22988681009830097546 0.92499943075582546914 -0.30253612618070879758
2.079665695085886945 7.6851755128108445447 6.3614352629191319721 0.95894964002753790844 -0.0058319756870436646745 0.28351644740815529211 0.28315166713617312411 0.07439302559946403548 -0.95618555267271798659 -0.01551519543443938276 0.9972119462792558009 0.072990498757735070012
6.7743304621053335168 -6.9121316191677371066 3.6312688082901050102 0.5942212319281177102 0.00050593116768771683942 0.8043014805154735658 -0.80124010667244061068 0.087541194066257863038 0.59190441018885264768 -0.070110049104219210325 -0.99616077185115270431 0.052424208525432641759
1.7188284828625808309 7.7799935038941523402 -3.2728359194297977908 0.1125208848027008518 -0.0065686076825063246382 -0.99362764850615648005 -0.14828365275016294755 -0.98889170245901736322 -0.010254712809793181325 -0.98252277775654894842 0.14849260655283513799 -0.11224498647546415908
1.7077683984295277675 -6.7695163191967884231 6.418289072660828154 0.89875346173917858295 -0.000175828949014619762 -0.4384543124383074586 -0.41729745932844741763 0.30654178426130879176 -0.85550860015539553771 0.13455499042986809877 0.95185718654956508189 0.27543211679891355104
1.0037712511264071935 5.438792629455767802 5.4707980523780834758 0.17743807584393814225 0.00086338892385267760818 -0.98413158866100436395 0.67948300127680139049 0.72328294839425533169 0.12314474222548491 0.71191191886116944598 -0.69055125162538155692 0.12775127655657197989
6.4775582464958434414 3.2818917008845933658 2.2214258762597469676 -0.56735682739941872832 0.0069469317983377378706 0.82344275486630957861 -0.42716620272722222174 -0.85738571430304377774 -0.28708669797923441758 0.70401368285756937837 -0.51462751291359809525 0.48941113320134804754
-5.6740893221014667702 -5.9320511852863289093 -4.3331657687395628287 0.22479872936221315105 -0.0080624387921464472917 -0.97437186348840565397 -0.86573788460348322094 0.4572503389604951618 -0.20351914573988383328 0.44717272550947806398 0.88930148127680685999 0.095809336494105765136
0.174258250623677724 -0.26212523511723140324 7.6520478533968887547 0.90661127118657158785 -0.028549734067037930985 -0.42099989981265367733 -0.016148139667573571665 0.99463027494382416638 -0.10222452617016518361 0.42165772913927879184 0.099476272799732728958 0.90128199283419951904
-2.5607851509510930477 -4.6376672046889675372 -5.060535253608859918 -0.94852791936001867867 0.013551732594693383441 0.31640343983271784767 0.029125196895674613368 -0.99111720850680640194 0.12976286798235711628 0.31535140573668873909 0.1322990156610887591 0.93970764674700868468
1.9042387555257382914 3.0878165556458214702 -0.71241770268080295558 0.99495115762910701918 -0.0044357725215490324128 0.10026224540874487112 -0.09965766783895696479 0.074342407279331515491 0.9922406742925364842 -0.011855090600754316504 -0.99722290908393174114 0.07352500543898740637
8.4383488054032405046 -4.3926892995564807975 3.2451727152895704087 -0.9459356929395639213 0.0027643185787874519771 0.32434244767849934599 -0.32431636172315908562 0.0072183385021958017952 -0.94592113471912764311 -0.0049560409446684338536 -0.9999701266199144678 -0.0059315702887025043358
-4.3058373932003872753 -4.3941251337973268321 -6.938493332610669917 -0.85624168629410823961 0.0031956693521700656191 0.51656554506616303435 0.014121837591601290457 0.99975193951909924195 0.01722304068678981448 -0.51638236642539592225 0.022041940133650829436 -0.85607441529330552399
2.8942233094838600849 -5.7304362920995259856 0.12903415848463586912 -0.58333684375980576764 0.0026467957502085866228 -0.81222602838386581681 -0.047202453554394868673 0.99819414662933425575 0.037153384950579577961 0.81085760469427958785 0.060011999692554870989 -0.58215848770095068865
-1.4326113409534464438 6.6017002291187765195 8.1087314776149135298 0.2525907383148904839 0.0088445740620359952766 -0.96753278622875804604 -0.40178280743315575307 -0.90871147958992259941 -0.11319903936367189945 -0.88020934701287878443 0.41733106806413916567 -0.22597850574759387188
6.3331173153549329413 8.7244396267083264007 6.980906139628131335 -0.9676392356097753833 0.0036101265970234753221 -0.25231186395934585009 -0.1864853424090033851 -0.68383357340444517192 0.70540404092361075339 -0.16999272565387157918 0.729629091299548449 0.6623774319480486561
-0.40072255091043873509 -8.0890374216544564945 -1.1083525421922191256 0.99132936681288941205 0.010025219635176649269 0.13101748534273191527 0.11397549560710372452 -0.56178195876432202027 -0.81939649572599870808 0.065388629710318960098 0.82722459210186449763 -0.55805358284533945756
-2.9792842013911760013 6.4832481145956446511 -5.1870247109949714215 -0.24336709029513145519 0.0041416853463429759846 -0.96992541249488939403 -0.34503997316302298382 0.93420850601532057222 0.090564254583419573352 0.90648765919959528592 0.35670339742016782258 -0.22592655883723711252
1.3948760703835911823 -2.2469405338555352714 8.7880582257617838593 -0.58324494741217303151 -0.0049243098119855464867 0.81228140597388498456 -0.7571018604595493029 0.36561515601186894697 -0.54140773044262324731 -0.29431633357154490804 -0.93075308695020431138 -0.2169713965613824791
1.7152076469705304085 7.7926639625373841369 0.29028010460704123386 -0.99889447226166405702 -0.0045368919495741696565 0.046789420778538877432 0.028052414053704809171 0.74115410539123327549 0.6707485774322035077 -0.037721285119955191845 0.67131960247950739351 -0.74020746819771487957
-8.0406454560307221158 5.5930008400218538256 -1.8791754154932946985 0.99795161624973516279 0.012292446737842639692 -0.062781106852211540637 -0.031333538172105629416 0.94951397139366389144 -0.31215609478860989467 0.055774375926667993375 0.31348383352444775252 0.94795416825328293609
1.7932619640409290795 -2.2171343768336915225 -8.3494565788592414179 -0.69168459157903772194 0.01040897858681387976 0.72212469763678921453 0.20800949946757515963 0.96039562488679675045 0.18539765864200527523 -0.6915955999741623117 0.27844550070610496473 -0.66645602197972264591
-6.8743715255992903224 2.089879381141361403 -7.9971187667212264572 0.61669884322259249654 0.0098494432931457778779 0.78713755166095877858 0.69213416081496725862 -0.48313275331411803526 -0.53622107950763386874 0.37501045345558259303 0.87549170820856481168 -0.30476454625998899983
5.8804780816738153604 -0.13676585603739691011 8.8473874442970910081 0.30624037976175544351 0.013610547784203843105 0.95185691298240648894 -0.0043774880378889945848 0.99990734810495829343 -0.012889251498390721928 -0.95194415140907473472 -0.00021953297672984081745 0.3062715860204847651
-6.3030759586627853608 -7.8441590306101272034 -8.0877592862565119702 0.92480593756190232479 -0.0042154286476203360612 -0.38041583564773218118 0.11875884207756751132 -0.9467716009876226968 0.29919871823136173772 -0.36142816060534405098 -0.32187849528078904537 -0.8750793786834081267
-2.8294487051384233922 -1.9958999520949092243 -6.056635656362043818 -0.22352683850716378866 0.0019741802059842009087 -0.97469577565487752757 0.9739513147311692487 0.039581439015521011071 -0.22327594187245913826 0.038139074457645430472 -0.99921439756345420413 -0.010770269333767833533
-0.68273274976117159785 3.0557367446936654076 8.7232866981162544562 -0.99289942220582705357 0.0052293292034881790065 -0.11884187603436864589 0.057175230249611214139 0.8970499849401751824 -0.43821492165877917735 0.10431553301954314683 -0.44189815414254141057 -0.89097939983810436892
-1.9609916233184523371 -4.7056013475619336006 -1.8967602780883652258 -0.17406436428810365125 -0.0048707568498683722485 0.98472223129807334718 -0.96379799479456063072 0.20594906706528687268 -0.16934700176014572115 -0.20197777678535908108 -0.97855059016013312689 -0.040542819119347026091
-2.9337007733701137013 5.770917028276869587 2.2016231782593540522 0.85725626463383286513 0.0040005141544767700706 -0.51487444356144718149 -0.41369108756919192871 0.60069858920607466235 -0.68412052227057973397 0.30654751803286323097 0.79946557199957168915 0.51660760580499542893
-0.73423564799419038795 -5.6833271342798417081 -7.608621322416438737 0.76910314779728672363 -0.0014435959396070108945 -0.63912304298859545781 0.49916030964980567797 -0.62316497435659867765 0.60208338293431817867 -0.39914825982153190331 -0.78208908109368202588 -0.47855755757818191354
0.35985264727447230371 7.6513470233099534212 8.7311693925314681763 0.061594049312105936256 -0.0059106026624624070226 -0.99808378298911315518 -0.86251831300352788112 -0.50352505896131682928 -0.050246141460661086775 -0.5022632107003116575 0.86396040405455976074 -0.036112150348754548657
2.6567327310898711801 2.1026879159200140279 -3.9379957947775676708 0.99995373152980193687 0.0093191762409262704492 0.0023849012101996814803 -0.0079739067629505267637 0.94169081475015758986 -0.33638493757326926037 -0.0053806700817236614159 0.33635035657690259825 0.9417215543992935034
-3.2705479953512761604 -6.8544894828459836944 1.7575485293296604361 -0.95262400862700480353 -0.0047433915512397053713 -0.30411346307618847273 -0.30354857179033739589 0.077699458950586317019 0.94964259521294214217 0.019124924877695657216 0.99696554319365005004 -0.075458219784543492659
0.25905053060136934429 -1.2513232668372880063 -9.0378742240300624644 0.29113591027030588654 -0.016712777235719993713 0.95653571016863592202 -0.0051088001613613584495 0.99980597985414565443 0.019023743297908530386 -0.95666806255469738485 -0.010425244612277151032 0.29099404179954330152
2.2969337628983179656 4.3764152971541712134 3.2574868029402233027 0.44653839707847575724 0.00028912478935933915575 0.89476442505369691016 0.88973575504663970914 -0.10601475188066575295 -0.44399454791172510149 0.094729858683488543658 0.99436451505016754115 -0.047596902034174819185
2.5344572070048503321 1.9341065881538874738 -7.8522792462546897596 -0.97663398181881466709 -0.0085428692566540762737 0.21473957469754065275 0.11536873275987064025 0.82218612779828981196 0.55740472437668409089 -0.18131773508908252679 0.5691546280590574769 -0.80198933178756171003
-3.8566005146359358946 6.7044796368466323955 8.0727636707048464615 -0.83086156705796498922 -0.0079045197189559907036 -0.55642301799487137171 -0.50565705544117278691 -0.40674436145532510967 0.76083504566176574091 -0.232335960774639666 0.9135078231697354445 0.33395128138484819758
-2.3720982698579802239 -5.5856243126926896636 -9.0073662391734643506 -0.99151112559880394404 0.0018859024650671307038 -0.13000819661002169236 0.061635427782647356221 -0.87359393931475515238 -0.48273668105360650893 -0.11448476691642948955 -0.48665190081246928466 0.86606187168101245177
4.8202997270460370416 6.4910226627240490416 -3.4863090418356925682 0.19669565076404704751 0.0045904627725933816462 0.98045384828761794616 0.97132399145837200471 -0.13714056558048898227 -0.19422195779475284749 0.13356842661281612128 0.99054095974047418061 -0.031433779415940679702
-4.1085765273531968944 0.96859495662570904706 4.5672761403017769766 -0.94716270863630525056 0.0063978687999910553025 0.32068967966460310004 -0.31782475448620783887 0.11607994127753129554 -0.94101693537831787584 -0.043246142074903536068 -0.99321926809122806912 -0.10791319051818608343
-8.0021954277042119941 5.5523752251940994284 5.0382168937201505798 -0.38121471990988042844 0.0144644633923102367 0.92437336429744920707 0.85842178440653915672 0.37672768939778339403 0.34812108252324747149 -0.34320165701839766559 0.92621111380692344728 -0.15603075107190861326
-7.8013657249492522894 4.415475401411409706 -4.7843603354883690315 0.25817103378105737965 0.0029966140334664916056 -0.96609458005960724414 -0.85759057178185171821 -0.45974061255496367906 -0.23060134509320562302 -0.444843937249316701 0.88804819096252707311 -0.11612184127184511928
-1.7926553473678530359 4.583766205046492459 3.7733162533919770709 -0.95133380947997625565 -0.011326430474455567027 0.30795404675572735087 -0.30079906659091260046 0.25127823952615652159 -0.91998867812523832388 -0.066961962923754142496 -0.96784862365624624303 -0.2424564645624945336
-5.5225934878643627712 4.2934831459494722239 -1.2695419452006166949 0.96377843852224065468 -0.0010084050517382807388 -0.2667022770035149537 0.25883173508220341796 0.24470641271108428683 0.93441152844564312474 0.064321492161761167905 -0.96959669692985694933 0.2361037715682605953
8.5314817027020364293 -1.255229678980139596 0.65411702624849787924 -0.96805930157811626025 -0.011770715260777364283 0.25044488194095249067 0.10435774267798958448 -0.92717354386520001164 0.35980367021452913656 0.227970722180163482 0.37444715223790764336 0.89878733858998183237
-0.74883493490214136923 8.8502970650909542627 2.7828507608554189368 -0.98136315493943360178 -0.003111364555272984854 0.19213713211707111883 0.15872406080980022702 0.55048698209399005155 0.81961622425698643646 -0.10831911487623882562 0.83483794951804157769 -0.5397337930838372877
-5.8254730458082102373 -8.9241217032627311312 -9.0949135793931947802 0.99469223558737085433 -0.0051652389118396879047 0.1027651534771190367 0.092799041201602483486 -0.38640439563356709929 -0.91764916007550323407 0.044448784170610294852 0.92231500223183982001 -0.38387412291502565065
6.9936236182329611921 -2.7578530514128498652 -2.2715454859041885882 -0.77731073816307860724 -0.013428015314738171032 0.62897353262353050685 0.49019320951612366244 -0.63958890578703608831 0.59214580040590125698 0.39433315062320956068 0.76859984387124802296 0.50374164640291652084
7.2924077717989082004 4.3369803632766865675 6.6703474147058443577 -0.29292624324681570958 -0.0093863907317979083933 0.95608896640769913677 0.79586900262654902694 -0.55657019009666219844 0.23837397960806641639 0.52989314646988217028 0.83074756645141811795 0.17050435231833335759
6.7258626390065909817 5.3898897788800645969 -8.7324710513144339075 -0.56427836751977566987 0.0022351840195612994976 -0.82558156950213312797 0.4877811871468381022 0.80769482522815461145 -0.33120776374534977027 0.66607765119002859677 -0.58959653429440017636 -0.45685499814851809885
8.0661621301808832385 1.3560749745949858269 4.2071683049753225703 -0.86185990228803976976 -0.0023995885545232938443 -0.50714076034451993635 0.36243475682909492841 -0.702383558323455226 -0.61261601679951604993 -0.35473730543919018698 -0.71179461853244041514 0.606225919239577693
-5.5246247008844902027 7.672455547720272051 1.614269644757486466 -0.3342335256585758918 0.0019014242166700331266 0.94248837388683426308 0.39603845170765855643 -0.90714434777979746638 0.14227676219345866682 0.85524352970075778746 0.42081530019362034523 0.30244501653677446917
-0.0073576170810390265076 -5.5793505233242823849 -5.3221044558222310172 0.0079849067500502631661 0.0020292293717045530033 -0.99996606117007091896 -0.27924430339285322145 -0.96021099777459140157 -0.0041783698918415983214 -0.96018688820799147354 0.27926819006210057417 -0.0071005445351855151284
2.2345180603672716302 -6.7420385842749830374 -0.55092964470126470911 0.31380876962168990918 -0.0015392590150132366006 0.9494849586962146315 0.79774528506663833216 0.54272461615952782843 -0.26277833085723029116 -0.51490437584273807126 0.83990929373113720757 0.17153968066217234467
3.0583319497879766224 -5.8808691484875348365 -7.7693554706231440221 0.77621754642335716312 -0.0040650866124903300286 -0.63045205661902370409 0.31851330517175580059 0.86551068954999521576 0.38657537518935281007 0.54409153187026915166 -0.50087395754325803043 0.67311936801846572465
-7.1001281480787543643 -1.3505675315713183693 5.8974432706218316014 0.75364779959158378908 -0.010591299468345177076 0.65719313641161425377 0.24651917736091427669 0.93143478909278865085 -0.26768923934469829318 -0.60929737350828705456 0.36375411756191433632 0.70458473769490326255
4.1205324505312974637 3.2657990831266596743 -3.8950792173074311187 0.24061700806548760867 0.01539689163101756568 -0.97049801192868645483 0.37938417850056121994 -0.9218229054618513052 0.07943661667745027799 -0.89340422012267328711 -0.38730539202787100939 -0.22764760656154325869
0.90318309623593151514 -6.9637085681166341899 -1.0534432149424806102 -0.12260631583865037875 -0.0008010617007542168537 -0.99245506176174791424 -0.2129514971919276578 -0.97668698434433875999 0.027096022878982491816 -0.96933964695561958269 0.21466693483694274103 0.11957740558944515707
-3.1797372192818640357 3.2369454548125786708 6.4244766107840813874 -0.51139105639809812054 0.00029003435377073991108 0.85934806878018699106 0.69059959484571498134 -0.59498789118615491578 0.41117102152372336787 0.51142094895991130343 0.80373461118830014094 0.30407118861059384551
-6.1197759989371176559 -1.0165295465963786192 0.40482855123893446425 0.26796070354246753764 -0.016176522102924514868 0.96329402649960982341 0.95327297100967423038 0.14925427197418791869 -0.26266671856130174856 -0.13952671464365018483 0.98866651730002830245 0.055414921010630627252
8.051975229627524655 -2.4908788228811578058 7.0002034937097601386 0.30044305320704478568 0.00086466513450034350984 0.9537993626197192043 0.95324071426740686341 -0.034505140242271824247 -0.30023580059594784375 0.032651377341227111328 0.99940414630463225709 -0.011191063696149193205
-3.5245352094559811995 -5.7678574105198370248 -0.44022228204719859868 0.88299227049720674376 -0.0013055564424059892641 -0.46938571107849469399 0.051951511774360005502 0.99412414567932605447 0.094964326996806056047 0.46650368773113964904 -0.10823806400685796747 0.87787176218029028263
6.774740487979876491 -7.9609820788534220171 -5.9392758706748987052 0.79988198718608771731 -0.0078952573708911850947 -0.60010538365010557271 -0.25340380126294681506 0.90196778815580003208 -0.3496292645573412794 0.54403613857951726995 0.43173113628783482687 0.71946709853824775127
0.3585042009937315366 5.5603626022549583752 -7.8071220155054588119 0.99064631493898702708 0.0002832260831732548792 -0.13645438241725924011 -0.11950375038468839806 0.48451718127026999205 -0.86658061061741797904 0.065869054508797292291 0.87478169896092639046 0.4800190067290749929
5.112621648627788673 -8.1216211442620185323 -7.2319536971795725933 0.41029432195499443425 -0.0017191628985549689199 0.91195154139366219059 0.78937519950880907782 0.50142642635448786415 -0.35420097875842548873 -0.4566676732282536344 0.86519858034561081261 0.20708948016750058918
1.4074877473173557085 8.7875192058373379211 8.630575897634320981 -0.60117635986973738671 0.00097496045306688997045 0.79911578246574455076 0.24660453966630668798 0.95141866782371831146 0.18436029814580914832 -0.76011392919060560835 0.30789863261892236324 -0.57221084110811193391
8.4374638880038954625 4.4176376262767593772 -8.9357101226228614621 0.47664620556736397861 -0.0056808960703043946336 -0.87907685792425172 0.7256688254728285159 -0.56188810553695500705 0.39709761091311451819 -0.49619870057798132201 -0.82719374047197247179 -0.26369938427875672105
-5.1870090904092434059 6.7150230034071185514 -4.7693743917152877643 0.76762677109200394554 0.0058209198512326901578 -0.64087070240031895896 0.082259739674503909446 -0.99258276315546001278 0.089514208454697360984 -0.63559615758104370808 -0.12143135994743362027 -0.76241192887415842883
8.2769722680498816203 8.8533702323228542497 -7.837614401856116686 -0.64031637825447340617 0.0099904087422366168875 -0.7680463055521344895 -0.70575717792192804723 0.38698772409735843203 0.59342000910800629665 0.30315300023371344329 0.92203074413532837283 -0.24074377524277257301
-7.0720627187770270794 7.8689043714785862349 2.2463734018855587848 -0.045213143306073053096 0.0068493213517046812322 0.99895388205332613651 0.72399581440348736994 -0.68878478607427262581 0.037491054916982888279 0.6883210242311232907 0.72493351782740755862 0.026183245249653083753
6.0282397894090573587 6.5290836211722016458 7.8847825659112231733 0.6777186132885885117 -0.0033797351300878988173 0.73531357840911304447 -0.60425068063166187393 0.5672817013797973873 0.55952889669381089544 -0.41902099727605202073 -0.82351687819368180055 0.3824151607503008532
-3.062931899190022289 -2.3175853840575477705 6.3200630561519108852 -0.94192109481720054376 0.0037661721380263619638 0.33581314311064786038 -0.29790172020277805309 0.45227472718487532477 -0.84065577750341324847 -0.15504585205252152669 -0.89187072330965433409 -0.42488515702978918442
5.6112350154953754 -8.0845392706887810874 -8.8031491950464335616 -0.43925216757462381967 0.006511091937532277607 -0.89834021337294089893 0.61227437548648622201 -0.72958825874319122029 -0.30466549168996209795 -0.65740217706033110545 -0.68385567072712505343 0.31648664934031106588
-7.7720701846096860166 4.3793715160135073816 -8.173737725427214329 -0.48565992860002787923 0.0073324328527738114741 0.87411707979006181279 -0.10113112660600830084 -0.9937215937882473149 -0.047852787496105733678 0.86827814033507777491 -0.11164062642338309916 0.48335229548257008236
6.5743092109573382231 -4.8086686849826696388 -6.6261651963990839675 0.1020976150651891623 -0.017058028664869412383 0.99462812179037296545 -0.22696445831558578754 -0.97388070849136554319 0.0065954749450738781383 0.96853663413399704307 -0.22641861514944172651 -0.10330246393095554591
-4.0549527653381467474 1.9907063548805195019 -7.3044613817396690791 0.99130291546364168731 -0.0055347804400288792143 0.13148344382106172401 -0.0025742393674242367366 -0.99973955752256049578 -0.022675767163425772366 0.13157470533977630445 0.022140084242259792935 -0.99105898592600927266
6.7786206025740218806 -0.12877547784258625008 8.1546597385371661915 0.33074452684450622586 0.0094559258553993143226 0.94367295363849068579 -0.85777495857741814511 0.41994176492883011909 0.29643048848920211524 -0.39348466094609307886 -0.90750179037531941706 0.14700449675242144298
-0.16518317267130300241 -4.4755207962638143826 3.840482840009715293 0.79157636577168000169 0.0015262090748732609624 0.61106834956307798379 -0.46004710123780956366 0.65967314758304618216 0.59429622495889711242 -0.40219836125299457397 -0.75155106881937128183 0.52288380082179441999
-8.1581310524694341524 -4.5753138818720406888 -4.078449237448746878 -0.39242765095155329735 0.004005677137112333662 0.91977415343081658783 0.30016609905565633243 0.94579966494680778322 0.12394880702877564271 -0.86942558723917817698 0.32472595882808125145 -0.3723603092662332581
-5.5532637293148185975 -1.4326488084877273543 7.2485197993147858497 -0.30574285563216152539 -0.0036238667282702790445 0.95210722811017967082 -0.87336191179702316045 -0.39715643466012945373 -0.28196761769751266247 0.37915732519890998908 -0.91774377360888959032 0.1182627952917277292
-4.3149927664030345298 -7.7633980002881619598 -7.682791621000765403 0.72394229048006619731 0.002767291785898989831 -0.68985498631988073637 0.53773432021293965377 0.62415515241584229589 0.56680873897452077603 0.43214506929889950904 -0.78129551887154746748 0.45036424288770626756
5.4573204663820380489 3.4863478123508206963 1.6685072213170704103 0.55663445575431214074 -0.0088164882951463387217 -0.83071075122511228717 0.70395006383801372873 -0.52598455530882592956 0.4772782785743955869 -0.44114894342980071062 -0.85044842119362629163 -0.28657475918134334147
-1.8430140683555469305 7.4287107105254053252 -5.3950518931562134739 -0.055831834863001555957 0.0019227254590170571313 -0.99843833527299463704 -0.99760977869861633405 -0.040883799542548733552 0.055706771399840052106 -0.04071284392740530389 0.99916205795760892894 0.004200747264232500798
