1125 17.292696884352682929 17.968806560800352656 18.477561601407678893
-5.6723645023279996025 5.7213215729620179317 -5.2993552720660188626 0.24732770449533006407 0.016061867888307792412 -0.96879875257404157729 -0.88606306767710507621 -0.40083968103442280118 -0.23285143376619002464 -0.39207301193525923022 0.9160074052694060498 -0.084906930247071715767
0.30374049222519639013 -0.030926897273579619096 2.7169181145886112105 0.94101845903717407094 0.005355326309342572054 -0.33831284372824571571 -0.33491432848664903776 -0.12749137548748723514 -0.93358360190740419249 -0.048131614617344456453 0.9918252213249790783 -0.11817816218711736653
5.920234174543006489 7.6585754500596943117 5.1875040584496838747 -0.46211109310146708529 -0.0019463825204973795452 -0.88681990800148724485 -0.878560124539611631 0.13718760366787657867 0.4575059223319473678 0.12077021653360225928 0.9905431706873933928 -0.065105927560496823503
-2.8731473566070633296 4.3967113260542003417 -7.1908569254461269793 -0.86328515063852551137 0.0039766481246581650288 0.5047008370876479022 -0.50471337888946066208 -0.0032832389509615590197 -0.86328073389381687619 -0.0017759102644222927742 -0.99998670321749882905 0.0048414389441727894228
-8.3041550057908164462 6.3197971141419246877 7.9252339056469196521 0.52133290956723998821 0.0049858990440760321203 0.85333881794572452595 0.63116090975311633926 -0.67526137424281407196 -0.38165165066585365894 0.57432386630038467779 0.73756167014487716838 -0.35518288152870841623
-7.6036679610334028112 7.9518241838567611524 -3.6747169907499128705 -0.74354942978558247191 -0.00033519558815395386273 0.6686808903424279471 -0.44022884170328901998 -0.75246290788340797207 -0.48989604937404018781 0.50332177818753121024 -0.65863454199090654129 0.55934580332585714935
-5.5524510635514010559 2.2105182156603744303 2.5872747599255014883 -0.82057214738713357693 0.0055055047770554239525 0.57151643926454454014 -0.4777077278527198656 0.54236965059144270906 -0.69110816003495034732 -0.31377807074781555174 -0.8401219265883629328 -0.44242340668590068864
-4.6262344069074554653 -4.3395606207319596948 4.3756282070223662117 -0.79134046302786309468 -0.0054098791806884028582 0.61135178480336838103 -0.21660212933226644094 0.93758117109285732393 -0.27207547699288164855 -0.57172002688689793626 -0.34772443230148564197 -0.74311770940884047665
-2.7691861433188869057 -4.5951585082859995879 -8.7555648145551554506 0.59955673300210665655 0.012385991232038824628 0.8002364095271982114 -0.1098825307733841683 -0.98913747724468847888 0.097636471366204291567 0.79275314779746974825 -0.14647060569010011966 -0.59168303028412827516
4.8673293912373507553 -6.9101046049135304017 -8.1069626397682750252 0.46014842490425134081 0.0068676637377426286851 0.88781544380179966414 0.79780808124429036798 0.4355727996182109929 -0.41686760696197028286 -0.38957116494870236423 0.90012730845575150695 0.19494906004624984464
-4.9112654562865500907 3.1997914556186097812 7.2714807044630713762 -0.98266506920275331627 0.0087674134560154631801 -0.18518232699220843473 -0.12315604130226021073 0.7157501949708074962 0.68741126546625153093 0.13857110542840000988 0.69830136106165163756 -0.7022629549392559456
-7.5785031964921492076 6.8408669504401249384 -3.5793770278763625825 0.92795004851283868774 -0.0032374499533987300716 -0.37269052360167298499 0.11384367170255339785 -0.94970917548693800647 0.2917055028780192738 -0.35489199184837549872 -0.31311659316258116936 -0.88091411227669669248
4.4460296958188871841 2.2404603668188203258 1.2582520448063720941 -0.51886680393183604032 0.0020648915310798729092 0.85485260483939951026 0.70193502689630937752 0.5717890889947878641 0.42466981965171474167 -0.48791849503183404302 0.82039805821917322071 -0.29813179682215917854
1.498736799602981451 4.5771453333009146647 -3.2831026825012834536 0.99982445262380315043 0.0086241580845353681128 0.016633936185733021185 0.013168395036555518435 0.30810419981936032485 -0.95126147584434928017 -0.013328814945941945894 0.95131352663100510192 0.3079365466149877606
4.87001273384988842 3.4347633415832916626 5.3746416998465473824 0.85122635924984457745 0.0073206779194033792107 0.52474764696270626008 0.10162327073616238271 0.97867738169082685307 -0.17850292269865344896 -0.51486541558240916938 0.20527296519972915156 0.83233203326260429833
-3.5982896774077919311 6.6950679906344863213 7.4187561311214818005 -0.93902869900924601509 -0.0041156106519042202907 0.34381414192221881887 -0.098877677347597406343 0.96092327050948211919 -0.25855303733576595615 -0.32931490606870406079 -0.27678426606672867916 -0.90274147057651388248
-5.719156019313490269 3.5485470098538094419 -2.0185966088629321291 -0.4310647070439360129 -0.0085074639296951557604 0.90228091046997405122 0.14585294197840406594 0.98614865035145260475 0.078979482942336337592 -0.89045501720019415437 0.16564559296007691502 -0.42385304042265731228
7.5108689150714971206 8.9732575583061571223 7.9871317901584006904 0.4387841322853954229 0.0048513437307522461889 -0.89857940646260958673 0.81874421597129198869 0.40993094789832662528 0.40201309278273650305 0.37030581155048081232 -0.9121036577160451797 0.17589918565141249296
2.1133701695440190171 -5.7897315566437272949 -5.9655195877849997999 -0.56826378608499539258 0.0023880709825361903786 -0.82284297805906236878 0.74179020075474189078 0.43427889204282571489 -0.51102753545165013893 0.35612296680817112637 -0.90077529997372574044 -0.24855641506257941664
2.085527357633498724 6.5683447764226556842 3.5715232807539916138 0.11386323064712625119 0.00046807772384005301176 0.99349632390352660138 0.47552857468090714566 -0.87803603600245172522 -0.054085988418958785839 0.87230025757689921839 0.47859429623071292337 -0.10019860401667823879
-4.2394040796363432477 -7.0417213163648524343 8.9159642818834274891 0.80657339494106639055 0.012385951317063848345 0.59100418508071106416 -0.52935983779074813338 0.46009988172040217069 0.71280169821269145913 -0.26309222851914820795 -0.88778076519530613187 0.37766094879141248741
-1.6488297915849281505 -1.3556731200531484394 -1.9369654889631264805 -0.6545033391450040261 0.008789861765617234049 0.75600801409653484164 0.22987395607828034483 0.95490766125163795142 0.18790775077181942621 -0.72026616147437794169 0.29677280335858124971 -0.62701081316182716296
7.3272965205693640911 -8.8490169607527722206 -8.4127216894841740924 0.91394326545057913425 0.0066817306918484763861 -0.40578696629231181259 -0.39882405544313842549 0.1999250985569996919 -0.89496889765341547385 0.075147058077597181369 0.97978840034070868725 0.18538503235260109236
1.9382523573557366436 -6.8514336386324297123 -4.8917135541833740575 0.55821412151211502461 0.0043430284572636085674 0.82968556251653591271 -0.35482434956512359792 0.90517906493102118226 0.23398833596275248059 -0.74999778366355152048 -0.4250082334669892381 0.5068247487890663594
6.622952936832327886 -1.488927721144530647 4.9243404352617012876 0.17040195690307843868 0.00064936270906192300814 -0.98537442193902546883 0.70279656755057295925 -0.70101226795716475859 0.12107346865685895965 -0.69068093771502092615 -0.71314891747919573195 -0.11991023215595206231
-3.7940327422256840961 -7.8013035455705823651 3.0082257989894829464 0.85876328688883418749 0.0085581029203282213413 -0.51230105989180996229 0.51229819004350118927 0.0026907563489328937406 0.85880342588324765085 0.0087282054366564568171 -0.99995975854279939288 -0.0020735778698444265813
-3.8080350383516439194 -3.6100907811108293721 1.2841403976244056828 0.9690728841301562424 -0.02102614242293085467 -0.2458772998436001278 0.063297321022790994927 -0.94185110628895929441 0.33001506440412003984 -0.23851875061489111185 -0.33537202464871607166 -0.91139146950580074424
-4.511307492191434676 5.4902235149090001798 7.6938125731864275281 0.94647762688869085945 0.009978366008934510048 0.32261514845273636665 0.10965917486054571617 -0.95000917812113616634 -0.29233102273670735771 0.30357036609035431551 0.31206248364270777751 -0.90025665181349878718
8.2744095988640093964 -3.565930929921420578 1.6227546462472992594 -0.73277930804923219199 -0.0057500495004963866549 -0.6804420788171312573 -0.67960978687343276405 -0.043974260386612375184 0.73225460190352564815 -0.034132437359810682831 0.99901611666379419585 0.028315638182492781916
-2.1259957414409309528 -3.6068692581411778697 -1.7451460278059782727 -0.88033707021878837562 -0.00584950385085106217 0.47431258269580711673 -0.4460457875739209932 0.35043739390686245994 -0.82355132708249156881 -0.16139949871800368664 -0.93656789196324086166 -0.31111217519916367635
-7.8216993082250096947 -4.4865518565976421073 -1.939294181211848711 -0.49835003337368177778 -0.00058992543850909517911 -0.8669757183590801608 0.6472236964141168114 0.66509824370295345108 -0.37248599037199869866 0.57684376657501712504 -0.7467556348707967695 -0.33106991822330322783
3.5431594340888321604 5.6074799123033791659 1.6631459060447282283 0.85573455695725220149 -0.0078396727969548447856 0.51735568766520712014 -0.10900655038580364664 -0.98017545442311215798 0.16544984291149800182 0.50580227362285612447 -0.19797630685746167578 -0.83962458391884930986
-5.7695861245659640915 4.6052574123144198737 -5.1696332779489289067 0.99485059357129157487 0.015038720910170669948 -0.10023040129545067456 0.09786284849706412825 0.11472689643057437658 0.98856492053835587352 0.026365874810428759772 -0.99328323055839273792 0.11266438894653479919
-2.583722752621330887 -0.1262637382639505701 -4.3513221025663364472 -0.86064499675520955702 -0.01453668949007619858 0.50899791180212672348 0.1023962724813747005 0.97423277433083887988 0.20096145103408716293 -0.49880376195658437943 0.22507595624233117659 -0.83698006008478242901
4.0609645031382655134 5.6418889396359812594 4.2180780335832848138 -0.19091314906465986501 0.0023429330980809116164 -0.98160413618627573307 -0.96363479349185965361 0.19003197807372268491 0.1878718501548164721 0.1869763468610228796 0.98177510559869740625 -0.03402187150497302387
7.6202353936132656287 -5.7377814877952904027 5.6382185724607367661 -0.98124064085901996357 -0.0050445676608588049805 0.19272093052884056719 -0.18913999310439780221 0.21871119012524373182 -0.95728338454316219686 -0.037321143274115890776 -0.97577659720391163312 -0.21556243785398668256
-8.3594516473203057672 7.0309903247932545867 0.89643991444211801323 0.20671089552230514919 0.0023778638749519477244 0.97839917796176700815 0.97836411527343158934 -0.0093102010485630170428 -0.20668086051103007339 0.0086176341008814567185 0.99995383189427688997 -0.0042509366824792765155
8.1262560901153797488 -7.9341721777293150453 -3.749107132212084359 0.91923325143006917592 -0.01101131172779907727 0.39355937351207498365 -0.24348237072875980602 0.7696370035230787332 0.59023318947037706206 -0.30939709857956237959 -0.63838674314412624522 0.70479486488503595432
4.3819373558310239503 -5.4881518622181113543 1.5547986956776693734 -0.75100101112758643751 0.00082219844869649283403 -0.66030054162873341728 -0.15287083358931308208 -0.97304663478989505965 0.17265791253599621635 -0.64236126091401057892 0.23060696111196404834 0.73088469676391309982
-5.3463822058261190051 7.9517473307066044441 -1.1833596933584109578 0.36157555692622145305 0.0015117413121678042326 0.93234158508123776699 0.9306303128587369855 0.059996593944403778242 -0.36100918202051074379 -0.056483071992032979347 0.99819743706002572736 0.020286429578861307765
-7.7703618774912399658 -5.6318715488946873293 -5.1872598912231397961 0.69763122770317131938 -0.0079090700280312013076 0.71641337002075622387 0.70861244903303732823 0.15518288280884887098 -0.68832163263920131957 -0.10573110804800155138 0.98785409828287040757 0.11386489053452500397
5.6411164065934151779 2.4227130077989635915 -3.0087456785032951068 -0.66530270245395972672 0.019866739922508046962 -0.74630933717348912904 -0.19395974715229089003 0.96072100429868090288 0.1984811537252340885 0.72093822938719798188 0.27680401829514461598 -0.63531693261194777111
-4.7392686498042202459 6.840851683721369092 2.6633626674908983389 0.39466030142383440316 -0.00085332202600258799489 -0.91882670744904193505 0.75379351355890744646 0.57210959281171291924 0.3232428695722859846 0.52539374320275311625 -0.82017674049827160587 0.22643217295485187912
4.1818723865234836978 -1.2717776721810236662 -4.5857157225961637792 -0.75775881768115427306 -0.0023648012110515075762 0.65253044522184111553 -0.60856726692850526828 -0.3582952280299316894 -0.70800452766504851088 0.235472834631751754 -0.93360534343275802804 0.27006222776288407728
2.8973085299779870461 2.1437804254740564502 8.6473067744949592139 -0.68804147722238873097 0.0032559486985218981381 0.72566405754971119446 -0.23212476814510041301 0.94646242595983554047 -0.22433672962684764185 -0.68754419322336490783 -0.32279757595766522815 -0.65044961935618561544
-5.7652133194612797951 8.8664486790530219196 6.8682693793045439534 0.95842044595668363094 -0.0066532250731269806238 -0.28528228716178022362 -0.23283247442762866619 -0.59623194167509219188 -0.76830756248912890349 -0.16498268886115713405 0.80278465750306704507 -0.57298997029063702957
4.8972502838565699079 -4.7458649645084314272 -3.7522235477226755229 0.90552254713409607856 -0.002212593236534598877 0.4242923768621373326 -0.27905294397476676505 0.75018047986018487894 0.59946534686834129779 -0.31962223184736626713 -0.66122942468408707484 0.67868790827653935338
-2.2074879296144254148 6.5400413549452274253 -8.9074703426510914994 0.9151995881500835095 -0.0082977409696925134158 -0.40291545185676991281 -0.25663543572630725942 0.75885643636968758141 -0.59856090927316030204 0.31072168733396138274 0.65120508019777478825 0.69237560366112926857
-2.742917923870953345 7.7220950312722198561 -9.1769036091914824027 -0.66170631801285118012 0.0044551253031970888471 -0.74974989200427422098 0.74740256666244542227 0.083208130462529533711 -0.65914020539734774484 0.05944873462074076742 -0.99652223200664613589 -0.05838911772353726215
2.4900096473525561436 -0.047193992130882343738 0.62701127162756997713 0.86854152119214378391 0.00087847421819129637571 -0.49561563156127524943 -0.25019636546835394286 0.86400127376960433878 -0.43692513961848949977 0.42782870949873652577 0.50348885509759244705 0.75064077168852372246
-0.90141550431843586733 -8.6975681956831483177 -1.5805485985836389418 0.99545379166941494464 -0.0059647147573427504452 -0.0950587756547755236 0.094661879139342333667 0.17229498359978911992 0.98048639320710528899 0.010529828533575057159 -0.98502734013030712745 0.17207632581745369027
-3.8686100043340467813 4.115033216271416272 -0.8350241753566736147 -0.42421074307645662005 0.0025307818446929190859 0.9055599596944837737 0.77196880864284445067 -0.52175788701110215051 0.36308795879745203727 0.47340194754622172413 0.8530898560439329481 0.21938161630935984481
-2.8422520949459029183 -5.7022273762445356837 0.062307619012649161083 -0.9996316268283755857 0.0055251043201482875206 -0.026572238646785567573 0.00014861495199016360423 -0.97793065708855919649 -0.2089296719950612391 -0.027140165033481884749 -0.20885665694113461632 0.97756959255782793772
-3.8245773259838404812 -1.103070209623795872 -4.3218066882243819649 -0.94296542506789693405 -0.001184640301060052147 0.33288857558340945175 -0.054591092972126671612 0.98700588188931404066 -0.15112644270268674185 -0.3283839516400129388 -0.16067976146110013458 -0.93077709176896394894
7.6462033075450968056 7.8689972883323822117 -6.5124789087346606209 -0.77515350739016564141 0.001086606476924460371 -0.63177199943255568648 -0.61726573163455722426 0.21176534702523747145 0.75771924506942933686 0.13461075934012448063 0.9773199358890490851 -0.16347992654815837743
0.38916998306286010312 0.91810782522108036474 7.3363397715867684212 0.99291451218247184229 0.0095727238938816752722 -0.11844464721897099424 0.10907896508694760185 -0.46886470441424660249 0.87650879535208869875 -0.047143937819213763141 -0.88321812249936493266 -0.46658675207843541832
-6.8669761269135483062 -5.6185201110906461963 -0.44244537092084307295 -0.55099328197175334587 -0.0004963258330803283977 -0.83450953073210754063 0.52216153344788274193 0.77985011485694188949 -0.34522620315563351534 0.65096369807340570546 -0.6259660949432228616 -0.4294330119729248274
-7.4859201325951092443 8.1771632956165873907 4.7294303032652891261 0.86112144350034058871 0.0014035071917617349818 0.50839737382427774293 -0.50357555526441510896 0.13978132570466272888 0.85256837914876593132 -0.069867873046472059317 -0.99018140315390157369 0.12107546887884383657
1.8774107290407120452 -3.0001610673756213821 -0.83986720546779203289 0.99273478588958774527 0.00018119661442207724011 -0.12032294898497063185 -0.10718541693153371686 -0.45303706606990012951 -0.8850246907086181114 -0.054671119266699950978 0.89149166229088816493 -0.44972623315036686087
8.2001490938097045813 -3.5534190497352038385 5.1858627396779333196 0.43191676925606609094 0.0034325406846576048993 0.90190693649607112103 -0.81775531781514376739 0.42328644304445578461 0.39000618882271281818 -0.38042626699609183305 -0.90598940656028936758 0.1856314913480868467
-1.1966669465298334085 4.4183564923306342109 4.6304219082351263381 0.91637432728797940662 -0.0040370958142890069759 -0.40030212857950014937 0.041348263058292852867 -0.9936464686868627938 0.10467576800761084488 -0.39818138257581275896 -0.11247398420654530771 -0.91038518740538743046
7.5863779412540823799 8.9743816370434643659 -1.5685667570665340342 0.60269841259742507056 -0.0048581562963830194485 0.79795427298179333331 0.70508910677707536951 0.47146743343267116799 -0.52968652117703651783 -0.37363615317127318871 0.88187009107335556646 0.28757810680488116173
0.19390585219034886522 4.3033737240220881759 -6.3600202940298515841 0.80098900798266581269 -0.0020073848627923085962 -0.59867568807872295622 0.15566796969119545135 -0.96489971151223918877 0.21150893582969454432 -0.57808657855279954596 -0.26261096155647667416 -0.77256157720124685184
7.5511112469420371696 -7.8551607123032791691 -8.271330787703934817 0.96239558814423931121 0.0093758744908114168698 0.271490008835901242 0.14516528643231363382 -0.86249101965118135649 -0.48480540491629503519 0.22961221991697478018 0.50598550769615313616 -0.83141860363248221155
-6.0469688057448722773 7.9194943167928109062 -3.468502272984610002 0.78151308724987156307 0.0011068337537797354533 -0.62388786602744072951 0.4556813468109844889 0.68201802326147209499 0.57201916586324486058 0.42613589924550382415 -0.73133452733019455039 0.53250164742349515024
0.67196788205034185815 3.3464654276888397 -6.09048904777032174 0.76968693478761995852 -0.01330407949600760989 -0.63828287137133910001 -0.63631689039574568234 0.065127265308388637699 -0.76867369820395281543 0.051796113892925856048 0.99778827452621843275 0.041661994711780225842
1.706952045732072154 -1.8340168021812071064 -1.1579958575106479302 -0.99982907232630435779 -0.0051404153622070514196 0.01775956815416990936 -0.017054515353323439208 0.62734593411972450205 -0.7785539303410445866 -0.0071393022894657258426 -0.77872373475686529343 -0.62732637063117135945
0.26246503804586784891 8.8807951966601272886 -5.102828545989109621 -0.014238892052535697536 0.0062943423624480538542 0.99987881026029612475 -0.917311303064600847 -0.39803079511244304767 -0.010557433980293740028 0.39791610576004404765 -0.91735046050929958117 0.011441388919692376328
4.7027676923937873354 -2.2951649561313893777 3.6818416595114031864 -0.14766408238809275444 0.0010588379069667254364 0.98903700518964077215 0.91601303760278340871 0.37726211747473220592 0.13635765346971878698 -0.37298181418634096529 0.92610591920172224967 -0.056677973724245489517
7.9491096258410172126 2.4895050899208559514 -0.18045907464471522275 0.55592749538261732045 0.001761389807242537929 -0.83122891996322711972 0.65820770417994833856 -0.61165080059400933621 0.43891447491574819839 -0.50764873489013762065 -0.79112590378422398274 -0.34119285796423970414
3.3466213768171018117 -3.4597046672836571091 -5.4317343147989660679 -0.80642763931930783183 0.00029886842927070479681 0.59133270941144222554 -0.52961969515284290644 0.44442005842926801673 -0.72249137723041723103 -0.26301604713066284447 -0.89581846506072215774 -0.35823433197872522893
-4.7239202283846486452 -3.6943666520452440594 9.2254066267133545409 -0.8974666568130745814 0.01300781007492895873 -0.44089045894152972815 0.21518654375270493406 -0.85962990568903219213 -0.46339095441365357742 -0.38503032516460727885 -0.51075162468830548335 0.76869007186356286265
-1.3462108847738196715 -7.861451586949972814 4.9637825491662797006 0.96929255478937914603 0.0062979855745889674196 -0.24582977567262931373 0.076463983713010358345 0.94239802919142545701 0.32563662842313700896 0.23372035089889364734 -0.33443428346051068401 0.91297782427718188192
4.1621070790100818115 5.5690700403697066534 6.2544385907680393188 -0.99857694207157565724 -0.0084609340104206919031 0.052654566365421720531 0.0021241566127218397195 0.98024081214391700634 0.19779645640494328274 -0.053287697662273356136 0.19762682713457643824 -0.97882790033534006202
-6.3179454373227246222 -7.8720978963912724424 -5.5155504692161390068 -0.39675904934810957148 0.0030302417900269617429 -0.9179177928307491463 -0.54953707392936290699 0.80020383087375868136 0.24017250765216338615 0.73524911501972656236 0.59972047379560222691 -0.31582288101550054504
-2.439261904248076096 -6.8505844878069037662 -4.7526639486547654911 0.65405867824465502292 0.0036280346052551689338 0.75643511471747171271 0.48061569380281510266 0.77021239156932208569 -0.41926295656013379265 -0.58413679928859285617 0.637777162681554044 0.50202040842855988334
6.6069124712909816921 8.002204161912386482 -2.486505835931839048 -0.80716809640430287054 -0.00059093715904914899742 0.59032136581692129518 0.20391933216137889118 0.93816211295245566237 0.279765537176154655 -0.55398246372773496393 0.34619575476005270964 -0.75713402331988388649
0.57939387350828130963 -8.250376694923298615 8.7290442376689370008 -0.46322392960691766151 0.0020889728628742647992 -0.88623880936898791205 0.83208923272179680097 0.34522254965669380011 -0.43410701445268279342 0.30504278360242931267 -0.93851852800095802998 -0.16165355786764662449
2.5776089856933266375 7.8013185227542471978 6.2933896207456418992 -0.51884430397241931843 -0.0032282008715385007366 0.85486265970317976137 -0.84351625781342609578 0.16436139487755258015 -0.51133712429096755958 -0.13885572022736197839 -0.9863949060051475648 -0.088001013443943329473
4.3150727900862193565 3.4719729740083034031 -5.8034686207895243015 -0.65636303239428117617 -0.0075684528926370057966 0.75440724295753947004 0.26447223804428554583 -0.93880437454290255328 0.22068253588086253481 0.70657059449840275978 0.34436763038923129399 0.6181981317751230609
-7.2426625182021542315 -1.2836442790155970783 -7.5334623008693748503 0.99574239132676356512 0.0057295120180594462725 0.092001428287482617252 0.090464493846535529165 -0.25237723808653134139 -0.96339083712127659975 0.017699306991910190856 0.96761195858046866736 -0.2518210319734227598
3.6824040353714542206 2.2052103524660768841 -4.4671857367044109921 -0.68316966878178164713 0.0017084122973749331365 0.7302576839608900805 -0.28411542034800807421 0.92058774003281584886 -0.26794895189541434455 -0.67272403820356052595 -0.39053206555774455655 -0.62843223516481416802
-8.1056625153482126933 2.1846990144127569344 2.491055763526797584 0.77237535505242516098 -0.0090135177007295529117 -0.6351024070229400742 -0.6319277222874676303 -0.11174981459987537447 -0.76692850562578218643 -0.064059852575958198262 0.99369549432189940852 -0.092008694439078470007
-6.8110287055917932975 -6.722927043587938023 8.4499597351565007841 -0.66338354211240435632 0.0017464110985847720869 -0.74827750607819798478 0.012991409429612729709 0.99987343172694520543 -0.0091838884510778429071 0.7481667590417749869 -0.015813619899445262307 -0.66332226714486541841
-6.5192861332110325634 2.2877526084146979635 -3.0704767343096435184 0.32096852620061189221 -0.0020259852415228912087 0.94708769423554217681 0.71395112934263371685 -0.65654268271989857375 -0.2433628785936993999 0.62229654514459142867 0.75428615336026638705 -0.20928308280914650896
-6.8113133969423715897 0.93394614608604697992 -9.2047511428023245372 -0.27973232262529307279 -0.0022203482275332262277 -0.96007546460282999767 0.59002648772794197285 -0.78926479378535352449 -0.17008770993251726145 -0.75737610964295010163 -0.61404898448279343626 0.22209293819809827752
1.1643729106319444799 7.5906075632886507165 -7.3294809792205040111 0.19361244170629679506 -0.0093762751248151754435 -0.9810332858171616488 -0.19749154822847431179 -0.97985727280721957033 -0.029611033505120711029 -0.96099495877703566826 0.19947884697821063882 -0.19156429420306106404
1.4253166207228513684 7.7122776003181803262 0.38587348476834526512 0.60581200292234149707 -0.0018041088231909349193 -0.79560578322853992006 0.13467337213964861165 -0.98533447008301733305 0.10478103312592908225 -0.78412683919885917128 -0.17062452126747129633 -0.59668448345050251191
5.0792061943613067143 -6.6449158913077015498 2.1567468655570891656 0.79568312789888484549 0.0022214145967662125153 -0.60570902692140804469 -0.55653282173840001867 -0.39202562709988958423 -0.73252107548186773389 -0.23908069412860927239 0.91995161449601092762 -0.31069188705354722213
4.1680070122172914182 7.1291534726710610315 -1.9472520835316153853 0.32719365950272805144 -0.0091289195226504117608 -0.94491320871808615056 -0.87494835544368232405 0.37479221587051342324 -0.3065879486043047164 0.35694493201005850214 0.92706389086795293331 0.1146423035405003954
2.3301785180539171805 -2.4511453422290596649 2.5923285374744637899 0.96772209354676275161 -0.0003801196266512863603 -0.25201945395227121072 0.018420995813735439178 0.9974306486202142441 0.069229820931542562779 0.25134561180693326676 -0.07163767655398217693 0.96524267763264726128
7.7977319497128609882 -6.7033967993763976523 2.8727113206814927082 0.77149972532689359284 -0.010830793659348110849 0.63613745977530089526 -0.59232066435856345343 -0.37723008101375621326 0.71193658183311092635 0.23225934727066588348 -0.92605624013183196475 -0.29744820678294164873
5.0159670628730479436 -1.5544988622012347879 -9.1669583468111408564 0.89968894601834970004 0.00023386016846278537512 -0.43653149453579631611 -0.35513758545161761004 -0.58111130316938897078 -0.73224787383004086294 -0.25384462927531359355 0.81382405877340702194 -0.52273636333229134276
-7.0570222467743786154 4.7081090311260105352 -2.8811737152192726796 -0.94947940855101131685 -0.006168871188791719487 -0.31376870106199999944 0.30028979183776333128 0.27264468974258460054 -0.91405192088480080592 0.091186038711794370482 -0.96209501515384121539 -0.25701806971618529341
6.2327902668737422687 -2.3213538010537129175 -8.443793572353076371 0.99280464217610675526 0.0017123740686957565627 -0.11973307917352191132 0.10911227347965296586 -0.42485252581269200567 0.89866280833616196677 -0.049330054220657421071 -0.90526095634663095169 -0.42198240089464111868
-3.4104739982603762272 8.0647894405350033509 -2.7805833280820739795 0.43712273537687323932 0.0099520508164016516228 0.89934680235257657976 -0.53245150830428633615 -0.80302060302370592559 0.26768134493142564656 0.72485798989959460137 -0.59586816310680257303 -0.34571957808953046598
-4.2160196042245416947 -4.3011332401754334143 -6.9862745897115310356 0.95814755840765764017 0.0070680033774580697942 0.28618752531487828827 -0.26124776707017660637 0.43036859133430205304 0.86402111073398346619 -0.11705921799840078579 -0.90262556961414641687 0.41420311510208662753
-0.61339801405648319843 4.4294181261570511055 -7.4857222875764879433 0.71914830461542755824 -0.009639766773350291057 -0.69478974579750252261 0.66312628408249063572 -0.28918723615258246085 0.69038704637721115542 -0.20757949640472167507 -0.95722401627977415917 -0.20157612787570514112
-1.345791570821354588 0.027938447963021008358 4.4405278484440158238 0.67592503809319159913 -0.0053045961691886491657 0.73695129020713323609 -0.11462693528949607913 0.98704758853486285197 0.11223958158177080313 -0.72800137952114174489 -0.16034001131030323206 0.66656212927844282756
4.2723685382942280242 3.0491988519349808584 -8.7489655590236452554 -0.8249761725056652395 -0.001758306749380310471 -0.56516477522499919406 0.14679420344354093819 0.96500841913275103856 -0.21727911275176575723 0.54577080961991852881 -0.26221300379694678639 -0.79585084281310880527
1.7291494063048991059 2.1518987144889165641 6.5059627709260183792 -0.55628406358449655755 0.0035893294649090544401 -0.83098445070626469899 -0.069322762373981119954 -0.99670548468706909873 0.042101441920696584809 -0.82809564376235622607 0.081026498807302602123 0.55470019945231630043
5.8559096135017538742 0.19784225275547012712 -6.0340618450376775073 0.52925545646293858937 -0.0027589288473792179107 -0.84845804263740998152 -0.56208733684554135213 -0.75021795361382548339 -0.34818220493492246792 -0.63556784654522768818 0.66118485341618227213 -0.39860770445497289982
-5.6032185873614093197 6.8133413235156181642 -3.0159718193879112569 0.21153994124836736357 0.0080260416692849168019 -0.97733639854034404237 -0.44609321651945793574 0.89052611774038570314 -0.089241670744576437335 0.8696273313505801239 0.45486131543263647048 0.19196220537110283977
5.1627810154141586807 -2.1467790404309048391 -3.546095497198893387 0.10200918941371159288 0.0088245932094235708665 -0.99474431480150149465 -0.93587425593800210866 0.33985043760193395235 -0.092957286612659881242 0.33724398044729075874 0.94043809292066782302 0.042926577265533401306
7.7458075407406496993 -7.9844690234142863261 -1.5035105488320259504 0.3388034542923566983 0.0079027582020640314842 0.94082398235407216358 0.54887743451261428174 -0.81383073524454241365 -0.1908221587089329041 0.76416345191466594766 0.58104826028839362539 -0.28006630995774123294
-8.1112377451148187646 4.6196047565162698945 -0.79170363007953248324 -0.36863229195150415407 -0.0014873676540905680227 0.92957410735676515579 0.084625196218620774014 0.99579259402655873057 0.035152323493986198377 -0.92571529613349856636 0.091623672811967302176 -0.36695543746467162993
5.9377277636889811419 8.9775617359566890485 6.0376630629456249366 -0.63470807804670970054 0.011462576968991888826 -0.77266698194725613735 -0.50432097394378461175 -0.76373804006054357707 0.40294486149455804869 -0.58549637992288494637 0.64542452346792522633 0.49053152151879075848
1.642581532740343464 3.2085917546604862949 5.3991376473874375108 0.082953916670312044523 -0.0044804636707573078369 -0.99654331223209580148 -0.61323335141528234615 -0.78847222912781744775 -0.047501585303534307747 -0.78553389769074133397 0.61505403773949329782 -0.06815442934484505777
-1.6426152278680432595 3.2187128743918966833 -8.2607543150620195149 0.86397577541349945829 -0.0036325248218553904227 -0.50352027194746429295 -0.46059629319269873582 -0.40975996489384247656 -0.78736765609664360888 -0.20346231640189424428 0.91218615201810127058 -0.35569581087057988711
6.3707603094565001811 2.2348475643978029659 -4.1713169173776325493 0.65792122478878944936 0.0054961278431608683384 0.75306669993508035255 0.5475761430656758133 0.6830124866529135863 -0.48337802041641930728 -0.51701066673497619863 0.73038601824989868305 0.4463588632783838106
-2.3209746684354057855 5.3576673426682992485 -8.3673486709382931537 -0.83807604170150307166 0.0076485664516373983585 0.54549981462623775563 -0.12129786794747726697 0.97226115627981224421 -0.19998767767328196054 -0.53189789956097566215 -0.2337728457731842735 -0.8139010265516193332
1.2681300802358053126 -5.669318254861446249 3.9439403413101867812 0.85186789907726867543 0.0081682814571768184303 0.52369300329428614127 0.50526894456168403025 0.25049689210759068514 -0.82580542545180757319 -0.13792888088786445233 0.96808294387529481018 0.20926308225444187339
5.0625936779021225576 3.5323492292493425815 2.2342454922584318311 -0.73604404080014951273 -0.0071207032974156866251 -0.67689620000948913514 0.56419503272994708798 -0.55900690714443290741 -0.60761438660330291395 -0.37406300945884551901 -0.82913242208293547186 0.41547116819956836364
3.0872505082583052705 8.9523755058623475378 -4.0614163466810309089 -0.75800788040064170925 0.0091152476798152040627 0.65218169669957626322 0.65124554814268720282 -0.044766486353101209161 0.75754550868149472809 0.036101097965341208407 0.99895589189862854518 0.027997084961894090627
-7.874942969397526582 -5.5665467607633560831 9.2330207330398490484 0.971030841392415911 0.0024415520542764952358 -0.23894171650961792963 -0.23527963481901109644 -0.1649182170222548427 -0.95783374086196126918 -0.041744442796601839707 0.98630422310642806849 -0.15956622756039681721
-8.4671017432617627918 1.0896181756077616409 -9.0096879191094050299 -0.09253802695386573185 -0.015269143776089649789 -0.99559206847762404813 -0.1906611618803478736 0.98165228716035712875 0.0026661701216990707844 0.97728452096509421665 0.19006746265744103863 -0.093751398501989130496
-1.1628748647901041569 -8.139443290763004768 6.2945404505549387153 -0.99741401136155916074 -0.004482940470901609735 -0.071730001982193522525 -0.05833808127622876899 -0.53241274508341573934 0.84447222402253807605 -0.041975685969835814515 0.84647301913128913942 0.53077440562819977465
-7.5021305802923619055 3.0555753380174439648 8.1786319243984362259 0.62722184759938093279 -0.0015673846819000973769 -0.77883907015462594536 0.60322157785428676124 0.63353533295775710243 0.48451698618854965872 0.49266264512863927605 -0.77371217206363329666 0.39831268231814509484
-8.2660716544800880712 -4.5558409827737111897 5.6963600347906657717 -0.37015108784810224485 -0.0066634944807609395798 -0.92894766806655570957 0.71860916284160325507 0.63166090514046135951 -0.29087002595182098741 0.5887181356516341113 -0.77521616260128634046 -0.22902152299852543416
-7.9730718115061316453 -7.98531816022346419 6.8393430959627279364 -0.15504021178212615273 0.004613883288781679172 0.98789738577008046061 -0.43323043046424913882 -0.89902277436782851439 -0.063792203970289965143 0.88784791876207280747 -0.43787756650537995595 0.14138355597822510612
-4.2134399379986122725 -5.6829572320320336232 1.0859241611407250971 0.96500061085326827026 0.0067374581902996701077 0.26216107207189914829 0.071906724040759623096 -0.96815480548232701885 -0.23980345214238327212 0.25219683600421993752 0.25026162166570581347 -0.93475444723781531131
-1.4032360381288355722 -8.0350148961580281082 -3.6628256023662020269 -0.26766564674597675966 0.012443612603407438327 -0.96343150148672762612 -0.34041976575739540944 0.9342063879924872305 0.10664336695635619201 0.90137089182737017978 0.35651589184694393309 -0.24581890534873640508
-2.0766266426185282512 2.0363260221348142842 -5.714260751866945931 0.34857739695537309776 0.0052064925025424651714 -0.93726553909110021934 -0.93477629425081476544 -0.07111126251231771056 -0.34804664637202048505 -0.068462238048893314657 0.99745480137187170211 -0.019920873013309518818
-4.3301520142092488896 -7.9625605739161740004 -7.7801768789543892524 -0.52773576320266080142 -4.1152036062240895942e-05 -0.84940859575546534543 0.78074055966671407347 -0.39391293886589073825 -0.48505337343943244477 -0.33457307531811186774 -0.91914775466196840803 0.20791407449152268794
6.4820512937468555137 5.4316030526537995016 -8.2791210066367160181 -0.67712807344317138547 -0.0074705568294902713333 0.73582726433289391554 0.026439045281314858121 0.99905585121058648745 0.03447293208167941797 -0.73539006591028777127 0.042797160447445199705 -0.67629124940216245321
1.2471525521282507132 2.0923300209474695599 -7.6459208606400235197 -0.86950958879297102211 -0.0083612597792084072251 0.49384528380043679618 -0.08549697691847557568 -0.98221513405811144981 -0.16716368434855430336 0.48646001062257754333 -0.18757270526932148802 0.8533306148868905483
7.1463938357995662187 3.0597826613098955129 7.6914063671508090536 -0.2115058724700485393 -0.0051012027337757372136 0.97736341431507645083 -0.78934007243413506494 -0.58881619825151187975 -0.17389000755169650714 0.57637445810895238107 -0.80825086601092699379 0.12051150000015803387
-5.1693437832462389991 8.8488064029510749009 -6.360364434944333567 -0.7391214433212820456 0.00013314693450660382984 0.67357217452515605327 0.53429228170523546115 0.60904843055476343139 0.58616701284630556845 -0.41016002941900886469 0.79313302258220919061 -0.45023189442349809131
-0.038204260160969054361 6.8147228003876225699 -1.7286142471572105705 0.92184881032202981022 -0.014224662410914063956 -0.38728856152375168431 0.010568473402104386349 -0.99803183602428613419 0.0618123098736719917 -0.38740557336957387458 -0.061074653181667215573 -0.91988412773611527573
-0.65172442459128454573 -4.5687955818734735658 0.1555730285925547296 0.6985635681350509385 -0.015740261383019503449 0.71537485659349464573 0.71289947371065720549 0.10124880169958237752 -0.69391859791841470351 -0.061508386886433556728 0.99473661052852846431 0.08194994824063596417
-5.4665358116041131709 -2.1413161529225948065 3.3784069923392725521 0.93022062425400886543 0.015970712120263744899 -0.36665314203879822985 0.10274838645001184434 -0.97043315064256696623 0.21840849162901590508 -0.35232422467714463732 -0.24084110215703927182 -0.90435789608828975883
-1.0809654372620545182 8.8567806946096894194 -5.4598201466513689439 0.10154130332488967015 0.00083442304113986705619 0.99483097431539635469 -0.99110647861250567026 0.086539300733760898821 0.10108856256193685108 -0.086007626239567591675 -0.99624808816210930207 0.0096143154671184428983
-4.5284597962832302542 1.0190556573546059038 -3.3599629252905560683 0.99124465127356042871 0.012502731430750743669 -0.1314447527606055488 0.067305303924213244482 -0.90430683015598034569 0.42154377352498417775 -0.1135959391228262283 -0.42669993981809078987 -0.89723080864085669184
-7.0681447875431047123 -6.8160586537551388631 -0.59955974506257203593 0.53970924534471720335 0.00047803035484204198236 0.84185135384848952533 -0.53414066760867462413 0.77313093485457007326 0.34199752159528817863 -0.65069783901276645466 -0.63424626846207554642 0.41752124885567903911
-1.7205256038482696912 -3.3817879784048474612 -8.7137086149154754366 -0.95436431411345656883 0.0045267182692861835172 -0.29861055702802652423 0.072111455706086319273 -0.96680578966207075808 -0.24512548425671124019 -0.28980802939675731622 -0.25547225661081790493 0.92235851608772190247
-1.9392417561971975193 0.94195712319260282985 -5.5150105040227970221 -0.24847372923435515069 0.0010140777395806349626 0.96863810451935850043 0.8757724262332986509 0.42749859063754946931 0.22420439882462309122 -0.41386406382977070084 0.90401544602347627677 -0.10711027038057127636
-6.1755865690274811541 -6.7277788407778453816 2.3440894768763920197 0.30217388128997785257 -0.00098271111001945084251 -0.95325231693678635914 -0.38944955001866971012 0.91260907607976449185 -0.12439341721703019161 0.87006895902358560857 0.4088321275727633819 0.27538391021986646789
3.0409380964858838681 7.7532979461913189567 -8.0642889745863790552 -0.72993357490356614026 0.0044684649412968929783 -0.68350348137341387922 0.46342779360529523514 -0.73180741166066565206 -0.49969249779475261031 -0.50242577197276627743 -0.68149684156226331133 0.53209998928596391465
7.6272977118236795491 -1.2981458932180744981 6.1164879842593142811 -0.055812980653696692146 0.001283548045494437885 0.99844041569578434459 0.92659889326183730862 0.37253314200069670425 0.051318116846514667817 -0.37188627589137612794 0.92801800123452971025 -0.021981519245930884743
-4.6414888660193494019 8.7697057224990295765 -8.4457630817341033946 0.81158638515481018594 -0.0040954806421756757839 0.58421808125851570903 0.21046088936439857897 -0.93078926159753250236 -0.29889390181576680483 0.54500803065550640358 0.36553327828380260955 -0.75455395366270827662
-4.9144528249481638227 3.3198239168580920833 -1.0120533538362110892 -0.49695881698375587998 0.011053220224829558502 0.86770372855283284252 0.86704588246487013237 -0.034631909012697532912 0.49702320728392795912 0.035543943544291231595 0.99933901014653547801 0.0076269834491228295781
-3.1820592607201247937 3.4423149265805124131 2.9528288589171243217 -0.38166444950328332064 -0.0033706179948062402196 0.92429480520004281274 0.92376796176765174629 0.032563863960886799132 0.38156565303448353177 -0.03138472235255147097 0.99946397318696811318 -0.0093148002973088023931
