1125 17.292696884352682929 17.968806560800352656 18.477561601407678893
8.5360361133419679902 7.9615196486352397542 -8.5072866097544324049 -0.54159124361116040003 0.00070522721745234140042 -0.84064167604176132098 -0.60145468802409352005 -0.69896758172776951579 0.38690642014264542414 -0.58730842246447445554 0.71515300624994593282 0.37897888404805984974
0.56760306556517536869 0.19481625131361557379 5.3876006892490613254 -0.79555164542721401588 -0.0028439338087919612333 -0.60587910633938513172 0.25035068236658009067 0.90908829908794708263 -0.33299099131916981564 0.55174461057334167613 -0.41659377876006081776 -0.72251471140843215313
-8.187298200560903183 7.3024216533577277488 3.3996674906613666423 0.60994962093707028039 0.014825153345007311551 0.79230150495066764549 -0.79235963686993315935 -0.0028459854788907799905 0.61004762619486818664 0.01129892818411096754 -0.99988605110555772715 0.010010945356801144446
-6.0975602533208785871 3.537224345049897245 9.1031352910988303506 -0.23258763430326492849 0.012138752682778850001 -0.97249968794481311818 0.88080981132242708309 0.42662893231143156347 -0.20533346145533584726 0.41240401143474092471 -0.90434529069292646231 -0.10992054655173670585
-6.9739859787603242225 6.9035490904499994258 -8.868701503199536873 -0.82741644291806271116 0.0080745580891450879218 0.56153079301191277661 0.24209279526785085213 0.9073462928093144475 0.34367685898999178473 -0.50672784457582220607 0.42030644348777923547 -0.75270803442925016125
-4.6846926536105844008 8.0772577021108808992 -7.2082657594655907829 -0.97652074917088349526 -0.014611982199639344041 0.21492723516264106154 0.20473189026617225061 0.24745636689959948917 0.94702175243705000174 -0.067022977750293116772 0.96878885029546191188 -0.2386547380555388842
-6.0904404647905794334 2.6839351559769273337 3.4724858533288132101 -0.68817086537869265328 -0.009718940365547101834 -0.72548356441901007408 -0.27363544329277611489 0.92954862924895509391 0.24710926740033148374 0.67197061261487567307 0.36857141514159569295 -0.64234773115723842185
-2.33818453412187921 -4.2291159494696044518 7.4762487437785312139 -0.60096270965240616846 0.0046392559711779888382 -0.79926359788960077424 -0.098892905199778169401 -0.99273104694894664934 0.068594910341979078994 -0.79313555897354404145 0.12026448240314598082 0.59705312943154087435
-1.7315147695972430419 -3.4583650873530138448 -6.2950594606864873626 -0.30513080763565680886 0.0029202456285208309994 0.95230597099724401122 0.86484871758268555553 0.41947451983771755213 0.27582208559591092634 -0.39866262168296545676 0.9077624135051024501 -0.13052016970750054958
2.7676763975287785868 -6.4290232027363760636 -8.1278740354194400908 0.91884967040878795519 0.004703978752115939993 -0.39457972042872963003 -0.17183802098520314927 0.90491128565726497435 -0.38936776912597470535 0.3552280643947719474 0.42557424460866039029 0.83228575897483292323
-4.0821691972119813485 1.9734872130888829744 6.2699745540004823141 0.76397222045083534869 0.010394146906410526437 -0.64516541141765881839 0.45104611084077378402 0.70640052554262078299 0.54548666657256272838 0.46141505423526529839 -0.70773600955674043078 0.53498213848872799847
7.0891576858945200001 8.0646452604324920799 -6.2126753141393544766 0.6002133070759566591 -0.00092656238187605911849 0.79983943856922889992 -0.52306267819428819976 -0.75698404758769455292 0.39163833619564897282 0.60510281827890344264 -0.65343269980914520101 -0.45483654880751223093
8.0411221491985518384 2.7352655673097081568 3.7457929824173876732 -0.46859704655379558202 0.0032111464619702587142 -0.88340618998262365746 -0.86816660043824500637 0.18330336787723808256 0.46117960623684522981 0.16341224508830767825 0.9830511501766273641 -0.083107606703304304219
-2.2810222127861048413 5.0218946134372384194 -9.0770450264962310172 0.81787381115116863928 -0.0079162554947547307538 -0.57534316884115366264 0.16366727770106348494 0.96180310558744441796 0.21942608844896718812 0.55162981359149432237 -0.27362770141390568845 0.78792920353046369542
-8.1312823077203919553 5.0963193807669977531 4.7400183088596712366 -0.64096042715232648401 0.00028932327394872413284 -0.76757387078810823677 0.30264121869195093062 0.91908433907181830147 -0.25237327596609787639 0.70539210625940629296 -0.39406077445632198275 -0.58918425170873178764
-5.1963916992412411133 7.0976566118747159706 8.3527430491170253646 0.17568538752050658069 -0.012710525966619999616 0.98436430610885727877 -0.61330312117833862828 0.78074911068401897651 0.11954123857018984778 -0.77006098860065630429 -0.62471535013595758112 0.12937080481958898592
-4.1777975469961265986 4.6061927150302857115 -1.9857098193113142948 0.67965194469070289163 0.0015215970886132551554 -0.73353317499643866384 0.73035506013014750426 -0.09441275490510959989 0.67651143216734688224 -0.068225510040115094901 -0.99553197661007142294 -0.06527911860794881338
8.6251233414720580583 -8.7046401170106317835 6.6450999426786152569 0.45088366587366845994 -0.003742815069403448297 -0.89257487707407401345 0.48669905044637867819 0.83928368931623298366 0.24233638427266004922 0.74821651555070933792 -0.54368086243950997094 0.38024093108726603196
-0.9659603044400675298 -4.3899557844406995599 -6.1546059696337369616 -0.29221259776067520786 0.0072463614023405131109 0.95632593186431991139 -0.61933230808787309574 -0.76339436102296109876 -0.18345719314436306768 0.7287244265620796968 -0.64589204965257396296 0.22756135508287719804
-8.3166242000481478414 8.0850343971812002053 1.4932467585402222632 -0.96385396959089664204 -0.018977700378017301613 0.26575434557545613012 -0.18441127439557911116 0.76743639747289982278 -0.6140308279800361646 -0.19229666450494756202 -0.6408441485434815954 -0.74319632002455360276
-2.9623017156443700593 -6.6419511654987033467 3.3904386797903134365 0.90377141230746793621 0.0038658588395922340725 0.42799800166703072524 0.41701778388418297983 -0.23317485065551835088 -0.87847917274455200598 0.096402293644289302477 0.97242714079627468049 -0.21234889597765613245
1.6125114971569391997 -1.0181523685951154867 -3.2920288281097995764 -0.13094757032283324549 0.0048163660714063017548 0.99137759529072444487 -0.9764962792642712941 0.17205332862277752937 -0.12981782887242632185 -0.17119506537818290903 -0.98507586242273736943 -0.017826801800865477859
4.9328552115932247091 -8.7124922131731459274 5.2795369343692692965 -0.24592502025318357939 -0.00089256987948986761007 -0.96928844403133596064 0.92667033999753023465 0.29304850484654970666 -0.23538193383547756365 0.28425862411264407603 -0.95609715883194057451 -0.071240841455990258635
1.6804661747180504872 -8.8643278991303269265 -3.5432760915368182175 0.74700728534301641393 0.0082756977947919634075 -0.6647643405527851046 0.37299153063059425905 0.82250418726779983558 0.42937650145889638686 0.55032484381717527988 -0.56869884363624778612 0.61132985492651281678
2.2558080333233361259 -0.97007620094134938693 4.9076593645460935278 -0.63903415789418416271 -0.0071150281995930059892 0.76914544880546564798 -0.26239813289409424923 -0.9379554442904498579 -0.22668657741366954328 0.72303704254926715045 -0.34668279579406208191 0.59751859736943035983
-4.1692663238392730918 -7.7515745097012738185 2.9049981826822417474 -0.19320758267395179986 0.0066526648704544315976 -0.98113534848530814525 0.95100066315814024698 0.24728855756759832163 -0.18559662704178114812 0.24138883294477375685 -0.96891904272056228464 -0.054104713134254231455
-5.7884594705385357116 -3.2052172728530083923 -0.26029990502329197755 0.95121895263975342338 0.0022123823099175661533 0.3085086862688800613 -0.21654763386625736077 0.71704557614300157287 0.66253510397618309291 -0.2197490077469947678 -0.69702277373010679273 0.68254642808797716391
-4.4030865029902797048 6.0995467488504457876 3.7581490241621180459 -0.27901739692728749764 -0.01334711554769018628 0.96019328612457655048 -0.95929813255690699059 -0.041469988144966898891 -0.2793337304298483259 0.043547503768992051887 -0.9990505966114833214 -0.0012330148770750212761
-6.2378942095310003779 -3.0652618044077506454 1.0941579599293544955 -0.98993872484339218154 0.00041372925503568684646 0.14149611260714167749 -0.091594785863621880351 -0.76408201897504834932 -0.63858363859503008975 0.107850434664948161 -0.64511897903162618295 0.75643227498277054721
-3.5657196454234210137 -3.2700784672427021249 -1.1858076972410869221 -0.99936712975997477049 0.0045836963277067436368 -0.035275057526905337357 0.014843417940036801247 -0.84746403475262810367 -0.53064525131638340394 -0.032326659267635525496 -0.53083302415056254908 0.84685966226513387234
-3.5882250457453759296 -4.3401394850451433527 -0.17760999150497869259 -0.63436803543950048834 0.0001639719122125734424 0.77303115637446184749 0.77262717274161840653 -0.032191436434695248903 0.6340433450180745778 0.024988948632211994971 0.99948170795346014117 0.020294529134187777597
7.2895215053274045047 6.0559412059570369991 2.8040906932758198344 0.96047313405944556575 0.0021490150068707060405 -0.27836440232984893672 -0.2000899106413936146 -0.68988285825328843348 -0.69571953368277117402 -0.19353394123376771452 0.72391782933053361315 -0.66218395477979574704
-8.2587510919382172148 3.6615015718793624266 8.7850743824816337479 -0.8203569136004413842 -0.010169869302015781959 -0.57176140833910438221 0.42618607535525104835 -0.67752636835986168595 -0.59943594265770461238 -0.38128724536887026453 -0.73542817047969355482 0.56014769711534873053
0.25161782738626181644 0.21048589950515236846 -5.8105973605996945608 0.22227384336268071752 0.018009609792452720839 -0.9748179278777714396 0.96472395922044285044 0.1406068981806383178 0.22256995010606930863 0.14107452308252532713 -0.9899016891283328734 0.013878933599038257782
4.1617938891026096115 7.2073453263374291922 0.88271858839766470517 0.42939789759231733468 -0.00024328674939053281101 0.90311537820710741098 0.66071240405607067903 -0.68165760742208114653 -0.31432789467266458727 0.61569193974664881974 0.73167126980275665193 -0.29254160093184761182
-8.2800848540248139784 -5.2131493136130897526 6.9046349203800296834 -0.63095597464075869887 -0.0040511212751393309989 0.77580806033563232127 0.46009565482406272752 0.80320416429683849646 0.37838480263902463108 -0.6246651474807507487 0.59569006947606428781 -0.50492256302342319874
-7.7496973849499948273 8.2856618700914825837 -1.851168434315956457 0.63058822023175453708 0.0032556332359277399824 0.77611075070359347716 -0.77574245463793312094 -0.028443377873044576459 0.63040829493861305632 0.02412758955072565395 -0.99959010354627808592 -0.01541052611236769232
6.2108004821612299295 -7.7446710608881028648 -3.8546512276405793251 0.95765458161014926919 -0.007082808171458593316 -0.28783247931630756566 0.031414134627128942334 0.99629953671368687296 0.08000240802488631231 0.28620072408470093039 -0.085656680840278665023 0.9543333162793332658
4.5328966621671327175 -5.4173783370687926819 0.94356427523395081103 0.72064156184182703857 0.0013417631276832790374 -0.69330652601720854644 -0.65793004411890176897 0.31668180584959554347 -0.68325741188006117177 0.21864079306442343875 0.94853088168784349676 0.22909685744817706587
-3.7944377552011081534 8.2684479388708886916 -8.6876393603559112222 0.9120399566100185762 -0.0051770397938600103138 -0.41006867206104075096 0.23108981135622191916 0.83254180491701179623 0.50345967281647641123 0.3387928816169745172 -0.55393803022012189086 0.76050775278196247609
-7.1699471704432395924 -6.6693163058271949239 -6.5192843831186433334 -0.98273486305170143496 0.00065575897851939679573 -0.18501826645711672015 -0.16205038235417504322 -0.48562013938362247334 0.85901848280726245122 -0.089285287262744428283 0.87416969188194804108 0.47734210716549824172
6.2686770043144202091 1.3435180746078383418 -5.6758461011046072997 -0.98947181783938975563 -0.0005600639004784113131 -0.14472459372903148656 -0.12196858176024731601 -0.53506312793369015246 0.83596119179623329387 -0.077904985495305931198 0.84481189353256735952 0.52936157565565600258
-4.3639265121087289501 4.9361950363813731357 4.0530781682906988905 -0.70389262416865483463 -0.0017703610054933260898 -0.71030418798071381925 -0.075212264125537636739 -0.99418930726304011181 0.077011276115367843786 -0.7063131663546861061 0.10763125543132691375 0.69966936755036723827
4.1940353108653001257 -2.0077078476275378449 -5.8136008058968071666 -0.48057697318880349124 0.010219826518952247058 0.87689299688519806164 0.39595730683703184161 -0.889674161707346145 0.22737127600630585578 0.78247273690718954775 0.45648158904413782544 0.42351030077280038544
2.0226907480994156252 3.4597982770755364434 9.0447838160541831343 -0.9686117002590954872 -0.008392953014249818211 -0.24843697885116244883 0.10564318621510504492 0.89078363808769833732 -0.44197740589471268269 0.22501309145754422314 -0.45435016061929944797 -0.86193679595307159946
-7.1273374755839329353 -8.3723509215282021501 4.8035890148933413357 -0.39937706512709592044 -0.010688556828228171908 -0.91672444856856427631 0.3169396975232311453 -0.93988838802297069996 -0.12711823705990085709 -0.86025995372578456521 -0.34131447788258040266 0.3787574939235969218
3.3896444447563318647 -4.504648583112924598 -3.2279039637345485758 -0.6843506741064399046 0.012414464564737130378 0.72904734820174510457 -0.54454403081369584516 -0.67363464344989698596 -0.4996880683481441654 0.48490819064593337906 -0.73896024806053173251 0.46776254492073626734
-4.3663914316636409652 8.4602991730152705685 7.7508682746194734747 0.2054083549692237165 0.0039160006656464695779 0.97866852031106377208 -0.30789246014951021646 0.94947501162366432226 0.060822983199933358667 -0.92898312185538489683 -0.31381820731267540125 0.19623580730088138746
-2.7281241816099313091 -8.711806004623683819 7.3652417467872943746 -0.15774713492203745746 0.0055723369814193821764 -0.98746381730393828491 -0.96888474139689251263 -0.19401934081592217551 0.15368426489915801292 -0.19073069840015344223 0.98098187773780043397 0.036004947408377965812
-0.3715431234281012518 2.7834328617023955665 -0.51802769117589708703 0.99984159951143702916 -0.0074331281996128147765 0.016171718870253950356 0.016723241629989102353 0.081359397343940001446 -0.99654452065772292091 0.0060917218773813060911 0.9966571110813521317 0.081470815974446636476
-1.9776107098016220132 -8.3693395479590844133 -2.6885192885869479973 -0.73574855573879405224 -0.0072215342412701166719 -0.67721629644569514284 -0.15482331699169879502 -0.97167063839427525451 0.17856626500622305165 -0.65932071349543863725 0.23622874491854520262 0.71378720696722386396
-0.54850523187339006448 2.510486153120687014 -4.9457448030940662775 0.53356982259796992274 -0.0041299862752072888025 0.84574593562504019051 -0.59987642838985066884 -0.70676816509864348603 0.37500270860995749134 0.59619754702187044426 -0.7074331798948013672 -0.37958764588584575916
-4.595643847973341245 -5.3746689112797305654 -1.6515244532664952182 -0.90834650449849685394 0.0036495012097728114081 -0.41820247357740275573 -0.32181706889254413362 -0.6447276322880782784 0.6933686280281843306 -0.26709624095976486347 0.76440366384873037475 0.58681056292479205627
-2.3104102590428943209 -2.208722602124048251 -6.340482474881094177 0.30330886292650766078 0.0089956649297031638507 0.95284983690125046873 -0.87983368954639573634 -0.3813474084830070221 0.28366676361964726638 0.36591858713288377691 -0.92438803110795930706 -0.10775135978185890195
8.0999948712259079997 7.6990010111310187568 -7.1557809751165359913 -0.71744745186212033339 0.011191236095910076995 -0.69652272759123368129 0.078776271268088574051 -0.99215370904309219124 -0.097084070355591953194 -0.69214409836511137097 -0.12452218222637093104 0.71093654655842775103
-5.3253314314183359812 1.3259899167528323982 1.769724080578911396 0.66542607158391520183 -0.0069210677599302206781 -0.74643167274547594925 -0.054440299398332447911 -0.9977440860774043907 -0.039280943197046239157 -0.74447592107302484887 0.066774527464345811989 -0.66430171264563819822
5.8208102656239582018 -4.2980944906025273511 -6.0535274986863605307 -0.66532238617446037843 -0.0096981885313624782707 -0.74649317987132823848 0.38531399767074137053 0.8519820629804250034 -0.35448510202664473834 0.63943666273850652271 -0.52348114531375722347 -0.56310589132671540202
-5.8428226560655387445 8.254273057148367343 -0.2055803161840572546 0.064779780221401725426 0.0049152101299338533252 -0.99788747901946606156 0.29173556728537336502 0.95620662419730650949 0.023648480327961664271 0.95430285489218935613 -0.29265121313668801539 0.060508913346181823767
1.4287884593672321998 -1.8609933705153804961 -0.14971587195974092599 0.87698814425751769885 0.017726932334048258605 -0.48018491303003091319 0.31024290003014215467 -0.78400222490482862625 0.53767076759394449859 -0.36693478686610403461 -0.62050484866294353115 -0.6930603112088862261
-4.492455175293535774 -3.1461003452764080279 4.3432885080610024175 0.86366402599972014187 -0.0098646936483038835664 -0.50397136626304672724 0.28871822464482099768 0.82923572773072073971 0.47854978279487919712 0.41319031565582375887 -0.55881195018933804697 0.7190291839515140504
-3.4939560403839333702 3.1504467486771483564 6.0627157700167364496 0.85611940689774768121 -0.0042303055477460101835 -0.5167607431378761218 -0.48835873160508269653 0.32041725925905267802 -0.81168868985208686428 0.16901275217669053941 0.94726706080396738674 0.27224952730519541566
-6.931449482009621299 -8.6435561095969895007 -4.5053934060801719141 0.92249312991278886731 -0.0028275850134659276727 0.38600314769008503557 -0.23010106123927670518 0.79886368675991747956 0.5557610202171949787 -0.30993535919639708665 -0.60150545694880663827 0.73629563246055029779
-1.2746765913558988359 4.6482385828717207588 -5.6322908985357704736 -0.65128942440856341101 -0.0048439915273444621169 -0.75881395704036158634 -0.41156544333001998659 0.84237826472508148257 0.34786886175010184319 0.63752331056202515835 0.53886491337337527607 -0.55062567468774692436
7.8473038960513248341 8.9258191340536541247 -7.4371280324836774867 0.52150288899260477393 -6.248933008806863143e-06 0.85324951610478261266 -0.68206661465766527108 -0.60083504260929865293 0.41687214435854397232 0.51265960435908386472 -0.79937303653150482141 -0.31334147271742501806
0.94264168650069413147 7.0240067635509992883 -2.9567588065171959144 -0.98020968395637764203 -0.010690284553127078412 -0.19767319821971338079 0.10302235003862848794 -0.88021480457215306448 -0.46325834391231335285 -0.16904251202212045024 -0.47445507229675543126 0.8638964136405187233
2.5981748092714873621 3.755699958055346066 -5.3766309940924301713 -0.99277013683649795173 0.0054973392650372512186 0.11990510692504148527 -0.087514262925356467449 0.65054169506652470556 -0.75441153011113049054 -0.082150527632608508211 -0.75945064503282821988 -0.64535727203517700978
1.4095495485645415101 -2.9656628718549340462 -6.100517322800842912 -0.64760071315125977698 0.0065556549940683772615 0.76195166494572674765 -0.54624546713858668223 -0.7011685098371931435 -0.45823423098146215393 0.53125248795333968044 -0.71296545792911214523 0.45765822383461202127
-2.2490702267900530842 8.2035702121820612831 -6.7577692994447939867 0.29222217843839520812 0.0025013524542079924873 0.95634718678145747006 0.56760042992590564737 -0.80527990036211549718 -0.17133019004510396943 0.76969861009157414244 0.59288955574282409255 -0.2367404154648033443
5.2138309506008040373 -3.1432493551605587001 7.1325151539499689335 -0.32661502449592494379 0.011871537911068891918 0.94508290237465164552 0.94335376040203389181 0.065839831567936268897 0.32519040470775445462 -0.058363588892236882566 0.99775958184646540428 -0.032703338130568332387
5.232994072111470274 2.3230165687748729475 -0.40795768679331007034 0.59819028824784759024 -0.0069232916406538041326 -0.80132418351034073734 0.61563650334291475374 0.6441020362598575133 0.45400909972964709205 0.51299130089844235947 -0.76490825261498440746 0.38955781378868770126
4.3327332315900726201 -5.252271427707706053 -9.0197552195469814507 -0.93239174962130200175 -0.0017001714013634219858 -0.36144534117301807541 -0.35308600270250362074 -0.20958550841520118269 0.91181368127391371203 -0.077303945138207111332 0.97778884432164347995 0.19481549216234822497
-3.6133404586636514999 -4.2878324951737756265 7.4713538758448310162 -0.61221319908579541202 -0.0026893267739841477358 -0.79068816001411723615 -0.31209842915883245773 0.91962011935279852626 0.23852338794701241631 0.72649127274969205192 0.39279969908680745228 -0.56384290987437502007
0.82216800456446270662 -6.5740480325520804783 7.1626589033067835643 0.19456679234305099269 0.0084935066989815719007 0.98085249842214516924 0.77009386428704473815 0.61802608741877806953 -0.15811133880029937249 -0.6075353516501358353 0.78611170682909692342 0.11370655601829077197
7.6618011725384107535 5.9902315600094304671 5.710863444876436823 -0.93269169583986877292 0.0030976554150860579132 0.36066134398177290832 -0.29961402737566017462 -0.56334746551424197403 -0.76998121256211071728 0.20079251756846869248 -0.8262142806982312182 0.52635760397194741866
-5.4229141772258691034 -8.4039990746593300486 -0.95781595499326210863 -0.13083524784133374053 -0.0014377989953454294557 0.99140308182724945496 0.063218209675227343691 -0.99797590611726139098 0.0068955619575800184556 0.98938647448188399292 0.063576910457208535288 0.13066132009484413001
1.1932778870276417038 -6.4452257389336109483 -5.2673263966964158911 0.92336754804760590165 -0.0065934041116208373309 0.38386051924453240547 0.086390677174644936454 0.97777787678034466801 -0.19101590137020027504 -0.37407087845719921848 0.20953985468459779273 0.90341796926398876266
7.3115920538052483479 6.9861619842376603273 -5.0740653519915106529 -0.8122475266898548929 0.0037855659827840185128 -0.58330062992940745481 -0.50335311003931448859 -0.5098764875558046139 0.69761136318980643267 -0.29477042253189528198 0.86023929050478997738 0.41605139234527382941
2.2666104169757481657 -4.1767030818358463762 -9.2232563909410227865 0.66289145432658258539 0.0065609983666274577369 0.74868676566444392062 -0.091163771802856674586 -0.99181413739250634531 0.089408520729593710108 0.7431447278232991005 -0.12752125379262110871 -0.65686699059998177042
6.4493406838886864207 7.0580999735501812609 4.0374698331891512026 -0.9232370128844865631 0.00613353765018046556 0.38418198520531010587 0.012986266348337001386 -0.99880322698207091303 0.047153691863451481503 0.3840114255158669776 0.048523123208417812124 0.92205245598463081436
4.6694094278422966227 3.74932715975345765 -3.3774289057428816818 -0.18793575528695849464 -0.012008477683161055544 -0.98210791074520298327 -0.62802468874041006419 -0.76733236783492719812 0.12956090307368603454 -0.75515901783470718023 0.64113714113028308361 0.13666756764595899831
-5.7272608152633299738 -1.1832089439784299056 -3.9326958719147175891 -0.48875498240681830575 -0.0074365102644099300572 -0.87238940014632193609 0.29057294620522527984 -0.94425720411039859581 -0.15474396731225581458 -0.82260922077634046623 -0.32912464325997148329 0.46367126187935614468
4.0368102155204006465 2.6263093797515395522 -1.3543622115797497862 0.78041529499722406271 0.01319927590447155831 -0.62512218521657370029 -0.2569650845068147671 -0.904674145447235456 -0.33990239173015523999 -0.57001834415994123706 0.425899600463597372 -0.70262978704722367507
-8.491186025594528175 2.7367020204965286645 5.861064908932137385 0.90855634910819138561 -0.0040560981694788581994 -0.41774263436098624247 0.04437933960241139536 -0.9933575096165677687 0.1061665310008301083 -0.41539840480145873158 -0.11499741804025707947 -0.9023412653384333959
-7.2100878962928200977 -8.7203391347824101842 -9.1189940184046935912 -0.65087929172581704407 0.013798473472058732717 -0.75905582780996949666 -0.72159347440861720813 0.29946230290841785449 0.62419963699700631299 0.23592160836434131199 0.95400834968372549838 -0.18495692320144566101
-7.5843093778149057727 2.4893005650910025039 0.87777988373501580899 0.12393168624558172086 0.0021268573157821654002 0.99228847298670563859 0.98093040934848185763 -0.15114675615901229655 -0.12218915712175834609 0.14972130496295935065 0.98850904628165314758 -0.020818171378715343706
7.2108191584245142636 2.504514012009907642 -4.3055708989418066679 -0.09725790331486909579 -0.0058172276770130822154 -0.99524221177804916838 -0.54023804639829065 0.84014884465870542929 0.047882899265761988405 0.83587304865409739474 0.54232469857127929558 -0.084853802819704352012
1.4457501012123752382 7.0755086108248779198 6.6286095816679502235 -0.27869369601594501384 0.0015892112979863236462 -0.96037872644514377107 0.2747918583689478722 -0.95805806344457777879 -0.081327619189959038382 -0.92022782960275495423 -0.28656974975796895011 0.26656804037318498901
0.21890994552189657618 -8.6335384863861470706 -3.6296191052666042509 -0.75823859506956270415 0.0057995601915405391169 0.6519513770586063961 -0.024000297323669407545 0.9990344009617426746 -0.036800155211178992021 -0.65153527815113432275 -0.043550324875665950841 -0.75736724944246180957
4.4354015416478622669 -5.3149066973089444943 5.6509098492399951752 0.45553705268784633331 -0.013770154448733449432 -0.89011031702523113474 -0.65254281948831227567 0.67496533130521685351 -0.34439754684163537135 0.60553601244062349451 0.73772093936841987016 0.29848610228049171633
6.2753617324157371371 8.0592288833884513366 -5.1096117315421345495 0.69840373278095380094 0.0021482706356354712082 0.71570078312882745575 -0.71121687316313686456 0.11388506842202400504 0.69368634880521684583 -0.080017406642875793521 -0.99349160848178541539 0.081065643218095839728
3.3068627564140018471 -1.964803183302954448 6.1400141769672433867 0.15404442739346754787 0.0094590976745669071851 0.98801864347797818677 0.068790674806276638775 0.99742507921050238551 -0.020274477096312103208 -0.98566635199179097881 0.071089639421036854294 0.15299707748284821496
7.3708824448033425369 -6.4332124263686658594 1.0539673122128541127 0.40513011946781174455 -0.012769335703550226471 0.91416985859622956756 -0.8337300963670758458 0.40517043430818272531 0.37514136745273385376 -0.37518490469607990168 -0.91415199131671787125 0.15350056696951969171
5.7441980929878422302 -1.1891245542581818651 -4.2287361183850871171 -0.37146596165711248672 0.0092260240436972396072 0.92840073234048203776 -0.46314045230406503117 -0.86849625460130897014 -0.17667817404360350309 0.80468252172512422238 -0.49560986292054337587 0.32688974135968290602
5.7322557180844615488 4.8609455148627045418 -6.5449555387099414006 0.96623578117728270431 0.0071194601641925798693 0.25756111597035913352 0.23429728625445622736 0.39164110753757458427 -0.88978762889834706051 -0.10720632829579614109 0.92009051520709861371 0.37674958128672791924
-5.43107847501892671 -2.5569874176006242017 -7.9455423902445447837 0.28169442790511928232 -0.006492614025136189855 0.95948220163277797568 -0.94890455559757447279 -0.15011089593684567856 0.27757316744810794917 0.14222655748244361629 -0.98864784675034600436 -0.048446273979362297624
-1.4238619319222534099 7.1894993585956585846 6.4369819033742601277 -0.077550779922119478238 0.01459389392493087162 -0.99688158514148295097 0.83875305842056657735 -0.53957630795618927166 -0.073148580866843448955 -0.53896120780977307962 -0.84181020791660121638 0.029603890345609631951
-4.9694964737287525836 -4.435278413472785175 -5.5469257677609302704 -0.99942863153416827693 -0.0068504059446933491043 -0.033098072576020418079 -0.017394321246540198761 0.94386091810741212793 0.32988483575029298178 0.028980132129395333451 0.33027206846463635914 -0.94344078390421359792
-1.9214336852892388574 6.1773896664001801682 8.8045666218040246065 0.76673088288440616189 -0.0062987252623558122322 -0.64193775343984305071 0.12456889923536060283 0.98240574413404457843 0.13914576255047977904 0.62976689542598007776 -0.18665283269356755524 0.75402544882299182838
-1.3132999246547518712 -1.0423762309659736491 5.4378732425836568964 0.42779111485698562145 -0.014847008019662780165 0.90375567959600244805 -0.68964298007091195952 -0.65169307713247381919 0.31573516316139099702 0.58428359731234469354 -0.75833745758101456236 -0.28902764286689841544
1.445332939541058348 4.764691739974655782 6.9966674162522650704 -0.42582968116985414619 0.00023917687992054204385 -0.90480330759178750899 -0.74291074215351271537 0.57072893074870978403 0.3497886744868366482 0.51648108564365735607 0.82113849647947789734 -0.24285563154168568478
-0.80853148587606693543 2.4061310489771687848 3.5175324810201020753 -0.94771101604698482213 -0.0059003975003305061259 -0.31907525032858374825 -0.0086744716887192842986 0.99993592101244699322 0.0072737480162396363909 0.31901188630510035615 0.0096612203483456022407 -0.94770147051543041083
7.6568777816555577687 -2.2087204815363574717 -4.5033281159977622821 -0.75456807470851039454 -0.0016569025976651183783 -0.65621968524628349062 0.044529615981627038157 0.99756255480047117956 -0.053722086337604148254 0.65470919798890947483 -0.06975818184057337723 -0.75265507514064866612
-5.2357437924584182554 6.06907490356013124 -4.7512937940488537691 0.91359417101745066248 -0.013150531737114497938 0.40641451031916897563 -0.22031814696799681408 0.82404723571102300728 0.52192534660934974955 -0.34176834961635849108 -0.56636844618311110722 0.74994745040477506226
6.0048324602262299621 -3.2632232295892502627 -1.5584137673808655666 0.50836664456931512923 -0.0011114222986060816323 -0.86114001151372443488 0.77196512881354850677 -0.44256686968246361502 0.45629420964489714185 -0.38161917481342300107 -0.89673481620809114556 -0.22412825528018442967
4.7207416087888258716 -7.5994844230570404164 -0.14531794732764957701 0.067255005614428847727 -0.0063741315952956009022 0.99771545776660297555 -0.97925236805292747988 -0.19201007357311938861 0.064783727195586560121 0.1911584784484084143 -0.98137225459685417661 -0.019155522035349679261
8.1911512507254915505 4.9791877923553231611 0.10509490587805339623 -0.14500978327249183786 -0.010069900078630700593 0.98937897686769638028 -0.61750715890649610085 0.78222204828986074965 -0.082544387263243867991 -0.77308283608856531721 -0.62291834479456820173 -0.1196480850814602287
7.9704338573803887869 -7.6182692805433109839 3.0600854678177564772 -0.76624663999908892986 -0.002440248263451540861 -0.64254193005475568334 0.088101923556585831632 0.99014916958505883038 -0.1088240462196588404 0.63647791615705096024 -0.1399952397705379048 -0.75848348372663576544
2.8177980709026519968 4.7316933432450669628 7.0488581612416814082 0.52185551124568896331 0.0068420766550298002528 0.85300645447130130083 0.31781065737706398755 0.92641674849707289496 -0.20186231486300079685 -0.79162062343019379274 0.37643750356648619793 0.48128120103409816055
1.3391893520006981078 2.4947703337393329903 5.2183140634527642732 -0.7516628750627739608 0.00062290176224867686156 0.65954721911758373842 -0.22396978781512644208 0.94033533598216301197 -0.25613861491232126077 -0.62035510507977376093 -0.34024853841938418331 -0.7066756509920497642
3.1051764300851076861 1.5308490044829847765 -7.2827487953881862026 0.95499675967157549028 0.0096346948520694853518 0.29645971340444099429 -0.053273024685535581846 -0.97764884991488809618 0.20338316326849856241 0.29179303257189637133 -0.2100235675236157562 -0.93313821442859612443
-1.8176055184718313829 5.8560394587986719372 -7.2990827496850894107 -0.90515864174556581734 0.0034240314329515020297 -0.42506012431433864984 0.41260895823514154301 0.24746198621605447476 -0.87665067898359905207 0.10218454314365668645 -0.96889155295455220429 -0.22540514136958117453
1.6960172431633044887 -6.6261473610493482056 5.9642325567761682592 0.37184847103371193588 -7.9560592811293981072e-05 0.9282934386602380572 0.56972736864828776859 -0.78949153449158049334 -0.22828456447801986906 0.73289797380168997254 0.61376144440338964436 -0.29352589214772639714
2.3289983152796707166 4.8360526448211977879 3.8801769959692622436 -0.70005198181438843541 0.00032935950960519613795 -0.71409181082004913321 0.54954850814985878316 -0.63830578194769538314 -0.53903818595910435452 -0.45598646904048067974 -0.76978283967248106734 0.44666622862874583166
5.8111273918144563666 -7.5601519496242310936 -1.5683567442221768573 0.1286865984645990113 0.00019822168038572274967 0.99168529286435869174 0.98110596017341389352 0.14565330770313827946 -0.127342879137117726 -0.1444674852257409603 0.98933567340055450501 0.018549152251478111947
-6.1177700049522734105 -7.804992079313401554 -6.5677911414286187508 0.92277387379665887224 0.0019697196315451321463 0.38533686307326808773 -0.33176746148480523724 0.51271171276648364046 0.7918693396589709943 -0.19600696247433718744 -0.85855857097603271999 0.473770462212430854
7.368238877893018568 1.4247721491859148824 -2.5151594862413215736 0.84350179728233243281 0.005681154323230568938 0.53709630651006368129 -0.39226372721587304815 -0.67657215468942188963 0.62320084066815217838 0.3669249055216496358 -0.73635442823716068528 -0.56846131770205055034
3.9687306723058664026 8.6914080207773629638 6.0345402770861360509 -0.46599969914515343428 -0.0040968949180846415264 -0.88477539288150364172 0.87920962965467308603 -0.11422680813414902434 -0.46253936419051921991 -0.099170093873867909418 -0.993446250058530822 0.05683168768842532248
6.265038494104014255 3.7905383537738810418 -6.9007140390412677888 -0.93239253242233088859 -0.00037294688585541233006 -0.36144712807510115393 -0.32171202268748272379 -0.45497485718257335563 0.83036091778824083764 -0.16475903599345670392 0.89050420562867826924 0.42409517777993249732
6.9120192665553830125 -4.1943890160626349228 5.0968649481388439426 -0.32257886755818421243 -0.0035987334297473971834 -0.94653574857091404837 -0.94272276747336414271 0.090969484238758557826 0.32093353926425999267 0.084950914604413632625 0.99584717806248956862 -0.032737441146388900071
-3.254727133776736725 -7.4758607196530011407 6.1600808167601996956 -0.036440153325525456718 -0.0035439243516485188432 0.99932955316333937912 -0.92515073672843772812 0.37821520849014667043 -0.03239398705423032071 -0.37784683346052638786 -0.92571091419880413564 -0.017060884412318663705
0.028897481432129060869 -5.5707192236423193066 8.2392133503382876114 -0.97303877609753641753 -0.003387851237237293929 0.23061670077110199562 0.14073683858813709757 0.78344271126100983871 0.60531864372116472861 -0.18272570283031386307 0.62145477762771006436 -0.76184334143510812343
4.8096228074979840983 -6.3545899137050225747 -7.2964199018103945704 -0.89957596713627774321 0.005047894633109225454 0.43673515785898453512 -0.36464255289959590645 -0.55908655096268755624 -0.74461939079478989267 0.24041399286499900989 -0.82909393152544397232 0.50478150198110161018
1.7798546397879566605 2.3339257873211822769 -8.4447476272137471653 0.69289870298751732314 0.0077844214100160555314 -0.7209929196473873203 0.70807533650019960358 -0.196078896128728003 0.67836744050203767742 -0.13609079777325791549 -0.98055722386629007303 -0.14137476962023742821
-6.0597245848088761022 -7.5890085082452616305 -3.0654496751827564616 -0.015517264911235863906 0.0025813845912669285826 0.99987626781675165155 0.7769457919039457483 0.62948105675155308081 0.010432431801938958638 -0.62937623956747235088 0.77701154151282880722 -0.011773420209705320535
-8.0234148015996229475 4.7578187388486901099 8.4271842868053035147 0.93461459497626420134 -0.01198555116040844748 -0.35546013197065573497 0.32723401757775305576 0.42051016738725610633 0.84622047769102437531 0.13933218076612458036 -0.90720865609134393459 0.39693701983529755539
2.4860433091891183111 2.6651387476466990023 -6.9129497351185253962 -0.8387134854283199159 0.0049743229068069955839 0.54455022309448797291 -0.090227190123360639928 0.98486837541829685971 -0.14796397285600826343 -0.53704631413235048853 -0.173232615902877779 -0.82557356865664777157
3.8608726619316597883 3.6505690740556442364 -8.2730242085312273304 -0.94197966128777432804 0.0027098837572511347976 0.33565901485057458853 -0.035788201105777683875 -0.99507852448150946323 -0.092400945760042679789 0.33375668140445108323 -0.099052443916192375872 0.93744071331057432506
-1.7665958477930163717 -7.5340714234780676861 8.3254547587259501995 0.46386294760491370015 -0.0034221169676073590407 0.88590036401094951479 -0.32895587814433302487 -0.92916296786691465748 0.16865411165814264693 0.82256865736145146073 -0.36965452555085426267 -0.43212999857209094534
1.0780213421599906809 6.0846992404817870082 -1.6916336595618115535 0.8667252670561640393 0.0081477907653252183706 0.49871928472039189773 0.25106171719367348372 0.85684336432105379089 -0.45031929025831002322 -0.43099341712624911205 0.51551242712911427013 0.74060219542557603756
3.3563330982611443432 -3.2031552095354500764 -2.5311850027422599929 0.5475309509664836316 0.0072435097008935363239 -0.83675407934537748833 -0.57743217280575631634 -0.72045440459722909221 -0.38408011755995480341 -0.60562525008657641656 0.69346447815544476345 -0.39028844973168469457
8.3714876797400261665 -2.0717217851226270575 2.0725757341443902249 -0.98259561006628604041 0.011938136315223026734 0.18537353635272710295 -0.058229173365141495555 -0.96743061526283502527 -0.24634806275115889163 0.17639509757292384795 -0.25285467279341167224 0.95128822341003405061
0.2934832169297728055 -8.6662863570988513118 -5.969969200704207779 0.81267745030924143368 -5.176497973875641978e-05 0.5827137883037692978 0.12112488972940485543 0.97817285928807506945 -0.16883903115174497822 -0.5699860725027641184 0.20779281670095764434 0.79494529527526869295
-1.3884977529777580152 2.4252566360544780544 -6.9720009448621764747 0.81816539374891672498 0.0061180921986047596961 -0.57495039561642358183 0.57495919922452642936 -0.017793198402415184162 0.81798858263330997964 -0.0052256768947026993599 -0.99982296984952312435 -0.018075432568204732181
6.8438749145418382724 -5.4795981044006856209 -1.4584431505302908327 0.74384752674774623493 -0.0014899560368286848128 0.66834769168627872205 -0.63267804379012715366 0.32075831337042287617 0.70486353098281440133 -0.21542829400333332601 -0.94715990436402608399 0.23765261561336889495
-8.6186230388395674851 -0.60628880948970909071 8.8282733612239159271 -0.95277470667267705196 -0.0077247058563319585811 0.30357978727906353988 0.059081353132095081049 -0.98528984666974162021 0.16035370828836587043 0.29787539683069419461 0.17071686199434774056 0.93921563072276670336
-0.51204832779802811338 1.2547653409106462874 -5.8912659575562136283 -0.45864665919035318975 -0.0076139094060500680031 0.88858610747480226699 0.87236870827269596962 -0.19421704330698139063 0.44861183323190578776 0.16916287666072213347 0.9809290333517297622 0.09571913438396977003
-7.6324466792990932618 -7.7292698047126382477 0.46737342934912923242 -0.91536901864094677439 0.0056003538186514241828 0.40257694388738701763 -0.35656955947403967677 -0.47561911121016303694 -0.80414215802179922488 0.18696980763996251529 -0.87963350157258957118 0.43736391476924707522
3.8064837475529151867 -7.468108089184227083 -7.5094932540641421426 0.99920973218703657004 0.0043446419272950729737 0.039509937854584106787 0.032147583708666820079 -0.6729171260576093383 -0.73901899455952835272 0.023376140922918221127 0.73970512066952931463 -0.67252501105217743493
5.7493123874440010823 -0.86299986250733395909 4.4540131267007936344 -0.094532675095588714065 0.014913045291381250498 0.995410053404746753 0.13367931614549388719 -0.99064199238389150093 0.027536945368683778124 0.98650565825755476279 0.13566887633341695452 0.091654471905734488657
-0.31487337873508725039 -7.4929184954587464418 -8.5259218956738092032 -0.14737328387229614579 -0.0055520228407929606354 0.98906536196690808538 0.35106156056259102405 -0.9351690623869796104 0.047059594660526934962 0.92468205124577140808 0.35415815647321824411 0.13976803750244098934
-7.7068430694918728108 2.5787050630323520295 -1.66190437354238707 -0.99396848664491510572 -0.0086256999352649754015 0.10932632280089246701 0.10588922450653012741 0.18388536975247105065 0.97722752873850371458 -0.028532782723399239405 0.98290984738762565698 -0.18186289401185656844
-3.2743395133052781709 3.5456141088242003612 0.49366745043364457235 -0.97855528238089994897 -0.0016139553693995598027 0.20597804366622027294 -0.20288026535200964773 -0.16539408260971938391 -0.965134392387085982 0.035625233404649805924 -0.98622623803370912388 0.16151981351862332303
