1125 17.292696884352682929 17.968806560800352656 18.477561601407678893
-4.09531478465657095 6.3032058838957434332 -4.0649147525213269461 -0.82846296117060347353 0.0061240750381736505301 0.56001037282655308225 -0.39846287040652772493 0.69621363851903805831 -0.59708785823152654704 -0.39354347012220242119 -0.71780851572345094613 -0.57434699605677286272
6.6380550247023100141 0.44838124923155292523 5.5148338007689030604 -0.00017477146590903595846 -0.002985157713119246381 -0.99999552913418754407 0.98128005239798665738 -0.19258581472436592241 0.00040340108057394276353 -0.19258615791480732105 -0.98127559472369518812 0.0029629342223760745528
5.9412249671500179105 7.3309167858925743388 1.6238828021196385354 -0.97363085042486863241 0.016896267668743185364 0.22750271040120312316 0.21247552941450209563 -0.29587990790893442528 0.93129438390652186097 0.083048880191503568482 0.9550757018347799665 0.28448776294287647648
-1.165055274638058691 1.8470390376889815887 -6.4291273731878577635 0.43393220792636971739 0.0085648683466650436802 0.90090481292676094505 -0.89975531266722308388 -0.047262712457762569296 0.433827861413428717 0.04629488364342154022 -0.99884577340124769407 -0.012802527372303402695
3.0374307332553547312 7.3414156999878237286 6.0911865046528763656 -0.83615140033563328803 -0.012751871341628440507 -0.54835045864313403108 0.54553493419486964733 0.084453124566631732062 -0.83382210652188293309 0.056942701813950509504 -0.9963458533703831721 -0.063659007075894627481
-4.3443658004494061231 -8.4479701562532998338 -8.1043235192845273218 -0.62244773215873006045 0.014922490375225578099 0.78251909881562853322 -0.32203805881081626339 0.90637652143021874007 -0.27344668598742433163 -0.7133374442769426782 -0.42220720112400966784 -0.55936640041316609828
3.1404439442586267184 3.0660595174951450481 0.42740920326579956434 -0.98526928458942819589 0.0021246209848638404616 0.17099685035184175597 -0.16612977408371734644 -0.24906830651581779446 -0.95413095372279166373 0.040562729290085579315 -0.96848359029741004633 0.24575231497894278743
6.1315777893071823357 -1.8936262219867947554 -1.7528390042872370458 0.95108987317589410715 0.011094781425490037041 0.30871501253992028602 0.01983110560690033719 0.99510060393890820141 -0.096858222629400705928 -0.30827711623294362653 0.098243034692820349618 0.9462100854152002416
-6.6703229833769830392 -2.159558059123010576 4.1965816621253893004 -0.31474058970681606517 -0.0020632972261730017291 -0.94917548640673099491 0.60941236912724405794 -0.7671065695264723816 -0.20040976858436046482 -0.7277052463365312196 -0.64151637063603572653 0.24269697291157282804
2.7313039821488529491 -3.7101469259560495573 7.4309155937182129747 0.094367843718095451022 0.0028657642330556943461 0.99553327290824633611 0.57821066922641994879 -0.81419886327874713139 -0.052465541343608423919 0.81041170528628836411 0.58057901997147520756 -0.078491206540333230413
-3.7054757633224113533 3.031280984967596126 -5.0986921122058657119 -0.80279616207038972941 0.00096995599343881449411 -0.59625278309672824495 0.59315863715159433678 -0.10045691350345720139 -0.79879361521091885034 -0.060672508912420222704 -0.99494093679718542678 0.080071086838828436916
-5.7832713659517827054 8.3802792016521525653 -7.6594196072839597633 -0.050764235209028556184 -0.013225616591510655495 0.99862308980364999922 0.98918733842214046081 -0.13842282560428612048 0.048451324617456166532 0.13759143116147812269 0.99028491072902613546 0.020109541352339239256
-7.0000131736939730231 2.7141411348560309236 -4.6416916809273356392 -0.47991824605204402854 0.0088177352735194936689 -0.87726890099390852917 -0.61814797437913648892 -0.71297534979502730224 0.33099732983216179072 -0.62255245471965825477 0.70113365211614520067 0.34762054454981772267
-8.2251661902109791669 5.0608567837114408761 -0.621542778337709656 -0.99670492954859934986 -0.00266231034963041336 0.081069078675259795275 -0.0083378418754127235635 0.99752960030868242924 -0.069750820071886432405 -0.080683107317962965421 -0.070196927364663583293 -0.99426486792113411006
-4.7828003519148367673 3.870072884990760631 7.1781247918058141977 0.17687658218335355897 0.005441012201769371455 0.98421799925690101052 0.0019418434521494554179 0.99998084412523779996 -0.0058771274368548216335 -0.98423112322200578816 0.002950723491521686781 0.1768626283639065655
-7.1284541713595412915 5.1634276883652061585 9.129722842465991306 -0.50882035091807964466 -0.0073155780924984877001 -0.86084164212042435516 0.84071723327165381878 0.21089177573098782936 -0.49871754792566475034 0.18519282969806930006 -0.97748204139309069483 -0.10115569475942229327
-0.75855162851202551089 3.034859711947772265 -2.8856990694228419336 0.55337346089272421157 -0.0072231347978021628528 -0.83290193846765248065 -0.27580597461411732185 -0.94514003003022573068 -0.1750468165984472857 -0.785944576383408533 0.3265855936163543638 -0.5250075931787240302
4.7996018481879474393 -7.2459388320274813466 5.8438761860288632732 0.99634031815699941603 6.3035302659187881884e-05 0.085474946279858868281 -0.072536864912080847856 -0.5283586550476393473 0.84591697870715820695 0.045214750289319316501 -0.84902127633110435756 -0.52642045808778370475
-0.63378342196580739198 -4.9203334609182354242 5.1186646928860399797 0.90043712358181005051 -0.0039320106801430214361 0.43496841927603396849 -0.21236647482242274054 0.86871435623806392279 0.44747720348291741832 -0.37962279547866434326 -0.4952977958334446873 0.78138762889828483615
-0.77451750934606411469 8.4986038413041953277 2.4792296575508552259 -0.92348890668284444594 -0.0056181778432358277578 0.38358398729798731663 -0.25394469530213942265 0.75841097114904709731 -0.60027068108386461009 -0.28754187688351262597 -0.65175243376509051085 -0.70181082502325564665
-7.6200303035991074907 -8.4042929971340605277 5.0016524591835729296 0.98309678661483401729 0.0075048198458125912197 -0.18293273579781921256 -0.17505981611319076929 0.33113459427920816092 -0.92720221163123361929 0.053616871689905344633 0.94355368588682442255 0.32685114795512182351
4.684028099063693773 0.46817857071023066817 -1.9476963489886798264 -0.099604409881119002068 0.0014534991399897851955 0.9950260543686736403 -0.054626792030537822675 0.99848281547566664074 -0.0069268169081866731371 -0.99352648436005519539 -0.05504502284750006913 -0.099373891616699794316
1.2618122338298349838 -8.5167633059164788989 7.7220751095459991831 -0.97333487971422028018 -0.0060534506969853515285 -0.22930889138143970007 0.15878856959501072565 -0.73921108695083215245 -0.65448694341061330881 -0.16554577040197643312 -0.67344660119692290046 0.72046115317800729638
-1.3870425741960903387 -8.2740989117040850687 2.3385610821871014586 0.93806918477076972618 0.0018325314285210982535 -0.34644313589990977098 0.16769842466790352287 -0.87742946724747516996 0.44943828093512822042 -0.30315580638913075529 -0.47970216992891784313 -0.82339685766832881875
1.4873954895359391415 0.63762790059532548081 -0.40159736344197460856 -0.63267494837924598272 0.0021218797784380624 -0.77441455779158685502 -0.48855784178333799828 0.7747908659864837233 0.40126094902927800234 0.60086075335766986338 0.63221405521406148775 -0.48915411013764414916
-2.6014247859332289003 -7.0933842251490668573 5.5999731513282444695 0.95738990082397701364 -0.0065757622298035934422 0.28872363455610716709 0.1855073889570716672 0.78022202025534848069 -0.59736137115765641781 -0.22134043110668694121 0.62546811146545944204 0.74819653507461869602
4.1826787944264012253 -4.0788765871662775453 -0.29707888282781574896 -0.99893204618611786128 -0.0022180345290730473298 -0.046150270044458874263 0.021295710616107396684 0.86432056743873653115 -0.50249024807631326173 0.041003168313009777379 -0.50293641449527093368 -0.86335027837069766576
-4.7144876322397566426 6.375176194488372694 2.6935079050587886762 0.74757695463240902978 0.01983350622199587035 -0.66387900172676694854 -0.38049431447230053216 -0.80648296381113715459 -0.45255862132596702541 -0.5443829291563768713 0.59092458157813232411 -0.59536154169526134261
1.9439755007504226914 -5.0928080950534519999 3.2371986188998347345 0.086506243314592307092 -0.0078454046456725365366 0.99622041712308706529 -0.35763529549446182454 -0.93356047356257698677 0.023703114097738918475 0.92984604386104929841 -0.35833405061097201028 -0.083564603083611993517
0.039609890132503218496 -4.925121298310978446 -6.2398199671531804356 0.063650979023717760286 0.0004472629186939125305 -0.99797212026459425349 -0.90946269962613668358 0.41174542707280731291 -0.057821287372238801272 0.41088459554725131895 0.91129880019706832606 0.026614768483178792569
7.8627528324964606199 -2.66297637359379058 1.6305784408833947641 -0.88967982775407872253 0.0018667111280596688366 0.45658112036837861236 0.073761111194828435367 0.98744396510777421305 0.13969149669061833863 -0.4505875082185964442 0.15795863750344737997 -0.87864666748099551352
6.0483097207488851765 6.3483718893654614845 -1.3082363152809999285 -0.34777936659036906564 -0.0030500691956766778565 -0.93757144221215449331 -0.91766327481610454608 -0.20389592619931765083 0.34105800875071062839 -0.19220724811440506596 0.97898781828841108243 0.068111859577489497486
0.55457411325386773981 5.4565241800805841521 1.3217109357905976186 -0.52342242565875274352 -0.0081943528704950287234 0.85203392942896205575 0.8350860870524249302 0.19374128697654072195 0.514874296243032048 -0.16929321170279826303 0.98101843321182546909 -0.094565544304779161622
-5.3674419504566959205 -3.7870516282146331477 -0.76003927628615752798 -0.99722707315907110903 -0.0033154921564827292968 0.074344953227390320194 -0.03936025275911297916 0.87133859701965199474 -0.48910103235091045848 -0.063158016604011560369 -0.49067102712082583116 -0.86905293744555711655
-4.7788913556753476186 8.3745657246461338019 1.2105772556310225863 -0.85727746143384520039 0.0014571031638819912681 0.51485263033930483978 0.43699151504039762672 -0.52670613097243712541 0.72912212103191553769 0.27223844309642492023 0.85004619194849373454 0.45089655316256760376
-1.6411019914275686293 -3.8500597348193985603 2.4080061305199649269 0.099579554672906842039 0.0014826682674581098328 0.99502849908234913823 -0.99467911340421932831 -0.026391387988195770531 0.099583914350448318742 0.026407833088430081314 -0.99965058712259491358 -0.0011532635052459100714
1.1924497236456645943 7.4856482971092397349 -3.0258258675561910955 -0.99914524612933242054 -0.0073382311095117613853 0.040680800162628052985 -0.0053377501403171091071 -0.95297516042285590476 -0.30300140600398572932 0.040991286404793839115 -0.30295955832624588133 0.95212143157157280715
6.0594004164896899667 -2.9900130801909194922 1.0149393276960805288 -0.45292350744536380436 0.011978074872882637711 0.89146891259629867932 -0.89112325170098805049 0.024829406993603184151 -0.45308150572084482377 -0.02756168865197153317 -0.99961994091282080355 -0.00057188107342436705904
-2.5129577026821134922 -4.9407905688002236033 -0.40009598938534579604 0.2899416449737692858 0.0076537682220180411341 0.95701372108350091228 -0.16083144299771617858 -0.98535725686416875124 0.056606742424504558064 0.94343366987467280893 -0.17033054974570871476 -0.28446513735459993955
-5.0976272154160797712 -8.1789035428739769173 2.5914717804071312202 -0.98978893814364876658 -0.013590419992922042614 0.14189136130508459011 -0.12578029179872976528 -0.38505155347795005927 -0.91428366460245868996 0.06706098809015111073 -0.92279499437773360171 0.37941036125510291255
-4.6621611781135685604 -6.200299304974987713 -7.1631547922298155484 -0.76616810594608575347 -0.0028786462595380944707 -0.64263375792644206186 -0.34800493276474303572 -0.83881852072914864227 0.41865983334174916575 -0.54025827175769713939 0.54440352926632129549 0.64167421416129244438
5.1644270878805427216 1.9752236899196304876 -4.4695464313689221569 0.55790589594740902513 0.001993871199917558127 0.82990182295544423496 -0.73868427192740404585 -0.45460261085893260979 0.49767661448718664152 0.37826783854054196743 -0.89069214135846119795 -0.25215263561558209915
-5.8021888566408783561 5.1559293143900202239 4.7747852764458720287 0.8875687566964259867 0.0003510554618003924876 0.46067513379436969556 -0.075708669733480754571 -0.98629184185778850935 0.1466171886646545075 0.45441159697289273955 -0.16500993741226674394 -0.87537524587565529455
5.542010973275265151 3.9305549530546666226 -2.4762739888183036285 -0.99222354642828380911 -0.011449553050539656995 -0.12394087964813327307 -0.10011157039300276617 -0.51827685691956415504 0.84933313432075518978 -0.073960174326815758539 0.85513625073233068274 0.51310026826830923419
0.11882975941921802843 2.8608001810432783785 -6.2077144202173020204 0.040828204240405674419 -0.0013179845626028943023 -0.99916531197546198939 0.87362218329242569137 0.48534030982947173882 0.035058016398871474917 0.48488899616075031851 -0.87432433717193380751 0.020966993846877338831
-7.5388175748503245543 -8.5150393994430686462 -7.2240268691448932259 -0.092913897163933278911 -0.0058347019077610688675 -0.99565705138233862037 0.65924455511929014317 0.74903440451737113293 -0.065909615342287133921 0.74616594954409465323 -0.66250540911204480743 -0.065749210170345906423
2.387066630949314483 -6.1114601369902290529 3.0745176334132131579 -0.027783076115360929442 0.0058969601537492716964 -0.99959658189829048158 0.50571767945762136076 0.86265243400603830448 -0.0089669831947861902005 0.862251546455833906 -0.50576279416792713217 -0.026949335239885175569
7.2869411309763645335 -8.2381656150033606423 7.1462882810779042586 0.70599917067352091493 -0.0034319806168217129039 -0.70820434375794338866 -0.67792915431462041909 -0.29256808784163029769 -0.67440045648486324215 -0.20488346135992480113 0.95623853482579479479 -0.20887946709901805686
3.4618669619129356363 6.2993675606427768088 -6.7671639140065584783 -0.69321594841917943963 0.0093874484251158241133 -0.72066880372978359137 -0.0036618491410969136735 -0.99994814066386394913 -0.0095029913016117031899 -0.72072063916482342893 -0.0039486446880491604672 0.6932143741202918541
0.69937283940485384104 6.2882589180541339502 -7.7474874895791412399 -0.9279543376941499222 -0.0060497298525867297322 -0.37264480128268134829 -0.36701576062553004087 -0.15903641521704472983 0.91651887601245984882 -0.064808784950025538629 0.98725418176052526231 0.1453581851487464327
-1.9342237076065473822 -8.570632740618481904 -8.6224120210606365333 -0.67088610248482938303 -0.012029659208869039957 -0.74146282765367077516 -0.44290652660794954665 0.80844009804047611834 0.38763180541409641977 0.59476520256391862684 0.58845551673827545258 -0.5476992410432663938
-3.9283741136217011913 0.67922026862640272338 -7.2789292387196438128 0.28911947443278884773 -0.012800342068249424485 -0.95720743872308899913 0.65142681772446076049 0.73532404459358358118 0.18692685893520752383 0.70146491762084262067 -0.67759479092259555788 0.22093498741005110353
-0.83429761384162293147 -5.1168587243027205957 -7.9138385482909008317 0.17866665746028961848 -0.001766503385085067563 -0.98390807750409770005 0.76913816157507186588 -0.62338252366564572693 0.14078607032403317456 -0.61359979947938703138 -0.78191502649214483789 -0.11001898665646549225
-6.7945779781295678745 -1.7094117564761655004 -5.3552495007178340103 0.94231627645073468003 -0.01112349714383416982 -0.33453894085348784282 0.24564623004707877851 0.70188812585799076338 0.66858880370764350864 0.22737186457376670767 -0.71220034161091738678 0.66413305038175507455
-2.801209296516185443 7.4125312498466948696 7.0350900770268802731 0.1967997262582441842 -0.01249050492440832022 0.98036414409711847284 0.64288486099540487206 0.75659720638472804932 -0.11941408121897988115 -0.74024923049443047685 0.65376192499848018169 0.15692807962625249241
6.8536364842780965745 -0.75810100588255957543 5.3303657799379013937 -0.99151488412209454193 0.0035870660100141473631 -0.12994370905122004656 0.074168456260108012179 0.83655618802016906699 -0.54283771458943552712 0.10675801918601178497 -0.5478693979791980917 -0.82972395897486506122
-5.4382630138208387649 -5.1124452760612895119 -2.7932557379576827827 0.22747890226502592848 0.013153923289214252898 -0.9736941631367299621 0.39115732139489955976 -0.91692717004555046589 0.078996928747584904684 -0.89176751395391418153 -0.39883773534412103601 -0.21372683949857571029
-7.6639794124961593269 7.3335677982461220381 -0.50213261702964040456 0.59809764517916041981 -0.0075953890548259442653 0.80138724527927363006 -0.45101611338839919796 -0.82976711803185887462 0.32874153266224254155 0.66246786510371513668 -0.55805809724298816032 -0.49970740219303638741
-3.411468842249497424 -2.8779258428280947157 5.7382007527818537085 -0.14417967827009428583 -0.0019150485281439703217 0.98954967180172415109 0.71465362951874300546 0.69148199238927054999 0.10546489471350413425 -0.68445774901689016012 0.72239115913082918574 -0.098329054810910573869
-4.8452338169969344506 -1.7541448428190415942 6.0075458009460760422 0.29389962877578562628 -0.0014029800248973661389 0.95583525769476052059 0.94296571631767800437 0.16397716673538759169 -0.28970182367252889089 -0.1563287115508944225 0.98646313688686015908 0.049515790495395298199
-4.5756463620767071632 6.2785627034876565489 5.0429007561290779549 -0.74041022689100033372 -0.00087809369700651298228 -0.67215468819836943215 -0.66961394271410901169 0.087839347036674716995 0.73749672327060944443 0.058394037694786543602 0.99613426708653074471 -0.065625134651974087463
3.4346221445808504669 -7.2747906887476663229 -0.36689150566645273299 0.48666433315104862256 -0.00028092425019157242494 0.87358900400596350977 -0.87349407695917813399 0.014588622908982088258 0.48661614194233121511 -0.012881162831720775405 -0.99989354091477666842 0.0068543767711358215625
0.651032506021827162 5.1939412054594944479 -4.5800703110400347029 -0.81258327005235819751 -0.0011695837159956879499 -0.58284394249623250328 -0.37587963479649194598 0.76531292022226671268 0.5225041954722819959 0.44544688726715880867 0.64365733602196362195 -0.62232009802779875152
-2.7341922889171139666 -7.3870073428958455963 -6.8781185829556994449 -0.77555253608246133012 0.0062939899508937455219 -0.63125165304041652714 0.12431553355784501214 0.98189248694020114794 -0.14294331815998828628 0.61892157168108186127 -0.18933443897200971651 -0.76229164912579205904
2.8305937029469374622 6.4230264031158217364 -3.9559653084960686442 -0.77976821325929890349 0.0024204092855005174267 -0.62606363511182461234 0.12677879860633520237 0.97988541629822878409 -0.15411588870020601072 0.61309760219259301639 -0.19954626667709862708 -0.764390356847028829
2.2406178205422557781 2.9998252888388896586 7.2367088780319512864 0.63478270162944405719 -0.0089042612382687815614 -0.77263939573632300917 -0.59581419670816249123 -0.64232425873527099203 -0.48210474965631161526 -0.49199224050087453364 0.76638127637079378474 -0.41304161353903645626
-8.0765359705403199087 -3.7135123429696399455 -3.0101128148326652401 0.0026669089543572945325 -0.014104833399332945831 -0.99989696532762606385 -0.16312530096415928105 -0.98651325387478971951 0.013480953771999612187 -0.98660175541198769089 0.16307254092613884811 -0.00493179622371445886
-2.1634723810465925631 -8.2920648710538866766 -7.1059153870985047874 -0.82011153347400367331 0.0061960945033778646457 -0.57217015045870367462 0.43036880448494246876 0.66566093218244215546 -0.60965417696626189592 0.37709384082636765445 -0.74622860557548253979 -0.54858281364975725047
7.4935420829854351155 -3.8857586800608996391 -8.5283069621791174342 0.94325870475001560855 0.0040182338355013880876 -0.33203444054787351059 0.33059293751689977636 0.082486342006721821707 0.94016185470687008152 0.031166096596441567046 -0.99658409438384643053 0.076477560393582416642
3.2946046257051797568 4.1684500066861742695 4.2936925909339231922 -0.0061652558271771649989 0.0058420206135646798179 -0.99996392955718849116 0.87600361921986780178 -0.48223450576153031877 -0.008218306779309526508 -0.48226512286702821752 -0.87602268934533278344 -0.0021445321043000028713
7.8299314193310580734 -6.2103926024707707398 -7.0715067764314225585 -0.18452809399333561236 0.0061468849593786754892 -0.98280801702714670753 -0.81779858939035887655 -0.555593339732054603 0.15007167633147813768 -0.54511911516520106247 0.83143145036200860609 0.10754949386508080855
-1.6340944102880801125 -3.8483626254794320865 8.9362996238724434761 0.45012045938509853693 -0.0041431109944677878276 0.89295823344325364612 0.040819442581776450851 -0.99884843651591792568 -0.025210592548236387261 0.89203438563208692358 0.047797860837104216847 -0.44943299761934984993
-5.3532682206398174429 -6.2696087909176645425 3.5295361287128543815 -0.33084909511256421766 -0.0040764593590034417167 0.9436748691905930686 -0.73578678101126626654 0.62726620694134394007 -0.25525461507757374324 -0.5908948207186377477 -0.77879425274483637942 -0.21052986187091460302
7.7489736451068269574 6.3921519560322890285 5.5821364883964328385 -0.78694750941050928272 -0.0048091106242006739085 0.6170012073635720018 0.53157537129915177765 0.50242309258303308184 0.68190810280249092301 -0.31327502623303293827 0.86460852904329632551 -0.39282419661289386115
4.2435524125982340138 8.4828887050739094633 5.5965426952314887288 -0.93151392618262685019 0.013306511084311006127 -0.36346216046627721763 -0.33796106546528065229 0.33762203027797110799 0.87851788991482915314 0.13440284058569765269 0.94118770786370498094 -0.31000254032613494548
3.8865542498302607655 -7.1336495133457615836 -2.7125033414670305376 0.73045384155349224464 -0.007746147852450022131 0.6829181375195545467 -0.41383983155406950383 0.79043255465033190887 0.451611525947203718 -0.54329897770848778471 -0.61250010101417251551 0.57416883151090247761
-6.5199808300745507594 4.9369211007049988993 0.69544043468671390418 0.40781025420479993793 -0.01399796625679537547 -0.9129593931307572463 0.58778604255370692222 -0.76112179672373225792 0.27422833320257300471 -0.69871193259060693226 -0.64845791497426408245 -0.30216546421298196012
0.031401538348723591343 -0.38623640615950699528 5.8850496967800536297 -0.26133705261109507756 0.0063544737650672242224 0.96522669129877725069 0.62918215876706762302 -0.75722295122473814999 0.17533742677377406327 0.73200598086479773396 0.65312557965649653546 0.19389229272131894288
8.0969488503017394976 6.8119143865637061808 7.6476808114573966435 -0.31782724083798907788 -0.0020513263537199058137 0.94814642173126129077 -0.37011835672805343256 -0.9203921492621501832 -0.126058294409382321 0.87292510961374802925 -0.39099115544573026515 0.29176646374965597985
2.4523094841348891393 5.1118718954088624429 4.0385353780163786297 -0.065524159530990042088 0.014681462471772949857 -0.99774297250212218291 0.99552150336647637907 -0.067320937555568921562 -0.066368875999569448831 -0.068143384510774659968 -0.99762334877767233632 -0.010204563739353782886
-4.7473203081932293657 -2.9225474355391058978 -5.8076868390025282451 -0.9722181629298696226 0.0034683150894908856485 0.23405088006622423724 -0.1942125835460773442 -0.57010513927064576656 -0.79828666691224992036 0.13066489988385746046 -0.82156442289563169634 0.554940161612584415
-3.6908201563330509387 2.623116519620587006 9.0614564802367763008 -0.80733874927093007834 0.0097119367912362770251 -0.59000832384758639115 0.2038908842850174763 0.9428732306115706896 -0.26347405622136216286 0.55374421101372273135 -0.33301013389985478774 -0.76319827010331997563
1.4114680402140613591 1.7641613347650360044 -0.96644967138739734658 0.6540149899720629767 0.0020217659182228723234 0.75647888625818182629 -0.17430695231709744664 0.97349102817041033298 0.1480955922558088167 -0.73612599415160495653 -0.22871626644009829255 0.63703013288237853029
5.9625149797119370021 8.2379952253111472515 7.6491749376892439471 0.45201493087227595513 8.2110742662348107368e-06 -0.89201037112864600687 0.88578067257511017285 -0.11798293072935908676 0.448857024171882113 -0.10523831222835905441 -0.99301562323499115159 -0.053337319488709442061
-1.5348593426479344437 0.98930036823447875527 -3.0611889593951007171 0.073620859002760830059 -0.00087925065727693289905 0.99728591488999174253 -0.83339644575179105956 -0.54929474766595010049 0.06103805693981741165 0.54775024721878928791 -0.83562821105125373311 -0.041172315541616814893
-5.6702297917567170416 1.5387192197881525146 -0.12467590605155333405 0.66691963276451815545 0.0047137995908741285589 -0.7451147452081207101 0.66761931853813005766 -0.44787095445755809031 0.59472351026985603717 -0.33091184467732859265 -0.89408578349412970443 -0.30184095614342237868
1.0394053483914895697 -8.1746494505606897008 8.8364219211024703782 -0.94297087696535453194 0.013895812865582717055 -0.33258507419905775082 0.051089575954805843683 0.99333203616688336979 -0.10335047727776892901 0.32893127006086486652 -0.11444812060323837632 -0.93739311244891043717
3.5518931398042323799 7.5079675080287202604 3.7361596026652974523 -0.5406741908767570548 -0.010909853187109071898 0.84116133673826065653 -0.7542594237492514786 -0.43649124003434819352 -0.49047743990823905458 0.37251059180282447558 -0.89964235809405002087 0.22777068845224937577
-2.9584379166011012252 -4.9009672025346420199 5.509544288350446628 0.2020873297831085047 0.0074729076671706346977 0.97933899482861863639 0.19185526277304043585 -0.98089798049978171868 -0.032104672524531856215 0.96039172699847386028 0.19437928774056059678 -0.19966077033313087141
1.9491987972163531406 8.4942612742490926081 -7.9555821665536079479 -0.83269605237500909922 0.0080404568625472034454 0.55367195649845690752 -0.53457710586312789935 -0.27237996377785256286 -0.80002279543744414525 0.14437659868008209663 -0.96215617567304656532 0.23110796474312833571
0.9318620399851655911 -1.5889965435781190362 -2.1745677416455682085 -0.61727916507598501461 -0.0065921632413642365991 0.78671657904662439798 0.60638856494537651809 0.6331203911381190208 0.48109404343495298928 -0.50125775870973476867 0.77402526684142236579 -0.38681461402651473591
1.1407396438126027327 -6.972756349362855488 -3.2170871644089751307 0.96509728383778980998 -0.0046961435247737555454 0.26184953497202073658 -0.18666561679017718012 -0.71363111428259007329 0.67519373533534865484 0.18369316872838545307 -0.70050594498815021982 -0.68960005858383588428
-1.0292434149774920549 0.79797359065776518605 -4.9557415008758827213 0.8212570340792791912 0.0068753886730107049638 0.57051696995418776925 -0.025534403092826229997 -0.9984826359984863009 0.048789546713942665013 0.56998673513860342865 -0.054636568710466723586 -0.81983532927398772294
4.913886412136217352 1.5533084163693000601 -1.7582405110400234349 -0.10412757494820729098 0.0072465817922953233016 -0.99453754840526309433 0.13007272059033689326 0.99148383817175078647 -0.0063942163300241073101 0.9860215694872274117 -0.13002801889051043838 -0.10418339027785658568
3.185268127892176615 -0.4286618897168493203 -6.6337648176971102387 0.66674726862683753037 0.0023662459330394524509 -0.74528013569300644026 0.74334040204189766321 0.070059136793457307824 0.66523436775616973105 0.053787791093323648883 -0.99754003339807617579 0.044952811896284271265
-6.1893481270472525679 6.0969285034436753179 5.5730447423683990849 -0.81083719208535720568 0.00028152987307415396935 -0.58527170499914438206 -0.48139281048441151523 0.56842749147299498347 0.66719648451701851766 0.33287236284416799048 0.82273331504123370372 -0.46076662463306999884
-3.115884450543582318 -3.8581957712603061061 2.5312976007910852339 0.18775517008401357288 0.014358534561191115334 -0.98211090442582216209 -0.92868162562814393635 -0.32300245443182090677 -0.18226314123232789655 -0.31984126426627035311 0.94628919835129299276 -0.047310873551338901433
-3.4968997219688287004 5.0655062274022419899 8.1204610262195160431 0.87983284897507596511 0.0065639023978826234809 -0.47523791205005982974 -0.14893556977347205406 0.95335091619067480195 -0.26256470946165522129 0.45134504973536021533 0.30179288557502864654 0.8397670512084872696
-0.71976836868773219624 1.8062370089175503463 5.377954974710030811 -0.35236297938200039637 -0.00020625491425776531357 0.93586339185788214312 0.50380558226966698498 0.84269078013804421534 0.18987412763273125993 -0.78868261425927832509 0.53839781438007228154 -0.29682912160999491702
-2.9695279882034224528 4.0397547529135877653 5.3260163013681669497 -0.76286756596086024995 0.0058723463682624375479 -0.64652810639053293063 -0.42113511843975470761 0.75423084858464095603 0.50376684990175168988 0.49058973574833547593 0.65658308125567210745 -0.57290520034898173574
1.789815018139325753 4.0144737220323234439 -6.6338843460415946041 0.066323974181790978921 -0.0012231722617148388377 -0.99779739140670697939 -0.27100205342926553254 0.96238739674945028568 -0.019193374254510734561 0.96029111080212226081 0.27167812283591841194 0.063497874660431358196
3.3575483041536138273 1.6331022231582610349 0.46131420958047331116 -0.58621017544081344131 -0.0020788061103230136284 0.81015634835196970176 -0.76106739803498513197 0.34422134779106805524 -0.54980731113112113473 -0.27773016735344002726 -0.93888622435841351255 -0.20336816823651093777
-0.44078853456954431023 5.2888489190364929016 -2.4257594358709368976 0.94607369949670672149 -0.0073758054196676504921 0.3238674923715358922 -0.20090262619290769064 0.77091126282376265522 0.60442862245259243448 -0.25413124544097354107 -0.63689985268148263664 0.72785705172435366528
4.2850555070715712347 -3.9094317247828112016 8.4123578533297198589 -0.12828101410121137138 0.0067494379665669519686 -0.99171489174478399953 0.63819179018807614678 -0.7648593911256157396 -0.087757340112765647167 -0.7591147609933744933 -0.64416190270302520204 0.093809502439791983552
8.5349648856687387877 -8.4267185540742310934 2.8508240927934083153 -0.080388114506359339972 -0.0019865472670213186503 -0.99676165891161383481 -0.96017924073302496346 0.26859232439742575238 0.076902463811013607731 0.26756976045800312525 0.96325189691190971075 -0.023499071975564635867
-3.2244422108704617891 6.4199969100717737547 2.9092968258904625678 -0.76049762014719513026 0.00085690802228132433027 0.64934015389408294983 -0.33922945055868475306 -0.8532110392608909244 -0.39617458570335561951 0.55368470235692390791 -0.52156513322143516209 0.6491556532786548761
8.0766253698004693007 -4.8171947970145740925 2.031103851102190827 0.82525630984163234061 -0.0065372259415124069071 0.56472053950911937914 0.26394613574075997953 0.88847174314703769582 -0.37543361471333536183 -0.49928394776314310999 0.45888476364570041088 0.73494238767400121848
5.3461809602569916322 5.1882245144677705539 5.4842570020928924635 0.97915666279518331905 -0.0021111910235486839454 0.20309547650413703468 0.08160514482461242447 -0.91159520658833514961 -0.40290790469226256398 0.18599147841282814841 0.41108359514556447323 -0.89242223625379535346
-2.2860682240307181878 2.879981953568297115 -6.5757684830815188448 -0.020397077036707143838 -0.00088520749145759320547 -0.99979156610568531427 -0.95101670040666352879 -0.3085127609015474448 0.019675159678551257941 -0.30846587298417571521 0.95121979204000073338 0.0054509114432006212925
8.1783312914762831269 0.66876987622887273943 1.8859468899440772205 -0.75915747750359707791 0.0045107623091444164209 0.65089137140831276884 -0.24651615789401926104 0.92349368639239859391 -0.2939203890354494253 -0.60241987703536881149 -0.38358710121284828043 -0.69996516165850630742
8.5836008229177256368 7.3463109942948863207 3.4442255343889467412 0.29878401463907283686 -0.00089080590524323426116 0.9543203440464913534 -0.90992417782229784162 0.30119546379982825579 0.28516536115207380409 -0.28769098562656292284 -0.95356200587645023603 0.08918182403419611104
4.3632853052367606139 -6.0515285271637955233 8.7309535721329361024 -0.30210833169989509406 0.014099510950667176051 0.95316932373430507397 0.80207990787929372978 0.5441207409499819736 0.24617156749727842069 -0.51516829996964563776 0.83888844494288128395 -0.17569234373634770585
-1.5724971155990172811 6.4389669116383370095 3.0168535267913587639 -0.81288882513736115953 0.0050755443272799596194 0.58239676923622540894 -0.35733831261052467765 -0.79397861086319676538 -0.49184072201485745657 0.4599142184226636676 -0.60792450546207377204 0.64723002661419581916
-3.1197831389798662549 -7.5406569031638275291 -4.6609385282002371298 0.91125803097306035117 0.0088439432039193674462 -0.41174092055013145064 0.18001529833199339525 0.89064975956821568204 0.41753742125358300763 0.37040962913159408698 -0.45460399299746862001 0.81001970111656373952
-0.6634933765863636479 -4.8669190424453798727 6.5771919916372860726 -0.95299736397300227608 -0.0018607444207069372827 -0.3029728731931868313 0.21143570490821839147 -0.72030812643648289839 -0.66064449265811975298 -0.21700453209707665225 -0.69365174303806509393 0.6868451735503612321
-8.42239091135447282 1.6707400870617670208 -0.81465537426486422934 -0.62472147528840871189 -0.004402180140057779939 0.78083525735154180047 0.3791757081249420569 -0.87588028060792322282 0.29842841086269245032 0.6826044686941823425 0.48250839873740919428 0.54885042084955926178
5.2445184971688361131 -8.4413813093425886791 5.764407103946436628 -0.71433231763886140264 0.0055683670585582895757 0.69978449058615677103 0.67537766045649183511 -0.25641799575697404867 0.69145847829647577587 0.1832876311508332412 0.96654994942842531458 0.17940691047691217919
-1.2064285562565393306 2.7091472446765632043 3.635962069101889238 -0.052555470303857883263 0.010076789283951784887 0.99856716391985655967 0.10914507307266398117 0.99401658900935352392 -0.0042864668698600364924 -0.99263551999972654549 0.1087634087917341702 -0.05334084122790799104
-6.7122128354839833975 -4.3010862756971404153 4.5426072791544740426 -0.59322989875284526384 -0.0067545818035943472682 -0.80500475952039629579 0.21705519605372156078 -0.96427418262009734207 -0.15186290725011059033 -0.77521953606179583307 -0.26482008299426190723 0.5735023928032284557
-6.4448971339744556275 -8.4743781395977784143 -7.8322429770990691367 0.25039107516823760902 0.013041623068036327024 0.96805693300741624263 0.060860934766112304017 -0.99814361688049113575 -0.0022949291482242326068 0.96622991885746001284 0.059491479626497617561 -0.25071997877385793219
-8.2491376169643224614 -4.9870230627233986809 6.9520539558528771096 0.62187759123529673388 -0.0057784151651635367805 -0.78309314352608105914 0.35106734073441597799 -0.89180357729033765679 0.28537361791531207222 -0.70001427398947813074 -0.45238588555641651157 -0.55256404765466859974
-1.3555390673055243145 -3.8678174666014966121 7.1363915785201932351 0.9673743429182214415 -0.0060185981099213853654 0.2532798001023414125 0.17407714883292565999 -0.71056966918170860747 -0.68175354160670120773 0.18407614434615510168 0.70360110980288281812 -0.68633916642335368596
6.8071143012806309969 3.904610375568906111 -8.2881909379418186035 0.22409591135502932024 -0.0028434762742176955888 -0.97456294673906163073 -0.92098482096218547976 -0.32763074267352276792 -0.21081996113408235649 -0.31869732046456938912 0.94480157234095796248 -0.076039508354797127887
-7.7674367231799230638 -5.0372595148325745029 8.6349904534949999402 -0.75421890470979047194 -0.00034444013640552175425 0.65662297031037242245 -0.40242480796436541635 0.79042584221060430139 -0.46182384293160438915 -0.5188526936550093005 -0.6125576457169936706 -0.59629272422220924721
7.5921925775161911432 2.9791147261847350514 -2.2585946942184849107 0.70343960811744077333 2.0661729395235126083e-05 0.71075503326013367289 -0.5784068566842403003 -0.58113941319881090575 0.57247051502014911772 0.41305959118767932026 -0.81380401940515845194 -0.40878453019620081266
6.2395979845944156139 1.553308707896364993 -8.4341595716964654628 0.65376493452403472428 -0.0028996035062347526312 -0.75669214525208372546 0.52209529857524328289 -0.72210846766337599689 0.4538456346980248024 -0.54772977789470800314 -0.69177377315737409447 -0.47057532572296417728
-7.2224865636946482539 5.1677098665442100511 -5.9596463840158344638 -0.21820614304854968335 0.0051432444783752733625 -0.97588914645689228688 0.23474161379841762542 -0.97034964148468028089 -0.057601632111261381886 -0.94724994266942219578 -0.24165082310398025567 0.21052891916802818351
0.20515748018511201223 -8.4483212988636910978 4.7213930539032427092 -0.99040698052449860356 -0.0047629144451866479992 -0.13809897745574645223 0.070480718688140348016 0.8422149599344529447 -0.53451513501108505189 0.11885487462247031065 -0.53912083609208238943 -0.83379988178785102715
-5.6805018307791872445 7.1932547895912595237 -3.0788639916515050388 -0.7662554641037637726 -0.01170137281346089915 -0.64242948376094333174 -0.28129189884950062117 -0.89282211754551110694 0.35177199158433314352 -0.57769146728396092438 0.45025742003419094717 0.68083832466410310058
4.1316339495829774719 1.5396921874705917777 -8.8772499893328262743 -0.92974185849202917176 -0.0051621589967384678282 -0.36817581219099759782 0.05810007686816965472 0.98531896770567917176 -0.16053321446626525604 0.36359930917964511377 -0.17064549215689109318 -0.9157923664075864334
0.96666297687295910102 -1.6645674796500968817 8.2804730291354324834 -0.25852284264097613597 -0.0039945297339537728931 -0.96599688589823884399 -0.31526427846864851778 -0.94488900015762078421 0.088279171397078456951 -0.91311246544687185711 0.32736649357100977564 0.24301605776645648915
-4.6755571709609746733 -8.4547818752903562967 -6.1463184058066113735 -0.83590939936187458326 -0.003984909657831043131 0.54885298264072279739 -0.39218302580364111654 0.70392135660353849502 -0.59218848181039140943 -0.3839895185157086166 -0.7102667415926405825 -0.58997729232354634288
7.8258585499251918094 2.984817487703759209 -4.3294960882541602132 0.3756887193397400182 0.003027492511169984496 0.92674096728802379808 -0.88929902022529006 0.28256740293798371377 0.35958714579913936271 -0.26077814093176820975 -0.95924266850792638817 0.10884973186089140496
3.4481101020486160103 -5.2075145531379467556 -4.1760316545518465503 0.94271705827804830324 0.0065939893963327753795 0.33352821070426419414 -0.32273350098854836077 0.27105672120507540157 0.90684692271030375998 -0.084425324230469084297 -0.96254079040500495346 0.25765789612397860253
7.0246103703756421766 -0.40153075070236310395 8.8134600381019794213 -0.91878264312535729008 -0.0037142544733472396094 0.39474632234581180645 -0.07715324766638689824 0.98236146418881475917 -0.17033299754167968709 -0.38715091510467342095 -0.18695496246617909764 -0.90286322936705099007
7.6911102767485131082 1.6571988071687400179 7.1790382506522645301 0.99156537045217219006 0.0106185741848059019 -0.12917183130429429894 0.044844963140957580516 -0.96318691138553780284 0.26506584656724141436 -0.12160199587642345209 -0.26862282035933421342 -0.95553897617040350898
-6.8496394714796817738 -7.4932454240183057337 0.0099468643091206419837 0.13262527883015229335 -0.0092022751395757929754 0.99112353092221083806 -0.99066368508670965554 -0.033070051196956669337 0.13225670026161068238 0.031559443365181634455 -0.99941067126887495053 -0.013502284561851924174
-4.9335050375255020683 -5.1545080148321309466 -8.8289647232219650164 0.98489292366096736764 -0.0023861497940016506217 0.17314801532713072763 0.04617370796785611603 -0.96008407887716262774 -0.27587415641695789414 0.16689492986620668713 0.27970139037097507817 -0.9454698380219941356
-7.9454522380970864504 -0.264171439955102616 2.2693669029701006856 0.76232770957177309334 0.0091965161770411005954 -0.64712586666663818313 0.049480112193648707886 -0.9978006594905997062 0.044108529981395659669 -0.64529697172419764328 -0.065645015119193003694 -0.76110613601101884118
-2.8799493799863027377 -8.4053626215553371992 -2.6309323682949825596 -0.87652066106874093609 0.0011284000917504265898 0.48136291655315599503 0.36147825616492201828 0.66190547362417373467 0.65666933406876215606 -0.31787576352932100932 0.74958646645982063283 -0.5805817154035075589
5.3432980534550962304 4.0181380897143084141 3.7116378586774820825 -0.99846550483664653353 0.008840585512424300671 -0.054666989114247256654 0.051979419300986803854 0.49008549395209660693 -0.87012318012267064748 0.019099099982590243135 -0.87162953866031800398 -0.48979298863345044346
