1125 17.292696884352682929 17.968806560800352656 18.477561601407678893
2.593454815211153619 8.6974033326722839377 3.5953603716656394873 -0.52479803544477487964 -0.016603482977585629771 0.8510648308714457988 0.80360695077863897318 0.3200546632174099404 0.50177772092136863069 -0.28071852566849603283 0.94725357582127245326 -0.15462138416354534454
2.3746408278628723387 0.14978620153398655712 -1.1515979660143411678 -0.99531364568255020764 0.0057593509532616517926 -0.096527594990802365049 -0.04646281856824095724 0.84696103944322786994 0.52962081167154406725 0.084805384315031206999 0.53162376502715302795 -0.84272428424097989286
6.6439738844170541654 -8.0266330031865962269 7.1294029942960301938 0.48400472830764040832 -0.0025631491899501565417 0.87506162825372291181 0.87234113989876582718 -0.077432319184656039912 -0.48272680843914522741 0.06899535213310506454 0.99699431603817967318 -0.035241668123088862319
-2.4063064403979135264 1.2275490551284449214 6.9092815076945033326 -0.62092720069293072527 0.010165319894219152635 0.78380232055756893228 -0.78262324190207821495 0.048294187408978783704 -0.62061947495825153798 -0.044161891655966976911 -0.99878142640627198823 -0.022031558986887782997
-2.454379884886969343 -5.8380130961493117425 0.7245473689776961157 -0.71316930398002031932 0.0078410029340447058577 -0.70094797419904020241 0.070721485790690832851 0.99564037702437646615 -0.060817029579342062051 0.6974152387982887058 -0.092944920852569876124 -0.71061468207433775568
1.9384068087689039217 8.8322064585586925745 7.3793990190013163399 0.79379976389960760219 0.013650333991828200036 0.60802598893032877569 -0.494189662959781284 -0.56823615685062200953 0.65793939467965423251 0.3544834436986560311 -0.82275229469718391684 -0.44431987319247129298
4.6670412481890570788 3.2507531273718894838 4.1517367652687013901 -0.67982212735547331572 0.0070490157448565918252 0.73334315742004030358 -0.64872584547743439298 0.46059935606818352971 -0.60580773402036736108 -0.34204773434033525215 -0.88758016233283987262 -0.30855275540215659769
-3.6572373707141090371 -1.0598809811194906949 -2.7162621667540025605 0.26743947579396060155 -0.0011192074825418720126 0.96357401073389392643 0.82696817940339906183 -0.51299922692868249463 -0.23012045416447365898 0.49457027512922263623 0.85838833900813427125 -0.13627069535844990589
0.98401550807596982473 -0.12009114508495535856 6.5413446033809634628 -0.68038239168928238421 0.0047076822002548035506 -0.73284216500374954606 0.46036274773297525265 -0.77531039598258466583 -0.43238863350130068985 -0.57021569741534572362 -0.63156284533672757409 0.5253403000070350215
3.8095213332053363686 -3.4768903869490972447 2.7605806151160194872 0.96868966043407656041 0.0051635717427476347102 -0.2482210291153280346 -0.19534606785665559192 0.63290816841413011229 -0.74917765858831397718 0.15323268431108622023 0.77420965369976102455 0.61410028218293954971
-3.0884231475620924634 4.4104515893812541449 -8.5166120722784235397 -0.36031816482889167386 -0.0055873846973725849532 -0.93281273641968709409 0.51731388123635702048 -0.83332284031675529778 -0.19483170195453430873 -0.77624555932691186033 -0.55275837844272801558 0.30315178819662991216
-8.6127763499960554583 6.6891835741846739083 4.5280885550502958381 -0.5891632399418353927 0.0010263614309053465008 -0.8080133806336260438 -0.16179171280836901481 0.97959750609185414216 0.119214796587160346 0.7916502500269616549 0.20096684463104860785 -0.57697678375420502483
0.31862937740553848309 1.2552792702900457122 7.454501776549900427 0.91205799685987665182 0.0086309749871600113108 0.40997038507046107414 0.37483230728650895891 0.38787684603283811846 -0.84205242932152157831 -0.16628575338331691436 0.92167079729293666102 0.35053101095249472596
5.9067499941563941235 4.4298587787150927042 -5.2378762304231019087 0.97821871147331818097 -0.0039980845342324974889 -0.2075383527051917476 0.17095124253397317449 -0.55161242069954885547 0.81639415113406010871 -0.11774474595339014249 -0.83409097384526154073 -0.53891411389049415082
-0.89527698653889220548 4.244702119011741992 3.0606964091404016415 0.67862007525803547114 0.00040114851703325783011 -0.73448936856601931833 0.63665253369682539564 -0.4989841159077478272 0.58795272208696502947 -0.36626267185476590882 -0.86661103798162686385 -0.33887603050959941298
-0.041454159842771877431 5.5256499280932764862 -4.5982194973679417771 0.9935367815724943652 0.0070544663374024919184 -0.11329120957596737485 0.10743038922802232438 -0.38071032995565357027 0.91843255393921874319 -0.036652082243884165358 -0.92466744247306675852 -0.3790075799998268713
-6.5383869820221791613 3.4722421604828066499 -7.925494795842142004 0.18376703197457902594 0.0015865330462240499754 0.98296854520988696802 0.94501582337225775721 -0.27547976895343412318 -0.17622709914495088279 0.27050835760650282502 0.96130556006389211721 -0.052123398342675777983
-8.1208163219467071059 -8.9209806777984770321 -5.3008810157412185049 -0.91916039229082269202 0.0073594450570580770624 -0.3938146922250968518 -0.25498074355384248157 0.75094166297706299584 0.60915633397515367431 0.30021491245541648274 0.66032753794901632993 -0.6883593167565261739
-4.607005581755479362 1.0779978876376621333 -8.2343116375830689435 -0.18400798267610968262 0.013287513135956881966 0.98283493237976315982 -0.67945792303919605448 -0.72425827219712335392 -0.11741757097162490442 0.71026614246382346884 -0.68940075221049823551 0.14229760968112897812
1.4840333660103930402 -6.799100439607756563 -0.39874387395106430931 -0.99949564689431136255 -0.0020398017762223588992 0.031690551398652094806 -0.012548000659302111295 -0.89135733710786158035 -0.45312762580059834372 0.029171896042092845813 -0.45329674253505802817 0.89088218283262143871
-5.8847039504801248455 -5.6401916317153384384 3.4926516207235378531 -0.58672373714263614808 0.0022132381545904829603 -0.80978414275044896531 0.67839877491646127794 0.54739613327108183061 -0.49003323914976859577 0.44218814826395075324 -0.83687070378687800076 -0.32267176306297673527
-7.3954190278305791395 2.1871570299144891258 -3.1834333238411764988 0.69556768602726226636 0.0033638239423526344538 -0.71845269770745401328 -0.66759738992346484565 -0.36653374518273218463 -0.64804840761307636043 -0.2655170787766811813 0.93039867709010115604 -0.25270334890349449575
1.0966493011036866356 -4.3953269579998170968 4.5834771414133355094 -0.041584772205768269493 -0.01206027718162445625 0.99906218847235306324 0.55851809567626498065 0.82882554349036008379 0.033252898522645506219 -0.82844930051453913311 0.55937712517786208899 -0.027730638379402729882
-7.0583713324436399006 8.7291460370113842515 -0.74739216406555397665 -0.69390788729222818709 -0.0040002565799983650849 -0.72005266606067841462 -0.72001156825963996688 -0.0081870756754256618359 0.69391376507775703875 -0.0086709587720420581991 0.99995848400781062182 0.0028008453714147680223
-4.8796193826344484989 2.3879326973190528882 0.75814300744450724423 0.31025000419731230128 0.0053741536464225730246 -0.95063981263579366843 0.86129815306575052691 -0.42484931578723095225 0.27869077918116280657 -0.40238094689129660919 -0.90524813026480466238 -0.13643825061609338167
6.2315098366605568003 -5.7783338937597390483 5.4716569303909761146 0.92044394723673150782 0.010716249797423246098 -0.39072765705221340626 0.36371931383779915192 -0.38956770901246506877 0.84613548609930611111 -0.14314747897395538323 -0.92093548204281150404 -0.36247294682259967313
0.16682228255186909438 -2.1282105640165487337 1.9011022717248746705 -0.46316358443362126707 0.0030122333752800349235 -0.88626769122234172471 0.75950879201235599325 -0.51401507582657934847 -0.39866639772991907531 -0.45675583073522035837 -0.85777586132553995668 0.23578524724070859531
4.3132096264436192712 -7.8940305180246603811 -5.7428232923926536557 -0.37022507313796315653 0.010906065713282644264 0.92887806140037609826 -0.44967154148897392485 -0.8770738658079029193 -0.1689287976975485106 0.81285232360800674378 -0.48023170620778671269 0.32961888349701595757
-3.3178103093133297641 -3.5864628751194009837 1.7516155073881214399 -0.31501522544829607675 -0.010208094099580809766 0.9490317184109611226 -0.86393978157168338505 0.41704135160271060823 -0.28228454593022522801 -0.39290388335230425065 -0.90883018538562831967 -0.14019355398305533011
-1.0106484132094588624 -1.1675176084082905525 -5.482385167983959029 -0.96779707603302600472 0.0064736909300654454924 0.25164838753286777884 0.16008001214903005982 -0.75567661366608929185 0.63508050298255169785 0.19427611621739485082 0.65491293076548751095 0.73030530860980358288
-2.8544031900478672448 -2.4765267048129913086 2.9190495502152269403 0.96340139779562772304 -0.0034879416418578902334 0.26804026001390779399 -0.043439956415281810731 -0.98873017977023136549 0.14326758809381484605 0.26451978548283389125 -0.14966785184103023609 -0.95269555326633770242
7.2291561982401324471 8.8400475721641829097 2.2627483078860572974 -0.52769106954961897404 0.013149278369933938004 -0.84933458165539443829 0.61431669740493166643 -0.68464296621553222266 -0.39227414406372723699 -0.58664906921162629505 -0.72875997783216805992 0.35320215784044306506
-6.5506922123491300169 6.4690676166193092911 3.3443442549321025226 -0.89079453480855919079 -0.003557837161070557825 0.45439238390345759733 0.110856256122766339 0.96805444855712252661 0.22490325721699203076 -0.44067673779473071072 0.25071483087986901062 -0.86194320366431553815
7.9970182936556772901 -3.5097403163008329408 -9.2158594905466753033 0.61709496320027523719 0.0027803192293801813617 -0.78688377554619759469 -0.62228715219896935107 0.61376952898810643866 -0.48584531025199506615 0.48161447922670941324 0.7894803576470349471 0.38048424183993251324
1.2716181202435858921 -8.0370550245128207223 -7.3316600493371844038 0.8224766206735835139 -0.012051099206669472347 0.56867124021934778444 0.0090335969496429715381 0.99992618890390194686 0.0081247073588192157689 -0.56872717762642743811 -0.0015452350716890338872 0.82252477754608477323
-5.6132462405494738533 -2.1557885144134365518 -0.53944369939532654801 -0.44383616758849953055 0.014330873072032120769 -0.89599334953864961939 -0.019433573486731400837 0.99948302989980664091 0.025612675841563684737 0.89589719977325821265 0.028780184489028366734 -0.44332821748551443086
-0.5699606687997181842 8.7757288260264818547 3.4090797784295014949 -0.28753900138480148474 0.0032192166882614040371 0.95776351952197047446 0.2185064479755082778 -0.97340209223479146061 0.068871612628920719779 0.93251072641344268099 0.22908077937019044601 0.27918764594328759898
8.4677467485573281181 -2.4166784306105686397 2.0117026425480504237 -0.034510786805212988193 0.00090634166246238590664 -0.99940391441038434195 -0.2839139059004575083 0.95879036894522795542 0.010673446221879878681 0.95822852161179261632 0.28411301793942023153 -0.03283128701211173589
-1.6858737470052684859 -3.3869816864135735557 -0.30498129435732779235 0.95279625988962257654 0.0028586432505798170002 -0.30359696194001328795 0.30047258345612470887 -0.15227120011148048695 0.94155706582623222012 -0.043537497993598781032 -0.98833461427563840118 -0.14594237387780556459
0.15110503912515999003 -6.8695490875449456425 5.8897654487955106717 -0.99471235613868891345 0.013101649982462191396 0.10186105886342451676 -0.03439575137579951869 -0.97704952751926388288 -0.21021691906540687644 0.096769110941054378716 -0.21260895451940478584 0.97233387867841136742
-3.4717488777811671419 -5.8104217002204068265 2.1852199200438868765 -0.98947404125701032829 0.0079933548072382409194 -0.14448954272666023058 0.061276986649704295873 -0.88139492903857163952 -0.46838884484236081862 -0.13109634848299764331 -0.47231248696652855523 0.87162759368298614593
7.0052898508788938869 3.3315186018994054074 -6.1585697793127884836 0.93396492505919159743 0.0082362688594257212754 -0.35726976171302188279 -0.24980986472616034666 0.72994595169759934894 -0.63621846804836346134 0.25554754987014333123 0.68345524467622975617 0.68380141728402665802
-2.8427863477911876622 2.2549486914042411456 -1.7733038162768486323 -0.39587982079841510519 0.01771422135087104624 0.91813145782433203124 0.89120991277634986627 -0.23365590840438110742 0.38877989638984905563 0.22141377295405065273 0.97215797215770738404 0.076712569482440734481
-3.3151824090153092506 3.0679817996030060989 -4.8935602579466044304 0.31774528654261596783 -0.0034948005926061292623 0.94816966796483181934 0.73916199183998776423 0.62723388954789560668 -0.24539192656218358768 -0.5938665529385824815 0.77882310839597646002 0.20188383573071577715
-1.6421868278285662868 -1.201535719807619973 8.9776632508127605092 0.94521309548623055896 -0.0065255462903079895776 0.3263887580276288447 -0.041155243255491504029 -0.99420537782229290169 0.099307163193712119642 0.3238494250014940512 -0.10729903985887102869 -0.94000450316551642516
5.7513852019532221149 -8.0087911052761562303 4.4605928209858882738 -0.59966245666787432178 0.0056573070424299652312 0.80023304914256143672 -0.72133857501461495776 -0.43682250249658188812 -0.53745396222203944969 0.34651926102140268027 -0.89952993068011843913 0.2660268887754972944
5.3365388772495068181 -7.031815475204604482 4.0943627443839885061 -0.56414711538003581293 0.0031560678420418470866 0.82566825750086103586 -0.79914983237923997716 0.24934136573740167675 -0.54698119596626093575 -0.20759956073396690357 -0.96841051345385043003 -0.13814304113864328549
5.3359022653861085672 6.8599195177233314169 -6.4945337833014118445 -0.11833660953440024166 0.0069605339222819015421 0.99294914160377345524 0.78765828737898613277 -0.60824670082185816611 0.098134465212248084276 0.60464110773858115166 0.79371752022158714723 0.0664953301072774422
-2.4539349925108782102 -3.347060804065998596 3.9031925683233419377 0.97034569512337864872 0.0054608135649754857913 0.24165970179298759679 -0.0035446372515632118896 -0.99931582700092469462 0.036814582058213828064 0.24169540231916011863 -0.036579467199130112631 -0.96966245419588681376
-1.5871720071425381438 -5.6556201846587308424 -7.3452158858162954758 0.020058766672702357803 -0.000124199733898923588 -0.99979879498514223624 -0.99353601154069826062 -0.1117560640681923706 -0.019919234812818899932 -0.11173110422418887355 0.99373566239639476994 -0.0023650857216861512211
0.54175110944216586795 8.8157269232368982159 -7.0013056785109837321 -0.77412205363835739913 -0.0070854735534147620518 -0.63299671573827365201 0.36584798329595419331 -0.82104577702136505302 -0.43822264336045246846 -0.51661426537524091085 -0.57081838451471988982 0.63818184924895904331
-2.1104483876027622102 1.2184225571390447929 1.3815037158405825135 -0.90020656265339071833 -0.0089996921809052353447 -0.43537013000041513422 -0.035593820358561380213 0.99796168759172820817 0.05296744331038783643 0.43400601897697310694 0.06317812627157021188 -0.89869199387370324317
3.3722393932040466424 -4.6194198575607590129 -5.8305238284976601548 -0.13924354609241565428 0.0035366530523251176084 0.99025185026685413892 0.96951124708359726068 -0.20313670719843923695 0.13705261751291894501 0.20164120771839000312 0.9791439987428081082 0.024856650540548641537
-0.71373857547497643328 -1.1407266804392481863 6.8564103882655729194 -0.92468369133907724056 0.0040452921057149496264 -0.38071473124042393144 0.30420950350167363929 -0.5934427168336707803 -0.74517267785150353987 -0.22894682559707532632 -0.80486606180705333458 0.54751618569689686211
-7.2552970491737784897 8.9243410994216070264 -7.9559925773364996715 -0.57838884672006507515 0.00055267510929276307541 0.81576101680577606245 -0.63409434400863340375 0.62882059970828430018 -0.45001001797559053719 -0.51321604114253105422 -0.77755022212892388467 -0.36335237329857683619
-6.6648481355839637175 1.0316553727998523105 4.7930882702628263559 -0.054335054117445588662 -0.0055510650836306284564 -0.99850732975313416517 0.85472172975290017227 0.51673207446590019298 -0.049383478065942565394 0.51623489477355055666 -0.85612916601066246791 -0.023332049280153026316
4.2650180256296774672 -6.7645995632626174654 8.4605999937969489366 0.4079591491951183313 -0.0011522810651235575966 -0.91299945500338597348 -0.63199756924358818644 -0.72204176831548194659 -0.2814866911209596978 -0.65889938917730606072 0.69184850730226254978 -0.2952917843175206225
-2.972206403061875335 8.9376507026555778168 3.2958331652329411199 0.22461227596489624636 -0.0090809704361824727936 -0.97440590179954666983 0.61667620846075110741 -0.77291894072566447171 0.14935449436144007662 -0.75449306120344417081 -0.63443978992782501525 -0.16800706399505976885
-3.2056563491342244809 -1.0597945450602634931 3.7366185815837846818 -0.91151101015073998646 -0.0087361127761636757361 -0.41118287744905152037 -0.23171064417396419755 -0.81509291101208047881 0.53097431556926333318 -0.33979090004034429029 0.57926438415561531947 0.74094191236447248805
-4.9930094181451609714 -1.106996468863863825 5.9947276146519223872 0.75252951170796000824 0.0057755179591118671611 0.65853320144150628845 0.074977607523052769434 0.99270824271746516132 -0.094385926975813924655 -0.65427646479049605954 0.12040343945773018808 0.74660921464189988761
1.4107942264161703605 7.5921915254740168777 4.4216967391904677953 -0.27398979573894205464 0.0063694970182373075035 0.96171150629435719903 0.87426110745438312399 -0.41503267248110747856 0.25182413856835139665 0.40074568971286717023 0.90978421083312455142 0.10814611364098265789
-7.7886116579085271638 -5.5205136303418562704 3.2375037788645326664 0.7670481577244628868 -0.0098576701452868353143 0.64151379569786537438 0.60441441729030254137 0.34651341902223847802 -0.71736438621467601973 -0.21522159720378689074 0.93799321787360590008 0.27175059764451603428
3.2500736536887711026 8.2117849994805265368 -2.8384863657528498493 -0.21302835579894155438 0.0039147722402456969909 0.97703817437366935472 0.75990246300832098303 -0.62789859978828865827 0.16820105557874584501 0.61413937045229649581 0.7782853094735413535 0.13078536125397208223
-3.1863016607712788542 -6.9973441534003839593 0.67017501057033090905 0.68462702248751849954 -0.014655110298455200496 0.72874623005663230479 -0.5055906626171366991 0.71062697313111911068 0.48927230345972716474 -0.52503706721919674028 -0.70341632963739397777 0.47910494178758217254
0.90805281339050658573 6.6801967162948940882 3.5933521044722693816 0.48056678033277949735 -0.0037287745221468958368 -0.87695020718467375787 0.59682845079738866545 0.73407019423149066917 0.323939423750101263 0.64253511184943545853 -0.67906335947481200055 0.35499518850154337946
0.1437437839424578756 3.1670186442713670338 2.4927465768195546936 -0.96060524779493094982 -0.0040144060110554368251 0.27788746364885563711 0.27331604291453065469 -0.19482429658957350904 0.94198823461010883218 0.050357706405155015783 0.98082994346750973502 0.18824644326753392498
-3.8117403991406160202 -5.8877928575726174998 -4.6722347212617378887 -0.0055440171937097782948 -0.0016274377672819621658 -0.99998330752052266845 -0.18453830063354220714 0.98282515400623837731 -0.00057641288440497795952 0.98280968629376119772 0.18453202458858183888 -0.0057491241522417595514
-4.7206337824028201666 0.96946913883403296186 6.5188090698962657399 -0.85430178839563286619 -0.0056698325999175666623 -0.51974638752222479532 0.32286618800742211688 0.77784659822360413539 -0.53917723827493058142 0.40734000415579268983 -0.62842861379040271252 -0.6626851427216737811
-4.4997762829242784477 -4.7945314073620668438 -3.6061368828893631822 0.32140236152098300426 -0.0033079322201797108083 0.94693694594356769834 0.8838013264777747624 -0.35799353322105870179 -0.30122391254273883643 0.33999373130178756064 0.93371820575378938756 -0.11213641210246302893
2.4160057985912750667 4.4671174752943612063 -0.20636417499382386787 0.58090571845052729749 0.0042105074410817644806 0.81395996086930011426 -0.64555278881546485081 -0.60671211842669736658 0.46385558335160714805 0.49579243955884860773 -0.79491048362760163837 -0.3497244342264647643
-7.1535234111754100184 -4.3872806897635463486 -0.24519269312528180205 0.99808731214290202782 0.0025875221600562552278 -0.06176586491521582345 -0.00089817547688694743778 -0.99841125505996186629 -0.05633967563625969649 -0.061813514869067803792 0.05628739200810207316 -0.99649928192679981809
-5.8723574111088581162 -3.4304667960735648613 -3.807562547308752432 0.96548466399554744299 -0.0084628116777570559781 0.2603223855295732081 -0.250386892676576156 0.24511031176914391261 0.93660415279874997818 -0.071734005639409417765 -0.96945825896871729022 0.23453126988103015216
3.1464607278359975062 -5.5654079114358134817 1.0741185994233199974 -0.96720248742093684058 0.0044825272499793723108 0.25396703580554386148 0.062540119527540335986 0.97326693093401928092 0.22099822306896274582 -0.24618708693986271485 0.22963315984330190389 -0.94162653431407083993
-2.1111727584415165282 6.7691385002369459656 7.4119677564250920909 -0.88499298203165066568 -0.021726056282161412825 -0.46509719439440383448 0.46208741653980606179 -0.16352829871173582554 -0.87162705040417387536 -0.057119534580872197149 -0.9862993835540686538 0.15476073394262901406
3.9633450343849916386 7.9153281284328285139 9.1376741028151045043 0.0033884548664808180306 -0.00041870012636989690016 0.99999417151500280543 -0.2584134304395698245 -0.96603430425087633004 0.00047114630663771834163 0.96602847646531631032 -0.25841352073890005991 -0.0033815613754363824453
-4.6163375362245817612 -7.9727025484488676099 -1.6833388233157242642 0.2272869815892470946 -0.010299653648667018296 -0.97377335408948584305 -0.76886815829440680048 -0.61557311068316300506 -0.17294941620253914683 -0.5976473735917160468 0.788012476131214612 -0.14783083000666111251
-1.8658780860748718222 6.2925537449264989931 -5.8474867704901285492 0.21686999633249853803 0.013088112951038476106 -0.97611275270316499864 0.92585737272484680549 0.31420190117334068081 0.20991734247087368015 0.30944390454758546882 -0.94926596199310031565 0.056023239284381583236
-2.1309611547397007136 -3.1907795887731627005 -7.5570030988566827546 0.65418807686452395966 0.0059172751115433679103 0.75630876362993082473 0.10078653233095277719 -0.99173320986156521251 -0.079418608388166764267 0.74958657604650524853 0.12818044434641093221 -0.64937642296141340204
3.4541212760508037682 7.7395722385664011966 1.0000404029430642883 -0.97875658950796184943 0.0015484226008650758301 -0.20501985484940429827 -0.14562449939829305579 -0.70915514760276221473 0.68984960810552620192 -0.14432270670278474212 0.70505076343178141318 0.69431576196588784544
-5.9933113234116728307 5.5255767755767974947 -3.609168218280922158 0.94792298655496642912 0.0020389463186250463 0.31849309923215068929 0.081369315639405442875 0.96524501219534952767 -0.24835680160641865344 -0.30793026163886877411 0.2613386866302845335 0.91481202705108066731
-1.113910416219960231 -2.3268515080704164077 7.5578564142644282242 0.47152852201695766299 -0.0078173434876648070085 0.88181616115003447209 -0.51547149275307513339 0.80889424373323792761 0.28280601587399656349 -0.71550680855153137028 -0.58790219560421974609 0.37738708949865834574
-5.1706513225100980691 2.1335892869016319651 -4.3097568523210902924 -0.058993389383324448816 0.00098625511213178617895 0.99825788617470223585 0.14517145315634605307 -0.98936035964016622035 0.0095565664022252486132 0.98764620649174694744 0.14548232220365320266 0.058222544848747836976
5.886632504807563393 -0.10672578308371939715 -9.0197857083473937934 0.34542498915650493574 -0.0045322795389619507586 -0.93843541882668002341 -0.63021655691763600604 -0.74206811589585408573 -0.22839002333205632445 -0.69534787570899458942 0.67030915987557815328 -0.2591851884928756955
-7.2547882170262800727 -6.5893003908011928971 -8.7544795170507327953 0.71173535634488571677 -0.0061622678702312142646 -0.7024206780721489185 -0.6720049465085539131 0.28521667810786333064 -0.6834184650685892759 0.20455350008333031409 0.95844325496271365328 0.19885771953805242429
-2.2799505268210626951 -2.1629156986400461804 -6.7704007576229239262 -0.53429527413738620023 0.0077474845225174743951 -0.84526240689975828957 0.82488050566375414885 0.22322956211899444567 -0.51936568424591045279 0.18466377936748945565 -0.9747351122638109322 -0.12566124903835521054
-2.4864227632559949832 3.2683506493880245536 -7.579633356504804631 0.37589154505440786069 0.0043815455353306449748 -0.92665330540350432376 0.67773879590723773436 0.68066781857805858102 0.27813925518358351141 0.63196176377892410159 -0.73257908979889829748 0.25288773459867941451
-4.1168290219597034607 -6.7165061168757551613 -2.1688597558911815177 -0.33620673439786213921 -0.003175508309943267729 -0.94178285601961442275 0.93366150382318768841 0.1299615463624223255 -0.33374570071525494486 0.12345536855181737934 -0.99151394978292617388 -0.040729097235817773859
-1.3678138795269381145 3.1516040911925347068 0.27812837892535391404 0.57082155224299202523 0.0021612406453923836691 0.82107130295361763217 0.81564518213610459618 0.11331266316010185635 -0.56734749248222560158 -0.094263950442788541073 0.99355702876418883207 0.062918504753931986384
-0.23169869907859291791 -5.8797879048479337882 7.6521761003631576514 0.58822448976021812772 -0.0012990192074896155482 -0.80869664411036334961 0.80540071006937197229 -0.089265147095750743689 0.58597050244352610893 -0.072949611829958918574 -0.99600705121138155551 -0.05146171461146871462
0.82711746915339545705 7.6791106961197099778 6.626595798169842233 -0.77059519698748457639 -0.0018212864365983419835 -0.6373223088013604265 -0.55486251125193963851 -0.4900516241047915833 0.67229234661683634489 -0.31354526943853450183 0.87169151001252320743 0.37662086424509216842
5.623632063948833526 0.97060083862686075129 -5.8502764082673310853 -0.99201634050793763286 -0.0008538177561030466968 0.12610650720896240951 -0.05041678337333894977 0.91927258077742479703 -0.39037939262359211412 -0.11559294147782571416 -0.39362062093616945191 -0.91197646825700151574
-1.5497482575021821471 -6.805592278964871511 -1.2524647622415923109 -0.94477712977138994521 0.0024992940668805913376 0.32770402589883135258 0.046893714860397013588 -0.98864934355229872054 0.14273561223520012109 0.32434110835300083986 0.15022060119288296876 0.93393608796836746766
-5.7840058349470453436 -1.5171052623443785912 -8.6018128583736892523 0.92473030472900075161 -0.0041941464438094398781 0.3805998852483526429 0.206172081345610686 -0.83502066726875923131 -0.51013092251687064405 0.31994833393708976832 0.55020259393236048417 -0.77130420019677592425
1.5219195546177308742 4.4998293291570155006 8.6080321723169248571 -0.6852003531254052815 -0.0071208538035304799058 -0.72831982639368364474 -0.5466233916562260875 -0.65582190778964521982 0.52067311526279602685 -0.48135573515971252778 0.75488205615486303479 0.44547697754721288232
1.3538155529468649529 2.0003979230849089355 -8.1037816815172014628 0.40865184185193587085 -0.0044299929147050675499 0.91267959729222714049 -0.0030831655090435773799 0.99997581412868130624 0.0062341998794846979065 -0.91268514080230478402 -0.0053615595182691516696 0.4086282998498100838
-6.2707720546591803057 6.6182733295393880724 -8.3711773779130727036 -0.43654412720046453789 -0.00070207569213772379191 0.89968257296503684195 -0.83737940630589569047 0.36597427423810746649 -0.4060277829052403864 -0.32897561444877332359 -0.93062470292036103547 -0.16035182385126145466
-4.2066562794442061701 -6.4059931276962078783 9.0511091937915555405 -0.99234126162841862495 0.0011873748422952202716 -0.12352089139417252173 -0.06149645810916341826 -0.87197767230256872928 0.48566771011245934986 -0.10713078973782413916 0.48954420550841126758 0.86537244279164671212
-6.6694049890735023212 7.7557926709063798043 -1.5971725526077562574 -0.48382804875224927343 -0.0055050147371600230417 -0.8751457673172674534 -0.21503250166623388839 0.97007309568469490824 0.11277948508425476859 0.8483345109493041214 0.24275066187640673143 -0.4705323301227375965
-4.6721996729649539759 -1.9983949037093595713 8.3413444261243476774 -0.91755305589036739722 -0.00032133520462396632971 0.39761323716621499447 -0.39502879226643899946 -0.11309729503708620957 -0.91168045670388497825 0.045261936620534765074 -0.99358386591107694663 0.10364583201641604238
-8.3906793314086804969 5.3737964152126354023 4.5886579177358735038 0.88709950228273837247 0.014176854838317506577 -0.46136047710699218394 -0.42408000157467234947 -0.36959553171533338078 -0.82677402910366770694 -0.18223782624357232063 0.92908458157624085327 -0.32185589160835920142
8.4030286762637516063 4.4740219628374138239 -5.9065143244531954636 0.10192790534006251901 0.0030545040737970808459 -0.99478709888981531329 -0.65356832500712680467 0.7541012945187983707 -0.064650461350027457752 0.74997276394572354175 0.65675102406455854176 0.078860292475960713787
-6.809926684885512671 4.2991638056324976702 5.8839250084357885839 0.99181722235087299566 -0.0067073108466969150188 0.12748964440149329613 -0.11907317522597025972 -0.40877344252156250226 0.90483470956337985758 0.046045373165954181505 -0.91261124509311641884 -0.4062272011320953724
-5.4276789891975099067 4.4155894759597718036 -0.39551269929686383442 0.078733176710962610167 -0.0094057683436623816531 -0.99685135221195830812 -0.21235507187098681681 -0.97716338847905281906 -0.0075521961387774701538 -0.97401561093010380343 0.21228104893687455013 -0.078932540353281080425
7.3645410055320859044 -1.4716406118593832186 0.067108537128365036706 -0.70477664072279744278 0.0066859362366091298208 -0.70939776215336725063 -0.70797319755687782017 0.057405368401206371964 0.70390239040656166214 0.045429486378630729027 0.99832856411876680358 -0.035724499045332099023
2.8839145987499890111 8.8556166442816230955 6.4858298736058292988 -0.75702672872995380171 -0.0050329285565555732102 -0.65336452430385794088 0.12742990435201448363 -0.98190532290309529007 -0.14008410449288857813 -0.64083707091988106885 -0.18930559021024881416 0.74396992012425466889
-4.6932433297204054767 8.3414421777705118899 8.7754614983488323787 -0.45421520957825650688 0.002602038114224274664 0.89088819320124768009 0.79569234377316599982 0.4509593361828996283 0.40436292012296837228 -0.40070218048895550611 0.89254070299747167994 -0.20690301120117518541
5.8438749031956156443 -2.3667612786282714588 0.89055135439636690098 0.84410519292407237835 0.00042977332574667403975 -0.53617743198807077398 0.5361164085731481288 0.014431535147596125102 0.84402069124627243646 0.00810060103462182865 -0.99989576761194187693 0.011951325227933001089
7.3305793180145357724 4.4903311229148465955 -7.593652724917308916 -0.41147234278856859024 -0.013966229581450348082 0.91131523390733337742 -0.077944077450014678798 0.99675875965171878423 -0.019917224912962858824 -0.90808327366541552461 -0.079227012369788116231 -0.41122724690888140531
6.8716524360503088431 5.6786102778322851137 7.5049590092443692058 0.23079258365827895472 0.0019404098095127013737 0.9730010370693904509 -0.22823512589968214526 -0.97198987735924058384 0.056074999925173160675 0.9458559671714862338 -0.23501470830752130281 -0.22388518540829252523
6.5514929032641360251 3.28757627712873024 4.8972881081206498521 -0.18548088441180754504 0.0035558089455326666317 -0.98264143905117040667 0.61990303052494921676 0.77632346078250158428 -0.11420208835593184671 0.76244152186507907487 -0.63032471033700154806 -0.14619741883667397575
-3.972888258326042088 7.7041521102567713797 1.008963039799065875 0.95920792353512007722 -0.0029059237505520908902 0.28268660214908902795 0.04429299465049011536 -0.98605281201459649143 -0.16043061597795305051 0.27921011810513013396 0.16640735418025601189 -0.94570095824335198564
-0.39321581927920135069 -5.9559942259252878216 -7.9421946825561038352 0.078682294228036131489 0.0076342319905933044358 -0.9968705106866216914 0.97797566955841508385 -0.19450679406159435136 0.075701366006314427248 -0.19332016533830451155 -0.9808714623056118409 -0.022770333942203756228
-2.8271867888323045648 -5.8895579097322920958 -3.5216668752837043677 0.23263735965430309971 -0.0015252142202295915045 -0.97256235410118330176 -0.85096745571687582022 -0.48448920627611341549 -0.20279200751600742758 -0.47088666173895138423 0.8747959091828610978 -0.11400819739360038008
0.89928610052589819102 -5.703146243856984654 4.7532662796775797531 0.54813373764030792756 0.015289200756440917903 -0.8362509467860143042 0.25256297265758798076 0.95013318848427463781 0.18291765628987866066 0.79734644321182590598 -0.31146936363059030128 0.51693856986738406789
-5.2324760650961081865 0.10062855786398304525 1.6211614430159930755 -0.57628648471131516118 -0.00082394841361705956767 0.81724733627481271903 -0.64798580364724334135 0.60982796968014141292 -0.45631594938968533803 -0.49800430300438713882 -0.7925333863659634881 -0.35196952380049362219
2.7857556295897660803 2.1454798689549141599 -4.890154162776268798 -0.11906805519981680797 -0.0049332295655615645072 -0.99287383965778952533 -0.24871441656116050067 0.96825376803210461141 0.025015588861956431638 0.96123042878675657441 0.24992059526487211962 -0.1165150584128072514
3.5895948862365107956 -6.8858306345979292118 -6.6160423115847617481 -0.41224361414439814055 0.0082970490222857799095 0.9110358728253082905 -0.89241557948284810919 0.1976573523405403543 -0.40561805255902816381 -0.18343837137635687906 -0.98023605832629823187 -0.074078565479807345628
-2.0782318338982226358 3.44673115541201458 5.2342317462944798478 0.14687634847369560043 -0.0016920030171197059099 0.98915341347280705264 0.32889833481461544507 0.94318386564721834464 -0.047223732794158715387 -0.93287363753901875185 0.33226696000151362265 0.1390878991004351195
-6.9763209871037039633 -1.2366060117831627618 -1.5102953402246612757 0.4753418149376423818 0.0028788067012740416878 0.87979649433485496157 -0.82350023846116915394 -0.35052320167285982988 0.44607268728686355619 0.30967324105615923191 -0.93654962365112015554 -0.16424763685581683648
4.4416092416297958678 -2.3546805069627874119 2.9254841875537360707 0.78278387254510728432 -0.0094526701006614356065 0.62222187032533127216 -0.58642611922109610934 -0.34576067994711784381 0.73249843610583587061 0.20821579089591246703 -0.93827511915763484041 -0.27619917666633014841
-6.9813402948677349968 -5.4746056667661235906 0.94135585095219065366 -0.55976211848127666038 -0.00095374989435873772266 0.82865279886968590262 0.76621419407511559552 -0.38141386841740815283 0.51714530818422377312 0.31556644230876473856 0.92440388972578879656 0.21423181171023686353
-7.6379304135250665198 8.8516590633372835839 -3.2144157558541874842 0.47574304775261455625 0.0049970972660981632929 0.87957011177822752579 -0.7854356611941492039 0.45253760701684719869 0.42225648172653507118 -0.39592849687719111618 -0.89173131786115489295 0.21921651878019743354
2.4832118581860558315 5.6044779387249343827 8.0343041295551103076 0.9852052706948510874 0.0025154411361828811489 0.17135999285444961093 -0.040311276915847057967 0.97523934519794852616 0.21744705224822682976 -0.1665700319641955085 -0.22113772209621854192 0.96091234372212974701
4.485518614420984207 -6.8565178915162841022 -2.503584667450455381 -0.20478576269416443045 0.0080286369484878425395 -0.97877389237066458882 0.66649858400751238463 0.73346798805829704904 -0.13343293450022500335 0.71682803301311781574 -0.67967657858882235544 -0.15555487650397648025
5.459496972389107583 -6.2448807365669321001 -4.0253008450581715394 -0.079805199686201366838 -0.0010066284835913734061 0.99680997025614548335 -0.95146243156347332093 -0.29811190698630579687 -0.076475697030018510714 0.29723790375087844051 -0.9545303963792884927 0.022833111081155599287
-5.1871706475376866408 4.4391580513010362452 4.3943094917288041401 -0.27672949431302601431 0.001962209890167726338 -0.96094585524342568394 -0.44126750508679080109 0.88807144536201709784 0.12888792374385715789 0.85364147973959769722 0.4597012700274932806 -0.24488970252625841262
-4.6136438696999544362 6.4118027858970609856 -5.8029724120091215056 -0.0002307286106641096967 -0.00071845936779719662968 -0.9999997152902189157 -0.60297935383270995224 -0.79775647381139269676 0.00071228040320244281891 -0.79775675842690874084 0.60297934650208218077 -0.00024915092236654171748
-8.2566125956199023506 -7.7876588855129549316 7.6242467552474337822 -0.14558297263265018717 -0.010020870921217775104 0.98929529475552580031 -0.9447966726443652874 0.29809247302193880858 -0.13601516418371545347 -0.29353849055890607334 -0.95448439467249279744 -0.052864873845204919667
-4.6239138192900623991 7.5847828683598459421 2.1777889030333263953 -0.97377689886209961578 -0.00022893801320862964752 -0.22750494242960669911 -0.045164586786559594855 0.98029062188129933997 0.19232903252477606681 0.22297693006883859135 0.19756073556985503936 -0.95459470164995807728
8.0841377908280964704 7.7666394640015905537 7.4784154542961527312 -0.25658817606184852744 0.0021168825652611500052 0.96651850821060780738 0.02112403113435301627 0.9997710193032325332 0.0034182260885732749199 -0.9662899581459449827 0.021293843456722326424 -0.25657413941579820804
-6.2456411276842471736 -2.2016246244736334958 2.647841205843668444 -0.91775289619998767776 -0.0081390751328526533132 0.39706847894612756766 -0.1732842002122074454 -0.89139766554727939418 -0.41878728229677769646 0.35735445635013934895 -0.45314893502344361087 0.81667241609697727167
-8.1477114163777084599 -7.858638937960732207 -5.8978005199750045406 0.30302028963484256563 -0.0071852009666324139631 0.9529570173711139347 0.51639192615741147385 -0.83920149393570664387 -0.17052926779738236673 0.80094823969396289343 0.5437731378647762126 -0.25058469998748816865
7.5169659892826850012 4.7803148205326175813 6.8100538967902162213 0.33445864777560230241 -0.0049560049677296273002 0.94239739544570366725 0.096361370870325188664 -0.99456514385879113416 -0.039429187487513034371 0.93747101242244901265 0.10399813765968074497 -0.3321633457068943196
-6.6062291538332829077 -6.5633840216884227203 6.6614767297402757151 -0.97579757149975510089 0.01007760165455528524 0.21844345126426070736 0.1119505334658373874 -0.83508210594461174114 0.53861391960077753538 0.18784615383899563867 0.55003301562377149292 0.81374289810218813912
-1.7719288363655454344 0.90406757997135578364 -0.31332919514400103811 0.69761316922579075239 -0.0060845585586197983158 0.71644877295599207478 0.62017993998579279413 -0.49559106448998702099 -0.60808415440388496886 0.35876553368779329212 0.86853467112432081176 -0.34195733197704608619
3.7445742537904034286 -1.3089653319222664951 5.3069371108810194926 -0.067682145037862184722 0.0091476691823806945136 0.99766499757772808543 -0.5949301111058498126 -0.80309985716659348931 -0.032996701631611807803 0.80092277414396795265 -0.59577423540084428755 0.059797744855520737484
0.11211763773659326471 -4.5348563728599646794 2.0580257985333316739 0.8773257767613814595 -0.0062500220432627744821 0.47985458073737480289 -0.47232694176713657663 0.16563717760427282277 0.86572026976154026201 -0.084892529183169737617 -0.9861669547392317714 0.14236571170464334957
-5.1587080705860506313 -4.6614945380364130045 -6.4104668302357756815 0.98926163383345233626 0.0047666402084546397738 -0.14607771550221421153 -0.14016106947717310582 -0.25236203411790114615 -0.95742794942416631354 -0.041428183983885646935 0.9676211463567985227 -0.24898398079954064954
8.4068059097704814775 0.051117867282309381594 5.8650214775171054526 -0.96893431955186992699 -0.0099134889833739081588 0.2471194187646242324 -0.24731317951581868742 0.045194715297227301687 -0.96788099937271621087 -0.001573414150820079925 -0.99892900670941298102 -0.046242447194287661372
-4.7336175090111014541 -8.1741937914220166306 -6.4578727220906548823 -0.51777981895771352239 0.0049334728134111608538 0.85549969019624449995 -0.24282759641969087205 0.95800871910900520234 -0.15249279500392326492 -0.82032848146151471358 -0.2866966252975385876 -0.49483959779503045029
-0.088787496960534700863 4.1404236358358339487 -0.54162288753436871325 0.99588435385770979202 0.0060201977568676663319 0.090432908612608803312 -0.027889049208687784892 -0.92902219567875810036 0.36897149059288031347 0.08623546066104857688 -0.36997502233960011253 -0.92503077147152645843
