1125 17.292696884352682929 17.968806560800352656 18.477561601407678893
7.689164317214029154 6.0966572177170785807 -5.2088043454901384877 -0.50170493236130508929 -0.0078100816769979116913 -0.86500356269124378805 0.52421295161002112728 0.7926877389072701785 -0.31120239387003034714 0.688108234370876648 -0.60957784671882286887 -0.39360120246390206677
6.1323058721327852183 1.2800489021734191564 4.4260521790376161633 -0.76226008240494069756 -0.0083863656906011819353 -0.64721652917903960134 0.41096027352006508915 0.76624877550652059632 -0.49393771633960559253 0.50007121528877662708 -0.64248928621803069738 -0.58063439162228225321
6.3589479807765272312 7.2267810717135949616 -0.4944359617326274936 -0.99151113074889440924 -0.0071443451412965958136 0.12982540557861368957 -0.10419042153885550717 0.64097568353457701207 -0.76045678981579301059 -0.077781962309318886106 -0.76752793528984308846 -0.63627889709584606326
1.7696126088623438388 2.5611267406222952836 -9.0543096505472675517 0.1809371999971033651 -0.0072811525391641923957 0.98346769874519146537 -0.9737013507778453647 -0.14209221272254132784 0.17808841224897956068 0.13844641256096340554 -0.98982664537859832432 -0.032799435174102671564
8.3625377475712117104 7.1573938515316166686 6.6339825886565639834 -0.026956770349890767091 -0.0073065335411961205084 -0.99960989745999584422 -0.99951241842759352974 0.015958517798666610465 0.02683749465454741967 0.015756203285545073572 0.99984595827427524828 -0.0077331611096536937919
-1.8772905345184660586 -8.5669759918777241836 -6.5028375384544974125 -0.8004009067327391147 -0.0016243090750328397463 -0.59946288469027630974 0.47962245582980139735 -0.60162090285630287489 -0.63876019687377627587 -0.35961185793148819911 -0.79878010169654667383 0.48231697126308370471
-1.263389021846098581 2.5284915560706471283 0.51078105253451400181 0.45674556142187011654 -0.000941503140133321181 0.88959687819439259293 -0.64103282375672709925 -0.6937118669397088766 0.32839117608917656188 0.61681472987261121155 -0.72025201092327784114 -0.3174533505469718242
4.12370072223102202 -2.9191219251109319366 -0.25172017350886011222 0.43338606244291816294 0.012577376406373462145 -0.90112059708070646469 -0.44897600934818288065 -0.86396825550740463662 -0.22798990439353905568 -0.78140710510605593253 0.50338917656048776106 -0.3687848600628405582
-3.8813409278761863419 -4.2288735677389901468 1.0220384942163980302 0.7623160620480987637 -0.00040777516908647028042 0.64720480163761040515 -0.026131646529625966041 -0.99920374498601260971 0.03014984337557420277 0.64667716721184664852 -0.039896236982177799013 -0.76171971989812770065
1.1989445176053021846 -5.0460019332034988793 -7.0964538439757598454 0.35035321554552456558 -0.004521341828628857272 0.9366067380843515755 0.5859454407306642354 0.78119513956803421362 -0.21541145373993519918 -0.73069868266196369433 0.62427054342135879228 0.276343488746701893
-5.1492787129644490562 2.4698342219685587295 -3.1580175935920964392 0.88840631670217540261 -0.0013096587799579255049 -0.45905609813806236286 0.24483857405039982646 0.8472430146041172172 0.47141632010506384631 0.38831467793631913032 -0.53120387705513461007 0.75301670094423411861
-5.1153943486100414972 6.8355105909343789605 -7.3676375350082423665 -0.18151418493159662826 0.010530578918766474866 0.9833319417042424293 0.98338544172001185473 -0.00047831435488564742753 0.18152918285677968613 0.0023819491693748209848 0.99994443751793538055 -0.010268797161430715664
-6.4640033715481450827 3.5783828273304654211 -4.1419512072686002213 0.21284673129985873241 -0.011821001620302230839 0.97701409042847020547 -0.97032561642015036085 0.11486144138617673804 0.21277933969709389439 -0.11473651160047733388 -0.99331118648875382782 0.012977661667546894209
-8.113650921210419753 3.1755708171521392913 0.983720245668249893 -0.99542735183091590745 -0.0021750370569171865662 -0.095496892309905337393 -0.044060043762137901524 -0.87658163753132123386 0.47923203699920308152 -0.084753169679328027586 0.48124827475700104884 0.87247750588361994151
-7.3726184335952815729 3.6142117358175442909 6.8413661142338355603 0.80563013856593945761 -0.011889147946850212034 -0.59229952557403720004 -0.40248160209131239595 -0.74461681033129023533 -0.53249823074861668548 -0.43470523324665827358 0.66738628539485078672 -0.60467090739886841799
-8.2601579607526414151 5.0241262638994399481 7.6765908070372033123 0.28651057142968944236 -0.0019119695092693475211 -0.958075172849926604 0.75210916320534293433 -0.61902100488669420386 0.22615216587846284635 -0.59350105230016325653 -0.78537210281599578732 -0.17591805204925675676
-1.813488785818960114 2.6477273207115947784 -5.2108380021020250794 0.9261666820814715706 -0.0097163482502668103991 -0.37698921679372993099 -0.28915607136781007469 0.62342438582036485695 -0.726450825283622037 0.24208272014561291186 0.78182327142445584567 0.57458535385584730282
-4.7274007705876170959 -8.5104605940815680754 9.0111721150543768744 0.77123150411887553268 0.00034367189890667677876 0.63655467082122096922 0.56806354455286789396 0.4508671211292727965 -0.68849302715037918876 -0.28723818758058783374 0.89259101551285946474 0.34752770050900833043
-2.0857509594025853694 -4.2600347447479514074 4.2570201973861481193 0.99827461327483379971 -0.0022215642824542471481 0.058675899165467233776 -0.048917512819725061934 -0.58420199128104211006 0.81013277326763211139 0.032478815099454466653 -0.81160525998486132693 -0.58330269031989412376
-4.7829071471243826963 8.3529533526319941217 3.4032492897189210446 -0.68771027595519718112 -0.0030629641633812647317 0.72597878384714398248 -0.33434179283773518554 0.88896975239997688689 -0.31296700286164647054 -0.64441457301016968895 -0.4579556720564786354 -0.61237771066857427105
-8.4258242599887758217 -8.8561234160505755142 0.35949370814171249799 -0.35139071163316054625 -0.013414647024162101169 -0.93613279774985391768 -0.33457621993747438394 0.9356678972943067718 0.11217994038638003096 0.87440455215547197021 0.35262676191402053671 -0.3332732301757722615
8.0433124266699120852 0.16266376058697831763 -2.7028013572136293519 -0.9811802493628339894 -0.0052800900787822830848 -0.19302186122049311279 0.0013241605456192438034 0.99941857085885477119 -0.034070028199483140541 0.19308952550342617371 -0.033684430697686659761 -0.98060277088616742969
5.054414647192571941 -8.6633649193617454642 5.5754442613276475882 0.022479569700048430275 0.010362903044832423929 -0.99969359265066304321 0.52701606747205131942 0.84960421393126128731 0.020657790216093159519 0.84955796363318136777 -0.52731896411083256648 0.013637320734072221062
2.8582256153173180024 -8.5559431342276131005 0.57694414173895758324 0.90137967409000041563 0.011761124047999694034 0.43286991013309827903 0.3964957361011056669 0.37945345833875909758 -0.83594629265798092721 -0.17408565245615220674 0.92513607048688939472 0.33736839907292498486
1.5796373611774285894 0.20988920171678054905 -1.0447411756069602262 -0.86399009341974575271 -0.0051103476130262438099 -0.5034828724194944094 -0.50050552214140830998 0.11777002369157818507 0.85768551569068240958 0.054912118685397477702 0.99302774677612359877 -0.10430989097170201285
-4.1687996558197824015 -7.211552897159936748 5.6812873841696074351 0.78243373091991941237 0.0011884028668609700197 0.62273272309821625647 0.020771242909249781894 0.99939194514700746552 -0.028005275282919458307 -0.62238734899313385984 0.034847204684134290564 0.78193328368813730389
2.437610602948791616 -4.1330963106339657642 0.38904892367809229548 -0.76664315040155528447 -0.0044656553665296571179 0.6420578929228034637 -0.31709937555698142209 -0.8668826563534132168 -0.38465886982503916247 0.5583066056959118395 -0.49849224470963210409 0.66317359416709675823
-5.666170242262565715 7.0899669973860159899 2.261600205318454293 0.50847324398643256593 0.0038662408532299519237 0.86106911007877084963 0.71682340153588119946 -0.55596166433830973563 -0.42079785978131128976 0.47709450967316369141 0.83119894126968230097 -0.28546304291767826689
4.3680432467216512293 -4.073767713076452246 2.170459961097491508 0.8770734718390721385 -0.0073421236019881458423 -0.48030013347540911894 -0.43439272616131319182 0.41469560555145590364 -0.79958146188751444416 0.2050489806211994448 0.90993057315220837733 0.36052914943031161288
1.4248413705245939198 -3.9558419175344234908 -2.4410297667279436951 -0.48802248927684344082 -0.01603667011926908359 0.87268372001071625732 0.74168336448503480174 0.51948653460214666566 0.42431064942235258153 -0.46015197142488373228 0.85432813694659559545 -0.2416269803130950411
-6.8669729023905992094 -4.0382299606863449881 -0.49264441225843619288 -0.99131439130502174706 0.0053196718511308895005 0.1314057787267154942 -0.12475965438645095218 -0.35412025824630138926 -0.92684080150642167428 0.041602959375458256619 -0.93518476452041143787 0.35170818867377023897
3.9982280102134155619 7.252856439697365154 0.94478837403262272421 -0.0070824983708451649117 -0.012381967123819058105 0.99989825737762960678 0.97042394616254190609 0.24120558184441615035 0.0098606288484518970355 -0.24130313493812749481 0.97039505057332142712 0.010307419257077817323
2.6348855623092086731 4.7325328582026333635 -0.39374863462332720943 -0.77543086836817731733 -0.0066224436809919611652 -0.63139774439025098118 -0.30992409950596011559 0.87520088790470695894 0.37144374857549400382 0.55014000120573736119 0.48371432586816937027 -0.68071023939925079382
-8.1823126093057396702 -4.2678633964240617615 -1.4447601626010109221 -0.99883322906333005253 0.00028381296367019901751 0.048291820934286709688 -0.022843921444263878828 -0.88380731459347505741 -0.46729304074024957671 0.042548040754108548689 -0.46785099136505048367 0.88278259730616492895
0.26433151479912064818 8.0120573488437827336 -1.4132321824081708339 -0.99123997722437073854 -0.0014008238284439556223 0.13206568533949203381 0.11160791755372682921 -0.54354721886525836361 0.83192553368824984084 0.070618554862723434407 0.83937742318705010902 0.53894207587877795973
0.47975937556359565805 -4.1647557537122654736 3.4884284267069940455 0.92979741403903615193 0.012508837165055127633 0.36785907334092216026 -0.36796210221791558759 0.0072032390844317395473 0.9298128869175606992 0.0089811011418670805978 -0.99989581574239738693 0.011300331092927816748
1.536625108576227916 6.7549367139169049779 -2.6629564451172953454 -0.26365516811332584401 -0.016049376296837728623 0.96448347308191395566 0.80058344960937033452 0.55412047688787868793 0.22807156180691467995 -0.53810044837253656613 0.8322817519411875864 -0.13324786244899305965
5.6885707009059940376 -3.0275079769672736951 -0.60303987902005318222 -0.5680812406608765075 -0.00647855334277237533 0.82294698028224322339 -0.77657848850141009134 -0.32678249068457404514 -0.53864557454685380034 0.27241430800559102154 -0.94507736832936506399 0.18060789757179546156
-2.8286074487880061845 -7.4683195041728529517 3.1816129350287294386 0.59819737398188532751 0.007620658896967003916 0.80131256530728123266 -0.41153599580029415206 0.86093986248904563752 0.29903290343630267722 -0.68760310203048657929 -0.50864966208083339794 0.51814814034512979291
-4.4755109352003596968 -8.4977178132441366643 3.2413490162708273878 -0.99988670096304987922 -0.0065586857004433845794 0.013548759325768270495 0.015052702940502125234 -0.43787731676503333089 0.89890871149217355107 3.703466691753684592e-05 0.89901081145022243568 0.43792643163437683373
-4.3137311440843086885 -6.2012263007990293673 -7.3334509413464941119 -0.36935081406085590316 -0.0026788941510687913974 0.92928617749251563041 -0.88360602848172520307 -0.30866925690887331291 -0.35208475722566134891 0.28778527165877570981 -0.95116566031655547242 0.11164015429330279017
3.7582174546557158834 2.7289261168736120844 -0.82827476935997046414 -0.77609645869440746502 -0.0035940810212015204123 -0.6306039719060128057 0.62750029469623724854 -0.1036542326170430961 -0.77168593366529214528 -0.062591269024631732143 -0.9946068985493432546 0.082700969762686454834
-1.2907754535963673614 5.0548655552987309392 3.5609777858814188889 0.35749676411669256693 0.00041415089003385657622 0.93391428521314268085 -0.9330415498317993217 0.043382297996906050985 0.35714344808204856463 -0.040367436547830239102 -0.99905845910018642453 0.015895451141978704512
-7.7528033027063534277 3.7971859499216105149 -0.29467357651366193894 -0.9875847726850787156 -0.0015159206710481092518 0.15707965732323805885 0.15605540679966536932 0.10494084528175200155 0.98215789412915421863 -0.017972945469964182741 0.99447731043802378714 -0.10340141321594008283
-1.3895846140511729505 2.7061992377931702869 -8.6533437981044691867 -0.51394919997567556358 0.0028179218971148851242 -0.85781599376575801141 -0.69530744522942589114 0.58429630444965607872 0.41850374575961563073 0.50239802592432558637 0.8115355124223329053 -0.29833929614558418741
-6.2680395697759241358 8.1203255832766796374 -9.1923524065579300668 -0.33593515588964434349 -0.0078233927532749842487 -0.94185262412075743121 0.6776103382316892576 -0.69655947183200928041 -0.23590068190313748242 -0.65421082271598707258 -0.71745640754452266741 0.23930002656579321685
1.4968685861403536741 -6.2335382086001613899 1.7383893574842028684 -0.91352151058641295478 -0.0013064567538355108343 0.40678832685678889547 0.18342558522966756485 0.89124225625299435816 0.41477981550743248107 -0.36308883813645820293 0.45352567054123299473 -0.81392933463584582476
6.8747362181728339792 -8.6285516789343770228 -8.8004725753291079826 0.88413908572897847993 -0.008177774063582839148 -0.46715222475971945881 -0.39374124658718878678 -0.55130275621082858173 -0.73554952364226999784 -0.25152715126323427208 0.83426518266415283787 -0.49064824179031735207
2.975614964930314521 7.0417322860555264796 -6.7430377157507308539 -0.86270297012195451547 -0.00070501348232869217106 0.50571047873139995943 -0.46402667088966775832 0.39867079489982021334 -0.79103782842347769577 -0.20105430621097528099 -0.91709383393954546637 -0.34426162392012593649
-3.7382493242084513518 6.0629275958066095598 -5.7295173887746804198 0.22547675535289363191 0.008439150266019372626 -0.97421199619896714506 -0.1537584559591868294 -0.9871221833617006558 -0.044137652134955594752 -0.96203875702418317761 0.15974534690466288267 -0.22127551632680775295
0.56268643438092569298 -8.6945441284717990271 -5.0566670576460097664 0.75850702856538565477 0.0034138807951230418399 -0.65165591613592688258 -0.42512257754043264457 -0.75530332980732384218 -0.49878620073885915343 -0.4939006799775459422 0.65536648174896294794 -0.57145156655459095063
-0.86628483147878554416 0.55250064498735973473 -8.8460268913233157662 -0.87646093123976320793 0.0076734951082268422137 -0.48141183355143474243 0.261548677489513548 0.84706795657308697756 -0.46267501148219303264 0.40423820367929103048 -0.53142919981852987377 -0.74442896253875845414
-5.1943124520718040316 -5.1857365430786543925 -4.203012801889439487 -0.86691074271057610989 0.010089806078732072719 -0.49836127456530143753 -0.49327370966604205949 -0.16126053763850928258 0.85479593257861974376 -0.071741281877978971271 0.98686029143650422224 0.14477552852837058395
8.642220000604073249 -1.8345764749058779408 -7.716417064466974729 0.91513767088338415778 0.0069582423769249468828 -0.40308141385233409171 0.1411202779992115075 0.93106173648696854972 0.33646561486620518711 0.37763489042672515605 -0.3647953203000826039 0.85106771987860740936
0.71605717009549019192 7.1654708108809286315 6.6906340721164170304 0.99409139067596097306 0.011165888044825638542 0.10797050489829751463 -0.012838785238391180188 -0.97561746997798770575 0.21910207179989876769 0.10778438002510928873 -0.21919369338027705485 -0.96970957106001831605
-7.8718043564545308044 -1.668219816233335262 6.8037151994057643023 0.9613096535561872491 -0.0043316069568087693653 -0.27543599467213014664 0.25996230894827115909 -0.3164839192215833652 0.91228149537296310267 -0.091122707960323540144 -0.94858798540508149078 -0.30311299219702481089
-6.6744945530113755083 -5.0552554959401030388 -6.1304217586801010853 0.95787282016821229114 -0.0060042476972790928547 0.2871299520995516108 0.0036368779578705209138 -0.9994476635548806831 -0.033032422459589372288 0.28716969460898372768 0.032685116252230306255 -0.95732191538363131667
7.3925525117982733292 7.2379343006996705867 2.1034248158179003063 0.49037694482207888624 -0.001839737867196097193 0.87150850102083687876 -0.71602344999568701134 -0.57092939437007683701 0.40168401225397959431 0.49683082738803946432 -0.8209971023146441782 -0.28128790757494986918
-2.25289217637051431 -0.78251389705280849363 2.3862828306056433902 0.075594825143934646361 -0.0037372958896982645671 0.99713161369538105827 -0.53249693960964872286 -0.84561406027445540357 0.037200408229238465796 0.84304948355210329591 -0.53378169103627404191 -0.065914145649386676751
-4.4802511019668154191 -1.9943457691620614103 2.3597739851929837585 0.51519903799079491691 0.0082584833768099292356 0.85703077465488963771 -0.66646628030698884526 0.63257854394327206471 0.39454668032644957254 -0.53888092234487472432 -0.77445218263960002858 0.33140785799024979896
-2.3302285504615847245 6.0971939400641792517 8.5547371982656574829 -0.99918023395744026693 0.015653865240873511555 0.037333852897439651075 0.00035687776098434435129 0.92558450098241507042 -0.37854088838495469904 -0.040481263658759182589 -0.3782172497972293157 -0.92483132475541396378
0.93452207829951028373 -7.7560146274706953662 8.0116092181792950555 -0.95924537290925682154 -0.0035803312438761197845 0.28255175770162949123 0.17074169937668112751 0.78939741170124411163 0.58966007028904487974 -0.22515680457431569428 0.61387206128603533095 -0.75661450271996422146
-1.1800294794339767357 4.953051871370221626 -5.890066138868767176 0.7308774945797446021 -0.0099953333215999431993 -0.68243547770336043801 0.64590068694960467433 -0.31294227988871214929 0.69633284573979881138 -0.22052299316538312435 -0.94971954953555537404 -0.22226647681454045347
-0.60302533081333564713 -7.5543370583059559209 -6.6223660401666490927 -0.61391324201661567894 -0.00074239555090574883139 0.78937315645086103544 0.58520005544609021708 0.67069305639273146813 0.45575401173489504814 -0.5297654446850103005 0.74173463782907067543 -0.41131289873064580398
1.2711614615454833732 5.9027285142766432458 -5.6767823161939006127 -0.90647231386043158885 -0.005665523364344731902 -0.42222724456110555247 -0.20399898216444661836 0.88135852050569962746 0.42613562818396261145 0.36971929822561594436 0.47241407703088272863 -0.80008285842306159363
5.4865557482082687457 2.4009947064016401441 7.6938480221750307209 0.7257556717437458893 -0.0083192734251606829943 -0.68790224205294547843 -0.49231289456990989795 -0.70471888378397784525 -0.51088091438071625561 -0.48052754215762344403 0.7094378651634887234 -0.5155494124717578952
3.5961129766894597282 -5.2025568430506519135 -6.4281944024965573803 -0.99111488988425788804 -0.0030897078326365561875 -0.13297266168348267912 -0.063677496082498272201 -0.86669359649448751703 0.49475992793269985004 -0.11677521801456554329 0.49883129763587108485 0.85879618359460796473
-6.0210791742770748414 -8.4980295145855535566 -5.4799291251316519791 0.85319490915400886255 -0.005308887110531268147 -0.52156520465945566123 -0.11428151040203009259 -0.9775542647753853176 -0.17699546830324219826 -0.50891864121292107459 0.21061689186129062268 -0.8346510297656772881
-7.6367355838998252082 -3.9997220260260393232 8.8122076648361264972 0.99861594291154576197 0.0061470124820211073657 0.052234211013388424927 0.029034851029121223204 0.76366539311822534408 -0.64495902565888529878 -0.043854030468937300891 0.64558297808320186384 0.76242995902610044556
3.070549508981480713 3.630583075139474758 1.1925546679204852563 -0.91029927982583480617 -0.00439523565845003749 -0.41392741278126854443 0.22649027054473666598 -0.84228026904168629141 -0.48914834736643497681 -0.34649297034255588379 -0.5390219200425137025 0.76772260043368933946
7.7525770381991421232 -5.3779903741852139731 -4.2415172979109065921 0.63377735794089218313 -0.011428331981950035079 -0.77343109181745572922 0.089355050842853930848 -0.99211527095721463443 0.08788039612314758886 -0.7683371235666499599 -0.12480657980235959625 -0.62775901601457073653
-4.0535552233483507223 -4.0694871208996135081 -8.0411609715717222713 0.42604976480497180891 0.0021935453287579348078 0.90469706878512812231 -0.091420512724638247626 -0.99477397031716252584 0.045464687749714523257 0.90006882390322862086 -0.10207808941156169824 -0.42362268104915534739
-5.1530401164086159227 -6.2358031380885892148 4.0868905456656339226 -0.80560424821381915184 -0.0015023124470604719803 -0.59245214010652791359 0.043813858567987529202 0.99710743646471999835 -0.062105603161682593205 0.59083173667036181786 -0.075990152019871609612 -0.80320816463665711815
-5.5660952908873131406 7.2078882673521587066 4.5859810891484578121 0.55355128982024870421 -0.0040054501455286948067 0.83280545501812086595 0.42728064188912096011 0.85971122638037833497 -0.27987114946446900454 -0.71485118913347245329 0.51076468515817530225 0.47760570954500691787
-4.0960698486985700484 7.2868546910740583655 3.5233151829438775771 0.13601112994710076731 -0.0014984850795554385469 0.99070617595389276477 0.062389061086554543911 0.99802696498093323996 -0.0070556521685785156608 -0.98874090518555635132 0.062768875354516001641 0.1358362643018701521
7.9527837528540956669 -4.1314686047437101379 -3.8033602129211634413 0.97459754846397594896 -0.00029898883875153527134 -0.22396323165556050738 0.19410071741535550593 -0.49776677099297650386 0.84531245891334938491 -0.11173419363273016935 -0.86731087408209994738 -0.48506424076840659598
-8.2061574314102774252 6.0152640473607537075 -2.1494374807470371103 0.61437952142419149926 -0.0033904779499964402684 -0.78900336394306835874 0.083184816306235170869 0.99469596331460630179 0.060499809104771387624 0.78461333788734388683 -0.10280294365872942597 0.61140286618945949293
1.5802421365301533296 -3.0416743000503618788 8.5895680939546377175 0.93523056861530173833 -9.6286744409902758068e-06 0.35403923996451702738 -0.20918504629983689092 -0.80679447066899612206 0.5525615789235249764 0.2856315807677587415 -0.59083219445573975648 -0.75454086573422962658
-7.3505604259669441447 7.1062769203631495074 7.4260918673489415553 0.010836560268219393166 0.00039326273196454509043 0.99994120542473330371 -0.90303124497355202749 -0.42945950220251227769 0.0099552282408504767092 0.42943816733356104942 -0.90308603206584403544 -0.0042987352440142737736
5.2117466184282390529 4.6122721262972223855 8.200347634482088921 0.17870002881608265666 0.0041767107393563020212 -0.98389473765664858806 0.68413896965546716622 -0.71921034759788649016 0.12120373800650151297 -0.70712104331581726591 -0.69477984354423028002 -0.13138036042238382395
-5.4539104019045936411 -1.6338687618274905233 -4.7575920848675332664 -0.98948998897937368024 0.010745693446713633704 0.14420156650328380676 0.11843432654296774664 0.6323752278832819318 0.76555527655172395107 -0.082963076160378970703 0.77458769757342915696 -0.62700161623551364798
1.6522233937598884701 2.40205739152753317 -2.1461540665454434951 0.80994846359113181755 -0.0041019405689102367285 -0.58648670949131764818 -0.43665016690998853521 0.66338850024077866685 -0.6076613608630252461 0.39156112940876303119 0.7482639052044862682 0.53551938349995908961
6.0864149159377927134 1.3380751357472326912 6.2459721032760633364 0.49540463569791348686 0.0072141468255814151372 0.86863237506703283586 0.74903482622007244718 -0.50995289872748128523 -0.42295965550968622759 0.43991030453785379128 0.86017207416026386646 -0.25803667723091283648
-8.0045641170387789032 8.211998505765853551 4.2531467207380933004 0.99982655372117512638 0.0067566281453949250321 -0.017355415584578266774 -0.015795489922329059712 -0.18608686352461090152 -0.98240632210977030248 -0.0098673690573962483108 0.98251006468093715629 -0.18594786319883568892
-0.51958381358184946297 1.1500982333297611326 -1.2047643176364730699 -0.44420215485996722427 -0.0072970980248767292747 0.8958968679363684684 -0.23328900678470457231 -0.964529828221522334 -0.12352509779177582583 0.86502062688201231122 -0.26387300512056455215 0.42674389537206536271
-5.5991115614595452499 1.4198177174697608205 1.34519701995912766 -0.48445937835238550573 0.0079588972516619980319 -0.87477755268458012861 -0.18169262677549891105 0.97723818057090150457 0.10951405302340289083 0.85573763508536249134 0.21199574144004157406 -0.47198612851381399613
6.6016675565093052569 -8.4947161440548981659 7.7011581046737784817 -0.85780906458727079755 -0.0062020675133168355619 -0.51393106840360880394 0.17714419623421712169 0.93509173083252994374 -0.30695828490099014152 0.48247646828869567015 -0.35435150527047093449 -0.80103150266414169245
7.1742553401967690263 8.0174220220459044839 0.23085421192487709519 -0.98748833112068878926 0.011938437969656190071 -0.15723952937929325246 -0.13997250727320409425 0.39287274362726881671 0.9088777170349353618 0.072625705560751235845 0.91951535115731186654 -0.38628619685176207588
-0.098463052333019718265 -5.3382505908042352516 3.4242777112342488444 -0.73826134313497049355 -0.0028146673581657824861 0.67450890793228324149 -0.24234464727410154339 -0.9321119987411804475 -0.26913991480362275954 0.62947538567443239721 -0.36215921837036740838 0.68746013657452387235
2.5716695824451849539 8.0607426232836196789 -8.7041283160194584667 -0.90703449666580360233 -0.0078851075595448502642 0.42098247818322442892 -0.007336682722021381671 -0.99937687191412505339 -0.034525946329585610606 0.42099239297775037372 -0.034404839224942328213 0.90641144746339596949
1.1783424758991927206 -1.8253243048910723356 -1.0557938612592159267 -0.79198911128692062178 0.0059554170052533847088 -0.61050616754555930843 -0.1675804974380840362 0.95942621384697501785 0.22675563292154421458 0.58708604521083296301 0.28189691944312317284 -0.7588571027059717311
0.67811742402384167505 -7.5120067111785120417 -3.019052117865885787 -0.67988800339722688104 -0.0065904276766955739719 -0.73328634863858588311 0.60648335865128044642 0.55706347011534673719 -0.56732550263679093483 0.41222595565498898473 -0.83044377083950793317 -0.37474378574996436431
-2.8773961263758849327 -0.70170603762718419816 -2.1447081665126948025 0.06685523243186713982 8.4801467707591911011e-05 0.99776268255782951666 0.35174426284243459628 0.93579737962974651744 -0.023648209992923923534 -0.93370570923290840959 0.35253830584367834566 0.062533122894552178872
5.4830378702048871986 1.5007198290954706366 -3.1869664927628731377 -0.79375950770115621946 0.0056417772508656561029 0.60820556909953382707 -0.51519571150541543236 -0.53774510804031050437 -0.66738562887223362718 0.32329432840769911639 -0.8430885891342889682 0.42974691167176315432
7.7087704360866702302 -0.66677717991761675798 -7.5301208370189547381 0.99998847373794541582 -0.0017626922585660502463 -0.0044660169052211191529 -0.0047316591288286448391 -0.20395902290825848602 -0.97896799149725333145 0.00081473485575262556344 0.97897783932535398232 -0.20396501248220219593
-6.8124074467383701759 6.0361131992259311474 5.2685084411275457938 -0.62221641858413601067 0.0069494019162934794753 -0.78281443155952867841 0.70843363446392393357 0.43050558471968297658 -0.55927339207727944093 0.33311936900275435081 -0.90256115988784046955 -0.27279083316162933137
-0.71062788081245065186 -4.3432042925873943773 -2.8590440343322933714 -0.69026087672964053787 -0.0010805062107860884113 -0.72355977953645289613 0.66046325155315455113 0.40747431779542764296 -0.63067659991882452086 0.29551347753399470619 -0.91321602747848418247 -0.2805499452008053396
-3.9824361499429574707 4.8300737423182145136 4.9979393317479301473 0.46023911479686419046 -0.0091768151578937289664 0.88774756731548754018 -0.47398381367114700291 0.84296963764838184208 0.25444357799075578708 -0.75067922682637489018 -0.53788286463360723832 0.38361793798596133254
-3.0883900079284316575 1.6160690825458499109 2.6784783819698358975 0.83801122579690368042 -0.0012315122073653563678 0.545651600213739707 -0.43315243262610558794 -0.60964742784375469675 0.66385915963674690943 0.33183754391008346563 -0.79267174612264634792 -0.51142482081970175312
-5.3026123500798911792 4.0119797397709717757 4.2687242889066849827 -0.21845716870787432184 0.0079202784074885144994 -0.97581439558450999705 -0.55385763981459157357 -0.82430688887519898422 0.11730246276953752715 -0.80344146038080110905 0.56608782193467654942 0.18446245579564160555
4.1990847642753328373 2.4897323193836249366 -8.431993767569712972 0.90982918801392964614 -0.0057967272515658807563 -0.41494246178324045715 0.24515151019070557936 0.81428321997224628603 0.52615926744967345119 0.33483068211952177196 -0.58043883021816478074 0.74227971728046437949
4.8587026013036016536 0.28734411421420130717 -1.649891751141500551 0.78524524397269357401 0.0071366542225220364754 -0.61914374339484867793 0.61662056698670519861 0.08189665185670463865 0.78298915368204258236 0.056293722452000337364 -0.99661527510929492912 0.059908348594770448325
-2.137985149049705047 6.0025989741085021834 -5.6237871309656313201 -0.71656091955280709627 -0.005793363729916050503 0.69750045555993034352 -0.14329136258721025809 0.97986098745197958149 -0.13906843882499050902 -0.6826478110838147817 -0.19959679908765784462 -0.70296022918537126589
0.96976997936644415699 -3.8240228546549284161 -6.6756453921879375102 -0.95604392916238489786 0.0087995734251918693303 -0.29309140727662402748 0.23344857112638600638 -0.58199064525625687772 -0.77896640073461020926 -0.17743102927903312005 -0.81314786868169186551 0.55435437538399801038
6.4447280489868861153 -8.7825738800116024407 0.4378236733111108836 -0.99935076162833524904 -0.0039833152439649266788 -0.035807658855058391301 -0.036016093901103198027 0.13656498960958099453 0.9899761838514561374 0.00094668533533935964042 0.99062310532927189133 -0.13661978983399847287
-4.3541299155162667134 6.0080287549122859403 4.648052677879769945 -0.98848610733772190873 -0.0063629143596206170358 0.15117780565035998652 -0.082898523294474085743 -0.81305260064953843724 -0.57625801808982202168 0.12658218846260388402 -0.58215546196711431826 0.80316372407243830089
6.7213167703571681244 -6.5712586544757431994 0.01290577541697494196 0.42118814973729773454 -0.0062456443514704359371 0.90695178176539825721 -0.65825245836726742343 0.68581789079763499917 0.31041507971628840012 -0.6239425002147322985 -0.72774639304401766982 0.28474715773348668879
6.9489516302515905721 5.1225882634042498864 7.114663127787806296 0.72307674416437683895 -0.00014359620914672810606 0.69076768991385328889 0.68846208782298135009 0.081785462721541690723 -0.7206463013975661358 -0.05639127307550501067 0.99664994730734179917 0.059236026650734706356
-1.8969027312473392133 3.7422673948530231769 -5.8911954992395960673 -0.99180417006895471577 0.0048822143388316547458 0.12767400760125865999 0.081825527677329562559 0.79173012314433255376 0.60536600096637871449 -0.098127831190339548373 0.61085151721918595769 -0.78564072746833069072
6.4900428250052044632 0.18960218297173289659 5.1224216515221367985 -0.47437204050176606795 -0.0037977206743584433074 -0.88031627527149858281 0.80571193244090166807 0.40102263529300113953 -0.43590036465367826279 0.35468218042755300656 -0.91606027274420998019 -0.18717405692776342696
-3.3801296326255099167 5.9811575234771803267 5.824545924606482572 0.8701088502010728698 0.0044445593689194070122 -0.49283956283340768501 0.18773512368858874533 -0.92756337752077533398 0.3230815748631947204 -0.45570397423714198437 -0.37363943391266907224 -0.80791550380587018321
5.1592865681751600704 -6.0175937708820628202 -5.7104757402671690869 -0.14188363993441452382 -0.0018127433484531141426 0.98988168317237545946 -0.096787734445372974879 -0.9951812841853368008 -0.015695415504257941713 0.98514017641137086034 -0.098035328165133481249 0.14102449167291958299
-1.2116883446851787198 6.0859136505137430007 2.841513646571776075 0.20113535469219684382 0.0012690212499508980379 0.97956263642410723591 -0.62757600216861764153 -0.76764955147466251706 0.12985579549063536176 0.75212560825606999959 -0.64086859472563362239 -0.15360505753232481241
-8.3314803611251253557 -8.3968631034632164045 -2.2232971656004942851 -0.32534774042186276333 -0.0029712886030194701759 -0.94558977323475157384 -0.20801723620563206119 0.97572318156105075637 0.068506221654075549754 0.92243031023669830315 0.21898731563264253741 -0.31806741164144164413
-1.5644170677496487265 -6.4649014876262089757 -8.5828509539685260421 0.024949856722054457314 -0.0088067576138213150838 -0.99964991155408966517 0.89609477327532893742 0.44347880323196103847 0.018458287908962596469 0.4431609887593603303 -0.89624159248725165927 0.018956422067095930056
7.5999362656728228771 1.7994711054378951243 1.2150337735032188391 -0.88321622215957795721 -0.0088162193522620096314 0.46888311890093176126 0.45811759220212933119 0.19758841343163921489 0.86665280856429005585 -0.10028647281120824097 0.98024542495950850451 -0.17047442687156480479
8.4811862866955252116 8.2664057423335499664 5.5402806313991392884 -0.97487810821135933992 -0.0058702793071344818582 -0.22266165801736792496 -0.041202607377467614924 -0.97764793031584706906 0.20617194157847440472 -0.21889499600378747868 0.21016675324553599213 0.95284569398961949105
-1.6949143607561849567 3.7533877781654263472 2.8781612233167002124 0.82815507762398454794 0.0039964313589384934527 0.56048478653938249572 -0.52757865916235380244 0.34321556276349712844 0.77708676212727523236 -0.18926152752767066989 -0.93924815997336785767 0.28634414291997201119
6.6674556093705215076 -4.1666038191450551764 3.0757310970180973264 -0.9995201862737902454 -0.0098094607788174088825 -0.029379784045708106505 0.015502385623254628932 0.66274711044631640089 -0.74868280575627399465 0.026815541600607006867 -0.74877903421114799798 -0.66227704524197950064
-3.7029679087095765944 -8.2474587150448872563 7.2675741585892374985 -0.61660737070042737074 0.0045327439238688552181 0.78725777521106909962 -0.64151293983287915879 -0.5825456406862152825 -0.49910091619242019645 0.45635128840034072661 -0.81278535342966506949 0.36210974969665055134
-5.3413497148999944386 -5.24298112419671547 7.1181976199513528059 0.92227401792809593495 0.0063081481633772123335 -0.38648524308375115099 0.36935255441719727632 0.28042962964424184014 0.88596721912458820114 0.11397072606719936549 -0.95985385871208805941 0.25630303064035830918
-4.9072085010205546141 -5.1021061867386290345 5.5742148299495228869 0.96516931841306552453 -0.0017492120337481891282 0.26162019618306886493 -0.12381729708004683699 -0.88395676089972941014 0.45087661483327179379 0.23047226240365864536 -0.46756538057997598656 -0.85338452713039369968
3.1475997133309348008 3.5820744988818917776 -8.3122508782606487898 -0.80665270216963025351 0.0031500978872301497319 0.59101733897227359815 -0.46455880127583748518 0.61481127261752710478 -0.63733211061403882702 -0.36537178084773414 -0.78866797573238689445 -0.4944757686827714882
-6.7016371417951505762 -7.4198878104128160871 4.8590073330939835827 -0.25333719408582122679 0.011744177431584835319 -0.96730674575805974946 0.60131470719759383403 0.78519497684701911044 -0.14795090821522047242 0.75778683612228081579 -0.61913724054556484866 -0.20598103885827070969
7.2314906832696408401 3.7548256570579194857 -0.81379476938420314269 -0.89571771557923163254 0.0013638821790855004071 0.44462109016877537915 -0.13014212707510691702 0.95539495842842447892 -0.26511035470109289847 -0.42515032724645979156 -0.295327975706193957 -0.85558669111164087351
3.59555929190997281 0.1296025303601717471 8.4796861348436554096 -0.96989001484503467587 -0.0052298582216956735272 -0.2434871817709997055 0.11699520307237350203 -0.88685930233021670333 -0.44698176733327937837 -0.21360122088097913129 -0.46200998523116465488 0.86076785022737345443
-5.4504259554312373126 4.479485380382859816 -5.7064448808943009084 0.48801507644566921584 0.0077570258426193821125 -0.87280072966975696946 0.86025396602578785288 0.16489517820206028853 0.48246522583770218295 0.14766312707872664145 -0.9862805933180959217 0.073798320750257620504
0.25480579636754996375 -8.5164467922870912275 2.6815527246651393867 -0.23941370127800648548 0.0070115549075844170457 0.97089233066191693577 0.96397261349439566924 0.12110759623919067907 0.23683274808620535801 -0.115921870556482981 0.99261462221271967721 -0.035753764777366164873
-8.4658802045308636508 7.1019265564186691009 -3.929036758610716884 0.95292169194372899899 0.0086918421514398033767 -0.30309190174446187793 -0.26026478454922541417 0.53630637795440161408 -0.80289333718057576128 0.15557149786065230246 0.84397862582258642572 0.51332016150542592037
3.1709648693934551211 0.064503104222909252163 -5.7627118703315600712 -0.50841141702341652309 0.0044358503148143133693 0.86110287090012427313 -0.7673853028980858193 0.4513613507694703153 -0.45540391733839874489 -0.39068865857097084815 -0.89233023834415936548 -0.22607325759692550871
-0.5417955481751495217 -1.6828165295642791843 -7.7664677724676112192 0.86072985232931176203 -0.0073517442301810932703 0.50900891265876313518 -0.47314568144377461278 -0.38047292032319107724 0.79459015915856145984 0.18782248385184197037 -0.92476283919579349568 -0.33096284655843527522
-2.9757023709190018046 -8.4384590981265290566 -5.9606710396778401773 -0.82233174211139781207 -0.00055943875141685993346 -0.56900807810119835572 0.37690715300998006709 0.74862062215704006096 -0.54544308785709383347 0.4262763234405434476 -0.66299837941705364042 -0.61540364393160762457
5.1291635552213161731 2.6318280158687166193 -6.1627770533019221588 0.29465439403691862097 -0.0038744767239429554577 0.95559603206836662981 0.1158813740369329659 0.99275687314998173338 -0.031706434133972644096 -0.94855168294943936758 0.12007822135716705869 0.29296915457041639019
-0.60101317379255070339 -5.3113493119622194882 -0.76640934439836638781 0.84109295227698521735 -0.0081127112237734614469 -0.54082976022660156357 -0.46025544442952226465 -0.53596848539791053234 -0.70774480466699485337 -0.28412597822633067768 0.84419900886997933931 -0.45453323522030020243
-8.2981170350393238522 0.45594566728237384545 8.6316426890790847182 -0.93657908323861827071 -0.0018420028915792775563 0.35045146292385687126 -0.34501017998272087706 0.18045323667982074434 -0.92108881497944183891 -0.061543452523178089619 -0.983581840213270997 -0.16964423672611006477
7.7038190595973174979 1.6646342401268556799 6.0480372625992968594 -0.11736516643819452921 -0.011160458707711476065 0.99302611338701396448 -0.92308399019806874897 -0.36755271954926549416 -0.11322961358174342406 0.36625314298561034709 -0.92993571955974174692 0.032835845348272843514
-5.9130446456651721832 -7.4128654064773753518 -4.6125758369861360464 0.40786733481689596559 -0.0093061919714528297531 -0.91299377433836459428 -0.60447352986785596318 0.74667371463518394936 -0.27765106800052197222 0.68429232706385167972 0.6651253706361655027 0.29891847125542964081
-3.4597657604816216548 -5.1352572696686626941 8.6004118649919423234 0.48115198282203275326 -0.0016648255991377151203 -0.87663561288723867992 -0.49489564241225481034 -0.82592094763444223737 -0.27006090309354546797 -0.72358211182119924754 0.56378348380751674984 -0.39821741654291198387
-7.2903936468132028992 -1.035317470022948827 3.8464718610795980425 0.40787759106411125565 -0.00088369567423985306495 0.91303619303372873794 -0.011676069375913405296 -0.99992280803139277356 0.0042482210667958830025 0.91296195983818850817 -0.012393428107410028524 -0.40785642428217289135
-3.5735897556010698395 -7.4950742110089736414 -1.564733385184300829 0.21463642329807253173 0.0069092203881538942142 0.97666957998451708889 -0.18043678321492231942 0.98304289537472477889 0.0326991302072495299 -0.95988216623545896677 -0.18324554162878003982 0.21224348851311444775
6.3791165257880457773 3.7621503641001812213 4.2679865689284177677 0.067693401474212724911 -0.0017216006311721737676 0.99770468550961377563 -0.89285723603359701261 0.44614146034751739345 0.061349437009477626737 -0.44522304461851924806 -0.89496079995158961395 0.028663689408638410444
