1125 17.292696884352682929 17.968806560800352656 18.477561601407678893
7.3149625101709778718 5.539047300558056719 -2.6794231078626866704 -0.46213343431038295117 -0.011989281529875470828 -0.88672935330963786882 -0.47347286409543498653 -0.84213118466079506241 0.25814436811060548216 -0.74983740628084216695 0.53913942997181751871 0.38350037704293654661
4.1656547097692886439 0.17588560124307547894 -1.4109335670569649324 -0.335399989830624079 0.0028303810741396144557 -0.94207156615871934235 -0.92609435507151749434 0.1824218040344209868 0.33025979306797809132 0.17278915569596881019 0.98321629072946525874 -0.058563071282496860503
-6.5750859977988680427 8.9213015050360997549 6.7825190425450232468 -0.15691140514292553632 -0.01200955286828919201 -0.98753966076105281768 0.4523918203062788912 0.88797842229987022922 -0.082679879352907978407 0.87790685830353698549 -0.45972828080284949825 -0.13390091849646193478
6.2811400407960631398 1.0947363053784455733 -7.3391094699902019727 -0.57124161089273206571 -0.0016845774469926512625 0.82078022891867774558 -0.44833641453741035487 0.83827333767401346343 -0.31030995914549608372 -0.68751544083346893821 -0.54524762589498865228 -0.47961186919378590021
-4.6827936985246623181 4.5374483921871915371 -7.4920051422357838433 -0.4930907668676611233 -0.004691521385443748679 -0.86996522071687509836 0.0078061624141477631289 0.9999213437646495839 -0.0098168280477228583164 0.86994284838613478161 -0.011631677077940581061 -0.49301535942630625442
-8.0301248615194467106 5.5687911505358353992 -4.9044645128636679132 -0.002069024535947966599 -0.0070064075291050567293 0.99997331433927560962 -0.35462814668154940545 0.93498932409404422739 0.0058173371427680904341 -0.93500513192093503978 -0.3546066469817433231 -0.004419185169422133394
-6.3250168385341831723 -0.19153461227406792799 -4.0374736376653226344 -0.65236757447307747171 0.0060127600428497331164 0.75787887851079605017 0.35797920612917449867 -0.87895021154714592093 0.31511492125910783857 0.66803251100189386946 0.47687563613348071812 0.57124617452299031317
-2.9937356081439756572 -3.3133827028337856646 2.886123895518119653 -0.8920903736413710039 -0.0018421865315691472037 -0.45185326335585923596 0.2115467333361358282 0.88192736256724180155 -0.42125064601725437097 0.39927777908548117702 -0.47138172801231981168 -0.78636920185408321071
6.9010112222654109715 -4.292046453330732092 6.574569139499097048 -0.26067791110926707976 0.0044260001012963734457 0.96541568103218078356 0.94404639707245496805 -0.20811308473048106826 0.25586196305528602357 0.2020480805012642711 0.97809475741735485421 0.050072134753007140062
8.3078264030157971121 -4.4019007317079363872 3.4206938559770629915 -0.48991982327472011205 4.1094561864644420235e-05 0.87176749484814974878 -0.64840975840871450941 -0.66843334066576221009 -0.36436472700700767158 0.58270348545625239023 -0.74377205338590834938 0.32750539024485886275
-7.1998288409967168278 4.4086019370634996761 8.2391789090965179554 0.61286022465683887006 -0.0054801493311239114076 0.79017233120189589446 0.11007666220421176428 -0.98963379011254970496 -0.092239307810416781841 0.78248672415049058682 0.14350933569176377302 -0.60590395038956657014
-2.9904072156293306506 5.6453284126436500401 1.2129367963678756581 -0.90566105176280420341 -0.0041395546385069115561 -0.4239822206259426518 -0.027804874153793325553 0.99837977833235702629 0.049645817451292109657 0.42308976387162289257 0.056751055536354538811 -0.90430877989910019021
3.5091999497913213268 2.6804700198323594407 0.20379332131468608225 -0.59415094515622179916 -0.0061803570523746749477 -0.80432981889080623628 -0.61381948791669138643 -0.64275214584918594074 0.45836155517280302574 -0.51981755513252292378 0.76604926877677137487 0.37809817135627071805
0.35599252449334084503 4.467617202083981276 -6.2128028954794558558 0.97292291552983856118 0.0082243624394007664585 0.23098346325999813411 0.22642793309605166452 0.16663720662875719514 -0.95966787613247006572 -0.046383095530034154641 0.98598397615254307347 0.1602629315207707017
0.72557890971139826775 3.317639847014218546 4.6909552601689030737 -0.52417382014086422171 -0.014322173179448526026 0.85149085822117220879 0.85145996776303189968 -0.027662458164031369229 0.52368951842254662932 0.016053958267493770307 0.99951471413058734505 0.026694693484177058063
-4.5128833606366809406 5.5724000789343133277 6.5691169122900250343 -0.99125682792123215314 -0.0012328063965574599659 0.13194082494706213526 -0.1116983611398292553 -0.52445798811977384357 -0.84407777770525715955 0.070238004086239883006 -0.85143543436108226619 0.51973485922739548482
-3.3893243285640473061 2.3098336825299696784 -2.5551921755653066448 -0.46300687021396635945 -0.0040320234605191098559 0.88634552005488143056 -0.84258532222769944031 0.31236029305707202486 -0.43872659149783260757 -0.27509019048455762846 -0.9499551516296522724 -0.14802228545425957784
5.032090711123816007 8.934985744596604107 -3.840487527463347206 0.8267623073015282209 0.014472049824307900434 -0.5623652256314459752 -0.5482373685289644305 -0.20334581542528915032 -0.81122516424080570729 -0.12609470636864025805 0.97900001998097785361 -0.16018453702819090978
8.0656262970548819879 -3.3484788620434007278 -6.7758003412860317027 -0.9973932763533250867 0.0061155486226837389371 0.071897512822363840446 -0.027146534585817890667 -0.95500129219380058831 -0.29535672934206497198 0.066855949211678034061 -0.29653858429001578312 0.95267788369525896464
-0.35390640056733196905 6.5514464732739581265 4.5914438411919107352 -0.085491021061826988348 0.0056788658079277966675 0.99632275684183835285 -0.81061890773070299776 -0.58181545755634589412 -0.066240167407779812492 0.5792998116239559403 -0.81330100444536379545 0.054343393534414308199
1.2088093581116223785 -6.6881367532302933299 -5.88634351195697203 -0.52809702434839256302 0.0022530787017971233913 -0.8491810504894585776 0.72620104490158732258 -0.51713916011235927517 -0.4529891074429566733 -0.44016539534368853692 -0.85589836587914247534 0.27146346352185435347
-2.7008503083006956125 1.1465006096148331327 0.25344158262132343573 0.58435775649226240347 -0.0037605671514885728041 0.81148744325587840454 -0.6532099196621509174 0.59116303928583646687 0.47312055740318992303 -0.48150058492430669599 -0.80654331509054533189 0.3429942675912433514
-7.8443868492290302896 8.9803002105718867654 3.8290720398123396784 -0.72844265142735398211 0.01556241123797317237 -0.68493000732787001628 0.65660984791466081578 -0.26947914885659002282 -0.70444623354311741714 -0.19553723738263323328 -0.9628804700938879968 0.18608167322124147258
-7.3793638671337307144 -5.6777449970421089986 -8.1640734594212638342 0.5684245903325778615 -0.0088289791738342254801 0.82268799324658437033 0.27854728151832924832 0.94295495067459422778 -0.18233862168340420062 -0.77414785219879689304 0.33280326038869606498 0.53845806968667131454
5.9299886670968975366 -3.3030708724855144531 5.4463983103739765923 -0.80051405753606974525 0.0044896995836356855605 0.5992971602508586626 -0.019473274448241293527 -0.99963878687320706362 -0.018522617547768606416 0.59899752526160510158 -0.026497893806988151444 0.80031233050263672624
5.8275065201254063751 -6.523958355809284626 -1.1930578542672687359 -0.00044433172529554786252 -0.0087624287749482158982 0.99996151046487546932 -0.93766077376261536269 -0.34753458506332901568 -0.0034620127290198869814 0.34755154425854684064 -0.93762622191745348399 -0.0080617651032758325808
-8.0339678226461579413 -6.6652938978663014424 0.042330291211142234697 0.54167398636819985569 0.014761336413956828786 0.84045903852549885826 -0.40317554703575397834 -0.87277054668772480195 0.27517458295952296199 0.73758983911415720858 -0.4879074459173055045 -0.46680569132538934918
6.0155089595656745516 7.8101877729927196015 -1.7738114264440261181 -0.97183885463956676265 0.0051037759147073563648 -0.23559115451229772908 0.013101868055719731801 0.99938922882250824653 -0.032396147406754047249 0.2352819195486058057 -0.034570519012128632375 -0.971312152476590418
2.0105485648808163468 -2.2537080240809332921 8.4220831468015227017 0.92906076218865840666 0.016889565611043117627 -0.36954139515655065606 0.032189941456245187157 0.99147693090074329181 0.12624303212563647847 0.36852395828480105644 -0.12918296352353492162 0.92059863898729354936
-3.4480429355911970113 -4.4056915220600210148 4.7047389214171326799 -0.87732398241836984099 0.00021221775621446117236 -0.47989851514401937749 0.42181338028915643656 -0.47654776363243461779 -0.77134668028454644872 -0.22885825762412068118 -0.87914855624098731113 0.41799726551339649872
3.8553940653399947358 -6.7701466322926977526 4.811893700241342664 -0.10085987747629326927 0.015492188138254425755 0.99478001448659536532 -0.71231557679900414648 -0.69917440353337567682 -0.061332475030394358051 0.69457454903346638186 -0.71478328572413751818 0.081553971604584815647
4.1397706220258285725 6.9909014720332338655 -8.1216864830512314199 0.12611579882531379071 0.0031751219798682511417 0.99201044545258010299 -0.46186677061518954801 -0.88481111200421291851 0.06154983570654761621 0.8779372935967622027 -0.46593906755544978182 -0.11012217686475189726
-2.6689988422223733799 3.3809481702487427235 3.0328195647241225075 -0.99998555541248557166 -0.0047786811755999676274 -0.002460319542051745377 0.00025979844143912168841 -0.50018601984455346443 0.86591793956262175236 -0.0053685631968827373511 0.86590479254820185151 0.5001800363578807751
-5.381722925115444589 -0.13076379088115580585 3.876487300200538666 0.74449159301392953125 0.0099435070794619204171 0.66755778371500995583 -0.58466325552800613163 -0.47304270728457969986 0.65908988364287546258 0.32233700620140814941 -0.8809833844923947721 -0.34636271548965624767
1.3232632228273417674 7.9762934382288213087 -8.9522325832637914544 0.2522114924411729131 -0.00055217052028565770383 -0.96767197861034504047 0.9598851077973215018 0.12675077716237098668 0.25010961660235675463 0.12251507216985355053 -0.99193444117841311769 0.032498022935523535049
4.065305568310621176 -5.518501759890046543 1.9450641300594904148 0.792363631775715338 -0.014202506491481352302 0.60988372977874094616 0.51509363679397435209 -0.52007449872951849734 -0.68132302258588472998 0.32686146969894891434 0.85400281298160962695 -0.40477249788678049125
2.4043989161627545847 8.0522819393670417298 -5.6985163988392093515 0.54366326899209549417 0.014347980602120639568 0.83918078231211690188 -0.52183089347356570453 -0.77732853631471199307 0.35135859922211942763 0.65736045558402178557 -0.62893122206141582886 -0.41511775359638863891
6.8010770513505685031 -7.5235163807221736576 -1.7866997569211844343 -0.45671686773128922221 -0.0050500108201959673093 -0.8895977743454035469 0.070321740329130064118 0.99664983698158782222 -0.04176069062744049154 0.88682836872005565976 -0.081630875502667690768 -0.45483166622158749393
1.7027295303750924482 -5.4000203229738801269 3.5760689560461180747 0.88174027355588691091 -0.011843709692284423371 0.47158648891849641593 -0.032032726671432712462 0.99587413040772310158 0.084903597132970909378 -0.47064635812014132821 -0.089969122063335335571 0.87772294185774768494
-6.5854998301746086042 6.7426895660501857677 3.2975708858283470093 0.36219505194146367488 0.01365073364289514854 -0.9320023614885298846 -0.68907421859259976316 -0.66941680935342862124 -0.27759296933766247628 -0.62768739482316626699 0.74276159891702719928 -0.23305308741617825063
1.3857320026473345376 -2.6835810585838393294 -2.5536589379604581751 -0.22636877777048550198 0.0075141331739411445709 0.97401268690567477382 0.80409374919402332171 -0.56291015439292801936 0.19122081630666870611 0.54971849064603561796 0.82648393564779321085 0.121383216128888069
7.0085392073499930277 2.0687998820790833854 -2.9651751513288178153 0.10725899854546130929 -0.0073911024272056945195 -0.99420364052638732222 -0.61206269217199071875 -0.7885168566501509213 -0.060169989444760610398 -0.78350160694287085406 0.61496872959798232205 -0.089099346430224962701
-5.014873920319097067 8.8445611294228783095 1.899206750409853095 0.39461371167753744871 -0.0045442449676324336155 -0.91883587674504962894 0.90447235873514397753 0.17811179382973699181 0.38756411235136106752 0.16189431997491995907 -0.98399976561809554543 0.074395500021391045009
-1.0624993179490889172 -2.2140694881508937719 -6.6473687361414484087 0.80947597467267873306 0.012200439510058627701 0.5870262308476218438 -0.47308986211086412332 -0.57859547849003789555 0.6643893848029751581 0.34775656542386307324 -0.81552340343281892743 -0.46258723464650491897
1.9243667245134943311 4.6218061766584108696 6.2711964983598846857 0.4956184555405860892 0.0021213976558210989425 0.86853776325463771801 0.11190875965416477444 0.9915055612449193978 -0.066280853441438511431 -0.86130063046536942117 0.13004699801327487818 0.49117105194382959521
3.8544883402584093623 8.0146836106944316924 7.9154851883674615109 0.30259815499682879425 0.0085050640518245859689 0.9530802801852403805 0.69918882800951975831 0.67759482464851494843 -0.22803560335172487483 -0.64774172274069319322 0.73538623694952154342 0.19909229800770492091
-0.31265808555837981686 -5.576208884333576421 -4.4063806182770255404 0.42337910464290479107 -0.0055901698141276358334 0.90593536400429486299 -0.80996103920068729387 0.44563598754802180579 0.38127638476480718577 -0.40584880032950243489 -0.89519680328048689688 0.1841451456526819741
-4.490494728805696667 6.1568502497670136719 -3.8997361132171453058 -0.10366281720864660432 -0.00805408325599807004 0.99457988722449885977 -0.79429755109176725103 -0.60117202646538714372 -0.087656117442462905265 0.59861959595207148155 -0.79907904886730063421 0.055921847283867121003
-7.3334332790980720773 -8.7103531318329068256 -1.0865860840922902941 -0.26326734385783195913 -0.0045027206781358720955 -0.96471240852626394258 0.55021477158740983437 -0.82210439256961509447 -0.14631497819647876213 -0.79243549313805972112 -0.56931897318129032204 0.21891070323511979678
-5.8167053127819263736 1.1337414553008402507 8.4575101641416861042 0.18644345839838552537 -0.0067660061583861858675 0.98244239423014623203 -0.15814822554471863469 -0.98714245987460980114 0.023214277275938013934 0.96965353378276941676 -0.15969967148720015659 -0.1851162860189410897
-3.158340496631312444 -7.9467745168259780186 -5.8342072393556794196 0.86591126356036829392 -0.00031004549290850698298 0.50019754848573760864 -0.29409473304063643573 -0.80920756569396046221 0.50861714837541760481 0.40460594612177597229 -0.58752278210763464461 -0.70079312843899310703
2.3340397738989184795 2.2077311080093044993 -4.2232958300344458635 0.99728604706675116898 -0.0086176677215071065263 -0.073118233902688012371 0.02386191161253930354 -0.90168561163304683514 0.43173332851135493016 -0.069650193827539008673 -0.43230636541271533213 -0.89903284529739746489
-1.7455095250351881919 -5.6392252936452180734 -2.5160970641167974549 0.61400548398951493301 -0.0067393155048867114942 0.78927298652449939809 -0.17401562801291547977 -0.97651451614705775395 0.12703527447714449417 0.76988039774906036339 -0.21534618961280804772 -0.60075801432975650673
-4.0468260574828800458 -2.1361429011415560275 -1.3847006611961518718 0.73079888839432949332 0.016332178796911983598 0.68239742427521665746 -0.5560772048435284054 0.59402552447346079756 0.58130183083089725926 -0.39586756241827469882 -0.80428038407606539106 0.44319514529747910947
-5.9307870707847447633 7.9289550354369513485 1.6384563491582586625 0.59811302226233376 0.011642333356229975574 -0.80132719202219904187 -0.43670978110299513153 0.84313075625345457187 -0.31371180237299028937 0.67197126403520845983 0.53758253685695889246 0.5093718056368545799
1.6278033549978163652 0.028687889843853803945 8.6867513011927552924 -0.82133728487618773428 0.0051679653708331402956 0.57041945672141036727 -0.49484660359436799526 0.49100036527648566187 -0.71696965082838215455 -0.28378143593844534776 -0.87114403713263177664 -0.40071955677803811069
3.3946564552872282583 -3.3763603196287128583 -6.6661340591235980213 0.98807549204849332014 -0.0066582761740144819421 0.15382616608221427734 0.14990363350860841374 0.26969560355811306174 -0.95120617222693970572 -0.035152847311462079305 0.96292260788696426577 0.26747771598035896545
2.0159928575695280628 -6.5145974654637566204 8.1347252228179574018 -0.6238305868925727582 -0.0054942321377191485204 0.78154028192435409661 -0.17773681682411701654 0.97477164065603150167 -0.13501804515689033726 -0.76108148236745432058 -0.22313686828011117247 -0.60906889200786085148
6.7088994292257986274 -5.6110687199826640992 2.532623275822506681 0.71618562247559403033 -0.0040630875105927078197 -0.69789801939759610327 0.37500643295743291139 0.84559950912595605033 0.3799100490990537371 0.58859861484688558164 -0.5338023618209223331 0.60712989476257106514
6.6813801797536092053 -5.6344259370789009367 -9.0576013759486873056 -0.20256484258577334145 -0.0030271384166231651847 -0.9792641732347223682 0.60768528999423976344 0.7837745596807897952 -0.12812504798825335994 0.76791019844308905373 -0.62103806327026200851 -0.15692562281787678091
-4.0122612922423463999 3.3011906142863209901 7.5540055585851222375 -0.15861031529639540993 0.0060365680690055026694 -0.98732280826886620329 -0.98189586744225243464 -0.10584332820920012985 0.15709135995729142654 -0.10355323935652072098 0.99436449540397475744 0.022715124899796421132
-6.227097804401417136 7.8791544391317493989 6.072556344454360655 0.23746669727735331135 0.002713671705865604647 0.97139188985191082804 -0.63158483997365166829 0.76020610152098999635 0.15227367837419164553 -0.73804482086086853343 -0.64967631878951626057 0.18223754608850226133
4.6957351629724115583 4.5711559527502094724 -8.1252591778414355872 0.52311643781299588252 -0.0047819693029269756679 0.85224780742400563227 0.8458525137311357911 -0.11948907573556435957 -0.51986141018018372506 0.10432026411208041028 0.99282399928163134195 -0.058461858900857067989
-8.356871793964133488 -7.7060168592043316593 -7.9167958442198749225 0.069980484694721484251 0.0034148808050168764222 -0.9975425155604618066 0.11537700573145694138 0.99325526886711279495 0.011494234037100993159 0.99085361093870039095 -0.11589784060427971157 0.069114486418789741751
8.5967400668673796815 7.8133081898883327554 -3.0401269051841781632 0.45138783097359386209 -0.008457338588491078793 0.89228778960209353954 0.81875190058202795829 -0.39368627494834057545 -0.4179191814339639488 0.35481594009044675753 0.91920595643251223894 -0.17078073168980695273
6.3242991790840950017 6.593701609318070922 8.72294023719450351 -0.34364163878247683259 -0.0074525435433744589842 0.93907128786355131833 -0.64513810988522468648 -0.72478544115959464555 -0.24183234576212717104 0.68242746374133333997 -0.68893433930802816523 0.24425853691029719705
-1.4496821161350501583 -5.1865992363766819651 0.27284206029773888647 0.12610225900499305585 0.017446492143168033928 0.99186382139169848582 -0.60596286315103464748 -0.79027766320505865583 0.090940769300236368178 0.78543442040441635577 -0.61250047751072156377 -0.089083872240285105759
-1.2525582471105842775 -7.7190446208340555145 -3.8483842927875118178 0.87882816228466575925 -0.0011716377602937273934 0.47713697031409257887 0.12864576580752495882 -0.96238222626156022521 -0.23931301158917483995 0.45946852788348541141 0.27169666512686113657 -0.84561787708385471873
7.8308459178273190915 -1.0402104028980805328 -1.6284739265387533358 -0.216566526309571461 0.0016027835385403720048 -0.97626654698746329064 -0.064494226766431766995 -0.99783766223987013788 0.012668643534661901823 -0.97413522387586171103 0.065707160189204819045 0.21620160661723136775
6.3784429523736170253 3.326201624254836009 -5.5854430882207024567 -0.16156353520067506802 0.0096790854239449282403 -0.98681484555027831895 -0.93631492746233946356 0.31441977986425578839 0.15637953395816395208 0.31178771737247457096 0.94923470086969419235 -0.041736099005228372016
6.2653164295641756709 -2.1324498377236715818 5.2653697895436337717 0.73071393850570054429 -0.0036038428833531930065 -0.6826742652175028514 -0.56104978458598109281 0.56655520629701561219 -0.60352161306301166377 0.38894765623407789867 0.82401590429701421225 0.41196785090083692937
2.3487276702801822559 -1.8069501231649207629 -0.4888089284209780061 -0.51172527287748448277 0.012494658400596296219 0.85905828010076934476 0.72646347169705272062 -0.52752878891611421075 0.44041367048959723096 0.45868079247773652085 0.84944526626251537493 0.26087290053952300051
1.7531679112791025421 -8.7950451540607268441 3.0260770241978995898 -0.96583708458877348679 -0.0067134221346875026099 0.25906303479265496703 -0.014852149692628486069 0.9994552720315175165 -0.029471560152663417442 -0.25872406088779403843 -0.032312368708703631537 -0.96541067486642528905
7.2709825047549490051 3.1685397674597965967 -9.0429246524299564669 -0.99567319074285787206 -0.014016787577953500332 -0.091860910633584882956 -0.067019686660294314207 0.79309027818212762817 0.60540579139387273866 0.064368150791979925063 0.6089428054580448002 -0.79059812853607591698
7.3618949204514096962 8.960522362849276945 -6.3473998062450940338 -0.15348206510538406344 0.0065404057209315427657 -0.98812978843075960356 -0.96231600019350038711 0.22617714793474583135 0.15096957813906669577 0.22447977962902510018 0.97406422829558536591 -0.028420198671600643836
-5.6978771977477524757 -5.8439598446168758983 -1.6682639397581879859 -0.4389205460954003768 -0.016597817417267284046 0.89837256562753908806 -0.33068598617241740101 -0.92667065144733584692 -0.17868486868079974661 0.83546126945800958108 -0.37550767795525330506 0.40124612276293103452
-0.74134217266665247692 6.7865973167661683974 -6.8792817447027072575 0.16062989544506364736 -0.013005274153112922342 -0.98692902456719078241 0.87073374350188514903 -0.46898702092550109688 0.1478983506688977545 -0.4647803616940899829 -0.88310930073676752183 -0.064009205087806372858
0.7264900903615055805 -6.8920349913878684589 -8.5209353707879120776 0.99758093685255422312 0.0013928511954255590535 0.069500607147177845269 0.064403512298519358104 -0.39479919409266894803 -0.91650738346585680638 0.026162225286003079616 0.91876637743744038467 -0.39393385442081985115
-1.8054559978884723304 -8.9473052304558358117 -4.4797320215275791 0.99927249385486094369 0.00054537926904262576736 0.03813378537274497021 -0.023539522033013900865 0.7955265194966613107 0.60546135110335075336 -0.030006231483785054948 -0.60591852533054946228 0.79496060703239745937
1.727192677710028601 5.7237457576615637933 6.7157046163591829213 0.28711384296429010021 0.0047038893071357007133 -0.95788491720220381165 -0.58918924128944250018 -0.78758286432873492178 -0.18046958127157675111 -0.75526265572103712387 0.61619080262625103295 -0.22335446185831323018
-0.89820544183090056389 -0.92339472458068527772 4.8149908975582293991 0.7720609603194643622 0.00024807074026793221426 -0.63554843404062422163 -0.43496722162578099757 0.72931612186030558842 -0.52811126716450706997 0.46338471021591776111 0.68417682864581708113 0.56318440806046832225
1.9293576557316751696 2.3674232508867816271 6.6959997444957570778 -0.28108382193363001811 -0.0043528884905180264403 -0.95967334932721248819 0.95822960322117134435 0.053745308391966201134 -0.28090473356018919038 0.052800687096790158148 -0.99854518885606069478 -0.010935870082598664332
-5.564314590099688651 2.3355522977594396217 1.5502021120907865104 0.90178412850050648775 0.0014134589343247200548 0.43218443715435905794 0.41215719013227092304 0.29808701580268071041 -0.86097072054281431619 -0.13004551590476576273 0.95453765412567337378 0.2682275725003446798
8.5210305982231435706 -5.5001036410551975564 3.8781721468121257423 0.54126586946228361086 0.0039888069449261053662 -0.8408420469828609134 0.33736957431310293787 -0.91699998066896815097 0.21282106517062901463 -0.77020323868616358265 -0.39886730233469985807 -0.49768649393480623999
-0.83031612923269904059 3.3772186605394822756 -0.43425778926402652802 -0.84293450719951557026 -0.00081633329366567579377 -0.53801556684934104258 0.51217813571742254464 0.30495682704755500136 -0.8029164906328701834 0.16472696763175015411 -0.95236582636987077155 -0.25664052465979997342
3.7224138106728608122 1.2369534116358016362 -5.9265553451704775512 -0.36753237792147280816 -0.0045480853389756898536 0.92999960542950865783 0.82038479705737576975 0.46942608733208479599 0.32650870323593139677 -0.43805106544352767628 0.88296005767611973614 -0.16879810606765685566
-6.9620599295704268528 -6.8373793597874792383 -4.2947680387543121228 0.69765601068861649026 -0.0011651757925958169514 0.71643194590648362485 0.70885274467113135177 -0.14395943138153616259 -0.69050957161263459838 0.10394170059371364567 0.98958290429952755485 -0.099608224539845316436
-3.0451874689280122865 7.9582567568222408738 -3.6293245371733258153 -0.25157637024959322858 0.0063521447825675824567 0.96781660462549301549 0.95849964117023978005 -0.13693721415516083018 0.25005326883709411145 0.13411848421750729998 0.99055936199523020314 0.028361638794492206178
0.61992773273195189709 -5.5170172154514922624 -5.2650571987110055261 -0.36939969628871160978 -0.0077212412880762722536 -0.92923853063387740203 0.69339698290411067028 0.66343845788345057191 -0.28115838365758250017 0.61866346949007888778 -0.7481910150716716279 -0.23972007943483072956
-1.5689868490202567575 8.0245834951007513069 6.869402679844933246 -0.51623196636608792431 0.0067498190280693114163 0.85642220711823702217 -0.60070861834508804122 -0.71560462406361780019 -0.35645361250078333448 0.61045369418814898754 -0.69847295005746590224 0.37347265668328960553
-4.2649539147458233046 -2.2112325034206237184 6.6810063926761280584 0.2936260149258583807 0.018179417776408458157 0.95574749391666102838 0.77737343363303912369 0.57731023299439465646 -0.24980680447380065878 -0.55630415065881433367 0.8163224875312968809 0.15538110667185006664
0.39460681277714160231 -4.4732263603446789091 -1.0261418902383609986 0.013317884868670221143 0.006816015862525399982 -0.99988808167236820079 0.33465230411856405901 0.94227885811481082445 0.010880666247174368422 0.9422475626345758748 -0.33475975785275463581 0.010268165933131793294
5.2572133414237622873 -1.0980543232239463602 -6.512940974387676718 -0.67231994458870392162 0.0014617915076411691633 -0.74025924869170223186 0.55979713047160140071 -0.6533165762980290836 -0.50971033327780579381 -0.48436872816479864534 -0.75708342624834179535 0.43841945768431961339
-2.7662765870509247179 4.5731340765215735544 0.71289243872354757237 0.94393852722949056488 0.0064476968565228389221 0.33005830396652630077 0.077571003744727834439 0.96748332469734454886 -0.24074624776006606219 -0.32087816409049235711 0.25285261247964851972 0.91274463031706709604
7.6098410129549440839 -1.0378082418229643835 -7.668067775148736942 0.56999053521277187606 -0.0053251250473765644744 0.82163400173733913689 0.66759921780312547757 0.58593760476190925868 -0.45933474472814250777 -0.47898024401456590349 0.81033867386982438852 0.33753393825579169896
1.1161437892525500892 5.7030761773606633014 -3.6872129152975450239 0.55080117305760478708 0.0016893375829864255844 -0.83463477874909053345 0.72259304080305686302 -0.50142739558422455559 0.47584647139700542162 -0.41770487804398032106 -0.86519807737665921366 -0.27740750127193908314
-3.655546534440731854 -5.7447189439848544978 6.193663398300082612 -0.41579080910706028851 -0.0035965205620609496176 0.90945316982354373891 -0.022342341685805868629 0.99973077288151956932 -0.0062611118796412892559 -0.90918580214943689466 -0.02292262624189404796 -0.41575922163692824451
2.9770028891165543072 3.4877471009321991957 -6.6307009453975496172 0.89474486376039741309 -0.010902031892666655399 -0.44644459283880832956 -0.1004012242128222987 -0.9790198658478531657 -0.17731242610690181594 -0.43514505966506278334 0.2034729662042505105 -0.87706757383505018488
-5.9896946695339776667 -1.145360416909148471 7.1498993333881637469 -0.76672760881120050058 0.0033718402761114185315 -0.64196370970600491468 0.0014935208028566647476 -0.99997413149575509195 -0.0070360311917757357991 -0.64197082743847289077 -0.0063535055263346067178 0.76670273880129879984
6.5904308079459035241 2.2891113022551876632 5.5486990941376497233 0.94332213704875156335 0.005806049883803678438 -0.33182771966537738528 0.24394982929179165332 0.66577025512393350759 0.70515136543911749456 0.2250151695820644393 -0.74613420855557721634 0.62661943496891825411
4.7833274153804374862 2.2201785738866810505 -2.565979983837019418 -0.27522894070874215355 -0.00062370921318390137346 -0.96137851088050152448 0.91667661180222692607 0.30121608564078966586 -0.26262684387984652767 0.2897464746486356213 -0.95355570405601575157 -0.082331644526827271746
5.9044045774318210107 2.3102997651417673808 8.4566449099080358565 -0.99247417196952392171 -0.0082407760976589295582 0.12217654268709000898 -0.009330939487751335748 -0.98974279477138227268 -0.14255572161911406193 0.12209812259786802235 -0.14262289370017292023 0.98221726652029839322
-4.0188801852988564889 7.8234478151668209733 -4.3382776680718881934 0.21766234534434392156 0.0088135033874861476444 -0.97598433674792206549 -0.9682572066820417378 -0.1239501734573505709 -0.21705837050877965777 -0.1228864725152866294 0.99224930166663249942 -0.018445547289545956293
4.1679935372681065076 -1.7649893296644587615 -0.54938220619752964335 0.23232945388887327187 -0.006851957884155769965 0.97261301427079849269 -0.32539330777606700895 -0.94290306394863399042 0.071084507812533753723 0.91659272313845141511 -0.33299679077936034099 -0.22129373515801761818
1.5373997744792937681 -6.6732323382752811725 4.3626266134771043426 0.9218710945162766901 0.0091758742367206557605 0.38738803340789407237 -0.21084067676432699523 0.85065667233821473658 0.48159052609883129525 -0.32511520130138610307 -0.52564154053740141936 0.78613044511955443294
-0.41617713851048454554 3.4228562547095133795 -6.8093764908714531359 0.99485107800573768788 -0.0016871350553939303083 0.10133353919738653792 0.018526874500115281252 0.9860403946792081209 -0.16547233902475388945 -0.09963978880050231024 0.16649772862237169346 0.98099460694305351538
-7.7648072562253389606 -6.8357180815734199797 7.5149293338183023039 -0.96947465524842979523 -0.0013698867106433235477 0.24518771633436270418 0.094593995484976350907 -0.9246592304554480668 0.36885943603458154483 0.22620978946323602732 0.38079316031673926535 0.89656327172553673677
-2.8368001406033460654 6.7600297356980583174 -8.1570203196528243694 -0.99752172489175472414 -0.00080471517367336183393 -0.070354536475340900825 -0.070354232104956698768 0.023216743970159634675 0.9972518562652423757 0.00083089955957021564489 0.99973013120195630687 -0.023215821609568611933
1.6340795571737773972 3.509592682774972161 7.0731871477359078426 0.51434114135684461111 -0.00031781794987258311924 0.85758561630864849068 0.15113597137110290625 -0.98431459526440390206 -0.091009316594644076859 0.84416296321596540064 0.17642187092606984034 -0.50622545865798052045
0.18094057869797930405 5.4009928495701142737 -7.2973638041291284395 -0.84351427176201299041 -0.0017333918851173653938 -0.53710396450447017713 -0.53697885849901960675 -0.019100521295758711438 0.84337943750809629684 -0.011720872784939988243 0.99981606580346960023 0.015180767515349790145
-0.75568344228553041564 4.6999484179841699572 8.5677678479715151383 -0.35224068270578984263 -0.0054954324933279953894 0.93589331746131421141 -0.4925408007139138733 -0.84921457023675617215 -0.19036326675587639246 0.79582036985685089547 -0.52801933100947195943 0.29642119526317833866
-6.2484773186258246724 -6.7878840654328529425 -7.4113234343714164964 -0.95194584667269466216 -0.0066640537327697819958 -0.30619388529187274717 -0.16051258813465793529 0.86231415470083205843 0.48026035402959194043 0.2608348405652619606 0.50632982233927215088 -0.82194604260685744102
-5.9018015836376811478 4.1499599953518409023 -4.0020535915508883562 0.034463272629617576481 -0.0072435187192088131697 -0.99937971476128517612 0.76268698335573259506 0.64640646723019778985 0.021615840079444333804 0.64584893609820626104 -0.76295885246785555278 0.027801819750464605574
2.0998213970006958107 8.1886467652511392146 -0.77116586488284233347 -0.21773936231927712437 0.0037958247067805626213 0.97599957059993491804 -0.9749299114867352456 -0.047811649226132894863 -0.21731478064395046146 0.045839260300854237085 -0.99884915673626206711 0.014111141059446243723
2.8124395192994513515 -6.5723472790837682567 -8.5342841833498290782 0.16461929627962382239 0.0045855870912651407537 0.98634652109880460724 -0.18853211939815456288 0.98169849777279605263 0.026901662138963548798 -0.96817153813130496509 -0.19038653277370029548 0.16247104631514844297
-4.2133723633012856169 1.1927243734471983938 -8.7856487940787033608 -0.40288323695372701971 0.0078195958054778098162 -0.91521798021171263393 -0.33906135713229701434 0.92754053434085437235 0.15718127513821766872 0.85013086844391039243 0.37364075135877089506 -0.37103921011520246687
-1.9012142516373224943 4.4407895648419231094 5.782576416663479435 -0.48553895123191126437 0.008081501931336512734 0.87417767997309836492 -0.18705951083161481696 0.97583714425138845527 -0.11291858707273925988 -0.85396760257282100515 -0.21834962153747661251 -0.47229522179490673883
2.6855898714147983242 4.628577208069488691 -4.0324740331405637406 0.95683603258956928528 0.0036411035693581913705 -0.29060548704924044072 -0.16177490081084525131 0.83736238727366785195 -0.5221619613176724517 0.24144085860925945664 0.54663605327881303886 0.80180754364736117612
-5.7995469023796548669 -5.7047505757282683803 3.8585453887690062125 0.013665327481820147698 -0.0081193559726485484834 0.99987365946083628376 -0.25458129310644928012 -0.96704148764996189502 -0.0043733698715609451574 0.96695482005365096523 -0.25448936563727231341 -0.015281974759894172144
1.133238816811741545 -6.4814146772322542844 1.4114883880861435195 0.66017635731181401049 2.8342831805581655824e-05 -0.75111062863137123546 0.23390853786900511757 -0.9502811490062884614 0.20555421123128295169 -0.713760445218430295 -0.31139321932188518405 -0.62735977700350442632
-8.6370527530416119077 -4.5914159912501935068 8.6408176696825673702 -0.30337462666599246397 0.007383650329483907454 0.95284275596922196616 -0.85904375063309912353 -0.43481937117215668787 -0.27014060959418517704 0.41231986417529392641 -0.90048742143437976448 0.13825604306899383356
1.9824206867753229044 -6.4665221615217207685 3.2878037928724803685 -0.96950631674599352383 0.0087415131380369354153 -0.24491036674113825233 -0.2315299807470087845 -0.3602132672387584611 0.90368150922800716263 -0.080320419599027859103 0.93282902401953515792 0.35125296033219888248
-3.7174594534795493139 -0.13379593196759012597 -5.6773784794457515801 0.21010785795755351768 0.0021850711273430013966 -0.97767577114748038802 -0.64333075869837874627 -0.75269052295234850636 -0.13993752738432044258 -0.73619306091347636034 0.65837086973981684412 -0.15674047001641752686
-5.2172377999563570583 -6.6536029039582480493 5.6505074095178962068 0.78547798978847838125 0.0029549238325457154522 -0.61888253811431237494 -0.37150207146016805959 -0.79753563228791235495 -0.47531371338470451704 -0.49498539216662224005 0.60326460500839285128 -0.6253489249094051905
6.4631377899438469115 6.8753599430830218964 5.467155661333222838 0.98825703561571709432 -0.0033703157859359539339 0.15276345285227577175 -0.13054215024305892978 0.50098196907996239702 0.85555585069969730672 -0.079415228802824464061 -0.86545115843006803491 0.4946589873903683432
7.5114363255329141822 5.4815569272935666945 9.1514978531505093429 -0.99079313673232582982 -0.0037146712366240338538 -0.13533351920998931694 -0.13271540213245955342 0.22416311058540872025 0.96547269349761077883 0.026750368988326451991 0.97454456084391527515 -0.22259226556366965011
-2.9031322123939635738 4.5279511084806278731 -0.75188051510521269893 0.9379967498558559047 0.0024391024023792955318 0.34663546852497745254 -0.3431475718686462506 -0.13513715526391573141 0.92950938305526675798 0.049110499699138762675 -0.99082389961418748658 -0.12592124035538904137
7.9520649018594156132 7.8926012278536736844 7.5893980204638706866 0.71113895025726292509 -0.015231574891988092224 -0.70288647202319087803 -0.70195518301655124294 -0.071193226983649160466 -0.70865396736913144338 -0.039246840169866931136 0.99734624055919218755 -0.061320159643510750713
3.3025609883408990619 6.8607521822104464704 -4.4907062058971698448 -0.99962534332082242372 -0.014041994374604804124 -0.023494582027942086111 0.0024793577381674591908 -0.90129934783803311582 0.43318972560747265321 -0.02725849914958525938 0.43296917670969342629 0.90099648514485219941
-0.25929830324325015001 -5.4967244232575920293 0.13363608675003138537 0.067917705777590819949 -0.0046158531143202733565 -0.99768024894858120533 0.94361968123326622759 -0.32443850166731358353 0.065738541394797664341 -0.32398932456305268301 -0.94589552939830845446 -0.017679508854724697298
7.3298109022638513466 -0.88583021834200947886 3.2325301157376316041 0.37050071046269511532 -0.0092759512609555359874 -0.92878586352014080862 0.48397800114094902124 0.85540498684531196538 0.18451992545961343195 0.79277646153145042707 -0.51787668919157880953 0.3214175117094313916
-7.2140656692475202405 8.9794723771085447339 8.7356940133747222887 -0.39987690100996264864 0.0041280765059515025367 -0.91655955781559872442 0.40161438409039301733 0.89967139620614233753 -0.17116443947332468656 0.82389583718469838747 -0.43654820791411963476 -0.3614157047454051308
-7.5553563254620250689 0.1691053650228905858 8.210861463528665638 -0.87765813391161850987 -0.0062322305719823356887 -0.47924665807997585132 -0.22327892327357287683 -0.87946912045278591297 0.42033390131240633281 -0.42410225465169459902 0.47591514524403283337 0.77048170135765881028
-5.4625976577771782061 -7.86555812358526385 -7.723143710087483349 -0.91110537116995127249 -0.003314307394491623239 -0.41216018486979882907 0.4060569453510936011 0.16441417511397291018 -0.89893589101422788357 0.070744326680958924403 -0.98638582430408794366 -0.14845284050593318681
3.0675352956823682682 -1.0640186590785940535 -6.1280530656520237898 -0.30064213626415459135 -0.006672010412844165024 0.95371368354434260528 -0.59308119637616607545 -0.78180948425067131602 -0.19242823296223790508 0.74690628622859356334 -0.62348168747202470374 0.23108782957882584297
3.7534030179956072715 3.5664311877843242193 -8.7867600870986262152 -0.58577884035726235368 -0.0051525873263116722667 -0.81045456444745733737 0.48381457931462173994 -0.80448172292084307866 -0.3445759862917509575 -0.65022042649565381378 -0.59395505581656693472 0.47374126761078350079
-0.92261283037993035983 -5.2086498577876696459 -3.2418546766517244428 -0.51369024737694346516 0.0077326489681068706628 -0.85794086969330218828 0.18222069568938500939 -0.97616322034032687593 -0.11790243982708650816 -0.83840202040093969593 -0.2168999156170817455 0.50003647746235047045
-1.6479039242347688354 6.7576083226840379936 2.3865353262557289504 0.96560477487890894466 -0.0043162346955574904667 0.2599784392004293454 0.23195026837482118909 0.46613894712879389015 -0.85376434393229627684 -0.11750102864206724007 0.88470099586666506308 0.45110714490061737392
-1.7230033955917287702 -0.99176973422297520777 -4.9648875611335707703 0.77200853842763605961 0.010097070535074923261 0.63553195494888192751 0.55225758879801012391 -0.50565201226006162294 -0.66281792229237368463 0.31466549256202791529 0.86267844047712793909 -0.39594385476562010684
-3.2812748594837599647 6.984030016728639545 -1.9813477115601831891 0.97488339308562155239 -0.0091991341109148323102 0.22252583179746771025 0.0030457478222958257394 0.99960384705239491154 0.027979856652526689798 -0.22269506798714944207 -0.026599340023712378378 0.97452520839865053315
-4.3387801091282129917 7.916720167185241408 -6.9393872065523831694 0.78554464670035206719 0.0031684165114819855258 0.61879687230703794842 0.55676942808633778093 0.43278223273036803276 -0.70901857731748008096 -0.27005075817073559419 0.90149292851898787937 0.33820568865929323543
-8.1996149386543812909 3.3573891318280555396 -4.7351679062166240897 0.99791231590614393188 -0.011128483684516849231 0.063617345227936286656 0.0441536757433003621 0.83643427042278906125 -0.54628578983955256021 -0.047132395242636203336 0.54795425731838531824 0.83517942336107786616
