1125 17.292696884352682929 17.968806560800352656 18.477561601407678893
2.481829012065015494 -8.9425587433026567652 1.1185838351985846195 0.068740699589892817478 0.0019653739527245089533 0.9976326245292193029 -0.22341973478900689631 0.97462919215054821809 0.013474417048152862592 -0.97229539663987019082 -0.22381705724354644671 0.06743579583636152841
3.7093166998506266197 3.1212377453444823949 -5.3161653530688752767 -0.11336645835701515683 -0.0015254360737363865941 0.99355207169245340904 -0.89394031898393933044 0.43658090680660888161 -0.10133024181601790747 -0.4336112916129487016 -0.89966370653513416666 -0.050857280001412485948
6.7318886632124135261 -8.1796686491462047286 7.5186116790567707469 0.9518768235251161558 -0.0075002828472884586208 0.30638906408834620798 -0.29729770780519004791 -0.26548184614209513477 0.91713328491708367984 0.074461975326402224384 -0.96408668444627687588 -0.25493583330789182373
-2.0175070608958529661 0.90536410067690331616 7.0542649882026529085 0.84024962169009553836 0.00063065945185519106143 0.54219938723557592475 -0.17341862506607783057 -0.94715742812066439082 0.2698495633427950291 0.51371836032027118346 -0.32076846575783501958 -0.79573930256420843943
-2.6821109295338185774 -6.9877980096168981206 0.4630724311438900731 -0.94702060995113646058 0.0046011222554524335362 -0.3211398355885871081 0.18476347911944884794 0.82567917848289495986 -0.53302565698474657641 0.26270595941360030956 -0.56412119610434052763 -0.78278531858635980178
-0.9430105032186318903 8.6618840608109284318 3.761165747972721185 0.4837577780121745108 -0.0051124483260623285186 0.87518699435302704792 -0.68268896994196193173 0.62351975812306459357 0.38099721987150525493 -0.54764421163047471985 -0.78179087619516518526 0.29814232065462065169
5.0478973170665826231 3.2847434012682250604 5.2063255817453724106 -0.65442409755534258764 0.016452019439246960003 0.75594869640414041889 -0.75332020814178490831 -0.10025994960883508056 -0.64996661953471657203 0.065098114748866509061 -0.99482524775019587349 0.078006165751990860779
-4.5546384307287270943 -1.2476231696296442575 -3.0997835129486892569 0.4893020357825345612 0.0021250564541218834938 0.87211180585649539232 -0.32532769411437828522 0.92825996375954200612 0.18026461417431213774 -0.80916340081685156349 -0.37192596550416606727 0.45489082971889660545
1.4601273304103599138 -0.10755528313921597361 6.4299000957575742632 0.88779895900133765085 -0.0026664838876721305531 -0.46022374803970717005 -0.45129713368135837559 0.19103589092155218165 -0.87168582959163154467 0.090243589949715749543 0.98157943043020290386 0.16839808855646326569
3.8368744333088984355 -3.5826238235715726077 2.1436222544388945366 0.92901472834246212607 0.013325780415094364006 -0.36980272862593505101 0.3551476472635242132 -0.31279019501395272096 0.88092703588128118408 -0.10393162736162778192 -0.94972875995190553233 -0.29531931761134599945
-4.2818239629828012127 4.3847374300069557052 -3.5635341088265479748 0.93057106685036716787 -0.003849306485794099647 0.36609107115682343325 0.24788869762102283545 -0.7292389395402021357 -0.63777877249870906784 0.26942287047110935472 0.68424831157844046015 -0.67765445838523896693
6.3148147794053901549 6.692817250692438158 5.8130396209329466828 -0.9442546433794999361 -0.00064575885652821225433 -0.32921535725313516574 0.31472371447406011225 0.29166250205915422722 -0.90326184932188668952 0.096603064151775566715 -0.9565210755065537418 -0.27520043624300699614
0.38718876531142254471 0.96142019903053177465 8.7282556239599333736 0.38574988679757299392 0.0033682533544923815017 0.92259724674697718427 0.87777321501548810634 0.30658798730754027728 -0.36812768035081722129 -0.28409718026986752193 0.95183636246377645307 0.11530971882146731633
4.8047182496439289068 4.7639358022519893154 -6.5652345078036651316 0.9847750307012371751 0.0032936112447672551834 0.17380244829230193093 -0.1220571009688610209 0.72500337449146723401 0.67784376598068785125 -0.12377480765718491817 -0.68873743843417467581 0.71436722901368288063
0.43895356338722640865 4.4929069109038319851 4.069758806606712298 0.68637544050122190065 0.01130962828894111448 0.72715943711442809771 -0.21510105056335904194 -0.95198524927698002784 0.21784311603971062699 0.69470878267311908516 -0.30593492358231982875 -0.65098658189645253191
1.760552273944733459 5.4072941931121292214 -2.3657006426190139159 0.98312242085809031789 0.0079561239153701467097 -0.18277583455775059385 0.17985177499381641009 0.14102116090621444333 0.9735329327804822519 0.033520809023756703571 -0.98997461193137537006 0.13721014209423493257
-6.9142394923831869136 3.3875182888755124289 -7.0570610450412809556 -0.047704893770291141586 0.0040175638285890593812 0.99885339379267568116 -0.56756222193668903753 -0.82298654700297813047 -0.023796379599372939617 0.82194730204569055321 -0.56804665533091358576 0.041540703252405650203
-6.9717811923139709762 8.9442389715149435148 -5.7715773946750070778 -0.41866511350648916157 -0.0078961195300502017014 0.90810636713387016261 0.78425381123199000566 -0.5073332618240971037 0.3571539178212740917 0.4578924352955831556 0.86171376497255280924 0.21859529948247885534
-3.9467954090694550295 0.24818601640113624462 -6.8094433561848077829 -0.84919119697851486173 0.010025502722182687287 -0.5279903410756373594 0.4990120957945358704 0.34240243205900577905 -0.79608259795726521446 0.17280404863517920266 -0.93949990091272184145 -0.29576797825335376935
0.87168021462107558861 -6.8455727014573195532 -0.36781715175750312463 -0.73740979642698745167 -0.0027525674152102321164 -0.67544001621614158104 -0.66876969717710244012 -0.13727247517171153879 0.73068690948869441382 -0.094730587833796328634 0.9905295002841031371 0.099385234294591395798
-5.8399979174569551787 -5.5374895388091713855 4.026389855434185705 -0.95164337205919435903 -0.0058717964325141116383 -0.30714884734001096644 -0.21914331788444069149 -0.68770909348904196712 0.69212167207722863349 -0.21529305293543340993 0.7259626193814145978 0.65316703577158152783
-7.3103637865552446584 2.029960852959259654 -1.474150677999910064 0.3626184157622106552 -0.0025785990649587228578 -0.93193413682348058558 0.82844845006577594315 0.45888936412126712927 0.32108210333209591392 0.42682672143832389722 -0.88848967485472463146 0.16853797062652287053
-0.53053987789976841949 -4.6404589194930832008 3.3753918645831264556 -0.018848911062182269194 0.0037033307791862809383 0.99981548492367922076 0.88723790054252149595 -0.46094370512717203203 0.018433896620713020875 0.46092692088086462121 0.88742165065150224734 0.0054025514772282623444
7.2765195244623379622 8.9138254796951184034 -5.0919371595165472399 0.20713137135447085013 -0.002730240169588811841 -0.9783093277637677776 0.4900483991261682104 0.86578463493524138173 0.10133870151199365905 0.84672850519795017643 -0.50040934413620918875 0.18066910855605380903
-4.6729375928492196124 1.9726165707897687085 1.2541817758868807342 0.76518863012905102838 0.0030933088441085828529 -0.64379871991304526979 -0.43530211477337266146 -0.73428021963560774488 -0.5209075041940421924 -0.47433999324868997283 0.67883944382477390267 -0.56051635151237844124
5.7206811739780993875 -5.8664159532848092482 6.6551312226588548171 0.21044292316311208335 0.014566476847973828385 -0.97749761833099557684 -0.53702680552142534331 -0.83379130663101697074 -0.12804009972797725236 -0.81689410956521013585 0.55188755624585961179 -0.16764289134620749544
-0.6980838187795772587 -0.43143989786259162589 -0.12852771100191931475 -0.9947144808828056739 0.0083502795959033999235 0.10233950533702480812 0.044251439937854748774 0.93424169385427779932 0.35388453982584777702 -0.092654797962025317593 0.35654274679882641541 -0.92967325341731921196
5.0930822489178995127 8.8396794147648591888 -7.7033219664334815491 -0.43339075945732247197 -0.015980947550549823299 0.90106440332124593251 -0.087201502988528356575 -0.99440752314966329717 -0.059578316355138632998 0.8969773394537799982 -0.10439486203132657127 0.42957346902231657859
-4.5054769365951061744 -3.545195868467863054 -2.0749717216861927049 0.23769693976882996789 0.0051556537999489053525 0.97132568382488126968 -0.96168502886076112635 0.14188714126926513237 0.23458462099483773367 -0.13660918742666214309 -0.98986941480991808007 0.038684254345661160668
-1.7414029810312370294 -1.2104090138258041254 -5.212590738773183574 -0.98143308712617394196 0.005366954907674309147 0.19172973501585491296 0.16846968471942669332 -0.45373017598907455783 0.87506965021507121527 0.091690025764887522763 0.89112295627030113643 0.44440163814207356285
-3.6944820945121006339 -2.3680139734599516821 4.4333708591117133579 0.96325362155045657353 -0.0075780378624784490438 0.26848656188319930394 0.089147464237262552533 0.95195755524285896598 -0.29296679442583006825 -0.253367697605257014 0.30613622189849321042 0.91765212550942765191
6.4627777977029747802 8.9544152103260952202 3.3437481802596118463 -0.7471076804468461674 -0.0067160530928154910102 -0.66466909695578579864 0.37540260775824496609 -0.82947123660755694985 -0.41358233730284799101 -0.54854625685120494971 -0.55850905298978992253 0.62222555542418334085
-8.1487453495827502081 6.5383611027263244253 4.016565374064661853 -0.87192144062652410241 0.0081848825699571935155 -0.48957737802375073111 0.48551592303477986157 0.14403972824689428855 -0.86228002711755669107 0.063460931721794400229 -0.98953805605620737129 -0.12956521817655750062
6.4066792131856038495 -3.6868031419816489347 -9.1040428033371831873 0.97081609755716635757 0.00020796904601299800487 -0.23982506431307132333 -0.22997807258213107118 -0.28279965911447452198 -0.93120053637022492943 -0.068016107322127414281 0.95917897680959285367 -0.27449863313147560007
-0.82104354577261384751 -8.0384546488398136432 -6.6176903719574724505 0.72925480780221907384 0.0075795811383532214062 0.68420024499150566832 -0.29727599810760257926 -0.89712612462320817652 0.32678998985138602018 0.61629084549910173596 -0.44170948197606019203 -0.65198031203866013694
-5.2910079269651735245 -2.551063256042807037 0.54599333237881120251 -0.30340691509651984692 -0.011690353482442676636 -0.95278936786008039395 -0.93968282761418731042 -0.16205470333715391029 0.30122160714867385334 -0.15792538541542683328 0.98671252589670332966 0.038183293200080299645
-1.9128343992777179228 8.8525888108436987523 5.1835480693023132659 0.24324353131806575323 0.0026324473102122773055 0.96996167692010637484 0.88670479528171119998 0.40474539354101063404 -0.22346313439090847996 -0.39317577557159788526 0.91442563209310456784 0.096117495156369900378
6.9378862511745857944 -2.7707990626260765588 3.0113183341805211946 -0.12318294995611520082 0.014592213289685795896 -0.9922766893116722331 0.32258561717617251219 -0.94500192370046032231 -0.053943338731669704389 -0.9384905329469553914 -0.32673908782649496718 0.11170088654557554231
-0.99577105621207584463 -2.4219199008496712366 2.2068112204320549097 0.99126441082921101788 -0.0024553307285513142552 -0.13186674779687962422 0.068295924356666468102 -0.84578150470434898534 0.52914016386569140415 -0.11282967047623708445 -0.53352377421322605411 -0.83822541586945764625
-3.4047471480093594032 -6.412838542414607268 8.271526464797460676 -0.67342886698477599783 0.0070761558678629488117 -0.7392181607142545019 -0.63935227864474253323 -0.50755866731917598234 0.57759229826983249367 -0.37110945137976830699 0.86158814247129222874 0.34632881463923770315
-2.8755128763483162047 -5.7303554534266591958 5.059508633525438448 -0.99324413687637314041 -0.0062770651009362984571 -0.11587356477797228216 0.027235823255435255563 -0.98325370894912400566 -0.18019532116545830536 -0.1128020145753136777 -0.18213385817052291094 0.97678194251088690248
5.851599130841157681 3.3080221693181370846 -6.1182113414863925627 0.73648266309585097567 0.015162219518130971505 -0.67628647336653935351 0.60282997635579615991 -0.46828881164052355013 0.64598886097147178997 -0.30690276402502886244 -0.88344535540768187598 -0.35402683152854591553
-1.9486128028868963113 2.1026498846138386156 -3.8381740200066269963 -0.6696925856291143786 0.0070229765706484505866 0.74260522389327143777 0.49741954244091685089 0.74674990297889798363 0.44151826825042672642 -0.55143960644040046493 0.66506786135034567931 -0.5035862391367241786
-2.4422243968627297406 2.9882068417929414927 -1.6227830448168731881 -0.42741082315489492549 0.0019127697522488065762 0.90405549031112919511 0.36877962255237828337 0.91338624778802068871 0.17241563833360284974 -0.8254220606696565099 0.40708955238834398926 -0.3910965585327673133
-1.9307691510760287557 -1.1167479838846554596 9.1090526424470787958 0.33617913893034745421 -0.023327160440354332421 0.94150912376550699445 0.6033927056707417691 0.77290588768390422469 -0.19630010577347278833 -0.72311882100467361756 0.63409173813357233573 0.27391027424954239589
5.1494018739639484394 -8.0161704365300785469 1.9667224971412555767 -0.99985210482454200953 0.0016300015309416355548 0.017120501536120807246 -0.011023667245312373728 -0.82483858015837829836 -0.56526082072121963673 0.013200274175323063047 -0.56536595208501216892 0.82473455910643167499
3.0837067478909281348 -6.7390623986307280902 4.7261226475914668299 0.61726125087933525482 -0.0020911639134746531736 0.78675547357276065519 0.078546840423167896272 -0.99483658985546463693 -0.06426938108105333114 0.78282753018944539747 0.10146815519413446283 -0.61390982355628964662
6.5129020538594319945 6.5399066153892002617 -5.9135242187733663144 -0.21240349357249130313 0.0042340052898970012563 0.97717287575825040324 0.97492277626185352979 -0.067042268037608251929 0.21220488830901543253 0.066410362475510437141 0.99774115255194273377 0.010112183756305759622
-2.8216395559175797558 -3.4801913928254952779 0.53744813106169553318 0.6932672064985008209 0.0068911293202652337819 0.7206476897419418215 -0.29562439858136918547 0.91467237693135405863 0.27564589211899487298 -0.65725702381720696454 -0.40413729748118137897 0.63614954957742442243
1.0023757131554824618 -5.6831358241693834543 -7.0682160272795933054 -0.63474141355568403089 -0.010728294009337956821 -0.77265014180075930472 -0.18995711243054128059 0.97138649154741774083 0.14256429944412318811 0.74901243871794198625 0.23726185480747513656 -0.61861715050518151227
0.59751849636025933243 8.6840839009343664401 -7.4854842860857226938 -0.96574867983125278759 -0.01702355449487260794 0.25892023095298777324 -0.2222736592605972783 0.56912028054528951415 -0.79164166557295123638 -0.13388019944456147625 -0.82207804061689493391 -0.55341104735286938965
-1.4535374228807462771 1.066003227502426487 -1.0790250512511236902 -0.12930655619464404005 -0.004494547043270936959 0.99159448040624342813 0.42152071642537031204 0.90489288927832001175 0.059068981345918078474 -0.89755228268296793903 0.4256156223400115457 -0.11511403854797823409
2.2583458896196311194 -4.6357996047647134219 -5.3616197817733599607 0.018704636176605289599 0.010884045746814273795 0.99976580964433880983 0.60723801998506754529 -0.7945153467083173604 -0.0027112598070709163257 0.79429976940089008774 0.6071465238255069341 -0.021470326885664914318
0.4258318555415554485 -1.439209109531735864 4.4628753616402248028 -0.33096870161280528277 -0.001519382088188762827 -0.94364050889676187595 0.85069714943147722863 -0.43324984019600532026 -0.29767253134833288053 -0.40837982136966616276 -0.90127258221257466886 0.14468467109481714106
-7.7629313014664775849 -8.9010209571843450505 -7.2835900605395549334 -0.55757725911168520838 0.0028757385016994615676 0.8301200697787585181 0.44418673099815864092 0.84582726887523207449 0.29542237429120699055 -0.70128863396363672056 0.53344911786889914751 -0.47289141514596610971
-6.1816656124250295434 1.0481373335863588547 6.1508480673327348143 0.99984898464456117839 -0.0072358902799608583456 -0.015800310039266397127 0.0051556237023334611572 0.9917685761237239328 -0.12793948162033999538 0.016596007041520279696 0.12783870034114880321 0.99165610936701875655
3.5157740502670113969 -6.9172615235970251746 8.0791626726284988536 -0.066605209906405241083 0.0062418976299769548741 -0.99775988330231213386 -0.39789554715082930958 -0.91719437097458833552 0.020823530206104664403 -0.91500977020513496463 0.39839117029209286658 0.063573546876441677789
-4.5784622095734883729 8.8718525652589335095 4.3899334498245385916 -0.079182292982310553686 -0.010488458243053215557 -0.99680497426614822487 -0.32352272433742951252 -0.9455486397371725138 0.035648516497168790396 -0.94290148547741947649 0.32531179218515693385 0.071477454835770420916
-3.4688720832995518784 -1.3021531770011660623 3.9705335173383913272 -0.92888654121308877887 -0.0035506939740994562099 -0.37034738574104403286 0.2757904383675890414 0.66079747526809784475 -0.69805897371513847549 0.24720321126141459045 -0.75055585351879272604 -0.61282663379657853486
-4.4055389930432946599 -1.0874818422027154874 6.4235480000175009252 0.9439384251338867049 -0.0061051585798708547445 0.33006510962899549 0.27515891009026033354 0.56696360954033175883 -0.77642761391846204511 -0.18239469222986723351 0.82372021493699365546 0.53685862547856466609
2.9833182568305098847 7.8960878810317733922 7.505115688113789929 0.20188410067942641479 0.0086378834624724100399 0.97937132736385412723 -0.95689959017856429657 -0.21141380692602040892 0.1991164899173329117 0.20877256574765035158 -0.97735847528459651734 -0.034415499137245321448
5.9462286701831787994 -5.9593629692317664492 1.8994757719579999922 0.64597085125874920131 0.0042928201192371975153 0.76335000558022880757 0.60674867755721373364 0.60392558328273449053 -0.51684613971588289072 -0.46322532487592860129 0.79702914724126694423 0.3875136601997871133
1.936642853047455537 7.7860299244940796015 -3.8928099567905638523 0.99924519256279131785 -0.001094380939494147241 0.038831011705047394078 0.036341494932019213771 -0.3268060433933801523 -0.94439245324583398489 0.013723734396578802369 0.9450907958138702325 -0.32651959632205351802
-1.7386652915966105404 -7.0905060395205108392 3.0992617155845612054 0.093257830272891334422 -0.0034879848851180183383 0.99563588276737502447 -0.97928869375626237392 0.18017680544852174296 0.092357853263565242719 -0.17971263554323441136 -0.98362805609628300996 0.013387153779559200772
0.13033999871034093743 5.4052324226277406183 5.9407847147570951307 0.26644272113882971897 0.013565392677076116429 -0.96375528868781390468 0.87222943464930824398 0.42209839165036178166 0.24708047494152318713 0.41015130096515312053 -0.90644852467607206492 0.10063290927416024267
2.4835435628134514552 3.3606734116192464867 2.4355308789176977058 -0.54477242603286968325 -0.0065090709509234810637 0.8385586657053902826 0.73859042769926042116 0.46982600459014489669 0.48347461724667750715 -0.39712363810930823016 0.88273504371701017046 -0.25114071483632038895
-2.8029483538724804248 -5.8214552412140685433 -4.1207643108331080128 0.061614241007286837948 0.005637290458337494356 -0.99808411782845518623 0.57625011636310186081 0.81628491514847945076 0.040183836208910729548 0.81494753738903158435 -0.57762198560783939438 0.047046286209916132748
-0.52987505670543089131 -0.15919339042663255279 -8.0983274603729658025 0.36710302517571019587 0.015175342118488583179 -0.93005649177806903882 -0.9283313054758307592 -0.057034964387259662333 -0.3673526917162359684 -0.058620441661594552274 0.99825684161399752536 -0.006849962807490691738
-3.8238104340018521654 -4.4872781195141433486 -2.4450240510631831015 0.19565679975007826963 0.0043608242082513199583 0.9806627350539701693 0.95964041742416172909 -0.20684228607676682921 -0.19054274569253346061 0.20201159857081216198 0.9783645802575507977 -0.044654922910344785336
2.1932025517995192843 3.0823501376119266659 -0.49927917749497185973 0.77519584485809767127 -0.0042840914000354148039 0.63170645768062161363 -0.58252300744235063767 -0.39174105868224640137 0.71218388688775668971 0.24441429564313904566 -0.92006553543929514571 -0.3061716227573477167
-7.469802828368249159 -4.6807912412941981017 1.7309585909756990407 -0.4245366404289261375 0.014752039454284025105 -0.90529057117898081852 -0.80349799416153988574 0.45472301535889636526 0.38421081801751844065 0.41732435144865326349 0.89051072797296659811 -0.18119334715485654885
-7.0817645188527951206 -3.5742234963691039695 -6.0649017573735166664 0.53024393753339715829 0.00041179610631430271089 0.84784503131937472009 -0.061299202700401372867 0.99740143285780280547 0.037852205763424580376 -0.84562626168844678975 -0.07204312706166385305 0.52889130583299592825
2.2412882007634582493 -5.8262151836052957776 0.54535229003929475144 -0.016863009669858028405 -0.00036776335710679293033 -0.99985774170860286514 -0.78971102212132704423 0.61333927769373730587 0.013093203507484510451 0.61324720989567005347 0.78981946999813723576 -0.010633172947350114784
-2.2612436467397021289 6.5092665967931555571 6.9393484061786798733 0.57399245668415133093 0.00066324515097470216479 -0.81886031762196620498 0.57835180309919220765 -0.70825226065377755447 0.40483073886623588411 -0.57969116909093409973 -0.70595913152587164152 -0.40691504407374778918
2.812807535481039789 8.9067903179761689358 9.1217589972957497935 -0.24046033669415020628 -0.00086063286649618584746 0.97065858353395206848 -0.86163710873371601728 -0.46026635535042176306 -0.21386064384386346826 0.44694554403156888656 -0.88778045790811577209 0.10993424956172440088
-5.562064628442588976 -7.091189642651419156 -2.5186833493265616823 0.68477758501603325225 0.00025930651947939781232 0.72875207843247857831 -0.61956101932357909856 0.52672021785748746048 0.58198793409733196036 -0.38369754025054325641 -0.85003867256742848824 0.36084685497520474495
-1.8594672465952881701 6.4866092316062511358 -7.5016591670790546686 0.25144177665994277282 -0.0032486884285165057093 -0.96786697380022568282 0.4025214603080489173 0.90976410495950477131 0.1015172267088457897 0.88020083329980958187 -0.41511289952344154752 0.23006036970288182286
-2.7778463244077764571 -3.6158727725357833194 -7.4812282494985202774 0.037563058779925558028 0.0066963533403437414115 0.99927182261230729221 -0.93401606017737337506 0.35572881838647324448 0.03272624482019593356 -0.35525063820609964482 -0.93456522866055191656 0.019616764079349913868
3.6892159136698570165 7.8975523917072134594 1.0561569600978319983 -0.99992774247520499475 0.0054090324115852964765 -0.010735557605013070631 0.0090483458896286513007 0.92661132235405185842 -0.37591167143595799471 0.0079143708139702874382 -0.37598164802740069446 -0.92659331050965720866
-5.9361134950495291207 5.1707117969355227416 -3.3940234677469938163 0.73325424323936561066 0.00023634536668098917594 0.6799545270914968409 -0.16139661866271901025 0.97148126071044638152 0.17371036691142863195 -0.66052202556431116598 -0.23711622514961430697 0.71238090198653647445
0.2257739328004590984 -2.3609999615985941546 7.447587097979171844 -0.45221344423230458442 -0.0026569995712320154148 0.89190579166688943591 -0.37678473808947748891 0.90695263004770942938 -0.18833530734513564964 -0.80841589667612223646 -0.42122424811865916139 -0.41113728947680994175
-6.7174635007116707541 1.6612561201113946741 -4.1302594677868036399 -0.7988144969802614126 -0.00084739340540293875415 0.60157682912381882367 0.59365769409377144861 0.16061935108713071285 0.78852518431553131339 -0.097293070963985747723 0.98701606166300659417 -0.12780200452894754926
6.0283128834030810239 -0.43411817587454554213 8.7853418642500642477 0.82914783679602777067 -0.0065479790907685521753 -0.55899104528274079495 -0.53702115643619541263 -0.28713676505530300043 -0.79319654291573471472 -0.15531304605936702146 0.95786721528801466174 -0.24159523091388312999
-8.5503935927881311585 -8.0070989322713881364 -7.5455743571321765018 0.58454927434701087208 -0.006078961075244168448 -0.81133543746877312408 -0.52686107409086935238 -0.76330638209358636637 -0.37387267306205368422 -0.61702476001194328514 0.64600805976944586373 -0.44939295971882109448
-4.2296597963640758522 -2.3504054678298973435 -5.6177555997625097106 0.081646566329862071965 0.0038272869758819352132 -0.9966539971729849734 0.4859405568215401372 0.87292549888450343687 0.043160730222913418208 0.87016987619799601728 -0.48783852376784309079 0.069411535681539446307
-3.7447854260862643017 3.3213374517109799378 -8.6325004785439745092 0.76597441211030237174 0.0063290513469022842766 -0.6428399047206412309 0.64185965581814274916 -0.063598230993172910619 0.7641802452610516605 -0.03604694474144530536 -0.99795551410030158834 -0.052776980315524912868
-2.9777499007221925886 -5.6428426810562211102 -0.27869534757927494351 -0.90237527091638813914 0.0035828429586448971161 -0.43093622924379221262 -0.036984838283442823814 -0.99691994987694143582 0.069157322639875118409 -0.42936114423149746022 0.078343964502173762954 0.89972842071946934617
-1.6634392175881360654 5.6784323764456399175 1.8695978884402761899 0.55100252994167120413 -0.00029209183853321721985 -0.83450352107130654211 -0.7715013726320878451 0.38099552257075830486 -0.50953708776494632815 0.31809093672240618123 0.92457683643043120369 0.20970414757856195576
0.22435114489529800474 -5.605295056498245998 9.1078002545410985391 0.91796834799228244073 0.0025407925955448769188 -0.39664550477377341631 0.39580202197942720987 -0.071359776421606874175 0.91555914156664508496 -0.025978288651643553775 -0.99744740547147403564 -0.066511666921384410278
1.1090854525190894098 7.7439560531339353133 7.0683086884942252226 -0.66296257000316050068 -0.0010257367663930507667 -0.74865184073723778369 -0.66600681095576685919 -0.45591763302900600863 0.59040159184565332851 -0.34192917181131043947 0.89002138162925326093 0.30157317802997424261
4.9102318415928447592 1.171609293347080305 -3.923271542434830117 0.98997510979447811419 0.0055183815474622952696 -0.14113408324162535212 -0.11529751515618136271 -0.5455959042966650463 -0.83007926863255898642 -0.081582871892199385067 0.83803022420434336581 -0.5394901095794203405
-2.6638938139571175512 -6.7446192227847019396 -1.0691653465131623069 -0.96086728092164208626 -0.0092306974036431635455 -0.27685531000845770011 -0.0976519463129593146 -0.92399633542730597036 0.36972269270109137107 -0.25922609019107228923 0.38228989830015935869 0.88693645083622962844
-3.8172365524423086391 -1.1661880160438391485 -9.033434487737260099 0.93404813758569849025 0.0021299372382528472883 0.35714078462097387234 0.12885242459994994402 -0.93464312293611473415 -0.33142010413250594381 0.33309327424475493329 0.35558078704543000237 -0.87327611586327591464
2.5269456099776634872 4.4988175584274152641 6.4174101996236254664 0.12367882741049272821 0.012276728493653910057 -0.99224635529090121633 0.79540434413884864018 -0.59909711888924865875 0.091730973306290458646 -0.59332577642950434793 -0.80058224067003724844 -0.08386059234491827219
0.18940665756954516707 2.1020036556269743322 -8.7467200536264382293 -0.046802361478020776397 -0.00016433899596158922651 0.99890415553869660314 0.93447032238891991618 -0.35334588966061480919 0.043725265400076089584 0.35295149175845985656 0.93549273393891330119 0.016690991969272428452
-6.8892433937978179159 6.852920040312110217 -8.6581714928229178696 -0.99243699676796603981 -0.0062088157611992272553 -0.12259795289284827757 0.12065392284651681176 -0.23333003940243615681 -0.9648832694240714325 -0.022615002728271813015 -0.97237777808797742907 0.23231448153799083567
-2.602140283970833412 -5.774165619631014934 -8.2354853363344293626 -0.79273000441132446259 0.0036112820857345231604 0.60956221893078255114 0.23575650962172095548 0.92398188670651448806 0.30112512550321224314 -0.5621370013412602118 0.38241918320078832627 -0.73331954838461421708
7.6218396288430003693 7.6538951761150872954 -1.0292851321437286316 -0.53231959291605024376 0.0052384421358526332343 0.84652726460620764115 0.17443387483706560004 -0.97784309019735282664 0.11573985598144190257 0.82837713289713588161 0.20927362394067958173 0.51961127394967954185
-2.7262881151106808097 -2.1289216549081073637 7.6342397462434936628 -0.43657797511688500869 0.0098001314639858377181 0.89961304407282982609 -0.88592355298986680268 -0.17879246254528344262 -0.42798681474409794312 0.15664970443828948876 -0.98383800127872400587 0.086739018550526417184
7.4680467273836841358 5.5956949208138757612 5.6482414085589036645 0.85288727248476903231 0.0011370549409033406732 0.52209386851345640501 0.22796040262259142928 0.89882986206064641177 -0.3743513508777935872 -0.46969921787193008589 0.43829623107422932549 0.76634134597861680582
8.2979736801431958071 4.4788065510620462817 -8.3874985030551076903 -0.20610192182280837048 0.0035396608310391784735 -0.97852412776687758278 -0.81189487966585183187 -0.55881218134156662725 0.16898417191258804926 -0.54621305567811695436 0.82928669155211587327 0.11804609701711477054
-3.6410633708439812395 4.3862890234648066468 8.720563576453894683 0.20069807645193765699 0.0057876158137607465817 0.97963604752576460832 -0.63488997377448253001 -0.76079371525285843791 0.13456464629452519199 0.74607975666745851573 -0.64896797019198670942 -0.14901533597567032108
-6.1214192329179084595 4.1146679230167206853 -0.83931352843147244425 0.96494503948784260405 -0.0040606761094648842481 -0.26242061976393959988 0.21960654368962315153 -0.53502828327712792511 0.81579268326085607743 -0.14371512354800070055 -0.84482438826236871954 -0.51538113688862441375
5.9903724994381066793 -0.19116390848177808315 0.63360277914521523357 0.14383751128484781323 -0.0022430444184460395646 -0.98959877682785979403 -0.45964866328148829 -0.88573348536669660458 -0.064802000308301035969 -0.87637541994905887588 0.46418871340471290488 -0.12843271256538529856
-0.72394054717546874045 8.8877066333201231174 2.0367176755024636314 -0.60542245169304154118 -0.0072285977131873362447 -0.79587147351902531867 0.46039600284674703223 -0.81886029825193784593 -0.342787590950505483 -0.6492296785796554115 -0.57394734891088539097 0.49908442685505977066
-4.7994325729042834894 -8.9659281790320335404 8.323881448154285323 0.46091556300821417969 -0.0079251433475141883772 0.88740860705748236814 0.11522657514039294502 0.99202973574047648153 -0.050988624106017003956 -0.87993163379782890487 0.12575450492831852234 0.458155131295136131
5.5088483270456496399 -2.4874097287356060626 0.77957261717420056613 0.95502600673753401672 0.0036017392732554153259 -0.29650017525963590082 -0.10487137969926708936 0.93940342257767817102 -0.32637892604953494535 0.27735774763803405785 0.34279474488891947814 0.89753241874696754188
6.6852454261616127695 4.3121476837798855541 7.8415555109661756461 -0.11121781925968424187 0.0098933034307475391927 0.99374680841074880533 0.64353402229822287417 -0.7612670606985134647 0.079601661039943497067 0.75729423530356543282 0.64836300391280188293 0.078299785014700973296
5.3708495777496940704 5.5295610467429590074 5.6669106509299025376 0.59279947361132312444 0.0012450868194203725502 0.80534913785572037614 0.070522753656086095697 -0.99623762361743173344 -0.050370015939484737155 0.8022563962368692847 0.086654757790798564443 -0.59065694582333172491
6.202980837640970968 3.2187849171857427777 5.893977869779581269 0.71684446186041694826 -0.0034644788501139267382 -0.6972245082370065461 0.69705244591070669724 0.02632429912991216675 0.7165367533667685862 0.015871520088076393473 -0.99964745218576533947 0.021285351500086792387
-3.8787599367246716753 7.7190860638535871985 1.899159260194686949 0.96491982504143658517 0.011279955055050385621 0.26230229479736510978 -0.22410582235729828438 0.55584978713606969514 0.80050458744870400807 -0.13677101896077531462 -0.83120621794750171318 0.53887838295649537201
1.8139489768421299676 -6.0944298870919961786 -7.8626417555928247438 -0.59291953792189122652 0.0048980317342198868846 -0.80524681361386940548 -0.079971077957982888984 -0.99539622839206653993 0.05282968098215230085 -0.80128087974217721001 0.095720205743599851012 0.590581572665300647
-1.6993254585497954423 -5.7847797731819952105 -4.9252758085999088777 0.019828967987951487406 0.0039508852552861493251 -0.99979558037350935162 -0.38662748844829375461 0.92222719302516775741 -0.0040236327821850754669 0.9220227747752537395 0.38662823868724316423 0.019814334331425466351
1.928014499241619939 -5.813365315440079506 6.5205088854485033778 -0.27404663155419339837 -0.001304324951330772123 -0.9617155205517115002 0.89618392311842276499 0.36247437924580278024 -0.25586461328989384967 0.3489309669223458199 -0.93199282353799961509 -0.098165967605183604427
-5.9211610155817613332 -0.39304904209694729866 3.7559768889244624646 -0.99412900223733657867 0.0020633433490417308828 -0.10818165059295124786 0.074434283205384269011 -0.71260946701939387182 -0.69760109303098272182 -0.078530658945969042395 -0.70155790219239055894 0.70827215494954476327
1.3146652809738825773 1.9541006786483685609 -8.0844375374371715282 0.029988205230841863402 0.0038591789948848576573 -0.99954280262744554797 -0.30463327895414443747 -0.95238348262701755242 -0.012816683374613002666 -0.95199751727655212985 0.30487835075087033054 -0.027384636984355829881
4.2117841898629126973 -6.5298615294072321902 -5.6804952044746279682 -0.72624289381204520932 -0.00090807087193747932936 0.68743758596303594643 -0.61943291800841349115 -0.43279982423348600795 -0.6549711232037596087 0.29811762657521639897 -0.90148959370065884222 0.3137553078027718878
-2.4030808256795719302 3.2171171696221572134 5.6090316742255001969 -0.47166006298667512153 0.00023589024703172742359 0.88178043147901363774 -0.87565996123814415775 -0.11774317684528798345 -0.4683547550638025303 0.10371314896344320522 -0.99304405172293264137 0.05574131385170080083
8.6118711995092400713 -1.5245705820158237387 -2.1319152871325224297 0.68008509953158835515 -0.0018578251330334163288 0.7331308245333995055 -0.72419532075268833182 0.15396985550558334177 0.67218629932141460426 -0.11412885172108055976 -0.98807379890438107317 0.10336717623839519753
4.2835469112761925814 -2.528584167270084393 3.1236882831536512128 -0.43540965020993460666 0.0051983204221822971319 0.90021742594151132888 0.65186443756677103778 -0.68785577121167573722 0.31926038439842036043 0.62087936955545863782 0.7258287783460880549 0.29611044051985174752
-4.4677757934454858102 -5.8196413673727107607 1.9514881573282565341 0.80508427397257120717 -0.006560008193374977474 0.59312416751860919106 -0.26217833009234614572 -0.90089450055115494198 0.34590695585220254671 0.53207314819697437702 -0.43398855419183779425 -0.72701588689550600275
-8.6128380028538717994 -7.786475909135944562 -4.4547211180781784989 0.93694249874422341762 0.011826886972190637018 -0.34928337892186489544 -0.2831204775004939056 -0.56025442115708201651 -0.77843289935223569653 -0.20489399519365325553 0.82823614284727775647 -0.52157774340455387296
1.8817964364687589374 5.432561932778011915 -9.20337747140021456 0.99826425131816243219 -0.011407528392078881627 0.057778480736889063774 -0.033998638326507540919 0.68945305633641551513 0.72353201428855873356 -0.04808926212997598898 -0.72424053421803091801 0.68786849867063859509
2.9233234334501267959 -7.970380120836263238 -3.7594921666856411235 -0.88610614002984533499 -0.0016028108179938784471 0.46347959998125043413 0.24681056432201090023 -0.84804831782966771936 0.46893346645868644318 0.39230148347956284027 0.52991648551772441156 0.7518564121134633238
6.1215910464255012258 -6.9605379211683242602 -8.0066177869774755038 -0.65474152128414719876 -0.0012612537607383867214 0.75585180395723883251 -0.75346706834458632152 -0.078301445029926003416 -0.65280644959004108241 0.060007643067868807196 -0.99692893073932242753 0.050316894064018062582
-6.7458462423241281058 4.2821007276586957602 5.4968454340559844695 -0.39363380527746238968 -0.0017593231891474938114 -0.91926564828923296169 -0.4802597134425074521 0.85306960682315480238 0.20401679724626736734 0.78383865366997929058 0.52179416506554487931 -0.33664196755112901771
-4.0230433683862116823 6.3782781179681284911 -6.905192536888406174 0.70343266927088909934 0.0026589176273054846919 -0.71075692747912411207 -0.38019273450915680446 0.84631155746015840347 -0.37310887464074576902 0.60052973650669916328 0.53268159144686233475 0.59633409906269463363
7.463104854619221129 -8.2525641007832764018 -7.6465568315110239439 -0.57904041440193176893 0.010809489831202855059 0.81522717902364405518 -0.27818885633993151174 0.93728463336819745066 -0.21002018060236099517 -0.76637011860936743446 -0.34839728899853139588 -0.53971860290408957272
-6.0017438455265414987 7.9571329202178961992 2.2978438378726746549 -0.74855744758011699691 0.0095644647125227889861 -0.66300095677692139073 0.56085945729903308177 -0.52422798963482486467 -0.6407976935364192439 -0.35369254562481922122 -0.85152424269550852642 0.38705044538312249891
7.7570485046774644289 6.5003356686704290013 -9.1405120134034589796 -0.18975377613275376532 -0.00051459982465604508107 0.98183157396295339669 -0.26092122998317535121 -0.96401557028780271441 -0.050932229347714248757 0.94652713441680846884 -0.2658452847602439939 0.18279132469361744628
-5.6876410737792166827 -2.1862869788062204712 3.5272665956099564788 -0.73382000974023786632 -0.00046321848900528520779 0.67934378537934902997 -0.42267951718751339829 -0.78255651664431347125 -0.45710756284214187906 0.53183664696480836831 -0.62257937942580443558 0.57405983769887369839
8.4779109005143897804 -7.9547729346006583739 -5.458433252881430775 0.93836224095557896341 0.0018481042322880951619 -0.34564850536310909312 -0.33416491040910079047 0.26052150813991420408 -0.90579377147768203038 0.088374868600775299821 0.96546627507497351228 0.24508111778069571751
8.0567044304555643919 4.4301805443940684981 6.1112760959169296626 0.64019633596816916121 -0.011083440823794015601 0.76813137466999137359 0.43959518057488788934 0.82529177954522636718 -0.35447081097204891087 -0.63000375286854104484 0.56459776474513367894 0.53322100053972509848
-6.8290029226433626164 -5.3477843064447707633 7.2328627234977602711 -0.63912864649801426342 -0.0056750007778426187974 0.76907890856008442881 0.74261077479375026122 -0.26473309433383873657 0.61517934452039224613 0.20010949599121410913 0.96430502598025302774 0.17341282098913271548
-2.5376121396894437687 1.0379129962402526832 -2.5096264622117274712 0.57550009850084427043 0.0058718707776661323988 -0.81778062936177919884 -0.69546885544043446359 0.52961684430416122726 -0.48562235259701358459 0.43025888455443200842 0.84821667005725975841 0.30887824931374446846
3.8026850638372500235 -1.7137792147053345637 7.0996673486058607949 0.32937246493225152966 -0.0058952411196120284645 0.94418166974198702857 -0.33333432828181680518 -0.93631842363778083893 0.11043566065971073542 0.88340364779248059524 -0.35110262842731532196 -0.31036259339377453292
1.4774645331865767783 -4.8608890890069131885 1.9421480316374402086 0.99997305032572847416 -0.0033107221907956638739 -0.006552689599835119505 0.0025161466947691384088 -0.68393948507108959234 0.72953440615664122415 -0.0068969288981507968772 -0.72953123297036415185 -0.68391272286196158614
-7.5992221466326546064 -4.8370794246896124946 -4.2111421336742900223 0.086397926587058360148 -0.0020964779851762025721 0.99625850212761501989 0.85315798260718100909 -0.5162221598583567328 -0.075074219173262304872 0.51444810719331701687 0.85645215070724467488 -0.042811897341674801098
-8.3764381234900344708 -1.4245166585418367333 5.1113897782861172914 -0.79193434258424888483 0.0064688444401363905112 0.61057198681818480868 -0.16465754966638257439 0.9606384555549625226 -0.22374460674299706531 -0.58798629947749558866 -0.27772632529245427913 -0.7596974396866086332
-4.7090732227457428039 -8.2919229006520041025 -8.0053005585523866472 0.45798426162961053398 0.014006258205580390114 0.88884995405884259512 -0.86323469972122579552 -0.23179478294032782038 0.44843843702209129631 0.21231172670570580552 -0.972663869655236768 -0.094067674418239877188
3.1439756184939482431 4.6510537466895502945 -0.78274052691742446175 0.91745810526790405603 0.0094831379209006812225 -0.39771936735989299461 -0.17176854665268909139 -0.89228933795666842688 -0.4175108426730567146 -0.35884006389859157693 0.45136438435452802542 -0.81700918053431281773
-0.30095392105884744005 7.5882859930314712216 -4.0525874967708297447 -0.052911217442763218421 -0.0039054792967934135253 -0.99859158333137221231 -0.64011050637781807815 0.76766062443265747905 0.030914483989330499014 0.76645870253622294666 0.64084468705555341916 -0.043117796552013823441
