1125 17.292696884352682929 17.968806560800352656 18.477561601407678893
-7.2484625031546761065 6.1565033276700056319 -5.9340138575657324083 0.1089861979343485221 0.0031569323576956459868 0.9940382499873313682 0.943019784830419594 0.315935403849811558 -0.10439590994233147181 -0.31438144677796847626 0.9487754499209649639 0.031455548785671617884
1.1595392710104088785 1.8235393922345868312 -2.8726773385244528392 0.30285155647789602229 0.0048496219205422692877 -0.95302540150098802307 0.59950232426472149783 0.77639051622671162445 0.1944600974855391351 0.74086294140008046583 -0.63023348647951549228 0.23222371666090932396
5.2486359691077284495 8.5648127451821505218 0.018394484524277710663 0.15337347932842659848 -0.0069674547040726713537 -0.98814372963334407007 0.89440739449474959688 0.42613195127274083873 0.13581963325526785757 0.42013329850391778475 -0.90463418832140829462 0.071589083027920857871
1.3647200592619350701 4.0343091813246410027 -7.7975251974380777042 -0.5030160629620989976 0.0098112847204182371957 0.86422137157936096408 0.28290550210164017164 -0.94297937631581896234 0.17536924680193960446 0.81666352758212290563 0.3327065291446898998 0.47155810689860117035
-4.9928465183837689167 -8.3481685179466431634 7.8069066929804442623 0.25593019142598377735 -0.00010818976298689921001 0.96669525984752635583 0.66757489772006695095 -0.72324168179413228508 -0.17681975469459434991 0.69917343560168587757 0.69059500288591091355 -0.18502715729864804839
-3.2835406146663488336 8.3555873251685621739 -1.9317349030014465683 -0.90732569491180192767 -0.00013737363518508995119 -0.42042842967753085714 -0.29826871716387587385 -0.70455558088229419678 0.64392329186722074841 -0.29630365457418772479 0.70964879664230817724 0.63922040777013977575
4.541760390826548921 1.5838622343348986998 2.1871778321430674907 -0.73556904753252105866 -0.00062827684872400176366 0.67744946791641125206 -0.67357846186818504108 -0.10607548512409102626 -0.73146431708095149826 0.072320343052321586774 -0.99435788161219218484 0.077602649805832119023
4.0024030772877434714 -1.4887188580034094176 0.81060912050385702798 0.55977834712280172269 0.0018433631268137034079 0.82864033458733432624 0.36441083621392228453 -0.89865655925917808933 -0.24417438635203075892 0.74421296988316432142 0.43864905164930900749 -0.50372022487174605843
-5.8618817467616466388 -1.634026430138898478 5.7108848890857464298 -0.56770527715531082791 0.0014836393596574948966 0.82323053703330240083 0.36076351695777791884 0.89931059899854903783 0.24716417896029568846 -0.73997324486920168507 0.43730795252684695473 -0.51107861580651514632
-1.6979514022330757239 -5.9123146417400809227 9.1030945663269324797 0.56307483919689893526 -0.0025573214047399229869 -0.82640195157725737651 0.77165173939625242294 -0.35631225629808421784 0.52687301041016820768 -0.29580452760262548884 -0.93436343898895257709 -0.1986571049087542673
-2.6037042209356933142 4.010399343853003451 0.12921314075184570092 0.40718940237450385045 0.0072139199986845752022 0.91331525222801335229 0.9112660285535717497 -0.070619692753055476886 -0.40571798604396236421 0.06157122540570057756 0.99747722698510388195 -0.035329390715419919933
-0.63072808226296150913 -8.3656171086204071941 6.9200336565252564824 0.86776658824353303245 -2.6187023977112394713e-05 0.49697197872920423345 -0.31208569220423165724 0.77820526197354489284 0.54497622971851833462 -0.38676048020617748158 -0.62801000752465929722 0.67529235254048369796
-2.8728360867990954119 2.7731324159966379561 -8.5031398456734521574 -0.23708346191195095454 0.0044345216025767023732 -0.97147916452496063666 0.32080308200262347418 0.94425228476291311885 -0.073979762760141898337 0.91699335584601182614 -0.3291928883475683798 -0.22528920878719119192
-7.9026531939269828442 6.1096120848603439057 2.5168351051962578602 0.54130588681775226867 0.0097037132162839448424 0.84076975138640119845 0.71963378969691027542 0.51181730287865379037 -0.46922303566665596319 -0.43487371226927040713 0.85903951388974464365 0.27006659910728375573
-6.8721650316851672358 4.055915491136904194 -4.2594488700567385564 -0.87491449916913288654 0.0061200800014422004902 -0.4842387466573313537 -0.40263620440007374945 -0.56479822677834778943 0.72033814971487430956 -0.26908865834520978577 0.82520634246753044039 0.49661432349568818134
-7.0128368287400730807 3.9227727985576668068 -9.1098447232303989551 0.93530371206690676722 -0.010116562922760696797 0.35370131657707992723 -0.19843427726009929546 0.81262176131177044081 0.5479687132042656561 -0.29296894682214480454 -0.58270363667731328583 0.75804067700936472729
-4.6815009271501351051 3.8603031992578449305 -2.1566711631931521076 0.47615692193320857672 -0.0044025311399451833722 0.8793493068255073819 -0.11018511816982226592 0.99180757846027534086 0.064629459554361154416 -0.87242983983164446027 -0.12766497181267649763 0.4717709502957361245
4.3500969566600664606 -8.5978381493813866854 6.1347075128435273328 0.73231767109501122448 -0.0045746606049188107135 0.68094779615069278567 -0.48953240739186210106 0.69157940844120258106 0.53110822243055433312 -0.47335911390341822713 -0.72228595050740873607 0.50421637714787814755
-1.8312111436070173109 -2.9911223432720359661 -7.5034421825570234432 0.55540727332370221081 -0.018016454761359976255 -0.8313832859137485487 0.33961353579162023575 -0.90767621311964241659 0.24654926169726323892 -0.75906877622920776449 -0.41928427050658184649 -0.49801133868566255236
7.1288911475808536267 -7.108541419154553509 3.199129854804785289 -0.99530796149085465352 -0.002366803287692415686 -0.096728796307400083387 -0.078658987909365374325 -0.56237015917515875696 0.82313581363625276666 -0.056345589126178222128 0.82688221791967486674 0.55954532638072007611
-8.3042805414320000068 -8.3763435551578435678 3.0101844717342012281 -0.63875923560126468548 -0.0050965501165833142216 0.76938979984842681414 0.6288848702420813952 -0.57956816701132607417 0.51827073983361593434 0.4432724432158604011 0.81490782605399503247 0.3734096625978172157
4.0070025122111125881 1.4617890654972736098 0.7849141368707621691 -0.65679784599091206587 0.00048135598327481154968 0.75406654732731781543 0.62728817736058073429 0.55531381607653518273 0.54601841380892057742 -0.41848074274149771323 0.83164074814255317669 -0.36503086716552557434
-0.95368272197991232897 -6.2380843188555399337 -6.0011019671322367586 0.33789849057550025435 -0.006296895932565804363 -0.94116149473328425401 0.81408803960109321629 0.50377990349480472609 0.28890564655827261076 0.47231903819903858777 -0.86380909808628358881 0.17535269663829600173
2.3407914411691153056 -8.6439970532982766116 5.9712575796942468642 0.8050509374874307289 0.0073680551229903246124 0.59315992768767245025 -0.54279225688182641818 -0.39423856787210415087 0.74158783530440275378 0.23931058045979594628 -0.91897859788240521262 -0.31338280539006169167
-0.93703338605380348536 0.28260551850504378457 2.9457896263747302967 0.9736531527988571133 0.0023877215930994018234 -0.22802157097636127636 -0.010541339669152952063 0.99934748203460121996 -0.034546929082450994475 0.2277902943561890825 0.036040379252212276229 0.97304299640907865321
5.0935942819039770058 -8.3712755594549701499 5.1815611786488640078 0.78871482573129081395 0.016847802670827541349 0.61452833556863839526 0.61176963045230914329 -0.11997413646144035326 -0.78188498248589954898 0.060554462494879904289 0.99263405045656827319 -0.10493235414528670479
7.621542349499174307 -1.5862230444853315792 -2.7327712940396908792 0.57953354358605957408 -0.0019001141600220733396 0.81494617087555487611 -0.80115141990241045544 -0.18455751581986448717 0.5692933564892583842 0.14932271845597772097 -0.98281987816709004413 -0.10847955029589183285
-4.2588193376553125091 6.151792829792372963 2.8522149618790488823 0.89194877887718837517 0.0046812956396762601258 0.45211222205433221344 0.44799675215590667454 -0.14415401497703309031 -0.88233697079042405775 0.061043311815196114878 0.98954419074497967923 -0.1306752028713568381
-4.8996471225484823364 -1.6021764374359057648 3.2834152369285765083 -0.29897450554020083002 -0.0070470756533137675348 -0.95423507782990790727 -0.41561800386583130917 -0.89918365626509255684 0.13685915083773028678 -0.85899704300962442804 0.43751467521700476704 0.26590409750563009927
-0.42406048059397294381 -5.0832608682340696404 2.1017953330674639112 0.50491679198472005918 0.0051003138384887961726 -0.86315295282517645603 0.56819554821662165978 0.75080694240130207984 0.33681263965134367044 0.64977907950230695544 -0.66050202273783564788 0.37619705713955381432
-6.6368796638641169849 -1.4575585342452219706 3.5040756575843321485 0.2093279527387085226 0.0019288160162222178773 0.97784359069881077176 -0.80376518135592578407 0.56986092717082381665 0.17093875196671820538 -0.55690514582121308784 -0.82173889000872224475 0.12083813638560242376
3.7110159416679802113 6.1015683414014700858 0.50908590412707455108 -0.96875724739298163524 0.0091593897282698528289 0.24784168576590528965 -0.046032819963205504066 -0.9885941189570565113 -0.14339681812952193019 0.24370140563757070051 -0.15032555851641235534 0.95812935000811760844
0.091125426383247304374 6.222832385505067343 5.4851929033834760929 -0.69935157044483164945 -0.013814798725805434512 0.71464433969081475606 -0.011910876359730171795 -0.99944914641582061066 -0.030976357962283984637 0.71467860744537681228 -0.030175404958830111951 0.69880178376643031779
-5.4478014016544191733 -3.9492239135768167912 -5.0700291660484317902 -0.16056384917997942874 0.0067645929280317693144 -0.98700227488039360413 0.83426046353233940245 -0.53346494750336947988 -0.1393722668688481825 -0.52747391340560723094 -0.84579512298640036061 0.080011752942117000953
-5.8039992246672698073 -7.1698455440953186013 7.1500772460802322072 -0.92198357357097515674 0.0084633762857533045842 0.3871364892728703655 0.30826113316090197891 0.62110251148910833319 0.72056002109724859306 -0.2343530751816062796 0.78368363609498370437 -0.57525524306125053187
0.1084703476640695996 -3.9961325419084530175 -3.5689174918785857571 -0.72115885519516209623 0.0097843295643799451516 0.69270063697725192675 -0.66374497363252604742 0.27663573716045186668 -0.69492105947596849447 -0.19842508800883837394 -0.96092504172824477759 -0.19300401194783448067
2.3050374240653739299 7.1528217046285957892 2.0662399692893886893 -0.9600956395911772745 -0.011544845776067073212 0.27943349723059407452 0.13155731249200489086 0.8630585913893198402 0.48767052541538558064 -0.24679756151231355132 0.50497186492437817762 -0.82709998142097773677
7.9720400445861576699 -2.8538767187733951047 3.7584147369541693884 0.99389223198273446425 -0.020153489530546585956 -0.10849916158207885408 0.058857679688070381474 0.92847743402273608115 0.36669527956103320498 0.0933488336618343989 -0.37084159875932021233 0.92399269687774854276
-6.2518572743076319398 -3.9590469699864700992 -2.760386664256572864 0.78655773903985970463 0.0022152176833223234317 0.61751276583346725868 0.14503188722770654628 0.97135951345034010629 -0.18821914704998268797 -0.60024384615236814344 0.23760426856374336491 0.7637090654932228162
-3.8083639912572189168 8.4806212756849443934 1.4712260385814051045 0.16650995071305074724 0.0076937352943204986855 -0.98600975793898326671 -0.906759607956612812 -0.39165538198602650732 -0.15618282600672131477 -0.38737765770843218816 0.92007981621078960277 -0.058238149951904516488
1.6139295036481884349 -6.1329903386512718555 -4.5025520342425835452 -0.8448000148056610259 -0.0030110533002039958569 0.53507370384121732965 -0.14631725850110074982 0.96317145106458412762 -0.22559258790889905044 -0.51468844444885675227 -0.26887113904725684632 -0.81412782518348703054
3.7273973868675809307 3.0367995174410777892 -3.7712518719119523247 -0.22373111088070352093 0.0074374618248706069606 0.97462252907764546084 0.96977930140701307238 -0.098156419692617333239 0.22336835907470256601 0.097326751649546711098 0.99514320649566723187 0.014747948285131762258
-4.7347913129539742627 2.9255002419985616235 2.1120423515966155747 0.81649486209774402301 -0.0023225356412564460845 -0.57734802848565336397 -0.54895684509333553258 0.30662723505831424031 -0.77757708360370592082 0.17883658013129657971 0.95182684588573251983 0.24908459016622488957
-8.3967742728374350492 3.9762452189445425255 -2.5833276198380832334 0.91999231079620658047 -0.018799774895073371322 0.39148526988829712714 -0.10266198205086239648 0.95241570636165018282 0.28699275202893009817 -0.37825211898558264156 -0.30422177887130241736 0.87428510438145257133
0.34301981337816161988 1.9425303126435904399 -8.7477782578746090536 -0.68639785290212540492 -0.0018926845040692645734 -0.72722376561589396893 -0.12049604146443533559 0.98647009858418543971 0.11116406159602601478 0.71717410126311176288 0.16393035821507262462 -0.67733901861093581687
-7.9755284241124204669 -8.5097092011091639563 -6.7941814258563617557 0.10918307503751113752 0.0018168313790738292723 -0.99401999740900548463 0.050975811203542754912 -0.99869275808612145706 0.0037738068533485422118 -0.9927137164345243292 -0.051083011557306441663 -0.10913296079911946612
-1.2313162281318656976 -7.2954947850738154358 6.7185669202593985005 -0.4929391310188883657 -0.0024878221654658777551 -0.87006024150714200704 0.86920731851683652458 0.042951673122077010936 -0.49257871575312878187 0.03859599133693936146 -0.99907405356999479107 -0.019010127191178633616
7.3335285983363904805 -8.4006433924728689533 -5.6031765815626162208 0.7600808719895572052 -0.00085746314336960019475 0.64982792552551627008 -0.44651896838686816471 -0.72721963982991233433 0.52131795127003943691 0.47212061902274632397 -0.68640429791987855879 -0.55312861152794268182
4.5178142785848294238 -8.2441067202257247715 -4.7596491896785906306 0.80770594863263800445 0.00012755760329069640996 0.58958551904917955166 -0.050267935081976869438 -0.99634383298275364105 0.069080396493592016727 0.58743870765043115778 -0.085433893778634542593 -0.80474642872632751178
0.51049846053363756582 8.429791753057326531 -7.5392714570311687439 -0.55088637993766942369 0.009343646063218928946 0.83452794601329682855 -0.45412031863300006407 0.83559227579854700174 -0.30912826598393539079 -0.70021349073252014961 -0.54927064813603010407 -0.45607326439130613238
-1.1285007850984432043 -8.4118317020369151038 3.596038963630697527 -0.9857319048668514716 0.00020006661406134305242 0.1683228199058300345 0.15454590926039715737 -0.39515417680349490537 0.90552125236564284805 0.066694629907963917659 0.91861479224327025062 0.3894851599397243791
-5.604632389590519459 0.54707111832572774546 -0.28316931110399362614 0.43522659477742031697 0.0017588701344967237056 0.90031923092561649824 0.20824264181337501234 -0.97307770289754047521 -0.098766321454768324362 0.87590685197062478906 0.23047058488901639439 -0.42387556684945859597
0.68372610169449554718 -5.0651245878801436362 -3.9148276084496158589 -0.95062086234098930326 -0.0024295362781053698314 0.31034508766155366466 -0.28044136586956786017 0.4350548803055599989 -0.85561667318473111354 -0.13293839321831646405 -0.90040065997093388095 -0.41425358795395050837
2.0951284308191495676 -1.2067744036780645445 7.2171504349695778657 -0.59731904468921603879 -0.0044996247102008050944 0.80199109236269827683 0.78380807387337347869 0.20852494785986233627 0.58494636459336013523 -0.16986718983525728177 0.97800669706163423367 -0.1210290804721879665
2.869564872676291678 7.5000440863404600478 -5.9176759843603257139 0.3514521116715989546 0.004550743898803263042 0.93619480020528056397 -0.68806619934524004822 -0.6768557622478185154 0.26159354432048753658 0.63485929033134180788 -0.73610160157557602556 -0.23475117388068358903
-2.4753700781144374332 -3.6379106792803956871 4.1751241270740022671 -0.63158255034405852424 0.00553913474407779962 0.7752888494537885089 0.67919593232022101859 -0.47828597859555121996 0.55671842811069838231 0.3738935244429753002 0.87818667757182666822 0.29831492036850659755
-2.9699021823411309029 -3.7736922745441070504 -2.3484119530512033158 0.98565101229837892571 -0.0087066202842257904571 0.16857128082374267519 0.152265854515314214 0.4768762033096646813 -0.8656813479946587897 -0.072850473602131302076 0.87892734709995545828 0.47135923351068631515
0.60778128089287808411 -8.452563450654245969 -1.9965915006081351724 -0.85798393143676676686 -0.003006497091981018624 0.51366772759393164449 -0.34673976013029855769 -0.73440093284264285067 -0.58346106004132869405 0.37899223229637130084 -0.6787092387873530086 0.62906172753056666114
0.18686578510973819722 -2.6401117114903174254 6.3512836026203514095 -0.56567117074958273015 0.012971322298521100608 0.82452887843934574708 -0.71284364141374845225 0.49498270146580392037 -0.4968360576140975482 -0.4145721523193874325 -0.86880600253858741855 -0.27075091961779690353
-4.3583606842282192062 -0.40109345065788809537 4.9418241379665452939 0.11163484884022226162 -0.0020515978128986794154 -0.99374717683661606404 -0.014760117712857288505 0.99988413469761872054 -0.0037223789911284806478 0.99363967284411658376 0.015083372522849393393 0.11159163240951065765
-4.9927864984574332752 6.0471966252312769896 5.2826145816903915531 0.40276248126954589113 0.00014613590662591099262 -0.91530451890409603166 -0.84312169349750165637 0.38929561972992232644 -0.37093763682439923057 0.35626983262061256985 0.92111285904803918978 0.15691688010290538724
4.6547099049346654098 -6.1921556276000320196 1.9137255884867108158 0.43569692261859072069 0.010495901577142670649 0.90003223701748413799 0.31886739406578945566 -0.93688312528984118988 -0.14343498369945117954 0.8417195356070139578 0.34948511498657069962 -0.41154389532625690329
0.054338488341750375288 7.4086975063027322719 -2.5674519107224722525 -0.88642808543189532955 -0.0064948913826719635936 -0.46282077064783988529 -0.45196231274530029864 0.22790230022497001694 0.86243295937138386709 0.099876509826551690407 0.97366234287779374057 -0.20495444578438534733
0.37278656249943237233 -6.1947251336553090795 1.4182885614342051195 -0.58903750039066204991 -0.0010492141477058793478 -0.80810501934024137061 0.39365600512942844347 0.87295378246691057722 -0.28807402399771120383 0.7057405846053033116 -0.48780179666164774632 -0.51378948453097528226
5.7108820472098758003 6.2347772507430327948 4.128164122459576646 0.63305073837570891016 -0.00067184058665903259675 0.77411001238345977793 -0.62021172693786907892 -0.59884604501729254977 0.50667625574496322205 0.4632323136511338757 -0.80086388543703479481 -0.37951661438195150033
1.7391020807238761758 4.0421399095582213334 7.2053294017222482282 -0.43744433085088435531 0.0098387541699767218362 -0.89919166829032770583 0.88966222852561049894 -0.14085987050920484309 -0.43434964719098700936 -0.13093348136074731136 -0.98998065425354475622 0.0528651838378537825
-4.3999948557285870621 -3.8279251040172188603 -5.2787356000798260069 -0.14685996280348947995 0.01459639448877903152 -0.98904959258537439304 -0.035437342613867509056 -0.99932687759682403694 -0.0094861193825149844189 -0.98852230428752285718 0.033656158135107090701 0.14727836550478504152
-5.7069091702086902629 8.501097417331006767 -4.8108119234085178206 -0.99674665124448613707 0.0072845210414739895721 0.080268605233925344189 0.07338197313693198276 0.4939168426536142964 0.86640708593696824646 -0.033334655413408506575 0.86947863015513915386 -0.49284451143559765418
-6.2677138215213359373 -4.0790138535413067444 -8.4907712705866185132 -0.79520187004866316194 0.011023171115229768446 0.606244567455586858 -0.60315676316433419757 -0.11677387612686579432 -0.78902837775518075425 0.062095933199896674592 -0.9930973525050887929 0.099507504878552865968
1.9982953090059423218 3.9110713037326179098 4.955122152826668902 -0.98383091167127412202 -0.011198568258526128347 0.17874934771565811897 0.13870143724632555404 -0.67905382139191783342 0.72086602011642852972 0.11330776030616408756 0.73400306519907809744 0.66962739768657764117
-6.4203560375060035881 -5.9668896526363255362 -4.488918870092898139 0.49556503381870781189 0.0072623663326416357244 -0.8685404741817379648 -0.75051198491878978736 0.50692260166330060933 -0.42398258975646713198 0.43720367993657888173 0.86196098169135859646 0.25666360920829245362
0.87532798456709959289 -5.1757639983528678229 -6.2534289884269460558 0.25064285914338035877 0.00061992071133839350347 0.96807942487102405238 -0.93430364474575788858 0.26199841044461175121 0.24173028841855209725 -0.25348541688805170669 -0.9650681056912515654 0.066247224864913856202
8.4689628326675201464 -4.9996751478108896194 1.3522391087379124208 -0.99289464350119405189 -0.0092248008147785189731 -0.1186386528757419484 0.10483224645194411107 -0.53956183106406052641 -0.83539405705483282816 -0.056306545002489737095 -0.84189544095964263803 0.53669510849378099238
-6.8594349536169225701 6.1583681674261674388 6.0584586062905652071 -0.55368992305535502663 0.006681842668567745773 0.83269611629090056759 -0.78401108618754211665 -0.34117686705094707467 -0.5185797548347951258 0.28063158382881320252 -0.93997537114969109684 0.19414483199410395575
-3.7641073478385478346 8.600760980083117957 7.8981299327924583409 0.095698953452411403275 -0.0032589922701353867679 -0.99540498756923312396 -0.91777941408072105656 0.38687236920667794626 -0.089502609089744500359 0.3853863741720590097 0.92212751228545775106 0.034032244836544579825
-4.4291089186489172036 -8.3658684783328318701 -3.6358711522382303194 0.55154681503649305441 0.0053173178320881720263 0.83412699090372488531 0.23166058120121324482 -0.96161824771145743007 -0.14705006217569249749 0.80132982344392389429 0.27433933695221562887 -0.53160929474563034525
-2.991093276968771697 6.4475740174978612984 6.8414031117484208622 0.22620794894534018704 -0.0039172548448697473017 0.9740711570249838136 -0.90132274469387074767 -0.38005606275597952903 0.20778522339152977194 0.36938770111024898934 -0.92495515798178906675 -0.089502413328759689026
-0.6981737846601604458 -1.7431169618335684568 6.0303645682445727871 -0.49441405232760649024 0.015876482981992068311 0.86908151640050179676 0.10587509137291188643 -0.99128866918611513448 0.078340534654280785665 0.86275443197227807968 0.13074674615929357535 0.4884261238725099985
2.7645683955506212826 7.1623687806007092505 5.9505699861537193485 -0.79532170402652835328 -0.005787778667298302919 0.60615995308395020924 0.50537277337327013438 0.545876229548874492 0.66829447247928508435 -0.33475625018410598566 0.8378458352415915078 -0.43122222731553672137
8.049933353428933458 5.0513904780712506337 -5.5945752113186593135 0.35179377192823330089 -0.013529638337530729142 0.93597974920342230654 0.91341661263623696865 -0.21371790567168133523 -0.34640258162329723435 0.20472233339930881457 0.97680172280859933753 -0.062826431744333180451
-1.9751745570830521181 -2.7641705997823105001 8.9773679014357732342 -0.55631923804146943269 -0.0083660546502679344893 0.83092653978234343182 -0.77386961991839686714 -0.35905389934315479206 -0.5217337527266091568 0.30271226726462607814 -0.93327932929871504353 0.19327435616601587598
-5.7853873438720189171 3.7841834237890119574 4.6268673508198077116 -0.76678417048387648158 -0.0024316121376925263139 -0.64190039971775258998 0.61144955611521434324 0.30159876764755938483 -0.73155151813128538318 0.19537521905822174961 -0.95343183847397161568 -0.22977435270726592753
3.2636836269265656618 0.85344556035458907228 -5.7030984266303308416 0.77532517910183573751 0.0047875592319152346713 0.63154409658178045639 0.097213882518545999267 -0.98895865831927776135 -0.11184915368926225121 0.6240355179767458349 0.14811431872699412637 -0.76722996610640947779
7.732532946668695395 8.3385534874934972294 8.3958470682076757896 -0.91204455102228843 0.0085139553563348957521 0.41000274330144464985 -0.15516752855914817122 -0.93261811368488389817 -0.32580130771263615674 0.37960212727447495418 -0.36076441979581985731 0.85191035818201188423
-1.3867243225916527916 -1.6202984770013251214 -0.49644044949533921995 -0.99669004569050412279 -0.0039142654457549972552 0.081201178239288435146 0.049185471830257988801 0.76625146907780827821 0.64065550453970865341 -0.064728217820750458267 0.64252888235625649216 -0.76352268673290446532
-0.58553779488295976119 2.9808011027749725663 -5.2291444155049662257 -0.97690588081478257898 -0.0048044106234841135739 0.21361605199051283965 -0.019539819644181423419 -0.99354928711712620082 -0.11170501115450774676 0.21277475291413183722 -0.11329930144228740618 0.97051026414698271516
-6.0681504954724596601 -7.1682770939067026461 -5.8313503337977303786 -0.17451555215369335405 -0.0042488128633635345588 0.98464525065919517033 -0.82992344816194607571 0.53876637413763339701 -0.14476831245063512266 -0.52987865804126244029 -0.84244450362506451135 -0.097549300686480183709
-7.2952552012115523539 4.9318550417351687543 2.3695912006054431487 -0.33355563039724384078 0.0022861560925530322042 -0.94272764620578464179 0.35094143066818073162 -0.92782438666681255057 -0.12642001323812163127 -0.87497471601818010978 -0.37301029610041536166 0.30867874130276096167
1.869192354997722072 -4.2579108941424514967 2.6315072489013449086 -0.44675138155907134774 -0.0019279123743417994705 -0.89465607147595060944 -0.72848100781915203772 0.58128812334417723218 0.36251832906211067797 0.5193540452540402752 0.81369552094926922425 -0.26109571973709749804
4.6089138931364761476 8.4209420483340249319 -5.2383166869052439907 0.47178045028322018739 0.0041246931596524271518 0.88170641011463590786 0.058754619855169672171 -0.99791345666449082774 -0.026769902012751492504 0.87975627384870236369 0.064433841375704070664 -0.47103840470738339574
4.7962285238042241531 -1.6149416441607602479 -2.0417924226329620119 -0.7433948396163154726 -0.0016205878677380798972 -0.66885086987064235053 0.57656255317034732499 -0.50843043900385453959 -0.63958901724157413149 -0.33902763119485312959 -0.86110154011553285969 0.37889893493800780311
-6.7740048056318737935 -7.0853643555126044618 -0.1317802862816076781 0.91670568308403299618 0.00028332429417265731636 -0.39956302422643391603 -0.38429278985916537348 0.27443996191783676108 -0.88147703257925058562 0.10940631729449444565 0.96160419457792456477 0.25168955223888206385
1.1767076689624664798 -1.7431904840474967688 -4.1510771325509727703 0.87860423336612980538 -0.004178701068248871775 -0.4775323440022675725 -0.23610512189076487966 0.86539533323974893175 -0.44197883277841865102 0.41510115939130881602 0.50107230582478079484 0.75935339059469120215
3.6472395831826598389 1.5984588466708287147 6.6609187989604068392 0.48599713402957278596 -0.0079319003837321037931 0.87392440787039282757 -0.81719125693415062273 -0.35864192024887353583 0.45119222359281896395 0.30984711601962033889 -0.93344151289562182772 -0.1807808250283177709
2.9696099252179122274 -0.46631271373141286452 -7.3053121232842794797 0.78926572208100742589 -0.00090826717077082189111 -0.61405113386299714495 0.31352951118160615751 0.8604186815147022438 0.40171997475698284497 0.52797619791623184859 -0.50958695779143836635 0.67938374051985905844
7.8711466722178409228 6.2162868286601549173 6.1880215606796911132 0.98338513177204611715 -0.0080821706327097037059 0.18135148504507569989 -0.15833043543935571007 -0.52686415098118655198 0.83507223617160764029 0.088798399894099031004 -0.84991108060124198609 -0.51939002613392792895
-2.729698459220984752 -5.0155319167271024128 -1.5802229231876212534 -0.68835463815050679237 -0.0018639357077549648187 -0.72537191693674640813 -0.17174333922473619674 0.97198250256677798387 0.16048127659038441406 0.70474968433394558076 0.23504582627174083753 -0.66938878238538856991
-4.9464578066058688677 5.127749216626884099 -4.294137819324365779 -0.49220644361388860011 0.016291695769771418617 0.87032602943602332957 0.42730726784757389058 0.87559228045845693966 0.22527018721130326329 -0.75838071950010499389 0.4827760754743573024 -0.4379337224281724672
-2.7584296695668357735 1.7328049868100456887 7.6146469275867936233 -0.92823821197349776213 -0.0055907642561027646663 0.37194430387779597869 -0.37198483987660407868 0.016770994818248001479 -0.92808728718523558765 -0.0010491587612733452653 -0.99984372633314733125 -0.017647157789719529475
8.5563376153976413718 5.1604552139678849798 2.3709420185124452374 -0.49549936942154126918 0.0023255735571344436641 -0.86860518454030222202 -0.76265748892645268686 0.47745312908021869669 0.43633939097429852438 0.41573300264374551949 0.87865414199152647168 -0.23480410829810466344
3.0701824567814464118 4.0054685681252815144 9.1231460747961214963 0.17084018269661987999 0.0074386031506046669873 -0.98527067304323112662 0.62207938960116848648 -0.77628112431446050223 0.10200416200747737527 -0.76408825734314045341 -0.63034298855160342256 -0.13724741080904920287
-0.026404992228007573285 3.8574633026661300228 1.718641861053108455 -0.73738225278888558378 0.0033960767958636632093 -0.67546715681417179855 0.38118545692839939099 0.82763680112521043064 -0.41196477136956122234 0.55764241293001504118 -0.56125376799226633917 -0.6115792239899131566
0.048810509485975123178 5.2189527555099175515 -2.2429309117217135494 -0.2412602677992966016 0.0059171302553298835841 -0.97044240980645013472 -0.27756747851610447109 0.95778621318858658817 0.074845605721094873863 0.92991923200433712626 0.28742052361496339685 -0.22943335536341197267
6.6531406725173649619 -3.9614104213867160631 -5.8560902506175711579 0.9619731704789463711 0.005880907055582381901 0.27308063682904398783 0.22627662566753242723 0.54282665446393962849 -0.80878805127190089852 -0.15299185584601440735 0.83982417096411043911 0.52085396601087119439
-6.3569060776805272894 -8.123279614427847406 0.39587404387281704965 0.94805690733563430239 0.0023751585921089864509 -0.31809190350445720741 0.23237537291017471008 0.67771322220882657117 0.69764351534886837047 0.21723210287203104096 -0.73532247828074970286 0.64195877314401583735
-1.905032949649769991 6.2343678787200031977 3.3648574384878342514 -0.65486091044893379731 -0.0067037874070453862263 -0.75571968824454782698 0.50496386804081028199 0.7401043003698071221 -0.44413637156568597231 0.56228878695861816972 -0.67245868557737864535 -0.48128020554781136831
-8.0768308151084564628 -2.8291335600174254417 -5.5769595934326829934 -0.37236312948472921613 0.009856869886995399746 0.92803477408783474623 0.30435285841190190537 0.94594367679353674738 0.11207095034294400904 -0.87676395761742709212 0.32418112599328929857 -0.35523451433217839712
7.1025730622352973853 4.6237738549047646686 3.8700116619396527362 0.52815276760680762713 0.0025249841815092755742 0.84914561679630073954 -0.10796332237056247005 0.9920796998297735092 0.064201169837890981196 -0.84225802168461416652 -0.1255846074991686101 0.52424224483293668797
-3.4941922217572392029 3.0819179292060034925 -6.3762752164537710442 0.29906313177554383342 -0.014327011614747774126 0.95412576736549004064 -0.23416672657857104389 -0.97041508413925281484 0.058826088076160305829 0.9250552347703927536 -0.24101722181849161153 -0.29357028359642761695
6.1653213251075591472 1.6960084005389890471 6.3973454632108266438 -0.99481164096894769688 0.0096136742825727386497 0.10127870585407285076 -0.075405723985269956788 -0.73795388198389499923 -0.6706251149899893349 0.068291842726257295793 -0.67478266525731167569 0.73485003836505113917
-5.5726727100650830238 7.4509787123921915608 1.0514057385522146415 -0.85494853270846993265 -0.0050679128866176169355 0.51868807840423603039 0.13767751085386803478 0.96186940811866961099 0.23633058357030478636 -0.50010789778268460726 0.27346216920199084566 -0.82165110149668796335
-2.0257267131431881957 -8.3279196575037879313 -5.7054388092750718542 -0.11520359986988883139 0.0015688859610253668223 -0.99334066119007402573 0.15588551591593494128 -0.98757988298228782664 -0.019638753931197641678 -0.98103406490525357775 -0.1571098765996119806 0.11352819108134845627
-0.15236696540175323489 7.3961259229044271635 0.0020506867665254771213 0.4818547761664505602 -0.001335330808257216605 -0.87625007365332019393 -0.60725043421922697551 0.72041862073935025723 -0.33502823915639085017 0.63171424301334966334 0.69353819489874524162 0.34632627302918905787
0.096150175593928979834 -6.0939237036154993987 -5.5615852601580932912 0.23881020396983129728 -0.0034592827558114344275 -0.97106010104550910533 -0.92747141598434701404 0.29544920346663361421 -0.22914305728633274639 0.28769160399883086932 0.95535218717150860446 0.06734789866668107472
8.3025241243973599836 -3.8425205981426624469 4.4513430867801639934 0.98269058799010899907 0.0063171303793707724375 -0.18514670437152586091 0.1151862201933634422 -0.80357729121545351525 0.58394834679132490152 -0.14509080933475809738 -0.59516689332200978235 -0.79039548717074736839
5.8788558815437950145 3.0960738092355932771 -2.7768651201848424392 0.7850247563234965531 -0.0050200878001378521423 0.61944404967479649304 0.58340037380685372259 0.34220467105174123823 -0.73657312396816621014 -0.20827898550030127245 0.93961202729047921256 0.27156785960443236005
5.0599449411281502975 -8.270589648795546367 1.7486941884827922333 -0.75554853804579369392 0.0089751500627972859159 -0.65503118501191592848 -0.17054495764976479455 -0.96812201961694055452 0.18345073603792377837 -0.63250361586083070353 0.25031820112400732237 0.7329938431589132497
-0.80620364793798182657 2.4232643567325031775 3.0300352199793052499 0.65318900458080186855 0.0019905203420561867235 0.75719228873755395348 -0.59555693130988318629 -0.61619866676117385218 0.51537476136358506551 0.46760674274819824525 -0.78758824325317244863 -0.4013087255790459551
-5.7652990228479570334 -3.9792747602817626351 0.62860701683725772604 -0.89192590190180509602 -0.0054969638540744982999 -0.45214817140531265993 0.45218075942996122096 -0.0089323456564704140082 -0.89188159191813354276 0.00086389711795516448828 -0.99994499678206960613 0.010452611745704904617
-2.4118024792652623667 -8.3298765260058171833 5.7233776905562008253 -0.48165382621425223419 0.0062995025127728174891 0.87633892299792159886 -0.86151050307598397993 -0.18671650688843813293 -0.47216162396448857486 0.16065255921599683187 -0.98239363919115074708 0.095359807539081076211
-5.7786587054221039139 -6.1089773898062889046 6.8039038131206552862 -0.91450996868635703319 0.007497996995247748625 -0.40449387784530238532 -0.29387637952740247593 -0.69946198240175783134 0.65145192357586623189 -0.2780435051016408865 0.71463047459212580836 0.64186843983421792981
-0.65119683242786674526 -5.0373903146550178533 9.0920735840927928706 0.34703441220760333774 0.00091579743063531504621 -0.93785194890148748659 -0.76998797161199827865 0.57118903500023188169 -0.28436175880109459957 0.53543033189822131224 0.82081803562694266585 0.19892740402673031452
3.9306441123489466172 4.1642655704500421976 -0.96094574997022386142 -0.11370661408225284095 -0.0057542823761040527361 0.99349770716813412541 0.99237472711780871926 -0.048540742803983683018 0.1132969428801531564 0.047573174078320068503 0.99880462780385514954 0.011229807912139301226
-4.6137134924319989082 -5.0115309713389386559 5.9780592095964930621 0.63488356621231711863 -0.0012239822845919665073 -0.7726068594186469296 -0.34555205318840037654 0.89395594657889343448 -0.28537088869245758049 0.69102578525736813031 0.44815317408586474723 0.56713498980929744064
8.5142772675819102801 3.7481666632756582835 -1.5683910719164506631 -0.91815771307077787 -0.0080072804281514902563 -0.39613419113823877815 0.16464416016938224208 0.90167749414088316229 -0.39983746332955305558 0.36038689550369873427 -0.43233503214491553202 -0.82656379398647739087
-7.9724987982950441534 0.36674549687221258409 3.4421486733810868763 -0.44207147366629517826 -0.002073552320668517121 0.89697743146144337523 0.86395760418969880234 -0.26982270567815841433 0.42517404161504956939 0.24114325686847784547 0.96290778783930475182 0.12107238242288463625
-3.7458204299865598408 6.4614277571787095411 -7.3867095300090124255 0.95379684653818908036 -0.0013035550514623511689 -0.3004494571108952683 -0.29736222504204412598 -0.14714536500131267238 -0.94335780522380086044 -0.042980026198838137963 0.98911401885878380558 -0.14073441315152485087
-6.174000203518613894 8.4529017434289670518 5.6009378122899278196 0.76342523864557432223 -0.0025282707174559609573 -0.64589125465991203967 -0.58299788399475960254 -0.43313539694431579807 -0.68739158794069010749 -0.27802045294657729002 0.90132532182382607555 -0.33214047025644249933
-6.4867984771587119397 6.1506326064159440037 -3.2917990610820866415 -0.85283149788961221116 -0.014888613471015541001 -0.52197391256291403305 0.12181076587539529932 -0.97768870104356431217 -0.17113427818098889133 -0.50778004443277546809 -0.20953074485759914936 0.83561731279048268028
1.7437162244415549406 1.8892045595703683691 8.0265486165155834897 0.95802019186885090107 -0.0010515204517827238771 -0.28669880759519000835 0.047799371897294030964 0.98658309048871251079 0.15610581541865772848 0.28268804717907364266 -0.1632565461660171191 0.94521678366173045305
0.93739841979503690794 -1.5527455554241076374 -8.2320282246319713693 0.97643358918828015991 0.0013640502070086171771 0.21581377451869834805 -0.14271631556541933272 -0.74604259692380603397 0.65042485872420485737 0.16189348095710620612 -0.66589682604909072872 -0.7282663783816758496
-1.8286553340053439687 -8.282991353285151348 -3.116776674008090442 -0.76499485964357416545 -0.0089938092339501805872 -0.6439735833980199109 0.60253798997093410694 0.3431251270838373002 -0.72056444389483265134 0.22744413679122521543 -0.93924664415653047467 -0.25706984669539867383
5.1501702679481473623 4.1817745251534335083 -4.9492313997574726159 0.33274994781292754897 0.0031573004200961497442 0.94300981102242431575 0.57567187777971406959 -0.79272365988939108572 -0.20047715128139073637 0.7469132221111809411 0.60957299030234091131 -0.26559632551972084391
-3.4096629023400906178 -4.7844478916482868769 -0.32588266574761354244 0.53914604556390588463 -0.0080259703838675335724 0.84217404694775666041 -0.31854859192823908876 -0.92761356580976617181 0.19508938235108341797 0.77964628911666755684 -0.37345502583952572273 -0.502675847382566654
6.5366303278101769436 0.69211015365916683795 -8.8834021313211088966 -0.98229921390091889943 0.0026258874668832654815 -0.18730018442309770421 -0.020753300438377059178 0.99222040334875016843 0.12275166678940332976 0.18616539659889988489 0.12446596279169219734 -0.97460282639430662055
-8.0373758583001801981 1.7461333727526731074 -2.5681194502230462184 -0.98544676252422169771 0.0018717855625238651041 -0.16997404110488806284 0.15817046280735141961 0.37636636990929145385 -0.91286935554690029626 0.062263817149349684477 -0.92646902377784712268 -0.37118508193871613265
8.5972311769378002566 -7.3048307361878981325 1.5713923266271065948 0.48182212632137438879 0.0067876463999072067859 0.87624275543009488842 0.2993003458625611013 0.93855620168738818077 -0.17184748831611695863 -0.82356951227787544845 0.34505968198330738694 0.45018559985401346291
4.2379187305008514386 -7.3385102879345014415 4.1679695285048330433 -0.96280200164066598312 -0.0053381169250971503143 -0.27015515938897222137 0.0059034058818115252992 0.99915063956699234904 -0.040781726931745088116 0.27014339791265340462 -0.040859563877216883987 -0.96195272264482689639
-7.6781546543111955927 -0.74802858757474388618 5.8986901849769060036 0.52377507736241890601 0.010107330444723979304 0.85179663664815841173 0.29253259823501720494 -0.94125510899216935368 -0.16871128819883457473 0.80005271532791688571 0.33754505131507517302 -0.49596269116660179899
-4.2904476775692685919 -8.1457486983132820768 -5.8084644369991069723 -0.99949135617030993028 -0.0012263410492208183262 -0.03186730343451983638 -0.0038056838703508324463 0.99670633949062203971 0.081006108346349289806 0.031663002239831934681 0.081086181971995449635 -0.99620403802750634448
3.5402591606912099387 2.711659751555801634 1.9702180030726519355 0.82372918433242869884 -0.00066713557555526242782 -0.5669830560157063104 -0.066011068902716879547 0.99308595135383115338 -0.097071272814871198409 0.56312766728446483899 0.11738759795543772524 0.81798984234820726336
-8.5773364585394293869 6.1071537259983932344 -8.6545129907940108183 -0.90548016062249225833 -0.0061814413744131517167 0.42434357365427471942 -0.37308325222120486409 0.48816710541674374069 -0.78898780985582284142 -0.20227349216136833454 -0.87272828931563495303 -0.44433182127486076096
