1125 17.292696884352682929 17.968806560800352656 18.477561601407678893
1.4843906171490988122 -8.8613601797723511311 3.7311623215119893437 0.29812422271229532811 0.0029576916330401703363 0.95452249836883718004 0.9539076417802326846 -0.036943486475631011345 -0.29781771230117376481 0.034382536053438099433 0.99931297943514207915 -0.01383511284075174437
2.4355618219257895163 0.17075685248491559443 4.9916516156162318296 0.87273330108744950895 -0.00056035916553032888432 0.48819695940326740535 -0.36639392567151296554 -0.66161747773719414845 0.65423069660734523012 0.32263303675207949395 -0.74984131597967040861 -0.57762091759727751672
8.3725439183192076342 -7.6860479445812144306 -6.0062204309503739452 -0.77669665013192279446 -0.0010066754559728751869 0.62987403524702789692 0.41948701234172530716 0.74513773377400294162 0.51845964566471658408 -0.46986483178740584554 0.66690984721385471179 -0.57832369442994735476
-1.1911855378535698424 1.3294318857772311482 -7.8146585236545309527 -0.0039729592562567465908 0.00040941983891974254375 0.9999920239534296762 0.25009557820544930928 0.9682209691470605728 0.00059721543258281061667 -0.96821300205949656359 0.25009595614379087625 -0.0039490965528182833677
-0.96604856484941825645 -5.780982463255835313 3.3248807982724133403 0.060688112162242804914 -0.0013302634654188804503 0.99815589135232973828 0.84896942808367459321 -0.52584570062027857773 -0.052318345911798791459 0.52494558120038803395 0.85057893786432769989 -0.030783229845680729064
2.0970755289754090533 -7.4574913626345686879 5.241867055153885957 0.26751974551840662642 0.011654294733800587072 -0.9634818956119003408 -0.94307097040861254111 -0.2019045685141886981 -0.26429470290910278552 -0.19761156476911939661 0.97933585792979060969 -0.043022631743819400585
3.8569100990744829005 3.6861780365680085758 7.1859115677657792176 0.36732956816713341341 0.0050009445442125910128 -0.93007740479150813329 0.92577400761639760951 -0.098199029920962632723 0.36510195472526707494 -0.089506844273333038831 -0.99515422979387169189 -0.040701151727832438065
-1.7309258509551059824 -0.82329381469296369911 -3.410732642071560683 -0.40815997031925110861 -0.0039487820553611597402 0.9129018817755653048 -0.22120818905526182241 -0.96976176809606706719 -0.10309728528969384909 0.88570445167899403138 -0.24402155695659386025 0.39494443155522812594
1.7549391892212640176 1.4184627658329265198 5.3826951663013185012 -0.88661511832743200578 0.0044489074526602011977 0.46248658269794667985 -0.19481870237126228118 -0.91050780651986873426 -0.36472072531293042719 0.41947503520420298395 -0.4134679449352493541 0.8081367169926358951
-7.5766455851190128712 -1.8036098340013997365 0.56153441376410817565 -0.50157970147951524975 -0.0048291017180308055262 -0.86509796141268957559 -0.64935925546229367189 0.66283948292927030721 0.37279535567893223869 0.57162081873321779479 0.74874595133932997371 -0.33560265187264642917
-4.7835708864296950793 2.363004096433676704 -7.6262979857853467891 0.97655780514366785638 6.1238581075080900313e-05 -0.21525531227598754258 -0.1601866521278975386 -0.66778298545378600437 -0.72691548395835636764 -0.14378835033917039543 0.74435601736561440855 -0.65211887698377846156
6.5486981795402137152 6.769820454171386892 1.7950738633647542741 0.23764386166063911077 -0.0022761758935606873216 -0.9713496867955674352 0.14722288236071898182 0.98852900295907231154 0.033702124834529674502 0.96013062544863880809 -0.15101400376217041788 0.23525295480264982184
-0.19941329079456601714 0.005044499873159975778 7.2967389018274912971 -0.052061715447889747588 8.0726441091318133086e-05 0.99864386608439703608 -0.97286428777835853854 -0.22575348672255413085 -0.050699514775830775704 0.22544324197127227349 -0.9741844572338864694 0.01183164965877548519
2.4406622408761569076 4.4800411186388737761 -6.524251326728825795 -0.82346470971491669832 -0.0046209981773908653108 -0.56734867430003010913 0.55853870265347049795 -0.18232311901728975867 -0.809192682807879482 -0.099701501956120541781 -0.98322781014768156904 0.15271766060295369205
-0.036775140788759430599 5.8004017079786462929 -6.2671697670208388331 0.68556454060912164206 -0.0080431696357618868987 0.72796742240394374246 -0.7023701699672267873 -0.27035503024328572108 0.65847118537005433492 0.19151345905593136765 -0.96272709790687049924 -0.1909951045340415321
-2.1875784695449582706 5.8338691352488556419 -4.3069636714253176635 0.071138630162137103663 0.0067325421708091283401 0.99744371679534327146 0.98910716361751227499 -0.1296660001277704366 -0.069668840175356794298 0.12886548870508146569 0.99153487144253382723 -0.015883467318302056659
-5.1612085001548591023 5.6397998818110517405 -7.1503446599438396092 -0.63278610861408979282 -0.01013618079336267748 0.77426029123534989562 0.76950215584109882272 0.10321397704654838856 0.63024860737472909733 -0.086302797756649590744 0.99460752700786159153 -0.057512557917415163544
4.5997257364821360071 -8.6923706343131676988 -7.2907366345452260248 -0.98294960191238700542 -0.0014876294727159712628 0.18386915744328016786 0.17505860184504218324 0.29835720478878102746 0.93826300378453342255 -0.056254475559069781754 0.95445312368350354593 -0.29300967333915284296
5.0548727206058599037 3.6167441003500888641 8.1788396318845002497 -0.61262981996038368138 0.00074525344211694675989 0.79036962763787299568 -0.40619792654956438094 0.85753252813430980162 -0.3156599557403226286 -0.67800291161753212243 -0.51442920580823880972 -0.52504727791833838424
-2.4708426646123147208 -6.581880784713290744 5.3260181235066665906 -0.69687042076141048064 0.0027255300592693206679 -0.71719187680400431351 0.71311486605059581922 0.10917508428035599399 -0.69249403520195040862 0.076412070286371702732 -0.99401879884562593936 -0.078024502922245261849
-6.6897584796688089881 -4.4702365679942124288 -2.3265678762800976465 0.099185435716876310663 -0.0023179524188561904767 -0.99506626736015946211 -0.72436329588806003255 -0.68579351830429857717 -0.070604998561287796166 -0.68224633741173401624 0.72779246859824575644 -0.069699768578694962229
6.2169409198060341382 3.5558723080272036654 2.5638199928625984292 0.14570079732368429459 0.0061048365336542073992 -0.9893098648199800671 -0.49504708495944121927 0.86623533391992768582 -0.06756278518487843221 0.85656270134333234445 0.49959891637152464838 0.12923336035229371355
-4.2575462137376787197 -4.2723378463033849783 4.0789223381199644081 0.40773336025596979004 0.0060236695256754195851 0.91308116963395080656 0.80578228931187034778 0.46798887197065469623 -0.36290676205192146098 -0.42949785699785680837 0.88371382874617088188 0.18596090911069448892
7.2334272126492793475 8.2350727598692241571 -5.207769849046923305 -0.56965652719188930586 -0.0087456369571225663073 -0.82183633094555230691 0.81858965697870667011 0.083387687057484463637 -0.56829346919957934858 0.073501119144066054401 -0.99647880433123914301 -0.040343252262948825493
-1.5527013085862804154 3.648186752659657639 -1.3272891651272691327 -0.96660598939391517703 -0.0043234497000219137414 -0.25623069498129097399 -0.22523492794007282658 0.49125861223656080989 0.84138825944935902168 0.12223783581107407203 0.87100303310972060356 -0.47582730881082124785
8.1492103619531945924 -5.3925360226404599473 -9.058280723880216101 -0.11041793940746308378 0.0051191303331413083241 -0.99387206076116685338 0.52133893743755521655 0.85166888261004425331 -0.053533416718857855521 0.84617586290847546238 -0.52405525366954763822 -0.096708325043894496909
3.8574025038751571515 -1.7088784754405801358 5.1364759580003358508 0.97656221062179870973 0.0048008135940779978618 -0.21518178587917907718 0.18154239320754539389 0.51868595626708136059 0.83546827482542962429 0.115622697831136656 -0.85495136175110097998 0.50565755288129832223
3.398229120805937864 8.0064871712400247361 -5.9530773062985389288 0.19152350511369989339 0.0087451304991690292923 0.98144906626977368447 0.96208073882859523884 -0.19954282858740587936 -0.18596588809286176969 0.19421482683810090131 0.97985008151855745862 -0.046630663563122391746
-5.2428108555102106436 -1.9841005587732269966 -1.8900717312378345625 -0.080526988357234791094 -0.0068720857484276861443 0.99672873871633793641 0.96115378137802787162 0.26432383854725383099 0.079475259786704749443 -0.26400532700811418785 0.96440949954512822373 -0.014680071466178536144
2.6622394433082123832 -1.0872082057749010708 -5.9154694336213715644 -0.97479210222835055433 0.012648793861529618668 0.22275629159987225814 0.08011701681254811136 -0.91196038969233339522 0.4023798096939098512 0.20823453376069617216 0.41008323014483089031 0.88795840178660767616
-2.3564582016038753132 -1.9057259738883145506 7.6285986398698311106 0.53187451611994684963 -0.0044367084351142026255 -0.84681155797510321293 0.75413456357143326958 0.45736956445926152393 0.47126865112517668521 0.38521495185060100619 -0.8892656504805550588 0.24660909096418592856
8.1425338911592461955 -8.5531841490054176802 0.44295535497924737323 0.42074775342925962995 0.011214889625405295714 0.90710834757194458433 -0.71451071731805537723 -0.61201823137571198519 0.33898100138685977045 0.55896848106280105917 -0.79076413089774499898 -0.24949213707820114272
-5.2771845945044058013 6.7558022781322266681 2.6968560349031749368 -0.64119366770718677628 0.00032115801475281007503 -0.76737903108517580009 0.11358419951327877739 -0.98894519617590859184 -0.095320661879355214618 -0.7589264194327084434 -0.14828113776784301869 0.63406891902137152428
6.4335840744740240282 -2.4731877660158558818 9.1927841550692743766 -0.53348423712755244086 0.011481414811671206491 -0.84573207687207063721 0.63299781845285552073 0.66861474084266625528 -0.39021544070152430761 0.56098870805947120832 -0.74352034635366182069 -0.36396313547902864327
2.6208026151536403248 -7.5230572926391996447 -7.0510488986117954013 0.88412214100907127179 0.00035080117954830849006 0.46725572946234317229 0.29444488026602172459 0.7760486724330409869 -0.5577191681298345749 -0.36280883707821698358 0.63067292232399629892 0.68601852218787640059
-7.5763148890190059603 -3.4660926551421766817 -1.3237588616891760029 -0.36168690698989774956 0.0006386514265488687711 -0.9322994011778432677 -0.92046835841309082582 0.15856266900801044284 0.35720565667039150259 0.14805601126751832819 0.98734870847189915022 -0.056762182887491866023
-0.37434587916301953481 8.7748783206187930261 5.6628466360673979096 0.2212404802235027057 0.010717606798404478996 0.9751603882518867783 0.76575435179647821649 -0.62109820766464385322 -0.16690503030339376433 0.60388154684134554007 0.78365946005927011875 -0.14561911977634628412
7.7112781025125460843 -3.1627011750750759767 -2.1111528271876496277 -0.29264984178404496173 0.0066351004503974716012 0.95619665631377970261 0.76335014245110688336 0.6038666174545984644 0.22943772214657362496 -0.57589289813608868229 0.7970577668938176874 -0.18178637493072613562
-4.5083391098543001974 -2.1017500556584582938 -5.4733418697521729612 0.13385569631296950766 -0.00027653542834638056291 0.9910007952029239453 -0.087607575450070473977 -0.99608804208319023932 0.011555307963547468281 0.98712084634472341271 -0.088365920730434172059 -0.1333562850605406469
-1.641145530805407482 -6.5588651488421279012 7.9694437726845288594 0.85405116832889471645 -0.0010273004336193774719 0.52018799152794437113 -0.25229638325707820501 0.87368938664326500909 0.4159487837005758637 -0.45491003162310655883 -0.48648309356072372278 0.74591625723547405613
8.5531932660693392734 -4.3943580192460300893 8.0870945556413218469 0.027579065822432784899 -0.0025456012486933712186 -0.99961638394063645485 -0.47941807249539863944 -0.87751779520870232254 -0.010992309008948937532 -0.87715318325430224888 0.47953731763700541135 -0.025421528278499309211
4.718202018229596284 4.7960389033997703478 7.7993935403963430275 0.66171665295267534379 -0.0036472685555018107342 -0.74974513578761714516 -0.49709806534994149807 0.74646311197630266232 -0.44236448307254111478 0.56127050931819255641 0.66541680162936456266 0.49213402186678972816
-3.5803534984380651629 1.2869222433108389314 1.7051542636442691414 -0.6329188772024363363 0.002302113204255996394 -0.77421469577611745638 -0.35630331211303323258 0.88693980307753517156 0.2939145037151574269 0.68735845427144637299 0.46187929807648531177 -0.56054069375030080025
-4.5475498269069705159 3.6831256820302002986 -5.4690952076689729466 0.9205206044846228064 0.0023002092506373365138 0.39068724800850873624 0.39063772412121861022 0.011556191688340215068 -0.92047195662181413578 -0.0066321348377548199754 0.99993057932595053039 0.0097391640517514865838
-0.051839129341429465714 -2.038916197795622498 8.5665101293986403164 -0.61457586876502001694 0.013537900338074636275 0.78874154625328385393 0.76823936412389448591 -0.21683134190879493897 0.6023225452997127416 0.17917807048303974193 0.97611520550613728453 0.12285896238187658802
6.8585024995744516829 -8.6210670276177339133 0.66021468448652975702 0.24945633410573458955 -0.0067787587198040264586 0.96836232155358448193 0.2715984755428358377 0.96033046110447339849 -0.063242972394935495495 -0.92951912592323648887 0.27878209035867579368 0.24140161689174113868
7.773449562213712305 -5.4603798403928314187 5.2998126915861440978 0.040427249705729202678 -0.0014118567244811872433 0.99918148708937770675 -0.31737837482758662899 -0.94822923670106640248 0.011501385018386128811 0.94743686052053144309 -0.31758356589420322358 -0.038782392923068814694
8.0003566605763989372 6.7387222585676447295 -8.6376052209015856675 -0.59346874895186962906 0.0080150913073677842319 0.80481712353124568171 -0.80354017103982355863 -0.063078014193813189414 -0.59189894209286231241 0.046022141875748504014 -0.99797641376780821254 0.043875278009865001372
-3.1892101542075059761 -3.2335236956253883278 -8.7370800059728832565 0.72433075408495672942 0.013810855836196990476 -0.68931431070866622246 0.14802593061905539029 0.97336872516656314236 0.17504756134238419474 0.67337454848777733574 -0.22882872443953650166 0.70299653791484373322
-2.6040391103362341418 -5.5741455591577517836 -8.7143435722509963171 0.0022895304606288069231 0.010872498867315239998 -0.99993827150398495451 -0.99378024519751739785 0.11135389868529088631 -0.0010646607250213700226 0.11133544945394426018 0.9937213382110769988 0.011059822733210468437
-0.06170553800165683167 -7.8345785210033405122 -7.017379456462491838 0.67865911891017072222 0.0063143849904464619677 -0.73442625828768381968 0.30859151698075376613 -0.90986578367056947236 0.27733649480949923438 -0.66647811364490550101 -0.4148546543644511253 -0.61943727671532622381
2.0773138975666758377 1.3708819768983624421 1.7873633898768546135 -0.8953264778067958618 0.005962904623447685612 -0.44537056695149379593 0.28762331558664810949 0.7712214675387881746 -0.56788227330825080674 0.34009311440987971542 -0.63653899470154351459 -0.69221007053889016536
1.9270571659792603558 -4.5022007889765980337 -1.6368399952695806832 -0.034604554212091978571 -0.011799902276363922332 0.99933142006755770748 0.17619862988498433132 0.98419507962946506385 0.017722529728320477599 -0.98374619066847390769 0.1766941072576269367 -0.031978505374461861643
6.2969302858150184576 0.29656516843021990537 6.1326080256980022298 -0.89453639355864866811 -0.011801550905629542773 0.44683930444343444854 0.059044232786626453524 -0.99401166875083057928 0.091948795325838869608 0.44307834428435799445 0.10863482767258093864 0.88987642683839129898
-8.3098923283270202944 8.1310351596314234257 -7.0375355157694565733 -0.9743963563735477118 -0.0059509388145284553354 0.22475837473395748889 -0.14231131848788067251 0.79024301030283117253 -0.59603982526117904595 -0.17406673810931402868 -0.61276469463779803526 -0.77085679583816535398
7.5415518479250893691 1.3156247788342787519 3.9156122365957277687 0.052236282395768399156 0.0054993416131013037051 -0.99861961128527487741 -0.41352684512327569921 0.91034026496551723184 -0.016617771943652086958 0.90899225473234146477 0.41382406796110354774 0.049826916544409766141
2.9787333949449692483 -6.3790754594804868205 6.7558982390354298531 0.80784878510226576509 0.0055963767239773747064 0.58936323347869490341 -0.51391642635531031846 0.49626737399485854052 0.69972037288519417508 -0.28856584539938784362 -0.86815169992112573016 0.40378506509408085279
-2.3119953547264353588 -8.80836038445815106 5.1520424494142336158 -0.85723551583165191747 0.0035378534413124775385 -0.51491237505993625589 0.38192528089576077699 -0.66633508679906761074 -0.64041442200594700385 -0.34536987449618961055 -0.74564404087592073278 0.56985490617943734826
-2.7588283905978232546 -1.0585521976884402218 4.877397026898841581 0.45297701486507530033 0.0039972757696070931183 0.89151323365956514078 -0.73106413178832152511 -0.57066671539629632015 0.37401167782745942114 0.51025195660210087567 -0.82117204149015743386 -0.25557664028304938331
-4.162445086319575438 -1.9641082411010375441 6.277067351829821007 0.99988659898505360957 -0.0082631511347296231207 0.01259005573270080211 -0.015059366240549570959 -0.55242062967157679054 0.83342945916368560422 6.8252934242293318567e-05 -0.83352454567740497104 -0.55248242243082335001
1.7169588528176125131 7.9822053562944192961 4.5981951687660220784 0.21578262617801358125 -0.008294951888147840055 0.9764061921214862716 -0.27061280392164532849 0.96028631146042264799 0.06796256598488224776 -0.93819324693456795927 -0.27889315838658668145 0.20496838198088318528
-7.5022041423791767656 -4.5926599113324639845 7.8380551782110270409 -0.019046190440102039182 0.0020687815437389258516 -0.99981646454364114796 -0.67156466794163327538 -0.74086038231863582393 0.01126013690744579604 -0.74070111340695654611 0.67165587472568577532 0.015499888521541865111
4.8719535746888888994 7.9161838255388241592 -6.1889400360258006728 0.52406673741583498227 -0.0051687339708126819882 0.85166151663849121167 -0.78520236389550190914 -0.39023804490634050879 0.48080299088156930321 0.32986558242284741427 -0.92069949087474911575 -0.20856928114184497547
6.5745934674644193052 -6.6106329707392124106 0.34737905964476301079 0.47340599378823172705 0.0023922959087420920046 -0.8808410991577271254 -0.61734887076859623622 -0.71239477449276544796 -0.33372751914710568899 -0.62830497117727091005 0.70177486574799519126 -0.33577507501046105487
-1.2172677881353100027 6.8646637776551742149 7.3501373372463794098 -0.94976078311137823729 0.004398740801105343462 -0.31294585145533870829 -0.15781031426444783183 0.85675715957879228224 0.49098174530431581974 0.27027830023047977326 0.51570129007960918699 -0.81302018414954735359
0.21458517390684112014 2.3741372042420914035 6.6725911764627383604 0.30777396516109917224 0.0033762770926076025868 0.95145351285387247398 -0.58181979323733057363 0.79190542401048902299 0.18539559762844520785 -0.75283525061345479834 -0.61063442432896675172 0.24569225722015541891
-2.0587949382350267946 -5.3670145350259250705 -3.8979275889101629993 -0.30976761489931858851 0.0062073126899178203419 -0.95079203511010024208 0.15107111076658116811 0.987597152290397573 -0.042771302056295479321 0.93873401144913226624 -0.15688637307646979835 -0.30686335996936570103
-5.432850276083248886 0.16985598709186611188 -5.4816876998805064147 -0.99261703643132370711 0.00020436635235979204797 -0.12129046632259811445 0.034403542177947769864 0.95940224761621728522 -0.27993521313824776264 0.11630913666585381006 -0.28204128333201300416 -0.95232604670077170006
-3.1004398496833291965 -5.5216725146097980215 2.875216938863833338 -0.36085626202374021521 0.0049061957098398729926 0.9326085392069344282 0.76396617650562237412 -0.57200210322415878661 0.29861224868062835602 0.53491909604471787887 0.82023747972797256267 0.20266237326159036725
-1.0431104585701398424 5.6756356204443880742 2.6092003585594176762 -0.14955377397545999152 -0.0018917119115860574208 0.98875178387476481134 -0.11710436213457964261 0.99299371775418932007 -0.015812807134338142945 -0.98179439653041178371 -0.11815201194415536623 -0.14872748574087329976
-3.5998955240136822908 -5.5109376710981106129 0.25348189007496768621 0.95903359932444343094 -0.0051464080357379766995 0.2832455998800744168 0.27777867368589370667 -0.1792181067544805495 -0.94377957101063514322 0.055619814925194410726 0.98379590601702271435 -0.17044662358627760135
-4.2589384739550828485 -3.1569231899998886348 -0.48005205559949259975 0.17216991917324581118 0.005923426497445505659 0.98504945660119391793 -0.62598211582890117555 0.772768313751169722 0.10476413472289862472 -0.76059444488771421611 -0.6346605756468501891 0.13675541717001887809
5.1369674818863613197 -5.5806813733593525484 1.3840922659510639381 0.92810486499973354757 -0.001260430871826527955 -0.37231676147808767663 -0.36941318944905404686 0.12157259934201301854 -0.92127845874644287427 0.046424724282492911553 0.9925817419251204976 0.11236650111152314546
-2.7351916613027529301 6.9275984612068883806 -7.1875226554326339112 0.63698643649791808485 -0.0018813733036554198055 -0.77087271332727325124 -0.76524869669547623818 -0.12214116629178595197 -0.63204111235191107188 -0.092966186992553795365 0.99251095506888242781 -0.079241984734401763046
5.7079706108434766776 7.0298854963503023541 -4.4073198001436839633 -0.53362910236695360044 -3.3526089714221597032e-05 0.84571861749825705257 0.055429667405213635389 0.99784845699620483561 0.035014409055252548875 -0.84390019141975269878 0.065562609360544948922 -0.53247911806514813815
-4.5881158374503288044 -7.6934145558094222395 -4.8220071065857608161 0.19550710519410591237 0.0022366317349674317422 0.98069973452481873366 -0.94221245553056520716 -0.27697687741401599837 0.18846617208684651734 0.27205267957082635011 -0.96087398073656160591 -0.052043565229732607902
4.6591999571211326625 6.6092010918893411286 -6.7269738002454682047 -0.88551982402344464607 0.011595739915832929331 -0.46445686567957911173 -0.39161905339806762916 -0.55651057380603974334 0.73275541503122154641 -0.24997831561293040736 0.83075960425266393017 0.49734225807334908609
0.13593540327397340972 -3.1604807652224184977 8.2666215306238708393 0.73716869434251774962 -0.0016532125152424964956 -0.67570672852177726675 -0.58849090766867262481 -0.49298720197192597015 -0.6408136002638468165 -0.33205536838371219055 0.87003499100913239683 -0.36438763253902872741
4.234371961241710558 8.2756676893799738792 3.2477343884658083084 -0.22790824972098808199 -0.0028844932732934210062 -0.97367833980629125978 0.60245027391755368029 -0.7860150737690997369 -0.13868659367163704843 -0.76492581154352257133 -0.61820060134743781699 0.18087708347967268452
-5.9540212306534154862 7.0003544159974593342 -3.9240179618965300712 0.99900320236711137589 0.00095567406945986938666 0.04462833569855081256 -0.043650210878431724981 0.23013256484151953241 0.97217985048526756042 -0.0093413462849490352252 -0.97315882017609867116 0.22994488462020204467
-3.471245840228810664 -4.4398470317361384829 9.0124106188644272919 -0.89563727498482770262 0.0058991787044109251364 -0.4447460751354991304 -0.25512851786722484659 -0.82587760770712592695 0.50282762101857825243 -0.36433955457620326168 0.56381856725266332742 0.74119181875715600682
-8.3703809400474078473 1.3341249240540964394 0.34828293368674756447 -0.3623179045662938691 -0.004759267081158861934 0.93204242682810511944 0.55467306139212901872 -0.80473630991821998304 0.21151185892362917018 0.74904174182534810633 0.59361335975210594018 0.29421021077973263935
-8.3225232652847616066 0.21148254802232649419 6.8908550592569373094 -0.91778748745943483645 0.0095772140508298929384 -0.39695642687066068355 0.098842447020031629079 -0.96272970986512140801 -0.25175717747482939668 -0.38457287804796530528 -0.2702957319566913208 0.88263464624731768904
8.1908921887201042722 -6.6546184991405983311 -6.4927782708658545729 0.44232535172304210391 0.0093577510183696990809 -0.89680584059149393017 -0.22767674090569958723 0.96835958808842570456 -0.10219104563190281598 0.86747425602924932431 0.24938352121313020482 0.43046053764959457677
-1.4073656985201499214 -2.0851636612100539203 8.3269285344993182463 0.57566252279480289999 -0.0028572568714929844069 -0.81768239306755130524 -0.70853755663845141566 -0.50089277696997491773 -0.49707238588788937861 -0.40815094105271437774 0.86550462856232823761 -0.29036967344251918277
-4.1153813693538658924 2.7951594409953712805 -3.17396931344486255 -0.96696324839884384428 -0.007121442746541807936 -0.25481632855659858139 0.033984414730578962893 0.98708539639704107049 -0.15654864986573091556 0.25264032892869170421 -0.16003657479645624906 -0.95423328328340772941
-3.899802109608152989 -4.2019092181460422353 -1.2636357537625479974 -0.41334429214503454197 -0.0018175660714015709138 -0.91057300234777904802 0.55616261148539380965 -0.79230124234811505346 -0.250882225276354065 -0.7209921259882541289 -0.61012739475235611142 0.32850405847672531356
1.392034149986702829 3.6464549174712295176 3.8122607522297946581 -0.30885468553982420303 -0.0096357804819589727707 0.95106042655277989173 -0.49098062020408439476 0.85802796045986484685 -0.15075161575665771418 -0.81458382859246258878 -0.51351258095952778682 -0.26973693738942117193
-0.88369686375106260012 -7.0983588586223680394 2.9500612829075851806 0.32106175534125341864 0.0059872041887215022779 -0.94703933531990180938 -0.22215363041230284935 -0.9716031354257044228 -0.081456195134401471192 -0.92063408244085065402 0.23654069547763212356 -0.31061452900813996125
-0.80550107341294896468 7.8841300280536028566 1.8629604118433955584 0.17657547376345072987 0.0023961018398545542649 -0.98428418699152175897 0.094713551883168906054 -0.99539796943261404927 0.014567962768388044437 -0.97971957475332693832 -0.095797396340002796689 -0.17598981135157412692
5.3403009560213323681 1.1878367394872513252 -4.1021046656826856136 0.80197188553684983781 -0.0013829643771417349241 0.59736017796465301632 -0.54073568391345805395 0.42329047881185499769 0.72693197115680041609 -0.25386219677446908438 -0.90599296794012795786 0.33871924523425411824
-1.8950709349962160388 -6.6893622339125808907 -1.1482893921599635068 0.82520810687907419911 0.00034275250821949165142 -0.56482870222923331482 0.42367885643550901031 -0.66169837410132303912 0.61858830276779053214 -0.37353421121842145247 -0.74977006090690634377 -0.5461840796079093785
-5.1769726935496640507 0.13998385945845184808 7.1257795758493003291 0.97006516055382197017 0.011684890217918483465 0.24256349193549206489 -0.23838105731237294038 0.23644813887101803762 0.94194837923282226377 -0.046347122823905489986 -0.97157384740697427805 0.23215555828134024074
0.30155185962241737307 4.7538687365522154238 -8.7445935479611183183 -0.52856427896429780677 -0.0051778459148804738266 -0.84887748993295153443 -0.82442248656161831732 -0.23523906499488536626 0.51477193586285774352 -0.20235455679216191038 0.97192374814716464559 0.120070234169016965
0.95530685643860258072 2.4535902762204311323 -7.4852365483966005755 0.01504520104890222712 0.0056478024043019065675 -0.99987086378849288071 0.52796300305301768763 -0.84926153933629333626 0.0031472545881226516445 -0.84913409384650073708 -0.52794217498918816212 -0.015759141320482138171
5.8689802484965811757 6.9123769088219395584 6.9662829375469765836 -0.89217871060812514727 -0.0045904413467380000835 -0.45165924786980782279 0.05916218165264398865 0.99014594062623328963 -0.12692853313474622423 0.44779122881096272701 -0.13996408149901640172 -0.88311554809668391108
-2.6355288704877510852 -7.6944787773102731876 7.7023998358474310422 0.6927746923643347543 -0.010579899073591367623 0.72107648093335963146 -0.36063762230200274717 0.86080107461011901027 0.35911281699555530622 -0.6245027870232994216 -0.5088315788998644118 0.5925256900036455221
7.1997828187309789172 8.1444680734296817093 -2.7161518505832931147 -0.45749934622453430899 -0.0087852617486119562173 -0.88916655772703589999 0.8876099731121697145 0.055447061019798238313 -0.45724627834033226836 0.053318700621841408349 -0.99842297780051625367 -0.017569108222126456065
-4.6215692735125246671 -2.0157696966888933865 -8.2184273851539391131 -0.76264240887845968775 0.017382433244101533343 0.6465867360180296286 -0.57723412115796324251 -0.46933674244678358356 -0.66822435720382467039 0.2918515471108181214 -0.88284815976689434702 0.36796983741201999552
-7.4439826806130611203 6.1973956691355018833 0.97331007925833379346 0.11829701783604304466 -0.0022501453654483506706 -0.99297570585423955425 0.96985886077936211969 0.21479255409366954099 0.11505628567588131739 0.21302489464535556696 -0.97665710234017655278 0.027591642023493394287
6.1781716104294810421 6.0930665596264237394 -4.0616211062810663179 0.56219937537869968391 0.0016122815598828351032 -0.82700015893091660679 -0.69878789690177900429 -0.53389375040031128439 -0.47608081081617459329 -0.44229779274552000201 0.84555003626727942567 -0.29902809015292586281
-8.1937023423069277328 4.7072716418283100381 4.2175236259558790408 0.76189267138019123315 -0.0074632415315535249531 -0.64766029469412200736 -0.64710165820630649591 0.034317925776110938529 -0.76163096307665778539 0.027910593756723344611 0.99938309971515904007 0.021317100174962196057
-3.6602945427879260976 4.7629031052210821784 -4.6640679496866548348 -0.78890061157516888635 0.0061660276659913672292 -0.61448987392724152556 -0.51716569349959928825 -0.54677390372765399817 0.65846635727972169239 -0.33192690539224400936 0.837257593757839369 0.43453912501809593971
-8.5364820914368682025 -0.70014885589150921419 0.48940769777921605543 -0.61814417738464277896 0.012403103609588740988 -0.78596688160913730226 -0.068008086688965657673 0.99528248802883367841 0.069192984964553450045 0.78311728119769441481 0.096223344590575521362 -0.61438456348236936133
0.31789751879951611002 -8.9358514288309489615 3.8820308078766010418 0.32537933104859789735 -0.0057966895980689388257 0.94556580380021537646 -0.72830298136227877848 -0.63930824716790524143 0.24669765390474365785 0.60307798688494329564 -0.76892871158037678914 -0.21223943611368564777
-7.5599729446306511704 8.0200833639083306537 -9.0505732470145261459 -0.72953118674835670809 0.0092772178362471140189 0.68388462535045790869 0.62942381255775614601 0.40032915475594665899 0.66600467869060220316 -0.26760028353289611047 0.9163244518628224089 -0.29789190517936525726
3.9377721025500154184 -0.70914582584310570379 3.6743885088536956118 0.78925412222032831355 0.0076496695912768213413 -0.6140190657570938626 0.60999938650894303116 0.10512984189857722817 0.78539701094479197341 0.070559754937528626484 -0.99442908188450285234 0.078307867329026753511
7.2500959482513414045 7.0343376653397484688 -6.5433883452278855941 0.91685084216644863186 -0.0092487422035491158312 0.39912278059083700077 -0.17722808848087406863 0.88639448519552022088 0.42766227477834922732 -0.35773556976101228422 -0.46283828426656292709 0.81105239334161172149
2.970085881148869511 8.281575334796233534 3.8096108480599299995 0.095578133375554971685 0.0027013071664849135425 0.99541826553466428162 -0.015014967333375393854 0.99988646029055761044 -0.0012717246148094964002 -0.995308681352935265 -0.014824623675113619836 0.095607841500917917221
-8.5901428068068774735 2.2222284485632837203 6.0436734535915528355 -0.99791220785662071435 -0.012350968754508001579 -0.06339305152435170676 -0.024998710480370337633 -0.83116799498954263559 0.55545911512870815852 -0.059550733706920308541 0.55588417649354737726 0.82912393068762513249
-4.1488576692689100867 8.1350218766127984082 3.2199625588173748092 0.69751638747702382481 -0.0084031070660244011616 0.71651955799727240493 -0.35755930659025475515 -0.87063082091937316065 0.3378658253449410287 0.62098488827945508284 -0.49186518626251835018 -0.61028387416955609535
-0.13046710951940035383 -5.5782194759042802445 -9.0394431419720557841 0.14571520761264422639 -0.0067190462250410615264 0.98930376158583321899 0.98824293045879318953 -0.045802229685350755173 -0.14587003171868584417 0.046292425602556530606 0.99892793042014949023 -3.403147646235601953e-05
-1.3968585159535940043 -5.3503760560995470286 -8.6738431080973619203 0.13199578655429355933 0.0043302013457139397826 -0.99124081922021400892 0.08902692394729462555 0.99589737752305085294 0.016205562466650585973 0.98724430570357069037 -0.090386186990369099536 0.13106875316752225613
-1.9705207150949104467 -4.2372410315645376855 7.5846251626739054075 -0.28551245970400596086 0.013182430850496308986 0.95828433091148323975 0.48833541134145996843 -0.85836137395175216014 0.1573031396290307804 0.82462789267837544038 0.51287617923239703366 0.23863541940009977416
-6.7281847267287568926 1.5609484367966621754 0.037564839050215979854 -0.037212933620070894059 -0.0036706393879988793993 -0.99930061742105102951 0.92009416355936013421 0.39006731983613823767 -0.035696164776769179205 0.3899255412964598988 -0.92077902474057526927 -0.011138215403066722281
2.0973732709969987731 2.2716516143345177881 -7.2571228850580506986 0.01299804335712169065 -0.0026848647413949978252 0.99991191730572448471 -0.7626253893584918897 0.64673548810627679018 0.011650061353941011666 -0.64670980074112593972 -0.76270964326223378293 0.0063587498963544606193
0.13481562540013791729 -8.8837878265667686861 -5.5610339535988524418 0.65740926801200627594 -0.010771551001359161784 -0.75345671940785330367 -0.748856159826282064 0.10189895401471867065 -0.65485193369241190275 0.083830222605167412087 0.99473643587613536088 0.05892297445170074921
-1.1991484231734359511 1.3939430686099174572 4.8679622753156266413 -0.97862210889167833283 0.0081304588113292313584 0.20550587249029317327 0.20330353686959523607 0.18927979488889493109 0.96064604883545923197 -0.031087616261134695672 0.98188953293454295235 -0.18688634307744464436
-5.9988385151479581836 -0.97091466556777505925 -1.6917813022174574833 0.54476886363820320458 -0.0047082354193715087246 0.83857302468521133232 0.64470496493827766926 -0.63712796332684018541 -0.42240202003640608952 0.53626709147058981841 0.77074366093147861356 -0.34405205382266351721
-0.59207919537546560562 -2.0475425445274808567 0.13016508332794723968 0.52631933217810167314 0.0037706403678579476779 0.85027862659643271837 0.3046735545704737369 0.93275391697446485839 -0.19272819076078784306 -0.79382742817370699484 0.36049398419354045098 0.4897776042646661554
7.4464519469874996815 -8.7081599644465139676 -5.8219562816848400288 -0.53385061412975498563 -0.0046675862898211684104 -0.84556592612971059886 -0.53815050989038870632 0.77319935380281779036 0.33549484047282657206 0.65222507656335482196 0.63414586091647784372 -0.41528481381420101481
-7.8930327953937915453 -7.7532962344653197917 -1.4674060844309615437 -0.76684787236356855011 -0.0080999687171477707803 -0.64177778954855391191 0.32378990061002499434 0.85847234709057262947 -0.39772519349908458386 0.55417004692968441226 -0.51279588511192553124 -0.65569500478359088458
3.7064279553278289825 4.4849753792182633916 -6.9922066054780929178 0.80955431636978747445 0.0085981456617429102146 0.58698201057474796993 0.5632228241501144872 -0.29332593350461771964 -0.77248944788275863971 0.16553506940727791275 0.95597383260467205801 -0.24230594745383315924
3.3420814565114218553 -6.9056575648659919153 -4.0874126719049286294 0.90777861555378880354 0.0071404450048749516095 -0.41938884008548898974 0.37121581199001585372 0.4518340197742555242 0.81119962987099436535 0.19528647180939315287 -0.89207344575407265808 0.40751461484038192795
1.3412470184831313258 -6.5790642103454999301 -0.15905083072040099301 -0.98424603100056562432 0.0023031101156762556065 0.17678927044180409167 -0.10306172799105862981 -0.81993835034496376224 -0.56309802153529464608 0.14365942601526651701 -0.57244720046249575329 0.80725842950043857904
-7.5939698570501219521 4.4588346978391006914 -8.5924273770192272082 0.98509944068944799156 0.00018290588847412643514 -0.17198563457085117023 0.16894967948250816381 -0.18809651466484750282 0.96751005523126032415 -0.032172935148948172968 -0.98215053210626623859 -0.18532467328332316581
-1.9252838574084440992 6.9308858136769844194 -6.27368309816302272 0.66856320899410281999 0.0044858987040799535098 -0.74364179030795451997 0.73795294945178135926 0.11959696503460433281 0.66417016671167083963 0.09191670128380477478 -0.99281239046829883321 0.076647748549976746357
8.2705601683735174845 -8.8592171183410162172 -8.1202386626774636369 -0.61685378714309124781 -0.0034717154928366805375 0.78707010645733532783 -0.7058528199391639335 0.44486813103242178746 -0.55123873464751038664 -0.34822866319573864136 -0.89558935521977200978 -0.276869111577082605
-6.2228495563853041261 6.7010968345090979881 -0.49164301626690953828 0.005815139218820927075 0.0053609290286155634325 -0.99996872180873763725 -0.59113168302379071051 0.80657457648782737714 0.00088650375565209858526 0.80655410077770228749 0.5911080383511765346 0.007859358451927221656
6.9875158951507714278 8.0405279261637208066 2.5612989878966421209 0.64484913183861325425 0.0092319112532622295275 0.76425412591740615742 0.73062070979091031653 -0.3010446256625994299 -0.61283400018590628022 0.22441696814509937141 0.95356536491951571222 -0.20087339105579077314
0.39447589277298689137 -2.2225605423289955809 5.2966727850300969749 -0.99637276054244205969 -0.013941875342388793807 0.08394609080247883437 0.084236937615486354169 -0.021779543469643173476 0.99620770415977588641 -0.012060696092882482178 0.99966558188127874196 0.022874964733901985425
-5.8310274775800898794 -7.8435390215586382467 -4.3432365018159044823 0.081730804435613299552 0.0038655404881288361711 0.99664694511305196301 0.92473953862146762717 0.37267234768231688458 -0.077279408532094778783 -0.37172148352842238062 0.92795494441782466755 0.026884192639355024984
4.7605581019987175395 5.8172292396037432738 -4.0449127841237180192 -0.46307034380624073622 0.00011645021030917950683 0.88632152356042404051 0.87946013817421408998 -0.12412869219217574634 0.45950183148494933016 0.11007144066622043255 0.9922661206623276664 0.057377902851650404437
-6.4622868294782609411 -6.6525764037737831202 -7.8745998004932777903 0.70977892039066903251 0.0027638801380070955778 0.70441908345519022028 0.54297603402169536402 0.63491602120062162751 -0.54959864674210157087 -0.44876598650895888065 0.77257621435628309747 0.44914928739070736352
0.18137562118157199431 3.3197483851969398216 5.4812184718547483087 0.92252193774204105381 0.001631104413552268359 0.38594120521567393256 0.14667500924865697898 -0.92644286389580543517 -0.34668438326327694066 0.35698699702771780062 0.37643187887734974595 -0.85490310826324356075
3.0590931445274929246 -1.9669489842714904526 7.1057800830819406457 0.013215438576415466931 -0.0032204951788481436283 0.99990748601767287518 -0.081063429854314153489 -0.99670664986400880903 -0.002138798051204252558 0.99662132855122298469 -0.081027665199365273008 -0.013432979895141528015
-0.96299690479883326422 -5.5669637130270785974 -4.4568599330325717744 -0.22844039944617589022 -0.0092797889919966052713 -0.973513671921077961 0.8141241482475611857 0.54652396830416916096 -0.19624837148126628161 0.53386969865411260106 -0.83739204533190192414 -0.1172932533173054459
-3.5227898492041767042 -5.3872241003544747429 -4.8614076596057653745 -0.40334929309607725489 -0.0089443818713753585337 -0.91500237474660883752 0.852896864811345079 0.35855833979655821198 -0.37947708093773069304 0.33147592032236838921 -0.93346446905875046784 -0.136995617634823319
-4.9069110699827129807 -0.96962130521066258737 4.8128679870798452001 -0.74646711741338467316 -0.0010123824231517307079 -0.66542153384315427811 -0.5506269961826564252 -0.56054736374271718624 0.61854390634435951757 -0.37362648955204358359 0.82812174713807962245 0.41787272969410954593
-1.9197445076983110646 -6.5393576465737304204 -8.0894822298874018429 -0.018381351646334628813 -0.0006543086395303029934 0.99983083458734189897 0.96820186245579198392 -0.24954780153163252931 0.017636561111885426523 0.24949404692063170685 0.96836226001987224521 0.0052205287358369437817
0.081724261501716355394 3.7851936656187659125 3.0666564195575229945 0.37936846008769897765 0.00069615129435020815796 -0.92524541980156649323 0.20721923250739046618 0.97453383418816175165 0.085697116062355818689 0.90174262468273869153 -0.2242394287266363806 0.36956314404235734994
