1125 17.292696884352682929 17.968806560800352656 18.477561601407678893
7.407206305201801122 6.044776985053125884 -4.0422747051625398385 0.081598132316121771423 0.0035960427931396509935 -0.99665882491390311859 -0.1820615809814361552 -0.98311396731077260736 -0.018452859104623776931 -0.97989556868753047159 0.182959000201666111 -0.079565562350157936766
1.1117109507860445383 0.04330580793583686805 4.0408030076585470525 -0.86455972981743034467 0.0050760411190351956492 -0.50250443518902143669 -0.47095282753642564444 0.34068861837309860618 0.81371659657784611852 0.17532800065438852721 0.94016248548724334899 -0.29215508393472633397
7.164400374194744181 7.7379661551586353951 3.5198372370812025522 0.021517867943063605923 0.01270275656143243781 0.99968776192120445412 -0.99028310155426091388 -0.13714118647309991861 0.023058051713565740765 0.13739126659032777078 -0.99047005757316053387 0.009628339225751689559
-4.6156809796220805708 4.6224573356879385955 8.5920204455467796834 0.16574611683706205745 0.0055244337714721314381 0.98615298274922191801 0.20846210236804363358 -0.97758361685846484335 -0.029560512960690971812 0.96388369455539602004 0.21047506427553991371 -0.1631823234562261582
-5.8397061513979693359 6.8161362447619922023 7.9494396040827730587 0.40297057789984253029 0.0066317944215499441407 0.91518890544517939034 0.7080750330454905761 0.63131002426292182061 -0.31635012382389349206 -0.57986589908801733362 0.77550220668167657578 0.24970355725709167394
-4.9614550584432191016 7.6706449200514716935 -7.5492477687916714757 -0.86100091474128170876 0.0040146842231576097132 0.50858756092234536084 -0.033339180600677080502 0.99737266530784540741 -0.064313805156105005589 -0.50750953079834537629 -0.072330137614641923371 -0.85860493088566813835
-7.1047958449166106476 2.2933305141318682807 3.5853326879896449952 0.70745653848720835288 0.0068886452353309323565 0.70672327874389861968 0.024854159552931333332 -0.9995764847442359935 -0.015136773072476404287 0.70631969879422684677 0.028273622211304094004 -0.7073281313383651403
-3.8151098364151754261 -4.5691261107417089349 6.8219264017659480004 -0.99982948126016013557 0.0068778666193086580166 -0.017137775642483470129 0.0070234711936071761787 0.99993962842680161884 -0.0084504647264320026379 0.017078619838914274598 -0.0085693904373291378274 -0.99981742647940952118
-0.079050696002782805394 -4.8647008370664153176 -7.6373932624823002158 0.00019411705131692699733 0.0010223485840183564252 0.99999945856080030282 -0.68478066465745079938 0.72874897367669466686 -0.00061210820927808497552 -0.72874920489153394154 -0.68478017506977117979 0.00084154714480890987008
4.7710824670924276703 -6.5860123550386511226 -7.9241700325069848176 -0.73218837214624610255 -0.0019072788241960344363 0.68109951547580238618 -0.12577447148784892672 0.98317664159456630291 -0.13245555384701326873 -0.66938850454424247971 -0.18264734794249720684 -0.72011039172738111613
-3.2741847033718025628 2.3420861593596979944 3.8155333782838241063 0.16894169998393263055 0.01091825585860319546 0.98556557046995085791 -0.56172560724961428935 -0.82058487678168212653 0.1053793250935116943 0.80989076063800780059 -0.57142038088099122994 -0.13249794016223048754
8.416669124777648392 6.8042224054049365023 -7.0305420941870275797 0.33457739873253705687 -0.0084866380013858579157 0.9423300596035593113 0.23597070396900310385 0.96885722805061824658 -0.075056635433242660516 -0.91234631096195262234 0.24747454137656901829 0.32616032904790459579
3.8288512262437786049 2.600004462955910256 0.66975064835062081414 -0.72124675481008970745 -0.000145941703539135062 0.69267820622356601756 -0.69228216879923532012 -0.033659566757758635491 -0.72084147517241070613 0.023420449156893008436 -0.9994333455849069292 0.024175820453382526609
-3.3013226194603335628 4.3233161494251390877 -5.0601122957998372343 -0.63657718239882221667 -0.0023797783296334090383 -0.77120932794180274694 -0.26436182887216319592 -0.93873531765752316058 0.22110817899281845489 -0.72448762189875060002 0.34463072996657206915 0.59694836098138426284
5.8687474976893829748 3.3947163728768319224 6.1344000869986672342 -0.99634816367496081835 -0.0020520056283537266642 0.085358807479275586316 -0.061836889393787203284 -0.67202237521444585511 -0.73794452794333842416 0.058877294872276705884 -0.74052799844713457222 0.66944136984815905134
-3.6362958197432653229 6.6449499991812519539 6.8769695766293077455 0.19479491815371757779 -0.0098024950626916448893 0.98079500964868848722 0.59031821185320676459 0.7997430355647429101 -0.10924964906112720475 -0.78331305913769722071 0.60026243273770096831 0.16157247051383530345
-6.1838739917984213434 3.6041922708349001248 -0.94827915720148725498 0.93213198404835440058 -0.016042749888012127618 -0.36176317459080570282 -0.18827179077045688715 -0.87484826076490074254 -0.44631183430008092294 -0.30932781496987921122 0.48413133632540150675 -0.81849444229838630438
-8.4719670690768911214 8.9595711787148157867 6.4860034391850733826 0.39862167689959832062 -0.0052106933304622814196 -0.91710065280800945331 0.23485387199148710646 0.96722026494176294165 0.096584770521001422905 0.88653506276752069848 -0.25388542250577644799 0.38677871544687919547
2.205012612399840144 -5.7472071325304963096 -6.9575399310411869536 0.035363092200696361056 0.0042129013861947894881 -0.999365650386129456 0.95729011172832478849 0.28699259629973772334 0.03508406555409358113 0.28695834836557310155 -0.95792353616079972678 0.0061159768052897727636
1.2084786280858359486 6.5411506761927258324 2.7854452624266561322 -0.91734165651598675861 0.0037037690417509967419 -0.39808361849663664866 0.39676253461875510276 0.090430283303247510629 -0.91345599510037456259 0.032615584363347049912 -0.99589590116477200166 -0.084424982677236803941
-3.8234713316382333836 -6.5967317501891820086 7.0473633294993254239 -0.089324792443927034102 0.00080352025601126367965 0.99600222680964789479 -0.98208381383400511488 -0.16666604978341673093 -0.087942085799197058926 0.16592909347056206126 -0.98601307405367533132 0.015676534541918772658
-0.89901246783020094533 -0.9535961128433594336 -3.4596773175956641033 0.29281206880523946712 0.0022937760073900668317 0.95616726097144510987 -0.1823241754369674672 -0.98151514226991609657 0.058188663383630080672 0.93862611694614639379 -0.19137075034275621843 -0.28698126855259514789
7.4678982824457058598 8.8190433523635309854 -8.6158014460345260233 -0.16965670602363619457 0.0057908600873329994438 -0.98548620895519811747 -0.7178705933340367995 0.68438170758911265334 0.12760677702906378372 0.67518768748226010157 0.7291009150021745544 -0.11195285800574825141
2.0784705550700133259 -7.9733866665131767348 -5.1313602240592359749 -0.89051649827307111096 0.0034551746847757622283 0.45493782879805344521 0.45358110381001248701 -0.070797779364147925274 0.88839847855786058251 0.035278159960678220908 0.99748470474745098979 0.061479388617470515088
4.6094901595198152222 -0.78214116427905389095 3.7982276990560825958 -0.99228918260289944442 0.010454659393994652702 -0.12350254323785894717 0.056704114331126320714 0.92433441313763731184 -0.37734670544121851066 0.11021261954602797062 -0.38144015623219729161 -0.91779986146582537287
-2.7191860545433828023 -7.732586320309807526 1.4541332892199565485 0.99390690351226151922 -0.00063980699237004695634 -0.1102209499036805318 0.10153945476507125756 0.39435027135928324427 0.91333323743596317446 0.042881304512435935994 -0.91895998505164977477 0.39201242275914316426
-2.2963496453425045196 -3.4784175908424321833 1.1626423788958994976 0.98761636765030347274 0.0066522829866101067936 0.15674711314783507099 -0.13876267213820003832 -0.42914206210413746723 0.89251443201448044107 0.073204037936553015276 -0.9032125096918184326 -0.42290463601834704654
-4.38016486724272891 5.491183550321504292 6.5801662976037018637 0.27192025665542252089 0.0067559258810087141969 0.96229607267523076253 -0.71711603182864880335 0.6682526058318105644 0.19794709316657105314 -0.64171954225705396535 -0.74390376545926240048 0.18655620284752572058
-5.6957978974935343786 -3.4082696440265052296 2.2727410790909536864 -0.50331636046186722933 0.010095131538827052664 -0.86404324521981323848 0.35911729643523815358 -0.90704355109107415167 -0.21978799745377128327 -0.78594364218575696324 -0.4209157691782384747 0.45290452257038571471
-3.4579943322419195439 -3.4712946882956643435 -2.1291248930919142168 -0.66529894201690320532 0.00045738069539761911503 -0.74657692741896741762 -0.64564633799359882893 -0.50245389847000776484 0.57504859459681700873 -0.37485747156332688279 0.8646038808120120045 0.33457735323542775463
-4.9787251919581834159 -3.5665987584899827567 -2.0033654667487126311 -0.74408429643434792489 0.00020911687562408069752 -0.66808571012239703624 -0.53254068207273297375 -0.60401410279772871359 0.59293118113242926359 -0.40340919887560244828 0.79697360049855925368 0.44954877196031389763
5.9923531729821304381 5.8472535302151102954 1.1585134946284270097 0.38152849013780082421 0.0013691544647456499809 0.92435606593410690746 0.91883196677185319245 0.1086112682379369726 -0.3794092898835547123 -0.10091495454766621909 0.99408335557322780041 0.040180270293068032217
-3.832145600944562247 3.1687413101214074729 -6.5645353439202533963 -0.21367196135378949129 0.00088206364449738231676 -0.97690506954081590685 0.86465871912326541793 -0.46523054586680617772 -0.18954112650330948164 -0.45465326609953549131 -0.88518911039161363163 0.098644039195814173238
-2.7017565324131975757 0.0092815771281166206674 -3.2155415819138912781 0.2716841727923401395 0.0067650421284973505376 0.96236268862583840278 0.13475241017405936717 -0.99039175733655293588 -0.031079815833702843092 0.95290581811964547576 0.13812458580935921271 -0.26998537106418318832
4.2075422753215363514 5.9349871011076951177 2.2242840435954751577 0.84307287607446912414 0.0022881589687393359168 -0.53779446813383435799 -0.52916059722471420201 0.18204450859799259366 -0.82876345191699885007 0.0960061871528389843 0.98328762893534360501 0.15468759100393922323
6.9382167095184632544 -5.3108059423259517118 6.5420934485074067055 -0.96680937710827541398 0.0021381260575864379642 -0.25548983688726645269 0.11903778093866543286 0.88857402589005096694 -0.44301942081886264146 0.22607440156909741624 -0.45872827352416123414 -0.85933621826642225816
-8.5415568939350059452 7.0538184246793687038 -0.3427660607561106576 0.49825748994129076541 0.0026790707715357922614 0.86702496867029521521 -0.42857919886114625996 -0.86852180273836265822 0.24897740554429023674 0.75369711689855556358 -0.4956437236040061034 -0.43159929938661734106
7.634904436500528746 -7.6410090474674099426 -3.8006118230995848961 0.7239068995785317151 0.0030137974772840372961 -0.68989109123632819109 -0.65001914682410355528 -0.33207816687326513483 -0.68351971430838665 -0.23115775891053996771 0.94324705571279932048 -0.23843465013399009478
3.0045736431330021254 -5.4208086340240377865 0.20960257030979495552 0.1642039923346192698 -0.0026937734276123066757 -0.98642272504552397372 -0.58589583891258967263 -0.8047594007138079153 -0.095332958137132620124 -0.79357615566889683212 0.59359502234023653333 -0.1337229771082047991
-3.2412972884105162308 7.7694967052391454843 -6.1875771243103629971 0.42812867974527152315 -0.011396515413841843897 0.90364592237010199494 0.41586241815148905498 0.8902454755916834328 -0.18579946812987827021 -0.80234922742445091703 0.45533845941749923059 0.38587900257286683603
-6.5442920650829545792 -5.7347913791218578794 -6.2306108018076438171 0.55239054406779819484 0.00076287901590651107861 0.83358509154131821273 0.61101232369623859064 -0.68060641041618885616 -0.40427571580825616415 0.56703494347016558663 0.73264884638954463902 -0.37642667382587541303
5.243807069543855448 2.5179610001955401444 -4.8514241276430158933 -0.099256169194194276972 -0.0089018258677603864792 -0.99502209541955100036 0.55653225747637946608 -0.82943275642063640785 -0.048095207296217128146 -0.82487578414263929005 -0.55853563903546354918 0.087280471252308172714
-6.0387100656339276483 5.9618258804073391843 3.5887526661243414061 -0.99327132156643838101 0.017191111443562428346 0.11452749644108137228 0.061015986407794521595 0.91821717126912538731 0.39134930150592006637 -0.098433384358949507775 0.39570404606703091233 -0.91308771581368319836
3.3338620488938928155 -0.81224734074517768168 -5.7580881684124429754 -0.21298575413766651643 -0.015225979462480119034 0.97693666022088587741 -0.15054457054349898448 -0.98742701044251224296 -0.048210282393931776224 0.9653876945633151907 -0.15734061331404972095 0.20801569793566385136
0.010445565226982436724 3.5756287871157339531 -8.7543197647426076458 -0.1152499284439022359 0.0062954550117536684992 0.99331657654529226242 0.80947584232368174906 0.58017679918146480844 0.090242686051341600151 -0.57573111318382508284 0.81446623560320652313 -0.071961353338860015172
-6.8471496883298677005 -8.8916221033750595382 5.874340932915018243 0.31180541936733674468 0.013371096472027520219 -0.9500518902840130453 0.93954599728076715337 0.14460216995140398599 0.31039254410949929097 0.14152985355302608039 -0.98939952811002795929 0.032524980073366925593
5.6052760847505496145 -4.3633929632216954531 -3.986618249852366791 0.30098343591002491015 0.014084429026905069191 0.95352535370966884365 0.58861196071791499485 -0.78943802987917011116 -0.17413660350573195723 0.7502965620390610324 0.6136686612819856057 -0.24589803405611351805
-3.9034833301056357513 8.0696957185717526073 7.8845091710523682593 -0.11724015771793429297 0.003321525998019675234 0.99309803790136952362 -0.059923368268012179583 -0.99819599010915849302 -0.003735674699676731509 0.99129407107771894125 -0.059947750542563002507 0.11722769233937625766
-2.8505656114300155224 -8.8403315520463792154 7.9437500889569783169 0.35887788196368025639 0.004869159117216080232 -0.93337182147671893251 0.54262607476088298153 -0.81472862223740671883 0.20438741423259265684 -0.75944954330550584753 -0.57982201010019485121 -0.29503021502293730327
3.7282032316664968086 0.15733725053387320747 0.60967452946739353337 0.24010873017317418965 -0.0022333306423657018139 -0.97074343156596887283 0.15827969472530928341 -0.98652520226274287296 0.041419361871584417512 -0.95775536330118660189 -0.1635941243886666896 -0.23651982270692067933
-1.4716943281278509481 -8.9741110440055980035 -2.5802021687563243546 -0.067439941095291985884 0.0052592566812907541943 -0.99770947402756904321 -0.90665421166373905137 0.41707070513954602742 0.063483599354036232554 0.41644927040108969951 0.90885882684472074633 -0.023358896566936914602
-3.2998667377403219092 4.3568311599026987579 -2.3645747428624486197 -0.6733383443814386915 -0.0039905850246961995648 0.73932371070929603363 0.69703413696028349023 -0.33682030395283596436 0.6330051301187148427 0.24649317616779750639 0.94156049092793936417 0.22957559980622871398
-6.0878500363608409884 -5.7197130084081262424 0.44022757746698448766 -0.83453989576721732124 -0.00097030151778699971071 -0.55094665884075755269 -0.27423989040910778936 0.86804478329126810721 0.41387285089656022929 0.47784479162317489154 0.49648495718991608738 -0.72468409835117431061
-3.4104394064735825687 -2.1334891993843041469 -4.865049391010180635 -0.11608952996304312821 0.0088632318700293810654 0.99319920668204175751 -0.50181466236360205979 0.86242660495475520488 -0.066350551641173760586 -0.85714950018639335383 -0.50610452891365154127 -0.09567099948846079227
-8.3494636618059789868 7.9664824447860338452 -6.388252442626766836 -0.47507525067451150669 0.0039901854180664870705 -0.87993612530501286173 -0.037758663099104215755 0.99897621923707013991 0.024915793373557832552 0.87913468226319635423 0.045062088487032803119 -0.4744382137050839332
-2.1955135929780875692 1.1773447441163871208 4.5770423200963916699 0.88921862839232168607 -0.0067098578419447054214 0.457433283362665144 -0.017413130437485616064 -0.99966427708846450351 0.019186349340625512283 0.45715097485243205711 -0.025026204674190186128 -0.88903693695514462991
-7.2799900147032392539 -5.2863612003475122236 -1.3540700103579224045 -0.89288373188373959533 0.0019761742120868860603 -0.45028295112399979727 -0.37950125705714371493 0.53492212005565220601 0.75487556681050704821 0.24235807646858056885 0.84489905918444674349 -0.47687329822473761842
-5.7740491459378313621 7.5628454266586420118 4.3097022299213616492 0.81473063980881066382 0.00062518152682860574088 0.57983928265059925256 0.57239525369231381013 -0.16059338707437625926 -0.80409790298101646577 0.092615647205082210491 0.98702045225822765406 -0.13119820393905706757
2.3024383671854597999 -2.2025471778896466013 -4.1301635201670041653 0.1613324455047121242 0.0073326430852876421998 -0.98687287650068855616 -0.54758006067936348948 -0.83126334000061474772 -0.095693974299883785561 -0.82105293323493844238 0.55583045249078488759 -0.13009453835511503028
-7.9739674153846324955 -3.3624548952939457003 5.469010454550193856 0.10383382666934538874 -0.010455329914954401491 0.99453970384064638299 -0.14387399076798548792 -0.98958524193843955263 0.0046177611797549060133 0.98413353322599428363 -0.14356787598260242755 -0.10425667252567938359
-2.1470604335405236718 4.628416189437606576 4.7424496257989146031 0.69441602191506657249 -0.0080019569005913403908 -0.71952926083225665632 0.3514267976756993983 0.87634742264544729373 0.3294152405367716252 0.62792164669116945497 -0.4816130848601297143 0.61136179313774630106
6.875703961281503851 -8.8333438308964620234 -4.0538372121593253539 0.61953487835218234991 -0.011130326461899953464 0.78489021546834836229 0.082382447073613904176 0.9952994729799146123 -0.050912586852303418072 -0.78063414408997788829 0.096203299936628072775 0.61753968144732118706
-0.86917499495951822119 4.669394795486936367 -6.8666129181885100508 0.19195678302203533772 -0.0035937634622598621514 -0.98139679962572234917 -0.26908223969616912319 0.96147890783734235587 -0.05615209759209738305 0.94379412041616272955 0.2748552248877478843 0.18359538017061316495
8.2658089318742273832 -7.8017883581883866739 -7.4336622218279755359 0.96895137457751367993 -0.0067884750113738961605 -0.24715814838088734362 0.23626937836322733921 0.3200302813326561524 0.91747337829387443087 0.072869846657771797371 -0.94738299311159390736 0.31169768977475537097
-4.173151501038522504 7.6832705537056416034 -5.160271036531761446 -0.45629689502043335736 -0.019064692675324321908 -0.88962333663634785008 -0.78747230201694273788 0.47418947410905187834 0.39374067125477629769 0.41434347726335507556 0.88021638256582401816 -0.23138410211561838414
3.485889577370943293 3.5406476409499050284 -8.0237757617612448513 0.58736222538068005861 -0.00095819547175777196324 -0.80932360527624414015 0.74066466971626687688 0.40371691711635310229 0.53705539553025816168 0.32622302682355081016 -0.91488345306671692292 0.23783776839392739566
4.2303600577857274345 -2.9740059010712700527 -2.8946348760717999227 -0.073480368586727809466 0.01930256393927157893 0.99710984673591740446 0.90662155213123551967 -0.41525262252016359454 0.074850655984069702775 0.41549728837059973774 0.90950133068390603963 0.013012795280696515254
2.2207989119178970228 -8.8280654901137243229 -5.870880364627117487 -0.89923425847047921966 -0.0076694164033391304044 0.4374001925528585577 0.34143391325066085873 -0.63739067415947237016 0.69076480177918098136 0.27349704070705110892 0.77050263370530502893 0.57578212908870740616
5.2044209345160732383 -1.8965564974369431006 7.4253419116302330494 -0.10314974680665589535 -0.0068275787428882274421 0.9946424050390918481 0.99461995156597704515 0.0088971478705738432646 0.10320849144431375188 -0.0095541446581941680966 0.99993711048643862949 0.0058731074883630954298
6.512139889622725164 2.488699712301330802 -1.6293465768886199463 0.9848966995581460715 0.011875319300769793252 -0.1727352540469762332 -0.10569253961550734155 0.83143656901081108845 -0.54547439791513696594 0.13714072432639545784 0.5554927618815483914 0.82013426536649092213
7.5574241804849018322 -4.4368018418388954771 -4.4696683435884017044 -0.97918919466417830844 0.008718225821064863254 -0.20276220947645767767 -0.20261373001741034283 0.015456684768087550208 0.97913674596798527805 0.011670366815894114149 0.99984252931886241633 -0.013368586457612205085
-4.7923191117528736171 -4.2634365481278866383 7.8149434484033433179 -0.99996084550754182896 0.0085823739100178604577 0.0021564576908868794691 -0.0088395569339584818824 -0.95741982172361628223 -0.28856393954116654754 -0.00041192828813063457616 -0.2885717030971730046 0.95745819881935367857
0.33172190023383052448 -7.603777870848311693 6.7287415131850947247 0.9903302440398238371 -0.0015215322991383223219 0.13872163738637352526 -0.12487384294046542654 0.42583598350876139538 0.89614186293149888929 -0.060436173679408303205 -0.90479909377083789224 0.42152825388390297023
4.9166348203186354127 5.5851775434304036239 3.7287962565649195312 -0.67007865684319334321 -0.0098101912416175360981 0.74222527159311824096 0.45019926792801656656 0.78964264686322793718 0.41687541233817315689 -0.59018235554852460645 0.61348859027916002873 -0.52470614328096654155
-7.4435165180853068989 8.9110320947164449734 -3.0044074817234811547 -0.045492309420700212386 0.0033887543589161015986 -0.9989589411620832804 0.99194703570378350843 -0.11816980198494968224 -0.045573854973163629989 -0.11820121886774871689 -0.99298762038740562286 0.0020143523550563520105
-0.36485009397854722968 -6.9679467439180360344 -3.0905883661203268353 0.64374574630583647483 0.0086213218947290351513 0.76519088267034041095 -0.27424660381786786223 -0.93091733510073948477 0.24120886282090170383 0.71440899658913448178 -0.36512818025710624958 -0.59690970638337037535
5.788266557493535025 6.8177906015068030499 -4.2702245333682364858 -0.57796587857127368348 -0.002952731227043842166 0.81605558915141285237 0.025996038835561847968 0.99941932427271540362 0.022027715159939405265 -0.81564676740136909938 0.033945480532851041167 -0.57755350849889375286
3.3302141244594598568 -5.4933888339797407596 8.4778235296830892764 0.65731424332709398328 -0.0052989869961751288191 -0.75359797389324600925 -0.13660096188535611472 0.98257303878906232519 -0.12605713251078493053 0.74113302633967270694 0.18580135678112413844 0.6451354067846237772
4.7304254339839522103 8.1982605933920940089 4.0715186504102325316 -0.97197760053573856176 0.0043217673874044130328 -0.23503375583886398914 0.16859922964155291125 -0.6839134052049097301 -0.70981459124557466644 -0.16381038984530257863 -0.72955039339837590706 0.66401986391291356604
4.0773257374216944626 3.7053851495191203469 -5.2121835460529286621 -0.63862253745466257548 0.00064057790983412191826 -0.76951987909002284027 -0.73043382633569675644 -0.31515712827597036627 0.6059227754766505214 -0.242131534500174328 0.94903929010177467962 0.20173434473018952984
-4.1156571632802672056 -0.97296872152752822416 -8.945334087227607256 0.99807705678134817084 0.00051450817517034383441 0.061983255868459631588 0.046309925219875258673 -0.67086661156504956427 -0.74013065084055562615 0.0412016935677591567 0.74157786156862937066 -0.66960039999876808103
1.5333866830216575927 2.2892393494623379802 -2.7829392670083281658 0.97635698082336619397 -0.0011224657067248409829 -0.21616148146265490304 0.16362698829428043434 -0.64961908323463535275 0.74244276237246142891 -0.14125598995844762529 -0.76025902610103790469 -0.63407646110913529203
6.2855053323414553645 2.4083762311271508239 3.5837105645848219559 0.93532962002518960087 -0.0051813989479786402848 0.35373952989241652656 -0.24197516021206535997 0.72005701905452146327 0.65035829444283632661 -0.25808239719858910854 -0.69389555584059425808 0.67223688818821558666
-6.0870584361264183926 -7.8005462905537239493 7.0026269213337561936 -0.047369503507522892072 -0.0029018710175564817536 -0.99887321982420829158 0.73525304322775608679 -0.67699370775448264315 -0.032901095492830927103 -0.6761354099300543874 -0.73598308323290539956 0.034202465310662830134
-7.9778723728238647439 2.3313121318395326753 -0.052088561018983937922 0.16439640918523762414 0.0059200764469167820384 0.9863765879935962877 0.64629829862937260287 0.75478420190711592586 -0.11224668253579503374 -0.74516597469025303013 0.65594646217975738356 0.12025767716788032802
8.3947306931459433343 2.1245090800432384626 -8.146308020147289497 0.62215374565606351709 -0.0083555621191616739896 0.78285049744362433799 0.69805401699697056106 -0.44681533557023905834 -0.55953252385660412482 0.35446481647740524235 0.89458718998243647036 -0.27215520093994394202
-0.17546784192090175702 8.0421657202239682505 7.3324263250728467511 0.22892625929568133358 0.0078215621547364742872 -0.97341234375278762325 0.85237180992526295764 0.48136514171297911657 0.20432791779024092604 0.47016493430461003822 -0.87648526713763996732 0.10353024215722672619
3.609728548455881203 -8.8650220933516070687 -2.0796850789327550046 -0.83688347595074419338 -0.0045202929298515329842 0.54736241616735281657 -0.0068365240739988644009 0.99997422267872693169 -0.002194519730130429884 -0.54733838675847479305 -0.0055786136351398249097 -0.83689280642796282095
6.5112649137663138887 -6.7075665441650906828 3.2912915740257626673 0.99492182778495708018 -0.00921639424659160926 0.10022781387415509446 -0.094600551361450319066 0.2544159108675172476 0.96245689772572684539 -0.034369932775993261576 -0.9670509823035292607 0.25225206708068848016
4.3956328990119937217 6.8219986542974409005 -4.6922227082419771804 0.53707296866130582735 -0.0037085368389643573114 -0.84352763623261983739 -0.54068171693690458834 0.76604447804937092492 -0.34761924374288083461 0.64746884658917680522 0.6427768698426082894 0.4094166438870816549
0.93643826679980834982 -2.1548303549646918853 4.0090654935227396649 0.59059229622497588785 0.0045637450722819678656 0.80695719333214288582 -0.24292552648357729206 -0.95259265606078991073 0.18317865651230813562 0.76953747681478867904 -0.30421440440896990731 -0.5614852339356145583
-8.0210394468885937158 -5.8752890186544419748 3.5142276495850088835 0.88039226444467666433 0.00074651784704243395047 0.47424561507431067797 -0.4719834408255123015 0.098948549572012600706 0.8760369947234694088 -0.046271938501129372678 -0.99509227072106798406 0.087465881683316398787
5.9420648914860869638 -0.8711819797202803306 -8.5636671223016112009 0.98537888976996979018 -0.0069356171388793028468 0.1702361325055217478 -0.12445630007175652321 0.65307304271787547378 0.7469981460806545126 -0.11635752218055923912 -0.75726316303539353836 0.64266120852424957199
6.3342661843663083943 4.6504645786346126002 -0.90479235279398362302 -0.652495736659305825 -0.0043145054500589941418 0.75778011235740116991 0.37559860702272362953 0.86666784210805358768 0.32834819606377030343 -0.65816031485071180285 0.49886695270236375288 -0.5638765498382797281
8.1916081775806883769 -2.1163355958997258632 -8.3340066684806863861 0.95927434997250216053 -0.0042101326908608512761 0.28244467824212021734 -0.2650711139424476448 0.33213853082464211974 0.90521892429119454881 -0.097621852256140326243 -0.94322122067102309728 0.31749598869562084547
-2.2800934958994107937 6.7425112659265167281 -5.1592817286049692527 -0.78233271014523608766 0.0056351033372512406364 0.62283527216094136669 -0.31489410511479093424 0.85917726498813695724 -0.40330649621819725237 -0.53739857945596336553 -0.51164701986630978237 -0.67038801739038078598
-2.383921969363181681 -4.6139362948314674995 -5.8932144162681296962 0.066711917931737307885 -0.0043250167915573293348 0.9977629048204671447 -0.060648611614094100064 -0.99815914167068964247 -0.00027167761624762617849 0.99592733967648416904 -0.060494810762431308615 -0.066851417005656943449
-1.4712740282843086437 5.5411826040600802301 -8.5095336107409274007 -0.02351972189573994787 -0.0021218930447541054993 -0.99972112123926804017 0.64225208550404311314 0.76631074333732074333 -0.01673628726935755956 0.76613254815828990552 -0.64246660786040243885 -0.016660625335818558812
-1.7594449794976223522 -0.80393081499327445627 5.5422938106044323803 -0.15374870814904975647 0.0060046099650401998232 0.98809173632888303018 -0.88339446105066621318 0.44717464719563837505 -0.14017510866940025016 -0.44269127044418987715 -0.89442650875549090106 -0.063448085139443874403
2.0430916551947055915 3.588204506427053353 8.2545781976198533414 -0.79889178718045494865 -0.0092584968414560139816 -0.60140351895519705838 0.19103738085153834647 0.94420161514042977302 -0.26830584988686329018 0.57033028281242281743 -0.32923789302325107142 -0.75254619679090151152
0.37210481463876432517 2.2617663962639587005 4.2521210062214302994 -0.80114907242036192958 -0.005387782271341274784 -0.59844058649282572127 0.41323710417476028356 -0.72828783705677690996 -0.54665521320910193115 -0.43289174107741851261 -0.68525017197894366738 0.58569355665689082358
4.4801590298794229383 -1.1429231834651158994 -5.503963129493246953 0.25911246032290119468 -0.0037688980651248947529 -0.96583980468453056734 -0.96365689605213300517 -0.068315644030386674102 -0.25826025530822965814 -0.06500861171075952849 0.99765663842227181313 -0.021333359214318465408
-5.128564804356305018 6.676699157359836434 -4.3126190620461928305 -0.58473378810406839712 0.0077210449901432684147 0.81118849998859654526 0.80781433543101299755 0.097143470706261031422 0.58137693931821166071 -0.074312828781251713539 0.99524043907157289102 -0.063040240443195616482
5.8546497749467540928 -3.1846731971337849387 -5.0839617750636323379 -0.020078212764063352314 -0.00040044269022967895338 -0.99979833217399893819 0.80630346357853743822 0.59127388361801425098 -0.016429217043031057316 0.59116122165894446905 -0.80647072742733094675 -0.011548844508997204578
-8.0844665789415213197 -7.6292101452198028966 0.28412560628313143773 0.71993688173568493038 -0.0059045944105505432029 0.69401442498102894341 0.68983265562480877708 -0.10384530620583776184 -0.71648242100752435046 0.076300678571551872054 0.99457593382483400202 -0.070688883890166948065
7.6340041304573862391 4.7642503305623034038 1.92707199090700243 -0.68955994248854701745 0.0095299734726043729138 0.72416591007923136747 0.58656208360866113338 -0.57915043791499853931 0.56615341766675719715 0.42479643099729297306 0.81516498322019759204 0.39376902156410670264
-8.2910196360087908829 -7.9655598130002722712 4.1843178648066130521 -0.99893220434414797815 0.005936119587535073662 -0.045817175910133692285 0.0075767525977742389287 -0.95723478850426702014 -0.28921298811992413036 -0.045574597576107607477 -0.28925131315418828315 0.95616768084603476208
1.6102425327093330409 3.7839773453832084016 5.563250499689991635 0.70546564437185743657 -0.0064418550904295369258 -0.70871484188927236225 -0.58572964190469689605 -0.56831071801187416082 -0.57787863292147056971 -0.39904763024646583425 0.82278881269495751649 -0.4046968723611406582
-0.30466722184290490061 2.3018671974762874299 8.8817479860687296167 -0.84660556048487800584 0.0099459660837153823776 -0.53212790071064730579 0.28083743122716625651 -0.84095225198099909925 -0.46252529348093096573 -0.45209441732642957623 -0.54101791804589871582 0.70916165306343426078
3.5185579346358260011 1.3977970857267965066 -6.5526646165382826936 -0.97122283038148382595 0.00075949541437128533644 -0.23817144436822423881 0.10430498814867705804 -0.89764400659437704189 -0.42820054515689220942 -0.21411838592936038861 -0.44072061512029442332 0.87173313359928905619
-2.6875479249818949867 5.3354579854566965835 -6.3293726821266007576 -0.55465314719222169604 0.0059654330671520695156 -0.832060274209858175 0.3453766961345549058 0.91141413023006701 -0.22369448134559177799 0.75701705666198260136 -0.41144707657903040188 -0.50757903729117370695
1.3305805909337726778 -5.4880123102809603708 5.1978812994337797448 0.90214205055522955767 -0.0045654553129151368915 0.43141497104001558238 0.2337205774180390605 0.84568139567135902634 -0.47978919194414731964 -0.36264915870742586712 0.53366856159300402052 0.76399178925948474372
4.2612129101130706843 3.603474976728647583 2.7208087315526698902 -0.42988347889572620097 0.0042658796615356667226 -0.90287429736556656934 0.27450113618777671753 0.95327031792494498763 -0.12619360995923933899 0.86014494174172362317 -0.30208856852512960822 -0.41096614941160564127
3.0539581896792582505 -8.9122328264339110149 -3.0595999456529967553 -0.79079171555358152013 0.0021385653873968240787 0.61208160334188588259 -0.60257614582330409903 0.17286393874271543947 -0.779114912684039429 -0.10747302497083066619 -0.98494339188609580926 -0.13541072218695116014
7.6275344723843874206 -5.5181093702219605746 -5.8594318236317723958 0.44450568068630252894 0.003628227600151567693 -0.89576868431664646852 0.89398219890096264351 -0.065050404998231559084 0.44335569564148652466 -0.056661520327798586827 -0.99787538338906922597 -0.032158845440780924052
8.0117972958091367985 1.086767488821814398 -5.362979358191043211 -0.22681785691002739891 -0.0078851857626740032292 -0.97390527446561925284 0.95952423898323724316 0.1695861900769992936 -0.22484163079523444839 0.16693380301853599779 -0.98548381416477814909 -0.030899149326767065549
0.96609235869873821834 -8.7281436007697408286 4.8654221378925956998 -0.6468563703145838728 -0.011355506170968334562 -0.76252730355248210525 -0.64627760151639324082 -0.52264922335672070464 0.55602432599900597499 -0.40484824065517538427 0.85247219415295838463 0.33074017027611357644
7.2646701684250993836 3.7285756235452098828 -8.4569232886860756793 -0.76380311032601355681 -0.0041383109114343022417 -0.64543604101347951119 0.52695301830484730932 0.57345890693644874236 -0.62726820304779040693 0.37272687742602639283 -0.81922387443123534378 -0.43582900133673901921
6.6211993999535136979 -4.5134701070917060406 4.3380043528442326917 -0.99927530700862343682 0.0030122193897018680053 -0.037944529741265650702 -0.037678048572582417686 0.063303536906683388619 0.99728282190704187204 0.0054060575919832355718 0.99798977387017018259 -0.063144166728534484312
-5.1084031989923150974 -7.849806074428290259 4.1256217650962252463 0.99760627159588288748 -0.017000046316670104629 0.067027794963147632745 0.069100266679428659633 0.2818455166346541807 -0.95696826378801547186 -0.0026229786923467994508 0.95930918018021160698 0.28234556275000183279
-0.71309394173350149071 -5.7340579959222930384 3.9915689474808697668 -0.013739301195333612771 -0.0069558900921714832827 0.99988141656679463409 -0.33127843904507930928 0.94353089428948722084 0.0020118015119456808537 -0.94343300102696903142 -0.33121151416340460782 -0.015267791555554691835
-0.14259360244248797667 -7.9211175138973208831 -3.7628035669091945969 -0.76232088004259968006 -0.0045689921177801302854 -0.64718312722260717962 0.49531216169113251313 -0.64775700919086331986 -0.57885811692075495039 -0.41657260871515294776 -0.76183330286555217548 0.49606177066280437993
-1.2086579458337383119 2.2696845190784897817 -7.6311488587025682051 0.26343179135108302225 0.0022841341626466098863 -0.96467532052851912017 -0.29578023285639226669 -0.95164121512253263546 -0.083024403230128107634 -0.91821443310208661348 0.30720315820545102126 -0.25001694828884302169
-6.0165651787349752055 -7.7580004778634856777 -3.0154625702040656066 0.64671224665902837803 0.006704642688475971786 0.76270460716289145697 -0.7350267669069328047 0.27255034575688913412 0.62084777599484897159 -0.20371284189064528536 -0.96211816155494689351 0.18118973827067880178
7.2460244989322735165 4.4697609635208293 8.6653822241810249949 -0.63893410457519395074 -0.00088235789929567076326 -0.76926096446854153044 -0.76468828186260184854 0.10960669455231358826 0.63501039683701965277 0.083755845123690608744 0.99397464452254191691 -0.070706183985125625746
2.382640873693912642 2.2862825551608900732 -7.6082543240712139365 -0.5357428412521592076 0.0015453840315105826786 0.84437978412276792906 0.84174463704886670623 -0.077985728913739726931 0.53421362027303864739 0.066675138142938364383 0.99695327767864838631 0.040479477264604268871
4.7968898479306929516 3.4570827882594881153 8.7296077736220940579 -0.97483804996515266428 -0.0031188631681855869156 -0.22289246069116092075 0.13440337558961110154 0.78948672307337119936 -0.59887097668950284302 0.17783843502062887665 -0.61375971420697794656 -0.76920251185632859681
-3.4931590281506403883 -7.7710024440195297757 7.5902046235958993137 -0.52706259371479458053 0.0009137716973755707732 0.8498259747312455481 0.11174657538986748628 0.99139099248975237622 0.068239306114410452908 -0.84244746138560477888 0.13093152802741847562 -0.52262721874479223239
1.2165140094665702897 7.0874449428154342456 -3.1200292494319774583 0.99310547833632734083 -0.0049047192546983380337 0.11712152930772044834 -0.10500636360340412367 -0.48134193943013769967 0.87022043238964319478 0.052107317155390325825 -0.87651918465857969753 -0.47853834373455994555
1.5755247717296301246 -3.2389829415609439067 -1.9977217323558713602 -0.13895013254401339386 -0.0038930446528654093219 -0.99029172715392155268 0.35783187267095528661 -0.93262543648687823428 -0.046541874887644836545 -0.92339006468912077086 -0.36082494290250077817 0.1309814834724054855
-6.7507008171717375333 -2.0913045630812745479 3.4203509469410691146 0.37686885430819855314 0.0014476106602355626185 -0.92626549707731975491 -0.26475177039452757466 -0.95811179439170812699 -0.10921670897936910927 -0.88762400076004266403 0.28639080619072349032 -0.36069923676654480627
-0.66964392419233886855 -8.9007330129135411312 -6.6926194405808612231 -0.99444281783881083303 -0.0057775765271570692777 -0.10511946374641201185 0.036107293569962090052 -0.95664790994115300737 -0.28900006878250239506 -0.098892595273225677999 -0.29118962209287818643 0.95154025589326984846
-4.3954183075846602335 1.0190331276203881128 -4.8992241362062829424 0.796678486037608935 0.0079089283559226203346 -0.60435158536819033603 0.60142499843585572883 0.088770210589145429059 0.79398225482006568043 0.05992796627233338419 -0.99602073199531515613 0.065964689753342020673
-6.0712392057547921453 -4.2767188982541695097 -1.7817547833822964254 0.62566976225345671825 -0.0081594986439097582503 0.78004536482419428722 0.6454700634392378511 0.56694970491747553876 -0.51179725409347487375 -0.43807048040884799534 0.82371199740900302722 0.35998999919274315973
-5.3876766618450906421 -1.0673723676656061699 8.0672321190903737431 -0.91719404477377852736 -0.0050821918503553996024 -0.39840840297070168052 -0.35495104337579042042 -0.44383835199363730339 0.8228105943084682572 -0.1810106102916890225 0.89609245540056203794 0.40528196399078214585
-2.5562960365701190568 0.97235083354336626638 -7.3303538304395017278 -0.73592512118959363399 -0.0035712742477975083569 0.67705351487342857464 -0.67445063997628729169 0.091624654063403837556 -0.7326126241086112767 -0.05941843348454876883 -0.99578721058653252296 -0.06983753284756749613
-6.1386257301542439535 -7.9053643070080825694 0.046428178081607845984 0.95831176944197693501 0.0062418577454602325663 0.28565642257997841957 -0.28460315608739328308 0.10934434338078700966 0.95238902666691338528 -0.025290237136757244552 -0.99398433276512310197 0.10656242359803305697
2.3102478492633102825 -8.7815357069107733423 -7.0779127499162477477 0.93523393949002298076 0.00040899770482788927765 -0.35403009921030087481 0.35150281985095177539 -0.12035196843171842851 0.9284186401247871423 -0.04222849823119270013 -0.9927312004844980331 -0.11270100940835588166
8.0389741221124602077 -1.3956951715870484776 6.040197720977006135 0.032274709759273968734 -0.0058966475278400994064 0.9994616414138651761 0.99834373424196276581 0.047839093273345102697 -0.031956367976755203908 -0.047624903248747192663 0.99883764982241141084 0.0074308739628385972117
-2.3108272604815986995 -8.860397578358996995 -8.6665213427104657029 -0.4158206949816776743 -0.0069670620518394567669 0.90941993032427648203 -0.90259268287596672309 0.12569753416692974746 -0.411736054679580743 -0.11144325212220768107 -0.99204414717823374836 -0.058556055244062189813
-4.8742520283086205879 2.457856970817114739 -0.86228885391886000988 -0.94776073926033010952 -0.011646153424913598465 -0.31876942799904245396 -0.27228335817032772725 -0.49104326167872519582 0.8274891467707335968 -0.1661666452090358459 0.87105733581093380824 0.46222047093330120848
