1125 17.292696884352682929 17.968806560800352656 18.477561601407678893
7.7020746344788069138 6.9242434062282676166 -7.0188230102641551156 -0.95393925218255670728 -0.0023119283991791445866 -0.29999093008366300994 0.29712068656024825941 -0.14548770474253014395 -0.94369095862302121436 -0.041463245934033318707 -0.9893573584687255229 0.1394733540170363939
0.47993283085826027312 0.16315797623373973213 4.1288202819486636841 -0.092076769468169950006 -0.0067425358320576346191 -0.99572908300145668292 -0.50820120255090706074 0.86025382651239379328 0.041169062369079426067 0.85630216994348673509 0.50982143166133564449 -0.08263595808592176517
-8.1472720455438256693 6.9144124645137834406 3.7098082585062672756 0.4507682297554813089 0.010277700175398593943 0.89258185726704697416 -0.71460529268138839321 0.60337888170335873816 0.35393954397064336659 -0.5349273583534438492 -0.79738842103076290613 0.27932852931912804939
-4.459760395682794254 4.4444470979356252016 8.8040335234343629622 0.96583229505274559301 0.0059110242211389725508 0.25910043926253567559 -0.022733965698273593536 0.99781843783348911359 0.061980092960800620139 -0.25816882971619381504 -0.065752755930719830602 0.96385965288035357901
8.1864162993888776043 7.0709673472543768113 9.1337531269072922413 0.21538508058223576613 0.0042515548808368421041 0.97651993904057166063 -0.67394765061089456637 0.72431053628178421189 0.14549505581933028231 -0.70668510052133270971 -0.68946078301290425472 0.15887100864708061931
-4.9419025589618383876 8.1573634387254827516 -9.1451438475663273664 -0.78833049897229512393 -0.0020999972615356730411 0.61524841682146935717 -0.57829615641531406656 0.34388389865958041147 -0.73980904273874448229 -0.21002042725687003477 -0.93900982649483333287 -0.27230858576379618485
-7.9737944315104911652 2.2711430558201946006 2.7023572961659936276 -0.12470130836814731501 -0.0069392938209883112122 -0.99217006097369975226 -0.85876810408589676626 0.50160989124876254053 0.10442633961743873205 0.49695767133210078104 0.86506610337184242088 -0.068510653927460918311
-1.6912367317634000585 -4.4937764725548419165 6.3006093136057179649 -0.77165398648952776561 0.01334868831969003404 -0.63590245923029753428 -0.58822128713748245143 0.3653577497615357883 0.72146339619383403896 0.24196248158213726209 0.9307714688414908677 -0.27407778147314765249
-3.2274026603244898581 -4.0562381153219488894 -8.5329081739349810221 0.33801441489134614882 0.0016122946878639530903 0.94113955173046170977 0.23933861904963435463 0.96697489582976714484 -0.087616073105344138838 -0.91019958292520197762 0.25486653633003181207 0.3264655692444904389
3.6917579505815991681 -6.1785697358685238711 -7.445609138679367689 0.40492668491265848552 0.0020379667702597088763 0.91434688523401996818 0.067464770989529909695 0.99720514094717627174 -0.032100024049449255026 -0.9118568333467069742 0.074684359541347597466 0.40365748094023073955
-3.2125168208900425348 2.4185182390685113774 3.4197281207383709578 0.99795207026317611643 -0.0022177371411984721922 -0.063927670844714512555 -0.055862966832422457364 -0.51706865028698678621 -0.85411904312396824679 -0.031160782954628523517 0.85594105669289144434 -0.51613361939843638293
7.0003445298404276542 6.8393396246150208739 -5.9763240369568322308 0.9439807908634941791 -0.011131888392308504632 0.32981259457638556487 0.12051943535828146814 0.942024845337868455 -0.31315212991007601584 -0.30720568383645813215 0.33535842292541467868 0.89059496741876875703
6.5103606726627454293 2.201517824818026714 2.689745692411223299 -0.44596385667915305895 0.0097786518225193418824 -0.89499755111651591033 0.67140484224390284407 -0.65759576444453904376 -0.34173578740962040623 -0.59188831408281028512 -0.75330749933441454314 0.2866985090632434563
-0.65040671931887783508 4.6575980887390588947 8.7922299448106322473 0.25138003429283117818 -0.001799956493490923598 -0.96788679013391709649 -0.88038977398666495855 0.41506268127175655058 -0.2294271485133481947 0.40214664516623260804 0.90979103687179341264 0.10275380776146515738
8.3973429245589432668 3.6915795643395021841 5.8333629010885523769 -0.97788933387298004885 -0.0079073630911123925225 0.20897350144523182958 0.18871657975882075164 -0.46391958349659223604 0.86554299290836100855 0.090102737036246244307 0.88584202522634991617 0.45515426299358585638
-5.8259799299548715723 6.9552415252890646968 7.8896726838877588861 0.14631575828555767882 0.0031542820512640316541 0.9892329095727779853 0.49240985736197140366 0.86707423920687787255 -0.075596270254812705791 -0.85797682442466560726 0.49816896150652106856 0.12531342522437513565
-4.6592552917557297221 4.3061490511986599827 -0.79670231293905224845 0.95195374511643882087 0.0014432670554154923212 -0.30623844327403793031 -0.29908241192731105373 0.21934464573370451856 -0.92867520547460447045 0.065831436520687333647 0.97564637208765547793 0.2092376127694130783
-8.0092442934231975471 -8.7920075558812040839 6.1642717989989357363 0.99554273881918653455 -0.0025518489536964887587 -0.094276949735469128822 -0.036288271730507519475 0.91230976496001003895 -0.40788975727936799265 0.08705065490449986898 0.40949283366819588803 0.90815075987139814995
-0.5590240282678754502 -4.0771811704405811483 -6.4093372360703870783 0.95552400460457798115 0.0094719582036277612941 -0.29476118915489080141 0.28449635004580187125 -0.29290198631564756671 0.91283637812177165216 -0.077689789772030226622 -0.95609555402161838789 -0.28256961645771594416
8.3160321968352448607 6.8065315150609917438 0.86304194606771045262 -0.92973248950851317129 0.0073367690944350369767 -0.36816255889422444536 -0.17330269859860625292 0.87343759504752382927 0.45505268070438981143 0.32490563647122661095 0.48688082666812265709 -0.81079182779081726551
-4.7995553108990360869 -6.7357337474075649197 5.8640164887142969263 -0.048975098261922464515 -0.0044448389355308381282 0.99879010966110226555 -0.73911045051010626494 0.67276319643651583124 -0.033247909214390088117 -0.67180144514352768681 -0.73984452753756679844 -0.036233870560526126869
0.59380240190168032122 -0.91856399567999980071 -3.6015799979391367458 -0.48788159398807789957 -0.0094711439310631445609 0.87285843507425953103 -0.77377199800232654425 -0.45814625559074423355 -0.43746874585043715733 0.40404015314741703602 -0.8888263643260061464 0.21619261949433291048
6.3800219458334250788 -8.7130037762690832892 5.0335014143998790814 -0.98830897189217148391 -0.0016463101239532033915 -0.15245545493891773936 -0.035550247476438458227 -0.96989073632146816095 0.24093181504785457503 -0.14826178193337441469 0.24353490357833318392 0.9584931897292364722
4.002725117301245028 -7.7692717348887416762 -2.3027917619853561781 0.0039058244019317851781 0.0014241550134757472931 -0.99999135812183526095 -0.63350270426593979778 -0.77373221064923947132 -0.0035762958336950432907 -0.77373061734922721211 0.63351119799620314588 -0.0021198560966412512488
4.4869164127689398214 -1.1911577619217927904 4.1322908548807015805 -0.9462875879072089047 0.0037214169218818963017 0.32330473554962574356 -0.20957247256023542326 -0.76849920334112431508 -0.60455632757333244154 0.24620962555875819389 -0.63983992179310866799 0.72800116398417935581
-4.3847428060128867955 -7.7727554786714403434 2.6773294462038528252 0.21021029642375818614 -0.012539537636942882023 -0.97757577265052297832 0.68557611335529000662 -0.71097144604307460636 0.15654071581681078262 -0.69699140889561894685 -0.70310906899833147676 -0.14085671094522861369
-5.2809019475304053159 -2.9235756510388202223 0.5147020115253009287 0.99561393693892552559 0.0011358527317052876347 -0.093549978147744405899 -0.029382370169771389323 0.95312971719797068282 -0.30113189554975494655 0.088823222729672648978 0.30255983215330017888 0.94898260419838387225
-4.886231966836581897 5.9578107842201486477 6.2745503018470190071 -0.21969571976645393963 0.00060364045423019199385 0.97556825816277481511 0.65469820034989589796 -0.74128083561170665661 0.1478951967211489249 0.72325932913079549191 0.67119472463136620188 0.16246102440972115533
-5.7282265085365118296 -3.4686642278111379234 1.6411523781593271298 -0.96428511233269631475 -0.00085592495315366676559 0.26486504020984985575 -0.23951186984145200753 -0.42413215655765984513 -0.87335329505213699086 0.11308530557914237002 -0.90559990126213607553 0.40877932004434669455
-4.3494129719634919695 -3.2571366173332272353 -0.78376147039422450202 -0.97133886558432658287 -0.0033995228662663584326 -0.23767467565958719233 -0.05854955926263319399 0.97251174242190474573 0.22537271343635328913 0.23037525326249416735 0.23282902331073127011 -0.94483749321693843992
-2.5865701116711607987 -4.4666307645159637474 -1.0281155559598305071 -0.97781459455320296481 0.0036326069534723024433 0.20944073826569442609 -0.099557704358441356796 0.87164367259335540083 -0.47992246408247424272 -0.18430106397277939978 -0.49012662873462509161 -0.85194425030270926058
6.7678734165591567518 5.6925865969729141369 1.7062814673035158197 0.99989188851990185025 -0.008335933306265455936 0.012112947121659948385 0.014491518554754802967 0.41907556828645198266 -0.90783570317286399476 0.0024914176760547183942 0.90791309070928738478 0.41915106173857336058
-5.4821994334565582463 3.2784506599049754172 9.1573007215606754272 -0.98348267851250359417 0.0068170030436164874565 0.18087384978200637953 -0.18056405033344891109 -0.10644467475219997199 -0.97778635444744699257 0.012587485556717400298 -0.99429525780127803181 0.10591739951945555731
-0.47942741564388696718 0.5256477663914838061 -5.2116760609815706573 0.20315988254908956545 -0.0060182677986778676527 -0.97912708193336506213 -0.69009356760851248147 0.70852093552735462278 -0.14754305088675709334 0.69461998968364591089 0.70566413000241068332 0.13978986214944200128
4.3678342628923951807 6.4783793883381504131 0.9079618355229583937 0.67934229694452907822 -0.0081834788383538387135 0.73377590193161479348 0.47362555000723632892 -0.75888786585151846165 -0.44695418718584856155 0.56051126836288778232 0.65116989928667723397 -0.51166872124524087617
7.576114079958329306 -5.3630610685915351965 7.9119806197996318531 -0.68423429432673643635 -0.003131551939543205168 0.72925552713013297446 0.68794812991955056614 0.32903001675823906336 0.64688995865774334693 -0.2419727278174375884 0.94431427049165916898 -0.22297927602826850269
-7.1558420125761363906 7.8698016419175553793 -1.4368657261720598761 0.76372969974796034442 0.0074443958857052924469 0.64549324294936860635 -0.60108942322795655411 -0.35641736392012823842 0.71530285053228825909 0.23538999767774310135 -0.93429719236783304037 -0.26773177870229369901
7.8989611470487490763 -8.1242528058397347479 -3.9595671077373575386 0.98751828609679914717 -0.0064454354970802183594 0.15737245942532729348 0.15693511674643270681 -0.044608540351901121435 -0.9866009564456769132 0.013379228532674378518 0.99898375086326374195 -0.043040234141271616064
4.3084015287400116989 -5.4444925369020751305 1.8178756628767278603 -0.98294575952737384128 -0.011059641447092238495 -0.18356284525570948363 0.12856726062284340451 -0.75502831362419764449 -0.64296399986408980798 -0.13148419419555107401 -0.65559890936197817712 0.74357378700443566011
-3.9400585789985447249 8.1670717654726203705 7.2301612343248020665 0.76233698952238160285 -0.003822170236975701383 0.64716899293828811235 0.63845366613324505689 0.16810387752186362054 -0.75107789380511003063 -0.10592086955340079824 0.98576187660953140668 0.13059208251745996199
-5.6115182938130949708 -6.5710663697632645253 -7.8376641069222667824 -0.22924582507806934295 0.0010985528364824445439 0.97336793909898611243 0.93727492097907794122 0.27004020291970964873 0.22044049381028951728 -0.26260631025983061093 0.96284842108645296577 -0.062935235145381435151
5.9525104736259821792 1.397016096018488085 -4.2993193871956618679 -0.8937953148992331398 0.015669050284457110983 -0.44820131183135630826 0.29034015860089285033 -0.7414733325200612013 -0.6049131255522238737 -0.34180773450538465275 -0.67079935750176711284 0.65817603618427433787
-4.4905824305108978933 4.433214336538024547 3.7402401238990239385 -0.10832789238738822768 0.0021318674750747512031 -0.9941129326550568468 -0.9536832175341445339 -0.28251377564728930025 0.10331644188216872193 -0.28063034106205814178 0.95926087260484482755 0.032637248119424561166
3.3426212943050073179 -0.90692208578621646975 -6.1270795619554165867 -0.4237197781554679632 -0.007435529393068023192 0.90576280697665290109 -0.1307993985019383909 -0.98898332943655853366 -0.069307225079078049745 0.89629965243292264443 -0.14784007237308621763 0.41807923417613329642
1.5658663451280836476 3.6490573931717427136 8.9896427166770518369 -0.32213324676457005813 -0.0041393406369157987809 0.94668528941132124022 -0.31960914764703240998 -0.94080320645585346906 -0.11286859378309664625 0.89111175733972758373 -0.33892800501191172602 0.30174102032946104046
-5.5815554332104593271 -8.9198586366400238745 5.2284714473243134591 -0.039581819581936419916 0.0068675586841230248925 -0.99919273225752136547 0.92112437674347413807 -0.38729455177302091196 -0.039151152417779097603 -0.38725077421138687228 -0.92193045659879335751 0.0090039473604832942488
3.9296832287616747514 -5.2855274338416187163 -3.8384658180888160395 0.87708162870500194774 -0.0093638032852693797031 0.48025007629003302334 -0.20242742817338951755 0.89948588293598885635 0.38723156214616982762 -0.43560412407545684443 -0.4368494770365165536 0.78702705258541794109
-5.094004282877399703 7.965867509816230374 4.7729255607827996144 0.70334610849433931712 0.00056035879946454616313 0.71084733780474962384 -0.63301238301102025208 -0.45448211743211136548 0.62669077533434081051 0.32341857494683479146 -0.89075568532158200252 -0.3193035146170331573
-3.1756312293330108965 -8.751508165459839006 7.3525703143951082197 -0.74368309779959151928 0.0070201460710300079421 -0.66849545069234517225 0.26176874263567723178 -0.91704518507509313885 -0.30084091129613105275 -0.61515248144349865544 -0.39872151444298942202 0.68015334924872705713
1.4472078958480187882 1.3119079030618785442 1.5169358128704018007 0.22556409172297320342 0.001456947295775519631 -0.97422724137102345576 -0.062902815093105232669 -0.99789049043825039931 -0.016056305490574979827 -0.97219549288121931419 0.064903361986875365841 -0.22499661602842813135
-3.6601567764420153139 -8.7860203627620236944 -2.5225246634052478356 -0.77161747699436478154 -0.0037779403788177384933 -0.63607562157615915588 -0.63351005044705577252 0.094482704671702874566 0.76794403083859141823 0.057196898339422187763 0.99551933466126418804 -0.075297869398404118635
-3.4387554340188621893 3.6743577023034084128 -4.9924557459379270696 -0.013866731522745680272 0.0014712438029723582094 0.99990276987248627449 -0.78195693294793466865 0.62322149210420318965 -0.011761241156468380323 -0.62317819985224620627 -0.78204399314945360899 -0.0074915958184518923954
-5.3141057639731847928 -5.298571673004575544 -0.85925533850280555459 -0.98010648925080079419 -0.00081455074461840581979 0.19847066845140545754 -0.043709785134805168028 -0.97455363501603575749 -0.21985146613240783009 0.19359939155887534445 -0.22415295890126007983 0.95513073796426217754
-3.2481593991655888232 -1.8294343970873849781 -6.2472344848963627939 -0.36395113473929463499 0.0059707824608017778106 0.93139890556025517476 0.15196838835444004268 -0.9861990055568741198 0.065704873331950394699 0.91893698394545775265 0.165456553800066547 0.35802087696340478828
7.2186664273026046601 8.3778870691273557014 -7.9971525812923500709 -0.51282337346170281389 0.0012102421875344485189 -0.85849328648809208886 -0.45802735674893668705 -0.84616969708464406796 0.27241105742047316829 -0.72610132082311207302 0.53291216823156639659 0.43448992261059238285
-3.9549487377222809492 1.2659356837917585814 3.0707480433721534574 -0.073425349584768762057 0.0044192323993118469774 -0.99729092466716950938 -0.49401850653225209964 -0.86884292990969036463 0.032521967176837744684 -0.86634544682912006941 0.49506810999134698292 0.065978278452694896772
7.0555055246855262752 -4.2973469554698091599 -5.1496592197826744908 -0.95134029356190175086 -0.0057552166433745728658 -0.30808849918004532764 0.21805295985818121118 0.69387905453691078872 -0.68628329745979765875 0.2177258655803146481 -0.72006856281640296835 -0.6588601614158021702
-7.6703611594575100696 7.8485598993051146621 1.9944378956943817904 0.15514218381388872325 -0.00058732545396597427359 -0.98789197681236917692 0.19807770825328652187 0.97971091816143751618 0.030524389074233382324 0.96783062789662499537 -0.20041499914911703462 0.15211082742982393046
2.8544241482623080586 -1.0202329417573152703 -3.4601771077356460182 -0.71274353466095607956 -0.0084650261369952142787 -0.70137365015475228169 -0.69899617239266409463 0.091708186815633793709 0.70922067049071113587 0.058318134223280755635 0.99574994441534903089 -0.071281438097183472125
-5.2758303693651322774 -3.3546338497472429907 3.9008355873667808211 -0.017772789540656218354 0.0027629887454842664077 -0.99983823383835179754 0.71551405446350957451 -0.69844473596392275816 -0.014648845335585370872 -0.69837222583478686389 -0.71565865934643790869 0.010436354018379558409
-3.6312476791403911491 4.8154865353935916161 5.5627248910246303026 0.76364951061850594449 0.00016337704425289402421 -0.64563100780590287897 -0.28103921316920787987 -0.90020429031222903848 -0.33263973960503323557 -0.58125414888299897775 0.43546780479320956747 -0.68739465039766922683
7.1050324609600501446 8.7721505337739582586 -4.9964245566785585595 0.90306291040982056284 -0.00086629286607289683608 0.42950742645358308547 0.16569616298648437436 0.92329115943002337819 -0.34652303890199592784 -0.39626021931750182725 0.38409983657250668099 0.8339335429944672029
-2.6875269549987392814 4.6260905658229898307 -5.2572798933671611721 -0.0021804989313140635265 0.0065492706436906956285 -0.9999761759552296958 0.35053863605016166716 0.93653287947036523153 0.0053693860935717842991 0.9365457330321254048 -0.35051857686146187243 -0.0043378813414711994353
7.7895566545529444369 -8.7161082442008304128 -8.2959098781777740328 0.56453988541964839065 -0.0066932250943216725636 0.82537865159447310059 -0.39751699962427483603 0.87415657867859974939 0.27898120180870061846 -0.72337746217312026697 -0.48559806083912654406 0.49083558400874305327
-0.3260910103730556564 7.0330346423235061692 -5.1397744124951039169 -0.99913556775226830542 -0.0045348066801990981681 -0.041322545672143405626 -0.013243346729121748678 -0.90751871423793162297 0.4198028073693694795 -0.039404708092708011502 0.41998716508493461053 0.90667416977869341732
1.1445631105812388295 3.7310401809512274696 -4.4836798409715603597 -0.35533716561001643663 -0.0062528215839221714528 -0.93471728397335762661 -0.42787369168257632923 0.89015061444527598944 0.15670350209430849997 0.83105932562119022577 0.45562351324856509294 -0.3189790141574737059
2.6459401624263425568 -2.9577280885860934845 -6.6557945598241250451 -0.1952509955280510856 -0.004148968661152557455 0.98074453085620072468 0.65337490315834212407 -0.7463194130934800441 0.12691953971932506962 0.73142209747035380474 0.66557502935365808749 0.14843044038563885101
-0.87287194406645096656 8.4219567644827098007 -5.9159079356548893713 -0.99885660152742816731 -0.00098015874197370672118 -0.047796745434206790171 0.047600852277269803392 0.072309903659043925361 -0.99624567085407200739 0.0044326569609416293163 -0.99738173089440063102 -0.072180568234136474604
6.0116359108449746174 -3.1790112655042612744 6.4786417858000815428 -0.33444440971740990731 -0.0054339272688299954453 0.94239981390222016255 0.18577338775801924275 0.97998198827836024982 0.071578984698397851716 -0.92392379837804994303 0.19901199733685967508 -0.32674001852599815487
5.546623006084494989 2.3083347221777210656 -1.4136722469650708778 0.63323147945215840782 -0.010442948172957933206 -0.77389200684848302725 0.5976496412399756597 0.64192594986815143532 0.4803602618986257955 0.49176498427231835064 -0.76669551956371528867 0.41272894316290287264
4.8735091395157938976 -4.2269248695724765952 -8.2277998467479704914 -0.010239007398813743804 -0.0036977681553911770709 -0.99994074286354428516 0.97234658434792031745 -0.23336544021051150444 -0.0090934714308946763828 -0.23331798609377327192 -0.97238207399468179482 0.0059849427045975990558
-2.0786695753073902715 -4.263611959685002617 7.7724091654734834833 -0.60231935691739368899 -0.015808587612834198999 -0.7980986661060069931 0.33359647904708544797 -0.91329653721113257525 -0.23367247224510082071 -0.72520671635733557903 -0.40698835815719153208 0.55536987213430466515
-1.80011914214444535 -6.8312440115441317445 6.046480694463294725 0.57581899743033615469 0.0035599055726637301653 0.8175694522609721071 0.33606334444482544033 0.91057453660011833385 -0.24065627316979648631 -0.74531463873900105632 0.41332957838479111867 0.52312976297813840176
5.6133021497625694707 5.7122201982451832336 4.0353856144609663303 -0.95334477311520626763 0.0098041142116894793718 -0.30172441551670836635 -0.12160224108486453187 -0.92727166016373163693 0.35409061442029265976 -0.27630895486299966723 0.374260801583679803 0.88520179273471044645
-7.3437013741985364135 -8.6469268497851281552 -4.0591717185174829297 0.660325455839982145 0.0049369128913482182228 0.75096332750743499673 0.70731347610933603676 0.33192516297063145991 -0.62412605513699648263 -0.25234488083520539847 0.94329280346985366901 0.21568668952478134426
-0.2956067973719104236 -6.231750227429236233 -5.2028879971579549135 0.055118720264586973379 -0.013504836986601017126 0.99838847451994350291 -0.72311637424900532256 0.68896881776017848686 0.049241013872166859711 -0.68852351882092466262 -0.72466515545596399406 0.028209510780635639604
6.4474167170870035903 6.4233117441840246187 -4.9715691244686528449 -0.9159847091300109545 0.0058995359023663977716 -0.40116979960582560549 -0.26188611120869742521 -0.76629552046716409297 0.58669143514113664128 -0.30395341319954644055 0.64246118232019677752 0.70345998593833181101
4.6806321560256618497 -5.3471664385842752054 8.0051479626660722033 0.41878491708244802716 -0.0034936544252655533579 -0.90807873425318730298 -0.84657863915758757578 -0.36326883007253985003 -0.38902488971765486481 -0.3285175808785517626 0.93167781527556980947 -0.1550891600897064404
6.4772733657326320156 6.8151936585127206314 2.321622360701334209 -0.95887206178062556194 -0.0010379483047270698752 0.28383673440936735277 0.27581617992064966227 -0.23947649725154271372 0.93090087665547260887 0.067005999960984011232 0.97090160671783864998 0.22991360560407500535
3.8161345854900634578 3.7664117107390389094 -3.821752231608488426 -0.96916811431615623729 0.011399078671438363231 -0.24613660271923232248 0.20247993720430751408 -0.53239164380739756322 -0.82192518676197379168 -0.14041026038886061933 -0.84642140722535452735 0.51366892077311099296
-5.8205646258236045654 -0.93606808571773070238 9.1210267511230860293 0.47646066885647153644 0.01295485503576216009 -0.8791003371424047641 -0.85835797483838305322 0.22325677947847577531 -0.46192856314430497111 0.19028089253642299639 0.97467357722880743065 0.11749297760977565896
4.2423434998644902194 2.234328171126439333 -2.2892741260751563459 0.47569880074279924376 0.00078312607383702013963 -0.87960788859885963298 -0.083077685257708644428 -0.99548935269531846348 -0.045815356406162056901 -0.87567616684711713226 0.094870097417262419515 -0.47348803092781044377
8.2478753077467246158 2.5218290100999278813 5.1403923314728157123 0.99910370097434619829 0.005645361892442009831 -0.041951455141454430109 -0.023463092855308835538 -0.75102650003665205602 -0.65985504432132402464 -0.035231775047945411428 0.6602479277755165521 -0.75022089806616087948
-7.5730728693390556572 -8.8864545704797333059 8.5628141077477160081 -0.6313467911480715733 -0.0075887795372919959747 -0.77546349993542706969 -0.75714116378280205133 0.22232734661713085544 0.614253863684481205 0.16774530518758618003 0.97494254259980006605 -0.14611143424182843065
-8.450840970239774208 2.2096089013877038276 0.4448377505543257282 -0.65238427029206358387 -0.0013359173097742152274 0.75788718105034924566 0.52543197017211940025 -0.72146047851489047975 0.45101665452860945082 0.546183127344982422 0.69245432576183663098 0.47137140148443806842
8.3072312716688205825 2.4973649607928738448 -5.0664781890993300095 0.90344505852708090199 -0.0016160917461329545215 0.42870084496113963768 0.36394601200102999483 -0.5255862225539077448 -0.76896191258719526207 0.22656197070889039225 0.85073880298757875718 -0.47425010545013174257
0.70166594507925450497 7.8881517006187493735 5.876504119106659374 -0.15775131415906232246 -0.011092871977783556187 -0.98741656410673028788 -0.96481185203459896016 0.21474841629116261932 0.15172741306086423574 0.21036305059308418874 0.97660640274974885866 -0.044579379240963043496
0.91409620346859299378 -8.7019240726492483873 -2.1196210380916733484 -0.10267113194312305069 0.0066360289014859409965 0.99469321993570125606 -0.17810042118686045254 0.98369605953556293887 -0.02494599020782815868 -0.97864134320949103252 -0.17971651447436151616 -0.099815308378149822377
5.6112454523383856753 -6.5782454267902483735 5.1347781767846365497 0.7523773713352334136 -0.0042725164129328611559 -0.65871848061674764807 0.50685621689181692417 0.64245824974751108982 0.57475575049732285926 0.42074346875584894834 -0.76630877780086026352 0.48553660064342696323
6.6569437537335858224 7.6917867400827057978 -4.9187188180202214838 0.82794637273479920747 0.015426898902007454492 0.56059505408614840327 -0.47884551903197242195 -0.50087467103955118919 0.72099343465399523545 0.29191055612709093658 -0.86538232862781105936 -0.40731026567005323979
2.096118110582786187 -2.2099654020552610412 6.398891061155345561 0.38599013715857355411 0.0078323016936905388852 0.9224696575315323166 -0.7940648048637922729 0.51179303215660643112 0.32791611413970672695 -0.46954520516441622391 -0.85907307447399072764 0.20376641779504159335
7.4304433930645963358 -6.5893681836867363799 0.98873579529946742372 -0.12885129797687169817 0.0091140082516747746022 0.99162204385713648147 -0.85439171712317052432 0.50659049671052058805 -0.11567567745181599193 -0.50340057282546257778 -0.86213862197228996465 -0.057487909883748619655
-7.4382209295205017341 -0.95676997350181003377 -6.9950413940108360222 -0.99410300745758573004 -0.0015795710929462501888 0.1084283888968344961 -0.0071563137348507593199 -0.99675858598043665104 -0.080131819199911996643 0.10820350150216062612 -0.080435230028392257218 0.99086940412608404127
6.4476314421375970909 4.6881501092521142837 -2.8088469479607085511 0.99924554482928829025 0.0038115262067359677312 0.038649882367424670537 0.011317226788084748176 0.92340654540250455273 -0.38365645085888805399 -0.037151870973955211652 0.38380440874984128596 0.92266674065329157273
8.04113015379236451 -2.1259426607919120755 -6.6638411092608551556 0.76928558666778601438 0.0079266780067099567447 -0.63885589448694224401 -0.26700287947195605609 -0.90443129029287483434 -0.33273638738919320001 -0.58043875516605292209 0.42654567037393908979 -0.69364950990136331477
-1.0635658684361075643 6.9940259069852297458 -9.1828011165593110832 -0.86017722011115593794 0.004830146657443086522 -0.50997237149253027422 -0.45892448234747301727 -0.44348952419401721503 0.76987360094537848898 -0.22244880198503572122 0.89626654049640952504 0.38369625862387773951
-3.4111857264315363913 -4.3925708025164471593 -3.329441693210772435 -0.99739785587956486523 0.0097433714727230592845 0.071432372208488734144 0.059507037761988998414 0.67061539000067993399 0.73941457326133142036 -0.040699257287531723226 0.74174123884716147703 -0.66945015128063301013
-0.35778249210811829961 5.8932356481677556914 8.9010858135575094963 0.708789601897716115 -0.0013808681788217199576 -0.70541859448471511129 0.70186515515193403925 -0.098884561451113128783 0.70541274973607837051 -0.070729090374119757412 -0.99509795332390837963 -0.069119165686200051413
-2.9993245723035233397 -1.0642037021536181474 6.9838821502735717317 0.98199437377585718778 -0.011889544877399099709 0.18853564277061293786 0.13289589331242090964 -0.6658203076661483033 -0.73418117616842915041 0.13425993971778293901 0.74601739699680225115 -0.65225172438636125349
2.1250238732821955523 4.6554717857322760466 7.2234623905164987434 -0.26461756070756858872 -0.0051378972777329735486 -0.96433974748352602191 -0.88086971559635962592 -0.40570147189255723053 0.24387468062371725486 -0.39248705801614103272 0.91399120220907503764 0.10282991575396603634
-0.35320841333887265101 2.3349350807747510927 3.4404624172740665422 -0.50880375546766365424 -0.0013660310378186368667 -0.86088145082868194891 0.54904054864802365188 -0.77074513657454812865 -0.32327451243058946684 -0.6630785883756047383 -0.63714211005534027166 0.39290802642818617452
7.6607606515549466764 -1.298004950335423624 -3.6438795517800497414 -0.64091910899773962829 -0.020474054001606657727 0.76733533010969134924 -0.74253924199510668025 0.26992433351150624254 -0.61300597735721473747 -0.19457176007607407398 -0.96266383919362774613 -0.18820245186991022002
-4.3440698270429951577 5.858672931601073941 -4.2113529080502924984 -0.23749002173482122724 0.0046264907665552832544 0.97137896063255857459 0.3482081594936548008 -0.93312757179006855512 0.089576852070803070216 0.90683491730212684168 0.35951568859803595402 0.21999750547110655252
5.6298397031758486975 -3.4228719579437774101 -2.4233234641527867659 -0.14650951727764871535 -0.0062599503273086673852 -0.98918945322370488427 0.57314046527175921408 0.81449513789459593305 -0.090042642199465686148 0.80625366257461206221 -0.58013660750573525782 -0.11574345863471052764
7.9699207616578071622 -7.7229569224040295339 0.87571086483711679804 0.98424892833916433066 0.0047469340120072324105 0.17672440035519940138 0.08561669522316639469 -0.88739102398229330326 -0.45299773956930394769 0.15467329621628134184 0.46099309883474576255 -0.87382008117459952778
-8.5836849826059076207 4.5392429170385142356 0.59323480986331467157 -0.90300204220509516784 0.003054696631789124029 0.42962539566697011129 -0.40411273588445006943 0.3334894516003542031 -0.85174977685202746258 -0.14587737476912174261 -0.94274888199334572203 -0.2999072140358804428
6.9933025527480427996 -7.9521502519929452291 3.2520209763072318587 -0.99407131607723764333 0.0025318684189688683318 -0.10870054367274156748 -0.07518517781521670551 -0.73820131391794630016 0.67037751242614884717 -0.078545576510464551467 0.67457572575076973909 0.73401511063367830268
4.5789713470397606088 3.4571278460970593649 6.9063167849937148191 0.89283126450120131601 0.0065219518409344061013 0.45034408764134709058 0.20851544155014134496 0.88029802676178603438 -0.42614163691737722006 -0.39921628694768268586 0.47437627282958311215 0.78459767270378555359
1.212319347686337645 2.500592740982003459 7.2607696050404646471 -0.96963842393068355729 -0.0023166690145969212611 -0.24453212443740171556 0.12549780979786573365 -0.86294881478444140921 -0.48945851999724127035 -0.20988479357281966675 -0.50528603395183346869 0.83703906558787866121
3.7054087822093428883 1.3283097714599703121 -5.3116201070044057886 -0.21232120184355035564 0.003685715937109119468 -0.977192981322369425 -0.15614919779210251205 -0.98727157152167877019 0.030203842374005075017 -0.96464352756673654721 0.15900081623468159675 0.2101942081984521371
-2.3253986879273051969 5.9655089310914952705 -8.6667682705443418456 -0.37773338110248139143 -0.0048887317272828228337 -0.92590150291651185377 0.92468768529803724299 0.049466261801335557891 -0.37749936900856018163 0.047646379288019291565 -0.99876383056530870785 -0.014164508295752937031
-0.45289231514751937535 -6.3662409144261458138 4.0379308680272281151 0.59416031395067359089 -0.0017970482069140578107 0.80434463505603936984 0.59382743112988845002 -0.67352028315823531113 -0.44015839218607155647 0.54253341220916861953 0.73916655686801935321 -0.39911188637326772133
3.4690923703502711817 4.4949591794412251389 4.2569596784550896018 -0.39754449742120412381 -0.0089359526206568788004 -0.91753938407081625517 -0.42916201689606769953 -0.88202971325744727871 0.1945341825601634711 -0.81103534807286825625 0.47110904648638596282 0.34681108761784068539
6.1983525494278026713 -7.7280694303529982037 -2.4795882281014236526 0.15490385523867522544 0.0034115017610122427491 0.98792365964562744995 -0.21167568162659286535 -0.97665580857739198173 0.036562786813143483 0.96498611463574124336 -0.21478313068621168735 -0.15056561802916768045
-8.0539796299971193605 -6.3927102525123524757 -6.9796180948930999222 0.94946498791287103902 0.011366214742842762481 -0.31366709405086012907 -0.041443683005161061073 -0.986054387120527287 -0.1611805409448655857 -0.31112482682481579221 0.16603479997489609121 -0.935753058947896732
8.1107854083763761821 1.0355853112739350497 -2.7206570608250784105 -0.10816555094462280973 -0.017007444345689768511 -0.99398740456073764182 -0.91192072744161234432 -0.39643502409885089666 0.10601819905069344296 -0.39585451930109805119 0.91790523394554657255 0.027371171775629896811
1.1645397204714214023 -8.9252327845399026529 5.6184393354145374389 -0.33285181867688834467 0.0076488109703561710934 -0.94294812290718255099 -0.14736085034855056497 0.98725971760956054979 0.060025242772040209027 0.93139381927724018695 0.15893314844945616304 -0.32748405722406254137
4.9494203210450020691 3.576090813144530145 -7.14128120843720815 -0.97668352874322306167 -0.007642782886517519858 -0.21454806583019087052 -0.17761456166220870867 -0.53259434901875257751 0.82752421528252251282 -0.12059167536481116279 0.84633613137045016206 0.518818658656046372
5.2913383649567569122 -4.3122449928220278892 2.5884405273559591976 -0.80518717256141514316 -0.0045746126905789764178 -0.59300311134209160446 0.26849247483884219889 0.88879679820389390077 -0.37141895812870856508 0.52875836456513403139 -0.45827865368257802992 -0.71441953184474316085
-4.1090588987599403481 -7.6926978011321365258 5.8739957260586805887 -0.065221418858676424857 0.0053176574863526004933 0.99785664754049607783 -0.0016003149462197963429 0.99998395740023249267 -0.0054335930938485326944 -0.9978695333128410061 -0.0019512715583212417517 -0.065211862610863119416
2.0511507634663841415 -5.3235498933236202745 6.9561534934600848246 -0.12797687469679244754 0.0094911968505115608397 0.99173173626999922003 0.79199739174392458363 0.60286055080012723728 0.096432814746822859142 -0.59696067794600704559 0.79779011868511195971 -0.084669212319414738355
3.3396368528714579504 -6.4347250769412935867 -5.5198843873541383331 -0.98057350098738449429 0.00483458905224865617 -0.19609241675691063689 0.14320386636887699749 0.70081376200514788888 -0.69882238347185543503 0.13404574524341558717 -0.7133279033747061959 -0.6878917359941837395
0.44562457093150326104 2.5259831651676440956 -8.719359245316443463 0.89222977887666887753 0.0030168409910305855198 -0.45157161154821989779 0.44905795784708263385 0.099645231166363701369 0.887928926435105903 0.047675698003408782666 -0.9950184553948310251 0.087551706115045729861
-5.7604407343115680007 -7.6012741374950492101 -4.202736045404599885 0.63565379433109292506 0.0038322115058840207358 0.77196474524899483249 -0.70763861000315408933 -0.39676843328847877235 0.5846558029971369308 0.30853176722165670531 -0.91791073885230967111 -0.24949553926742457088
6.4956578410280441105 4.7545674213846869094 7.0830349170455368935 0.9691983831205138733 0.0024194811238998055816 -0.24626944647586854198 0.24530908755994493275 -0.098247863680410496556 0.96445363229266545257 -0.021861969647824167767 -0.99515903422176155146 -0.095815191330853685669
0.92547679667181281804 2.5378397656654603232 -5.8427781180390940818 -0.66689477029952159981 -0.0091512591666809278701 0.74509571184028478008 0.31744948396161959403 -0.90813477693390820544 0.2729781164409668115 0.67414923457615394398 0.41857792748656497128 0.60853539596445760385
3.5023399474936596221 3.5650988512682375564 -9.010731731057804339 -0.97800298823804387993 0.014785180195322581223 -0.20806622369891311641 -0.113750105441922017 -0.87391862858841795614 0.47257501427618081591 -0.17484584212850418083 0.48584733101330040972 0.8563768460425273954
-2.1510975699795280569 -7.543039872976208926 6.9813090910935757805 0.52698273927381888981 0.002378727040307897396 0.84987265761708163936 -0.6377410753207398697 -0.65988242607259817163 0.39729271904911278579 0.56176108209476971478 -0.75136510793218069804 -0.34622963654967103819
-0.053914387677569793056 5.7885719739857615096 -2.0831562053816785607 0.68504690985857197294 0.00039391734212917972613 0.72849885114687717991 0.71828256390781397567 -0.16725175888265300661 -0.67534954470754704481 0.12157668230058410463 0.985914141281934997 -0.11485824454942973605
3.1925777263631527347 -2.5808365699435702467 -2.2729864142832076901 -0.0055498617900616685483 -0.020199162406341539949 -0.99978057236193573765 -0.50579435153500007516 0.86253021582540456702 -0.01461850686906713756 0.8626362344518131442 0.50560223558237515906 -0.015003545738346115226
7.748968678437778479 -2.3218354624625541227 3.2575198430051015563 0.13188852144454391024 0.012280824111343131844 -0.99118847817679678336 -0.33622401645798594139 -0.94009256166404431276 -0.056386046683867839524 -0.93250138266276072496 0.34069804352648364043 -0.11985830997086505123
-0.76673981221116638274 -8.6726412668513397364 -6.3924073806736281256 0.99853367271973891839 -0.0042801050297703330944 0.053964665715938081592 0.024378314124706122051 0.92561941081663623443 -0.37766970241193187352 -0.048334276092178760087 0.37843148259659348254 0.92436649156830730245
-1.7851282819371754318 1.9201520638298070764 -6.4183249703949831755 0.85702654519344378947 0.0096310819946869748176 0.51518224260289535721 0.33325853028102470077 -0.77291903944824602579 -0.53993972853834804049 0.39299396029566779909 0.63443155715842436404 -0.66562177432301539159
-8.4824023844650433546 -5.4946369870876177188 -2.244309098358351573 0.54065348934154577876 -0.0059430105379895056816 0.84122439639413681967 0.79709301920833641741 0.32332095141703381946 -0.51000615790794523452 -0.2689545002267748619 0.94627070281198388813 0.17954173277380489071
-8.28674524914536903 -1.0522595098709277561 -9.2181576227724519867 0.72641575526786750228 -0.0098670817123124171522 0.68718468492630280231 0.68166280350116181808 0.13764701804888562764 -0.71860219923503487749 -0.087498416110488030917 0.99043219814428162806 0.10671498515876351454
-1.4770853919576265589 1.4604690480256816709 -8.3337827395367796157 -0.87018341664111165112 -0.0064014404491563436234 0.49268635353853801329 -0.45317430879151965328 0.40292739235749208682 -0.79516197239259278629 -0.19342664566761452738 -0.91520955963532613087 -0.35352170329073318022
-7.1475931502376663929 -8.0756585719089759579 -0.13828666793072202923 -0.022557127224587025793 0.010177898919460318106 -0.99969374629695995083 -0.99225223461975498029 -0.12242747127869041401 0.021142780522518462433 -0.12217478832933327537 0.99242527408863157046 0.012860654991986972609
3.9715417904616763245 -7.6233757291211343698 -6.8182860973488290668 -0.18641918009818739255 0.0067396808238359999163 -0.98244718229222716133 -0.51638218912610711619 0.85004230598768071303 0.10381480041014753968 0.83582134696643817229 0.5266712966673749996 -0.1549839385931126301
5.725535516163655636 -1.0154338058456149341 7.0770612087039355131 0.002462155193147082255 0.0024118579085573724555 0.99999406034889226635 0.92912769419519181113 -0.36975637849813552949 -0.0013958650226934890548 0.36975081564604245221 0.92912561233750612377 -0.0031513215649890610748
-1.4740852184456887386 -7.8049752436017083568 5.6396624482189130489 0.55112580478852346566 -0.01619612654433271598 0.83426496557198348558 -0.40046757452777625996 -0.8822733354408234252 0.24742571273406091525 0.73204239566282014451 -0.47045876233224115381 -0.49272962555233112969
-6.1752804802754557301 2.3131828031104055832 -1.6818728288346402877 -0.83941328270953130541 -0.0014262239762567029827 0.54349177242686785849 -0.54188369033671768271 -0.07471698813025581809 -0.83712570013811593572 0.041801997053797015913 -0.99720375930388327479 0.061945584768999070735
