1125 17.292696884352682929 17.968806560800352656 18.477561601407678893
-6.347983823873255993 6.6066993196705947611 -8.4520133254830440706 0.99985816115680636873 0.0071969416996544048268 0.015227002275712758078 -0.0044357457829920605638 -0.75965420542455952546 0.65031208841618748373 0.016247514501558955186 -0.65028739201315710616 -0.75951453314707462194
-4.8418705041476259865 0.9528918523162523968 6.3412394943430125949 0.93804699122861334715 -0.0087341375608163025757 0.34639797500572389044 -0.32014499773842169938 0.36062367081420332315 0.87604665884374777196 -0.1325708213373184563 -0.93267051142907742012 0.33548575892351401029
7.1010737668148458113 6.6181526737220872647 -0.4386964610524738406 0.89676426579615353685 -0.0034375828010876838259 0.44249523682818286963 0.27536997521460382377 0.78709597847384316083 -0.55195226009195241801 -0.34638883980518070382 0.61682096567388811081 0.70678615433809710566
-5.587794379889150953 1.9989979709764145177 -8.3944760082782217125 0.6269098544525425476 0.0096820723894004458165 0.77903163726821067492 -0.11676558863824980372 -0.98746111160448979405 0.10623723631142953372 0.77029204312419874423 -0.1575652580466188335 -0.61791856887167895263
-5.2214795203618828978 6.5536762408230169186 6.2844483859328752473 -0.042732414891920492139 0.0012777811219761500694 0.99908573605719896982 -0.08661116966446463783 0.99622975193229101887 -0.0049786197789668676719 -0.99532529657745572038 -0.086744732641026042752 -0.042460632969523903757
-4.905611535781177146 8.7244934041773625211 -9.0891496594632901207 0.34693002613447793125 -0.0053186382471285412535 0.93787593478736497321 0.92481088700040303685 -0.16448495808383120642 -0.34302991392846110541 0.15609093584153838075 0.98636525215105763653 -0.052146036251921601412
-3.566222158014339616 2.2453467740399712937 -3.5871905475432264154 -0.75166472492072178291 -0.0061338391413853516482 -0.65951688176058853585 -0.0024735812990992252919 0.99997593814953822378 -0.0064810892053007423258 0.65954076652286341975 -0.0032402375094215700099 -0.7516618110265262942
0.78678602433490041346 -4.7220625534437568049 4.6981646551630653619 -0.74409679916605908634 -0.0099710442535373734751 0.66799740399754747866 -0.60721522323290477718 0.42704627037944520307 -0.67001578759702373755 -0.2785850429314830623 -0.9041747957289157922 -0.32381833274755111862
-0.35229997477338115264 -2.3897217552868781354 8.8775674175319210235 -0.9785714589967207111 -0.0034485627131097523063 0.20587862213484622864 0.1466630347062786166 0.69012707982862375733 0.70867098708633524673 -0.14452630863502796688 0.72367998528532351266 -0.67483288672824015553
-0.23822032052822908477 -7.1466999910454012124 -8.0484996663739263312 0.25073556022358195472 0.0088553004862575827871 0.96801511480590807235 0.95797124629816432506 -0.14622814466105671372 -0.24679631475178459565 0.13936559871601453264 0.98921125820649624671 -0.045147719015176245028
-7.1790905103938271736 0.031821448540721435083 8.0820041504999640125 -0.017728156207669421712 -4.4775530840771016194e-05 -0.99984284288723812573 -0.89549438720053131657 -0.44478878127885951299 0.015897878498002063902 -0.44471959139413180795 0.89563549396156660887 0.0078451887572905942836
-6.501938889932784349 7.8915744044017746006 -5.9484737989518157164 0.46663680810741747784 0.0075396189027328317303 -0.88441689460668004852 0.28936600427898889754 -0.94623230097934707405 0.14460894906977511676 -0.83577353684298072434 -0.32340004132679150972 -0.44372853005284301764
7.6652529946325804744 2.0593337862452414377 6.6743978603227338553 -0.36793971563005323233 0.0049556930509063283619 -0.92983644086936001472 -0.84739336405035903255 0.40989920557205533624 0.33750130049415033584 0.38281177127381560421 0.91211736217336258914 -0.14661877572960621552
2.5695785450125003813 4.2760790858651649415 1.803159514955342102 -0.30380133558845812125 -0.0065779597518389092484 0.9527126948562947284 0.90945558948548499423 -0.2999719773091726327 0.28793635335363559902 0.28389307714024947238 0.95392533422424352629 0.097114249609199829183
-7.0777564691424075249 3.1223135957907186544 5.2767480368396375567 0.99596259170650425219 0.0026265585195035354334 0.089730803582130563845 -0.016048032509368301279 -0.97826017124909925293 0.20675951731568031899 0.088323137250413907839 -0.20736474757872366825 -0.97426838442374463778
-3.6992214359162929327 6.783718741610246461 6.5912413235135920431 -0.23923872383291580612 -0.0085799161356506208759 0.97092286926287652005 0.75094541265208103464 0.63225310469169038186 0.19062266083644241466 -0.61550452495109997386 0.77471439682424514395 -0.14481637724294105229
-4.1037272131128652575 3.2616688509054792 -2.208050866465440798 0.76544128458055837871 -0.0015338745332425054481 0.64350391380974025779 -0.50202079780089781114 -0.62703387567292490079 0.5956539577083009851 0.40258509465042169317 -0.7789904787525788743 -0.48072765218753626959
7.9687923380291003639 8.8194113847794888272 7.9719117093027040966 -0.47471227400006377195 -0.0026508087479064999098 -0.88013705189976443322 0.17070442214078626608 0.98072942711694433005 -0.095025212698852709603 0.86342820035913359078 -0.19535292165672216158 -0.46511179174978467543
-1.2415665432727722717 -4.7098462068625055466 -8.4645481090516518918 -0.061105001085501355063 5.725350123787873325e-05 0.9981313418404069715 -0.98542208212599013972 0.15906878530101692393 -0.060336072136409818478 -0.15877499456885640905 -0.98726750086525771888 -0.0096634794341860525552
8.1783325138209708172 8.0763280163156156988 2.2922385798808777579 0.57559961433533024522 -0.0038814912407636762912 0.81772245780753505251 0.5828154497913072829 -0.69949130777915968782 -0.41356748158701356344 0.57359500996942403006 0.71463056495466636964 -0.40036473392520421921
-5.2945695558307521722 -7.0267592733890689161 0.64599590489253122527 -0.34698162087425094002 -0.00083681199352754866497 0.93787155544931788409 -0.91825520551578299067 -0.20315423211753652621 -0.33990548026730477149 0.19081701265475811691 -0.97914639238389777898 0.069722377778571403839
4.9174900981075060358 -0.22173399540141619513 -5.5493507633635177356 -0.46429293352869455136 0.00052452347729353742192 0.88568154364333351314 -0.8537615915405867284 0.26578267640376751491 -0.44771722519242451721 -0.23563364930667538011 -0.96403282817494784229 -0.12295320050985761307
5.4183304948033308435 8.7631732917470177568 4.4128723378693388568 -0.99389180065983739887 0.0078238253185095724129 -0.11008122609559498062 -0.037051710635180104547 0.91592862009817010982 0.39962724334572768958 0.10395315926076093005 0.40126493821721465061 -0.91004405939355337285
1.7134407727695153412 -8.9722138385328076282 -2.6029239274471827059 0.94808449041874021113 -0.0054244118000118558831 -0.31797228618891754115 0.085785010931214919494 0.96715294481359381784 0.23928249672338647303 0.30622986615796526921 -0.25413728001864044348 0.91740804006597109765
2.1114300895682576176 -0.0072667339819675533241 3.0241456395253454303 0.58383512131868020578 -0.0045209701362054401791 -0.81185966271504017566 -0.55136125487454190619 0.73180503615233982728 -0.4005772780440262637 0.59593398773518235778 0.68149904614107947864 0.42476079429624019612
-5.4536261132443923927 -7.9081109214289124765 4.7424046335215317427 -0.46175604266262015862 -0.0026564424444136475537 0.88700298780673081378 0.61704106928904978169 -0.71934546076730099262 0.31906492581367429384 0.63721399535432188266 0.69464742955494340748 0.33380124735775978939
8.4605821507206808718 -3.3768173301380941531 0.12630288327995811692 0.10886418164411376663 -0.0091329072325738881039 0.99401467794010089918 -0.84481970091810409951 -0.52781890287564947606 0.087674846494438102296 0.5238590105131152308 -0.8493078333398146329 -0.065176232874578993171
-4.3423440969498496855 6.5972492180065618328 3.4918307464901126025 -0.39644058619372224417 0.0039933465832532964029 0.91805169505953443387 -0.4774504773520897305 -0.85501581093492773356 -0.20245741460208541151 0.78414023190667814234 -0.51858655616405135991 0.34086959452437348705
6.192244037852097982 -3.1893336380317713896 2.0371779600661694687 0.98291398039100130735 0.001778238118740187515 -0.18405690701651339358 -0.17469565570193676396 -0.30596261069995667192 -0.93587836214554431802 -0.05797874636620389821 0.95204186815638536245 -0.300424277059866629
0.91362067499790811098 -4.5471899445128904915 -4.1783122817572886376 -0.10554303386605794202 0.0053356813006862815335 0.99440042161477792959 -0.615604954724793485 0.7849797729201121177 -0.069550670913915146887 -0.78095531736506484943 -0.61949841534205152271 -0.079564474911942698054
-4.3147330846327021092 -4.7385329324149889629 1.2388442569679061211 -0.99994507732361470609 -0.0019488341342522143632 -0.010297785276858831272 -0.0025184682312662026379 0.9984501675121777442 0.05559604583797258387 0.010173477962786421983 0.055618926999495360564 -0.99840023803364597033
-8.5033963374361256626 6.7925114931783125982 5.1993636222875041497 -0.99693622875091814084 0.0013410133517186835321 -0.078207144731015490469 0.060565728427871674822 -0.61947502908209295391 -0.78267648545466761423 -0.049496952873722972754 -0.78501521643019389618 0.61749587984793408157
4.2365316550444980237 3.2049829621652388134 -7.5450454595346281295 0.58600580860444761999 0.0037991459739123408304 0.8102979444447031554 0.38255202949429883974 -0.8828283554876334982 -0.27252163120814648645 0.71431865229145652396 0.46968038200085765466 -0.51879591531906377178
-2.2307697046953594011 -3.0426598492489045356 8.6137236636504450615 -0.0063372004881988982725 0.0059635449565510444125 0.99996213729397598335 -0.743524330652552079 0.66865228962699119197 -0.0086997301359078311328 -0.66867885387348113824 -0.74355131074346270115 0.00019665715573147658085
2.3805506581877229344 6.7435757810400502876 -3.7364938798393469988 0.42906001016074768462 -0.0079615817230355660078 0.90324089859607026298 0.87104225915720179252 0.26839544084569760818 -0.4113991615145086711 -0.23915035112365434777 0.96327592129626748996 0.12209262470699902559
4.6668779649738612036 -4.7672153020366900833 -8.3518958223411878805 -0.19841991137790662703 2.5621151196555252971e-05 0.98011710428525289363 0.94992199381403896741 -0.24630006969893847302 0.19231349753599888408 0.24140783839164708935 0.96919362101161987688 0.048846499907070968505
6.3266359746524392094 7.7290520371919653186 -3.3898333643014240124 -0.25449873445472626088 -0.0040077083320388040208 0.9670648026039422307 0.0079004464033530438782 -0.99996665894957315057 -0.0020649299760272911766 0.96704083528454409802 0.0071147215757756095481 0.25452191188450867809
7.655944408010748603 -6.6481634250533137021 -4.7040852500726142438 -0.057203507602068257021 0.0025432590253652090362 0.99835929932636391371 -0.88248546617079137722 -0.46774110377700878205 -0.049372683083419563466 0.46684811311117541122 -0.88386186232397800921 0.029000820912316919997
-0.22819752996566877723 -5.77405945349886629 5.9863399101519245704 0.73685702804185237991 -0.0059697103117851927495 -0.67602225021392348125 0.67318589515712168314 -0.085446755520992373478 0.73451998102973969917 -0.062148779445770879759 -0.99632485391550229537 -0.058943317548886473012
-5.4989828786995307297 7.6420598637740777548 4.7247056965072733448 0.95269489293353626369 -0.0042249399483813114553 0.30389898134232190552 -0.28273650286917539898 -0.3791512739732083026 0.88108137047010293141 0.11150117005528906167 -0.92532505711609513988 -0.36241002710929665076
-3.7983029230564744338 -6.4710134962770320399 -3.8245119685555972744 0.58269979494934798225 -0.0036569897369479794497 0.81267925738997359719 -0.77411239445834334472 0.3019317836872749683 0.55640560632148072795 -0.24740846734130977902 -0.953322518576582012 0.17310466736164925594
0.82120164202257905917 1.1393699803107657509 -3.9080696714887914744 -0.96151448059451238848 0.012054666057330900783 -0.27448968766293729837 0.27216974839842161815 0.178495743342963753 -0.94554899273667736281 0.037596963491074497643 -0.98386683785685347114 -0.17490715737658857343
-6.6728038533674984834 3.1476051018495074807 0.84182630988946771655 -0.94633506443746295833 -0.0020303585913288482029 -0.32318079067318750131 0.30280716760678844102 0.34391158348837863601 -0.88883780409501045305 0.11295027694544237939 -0.93899984046141704574 -0.32484078338694866162
5.0665310812518766781 1.0345383224226687435 -1.7008374370329233383 -0.63852483276502236542 -0.0064249615520873271102 -0.76957440043906566451 0.52567524446852986753 -0.73398833399786833631 -0.43003100226379425974 -0.56209569940993475701 -0.679131684891902343 0.4720472214521482246
-3.6359768179859184301 2.1726253347464954402 -6.4477744473040994322 -0.99955868747768672478 0.01322444444677186963 -0.026599705951531878861 -0.0078927920340650346842 -0.98148679769254154603 -0.19136710738531151343 -0.028637983894575131522 -0.19107270873729093053 0.981158033068141755
-6.7276050863546137393 8.7211615513516207443 8.0348871671093569091 0.4052857079126128137 -0.0056036639405809846731 0.91417290154115138368 -0.54526699296651626181 -0.80411825014438165216 0.23680740310589942776 0.73377612481116494259 -0.59444296508156402314 -0.32895312724153247252
-0.49824829748980170585 -4.6322350534022191937 -5.28705529852769196 0.089519963269746954948 0.0086697783206188885896 0.99594729334457343661 0.93736738454801760145 0.33725394904965688703 -0.087190367794823364633 -0.33664307888620781384 0.94137378803226168245 0.022064193702478269304
-8.6317922079432349847 7.7661007626837417206 -3.368188695197668725 0.94921960923118242626 0.0022109754348350867809 0.31460649236608545509 -0.040682662948769918176 -0.99071718786348161867 0.1297088069766856866 0.31197284238635963893 -0.13592117296286385097 -0.94031823355389854147
-1.5273308051858820455 6.7130529037647042045 8.0478825587240248041 0.2599443607692675795 0.0079754937383753783664 0.96559065902892116107 0.93061882816753660475 -0.26887040207605555908 -0.24830888737114273357 0.25763836275761903272 0.96314334259606748656 -0.077313489434298388048
2.7674961293673869811 4.3668079401006050233 5.4350785657871387713 0.43798745768937674683 -0.0032256086290931660493 0.89897529574255574669 0.16128941310123140473 0.98404935932270909404 -0.075050540555666428455 -0.88439398015144754517 0.17786639329924530672 0.43152153365342049707
-1.7706006318195381954 -7.7641974730608973587 -3.0105336837108107595 -0.61233353970469828198 0.0094182359962039028517 -0.79054344155371403247 -0.32152368566493305657 -0.91647093781896260545 0.23812505052981938758 -0.72226737134479346292 0.39999039608984554572 0.56421407934099265802
-0.99671632461246439938 0.83591682311694437413 -8.9614947045003408022 -0.85871968906725415493 -0.0079816984797978027949 -0.51238343854750478812 0.17192346422613694057 0.93744003016392729588 -0.30273505296581371127 0.48274508599963095179 -0.34805528632001508926 -0.80362596996864144039
-7.4264985673926604548 -5.6293809889977453054 -2.2396978557543381072 -0.53758007314354916417 -0.0071358567372335904647 0.84318250960728280408 0.73429947524227556777 0.48759535212502524981 0.47228704539201443735 -0.41450204537242946179 0.87304057874474350065 -0.25688168920232762327
-2.5942668283189420642 -1.8967812819943408176 8.7500125234202172919 0.0050459231427747129606 -0.0016101813662061145033 -0.99998597288944290895 -0.41650251892314438251 0.9091275700274410454 -0.0035655499863856830907 0.90912055877653230596 0.41651466808745873927 0.0039167432503519486811
5.9374353867211207003 -8.9358638616855738945 8.1675674804114315464 0.14831307038687835398 0.010280803089792515254 -0.98888701995735939221 -0.98861339527352309897 -0.024173726687429245019 -0.14852335043176301266 -0.025432023865430426757 0.9996549084690955489 0.0065784600211891731958
-3.3058202708658543933 -1.242877193463045371 2.1134620628241380658 -0.53849558255106366733 0.0048101290934414097852 0.84261460361854612078 0.49583794465770281157 -0.80671735399242971987 0.32148381515179419443 0.68129820211881175762 0.59091790751762629519 0.43202868696907892332
5.7544120064250554591 -4.6192022656380204992 -3.0313833068241611279 0.77166875856706207415 -0.00029304126804441171447 0.63602456020068920406 0.0028317973822937175625 -0.99998839917483861583 -0.0038964650016495875826 0.63601832361593757525 0.0048078729952977551643 -0.77165897673910943677
-6.5853109802066089884 6.3571806247339068818 0.47014919834353491312 0.80967984697657102711 -0.0086862329001346633151 0.58680754490547948343 0.13997063631048881072 -0.96817718856556211904 -0.20746361732141188616 0.56993575635407944802 0.25011493537795614905 -0.78269774033788219736
0.57778138324385186486 0.16740142828999021729 2.8676811947944513825 0.39439014763133672936 -0.0093631611427083278471 -0.91889539266699205022 0.19795103222814869337 0.97733826995433525919 0.075001966123341617942 0.89736937784331605172 -0.21147632798003335175 0.38730603198617358229
-5.6665890393964790661 -2.4094688381767555008 1.8363210736282187252 0.80551981540701200757 -0.003513368568665232311 0.59255842178455420122 -0.34671702367441675774 -0.81373527105555421013 0.46649996155917911045 0.48054670166492824412 -0.58122505527681467274 -0.65669803002414173232
-5.2271665024393065835 4.3734773397104245163 -8.1369093974883330844 -0.91823677938146897048 0.010680521039725845989 -0.39588779150394881601 -0.36469610818897318927 0.36691007387773894033 0.85578837708788113581 0.1543954845951228394 0.93019510005034589106 -0.33301518010360547928
-8.5930057270318300766 8.818966789317190802 -5.4979817274757403212 0.42935227708115814016 -0.0072278930119819111144 0.90310817720126956853 -0.5832706093824607807 0.76123990658772899831 0.28338878038642673074 -0.68953028823672990466 -0.6484300750125393531 0.32262426973693658638
-0.28481133040771666742 4.3591092841458651819 -7.5427591119825789789 -0.18316093904113231461 -0.0071344263709629904963 -0.98305705346613470041 0.76042655515736867766 -0.63479301668973997508 -0.13707399524873595253 -0.62305980822162043697 -0.77264929037852403404 0.12169449230190522437
3.2713309147676681299 -8.1534934181464961966 7.6121512099500110438 -0.3329275648873607496 0.012627919778352697869 -0.94286784449357785576 0.80255516597491804998 0.52873682798211085743 -0.27630159663376346879 0.49503983890703906479 -0.84869187717179417341 -0.1861656668599312725
3.067314505436038452 7.5873289421629941387 -4.8837392325573176777 0.024820306250858084618 -0.0074139388876908983439 0.99966443665257664897 0.38926238412911923215 0.92112255865091818841 -0.0028334160186134042803 -0.92079245690843092298 0.3892020881938459409 0.02574851152755448444
1.9498989688941166243 3.4415577998328021891 -5.2471332588345980241 -0.92343056332492834404 -0.0053287162766546183196 0.38372854923797566906 -0.15181822144532919339 -0.91326126483415859258 -0.37802789551923698941 0.35245882362989178205 -0.40733949837498373281 0.84252436802077568245
-1.7379368438268789632 -4.6796588512799255355 -5.5518245397292087517 -0.014090135603279180243 -0.010015799680757921097 0.99985056475226297135 -0.41195313442268027826 0.91119897752817269332 0.0033224073867638486898 -0.91109608885008208645 -0.41184476093363264759 -0.016964957227127576422
-2.1250555816455580782 7.6443697536846109131 -6.3029606284772734526 -0.53641055747194654746 -0.00027910184954164744819 -0.84395712920440368876 -0.52942607805076657979 -0.77865517106436499262 0.33675533025432985434 -0.65724557184714715863 0.62745202739104732892 0.41753109059140158799
7.1829460439194647847 -4.6205191686552877783 -5.5422281098726839943 -0.26737287398994813437 -0.0036369645130588678685 -0.96358627986456335535 -0.92989664580100439562 -0.26116236735767223154 0.25901051330729446542 -0.25259448604829254359 0.96528803492270265352 0.066445731636915944529
4.3618289489571653306 2.1801705482901301281 0.04099046538844765275 -0.93769302777942120652 -0.0098275571764891243159 -0.34732579053901024846 -0.33017433370292315065 -0.28619795293350142051 0.89948632068541778395 -0.10824368349928772948 0.95812011295889631945 0.26512101788789455004
5.9278801287861941915 -5.7638920304137686301 -6.5135023592648684243 -0.94976475343511590488 0.0062908227289640772026 0.31290148398834877197 0.14053865105864674079 -0.88475022722664709018 0.44437137957052347259 0.27963512063290874021 0.46602302622538371857 0.83942047767288574533
-7.3129498811928890234 -4.6230065116372811573 -7.9670122150529909533 0.1989420044813793309 0.00010503395387876810971 0.98001125902750851893 0.97971049310166413715 0.024752022052835023075 -0.19888360191421081136 -0.02427814982650465872 0.99969361625045094488 0.0048213140154123798609
-1.669365444986216751 -8.0661907365118192814 8.0462897811821747496 -0.32398306484175909414 -0.0024751083067630266082 -0.94605964269397258004 0.037336091285830833031 0.9991840947780359361 -0.015400033443299675218 0.94532586444205990439 -0.040311519215084239132 -0.32362631449774614811
-4.4451682076540617317 7.8247128597486943491 2.906716267533173248 -0.51766007275333791871 0.0023561596810294932469 0.8555831330671611612 -0.79024538667625632282 -0.38460014234583300707 -0.47706913476418300046 0.32793334370599658278 -0.92308026683449384553 0.20095408198596745319
-3.3286438440123435889 7.8306411107106228542 3.2032409165733062295 -0.47670529345986301095 -0.0017555052033528806277 0.87906142071474957511 0.76030891565495994922 0.50110575805840562591 0.41330784170650664011 -0.44122830367371640437 0.86538427154772712413 -0.23754504119202110579
8.4166184066333666891 -4.5416988896532668463 -0.4023192393856306337 0.9411928691414993553 0.01433949419186312732 -0.33756534476075017448 -0.24881848927320984743 -0.64648394116449792168 -0.721212779429399653 -0.22857240094321273904 0.76279282424697014697 -0.60489814415689036053
6.4497454874657815793 5.6518945765293899797 -4.0248555965797159217 -0.38346392432982556731 -0.0065041491857971882665 -0.92353295273128621634 0.42511435043075057605 -0.88898358997779491908 -0.17025265286634885809 -0.81989829112863443772 -0.45789286169756393541 0.34365814323403559571
3.8472631751351848983 -3.8235287793274901347 2.5690555405923847232 -0.71243029534541146841 -0.009821458920453295105 0.70167415031381019652 0.56382624418877202999 -0.60330429848380895397 0.56402472445360274378 0.417783485358074691 0.79745060184044691542 0.4353498558477135183
3.7794722671707461359 6.4973112153405949698 6.5664294940294443137 0.81297459496492352482 0.0036138444026903148582 0.58228794257698668346 0.33402031566958545472 0.81620932140526969434 -0.4714157107808356062 -0.47697246950092847539 0.57774499892238873056 0.66235034502767742293
1.8135041731340204585 3.5191941758662257378 -3.8219276742070564801 0.94836792813444514838 -0.0050837200993922755654 -0.31713156367013095593 -0.31704698720182289406 0.012910088832762066022 -0.94832195878429281777 0.0089152000612822898673 0.99990373806500421061 0.010631736057205434104
-6.153393434685640706 -2.2937010133755393326 -4.5156324687651423488 0.98293663452868085262 0.0040354734204547347554 -0.18390021059194799902 -0.15462262137681426211 -0.52340865325764174276 -0.83793509692212531093 -0.099636426371327579954 0.85207223675542764774 -0.51385356463745146538
0.25899386736996088398 3.450651301136121063 -1.3050661812819701613 -0.24861439689226774719 0.00082420830808167897669 -0.96860218993070723581 0.27849891995085590546 -0.95771150242177127687 -0.072298199945965244129 -0.92770104734446678929 -0.28772903713362690814 0.23787132644781144863
-7.499210971799390002 0.83766600800087054335 4.3636876347544513166 0.53385667251904511676 -0.0053448594963820365844 0.84555809125327463516 -0.81749059860799822008 -0.25884211125045425428 0.51449964298421424491 0.21611611322233853505 -0.96590485759230448881 -0.1425539606090838185
-8.079652058673721271 7.6337458913890881007 8.5611883795280299125 0.97854104512552497752 -0.017693375333642055725 -0.20529093373533457978 0.1073488743284640029 0.89419223157889315967 0.43462221775228071508 0.17587962413279431551 -0.44733342984043555912 0.87690316475752105863
-6.0919556558609020414 1.0308504535096645327 -0.33445734150763889447 -0.72500444991136792083 0.0099998589544859715211 -0.68867158386971394357 0.094736141991863503931 -0.98894265968803718447 -0.11409416834238184091 -0.68219763339463945773 -0.14796086871218450121 0.71604048092319849683
-6.9780958243330832858 0.86773429804350288297 0.98667436269032826601 -0.81883507951189304919 0.0051403286163502117517 -0.57400582713275649649 0.41609902451775498955 0.69416820701444237329 -0.58736028310181864764 0.39543737096516146101 -0.71979446885331699324 -0.57054816470830871378
6.097559850689683536 8.7377822158498759109 2.9057665462938992995 0.89228458093699736242 0.0086058806283860686537 0.45139136615655039986 -0.16531994589173121257 0.93660363147133540718 0.3089384291493005863 -0.42011610551406247671 -0.35028499301793480925 0.83713970253132141686
-4.856741700475977197 8.0023856623737898985 -3.9998615722451851262 -0.8675351692106682 0.0071462175807239236569 -0.49732450347536127921 0.27778871731473397944 -0.82245147354206415979 -0.49639399895776636917 -0.41257261023420277457 -0.5687903877906076433 0.71152043965150058025
4.2927642164489947518 -6.7457687488980582202 3.2071195933054283955 0.98741559668167844244 4.0973526755680445e-05 -0.15814688663001366664 -0.076201119099005634738 -0.87613723989715064366 -0.47600097301758781398 -0.1385778801890927836 0.48206175453619765081 -0.86510845327939689398
3.9091713738470841299 7.6381557617375683833 -8.5803922826499441356 0.87700962072796795344 -0.0060250537288300907296 0.48043503606466864131 0.41394454723800033769 -0.49818205116190455994 -0.76188224530580417326 0.24393449317962501155 0.86705152247582295555 -0.43441641360503896463
2.4313075202300789002 -2.3401493485856970089 8.2968906884897020149 -0.63935171277758839903 -0.0014648685855059321789 0.76891302598426514159 -0.48609685987571388255 0.7755853597881762207 -0.40271229494660809589 -0.59576776531405517545 -0.63124100297929242043 -0.49658389620535337006
3.7769832254086654899 -8.1667960012342692977 -6.3885491652474950541 0.50522103296390263871 -0.00064023099507533114908 0.86298974382974136255 0.18276510902566858729 0.97739619994291626615 -0.10627127203520422838 -0.84341485804658145042 0.21141489645105013273 0.49391812963784326174
5.7462481361095845145 -1.2075490138919702243 -4.3062014104238253154 -0.99995047880150988995 -0.0091427673722410153501 0.0039306169058816488315 0.0099151680498780932205 -0.88136838023835528677 0.47232559507068438975 -0.00085404158403551075351 0.47234117766832228735 0.88141538589481371879
5.0320918052713494717 3.169445087492736679 -4.4789920238007079334 0.38068685854192207962 -0.001694543409042343577 0.92470246255556254322 0.26893597687172582367 0.95697461307080489146 -0.10896343552784652775 -0.88473213803835981661 0.29016670805009348033 0.36476338284140957802
-4.6611304562056377065 -2.3128358155341275371 8.4366764944360799205 0.12128578471746898071 -0.010718463119638650671 -0.99255975788544104077 -0.71379107026105959033 -0.6958081494424616098 -0.079707761133987642399 -0.68977682364742298748 0.71814771023625456614 -0.092042380679723645454
-1.7929182134817809313 6.5989419425093354121 5.2363920816893649857 -0.45772018907771921947 -0.0068061721795481169156 0.88907024724231742407 -0.88120452832196105586 0.13641084631039657182 -0.45262640253751978969 -0.11819817162705659186 -0.99062897041682562715 -0.068435628110520160816
-0.96752588406840445145 -4.6355681450300476598 -2.6502057666665126412 -0.67893224912013527828 -0.0053641324518621906481 -0.73418133127165463581 -0.71337626101919249244 -0.2316543418225572859 0.66138534617060684706 -0.17362405167254921223 0.97278337362324140969 0.15345095855988510891
-0.09478563141751564225 4.5214116333022884575 6.0289050754266986232 0.041048842580119655754 0.009078911710101431054 -0.99911589211912665842 0.99768368181375155501 0.053913709133807406759 0.041479910920988849465 0.054242636047645523267 -0.99850432414151835125 -0.0068447867026487536901
-1.2055564030137406739 0.9840906153126939282 4.6045175047649031796 -0.98109424815173595924 -0.0045920504362814886651 0.19347606910447648354 0.062456577762113912877 0.93871459528304757036 0.3389897999894302405 -0.18317546816531027343 0.3446647961069046473 -0.92068068633313548954
-3.8299979498312759496 4.4023249663048567015 2.9187603747547830046 0.93616707923977116046 -0.0043381051018486771476 0.35152863409919588022 -0.1557451932899403535 0.891326940374163601 0.4257695622401937996 -0.31517397499582744391 -0.45334034257638899934 0.83375529940011738894
-2.8263675583685001769 2.2026802054135541376 7.4742921723084805308 0.798528392296564693 0.002857025255335200048 -0.60195036680995361866 0.31662763421996065194 0.84848333656534524749 0.4240553841416310199 0.51195639261952663457 -0.52921438470422565992 0.67663342149037675188
6.20606162884247059 -0.21084285395736007684 -3.6530105649729662787 0.99907197272523207143 -0.0096766763088653694191 -0.041970885751641630323 0.042758604474738524936 0.10549537153625747343 0.99350008974726278232 -0.0051860445951815220197 -0.99437271106964197909 0.10581123012916246462
-5.9291223142808560098 5.507273124414955312 8.7242823705453957928 -0.42554516300659456229 0.0049273193312199302721 0.90492377345601660021 0.057233190397968120022 0.99812975011746729592 0.02147938190440868908 -0.90312550410149261548 0.060932121695616500712 -0.42503129342092688114
4.5344398672610690681 -4.6085512508870980497 -2.5095532149887658235 -0.63912226015353790221 -0.00079793274542664565166 -0.76910473921283928345 0.68650661813857483118 0.45024871071629379848 -0.57095075247382376382 0.34674399753759421738 -0.8929028288687692605 -0.28721618751347688381
7.4770664078308159972 -7.7994386274383575852 1.6194951044647551974 0.74661301804863766662 -0.0017998112728138887864 0.66525616266207310279 -0.30946539158673769254 -0.88615218302171183673 0.34491372825105459654 0.58889742119507826335 -0.46339083849941548054 -0.66216973511647059247
-7.2611853168918143453 4.4214403955912908728 -3.567802997901598161 0.99965298700675786492 0.0080710449638907045405 0.025075163045691978986 0.025433195267383100491 -0.047828218750766766931 -0.99853172912524579274 -0.0068598941002310457465 0.99882296715901253137 -0.048016894200124643488
-7.0860789734903439907 -6.787955186247036643 2.9501725172059933833 0.059166289481809575257 0.0056400078642634392939 0.9982322077052905307 -0.73308201875285106119 -0.67849463722084590867 0.047284046398122218935 0.67756188202279143962 -0.73458370358582580906 -0.036009421766610691384
-2.2979147759005633667 4.3506540608337447296 6.2025327762069677462 0.89256828693750223103 -0.0077612609157976554519 0.45084544578221352751 0.079455939441352846364 -0.98149932372554160587 -0.1742005488336264285 0.44385651605134529563 0.19130823389343623586 -0.87543849173058918556
-4.6625388718369160657 3.0808133115931237711 8.4356222896869699213 0.4580957579145628622 0.0061513912735762961426 0.88888156520767869218 -0.60003463772671028487 0.73991402953949447774 0.30411455476286941568 -0.65582521307797136956 -0.6726733154183341945 0.34264252598795513771
5.9035897559158536652 2.0552888229822863231 8.7649964455216338166 -0.21865063235524884178 0.0005612064510691211483 -0.97580304673531093052 0.61952394664435472826 0.77268541153032088697 -0.1383738932841216962 0.75391112241758462265 -0.63478889392896442612 -0.16929583467804029673
0.55762645633392426969 5.4034352868339246001 -6.0290279203300976008 -0.18758319895568867364 -0.0039332837301561014709 -0.9822408425374474783 0.94641134537293747364 -0.26837604056245134565 -0.17966598509925055249 -0.26290323090262646133 -0.96330619749446422251 0.054065340558606012067
1.064221585967460193 -6.8819245770422616815 7.0935343616280439605 0.21184006840180222286 -0.0046535775961629062547 0.97729326695456419927 -0.75242476524225443413 -0.63893619998951278749 0.16005469375429109968 0.62368321932651504813 -0.76924565423418433951 -0.13885375534066884962
-2.2439477985261726545 5.6147796982257149878 4.4998009891735444299 -0.40168221231265072158 -0.0045738972052640648053 0.91576769967945692574 -0.9029543322324498078 -0.16479017629660225319 -0.39688496028254216519 0.15272483168739209303 -0.98631804062390904253 0.062063262285567515064
-7.8917801546212285047 8.8241811889270422853 0.98950330477911940807 0.75862926061802227196 -0.011322498292461508421 -0.65142416747174125558 0.31433979987647908683 -0.86941965275790245027 0.38118231544963343538 -0.57067690959719541421 -0.49394460056809247339 -0.65600807649132397703
-5.4834820651254672086 -8.92522433625327416 -6.0760748098797856542 0.24075735534770070778 0.004619060992542429675 0.9705743454892064026 -0.82804619047443606128 0.52265191800586185966 0.20291495520417460185 -0.50633526668277950566 -0.85253365732980679326 0.12965708940499159896
6.4846868377458477539 1.0903939579591324094 0.086624891381230528786 -0.74694785153539389189 -0.00083377303327245662259 0.66488210376647793876 0.41192339295988633641 0.78438176747605559136 0.4637503220305541074 -0.52190806222846175544 0.62027779879153588372 -0.58554882538298536065
-7.7681945256886546503 7.9673598343582350267 4.9960892782204249229 0.37146709344663708663 -0.0023477748330081212036 -0.92844315196979121385 0.89159661803974266103 0.27983416264772992266 0.35601729187654740372 0.25897426355958436117 -0.96004548296855385381 0.10604245114685703633
-6.8163342070457009214 3.2974212023007192229 -3.7374084436058296887 -0.99279081071229791089 0.0057494932808824783521 -0.119721967459116993 0.11961954370549084115 -0.015703502426706584388 -0.99269560529667222326 -0.0075875509191710155399 -0.99986016189194204529 0.014902541142404680113
6.0835312431457255755 -4.7206512205591346643 7.0270257691375181963 0.70752554425121505499 -0.0046186244719172023579 -0.70667267708617920174 -0.55460567552379080869 0.61611207168197945627 -0.55930176095250905277 0.43797277188086602973 0.78764496026816721574 0.43335351349114487052
-3.6706109672051319137 8.7804208360379547571 6.4574464006637475322 -0.70404857536932496931 -0.00042512220172999924152 0.71015168998699484959 -0.087613954737816399088 -0.99230812448761263056 -0.087455022787391506478 0.70472647066468585564 -0.12379178222588162195 0.69859587473566520099
-3.2532351161867087974 -6.1359094710412787066 -7.0755914000071635783 -0.28012228491879365144 -0.006869526526567034698 -0.95993974555550587446 -0.8739344587354913596 -0.41193278528509824632 0.25797275484484333274 -0.39720280377521499648 0.91118833948459287964 0.10938803710019565085
0.90783225817196944174 -7.3267628572814356147 -8.3399514719581766542 -0.30843744090410779579 0.0017263514840586799588 -0.95124306292271709751 -0.59445308275525921005 -0.7810362318353032407 0.19133200715854081775 -0.74262499113024571518 0.62448332585515220483 0.24192705156222724105
-2.4836538387800719541 1.7826311544717110547 -8.7429147254613130968 -0.93930252403663982985 0.0076962433494397151923 -0.34300369703090388684 0.22438387030486633966 0.77007698728448936709 -0.59718783678341280652 0.25954315071963945938 -0.63790453948320713362 -0.72506217072839584947
-5.9471980963266100062 -8.0812477650323266687 0.31239669039033002296 0.042219106497535061062 -0.0028730972981926617728 -0.99910424499066119441 0.86062275103559471301 -0.50783614260896536852 0.037827670554698121508 -0.50748992841845874668 -0.86144889434696447772 -0.018967735287342246675
-8.6148545526454523014 4.2806175017157350737 -7.4551948624601331872 0.74925087513926791338 0.0019496749706031687825 0.66228341733010409609 -0.38053086328918989123 0.81971812964285672987 0.42808696548594005193 -0.5420510937055855738 -0.57276381406473853009 0.61491643750220381648
2.7904155879592500433 2.359501016573244403 -5.2535289388150179235 -0.98522562158190751802 0.0071097176059452260599 -0.17111378230305257508 0.14036966262107405945 -0.53888757047779667353 -0.83060011088378504773 -0.098116422652432089269 -0.84234769442324741728 0.52992785292521382701
8.0250951967971744239 6.5604949598431181457 -8.4455191788353083382 0.21653053568901237114 -0.0032564582667365827434 0.97627041468747099984 -0.9610386136897799414 0.1752750235149946878 0.21373686890440812824 -0.17181184508505686903 -0.98451412463787435492 0.034822812596279777153
-0.55086929229796510743 -7.9092036261268905406 7.6620084053599244456 -0.38849103317991556805 0.0042982157453862425076 -0.92144247920321709078 0.76465822653956150301 -0.55649140792512119535 -0.32498478347607306915 -0.51417167728712820374 -0.83084224630584690985 0.21290525599132759105
6.3020083602139589374 5.3646464727856724153 -0.6166178290366354231 0.90673392868687674451 0.010155880264343684904 -0.42158088270708060641 -0.033184788871220463613 -0.99489142159283272537 -0.095340594861566665963 -0.42039547137858368497 0.10043862472697263899 -0.90176478657531145
0.54690587274079771607 -0.15787971535002509604 -3.7911277736798512095 0.35327125182038482398 0.0030607650467462184547 -0.93551592950350559441 -0.59993327586594535905 -0.76655949657123978458 -0.2290558943244971335 -0.71782970622969177743 0.64216599873668234189 -0.26896717814727133522
-6.8836175605857619075 -3.5163943221677871342 6.4068706635081209555 -0.99248000776367861775 0.0012109421366873994712 -0.12240084888877672542 0.11147663369944263434 0.4219767760285093039 -0.89972693670439152225 0.050560798337989834583 -0.90660583172146902431 -0.41893850570206336847
-1.4696849476104385523 8.9213177136808106127 -6.6301637910057822367 -0.31065157319270259029 0.0038939267642457147008 -0.95051587961872541221 -0.4537498682101716585 -0.87930349469551605246 0.14469423387086310928 -0.83522850596222042441 0.47624594649271162483 0.27492388269719564287
1.6733525051980411291 2.2148926652454559161 -6.8632348739528650228 -0.93394074141228855535 -0.0042114081782539660934 -0.35740307157519707326 -0.32600704461494234287 -0.3999207180348160473 0.85661124563519930319 -0.1465404326176855121 0.9165400609509176677 0.37212930317366099686
5.4616169128604781235 -5.8165430884558988467 -3.1735941939410197143 0.2079128868113158668 0.0025742302030381052601 0.9781439591577538728 0.96954420201534430301 -0.13287985641133448489 -0.20573522814143904713 0.12944601900408522765 0.99112880953941229212 -0.030123264513613821902
-7.2109444632584809298 -1.0453907862193221323 8.8566147336548688429 0.44779451991835134139 0.0078579707614016246209 0.89410196299236011086 -0.88167850863295127439 0.17022262787968184261 0.44007643014901298706 -0.14873827801197725407 -0.98537429906277540503 0.083152963872390267541
0.5663845408327700115 0.91451184001757113151 7.7880719859740104027 0.77841891770330584599 -0.0044124624350268754416 0.62772965418006509974 0.40194784722021820178 0.77160593799109011837 -0.49301339187882786685 -0.48218452554675267363 0.63608553405340906295 0.60240623892097877601
-7.9490422211248716877 -7.5283151719516414602 -5.8613298018344011098 -0.32797614493132759561 0.0076556407638948258815 -0.94465498438358952438 -0.76087368718245840249 0.59053757022508024388 0.26895466217533825493 0.55991327945418589707 0.80697383434485359111 -0.18785726010374489969
0.032224072206152774844 -5.9293615361725890978 -8.8835073490586768941 0.60901553718982737173 -0.0032364171343494830407 0.79315168855997564279 0.23233238709646814035 -0.95540089707651620898 -0.18229313692819865134 0.75836781139981523925 0.29529417784513439793 -0.58110206604634284666
-8.4539508000289256273 -2.5769071448332949714 1.7046157267173425165 0.72684200421203826181 0.0012060366897568980393 -0.68680364471101917889 -0.15516623691577968724 0.97443159354524633287 -0.162500795142525023 0.66904718804747398408 0.22468114067714223259 0.70844494859504025808
-1.4186854189549471528 -7.9818107696673346041 -5.2675500881131824826 0.29517029406131461977 0.00096895150879795950705 0.95544416824657618648 0.75560677383586494216 0.61178195630867038268 -0.23405392812017225546 -0.58475028930035999331 0.7910258523387145857 0.17984771362137111361
4.9618597210297927802 3.5512976399984430564 3.5619657699530788975 -0.59348367579172789377 -0.0036322217639846812211 0.80483783058049218617 -0.50441877471874951855 0.7809095267137254881 -0.36843182652821099277 -0.62716730326131031603 -0.62463358703526872251 -0.4652892172265595816
