1125 17.292696884352682929 17.968806560800352656 18.477561601407678893
-0.57788887697552859812 8.6362717034074893974 -1.6536937960085411614 -0.11797618172671010817 0.0097153001254403157511 -0.99296889855051739815 0.33143958091472647265 -0.94222400288792340639 -0.048597660282499836881 -0.93607127119063282539 -0.33484256199810302768 0.10793995519003493633
1.839335055907992178 2.8407788692207347481 -3.4665217755469872607 0.89082328831998880414 -0.0050333600618841841529 -0.45432206007770903344 -0.39653716922700821268 0.47951169017818912055 -0.7828325570666904154 0.22179301704090004232 0.87752105631083743287 0.42516426628182280023
6.1017552459848198865 7.8214092053251356162 7.2821123046272111523 -0.7969730872350000439 -0.013215852340629240247 -0.60387021740604351905 0.53620035042999036889 0.4447797674707943405 -0.71739817580433173916 0.27807028324131566333 -0.89554246113517110839 -0.34739115976457840551
3.868581482396478588 4.1231851601434144072 3.0092029716347989954 -0.9490256105329146763 -0.012918194853120814475 0.31493413723297492002 -0.08603115129507385439 0.97183820507791773835 -0.2193835548942852931 -0.30323098713646917668 -0.23529475853285433673 -0.92341071308892674896
-7.3000838451623506486 -8.1074849190988551584 0.43356998005504276961 -0.4793177487235374401 0.00016993470080055002661 0.87764142272389966681 0.56767466973707692013 -0.76258397520040532847 0.31017922255843849433 0.66932799515440399851 0.64688921144978606126 0.36542356658054409024
-3.7720404843147004037 -8.3241989290288156411 2.3682109443750691824 0.88012491296357009407 -0.0069720814934094085813 -0.47469098122921138394 0.43762728196503369871 -0.37565914932203892107 0.81692261910817298709 -0.18401766127364752035 -0.92673167292917268956 -0.32757580302725347599
-8.0325884765959756351 3.1498883265949708665 2.9478603127471885159 0.98535472231169662916 -0.0016658531210888261574 -0.17050893276106415808 -0.15088596662823627881 -0.47432803962901137762 -0.86732135676236599142 -0.079432337826687363092 0.88034659978626839116 -0.46763272763201280124
6.6015502573649715856 -0.027067589113862471073 1.1022437845484518437 0.9618682214479836734 0.00085958328424668752066 0.27351194797532285552 -0.025735361796158266051 0.99584303878955937606 0.087374671659787933597 -0.27229986360988778227 -0.09108184896564767985 0.95789189424853815602
-0.21923901474273366219 -0.3231900385448278068 4.3442714290028670021 0.98524710249149449748 0.0018939777691099942553 0.17112732067155470017 0.17039634231163458544 0.082123223370420300737 -0.98194748470074788571 -0.015913313886707348283 0.99662038361239813078 0.08058894098861851818
-3.6059548645316521487 -3.5888418659105409958 1.8517860966096717501 0.85134438253009170339 0.0031199473684806605656 -0.52459794916009983012 -0.32222011742871004003 0.79223684417744089092 -0.51820360733231707329 0.41398905572350364057 0.61020574289050677486 0.67547169673115758926
-3.3617125271027439304 3.0535508230827774767 -1.3420873811192237657 0.99572076335909021072 -0.0018457414030585107476 0.092394559658219035936 0.089034292598540093477 -0.24871374754050501465 -0.96447621356141388649 0.024759970864665959561 0.96857527586822456112 -0.24748510827877495677
3.8767425648108271297 -8.1236222132064668244 8.0889525986852053308 -0.97217979294663425804 -0.003657571361494502387 0.23420732771955501961 -0.22691605863177766178 0.26271431468096789752 -0.93781143690874402274 -0.058099505340889694149 -0.96486673226595842667 -0.25623550972814995719
1.7008211687574663618 1.3977171839394610942 7.7407008268540318241 0.79287561934397698948 0.0006575024062159956495 0.60938314707628149502 0.093668526530702955757 0.98798388332818065649 -0.12293922653794320254 -0.60214156092034110124 0.15455553686213474585 0.78328674611403470429
7.0895643569362665204 5.1435945184170401845 5.6080539505721134219 0.9751641156731155613 0.0033073175592625730403 0.22145882044778175679 0.22021304094677152108 0.092465500571492054149 -0.9710593945793551951 -0.023688902475636788164 0.99571039607648537118 0.089440723637880206742
-1.3756516446994395686 1.9710737556202417853 0.36607782111306336192 0.99316524217823587417 0.0035540732391201694529 -0.11666263451639712068 0.027232849093720378625 -0.97900432861878927682 0.20201211962701104419 -0.11349525831111843821 -0.20380847163302798219 -0.97240985866619722433
7.2668990691848387442 5.6391633857338669955 -4.4217224061763502618 0.97230941014264904432 0.0087393296281138704851 0.23353379855078379435 0.17799441756548428639 -0.67523468199105518561 -0.7158045204885971069 0.15143446854467135232 0.73755118354852500229 -0.65809258724177843725
0.027677533183496357688 1.8489875109635611761 -6.7443169398033111506 -0.77480554216168817661 -0.0037405817066026142946 0.63218856355037778005 -0.31922869851852742062 0.86544881646181714974 -0.38612353480018646312 -0.54568251747457896528 -0.50098338708269263275 -0.67174864048189464327
-6.1906602968933608366 8.8821831305221614627 -8.5014422010310841671 -0.82442172184446527172 -2.264172121525928269e-05 0.565975992457720678 -0.51090789855863172342 -0.43023565825519799466 -0.74422469561027249085 0.2435199041997755387 -0.9027166099353081119 0.35468405434323302394
-5.9615670709984973641 -1.2694645602086589431 -8.4809442138702664238 -0.89200530106840103528 -0.0021879382985188198553 -0.4520196409357976064 0.41838148923162188364 0.37457168959975506439 -0.82743759814154871357 0.17112414304833384326 -0.92719537438244237215 -0.33320453986948245229
-7.701782024916443703 -6.84301427852136257 2.5726452642459904929 -0.28889937777547991526 -0.014929052558751484264 0.95724305842903401054 -0.61730065447074311535 0.7671674220427844304 -0.17433888994268748052 -0.73176297495236009016 -0.64127316328237837784 -0.23084990479288866605
8.3960549265616410963 -8.0879512265162709639 4.2924674542333578486 -0.83180537687356259635 -0.008077461255888842423 0.55500862121566996166 0.4113606771976615617 -0.68029384408509974147 0.6066157589078281509 0.37266903313739951908 0.73289497222970112489 0.56919482729632786544
1.472403344953594706 2.9110328459503005405 1.3540723223956461219 0.33983755985317937176 -0.003798353043380438103 -0.94047647787021737553 0.73954273078245025275 0.61886492308416218844 0.26473147966023252708 0.58102235951810932146 -0.78548824274488426855 0.21312258972187447803
2.7304328422038692814 -6.1089005590231115761 -0.095763834233611594415 0.72846881925590378781 -0.005297639886175257995 -0.68505847515652507074 0.67701209280799012902 0.15857051510851927212 0.71868631399940841042 0.10482273400239232319 -0.98733344253605148655 0.11910024217601093699
-7.747989332812378116 8.7426987587820192971 5.9754679539230659557 -0.70594832677052221648 0.021388351253184868794 -0.70794032118585870084 -0.63730590542316711833 0.41689025327137158028 0.64810778396827939396 0.30899537673356736178 0.90870515303813026442 -0.28067205418293644792
-5.7589296411620161109 0.61158427265750348045 2.9663682437053493501 0.3334589951477883174 0.0048127315746910714206 -0.94275231963112149369 -0.69521605137470787739 -0.67416740022734766846 -0.24934505886737409752 -0.6367729112219517873 0.73856289785336382003 -0.22146129559948840582
6.4604144626650619188 -8.3607498904026549269 -6.4780821382666298192 -0.28365364034864898324 -0.0049694782168310360285 -0.95891392554450949337 0.95214926939782495996 -0.12014123225818205964 -0.28102998611719681721 -0.11380852825012588436 -0.99274437223187705914 0.038810182939289179782
-5.7903815650342966848 -1.4904075684142343849 -0.91787662161226235558 -0.9783611529067958168 0.00056000872073212390728 0.20690369951507586732 -0.17831109508468487301 -0.50952160873155494247 -0.84177959324597417812 0.10495050191631852265 -0.86045767857898969311 0.49859600431788414499
-5.9959070063934145622 8.782705613986776072 -7.2894819067236413801 -0.83425333629611575503 -0.0047393760346403201317 0.55136096089036268353 -0.37953787584334552907 0.73029726021333563057 -0.56799376099134923912 -0.3999654631080936662 -0.68311305802166111256 -0.61105169853377760969
-3.8466133647046438782 -4.7570723063246580509 -1.121300530665841011 0.60454707260020867921 -0.0047624721518332996384 -0.79655518068048003499 -0.076506318994827571256 -0.99570637222585711701 -0.05211145231534081157 -0.79288688989288513831 0.092445330696386177061 -0.60231573171238328435
-0.47668526723647502985 -2.6681196596933069998 5.7793148329512602501 -0.99305486457375657938 0.010499999932773602593 -0.11718270328012934944 0.039291762732741999931 -0.90922591428951582415 -0.41444468167156578442 -0.1108972196584704778 -0.41617062220435885322 0.90249865367551829198
-8.1145368997349542894 -2.5321476197471226577 3.9370161010047279859 0.99832765031779391318 0.010377575708042050331 0.056870102278269135665 -0.050202493068849766977 0.64341223507573153118 0.76387198236654596517 -0.028663780287554320447 -0.76544954221507044423 0.64285720500156706692
-1.2517733720938375441 7.6565568996750634767 2.3085922670790357536 -0.63781721785524037038 0.0043769332845779926333 -0.77017533007897953645 -0.72600252208353766026 -0.33724908356159327694 0.59931910829295942378 -0.25711774449779495333 0.94140527834285037123 0.21828093680518215192
-6.3860246615535238845 6.5444521193206748322 8.599244809487167629 -0.10139406833592352897 0.0085922981062133245433 0.99480923564224787992 0.97892239232211131217 0.17905908480880505795 0.098228274734750750663 -0.17728562467451544626 0.98380080126023861098 -0.026566722098705353866
-7.1292237971279082132 -3.4224591223444527088 -6.4953506923762756031 -0.13160841079366406015 0.0021315345511171393707 -0.99129949196439781645 0.20604877451481676265 -0.97809819301647626943 -0.029458909330150478273 -0.96965103451143752622 -0.20813308573693697912 0.12828674870106182571
0.24486586836484447449 -6.8938226190090023948 -6.770275851210899809 0.98957792535313848781 0.0030363563847002703749 0.14396635090555368053 0.022781959833488706069 0.98388472398759030391 -0.17734664420110163308 -0.14218478103967424619 0.17877815986042913665 0.97356142980151871846
-3.3926626108208859378 -2.366656758981092068 1.4788832872048585099 -0.84627099063538868684 -4.2030633194716469914e-05 0.53275267117357472113 0.18352266926027266392 0.9387706347357899217 0.29159753981345148954 -0.50014481930404974808 0.34454273115396505389 -0.7944466414630724227
-3.07262004187523452 8.7559663606901576571 -0.39211025879578009778 -0.70314723174835835895 0.012069420220287171291 0.71094183980176084425 -0.70856938947654002359 0.071455862145038864797 -0.7020138745509055811 -0.059273862550563841123 -0.99737073792090968904 -0.041691969942679235617
5.9287501829051247881 -2.2661341725173547168 7.487252608042420654 0.04328602854613866624 0.0083060005314773144303 0.99902819283930666128 0.9751221679620899474 -0.2179484131277275305 -0.040438184480274433352 0.21740072971731880247 0.97592494566445497917 -0.017533486477548279603
2.9109317085536110525 -2.4838372439398463953 2.5583315677807267896 0.62075367602958286817 -0.0083388026294206885058 -0.78396131158788451287 -0.78129964980999311308 0.076428447654190823091 -0.61945907822506274254 0.065082493055895473955 0.99704019816650746311 0.040928136260411439318
-0.58120963128211244886 -6.839320093141185275 6.4470170102593433725 -0.75098301404123890546 0.0030571569262167995473 0.66031444510407932835 -0.21204045145575967091 0.94591289598414984852 -0.24553541528057390431 -0.6253505893241844138 -0.32440629926385972093 -0.70971627671188552977
8.4628263252084945378 -6.5417239397341973017 6.367014434972734449 -0.44330707783613693129 -0.010952636366936392698 -0.89630289216143810282 -0.068631089390599503419 -0.99657537793404271653 0.046122550506794285363 -0.89373855702288063085 0.08196069700028163485 0.44103722726953803468
7.391443867384140276 3.1004436730957856128 -6.2623367667318401431 0.68627789499036051524 -0.010743636748391242192 -0.72726008079437509668 0.58553902479152875049 -0.58499185942670461902 0.56118497382837173593 -0.43147039445811202762 -0.81096800101717647635 -0.39517616328939969561
-0.88617326806957563701 2.9590901537587011028 -7.3101885402388822044 -0.69547476188436929689 -0.0083185149642432502926 0.71850237152759055537 0.58345813293945425482 0.57709013411324205922 0.57143992179052260916 -0.41939416148601749157 0.81663809574254575541 -0.3964981183984971902
-7.6500918101034409702 3.2188153712742639811 0.64046677923229877738 0.47521517571330701424 -0.0060088226948771007729 0.8798490954824826904 0.079070553487838216022 -0.9956389736027700943 -0.049506381552918254929 0.87630952542055684518 0.09309633877413901748 -0.47266762885143970285
-2.4772679571264184517 -0.30050349522355790377 7.0377354494051074241 -0.95182097698419620979 -0.0036109742343776469325 -0.30663298687152545918 0.14075032965328335144 -0.89352571463774765892 -0.42638145126566656673 -0.27244480629141609729 -0.44899750349650652259 0.85098476448092097435
-6.2649704686227725148 8.6445127164309418788 -2.1860585530149392319 0.17339673336896763156 -0.0028521163035020950099 0.98484792647873098392 -0.72091577886034219347 -0.68166490879511232315 0.12495355900155212525 0.67097988989749235422 -0.73165894893019978173 -0.12025460408349850083
-1.277939276816407066 -6.9308086576071774587 4.7969422302052047158 0.99429815768767271233 0.0045527283659209348554 -0.10653847325563259307 0.10588298537219228979 -0.16065060610361048266 0.98131553343838295866 -0.012647807236864193683 -0.98700083861307486011 -0.16021665815120555987
8.1689774847256781953 8.7028271934971606072 -6.9622425254824431562 0.93088017068984396651 0.0044588054524906965345 0.36529744985510204103 0.12947351303242557452 -0.93904829563696468053 -0.3184727741649931998 0.34161193954504126546 0.34375633450908127386 -0.87471873493443663694
1.6209542292187701928 -3.7274748913649258242 -2.514689144173129165 -0.98942243439649701919 0.00042600714200800426229 0.1450622791452184368 0.045039251693705553703 -0.94967339419974594605 0.3099869515897890615 0.13789384366150178596 0.31324154077483995495 0.93960897452784064576
1.7241177697483478504 -6.6959591147735135763 -9.0017504928087479499 0.84253135274291390822 -0.0074634436852958341291 0.53859559657811262312 0.41713577961368969449 0.64165951498454876223 -0.64363872490372286972 -0.34079122789615223788 0.76695329964625880148 0.5437315285606042492
1.1312740905801839109 8.8511613201432837172 8.1769613273257846231 0.78441907716088077329 0.0059549107975189613517 0.62020258821103202429 -0.50875985957406599791 0.57812132749873379467 0.63791781287050564053 -0.35475359994278005127 -0.81592908376194617226 0.4565190177846462638
-1.5150806825222635776 1.0530980584570885927 1.9461448714235132229 -0.88615157577525582866 -0.00031368308509335763798 -0.46339538879246966463 0.439452031036206614 0.31671558904814905988 -0.84057905521816922434 0.1470282189549048657 -0.94852049912320401948 -0.28052016963866727162
0.86330130646746594536 -4.9693315660704611147 -3.3691725354921451263 0.1031214552661287448 0.0018177002626701358606 0.99466711086156145427 -0.70708133475883327979 -0.70318712657464943483 0.074591226397745569177 0.69957269207689987134 -0.71100250420487742797 -0.071228417888910183775
2.5023322950599693471 -1.3408979473233577639 2.8513983141518992603 -0.98088612648192696764 0.0069977767727435608025 0.19445677667698332836 0.0065925875886331496145 0.99997453995935259297 -0.0027307914634652563982 -0.19447093526867306745 -0.0013966221283567975542 -0.98090728653742542686
-7.4929631550058557465 8.9432938426973294099 -9.0506922271145739956 -0.74784451482780345266 -0.0050230464074588997148 0.66385491686562569935 -0.47505415448305193804 0.70256096850554028421 -0.52984114207992372148 -0.4637371366951840157 -0.71160582806583216886 -0.5277925856934305715
-5.2209662894081825257 -1.2789810156355145843 2.3811294093884676215 0.26540733456371379262 0.011762236580466513963 0.96406462260089420546 0.95865529684767691876 0.10325074851578618096 -0.26517787380608753844 -0.10265947878865396004 0.99458580963187781521 0.016127575554712524075
-1.1559955691099121911 -5.6256583073724355515 6.7975382755052899952 0.85748060412951265796 -0.005519162822317983004 -0.51448668824722709747 -0.47655570081027082141 0.36844025579613914889 -0.79821453377790607675 0.19396308300059819651 0.9296350449238715008 0.31330018461901060212
-2.4895038690858197761 8.6631121957630803365 0.88830326654680824561 -0.70960418039540962276 0.0026108047368885592757 0.70459569319150394673 0.49537791836640543419 0.71297218297889253247 0.49625737706681716244 -0.50106149838144042885 0.70118745710199237298 -0.50722137656316856891
2.1005293868853760486 -3.4251746945925658494 5.8818633115583764948 -0.60503520347990824568 0.014550878196233192619 0.79606574759470172253 -0.69061680819666548814 0.48795047613615621929 -0.53380966371422922112 -0.39620805997125158049 -0.87275002422338365804 -0.2851781345608986884
-0.96468795632213122371 -1.4074984820496811988 5.2701756407209785493 0.51664230035674263419 0.0059593411060418393158 -0.85618059995284279129 0.74348895249639412874 0.49280398433654531987 0.4520712449803500621 0.42462325772141434888 -0.87011994533852110578 0.25017267981609064842
4.9843418219980470951 6.7356631761663807723 6.7921351914145970952 0.99501714198893054242 -0.0039990467273167511209 -0.099623766109113859324 -0.098034939737623214007 0.14282088198784209654 -0.98488138689829574091 0.01816694082972844515 0.98974047269666720616 0.14171717950706497202
-5.0786838664475997263 -6.9902773920635139504 7.2000311039214919262 0.75326415450450523448 0.00086640559149573487512 0.6577175403468137338 -0.11715899822883323045 0.98418295180617043627 0.13288222796187895702 -0.64719926040788711141 -0.17715294723885574579 0.74145124628130198996
0.90106944296333812972 7.5159675850980294243 -3.3395115622823743351 0.37094581485462768677 -0.0028053226276754991003 -0.92865027464936356072 -0.73164460767774019967 0.61497580135423723924 -0.29411040750852901482 0.57192252141175103919 0.78854099063639215839 0.22607020057589344297
-2.4673583607819242758 -6.0962274311345518996 4.2519065900147747783 -0.9732500622621187425 -0.013452748619415604361 0.22935417995115853218 0.087082774788464781257 0.90219396264995443957 0.42244839222450381033 -0.2126050484856775169 0.43112072243460886067 -0.87688882764339881604
1.2640964826414320399 5.8585286463185717309 3.4218742281810277106 -0.66869539666492183727 -0.0041089910346053300921 -0.74352510560969453657 -0.73629029390098033048 0.14292716742332928215 0.66139884178866648057 0.103552255341641683 0.98972467939565422768 -0.098600149130767880679
4.3452197825134550868 3.1475004074146690769 1.746940528451011998 0.84977741578064369676 0.0022588017322321559364 -0.52713683370055441912 -0.30757580317165811312 -0.80999655283147498075 -0.4993022228114025185 -0.42810684289377404221 0.58643028760088444784 -0.68762202469933741966
-1.4996862316805039672 -5.8764546583002825741 -8.8280093211322103741 0.89544136884152414346 0.0020729402547783170457 -0.44517463751427649443 -0.017715296384571466853 0.99936300946761114083 -0.030979728561325935166 0.44482684635861291511 0.035626931195529350227 0.8949077039183317428
-1.9211424953434144136 3.0792595451683943963 8.9926905951974074327 0.65939562481277236294 0.0043139824889584284934 -0.75178374519071766713 -0.70345483693241706025 0.35633416059717792912 -0.61496118445649927686 0.26523329801204009737 0.93434862634179272067 0.23799987831737032251
-5.1510318039777400756 -4.8750969132888872792 -2.3898683120517074663 -0.93059242814311804448 -0.00045775236151129362894 0.36605672121300297794 -0.27179066980502236683 -0.66900167515924502393 -0.69178507532368083144 0.24520922594676847206 -0.74326075444397421421 0.62244348049743802864
0.58793507747625706195 5.360747077124163873 -1.4689012101461025317 -0.1796824293555217833 -0.00040131368394238377782 -0.98372458723364830657 -0.95354388744712503811 -0.24573159526718263423 0.17427001405685857427 -0.24180214906588248791 0.96933782657776579317 0.043770979796803520523
-6.3425855729861879695 -5.7633364808292562032 8.5426981642294954611 0.94209097856538526194 0.0030749873086563755779 -0.33534330552296637284 0.2957778808104543633 -0.47888939473646618961 0.82654727198909438979 -0.15805073023948412736 -0.87786986055001292595 -0.45206689174151581945
-2.4700164229050973752 -4.9145564227503548693 -6.9880805720115493074 -0.83278900443679360066 -0.0038844650310401289406 0.55357690072882670407 -0.52535224875597819061 -0.30975089716589182531 -0.79250198512787195515 0.17454938789932475385 -0.95080980886614319125 0.25591642883489917892
3.5604644763486512637 -4.8254359245100584275 3.6023252181714466857 -0.60038513526924930375 -0.010885448302665610282 0.79963691533257585942 -0.51448548205183630699 0.77076783969177908862 -0.37579465942810852397 -0.61224372443120966825 -0.63702311128564248488 -0.46835795881193026391
2.6074131705642056289 6.6035079868704196215 6.1131514840356091511 -0.15015782144305275803 0.0088069745594163070801 -0.98862281273445229424 -0.98089043152917299029 0.12380656874041709448 0.15008629141746288038 0.12371980437355969973 0.99226728795022312024 -0.0099518475663833774747
6.6589530996670314167 8.5652744903268676069 5.8352221777318478146 -0.96414577167059556384 0.01101033648548295496 0.26514468401302193623 0.071938572693584709739 -0.95088266310266356118 0.30107640686280995324 0.25543643578924435378 0.30935567475159003736 0.91599743109367792737
-3.3343198724551736944 -8.1425684896296299797 -1.0240347592612821792 0.66512321370804283749 -0.001279985793995701629 -0.74673253057770661023 -0.71467505842272938121 -0.29095333553903640622 -0.63607052864223678768 -0.21645015928649480319 0.95673638907226854489 -0.19443459149500511018
-5.784516533492173096 6.7315548367731938839 0.33535068845138588101 0.96455541429072266801 -0.01065795755057104971 -0.26366505400395212622 -0.230529713904445821 0.45218756108884294864 -0.86161619100596675835 0.12840912650308813903 0.89185919154178405766 0.43370298441842103365
1.1136740540201728322 -2.7703805602455457979 7.6767535102457289398 -0.92460159118836438008 0.019827689882854521164 -0.38041919021750741914 -0.35930672688980241913 0.28632024612047085599 0.888211344598320518 0.12653289526308189594 0.95792879661049679108 -0.25760793279884630635
3.3903636144450648437 7.6981054525026948454 -0.30245502415823755094 -0.99214731551865897874 0.006135482504840353811 -0.12492421768345653155 0.12503930518393840954 0.072447280090285587351 -0.98950319037711176318 0.0029793402756293088998 -0.99735337140952040613 -0.072645550927720986545
-5.1572348025738401489 5.3959024975825133907 -4.9314621112036203243 0.99220116922498236001 -0.012422389639393323704 -0.12402630375896077364 0.025957598432839387725 0.99379883812726976799 0.10812063827191066567 0.12191407987621058484 -0.11049684869898265815 0.98637082456625990723
7.4293886188239115498 -2.4510392514723635671 -8.9983138520820187267 0.33616350649234649772 -0.00098126708299601465152 0.94180312911871466586 -0.40660121717716390943 -0.90215547298238885077 0.14419068194004447392 0.84951135783639541987 -0.43140994388538950188 -0.30367073158919566378
-7.221140867722318113 2.9298471816138924595 -7.8389797652920467641 -0.76144467406719185121 -0.0089740463213667225756 0.64816778292923438176 -0.14037930123476274891 -0.97389340076476260677 -0.17839645661266254062 0.63284726444826244762 -0.22682837221064763855 0.74030617276948307293
2.2067604091331944893 1.9947334470169886256 -5.6976252897034509459 0.1470975443369520741 0.0083188501541219903729 0.98908700789271630782 -0.30317918408571931099 -0.95145346523105911452 0.053091297186249095108 0.94151191962042524164 -0.30768019148440300947 -0.13743436608403875043
-3.1810065448652933284 -7.9897120715145328873 -6.3652308047081236353 0.96861347012343890217 -0.0023241335616087828442 -0.24856094604460010622 0.24504652516693817277 0.17673964670491199014 0.95326559666535781723 0.041715057222323007058 -0.98425489365585583368 0.17176192335651124798
2.822403803668652511 -2.68293529433633271 -1.6461325269436517527 0.99684860757608773074 0.0048858355314942841785 -0.079176904364554143156 -0.019074183779778736136 0.98358179708133952612 -0.17945201019631665251 0.077000188874600597466 0.18039672131568465496 0.9805753381825923487
-1.6443270872707516084 1.1561472976190736439 -8.2524146883557722987 -0.88809257191391388631 0.0043184901989928112936 0.45964435638183609445 -0.078390392031931224737 0.98388468668855622035 -0.16070429283791992647 -0.45293104348054896713 -0.17875199003609609782 -0.87344215372820188659
-3.0531493416669563956 -6.1192487408750100286 2.905128090707264743 -0.99993482915714959613 -0.0035598632176612934191 0.010847341254965565949 0.011048626015871447145 -0.062480421526776644403 0.99798503234727431455 -0.002874943754501766216 0.99803984103831133723 0.062515681222286983987
6.8400403226379005162 5.2991676201497686094 4.0051255388151263404 0.88881389044139846867 -0.00063016130333086884524 0.45826790314754201061 -0.45798995896636074399 -0.036071694632055915919 0.88822521374507179548 0.015970774703612154732 -0.99934900597506748365 -0.03234963079015081705
-2.9614702112907478337 -4.9436791346045172446 -0.13600615885288763751 0.68739375973164462685 -0.0084640977564687386314 -0.7262356216346476101 0.14863102947041559321 -0.97713027115458150895 0.15206988614488381462 -0.71091394427204845918 -0.21247303886086901792 -0.67041522327322655705
5.3460787480609921474 8.5958826976995439395 -9.1153746982207763949 -0.69578378179177724494 0.00061345039002872261968 -0.71825103736401141319 -0.70327827933828801488 -0.2037034565592851787 0.6811053983025908698 -0.14589239461604003312 0.97903244351977558591 0.14216498770364940918
6.1348870111659339344 -0.21147820750243043197 -6.7649728115660865413 0.13961587052722285174 0.0029512856061143111913 -0.99020134246029534175 -0.82695282108061818338 -0.54969913047730922795 -0.11823661725262495092 -0.54466176697447810096 0.83535750183135737412 -0.074306148671917510162
8.2838315641463200478 -7.0171137591311598669 2.2901565080083066128 0.45970483817054008657 0.0052172186206415841619 -0.88805644099496161559 0.19000950134682353942 -0.97740396737447876596 0.092616812504584603016 -0.867506686522071635 -0.2113155583255345582 -0.45030865375773415638
0.0088422677950524899981 -1.4034721111880568145 -8.4690815512651376196 -0.53095831914775548643 -0.0033530517622501546104 0.84739130298309051081 0.69323318491937191421 -0.57682892718465450521 0.4320834874070478282 0.48735101790649315578 0.81685809404519615917 0.30859656436615251485
3.6654726704381102032 0.77731426704830552943 1.9114651680334702188 -0.54745196348107150186 0.0023566757946830545201 0.83683379100043375765 0.47048471228359539653 0.82785271215127453903 0.30545707143770578496 -0.69205526021304797357 0.5609405789057224645 -0.45431837267358354815
-3.6703047600358984504 1.4166943819909345592 9.1249143832376109486 -0.76848018796243511286 0.005079206668109450748 0.63985342256531363425 -0.54314738067225976081 0.52346253867692627004 -0.65648906576635246424 -0.33827374059770914938 -0.85203355113596446202 -0.39951183231616371749
-6.8464101857692662989 6.6916310951469410995 -6.2462072712026275312 0.99966231574463393361 -0.0012778596318491390951 -0.025954220376204310827 0.0082202660330083533735 0.96304951534972549343 0.26919891940947943132 0.024651200922598519999 -0.2693213657688836582 0.96273481303701269329
-1.3642185932878714283 -5.9818694616361121064 -5.4837289421773984799 0.39938619871496250369 0.0067475401459784999092 0.91675794786741404696 0.46138248193959369159 -0.86558946108801504415 -0.19463065075338967236 0.79222273991294045459 0.50070885308275592251 -0.34881768133123386422
3.158764874425548097 6.4286162042753103307 -4.3273386333968542061 -0.36930100619683747798 0.0017677729722058027617 0.9293081522297756969 0.92542426604425909176 -0.090650056363129102865 0.36793001385835222283 0.084892253112486534827 0.99588123903398462211 0.031841217021338699689
-3.5258597221912975073 2.4351777627726756137 8.0289106533478271643 -0.91257695716987674572 -0.00058603347875096998415 0.40890457787504014275 -0.14703660655978276206 -0.93264060430539907909 -0.32948708553186450976 0.38155410307555870375 -0.36080626347895522477 0.8510201564360410087
-7.0013018606371018038 5.3610720632727293378 5.3098789434227695594 -0.88535684149622073669 -0.0099087964116981279428 0.46480649626408293562 0.12778423841136482553 -0.96645328340588998461 0.2227986521671336817 0.44700609797776713616 0.25665125510611908055 0.85692221445286753667
6.9057257915896501643 4.542455092580124365 -5.513801475865664159 0.81091202665730099941 -0.0010754598793921189837 0.58516709443403436275 0.47506163310115095966 0.58509180599571963821 -0.65725491501567578911 -0.34166962080018004055 0.81096635068445888095 0.47496889190706748085
3.9014588849174107743 4.0885862287024901107 1.1689152686749360033 -0.73159578379421152938 0.0037384712756868858016 0.68172841584260768233 0.02142597739293530118 -0.99936488955646052279 0.028473584505016677482 0.68140189068374956705 0.035437851999157971017 0.73105103927040770984
-4.9780318446975506674 3.9708569900590893198 1.4338140579609102154 -0.66934953205656066988 -0.0074987176305327521084 0.7429098015032091773 -0.43000835085066141383 0.81934751909048197938 -0.37916020513586146112 -0.60585808745470481895 -0.57324812445745110256 -0.55165438969673508129
8.3157328762222366692 -2.4794281945261884559 1.8946725679985971791 0.38908448700605230419 -0.0015603557582060765142 0.92120075296388059805 -0.86225431420766973645 0.3513561478281735373 0.3647826133655998615 -0.32423873858881996357 -0.93624057948448613509 0.13536180304982478595
-5.1862277451815135265 -8.0830413326193166768 1.2306492004992066747 -0.42484518117037528562 0.00053417757330880433903 0.90526586519702512135 0.67810433159705174599 0.66268263292689177923 0.3178462576255858818 -0.59973418070475847941 0.74890015534200893299 -0.28189975137061545896
-4.8745781798940370777 8.8434734772722798368 8.0660970878309488086 0.78462836951999448409 -0.0051939591092805981881 0.61994463021559276239 0.58257493482980760025 -0.33584400610159748091 -0.7401454241389545663 0.21204897324077209841 0.94190329989563881252 -0.26048686453101610461
6.2379114182335841932 -2.4995867136719560619 -4.244475300208305768 0.89451500105321579692 -0.0040608461173094242275 0.44701948774011762699 0.38905464427510372261 -0.48543968816886823303 -0.78293345369731581762 0.22018037300964307668 0.87426072694557610543 -0.43265319213198283332
5.8612583812853911169 4.3928574668729147845 4.2898526231436049372 0.95684454088862946897 -0.00013635467226029950039 0.29060025116854920624 0.25466640250716032767 -0.48128859778149035709 -0.83875282955096985837 0.13997695526722656045 0.87656218664342289149 -0.46048364242526373946
-6.0640048054724733362 5.4343389808459034995 7.5888435399089546607 -0.080733199150694670565 0.0083531965756125699935 -0.99670074478845394061 0.79715883086296723814 0.60082727049531958752 -0.059534774764405454239 0.59834768231531110239 -0.79933523326328315139 -0.055165532100252295811
4.6993649738406695349 2.9844631866275106447 3.317884567865093004 -0.92914897755633218956 -0.0053789166863308351257 0.36966639658120409306 0.11656858441406395266 0.944628858855851683 0.30673781009942796549 -0.35084746348469358912 0.32809661118667016177 -0.87707392567220965329
-4.8194085782284243891 7.6308661294564554822 3.495663237728224626 -0.51435665695945409492 0.0059558623379813505072 0.85755568748937871515 -0.85618215755003812539 0.053431119703945921529 -0.51390390983167366645 -0.048880901533034197548 -0.99855377579325499404 -0.022383349042098151654
3.9400026451693532792 -5.9417092541877361001 -5.6133480498206518305 0.24900146842521703183 -0.0031409597455657680028 -0.96849801398537727071 0.5253244978554455491 0.84054836219582085288 0.13233526651068844293 0.81365375970041975418 -0.54172740855675194371 0.2109477995704395481
1.87997550950805703 -8.0541328953019384329 -0.48166249768842406276 -0.11981210754158602705 0.0058533063970438959853 0.99277932980639027605 -0.94817905820220083069 0.29573680364085175309 -0.11617321790649426383 -0.29428138315728863406 -0.95525152801555357485 -0.029882867174837495633
1.5074138503727225746 -5.6641650417592819267 -8.1777019613605599346 0.99904239616839363158 -0.0041552446012957915816 0.043554845887196193266 0.042461759301513191112 0.33210586037625100531 -0.94228588894259612818 -0.01054939121393512827 0.943232967747449913 0.33196427352794721788
8.0685976767791824926 -0.47931998528622421496 5.1168001742832114331 -0.92568070805686053504 -0.00036932091995240529103 -0.37830555155010109347 0.36904686069275088878 -0.220768127458265212 -0.90280997364414217188 -0.08318438161281667409 -0.97532625182578902567 0.20449709326794532349
4.7478016438758832152 3.2932542387545495899 -4.6911054941841214827 0.99765124418018014119 0.0038342129895632959258 0.068390743498786363275 0.050045957051941411531 -0.7225167806367650547 -0.68953963184205713244 0.046769618005024785057 0.6913427518307767583 -0.72101165200210515227
4.150974905622619282 -7.081672656942407329 1.1717592361971911341 -0.81211476525564285645 0.001165364581548790357 0.58349657237987995195 -0.54001840404971479526 -0.38028459547337445379 -0.7508420271488801534 0.22101975328275322297 -0.92486878440721664862 0.30946405330470039274
-2.3759055417963179657 2.9621877267506380171 4.1259732918563187809 0.99782353664093825785 -0.0031512038025262702548 0.065865466217954735106 0.0031772803309075788904 0.99999491004508977987 -0.00029115915719319512833 -0.065864213463806609017 0.00049979851028824143211 0.9978284700219456349
-4.6619885856071663355 -2.4962100429002243018 -0.60684107199414971667 -0.92305594789775524678 0.0058393242928663473962 0.38462139740596645865 -0.38101137667030365863 0.12361814984205724 -0.91626900191884252944 -0.052896577378803100178 -0.99231268021799512447 -0.11188161949226077541
-7.6129946809403152841 -3.5667833166494418151 7.8576820245007885646 -0.79617142656370565312 0.0046159895776417105354 0.60505351181833411101 0.41323053301172640861 0.73459629201616472027 0.53815315138222807878 -0.44198595691519498851 0.67848874743506326634 -0.58677204559656570559
-1.8061230502550031929 -5.8734780099758578942 -3.8187018957819032217 0.71696997012887797585 0.0044316526178288196888 0.69708996721264215868 -0.67481484848995376691 -0.24643260593293048188 0.69562625812345779686 0.17486847111773862196 -0.96914979811608759075 -0.17369423312452259012
-5.3507671825060469928 -8.1939282001558133572 -8.3732629467870172135 -0.87935906719416945254 0.00563578997533600249 0.47612589597111076856 -0.21048027019602530419 0.89233296910071691066 -0.39929929641084832559 -0.42711320138963843052 -0.45134256405461420369 -0.78349486473828544586
3.9515165713528017655 5.3286209652976657125 -6.0311048055858549333 -0.32532779433331643348 0.0026167323522201138379 0.94559768345004580059 -0.25390105594030321079 -0.96351563036051102173 -0.084686975642630876737 0.91087654488771119254 -0.26763927731723896608 0.31412280593828167952
-6.6505291156975845368 -8.094530739730611657 -5.9777690892230213038 -0.048002299327711370203 -0.0089348801686617781992 0.99880726227610228118 0.95451538402414626283 0.29418975830069771238 0.048505337560133504615 -0.29427225645667592913 0.9557052652502893153 -0.0055933042616878002329
-5.3403091112801641671 7.5258948520337467514 5.6435075467563429186 -0.94721402678112220919 -0.0043313985789449052297 0.32057265394193190655 -0.26833769230664744621 -0.53647119872956783304 -0.80012095074497735503 0.17544363868920156979 -0.84390751384255557888 0.50699076690150035596
-5.6872149852095148503 3.870050388931972396 8.6438764164433852244 0.87061786333771262747 -0.0021590793061358011171 -0.49195515488074414989 -0.11041851695309798376 -0.97533469040011933071 -0.19112821041368141528 -0.47940826771251482397 0.22072059278341887856 -0.84938220653042573183
-2.7901010304540276863 7.5889971810310115075 -6.3125503730503789157 0.8265349972838665904 0.00025372358932208849414 -0.56288527595720649899 0.255653022081843595 0.89073904497118161494 0.37579979518910994196 0.50147924240727204115 -0.45451500457971810709 0.73616212891360066628
8.4013313326778096268 7.7805498405433661802 -8.9923805628620510078 0.73440613160130041592 -0.0032503211041478331789 0.67870248951891998246 -0.51037189164911334061 0.65654146884426900499 0.55540420587391847729 -0.44740157138847047591 -0.75428292775352223654 0.48050920783924722102
-4.4444503888386739376 7.4733999576614946747 -3.2548078304443688324 0.99964987452786557842 0.010518243023964644542 -0.024279516471606390343 -0.024986067342066965724 0.67721483820679240218 -0.73536097214311280101 0.008707743403690924866 0.73571015316916388294 0.67724053757038227275
5.0769403225650915346 5.3142629843573727655 -8.236095838251214829 0.99848939503890121738 -0.0035731664509945060791 0.054828464108898231077 -0.029122932629780374364 -0.88059505165554552431 0.4729737939826663129 0.04659166009122459734 -0.4738560830894049114 -0.87936888148767489159
-0.19357782289287753241 -1.5316283455252668322 6.1767622898316458802 -0.530818768782905126 -0.0017926594991127483593 0.84748346360256254783 -0.71509748061003441943 0.53762378012519829173 -0.44676197719689031418 -0.45482637119354057953 -0.84318293235538344099 -0.28666271932589054705
3.5310871212544485687 -7.9483679759894325656 -7.6422781118704552483 -0.9837175265392615886 -0.0076275551002069775369 -0.17955959563001830381 0.12153918028991333999 -0.76422967039588862725 -0.63338869467413427827 -0.13239356341612962265 -0.64489908612863811044 0.752713167864333621
8.1365075161963140715 4.4261284410848507065 -6.0054679128081840389 0.75009172055911566002 -0.002248526123755775416 0.6613299893993426215 0.17519607197358488815 0.96494229135699383093 -0.19542955435788456064 -0.63770584685554820847 0.26245250709748407791 0.72418915650865101075
-7.9940849973974215104 -4.525760914609297636 -7.6776786346338266043 0.060264929671871435291 -0.017387610569327145715 0.99803096607795793727 -0.61854107428258220391 0.78409494794619372104 0.051010312981649486019 -0.78343798585255519651 -0.62039727884972739602 0.036498475573144298356
-6.047138407816223804 1.002196232272653198 -8.8092047815948362199 0.74854749392046859846 0.004605460101235800581 -0.66306518464089925224 -0.084459058308089876577 -0.99116865821277655435 -0.10223188566481883344 -0.65768025423852871647 0.13252728290485163432 -0.74154784233438297836
8.2583111475800770052 -0.21996992477774296448 -7.7428770547779866007 0.99958711259297050589 0.0084907380778144643518 -0.027450167670424078376 -0.028225082867115117852 0.11126287173975663025 -0.9933901137364733458 -0.0053804307801767299255 0.99375473872522379626 0.11145658448694123477
-5.0951247165460253896 -5.9905905762854239072 2.9057807532759354352 0.39489540771298431432 0.0005115528354758583883 0.9187259413345703063 0.40882139369505793303 0.89543892160882165854 -0.17622203529954597045 -0.82275311304441500759 0.44518409223790389451 0.3533955842876253528
-7.7054971449867366573 -4.8157733395873645321 -4.8806726408655896066 -0.52113823050845509144 0.0026901312626408570988 -0.8534680473786531163 0.55390736168198528855 0.76184684953721348855 -0.33582139974154912032 0.64930853943006017204 -0.64775160443165991087 -0.3985176025965126434
-4.402391303593149452 -1.3196072667894847008 4.9328270676744265799 0.96915943857764308422 0.0069298727587310867543 0.24633708506686990969 0.19842825561262966705 0.57082917955092893347 -0.79673099296275795567 -0.1461376405660865796 0.82103959991985520084 0.5518494046144583054
-5.0318696006760932349 8.8163796987913993775 -6.5141673458235587191 0.78279249080543233941 -0.0072279022324799480775 -0.62224084868133855419 -0.60799961871553631632 -0.22189266173659705217 -0.76229922622891388428 -0.13256085387622304483 0.97504430878636161317 -0.17809047117376528013
2.5312455605694075267 3.0500127168412594081 1.7225255930886340661 -0.35650808464093169947 -0.0095882617715643287531 0.93424303627140203865 -0.31466130904875450058 0.94276202596078650942 -0.1103993794997650546 -0.8797103194651159086 -0.33332840809369024271 -0.33911933914794778477
-0.57946307578367273194 7.4623650885326116011 -1.8663553236440642014 -0.2373603383797492361 0.016066469949239260001 -0.97128880272948991959 -0.40711441660567804224 -0.90946512714958405166 0.084445451568237656081 -0.88199655416355915438 0.41546967523768452146 0.22241184186508464182
