1125 17.292696884352682929 17.968806560800352656 18.477561601407678893
7.1434604704861666136 6.7385556823890686573 -8.2262987816900228211 0.74459471022108281169 -0.010437791471887360867 0.66743521784513493156 -0.53364152848253310069 -0.60997670088463906701 0.58579445495566140334 0.40100553186910303793 -0.7923506022509541058 -0.45975546383192666955
-6.3032905718079810242 0.8111438273300122237 5.8490546198725228422 0.99994858952215814885 0.0075963465776641564409 -0.0067166830607216839594 -0.0022545902135462933882 0.81238080630293141304 0.58312292218134387234 0.0098861082147374199081 -0.58307780018533239552 0.8123561680662669815
6.7027142629272100649 6.7174646633828460907 1.262612774581594044 0.81363145424231875236 0.00064365034825347830667 0.58138063468078948759 0.57988546942750240909 0.070782067129559353424 -0.81161736139619589103 -0.041673720909280363711 0.99749159629921502201 0.057217272728599444243
-6.2215324022401823356 2.2339706041244751233 -7.1416319041696203485 -0.84080511945917491001 0.0035787497296576945005 0.54132609732199188368 -0.1136707804788122389 -0.97885124333309148081 -0.17008585211860965947 0.52926902871496750436 -0.20454201518478817845 0.82342993585820611901
-7.1784047751064052889 6.6954304375811561911 6.8824901129687949819 -0.97768937670295430475 -0.0032595869169893031472 -0.21003061151981541888 0.13746528383471876 0.74610957681575762468 -0.65147816166367067403 0.15882940037165685365 -0.66581519543895095747 -0.72901532706816085661
-4.3538902460038482189 8.7715683961289592219 -8.669696076743568014 -0.11115930650182916095 -0.011443179136446457803 0.9937367167560221537 -0.74424221675216950533 -0.66169937853682569973 -0.090870541144384198162 0.65859481578709833105 -0.7496819232816065437 0.065037547023531025459
-3.8104369424658575127 2.0117303539794844092 -2.4954941444122868965 -0.93756842388494421314 0.00066773641508053758684 0.34780023671921167505 -0.33965927530547074253 -0.21686126444168937755 -0.91520640769362771039 0.074813282462318636545 -0.97620220554617542774 0.20354907677109554398
1.9214929123853443649 -4.5154249025774966242 5.2614688112624801164 -0.59749928371952298889 -0.0086378734483595533827 -0.80182291879009037761 -0.25799973623429400815 0.94884135479438336258 0.18203356705581213992 0.75923036165440438428 0.31563502748324773206 -0.56916059892419690325
-0.34493003661269733273 -2.5829170652366806316 7.3491458653946351021 -0.62853410214439453529 0.0032116880793114505055 -0.7777753965645222145 -0.77767546554750011101 0.01395765142081703894 0.6285109818071893395 0.012874499096865206146 0.99989742925295543863 -0.0062752088815380959938
-0.53183905432916145362 -5.7643644549123580489 -8.710563381210150169 0.14305680414075544471 0.0031114406776382463361 0.98970958857938184927 0.48119644481766266075 -0.87406344202043662062 -0.066806293254233192758 0.86486110577604369265 0.48580183023572343082 -0.12653793682399633314
-4.8117825937214764309 0.78477282732003306176 -5.8818391217279204497 0.9878092839676808623 -0.003614670731309648638 -0.15562696637456729931 -0.1147868596891929438 0.65838477902768288708 -0.74387731487610098124 0.1051512974251250232 0.75267284852065541312 0.64994368044451977795
-6.6258340109058142531 8.7189721783804667865 -6.5589725138535772686 -0.36106428194766632123 0.00017401669034340216252 -0.9325409127858106384 -0.91613327601585026194 -0.18682689931510090831 0.35467665594016856145 -0.17416200756231861591 0.98239283355009510146 0.067615942730350792056
-6.9724068627578095203 2.0945107088349197433 9.0251500978616530091 -0.16236176462122631214 -0.0064097521798528213355 -0.98671048056976751184 -0.41431904126444268899 -0.90711279526712540466 0.074068270594088173042 -0.89553246140779185769 0.42083879543133723145 0.14462475177210182276
2.5388497484425487372 4.4695852954934007784 -0.0027757533495860221839 0.088589019710178365519 0.008346526155320754467 0.99603329316249711312 0.18044251437512540126 -0.98355454899950689462 -0.0078069294947539025556 0.97958791570378744851 0.18041836005045730484 -0.088638201493314264234
-8.326073010198586033 3.27279561607474756 5.7950008360995299839 0.9229197837390785697 0.0040193007416675528495 -0.38497132101554182304 -0.047056710140852976709 0.99362569302335224108 -0.10243850933576129081 0.38210566446169591526 0.11265801074834752571 0.91722594479238839238
-5.3940674392454015518 6.4334470680765312167 -8.3812017074551210527 -0.23864561777481099747 0.01399709013041146137 0.97100584477361795432 0.60825065068406103386 0.78161714692343153832 0.13822366504166125334 -0.75702008894016459273 0.62360140883668502276 -0.19504324607054859819
-3.6432362911408491257 4.1678608738025646474 -2.8492957780420473668 0.88114045713556443662 0.0039521855117343965974 0.47283810657399161226 0.24569846982785784051 -0.8582024205904825731 -0.45068932449806842211 0.40400959979063466587 0.51329619667585224541 -0.75716791912673653275
-8.1031232618005599733 8.7917405896174045665 7.1623087408672692078 0.98211415526022982636 0.005495721236698840502 0.1882062248856802289 0.013056582504032895886 0.99517992816629663455 -0.097192778683762526271 -0.18783320178015458501 0.097911733837481931819 0.97730853914506110591
0.28808936023917824931 -4.7294762263978027406 8.9020288373339138133 -0.28667107106455474996 0.006413784076419728683 0.95800759933744428221 0.35055276884711400465 -0.92992698680103980102 0.11112405442695040547 0.89158984587542711164 0.36768826822802114229 0.26433479555129774097
8.3066643243129725249 7.8193000779336516715 1.3924927695662083771 0.97284119610487962415 0.0075976251161003326845 0.23134883456340696317 0.0096877810315534936686 -0.99992186590202192242 -0.0078999360736189978144 0.23127073757820576505 0.0099266401101893546322 -0.97283878816400493061
-5.3860248210216150611 -6.8321105630796434838 -0.37313050593349678108 -0.18770607652963067213 0.0025028421796320443962 0.98222205463665213099 -0.11464366504368037059 0.99310600978148944051 -0.024439382175472455089 -0.97551179331630688552 -0.11719295677127264388 -0.18612509767356821833
4.5710115615562685321 0.07047310268650552878 -4.006835778604981968 -0.87770761253563356341 0.0015183503683806037071 0.47919415846726715058 -0.46922723074803823762 -0.20564017340885853979 -0.85880028237369687716 0.09723761011867537718 -0.97862649345534213907 0.18120439698277598928
6.0390284806730223366 8.7646953138146859175 3.8770549931587527936 -0.79975479649428093953 -0.0082221372195934883803 0.60027049064910154019 -0.55945695140127804645 -0.35242036526054731915 -0.75020517572092726422 0.21771583546722991787 -0.93580568635232597163 0.27724994567666594314
0.68672121242803907393 -8.8200188016007352587 -1.3029496629977888045 0.86631062295328331579 -0.0010397621360987195985 -0.49950457801016906467 -0.49213823699490161223 -0.17289415937827634639 -0.85317499104267546794 -0.085474325069446369096 0.98493986037101399766 -0.15029175362052182852
1.1715878239365817848 -0.29874854709060449931 2.5855798972017827175 -0.065209509841656937423 -0.0019914834359928412777 -0.9978696076241113655 0.96798821727418948857 -0.24301957289414213848 -0.06277179628320091187 -0.24237683685636984832 -0.97001934062387817903 0.01777491973138117104
-4.8236840233644322495 -7.8234511776445128106 3.7075394985156036043 0.23788861947387920925 0.0060933109046976269285 0.97127332728073356716 -0.6960454398294425582 0.69852182509678895084 0.16609637430254203805 -0.67744354039121101874 -0.71556280746411504712 0.17041161391345538423
5.6967948065212237196 -3.2338827874815425645 2.4008016574830408629 -0.98051674390663901004 0.0025906419781040251546 0.19641843979829853861 -0.1940253774459981817 -0.16892648425081685515 -0.96634258719443189012 0.030676828805554411106 -0.98562524901334058747 0.16613789658501174062
-3.6847577205293067237 6.6990641542567690436 3.8633013897624528532 -0.14116101592988208879 0.002789120684157731303 0.98998272125713782099 0.4351010649885347914 0.89841285868723619323 0.059509651243161362788 -0.8892472270564087955 0.43914297916621192197 -0.12803442123680025544
5.0022930840503683214 -3.2276766170579236359 4.4586667543887843479 0.84894491646860059664 -0.0044384722056738032392 -0.52846270328751276946 -0.32380216671422418218 -0.79465379602737562514 -0.51349537611370354995 -0.41766575827183205494 0.60704665753427944352 -0.67605448740727647206
1.7427748792421906554 -4.660775935896916522 -3.8323341291488013383 0.27914609827276298804 0.0036534481487920647189 0.96024169256284008789 0.96010222801084388333 0.01640016994867237593 -0.27916795337980304659 -0.016768052592242489729 0.9998588334071848438 0.00107035974458723291
-6.2982409492513342641 -5.7773665142011276785 0.65218238342429601939 -0.54351874087472318298 -0.0014231525657338595092 0.83939582614792529469 -0.83911009185133444976 -0.025223868347018119085 -0.54337649030757784185 0.021946117456041067117 -0.99968081461157354273 0.012515463483801043607
6.7661863310383436598 6.5095882172982042491 3.9490801684495218105 -0.85914958787570883114 -0.016852384784701048698 0.51144695011304397436 -0.42148669493743079473 -0.54347267339802562969 -0.7259383026540364714 0.29019123288547393757 -0.839257678187495193 0.45982126740684170496
4.7645057941302937365 3.1323682917953004079 -9.0023924080175685702 -0.10830484115101024489 -0.0052401289049542939397 0.99410391933234065753 0.96722415304187403517 0.23046854659221571726 0.10659121353878163452 -0.22966823714933895517 0.97306566586248910422 -0.019892480086801417327
-1.8314848416849449642 -3.6898032335709083362 -5.6317725568285288418 -0.68084860604487307256 0.00029988772016569615816 0.73242411601074464134 0.33326918412094574951 -0.89035322583530696061 0.31016573659934654206 0.65220918926530568882 0.45527029698002274838 0.60609580936145335262
3.3449065733963792013 7.6848317616282626474 -3.0385228340503180888 -0.2110195636874763192 -0.011928474786021558279 0.97740905215255480254 -0.55938565011427832108 -0.81852901886856010982 -0.13075909037457039696 0.80159742900475017269 -0.57434132426506467883 0.16605301880424455652
3.1440849130618526708 -4.7743440837812221034 -8.6138084633320275429 0.8747125628755950677 -0.0026200293988534479467 0.48463498407947336322 -0.28697334001999885711 -0.80862737628100689324 0.51358355546738243547 0.39054351161611600141 -0.58831530812530874464 -0.70806840330556397589
6.1024772511670448694 6.6608563221802530308 -3.2079109827666338894 -0.40531065000737814819 0.0035541271969535895292 0.91417210916270863486 -0.4369459437359393128 0.87761886476085493314 -0.19713794781452770311 -0.8029953419812998483 -0.47934590474484822797 -0.35415531107265013633
6.3976051010593009138 -4.6907673462761998451 -1.8491234869152850528 0.72657826702043137868 0.0089146988996662238774 -0.68702587290216476923 0.62389202143686439683 0.41031166108455441321 0.66513388604514556146 0.28782419544054621552 -0.91190178688361422932 0.29256172613198017096
-1.9577539474070722036 -6.9654244803345886083 3.3222387988146584448 -0.43279199804392032291 0.0062197697633477565249 0.90147235170769823842 -0.46611722101764163639 0.85439101118409899183 -0.22967528443021845153 -0.77163840151965268355 -0.51959341265213665473 -0.36687445104379456939
-3.4476502120602954271 -8.7806045968405488367 5.4525734874451456946 0.54237658127287202703 -0.0063447282807953435738 -0.84011153337512800565 -0.83494845784977966829 -0.11501789324285263683 -0.5381746528478762448 -0.093213286717936175152 0.99334315755279345428 -0.067680532815905788957
-4.590743391568694598 -7.0332605144577176048 -6.5080974947269130126 0.99482378650383462837 -0.00272382397160827322 0.10157861285252493821 0.045501709439782316025 -0.88187919270901804492 -0.46927463590688700545 0.090858286601538745808 0.47146757073004558203 -0.87719045908257320399
2.4687208211517956968 1.0801674253126694047 -1.9485541342700281042 -0.6544942819395747069 -0.0040338504740596954276 -0.75605619034482496321 -0.74957676255540706123 -0.12728251849591543099 0.64956434440511212625 -0.098852981470148107435 0.99185830063342483864 0.080281999967458855805
-3.8919385506391335205 3.3785381819572180007 3.2833946233260444814 -0.10448216341110028171 -0.0044835538456929301121 -0.99451665409578271504 -0.79312734160967024444 -0.60294747263640757762 0.086042810463759555883 -0.60002708065561294326 0.79776828903280194716 0.059441227221871582864
6.6670672158927315465 2.0174443023594363922 -2.2738686182448337725 -0.98440688632455197737 0.018273201149107843461 -0.17495477208770135458 0.10258595392035638194 -0.74830798506176288143 -0.65537110216354976799 -0.1428957809549899205 -0.66309972825555241194 0.7347649598154599726
-4.5822252455148673178 2.100540720582459997 -6.3617924107002270517 0.99851492361564586631 -0.010339522018796766523 -0.053488705359426957919 -0.051128339380049708796 0.16115492857223009948 -0.98560386662642718303 0.018810641372490700951 0.98687495828052862468 0.16038695860275198335
8.2910471873385969133 -8.9599768598454687663 -9.030599064779513796 -0.91646860087489545599 0.0017465794438480952699 -0.400102803127667217 0.40009092226324610708 -0.0048562174334096097628 -0.91646258574725125712 -0.003543660921214225254 -0.99998668321748707122 0.0037517802161812561883
-0.074300603636139744834 -5.6387563016934647564 -1.9811633600313001136 -0.16127314902966191634 -0.0099292918018018573589 0.98685985862568226246 0.985861485104596591 -0.047698109795290377644 0.16063007971579215671 0.045476406955587037051 0.99881244459919205081 0.017481330731186711658
7.9507564004694488702 7.7148646503230544624 -4.1586695645804816479 0.99078886259063358999 0.0011206747512347427047 -0.13541112899126700464 0.13229725087990609755 -0.22137643993104541562 0.96617281541819932666 -0.028894068183570494057 -0.97518778495826796693 -0.21948557331214443855
-1.8122451799934622407 6.2586162745631153115 -8.3682249306441978121 -0.68836180573609551114 0.0021398958343613410336 0.72536435344560890037 -0.0046001996763712377919 -0.99998841723821485505 -0.0014154689328472458681 0.72535292276704588232 -0.0043111756145770155704 0.68836367655344232741
3.5841158046456205177 5.8669533217797100733 7.4766932957276370786 0.8353770645428569841 -0.00092323341344880327161 0.54967654823128997421 0.52610975695591744028 0.29101865777173102634 -0.79907237748792991905 -0.15922840095618975842 0.95671693225786380577 0.24359603416325090186
-2.9725751363792380921 -8.0555531058130185329 -3.6521226540845947994 -0.049293695798657527485 -0.013576350549989069094 -0.99869205176591946405 -0.71389870517200693101 0.69977633394014449042 0.025723942372577489335 0.6985118254606343946 0.7142329908111906267 -0.044186700811003232214
1.0946779387376261994 -0.3212446707238799104 8.9556252713730710724 -0.62293851028115043711 0.0010362403266234348001 -0.78227011870251372816 -0.37499374630173115674 -0.87801007398330455089 0.29745251758541813025 -0.68653281250301845251 0.47864103061648244353 0.54733487114126810891
-5.2092058588890983728 -5.8523548793286028769 -3.1345743914658394935 0.26816168520208411019 0.0075575326412030408019 0.96334427609760253652 -0.94173817708335560983 -0.20867916468652480955 0.26378440448516454753 0.20302343808875750186 -0.97795495291267386939 -0.048842539456162237244
-2.791758392956864121 -2.4318928048194985436 -5.761698173160753278 0.70296945795241216892 0.0011553762051242514111 -0.71121909865522836558 0.62735582747596541076 0.47008418319554950981 0.62084259393291019169 0.33505015582459385381 -0.88262082788422879798 0.32972999145773440599
4.3333049886980923304 8.1514733810603612341 7.1044670697306466778 0.10950722292367648381 0.010754892220884878368 -0.99392781449194589349 -0.25331678826777148661 0.96722609982700591402 -0.017443525871204498823 0.96116532028031298474 0.25368879381354381142 0.10864263888714102702
-3.7730504698569267141 -1.2706702281987249936 4.8971146803809961767 -0.98061267832304066516 0.0023867250118987113142 0.19594151845890328545 0.16748759154073394884 0.52925911276020465301 0.83176480945015052182 -0.10171864033781036207 0.84845689053928152745 -0.51939794291448593277
7.7162627869302369277 -5.6688551789190499974 -3.5730516511408829672 0.073035861425060313867 -0.012734362726870866386 0.99724801275908692144 0.59234810272210458582 -0.80389407569606730064 -0.053647369576264591906 0.80236493452011359295 0.59463615015136350728 -0.05116992071230618
-7.6068602713166058038 6.4971667309571730087 0.11089736467899158345 0.9561326883963787715 0.00069135017689346024705 0.29293310535828942509 -0.17033485106322340807 0.81487146476323502053 0.55404921661153050394 -0.23831978661708141942 -0.57964128385517410535 0.7792430053311678595
-0.66738309959665864657 -0.035773536287165078051 2.7952943548231221627 0.57644629355490639711 0.00035665451228813691009 -0.81713496036104027453 -0.81354036122261652597 0.093946228880115820181 -0.57386948580743457615 0.076562074870353713507 0.9955772088976730938 0.054445108272110187553
-3.3760475734387114244 -2.3262780031763279354 1.8351869299927221491 0.66754116314393519005 -0.013266439200127750839 0.74445469781528839093 -0.090227388435993538529 0.99103166077527227174 0.098566047487284216833 -0.73908579602406088149 -0.13296709717905627612 0.66035743138351576942
-1.9237979197790739949 4.4883801860959779972 7.5630524891100021634 -0.86093662129220416279 0.0019890883453570038127 0.50870834241824292032 0.25341446970668274341 -0.8654079188239383047 0.4322617732115363598 0.44110003475581671673 0.50106404537193882653 0.74455730590358226717
3.792499578208366362 -8.149182508220086163 -8.4064696831967360424 -0.3703465667625968627 -0.013243402952158677896 0.92879924244443279324 0.48870796296464724673 -0.85310290384174103373 0.182701840143198041 0.78994173672622958193 0.52157458501627174119 0.32241588801255666175
0.44778146417682651581 4.3984983043454768392 -7.4346009941480275529 -0.81807860061621917591 0.001215165410827855931 -0.57510514394015310735 0.21234571666558782477 0.92997477683740881194 -0.30009367047642154791 0.53446861444552384857 -0.36762132394527735624 -0.76105049921383061129
2.6242723033104247143 8.7469949344783373135 8.3390684061119895176 -0.78129664343871707555 -0.01725583828705723119 -0.6239213019252561887 0.43657733262144376996 -0.72950321839186871298 -0.52652187703552033593 -0.44606702141297527309 -0.68375967298524475968 0.57749192375893232398
3.0597033298859277473 6.7047268027867898965 -6.5832992563882841708 -0.52916487172459392152 -0.00055848171109934389988 0.84851884282613521115 0.59723403677047282034 0.71009875560520108184 0.37292259600436805655 -0.60274044484784594644 0.70410187145472735715 -0.3754257726347273727
3.5131788588331338552 3.2190174556921307136 -7.4884957079042671069 0.25259772328460883273 -0.012723150732855157546 0.96748773202913918023 -0.40098857911697993739 -0.9113800061721180068 0.09270730158661515119 0.88056944621587096567 -0.41136918429212931958 -0.2353143527404332469
-3.6323964138656061884 -4.9486796908303656295 -6.6393536807173747505 -0.011880049220487741077 0.013035294413235778282 -0.99984446066878729376 0.99542687926882111871 0.094937788189078067824 -0.010589825435459564867 0.094784980136451618682 -0.99539785888531207014 -0.014103548034734484859
-5.196009086163050128 7.5688859211968093632 -5.2991345614227176597 0.87094857525036650792 -0.0060567243357117659872 0.49133684510711794768 0.26915290044003664649 -0.83069453808190341082 -0.48734310355827198391 0.41110253642405547581 0.55669551865580568784 -0.72186203948850646839
7.9895787821157737696 -4.4174414132319546056 -7.8908159101206898356 -0.21305384977655753009 0.0099111758557792750679 -0.97699018709928275861 0.32350340648928582743 0.94426080996421923874 -0.060967768165624353083 0.92192928312585287198 -0.32904907135321931344 -0.20438469990766333639
3.9767930042765815557 2.3094173147228111986 -0.36379490683145487839 -0.31261928838951269505 -0.00088670384662238328072 -0.94987809443257420483 -0.66859788839457856557 0.7105267136733647293 0.21938243500907106398 0.67471923357859864279 0.7036696688877328576 -0.22271720392979968417
-8.5189610989169981536 -5.7311499814991906376 -5.1515092481860689233 -0.17326722068178831981 -0.0094921917594900893922 -0.98482910625812902783 -0.26742650366103892789 -0.96193084509230608603 0.056321526968136415014 -0.94787210918824682526 0.27312807903262104059 0.16413262036291756396
-6.3098422189640999136 -4.7147740883838658021 -8.1959378931345661101 0.36433404999782448286 -0.0017889989326472285208 0.93126661031891488918 0.40707327058043324408 -0.89909702761957965844 -0.16098412127960690099 0.83758704168037734217 0.4377457417360393066 -0.32684340776713216581
-2.9508962661573883146 -7.7278912538823680833 4.7226626029753466796 -0.5179584992399343113 0.0048410873497972658 -0.85539204867594165194 -0.72533446037624393909 -0.53256613034256017336 0.43619174384964404245 -0.45344119095601242986 0.84637455106185199849 0.2793585610987554535
-5.1859847837738071163 6.5838777429964281396 4.1837203610290227829 -0.01560894273209290431 -0.0036647703194501351012 0.99987145692121126572 0.82119810338564969143 -0.57054235087572424678 0.010728506569160797118 0.57042969409264654423 0.82126000469771509582 0.011915065316757969538
-3.478163359363702245 7.7206036656776939608 3.6587802723042139874 0.3588308640595047061 -0.0021107690569747549619 0.93340021194153688366 -0.58716180595085665228 -0.77786905168563236224 0.22396596183805334013 0.72559039728391672153 -0.62842285372483952521 -0.28036278691290927867
8.5104925612326915996 -2.9347240242060705917 -0.209147728527020349 0.21634748555054991725 -0.0079198402670447570068 -0.97628430368721497157 -0.17639361828142463562 -0.98382801569213418347 -0.031108310287384772358 -0.96024947639956126366 0.17894052550903072341 -0.21424572669016167525
5.1961979502359554317 5.3506550365067795383 -7.7305049715957618872 -0.79881002695664382607 -0.00065250121061803580819 -0.60158300763512428944 -0.52149366472978953002 -0.49778550081481903744 0.69300357345775454032 -0.29991148440806297826 0.86729993048597120442 0.39729577407703647873
2.5704764012754681701 -2.5061773891069623055 7.4702699441927542523 0.37887525205174954479 0.0079817140135991972855 -0.92541333231373357204 -0.27951706189987224338 0.95424852258998427157 -0.10620719957565745439 0.88222658965239386664 0.29890809520040051428 0.36377217476631112936
3.8125409835400736469 6.9375797491100490433 7.2438762116905097699 0.74824848709905811273 0.0032331351517018019903 0.6634106936064326776 -0.66316671629215906414 -0.023906676299952030196 0.74808981895921611294 0.018278620196108565782 -0.99970896648240026305 -0.015744026751052887791
1.3378453220533732537 3.5075342263171953583 -3.8322055342558720703 0.75379848322988496356 0.011069062105773097918 -0.65701242191024034067 -0.12861613051508691274 0.98300379326979336891 -0.13100165414385517293 0.64439563751757511501 0.18325124360055666806 0.74241042831258219348
-6.7490567046386598093 -3.5069896894629866146 -3.5231366833373107816 0.17017385690955866284 -0.0015039077235804055189 0.9854129066975609863 0.64859321945960424216 -0.7526768982793912155 -0.1131561861668965302 0.7418677065998762199 0.65838835428510933401 -0.12711050643461518916
-0.84474029045823173512 3.3397062502836072362 -1.6267809492941012195 0.16006577694709300808 -0.0085534749567865425018 -0.98706929093984774326 0.44062794121700776806 -0.89418905055900810286 0.079202015627204691572 -0.88330400455855140329 -0.44760784167240452724 -0.13936016505475309901
7.7430233553159570903 0.96776377423863679805 4.20449675090282593 0.10352339483387343333 -0.010215676808801529146 0.99457455561130803101 -0.96687194899063810816 -0.23560877608793748261 0.098219849752156834777 0.23332711153459628761 -0.97179429128686778405 -0.034268271699566352217
-7.4215374106431761803 7.6760425824351434798 7.5474752367409712051 0.94096605609678440896 -0.0074485451007232274939 0.33841897176359686528 0.31506557163745163574 -0.3462518227139265159 -0.8836534166943516011 0.12376011814188113414 0.93811203725504743733 -0.32346443191542317841
-3.8633743385328656039 0.86728396838399046676 0.51240403486747676531 -0.96365777139774844162 0.019046103869764866023 0.2664600261805532555 -0.25888378847041804143 0.17947963567910829585 -0.94908705841130414083 -0.06590055911781333986 -0.98357730062462112031 -0.16802621820418633947
-4.4575711573972496282 1.2752712125187419812 2.599721281993141897 -0.57299958758065971942 0.0034465323330181972007 -0.81954840860510536071 0.58775708635306500582 -0.6951685417966743108 -0.41386266555196432604 -0.57115066320015239754 -0.71883852144331938927 0.39630556394641536233
-7.0652449449990832875 -8.7539623518728717499 3.2140595797129192235 0.62377728541537469376 -0.0096980875612020702586 0.78154196643396522948 0.48104653523459789399 -0.78334220818490829519 -0.39366129580512748687 0.61603257149175671969 0.62151502956399740096 -0.48396584475295062466
-6.4363278150063614191 8.615913714447163585 -4.4527004236891505329 -0.95805056184094139482 -0.0023420138447272039785 -0.28658966472552888094 0.18829777885463588882 -0.75900274207993245756 -0.62326461795429943802 -0.21606264701426150521 -0.6510832147172278539 0.72760399949353959936
3.394223842495764476 -6.7073447520265423449 3.2202184781013674097 0.80262075987860703741 0.0023428055692633394796 -0.59648506022678937644 -0.12847367175077178958 -0.97584316656358638387 -0.17670492335594992217 -0.58248985525818730569 0.21845966568982833067 -0.78293099503573893028
2.3685692274001821644 7.5737069566794650299 -8.3192697656558181052 0.99998712171853842978 -0.00096304500812874425236 0.0049828648089434851576 0.0044583085751202181785 0.63581020672457166931 -0.77183256248338116823 -0.0024248468079149255311 0.7718448377550986006 0.63580631213338523189
-2.0987503310037252113 -2.3911829430314561762 -9.036264786326370313 -0.97399722894420670549 0.0011397265402921961594 -0.22655705469554326958 0.21574859801059784181 -0.3005544097668695902 -0.92904229679068217607 -0.06915157601530741438 -0.95376398956617070013 0.29249326785676910134
2.7030022309317969231 -7.9758912427949439916 -5.4780241324769480826 -0.99992075268621749551 0.010261142508686111469 -0.0072936480595217388981 -0.012582772478097616065 -0.83312557873223258564 0.55294072367553859237 -0.00040272119626778932894 0.55298867892258440904 0.83318866938956881452
-6.7003057871703406434 -1.1893075848052845345 -1.7801392376193807543 -0.98023055393049851602 -0.0049455669127637831572 -0.19779687183787830751 -0.17257608434206980763 0.51033344561622506763 0.84248280065468117428 0.096775804073617729961 0.85996239199955859522 -0.50109792265834018909
5.8048103341314734038 3.2956599740366634421 -5.6114097289527631318 -0.94138450984201138549 -0.0025954644724644690412 0.33732546330493967668 0.24426361871145721438 -0.6949222866187487746 0.67632706594852964876 0.23265959942318747977 0.71908016182136047512 0.65482305371120941295
-5.8198340078165964329 -2.4599051601894590391 8.8747418016436849797 0.024549757772242136733 -0.01348754376735148558 -0.99960762079739073904 -0.99819943254304721592 0.054409238988272344562 -0.025249308573039877523 0.054728441088779236634 0.99842762425512232571 -0.012127524897284209376
-4.6784741622929866267 7.1310805943630679593 6.5550570737107101138 -0.40782244467244116448 -0.0010541238317134196158 0.91306064554601895633 -0.91198118630890268044 0.049095513638316989891 -0.40728361906600124565 -0.044397854006940129512 -0.99879353189910502486 -0.020983593496929648509
-1.1700849656930576437 -4.4794560680631994032 -2.4512152490325243015 0.069845672267592875948 0.0066643496839102599888 -0.99753554749135620039 0.44153514010809019608 -0.89689773058549993046 0.024923501368599502298 -0.89452126979481727531 -0.44218779643258437906 -0.065586969519322441124
-3.1130397537568872401 4.3681549270032213883 5.4780798641201089438 0.97317295253009417078 0.0021055404702569548332 0.23006514547661136016 -0.19766862669694473809 -0.50405166178903704211 0.84074909233817696208 0.11773495013645615681 -0.86367093788479931682 -0.49011324463766170467
-0.12980588020534603033 1.4689081530190419844 4.4835496597532946694 0.26441712660426708315 0.011250334555227069905 0.96434278818813989886 -0.77409295906493424955 0.59887087186655574289 0.2052651201639448808 -0.57520750506613227415 -0.80076657572733045409 0.16706051991228706988
-5.0577681962123897108 3.3810325446355493639 4.6738498276735773729 -0.016378520125137005503 0.0079592221206650631826 -0.99983418368327814374 -0.93956033272834382775 -0.34214896814276279935 0.012667468655585056164 -0.34199141106428054826 0.9396120126849526466 0.013082063144612837008
-0.22896830500506459849 2.0351494345647269668 8.0625883078771440893 0.98637257778621600934 -0.00046306330390192239344 0.16452636069464438018 0.024421287584368872592 -0.98850643003044336155 -0.14919329241455930868 0.16270445139486369723 0.15117811799721084243 -0.97502432694510698941
7.4437883568286054015 -0.20254663905867231755 -2.3422171478704507663 0.90399059620703658968 0.003730078474212771434 0.42753606688100576072 0.11556906306717468214 0.96060662061385182486 -0.25274238286171296641 -0.41163672531881512207 0.27788668004691818858 0.86794827001457386384
-3.5561466985474474711 5.4078709678451524212 8.8768315558531369902 -0.99370429776116242504 -0.0045710633321418185984 0.11194138640821577058 -0.085369747650167970843 -0.61615093012114097171 -0.78298789102814403407 0.072551876592626629581 -0.78761484031898587599 0.61188159680788500872
6.9534571784733074651 -4.7915181839785727647 -5.0526846768551765265 -0.021822697731063399329 -0.0055732646392225703574 -0.99974632211630731771 0.964356228650359526 0.26364733338535445428 -0.022519943654733146771 0.26370596149316888335 -0.96460303872638664124 -0.00037888359530929057589
7.49650541536295556 -8.8620589701297411978 1.2838201510632276658 0.9838072519707379282 0.0051424370313171473626 0.17915592736864771606 -0.037687047837392524674 0.98317577778372577946 0.17873185615542971916 -0.17522265091957686667 -0.18258955424901551767 0.96744926341564796424
-7.1149925842026586764 5.5513966378273646995 -2.9997750071783775283 0.98756674691150980738 0.00096283256434227327061 0.15719730706401693898 0.039159770950404307333 0.96695087739356633261 -0.25193751814122872235 -0.15224464763603520745 0.25496092575443674022 0.95489082810793446399
8.5048897717598883617 -6.7288703638491798031 4.1293597705241582574 0.11644083081856562711 -0.0157043054368111272 0.99307346541379670768 0.27601984464246021034 0.96099861445386003389 -0.017167072588869826399 -0.95407262736224762723 0.27610693183702966769 0.11623417702953725561
-6.8632978913449758096 4.2800716511313376955 8.1466729583520436364 -0.65309356732498036191 0.00095912865752499978922 0.75727661550523950318 -0.558295537768441541 0.67501989372937498679 -0.48234244637765705255 -0.51163940898529336465 -0.73779890426994654273 -0.44031567316124470279
-5.8058453383560948424 3.3124156531354294053 -9.0118306128884260175 0.57356566700645306156 -0.014135002915959819086 0.8190376226547756433 -0.35240619360117331205 0.89833922032157609294 0.26229090709245805879 -0.73948110208641792962 -0.43907499009214073782 0.51027527152774942998
8.2154804486007453335 2.0428758585250244018 6.1265598969702246279 0.2464238448416993521 0.0039658260856587617543 -0.96915404395630899703 -0.13547854156560162897 0.99031393525767930086 -0.030395302431305042806 0.95964621265781158144 0.13878970371786034099 0.24457425186083139867
-0.27315642197974282501 5.3356880762314249367 -6.9769047146247356039 -0.79398270909939860918 -0.014360837792461434576 -0.60777070017328460594 0.056459534827339542817 0.99365855816041437354 -0.097236776591569082373 0.60531295920242189634 -0.11151877031551564456 -0.78813690770634736715
-0.78516200168316641061 -6.9712486191257356793 5.1842305348144961386 0.2524520454276072412 -0.0064943580718393213724 0.96758761260791759096 -0.90998933836988926682 -0.3415148253537036438 0.2351319376784631876 0.3289184835369793336 -0.9398539500244732503 -0.092125912809491547484
-5.4946507411656559938 5.5371850881976465431 -0.19787085649886446137 -0.99955412712416225052 0.0010372553167347980593 0.029840761563686663688 -0.022356153641243641655 0.63647720797916274016 -0.77097144312685261802 -0.019792658832554391179 -0.77129481252243337064 -0.63617023101681202668
8.1138186328843069361 -8.9549526185269119338 0.15505148678164076825 0.97084920189998014095 0.0022170261638764657622 0.23968085439781205981 -0.21004151836608117576 0.48961277287229043598 0.84626348922920158202 -0.1154746194288845812 -0.87193716369639584496 0.4758058373249361428
-5.972854296500840654 -8.1291102247190885066 -4.6142129553239694673 0.12228350458055722849 0.002805215354820636206 0.9924912469511030233 0.62442472459434728016 0.77706632337700110025 -0.079130856109221603401 -0.77145350334455509156 0.62941247194518268326 0.093270747488744823461
-8.6453104736466173108 0.83181459238436006309 -0.32299312841939270546 -0.63178675760704139375 0.010304007760661012053 0.77507375154639479575 0.45240911171812286939 0.81683774387705543329 0.35791353119453084286 -0.62942155074864458708 0.57677545683039377344 -0.52072889669328703555
5.6514861422585154216 7.8098526474402367725 1.5167402487511207898 -0.6563690297909972049 -0.007336813412352169092 -0.75440431328310519898 -0.15203114581025395369 0.98072535394965354438 0.12273675416815181538 0.7389629405015391006 0.19525355640574620919 -0.64483317321307498382
-7.3728012633922848096 3.3890002987793401701 -2.8613974345122947796 -0.99999867776570328104 0.0013511684742108665686 -0.00090488157848340675105 -0.00016382803583848797035 -0.63732104074244610992 -0.77059838060265872794 -0.0016179083075320778613 -0.77059721344604148463 0.63732041941391981421
7.6409078128427871945 -4.4373216204343250979 4.8146302457215606196 -0.98698931755583152459 0.00049218873648056420816 -0.16078508880202932452 0.078919492213461089891 -0.86976488712933974767 -0.48711472454205850813 -0.14008497699479560694 -0.49346610711096317026 0.85840980909650033137
-3.1483925128266698756 8.7616272808087298785 -8.78199430470354514 -0.014952929097270032527 -0.0040516288720162385584 0.99987998990616089312 0.85491438454706802919 -0.51865909930864095845 0.010683342103756526126 0.51855357004424040834 0.85497153344870269187 0.011219268541114423357
-4.9343188102191497535 -5.9240320777940906893 -6.9015943202918519361 -0.75553026245219578882 -0.0038127211758170950762 -0.65510265277750479029 0.37314577479529592585 -0.82442010489789496752 -0.42555107965181054874 -0.53845729010896348221 -0.56596550583734939188 0.62429703902148170336
-1.6682745426527010313 -6.9705276909036362198 6.3982386544824256802 -0.15670295953472745953 0.013160565678976870324 -0.98755809043498843369 -0.94119859246708692524 -0.30502191850382553984 0.1452819285742543709 -0.29931487101549619778 0.95225439287158664126 0.060184543245546021084
0.81687344555180263495 2.1978083515379083224 -8.2087591431594670865 -0.16800560335430722581 0.0083002807925347619339 -0.9857510956527136825 0.72005949646805822439 -0.68191727081919617515 -0.12846461499129113726 -0.67326698923077232806 -0.73138221272973924503 0.10858922651354405153
-8.5175472497483966094 -7.7762666863068039547 0.71353392027514639384 0.047029182337497865696 -0.0030392665135786280789 -0.99888889215347886896 0.98082807410345618226 0.18946427650981423341 0.045602379068706899723 0.18911516348187523695 -0.98188291093458479608 0.011891347927622145791
7.3438236053313676877 3.1794606155126015068 -4.5141938695447541008 0.99845240947824187572 -0.0047513865339589124795 0.055409478728812917858 0.014004575377760637017 0.98571644307134320684 -0.16783016929934457817 -0.05382060827865048358 0.16834642314170053523 0.98425749879781676555
3.6406069530067242113 2.0320530797097631215 -8.1438603288425586157 -0.4233194679206932487 0.0028275455738360653554 -0.90597606649695783254 -0.90549429355233679306 -0.03407685745536997296 0.42298800471182779193 -0.029676799415418893963 0.99941521539958633191 0.016985723548261520699
-8.4778378831352707579 5.4906039848969898642 8.6671007411189275871 0.46815863111366046168 0.00099362582296764557013 0.88364388122238224366 0.85726744398300869232 0.24199570488899868614 -0.45445638767885998544 -0.21428958350948099087 0.97027681180328084753 0.11244057486653658007
-2.164706039615447164 -8.8439687097095092128 5.9073044655729054497 0.62144322900290904776 0.00089007594943746499994 -0.78345869124747768986 0.49543655485824922291 -0.77511197740245341148 0.3921020818582305334 -0.60691921475302124112 -0.63182325871389888317 -0.48212906623773843506
7.144595657428311597 6.6626192160009374277 -2.5987649453293095725 0.37152451174032252723 -0.0065129503143781311558 -0.92840030086933866826 -0.92196683947006285997 -0.12031269663606344866 -0.36810596564810699194 -0.1093008878906144149 0.99271468031164489254 -0.050703840090791638118
1.8000083672510001076 0.1561212290978595818 -4.2550092342592611416 0.96667543604595140838 -0.00027892621422212320048 0.2560049287528548545 -0.25508098096089837359 0.083840784752662711465 0.9632779536373017315 -0.021732337600126931665 -0.99647912422289397494 0.080975678386815339027
-5.4221595627905836423 -3.4099090130992215641 6.7555397466266784434 -0.87323976591343754894 -0.0057836308527857496764 0.48725646310926834515 -0.48728390316531700055 0.015679355517235569334 -0.87310283216031869813 -0.0025901628356235950786 -0.99986034396035872174 -0.016510106958114535713
-2.3688823841990029884 8.8337904952750037069 -6.3038785991144425935 -0.89195679636914415589 -0.0057154037070855827699 -0.45208451374876496009 -0.10305615699788661654 -0.97102735826897568217 0.21560449438264503441 -0.44021869782605493882 0.23889998671772910699 0.86552544412659804252
2.446860303049649854 2.2268638741678645765 -6.0596983855911172867 -0.99848106874842013081 -0.0056325618970245209735 0.054807203882899925562 0.047034614115786466115 -0.60519986960897609318 0.79468286938941279374 0.028693212193168244478 0.79605363642915005773 0.60454553798878762905
3.9376174704070003862 -5.6413407801979724709 -3.0890616828004864303 0.30777197688028834488 -0.0014488185378754517979 0.95145904334984898743 0.88938827705366851895 0.3557136311941276885 -0.28715205940767180026 -0.33803092001587914384 0.9345938762410725964 0.1107672496990109029
7.4166259215070011734 -1.2999441658662393984 -7.576846115189567854 -0.62081665180661282921 -0.0052109311421102725778 0.78393847401211780301 0.78395567356917927881 -0.0035753707631038184403 0.62080650657251690294 -0.00043210925832233050559 0.99998003126097390059 0.0063047887395260753321
3.4255981246346873803 2.3232986000885822442 6.9580594200516898695 0.65246886335369425058 0.00030005689600125749761 0.75781547379288083377 -0.32612444606788515422 0.90277413736046552284 0.28043127962107350371 -0.68405206529240980551 -0.43011482987545390788 0.58912987115753878697
7.6767738012061226271 -8.0580724919707122922 -6.0035193223329157419 -0.0099693706016297269079 -0.0092896042750043039682 -0.99990715314098155275 0.41318357204696676277 -0.91063741096681094511 0.0043406840486581686755 -0.91059318438053005185 -0.41310193536224620869 0.012916793710871243145
-1.5332254993144942556 -5.4338527583648321695 -7.9300501493254484942 0.14670526904919775624 0.00039265603402625047502 0.98918017057282259241 0.33473937595716202198 -0.9410217082333631744 -0.049271643133437764694 0.9308206670550849271 0.3383459626691804889 -0.13818428032338869738
-7.0022784338058041698 -2.2840903955113542878 1.3092890414807978328 0.33701196750414669223 -0.0079958046936676151206 -0.94146640984483009884 -0.44176767630709040668 0.88170826983464922755 -0.16562562324445415096 0.83142302946771640126 0.47172724535696675119 0.29361395072220136671
-3.3912572629734527574 -8.0946453934498059368 -6.3489334056820849739 0.76564390384130687206 0.0026976331884615758344 0.6432589954952009359 -0.63501922133488652999 0.16276746390446722446 0.75515385268786816564 -0.10266450723526007738 -0.98666077020885412097 0.12633496540903213501
4.3565854697658146222 2.9253522362562036641 2.279053407769010331 0.99129980385856319991 0.00056082794214392175935 -0.1316221270976416502 0.093575180446588135386 0.70025194213284780442 0.70773646447212790189 0.092565568512891813202 -0.71389558270864628131 0.69410713331219020539
