1125 17.292696884352682929 17.968806560800352656 18.477561601407678893
-6.629809775917589576 5.6937746241118167845 -8.834073194871743695 0.9635911144915493276 -0.0031113592997801921627 -0.26736208316856607814 0.17073989827942606667 0.7766750587288484553 0.60631983332572370049 0.20576698279470820308 -0.62989377881666197556 0.74892841860888481609
7.9455961684087403896 0.94502634964148990449 8.0800216365754486958 0.18272024760478483563 -0.004201216177082136953 -0.98315596977180619298 -0.5232575006220981928 0.8461844379822028861 -0.10086369495105997063 0.83235503191709203641 0.53287357478040642267 0.15241671215111152193
5.7677365012186347926 6.963152128921279882 0.11582629756960670375 -0.76128691804492709672 0.0027387892276938378966 0.64840938260276004268 -0.32936711751785197055 0.85974130125997494378 -0.39033600500822679402 -0.55853337439376471441 -0.51072242357428854209 -0.65360773843887498558
1.1852700335290811129 2.3125558054205392899 -7.6323806869505776973 -0.80882845226788091519 -0.0051579107132806705643 -0.58802204955194536939 0.58752251795320176164 0.035042222909747497428 -0.80844872039716142442 0.024775506052240041377 -0.99937252242134455571 -0.025312758230265873516
8.6375820781302081741 7.0749510141526199547 7.0105716186453292948 0.5719001815667319466 -0.0075679813268256122469 0.82028830784221928862 -0.65087341987839086865 0.60444240018389061575 0.45936170514789242958 -0.49929347444147215151 -0.79661289879021490723 0.34075492052402950316
1.3274104009125766712 -8.7727570205965008654 -7.8994614970090735184 -0.62152005640700225264 -0.0012448941057854219505 0.78339726175308865841 -0.28880601887492657331 -0.92919982860651428869 -0.23060520804899933833 0.72821968041601436994 -0.36957560627888841331 0.57715679697814126214
0.84160674929889056628 2.6547149230789743868 -2.1791750680423027653 -0.98820049047065228187 0.0034582073054641566077 0.15312684753416427874 0.15306972616075228966 -0.013123715453459125491 0.98812824422010703262 0.0054267454882636892086 0.99990790020645503589 0.012439515202759361331
4.8759258871916149047 -4.2495415121415263116 1.6688717365630021394 0.38393073271515171241 0.011018368077344114359 -0.92329615402743403507 -0.028258086390937429966 0.99960064460105768624 0.00017851262413570018195 0.9229293976411386824 0.026022046002416924365 0.38408876590138157914
-1.9695990128246663176 -4.1181138881310292987 4.6256454039710810378 0.50183138698733986693 -0.0059984300367709898066 0.86494466752004350862 0.76996068733998956901 -0.45253239454613708448 -0.44986105836941020497 0.39411394162776530736 0.8917277895879996974 -0.22247640389776107694
-1.2053446311232502985 -5.3517102983564583951 -6.4184703605645703206 0.86265072186512581354 0.0067709976191979662913 0.50575476829868892814 -0.20731530715281895616 0.91679279827958637394 0.34133755791438691318 -0.46136113347980489685 -0.39930579586829523242 0.79227570068787400714
-4.8686640395143374604 1.4676360594710533558 -2.2561319161612880535 0.90594243759303538788 0.0019897035273667169203 0.4233961984336326867 0.3699407583407566813 -0.49011413485641647236 -0.78926039437700001855 0.20594206730615427503 0.87165599630470091963 -0.44475126646235785266
-5.8598424093068723906 7.0233222873182628021 -8.4203568127699988111 -0.60891038664545382719 0.0075099036845394061268 -0.79320346846288070086 -0.10243541617794751919 0.99083805959323167922 0.088016618738240903763 0.7865971818839244678 0.13484636075281308809 -0.60256230586061154675
-5.2421960189221374904 3.3999444815447299462 -8.3639115785534290382 -0.5320460102959569948 -0.0036261765155879950931 0.84670767905586952207 -0.57688804546684457897 0.73352715744717633672 -0.35935788885915020963 -0.61977998186920602031 -0.67965046908815918147 -0.39236209544600120225
5.3265265430993009588 4.8757202250633859819 1.6553335076874433618 -0.87753368890706662242 0.00068767494448186607808 0.47951449606502666301 0.45179747675709530652 -0.33387397151203662693 0.8272890735060612899 0.16066631516671137092 0.94261747185699007456 0.29267496804622356033
-4.9177665417383984447 3.3945245388714537782 6.4882786422740998944 0.98419333603801961718 0.0035271756460451058821 0.17706223857787078968 0.1770480396596087469 0.0039995089751197338002 -0.98419408430501964524 -0.0041795874173090755491 0.99998578137875393512 0.003311810547007632867
-7.6145712111524206378 4.4602819039222332265 8.2074999489478024373 0.68342545538937105043 -0.0037473561811845901987 -0.73001068776235955582 0.49183795264913116041 0.74132971526285651453 0.45664612294652617841 0.53946739962628931231 -0.67113054660750237623 0.50848669023935511024
-2.1141553373372330427 3.57607795440438192 -5.5222034361412521974 0.67942991768939853259 0.0042906724443254580861 -0.73372786309259174775 0.3139292658979901951 0.90213543658146466697 0.295973090121958049 0.66319182968507783826 -0.43143162168936405321 0.61159083777067335674
-5.950394909999260129 -8.6933891492949246782 9.1305898696677001425 0.081673972238827066694 0.0086539322932339228511 0.99662152882362764483 0.43728589366293280083 0.89826330408023291607 -0.043635808074428225622 -0.89560616872709075675 0.43937244565269406582 0.069580489643905493735
1.3410908819996658625 -4.0367223793291957534 6.508644734109485519 0.82989876021082842339 0.0037338601656120911851 0.55790152006293336484 -0.45095467676941031199 0.59326475964777480865 0.66684091390629329776 -0.32849342048220275814 -0.80499874735805154735 0.49403349021263381902
-7.2994681500604476909 7.9853945798780712195 0.29622602074620324464 0.5946065935703019889 -0.0032234661818720746103 0.80401032838421526705 0.78323129057008011866 0.22823152835945623162 -0.57832440285265362956 -0.18163629690916835435 0.97360155029084283207 0.13823269120093240048
-7.4232226638582243794 -8.4865870007925963137 0.79792511353616879521 0.7167445932414567844 -0.0001766588210510957116 -0.69733575618247534145 0.18610320163160307128 0.96377889874944300264 0.1910388250269308974 0.67204373845868237147 -0.26670246177504858265 0.69081619153113615894
6.956823803064882128 0.33616785296777834668 -3.6167711626322982532 -0.97415177274499964444 0.0062155114610661903879 -0.2258089703156829775 0.22471339858461958361 0.12875117889197451593 -0.96588147431798665465 0.023069723758902600796 -0.99165745161894647275 -0.12681989786492967043
3.8841462180604229282 -7.7603180957929609463 7.7689799321056129955 -0.99627979515843956282 -0.0041563311407552139959 0.086077259893112836875 -0.018683586773778362855 0.98549672391259712789 -0.16866277224949080549 -0.08412783929560700702 -0.1696435441421109136 -0.98190812940246297025
0.81883887278588918246 -8.6522249785537415079 -1.1258674389446428066 0.87907286531790707063 0.0093513250787494624217 0.47659568837866472801 -0.34376186988941020983 -0.68021217661585908765 0.64740958565182116224 0.33024032805232722554 -0.73295562451139328886 -0.59474143812673530007
2.5658112089242468556 0.2284040412042393775 1.9570467272824947358 -0.57580901245498072871 0.0046638921196204023364 -0.81757093226574839573 0.30171622605731940325 -0.92818868649466579335 -0.21779137080469701537 -0.75987584519409223649 -0.37208065036172488504 0.53305223901349274573
-3.8798490194424317679 -7.9597202756991647377 4.670560835391535548 -0.5084007565426802433 0.0032879001099364695004 0.86111431323585185815 -0.45887206877693670348 -0.8472204213524449079 -0.26768261456461189818 0.72867351759433440783 -0.53123135012598665661 0.43223622869945477198
2.6244047288661835893 -4.0592049205885825103 0.59352199856218945673 -0.22153328629490323665 0.0024895796763541267957 0.97514963213671657094 -0.48709252968308064391 0.86602636668799692909 -0.1128680633668386335 -0.84478628693301072161 -0.49999213413251192284 -0.1906410113679673779
-3.7386278855257963905 6.8105081903042119507 2.2781926430090262414 0.31719623781183731159 -0.0021978509477773959524 0.94835737787475482552 -0.37568842662672596866 -0.9184765353073851557 0.12352756853564837713 0.87077250347999690661 -0.3954693711790354671 -0.2921630086824583139
5.9288677509806708699 -4.1914975466981845287 3.6656509125969960472 -0.42048710185613319412 0.0031985158369369146025 -0.90729287810960324023 0.76313496567575755947 0.5421125001290765244 -0.35176563414663891693 0.49072968254974141944 -0.84029983142928976747 -0.23039221333280038295
1.9035310681368113883 -4.2573316168507462365 -0.96734721439251902808 -0.63071246923221302438 0.004538878605596229944 0.77600333745173788458 -0.07105468427235282769 -0.99611999698293896 -0.051924786505822592697 0.77275676185853026112 -0.087888282448422255788 0.62858781153491583016
-7.8876271591383284587 -4.1270856949505914102 -1.1681568517936580243 -0.98177967070126492821 0.00022912776529525509528 0.19002269784950920339 0.1583015186539060426 -0.55218736292597836446 0.81855344689081821485 0.10511568574364146822 0.83372001518815264109 0.54209005606575999536
4.5387850134135012681 7.2036307361129514604 2.8510599274556129856 -0.28430982176752750412 0.007993124713641431428 0.95869913695782826846 0.032148391069215208338 0.99948238566580749342 0.0012007061787427811619 -0.95819330314820105876 0.031162007332422050204 -0.28441962502763762366
-0.67915413604337859788 4.9042905297698586864 -2.9222653883990741264 -0.88319329200821428127 0.0022710299696701644057 0.46900367948898180614 0.44828647369329982508 -0.28987454259470296636 0.84558381433108487091 0.13787257325112009521 0.95706195827549733757 0.25499717952699707535
-4.8627721290234298124 -2.922250836886988612 -0.91438439332275223137 -0.80957920341901057348 0.001559804232799584002 0.58700858631047114766 0.56309552620301928094 0.28458919676568245061 0.77584303660894204935 -0.16584613882010462715 0.95864829635005532893 -0.23127581400461669214
2.2882193793725686959 7.215677954013674622 -2.882250350062334654 -0.84920138814925683057 0.0062804884681883863667 0.52803177729122108275 0.25813844891443693541 0.87725193487810237958 0.40471420032414356927 -0.46067509543807372285 0.47998916468649227562 -0.74658479640711217229
2.0272747723537913878 -4.0379030626559657691 5.5580894467227679456 0.82982064052617277028 -0.00030184661802404311182 0.55803011876196306762 -0.32271871825801301537 0.81555196964130471926 0.48034114304315894683 -0.45524755182484655247 -0.57868375966733476279 0.67666444627633748343
3.4278992998691570904 7.2612801320180899722 -1.9885797376152687388 -0.85679709914052726294 0.0056651949829855325139 0.51562257172345327128 -0.46278299525520188995 -0.4494997423891936017 -0.76405620270671625871 0.22744368579330487279 -0.89326249622277420492 0.38775183124631940057
5.8488251709209411189 -4.282530776563326036 -0.88218907840725124814 0.50440788940301417576 -0.0096758312229052890335 0.86341129214183742757 -0.67515902999215005043 -0.62776206889905605824 0.38739523625324867595 0.5382684881432696633 -0.77834514396991372198 -0.3231808650434743746
0.23054583289630381504 -6.9519159294130066229 3.2657296641950921412 0.37651197407172215526 -0.01042170254363547835 0.92635313001948416112 0.85653602650008198172 -0.3770628012729946299 -0.35237718314770688499 0.35296567635915315764 0.92612905796770295108 -0.13304209597030630663
-4.9147262885785671926 -8.7118001005670553383 3.854702571985251236 0.31313771606647677892 -0.0078654944026690688796 -0.94967515750102904359 -0.49948705135819926326 -0.85185792899688761448 -0.1576412202765498094 -0.80774838675299442947 0.52371385584362639687 -0.27067755890598055313
-2.4222467003487446746 -6.4709062146573694818 -5.1492568278262229597 0.85086244795209309277 0.0049376629158466751879 -0.5253653149474385442 -0.072728088767920515134 -0.98922193225018895113 -0.12708498676045859588 -0.52033039481554577144 0.14634065819378994089 -0.84133268805525074363
3.1548012234132505327 2.6757188757813801239 -1.880377441664729643 -0.18762171812213010447 0.0057107740227086561946 -0.98222475938502784576 -0.26052275660917428857 -0.9644573955863664505 0.044156827192236167146 -0.9470617636550812124 0.26417668170930219684 0.1824409402062365515
-4.3414797318971327655 4.2024228687442315433 4.3481573214276458827 0.71175611329013899198 -0.012169778910749778564 0.70232124535387463471 -0.69100822618878843251 -0.19167902381289664282 0.69696971467168478132 0.12613828337735291663 -0.98138221316236895486 -0.14483813432668166121
5.8334115109247193232 3.7583822198709091467 0.30306653513991582694 -0.70305628482249860056 -0.0017448921632808585096 -0.71113206630177272505 0.70280146296971457431 0.15093078803783829822 -0.69519062196635028616 0.1085447558342244323 -0.98854279248475640518 -0.10488652633814796178
-1.8562899500173080103 2.7613325052734705167 -8.0350732769484167761 -0.64112849259900650534 0.014450656145278869755 -0.7672974876242464326 -0.72981865577322557748 0.29769810216180292439 0.6154190195748300285 0.2373162144963405773 0.95455068933302067435 -0.18031637704563951985
-7.7915509318483398005 -8.7764431199470109846 9.2318729366318734719 -0.10808624174640123206 0.0015107965811795532815 -0.99414037330689308813 -0.91835672466994677787 0.38279895011970643814 0.10042853200389906254 0.38070761825631849185 0.92383043968075129193 -0.039987849663182674365
0.99021534402195476865 -6.5132594408206658798 1.2865670368539341428 -0.8302763243796453807 0.0014791601944023247302 -0.55735001324128141675 0.20454242050719242951 -0.92941308614800133281 -0.30717049583265193524 -0.51846275024139243381 -0.36903811101574535147 0.77136712999063616891
7.1068112653342083718 7.9029180811528823014 9.044900073478434166 0.71773722306228560086 0.0033646127594768619404 0.69630593707942445292 0.25624599437877410013 0.9285372767113906356 -0.26861964954612288503 -0.64744981967395132116 0.37122392856413100048 0.66558359795427879391
1.0675861450767294425 7.0983125459357481191 9.2035913211453479477 -0.95071091005930852269 -0.0041960385531544484861 0.31005025198289692945 -0.097657640339914766892 -0.94497127989864060371 -0.31223751448199499325 0.29429874409768158605 -0.32712638754331951896 0.89798473026851444168
-2.6123795346261085015 5.903620813911535592 -7.9622807366254226835 0.56835903659837250235 0.011132671230358378439 -0.82270533555332481246 0.82130509442689203503 0.052180847149537981644 0.56809779180954256272 0.049253907306653597897 -0.99857559694898856417 0.020514136418845196896
-0.86933028589376348805 -8.7070805497074577062 -5.4322832912774838832 0.47071782321403332627 -0.0053884442913186107738 -0.88226736059819410585 0.46682527161174691699 -0.84701624626448468458 0.25423934461211639135 -0.74866474252053294425 -0.53153969111650700707 -0.39619018169869862911
-1.1188422986768415957 0.2387370296694010241 -7.9338378138443745868 -0.63500519158046531132 0.010379296379131618122 -0.77243813789372350875 0.15464297792484862915 0.9813780053503262657 -0.11394191499455831595 0.75687116211709537517 -0.19180584146701049053 -0.62478521360127370343
-6.6996395924159637403 -5.1482169039517433617 -1.9475893643266488642 -0.99914992624759824125 -0.0012889334987144359865 -0.041203926146686969956 -0.041205412365316579359 0.0011485663795263974588 0.99915003617434705596 -0.001240512507565313385 0.99999850972189774367 -0.0012007010497462082196
-6.3411942425993670369 -1.8940567264018741689 -6.6244432306607841099 0.92449990209102583805 -0.010117990822754626898 0.38104797243317611866 0.15911737456104452226 -0.89814473572292508052 -0.40989961552310971715 0.34638359104687876933 0.4395835073735604448 -0.82872477210377593071
1.0662857352791601517 6.8065385828798152801 4.12055421196278715 0.99512302764999494009 0.0045113210297514742819 0.098538357116311620088 0.065067566582428029709 0.72077748743348435401 -0.69010580738592464112 -0.074137518299920199261 0.69315183155774928725 0.71696873487547807535
-4.5291411946008954814 -1.9720245776907412427 4.6751334769415464621 0.20671569404313908103 0.00041188239868162473956 -0.97840096698096978844 0.22442601506615761364 -0.97335673171155689953 0.047006771776109200489 -0.9523138062620293276 -0.22929566760888200894 -0.20130054947283071431
6.5385025362952919892 -5.2732626875775645559 -5.8729592128513594673 0.94841433067860991812 0.0022750639035326327385 -0.31702536404485931465 -0.22076885233251072882 -0.71293670521151131236 -0.66556920617024351028 -0.22753323098683725378 0.70122469897066130873 -0.67565712484232509638
-7.9766862902522204237 6.8354537432928159646 -1.5004834169632292884 0.40882723443284479936 -0.013492490928252123816 0.91251205201607421547 0.81851558469379004368 -0.43677717552553169122 -0.3731727971775053998 0.40359946729341134031 0.89946853843161211906 -0.16752259063245955595
-1.5062525470853713738 -0.75100111709974204377 3.3370176621112772608 0.97281436121510123094 0.00045272507327559843859 0.23158586669642200473 0.21139424161248160372 -0.41012020645266417107 -0.88719439294453839029 0.094576388314504267196 0.91203136530432848961 -0.39906653013527293439
-3.9486687109850278077 -2.0507961939891434788 0.77221193307732216571 0.61868705146723090849 0.0044320209022622319983 0.78562503112959813922 0.75011513508528560035 -0.30062399449144117103 -0.58902673797737636896 0.23356715621583687414 0.9537324421068091862 -0.1893166987099797749
-2.049030478926685106 5.7951796362713530186 7.8967840466787686537 -0.59781564465549408283 0.010814307696731442071 -0.80156066879217735544 0.74040635640977381371 -0.37582119798875635031 -0.55727628204525803124 -0.30727004799236862231 -0.92662909402393911495 0.21666480959210929202
1.740470374888158922 -8.6843923429505007761 8.5300289749126125827 -0.91029832815530709045 0.0068715425176961468165 0.41389580290333111146 0.18990242562174020069 0.89537313466732970646 0.40279525625176409998 -0.36782335774202762346 0.44526366528095123742 -0.81636159015463949373
-0.025616446823243793629 4.7388986169863898112 9.0917237221749438447 -0.81830817947964806791 0.009486647853102624095 -0.57470142414024083521 -0.36269838404288251565 0.76713703105903041646 0.52910363615329880638 0.44589416413439519893 0.6414131110996613705 -0.62431371545125569078
1.2569234178976849137 -7.7805550411755097784 -8.813006673215605602 -0.7954773767682458141 0.0098848387737397267611 0.60590265968389966922 0.59828607653193699445 -0.14604728913207748464 0.78786036831735850594 0.096278313641896554054 0.98922822407143784496 0.11026335303579758162
2.7342472594232343219 5.9752658786915837652 -5.1505998521546638713 -0.86266416814383251044 0.0096445807844039270484 0.50568519363566000191 -0.50417284618044500011 -0.095969050871202984943 -0.85825385664676401287 0.040252629418781028792 -0.99533759264694232627 0.087651597181590587549
3.6653447975759871902 2.5986214272882550702 7.9536860623515437396 0.95348362268040931511 0.003046495751829549764 0.30142942813184325779 -0.24012825369883378235 0.61216378443050156744 0.75338829484357272559 -0.18222898522421507317 -0.79072512284302909347 0.58441969255731396338
1.999830738164600108 -5.2988048341825653154 -6.0267285360478917156 -0.98013182720593872155 -0.001850114844614801201 0.19833854484943544416 -0.19829367595636232524 0.032363032797087937231 -0.97960821361590955103 -0.0046064491339751403171 -0.99947446749947732592 -0.032086904542571917376
-5.8213962079667513905 -8.6867136312148076627 -5.8877982871077714222 0.35470833467523354976 0.0060213479651961025405 -0.93495761437656399462 0.91014802680219752951 0.22669558720102109262 0.3467559372986122046 0.21403870355662768521 -0.97394704892642403049 0.074930496245025679514
-8.5341041919775886271 -4.4031486285169156858 -8.5986196302649222645 0.11052237676072675099 0.0011041516414249811021 -0.9938730226161024417 -0.034513558780757305766 0.99940050714133787935 -0.0027277436603065433052 0.99327419099417380011 0.034603571699244571602 0.11049422758779159359
3.7114812113643860236 2.7184996870997517604 1.3746437313044030937 -0.63494100701220890226 0.0031128324467293486642 -0.77255435270808836545 -0.75249730042672879904 -0.22890861981333429642 0.61753433639380106435 -0.17492206968994269967 0.97344293826041738971 0.1476858675909681895
6.9046169279966544963 -5.2783696449196719769 -4.7398788358381231944 0.90292842074431389765 -0.0011603592764762287598 -0.42978939095667689774 0.17566068472002588363 -0.91166378696238359325 0.37150028719436806179 -0.39225449756024366454 -0.4109352663230967373 -0.82296331390647903259
-3.3338098745980517812 -4.3708225135320315502 -6.571969617674626285 -0.77341957379132586503 -0.010419797437446259511 0.63380879663957223613 -0.36684109252390489919 0.82278047582534641347 -0.43411968561224661967 -0.51696206409378275826 -0.5682637736312177168 -0.64017693481259885235
-3.0490034276096547039 -6.5907834799525550906 2.681734285428830411 -0.9997774175448752576 0.013320864884916376256 -0.01636062118764403106 -0.010262335581133544965 -0.98459618616553346016 -0.17454235777202603552 -0.018433660389301585042 -0.17433560952059790061 0.98451373551495324765
-4.9085621182498231363 6.8094802537511354146 2.4150477843308149062 0.32726817981522654533 0.00092968583176304079446 0.9449310420158315571 0.2709679473655222659 -0.95809451671400347461 -0.09290462067761061371 0.9052468779184585923 0.28645075096270211645 -0.31380576363737355816
-2.5409073153600032491 7.9189299372266415133 2.757845032285793696 -0.74885518947579043925 0.00089377256178422279966 0.66273305815086391846 -0.32177265147232914089 0.87373257912289425953 -0.36476532311001114151 -0.57937748140544098607 -0.48640577849114979836 -0.65401158452324748005
7.8670592148040165981 -4.194527987389457202 -4.5159360371946570822 0.91839147929278519555 0.010578495922704130375 -0.39553152363160082317 -0.25225459508833214528 0.78580134112618604814 -0.56469803571570353906 0.30483554585905214829 0.6183885087131558711 0.72434173031270043808
-8.3579177569724976138 5.6354280150507367608 -3.8068351279814502952 -0.91476114210651371383 0.0015656727768745930252 0.40399208106145034769 0.13282100996831952555 -0.94323779875820246144 0.30440275015965945204 0.38153719635538391186 0.33211444362237008132 0.86262933183087209255
-0.7616652851035787819 -2.037281325199749471 7.9360131478519990722 0.88941725021395057205 -0.0075574634481915458836 0.45703374029490334562 0.38729334859701264326 -0.51859726146737328278 -0.76227340405595322981 0.24277729950393506231 0.85498524264740982659 -0.45832239493718096579
-6.4306483396253053542 6.5976996874805209359 8.1180427189078638861 0.92564087465765065854 0.00209659842788655678 -0.37839737768426939812 -0.2774204060290464402 0.68383329520163893545 -0.67484067948827608507 0.2573458557696548521 0.72963527097361713381 0.63356568867748586094
6.8554584417726820433 3.4671458427660799551 8.4534441293141480145 0.45873367356651761906 -0.0045974681148733369251 -0.88856191682010265964 0.76654822873687100682 -0.50370856592443113975 0.39834845755268499801 -0.44940764318891168738 -0.86386141475423683378 -0.22754389981341194282
-5.5587256304575891619 -1.8924319256722321736 -2.94727952343290589 -0.70524632582570390138 -0.0022892444928476127219 0.70895865836381888325 -0.086953370112904715405 0.99272426525844459366 -0.083292524234696449503 -0.7036097862704034922 -0.12038809130067544551 -0.70031419815504092341
0.56241546973044420632 2.8259152780035035057 -4.3737643864759876422 -0.14087083230544980572 -0.008106194923799660626 -0.98999479706182202943 -0.61184543564525495363 0.78685810733778982495 0.08061936366041955182 0.77833191601375928403 0.61708071475350367852 -0.11580509485143689052
6.6528918027986900796 1.1343809424799615737 7.1123130261831608578 0.040983503969577450565 0.0026085204146021083102 0.99915641819669021029 -0.75611108919362413072 0.65378673720950786219 0.029307388954761894734 -0.65315876569234843085 -0.75667436712916402719 0.02876680255164745792
-7.1303942645314082327 7.8083808268496390781 5.2147117283984840697 0.73528824674657877747 0.0021630415950672074107 0.67775107188950611814 -0.47692146311857858132 -0.70886334994422151023 0.51967169359343445834 0.48155696673699432964 -0.70534252130192587327 -0.5201872888010508067
-2.0973262701677755082 1.4351868382669079605 -2.4073566422503231976 -0.49699103818766166007 0.0093789320764310259854 0.86770498649845229089 -0.085945535060782979331 0.99449296065973880054 -0.059975963530890269437 -0.86348901149016621392 -0.10438288572127080167 -0.49344801165298374235
-6.0386370093996850628 1.2444097965061875488 2.7185092482589303664 -0.98818947340111285005 -0.015010171769679591866 -0.15250003082799076792 0.095002969422661398546 -0.84086056617388382772 -0.53284889420393755088 -0.12023310883437522689 -0.54104362393144012078 0.8323555709808236891
7.2377887668387481668 -7.5512865970283593597 5.6565799787398587384 -0.83331028005065943542 -0.010008145595101256009 -0.55271494839893098305 0.44701132617237659961 0.57603134857491766763 -0.68437472172251845315 0.32523045896015884137 -0.81736633309733053299 -0.47553908996393073894
5.9568910221065936028 8.1005201139992504267 -0.4511330793937581296 -0.91285625169688178193 0.0087893479961835621617 0.40818649058955130959 0.40819703264445744706 0.039936072353574186833 0.91201989707758168713 -0.0082853049670572644081 0.99916357894345753099 -0.040043679087112843407
0.89123862626988470392 -5.6253974324371451843 2.3915934110520025158 -0.70470847535399339101 0.0097867752328862720607 -0.70942947767525077474 0.6627300460699195872 0.36609834401133506399 -0.65326938436491077677 0.25332755633862630296 -0.9305247022741034435 -0.26447859583879662626
3.5517405527146608257 8.084249919748319968 5.801343360125336801 -0.31863731948014489825 0.0035323041273663336251 0.94787012900627665157 0.83933916630255733793 0.46569898136719928283 0.28041794283578114211 -0.44043163208958968635 0.88493614548231525063 -0.15135387630887897625
-0.98750479682839564788 -1.9713735111879029382 -4.6843774641455793173 -0.41703042532828887845 0.00054872260340720156041 -0.90889236065329925829 -0.90837374027616346606 0.033530794824597136283 0.41681270826966554388 0.030704597817147037675 0.99943753416711589299 -0.013484916423723319889
2.6271955001821245546 -7.5822774201588867271 -5.0034065882477349874 -0.94750644519126736576 0.0069117693711760195066 0.31966195232669664117 -0.24119893060128180795 -0.67175020247326444611 -0.7004104092272531723 0.20989190598462884041 -0.74074549807693412795 0.63815475778288066611
-3.2414966810559087129 -1.0503069185194104929 -1.1548773216541425857 0.87284246169899193379 -0.0079260548205153432549 0.48793771601511637392 0.4213727489293005446 0.51658310287271169692 -0.74537702157129315239 -0.24615248021277646995 0.8562003711057412092 0.45423549069142310497
5.6888494162409584121 1.6283956612976107081 -3.2924419693601119086 0.99872883690644587151 -0.0081505255790608067273 -0.049742127663529311921 -0.040356490903984326701 -0.72056246155074554771 -0.69221462903196773198 -0.030200396911896694452 0.6933421290654431246 -0.7199754357544568828
8.4774417573110554258 -2.1033796045417494369 7.9292897435636682246 -0.042295159017543305924 -0.0035746102824059889855 -0.99909876472986858253 0.99809771829522231368 0.044744755321210284704 -0.042412870747780162528 0.044856039253602209005 -0.99899205654121292497 0.0016753238251015663274
-6.8070056015552564688 6.9256400911724957936 2.6696886012527856202 -0.27284505109840745396 -0.00084895116573174920355 -0.96205761645214926681 -0.71933807496974044859 0.66420788155928944807 0.20342227993416309162 0.63883355577962486205 0.74754743619154184753 -0.18183651628128794098
-0.64228204105690855918 -4.0818004353178292121 -3.0127039463748319648 0.055782780469358368702 -0.014780998695607484861 -0.99833351315117246916 0.022353537881060023262 0.99965827850645394559 -0.013551588758930189355 0.99819266714760956916 -0.021560340703516860106 0.056094125908667476221
-5.7221815199147139097 5.0099077191009397936 4.424890568484610931 0.44839372422812512342 0.011118042222510480382 0.89376700387179752738 0.85432059508711089002 -0.29935476968363761152 -0.42488003327727041913 0.26282958144534257494 0.95407709908818438826 -0.14372717249160374409
-1.5239699359867473483 1.3491439224204646585 4.1256289239685814962 -0.42463141099613466167 0.0014868098094766289165 -0.90536509441870138826 0.24331680060173258018 -0.96302137959915179444 -0.1157011537536397211 -0.87205796787840106354 -0.26942088232277422444 0.40856736143268951311
-4.4715056489407603024 3.0585280073496359243 4.0198192489989441611 -0.9821293649891542632 -8.6916891520304878638e-06 0.18820709431457438576 -0.18045233668785221059 -0.28404968963588755893 -0.94167548975300308101 0.053468351478115787312 -0.95880956072722189898 0.27897197287188335579
4.2872278947445989772 2.6652650825553370062 -9.1753878039544449763 0.97659020560894871377 0.00075663797014119426633 0.21510694504665739402 0.1962160977904999215 -0.41293482998853736632 -0.88937285159293211212 0.088152216512853112662 0.9107602613647461931 -0.40341657507138173333
5.7308357466386770085 0.28360406395598852791 -1.297606749787428404 0.99632941366692140406 0.0054803580973918205807 -0.085426372611083239983 0.067589350305532147623 -0.66275697177259629278 0.74577803406385645424 -0.052529793333341692763 -0.74881450442825225888 -0.66069467893291156102
-4.5534604088526258181 5.8738464439765722958 -4.250876065213015309 -0.99975579826698379726 -0.012601169509686640721 0.018153632102683323057 -0.011684871731159340857 -0.39581157894681928688 -0.91825740277110745602 0.018756534971971158127 -0.91824528558467344297 0.39556767802399223077
4.9873187935019460681 -4.2751072390149360558 -4.2130357596410465959 -0.91628925374596970066 0.012567486760735661205 0.40031994922344216192 0.36656089288204041221 0.42907243196420408182 0.82554827838111000116 -0.16139118711823574603 0.90318265395471386547 -0.39776120765587130723
-8.5327322332685344719 -8.8009145279381453264 0.084010334816714701822 -0.63989712383615771074 -0.0039784811920896582735 0.76845028635154222219 0.61630105656288769467 -0.59998050946602232703 0.51009449706935083846 0.45902579294165185564 0.80000472495364760572 0.38637774452698758765
-7.1837133970308535424 5.7779352329728066451 1.8552871736710356831 -0.84223047170548737128 -0.0026455075489950023032 -0.53911115163820333418 -0.4606484360322986582 0.52306067637171282936 0.71708475594924014906 0.2800907904801399062 0.85229134110560567095 -0.44175628910595005072
8.6118025102492783418 -6.7403231639965826005 1.9998047160265930433 0.53521526814537834227 -0.0017447218713883029528 0.84471389990313527907 -0.33186816033462951392 0.91915537154971604927 0.21217192817936691984 -0.77679349952228204934 -0.39389130340346878434 0.49136697101366816343
-8.4831310618190549633 4.4455776983091190857 7.4460418548908879899 -0.65607888364690769567 -0.0049246532392833155742 0.75467625258995874038 0.22745511876803650719 -0.95477161343410144045 0.19150805499195758252 0.71960035254219267831 0.29729936759272274083 0.62752563186716492361
-2.9340647861390709572 3.5875475041735036541 -6.4377699437516691106 0.68929726213415642988 -0.0037969159120546163919 -0.72446867968456873932 0.58591606466990842073 0.59107753123352624325 0.55437326525766317253 0.4261122499719895429 -0.80660581171993506189 0.40965279801742798815
6.0183237789484449465 0.2181213727717875861 7.3266512818010252062 -0.099210779657727399261 0.0047335268139811750507 -0.99505518184852437269 -0.099135723778947026918 -0.99506059062690932482 0.0051506555157976854561 -0.99011581619038235846 0.099156516201964001178 0.099189998609654342343
0.38429843294026549971 6.0473808100115347131 -7.9410259803128040446 -0.81716508338725302174 0.00033348680115480051206 -0.57640360449889205263 0.5750202014968611719 0.06971535123682470747 -0.81516350364369560833 0.039912333472768783682 -0.99756686923155368785 -0.057160712454496533097
5.1438351691434913704 -6.547807371495999007 -5.8928078663061898013 0.32782839834562566006 -0.00078230708762650120504 0.94473696298674925131 0.83883619828985811484 0.46026929321760251534 -0.29069917467935491029 -0.43460599820602174859 0.88777900725141101201 0.1515455727064633773
-0.82892353567341325871 4.8581202548518822582 0.80383304368726582467 0.60511281451193499326 0.0026643062707940572825 0.79613527945053719215 0.79357918827180973231 0.078118839986582561119 -0.60343145325770464193 -0.063800890707820148706 0.99694049386658156742 0.045156373122998222369
-7.8307275128225137806 -8.6317211669740654401 -1.8415190451427707607 -0.96795455918346373636 0.011941958332381097385 0.25084130638080692766 0.0048725006087590953113 0.99957374560882139569 -0.028785166786606929817 -0.25107813543497636832 -0.026640509009895417536 -0.96760015150154354835
-4.9681430035652445198 -6.5851051016888408896 -5.0783933588586229746 0.30136517613848634589 0.0029749329649428552305 0.95350415855679448995 -0.86547271456537000489 -0.41882598804510995372 0.27484863485353500101 0.40016997757674949154 -0.90806163970944975272 -0.12364484434968567306
8.2781309570258514441 2.3818113435927958932 0.6684554957676293041 -0.98457348348232187618 0.0022453633807602612141 -0.17495717752224074215 -0.023043823891269386156 -0.99287194739724893289 0.11693706962274842687 -0.17344750734382805013 0.11916482037401467109 0.97760713365931029006
6.9190885575924339079 8.2643947856282444775 3.2253100091801667482 -0.60380936667397655526 -0.0055165539175851506515 -0.79710966394190951867 -0.56117737172785886468 -0.7072427593352268449 0.42998562397865647267 -0.56612207709759154728 0.70694925348323089942 0.42394403737050956327
-2.3111190116383983906 3.7385478844434176793 2.2740423261582503045 0.53167417471137046192 0.00064582260672370588733 0.84694873213095323017 -0.83018609528133324726 0.19836813140621745166 0.52100012633779546611 -0.16767116372997445395 -0.98012737302637797931 0.10600336550259517598
6.6625518005663471044 -4.1882957715877164873 2.661640087757014328 -0.41904360866156736831 -0.005677561831754305427 -0.90794835719421140841 0.43883452261460415 0.87416243438199991989 -0.20800072133763691795 0.79487528317441835668 -0.48560045676141350146 -0.36382067092380709905
-2.6943849236855292872 -7.6070974113484801649 6.391229569052145898 -0.99221002036292149651 0.0049758222203986120918 -0.12447697250693176563 -0.12138190251222295835 -0.2634415679150139411 0.957008345855272613 -0.028030505414101271333 0.9646625220705588033 0.26199333823312942471
-5.2108577038094816558 -5.5161651832775993043 -8.6951834149321474143 0.18682236871798893474 0.0043456856126022408091 -0.98238409879390986568 -0.56096775770174156506 0.82139909932648291768 -0.10304704966654448794 0.80648160386075817829 0.57033729901045870925 0.15589351491266542626
-4.2326819454649315944 -5.4942119200986745398 6.7552346041465725079 0.55483760585673946863 -0.00098911463284507487696 -0.8319580835468554092 0.71323058017404605824 0.51539749585710792346 0.47504479869679028248 0.42831923915655395474 -0.8569506653923950612 0.28666737946931086789
2.6648159239643112173 2.429435216048911883 -8.4701208857055423351 -0.97419503303680377027 -0.0056883560406017392996 -0.22563616778375725214 0.083606500203483410938 0.91947519019882495428 -0.38415534323074046474 0.20965207065576252354 -0.39310687759760076787 -0.8952725797517292472
-6.9093655225270991238 -7.6777057307976868117 5.6370345196874751537 0.38424649724086751279 -0.00038858282195251489521 -0.92323045788221336228 0.91237823798358219651 0.1530363473451287204 0.37966541486532107141 0.14114028557372809702 -0.98822048420095776056 0.059158214928290500656
3.9903691864576957826 3.802542051851489191 -1.3737199031179121445 0.29463080975581690257 0.013564350853779086684 -0.9555148844096993388 -0.60405953291640712699 0.77743722486767263824 -0.1752239769057241936 0.74047604055446247795 0.62881425697568971156 0.23725063453816683245
1.7814397598861029248 0.22095446781180616558 -8.7752769278314666224 -0.85229942890464205352 0.0037621492199095846881 0.52304065780967545773 0.51993423594471654958 0.11515129155612671696 0.84640922156219910999 -0.057044489490566716028 0.99334084094353947147 -0.10009945021116603558
-3.2327025354314860017 4.7856677331743009418 -7.4439807551310943623 0.66909285813419283606 -0.0097710480400282229835 -0.74311457650504353367 0.70744867404367817176 0.31468635888084411922 0.632841898998598551 0.22766449171471281332 -0.94914541675898345119 0.2174669102594819492
1.8221370708502473423 -8.7988391596239647896 2.6449270701027387531 -0.33824851321731769227 -0.003886506933792104046 0.94104879701856991581 0.17139280444915488966 0.98301202016801958461 0.065664867230202650372 -0.92531748599550600609 0.18350003615561075176 -0.33183623497353809118
7.1810599881931338473 6.5210175753781429719 -4.0314352361846443884 0.63454871537836288198 0.0012923870382552183136 -0.77288178756351344489 0.19861959033127316032 -0.96668662163277441213 0.16145350381100487258 -0.74692582372567684068 -0.25595957745694508656 -0.61366644731458352968
2.4635353064568077386 0.37584766201267238994 -5.7383367089475427747 -0.87803577211650496448 0.0046058361750671329704 -0.47857284623881329866 -0.47191242127319643629 -0.17485017742421801734 0.8641331391066897627 -0.07969849140300021284 0.98458427863117292667 0.15569826184075696851
-0.87475913295198259867 -2.0322654150309400478 9.1860931716463074537 0.87320675427433924742 0.004819292182629501993 0.48732611125678820807 0.10985860435632882615 -0.97616045065157419636 -0.18719471582386387754 0.47480633034820424188 0.21699665667070983099 -0.85291933947755960155
-3.2882539133137398402 -8.8118941519585458622 -6.4902511195197165605 -0.99086438949439892276 0.0010843818587708033141 0.13485764994239898829 -0.13178159479267836929 -0.22028895105075194105 -0.96649179474987945149 0.028659604078268598182 -0.97543405833547203176 0.21841937856614543345
5.194279061409444509 2.6785856174357207671 -6.5029987291922006776 -0.032301344921902078178 -0.01185012486981433695 0.99940792355110963374 0.9771413772688819499 -0.21059157418395155204 0.029084664558930467537 0.2101222309657352072 0.97750230865379506007 0.018381638411498500696
0.14034565827392347925 -5.2081089293329991818 -1.2537721066250990809 -0.71435654851415886224 0.0047988941226208307531 -0.69976545514215804378 -0.69978142511865704112 -0.0037216365932098097874 0.71434732902125963605 0.00082380447450475821451 0.99998155984810299657 0.0060167524395523183656
-7.7227137886382060117 0.19278541873648741278 7.6331232668261321805 -0.26421658359174204911 0.0061768213013209758572 0.96444359287308600859 0.14481760259532741597 -0.98838832927947084528 0.046004048983192727396 0.95352895023371286864 0.1518234416120751995 0.26025407517163001714
6.7386621466511584799 2.2864755079373013658 5.0897432627114511661 0.85892178165044641425 0.0063776496501756763102 0.5120670840734976581 -0.43981228086771950725 -0.50303557069240534272 0.74398949738290220957 0.26233286222728602333 -0.86424217682480608538 -0.42926323997337723082
-7.6093889805090766387 -7.6231339039674113067 -3.8271401318242750378 0.74173805449966645487 0.0028528734149121082707 0.67068362110655888042 0.17587523592511752901 0.96416919950306900766 -0.19860930521436589991 -0.64721909728889004398 0.26527271974853156022 0.71465923646295992366
-1.1434654507739501206 -4.3571858874163318376 8.40391668305719719 -0.99367962657114983216 -0.00074211074962894554158 -0.11225083077232013429 0.032836031479088707841 0.95431770211460142939 -0.29698403739450840444 0.10734334992979055468 -0.29879285918860765126 -0.94826168989559678213
6.9294171521751284359 -0.91740869863159446584 2.1192537262789064023 0.91929414574492962497 0.012803897171803094168 0.39336285261339304364 0.11681669767764216172 0.94555365195523344291 -0.30377977289059138188 -0.37583524680737179224 0.32521431624528568394 0.867746227745416987
-2.4074004105044064517 -7.6191102810008892732 -1.716208918088498514 0.063306234539294653496 -0.0001170041712677625384 0.99799414175544376437 -0.81708765153191809105 -0.57418491892245704378 0.051763390499904395059 0.57302712883625384066 -0.81872563486929117449 -0.036445087809838627724
6.7007616138993890686 3.4586863217392518344 4.9993682864476793881 0.034166219773359936263 0.0021057827236895566847 0.99941394582286413595 -0.65215968265683821325 -0.75770505446785618719 0.023891394910145167391 0.75731130834224857917 -0.65259376040007688324 -0.024514610821373478827
-3.1337895685469354667 4.7985041740552309975 1.727439968450400043 -0.5640535838540021718 0.006643420511592232694 -0.82571146262204475619 0.82238141201002368241 0.094593532993419285337 -0.56101771513582698869 0.07437988788652563632 -0.99549381137202375136 -0.058819246835352806402
