1125 17.292696884352682929 17.968806560800352656 18.477561601407678893
2.3096040599360745382 8.5463446714056843234 2.0311353026077512141 -0.13099370564693280095 -0.00017250112603343567552 0.9913831849109490113 0.53026140665045273792 0.84492198679562791064 0.070211657482437864197 -0.83765356186078321343 0.53488952735393380244 -0.1105879913432890882
2.6584655285687768256 3.0304749719817500875 -5.5850956225295194102 -0.97459160137388800571 0.0011968922567670379348 0.22398611113281505225 0.21875983065333373667 0.21990609087494031315 0.95067631068008684458 -0.048118052994453520965 0.97552031175417841524 -0.21458046120508145194
7.2578872621367125362 -8.0975992731472192787 9.2307118001345713765 0.87807710270247163464 0.0076630436489796196348 0.47845781368021966795 0.47675698014901402022 -0.099740538813366239057 -0.87335823508823706707 0.041029057859174322687 0.99498397106675862123 -0.091233292892008585606
-3.0561910533230745024 2.0376445064356545345 7.9403918061556151287 0.98092034173420261656 0.001402950028089221951 -0.19440502797923928102 -0.15739213750439914885 0.59271368703475779682 -0.78988492848878089081 0.11411835182905737118 0.80541201687888031024 0.58162572574042326057
-4.8906472235385027858 -7.1657855607174827384 -0.92452572983006897633 -0.99932768917671666031 -0.0092501229881841763591 -0.035476821581467365974 -0.036659973577656324029 0.23984608234499507629 0.97011849952548157017 -0.00046473876350072891583 0.97076685769985071595 -0.24002394049222580685
-1.6635369600951661617 8.4208200740856842259 3.7497296933847414913 -0.38093500100284694021 0.0070604427810710169988 0.92457486184653381311 -0.0030343292606865752969 0.99995591263206895505 -0.0088862612036719780539 -0.92459684071305281439 -0.0061905524774174495312 -0.38089678287322475958
5.4485888469072252249 3.1020230532008894464 4.8265699538424389203 -0.17229290230878463452 0.0020801775794390426483 0.98504356689191063801 0.75823839618482968827 -0.6380646893348506099 0.13397009656942965306 0.628800199081711364 0.76997995109308958739 0.10835674667468146726
-5.1437115265426802679 -1.4383377519965119262 -2.9059553756087703746 0.88251277241076797608 0.0014755338801620216174 0.47028611433017564192 -0.36352581202201733612 -0.63228109587734793173 0.68415612237992340372 0.29836251528229257302 -0.77473765791784166002 -0.55745974821366550689
-1.1930201642228543957 -0.31636200377321416211 3.8420531367671553191 0.56544615025798261598 -0.0033757432900331277824 0.82477830688953102101 0.21463300064801899003 -0.96493660145246096249 -0.1510960959464682507 0.79636883803385283276 0.26246134864897502359 -0.5448951406226222316
1.7173536275550203012 -3.6586357859800111569 2.8544820151496099747 0.99375706047079681582 0.0024426134994649157696 0.11153895464722997366 -0.091063691009376321328 0.5953422758336737175 0.79829504494590952657 -0.064453928850408070961 -0.80346848615525123805 0.59184802340751585525
-3.5869225416401633311 4.2921598224896335694 -1.6974254641479262773 0.82761910486127021613 -0.0063630783255426946743 0.56125406769398067386 0.28792759967019321277 -0.85353571354474722099 -0.43425163563508567544 0.48181356831970317822 0.52099548648515692229 -0.70457035734221618029
6.8446406244827340259 7.8913236956910655095 -8.5117576323854251541 -0.17542636057085894685 0.0092507680618584449406 -0.9844490922879964856 -0.87336270989156417066 -0.46298142567258099289 0.15128045628298530945 -0.45438218383620432306 0.88631970686236982715 0.08929842238080432093
1.4792836461089649003 1.9480591062678531689 8.3216308155229654631 0.54766553961585218158 0.0020672168491752736935 0.83669479700300086744 0.8125403109561695203 -0.23987191914237637747 -0.53126236971819240651 0.19960135217147237374 0.97080234292143308128 -0.13304928105715857489
4.3316726861344188038 5.2296698706467887874 -4.6447573742166552435 0.95293646872683024363 -0.0090445016699151302431 -0.30303511935093013774 0.30156513779966831468 -0.074435594172576002858 0.95053553851703453947 -0.031153719429652903389 -0.99718480699911316023 -0.068204885865877584727
2.7546012976871705469 4.1435451155731968242 4.1747163231305037812 0.42626544646867131627 -0.0041909690370981710072 0.90458841741714324236 0.76995568625087562609 -0.52322345111705226284 -0.36524712375514745144 0.47483261298808548956 0.85218522398566043385 -0.2198052175521329199
2.4413393620919716653 5.2879560970252992291 -3.4289887706995743066 0.52355727480945235541 0.0066162837645043024587 0.85196479081188936089 -0.76848755475495500455 0.4354095769872378674 0.46887671988965812231 -0.36785140774622276938 -0.90020815651530106116 0.23304638328509613698
-5.9822511865258602981 3.227762553702030246 9.1409233610795830316 -0.67795628971778842953 -0.008227587942170017099 0.73505617202268036525 -0.72958964722729713337 0.12976035971525035073 -0.67146198381215038697 -0.08985664077092206381 -0.99151124847010874142 -0.093974615009339679261
-6.9663338155362293236 8.6248905783101772471 -5.2181525568458324571 -0.6877821916510041822 -0.011140342654483166573 0.72583162621464258901 0.71484781128410479489 0.16355348061034005736 0.67988445024329113853 -0.12628643454546117919 0.9864715666179968423 -0.1045255217828300609
-2.7572697548235494125 -0.22551799726289956105 -7.3126843966990353607 -0.99606324148078617675 0.00024859992358898541122 0.088645119260341048717 0.027079451406276371095 0.95304795110870044184 0.30160621047751323687 -0.084408070005901641997 0.30281932085846247071 -0.94930276341771024917
2.1759899705139935655 -7.0269399512723014212 0.24382901039110621566 -0.78858184294627353683 0.0068402083116728563256 -0.61489176976574100308 0.20055252362194747606 0.94812421615798936347 -0.24665594662186163255 0.58130659917489113653 -0.31782649714166189003 -0.74904536275889599395
-6.3154791932541645139 -5.9725931151988245205 3.446473674104436391 -0.62860983957078397921 4.5648687308638084131e-06 -0.77772081724344499509 -0.45239378689421666513 0.81340716181612027214 0.36566193496953908193 0.63260535183809907256 0.58169475593763575461 -0.51131368037681279581
-7.5490768493980526799 3.0281854436004862485 -1.4475481575151789571 0.40513985539887548137 0.0041011714490202339986 -0.91424552389392577112 0.47074960265685933392 0.85630595691763844446 0.21244980523869369526 0.78374518127119863209 -0.51645260047787011626 0.34499304673279590494
-1.4430483840665304651 -5.0135752097986614473 2.0819928212835367987 0.037335870216086392004 -0.0045073400187525666447 0.99929260813909293049 0.22768141445734052519 -0.97365024792617382854 -0.01289838067716915504 0.97301963305273853067 0.22800192674489999645 -0.035325841741359623183
8.0446600714167999513 7.6605480286490941211 -7.1135024138855014186 0.070713017589163471022 0.0059559431084897857325 -0.99747892002051519178 -0.84327158129140855625 0.53450039261949700009 -0.056589490862756969269 0.53281583059243764477 0.84514723985313500165 0.042818613227865752469
-3.7123014101000184617 1.8578263656809579363 -0.92555004550027364374 -0.24824012812593290733 -0.0040301622806078107528 -0.96869014477286363718 -0.82758552892172654314 -0.51884867070999629579 0.21423876685082579585 -0.50346701094255053022 0.85485660475578328921 0.12546375651247898553
5.3547234628313358229 -5.9831849181563860895 7.047502317520111248 -0.10605249574279035363 -0.0032436037220855244712 -0.99435524194404667497 -0.75491405275614142933 -0.65059653821461893575 0.082637264081158443019 -0.64719212070178222529 0.75941663367237344229 0.066548744567761122792
1.2470937070686924919 -1.3484584672212793777 -1.1069214050355544732 -0.99664553605747763232 -0.0041604951679936564776 -0.081733504369920717547 0.0061580484564348943882 0.9920631881444375022 -0.12558944688126816303 0.081607315210362657565 -0.12567148049072893179 -0.98870972742013096823
7.5399221675237102502 8.6136185157270510615 -4.8317800008900073649 0.071207045589543341291 -0.0035879718530293447723 0.99745510330876485661 0.96582115769868237543 -0.24962158475118112477 -0.069846658958947496765 0.24923693145236530677 0.96833681685883732371 -0.014309476436597499266
-6.1260885912194380509 -3.7185035702105717625 -2.0796716344023660206 0.86058406387116359593 -0.0072457370508457775993 -0.50925687850535406032 0.28616234426316972117 0.83402455410310538664 0.47171406156556516809 0.42131482496619132583 -0.55167974627271754162 0.7198216972389449575
0.48490409920367066876 -1.4235422283594862947 7.3739465835519588666 -0.10657396632305078665 -0.00073334402710020785143 0.99430450663211322748 -0.98860042158798877576 -0.10688510587117347472 -0.10604140973711800866 0.10635410729391193974 -0.9942711080734062401 0.010666185459161130894
-6.6675095559505725973 -2.6994471363441663314 5.1486165555154288498 0.91027927049238555046 0.0015979180012956912399 -0.41399166219826516455 -0.35559140824985613349 0.51511145381947220923 -0.77988136310782441019 0.21200566051514174726 0.85712171644531698345 0.46946348431739065576
4.3797245059144565005 8.5999978184244927348 2.6454055010786223789 -0.98123010179246827889 0.0039721841032597741267 0.19279966050180796788 -0.1082243590080240736 0.81615377538495414989 -0.56760946348880625401 -0.15960882009923491043 -0.57782111131226787659 -0.80040476502100732503
-4.9267803477975800064 6.6040833942145633628 4.4674268735745856773 -0.88467077551392125923 -0.0040238061665068556097 -0.46619891455800643865 0.4614608358637465324 0.134901629313289112 -0.87684402682127959849 0.066419243559956805956 -0.9908508260036775761 -0.11748670006590622439
6.3383286876424556056 -3.7003104890776636893 -8.5900007516159018195 0.98954998314588105135 0.0013492429340517071365 -0.14418394640004678076 -0.13647167535023596585 -0.31401534611781806161 -0.93955832401700078993 -0.046543664263358770772 0.94941694841933987892 -0.31054974701460930087
1.7969074236479567475 -8.2964470547549478141 -5.3966383417077397056 0.98379381023610268375 0.0022093630936198069975 0.1792898704756554773 0.061330066699530873253 -0.94375817616255042175 -0.32489864241695576297 0.16848846209486409431 0.33062913307910141159 -0.92859895245464840752
-5.156226740176184542 -2.557724445809782754 -2.2720397371886735804 0.41521992830446863287 -0.003399397399765264477 -0.90971471090462807663 -0.88933689982579444688 -0.21201953526315200915 -0.4051266410333594914 -0.1915001037778197579 0.97725951556576651225 -0.091057945775962600976
-3.0317709932584082644 8.7038727485991582711 4.2505440510061980319 -0.25177220404927880271 -0.0062123525678277691578 0.96776658546589633403 0.84735628703874266154 -0.48451239442643129207 0.21733628887769981808 0.46754473591769374341 0.87476233705098249693 0.12725082943966486981
6.8322905931704411842 -2.550438648244631068 4.17065134391098713 -0.37179942518232450555 0.0010342623942693317945 -0.92831251081481547249 -0.74436119770388098349 -0.59786677179623204381 0.29745878796032282354 -0.55469955362059375492 0.80159481877267990679 0.22305638688392548374
-0.45278095227039327764 -2.6025075780590753993 1.2520369078287627573 0.70357228997224530165 -0.00049022144650445222125 0.71062352372142789658 -0.30918621900971149374 -0.90059727785196996841 0.30549701324166200767 0.6398358498534598704 -0.43465423362501154347 -0.63378685883676455504
-4.3510111604103842708 -6.8984913895591253308 7.0295399116684986751 -0.92556609888900132077 -0.0062184546623098267693 -0.3785349751463308321 0.15444607882368116547 -0.91908094033149312363 -0.36254190634332555954 -0.34564983049817377125 -0.39401974054705568573 0.85163057644483464159
-3.9354137946294431849 -5.9457190369367509675 3.3545682873841724536 -0.98148708037790588499 0.0027685327251337982571 0.19150834519084938834 -0.021720799076821683399 0.99183577171083270319 -0.12565830192539972909 -0.1902927164625360934 -0.12749171416919499733 -0.97341386104738980567
6.7588124844415506942 2.9616313618278975461 9.0394076396630236303 0.98504596293523827288 0.0046425206731837732888 0.17222920166693186927 0.061390622551891371739 -0.94348320543445285402 -0.32568486689722825345 0.16098336053056316874 0.33138782123809928937 -0.92965932984459620503
-3.6841084980372929003 1.9620167982592198186 -3.6745464898268580534 -0.9144068215237479702 -0.0043265827784204234294 0.4047733259892357105 0.20451239615084873535 0.85800188174760261273 0.47117666616483122599 -0.34933486022927784376 0.51362832047993789431 -0.78367793373916327937
-2.9322841940995578724 2.9700745197833335887 -0.68392134658732361974 -0.81184206824273796865 0.013355181205610197961 0.58372433165499570951 0.53637022648826804261 0.41206128813956399703 0.73655446163458426767 -0.23069338171720360497 0.91105824948342861713 -0.34169200997406440345
-3.0593906245696964596 -0.34214811344437562335 7.289364831021370783 -0.55325068033547608604 0.0022197604492487400807 0.83301185908228114751 0.5184988980523810298 -0.78174982043733332038 0.34644784739476774948 0.65197590248922066003 0.62358823827066955925 0.43135267666232318673
6.9857214587851501619 -8.3348101833538805749 1.7064358847163230148 -0.73797856194380939687 -0.0059652981706733998468 -0.67479778995560779631 0.33520569836950031561 0.864630509412484205 -0.37423418065881086658 0.58568317535296599008 -0.50237286691314897435 -0.63607917800986946144
2.9171707106479614069 -7.0074719135082483845 4.4142004289467591249 0.67042593461801303079 -0.018368951679522196874 0.74174904638029581783 0.11094635547362600991 0.99093622772894396356 -0.075738357400381747797 -0.73363476771402291732 0.13307131241841491098 0.6663873148645323985
5.504752926609750574 6.3528156622629712302 -7.7512999120535939213 0.37428207428079585117 0.0022062679080042391089 0.92731227817507244637 0.68091534215226046101 0.67818328447556408545 -0.27644480367626400596 -0.62949759784580350264 0.73488949171976170049 0.25232956478853274529
-2.787995917065323237 -3.1760280772856903653 -1.0365397100551003717 0.49007088030166884307 -0.014409833121161175207 0.87156347387308241714 0.2841594876301234418 -0.9426031919506521195 -0.17536421560329709668 0.82406548154267322825 0.33360392568706848104 -0.45784768525790819904
0.82863428570797315054 -6.2381739797630721966 -6.7851020580037966212 -0.35855082909914370859 -0.0080983908524607257223 -0.93347507680583663436 0.76484158379726607802 -0.5758664680144754966 -0.28878220636108986596 -0.53521832428139515248 -0.81750365569961058743 0.21267138564278978419
-0.17962160060984777576 8.4704267613160588724 -8.142273008791603317 -0.85886836334462646203 -0.0055718162712337197806 -0.51216607590638807412 0.41576471849828255944 -0.59158354338325036537 -0.69077392108440627272 -0.2991401566121800748 -0.80622445141636434052 0.51040895431063271204
-2.5523644411847321578 0.6346968051695679458 -1.5088706314686630705 0.045522321140927198002 0.0045253616367878024898 0.9989530716606020988 0.791419177841178767 -0.61036611695479259243 -0.033299973246220040957 0.60957641294812903165 0.79210651075192217707 -0.03136674037561400924
-0.025769109755404168149 -4.7226204630247270444 -7.4222429863564345354 0.99589042371475866577 0.0069747698101454164848 0.090297378364261354777 -0.041214286271272340678 0.92271207516854258923 0.38328032684378288142 -0.080645189320301527425 -0.38542674910347934913 0.91920757966593402699
0.1870396376981240949 -1.5031449385485238235 2.9998253081565273703 -0.41592825340235500819 -0.0051653009117872137126 -0.90938276192607836457 -0.90937328609682432923 -0.0049245370717550702999 0.4159518908096530021 -0.0066268058044443647892 0.99997453397624158633 -0.0026489325608460966704
-7.6989478641109734269 8.8825236019597983983 -6.0590505958705458411 -0.70526013735536907667 -0.0011944235828979829321 0.70894760879045470858 -0.67547273869589363748 -0.30252591051030641722 -0.67246907196403782336 0.21527823377190066778 -0.95314041296267681957 0.21255266463124969367
-5.5600958017653816512 -0.48116441057863218456 6.1870989920609034129 0.92095721812598818623 0.0024073772821873442793 -0.38965626764688782169 0.26138137288393620272 0.73781922400388877392 0.62233638058457918518 0.28899408348804261903 -0.67499407199203953489 0.67887069643935504804
2.7796081841314221883 -5.7912461103380570293 7.3166056929048250979 -0.46440353152555130523 -0.0029725840662218989616 -0.88561872363377225348 -0.84297050075639501365 0.30808267684271839482 0.44100544110489459104 0.2715328612917854989 0.95135494321172209276 -0.14558048380647778397
-5.7594304789296266733 8.8549676290980414706 4.0565975386185240126 -0.54962284470673228309 0.011195659209526179559 -0.83533788719975055059 -0.71165186896792553828 -0.53000280617905426439 0.4611384204734800818 -0.43756867571970503583 0.84792197910954281159 0.29926906183554841112
-3.4002141417668125811 -1.3213697008242026865 3.2492903572712941163 -0.98541200266362138915 0.0030664512357783503885 0.17015810848453877258 -0.15041494532785479321 0.45204303248946781091 -0.87922263449007465042 -0.079614880696070908228 -0.89199085962483704026 -0.44498738984070995706
-4.1763473081187765246 -2.5397349012422369974 5.5309415976400009285 0.87312535010935121704 -0.0089896108803920165425 -0.48741287415554873652 -0.46666360846691784525 0.27374372255350282179 -0.84100502429852852515 0.14098652250875906566 0.96176065695105628084 0.23481745934269082632
-0.98481535498262284811 7.4729204618681359662 6.1825283930703607282 0.39281347231372415463 0.0057207474319633366128 0.91960037462907884276 -0.50048825903206173304 -0.83758677862830388516 0.21899746765199362697 0.77149794461174447946 -0.54627434619960546502 -0.32615220395451627322
6.8189098552475684301 -5.9546754239666670472 1.5278255784666878725 0.50209192049287398874 0.0079977000050932972597 0.86477727778329582797 -0.09010582355015162026 0.99499856966820254822 0.043113651209358352934 -0.86010734442743708161 -0.099568484737178636346 0.50030138207795094019
2.6155973153035172452 7.53794974772792159 -4.2214702151773382255 0.9961418024252858272 -0.0063249391946895942157 0.087530021162019022718 0.066225626295944264865 -0.60025745570421840114 -0.7970603197332347678 0.057581905857331701359 0.79978183401213198689 -0.59752267078516085874
-1.5294777626332118903 -7.1065683270279222938 -0.60320275298359493643 -0.18321171183118326042 0.0043917735861774293699 0.98306367086388424248 -0.27185549666359737353 -0.961220223949839081 -0.046371003908951727301 0.94473703091475480509 -0.27574697350020849207 0.17730073046604422071
-0.051859279843403910393 5.2812682287869643361 6.7162114912118884291 -0.76762164463119009206 -0.0035891032674793209821 -0.64089322748139987418 0.17384995603863645508 0.96132559775232506727 -0.21361013059148389881 0.61687373382164933933 -0.27539101917750286042 -0.73731037092742424122
4.8842173165023181625 2.9761362353374609668 0.44401108052241355928 -0.97962621275604300219 0.0042673960221581933722 0.20078414432519950394 0.071873019226365145173 0.94100607171772410187 0.33066878004675132052 -0.18752800427796106897 0.33836276733934805838 -0.92214092485352228135
-2.5454872322573507404 -5.7328448796399609222 -5.9397823939939957683 0.92650543413548736016 0.0025077861044134055687 -0.37627302790168681845 0.2457920712077646952 -0.76119046725578176638 0.60014609078976899337 -0.28491040389715827086 -0.64852354125933320272 -0.70586349826560468301
-0.43766763494740534846 -0.29661719250059442876 9.1572927118164155758 -0.043326469390688862604 -0.00074511704495169395288 -0.99906068977355666494 -0.76440667929272787529 -0.64385668137997198457 0.033630380540533161282 -0.64327695878448154509 0.76514574993475292786 0.027326464351738063985
-3.5103974071374137722 -4.7937503627102540094 -3.9624380361836877285 -0.44175829685045719941 -0.0082233992950524730653 0.89709641782116622544 -0.89579417624077994908 0.058675244963266565135 -0.4405791749971204041 -0.049014293594263805276 -0.998243252585422014 -0.033286749479723050371
4.2745943475476231299 2.8537882811908694691 -0.89805501358659400868 0.97672600574536239115 -0.00026429891719947657541 -0.21449065211931100938 0.00092011882534289660823 0.99999520258323726374 0.0029577341925886417064 0.21448884139230495194 -0.0030862527908299443313 0.97672156317022340577
-8.1378817218608894279 -4.9383695621376233476 1.1640347166260511802 -0.7664129569548762122 -0.0032151503698146129129 -0.64234012969772458224 -0.23403837112141584464 0.93264883371516749122 0.27457638975879616883 0.59819496842985520058 0.36077114044517122338 -0.71554661900345550851
-7.3177394118753920083 -3.7876275036011550768 -5.9304579267013775024 -0.78796053271987898103 -0.010902942659948572021 0.6156292104157052858 0.21006230561489985798 -0.94461724891786758018 0.25213504478009240994 0.57878495716062616783 0.32799295554606228142 0.74661140794690006306
1.8369746034183025429 -5.9286819751941006729 -0.54300519525958590439 -0.7743514960186367313 -0.00035054776079802667244 -0.6327555908323458933 0.49945616197225495281 0.61362413633210166619 -0.61156272088684970889 0.38848848487624532133 -0.78959818669170123151 -0.47498568472284186104
-2.8906560239999197215 6.3380597881367721769 8.0960189932297925708 -0.017707691382442460742 0.0035347253696531824758 -0.99983695840013830924 0.99390685116715216108 0.10887019503422352973 -0.017217776756771482893 0.10879158455091936242 -0.99404969008099919314 -0.0054410275763049882961
1.9436293763505987364 8.8232051660231274326 8.4995235977037388864 -0.35847834147871426858 0.00057884881711859465479 0.93353786405526018033 0.44914812973860623879 -0.87654510366335836036 0.17301629633065221392 0.818388194100507671 0.48131938063783652471 0.31396244612891360815
-3.8797767493848245302 -8.5728521003105502274 -2.5361675722745635753 0.89575118689566479713 0.0019064220100242553618 0.44455165811191676983 -0.2186795085675992123 0.8725300399898446857 0.43688740179586788015 -0.38705178427126929463 -0.48855674682715510837 0.781986714351400658
-1.0638610156461214551 6.2808382177122092926 -7.4047448543563989531 0.83204294904933073784 0.0079063469620250514946 -0.55465486621377591003 -0.092410420373662829907 -0.98395011963336187488 -0.15265148633343653128 -0.54695963758168986146 0.17826848221484675738 -0.81795813041107801045
-3.5321640212390810198 -2.5005181284898894134 -7.3247923642949244183 -0.91247838005166093112 0.0073034913537952921708 0.40905973274354523461 -0.36221167419620670103 -0.47930526738018669475 -0.79941801564483461195 0.1902259420117049793 -0.87761786654318685308 0.44000110376005613366
4.2112599082398212147 7.7202507484389224501 1.1417901152546736654 -0.9297807837417558785 0.0064153325197679727382 -0.36805779124140441949 0.23753231953863390702 0.77429533513857740079 -0.5865536046748569543 0.28122249440506125184 -0.63279189113883060891 -0.72144877236680060584
-5.0226148326373261099 5.2998727827047344974 -3.466456624695209765 0.99325951442481652531 0.0042608631259044311285 0.1158334237163770597 -0.11552717803766411608 0.11772866381007593417 0.98630291130666258859 -0.0094344124929028501392 -0.99303665932477358513 0.11742736094268917124
-0.54351700510838885094 -2.3397567533095307013 8.9400216806034595862 -0.18313421807478499903 0.0016056998601766334089 0.98308660854382712291 0.98136738039330750905 0.059435752688005397126 0.18271687388628979343 -0.058137104077405930835 0.99823084155444297139 -0.012460501559566249802
-6.6576318215162633152 1.7640233097880275714 -6.1472779158165957725 -0.43480371373530912749 -0.024160691309947295025 0.90020108393485687159 0.81759445414161779908 -0.42960899122285634011 0.38337373829931847835 0.37747190501957916808 0.90269173899838017761 0.20654923206089179089
5.9701417376435932383 -0.16775248326430561296 7.577838492049258079 -0.77105508974769720876 0.0089762612850089948391 -0.63670517141572158248 -0.28635596933983753498 -0.89797788509047193894 0.33411970416581993071 -0.56874801748911574251 0.43994902502661059618 0.69496082478116361081
-6.3900210922384479417 -8.0909600771121485963 -6.4821777351156937286 0.64605597750613608099 -0.0024568164664427942327 -0.76328607872895748443 0.46598786389590624024 -0.79074334505372378956 0.39696381819321674422 -0.60453865437218456957 -0.61214289696581780653 -0.50971961808810462013
-5.1102267705563217959 -2.0169229130866299649 -4.9492739908065344068 0.49811613873428067789 -0.003032333075046867929 -0.86710502091068486497 -0.8649985433635861698 0.068010804353540843525 -0.49714389312372930796 0.060480015801494042826 0.9976799764690916783 0.03125431556401978006
-0.89149916567714726501 3.2414029288909698145 -9.0024106449934251373 0.49628342601084557417 -0.0056244143548509943978 -0.86814234260864830972 -0.79182997640776808801 -0.41294107705518251494 -0.44998328340313598073 -0.35596074155534040973 0.91074037620131365056 -0.20938939234754908036
-3.2555175214502680703 -4.5846020126052859922 -1.4485072430951921874 -0.94462076892436430686 -0.0046972333395405522355 -0.32813036877993984053 -0.13534751584493359688 0.91646862845391552366 0.37651866223952368262 0.29895259301647503225 0.40007897852658430571 -0.86635105936905787427
-2.2896878405268830114 5.1726745763295234326 3.0103791151783316771 0.9075891534428990326 0.0062154691443829668956 0.41981340676097972375 0.38216336974206405186 -0.42631463035095928937 -0.81988230544160478619 0.17387664414818643221 0.90455359370921695206 -0.38929385909335495475
0.87743329863650310063 -5.948136111390127212 8.8948310621138286791 -0.35356831457000797991 -0.0022303390719816242396 -0.93540604686932327105 0.82525610768268087281 0.47005257923691107225 -0.31305419576382420566 0.44038824196926812382 -0.88263559770723631903 -0.16435509725863953201
1.559755869882402779 7.6062282408851169535 8.3409056241221808392 -0.91777241613346460802 0.010588127764762521668 -0.39696559515319584932 0.0078450955423491064433 -0.99896594747157452243 -0.044782700547029541394 -0.39702927683071898013 -0.044214560303051479717 0.91674032637186830819
3.4765225693787007444 1.9020762270580053865 -3.8179788135692507289 0.93919599570080947171 0.0037028613300115822971 -0.34336157396758698601 -0.28463059813094060413 0.56775221984716450763 -0.7724265916359266404 0.19208410727394867323 0.82319117201089997415 0.5342845590659148769
-3.6733348915108674504 -7.0588185261132982973 -1.9593576561061754049 -0.95657554013729528819 -0.0044935606535105882681 -0.29144989950914212962 0.27984420540389243204 0.26558481589596216743 -0.92257895394775391029 0.081550332391136876042 -0.96407702673502004842 -0.25279444180740345827
-3.9047615336454963852 -1.3558528525204556203 -7.6651761097228483521 0.95835791821640115007 -0.0040114344037414390726 0.28554160640020603834 -0.27063490730940181761 -0.33188473048878280869 0.90366435838440462014 0.091141908786829511913 -0.94331141944884688844 -0.31914999357713358386
1.8373779371088305723 4.3483449698814968798 5.9160412198783642879 -0.61943466258460910812 -0.0032605922763118419874 -0.78504144306330392311 -0.00050118308095882004027 0.99999281342104051618 -0.0037579145625368697362 0.78504805432821744837 -0.0019343330500532726103 -0.61943184512222260185
2.4144365250132757694 1.8934876985272297567 -7.6679495799617534146 -0.9975995068373689767 -0.011301036667135186051 -0.068319181258086336683 0.011521152326699937718 0.94575555026999369446 -0.32467476369835546191 0.068282406274128390478 -0.32468249984203134684 -0.94335506957331916045
-6.5969777122919657231 6.4650803451673359845 -8.1141439655426488287 -0.97408031247347637294 0.017743371296854743013 0.22550547139062626645 -0.21405537305611599397 0.24998966008644413206 -0.9442909864633626249 -0.07312894172570440221 -0.96808591696442480856 -0.23971194224984029852
-1.4073274103368595966 -5.8151262108863983613 8.2530688629346649066 -0.94409466903929661896 0.0052864397857074613141 -0.32963208194299120635 0.16294501956046344993 0.87668470002036402722 -0.45262882956206090812 0.2865906078225579634 -0.48103637108300384417 -0.82853475075165172736
5.5818619079366014191 6.6044639802299514031 -3.5272030927628015284 0.75524724036763890567 0.0023624008745631117773 0.65543575198424386397 0.51779171859777139986 0.61096397344397868068 -0.59884452014284594856 -0.4018623421876297841 0.79165487569741166407 0.46020562329869907359
-2.7184446424842785284 -0.2220714619652274513 5.3969096229764792483 -0.94942872838010572423 -0.0044047655670111218046 0.31395172840212909326 -0.312958787942860861 -0.067406968821323923202 -0.94737167870042593432 0.025335484517301755381 -0.99771584060516038672 0.062619602598960530382
8.0950633565334033648 4.8357370658778933148 5.1136137199411777488 0.88400292670520197458 -0.0043765574649339599247 0.46746087678133257937 0.36636960083767111662 0.62758628146824879668 -0.68695616664729741707 -0.29036553025199296485 0.77853471666799423101 0.55639154718944305866
-8.6105878490815985771 4.5330837365296225983 -8.0527364512240993122 0.20773375412215533409 -0.0021161323931038053189 -0.97818311648781453016 0.70910619916469319612 0.68915719279618636861 0.14909983877861929247 0.67380641560043319505 -0.72460878106814907706 0.14466177343817818168
-1.736407133022938698 4.1476149980278629315 4.3815131927767776432 -0.93070402241968908097 0.0095263810475679083778 0.36564910873151362791 0.26008953980659482719 0.7201210091286774917 0.64325668554213399908 -0.25718369686885972358 0.69378309310316377267 -0.67269723188750429888
-4.4839919790476185923 4.1567027353470020756 -1.0187992731350985487 0.82359615511704376001 0.00079862431158569772982 0.567176106227694099 0.49191633172339344071 0.49676720472232482884 -0.71501095578732221103 -0.28232551400838140632 0.86788346366977842106 0.40874270345586649622
6.2429364112661556163 -0.46861036864888810927 -0.011067582014021276615 -0.32142116524915187448 0.013551838737893309034 -0.94683936451584282956 -0.060032895400487895632 0.99759456156827996942 0.034657498459638266808 0.94503147354986882789 0.067981162070320733104 -0.31983445030803159259
0.2764724663528322357 8.5720681820657276262 2.1152667047863245031 -0.72635805364794525651 0.0016329631668423067598 -0.68731456505178512018 0.45474751355500464545 -0.7486887656142916514 -0.48235861260960632979 -0.5153723671446839294 -0.66291965250261364329 0.54307352863973945567
-3.7154677771061219715 8.6123859425484532437 -8.4943347503520225672 0.69388582304878432261 0.0073091424259502353958 0.72004794354882140084 -0.092861383511195397245 -0.99069056662082766174 0.099543782633748814637 0.7140722848733883632 -0.13593666777466878459 -0.68674740212830243102
5.0023423493646630433 -2.5376352529488936938 0.40729343182956012637 0.15462673262589227141 -0.011220963184123904088 0.98790923851459955252 0.36710851448098519301 0.92899461992785570263 -0.046907725809439831943 -0.91723601769286888796 0.36992308136995089018 0.14776671383218989431
5.5302426876420671675 4.0702907129480001558 7.2342083501152716352 0.68223954671458730825 -0.0061965661845221542067 0.73110245757102132469 -0.52752745723981697701 -0.69653579751154059974 0.48636680051506175904 0.50622522927758906164 -0.71749528594459643926 -0.47847312556749177492
6.6134733621826224947 5.4400895966033342432 8.5976761629632338924 -0.77877871488735794792 -0.0018784772840533588839 0.6272959306112900757 0.62695197075954423038 0.030915098813144484269 0.77844427098282464872 -0.020855205559819275929 0.99952024891372648341 -0.022898305889004808011
6.1023941613474601553 2.1318128504018014624 5.9732546776162251945 0.41476347201322544267 -0.0081573679646526776194 -0.90989269676781570073 0.2974570107844199951 -0.94380501338209377149 0.14405354369191011865 -0.85993638661165394677 -0.3304021096526106871 -0.38902937796298187045
-4.1408838370889071712 7.516829672669618212 1.0468312567523561096 0.76092786589126526486 -0.00077187330923178358588 0.64883602483352798007 -0.60872778503828417485 0.34528836438397680908 0.71430135737201305712 -0.2245868799208530775 -0.93849632371815416843 0.26226967749795854212
2.2272604305801735336 -5.9515793691449001557 -6.498173772696044459 -0.1388068761309228516 0.014427032394536406373 -0.9902143767259283802 0.70413543325050864663 -0.70166092862554418907 -0.10892764975454556631 -0.69636624184383166813 -0.71236493595360483866 0.087236776900115428623
0.30995349553569201406 -5.8349356972853536618 -5.1447828297524882402 0.88951439627955264378 -0.0032439947918194720136 0.45689562846383746653 -0.41012041757494172023 -0.44646602994854439617 0.7952794019649973567 0.20140849510308078685 -0.8947947030461996798 -0.39846838958745411929
1.877397106165443752 -5.7367628324907640192 8.2561718148161578057 -0.24305232699834156129 0.0055804227253846896278 -0.96999712639921109592 -0.66699729851944800085 0.72510035426034469275 0.17130113840493582655 0.70430119274925562234 0.68862060318676032722 -0.17251520152795207785
-6.2639124561826129423 -1.4805059270871485655 4.0746600951197882168 -0.94620287275923309345 0.009282304597731137058 0.32344081746699698821 -0.28189459577358999542 -0.51439018982668360813 -0.80990009845886989925 0.15885704408681766697 -0.85750601830624184618 0.48933410683551853415
4.6577360907708582616 2.0712010449748761154 -6.2374191518232970921 0.60488007933142684536 0.0037411304041433278075 -0.79630778821453906957 -0.16834950633262471542 -0.9767858469927223064 -0.13246830878412357846 -0.77831775859568064213 0.21418546416100106566 -0.59020848316234397757
1.8384749671233175938 -6.9845041041475646182 -2.891843163308208009 -0.99523424407420912896 -0.0040052241929849343935 -0.097430783642004137324 0.053700173605148379674 0.81148933906661824267 -0.58189461583328383476 0.081394660615441788432 -0.58435349811578651824 -0.80740689770584306295
-2.2199088385608507501 3.0067389744168790955 4.7558759009607722845 -0.26876296778969405166 0.00090952125924924007161 0.96320591771234764789 0.72615271985774332286 0.65719039779854926397 0.20199754573919675993 -0.63282595916109807277 0.75372405680898213465 -0.17728889305134715171
-7.5572848518108290961 -1.6512273821060923229 -1.7042463509675258582 0.98052615660722086677 0.0025166704882388455516 0.1963724078858276878 -0.19134383358352630156 0.23742352506744326957 0.95237471989445432463 -0.044226615954872226799 -0.97140297308283707345 0.2332815259017159415
5.7320552919474394571 -2.7876372149886075036 2.3804986494869515568 -0.9134695219607634753 0.0013375349149172682806 0.40690495628470013667 -0.39410078342276988472 -0.25181323472130040519 -0.8838974303189409687 0.1012818095919757605 -0.96777492518629226748 0.2305508387021386052
-5.3983513648791134898 -6.1331275331055925548 -0.31613689773791758819 0.99626947409442767611 -0.008977283515558173374 0.085828569651200212198 -0.084976444953964280771 -0.27536686796418791134 0.95757615458555100929 0.015037911779327613887 -0.96129729865872992622 -0.27510246236809055009
7.2404215188054532604 -8.1629193171375984406 -4.2734550152606409767 0.93346192103776126636 -0.00032264490662586332859 -0.35867636926947088494 -0.044896231038746930997 -0.99223976964056848082 -0.11595071359088096608 -0.35585554711225791946 0.12433879299718672562 -0.92623252703917258177
3.0031612935554465871 5.1760609347668475877 -7.9368127776998216305 0.94602303303840462601 0.0010963447256437527325 -0.32409754548460423251 -0.021912441235553855451 0.99792246386476024522 -0.060585485335280242492 0.32335779854529561606 0.064417033015018457243 0.94408165959173950821
4.9618462206890283639 -8.150467876084853458 -5.1300211612157946561 -0.99967418215831860273 0.012437393707489238781 -0.02228992516250147965 -0.018885531226733542204 0.22707332068520727497 0.97369453307641928852 0.017171669583172514267 0.97379824310304530233 -0.22676444935875417208
4.0488691387258839427 -8.1641386195272680482 8.4318155216085504122 -0.96623337597751834949 -0.0037006193089206356438 0.25764193867409534988 0.23662768685414253822 0.383004340154213474 0.89292497626452260739 -0.10198235612644966641 0.9237391302958224415 -0.36919590761418435987
-5.6586856952504254181 4.2204960644920062052 7.5131469906671064507 0.79505107883902681465 -0.0032749573547942185253 -0.60653364019742350699 0.38598608949038581972 0.7741036432808647838 0.50177513706754650613 0.46787660847371964623 -0.63305041198453315676 0.61671602470638875459
-3.8079741003331841753 6.235137022671653817 -4.9519366601368846048 0.70413647965770054249 -0.0089263315599977972881 -0.71000854827265291735 0.36806916955516172374 0.85968330810251181173 0.35421701849681219709 0.60722063900873879394 -0.51074938117897916712 0.60861988563238378358
-8.325866726597888956 8.9351528396055446279 -8.2312451847906071833 0.36736910555815011081 -0.0087110022552173201754 0.93003443953498698971 -0.92595875685044315428 -0.097401888968545916048 0.36484688930765024617 0.087408929141005328733 -0.9952070088502529277 -0.043848473649134619978
-7.1655183973695404376 7.4304737420098376788 1.8145287705987152016 -0.52064920936092107251 -0.0028691112070277323409 -0.85376587481154597725 -0.76015101390057882025 0.45684045964989961064 0.46202514054186588632 0.38870919317368107793 0.88954401949972894403 -0.24003458191379997699
6.5228792330941445243 6.7922963397867999191 -9.1960854371243065941 0.16668779816149204009 -0.0054504017572310978212 0.98599466076898412137 0.35194478786644012303 -0.93378474614515294405 -0.064659988863803530279 0.92105919692352489214 0.3577937128947091816 -0.1537322828015563192
-4.0197495154137881102 -2.4055197763210425244 2.4940468467491130333 -0.98026117428394154985 -0.0022634124435881360776 0.19769397349349068782 0.046805206811069019479 0.96885250312153048391 0.24317503944756704848 -0.19208670648153811089 0.24762815704030471942 -0.94962255293022401759
6.3402944615647252036 -7.2950154277367200706 -4.5535187316414100778 0.7902627886779258759 0.0036173071565293040026 -0.61275740707077541725 -0.16481503935639063574 0.9643870786709118903 -0.20686605640971603148 0.59018702767251607355 0.26447018278324718743 0.76271540877685028992
7.3004844102837003206 4.4036586758654525653 7.113677434941648059 0.82613574401435085903 0.0040864053221542715605 0.56345632816874968718 -0.10291691986216895682 0.98424680109647089132 0.14375792895778358171 -0.5539926353914585988 -0.1767527533694044084 0.81354202356644100824
-8.3526744333978637513 -6.0573995535205442664 9.0022913886536048977 -0.13439662761988477313 -0.0019503448560497542094 0.99092569985823242273 -0.31302853203022834583 -0.94870894142029071894 -0.044322484181995851216 0.94018651586777712836 -0.31614480957917584503 0.12689276873235449949
-3.8597302544379736844 1.901702006693644087 -4.7842166298820556491 0.91644876560142529698 0.0032591935820311650901 -0.40013877303390954498 0.15077517767429299278 0.92345352671162916902 0.35284618433718223374 0.37065955515163589995 -0.38369644468152619421 0.84580643915362285767
5.7334583293520209324 -0.52175739842121859891 8.7499820940759498455 0.77541654642137636255 -0.0032550634154758437133 0.63144167117657090671 0.41248849979007951028 0.75975189574783019708 -0.5026234121571143687 -0.47810293564989397863 0.65020493805385937147 0.59046686736263342965
1.3029931015646187831 -4.7830149445523213458 3.2507898611882466433 0.90417470912366504354 0.0095151665318072391198 0.42705685451374947315 -0.36334555177592131603 -0.50854793106972340233 0.78061450909470753157 0.22460655686325292635 -0.86098110514144543526 -0.45635888421657605507
8.3661973079955647137 -4.7664515918004228823 -7.0125457016452426018 0.43260005032152343274 -0.0053339759852108550864 0.90157015542999618951 0.40440097239275868413 0.89489308639248099642 -0.1887490859696449863 -0.80580211590039019232 0.44624871162478252362 0.38928785928091252933
-8.3062355810441914628 -1.7015789385790278665 5.213511618720287899 -0.10026938806320792597 0.0011368402645328991307 0.99495967627410453193 0.15321075497079542083 0.98808990211029412709 0.014311181246166513464 -0.98309333960657618867 0.15387349655332513421 -0.099249345991407653123
-3.0934441318800645071 -8.0369930070353863272 -7.6638213034339521812 0.98841374029661055456 -0.005060078520444145217 0.15169928674184973705 0.12070502237363758824 0.63215690358318143982 -0.76538091616259862349 -0.092024863848748694739 0.77482387989630985281 0.6254433464159495637
5.529657358808290013 4.1019901165306142943 -1.0000722756016569015 0.36276429685304373285 -0.0097271839845778432232 -0.93183015985757833288 0.84177510437686176026 0.43239060351963426454 0.32319195478715051495 0.39977085759231600903 -0.90163393230253696675 0.16504397456552719059
-0.3774686727519472873 7.3741077646919537258 -6.9446847138802265675 -0.22289072394152636969 -0.0025186704577905118588 -0.97484018253252135988 0.11624123917159234765 -0.99293070258120075255 -0.024012375713385533671 -0.96788826808521888356 -0.11866876661827996386 0.22160781649712527064
