1125 17.292696884352682929 17.968806560800352656 18.477561601407678893
-8.4342056927725277404 6.9040516872467874165 -6.9546773843780700375 0.27629903784978337988 -0.0012398788444183475588 -0.96107091537708466689 -0.61974709586381881987 0.76407865512296513355 -0.17915732179837995375 0.73455590587223196231 0.64512190436092609058 0.21034578593909009081
-0.75526310592480583317 1.2398445240294624359 8.4539205338356069319 -0.053951964411448970205 -0.0015371555862024972525 -0.99854234897119897862 -0.99329365727952456666 -0.10232538102826894966 0.053825893447672662484 -0.10225896510423326813 0.99474979444583111476 0.0039938084216699660384
5.4251896561662160678 6.5797038481456935344 -1.8842170146817451837 0.12406335787840974683 0.017028657877869550485 0.99212817117692830848 0.36412508325352310745 0.92931840019609479597 -0.061483614098362913969 -0.92304994825744968168 0.36888661654749171914 0.1090937997989722269
-3.3756748857793739127 3.3879928215458079421 8.8915495074666228703 -0.21144405491570467115 0.0076021607223828568251 0.97736053674854261875 0.45844072565933080554 0.88391852651889457615 0.092304601910721248426 -0.8632053711012765973 0.46757913301289433239 -0.19038445754045602021
-5.9230857545483033277 6.5222597625653966347 8.9617521906441517388 -0.34186736990203808739 0.010841165773529407024 -0.93968567644771483494 -0.91968129403342557815 -0.20939654219123576828 0.33217375803029153269 -0.19316578061829181578 0.97777070790815945323 0.081556262512739230441
-3.8936030260727161334 8.892976644155179855 -6.160071169525821233 0.64863776020525343302 -0.0069294738527604466879 0.76106572543228612204 0.66934235533811325958 -0.47078918917067447136 -0.57475068569817489017 0.36228423563024886311 0.88221852267554978777 -0.30073345484277025363
-3.3520594513890182853 2.0005549874453949499 1.8532597932614742753 -0.73877723913250004095 -0.00056390467033043661232 -0.67394945875136658131 0.61445342948293857344 -0.41137556061986985112 -0.67321403069241370076 -0.27686670788726230885 -0.91146575916845240517 0.30426139407994517994
-3.5767066008930741283 -3.4148116959368937096 7.3492587229576553653 -0.33838834653709282119 0.0027508029396912281501 0.94100252922679239465 -0.41259973253446607933 -0.8991774822106881615 -0.14574400913164708982 0.84572737193523217503 -0.43757546614098430382 0.30540616200563885929
-1.4281159116353896454 -2.3848011927463201864 -8.8373607541544316746 0.99955576483240204944 -0.0049879784796861316443 0.029383550856208889845 -0.0034826398645956989017 -0.99868947208658820358 -0.051060841776821054572 0.029599733272582855192 0.050935826429584336872 -0.99826319043443456636
1.0208709927890262659 -6.5283776253883329943 8.9379176889318827648 0.90368100377730831152 0.014795029886251196902 -0.42795064026444601391 0.072661444595286478476 0.97961122807889311481 0.18730231256241225424 0.42199639557880469498 -0.20035705356320923642 0.88418102965748845978
-5.5399115402990961599 2.2727576610989754791 8.7797780562794525139 -0.29020131376937680079 -0.0046049354316245391661 -0.95695454022457437926 -0.21285907576693172127 -0.97462647084954745491 0.069240567465305866146 -0.93299207464500433229 0.22379016262778772539 0.28185767997493416104
8.3486724724427663347 7.3500389076547474332 -4.0641364329927984755 0.99525127259659051937 -0.0051657689090270787063 -0.097201950731909944614 -0.0022604758330801184157 0.99709493051092557003 -0.076135338697326346291 0.097312869876021099169 0.075993515388522642207 0.99234832139499262738
-7.6875440928347584801 2.4099510678682385389 4.5994294691429953303 -0.77033433782353777364 -0.0090540485833283095712 -0.63757590306910427724 -0.62426466338086639141 -0.19301853493091988834 0.75699238782667255254 -0.12991781257425163987 0.98115333632299139843 0.14303668270248351413
-3.7099293483918334147 4.5766785068892223975 8.4227266055757148422 0.49000259312857608052 -0.001508497188155370327 -0.87171967005664663386 0.47819541587694197604 -0.83564166119592053761 0.27024462678790650561 -0.7288529364431023394 -0.54927291805607314501 -0.40874522447192707109
7.7656629991218242282 4.4325850431669548968 3.0560046801707048125 -0.81741746621859878719 -0.0054293943502552221084 -0.57602014513177834942 0.15710836954188667214 -0.96414746057601252716 -0.21386125054586072047 -0.55420722310398506938 -0.26531150736850039884 0.78896397757883907076
-4.6253978039467007477 6.7339557528686277976 8.2427474192467897751 0.14498757422134836426 0.0020338055697815722589 0.98943138567364885549 -0.27732744230884731618 0.95999713032795630507 0.03866522344923060267 -0.94977265335642835353 -0.28000245248351368632 0.13975168528243073207
-3.2530370081345960642 3.366686491405013637 -1.9015838361062713524 0.99922621942237455084 0.0057936844820737874728 0.038902386030498288527 0.0063733702189000679406 0.95216809699821924884 -0.3055082571886494347 -0.038811629324231732008 0.30551980014156565613 0.95139440252202867043
8.0784870284973333554 -8.7897649950589915591 7.5176921750220531138 0.2149648388598206783 0.0037586079593134478702 -0.97661455596376511856 0.97644631592452457713 0.018128279144107618814 0.21499757582988091031 0.018512432886544537974 -0.99982860449248878165 0.00022686371030317857914
-1.0447174025720933344 -4.5086061667835704014 -9.0901246349117226231 -0.3395036618226938141 -0.00038309901523369931098 0.94060465491295042195 0.53967765732283268232 0.81894684234970693826 0.19512584552412329253 -0.77037996455983270838 0.57386925570222202531 -0.277828701836952352
8.6382987545571197074 8.9836069166545087228 0.40858375476436170626 -0.95558210858337988558 -0.00090719383085199108846 0.29472361757198806131 -0.2886456293359360159 -0.19918054306965668476 -0.93648855408275077927 0.059552786842341810802 -0.97996239124878314897 0.19007150580107468052
-4.7690421359476111718 -6.7761213049443549394 2.3114744949635341875 0.99921910657086332463 -0.0040771730492505254412 -0.039300810722268909869 -0.018834344310927248617 -0.92353506275653829416 -0.38305124374355659089 -0.034733910489264337162 0.38349232654519693764 -0.92289067117566903065
2.8085301195151988196 -1.2154649016397982564 -4.8525299033985103137 -0.8524809553259399264 0.00084762763136277292919 0.52275759423844514462 0.46176360974668761994 0.46998810085880821097 0.75225364988488052642 -0.24505221794616910413 0.88267234383926407304 -0.40104730880677214033
8.6079501677676386606 -8.8707732947468151963 5.1993306863155712705 -0.95647128487332100377 -0.0040293861900073165566 -0.29179863820776547056 0.22308084726063676095 0.63455008069621587907 -0.73998725034554069246 0.18814254382894352036 -0.77287124356881942155 -0.60603005211477234404
-0.10705366778766067792 -8.9679732171046619982 -3.2116057756933695799 0.91904149788351674477 -0.0046323402696522384542 0.39413356440650526569 -0.32058212377813627425 -0.59054955119276908437 0.74059322809502314833 0.22932471973635615292 -0.80698808480037320656 -0.54422458958426001008
1.0190791810728168088 -1.0261843426977561577 4.3596199997700306739 0.75624783634442205305 0.005874690302746485987 -0.65425889221179578392 -0.54140072701083941098 -0.55587020357188343667 -0.63078805439944463096 -0.36738870806887763409 0.83124834122842650164 -0.41719507713873182908
-5.0569045587923175944 -7.9128271546227431088 4.2783612172670810736 -0.98509417075257110774 -0.01143552639992436587 0.17163537946833931636 0.012335801337158875876 0.99052239871676894811 0.13679621941461603263 -0.17157302455427736465 0.13687441826994711791 -0.97561677459383344679
-5.0845033405330184451 -3.3775732928945823019 -1.2407341143375396619 0.90063577472468148155 0.013143445962892782997 -0.43437593293621301616 0.27325230833552560661 0.76009930358899691072 0.58956104405981413219 0.33791770784501234948 -0.64967399402462477909 0.68098114820656885371
-4.1047176646941911926 5.5038360223265732074 2.0062979284761266463 -0.7401198960454422604 0.010615966955501232941 0.67239113670803851708 0.52227946747866482724 -0.62077626196962931715 0.58468879793013617263 0.42361149338512871232 0.78391589716028120538 0.45390436090806329794
6.5766205689792194278 -3.4246215893604574632 -0.35701748813182704323 -0.9895498371301814089 0.0043591551597435794496 0.14412535377696114591 -0.14219884523813483557 -0.19509147378287755581 -0.97042197278803132843 0.023887407728020736836 -0.98077536399693665548 0.19367260293737662002
-1.9541631883931260827 -4.4606659230647265346 -1.6345910689698208706 0.047406095301230910533 0.0074952550503531506151 0.99884757760143871863 -0.99882886758558353524 0.01003872270682154913 0.0473298777105535598 -0.0096724043530521525147 -0.99992151951950358768 0.0079623737595461169941
-3.1430081160089842207 -3.2467274057780279861 -1.2189545568268016495 -0.58864816033162059572 0.0070157988667657635029 0.8083589066152829794 0.55534419862530337575 0.73016217330727695156 0.39806534856044983872 -0.58744034964519820097 0.68323786431787691953 -0.43370480326041704888
7.2549511602455227788 6.9209058236686100685 3.5975845543164077789 -0.47160892623868427842 0.0095332341766265430577 -0.88175628046418408346 -0.052906532103468226214 -0.99844607664853435303 0.017502310872969367023 -0.88021924516150340523 0.054904912997211174908 0.47138045247548493455
6.9778852398133555113 3.441431009651970907 8.7595588143735856335 -0.11905042888752881414 0.0012319630560495898643 -0.99288744460200839548 0.91067203373788641052 -0.39830298166526090231 -0.10968674379255964613 -0.39560515965923076509 -0.91725308234056668333 0.046296226492456293844
1.3532616731678761557 -0.97021051599820906652 -7.9094563848850709675 0.12858450669663029631 -0.0021421402613243062212 -0.99169624173568426961 0.83180806276313834502 -0.54424999690144693076 0.1090288383647881193 -0.53996423155620054679 -0.83892034908431378781 -0.068200267830135177793
3.9019813560848399803 6.6102300957019730632 0.90837186262057745267 -0.13384728517095614841 -0.0090097293430792084468 0.99096101287026039373 0.37832414333794744943 -0.92468816610034265668 0.042692365136106247281 0.91594527501338796061 0.38061873344679525433 0.12717559879772138975
-8.5700578705637244781 -4.5049026727416228155 8.7717243395559520991 -0.46329470304662173641 -0.0016795168339201081362 0.8862026841261129162 -0.35383979436702822641 0.91717985586521499908 -0.18324440487304152758 -0.81249948803130001007 -0.39846993765929278331 -0.42551884885438673312
8.0672098555354576632 7.7567288377330454452 -1.9266105422681394366 0.64892926303687459288 0.0047162807923604600085 0.76083412664681293602 0.7573557415660794323 -0.099714190463175852996 -0.64534437390984444871 0.072822333740351227749 0.99500494316157583885 -0.068279358468543896454
7.3341080509087479555 -7.974578039602104873 -3.7049508867391334199 0.56567311803419539906 0.0061786667696925468701 0.82460641982117344195 -0.81409437121958971861 0.1635162878514127005 0.55723673457152955724 -0.13139360061274377167 -0.98652128597621502326 0.097526786237079346464
4.6059681164695875921 -5.9127890897102348688 3.6244544319873992499 0.42689137978124624961 0.022454631326363942018 -0.90402408120615518339 -0.77014735435390146989 0.53298085951720264308 -0.35043466719132415621 0.47395865056976665963 0.84582929301377529629 0.24481830942536106366
-5.2655271567882770967 7.8988997426306939431 5.8433742954351242105 0.79661257112644445755 0.00086188761005569127643 -0.6044895935193526082 0.59115368256765266075 -0.210007930703489748 0.77873871910158742882 -0.12627642341322983799 -0.97769930254212533693 -0.1678044656693076786
-5.2068270434207200026 -6.8703116997604318783 -4.9855721556399208438 -0.99967392572781610394 0.00074158174267041285233 0.025524346736592640889 0.015311497366834712214 -0.78253506038469422545 0.62241821737292857275 0.020435270200974603449 0.62260607877316676007 0.78226854110738341941
5.1715836383397437714 0.98687832916871520705 -4.8864401991530286296 -0.9382999306546100371 0.0037985372482552438866 -0.34580169353013057165 -0.29094576556853235516 -0.54918315855124544278 0.78342097231411456093 -0.18693261254081500189 0.83569338245452773339 0.51640368791296031858
-4.6424550029150122299 4.3633802893868560702 4.0781190135757610093 -0.83099182670035520726 0.0013443571920161104943 -0.55628300051411694316 0.52316199033703381094 0.34179924959245300276 -0.78068867344454340174 0.18908758770403144567 -0.93977202856960340149 -0.28473569936784476342
1.3808049306158307612 -1.21586871928031659 -1.8029122025195696288 -0.41970995090709933839 -0.009425584503099517647 0.90760934077721022728 -0.44827753196632735833 -0.86732856422132142971 -0.21630630138759721071 0.78923431973255453453 -0.49764678240956189414 0.35980115135123902359
-1.84195758759879058 3.7124226574004630663 7.4228290850175593363 -0.67681823406233443396 0.01275114072101607432 -0.73603973157081792333 0.73567541361282118295 -0.024187370681887369189 -0.67690225062779885157 -0.026434141676256534687 -0.99962611986168514733 0.0069897527874798626862
-5.6084604392234691517 -8.9295758894124332983 5.8620307007023848556 -0.73754826937953144039 0.0026243447233495875021 -0.67528931810741366082 -0.67193001659049100827 -0.1025479222441899041 0.73348072670510233717 -0.06732461021094249265 0.99472460332394807558 0.077397418573021417587
0.70922501608341836921 -4.4248855799884321272 -1.2807173477161559738 -0.1852625325657144828 -0.0069510926163099681988 0.98266447800820366787 -0.012144421165394353457 -0.99988242154134387984 -0.0093624851056095925034 0.98261401733428510585 -0.013668408986916246589 0.18515633268632436526
8.4504367383752487797 7.9591537557578417861 -6.9424900398256834677 -0.22670678454578663263 -0.0023493886040548746935 0.97396022209037391715 -0.36723795499271888465 0.92639424015843596649 -0.083246598813742661571 -0.90207556127738730556 -0.37654772894595445187 -0.21088264407451876026
0.84534045122034973119 8.0328604713854740993 7.0036029725997623885 -0.83448994589809066813 -0.0033322810969443105236 -0.55101309067723003299 -0.55102298751622558193 0.0042401814639400729756 0.83447929158835831842 -0.00044432407569809651005 0.99998545827622464799 -0.0053745522857209142645
2.4671815381373365383 2.6557947222917812624 2.2757774500264309481 0.50867310994132519664 0.0084199640456685299894 0.86091856259911414551 -0.4564523422682599807 -0.84521534914548879236 0.27796091956673724122 0.73000200442205409601 -0.53435953979907846456 -0.42609500790960908034
-3.6136727818429412729 -7.8083590740853860979 -3.0125809951624007432 -0.93923239025949778469 0.001486286412158521579 0.34327876141742091898 -0.14784989627208999785 -0.90424043279712429388 -0.400611592277809625 0.30981111222788354498 -0.42702111264863984452 0.84951165035711129203
1.888522260211585424 1.2270730964029299415 -4.9666181825165187647 0.76448378501323188683 -0.00017938407721064769489 -0.64464293238455572244 -0.37384635711588359852 0.81454449085156677146 -0.44357206144439770279 0.52516991890532960241 0.58010106037157871395 0.62263899334434880117
-7.1651471836912712376 -5.6694185849725453608 -1.8763764135736364924 0.55090948138031170522 0.012510375208055340979 -0.83447123008371104635 -0.28838729881849367587 0.9411471041793747494 -0.17628072547793557923 0.78315484369668642017 0.33776562703600288007 0.52209469637958283439
-2.6984815757755575838 -0.85012345281054069179 5.606011498459976039 -0.38888658879906556898 -0.0092609600998746176292 0.92123908713769042667 0.72945884139827210646 0.60767565479205187806 0.31403836911900362416 -0.56272286230259327411 0.79413130727293590461 -0.22956142326355222227
6.4803121572522659477 8.897306482934316918 -8.1712906131966906997 0.16370474267520748746 -0.010424645248129960767 -0.98645429899059167145 0.68932510871978536215 -0.71411557037057482589 0.12194198064014548366 -0.70571357625741504283 -0.69995019746122832949 -0.10971813596868575102
-3.1958671083738892094 0.77655436154704238216 2.1628221993761447273 -0.66987022666529127957 0.012553682656744079293 -0.74237206606882877313 -0.37106931373659407525 0.86037314451320168196 0.3493789011989824056 0.64310298073488791903 0.50951001683162633338 -0.57168006692352846265
4.4493893117901608392 -4.4886136465365380488 -4.5336186131051166015 0.65697211078771200476 0.018605617421377694531 -0.75368526365292543012 -0.66085747099837721663 -0.46691993372246648475 -0.58758248656546241406 -0.36284300830090771006 0.88410384372710537626 -0.29445771315101448851
-5.6406439484561410325 7.7360635336908769588 0.036430187712729537874 0.97365901008977373543 0.00062576667646553098268 -0.22800820267494045779 -0.092199347399185435648 0.91567389909827467953 -0.39120402713836904818 0.20853635752586349716 0.40192153329525515115 0.89161183744021577091
4.5503473137206009724 -2.505358938852856987 -1.8311025697350604702 0.95555782375303677245 0.0087571883068673726097 -0.29467364510111004883 -0.2815232969697685772 0.32373699154795626542 -0.90329341499130000326 0.087486448822008872073 0.94610658593849195075 0.31181476763613991121
-5.5982593205601949293 -3.5251607432378215812 4.0366790426939811454 0.97959517186094802188 0.00013119388858768763189 0.20098080021421416141 -0.16551932728941415318 -0.56670571478447417935 0.80712327752610113496 0.11400285768470662384 -0.82392027261067124488 -0.55512046694482697351
-4.6413704584717709878 3.195956353993900656 8.773612018436342197 0.12270790829277360146 -0.0086038823753263292404 -0.99240553326292146874 0.84725546139195784257 0.52164213401772629997 0.10023805244898616185 0.51681810376943748686 -0.85312100972012261391 0.071299301474382334454
-7.2486756531386458136 8.8326604645459152465 -3.8733562610076965882 0.57109385732874107244 0.0062977757398454143473 0.82086061188369996433 -0.64652567812040195872 -0.61272288122980467229 0.45450546569690580823 0.50582245269691505918 -0.79027274332230501575 -0.34585059998412825966
-0.27712136221384309209 4.5548284516351094098 -8.7287663089597611332 -0.97179163667429169227 0.0012836806431399776229 0.23583758617643443833 0.024796039680558899787 0.99499895619768563559 0.096758635695675346278 -0.23453394489017545532 0.099877071090105226658 -0.96696349432898887066
7.3056635395671074562 -8.01245162335199268 -7.9539628759126355106 -0.023011611471075509722 -0.0053970793063469069822 0.99972062961218211008 0.30682215934021073167 -0.95176491833040666179 0.0019242591572935239044 0.95148863801689431696 0.30678072261868127857 0.023557588039246693534
0.94045041726226896728 6.9339038476952321588 -4.9988454401441959618 -0.99801895864003342673 1.1437117578139057578e-05 -0.062913894048695073735 0.047628937388422200316 -0.65322007794052627805 -0.75566858747633769422 -0.041105261444572417651 -0.75716809867063505912 0.65192547721107363401
3.0029493748765152539 3.4441450849011761015 -4.408737399938329915 -0.57865671875831703463 0.00036078039376611671651 0.8155711321971894634 0.56373247999178077716 0.72282905498392768795 0.39965466126818000037 -0.58937432319205940168 0.69102679188909232888 -0.41847327280620594259
-0.95332146479496060465 -4.3500613318466205826 -6.5569073434858333727 -0.9897082469674047811 -0.012591445639781685684 -0.14254487497419088271 -0.075334381122324017843 -0.80106529989555375071 0.59381740992001053048 -0.12166477265677895503 0.59844451772925610911 0.791872364901253456
-2.857730542347457714 7.889511939501341331 -9.0927535526846643421 0.3643987786781267002 0.0054993889546462301418 -0.93122676444527252571 0.095555972590197740812 -0.99492500565891828224 0.031516491193067749932 -0.9263274724418198991 -0.10046885007752391628 -0.36307495639868558879
6.231313263095826116 -4.4819908879719907446 -7.7856668889512565812 -0.99999639886778701747 -0.0016251902953852235406 0.0021356515876328509285 -0.0018170790358798781516 -0.17560373228327821882 -0.98445925635930064956 0.0019749620193277063473 -0.98445959183929188097 0.17560014681179941798
4.9852399102760420746 2.465392369728156563 -1.6696498252395262085 0.77942611158282948391 -0.0024972360877715408037 -0.62648918617521509589 -0.087539479775472592293 0.98974778474294267117 -0.112854605917435874 0.62034810877700263809 0.14280436410722735507 0.77121666056207482942
3.3054281215584842002 -5.784916638599076677 -9.1806719992790259965 0.20729622173054421119 -0.0013532621928667573283 -0.97827728438211714046 0.86859243555156273597 0.46033170001157991402 0.18341730253017918262 0.45008383370104410037 -0.88774596290057428138 0.096600455459242604017
-5.986014272417701676 -4.4255237647726088923 -5.7945638114402688856 0.91363078268296005202 -0.0023392448401205025513 -0.40653821575294329937 0.19459210059906539847 0.88050837024969719202 0.43224868340372990527 0.35694916629460371471 -0.47402482830902747946 0.80491475003751267181
0.25277634279547517293 -6.5692471735296997792 6.875972270571336864 0.77921678847539410651 -0.00018144296075134000445 0.62675446838152326645 0.45330826832323162234 -0.69040961515370224966 -0.56377848236080785327 0.43281960494831533959 0.72341864116270471197 -0.53789651345834066376
-7.1694728557331064422 6.5647463819406208785 4.5628043063288643566 0.20214717071481827504 -0.0028034719291722791368 0.97935114331763994944 0.84877119695313096859 -0.49838990686739453873 -0.17662093861053490551 0.48859387695182127098 0.86694846518016910331 -0.098368603361033382648
-7.0354716720154408804 8.9312449050782216631 1.7245579233447785317 -0.93328542973052064369 -0.0022780726187006448795 -0.35912827379373407632 0.35839082660075149978 0.058454981355497273587 -0.93173978693784675897 0.023115407445300925615 -0.9982874463498810913 -0.053738742065496003519
4.3284306058199897294 -6.8556357158745111491 -6.3548295907853580289 -0.99953633327073587722 0.00060106498830369853997 0.030442687011396053764 -0.01646739837406683421 -0.85164185606118159022 -0.52386541572765865649 0.025611389309849956486 -0.52412382861851514182 0.85125687604385913421
7.5815141217763368786 6.6958634851132776689 -7.3838762258525392213 0.16065046875021374295 0.0014169735647021012431 -0.98701034395587117221 0.35865743809778927176 0.93155733217063374507 0.059714143854646913046 0.91954133620390487991 -0.36359170654065292583 0.14914691397235929626
3.3986086481732864506 -3.3962960146301020004 5.7468606690724302055 -0.28379212819638283127 -0.00076339508633206220461 0.95888552246949299018 -0.8304774835358180729 0.50009074196017233582 -0.24539029961628242016 -0.47934244263786895957 -0.86597267106634701062 -0.14255579838244997193
5.4168412743207356996 6.7624942803729535257 2.5248001393404209125 0.34891546829856379119 -0.0025921299873430427019 0.93715061588007142479 -0.32698864929928739276 -0.93748693221271983678 0.11914980134123769051 0.87825760412945530486 -0.34801082280940309754 -0.32795128906016146608
4.2157021115595663119 3.4503118117888242899 -3.8858920738290647634 0.66941492938536795165 -0.0033230777742768889335 -0.7428812889486147153 0.64251121720527981651 -0.49938007437744519335 0.58120467744165016377 -0.37291150167483294586 -0.86637664930949498387 -0.33215736248036920042
-5.6390567274684570975 -1.1525881358114087316 -3.0868010462443167263 0.0063164705739282515223 0.0040199723818909842421 -0.99997197061796849749 -0.82051723573983803561 -0.57157283449821816301 -0.007480689662953863249 -0.57158688583066952216 0.82054148870476761868 -0.00031186636350644027921
2.7022010939241942751 2.3543255909462472708 -3.7644574972137796465 0.5195445426400755462 0.0021726009250972828576 -0.85444060531912247036 0.18724795425170345786 -0.97597839841968736518 0.11137490492418528065 -0.83367360030258796932 -0.21785647941595109867 -0.50747106571206523906
-6.2797295483236732494 0.74420611093402877501 5.8579369508301155633 0.98934772721059038858 0.0035498726169565725588 -0.14552825522102000311 -0.14311088089081536179 0.20675171662599015066 -0.96787034433480778617 0.026652400152555995316 0.9783870022014079515 0.20505736633812110536
-8.2843281758718614327 8.9661936900513623527 -7.1536839570696235668 0.11850611991133219725 -0.0025444614540691950361 -0.99295006181550304891 -0.97322091711365843469 0.19806996573434612618 -0.11665905522488193014 0.19697041918900609625 0.98018458179545475684 0.020996180000161759199
-6.6082287738540745892 0.69172971355136159133 0.037009647326967029524 -0.98079451197330780321 0.0099558819545061925937 0.19478964473904666899 -0.02479233607248734067 0.98423167905882580353 -0.17513806556316963148 -0.19346179301124993843 -0.17660374387801427987 -0.96508219975977460603
-5.2096609098058843657 1.8095927081761480348 3.4606344626519889296 0.70365312951701097788 0.007057364429227853779 -0.71050859736398186417 0.38543842217840029729 0.83625181384675173479 0.39002580241099610303 0.59691665752382894183 -0.54830018917112355314 0.58571102646713624207
2.3366595341302796029 6.9629855282920090076 6.8229108838359540101 -0.26614703330222178046 0.010599132009940094579 -0.96387416972602413257 0.42894647304982741476 0.89678048817564914863 -0.10858028958206741854 0.86323269164373894746 -0.44234874751529695835 -0.24322192674446180272
-1.3508056680122446647 7.3241603395732788329 -4.5755821684438116037 -0.06880313154313232038 0.0059342867762680051591 0.99761260684216002126 -0.66942036264161541848 -0.74170936489010597104 -0.041756390112784889934 0.73969081863360353069 -0.67069516344982260669 0.055004459405092596957
4.7861215469490607788 -5.6858668767176956393 6.2186381343651095932 0.51080581371695843451 0.0083418799975391658141 -0.85965564833305130321 -0.6759982769232394384 0.62168476120420590458 -0.39564426860949336584 0.53113439944102969203 0.78322312958995310428 0.32319928682697290911
5.0884484931233000538 7.6021026790189543121 -6.7093698655026985378 0.60080382254735609227 0.0020967372942588880826 0.79939375185543026792 -0.48355168643216489555 0.79725502475349230291 0.36133390659342079498 -0.63656306314552391079 -0.60363898913014757408 0.48000774727145789633
4.5379820741533309914 -2.5448523804790563752 5.5185334531901775179 -0.44026881344459217749 -0.011412395848241833202 0.89779347799421993503 -0.16027499477349543833 -0.98286029653186146593 -0.091090963062098601055 0.88344513013456005268 -0.1839983552160911473 0.43089361485106952854
5.7581513286962326958 -6.743487697404054515 -1.1547414017755910365 0.80163468085374267602 0.00646553639978441827 0.59777925297868683696 -0.59739544257792376314 0.046085295109950755177 0.80062152779062445429 -0.022372385653629013602 -0.99891658431211483027 0.040806052816603183286
5.8100360443275258504 -0.87095932275178944426 -4.4385931520189574329 0.95668773173876564542 -0.0037014427465296914632 0.29109256820121021114 -0.25685005288452078531 0.45992807914779804124 0.84999659549019401794 -0.137027859479912556 -0.88794845646199871414 0.43905683503771064657
4.66036238773315592 4.584182989527273655 -5.4809385288891956378 0.95660681987723461539 0.0098171989531608688795 0.29121643973046212883 0.11257615471669149554 -0.93427959154742856729 -0.33830201626233663559 0.26875639816341190258 0.35640604291000682613 -0.89484341145472001688
-6.9550944312107034762 -2.5621850071971263851 7.0528510975906248959 -0.84706704249514186422 0.0090570081754801946838 0.53140887847421502954 0.23277955734164079704 -0.89253268982896682981 0.38626296129768655785 0.47779818250198269336 0.45089174775037343945 0.75392673954987932117
-1.4363976638936775121 6.8601876806378863094 7.8807579515800476599 -0.81704185840968368559 0.0090023403837059777499 -0.57650807407589732545 -0.52660480432921608074 -0.41882756999524933805 0.73977756567065056093 -0.23479774629342081704 0.90802115860781396073 0.34694033183822181599
-3.6190968894843238424 -4.5412220730482939501 -4.2976586318960645627 -0.65182043291247981909 0.0025126378640463221947 -0.75836917783415846994 0.007066408587457780055 -0.99993097659861507331 -0.0093865812931850957368 -0.7583404176933843388 -0.011477311952686392038 0.651757686723306362
1.5141496094518176463 5.7617223065981724162 -8.7981000268662885588 0.68350707905648466767 -0.0083926498057575425749 -0.72989563384701627857 0.26876464802636101936 0.93257910712598290903 0.24096010649772142687 0.67866312471708800658 -0.36086808168823714116 0.63968006907172292319
-1.8560843961083715037 -0.12796341453351833817 6.6382164575132467377 -0.44050451086889047536 -0.0025658477156668925076 0.89774673061471488289 0.88228542145638366723 -0.18604992766431652229 0.4323862387977728261 0.16591627704866165893 0.98253694120958590119 0.08421964241619131486
0.1524110165440484832 4.7232391687430137495 6.814538000766819259 0.76960742239400448117 -0.0049914772216527077131 -0.63849784694316302769 0.48900358057086107388 0.64761632435060201285 0.58435314204973276553 0.41058484334502387547 -0.76195024876277495096 0.50085118031750963663
0.98164914426333016451 2.4752945366690624063 5.4498524692842238437 -0.41857531908602996218 0.0047007192517442026453 -0.90816992104464411284 0.88348028801300493296 -0.22953243309992923948 -0.40838394048732290509 -0.21037414989672723054 -0.97328966160818164433 0.091923618627201331144
8.1121871316592244483 -2.2636178771367929663 -3.6173945045229896067 -0.74106786005798730432 0.0030642898791275333462 -0.67142314297087157815 0.28114905879665397226 0.90951674801390658409 -0.30616089204855367889 0.60973242781314895833 -0.41565598180425045172 -0.67487515235293782379
-5.6714843283087805759 5.8244896176303919688 -5.7568495013377827263 -0.99400188949633905278 0.0018753249849200277419 0.10934681903882556564 -0.093741639348534480658 -0.52958261715699483929 -0.84306272403486670619 0.056327158014096302685 -0.84825629072893315996 0.52658191813699084527
6.4559429418733422779 -4.5040400752721776456 -3.2805327739977752088 -0.99693108881567582547 -0.0086885095005249275701 -0.077800475291078460827 -0.053795029969615243415 0.79803545973250300527 0.60020454826687441585 0.056872655146460913966 0.602547852715510035 -0.79605375841365644263
3.5015449725365912492 -7.9265531538192295358 1.4816748285663898788 0.94955535524523460023 -0.002903125710080225845 0.31358603155498188109 0.0029129897063010614169 0.99999566170837739243 0.00043709899771095239718 -0.31358594008073842341 0.00049842318784832501111 0.9495596925721246917
8.5688622192770544927 4.1811120291562984264 -1.4085889016464883117 -0.1580260280189045019 0.00073980615856784795025 0.98743466981645544589 0.20719541109725023165 -0.97771234611081114796 0.033891442621311815286 0.96545214075525220832 0.20994766240539011748 0.1543507141598025878
-8.2768719046277539064 -7.1457578618891339772 3.1119212922963876977 -0.97753094114457628194 0.0044952092034802855827 -0.2107440442792540003 -0.038700375752392789097 0.97895115141209643195 0.20039192614859158148 0.20720892843102114989 0.20404518186698664128 -0.95678107408929602418
2.5020965674689752412 4.7405399287974869793 7.6129105792702613797 0.39549095611018997287 -0.0054914645003290999195 0.9184534541569444599 -0.14449914672040217734 0.98715706433577876666 0.068124349018784113863 -0.90703191797872340096 -0.15965830435585778857 0.38961817927072484036
-2.67127696375484458 2.5038590414894752456 6.8205189237681409509 -0.82752244501194227588 0.0057412829860940192694 0.56140327810861645474 -0.4178506609537028238 -0.6741556143988868266 -0.60902794083263189773 0.37497657012409874033 -0.73856702149781827682 0.56027790123640353048
3.4617478256509941481 1.5337928025386127207 -7.5601480360388162438 -0.61382829296915863981 0.015076300386488746333 -0.7892955922321941431 -0.73308005367255502094 0.36010838845182552292 0.5769883737773509047 0.29293081377350183025 0.93278864365577185414 -0.20999258227058531512
-0.56897948529291453301 5.4537881604948275083 -6.5870849453737214674 -0.65851949018429289939 -0.0064057421612213200079 -0.75253640942802313418 0.48431508894704766721 -0.76898056584413454484 -0.41726224843919434981 -0.5760129995629089672 -0.63924006118339793403 0.50949108776580032121
1.5322646945580638 -6.5836742448175700204 6.3494485980790891233 0.72556782199457403593 0.014570175137588518149 0.68799639946889401543 -0.56341013784454052615 0.58662653784843155069 0.58175452010761274924 -0.39512068062769040155 -0.80972650635160070554 0.4338463237735454836
1.8918690109828042445 4.5633087992478555961 4.3971424676796191378 -0.33485240377760056019 0.0032542224055808356004 -0.94226497213952931098 0.91606423947721227208 -0.23307579953823653884 -0.32634641229886379721 -0.22068116556507680337 -0.97245312571138975422 0.075064914964576609502
6.2899949055071440185 8.8405520867873228497 -1.356180314242493079 0.58986991972963531694 -0.0060605387521334343898 0.80747553998116916585 0.7634909315836932997 0.3297941279286932259 -0.55526338846786182923 -0.26293549624836159984 0.94403342263576739413 0.19916280214646725488
-5.540135548986812708 -7.9023720505216505927 -6.7661350875341188527 0.999367675272313849 -0.0011080750364660003904 -0.035539017864951685799 0.035222942699470558003 0.16739631193845377899 0.98526027985346908977 0.0048573582000417895449 -0.98588906420496369432 0.16732949277464442828
7.4478250484150931854 0.93055733144370922361 -1.2233933162383290316 -0.49302756497156613458 -0.010910602672670790744 0.86994527352429129596 -0.73957709372204283316 0.53187580202605244661 -0.41247285202866668108 -0.45820251267295980524 -0.84675208294311044011 -0.27029866335556906876
3.7170959786742185926 7.7908329649881356005 0.65431352654145813474 -0.9462169648508714781 -0.0067526413548945774662 0.32346229650933394639 0.16883369954121812961 -0.86316092058560389688 0.47586595494196581857 0.27598666150299805411 0.50488377574276555038 0.8178775798760937743
6.9497861838570749171 3.118525034549827879 -6.6401412491603295507 -0.32414361422845366922 0.0076106750430646619848 -0.94597726980111440653 0.94521678760676164366 -0.038280707919588742583 -0.32419101133073463528 -0.038679992002933386019 -0.99923804222348100446 0.0052147092045313741399
6.7130653606033030556 -4.7804680965244736868 6.6295083198426132398 0.29884847360208965927 -0.0018656136343109214031 -0.95429875265116570482 0.90551975402761331058 0.3161812908976524561 0.28295470724495253023 0.30120352735565847357 -0.94869695412810761681 0.096179646165526919144
-1.9419487433421080969 -8.8170545103509478935 7.5963312854129858565 -0.070338415119106295625 -0.0051170068935026341919 0.99751006190355362424 0.429602615605781335 0.90234254007151259991 0.034921813263809158012 -0.90027445816430651249 0.43098927668498443477 -0.06127106461771519158
-0.67254653668604280625 -5.3579088068836231429 -7.3662483545817947217 0.0039151213252238553642 0.0047230092597910465491 0.99998118232722321697 -0.75334148453431670767 -0.6576016574336196463 0.006055395976979141559 0.6576178825919660742 -0.75335101601074105915 0.00098344853482553156593
3.4397713061014139058 -6.8150195465407730211 -8.8616681269864940873 -0.02052465245690232587 -0.0056021518746086369084 -0.99977365165091469645 -0.44580151875121676319 0.89512228066561838613 0.0041362465070398403422 0.894896499334205342 0.44578550733547345208 -0.020869521531165710626
2.0992828520211430643 2.3883778882724291392 8.9048371086450490708 -0.034752110734667031322 0.007448979795974171661 -0.99936820216555899421 0.76144909427438567384 -0.64746837089945563637 -0.031304720310978320641 -0.6472924900138705695 -0.76205591749227463705 0.016828873603650807561
-6.2888155570718620169 -7.9722772093233809088 -1.4410881303893094962 0.38843824984523883659 0.0036151744850659132957 0.92146766441937266734 0.92134111235169791065 0.015506822337627425984 -0.38844574029218487121 -0.015693334491198411562 0.99987322645128817733 0.0026926340480823724582
8.5595983704221669797 4.6267575690045328329 8.9904736998724299468 0.38628218344295789377 0.0019415925403574035846 0.92237861259507258893 -0.23202179819872151278 0.96804755787490637253 0.095130493811522415237 -0.89272165870168951329 -0.25075915917578728287 0.37439001612512379236
3.5237388921372829742 2.6210168387986656491 8.9659576635517321819 -0.20394735486628559618 -0.0016111325789063813112 0.97898053131552364992 -0.48839511653069561659 0.86683696138291943534 -0.10031895398866498559 -0.84845488188357909287 -0.49858909598220590986 -0.17757597465801561176
5.8354992127833025251 3.0816692666795826305 9.1917120099684677115 0.012210887446002165885 -0.0068181977194109689641 0.99990219842137595396 -0.99306175661943385524 -0.11704698298642166043 0.011329223880485007198 0.11695829071823597711 -0.99310297348954290619 -0.0082001389394893414025
0.2974161251879163248 -7.6500292240970457769 8.6922676651037793505 0.73700363578671357345 -0.0088606127185025598814 -0.6758306965353121365 -0.325374352627961827 0.87177327225040412984 -0.36625522855232095498 0.59241638354210424122 0.48982941044001354625 0.63961705510285105092
0.14139814647878221066 5.5981638188282740742 -1.5607698405115748574 0.82603442286252293236 0.005797158978205131652 -0.56358985547464168775 -0.19531088051764303182 0.94093363063364210408 -0.27658192763450500928 0.52869725949500712137 0.33854142389128016877 0.778375816756940897
2.6669125835481937159 -2.3394197473725335534 -4.6785134913256660738 0.72493421547121639215 0.014731054293744549888 -0.68866056898787797458 -0.53417716066113352102 0.64322833997590378452 -0.54855452206633048551 0.4348852081492443622 0.76553268949854957892 0.47416722476556272259
-6.7821576231552231917 -3.3663952963399128571 1.3503950146846257496 -0.013417090225908704509 0.01326766584794045363 0.9998219595172797014 0.86412210534351763247 -0.50295048019949406548 0.018270236004604947094 0.5031033380396359167 0.86421339003148334168 -0.0047167513734090102395
0.049712074845467871254 -8.9308553412644950953 -7.6123157508547905081 0.98089245726148710514 0.0014007041244129016504 0.19454568953213191573 -0.1851846856164879318 -0.29980899034418106996 0.93585319442844117077 0.059637400183606407988 -0.95399822187285132635 -0.29382098829506997362
-0.15641262150654916541 2.3820287087444800278 -8.8675686286843689032 -0.11751333299463094517 0.0031221398009354446069 -0.99306639698033416508 0.11837863666214167024 0.9929088484807873094 -0.01088655093745497307 0.98599042335650888269 -0.11883716107489783465 -0.11704962279796569946
6.03794757346109634 -5.6185549651068482646 -4.1079553992268547091 0.62090066006887145722 0.0070661077129333255131 0.78385741078843296226 0.66971562409535356775 0.51489558223544640292 -0.5351294443748014773 -0.40738600021204030011 0.85722378030236956459 0.31496672413970666637
-7.2448916169657815445 -1.4902260068566224316 7.559430193297922429 0.67558141143522532079 -0.0021865135046933844784 0.73728215472915781259 -0.41010916770277472398 -0.83213109030446885672 0.37332066526652929461 0.61269913260057196069 -0.55457467279668726245 -0.56306900572056184373
1.651796549297674721 1.1247257376779742355 7.4950112363082688205 -0.66248580113563537708 0.006100776866128977162 0.74904962707116062859 0.74141106946999013605 -0.13733049629359539434 0.65684850677694139875 0.10687464320895945225 0.99050649432959037011 0.086456320356442531438
-7.0805006839044661859 -8.0821574747168263286 1.006983270991713475 -0.9780611936655794203 0.0018260903739495005366 0.20830978575120573382 0.1894716613831109453 0.42341623380847404068 0.88590021022686304963 -0.086584011102031593898 0.90593341827172957359 -0.41447297943297645162
4.4786661037836577037 -8.1641022786556902702 -7.313200527398135975 -0.34278963119150906991 0.00090772914757958269184 0.93941175465043191828 -0.88780717371092987555 -0.32719045383845685171 -0.32364305835921186594 0.30707277810783617511 -0.94495797945974757681 0.11296338344962414402
4.9719405749310956466 -0.65332319458605603302 5.7295643656280841327 0.016895466588110131384 -0.0060013374101116137571 0.99983925065876977367 0.92778126236297808749 -0.37269422813108599168 -0.017914840932126575163 0.37274183078441586181 0.9279348017329789311 -0.00072891448089969310825
-1.072409243945479318 -7.7203114237209709003 -7.2024682743922587846 -0.56507853962922793833 0.014835733000877950744 0.82490371867054401722 -0.099139234709084714248 -0.99381461804239423774 -0.050039155733696244477 0.819059006538389478 -0.11005637642411615629 0.56305411624160628392
4.8072366229493814771 2.1000020745219565299 0.1534083540974286175 -0.65204934627807931147 -0.0026524044403159040967 0.75817188998849882609 0.013296851594464847296 -0.99988008638983394416 0.0079376683418572319129 0.75805992095329410851 0.015257050557366712978 0.65200642531533692381
-3.4572843223450169248 3.3951629746385862951 -0.44439905035130100597 -0.98546451575594495864 -0.0050134394211553212975 0.16980740152044346281 0.11800800821124071693 -0.73923725326244671407 0.66302518307149649335 0.12220392049356310071 0.67342642420253917557 0.72908370781558351492
