1125 17.292696884352682929 17.968806560800352656 18.477561601407678893
8.4753160006226853085 5.70643157104822496 -5.369885444259476337 -0.70834848393624971763 -0.0049020041404720096287 -0.70584587245419616597 0.11512367601580054954 -0.98738866543745607007 -0.10867457194011631572 -0.69641149080546616013 -0.15823903981383613537 0.69997960095509792477
0.9449758511250310189 -0.0025110474090114277834 4.2416757426723519231 -0.14042138794137531965 0.007827722415375739512 -0.99006088730464281156 -0.97428536185336001019 -0.17906000715223510666 0.13676822553747960964 -0.17620972585725949711 0.9838070139007535353 0.032770290095140326703
8.1466512392062497838 7.0022842621190504175 4.3551261204298503671 0.87402608628638123189 -0.00058037382760286202257 0.48587865116427630952 -0.48459387550500865327 -0.073724690072556262055 0.87162689603794607507 0.035315383532021002444 -0.99727846323903790449 -0.064718547929299832799
-5.4094563503537989035 4.6348295553259184487 8.0815019513227834835 0.39971926277955593942 -0.0010301949098254512081 0.91663703266978480144 -0.55660986603048023813 -0.79479838379080858246 0.24182842298066670184 0.72829250167830494878 -0.60687269490558948259 -0.3182696406780239351
-6.61584657524729991 7.1011488900201937824 8.3999925255337561936 0.16876392778912532866 -0.00086407099863038507644 0.98565612160560600596 -0.98068443634053137359 -0.10046361595687840207 0.16782460543357841098 0.098877565692202046277 -0.99494035763472643552 -0.017802015408897541721
-5.3702127985577146063 7.8441209953806110278 -7.3187069736892720329 -0.72624033396385567762 -0.0085454079806935989011 0.68738777507764536878 -0.074532964566465659262 0.99500706209258604762 -0.066376076856638266399 -0.68338847994138873787 -0.099438032906751225304 -0.72325117566079433207
-7.8531427671104747645 2.5234872602496074556 3.4369876522749378545 0.64572504180797729578 0.011195405547900681709 -0.76348793918222412902 -0.17758836114331913447 -0.97027165320196917531 -0.16442412529467131943 -0.74263149971486730472 0.24175934705218088405 -0.62454053010552279535
-4.1280999030370013614 -4.2678658263280286889 7.9771830404159516092 -0.8352749839806558052 0.00099643092470783848486 0.54983152716237360114 0.27630134126805716566 0.86532531656008371268 0.41817420452927717145 -0.47536645858697701428 0.50120964041573312642 -0.72305990512874540599
-0.97387733146745880664 -4.0747966017014389806 -7.5105263892520515157 -0.45500936493682220263 -0.012376832943618224295 0.89040063557142778983 -0.83220829411821062305 0.361695957102861676 -0.42024444055370357987 -0.31685301485189032444 -0.93221395002535722973 -0.17487515077222112736
4.1962443479828639425 -6.7852317825161811982 -6.2690141688375975448 0.12484771655045313887 0.0025492051264650026667 0.99217264083696976584 0.47142169885781970429 0.87975531254620620292 -0.061580612962642188035 -0.87302613335353029811 0.47541991081584317191 0.10863369128313805911
-3.726635734007063494 2.5660533227901525244 4.55980024472474188 0.96265491948459602778 0.0020922648995304595973 0.27072334295347666444 -0.20250914464481123423 -0.65810556414698384575 0.72518074490014605704 0.1796818085606422255 -0.75292276421052450885 -0.63310485609113642536
6.8847820187266748349 6.9517366157377606939 -7.9921839316366929395 -0.30005285423831723479 -0.0017105549587722486404 0.95392104425094792486 0.94773292162233646607 0.11319814585986186228 0.29830938477896840055 -0.10849236810342575976 0.99357096061411709353 -0.032344277511179492235
4.7777719160885245842 2.6556154544452286181 0.89543862597814316562 -0.73578587364011160954 -9.7223292811949614534e-05 -0.67721424874219193768 0.53934806325833517526 0.60465765395060344645 -0.58608257795200413565 0.40953975974433781682 -0.79648547511364864437 -0.44484612297049153096
-0.7767857520784113845 4.5077640162899603737 -8.0529196558531914718 0.52477714414281850797 -0.0054315885387978034629 -0.85122232514862039565 -0.041661220337564419669 -0.99894517939247362559 -0.019309875407793743868 -0.85021955500072032841 0.045596342114506978327 -0.52444988500362688111
6.4656398874221050477 3.5172764711644690649 6.4452727617513962954 -0.66583440867299503729 -0.014856070522449743923 -0.74595163207514614268 0.10078595808735417438 -0.99242866079432934256 -0.070196466340312610455 -0.73926093558326388955 -0.12192067258220755377 0.66229043381090879627
-4.3825019391792894297 6.9131887548899841889 6.8206979008425694389 0.082427878431246492941 -0.006098025556321085526 0.99657837571430907264 0.45329914733884030253 0.89078234504079001344 -0.032042109564882147177 -0.88753902893277270003 0.45438929107966480325 0.076189528630740604997
-5.4189869568243169695 3.2707507999125984277 0.034727429718213090326 0.86257899304258178752 0.0089581395914030727268 -0.50584309078669154047 0.22999315346171650409 0.88361196776922834584 0.40783947795098829392 0.45062249180686653194 -0.46813421382081082944 0.76012481062504366758
-6.3457760417829316424 -8.7429880289264794158 5.3486228554841455107 0.31294268232407618235 -0.016896356957907265189 -0.94962170926189026776 0.72999636501700848612 -0.63534742876588168325 0.25187090308834902963 -0.6075954119655829766 -0.77204155191426704352 -0.18649304940421770893
1.5979422709755426446 -5.3971146470919162397 -8.8589617108789475708 -0.17582392108307326462 0.014936681537305852852 -0.98430830755378762031 0.0039885897123099756101 -0.99986586625488416136 -0.015885233708865544727 -0.98441355127143348458 -0.006719006067268556634 0.17574076086789938711
4.5378311040822811862 6.7027221388503113175 1.7370510499480802391 -0.91516110164196229348 0.0029697499686816893755 -0.40307733578877458225 -0.33987401099661251891 -0.54330946725159667832 0.76765909064120552152 -0.21671597700820904864 0.83952724993304517209 0.49822503141595908538
-4.7153188088209398998 -6.67361586682891339 6.0675143652731025057 0.079374702071266622916 -0.00928204729688462786 0.99680163536624444287 -0.98676021243615585909 0.14114518122371358388 0.079889429652145085847 -0.14143528493246218525 -0.98994539314817531217 0.0020442017459643101185
0.070803625485079929591 -1.0330386658168579928 -2.904049778477818311 0.22253705339578216948 0.00063688140561068929887 0.97492402485937734724 -0.12176677572543409545 -0.99215112929729709634 0.028442731300241580472 0.96729008688993523002 -0.12504291669841391399 -0.22071283784189540955
7.2820191652613468491 -8.7551540766327242693 7.9266650717632831658 0.014776010916484802124 -0.001841492467094352041 -0.99988913305782722851 -0.1379846599592641776 -0.99043434279462949643 -0.00021500929778664034514 -0.99032414042958649691 0.13797253900173372942 -0.014888766373238533289
3.834277933583392084 -7.3869539256477603217 -3.283272750988601274 -0.39232462059077616301 -0.016476990860391720062 -0.91967923802301632108 -0.90808132466659441384 0.16620921840192534602 0.38439927615734592603 0.14652542397228809912 0.98595284090593426907 -0.080170416235304436947
4.6726208924790624266 -1.2360712513336444829 2.893778507985812265 -0.85756073252286202369 -0.012326646221027493314 0.51423500836463564845 -0.4072177849889667689 0.62705164057405116118 -0.66406318648301310148 -0.31426623366747413746 -0.77888015371204721848 -0.54275449379095219715
-4.9925132544645460797 -7.7666406772981249063 1.498874830868500263 0.91059580913312110351 -0.0012406737709144627715 -0.41329618086522507125 0.27698589267713868978 0.74402325737627228452 0.60803635396367183841 0.30674759599251216757 -0.66815256731681882396 0.67784810919634885806
-3.3623914361467197587 -3.193795197140509412 1.4181095250837099098 0.97540489318209055991 0.0069484715110043424741 -0.22031117334348354619 0.21541734885151217482 0.18170071716946831208 0.95946871506784259243 0.046697539229267157057 -0.98332932841630371623 0.1757349473101353643
-5.1693016273100464986 5.807919704042267206 6.6397272944280461004 0.083038574829684685952 0.0039636032988261639051 0.99653845131002571911 0.53472442653052676409 -0.84402153253056777515 -0.041200003593669501378 0.84093661043008605116 0.53629464147384775519 -0.072205780687862458622
-5.5461013555965328337 -3.4523189732407857377 3.2044131483996594056 -0.99997081783551411416 -0.0053644705937782033445 0.005439295173719968339 0.0049308178985272600736 -0.99703235864511219333 -0.076825535136617134624 0.0058352816205121359194 -0.076796473027201411776 0.99702971431087694665
-3.6018838815869544945 -3.4325741649094854147 -0.55470754302146951797 -0.99806109086758632021 0.0047350836939315911825 -0.06206156523063389302 0.05652748573133699328 -0.34838891955974005121 -0.93564405843510312089 -0.026051914581287461542 -0.93733811386847420977 0.34744576272592941901
-5.0505639026905972955 -4.4851922108048167814 -0.87892357367035811588 -0.69164835476844821471 0.0066381294448674592681 -0.7222039106674711384 -0.72040411824479244629 0.064803914781620980401 0.69052035382389420626 0.051385404174771179275 0.99787593811384511788 -0.04003938525170980256
5.8331675950493977467 5.5077235189451139163 1.3468924227114842385 -0.25024741421432683541 0.012344504301083443834 0.9681032201643409163 0.84527148748997316119 0.49037621966764494141 0.21224343481243121423 -0.47211475735824987021 0.87142341969793413181 -0.13314983847691558294
-2.9316445239764092889 3.5409974377311095317 -7.6795151372007302015 0.10788293330222405164 -0.0095748777873209765105 -0.99411749527762405254 0.97060024976740555402 -0.21540477231915999834 0.10740548967876931141 -0.215166047166169494 -0.97647790849420113002 -0.013945119913463381936
-1.8081790226179983438 0.098422079866972850271 -3.175904262392323929 -0.11609162419140173217 0.0078149053047759462626 0.99320776378746200574 0.96437951661620613386 0.24018405166875822498 0.11083216706010241837 -0.23768652196513215258 0.97069590942733108285 -0.035419891263478740784
3.6399977675338544003 5.5102864574561447597 1.5743320035084098496 0.93585739118398958425 0.0011578514006010274997 -0.35237707465971218612 -0.098976216360318142184 -0.95887398606934293177 -0.2660157653857672666 -0.33819321690506176648 0.2838297697899926364 -0.89725470732668555218
6.3455884562964524065 -5.4173453488194178718 7.2551826934319487705 -0.99988578448075593474 0.0058879214203919148091 -0.01391942437214149092 0.011463701770463883417 0.89564389832467805608 -0.44462410071366154085 0.0098489357403951718894 -0.44473288587091980295 -0.89560909926675646986
-8.3242860027058043215 8.2020523909466778179 -2.2248652622651694521 0.52730528965556855425 0.012488804427171571604 0.84958411076581341614 0.67008407843413719807 -0.62090764444625634599 -0.40676900680507632746 0.52243321040163115399 0.78378423487089343702 -0.33577643430939901892
7.0543635860188622644 -7.6877916959403673758 -4.3871929125179081055 0.99998569109724289028 0.00026381551205333867577 0.0053430330370428241737 0.0048399957099787690659 -0.47004328976658132921 -0.88263009250025237229 0.0022786053162580990894 0.88264332328909766989 -0.47003784082870631034
2.2800122609162052356 -5.4084652026330157781 -0.29088126928482199718 0.053269529928579362199 0.0013195686613529642763 -0.99857929876393869417 0.68339617183495615649 -0.72918444943373272871 0.035492407988868074353 -0.72810166151590038908 -0.68431593393868506148 -0.039745101024155002345
-2.9294879914166718216 8.2543984471184419505 -7.8048262221976072439 0.195088444856235943 -0.00098572312590752830808 0.98078515844889491149 -0.65313703972012615573 -0.74614219629018940783 0.12916590208129741235 0.73167787039717135933 -0.66578588995637522086 -0.14620753300023392462
-7.1564994522151446077 -5.4596418104559845119 -5.4583524866998569536 0.75289602036229863469 0.0063000851705218817445 0.65810933092406120881 0.63474472989976882253 -0.2711925800931682673 -0.72357011572304252844 0.17391581408096290495 0.96250449008250060778 -0.20817876016382128035
6.6557026295841925645 1.2818089173338305109 -6.6681576697608120341 -0.86338581577521977817 -0.008067379789498221529 -0.50447978205423438247 -0.49460442091126666231 -0.18395933051553972626 0.84942653097926379413 -0.099656409394015502135 0.98290074885480349653 0.15483771493757311766
-7.368737322320781935 5.8476529446759428765 4.3351316782867908017 -0.94496352220438217806 -0.0019437621181130643883 0.32716993060485105582 0.30609725841329682439 0.34787067155600526203 0.88616616063975339745 -0.11553531968569645538 0.93754051520987824464 -0.32813011480988074631
2.5761594463226686891 -0.98839689633858351936 -6.8991404914442728824 0.023328894009402828535 0.0020107252786302808392 0.99972582225721107196 -0.98116873075986199559 0.19183644246520448196 0.022510022688221623111 -0.19173858371082636021 -0.98142485006550628235 0.0064481928028790819543
0.92791624888274815142 3.4461222750217954669 8.1177095018971705542 0.88672914307148720248 0.0033692923218501952265 0.46227705404523894428 -0.46163191244808277069 -0.046857055298910231522 0.88583316362511810294 0.024645572361510378195 -0.99889592262551141211 -0.03999414363387186061
-4.9024073280604518743 -8.9673264070685601013 6.6404115006607709049 -0.16656116135843176962 0.012332496797282821444 -0.98595399945920136897 0.88859294463145133136 -0.43153080334139060081 -0.15551123598787391922 -0.42738736326415804889 -0.90201389972110279647 0.060917702122524161612
4.8441576384120841325 -4.2419914671407594753 -3.3087299436107948658 0.24700902951371073168 0.0011412912447263778414 0.96901250600462573992 0.67473156469235873178 0.71754010088998110284 -0.17283957655235643314 -0.69550259161748184678 0.69651626044846204344 0.17646881873062436608
-4.8236055188287885187 7.8885514980541975305 7.8525883014274571181 0.14942845193781148505 -0.012229655745380622542 0.98869690667668663764 0.87081518648223099621 -0.47200448508656883684 -0.13745063495715412194 0.46835034829025906644 0.8815113167614416767 -0.059881129565700803863
-1.5690028299869216433 -8.5410373444896841022 7.1288415080144336144 -0.073648911945683029345 0.0024282599624360547835 -0.99728127492837637114 0.69012188938776164449 -0.72177011132937374249 -0.052722710281254657472 -0.71993584127827225938 -0.69212860795169461881 0.051481788021103765118
3.6818115403754214654 1.1016692059584169971 -0.24941266585084675977 0.0031914467970357105614 0.0078277458219449935067 -0.99996426989282627407 0.9532971344854271889 -0.30203329858071781278 0.00067818142704481436389 -0.30201719826667788871 -0.95326523745695457279 -0.0084260908649020100497
-3.40690613787815888 -8.7817190826117954572 -1.4799824604423010843 -0.22233379740878969621 0.0045195155774806414217 -0.97496013072786280595 -0.66281633772452175357 0.73265922842661479475 0.15454758958621561682 0.71501201736427055788 0.68058065574942427922 -0.15989929969937308196
-4.4274004338790557966 4.6295805317526381728 -2.9430259081279257494 -0.64845775425753837684 -0.0062614731612577450431 0.76122489114403091293 0.75875659284370766677 0.075562238942256804153 0.64697664630316498169 -0.06157088402033995822 0.99712142791135927045 -0.044247985729307715008
-5.0805743177056346127 -4.714686320913966 1.3415067884663929298 -0.98452593577821467807 -5.6241711045505629434e-05 0.17523891867074811723 -0.12666648925175405527 0.6912630005965713087 -0.71141483292584106746 -0.12109616955416331596 -0.72260325272122694074 -0.68057347647137478308
-4.2590276521979442137 -1.9413826098215123395 -5.3090342873393927547 0.40835559465533821655 0.001349873115376224765 0.91282193562398317166 -0.9108427442472718516 0.066434852843076888651 0.40737194991774983155 -0.060093290521991415964 -0.99778985170731337995 0.02835856597143115998
7.3387263574052505888 8.1856360898436317797 -8.8492992051447991741 -0.58895868769494419404 -0.0027647542989645088746 -0.80815841288836531842 -0.17285103689960970574 -0.9764229877001653346 0.12930842251404359167 -0.78946195806481322954 0.21584833847858528322 0.57459491082413793883
-3.1460646588597929174 1.4175939960914658577 5.2936029560376844927 0.91686650889286192001 -0.013477131696036148689 -0.39896637927524647438 -0.18377370068479925713 -0.90147538720056918926 -0.39187925845554860693 -0.35437696286190689676 0.43262049557585391391 -0.82900933348183525329
8.1910058228855806561 -4.5094108227120344168 -2.0649859791220874783 -0.87777267467084452157 -0.013034405543169671343 -0.47890002701337913704 -0.47174405051323414773 0.19775049768710598053 0.85927428186238841157 0.083502589221623554905 0.98016572320026684739 -0.17972888653925242486
-8.0642590201492421187 8.0052933147953222459 1.1691376901054757464 0.37736381564783266773 0.0025976587880665105712 -0.92606144656200650722 -0.6465400781148304965 0.71667957429851048001 -0.26145040672094599365 0.66301016434952542156 0.69739776308247081182 0.27212842926986108294
2.5326464103456585164 -1.8352358301888875847 -1.9198433526762759271 -0.071759228912832026537 -0.0084524974169538236862 -0.99738616811801950046 -0.99062435622765743215 -0.11594203744416052559 0.072255302931641396391 -0.11624972221172619191 0.99322001552543026648 -5.3338606579237356209e-05
-8.4190749611313524525 -3.2951538034387755083 4.8405326698078452452 0.13293978055694036233 -0.0018589263656369351199 0.99112237344240139425 -0.97422857596361089882 0.18361077753535781643 0.13101818251280589189 -0.18222430277420223477 -0.98299726691676514445 0.022598157287376279684
-2.1449600083770010706 4.7463610123919206529 5.0737722265394440413 0.94994920917674308125 0.0038815348915839350055 -0.3123802709387306642 0.21325765231169829805 -0.73876165696835571772 0.63933746012859782315 -0.22829295590401607607 -0.67395559785511904849 -0.70261381882567952584
6.6248854481467178701 -8.8413577622708388049 -4.6945308375228522735 0.25429790315377931442 -0.00037969413534817610806 0.96712586165602876243 -0.9668199349374720919 0.025053825685736792056 0.25422729834922203063 -0.024326731368372205011 -0.99968603153726975918 0.0060040394787340455388
-2.1333992536559680531 4.7895297982096591838 -5.2099240158573625337 0.75103353042714848797 0.0055556465210009073688 -0.66024069169165311433 -0.026220629646830053566 0.99942673961297978646 -0.021416599344283662049 0.65974321880183040001 0.033396510869910203678 0.75074866520488348076
7.3164326651928908163 -7.5393123500628949074 -7.6619290399606949649 0.73773482719178029576 0.0062918519569019840804 -0.67506128414164601192 0.60305641661205255932 -0.45558937739845722925 0.65479865423250604994 -0.30343085395397390025 -0.89016781103374431616 -0.33989849230041568884
-3.6903602950770597602 7.874739579880835727 -6.0194821500006145953 -0.360399537399817671 -0.0066256934791599402315 -0.93277450309708154208 -0.8390735656012782151 0.43916448449438710844 0.32107648164852903294 0.40751407945123585552 0.89838224367170316231 -0.16383412130635893744
2.815070074313860804 3.3195452955653914628 -8.2764547146090876595 0.2943419875021426324 0.0073300715472958358904 -0.95567204858384935395 0.93157389147676394892 0.22106827766376299649 0.28861549045332074437 0.21338434598655769969 -0.97523078635862670005 0.058241172945140411155
4.6875603956472993161 -3.1351230189824015326 -2.8129873201144324213 0.25275468112316945568 0.019192502553234853935 0.96734002244096350953 0.65892006706545258599 -0.73552326007210988568 -0.15757499519694978529 0.70847682840627013157 0.67722757012613066241 -0.19855327212764725675
2.4903288400111769363 -8.794872641719216233 -6.0205467974658946062 -0.99953307924454504185 -0.0042989015084208478945 0.03025132958946562603 -0.010861175376980659185 -0.87540704145006875692 -0.48326446863931948883 0.028559733288979254062 -0.48336738742454238293 0.87495160460970011762
5.4120499953963898676 -2.0279471065864504986 7.4969861555184502677 0.22525486262754013111 0.0037797176326715285939 0.97429254364229744834 0.97024546744988715563 -0.092003466738551878401 -0.22396226244747874379 0.088791777520247250344 0.99575151310072262945 -0.024391482162859169647
4.9969161062011000496 2.3783623644143885301 -2.3747427023826439552 0.46312735913829117251 0.0060815312949105606449 -0.88627087518116720588 0.071623925379701636196 0.99644899900372008172 0.04426517476987040095 0.88339292646622546989 -0.083978612523148324365 0.46104721028103318181
5.8145541568911944807 -4.2869749715471829887 -4.6224330132631257229 -0.10357819983628542559 -0.0060062523211840542978 -0.99460317788154462004 -0.68605914587350713685 -0.72358467869630949121 0.075815968764094132659 -0.72013499073585474086 0.6902094882638483142 0.070826954111141579573
-3.9783277923929869502 -4.2595333663283936332 -8.5704306799685365803 -0.8910175069541105275 -0.0024928745904349899204 0.45396209960462363675 -0.45377679099284534692 0.033982740706409886311 -0.89046717923229001812 -0.013207053316693341538 -0.99941931085510016253 -0.031410425535718364265
-2.2736604936696869217 -7.2948860337365299955 7.7950375383601935297 -0.0094431119230462892689 -0.0081137353325185460756 0.99992249446436587412 0.99405731310150535762 -0.1085250539948036802 0.0085071102484869376426 0.10844761826139157068 0.99406060175138954982 0.009090332175231693318
5.0488649902772531064 5.735320453195514645 3.7536443014535669782 -0.97038072590520729754 -0.00026822099717158705973 0.24158057630868604027 0.17026718108559252274 0.70864180931401354879 0.68471590688221239951 -0.17137775187385639875 0.70556836249206655864 -0.68760668409580871785
-8.3234985678295068112 -8.7239806200191249985 -4.0554604570680341524 0.96595932486858637755 -0.010239127264009890983 -0.25849128219827433028 0.23567265643503171324 -0.3772320927293199011 0.89563069801325756458 -0.10668168403444293346 -0.92606215152543103208 -0.36197777528952540527
0.26040645019814001593 -6.5952116721265294785 -3.9342718538822074592 -0.82676965614389752446 0.0014950140974714469511 0.5625386214407365193 -0.048186783580760880752 -0.99650918997012705169 -0.068172341849686277082 0.56047298736667405805 -0.083469750436912473757 0.82395560025666636506
6.9957649224349376382 6.6599057526899798631 -4.4074596699862285121 -0.99261211371101187861 -0.0067926838265975741232 0.12114062555643187458 -0.12114477139007275019 0.11077108901071602842 -0.9864348484336163958 -0.0067183389754124729285 -0.9938227333313112144 -0.11077562293027549967
3.642878070088996445 -5.5684469417332866925 8.937668398963801053 0.86349592354557469509 -0.0030572455207361548188 -0.50434655076629064663 -0.071739388530731015847 -0.99055858214490710711 -0.11682104036655684143 -0.49922765363441745645 0.13705600530034980911 -0.85556262263966176285
4.7724004219644049485 6.8793371692219338343 3.5800168605088042995 -0.98999197147803186247 0.002765559698040907094 0.14109659134395263758 -0.13131839764211664101 -0.38422374051921026616 -0.91385315869780470166 0.051685344635095435695 -0.92323586850869832077 0.38074158723319989628
4.0519674685605444608 3.5644664782495594224 -4.0167222217712552634 -0.38182304228508390231 -0.0047279410523449515516 -0.9242233555550229962 -0.46357733652002630631 -0.86412067805864745118 0.19593750742609444826 -0.7995668936649523717 0.50326245670120850484 0.32774941987753225536
-3.3948067030106106046 -0.9791950960779287616 -8.8953511372389186818 0.92400737150440270806 0.003278013975950169398 -0.3823606047044203482 -0.096063040225000409511 -0.96590243931666686095 -0.24042539388583458737 -0.37011115858380860821 0.25888555839746751897 -0.89218607809417116439
3.8296453729351580542 2.2955283820445870901 -3.035204102941714055 0.36196250862747997301 -0.0017919439591930555467 -0.93219093070296665804 0.92849536952972600012 -0.088282717381198763662 0.36069725612177422347 -0.082942697749827279385 -0.99609384635612896464 -0.030291222183127481521
6.7819095526716708378 2.3260005040067506243 3.1810550579378036318 0.93342649604885130632 0.0033227551900730897989 0.35875330768083885102 -0.34954595014071471182 -0.2168507196812268778 0.91147868549620669754 0.080824533491635208726 -0.97619912142539921884 -0.20125275181774673894
-6.7409373194039350352 -7.5121327982271859369 7.2352786866799734256 -0.16228847538441013021 0.0011867422380121156206 -0.98674264243530240837 0.92245552014637544058 -0.35486422042837967306 -0.15214203367484815943 -0.3503402119488194244 -0.9349170961653481271 0.05649565637326189188
8.3764792526924285454 1.98989507359774076 -0.14217853619723763714 -0.40101991768944306171 0.00082166848430489502347 0.91606896600489251536 -0.76432035743816439943 0.55093817131941769105 -0.33508435145329906746 -0.50497268918418458661 -0.83454565857377938087 -0.22030916216480186942
7.1785103252756430336 2.4900988267351809036 -6.9345961654863259582 0.8279308855483906715 -0.0062763707952238189519 0.56079502130870517718 -0.0094511611159857084746 -0.99995152264498954331 0.0027618677057551083154 0.56075050094366452047 -0.0075867996747658057038 -0.82795006864051323703
-1.1867964568594873143 8.0938726250667887285 7.1082258590288969202 -0.038864943805224760887 0.00020136516770644812858 -0.99924445237141001908 0.1977702252105139058 0.98021975538887662349 -0.0074946091078453118406 0.97947764352396848864 -0.19791207794780205087 -0.038136009744693472046
2.0575950848933883819 -8.9434158002966768208 -2.0757092054160648509 -0.42745734261623236083 0.012832016114611613511 0.90394444497769588232 -0.65301379501068368416 -0.69585943538047778656 -0.29891910229673451793 0.62518253635988185746 -0.71806335761869999335 0.30582970862281111391
7.261379540226108098 -6.6856784442769763288 4.4828620394538551963 0.90794638707077890416 0.0031971183992830307791 0.41907414217402899625 -0.35725550019800100809 -0.5168681173901804593 0.77795620493962891473 0.21909328100881655943 -0.85605906785658536506 -0.46814635164340251405
6.91748350926909783 6.8626638385226268468 -5.6017789113338798401 0.99225981184440636973 0.007260539663109500351 -0.12396673087019863257 -0.10923209291027054235 -0.42380678766870127916 -0.89914190014953643271 -0.059066197416722379665 0.90572351812773932433 -0.41973335944737033554
2.2746823235121973461 -1.9866283747772084389 6.2900058812360128968 0.33488533212598298183 0.011171350541179566468 0.94219266355338537888 0.93689800048222937612 -0.11045993576596427332 -0.33169374320735256489 0.10036907401761044345 0.99381779191045671595 -0.047457828260265344511
8.3471329385205876861 -5.4998906342991737972 1.1168258807742217353 0.16555991219117122126 -0.0042917837417761322411 0.9861903954448594245 0.40235524081842916067 0.91327368922640705939 -0.063572232560778194066 -0.90038890245341596241 0.40732388729254942472 0.15292833347591475168
7.9955850148370135599 -1.0945646706467913045 -6.9462289411599797972 0.7858729713812769857 -0.0022290147685478161818 0.61838394573707544666 0.18568267969395496619 0.95469897375305878828 -0.23253346420848003406 -0.58985219785467135623 0.29756495258729415143 0.75068600871333757141
6.8902746484973302898 4.6911514001077536662 -1.2189367610213990289 -0.63597709794249146498 -0.013237855334951564509 0.77159438183478934459 -0.35725384922037023427 0.89131006536801571372 -0.27917029675607513139 -0.68403422290854276611 -0.45320097811005677357 -0.57158206351357832009
8.5970728731356302887 -2.2038715249996787549 -7.7850499964569070954 0.99900542641230083429 -0.0016121296564589814807 0.044559612167159909357 -0.013615035286245778107 0.94058963905738612876 0.3392724004572130192 -0.042459260623210509644 -0.33954164978053469337 0.93963220424350646365
-1.1408420449923255546 7.0410081476201069606 -6.7350268314993648744 -0.072508918074934522457 -0.014858513619465241531 0.99725707887847414579 0.93430450164775413757 0.34889410217354699384 0.073130046284590757844 -0.34902371696001616153 0.93704435863068002988 -0.011415557708789677779
-3.9028954026955342549 -4.4853292641311108824 -4.4186036592023238967 -0.19868807638084726164 0.00072579604333342356143 0.98006250898824565088 0.088133330911403712227 -0.99593492589415477667 0.018604821065355544446 0.97609198556616549869 0.090072729527512856995 0.19781642780340039089
-1.8323397524683120441 5.8558109101600699375 -8.6209054788077246201 -0.022342338770016838267 0.0023150694443056858869 -0.99974769834783461242 0.99856692358701215628 0.048694120564838405674 -0.022203192122614436033 0.048630433026095501448 -0.99881105474241038689 -0.003399692310673474091
-2.0471707811248047726 -1.0161430324920710522 5.7610908063337546992 0.72971950274850694296 -0.016669912304338421055 0.68354338657614965857 -0.35864442467307705575 0.84180822292571688692 0.40340189943228477176 -0.58213711783327126703 -0.53951925807925282808 0.60830530673526994612
1.7645916693528231889 4.5478900306713700985 8.771312338474215764 -0.22911022631672559036 0.004765100530968488339 -0.97338882159898754143 -0.9453366236733061756 0.23729893287801306911 0.22366914046609293054 0.23204993458091391356 0.97142498952394173983 -0.049862988168896171803
-0.57800592672411643669 2.2094837520467813796 1.4141121442485666826 -0.59293951103040132278 -0.011432735597552142609 -0.80516583932472141072 0.77013565459901212051 0.28398967837779648393 -0.57117504855384937379 0.23518888106061458521 -0.9587591747312719237 -0.15958394372147513551
3.9795949577371581007 -1.0597168812044059916 -3.9090860820700634726 -0.69458384589017418964 0.011891096668834840247 0.71931348023563423943 -0.23795942221990723509 0.93978520514720176315 -0.24531425063209649773 -0.67891722205687243807 -0.34155873580741125117 -0.64993002360883400659
-4.0963925451440346137 6.7792615973663217233 -4.5199532897467618042 -0.53156044967431836934 0.0018710700935956432397 0.84701829226928138095 0.81363286409069213168 0.27912261307841956803 0.50999228360786952319 -0.23546772775367255659 0.96025364668140544833 -0.14989290584141162777
5.5803024149860291914 -3.1588234687126557354 -4.6624471242661682524 0.049084200439937511473 -0.0083607183031899224429 -0.99875965059502014309 0.96490533070723016884 0.25866905601176981566 0.045255079658259339537 0.25796985102898550846 -0.96592982035525754014 0.020763865452181097526
7.6304667346394552396 -7.6771819137750547668 0.96674303026258223692 0.81696964260390980694 0.003581048640002964991 0.57666955802650077256 0.35492918827273001181 -0.79126813969274389926 -0.49791565793757919245 0.45451718820702924351 0.61145883524392496966 -0.64771306797545136202
8.3513514485019104683 4.9185032831324377867 1.6798403377787627377 -0.55509128654285377902 -0.0076580629585221533448 0.83175418103908416168 0.80475688212253293496 -0.25780200558552346379 0.53470037085523636211 0.21033312692213332329 0.96616741819817175685 0.14926652582348587384
7.4617253779046048834 -7.8161108653037230098 3.7181711137402455591 -0.9100298756979803283 -0.0034865119119493262478 -0.4145280081873831679 0.021567653582863506589 -0.99900853626151897569 -0.038945870070172777799 -0.4139812334589328402 -0.044382301779867815161 0.90920280995643654176
0.41897017241850714742 3.6226525424927356056 6.4115194025479604889 0.97910109269172718172 0.008004242990707004235 -0.20321658983497675743 -0.13027416529805696532 -0.74262588342915281103 -0.65691357050767407166 -0.15617199539567899746 0.66965866630349257793 -0.72606306785219698607
0.73819428902161221551 2.3626270666082098693 8.1173100769603951932 -0.86264900841933100928 0.00066021523653388223662 -0.50580258242614950515 -0.11137737191400481906 -0.97570205993955139157 0.18868113645794051814 -0.49338805143491398786 0.21910055761077043557 0.84176194755763467104
4.122837903061316922 1.1387684320991227072 -6.4904664282516391083 -0.40759495816257901302 -0.00034667877262332946753 0.91316276199494672561 -0.26568881289577406246 -0.956691806408066725 -0.11895479079826708213 0.87365657141833974464 -0.29110250319368513594 0.38985064813563669039
-2.8014889463639724987 5.7869887943498845573 -6.9801635957765615359 -0.47644048605426719822 -0.0021859454744698313816 -0.87920400641195428637 0.83353480876202301619 0.31698760496458067148 -0.45248047569060134698 0.27968586991605898229 -0.94842716111525493528 -0.14920366693944595027
1.2656540777350451243 -6.4496500497118001149 5.0403738651524570002 0.7865943302590564512 0.0041197957893199929277 0.6174563846026871472 0.43466813026278633414 0.70653919724386582413 -0.55844962108638984688 -0.43855783670805476016 0.70766191789602239659 0.5539689827251436105
3.0775695729514547239 3.5115910256531224221 2.1852548279639503193 -0.40137154950984665902 0.0033101009861237159528 -0.91590934184322059242 0.84876716916217842535 0.37717483104697036023 -0.37058526600064267686 0.344231276609669401 -0.92613616172553325789 -0.15419675141719063616
4.8109757468585483409 -8.7869120923977508397 -4.0456896018680739147 -0.67630836688863071871 0.0051635491537091226036 0.73660052310342660764 -0.34081577190744938299 0.88431220998778281572 -0.31911835560686951929 -0.65303261977899162982 -0.46686748979366826662 -0.59630792756595485393
7.5239807317471747439 -5.4638370246952394638 -5.5118712301729351211 0.98848753655417165298 0.0081781506164948728627 -0.15108113029043121478 0.060993125702761719076 -0.93534743953829380114 0.34843221143593339217 -0.13846381727483531021 -0.35363580870954564039 -0.9250780972998132734
8.4949316605698754756 0.9146589282080691552 -5.1128078706397515063 0.22354071838015171503 0.0075788478357146256414 -0.97466512623120526992 -0.97327019813389636926 -0.052305436405455443816 -0.22362750892209556919 -0.052675123638683332694 0.99860237451552169574 -0.0043161280946997426441
0.64944586670623216662 -8.911942011432355315 3.4732639533904889895 -0.83782497279639156496 0.0096017932988614173445 -0.54585448658423929569 -0.5378491182528151171 -0.18600361528100106678 0.82226576062539846745 -0.093635682051845345319 0.98250214283106807045 0.16100278997233261058
7.9910049194355927682 3.2321276066388970882 -8.0189043405325559633 -0.99953982008700426043 2.8749295752933433715e-05 -0.03033392875934957239 -0.028530090971358161578 -0.34059160711436203828 0.9397783733798917849 -0.010304463579851260574 0.94021133599675033032 0.34043569391824124448
5.8189881873787543398 -4.4503739729685349857 3.078603794748973943 -0.94734986657231712304 -0.009249517185186573176 -0.32006667545587963453 -0.017261601495239010939 0.99960442060564269617 0.02220449097547528769 0.31973468285330358674 0.026560284966685970831 -0.94713477596546480353
-6.7181222171410608368 -7.7808646420610756422 3.9043533342065517289 -0.21971962237210929114 -0.010013756441324010715 0.97551166688380253067 0.65891512419159048441 0.73587081896893447031 0.15596472967062252613 -0.71941236204001690613 0.67704790264181380355 -0.15508704288943189753
0.4166262583500994765 -5.1911610957755112139 6.2770510785041748747 0.78396523045380683836 0.0023848065306321959006 0.62080015313887970674 -0.51348578412199052945 -0.55951655929125665434 0.65059478124535541355 0.34889950837488037383 -0.82881574102870703147 -0.43741696409599833961
0.21793201819959093224 -7.6709278650003041022 -5.011147895223897919 0.29089297551082382576 -0.0010011900365300297616 -0.95675507545897053863 0.76773610990625951178 -0.59649222919181565938 0.23404761494162154567 -0.57093129389137264873 -0.80261822688759920652 -0.17274674967490072364
-0.61739453466741489596 2.4475313217629586227 -8.4733783427918591968 0.38723753382265924117 -0.002936702947437683231 -0.92197530779021952263 0.83306918129461871025 -0.42733360550407212264 0.35125735406422331497 -0.39502257097058435242 -0.90408924635944831749 -0.16303313479490283422
-5.5189166841976158295 -7.6610359129108722698 -2.9199091353209691846 0.16500281591127130554 -0.0061880139574854685358 0.98627368373310653205 -0.78708357084788549418 0.60179034368839789959 0.13545417950125671069 -0.59436817145794407224 -0.79863013387070203031 0.09442661717465870852
8.5129168706357116747 4.7544051277900498675 -7.6520825301678812025 -0.010506574111350806475 0.0004321984844754813912 -0.99994471102394288931 -0.70258961857920398941 0.71155371922319066158 0.0076897674960359676394 0.71151770165249850209 0.7026315662308590948 -0.0071723337168206387909
2.0762180104203302733 2.2610331110333978799 -7.8492247756599144992 -0.2297012087850475448 0.0044209724035951594723 0.97325115447434618066 0.76305228022407345367 -0.61991625742986855574 0.18290722079497867547 0.60414284099658577265 0.78465552236466196145 0.13902208060377185816
5.377070399830688352 3.4658951389006937838 -9.0797374485181450154 -0.9763213323193117299 -0.0076302999752827591756 -0.21619073657493978469 0.021935605273445030888 -0.99771853990873604623 -0.063847821761656958772 -0.21521032800438277821 -0.067078265069352022154 0.97426126941166857343
-3.6200936766626585772 -7.6657157067012100526 7.163493322141164299 0.35153544043145945608 0.0056999308814644463264 0.93615722232357256871 0.31433329959642369866 -0.94264749042438822357 -0.11229552778973087013 0.88182617951903252695 0.33374124645401492817 -0.33316567879921266115
-0.21729836178441216954 5.6878712794433559097 -3.4762288019277498563 0.9106028124613393393 -0.0047250230351223616865 0.41325560140764977524 0.27443405828732225782 -0.74073959345962658851 -0.61318088875406062677 0.30901208000561153355 0.67177565365126767905 -0.67322284985873670493
1.4060304688962841357 -2.1639614349343969657 -1.2128734632682103278 -0.032336502891180285424 0.0021690840992839273763 -0.99947468484955359624 -0.76199986282930753934 -0.64715971647720249571 0.02324887990558745926 -0.64676932489762573031 0.76235136022904403941 0.022579723829143746178
-7.5716877289133854845 -2.151375567436206282 3.6706057364734694382 0.47722279754757873649 -0.00040427408621395745369 -0.8787822472395704354 -0.62273117254934251541 0.70542503430885472593 -0.33849875584040733933 0.62005184318406170174 0.70878442246769590707 0.33639315425704174878
-0.60727457520185468276 -8.7523369416709471125 -7.8248745305731528532 -0.10661012028747103575 0.0030788039709587797059 -0.99429613456879917255 -0.29594050045992320586 0.95457636065625639521 0.034687056142104037704 0.94923838019745887529 0.29795048689717212875 -0.10085635784498657441
-2.8340868086276325144 1.2669803825139627218 -5.2438176125157065499 0.98462211209078775997 0.010969138949830987972 -0.17435301652834658825 -0.030950268931809007955 -0.97128626793474270862 -0.23589206551979957638 -0.17193422357075574536 0.23766081652805332025 -0.95601043877805502724
-6.5414783772195708167 -5.7376405061340198799 0.088189438390129826217 0.44752228442956865084 0.010202779995272255598 0.8942145761613546906 0.63780703220017243016 0.69726016329337214827 -0.32715509221164967846 -0.62683809282396829587 0.71674553920069872248 0.30553205628978463704
-4.8483168085506500589 -0.91540224936507241793 8.9541078783411993669 -0.91845928502545004513 -0.0097097154199535153779 0.39539633682820896077 0.089477673130496940268 -0.9788812126870005681 0.18380782752599336693 0.38526132398911172583 0.20419915003533087305 0.89993134147178477367
-0.858301779126111275 1.3074352468904053559 -8.8631565698135723608 -0.42853238480087874063 -0.010957088144462868995 0.90345998107076896932 -0.75209240995962756138 0.55846530608422317865 -0.34996215335567110172 -0.5007164887018801247 -0.82945551063298172956 -0.24756121227355479264
-7.3185513765475533887 -7.6348178910429140842 0.99190871314000472747 -0.21872560467377644144 -0.012531333351842244977 -0.97570593702448360496 -0.9743232140684687792 -0.051933354183528672443 0.21908263566601934857 -0.053417079545706840082 0.99857192650690496105 -0.00085041469136860859627
1.3904596283345658225 -8.5199706841603326524 -7.1553976020078247089 0.97026762582435244209 0.0084448773759924541243 -0.24188720165255894745 -0.20271307788542974881 0.57440070349098759639 -0.79307707058205267892 0.13224274018386530938 0.81853070551751017092 0.55903429393338088804
6.9025731571845145851 -1.0384218080082421309 6.2051659824530149834 0.30487213065222873443 -0.0072252615307589890259 0.95236588533357158237 -0.29094857407871166366 -0.95287379647626424539 0.085909575893187928308 0.90686377763872993985 -0.30328093178486431603 -0.29260684411437637431
-1.0608636702235743066 -7.4069289167669385421 8.8310043878645885229 0.078322002160327724996 0.014242324061960773968 0.9968263741407505929 -0.58719350727647889876 -0.80738942923362400084 0.057672303353932419245 0.80564846489627583992 -0.5898469850454756136 -0.054873356403037684692
-6.5481157974914090403 2.3363596073710599654 -1.5550844250724964457 -0.99157410831443260069 0.00070418798170298214228 -0.12953876577860157226 0.094808671112313031015 -0.67747481142306786861 -0.72941016977359529605 -0.088272892793225324337 -0.73554563692993135682 0.67169971891546664811
