1125 17.292696884352682929 17.968806560800352656 18.477561601407678893
-6.3307707042634930872 6.1676336587812450318 -4.455701416130639636 -0.91196052686980655366 0.0036974392505023188221 -0.41026129036787178928 0.39456698186400090966 -0.26616627988178165332 -0.8794728013285383339 -0.11244951869197841732 -0.96392003838351680844 0.24127425339026212225
5.6042164327616461605 0.4785027972646696548 6.1781295570670016204 -0.21927672044160509413 0.020569925213927697794 -0.97544584577980575357 0.79004683370348405269 0.59038252097600008028 -0.16514986975716394735 0.5724890570372123122 -0.80686142372929781086 -0.14570834729039613964
5.2863520209789038873 7.0282999351648438591 -0.12665555250033072587 -0.95403835577751550101 0.011732822798773837394 0.29945476548990679344 -0.078775371424559453848 -0.97391216098062305395 -0.21281340077868396432 0.28914573585383895882 -0.22662180734255615855 0.93007381420769097424
-2.0726436203154778859 1.4008035611192921621 -5.1966695952061945363 -0.8432769430977846703 0.0013092494530887793455 0.53747770475227896192 0.53600658804900735976 0.076025044525122348338 0.84078364052432252862 -0.03976097091357994745 0.99710504886447115513 -0.064811933478447367185
2.565076806234738882 7.3977341179116784531 5.5355657525598855884 -0.99467107292501721894 -0.0049909925941039046116 -0.1029783796687562536 -0.10309902111614883957 0.046017256413195969933 0.99360606074929436193 -0.00022029798857063761716 0.99892817664997446414 -0.046286600260503331372
-3.5199331985411892454 -8.3149058428299262857 -7.8947331254544952372 -0.93375440408150156557 0.0086025340450448899154 0.35781099656966297573 -0.10766342604941576966 -0.96016030364322602075 -0.25787744763576414542 0.34133751559052383229 -0.27931736021215364252 0.89748009043895382586
0.12496688540699152359 2.6529780650650525153 1.6527551974581438099 -0.88530651919277469908 0.00061315500190670113589 0.46500751726789413265 0.46294110995218928917 0.095340669303997885309 0.88124666552141317499 -0.043793787126783147168 0.99544451418347035254 -0.084689570736123181982
6.5620605684033712635 -1.8715105407397889525 -1.2590006770620225662 0.92649625982986150152 0.012571670213291436663 -0.37609391596976016192 0.016508218482939755745 -0.99983747391179911279 0.0072459978112355029334 -0.37594169660207399364 -0.01292203040585737997 -0.92655321589542449789
-6.8307983413452308952 -3.0152857383107956046 5.6311035159972799846 0.7103003936855418754 0.00017762272297626609512 -0.70389865689617681088 0.36718099919269575615 -0.85325978457889173345 0.37030508213124579964 -0.60054264175163896144 -0.5214860577912594497 -0.60613598059138673602
0.96782604670919536449 -3.9366679102756538811 7.5379716015767144199 -0.36824774317668529378 -0.0064390329464185554198 0.92970540414694269327 -0.85159614842867226159 -0.3989171228289206117 -0.34007224099519578475 0.37306514126463485859 -0.9169643766084240033 0.14141687453952614395
-4.337741440452630215 2.7886181343692828527 -5.5401184629921624847 -0.55415311118967169879 0.0095580700399218801455 -0.83235988169547314719 -0.7540488024621970764 0.41779159216826955436 0.50681415629276838075 0.3525971254335986127 0.90849261351465948611 -0.22431325936156795708
-5.2925195431857385842 7.5953936285976304532 -8.6040748176554728843 0.22505329315208488783 -0.0080121048287304652558 0.97431351289879841726 0.84542558255242372667 -0.49549224409380976386 -0.19935651584261626645 0.4843620542603293555 0.86857540963307922066 -0.10473852287240040249
-6.9444768922113802034 2.659000756954744471 -3.8312181441343615695 0.30567990769993891309 0.0039572907563812289439 -0.95212611238139543968 0.25922659274632209314 -0.96256175589974446449 0.079223984327544932915 -0.91616667023088882438 -0.27103358819420930725 -0.29526162369823166776
-7.6659886857792702841 4.6099867754340673187 0.36824957581549244701 -0.86343769801641856443 0.012738073402302395321 0.50429463920437023194 0.3012211067893320604 0.814914101020473014 0.49515740202733304898 -0.40464946122380707205 0.57944175673140496663 -0.70746453203498893547
-4.0922068626083980547 3.8161872044011300176 7.9886556508691795031 0.59823278303659133126 0.0022403462655185032819 0.80131923610306921013 -0.37624456541335588033 0.88369859428580510574 0.27841842872653260743 -0.70750092883116788567 -0.46805103921052465532 0.52950038753219952348
-7.0325551126453262896 5.1938188669095364247 7.0997927028943834671 -0.63507583278087931244 0.0036091355323059955834 -0.77244136396116303001 -0.68390480268192566093 0.46225253876328814551 0.56444380701306351433 0.35910013573673593701 0.88674097940015739194 -0.29109711088596967876
0.22610636600678524211 2.9151022539158950586 -4.7573284172716530094 -0.15204473756935454887 0.010183106695551887716 -0.9883211533278853933 0.98806481849899918668 0.026559785198362818176 -0.15173164552717430253 0.024704498003957325869 -0.99959535920681752419 -0.014099845039225199217
6.6130051087562655709 -8.5302539208219236855 7.9835277250185514575 0.94393390190162973497 -0.0041523914432490278276 -0.3301083859677658161 0.16124709881385476673 0.87833385104160011103 0.45003224244336259563 0.28807665987533703778 -0.47802971012237316373 0.82975866025932731862
-1.5257930848835630222 -5.1759390036026520221 5.6156998695693536305 0.83910752388354625797 0.00497994566633001845 0.5439427943294656842 -0.51945962713241644604 0.3040920178391376405 0.79855478238221200282 -0.16143190248896213679 -0.95262964725409027267 0.25775278084073877105
-0.84827709359071667983 8.2905372450044350074 3.322553047676655158 -0.80320827672958761134 -0.0014042455874858838713 0.59569664451580595088 -0.54070069016133648354 0.42139037469835416427 -0.7280610659627784198 -0.24999845569979101123 -0.90687826096238166595 -0.33922351325019078905
8.6051462391314395006 -8.4071497619536668111 2.9827969021802376304 0.14967011134430321939 0.0022581036087314888469 -0.98873341135924075473 0.035551884826262480921 0.99933844437797370031 0.0076640115737633815116 0.98809661534461734611 -0.036298409830124007958 0.14949081640126310466
5.2985542422151974407 0.51224758118907109949 -1.5665281005338496101 -0.37109572070686214218 0.0046333007069766160568 0.92858305961158704722 0.62442858974825266039 0.74138320301043381111 0.24584524115639838637 -0.6872968080663963697 0.67106592732660974576 -0.27801729946750608491
3.5995870977107391475 -8.2310245543235058818 6.9045685967663947835 -0.44235825461011246684 -0.0032647108819828952325 -0.89683249062540315588 0.024747357106353916334 -0.99965702436960246491 -0.0085674934954686008531 -0.89649692854740559156 -0.025984135379058036913 0.44228732947477567006
-2.1741172145383775849 -8.6106780483194356179 1.3854266290966621433 0.99594663005004191447 -0.01026470816134336661 -0.089358524262792268789 -0.042236977826135287117 -0.93049316022329076059 -0.36386606942940091791 -0.079412516621606726863 0.36616541964561533096 -0.92715507745986469601
1.1196002884755824613 0.59554375974840167984 0.0069892824463030217563 -0.17652831064528320959 -0.0067318060991219397238 -0.98427254270723274487 0.19095863084845982049 0.98074329704336060676 -0.040955910549649837682 0.96559440597256029903 -0.19518521483742384826 -0.17184346092785943161
-3.1182483331572732332 -7.2384763077380096519 4.1478485796479995784 0.8113882269932293223 0.0049882978156421536875 0.58448632317756665788 -0.12812131861538025857 -0.97412764649732141997 0.18617265117682357811 0.5702929710361390736 -0.22594345579122243617 -0.78975659666267528092
4.1272697672226961174 -4.2507711290693608319 0.99637742862652312059 0.18966653813284417573 -0.0016280736067072782303 0.98184721504364369515 -0.27405596872816212484 -0.96034198322014741045 0.051347845809905652559 0.94282550364164086076 -0.27882005781699525926 -0.1825909226704255095
-6.3830058330495420549 6.2148712929883584977 3.0941882078709501691 0.64565334456155754062 -0.0014035532536496751407 -0.76362935295534284386 0.50767595402515053316 -0.74621451372742253483 0.43061470621312575302 -0.5704356969555292034 -0.66570408556698001945 -0.4810833463114474462
1.7592563326296761783 -5.2843677337321484089 3.3799662423572147674 0.76684148781087679847 0.0016612078654519577599 0.64183438125404979058 -0.27100148610410002004 0.90732455146562951409 0.32143483451051679811 -0.58181812201141425156 -0.4204276378830560934 0.69622429877377978169
-1.0594350727631669518 -4.9857488005437353706 -6.8304044754576640486 -0.98794955611820112207 -0.0026301988974636574675 -0.1547538581742800845 -0.083662409407603360867 -0.83212319264898859661 0.54824410029453263249 -0.13021626556687157517 0.55458459617029531863 0.82187569003621763208
8.4295584822971783012 -3.9668633807358615329 2.045292229798402861 -0.76426540000724207946 0.00037146915904788090773 0.64490174473500050389 0.6176008529172403172 0.28830174417878701165 0.73174537291294272645 -0.18565447699273129878 0.95753953772898614538 -0.22056846750697964299
5.5339423865817156667 6.0763790188998267894 0.73543820229239864616 -0.9974341539257201017 -0.0049296969599997176453 0.071419931883414639051 -0.041543000226513839002 0.85233210008063819974 -0.52134841546148280589 -0.058303410830997277892 -0.52297771392269865043 -0.85034994150971110471
1.733298663828502395 4.9377292644540329292 1.5939462573705838189 -0.49823921852252739395 -0.0012373047728427366901 0.86703872474220422539 0.7913880141410036817 -0.40917329812249325638 0.45418302827951129164 0.35420713177398976956 0.91245585163347731061 0.2048453724641484397
-5.1237520885582101826 -3.9811505309971315647 -0.33514462492812946426 -0.81855867490657552299 -0.0045851583782649044108 0.57440462398719871473 0.46976715541187125114 0.57013061192072189698 0.67399547850657337555 -0.33057603577901362168 0.82154127204506166571 -0.46453140140913445899
-1.1525411055528718141 8.2966494463111608582 -0.99839682837689192052 -0.90697765957406994985 0.0077902440134112608053 0.42110668141355772631 0.28695518081411774958 -0.72043604247532078144 0.63137044031673916766 0.30829896081048752121 0.69347762819024660885 0.65118394479775632
-1.4721688713455134412 -3.991635917686973567 2.2558484082991228092 -0.13497176055496834524 -0.003090182230670665206 0.99084462688486252269 -0.84736888825331779795 0.5186648570535702385 -0.1138100754671568654 -0.51356459289251144007 -0.85497205616979099485 -0.072623633175719098931
2.501527589268249141 7.5059758223103285601 -3.158202386449037391 -0.83931358677065670548 0.009198667096699525772 0.54356976331134243541 -0.083044483413084457801 -0.9902920530373962027 -0.11146866584622799889 0.53726745372968520709 -0.1386976359372005807 0.83192947354238455659
6.9409360245623421548 -2.8497569202579127179 0.64751128041025318716 -0.99896380577510701659 -0.0051461183519024254751 0.045219821064665932653 0.03591442059182483465 -0.69942920510372763587 0.71379895029453455102 0.027954769624484870905 0.71468335961733908679 0.69888928045948028878
-4.3960561044330104252 -5.2645433713988918356 -0.63621066137764625825 0.72189782710655281406 0.0070962319658568473457 0.6919632726604056927 0.58414701013566883159 -0.54233816028488124328 -0.60385560397158999368 0.37099298883974174412 0.84013032524159014791 -0.39565798215282288464
-6.5754449747867926845 -8.3782287318722517 2.9589307804321616224 -0.85102944565209204253 0.00025395966333138049117 -0.52511790879545927613 -0.52499533810169618508 0.021198939449997650231 0.8508410544498588024 0.011348022060292920973 0.99977524497792213953 -0.017907594049196808722
-4.4960724599687091896 -6.1614153671197353646 9.2125443079148467973 -0.88980080876244083132 -0.0014129867799190197475 0.45634693402500126069 -0.31476401225097078163 -0.72214967237207494666 -0.61597359300958764994 0.33042115143755590445 -0.69173539316825094492 0.64212460513578839549
5.3427620606706476281 1.6480922543210780873 -3.6292034309667950964 0.87104081876310046617 -0.0056406221919412819626 0.4911782521954913272 -0.38865731806818959448 -0.61940099636872325561 0.68212014690199185285 0.30038871676627931784 -0.78505451344390864143 -0.54171582011291030678
-1.8168797406833496755 5.1009036944699639449 4.2360742580822980941 -0.43216439313529247945 0.00084109966428624330023 0.90179444989275980848 0.27898557337941226608 0.95106700361084750561 0.13281040805912180947 -0.85755523854274073869 0.30898357107462715021 -0.41125194911875823101
7.7961928492976637628 3.6723087138862626766 -2.396135165373032283 -0.56113101816449417747 -0.004816721190429452959 -0.82771298144367677629 0.77108058525459632904 -0.36661336959483381559 -0.52060481007942294163 -0.30094303696388913227 -0.93036091729570524755 0.20943221354804678058
1.1867342956176605284 2.5509364536336311957 -7.3792732004688188496 0.40727088815135287225 0.0040236250824005771048 -0.91329854598889470552 0.9055170314195409853 0.12855376934627391061 0.40436720217624427809 0.1190349926426315097 -0.9916943777333523391 0.048712746776665705184
-5.5554772959916656205 8.6568393306949698029 -8.2912316279972824162 -0.12320863497109442453 0.0007884989295248254898 -0.9923804767013019168 -0.96387952237379215248 -0.23803479201453953129 0.11948097814611524647 -0.23612686974753310798 0.97125630811841578982 0.030087959771119478225
1.617313708214244361 -6.3197206226744402358 0.035367963057231589785 -0.73051893927679278917 -0.0072572758340678248865 -0.68285387258594087978 0.58231994950579779591 0.51570935061484557416 -0.62844836072355736434 0.35671495029725369674 -0.85673286246991176007 -0.37250939128889681839
7.8111461234926204966 -8.47485042400119859 -8.5085228593904762562 0.016081526202843310358 0.00080359079396369499648 -0.99987036097541048818 -0.59037634300509300722 0.80707961741761391483 -0.0088467377614465016883 0.80696787924603363695 0.59044207623708711008 0.013453493009530161778
3.5713549057355002958 7.0132249132053248175 -7.2856915414102756401 -0.61814495508065492313 0.0023705975350548349687 -0.78606055414047715235 0.55559500104518666497 0.70872163721985859119 -0.43477331536093205555 0.55606745033473548023 -0.70548424589332459078 -0.43940979674396740684
1.0858851022886095716 6.1774946133561607908 -6.5176407269548910506 0.69013814611120727349 -0.011957260299596827319 -0.72357885762920481909 0.40043215187736169725 0.83915845487349438603 0.36805866292881284085 0.60279634290934935859 -0.5437555623073355715 0.5839233318125053307
-0.049426324474522803643 -8.5402902232278758987 -8.4502294382953717644 -0.95250323944857573366 0.0086722064932536081089 -0.30440494686296043492 0.29631533427651435275 0.25697821021914896145 -0.91986924187372576256 0.070248142414298483938 -0.96637828633880029638 -0.24734228546734163268
-2.5132748296898395068 1.5636365905560474232 -8.0995828473963804583 -0.37563311914776831291 -0.0055437163195413228373 -0.92675186916933538495 0.021022480833598936045 0.99967383778459018018 -0.01450080508467689773 0.92652998607658165753 -0.024929606051425485386 -0.37539405914742657311
-3.9510876272512218677 -5.2662366159998015291 -6.1491018382175202106 0.063666191765310617412 -0.00010839178100060273095 -0.9979712442136775552 0.0389266278817108069 0.99923924956825882493 0.0023748187607408747027 0.99721177974798180799 -0.038998850926822342666 0.063621977008989222258
-8.2099612668089374523 -1.5968679325599310914 -4.5021647129243023144 0.969608194816019342 -0.0030080368863227443209 -0.24464443639650432227 -0.046613358127892877414 -0.98388016677277922994 -0.17264707433145229376 -0.24018148011384649054 0.17880371681046722254 -0.95411848712040292497
-0.91160535629659722456 7.3315250211582752016 6.9473146046680573917 0.93066277777805761495 0.0031744756564530589651 0.36586434202119494374 -0.25258663107482881571 -0.71786689787500179705 0.64874271536351613143 0.26470131820699766001 -0.69617313912548850485 -0.66729017114006639044
8.1447987851937995174 -0.77504422307659692759 5.1446800822811873388 0.30081777166839401838 0.00018817066641551444262 -0.9536816202698088496 0.94387179080948058196 -0.14312088352265361912 0.29769523881535020493 -0.13643573858076091243 -0.98970519716279048428 -0.043230914244480680986
-7.8822390672752682406 -4.9866125868207529237 -1.3054526676266633434 0.66340726763099966412 0.0025244643675575838965 -0.74825425113002674848 0.34680492681406249744 -0.88713825298619208848 0.30448655606812169427 -0.6630363036757244144 -0.4614968549928788466 -0.58940946110469905062
8.614776016855923757 7.3085036292080651776 -0.73263802771282882098 0.97805397221332079916 0.0042825920189601086527 0.20830767351058274151 0.10662177336434251751 -0.86924697841263554032 -0.4827437083640980231 0.17900342142663738798 0.49435953508136148971 -0.85062707762669220735
-3.8599875901762987773 -2.1256714440009014666 6.5777345840004644018 0.73376363696972035644 -0.0060328355726837002218 0.67937804641874843803 -0.58779015928648747913 -0.50712255391271898741 0.63034073639490295626 0.34072518795458639485 -0.86185284138756068639 -0.37565413093051919224
-4.6956076698721211926 -1.8625982332906683148 7.9156031662527377435 0.48907968073042579205 -0.0041206376002236684217 0.87222937708053116523 -0.67933762542015807551 -0.62901102800814978622 0.37794909357331119004 0.54708450589044987922 -0.77738545586473506432 -0.31043581691676669365
-3.2562556876910995207 6.2056390917400854335 6.3598718309981627783 -0.73379230816970020257 0.01035149310760869433 -0.67929499855497421645 -0.15411349023930345781 -0.9763537865558145068 0.15159919394320409136 -0.6616629660164053961 0.21593084556976954724 0.71803620335908002748
4.686230007993835045 -7.5781240777980993784 2.5144767983995714999 0.51800522135421156467 -0.013592156650553221739 0.85526945691243061454 -0.0013430698611180437452 -0.9998854338251195184 -0.015076982048511457929 0.85537640066413744844 0.006661268792564963015 -0.51796413069326963097
1.0169241105621227295 5.3014673597665886717 -4.3037095677365595492 -0.76516641004311736207 0.0027840206699815597119 -0.64382654043635556551 -0.62845212539435424404 0.21404020012330399192 0.74781997754706841519 0.13988670783458212465 0.9768208853010292847 -0.16202674782616977023
-2.382326908122355924 -7.3232462745154407457 -7.7257617455937532824 0.14390476996993264991 0.0087460834724530540918 -0.98955289055385475816 0.81987785104968780026 -0.56101902985030538407 0.11427142032878205569 -0.55415857526343559325 -0.82775669986397737432 -0.087904034561775562517
3.2358691652401474492 5.8613308755017632379 -5.3447482409225530731 -0.59924809461216643758 0.0038097367050976033327 -0.80055431234243634719 0.78979420953738610489 0.16628326389237507721 -0.59040239051886567179 0.13086950632151084228 -0.98607066788101660482 -0.10265383704303016055
2.9580903083428000677 2.5094903677744770931 5.3988825602705592388 0.71770081590487067036 -0.0084618171010512679975 -0.69630017700758972676 0.25930481222168338951 -0.92476573525137750753 0.27851274524453561998 -0.64627126905658338618 -0.38044281115082528855 -0.66151093281620676478
-8.480691494048391732 -3.8698763407190637231 -2.372846282883187552 -0.90973969746371896594 0.012025708556216967854 -0.41500489779319221784 0.3740406477303396815 0.45755535118527468352 -0.80668252395043571479 0.1801867828228497781 -0.88909981606998622627 -0.42075437057786529982
-0.052232686562972842348 -8.6213636384340279761 -7.0668981081051445159 -0.91712197147426932631 -0.004899992116291139628 -0.39857656669271424033 0.36407491775869060824 0.39680506578018415187 -0.84261212549451969256 0.16228599353689149298 -0.91788982446079880884 -0.36213467999252013652
8.2733198422537732597 -3.9824814099324243877 9.0111454845350476006 0.14306842447142439911 0.0027250501095887232073 -0.98970904816564475581 0.59155848915229236606 -0.8019468705498484784 0.083305286307109607802 -0.79346706285184631646 -0.59738914529546160992 -0.11634530180501970187
3.5407277367481717611 3.8468119006283569838 1.971610387829276112 -0.70475018661292476718 0.0065910743979875185267 -0.70942493063540956744 0.53543520273783173913 0.66096835698727285369 -0.52576608366301613717 0.46544206743464205944 -0.75038482713839060878 -0.46934666618863679632
7.6963960927757737451 -6.2963140298309783205 -7.122344565933658167 -0.14758089250666608927 0.0020135380011843352285 -0.98904793909698363041 0.8066416159006214448 0.5788992499716727469 -0.11918457064519968891 0.57231912746687241267 -0.815396593105071954 -0.087058671529114534104
-3.5593215444849244378 -3.8045303058311228384 -8.8028195939014004523 0.34879592437435047447 -0.00056700935003285365954 0.93719852840265649441 0.21656872187517275941 -0.9728855970660924557 -0.081188692108595902908 0.91183298462214723568 0.23128617235221357595 -0.33921573464898974182
-4.0511637262827484562 -6.216186009427703496 3.1304258683077681447 -0.95726616659048924252 0.0029040689917187098579 0.28919379779665066454 -0.28669780582467968566 -0.14099975354563584751 -0.94758822155792632458 0.038024392645056276363 -0.99000537164364010856 0.13580688377474661732
-8.4433663329507453454 6.1109421699975428055 4.6281121255544004356 -0.47668276159514622048 -0.0034977509881112586049 -0.87906843336372619824 0.13681218573764375446 0.98751211594002663574 -0.07811687849346175827 0.86836396207580257567 -0.15750424314904776235 -0.47025146757699753941
5.724471075741305981 8.2627674356551210622 5.6231814307675769271 -0.67443401682997095037 0.0047649207671598622915 -0.7383197494804457639 -0.3011278586526170975 -0.91480638193342567188 0.26916778469386332118 -0.67413705556505632011 0.40386455539411780791 0.61841139317632032313
6.1712413777731365272 -7.5339326856577910618 -1.1318664779761424821 -0.72233626667111128228 0.0058043276975717275623 -0.69151762640701097684 -0.64094608915316642062 -0.3810721154970673763 0.66631235437289038082 -0.25965058954482861386 0.92452709672054644852 0.27898247037858037167
-4.5098662310420891686 5.2327045144101322904 -1.0422844035643372695 0.87675600791107233256 -0.0010904743470760338425 -0.48093420907349010429 0.30866800084913187385 0.76813965776966530719 0.56096838717818064968 0.36881291713183139702 -0.64028140456160509419 0.67380765440120482523
-1.3638115456378538948 -1.5253710514721448011 8.5350655725344157787 -0.0094756114551992811496 -0.0031920946809877804098 0.99995001041000375341 -0.55435202079601020309 -0.8322447186544716935 -0.0079098237068523542803 0.83222836398850830175 -0.55439925938207501588 0.0061164834526861331862
-7.4196128848212250517 7.3482536341130781921 7.6439686651161053987 0.26650360424099689416 0.017718008068985113129 0.96367105441479206096 0.78447782364547602452 0.5768998994118398338 -0.22755449955326340072 -0.55997354681705668877 0.81662266576965392151 0.13984651807011094782
4.9074193390421179117 4.9267411432922800785 3.9089011721558453161 -0.75025304275253346109 0.0070506790383710743475 -0.66111319739178153743 0.65527130374237774202 0.14098810273582940145 -0.74211985108780764708 0.087976646515764131418 -0.98998618314205810709 -0.11039686071511074783
-3.9917457200250643368 -2.7690350336612397086 -5.3696007498648903322 -0.991239912057410133 -0.013929312660316798753 0.13133701303629302659 -0.10254908631780089434 0.70783166371208228185 -0.69889771836963676677 -0.083229331607791681713 -0.70624380358029836824 -0.70305943437566975618
-2.4351981998387568495 3.6322799216827998947 -6.0419916531683881544 0.3962459359795109104 0.0074539462447729097627 -0.91811415243700822408 -0.25299679917096745685 0.96214083241378700606 -0.10137868716594254648 0.88259944359197073371 0.27245083462453734136 0.38313021922505191563
1.634848159986411309 1.6914198614678825905 -1.2378937868274808576 0.36092316127211376831 -0.0040118833465644081898 0.93258692702042578215 -0.92974120671209392608 0.076630255278905004546 0.36015148551323300508 -0.07290926003419906376 -0.99705150758024785329 0.023927620720587201159
8.194324840302289914 8.4780002760496291359 4.6086039977308281834 0.93498444655395374081 0.0017424944591742791422 -0.35468443497737711656 0.0020561515288613245109 -0.99999775737278040477 0.00050743458104451693788 -0.35468275535041832169 -0.0012037283841630237041 -0.93498593256514561656
-1.0014483752577614251 0.49681790772354994523 -2.3657094108564384882 0.089482986242454876091 -0.014324282442942070856 0.99588533983868843258 0.23735180797448690582 -0.97078254050370949013 -0.035289917887515280526 0.96729360301011013679 0.23953303318304369762 -0.083468626380555660527
-5.0172724305432518932 1.6364946861088704999 0.87105470763490355779 -0.048732060107382790815 -0.0026482575842986608855 -0.99880837654144716264 -0.6975597966223704427 0.71580555732631634402 0.032136182670504651049 0.71486748174299852288 0.6982946303904807861 -0.036729997466837367714
2.1278281842835689019 -8.2384607376254788136 7.8046587982914452652 -0.79879541348902072251 -0.0022103810204777678966 -0.60159870478970722818 0.13034411408458149162 0.97560433735224227902 -0.17665386738820695878 0.5873127780938288689 -0.21952514925514077238 -0.77902015990110762278
4.5375732105955401963 7.2013372154284605031 1.6954350686360009082 -0.73425447402787602513 -0.013112078876495677354 0.6787477003700878031 0.50690739662573536251 0.65446091226787450612 0.56100428301377769369 -0.45156977159284705792 0.75598213451199780533 -0.47389424314143496764
-1.7638850289606424759 -5.1711793239164496327 3.9840107184949227204 -0.99534716593931593653 -0.0066554114152837413887 -0.096123487011554362147 0.093786359824619858205 -0.29567150567512190396 -0.95067474955572195405 -0.022093844554861703094 -0.95526648964071958492 0.29491998203231184483
1.3993689930967219137 8.3839476161825405853 8.61561074178992925 -0.55000543804673107662 -0.0040355183445830592262 0.835151323240894361 -0.78522772101723903315 -0.33808950925017600131 -0.51876093711960202803 0.28444937030227224195 -0.94110530671473480169 0.18278226776118089436
3.0405009365509516606 -2.0771445416920752969 -1.9759298272467653579 -0.70198192522837188356 0.014512948252880466041 0.71204687414917045007 0.19776554896803441586 -0.95650056970558117175 0.21446549324835045836 0.68418576738632441714 0.29136924080269416271 0.66857595022567772869
1.6397037306015733726 -7.4032590347494773297 -3.0789586890146671827 0.99398686626358012663 -0.011447063011014231571 -0.10889937761098540669 0.085787542154639642722 -0.53663696288028639447 0.83944104479209702419 -0.068048565794390447614 -0.84373558347328680984 -0.53242807765400057551
-1.6104398550483998154 -0.74266547333272470155 -4.1109092552841186574 -0.46973556418791473366 0.00093961492278188656763 0.88280667014962466155 0.44929450065913240087 -0.8605479828816686716 0.2399825427736656247 0.75992299045014177761 0.50936851716846687221 0.40380782843218110401
5.4447704269003791566 1.675102502056046605 -0.060114350959783846573 0.66061314244998559086 -0.0051787750610338837212 0.75070863609755067447 -0.17305716447858782159 0.97199402111009014504 0.15899320975716876858 -0.73050769595217479591 -0.23494851183860018806 0.64121580060063732009
5.6076262965595340404 -0.71866973839834080717 -6.7158573168455406588 0.97301919861375929521 -0.0043683888410721224971 -0.23068280453406037056 -0.1781229340635573366 0.62126565296843039299 -0.76308663256689257537 0.14664876231793066985 0.78358784167490302952 0.60372529754002079994
-6.4850586257591036343 6.2389957205244943594 5.7244516894050239131 -0.5387245777193532259 -0.013359427531508552556 -0.84237601761782843202 -0.14536047903648180446 0.98635288562739786844 0.077319571578119722366 0.82984707054699158313 0.16410213499761946987 -0.53331447457735048356
-2.0238211764847102714 -4.0664267071629289774 -0.9281350411709964332 -0.046377726551569770086 0.0010298328237416795247 -0.99892344347520045655 -0.12174505729419740629 0.99253895513391843242 0.0066755948260447959056 0.99147730559219859892 0.12192359076968739551 -0.045906323196732892744
-3.5501709545715760541 5.0780919586806589905 -9.2387711631376721044 0.62338964665347473826 0.0066450014804716635297 0.78188310660901960691 0.11785214637029362006 -0.98933881566364501037 -0.08555454059955527879 0.77297879663090729441 0.14548041715849721611 -0.61752670240414264669
-2.3579272039103940095 1.7460856296158560053 5.0794103938193178038 -0.10165575035572294027 -0.00017126544554823576461 0.99481962138247259642 0.97075977888695919038 0.21858156730864830575 0.099234823163451738037 -0.21746622752736252671 0.9758186660957547387 -0.022053815632622868204
-2.0993973224387256771 3.7678259698751448425 6.6535767858124348351 -0.56328127068916022946 -0.0061782103340370948114 -0.82624211936195157691 -0.71428980683976572852 -0.49901203271020005969 0.49069039429678046327 -0.41533634795832213848 0.86657303265639895606 0.27667109920814397794
3.2121836549928364235 2.6200073923889779515 -9.0755613145506881523 0.051299037253159665561 0.004861406815579887887 -0.99867150530108872442 0.28871808886517746906 -0.95736013550722998122 0.010170354170377954306 -0.95603884541304406941 -0.2888562577919125407 -0.050515229340882095155
4.6526344867314124443 1.586872311043749928 1.5239671494892554904 -0.68207310890596661856 -0.0036947817607463646211 -0.73127465612811726192 0.17995944966816052046 -0.97008343554026921218 -0.16295006770661199513 -0.70879536580213631236 -0.24274364395030403885 0.66233273566930517262
-1.5506354178318348946 6.1991220634596890804 -2.0648889583549294713 0.92984568120648414258 -0.0092947387347088218645 0.36783232181728392485 -0.12134697384768240724 0.93600587413189129116 0.33040568325664365634 -0.34736424841887197923 -0.35186163675824150276 0.86921313122740717638
1.3921424513018723079 -4.0682494161888245188 -8.8927877855365320414 0.42351880503568117842 -0.0019626430462269688938 -0.9058851857787942885 0.87093282409794947618 0.27598686504236852324 0.40657996290153619601 0.24921444117427293818 -0.96115940319828063743 0.11859495753913978922
5.169593332278156872 -8.8645983001121120282 0.95504396516697587227 -0.99991125589339757695 0.001017657372484851927 -0.013283249275761474864 -0.0087114165568964417596 -0.80431345968087775145 0.59414137189543991813 -0.010079263833226046951 0.59420436126776410291 0.80425094683848186161
-3.5023184754837579646 6.0302249558522005302 4.17545341581739482 -0.89391902143064083663 -0.0094315133262952328963 0.44812925555129534683 -0.44191343655211284824 -0.14868864854741073445 -0.88464919622868609661 0.074975314065705622735 -0.98883908314223978309 0.12874769874130775893
5.7292766884642611913 -5.1911669401814029001 1.3290737238762178052 0.69774142904970370971 -0.00062015082060372286182 0.71634943540184536914 -0.68004413881141001497 0.31374172193753901983 0.66265081391623925633 -0.225159648817875091 -0.94950816074888710894 0.21848886748657175838
7.0911551442222515718 5.3794367778829110804 5.9979758064392862948 0.19258413071042573828 -0.01049933156158550443 0.98122429476416739291 -0.44685268363615543441 0.88930933690956914806 0.097219249188617851143 -0.87363266406759765292 -0.45718559395761743103 0.16657521109690087702
-0.9162719804444463545 3.8420712036849251625 -7.4023294399481400774 -0.38800090617279392458 -0.00894608715134019572 -0.92161557296616769541 -0.90678293151712052733 0.18263973762931154377 0.37998347509828073187 0.16492426115729785785 0.98313920365503704168 -0.078976542836036819906
7.5707855942909949576 0.63078511954180616073 1.9751715709879076321 -0.74378629429698306375 -0.012829066649124979543 0.66829436887116300259 0.35292899651695530672 0.84154606172446488888 0.4089515245279981559 -0.56764696056033614457 0.54003299995935527544 -0.6214026771115019887
-8.2285240388129192723 7.3413655676587366017 3.3842695096001200739 0.39608751955971582825 0.0084070903994883459248 0.91817427413322105778 0.76767911040951808399 0.54558609015733139369 -0.33616157077788583196 -0.50376925302159292208 0.83801261270823268479 0.20964589347749421067
4.3366807625260372916 -6.1953981163871061355 -6.5074054137722407987 -0.83336648072732188997 -0.0010233714924267143381 0.55271987616749651551 0.40833250683606142628 0.67281865625340675496 0.61691135478123126923 -0.37251157386146827033 0.73980673726844436988 -0.56028663988295801524
-0.91704631452300655603 6.1589730696029763024 4.0783510683666852614 -0.15383078056415847024 0.0037736960373148582294 0.98809000104719979518 0.98367352478384761927 0.095103486515738841489 0.1527799839362125045 -0.093394258870868912537 0.99546023831715779728 -0.018341928447464517227
-3.0750479981859055734 -8.3655684047569600637 -4.9845569896846031455 0.67167153125460377083 -0.0099274412000879830309 -0.74078255919876734303 -0.62685026753059791549 0.52532255795169247037 -0.5754085089772940087 0.39486212302330547796 0.85084525973759761452 0.34662118772979216841
-2.0830354844057588082 -5.0845343087615404443 7.949191108779837478 -0.54744731102971444514 0.0092145907843342172994 0.83678941972472187238 0.014481172021628470337 -0.99968533606312781625 0.020482297654289747385 0.83671484826261532941 0.023330670307393892859 0.54714161102929337321
-6.9956469059919790254 1.5105979618453255764 -0.55485794525941245503 -0.94968597476071558994 -0.0086145744492746745974 0.31308519359687836392 -0.26972276790210653052 -0.48562396328885865104 -0.83151608207823068941 0.15920482975630534384 -0.87412536594402523438 0.45886672007852558064
6.6274986787322474058 -8.5480308744178898905 5.8116893798829742934 -0.91427775174461023422 0.0035641739139394045324 0.40507220261218368496 -0.39968947099688661995 0.1547693759756985088 -0.90349032481489155444 -0.065912968670667010374 -0.98794419727241022944 -0.14007763431981043456
-0.40189907466674062997 2.6634008752843527645 4.5925807797862283621 -0.99299322744821783004 -0.0081298148401398317997 0.11789129040224323453 -0.11699259684486451594 0.20818666115703654551 -0.97106696288147031915 -0.016648799522785744098 -0.97805532574950082569 -0.20767907272402302832
-5.718559375419607349 -4.0837410904800703904 3.8559561886108015827 -0.99909947951707600566 -0.013353746351105132487 -0.040272912574653610407 -0.027091917641638624259 -0.52971177200464014678 0.84774493015188601142 -0.032653606651440902908 0.84807258890850656385 0.52887297710759184621
-4.7067756553220965188 -8.171194958904614225 -8.8493763942306706838 -0.9979061586834948594 0.001852412867514788633 0.064651891140095396615 -0.062709621668810305861 0.21704242524567293748 -0.9741458253225218078 -0.015836723511407847093 -0.97616041417885868192 -0.2164718087382123124
6.0074495309520274944 -5.1817678807103151328 8.2102106864989625734 0.96973615063102835965 -0.010373727628627794906 0.24393479443162369158 0.20585802454133117489 -0.50246293301338418313 -0.83973416905576592217 0.13127936582447449765 0.86453651555198784973 -0.48512095541847638502
-1.5002624607154273484 -3.7863406377882737885 7.3336685937804411139 -0.28794393327561251805 0.0036460948087965062286 0.95764032772329144017 0.60621736587731533952 -0.77342944221871323673 0.18522257750638027041 0.74134256359551953253 0.63387191442907686589 0.22049398971297698435
6.4595299642927113126 3.6006506342095541129 -8.2378891271692360476 -0.67872320855136658579 0.0032081541117935357538 -0.73438716895179234623 -0.70807603836406429743 0.262447640827706552 0.6555528656933506948 0.19484129456699436633 0.96494090159514922522 -0.17585768780544616674
8.5471386583701693951 -5.12659100307254878 7.1470362036135925976 -0.85979952759076538893 -0.00684874811692547103 0.51058580767958039459 -0.41630082642384680369 0.58843576304809519506 -0.69313561060188721985 -0.29569983813559241881 -0.80851496424925162199 -0.5087879305873419522
7.6772029987999221845 2.7738141052540603582 -1.3323652491071558135 0.49585176155344895532 -0.0012315966305022035647 0.86840630682533537232 0.11854861628792742745 0.99073332314062878545 -0.066285051065698999406 -0.86027742975184207097 0.13581592538555117833 0.49140286758532902844
3.7749939034300163954 1.4902335853386823317 6.1524133836051833057 0.17192730068209582939 0.0088904053164344225973 0.98506952240609091387 -0.28178652620727290268 -0.95773307765670712133 0.057824783702284991704 0.9439477511644518426 -0.28752097776591684086 -0.1621552663848319642
-7.194300066132430338 5.3127648274373369119 -7.2518716653842583142 -0.18558371274211363233 -0.0022711858630730195202 -0.98262583279693527238 0.95632410352534635845 -0.23024756854218272895 -0.18008405314423656107 -0.22583820443247859533 -0.97312943583848277029 0.044902188404484982831
-1.215961122585780263 -8.5679284221868243776 4.2349757426282552686 -0.92347915781488332243 -0.0083044921399947103924 -0.38355870540479120034 0.35702738230127134544 0.34732286239116449966 -0.86712068222804306039 0.14041970434608369578 -0.93770883789713599388 -0.31778049336064473351
-7.5083903413007782035 7.0923799940033118716 -2.6602593604150119866 0.11445875750871772891 -0.01279967936987346476 -0.99334553959713267623 0.31912823899869047217 -0.94644566294879262092 0.048967072191453818453 -0.94077434058498665692 -0.32260932301070310846 -0.10424425549355996468
3.7051107968491070466 1.6008317755363814516 -8.3787189352245015073 -0.052373059031519994533 -0.002124654629027456984 0.99862532940567816375 -0.30987562374615185146 0.95067062524533008094 -0.014228847568612056074 -0.94933353490507510486 -0.31019485511199218486 -0.050447907454007880068
-0.098579872991891887013 -1.7677337572656988129 -8.6091721213278855629 -0.11102128194437857478 0.0062118987869884895528 -0.99379861504681477058 0.47272539549054903851 -0.87927873479960527714 -0.058306148794994371032 -0.87418818077882021189 -0.47626706672060220571 0.09468213001293385167
-3.112615630783927223 -8.4039402807837166876 -6.4851614504794943272 -0.7556706838174770402 0.00034998014447857185398 0.65495167389117669998 0.56673130940729254945 0.50159960203536002599 0.65361568385055446306 -0.32829474646472400767 0.86509983051186700731 -0.37924245897838371189
7.0044133798222949494 2.5374383661252846167 -4.2314628821945161619 0.52748247998250175073 -0.0040623162772974409293 0.84955619643314261857 -0.70972920929724669925 -0.55173995040193957173 0.43802679895357421458 0.46695469028826180891 -0.83400630975873346618 -0.29391630186269651626
1.3706270346689350959 -5.2649616848856908291 -5.5654094777074654132 0.244610477052929709 0.0055774854406390357575 0.96960538683129282589 -0.47332201717716648748 -0.87205769296912660771 0.12442527150300468353 0.84624581687084599046 -0.48937130258035516084 -0.21067450163546261321
5.4727031038486568804 -0.73932738016880028553 -9.2211376910958389175 -0.92256018997462163611 0.002843599113419106178 0.38584272679203956979 0.030739914722538883018 0.99733608629564973747 0.066149743880799680151 -0.38462677171134185272 0.072887892799281747691 -0.92018998123561035474
6.3912732108102732198 1.470043188854938343 6.0204236697018691515 0.62528461813804658842 0.00097645468836469540355 0.78039617685914197676 -0.43447671058790127141 0.83112293463318298592 0.34708018595619627433 -0.64826625261280834689 -0.55608786541588928198 0.52011263362876125615
-7.8352277668543255373 -7.2999311809538527385 -0.81494768579208110015 0.37817991069239720314 -0.0023839920423569722387 -0.92572904876690587095 -0.77696725777550046388 0.54284887739439302567 -0.31880554677781969275 0.50329100478100241567 0.83982701367223144828 0.20344225621273112625
-7.3574855594254495728 -5.282845561561212655 8.5644616884410336155 0.90589550112153383044 -0.010162152803299181331 -0.42337934727403553348 0.2554072659167531123 -0.78433772029241510815 0.56531537131332842971 -0.3378172132452427201 -0.62025081312049956672 -0.70793252450953447763
-7.8382251130287974306 -0.65184746473997190463 3.4655809819219931533 0.92922770927936715335 -0.0054504840458590234076 0.36946739576162501706 0.33601197830434909042 -0.40352100752625397195 -0.85103862833639565277 0.15372642825181054294 0.91495414568644528597 -0.37313147354275044698
-1.1714989492446550301 -8.3101021241893029412 -2.753482219920927232 -0.61945420164427389409 0.0016892667851856786598 0.7850309792885179494 0.7187985922776577441 0.40324445584647822249 0.56632366414331314353 -0.31560271831020092481 0.91509073605127544404 -0.25100571505104357639
7.5776259580881770717 3.9706762508332995587 5.3216304291952774008 0.66570615693228607501 0.0037942374639815773345 0.74620433956405873843 0.0082879246655303325658 -0.99996298798535376839 -0.0023093211269810606789 0.7461679589255433287 0.0077218146437541233806 -0.66571296416048642008
-4.0579348145815092863 4.8814946073252585279 6.0799368356167846628 0.62012169983228093706 -0.014195719573048909412 -0.78437717900446535246 -0.78245460657070120547 0.061059637124862550794 -0.61970679306465881186 0.056690969770869535649 0.99803316691395893567 0.026756899791405816535
