1125 17.292696884352682929 17.968806560800352656 18.477561601407678893
-5.7388855805045020375 4.316771297332379298 -6.7112386771895371496 -0.74491536662108615019 -0.0031136619609024203392 -0.66715170814514312969 -0.57466397549366532438 0.51098426128171059446 0.63926238743753349691 0.33891357577064573636 0.8595844285653309047 -0.38242933769095693863
3.1955455562524273105 -0.16970077200213512514 0.15097571339639237475 0.55013603690004764246 -0.00035805305632965588741 0.83507497429994137494 -0.82095198831124183148 0.18290363790015348733 0.54091042893484975185 -0.15293192535124006115 -0.98313078023262290284 0.10032793812050440352
-0.46743096042724269212 7.5476198727713033065 1.9738649333102384897 -0.88274317433144411371 0.0085946285325247499809 -0.46977720307791887011 -0.1810465961493686049 -0.92884896008673834 0.32320541358165583157 -0.43357423608194745057 0.3703589363121619904 0.82149110774260547529
-1.0132742022272456239 4.0537260791561946505 -3.8172655702686628665 -0.85094524479399902273 -0.0061853768778852994195 -0.5252179847221950526 -0.36243466816362274185 -0.71682815487977780133 0.5956496517963059123 -0.38017535648142447569 0.69722244476562633686 0.60773971471295773483
-7.3700473129373067493 5.4270453152765902871 -8.1486474862910718286 0.99454334614114736635 0.0053453722387686621043 0.10418713760376756283 -0.092609225914551618342 -0.41456917478875887628 0.90529328429584321469 0.048031905249941088398 -0.91000210236611034365 -0.41181198351606901342
-8.5272199833352466669 6.507208419519265874 -1.4604959587891439554 -0.71576294750719249294 -0.006992873049479072893 -0.69830831493120992803 0.65793689834070212541 -0.3419565983262963238 -0.67095806326701001865 -0.23409921139874803608 -0.93968972782904314212 0.24936073194219668392
-4.5793750447443741791 3.0777005058768875934 9.1176349214706515767 0.84174786792623845777 -0.0027541424743498001126 0.53986381758817014731 0.31367695945727974705 0.81637210320434228095 -0.48491582178266462444 -0.43939423294723761737 0.57751969993157037386 0.68804338834409317638
-5.4106916357883108049 -4.7902120970197055172 4.7068999046052093504 0.99871802712223634035 0.00032874659335027037882 -0.050618121526950984879 -0.047696118389287681105 -0.32878123157588790004 -0.94320092348028305995 -0.016952362426324772693 0.9444060533949628633 -0.32834406301786422944
-8.3883616990309803896 -3.7754997246797672439 6.5620279338580855821 -0.89229817229973162895 0.0064608271834690035942 0.45140029842992079878 0.29995457677357684201 0.75575883693519707585 0.58211324694336863406 -0.33738883144391618174 0.65481817179015389119 -0.6763001835801329964
5.748934301903012134 -8.0778417633388865937 4.2348838714178516085 0.92912323304353638953 0.016950007762889886254 0.3693815304744550998 0.20224972933955437382 0.81298312929910865332 -0.54603431985291428497 -0.3095562385106567227 0.5820404871760321841 0.75193337902188350785
-0.82314894351521161742 4.2777589233346322573 -8.8454677284311653551 0.07933208249628562192 0.0018179117573376025324 -0.99684658593176533881 0.54760068571084730138 -0.83568223923723172764 0.042055725321727521759 -0.83297053350998617738 -0.54921024227541759277 -0.06729190206884999581
-3.6594602271064160526 5.3375310989104738368 0.49390848057962999373 -0.98820962218858432458 0.0028965624892510885222 0.15307956277471018725 -0.12169344001345692996 -0.62158809175188245444 -0.77383392976143017261 0.092910974977588337009 -0.78333891395609633879 0.61461182596077801321
5.1985296925876509633 1.9383472266938459594 2.5378077258919229386 0.17965451014989408662 -0.0067257211560199526429 0.98370677625903302221 -0.53600987720611259491 0.83782834109318160554 0.1036198938379668949 -0.82487433498721673963 -0.54589232961863343174 0.14691458723788380913
-3.0907689793551726964 4.0815144507205438629 -3.565917561874921482 -0.84801261392206261913 -0.0075162802181394233747 -0.529922741690629584 -0.47542975951205745933 0.45261707538508622051 0.7543900362809033977 0.23418187461777364988 0.89167330822539814239 -0.3873984524995340295
6.867543081325061749 3.276166037001028819 6.2246715362443740815 -0.09709712401515346869 0.0067298102247351282088 0.99525215807967537529 0.29469292068881147717 0.95533199345916142153 0.022290463646714716445 -0.95064621758239564731 0.29545810519941179129 -0.094743216475165897839
-4.7013019214614351071 6.5631153004654532168 4.6476246681913018222 -0.7259741548335084671 -0.0033461995200628597523 0.68771384271534308219 -0.66605120211774859751 -0.24563222351151556277 -0.70430150285946435673 0.171281413676679789 -0.96935731994006391066 0.1760939056506504452
-4.7985722972932105534 2.842369166017266302 0.777519434139766763 0.8128978130318309514 0.002341314565360784819 0.58240163445344994564 0.41798017529383052482 -0.69871485841611125078 -0.5805946259564082057 0.40557332090416420289 0.71539643895830973275 -0.56896240341185433387
-4.8115281206863231844 8.669469508232561239 -6.3182723889168883602 0.98702163336697057439 0.0107944456626174589 0.16022414053019168323 0.15837470780508172696 -0.23048746246780213442 -0.96010050597467744282 0.026565902834349487682 0.97301542104316740556 -0.22920567885341350256
-4.7716505124337951216 -4.6787718713925317005 -7.4837735126091784466 0.35483873838409524248 0.012123779997125804994 -0.93484890955725274964 0.3199727774470916275 -0.94110712800684004353 0.10924648876284198673 -0.87846849199877607983 -0.33789108833000519594 -0.33782054554503077037
1.913147065386419543 6.2933224178126314641 4.2484204470234789852 0.85246758423583612885 0.0008492798803109396881 0.52277939568310050067 0.49220622288358889529 0.33566177507018796211 -0.80315889269286067087 -0.17615916661336719629 0.94198219276194183891 0.28572276167237892208
-7.677837957282276804 -6.9798549306119364033 -7.679904300234325909 0.99282758260118464388 0.004646534392044172207 0.11946464307113459358 -0.026376436121278684643 0.98313552687221983373 0.18096634885826271 -0.11660906844453179654 -0.1828194341958404856 0.97620662753166709269
-6.0493775505972555706 0.66974468914215989912 -0.67112553408407449318 0.85743113203715304316 0.008091507279842672859 -0.51453511184698530467 0.49438360508549467065 0.26454400668999383806 0.82801045859777056002 0.14281703272415163797 -0.96433966839207618804 0.22282795859025225638
-8.6071151189265560078 -8.005987819008545614 -9.2126138066819116546 0.97950886740291698285 -0.0086109952020580714238 0.20121687166065485575 0.18283275281946573254 0.45702853939709442432 -0.87045798214106318014 -0.084466343449177111458 0.8894103467682084041 0.44923787895304589934
-3.9365446496096461182 -5.8003805992340291553 -7.6818754399127016086 -0.46454057540757037748 -0.0052561749926663126065 0.88553623665241476548 -0.87972128475873045961 0.11730072885711427533 -0.46079388033306040162 -0.10145203271812111567 -0.99308253012229019685 -0.059114917096399245688
3.5043819661064534721 -2.4947140145619028928 4.2647846393607178328 -0.62401214941720839491 -0.0021393836557975823807 -0.78141170993098740816 -0.33925806120751689221 0.9015747006931917884 0.2684530256406371107 0.70392670448396166272 0.43261817126371571174 -0.5633193699910532537
-4.5336540905459665751 -8.1437100328904730162 -1.029923540871221288 0.67447301086458422148 0.011916594789864749099 0.73820332726413895319 0.62720523507893144455 -0.53672498402782453653 -0.5643933775393918939 0.38948652185304405426 0.84367309207367846557 -0.36948066661997636118
5.5070597823179827657 -4.6714904396376430995 -0.19021951888419563748 0.98119523514279149978 0.0030055932750598784997 0.19299449977157687175 -0.11567656818034058319 -0.79126718542163265724 0.60042915722759826469 0.15451486047324991535 -0.61146316952355217467 -0.77603991534515903705
-7.7147926813253162592 5.5718720046103804577 4.1689966976619441397 0.93536459492687473727 0.0082654679363129701652 -0.35358839997551577694 -0.35064090853519197521 -0.10921107126663248676 -0.93012036596033653701 -0.046303648010528219991 0.99398421715464202464 -0.099253958250095308813
7.5426104700275553583 -2.3747515036347581763 4.4371641823295959739 0.9997280313859636669 -0.0049368746696573815799 0.02279233487399983521 0.02327323143129145927 0.27364466699560918705 -0.96154924622880511009 -0.0014899527693033320919 0.96181818629776938412 0.27368514126170562228
-0.4305200461825280378 -4.5356100440646889282 2.8198660496493777039 -0.38715890026530819235 -0.0010892253806362725901 0.9220123640893681527 0.47216822906981986696 0.85868754140738823288 0.19928088139311944671 -0.79193759186089651703 0.51249831201661133484 -0.33193422658374127643
8.4851356256207157713 -7.8616546797316475548 2.9306158748684900672 -0.19763820438067303265 0.0047798548144733898208 -0.98026337948377628706 0.60042140712340363873 0.791049122708192054 -0.1171982053217108799 0.77487629595775209257 -0.61173396051763262449 -0.15921145534257982734
4.054364944655391767 6.4406790141276584194 2.8882827042416434615 -0.24225398949913290458 -0.0033313416010143969206 -0.97020714630167592674 0.14572869627382561974 -0.98877431801796300537 -0.032992349272282367467 -0.95920600063486827214 -0.14937955078034645395 0.24001999532247514368
-4.8679517458749401726 4.2296165883693372933 0.072673720470250058323 -0.99191128160989516793 -0.0016365540109779177103 0.12692253978543110993 -0.041436346755622487092 -0.94096372722661292265 -0.33596174367160719365 0.11997932564451710413 -0.33850345010695098713 0.93328472380260130148
0.55749747715176067864 0.69904992853231284755 -4.6854989168691201229 -0.92327642653782870941 -0.0052316216734531826443 0.38410059923699058082 0.012507366084886565455 0.99896768103471733635 0.043670791633373201579 -0.38393255396364911469 0.045124299251267534216 -0.92225787696498962021
2.9389278099641411579 6.2477500824558340753 7.5059413886759811518 0.93629777496188359986 -0.0010419480900572715421 -0.35120562487657136508 -0.11196842543908286371 -0.94869999151188499908 -0.29568800755078461506 -0.33288068178469432112 0.31617596437579603696 -0.88838235644627927545
6.4656528300728988157 -6.9494918080953684836 1.3889038246491998141 -0.87105128974805479114 -0.0046816233183221934652 -0.49116975989119660007 0.122793501729291335 -0.97027968314106827208 -0.20851640802736773339 -0.47559584371759255905 -0.24194094090632980998 0.84573824233720740207
5.6866299677997753648 7.4384334833522167685 -1.0735095200891304756 0.93557431169185012454 0.0060144777352608928128 0.35307865038879449049 -0.10370240447619123725 0.96044875286847064544 0.25842601343364457467 -0.33755965192630082994 -0.27839184465580929517 0.89919489668299412699
-4.344248068498740345 -7.0242580883413880954 -1.9391743897752016235 -0.71215353294052141653 0.00093651788615665455817 0.70202312529892474391 -0.66086831318783401112 -0.33825321766067556473 -0.66995360538365555936 0.23683415747029240572 -0.94105466561530970449 0.24150713898131689894
4.6429073068217379117 -5.8033937120847483015 0.013169401705745691772 -0.96763527942153138017 0.0074809746381742057986 -0.25224194940064359471 0.23343794126580036385 -0.35315340380344700799 -0.9059742827250437669 -0.095857673644696633763 -0.93553551958251990328 0.33997734924984257532
-7.8885726578606094606 6.5497524159609259442 0.68076135606307985881 -0.92130751160037238634 0.0069262984054646098073 0.38877306421512503043 -0.17215016770149196845 0.8892451952618568578 -0.42380101753497734229 -0.34864995171264012708 -0.45737840908125926287 -0.81807591461732209748
8.3486057544510519079 -2.6617976732911019511 -1.3449894360429865969 0.96828181052411499419 -0.0059327042737641454834 0.24979018881457845658 -0.023373071650357141876 -0.99748508619354980809 0.066911899865680371513 0.2487650195057628244 -0.070627939528423874793 -0.96598533075201653553
8.2006934864933569429 2.0910015021780430367 -5.3374081777309267949 -0.93308841455397995013 0.0045895575844603075932 0.35961777846252912516 0.25457588301333977654 0.71473472022970507833 0.65141799137439060363 -0.25404159189602726343 0.69938059428275756169 -0.66807907760034856981
-4.484447599533234019 6.4957232251947498725 -2.3549391196348103961 -0.32315558039328678985 -0.0055467394957660308419 0.94632959614594192033 0.83141588633113383544 0.47597086583970693585 0.28670430556232018304 -0.45201559134254643002 0.87944355620628689163 -0.14920099406677134191
2.7218936807469051864 -2.5663951056939744433 -7.4455004413678578246 0.99888389335553884329 -0.014666313950939813271 0.04489840564758346142 0.041380017669202934227 0.73005893468654292633 -0.68213022658591082603 -0.02277414613772811916 0.68322679332671754082 0.72985100338916786278
-0.17489733494979819994 3.2598074873790912065 -8.9876702487028836686 -0.24720690980828588512 -0.011786239120275314451 -0.96889103015266342389 -0.96893976754728039502 -0.0038748287278381060572 0.2472664808816668891 -0.0066686286679573797409 0.99992303217282207939 -0.010462271357666188751
0.25325841010812710774 8.624803806428854358 4.9049463287875347817 0.27046954239982629042 -0.012622996968204798496 -0.96264577419814867376 0.90521506429028975038 0.34376261685781123179 0.24982584060242596369 0.32776807961700149541 -0.93897173716703508095 0.10440384468760482983
6.2575472793980235764 -5.912597297410266961 -2.1768824688675372236 0.97318910369901401314 0.0091116145194643748118 0.22982590568240268691 -0.20277621229467265862 -0.43761800309940679377 0.87599788304025294483 0.10855770893532318278 -0.89911482127929864827 -0.42403745351859906121
-3.9709466836150730806 6.6058586507725722825 7.1909914463884989644 0.99856007166117932705 -0.0028549327402411814152 -0.053568952233029168419 0.053639682271843472372 0.067163383110379129559 0.99629908383724685716 0.00075350518813879904453 -0.99773790612983070947 0.067219810337004623491
-4.5477834475222218558 7.6009690362262185559 -4.7100931288930105723 0.33665517463514155194 0.0089587398849137484663 -0.94158538347358611276 0.38284718943275058978 0.91227153334731903023 0.14556331607747632906 0.86028560544445809022 -0.40948796126836595199 0.30369110398793758288
8.4793396239696416927 0.57988992130411265435 -2.87958949544422671 -0.86762307401760607739 -0.011077357625415472364 0.49709907823276133776 -0.038024105727485116302 0.99830235300526393161 -0.044120056294619312831 -0.49576644583467266436 -0.057181326775756546876 -0.86657136293127934312
-0.31161735921566779961 8.978468747138608208 -5.2542644872116754939 0.87475566673781390836 -0.0049776287069802499508 -0.4845386947629878871 0.40820500673246801204 -0.53122842413911930404 0.74240489886944194264 -0.26109614319008733752 -0.84721401345769542512 -0.4626631813880277555
-0.4398228627662450485 2.2566401130744386805 -3.147494426872517792 -0.64816600577574667863 0.0050915564320151117383 -0.76148204510012129642 0.74862826229215839735 -0.17881509876427717498 -0.63842061789289406004 -0.13941504170532612039 -0.98386952209478173437 0.11209018529455402891
-4.8837390399435305355 -6.0128877923961212559 -1.5301751653739250614 -0.99846459272835430543 0.0014851879694564539252 0.055373741831944454928 -0.032243481777126402343 -0.82842240484189400007 -0.55917499679343829477 0.045042368395493345701 -0.56010187767301677919 0.82719832668886272842
-3.6285943925603074689 -2.5870877881963658673 -3.3645377855635305586 -0.98600473255758347424 -0.0022496193974893001662 0.16670214931634266819 0.064360359482994164426 -0.9275322798574956451 0.36815976688054441457 0.15379340525951396002 0.37373628273799497368 0.91469600385245208862
-3.1981278904972252342 7.7492918931004561856 -0.48258657709424535032 -0.68923426271740939608 0.0065957660955982587783 -0.72450854167907197123 -0.28137256233966972951 -0.92391156128900975286 0.25926223804974374287 -0.66767178483056544014 0.38254924230187775658 0.63864737136847271604
0.43696365976916845542 -0.40341481346794361151 8.5238491867774506261 -0.40485328264421394096 -0.0035624068379802916601 -0.91437472011746601108 0.48371826348213692315 -0.84944272523488051352 -0.21086416983183786655 -0.7759577701819199147 -0.52766880313557318338 0.34562287697896809657
7.0857535740946531178 -3.803903271671101205 1.9247111479830387726 -0.46634873047358615938 0.0045867413850458668007 -0.88458907035366041161 0.84223864850565655082 0.30804953653747896292 -0.44242461731085269694 0.27046796584653359785 -0.95135926171059737033 -0.14752164115240212761
5.2306808966589013465 8.5987970047433268661 4.6378995702948051516 -0.81078792487534423472 -0.010400478484903597637 0.5852476150515554254 0.54520907446473365621 0.35041904468828050101 0.76154681946748414845 -0.21300236148343634768 0.9365352759866254484 -0.27844509483067120259
-4.6856805785402162456 -3.5984933451931615522 3.900915207595416323 0.6034267571966510646 0.01217890098862519678 0.79732541855240923745 0.32955245701253821355 0.90669165331362444604 -0.26325923324416666826 -0.72613451011220331299 0.42161821614117167556 0.54310841739167858844
-6.921466710347893958 -4.7335941108066261762 -8.9897415260352531163 0.7116981870475465044 -0.0086445421265944552558 -0.70243217640177424421 0.59728036051147992413 0.53380352790500285032 0.59858998032345933638 0.36978623757572404163 -0.8455643473372468355 0.38507021828738946523
-4.1450054502207027696 3.1547080892932526375 4.6507504058272832737 -0.84019107793628644565 0.011314513658529486151 -0.54217242122531250637 -0.5350034581378938503 -0.18064299556687254955 0.8253117034993161516 -0.088601649742014662592 0.98348365005918791937 0.15782793710139716992
-6.6284665599166086025 -7.9344372440513319944 2.4045517671969420803 0.19608850263755517318 0.0049983543389507459342 0.98057346261628119954 -0.62918992998292067043 0.7676316859702678741 0.12190827167367279671 -0.75210991958716044703 -0.64087175873816648597 0.15366866209571680701
1.4089745321891922192 2.8174389784839064532 -8.0908316356977643125 0.33357661455931125749 -0.01074158673830777691 0.94266179541396000197 0.75903060301678582089 0.59609701583848662132 -0.26180315390082103955 -0.55910570190536090784 0.80284056077336396484 0.20699721755176855864
6.6165023296210856429 -5.8869951059407128469 -8.4224265172786445532 -0.10145667884555306659 0.0033847651685934426746 0.99483420009670331385 -0.80811486420699663036 0.58294715233848504177 -0.084397771464183674039 -0.58022143063256848006 -0.81250302211444536127 -0.056408602974238879202
-5.7888048816715205191 6.2739112785383683857 -3.8992645757533161976 0.96337852860601946858 0.00020693046494252645418 -0.26814504992778964709 0.050101268177073561561 -0.98252824181467390829 0.17924317828991695456 -0.26342299358257764696 -0.18611343642048966407 -0.94655697939191996149
3.1175369146963305411 5.4060279160234774309 -5.0952576742900657081 -0.97154302282592208684 -0.0099371113008285931467 -0.23665461883792648923 0.090758731042136414624 -0.93848248556832691847 -0.33318685001231496123 -0.21878530009565522185 -0.345183832327821849 0.91267799050996789578
2.1576369787592195593 -5.8037603745631001217 2.8595544259058685022 -0.47161494396121078632 0.0042919433661279156322 0.88179415049919962488 0.76716650093184401982 -0.49105584039386429573 0.41269809966008974556 0.43478144449864003507 0.87111752412493970166 0.22829663747475395508
2.5436611684555594515 -8.2286433847326652113 -5.8258190454172824602 0.99814245388096234368 0.0058163918644824879473 -0.060644961425981767922 0.045765496649973862187 0.58547603961229099934 0.80939689050335827947 0.040213941327253359403 -0.81066884522957494141 0.58412230080467242299
-0.75700786659728691586 -1.5324329407119887669 -2.9978737039098271033 0.64406553714068426331 -0.0070919345798646053758 0.76493744079583891882 -0.19320202148430803968 -0.96904732657454717426 0.15368883418340292812 0.74017063084243295279 -0.24677314141174375162 -0.62550016300221988885
6.2125676528295130652 1.8908916334144032501 -3.6765995065860872515 -0.28002242834111318315 0.0034254482351901063136 -0.95998734675514985071 0.64429424279443880952 0.74199250803317950975 -0.18528908959859755057 0.71166872091415545043 -0.67039942148447395631 -0.20998154048730782728
7.5559947395966347017 -4.7373896657746827898 0.63359618543653795086 -0.042122727638834109309 -0.0058082661324505100581 0.99909556092553897244 -0.99162874853535654118 -0.12192109870099462898 -0.042516711657296535343 0.12205777687180222046 -0.99252280061280995227 -0.00062399444213569882356
2.07142349716838714 -3.8374347538916766531 -2.0851218757718004149 -0.98795934617826042246 -0.011579414023402682249 0.15427977012458521378 0.15401859638602682923 0.020810242493794182256 0.98784877677414761887 -0.014649309406945055026 0.99971638527031414512 -0.018776228473109231321
-0.41162029813963763036 8.6084415928805171347 7.8980728263134913902 -0.61551799100026616252 -0.013653601385609817967 0.78800455704510252719 -0.7231881533208840418 -0.38764112805281741858 -0.57160585261019070114 0.3132674538649607987 -0.92170924646065588437 0.22872596559596317101
7.9746212650987828852 4.4067251624908481134 -8.4904663484060254319 0.041666206379316089725 0.0051610081051531274399 -0.99911825688541910928 -0.92493465255028506355 -0.37795981352575325207 -0.040524904336876992061 -0.3778356994220928855 0.92580761681642342875 -0.010974556354907535546
-6.9268133615942533154 7.8839203293629509517 -4.5447424170119479214 -0.97179492196922001579 -0.012621163239435018166 -0.23548956637932630387 -0.12802509024281763517 -0.81037485408940224119 0.57175359389136770627 -0.19805101843542838314 0.5857758121480782787 0.78590234253294855016
-6.3453654786313853364 -6.7763969427835535342 -5.8122386482320091972 0.52074699097677479287 -0.017241608486106174691 0.8535369343650981433 -0.23100050240759031905 -0.9653457756600087869 0.12143434976518197033 0.82186455044373218914 -0.26040403290333091757 -0.50668372814965212392
4.9389072778374849548 6.3801631048390392564 -7.6898214795236548014 -0.90831447936388565179 0.010814088009824533027 0.41814813413197809977 -0.044938115022678519483 -0.99640280632107669501 -0.071847152856841997592 0.4158670128728891302 -0.084050598189070846455 0.90553306099143304753
5.5426619974937318958 -8.022403629690696647 9.2134861240894672108 0.98557693706745885809 0.012808953845172695377 -0.16874250152836273164 -0.069453839216747428886 0.93989910340885007844 -0.33431398359837810608 0.15431871350780856922 0.34121196654400998138 0.92723251051113031451
-3.4980754524316166609 7.6051393535557627601 8.9086664105503192701 -0.30496609969284460551 0.0039901260031681637375 -0.95235484822251015302 0.097736325721732658645 0.99484250602237234151 -0.027129298653371557853 0.94733483450815980653 -0.1013531800460892307 -0.30378321912491335066
2.8660139987615944612 5.375840860746677663 -8.6414548689101060575 -0.83318468696813607899 0.01122108155047582892 0.55288096795823160612 -0.046956202944162306334 0.99474767956157938986 -0.090951465143411736047 -0.55099763375783472608 -0.10174055895041148045 -0.82828163462537984785
-3.6739024269654980692 -0.38000280515910256351 -6.9361308519997155742 0.81837242763176365479 -0.0030715110655940660624 -0.5746800288089520814 0.41329110904049709552 -0.69169208343092236646 0.59224363306613547753 -0.39932070930536661679 -0.72218600619163664245 -0.5647923012762950945
0.089150969463242440982 3.1739777689508152925 -4.6060510335526725356 -0.99946793837822844875 -0.0092430176739753469595 -0.031279494531862413187 0.026782893354370902739 0.31474985321871901123 -0.94879671506728002761 0.018614961119113215132 -0.94912965211452282599 -0.31433483214469037925
7.5687262984542487132 2.1290037936403565233 4.1345599999864504071 -0.83900778431839895255 0.0027018857029076108131 0.5441127067683600993 -0.15574921829286533792 0.95695334506181661816 -0.24491320171864161548 -0.52135220231095114052 -0.29022921146675845216 -0.80247048915024010718
6.2193220534360325047 -6.0077095487851890354 4.8396735811399418381 0.99234470321433021489 -0.006267313226772878304 -0.12333981833658307081 -0.12067054014023136099 -0.26172296539821343631 -0.95756968943513753878 -0.026279473826489763155 0.96512269176910503443 -0.26047567849483277413
-1.4405023084387746923 1.729522583524013557 4.8489942650503605748 -0.44398995942765173695 0.007753787709917544721 -0.89599821132832158099 0.85830590492927683055 -0.28342187941591479028 -0.42776513629792950466 -0.25726229706470388203 -0.95896398109854641412 0.11918134696588657262
6.4341881242318965661 0.91897027954700949426 -5.8054398056016873753 0.92049778252340264117 0.0049379440879245553239 -0.39071658408314963173 -0.38983034318724918421 -0.056875265967610520723 -0.91912866762563694145 -0.026760715607909456304 0.99836908046522909732 -0.05042859576515963671
-1.2006071516360594664 -8.1549678010016410923 -6.9317194957898005114 0.54998514400888809384 0.016921275374140565262 0.83500300107793845594 -0.82857645515236877376 0.13647987890500137831 0.54298646449183196605 -0.10477308498213987187 -0.99049831554324119232 0.089082476220125675348
-5.4065961122896499802 7.393672601553716639 -1.6490444794122784966 0.28859880548257038635 -0.0002917658054300007256 -0.95745007407533300192 -0.95743933125026092767 -0.0048348615619781421665 -0.28859409399521440687 -0.0045449366723548968727 0.99998826942454821509 -0.0016746833290923555243
-1.9451566324373530392 -5.9982751392949893443 1.2241225371452530979 0.99960053952340888195 0.0064447254949570537477 0.027517756043103958757 -0.017399758812552387766 0.90758949484791273665 0.41949798239707314362 -0.022271276964429487233 -0.41980921185106878646 0.90733908538488072804
3.0334740193097822214 7.7097114351020454848 2.2088594167230697352 -0.99981666848420791549 0.0081766447187757232418 0.017313922221018868824 -0.017691902638945627979 -0.048671530192625128697 -0.99865813906955935852 -0.0073229777104911932678 -0.99878136978512321864 0.04880726756945553968
0.76921104567112996708 -1.5150287861545808088 7.6508282665209934592 0.24408592649312554901 0.0063184155721569363814 0.96973302414250028836 0.79783824788689439167 0.56712253977726390097 -0.20451443735167146309 -0.55124966276333764448 0.82360919282222855298 0.13338555694723083778
4.7180714888437123022 -5.0766698653480561987 -1.5976188483952100672 0.9522498029004933251 -0.0038411496706041029295 0.3052958539602432797 -0.11773353502222740075 -0.92720967779204299664 0.35555734859508192347 0.28170752138939830767 -0.3745229752338030127 -0.88338746505411491761
6.1975352663521299235 -1.4227876484244965649 8.9913043490684287917 -0.42736587079888671559 -0.0056858669377728918159 -0.90406088478224544414 0.69817539533804306995 0.63322981501454178588 -0.33402263204975413124 0.57437751507262801987 -0.77394293865505003893 -0.26665107891239070437
-8.5903140872818166685 4.1291805368561194101 -1.9006544667591893649 0.97231160404813199438 0.0046877858428871271509 -0.23364111217309710411 0.022540214141847900869 0.99325583536915906802 0.11373119295742289969 0.23259854552432623898 -0.11584847935548427122 0.96564851082134273152
5.9671797414311136265 -1.2974169733432228124 -6.0262426546458272014 0.90158381536110798748 0.0040107592133317325131 -0.43258587319657987313 0.09058687651162521115 -0.9795386023369448969 0.17971684488544728553 -0.42301376063029294539 -0.20121640177258742765 -0.88349947253801974778
-6.1714292307499984958 6.5331446965319397435 -1.6324421869948224639 0.35632316291454635415 -0.006638902688909707403 -0.93433919351715977175 -0.2945208967947652301 0.94819980568403261501 -0.11905700253382747733 0.88673064958975267302 0.31760518489505262796 0.33591025826234732765
-1.6049085770444813104 -4.9048214902029707574 -6.9884055721214259904 -0.7650823322871287413 -0.00070526795822147296186 0.64393208292437398299 -0.29065199986713641245 0.89271442462475625312 -0.34435791124986087075 -0.57460459430406241044 -0.45062230156116600543 -0.68320502160067186903
1.8029567160692441252 2.9612093834494368494 7.8932924036505021093 -0.34054466946932909766 -0.0057091610544803524444 -0.94021100481548280925 -0.40104599851354905127 -0.90356951139056729261 0.15074563065570129039 -0.85040662930867361169 0.42840348220519181011 0.30541614440322351065
-2.4729446539702193419 1.0416902080274608178 7.1024370735268904653 -0.9998552263288777997 -0.00017435488655244109693 -0.017014581478723273672 -0.0093276868578304056312 0.84192731751054716849 0.53951032083492522773 0.014230974682166865064 0.53959092063327362965 -0.84180705492983398663
5.520137261029692155 1.8712769305737322334 8.3981283906763923852 -0.28597425724249225798 0.017046020349697019874 -0.95808567330102478721 -0.46606232378838385877 -0.87608638489377288483 0.12352552994695910338 -0.83726019524351547041 0.48185275696415330593 0.25848266105584849495
5.9326059885767685742 3.2943457598606555869 2.3593414319456007533 -0.01211821945113015532 -0.0024275032477092894044 0.999923625075911926 -0.89530020673658583519 0.44535615495608071868 -0.0097690869807403810099 -0.44529842642300043742 -0.8953502121910350553 -0.0075702677793899990355
5.653056692839222741 0.67025164840350159867 8.3690639474977288614 -0.9645098181898353884 -0.0045607126327322482923 -0.26400759556484165724 0.0097168953667856154677 -0.99978664022320440363 -0.018227890047213379104 -0.26386813479480480948 -0.020146313097676483983 0.96434834655764045674
-1.3515529425706562794 8.6736458306092121262 -2.7626206242655473311 -0.44969105649643492661 0.0055530619120055784571 -0.8931669033336289143 0.50362991309324489642 0.82743155991758554624 -0.24842287392620962527 0.73765497649287825599 -0.56153911453754878913 -0.37488526044602016318
2.4952429118263284025 -2.6122319356846781524 0.8495671614412448891 -0.99591820430789856911 0.0043718649038551474564 -0.090154407132591082852 0.077103622880319536148 -0.4780684868667654519 -0.87493174202547241425 -0.046925064378471749438 -0.87831168081830957028 0.47578002235389210695
6.4164944970469903751 -8.0382107589809344006 3.2531322668122046871 0.93710244618897098334 -0.014658133422556611503 0.34874653327522392443 0.28649758363414196127 0.60303756866281188476 -0.7444896408635965912 -0.19939443301853188029 0.79757810269940343506 0.56930750054368139956
-6.3213393529451993302 4.1939085621375848945 -3.7356723931619089107 -0.88814955439436316098 -0.0071477236194030097094 0.45949894349852893338 0.18415283216171579594 -0.92162512438148369576 0.34160630046278189775 0.42104406353255602324 0.38801551535470046872 0.81985721708601666524
-3.7285194413891269427 -8.0024586406974869135 8.3108526978582180078 -0.11410185301762025556 -0.01072990196632645464 -0.99341111144466365257 -0.65846764382702216434 -0.74793925187461429704 0.08370924404223001325 -0.74390935548018755075 0.66368045376455864215 0.078275961317099185255
0.83273383922069743601 5.3079239877054247287 6.7214037119878851101 0.66870620183704132522 -0.010071352302022077915 0.74345852842487869516 -0.41117666605210506647 -0.83810820662820106897 0.35848065955761221346 0.6194883089448556257 -0.54541103935053503182 -0.56458926064478376361
3.5370581138324044268 1.8109224416837170768 -8.4568130510019408064 0.90500806444099501924 0.0097269743655438809654 0.42528318714290053171 0.22265890764842352634 -0.86268498880101596171 -0.45408988200796918111 0.36246850089576992948 0.50564809508877184285 -0.78290266942420772001
3.9598938189784109731 3.2081610098972239697 -4.8090307548839117402 0.7897513402659075421 -0.0027313097519700512382 0.61342103036596906662 0.60651832111665304748 0.15313617103894475169 -0.78018256790929740863 -0.091806027569081266604 0.98820132213354527906 0.12259608572630004142
-5.1119506930886293716 4.376679657547027702 7.3229548590476269965 -0.17566139728264032471 0.0011203939580031949119 0.98445000798524839869 0.098731070250129504551 -0.99493750128978364344 0.018749514521571020859 0.97948723793220793254 0.10048936881515280195 0.17466149399076139059
4.3531962980726417456 -7.0784035051328730859 -0.67917282370897835708 0.97648182816584849775 0.0036204719090316395645 0.21556931934925957495 0.13476261278462997595 0.7702176996130617459 -0.62338088950329706428 -0.16829223825559178063 0.63777079533762093266 0.75161568315011817454
7.204100957596777377 2.9114861051857041652 1.5484911035026933668 -0.25877647001054981946 0.013119447884961259881 -0.96584813436493122119 0.018766319628583445767 -0.99965074889306071437 -0.018606597882581569353 -0.96575491912607258627 -0.022940364521248438057 0.25843988828950015257
2.4699157803151727819 8.6176775074807103749 -2.3527593191582019116 -0.54529056177422974283 0.001922804721277751247 0.83824489623355546986 -0.65782477072022804698 -0.62077673370172736789 -0.42650066579207557282 0.51954285123224308585 -0.78398504431925786218 0.33976856243166098093
5.493925605538272805 -4.6022276611456813811 7.1218621086503901552 0.89558043601403114486 0.0083348870355860679715 0.44482155105985560217 -0.44487232432859696862 0.02785461000209603355 0.89516073179517630098 -0.0049292672470708648325 -0.99957723581500756982 0.028654004339314455285
-5.7722322456886736575 1.9228113801768658142 -4.2866152836955917493 -0.96653005059898833284 -0.0027407609301594183099 0.25653878755136216849 -0.022480167689111391766 -0.99519204472995415056 -0.095328045016668930267 0.25556663191708095528 -0.097904455136407136928 0.96182140458354159485
-2.4688701402974100318 6.5881378342150158645 4.8579170093404258068 -0.99240908795575311085 -0.0020159040186669397419 0.12296397144608076091 0.030942732687482207149 -0.97179254254000824176 0.23379863463510408561 0.1190241548452656839 0.23582873106206803104 0.9644781284035741642
-7.2380156116841627423 3.2511121822351611854 5.9918898801036455382 0.98564603674987538717 -0.0052004400855165059531 0.16874491299648317066 -0.16770567284625492732 0.084748567262644070031 0.98218760307908636875 -0.019408697391811301214 -0.99638879749317932344 0.082659946139037848711
-8.3066182003379527288 -5.8672923923126081291 -9.1455559126328811459 0.99704720764356680185 -0.0020235357910220186373 -0.076764386490096175875 -0.036574199950499167167 0.86647368340682950905 -0.49788119452475537718 0.067521801133398576256 0.499218650759828797 0.86384115733463517905
-3.2030747364843228375 -7.78338436719945026 5.3808257752330028723 -0.95876595336869696595 -0.0027810279800089352659 0.28418323762000458066 -0.22801164368958734552 -0.5893627564188939072 -0.77502402007159842956 0.16964237973687670835 -0.80786373060655003453 0.56442683827719841716
-6.8700373584953871031 -6.9078943978487936661 2.5141102863523889788 0.32789029706414163368 -0.0095274458425613859497 0.94466776216132919419 0.82896325586218844172 0.48250200057801295728 -0.28286346506540405166 -0.45310911878001858266 0.87584304941823676316 0.16610562682935828271
5.6367944912335588015 -7.274464656866181933 -3.0827222066695934011 -0.99890846648446995903 0.00032363777910743036365 0.046709429923943807106 0.0044275996426009619697 0.99612961586895243382 0.087784877685815984605 -0.046500235984832126446 0.087895868204859201045 -0.99504373994604544684
-0.55610041197158055493 -0.42685681894337451636 -8.1077468474903557905 0.90228139929873352187 -0.0026233083950642664336 0.43113964644031954609 0.42987291604032357162 0.082312134545064905011 -0.89912957273231641775 -0.033129330428985623302 0.99660314607159783407 0.075396397166063680584
-0.79571126547052672962 -6.9790175024401923665 -6.8866050138047363305 0.19833226923893151894 0.0016013993509639947235 -0.98013353503412425916 -0.98012013457875646338 0.0058024799856310309287 -0.1983200771958557318 0.0053696155774280553488 0.99998188320874914492 0.0027203827701820816609
7.1565413484809576872 5.4774813158357940068 1.9741393034375722682 0.18740611281587210568 0.0086639589493675769893 0.98224431008501289497 0.98139294192384496363 0.040895983556040869933 -0.18760440312224488379 -0.041795244000518122496 0.99912584509868529459 -0.00083859085409338429348
-2.8907449124673130214 3.0141713011695934199 -4.6131307938675991664 0.9610346630410726565 0.0053286962659377067053 -0.27637652112580113339 -8.7789528769671395549e-05 -0.99980824769204901248 -0.019582138288755358835 -0.27642787255723944018 0.018843376636629570464 -0.96084991462279722985
-6.7535525677442009851 4.1979998951660624229 -4.841894730360237098 0.92344561446775641489 0.0088281768942942949463 -0.38362776282907773417 0.3497216618992521342 0.39210384007946114115 0.85085212451598524197 0.15793339203237341528 -0.91987860171203450488 0.35899916684238486475
-6.4030100893769406056 7.5422506201695167505 8.0284119169279470896 0.077302239920487042513 -0.012269945597109097393 0.99693220037186180971 0.32498990206185401908 0.94562024807261801929 -0.013561341861152837601 -0.94255287770010376391 0.32504122026318382765 0.077086171708149936466
4.930068618513453238 6.4111853390419275556 -2.7121709798650734946 -0.96637048235871181312 -0.01184108094725762339 -0.25688106124776427519 0.054135800048201461465 0.96718508459285634782 -0.24823844846078851889 0.25139094251571347804 -0.2537967709469352573 -0.93401809033760685441
-1.6977934181351259646 -4.80450485675882355 -2.264992732719379287 0.94033869532112401846 0.0015181766364253451371 0.34023643723394381144 -0.24207706430535669284 0.70567504076968678994 0.66589896513781865472 -0.23908540946539680316 -0.70853400198874183502 0.66394106290125176617
-6.7421699426911851916 -1.2215692647537030879 3.9764918989225264134 0.99835386544851745239 0.0098599178647117303315 0.056500808523125771454 0.052173800412296730822 -0.56527472576804516091 -0.82325110322320171896 0.023821290783870213703 0.82484378304452043995 -0.5648586368977908112
-5.0455659807723476362 7.709022523512325975 8.5410108999191809431 -0.2863860412002203204 0.0035471235092348319361 -0.95810774619588978673 -0.92272929597452812978 0.26823511754775553051 0.27680420528691512816 0.25798000262850845354 0.96334694665463627139 -0.073545758646870337816
-7.8080767297736191068 -0.20088217732048455066 -8.7437241902533280324 -0.90942822696724312515 0.005770688130110706443 -0.41582087387925942279 0.38294235927321651491 0.40151816025806008614 -0.83194850589322311141 0.16215871690904967717 -0.91583288112066740805 -0.36736178950581582781
-2.4976421526988237254 -8.0953083077250678201 -2.9116577504800682519 -0.95699026025491451541 0.0039217005950080898596 -0.29009354015869620591 0.041843382960239129675 -0.98758834918686566606 -0.15138818927719213669 -0.28708669958694799096 -0.15701551775076630357 0.94494833409327461116
4.2554535965772659623 -3.7989399028293306948 -6.4665954232206379615 -0.92092287359220370568 0.0085707021680004116804 0.38965061780930532187 0.067369743834605963495 0.98820953350974327645 0.13748903773161341713 -0.38387807766333043036 0.15286746202197012967 -0.91064216932043939856
2.4183996499605284747 -0.38666360714040620694 -8.2667644811588854026 0.63692946301170816348 0.0033179591385516307711 0.77091494361888845965 0.23184602696550224432 -0.95452218150321688217 -0.18744285742224592317 0.73523348599460247588 0.29812144532965673127 -0.60873255614143728653
-2.5047846393496087103 -7.0413111040480700353 0.78702122748283132037 0.19609485406098059457 0.0016792129867830452722 -0.980583493872338674 -0.70943100248361068427 -0.69010414299942945959 -0.14305217415341694998 -0.67694494674680338875 0.72370812629030889518 -0.1341345854557434436
-0.60830316952484009274 6.5082286418782100412 -7.8633493553626374606 0.68678997394838159352 0.0073307733238620262362 0.72681895369234084114 0.72683237224735741666 0.0011228849212264746527 -0.68681397902373797493 -0.0058510116395150465335 0.99997249906774232642 -0.0045570572596434939794
1.6542973562644764929 -1.319855417680102061 5.7966672758608988048 0.94199704283896068535 -0.0025306047235470431264 0.33561163168482699426 -0.19510259778892122262 0.80952445981533105446 0.55371935607883737696 -0.27308706966562223961 -0.58708069717921540498 0.76207591969636923057
-3.4426155163676477322 6.360875478354595991 -4.5100335344591666598 0.72734375780235926978 0.0091304790149969779905 0.68621257081067399408 0.40742769531079553458 -0.81037396708665021539 -0.42106615461462348904 0.5522442675840074644 0.58584184539943617853 -0.59314045646838953196
-2.4937061857993776393 6.4908036753444982025 -5.9761526775079341078 -0.69554899637352307629 0.0062136184957833837106 -0.71845179698341199437 0.52173190116795720161 0.69186602387956019911 -0.49911644763993906482 0.49397106893749087586 -0.72199916616709391981 -0.48446856152552897345
