1125 17.292696884352682929 17.968806560800352656 18.477561601407678893
-8.2382829735703637652 6.386897936946498433 -9.1226871725265734625 0.99586603655439986937 0.0036275487568625240133 -0.090761655601044224917 0.080698184341862405633 -0.49401237550517768105 0.8657017823083029695 -0.04169700566413066245 -0.86944730360048705364 -0.49226288300140863541
-4.8239910528136533685 0.94405125023569103071 6.1059890510337160308 0.58065950651798181603 -0.001179199505582126644 0.81414565464594335076 0.067435950817266360202 0.99663228805218784245 -0.046652705698358026831 -0.81134883375012856188 0.081992023393432381106 0.57878353300010743077
5.3545203836274248843 6.6906071848490578091 -2.3002370146721906607 0.24423740015072173404 0.0023169526012261484546 0.96971270183406876875 -0.54109828808853344118 0.83016624567662733458 0.1343005851321071864 -0.80471158497659911468 -0.55751110865171260578 0.20401134462297501604
-5.0261477979342439326 1.8997483602211586717 8.624549906335008842 0.1701240070238339841 0.0047929332976270611066 0.98541100563410033431 -0.63974574161736996736 -0.76006346213105646648 0.11414429296327811836 0.74952198654678447998 -0.64983117909482623897 -0.12623878310318872864
-6.6648744168951754574 6.5008623423911799932 6.754741022539831441 -0.95615887579313474376 -0.0036405641459261780385 0.29282580237191963013 -0.17893850910816327948 -0.78428501840799469402 -0.59403536919912613978 0.23182151366991610164 -0.62039000329941329515 0.74924964438169028291
-5.6895630013547817683 8.8697265254708703708 -7.0035121342294859303 0.50762664574892524261 -0.0045554761516346685066 0.86156510848714673578 -0.030414864858938080172 -0.99945749166151853782 0.01263559881213463694 0.86104014106249104898 -0.032618552983963509939 -0.5074898082523462417
-4.7613760507421352131 2.2179783071380416715 -3.9865327505588625812 -0.21166923015896102478 -0.0020860379074942392644 -0.97733913533109983973 -0.14551851302094812035 -0.98878391225685835497 0.033626436474572488078 -0.96644735985589080851 0.14933861961205782687 0.20899157236665222293
-2.2183501173176125576 -3.3664177188211401592 6.2746642888218788769 -0.67374318035304725516 -0.0024591905437264041656 0.738961487027416708 -0.68200377962485025929 0.38706652568289251493 -0.62052425357372686943 -0.28450126802051783903 -0.92204851123875197771 -0.26246060926758257859
0.4924910527210021316 -2.6624499120107634198 -8.8909422111032725411 0.16058756421441749973 -0.0034159495942678867915 0.98701568655617755166 -0.49833420842812614637 0.86289977405616768991 0.084065430731744716919 -0.85198277619337692279 -0.50536354362199364942 0.13686868833980503357
-1.8267667586345601727 -6.8295880732792486612 -9.0553713849069144004 0.68466795642591848914 0.0036575599545774634125 0.72884594510689548752 0.72826407713185603576 -0.043696505538203450625 -0.68390207585821749525 0.029346608031462564914 0.99903815625787695254 -0.032581266674692757612
-5.1404223874200241085 -0.3162770719069774028 -9.0930017753838310313 -0.359446165977325649 -0.00074240647323299373272 -0.9331655279729554886 0.7705901842076721131 -0.56422753512994994196 -0.29637485825196618894 -0.52629765510322001898 -0.82561900258767684235 0.20338151538220372583
-4.9280689405074076248 7.8105560603434680544 -5.6693836823143799464 0.064220711000581881533 0.0020473035448730658205 -0.99793361944890113246 0.80494395393101159097 0.59097783092823119588 0.053013530172886021152 0.58986518062051296329 -0.80668520000044385831 0.036305051877556594742
-8.0618280763002072575 2.1073165768364434669 6.812741687213856423 -0.54095210278312055863 0.012350581944030211007 -0.84096271357314489325 0.56728301752478105247 0.7435613424085130152 -0.35398659311345825884 0.62093542379448796176 -0.66855365768331331822 -0.40923734711749698567
1.0907857001057017499 3.2085138382519540201 4.4105586913864742726 0.14183765395542702326 -0.0020954547728148564464 0.98988771534447173028 0.77481347132215450113 0.62259895555200928108 -0.10970243936673870766 -0.61607318118714382571 0.78253827357826744038 0.089931561796942505183
-7.5201135349273933173 4.1893807153634856633 3.8071537009513178873 0.97150150802933521454 -0.0055860746686943385172 0.23696754137727663037 0.01901755057302650237 -0.99466251722869758467 -0.10141405026341460127 0.2362692376651511772 0.10303044496848130784 -0.9662099020101817537
-4.4034603494788209233 6.6582385439606301958 6.4628130529383547298 -0.13033846509075727726 -0.0033099762102904318334 0.99146403292052343037 -0.98527559947150589181 0.11203587745378945639 -0.12915090107728252611 -0.11065205648211956513 -0.99369864960177956004 -0.017863823097387938887
-2.4409388781382150846 3.2812946315876385661 -2.0331251345923786467 0.55528425511645174151 0.0099055554308546626269 0.83160163298976108592 0.13424642520532489853 0.98574825298176804722 -0.10138184779627891496 -0.82075410040954732693 0.16793529025973605306 0.54604069898304752328
7.477999534139294191 -8.9330813936625954597 7.6429964934938450227 0.35088029702742856708 -0.0090043039688052096264 -0.93637702858843874232 0.001552214897412663823 0.99995798733320162555 -0.009034057640599306091 0.93641903429325468178 0.0017164144550455336796 0.3508795322252727944
-1.8860295695782900438 -4.8021124204631018273 -8.3315121486217336155 0.16473496914283522474 0.0053509046648571772023 0.98632335355123768039 0.019631722050567582127 -0.99980497785321542636 0.0021451687076944961352 0.98614247724689707564 0.019009841628029940097 -0.16480788964873605007
6.5552048544129819518 7.7575813106303197486 0.1477261706517730977 0.95015075564704265521 -0.012392611331813716685 0.31154448274323270907 -0.18955479026636382067 -0.81630368852280443814 0.54563474008846413188 0.24755307113921093398 -0.57749000968734087724 -0.77796064532924336099
-5.1121882805744904843 -6.9653656823018925692 1.4625888247828713329 0.9271730113318330524 0.0082927763048259803963 0.37454163576136334513 -0.29483579816799670992 -0.60065219080551934816 0.7431613538115386941 0.2311321249335892003 -0.79946743244588724941 -0.55446349319144438983
5.8296022893790304664 -0.34977430020646360642 -7.3389480610185469089 -0.44864633056356689744 -7.1044154773717204873e-05 0.89370938510489350559 -0.8394134959662050699 -0.34320962384625114394 -0.42141682084294246335 0.30675960109161426459 -0.93925882963760598532 0.15392010293036489932
-7.9834527265076511426 7.651372996569526741 3.9201134992884330011 -0.93979846575375458606 -0.007688890508151535047 0.34164268575490580604 0.050466244817865879568 0.98566222054361563032 0.16100666174752795157 -0.33798225086707733844 0.16855523710592928976 -0.92593581318754558662
2.1775985344005612809 8.7747588088491532687 -1.5748909761501332927 0.94941161271345286821 0.0051575549151209685445 -0.31399202103280060561 0.165549548038128852 0.841425137374020915 0.51439001286936092416 0.2668537741710443334 -0.54034908885149923741 0.7980049657665744256
1.1828761732352401914 -0.97858760378595666118 2.8155466903688775027 0.82834814422790759014 0.0061550619242883141541 -0.56017985251778479316 -0.13410780284881751445 0.97304432988065336918 -0.18761617548093895147 0.54392504002778663263 0.23053600000815155369 0.80684490673941688943
-8.3147556367673356448 -7.7954496410844802412 3.8026580421140803168 -0.84525915712456023421 -0.0068521319898709473831 0.53431264778616938127 0.41455351732388256991 -0.63933654339889045559 0.64760648973705714493 0.33716811618465825084 0.76889650315385038581 0.5432456432099355137
-6.623376596031508079 -3.6843271016881571356 -2.1145024538438481621 0.45571669717326801496 -0.0027799789295639993486 0.89012053320578454763 -0.6965635423132529036 -0.62370366965688295302 0.35467303813031575421 0.55418545942462882348 -0.7816559372085910562 -0.28616860832164908723
-5.5375854613232489143 6.5198911530148571103 2.9604772763392719348 -0.83350424416274271344 -0.011417417690655504159 0.55239507377980556768 0.40371839571025941451 -0.69514398163950519294 0.5947993794173861426 0.37720303806832161664 0.7187798601544579391 0.58401488055384787046
-7.9485828657523667218 -3.5033667505645427198 -1.0097562463723039894 -0.96706032295876132032 -0.0091312040660418789667 -0.25438347601720912028 0.034973165976841462388 -0.99464529863213413385 -0.097250231723266647443 -0.25213331675899275375 -0.1029434360266406473 0.9622013508403400861
-0.84832995874651462298 -4.0066559316695569137 -5.3762084711595354847 0.18999872800298281406 -0.00633534188969030361 0.98176389564936938914 -0.035879925075651908362 0.99926637284057240329 0.013392053114123406155 -0.98112849022638459751 -0.037770088074834132219 0.18963202818351304613
-5.7975811421577381211 -3.5244324969620466348 -0.40583045243510812439 -0.82026627135343976871 -0.0078013014513543454606 0.57192865269665404959 0.57162541943079558937 -0.046475211312259831486 0.81919743321996385532 0.02018969886490131968 0.99888898003192971853 0.04258147050779280407
7.8246466214751562163 6.5453496548541032496 3.7905921585826507503 -0.95948118628345824277 -0.0054211969086938854162 0.28172054201294322029 -0.076021523843860794312 -0.95775842321221527076 -0.27734370495553234415 0.27132375694077698336 -0.2875228919410298678 0.91853906042655852904
6.645024506559614963 3.1666808797299736966 -4.5739332522538891368 -0.21882546222522175627 -0.0016282548383304944195 0.97576265857414734572 -0.35643689870816930299 -0.9307590651319513908 -0.081488035401203195995 0.90833262317325957902 -0.36562947290998698557 0.20309341254324012049
-0.62058562303487552203 -2.631726551084593968 -8.4232504344342427061 0.24801162831074136106 -0.0015903345534341187337 0.96875574994870461421 -0.2625490080315774355 0.96246310301794801845 0.068795302970893715266 -0.93250107270940896242 -0.27140789628396760902 0.2382845006088682438
0.88150022692314511374 6.6255836345979695068 -2.1276190529676655139 -0.74140002133515747751 0.0052283824413524616903 0.67104297357218090081 -0.46281928201527305911 -0.72807572001111053872 -0.50567188781308081147 0.48592625012295165288 -0.68547677564347486712 0.54221515055781888126
5.9310578683634700425 -4.5536457674570547383 8.8429265387055995262 0.006590905703361557566 -0.0032746738608265529152 0.99997291786992170692 0.9908642357029827652 -0.13468280767336696102 -0.0069719238265704731872 0.13470199095266308098 0.99088335228121338094 0.0023570755271333336534
6.8694646381659403289 7.5638885425110906624 -5.3777622193828209518 0.19311514729098386289 0.0052648307190873225303 0.98116197513193736945 -0.98091295716126547521 -0.022122115249076299004 0.19318484021781823223 0.022722463773005914522 -0.9997414133538035097 0.00089222512499683836323
5.9237297877221166686 -8.1622222633956855731 -5.9056120634336091157 0.55035050905795424026 -0.0058679329556921107011 0.83491309999445617596 -0.63699819530395507261 -0.64941293789113729851 0.41532654054271905819 0.5397662608566360376 -0.76041331094496089626 -0.3611426036601713685
3.3010318940435938728 -5.8086735213342661766 2.2126967468865728073 0.48062142021200160436 0.0047408511929863776657 -0.8769153749156953781 -0.010121673806094300119 -0.99988878353354770923 -0.010953185959013081452 -0.87686977491122253259 0.014140187171873007388 -0.48051998184663963221
-5.580694355048289701 7.761413758620894221 5.080953750558666826 0.78559706202421497601 -0.0023958070911854340013 0.6187338007959631847 -0.2141798464438758598 0.93711707023508528103 0.27556957388459862868 -0.58048621819657164611 -0.34900695807108217394 0.73568328355466694468
-4.924382836110074102 -6.9185850826283346038 -5.5152114668689860011 0.99997624527687900553 0.0010644394325944792588 0.0068099816831134890593 0.0044471305906544746425 0.65521478646032360604 -0.75542955107265663539 -0.0052661096968770835375 0.75544189093057878548 0.65519448831293736202
3.4405204518244993928 0.58669248758036984803 -4.7311245523291765025 -0.40752461783261501038 0.0094039350978056338026 0.91314579989454192077 0.49992820326155901212 -0.83449655868746730469 0.23170516852805758679 0.76419596795842814618 0.55093289931121258718 0.3353765987846566432
-5.9988094600764192421 4.5045471004783168567 2.3728254612767400999 -0.20527753621886302149 0.0087716230948079454421 -0.9786644939672668464 -0.062978504043766758702 -0.99800577069832963062 0.0042649362507929302474 -0.97667540214357950745 0.062510321396515300396 0.20542058944187169267
3.9739767871337474681 0.76615120759581267773 -1.0726848533192088198 -0.7458992712310131834 -0.014971762173270616175 0.66589047411279822519 -0.6363620332698957105 -0.27917522708230468886 -0.71909982283140749804 0.1966663158487058638 -0.96012344983390285336 0.19870913740818457738
-3.0430385901089862521 3.3448753976249014919 -5.6101892312367542814 -0.92172350396421298679 0.001353702037762131126 -0.38784526519023942992 -0.13105059140391456252 -0.94226620177243269882 0.30815604405870022919 -0.36503633344157032647 0.3348620200739288455 0.86868630861746842786
-5.525887806393260604 8.8939673020898837308 6.2483610102501030426 -0.88861648659906966596 -0.0064841603379301995455 0.45860516286778829631 -0.28566878768604891947 0.79009121622065270341 -0.5423552468564437623 -0.35882319251473066002 -0.61295499485320081856 -0.7039404028736181429
1.1737358680585014969 -4.6638818197913138874 -3.181110905806190825 0.85791161560206419257 0.0055527276411420599389 0.5137672887904888297 0.44827345448058142363 0.4805473554024230487 -0.75374077057299138094 -0.25107482913152756598 0.87695119957237765984 0.40977801764502858051
-6.898864846099358239 7.6014128013354484992 -3.7749603003048961547 0.82790855877952274078 -0.0029022743192680840185 0.56085559202316159766 -0.095138402424126439216 0.98476815945625417736 0.14553472611498663447 -0.5527351107755626991 -0.17384835036574319833 0.81502186988521263533
-0.57787274262216259402 6.436633672424953545 7.4509001889317056921 0.73232514480702481929 0.0046683539832757820626 0.6809391226493520799 0.60783522888061491951 -0.45527760504118536256 -0.65058330510364581478 0.30697917977485617014 0.89033730058841631383 -0.33624882805112749073
2.8379290926499081138 3.3428100875054123087 5.5485205261640038188 0.23553218352831728488 -0.0050201167996526008946 0.9718535841109743334 -0.90695478030597265207 -0.3604641751874825828 0.21794174654302927996 0.34922430757635425369 -0.93275954931257465397 -0.089453933194779608473
-2.7237376795053900302 -7.8594200427623732708 -3.9716189495920053432 -0.39908365618089863824 -0.0005970336934662116065 -0.91691432474371326045 0.89330557989671266483 0.22520968107927175073 -0.38895467663180111062 0.20673020169964237414 -0.97431013701952740025 -0.089344169402726283935
0.08064113415393936446 0.6193089246328613573 -7.3408300201950025254 -0.16542801068952700527 -0.011070540427039688575 -0.9861597316936536739 0.52250417628075795928 -0.84905057353320168012 -0.078118559584737137791 -0.83643467111816116599 -0.52819557619984824903 0.14624115096129075564
-7.5240227626273465944 -6.0377431513668264884 -0.72728728313576451736 0.70272661980120776359 0.0088987698267930324253 0.71140432225166716496 0.69307093663872298972 0.2173087788706184742 -0.68733512307504751604 -0.16071084160595597301 0.97606234766106725331 0.14654118489009751447
-2.8910535231951768331 -1.1672156951658210211 7.8501125157341462568 -0.96875232436608882391 -0.0010626621130749318214 0.24802783066538350298 0.091511988978066713396 0.92790730403086485456 0.36140502348399267118 -0.23053088710328034638 0.37280947664381358653 -0.89881511125246571492
5.0363768011749687759 8.7544149901674686021 8.1284230618751180941 0.17161912095543171985 0.014327029634589495341 -0.98505919291393262416 0.94787012680247895169 -0.27491019440880887226 0.16114157664996336949 -0.26849413408410949256 -0.96136315782980619193 -0.060760009302388270913
-3.2527148405425276856 -1.299378660787989137 3.1832587563444016965 0.80636507602372220482 0.0093531230685814890913 -0.5913441326827048039 0.25760992188630377209 0.89448271238813403805 0.36542824929662970357 0.53236499914533375044 -0.44700469385355101615 0.71887016307359674627
2.3354595384155478754 -4.9038864924683389646 -5.1215788193462987721 0.85671892474896371716 0.0094475941375772119063 0.51569703018544144069 -0.51352761315213224513 0.10903479493133574896 0.85111738557308114217 -0.048187908310611093921 -0.99399303642395009373 0.09826377274127039152
-7.724281186291745982 7.52925484791181443 -1.1512763374547567707 0.71749394156436507863 -0.0059507709390041046982 0.69653932562609666146 -0.60992998806797826816 -0.48833989805558430941 0.62410700494579918196 0.33643402543993689013 -0.8726332175046737083 -0.35401047192670465069
0.80993085703804446052 -1.920769064560138073 2.1326667874961411364 0.8718892014263235346 -0.0016093148831143773425 -0.48970055191068884159 0.11335802710851175523 0.97349693308632001543 0.19862950173999338599 0.47640232800233334176 -0.22869440609021762789 0.8489638923397596626
-6.1187161469822184401 -2.392370902218349471 4.4891636051070769042 0.15086153776551253225 0.0022865872865440984261 0.98855225857890871577 0.72830931535940601762 0.67591572726643867064 -0.11270967480572048613 -0.66843573930783817261 0.73697537350479380702 0.10030434319413131239
-5.3097227418446975022 4.4377720085210370371 -9.1750121628592875567 -0.98273089238464661488 0.0013015913981189769673 -0.18503593978762503114 -0.15540051667079027298 -0.54865864030348998615 0.82147694784371128041 -0.10045233980206064173 0.83604545467368807099 0.53938606317574822047
7.7621294568918326462 8.7942908959222467757 -4.8587638934376427002 -0.28111167533520475814 -0.0022061495767855109768 0.95967252690397875092 0.93426904422325007804 0.22794471555789971862 0.27419438297564724394 -0.2193571949957526801 0.97367157684365412962 -0.06201678361765286529
-0.72860885724916868433 4.3924541692619074595 -6.8351922627795547172 -0.83700865165332005713 -0.012146415499743637781 0.54705482508391711782 -0.5081768709031675435 -0.35347703542083747097 -0.78537268434111262572 0.20291078072947521527 -0.93536434078961561145 0.28969080938678393178
2.907713214163662574 -8.1408914504738145723 8.8344639373675786231 -0.68021420020663858619 -0.0024077288360573496917 0.73300944378555554781 0.51558871121916993729 -0.71237939670838401618 0.47611330165070231413 0.52103447362000987475 0.70179042312301154194 0.4858119793832336164
2.0065181384823755906 7.6598067771449347418 -5.0934096742195968943 -0.7639024071970637042 0.00022713834199690604784 0.64533174467619536241 0.59285387907274156305 -0.39475386029154124756 0.70192141145086728304 0.25490663064520718839 0.91878688399043018098 0.30141876427998254284
2.9173044558455889508 2.97721879499156028 -5.7543926437307124644 -0.97435843030396429576 0.019384443930841314951 0.22416487822388020401 -0.098831102479844487596 -0.93189826960359711805 -0.34899574251337328601 0.20213377371986349096 -0.36220140591024080345 0.90991872113841343328
-2.353668363647038575 -4.5631684719107505899 -4.7160436501038445201 0.080861318405542087495 0.0045260189933102757537 0.99671508583836543327 0.26890897730000273835 0.96280950751005733856 -0.026188054063182541337 -0.95976528855413134611 0.2701432349701060609 0.076636959011995089974
-2.3117205601693537886 7.9074092096698436194 -6.6216179925843228204 -0.093731596057424246271 0.0076726028722580658439 -0.99556793794590148217 -0.26691700470742624196 0.9631695720414731321 0.032552850745485542583 0.95915050982565530635 0.2687852426358147695 -0.088231473084465036893
6.9934048027867135033 -4.5354778462788809534 -6.5272893192307881449 -0.66994810341161159517 -0.0094618130791333278362 -0.74234763610331255812 0.64572336200413071872 0.48599275449795104054 -0.58894174783003827578 0.36634802919749498429 -0.87391161833927244462 -0.31948021039563490042
4.2542030766822893639 1.9697012605133596974 1.2554294978067475075 -0.90014061102111142532 0.0017370047539941851217 -0.43559598621288764253 0.40643766351140081516 0.36308346255698148441 -0.8384383250405036403 0.15670132759362953578 -0.93175500107693154384 -0.32753215399148766229
3.0903702554800771551 -5.8894621270229379206 -6.7423346157776258281 -0.83404186896514154181 0.01163413680973450666 -0.55157846919021302767 -0.13005100151403517494 -0.97574913413821029451 0.17606920296895145484 -0.53615380052609118433 0.21858241944326817219 0.81532866262138969926
-4.531730102660650239 -4.4360157420119792349 -8.4676678468215111906 -0.96166389804683505282 -0.0069946181916292222286 -0.2741416103214037725 0.2465111878074545404 0.41592405138137017451 -0.87535102545655918416 0.12014483542383214143 -0.90937245328772631225 -0.39825489290425686306
-0.79083037688386936814 -7.9546724286480738897 -8.7914558519365186839 -0.9441744473686973782 -0.010315536014350855723 0.32928437960584411304 -0.13675002993151152975 -0.8970621523128121666 -0.42021295101600980582 0.29972327612211652204 -0.44178397956987924822 0.84557251205676242645
-4.3983396648916421867 7.7477680639770962756 1.9272032218119610203 -0.044502031796913053829 -0.0088714766444761283815 0.9989699024838166741 -0.90178811117143187204 0.43064718577155969292 -0.036348369111657598263 -0.42988111346726731732 -0.90247675775587510305 -0.027164866920936541622
-5.7858294103656415786 8.7878831940314334759 0.42897912315667013905 -0.60070276925786714184 -0.0012363342687564506453 0.79947148447190186094 0.78742760237957065694 -0.1738453163434549309 0.59138445785800553001 0.13825322425445391028 0.98477219571983531932 0.10540288667907111997
3.8226560770189497163 -4.4804393815956178315 -3.0396014417800234497 0.84917996329838008052 0.0044180494654926412423 0.52808509803951075856 -0.52592391928310666671 0.097833038045968379048 0.84488622180306083287 -0.047931420367410132455 -0.99519303529800717811 0.085401413547870647092
4.6995671177650786277 5.5659127617795443044 -4.5006157449069652543 -0.75505746903765358358 -0.015743649199252543469 -0.655469569057147039 -0.29677439879587730331 -0.88323203797672178439 0.36307867372077440304 -0.58464790658105614263 0.4686718517272862039 0.66221863514190359989
4.3778922593916762551 -4.7380130112143739041 2.9866933893946834289 -0.2572784422107210478 -0.0046899801971606487616 0.96632593220883056251 -0.088584037194081546862 -0.99566325815618650363 -0.028417331194761134838 0.96226850282457476737 -0.092912219022096370624 0.25574723464472126633
3.2455975130446135246 6.3930316780726528236 5.5508096632028181006 0.47873036229786164464 -0.0045104885855320082932 0.87795039478729075544 -0.45998764309253642457 0.85046359699699036749 0.25519215972476055887 -0.74781589205931542352 -0.52601456793075829221 0.40506797689779122651
4.1050441281872123156 2.9687500720076176464 -4.3274419656703457804 0.965587166967593169 0.012819979529126456635 -0.25976349072235649373 0.10778403524681007264 0.88925107581422535574 0.44453922876282497834 0.236693947394776949 -0.45723973174710624834 0.85726763789296800411
-6.2520519682579500653 -1.290487082318155343 -2.3352159700107071316 -0.84256284182773721891 0.00039352301582198847413 -0.53859790448057165424 0.055501669575294745873 -0.99461263907433805631 -0.087551486956297372433 -0.53573073670050808115 -0.10366071258458708915 0.83800181051168520785
1.0403093242516245898 2.7694127406507869082 -2.7388571308840092833 0.43063335134446084629 -0.0029474587290735905845 -0.90252214886775150582 0.82964167101875097021 0.3949811021626693508 0.3945689124142279236 0.35531621750078623556 -0.91868451680725460307 0.17253737032732530121
-7.8833080036976550531 0.96569446499054245603 3.1038169669024835429 0.48226953127202876193 -0.0081865864916203547053 0.87598463400239579002 -0.11269669244507476979 -0.99222709073904213906 0.052771734057315299038 0.86874366456324469965 -0.12417077033295916 -0.47944349518606477201
-8.198295139819146371 7.8667674759771726301 8.6349183114124574701 0.6356749900741854864 0.0036221761076881964225 -0.77194830580447371116 -0.70134943580589104162 0.42051500726288920662 -0.57556589332671537207 0.32253104639481366966 0.90727835227485420511 0.26985128423733240055
-6.5136351935009217939 0.8885348338057966755 0.82912132057413012731 -0.49823182846028585269 0.0024421359806210147375 0.86704041490634786715 -0.11037441703909875446 -0.99203900842083936329 -0.060630799390710636565 0.85998984480776885508 -0.12590727438584595199 0.49453495840462657895
8.0827131842022534869 0.81420038801345651081 3.0008191722477968177 -0.5478134982419614607 -0.012683814696357010102 -0.83650432873270264 0.83520454407480237968 -0.066029156235154345955 -0.54596109759156064012 -0.048308805620110535639 -0.99773707527149502194 0.046765242733699634303
3.7364897825099285811 8.6813965524029033105 3.1492896912044878732 0.99915173179884497756 -0.0082602660184507813168 0.040343337103395583709 -0.039812977195808313402 0.056589600492355847383 0.99760340013608261867 -0.010523482795064520098 -0.9983633532544862188 0.056212731550989547546
-4.5614923183514743954 7.8617447201205283847 -3.0633768372878420472 -0.35307851920535149315 -0.0010576438855843372372 0.93559309566993342777 0.0082068803651438350377 0.99995738653559929077 0.0042275557616743494882 -0.93555769805538513406 0.0091709597348044735732 -0.35305479334962480698
6.1734989274638083501 -7.1358659535348225589 3.576559138662428694 0.87428226601279779295 0.012367706368078306561 -0.48526030043119006141 -0.41597092501748678117 -0.49617086370032909004 -0.7620909811533086442 -0.25019733986525188874 0.8681368059549900984 -0.42864878078716561749
4.9673120152235163971 7.4487752741370130138 -8.3770178987861143582 0.88350562271299237782 0.0069266490450929450035 0.46836933734804364615 -0.25048530335055996243 0.85190765187458972196 0.45990266957595116182 -0.39582183800312070732 -0.52364623001663190838 0.75440022425043762322
3.876802672249749282 -2.44529674022842336 8.4340114806649477686 -0.62555902644804239898 0.013915990304308617845 0.78005272234837619294 0.41515871707149720748 0.85246296973945978603 0.31772649380004114317 -0.6605445814394343973 0.52260236359664147265 -0.53904325011478637641
2.6802495499777827526 -6.9605015482754515332 -5.4519631729388873254 0.31348574674729590139 0.0022629973216021078905 0.94959020921110559588 0.94583816843384893591 0.088095169069854345478 -0.31245703755918852185 -0.084361399466641076583 0.99610949198859166653 0.025476150618973326945
4.6357470033747159022 -1.5126556609692354272 -0.56529338473859425118 0.032828615969902878724 0.0075576373170337489416 0.99943242097279150205 -0.38381821055739856474 -0.92320088264335764539 0.019588556132020030348 0.92282493638731133423 -0.38424342857749566038 -0.027406648408279273704
6.1992285711204120346 4.3328280715398603817 -3.3442883932116709289 0.68838334027326664177 0.0059454978775925300047 0.7253227060346350008 -0.56204875884968941158 0.63647316475887072418 0.52820744335662483948 -0.45850798194796321683 -0.77127593090744106519 0.44147918285388321191
-3.6812280446605436524 -2.3189471958327851908 -9.0949830524908534812 0.080980380445012295487 0.0098761680132265668164 -0.99666676441434109979 0.44107171859912142065 -0.89706717868422547468 0.026948394748257741005 -0.89381089556727466583 -0.44178381391013005208 -0.077000939813398450173
-2.4051390373811734058 6.8868845577107471456 4.3295477621791924605 -0.99093652787229613566 0.00047278034860682820184 0.13433009419988339861 0.12246542427291931543 0.41410097902672177161 0.90195487638079274717 -0.055199796980083391806 0.91023082547665423725 -0.41040568559098422607
2.0175896996915665405 -5.0336616116440255908 -1.1698244562112087852 -0.85282269584195113943 -0.0035702478276227137682 -0.52218837864072153998 -0.26463954977357390108 0.8650115548562402612 0.4262873662929744234 0.45017702979245882711 0.50173923834563016744 -0.7386463149244915094
1.3045929856378943867 4.0971982580896009196 7.3463838752100265594 -0.26531820238156911262 -0.0045521672973952015395 -0.96415015908204348971 0.86384054111262531528 0.44302643752252685028 -0.2398063701955928384 0.42823564893091214945 -0.89649699019506168263 -0.11361063134953891529
-0.65146168651318314691 -0.20850723233319029548 5.9822737860551793432 -0.83051828688036777315 -0.0079033611364899836182 0.55693528532479230631 -0.52581697308616470732 0.34094920811590373466 -0.77927539952168611848 -0.18372774959611190559 -0.94004849575314342047 -0.28732027366765339194
-3.6312143483280325817 4.5273182412188468504 3.404548251962186356 0.92615814419028597015 -0.001285959841763915229 0.37713318371250503791 -0.2719083598676825253 0.69067138421355944722 0.67010363591198507383 -0.26133682439329586344 -0.72316760528640522399 0.63932126421703938668
-3.420419859028021925 2.2051960325046353617 7.1003336092403239732 0.97975806033443824106 -0.004285046686272900307 0.20013940537605776071 -0.048650482333355796194 0.96470040447857041688 0.25881703994887539366 -0.19418360841789072957 -0.26331495964735684989 0.9449645275074379791
6.5363899801587086458 -0.50359333872158129619 -2.4818645372965217888 0.12530575188276632526 -0.0058472168973011558191 -0.99210094173925666983 -0.34858520825199745818 -0.93648570774916062298 -0.038508074081557867874 -0.92886318752175378588 0.35065699655934257084 -0.1193852990568506911
-5.4338499776637476657 5.6492527990281820038 -8.8259210265594152389 0.7396392452637602366 -0.0063283854301866247771 0.67297380216727764601 -0.63580355860250936662 0.32127759645756226448 0.70180805130927870206 -0.22065271748586237632 -0.94696391565480297903 0.23360590898734598375
1.4490696549695392115 -4.86485656105413522 -4.333034975382681786 -0.81445128555854140462 0.010976111628939794543 -0.58012811380386242188 -0.014103651133333269807 -0.9999001494921759825 0.00088208298480293642618 -0.58006050587571034161 0.0089003381508964782981 0.81452476543319130009
6.7331595466078297818 8.9662558871674775673 0.49765267815110558747 0.97942263131271023457 0.015682197311565088116 0.201209785945362013 -0.16841424523548290115 -0.48586804628233942749 0.85765312545554717172 0.11121129112823360807 -0.87389147512089393466 -0.47322905493668770971
-7.0961955976111603661 4.4721643281273113502 -3.2583342281112996908 0.89792315862044325137 -0.004867379279063032034 0.44012533423124688969 -0.13459066946886963367 -0.95507960258764879047 0.26402330278437408095 0.41906962775312328606 -0.29630940137003047852 -0.85824319732498777213
8.4040842333040544077 -6.6964139541303557834 4.0047260409602598585 -0.9958371015424527517 0.0031550020536168653547 0.091096175295711984132 -0.072948823100463675018 -0.62681395415927110282 -0.77574656691439070055 0.054652871834054518596 -0.77916257150437295831 0.62443474500311668685
-0.080195212772454102512 4.168418998614846771 6.9772041545036609378 0.28005795996715610041 0.0010442926150782587749 0.95998252510766235446 0.95117603799440897383 -0.13544684573324611288 -0.27734148035650435515 0.12973697932517749831 0.99078406397864693389 -0.038926273411949680048
-3.7764537701698337457 3.351748279312074974 9.0477151498786163586 -0.6584221866688226843 -0.012138203973954932516 0.75255092060704398271 -0.57715057120373980393 0.64991432352541633755 -0.49447809884313315143 -0.4830915464604690901 -0.75991054478845287967 -0.43492358140002829181
3.5594645856025590724 1.6051915551474766897 -9.1600220937531879883 -0.20865248716422085673 0.0035656866934120658164 -0.97798334621736859873 0.25512970206825785757 -0.96516865764216308587 -0.057950819044651095957 -0.94412550792918226161 -0.26160418227500370492 0.20047512836636194322
-2.0659563952800339415 5.3215293373423797618 -7.7737586788202133192 -0.95538137366291131514 -0.009386794543256100215 -0.29522587783967019215 0.26499888918113900793 0.41424232659616677665 -0.87073468036436407758 0.13046846205409803887 -0.91011822470725889378 -0.39327191288591845097
0.74299794891092074689 -6.9287651748867196133 6.5640227308864904643 0.33162288019970520558 0.0069509687762310786233 0.94338642631785785131 -0.01297409574053635592 0.99991189361703647354 -0.0028067494720275419293 -0.94332281758032909824 -0.011308803471590854126 0.33168384464158762182
0.16063020127995761288 5.6873394665175673879 3.6558081937367994385 -0.93591594033952574261 -0.0010915934980251567818 0.35222174981427506468 -0.26845181146450108889 0.64959229510848803812 -0.71131109583415952358 -0.22802407228179036314 -0.7602819599062378142 -0.60825682396568192534
7.3560970375116996323 8.6989004382148991112 -0.55527456528714169703 0.99611079588458173451 0.0060215792064531922095 0.087903486311542211595 0.086342946067945014477 -0.26548621186358495327 -0.96024057765449244428 0.01755499889496233562 0.96409585202602532394 -0.26497360268454356325
-6.9289821830876690001 -8.9567074918825220209 -6.6286941625390856103 0.41345733018833474848 -0.0076157453242407533237 0.91049164550640238058 -0.29548821615687798081 0.94472153487628351964 0.14208425547317157789 -0.8612431423389447227 -0.32778532908603036367 0.38835168058080488107
7.3330607178921622946 0.91158661530408213736 -0.13172106313746842488 -0.98519982771938086064 -0.0079397359577599822822 0.17122575756691521542 -0.098804052474248393878 0.84258103388840044357 -0.52942890036915790652 -0.14006805016189974311 -0.53851106016907013263 -0.83089516751487058066
7.6381857514875681758 7.4946204377473213398 2.5900098306543863913 -0.97345843813291832447 -0.0062607204618099644017 -0.22877821707291190467 0.22709500064704787881 -0.15046625619762218906 -0.96217865618956199825 -0.02839947022181764022 -0.98859532121337756472 0.14789442506710018255
-8.4930363219825384391 3.2174345609445871297 -4.0590860003047772864 -0.97864484567000109561 -0.0024439735981083192742 -0.20554389564431377324 -0.20419572704375724137 0.12650482969128676314 0.97072170735074703174 0.023629877288655593004 0.99196298068923904889 -0.12430234849545690468
4.0283142675772225516 -4.5973318964256550956 6.4477478333939028943 0.99981235948896463039 -0.0066490087171697043536 0.018194408380140213166 -0.015292197535155909599 -0.84746457939015307215 0.5306316381197421217 0.011890942257720044789 -0.53081030261503503453 -0.84740723865796396819
-1.5040425188644872545 -8.9250982348254126464 5.6800708177016874245 -0.81128797129614138584 -0.0032902251758270507562 0.58463749627295091837 -0.55562246310049545617 0.3154992736510933149 -0.76924891083668334169 -0.18192170329040618926 -0.94892011399471387634 -0.25778888868221933039
-3.5901087930332367115 -5.5903370447429372447 -7.1912821677072571447 -0.99884135346080293871 0.0012288927821600993673 0.048108631648789770829 -0.020931164425842883892 0.88907244452193023854 -0.45728773736875022449 -0.043334016342518807963 -0.45776487219364625503 -0.8880166016541238827
0.91373338624194733182 -7.2068442093846494245 -6.5132650596348637961 -0.41898584002104438673 0.0077731158274956593801 -0.90795949498404837641 -0.74650261955966334959 0.566306930565777078 0.34932835468048201166 0.51689912444533125946 0.82415777558874214748 -0.23147193368562643534
-0.61662501689936077831 2.0517841021566289861 -8.1930807160901331088 0.025205825723452597587 -0.0036130824648540511845 -0.99967575342451064913 0.90782395572249507953 -0.41864085025400421536 0.024402948903176853446 -0.41859327725862910397 -0.90814469339080261534 -0.0072721454967536805492
-4.3830245020939093692 -8.0080021408010608752 -2.0874494157275034212 -0.99987521725704253672 0.0082398743980046859625 0.013477922131495873037 0.00082682027851689599007 -0.82472023863741639182 0.56554031186972586465 0.015775496293444081497 0.56548088601778023765 0.82461051488867131987
7.3907283479844974039 4.1143300629607972851 -8.5410477062263154835 0.99987244363142169234 0.0077613021222898981311 -0.013959178191345881018 0.010643228496263406474 0.32788179310904752572 0.94465880159693049745 0.01190874273734181428 -0.94468687507379511814 0.3277573643864235553
2.3352420628661509916 1.9103230885371160763 -5.5084436900247588653 0.1874850344183166817 -0.0034495524822663343328 0.98226140230429848099 0.84378220427950456628 0.5125133222388756904 -0.15925352827759767238 -0.50287270119834748261 0.8586723444454176235 0.098999248857091035059
7.630611751419039912 3.0812892571503391892 8.407543876725046772 0.3589451882640022351 -0.0038866510573753723298 0.93335054816823348478 0.37401717638975673363 -0.9155928668896906597 -0.14765112212974787487 0.85514297260025917691 0.40208779643789077651 -0.32719397972491265358
-1.9478572537895479933 -8.1401562427015097256 8.6111407014013323646 -0.71261662587300567129 0.0032604577974863859814 0.70154608825387598792 -0.48522885542725441299 0.71993539425940367149 -0.49623178652061905591 -0.50668580243578675848 -0.69403342679402568738 -0.51145586329820136307
5.6653777085797916158 5.4492995714073764191 -1.0200413128376384364 0.89397496324858483074 0.0081148487363197074895 -0.44804342904972638273 0.44552264838500560407 -0.12352506000249761919 0.88670802935767856212 -0.048149089925629724729 -0.99230827305895163981 -0.11404365987625596224
1.6164868645536081271 -0.24790909702600455455 -3.4548201911025322453 0.44503871729093524845 -0.0010677846108935913627 -0.89551069225793000772 0.87364975193549776478 -0.21909277010838013044 0.4344358054176401529 -0.19666380209598147144 -0.97570344773503336899 -0.096571895616239328275
-6.0741758077061023258 -3.4479653107013823465 5.4499149443658989611 -0.99921605096248966582 0.00047120956202957082646 0.039586127123292139118 -0.01406614248353068794 0.93045851409257851472 -0.36612715986129251711 -0.037005771640563789315 -0.36639695893094997858 -0.92972245393518571088
-1.4583856866567723731 8.8189817582426552889 -5.8721264701049342705 -0.10822672895866027043 -0.0051418380963064490644 -0.9941129395797931867 0.60739511666987588967 -0.79197445137840294382 -0.062029352805094188639 -0.78699310504259523125 -0.61053257887241541013 0.088835931642079410397
-0.25629369501732318648 2.0417828420212096319 -6.1464101906121433316 -0.98736784963382762115 -0.0006332492310846243172 0.15844345522878169885 0.019080473627423794047 -0.99318988897734095112 0.1149338068632116544 0.15729165596295818785 0.11650512190159328929 0.98065584765266589073
3.9764107180631294014 -5.9160860782619701936 -4.876189902067952886 0.92406297272472159854 0.0067502730456929140729 0.38218065918242349888 -0.36515401726431756524 -0.28000369031415972554 0.88784034436720182804 0.1130051596832363503 -0.95997519094196648304 -0.25627615312561397021
-6.4578003126525649336 -1.1472467096600786896 7.1231400731810250448 0.15479239736365790758 0.0055866843788922810124 0.9879312236569116612 -0.77657905330494569895 -0.61746073903204223843 0.12516872501626560843 0.6107080216327925859 -0.78658186141799801838 -0.091239726006621543752
0.32796571283283826315 0.73265973565010467095 8.057455475334037942 0.84834561132055996691 0.00080709787528264291534 -0.5294422275813491785 0.51889385279879074453 0.19735859389110727014 0.83174440481730749219 0.10516127272386949221 -0.98033103287105105572 0.16700949885785931759
7.5856158123141605998 -8.1029141263917434657 -5.2294002262228067579 -0.5394829626411824508 -3.1042375210787141737e-05 -0.84199651546579812322 -0.80447407890975375366 -0.29517818339424795049 0.51545251615468101747 -0.2485550027299843201 0.9554422217404985318 0.15921862809841483277
1.8795579075352308873 -6.7564307220631185658 -8.0610846982105766045 -0.39333960959687808145 0.0045216372855788940915 0.91938213291234827107 -0.78157687000565234658 -0.52825825201185960811 -0.33178429054615610205 0.48417099024440513055 -0.8490717130946269231 0.21131890172960460239
5.5353405860226132518 -2.3850076768406198724 2.717103074334645374 0.88966332126318614648 -0.0022273414779742555306 0.45661166624248383794 -0.25405492523651318493 0.82850016091812639374 0.49904266182501327842 -0.37941437737914357475 -0.55998439470094096837 0.73652033775685044059
-2.8134931189344669633 -7.9298021800651659063 -7.7134624505951245865 0.55391826362923113347 0.024876509269850324152 0.83219932498420956524 0.72550358218304189517 -0.50477387271989238027 -0.46781181008919109354 0.40843495131704316004 0.86289309691623405918 -0.29765146369008077532
5.42706513987467698 3.083300907111731437 4.7637292947870539805 0.015687694864464900996 0.0089189343571442619707 0.99983716116149790043 -0.3670658089144822056 -0.93008876878022805901 0.014056105960504741009 0.93006267969185452138 -0.36722654424601447465 -0.011317112946891402792
-6.0575635401956455794 3.3750669390080965115 -0.83298692424751208385 -0.91462305650726027917 -0.0039682237012504230703 -0.40428816171887155262 -0.34773551242104394632 -0.50241962520942462511 0.7916151423549749877 -0.20626361265767134689 0.86461481215928337463 0.45814468095624272248
