1125 17.292696884352682929 17.968806560800352656 18.477561601407678893
2.0634725380837526387 8.9831047741719665112 4.4813078796848948571 0.17246541888266628262 0.0059137533932934254963 0.984997820713486405 -0.15852857721300919747 -0.98677973342271152468 0.033681566368178955662 0.97217507142317016733 -0.16195920852811276913 -0.16924788115837902103
3.5958788251517739276 -0.05260782262997769354 3.2579397721699057122 0.97379785206527436081 -0.0076467035012561263702 -0.22728675992810434825 -0.22169490676484704395 0.19083455043535230145 -0.95626018565782389125 0.050686404760474423892 0.98159243186040490148 0.18413904009401807493
8.5135055782974635719 -7.7852506445064344476 -7.4433642686755190354 -0.54782897827626386711 0.0076421519760103400615 0.83655544231925182963 0.27752211113658487029 0.94499510714730228234 0.17310610993832123428 -0.7892178966492189307 0.32699517577609843455 -0.51981657017475613181
-4.4086031638186300441 1.2648922768835402231 -9.2248476536159653705 -0.80501360700425395045 0.0070404314061642868719 -0.5932145689916400455 -0.40369784154313170799 0.7262160790188595394 0.55645148872850469512 0.43471961684720716868 0.68743046113777506179 -0.58177161827323575771
-3.2228435357722595711 -5.6884759336894443749 1.077664387589436501 0.46695088675806439849 -0.0038797830830934795093 -0.88427474047332743634 -0.84442030090114506002 0.29490205672936592451 -0.44719920881339275676 0.26250947560456039387 0.95551960954238224222 0.13442860929794278602
0.60244794687951763734 -7.6078793680868521676 7.6725947924910640197 0.74813364456276065795 0.0028823508547540371838 -0.66354181626078656553 -0.3093199509803587488 -0.88317686564803510318 -0.35259011884872776266 -0.58704106994206350922 0.46903125273017187702 -0.65984275866555730516
4.3548369495337979629 3.5177084761885040187 6.8477110502358922162 -0.20384176817259280767 0.019786884058311800944 -0.97880386838600719202 0.14899436048121567078 0.98877640962407886693 -0.011040485290684234551 0.96759971790687449023 -0.14808676844982518461 -0.2045020658013691206
-2.5824515354199299999 -1.0459464782716796361 -4.6508125848391994595 0.89989995384338494766 -0.0033994741941821620887 0.43608315336413389085 -0.41230223274793453836 0.31915917759303857881 0.85331371032536507126 -0.14208075852781451576 -0.94769502633142599368 0.28580971838420832221
4.4927760312973781254 1.349570898494470983 3.5416032627437536995 -0.81583053031244312514 0.0013874727181065172298 0.57828939185279581991 0.43423061022779269047 -0.65896025454828177637 0.6141784431798963384 0.38192188069191163047 0.75217648051845986679 0.53699741079801688315
8.4447688316539988307 -3.0060584649028485593 2.1323469080285883948 0.68822387747912805445 0.0060572398539077568561 -0.72547308999922022199 -0.68651298399051441379 0.32882121934495661675 -0.64851871871303201633 0.23462271262642572789 0.94437276303065353922 0.23046098838171258372
-6.4537566484822690427 3.0166727715841337165 -5.3928595517885531407 0.68065090567177799485 -0.0064195831864861533159 -0.73257977965552323329 0.67912656498063017629 0.38057908233008547194 0.62765171140555797713 0.27477527790141248465 -0.92472609514639403372 0.26340120654568455194
7.9792203485038113442 6.6922486319958256473 1.5520744102324408598 -0.44268690696436624465 -0.0023974832245703429565 -0.89667304770246591961 0.51080236809569812273 0.8212018773168107133 -0.2543784924858467078 0.73695945828119113763 -0.57063274421098386657 -0.36231067895410612456
0.33334097858524103231 0.85354245013508889262 6.4834392088262307041 0.048705559299716566501 -0.003050594517149971506 0.99880852137259423795 -0.82475067582710825942 0.56393912528066847401 0.041940263479976987171 -0.56339514660343781305 -0.82581072701382074452 0.024950990618132409121
3.9184703606459221348 4.8161577543362588116 -5.5196971407296162582 0.38107516570995231264 0.004003095588852273283 -0.92453539321373434667 0.92384519516569452158 0.03722546859132106617 0.3809518602884582883 0.035941249953094438208 -0.99929887406820594453 0.010487460986718120937
-0.28374103277137902035 5.7349704021869953863 9.1821704621666029311 -0.34341366553652752369 -0.0027184253280612699979 0.93918031521446931897 -0.84334057704264075994 0.44098802624040200904 -0.30709319729730333304 -0.41333246356471620153 -0.89750886952502373362 -0.15373387293362908435
1.195307444839327049 5.7085373671913615112 -2.4129017381887956084 0.99669709053941002441 0.0035812059968695379372 0.081130047909674138373 0.043161629819896352167 -0.86960228819896223662 -0.49186271872383635628 0.068789413585922415395 0.49373984579184831967 -0.86688464126189290759
-8.5017185301057445201 4.7218139688668898657 -6.9957231573690279447 -0.20740893821151556997 -0.0026994041293923855609 0.97825060468532953895 -0.96151597482084039115 0.18475764444637782224 -0.20335103388623954057 -0.18019035077933887035 -0.98278040580563208461 -0.040915907054073490101
5.2063735396615005158 8.933140846752738895 -6.5244774055082608299 -0.82960935779176447902 -0.023579660534521786758 -0.55784613745503419668 0.55747954774212737927 -0.090564578593909803028 -0.8252360940685006252 -0.031062313399705030609 -0.99561139844476009841 0.08827840037663782502
2.4568743141443567524 2.478635588354504371 7.4347197572090415463 -0.6281151584746159644 -0.0028314247555097215442 -0.77811524257533004612 -0.47334104190161391257 0.79508204214235211893 0.37920021665842690295 0.6175917792083300828 0.6064952838203052643 -0.5007433124444330419
-0.024563443925989743993 -6.846964363546812038 2.8344567073386457423 0.79036400313535970508 -0.0052352124235185530654 -0.61261516068300814197 0.55899799377004788514 0.41534724064300793112 0.71764051770476511294 0.25069101601187016026 -0.90964787816022096845 0.33120198104746412238
-7.2101057370769758847 -4.5915699055797247752 -0.53567088963320974582 0.12137616475098347846 -0.0027216357264360020903 -0.99260285075610821259 -0.48203014235191371517 -0.87432804598614188851 -0.05654564409489727661 -0.8677066142968373752 0.48532778686258032375 -0.1074344954127107038
7.1001459708829131046 2.3469907516717478657 1.4233197713137368812 -0.30862596997038316271 -0.0091375144288629184947 -0.9511395883306950072 -0.1068726292947767692 0.99395511153206939081 0.025129213418666279667 0.94516043705163810262 0.10940631649709509077 -0.30773691059577501505
-4.2997471028915121849 -4.515051925131101207 2.3459931258600001946 -0.44616606701294658777 0.00043113774329067667754 0.89495008506996187592 -0.78905510511532561679 -0.47204684115081158025 -0.39314605536752311732 0.42228886054180270193 -0.88157336273273845251 0.21095147399964619961
8.4142962111603001318 -8.9459710439644553048 -5.4141706208788908938 -0.75610120403343283879 -0.006330137444048208363 -0.6544240969121740692 0.46540470155041729905 -0.70822479635914181717 -0.53086354329246454586 -0.46011893357498268031 -0.70595861577156993061 0.53843569698128768142
-2.2947219397824034637 3.4225630358136274189 -1.0605784194725280667 -0.39741155797447386133 0.0098673629266484100958 -0.9175874283888515448 0.81751422288824593387 0.45800529187495320205 -0.34914416505208434316 0.41681476576983511606 -0.88889470004245296764 -0.19008330613948140608
7.544888697534513966 -6.6138515819850756117 7.0853429304851314185 -0.34030692508109022798 -0.0054014868286535490383 -0.94029889964940749358 0.89795112676580934874 -0.29863587581225925494 -0.32326519704142020473 -0.27906087271807594741 -0.95435184162774833183 0.10647812780039650482
3.0437683365817682635 -2.2393904884761721696 3.9125347026067842648 0.036021592787091744059 -0.0029736451930353125818 -0.99934658766976347533 0.78079318907300254704 -0.62406886583335441365 0.030000776568147115991 -0.62375030320660951322 -0.78136368493258723245 -0.020158152642678804634
3.1658531475523976617 7.9115082862342100967 -5.0672467373681824299 0.93886937124436264934 -0.0004400095277166246252 0.34427330731718142065 0.32700037025007977487 0.3139150601422112663 -0.89136305334696541713 -0.10768036773570500986 0.94945096840621245882 0.29486911841839785753
-4.6993909399196036603 -2.0473479678265382731 -0.3255478716287271701 0.15817495735711703531 -0.00015268645909853042694 0.98741108944116784407 -0.94790547587775575433 0.28000839433030555448 0.151889788680243637 -0.27650658521237780896 -0.95999753947145272104 0.044145583502168656009
1.4448913396587594882 -1.1430795614769255764 -7.6427953125652869915 -0.99953424965212567255 0.0062493875841307501909 0.029870201328863612428 0.0060667749201120547281 0.99996237477681682027 -0.0062002639317037672173 -0.029907825308280743676 -0.006016160368245950657 -0.99953455558061587993
-2.2384613661984733568 -1.950363833741409092 8.6489138234071649691 0.52866895362868937536 0.015048011834770358766 -0.84869470058953888625 0.34142225785131163907 -0.91916551433661120019 0.19638125953894786102 -0.77713575346449004222 -0.39358393589456025508 -0.49107199685277569401
-7.7446903249302696537 -8.9743296375181120794 0.64640632320134749911 0.98673744486615055926 -0.02006237702220669411 -0.16107984332936059468 -0.0027662978605052512826 -0.99426705328338316203 0.10688954275864534504 -0.16230083947701967606 -0.1050263194787334764 -0.98113603018222728114
-3.1934296462568418917 6.8735527575037895787 3.2783353465322009335 -0.81217471349168668393 -0.0077629947792294314718 -0.58336264079582045294 0.55191891013002780664 -0.33431645966763295919 -0.76394896520368482662 -0.18909720094499551934 -0.94242890485541486179 0.27580791846390673161
6.8948692222257701445 -2.132645709157813485 9.0138149138179279873 0.016463332432861969151 -0.0015493795898317390403 -0.99986326970644157086 0.43910597914326249258 0.89841630513172088257 0.0058379580471343882689 0.89828441919339629962 -0.43914205229794905927 0.015471268136475988322
1.5319644805105341323 -8.0384307820544336209 -5.818813127953805342 0.24590339363181190624 0.0011675355459639024866 -0.96929363861546902204 0.91254984718763876295 -0.33740909196460128205 0.23110145187087324792 -0.32677866729287685654 -0.94135739308711641193 -0.084035475140500581759
-5.3702005826913401521 -3.2779631764804784133 0.15534046129647804957 0.10666940542563346783 0.0011917028323221428437 -0.99429382869985949434 -0.7227895517201864406 -0.6866106622117458258 -0.078364931322878500497 -0.68278613186710013228 0.72702433135446542511 -0.07237900074116376814
-1.3112755690560524702 -8.7933445891998776034 6.5610134367076184958 0.83948092060213508336 0.0011277745715393937276 0.54338799404301574292 -0.13056155800038704573 -0.97028472270976917624 0.2037185225958071666 0.52747081769332593293 -0.241963395993466307 -0.81438826826125632063
7.94892101768985615 -3.0947077569687730936 -0.51657185695904561662 0.41374377665117989533 -0.0056952560395607445404 0.91037555510952117288 -0.26032819096061227127 0.95748526356898389089 0.12430286818657348968 -0.87237911499150122552 -0.28842595948855365151 0.39467093333504188468
-3.1323011433598622055 -2.1562144095496842411 -3.7261549156998134968 0.35207104297257446612 -0.0048610792062821674836 0.93596065654986415616 0.89566183161133650081 0.29206135578920183749 -0.33539536050562795966 -0.27172755490452532579 0.95638723034318706695 0.10718022925017682556
-2.3880487729466288727 -6.6155684817845816781 7.1431874312765861745 0.24869800324935453784 0.010491726983878336271 0.96852425206842007732 -0.33727366043096118631 0.93829806478392574487 0.076440955004000846196 -0.90796243378191898721 -0.34566843258721857701 0.23689143832871334405
-7.4032704178150785523 -4.6970043558752960777 5.7976319227375077148 0.32953669555161707594 -0.0014964043566899915688 -0.94414158210452725495 0.71198266184305136761 0.65714705821126606633 0.24746400368471313524 0.62006955700160315548 -0.7537609068253203759 0.21761948401133482389
2.2013763609344541017 3.5443231620299711082 -9.134306985119197364 0.99761252999402016961 0.011185236179943798887 0.068147857563724462127 0.036778082070795900527 0.74917081162899978874 -0.66135502393370426688 -0.058451797903302980808 0.66228240614909483774 0.74697081725255887186
-2.2115216339311678517 2.3483471083679616775 1.1699898349230684058 -0.58909771086814988195 0.0093919259497580176443 0.80800722693362259097 -0.68138224567461969094 -0.54328963685081077539 -0.49046366406693692186 0.43437555447976833323 -0.83949280057516761921 0.32645017300191725429
-5.7712715690105644839 3.3994127250131191964 -4.3053888978363277218 -0.83674356256605708637 0.00083646351420984654118 0.54759429401048353991 0.41324455519653763291 0.6570870700324118463 0.63044866563169243978 -0.35928978291141389079 0.75381422295228905917 -0.55015903988789782719
-0.3758218915761435408 -2.1590316779109741674 -7.8947020193639492192 0.65938825434421644012 0.0015589435573860528118 -0.75180097082122010477 0.59097559707678959384 0.61705096384464963588 0.51961134675630393787 0.46470955842607009068 -0.78692164648910933877 0.40595486029138788675
6.8862842485950395144 -8.9330072415664893981 1.057162313794181463 -0.46727397148315719111 -0.0047260675601425057579 0.88409993771048300815 0.54290831903114000756 -0.79077298404853579861 0.2827165450153428794 0.69778620844831540371 0.61209129383133797919 0.37207345419282256138
7.1440533859834696173 -5.4983237259425870036 6.7751510816604589849 0.53572862613497262974 0.0064805592965390887428 0.84436534834813259387 -0.83753651963733621866 0.13122640223834214357 0.53038873444821177383 -0.1073658111945712812 -0.99133124318096654815 0.075729445262274264206
8.3043259597445864273 6.7894088210454208721 -7.825035431387993512 0.89166598700339649852 0.0025943761025235502135 0.45268646636955878204 -0.32814548227367412725 -0.6851672714562097033 0.65028174862025278635 0.31185302641602358209 -0.72838113603947562957 -0.61008901856789077289
-3.4709951521260333784 -3.345295989175304463 8.6453848934840102913 0.84059628104796413339 -0.0094720260902064565972 -0.54157933214815168199 0.43091674919468248017 0.61749564662342970589 0.65803486356312068661 0.32818995650679400056 -0.78651726435139712734 0.52314619880606638702
-1.8444341211279806636 -5.5589975775435682692 8.3002534980413145149 0.21855468917793818839 -0.0043695660038839487932 -0.97581491827651523074 -0.38429317281270708451 0.91879564284932946361 -0.090184943368271375252 0.89696856420264636789 0.39470935328909351192 0.19912790175756181488
0.4470478239183974245 -7.7175235851481307492 -8.1990926190450643674 -0.080933825695104613662 0.0029147534487037260464 -0.99671521512960903344 0.81308082477716780989 -0.57819932355733816287 -0.067713474417224181479 -0.57649743125026964297 -0.81589033972109592519 0.044425953131664322471
1.6794481183580389771 1.2710919793616990425 1.6031107176250274371 -0.4540035408242250603 -0.0056026136318967799041 -0.89098226449223982826 -0.31691528392014117754 0.93560282407369843583 0.15560224420818261071 0.83273374360421448248 0.35300986715002663496 -0.42654254882456360543
1.5313324579540892323 -4.7438984792085179265 -0.8831897609319627751 0.1588345880400483523 -0.014472412090743909385 0.98719913033319373064 0.061029172206025474046 0.9981243769739481797 0.0048133387983692295722 -0.98541717753564028737 0.059483421041551305664 0.15941991355908083361
4.5866666394079258495 0.046819826991595002441 5.8093759133316522636 -0.93311112243247473774 -0.0054468858865796693225 0.35954688793969857841 0.35915542384960402744 -0.06315564023600742094 0.93113841432186228442 0.017635609215179405551 0.99798882585947989998 0.060887508957862865322
-7.8476885520336123747 7.9365468665269105486 -7.5544372512983546386 -0.56125393135959367186 0.0057201861132703413909 0.82762389042615081003 -0.52300834111382632496 0.7725601337967776816 -0.36001821452932480927 -0.64144859471258552919 -0.63491583626380732053 -0.43061070725556843675
-8.211321588879325617 1.0804078310951072961 5.6446044361139771084 -0.94107455802696959868 -0.00093850585142190526972 -0.33819786433588860941 -0.24482586608599624101 -0.68800094605937167636 0.68316542178020944753 -0.23332160536426108099 0.72570918240548909495 0.64723041572703199353
4.3385388745489441575 -6.6666131178948875302 5.537377594467384867 0.41826396236985746713 -0.00027348740015066628356 -0.90832548295608672717 -0.79042421554968722575 -0.49280949113050881438 -0.36382463485105015488 -0.44753191758285387758 0.87013719070985995341 -0.20634062151741888735
-3.4173171718007133713 8.8893611710879660848 4.4724844664935741179 0.12322252323933126361 -0.018732652307837011768 -0.99220224627040898291 -0.16195988239612577053 -0.98679622827236657123 -0.0014833616180732270284 -0.9790736470056129459 0.16087974268037030789 -0.12462945933556310307
-6.6320909728005279504 -0.21542104056381608523 4.0485376154633900825 0.047559861946296889956 -0.0051710154458733965238 0.99885500455805187325 -0.82827364441619322211 0.55872258159737453465 0.042330211180474475174 -0.55830173696406104611 -0.82933849386854674446 0.022289753038334737117
-1.3022878232319554659 -1.2302131253312937886 6.5226146997664109506 0.75410494584233878079 -0.0089812533098201554477 0.65669252146269962989 -0.55909450164468965649 -0.5334095572103773053 0.63473426133105026459 0.34458535791139882631 -0.84580942378633017231 -0.40726815459539350561
1.3915820724181486856 7.7244594995877617905 4.9363497488334209251 0.32514011137236759064 -0.0088140771331576984321 0.94562477760544449978 -0.94153083951036287136 0.090392174837539904231 0.32457500362614277734 -0.088337909345402254591 -0.99586724354845024276 0.021091396351138793491
-7.6101204905913695242 -5.6961758283103778311 5.0492973343245965978 -0.018277760247944536964 0.0068892296255752896728 -0.99980921279781242994 0.48540398163643239116 -0.87416305490413281909 -0.014897249819738472842 -0.87409890635541309667 -0.485583661129522004 0.012633683244391853695
3.3836780390322944712 6.9658323435047355687 -5.686938354651918992 0.94783994009440664108 -0.00043025570661592033722 0.31874639267193194403 0.026417434701463127222 -0.99645266441466961993 -0.079901231059027758019 0.3176500702112865504 0.084154040075209324279 -0.94446626749396755951
7.902378743080205048 -6.6632617373543805428 -3.125584159089803471 0.93434755843131989117 0.0090417746321756666678 -0.35624834927991044786 0.088262101946600932112 -0.97440288719393064465 0.20675786511774491006 -0.34525996207672404736 -0.22462693458176008487 -0.91122900461252787085
-2.0566873455597680653 6.5985715220314293816 7.1872272348470724879 0.8383143031338835538 -0.0024930875599809927332 -0.54518154194328471984 -0.5338496680723898713 -0.2066285571370437002 -0.81994461476022661994 -0.11060588167061628784 0.97841628353664056306 -0.1745506088503469555
0.78566466899374276522 2.477982068667089699 7.495709315928928973 0.19704405028882834849 0.0092454691205423496225 0.98035104097790748412 -0.28833328813498837473 0.95627889095618978654 0.048934626439890112348 -0.93703658263637368275 -0.29231011616470709003 0.19109484239152049745
-0.1725794874996657291 -5.4125241511318353815 -5.9184270034549104622 -0.3545746282574601671 4.534175474595752986e-05 -0.9350277166695387665 0.81295126655921934322 -0.4940221527969163029 -0.30830561257558891652 -0.46193838463159758723 -0.86944931450310547483 0.17513086054200288633
-5.4566148586916893848 0.063330716673448972376 -4.9412961124619965148 -0.95380856338853625687 -0.012747848800501426422 0.30014449313246099882 0.057460895350471885568 -0.98839456687968840765 0.14062156900156361217 0.29486856379119635863 0.15137262802076037471 0.94347170470240804274
-2.8897891459311830786 -5.8262504922646343175 -1.9420016603274612432 0.25597174258359067789 0.0057166983866209775123 0.96666736075966996911 -0.3066952095697276226 -0.94784003815053508024 0.08681768544106149843 0.91674233862380560822 -0.31869512302192998243 -0.24086698224623567799
1.0546722733426709961 4.4796064149079626304 1.0084082770347075897 0.28514195352138416162 -0.007881150454631360297 0.95845289597836191842 0.69827855974056551869 0.686706293202050011 -0.20209284965838186787 -0.65658291125219103712 0.72689225772735721609 0.20131201232759837749
-4.9875007385772427426 -5.5077513824781965113 0.28336675608712880159 -0.0091091067677022807131 0.0082156689315047125299 0.99992476064863378138 0.084584046670052884243 0.99638874989187475872 -0.0074160729649066295388 -0.99637471024860202462 0.084510128820648663939 -0.0097711260292490820928
-4.1839242177677959944 -3.3980193888284144776 -0.17380301583725749071 -0.045974236761888227776 0.0068648347274184408004 0.99891903755921429564 0.30884734655513373935 0.95108062754218258839 0.0076783096776240171433 -0.94999983477881244642 0.3088664986006885993 -0.045845391940384429275
4.6832434233310955563 -5.6001989908527338713 0.0039507727763182648451 0.91582818344694694179 0.014142853738944905634 0.40132121560175476604 0.35729835260794112761 -0.48485794005504928572 -0.79827981634834266345 0.18329382321176887483 0.87447856328990081209 -0.4490997848125966585
-3.3714197260977782911 6.848224942271024851 -7.6625191724828232154 0.68763880634485019527 -0.0058378924123609638591 -0.72602946980213933781 0.1133701870850509219 0.98856540646591617438 0.099426544843251890571 0.71714717644933123619 -0.15067964743589618015 0.68043777905088043134
5.7549616171703608103 7.5480763271200581599 -3.1069082591260275272 0.54669046204592575133 0.0051320075191635273343 0.83731905580070209449 -0.7342166959535878501 -0.47781767777072881032 0.48230292368244764845 0.402561029026549555 -0.87844403880305621524 -0.25745036142980926019
-4.8401306982071448104 -8.1406058050390175396 -4.5777356582647170669 0.66122146884945864898 -0.00028913475718835186801 0.75019069944487970503 -0.50256988229382359989 -0.74260144767893254691 0.4426811531071928596 0.556964704935321131 -0.6697335338075358635 -0.49116933042482924243
1.5693347049250272462 6.7604029468952555604 -7.3756899443963233054 -0.97837444976990761702 0.0018364503804198693219 -0.20683341965709295396 0.0453326985628557666 -0.97374527007582500904 -0.22308091681244143767 -0.20181274111930089243 -0.22763298630660969146 0.95260424157532597178
-1.3405164861689151667 -3.5353603057954567923 9.1724982100870171564 -0.04099006694400170181 0.0082249622981527270582 -0.99912570000325984232 0.8098353221951696268 -0.58542244555076727863 -0.038043543083285578932 -0.58522351741610834086 -0.81068669055355924158 0.017335640240811189816
7.3171851380479386862 7.8328652311687774201 2.2984885567455202171 0.73116908003366742896 -0.0069554853450629720857 -0.68216082973636238407 0.68187235220808362079 0.038262994397298057125 0.73046973828748495983 0.021020744446647990356 -0.99924349609259666138 0.032719471565949037606
-6.2285042881910701595 6.6862527408557603792 -5.4093270398796535758 0.017858110813744255962 -0.0070775668492475954027 -0.99981548093912697706 -0.36941936694316113154 0.92916937586938264104 -0.013175821553849196427 0.92909117916675731941 0.36958649730980380754 0.0139786194140625597
-3.3917987856434295146 -4.5333361650005832288 8.7558858067145273196 0.86880037892866990301 0.00014756964139634506233 -0.49516247817931402508 0.26049197394889977986 -0.85057514970332392945 0.45679956897500501034 -0.42110548925607982351 -0.52585348998625158767 -0.73901845307667335394
-8.0919200018374404237 1.1594117347558281494 -2.2369066132665698099 -0.19216973277559895594 0.0027102999644735810761 0.98135796123491048082 0.62606262952047764259 -0.76973379548966247565 0.12472156188576490055 0.75572242108001186356 0.63835925493039447076 0.14622272026492758035
6.4793714658475751733 0.12288296240374144142 7.8902455021965485216 -0.5469852778958422812 0.0065765689950083860982 -0.83711639244818203398 -0.3718075189532392133 -0.89783875275642188729 0.23589137944949709058 -0.75004418177548792812 0.44027528069277921396 0.49354979748333555056
-7.953547434702148422 -6.5096743930099378872 -6.2056175962653830069 0.084978429963868964969 -0.0014815787272369233471 -0.99638168959760420318 -0.90476633091657254759 0.41874454466320099044 -0.077787484559693018116 0.4173446452037284371 0.90810286379846139049 0.03424377141230203897
-1.254781394725729804 -2.2823606350576675084 -8.7602397337818569412 0.75432979871758631951 0.012459014963810020535 -0.65637742779043384278 0.49697066395240618863 -0.66412818636701576036 0.55852834417219321406 -0.42896003769308627129 -0.74751489952971961195 -0.50716344608377750269
-2.3581089771321370741 2.1816060643582524392 -2.7115023938609046361 -0.8199666628347791475 0.012811821929128469622 0.57226788225301750135 0.33904779468804102649 0.81637518847436696401 0.46752341605558556115 -0.461195473478042961 0.57737977870888657073 -0.67374425888541300544
-6.3092471159400789205 -5.4771012276938799701 -2.2539586698686364663 -0.74350745529427986202 0.0051096154219534544588 -0.6687081244848234185 0.66578756524714444165 0.099321462384442213422 -0.73950129484154836224 0.062638501611375047018 -0.99504227997614513868 -0.077248166164702675163
1.9003909793050599575 3.5498392047790612303 1.5761454064743118941 0.24794586232916437929 0.0049511743026391108469 0.96876123747135267639 -0.24770376170288596618 0.96707075931803998525 0.05845505034130284161 -0.93657124437620642432 -0.2544594905779093974 0.24100761785202326482
-1.3432791696622090605 -5.7278332039615440507 4.5295810447083892925 -0.1709085117600863124 -0.0059251533050635653982 -0.98526908667948476239 0.68387729127925189765 0.71916233105009175208 -0.1229528042435494295 0.70929692730240867515 -0.69481683496926704979 -0.11885888592089559335
-1.2415966520914745175 7.8108172912989832781 3.3850741712817056239 0.1766837507368051452 0.0014609955045246471924 -0.98426658874416605993 -0.1650564311071314183 0.9858818771745936349 -0.02816556069032732923 0.97032944239349061544 0.16743592730045783745 0.17443045454647579384
5.7513731258300717641 0.79738065725734841305 -3.7681995311311871077 0.41084244057649871307 -0.010879870780309726375 0.91164144126564428117 0.8930768982302955683 0.20590942968177119998 -0.40001870033227526768 -0.18336341747600731766 0.9785105697845482009 0.094312893877870063175
-1.0895903409813869622 -6.8689195837131693523 -3.3414265016647890505 -0.2309894026031084624 0.0035003652300009480483 -0.97294996959170987338 -0.9604281596381802899 -0.16077822177080042243 0.22743815330375882766 -0.15563304937907423975 0.98698435187572031158 0.04049991473420689464
-6.8138717070368910456 0.087919778470329015829 7.7538652465000481584 0.97377417383985176436 -0.0016867091354321357699 -0.22751046871400576466 0.20507749639492039995 -0.42652390030521192266 0.88092030453446190652 -0.098524508801399665603 -0.9044747190944119053 -0.41499205255606369525
2.2790569977282673086 4.5568809862203574212 -8.1944581214486262866 -0.98938722749964080894 0.00015768911119871508592 -0.14530275012862955974 -0.036366842852365514893 0.96790339274311576467 0.24867745184758538457 0.14067823855075228812 0.25132249690501112793 -0.95762551957853647711
-0.70107961082342484804 2.2093905523309000927 -5.9069001045420126417 0.87521705907058100493 -0.013717644980712116742 -0.48353585774766100203 0.29857623583336789785 0.80178043770899165565 0.51768751298714932307 0.38058813815892533761 -0.5974612589308642141 0.70582767951493674552
5.6761048402827691817 6.7770345699221721247 8.6761404340526731005 -0.96724262883201006513 0.0040065714750645263498 -0.25382207223886443792 -0.25381908632429134309 -0.031773193424137889662 0.96672971175887423279 -0.0041914661094027815674 0.99948707423590232857 0.031749331445053097234
-5.5615744304985632596 -6.6474175886310034045 8.8500434587177689849 0.68614261471944670845 0.0008937597274672648591 0.72746650332482432066 0.65519663081415102646 -0.43529439478630427285 -0.61744324827263463717 0.31611024538263449157 0.90028772681912794251 -0.29925962257356220064
7.1185972664200356519 7.7728629213503888096 -4.2320325162762886251 -0.92323707380642971998 0.0013657183631828910195 -0.38422837006485310862 -0.12348123817128767166 -0.94800146130667972688 0.29333532548956203767 -0.36384844285630341121 0.31826304242516434417 0.87539873569539239373
-5.3638393894082074809 -1.0671853836650446734 -5.4044904548488910123 -0.42292387400684772203 6.2205535730004051301e-05 0.90616521282015016769 -0.38805341435927592775 0.90365405634661188916 -0.18117365717026465144 -0.81887114028948138067 -0.42826316976688805216 -0.38215273520155401688
-7.7429433056547534164 5.679537355851304703 1.2713534967325663683 -0.7935536149281029461 0.005900643526556429222 -0.60847172706732854941 -0.38264619766993829275 -0.78234131642007287422 0.49145086430964607382 -0.47313269559705528611 0.62282200268450882419 0.62308763856206494935
7.2126337640383821892 5.5405570778201758131 -4.9984400927476437815 0.52427457456118142787 -0.017158099714629407306 -0.85137639741929260762 0.8314912612300107142 -0.20540651174735458095 0.51616901052873864764 -0.18373473533033529703 -0.97852632286801333183 -0.093422601586274744978
-5.1500616492763979792 4.6211929538327618516 5.7721622329754325165 0.10883101481601489824 0.013059291668107951556 -0.99397447910674141536 -0.99394686491291761588 -0.013673484940320595332 -0.10900763982100347693 -0.015014657633767525269 0.99982122937589035239 0.011492142769298403088
-1.015290955025368369 5.3205204687838945077 -3.5244985592323696544 -0.080734185838925651146 0.0049064286536732570204 -0.99672359167161239668 0.97335953147029063981 -0.21491224364932939861 -0.079899624687799777889 -0.21460012519243401585 -0.97662103934298749586 0.012575045922264214623
5.8900117107547256268 -1.0225675563410949742 -0.0050151317982746173446 0.9906969167666234144 -0.0043171523808713963694 0.13601831238654246703 -0.086197203934408453407 0.75352945302588159038 0.65173875552759752416 -0.10530746005423059775 -0.65739997385021442522 0.74614717934114238584
0.8424697377627674566 -8.9791977118933150592 5.3522366130470073742 0.45367113114572332755 0.0081971431025589080316 0.89113147829610239725 -0.88934087105354753255 -0.059855996041583564571 0.45331013093881517007 0.057055410250549686013 -0.99817336499353581658 -0.019864883043168052312
-7.5181184497711424086 7.8524155140500306871 8.6935023388160796998 -0.80736416974770919275 0.0023589345047346594805 0.59004875462588790569 0.091187527013195462944 -0.98747964784771780078 0.12871977316594823693 0.58296477794526568861 0.15772881954366269053 0.79704058062344840252
7.1021787407009204784 -0.79071096309230537447 2.1454492256094823688 0.46383047001849425639 -0.004880306433101778453 0.88591053594106428104 -0.81417789782507321572 0.39186715000273203424 0.4284325938135518097 -0.34925011922029791656 -0.92000886917355007011 0.17778648673824037907
6.765741811870976008 6.6610823732995463331 -4.8759951584051313134 0.55139475063476406369 -0.0073885949936621751755 0.8342117462830903607 -0.72804675116956274472 0.48397237798341885551 0.48550866672052434003 -0.4073226694945006332 -0.87505208188615812848 0.26148058609158203458
6.7502604046814314032 6.8060022227300809305 3.5763248132443008487 -0.59333150135692891425 0.0018023025023910302367 0.80495619831344489281 -0.76018908316610378506 0.32759138450340119508 -0.56106723539528735589 -0.26470792835253492692 -0.94481777952409751187 -0.19300019731219797414
-7.6471083043003478252 3.2884802444780181219 5.6905461779151558233 -0.98440527739762184734 0.010183367522879377409 -0.17562046821949212072 0.17321318049512046677 0.23042088392112830553 -0.95755073513416288922 0.030715532464303786642 -0.97303777690217818641 -0.22859142763135414933
-2.6886935847859128046 7.9739948392836321744 4.0806538413482318362 -0.27687463213787982808 -0.014715827843765044713 0.96079336097277168172 0.96088705036164279161 -0.010527954555852328533 0.27674038126055738873 0.0060427250340231095094 0.99983628989133088716 0.017055171955177444998
2.2600361046726313852 -4.3556462466107790377 -8.5605998412631336691 0.91565282265686465113 -0.00051631204322192983218 0.40196970256729752657 -0.06775161890740466486 -0.98589070784154897442 0.15306609790108569036 0.39621916472522661357 -0.16738950269677319027 -0.90276859044339863303
-0.71729995786612643638 -5.5598828063881402528 -7.9741462053966474244 0.94141233343557861879 -0.0087055580581657503875 -0.33714541627380512079 -0.16319078061245592681 -0.88660364779143108205 -0.43278486670133647918 -0.2951467221206555136 0.46244803489838970378 -0.83608027571503729103
-0.44807732919499304591 -4.7435438830679279576 6.0431564020152306327 -0.53431098854203751269 -0.0079297557365598306256 0.8452507831980955455 -0.42858932213617950691 -0.85934694535645594904 -0.27898749157782160024 0.72857598126322020704 -0.51133154262181401695 0.4557599072382367833
-6.9639539651017763333 1.0107462760856991135 0.3993561607193233387 -0.22616792598470042419 -0.00041166528711795839258 -0.97408824024709828038 -0.2645727208393914287 -0.96238118414887730001 0.061836330613650583587 -0.93746964998521042922 0.27170257070514358677 0.21755084102047153594
1.6492939082168924791 2.2341786102143759152 -6.8749029936851862033 -0.29161874512431190665 0.010181753077338989363 0.9564804438127358921 0.24333121252192912998 -0.96625772528250619686 0.084474430121164859053 0.92506671570472021049 0.25737587345352791468 0.27930132699184861966
-0.58966517370108717522 -8.7806830081197873028 -6.2133086862897926039 0.99271632083008864988 0.0028040252376286788072 -0.1204426992388656914 0.10509305111639834218 -0.50895793455399440663 0.85435195994468637881 -0.058904642979162237515 -0.86078682511805326705 -0.50554553181539685358
-2.5975799654094333668 3.6374127874536115179 7.999199960650732244 -0.58396860275043360744 0.007319611548762426298 0.8117432440670857563 -0.73741440614264996967 -0.42287675729777685074 -0.52668324612680683661 0.33941223403853615359 -0.90615764159674139222 0.25234433609826079081
-7.8550726917383286718 -1.1990958643581741683 0.71954923619990673878 0.20054854382719433659 -0.00062063525068771756982 0.97968356951662116661 -0.12859179450426164171 0.99133130458407325847 0.026951714931380717222 -0.97120771823280260815 -0.13138439543349073046 0.19873024098413349936
-2.3526663711627167075 -2.0608996351622401733 -0.59224852022488849723 0.24567769657724367049 0.00013767694860197451923 0.96935156184403314938 -0.93699346707864283879 0.25625251414100219671 0.23744029070085365118 -0.24836608475432483956 -0.96660986444445595733 0.063084529817670986773
7.6812185657851017595 8.9666351736290543784 -4.0469634719222913333 -0.71878019842106777304 -0.016506669147843051892 -0.69504140612735998417 -0.33408948622108231019 0.8849262318051072107 0.32448386625533476302 0.60970422464860440925 0.46543860404698561561 -0.64158215709970312091
-6.4720996450149721468 -8.8274584121415955451 -0.490055803219269559 -0.89387253669208277529 0.0066725427951302238722 -0.44827153079341169883 -0.14585019563881224114 0.94116936460987954405 0.30484085610706446179 0.42393349546759562241 0.33786935980130944346 -0.8403122557287832084
4.7440516636803300443 4.6702607545805241429 -8.8891632850351101069 0.90422408279854993296 -0.0017061767231096513706 0.42705491104569665017 0.36136634782804877286 -0.52984300373689929842 -0.76725533823407543466 0.22758113002789887025 0.84809402801347222312 -0.47848024922993848129
4.2725229803843518539 -6.5631138315247987691 -3.706682335263483008 0.98645489800704888594 0.012543397458593001648 -0.16355243005825934044 0.14871379156551389755 -0.48912134961179926096 0.85944430509007463392 -0.069216633810122746295 -0.87212554631422745111 -0.48436152723964109867
2.6822472878705481136 -6.5837820499283568054 -1.2518769399835527611 -0.94708214549797165027 0.0064623438189341814858 -0.32092623418978383221 0.27214514729358785239 -0.51399954030518468784 -0.81347494821321919556 -0.17021289164880945566 -0.85776611653666745561 0.48504109190670063878
-6.4428515906259029578 4.4922279554263804258 8.5285282410318465907 0.80330027042336638043 -0.0016007949757770988802 -0.59557208882983991849 0.56937177032985297753 0.29541443548795326413 0.76716758172950538786 0.17471251440364204965 -0.95536786043967669713 0.2382179433837203486
-0.99127508322145130304 6.9015069052618391865 -6.2300876736077936968 0.751098317623369649 -0.0091770917867963416881 -0.66012657744540859106 -0.034275074237948885414 -0.99909696991461638405 -0.025109042062612753343 -0.65930003530224401409 0.041485246698738362237 -0.75073459874769865596
5.8419544574508472934 8.9440109034877988137 -8.4231457600788619544 -0.82911961187544502838 -0.010656560117187682118 0.55896968337287278317 -0.37686076000219626003 0.7491740882559957404 -0.5447147446659539316 -0.41296081748029100922 -0.66228741737420970814 -0.62517096862646492905
-4.2814728584444203818 8.0329751336104759929 0.57685553378330767238 0.080594664006515756571 -0.0047209645882143776163 -0.99673577874330754334 -0.47343992729840705946 0.87980266744812185564 -0.042448811418052644073 0.87713119621487856126 0.47531566231765770558 0.068672307243628660789
-7.6074601134774155753 8.0412077860119914874 -0.77929266605366409593 0.96103322984927952444 0.00677395719262210462 0.27634985910905329742 -0.037669639822479540625 0.99358335224751415105 0.1066448328415501301 -0.27385421187428432566 -0.11289922781017416864 0.95512179066251923221
-3.4017561147113122288 -2.1511084752781988172 5.761405069350709951 -0.63072405428152800155 0.0050727761879282426069 -0.77599061482240572207 -0.27288134116734813484 -0.9375621811392066407 0.21566856548896351509 -0.72644541501307136055 0.34778071171206420553 0.59272728599870272426
-6.192881537803852865 -7.6455600535130017192 -4.4038406708767929842 0.72398515544644259645 0.0073687855490373894291 0.68977619246597587921 0.68932617023480613483 -0.045387432671688321406 -0.72302794689061411493 0.025979332607265270133 0.99894228159335352046 -0.037939324219872172517
6.2344802122725528903 5.5205392922321676608 -5.6255451645385923243 -0.56886191807158992262 -0.011514326443031335651 0.82235244175136223976 0.6602023636643479243 0.5898734659470599162 0.46495390436513928112 -0.49043751608161728628 0.80741359566125692204 -0.32795476572435272589
-7.2973380238748726256 -6.838936719498174277 -9.1833179562537168295 0.88512268457947018696 0.0018173092731601746264 0.46535419911078274025 0.32740620771599249217 0.70820043569113910742 -0.62550564988320644932 -0.33070078377907918821 0.70600909361961705635 0.62624927252200146555
-1.6943770410732246212 2.4520051241156926025 6.3129259166915279167 0.9965588415563710889 0.0071124444861479932736 -0.082582615903758233022 0.079502456949115715701 0.19983069994684832249 0.97659973924735088424 0.023448553370084532915 -0.97980462567408987962 0.19857759403481620164
3.421619093974656689 -1.0624786508754715531 6.2462634735876134684 0.18286500900512975276 -0.00055965370578249214531 0.9831378719535885935 -0.93883051323782451547 -0.29692222189097572382 0.1744547550538438907 0.29181784711532587906 -0.95490150326347211784 -0.054822104755864298209
-1.1421077477960392965 -5.7798671408291317775 -3.6800401901494028678 -0.77839322773000896305 0.0085429409939945279151 0.62771888706918066436 0.12862623864980834987 0.98086436583604452721 0.14615192972950863393 -0.61445852077656892831 0.19450479169436032945 -0.76459702605551327359
-2.098755660364447273 -5.802873365496608038 -4.5301455641087686743 0.90024669293240811019 0.017023906435890422822 -0.43504721407453145199 0.43417881617249437509 0.039075877282454873907 0.89997879497318866715 0.032321006349107964106 -0.99909121826995050952 0.027786509753963430785
-7.9065749627502963648 -0.32658359285592825083 4.5200186396061265981 -0.29964131193379944795 -0.0056183358928125516629 -0.9540353863899391218 0.77074715118442926887 -0.59078003343636986688 -0.23859543380747638697 -0.56228454818153039696 -0.80681310499674441239 0.18135242066714207798
-2.2555215619732278398 -7.7769761473665939278 -6.976452867828433213 -0.047125983275285859841 -0.0053994742490343769145 0.99887436015643182863 -0.11743221619378636789 0.99308088540216721274 -0.00017218781002134239677 -0.99196210426612341227 -0.11730814433206754321 -0.047433985423917961188
-1.0273205222933703418 4.4387299102345609825 -0.88359606602860885083 -0.43973754959650473984 0.014150814361333696745 -0.89801483391282954649 -0.89131318310792151394 0.11604923485349338819 0.43828459328133217987 0.11041601827942178204 0.99314265316856142896 -0.038418398775083184571
1.7969572179992925332 7.8741492376450334945 -4.339158861233242348 0.89556968734363318063 -0.0080524078094416796231 0.44484839421960320482 -0.35796313169147214728 0.58074180802642683119 0.73116437875470596808 -0.26422969451021932619 -0.81404797840099851758 0.51721229432468462939
