1125 17.292696884352682929 17.968806560800352656 18.477561601407678893
2.0514882551416180334 -8.8896031870517724371 7.4523144996798418305 0.67605241063912402399 -0.010712919833527876495 0.73677565881180784313 -0.21124424596126717413 0.95510608856270629019 0.20772151582999198727 -0.7059242215829765188 -0.29607025000671755022 0.64343873091673842168
4.3132762482916255919 -0.12334435657430017907 3.7287405783169993434 -0.8820483413157239605 -0.01020131449671336267 -0.47104846540956524237 0.024519407938171932509 -0.99940472037288330398 -0.024269394933607486148 -0.47052048012433883573 -0.032956609027995908967 0.88177340609980836561
7.2959133864576166673 -7.8084499860622962331 -7.8840435356117266608 -0.087171123567315128566 -0.006586062017919166317 0.99617158110594195009 0.97665976469920523506 -0.1976190069314085751 0.084157186960876567694 0.19630817413880766176 0.98025677854686865675 0.023659012653142772603
-4.1455013908396711741 1.1716616040438236901 8.7412400065079527423 -0.19696578276828319298 0.0070012621998072760432 0.98038536440851520304 -0.86193872798764947785 -0.47774897389474008103 -0.16975731836311622192 0.46718958637145180379 -0.87846849702771601098 0.10013485964474136414
-1.7398758405612004818 -5.8216667545519840132 1.0595008874641742569 0.77366219710962524925 -0.0032256501958829227744 -0.6335900882624460051 0.43355805083863224736 0.73190597389151645924 0.52568152139432700043 0.46203270589523215417 -0.68139800451941878734 0.56764649044988735316
-0.32577227661391738867 8.9195516248303761131 8.1873639904205006701 0.7248327032520549551 -0.001132115552351319358 -0.68892399479955879205 -0.60849124335388371509 -0.46995843759004735096 -0.63943527717798964716 -0.32304172959236299167 0.88268781868339407648 -0.34133012713453092513
1.8233880448343875447 3.3241623987479465008 6.1956732460610490776 0.64621666987804438076 0.0036940657456034382139 0.76314505138267951789 -0.35010469063829469105 -0.88711468245309810232 0.30075612341054575039 0.67810819281649281631 -0.46153428264252971402 -0.57197498614990627264
-2.0173371120660177347 -1.3272513122923641493 -2.8093615384637522503 0.69706618026064071092 0.012748350933026134091 0.71689345085964706339 0.59105133634593565173 0.55580119113012460552 -0.58458819158623198664 -0.40590276931885210798 0.8312174898827057179 0.3798952834300527992
1.385844404064504598 0.99254961701594557333 4.2789162639249731512 -0.60954702040200614555 0.0028189081673233046949 0.7927449045409724615 0.79145832762848578046 -0.054895744381330636996 0.60875296539430512333 0.045234340345374414449 0.99848811260110126309 0.031230489076604486809
5.0566365343581312075 -3.3225372318546892991 0.54120830940121833486 0.68613749692748904341 0.0090841100855599127284 -0.72741515948879897913 -0.71837405052506930758 -0.1491840543613652259 -0.67947247292054691048 -0.11469114544062836147 0.9887677163360696353 -0.095834984683548535278
-4.3045537944902765304 3.4780050180498385259 -5.172536746625580939 -0.68377658592930812276 0.0042827628530556858394 -0.72967885982631397468 0.37193232860268587991 -0.85828477964567839731 -0.35357259504760157887 -0.62778652699415260496 -0.51315581938715670862 0.58528213842038323556
8.362582352736929181 6.427594024007238005 4.6016834998451656702 0.50529238161921519179 0.0007639977572461062981 -0.8629478694478193157 -0.66473777229667130317 0.63801374496591722885 -0.38866715235120447014 0.55027566106416103686 0.77002459541368539764 0.32289134286696891118
0.43728051127339395698 1.1433524306024407391 6.9952125994824543298 0.02996288998590045799 -0.0017799496258781742283 0.99954942699355453506 -0.1949889859601783848 0.98077605148965174564 0.0075915860643122187387 -0.98034765291611580817 -0.19512859504464960536 0.029039814359020213463
3.5046101618452323301 4.4264959643165608938 -5.5194856974911115088 0.88827626922542912702 0.0087408598789364723436 0.45922637870614380073 -0.15835413421621230556 -0.93269080331298170883 0.32405529403457106197 0.43114874197600883132 -0.36057102321713302429 -0.82710295580947701399
0.8987965607103919341 4.3942619219377316853 3.6124735150024491759 -0.64937155536272994638 -0.0073323471237290143571 0.76043594060992591999 -0.72798694499909066824 -0.28314244721058690057 -0.62439199426225255873 0.21988995201416899894 -0.95904983774207752667 0.178526798352058369
-2.1136904582344135939 5.4737189301872826164 -3.4788799293605849883 0.84802287790789876443 -0.008144152959633600003 0.5298970384115311294 0.26573629065552806239 0.8716321341581835247 -0.41187576589483926304 -0.4585209072369452743 0.49009294575159156881 0.7413281878837075789
-6.6665710618306235347 3.5275908262796251691 -6.6596417028091581258 0.46537401700795733017 -0.0019777494740250613908 0.88511192105901892457 -0.23414483872095770423 0.96409823422215190636 0.12526288065387866655 -0.85358257877834331495 -0.26553847795819784938 0.44820318821855487101
6.8589639018273569349 -8.9481473572060057364 -6.5189571024525019283 -0.88996405941451706134 -0.0014134602120216312182 -0.45602848055878869582 0.42485601371329156928 0.36081324065717895744 -0.83024765761681440512 0.16571463593269825099 -0.93263701808182830622 -0.32051029927454410817
2.0240934750771315542 2.0117883761970092316 4.7558592741184400055 -0.5097064376286638554 0.0059719335703844701399 0.86032766051611497815 -0.42467821830903101921 0.86791492085386934274 -0.25762783439032987953 -0.74822974969823363711 -0.49667698373113949861 -0.43984567236484678476
1.2682785907448330676 -6.8531352079088723173 1.4612914832906915841 0.78754134523753727137 0.0031293802839047844128 0.61625387343238324789 0.60695242352351630455 0.16921870822372209187 -0.77651386617772988341 -0.10671169158307933222 0.98557355675075186685 0.13136734416650655555
-7.1997085551992832109 -4.5942768321315829994 2.5401282188613789614 0.16622684647477498077 -0.0034366662586231937204 -0.98608155080394988001 0.4904441307231778846 0.86782500806088447298 0.079651177161342567867 0.85547249526223556604 -0.49685807300383172391 0.14594130717768807881
6.1928479258775732674 2.1442059713722589898 -3.938773159382573219 0.59827152798758098662 0.00013930436840566755123 -0.80129342902188849251 0.548469120866793447 -0.72910306981625727651 0.40937798797720348354 -0.58416847078149791717 -0.68440389696353209903 -0.43627801178387332071
-0.54500240940423338998 -4.3591349534784287201 0.16351497456641564399 0.91336138129853639001 -0.012956765995569215905 0.40694361939664314143 -0.36620491336776023195 -0.46297564096017895796 0.80718493376852151755 0.17794647672298197216 -0.88627629895680104521 -0.42760890230387482713
-6.2594672427216657695 8.9790639886542216175 -1.8290172783726827976 -0.55189525824405993859 0.0081218445526158519754 -0.83387388708901966083 0.44262358600262452502 -0.84461717274018910384 -0.30117468789186147005 -0.70675029893311092088 -0.53530913232784327338 0.46254529270588451428
-5.6742685312604628223 3.2764387708687232603 0.68549461270637523924 0.8815742142814236848 -0.0084618776490630910614 -0.47196959789884640468 0.41493691149604228219 -0.4628189441809305027 0.78334282685509293298 -0.22506502214324372591 -0.88641244437005961565 -0.4044981016936778917
5.6150078813287063184 -7.9664860113063360458 6.732238780114305321 0.15995939258201141708 -0.0026693563251053201678 -0.98711998625373709171 -0.28334833545833515434 -0.95803792884312266587 -0.04332490844024197707 -0.94558273753178534449 0.28662903104032105839 -0.15400352283988050228
2.0455030302465040393 -2.1946429964425169246 2.9269619857460846823 -0.783284301215239398 0.0072645253802177071206 -0.62162121114115809206 0.41814952673049476939 0.74608528543997998383 -0.51817730570243725197 0.46001812656099899668 -0.66581076404711747596 -0.58743454930234095812
5.1866387051080771187 8.8460775888003801981 -3.2991913494932640916 0.10211252376641055672 -0.001645347955399184374 0.99477149402284459345 0.97402581927403264483 0.20333283460163523171 -0.099646684642381563868 -0.20210575419179349632 0.97910829390979259301 0.022365440296024292205
-4.2047927548291861299 -2.08968452913363123 1.4382899900200540877 -0.16111280125690002896 -0.00057209750779172374377 0.9869358327546190468 -0.97192709108875718904 -0.17364310796826709637 -0.15876334798261806935 0.17146543348057821654 -0.98480848075111304674 0.027420090477184320965
-0.350647642659899339 -1.306954767614840085 -5.7432435683665321591 -0.91992536198912422396 0.016747316640419354639 -0.39173569629887627919 -0.16577709954343322618 0.88878324282579512783 0.42729650190361995188 0.35532419230380868358 0.45802169671045406263 -0.81483792480844163819
-3.2998152063308370252 -2.3972435572393080427 4.2220050403930082794 0.094461104153908681536 -0.013035077173564666927 -0.99544321112000544449 -0.97379249507463638835 -0.20901565048120179791 -0.089669584532849760938 -0.20689436033492938916 0.97782541622571705897 -0.032437309454295425171
8.262897812825650945 -8.9613880891077162261 1.6658465945881921755 0.99684915192211664969 -0.0032139925664207988701 0.079255527023272029363 -0.065426462131084772711 -0.59822540313549266155 0.7986524557629717247 0.04484580654822458573 -0.8013214319454977641 -0.59655076593682554442
-5.8661184303118458772 6.7360870821185274693 5.0832523357290897437 -0.99855819202454476624 -0.0026226867955443729404 0.053615843313155227279 -0.04662821893686768665 0.53724137607141586592 -0.84213865428162903992 -0.026595983512459293874 -0.84342446333412646187 -0.53658906838488229507
-8.4508298217226958116 -2.4231989234768951391 -8.6638298629263985617 -0.25432332813837033036 -0.010707332854972773095 -0.96705997631364137845 -0.95366822084704794271 0.16896879860615107716 0.2489306522790423748 0.16073757902618165949 0.98556323902656117752 -0.053183950286768505444
1.4222216383790688976 -7.7566269106251866106 -7.7167576842695302375 0.2969950339593798172 -0.0029967418144275026828 -0.95487432122835502746 -0.49895951090951179419 0.85212543864895329282 -0.15786590284064924705 0.81414578318390617984 0.52332901347534410696 0.25158177075926629884
-5.4587542396191057748 -2.4769564222467801429 1.3870413733291160341 0.30476840460067022853 0.001217358631731663924 -0.95242571237615758495 -0.80156934463022999626 -0.53976124238196199201 -0.25718551081139112702 -0.51439557279003900181 0.84181727189461119654 -0.16352637534546873854
-0.84736855235512753559 8.8780675375384596748 5.5095660607899956673 -0.75524160566685982765 -0.0049118469580682524306 0.65542809737588159091 -0.17956856615681709988 0.96326357294899356276 -0.19969581637572819677 -0.63036913560122176392 -0.26851287266908535623 -0.72837874082971965084
7.963906544430598089 -3.3419009777573975839 2.0365741796630483229 -0.94092110387068572663 0.00039599643984899882479 0.33862563322571137547 0.23719727239184931755 -0.71291057117679690336 0.65992118580500347402 0.24167112003815266474 0.70125484717838337811 0.67069867231725843748
-1.6134179531176862099 -3.5999242878145789604 -1.8572560538791467177 0.39209762786225055287 -0.012527557099524386924 0.91983830673548139245 0.12253784718168464485 0.99170794578858967316 -0.038727590518470994541 -0.91172579552896770849 0.1279000022377627388 0.39038143295331900751
-1.0111580393080406015 -6.7821293484099474114 4.5231280852340018939 0.15648406440272802365 0.002940423694867365205 0.98767610657366833316 0.17949173841430610121 -0.98342866602349099381 -0.025510285845957606649 0.9712339849022008087 0.18127165457238761381 -0.1544186964701054765
-5.2298437496016330073 -5.5366836580858604933 6.2298761146722272386 0.58213032108092077621 0.0042283777130351562698 -0.81308450366492779349 0.53130333200890123013 -0.75895234803986477701 0.37644136701690383839 -0.6155006569243789416 -0.65113243985154267701 -0.44405572521734726354
2.0152045755179179842 3.2566176028569775447 -8.2569903592315796459 0.74634527605504719094 -0.0053292664746371169737 0.66553762315076026024 -0.58720725852251498544 -0.47598840797261876556 0.65469280660030071406 0.31329916126393853038 -0.87943540660716690294 -0.35838108370379312406
-4.0306030412975202282 2.1923085496796321792 -2.3912192784723611538 0.41631973618551842975 -0.0028043728969396972822 0.90921395323387832477 0.42242889852041365373 0.88610953164374572921 -0.19069274665011615166 -0.80512837669376213778 0.46346740276181180862 0.3700895345991322416
-6.539398423379722658 3.4790541855736405452 -4.4259833836605499968 -0.98822521845140898211 0.0091608125027501062509 -0.15273178166546513834 0.12858014160189840114 0.59077999509852130444 -0.79652127691428120659 0.082934099151494383717 -0.80678068699351079829 -0.58500158828183357329
-3.4859478968975965429 -2.0057535265346682074 -6.584507027094770315 0.50037581959186161473 0.0074646193290802513587 -0.86577613655373408807 -0.77141089178733257548 -0.45019787316425569079 -0.44971892447397882053 -0.3931275558892397548 0.89289761700681002932 -0.21950984110966811902
5.202296726716832076 -8.8490068843555285127 0.83017219245482287704 0.59320346713980121045 0.0053194804355980625232 0.80503499905354147792 0.67803501369071417226 -0.54241641416744235116 -0.49603725046696706125 0.43402553701685675502 0.84009293341236535024 -0.32537009150752682629
5.453151912320741701 -6.8113500905495758531 6.3999892182646380689 0.25530427831764329616 0.0044247858125743546806 0.96685063310914542978 0.62973450847952050502 0.75803533774849563009 -0.16975534028363270522 -0.73365807724232690035 0.65219847285553478322 0.19074322452429701147
6.3608289584703365804 6.7175266018071759788 -3.1074807534734025793 0.60956285600917414769 0.010701087300135468314 0.79266551035401433545 -0.42868748181510130113 -0.83664524110523785794 0.34095715782330587862 0.66682843933728441765 -0.54764060045503437646 -0.50540044046712429004
-1.0202250325239288209 -3.2966079200847793196 4.4910881747721438373 0.99900294033244974035 -0.00023890284237309752924 -0.044643791645781485955 0.039921968479104404104 -0.44283977370949817454 0.8957115446691463756 -0.019984034623923129653 -0.8966007348571164437 -0.44238869856022700056
-1.129594881571430065 -5.7245924917863808545 -8.7968578760539326566 0.7876617072157386934 0.010286867321993662522 -0.61602208998252239169 0.48934155656576600046 0.59706575828279773166 0.63565503325601036 0.37434459526422880771 -0.80212633708578651159 0.46525204282177401449
-0.83459834409169664227 -8.9718667631090003312 -6.5085367203211159648 -0.58433983753253293525 -0.0012517938790709073893 -0.81150809440494842129 0.76202033078929709564 0.34302549703225054811 -0.54923448894775206419 0.27905549580029431755 -0.9393252585754970907 -0.1994895708195324191
3.1750932985542417164 1.0271707666102170009 2.8628438595666803046 -0.9337805375787233686 -0.0011405976697737426825 -0.35784438891269526595 -0.132789009686260423 0.92970126155688548319 0.34354423756712210158 0.33229653405647174846 0.36831272486294891477 -0.86828840263947237865
0.6075937733965435239 -4.5340324491558536835 -1.8642169845437017717 -0.48999729381434670161 0.00089638073383550235379 0.8717234931768055306 0.40685303851545917553 0.88463859625762553129 0.2277831404257993908 -0.7709560669101384045 0.46627647432941715655 -0.43383521339521141647
1.692857210567454862 -1.3195146746955130901 6.7073596729393205607 -0.97321305323660101116 -0.0024453501513782612692 0.22989209049610501157 -0.1569898599545670459 0.73758911050720021851 -0.65674689792390994469 -0.16795992641548651569 -0.67524538082370677561 -0.71821524544845538607
-6.76824319341742342 7.8786837557169633328 -7.300411511084126559 -0.63001459965778738859 0.0064199981912068998166 0.77655675120441514103 0.29755502810219197629 0.92564637217208778353 0.23375157525752207621 -0.71731625484796024406 0.37833527103311703765 -0.58508103133126332374
-5.0099907410454571632 0.85587959086104636874 6.1427002294329033916 -0.58364973035225764519 -0.0033710258597422770865 -0.81199853968133828275 0.6887063929868525447 0.52768881246728394085 -0.49722029469380107924 0.43015868760098369128 -0.84943107629812675263 -0.30566378604598076762
4.0010250191517107154 -6.8520642725978770926 5.4156881050999254867 -0.17179604078138910328 0.0078325145789532278628 -0.98510140193145745435 -0.9794417058187573355 -0.10868619531565747172 0.16994486120742879898 -0.10573582777294918134 0.99404525181865410755 0.026343349482847631948
-1.6195882257626275091 -8.3551176024597531011 2.8399207483679171915 0.943596162480635825 0.0034603092903594460765 -0.33108051650835701452 -0.22760905021429725381 -0.71942627159026328876 -0.65621639723970592861 -0.24045873328365616195 0.69456019609904529055 -0.67806027134946966761
-7.1435017418016260038 0.016975351325819058868 3.0367997501477623778 0.99227977777307585505 0.0062766646951857253331 0.12386059140287863922 -0.019346684455382824608 -0.97865757554287380326 0.20458508164819830255 0.12250121804676432358 -0.20540193113197954822 -0.97098068892436806276
-3.6986232706669053272 -1.2931936802563066546 4.9157271970342755196 -0.064459448649555939337 -0.0096141378053488189132 0.99787401400876973856 0.14726195903902711271 0.98891424108365100221 0.019040462234053735779 -0.98699488088845532818 0.14817621987465276479 -0.062329069974279428801
4.6260609813453603678 7.6616246995063388425 3.4270490074798773961 0.50536229926703579718 0.0075466819056945813604 0.86287426318788229551 -0.77072698143475104615 -0.44574497295926057694 0.45529258633310698556 0.38805781343510326042 -0.89512818449311304381 -0.21944627305646285942
-5.2874556445973208696 -5.6428789146383886433 3.8974252171367083086 0.93212977180058154136 -0.00062274067137438804051 0.36212387482316704679 -0.095184392999232925181 -0.96525663084162083294 0.24335070977020981098 0.34939092697484008809 -0.26130298278130775769 -0.89980371822818183691
4.4348933602358515671 7.7211516881311368365 -3.3200783486021081536 0.30283844338575799382 0.002103874543288703023 0.95303958517949582951 -0.66091953190433916365 -0.72000643872718739225 0.21160364018313662648 0.68663982520320032688 -0.69396419353120608609 -0.21665513735355323988
6.7584885687378415398 -6.8756725505658833342 -1.2622510654471208458 0.84059544501370098146 0.012648343766926908524 0.54151575897835579898 -0.18116777602987227391 0.94871612244481939857 0.25906747372371602411 -0.51046795663438027102 -0.31587614410260711484 0.79977792344897147281
0.087894933026178401203 6.7320905659035057411 5.4130207814968773761 -0.6755115714432996521 -0.0027255766305902392674 -0.73734434837349316361 -0.70896538906431927352 0.27718516297808543092 0.64848782759088607897 0.20261341010669278728 0.96081265429673201606 -0.18917412452034004788
0.03287991196991492393 2.2640413474193250565 6.4853471034059619882 0.51509544692133124588 0.0087072137975231170964 0.85708859809750637115 -0.50219117850496242106 0.81340979904209831375 0.29354474795852386615 -0.69460830746016244408 -0.58162589630273797692 0.42335636992619074537
-1.9825277758552530827 -5.9522378680830358988 -3.073172354136756379 0.18761660098776608563 -0.0011938438582235930911 -0.98224161272605470252 0.98209591567517662281 0.017494057411487226594 0.18756750883179371114 0.016959464846328480003 -0.99984625452730380157 0.0044546447660431184867
-2.5173232051587057789 0.12039312476616523262 -7.9776364789428946267 -0.60141403920751490553 0.00034358043894979276023 0.79893744147879119932 0.44088529971691464704 0.83409296935845123055 0.33152537001045523368 -0.66627419726255676657 0.55162378521914201546 -0.50178670134119840451
-2.9195801615361234305 -4.4776984055246877858 -3.2082089179295611991 0.27027890109234259386 -0.01190366311759212363 0.96270848050096102799 0.91605837328964323518 0.31089712524002705019 -0.25333778684391200509 -0.29628765136243789824 0.95036902323343597221 0.094933383634323256772
2.3278221300467061283 4.3505609088718593114 1.6929160750362195476 0.85207174535273288996 0.019363531258446701339 0.5230667208191813744 0.44866953491918049046 0.48764456931205152346 -0.74893152053814526781 -0.26957260470378813233 0.87282749021640426701 0.40682033272140666336
-8.2199327154449939314 -4.8702882555735023118 -1.770761752209910167 -0.1585779883241201782 -0.0034547694747894854006 0.98734041049035115023 0.91450647410799446035 0.37645116457432414858 0.14819726551323672559 -0.37219743474954908313 0.92643002178179290063 -0.056537459329246655959
-4.9060176614492272407 -3.3308450069162178764 -6.1186009323967498474 -0.2099864082527732323 -0.0070308485588059105309 0.97767902479164414675 -0.97547409033155529912 -0.065996778956933163651 -0.20998743833576441475 0.066000056368162154929 -0.99779506529929207215 0.0070000159672431450097
7.4722805277381061373 -5.6411412243277103684 -0.57483571199004102059 0.043478981016525190817 -0.0041214863643638920826 -0.99904584056968415151 -0.99884640705998661847 0.02022197015950958493 -0.043553725743297362627 0.020382181262738233163 0.99978701995619090326 -0.0032375011901675924443
-3.681438927877576095 6.6923307662840230137 -8.433776106648865678 0.6418954250731190303 -0.0012270531132732142438 -0.76679120861628524697 -0.60294580880673276368 -0.61862340360686729479 -0.50374739319674721738 -0.47373686252271629549 0.78568669255053902312 -0.39783137915009325614
4.8559878216455167887 7.6787736836521647277 -7.5853617389161263063 -0.96574845170738432554 -0.0014160388260079030242 0.25947624719612116806 0.0053716475387891923082 0.99966170840594703595 0.025448264174219459993 -0.25942450429291447067 0.025970436669673933883 -0.96541414066268460559
-6.1160832774647371224 -7.7650801685624832871 -5.2304263211226169616 -0.53329158688197098037 -0.0071740114119431099352 0.84590106804585918354 0.82510378736797940213 0.21611617311126035679 0.52201296898712334915 -0.18655782865344169852 0.97634129958741111555 -0.10933363292266777556
-0.26728102277386883712 6.5265803738828020997 -7.8313984270684144917 -0.23065821649062417942 -0.00091812115927813607759 -0.97303440032637777968 0.74451506455576743626 0.64368834787901618721 -0.17709497297841725327 0.62649350021763083873 -0.76528717999094564295 -0.14778845126342685101
-2.1924084786942930059 -3.3764541108242531742 8.1380821284278912486 0.24989404219287500442 -0.0046613818771161514426 0.96826196826860255751 -0.93478900365392814109 -0.26186284989668184853 0.23999451346148875652 0.2524331323817107231 -0.96509383966695783119 -0.069795374581311589446
6.0908089227640438423 7.7683580668619951481 3.248153203353365992 -0.20266493069380039915 0.0051440706879433712589 -0.9792346319467553073 0.58835349338913089934 -0.79873242281598344494 -0.12596302457128982777 -0.78279441278247841041 -0.60166440419831201947 0.15884851915343364825
-8.1184390122898157927 5.5240223663631393691 -4.6127365068552679261 0.89829276656707135462 -0.0123106697382935424 -0.43922494572116366207 0.43219212927514838452 0.20503766079543886414 0.87816258235473354521 0.079246885905723568611 -0.97867666012126641739 0.1895044221332805312
-2.805221834977056794 -3.31956185600860465 6.0525865937521814431 0.99813883956048299329 -0.0017101445027238666892 -0.060958447870149340408 0.003095172298947393083 -0.99689765569968613601 0.078647847836358697471 -0.060903832961345168162 -0.078690148472579601879 -0.99503697602859997318
-6.9145882460787415624 2.272199520961047714 -4.8758819695036619279 -0.8650299611473954986 0.0026227262780712462878 0.50171335204903044769 0.381285716213237591 0.65340108929392004544 0.65397876045136948964 -0.32610484346165596881 0.75700735651412909277 -0.56621152695289533874
2.8923140317324400606 -0.24020995165367692303 6.0399029864106807963 -0.96134836475737461825 0.0063153096864624440332 -0.27526249007424041793 0.13202292911115096063 -0.86673824919803810207 -0.48097271603073271651 -0.24161802036947133132 -0.49872329426309414124 0.83240363285627250178
-6.8543761471287876219 -6.563168564890982104 -8.6133931837962975919 0.203402078338323411 -0.0037064028644319731848 -0.97908827850479873689 -0.97303053694536945084 -0.11189552786043235888 -0.20172001639947298446 -0.10880794409862479255 0.99371306392860891954 -0.026366226092988997998
0.085810269420793075512 -2.3140424533179477784 8.9932831471317999927 -0.069860515166221617833 -0.0074026327441499666093 0.99752930255161753603 0.78633257909404774555 -0.61573597789972389638 0.050500302724962767287 0.61384084539554240045 0.78791776636186716676 0.048836563920210164513
-2.3245872751718401616 2.2219476218633507081 -7.5188807495779821366 0.17127840484564382795 -0.0064176331488084315674 -0.98520176716152640939 -0.95363715951030325613 0.25009341971910337143 -0.16741997913629100281 0.24746691907065929139 0.96820044174621899824 0.03671550854496729438
-6.6136079776426708321 -5.7812536363029369824 -0.23097252121084402288 0.19318143686280289661 -0.0070505223784187581737 -0.98113771846044539604 -0.95191780110015078442 -0.24367295014984141632 -0.18567712113815940111 -0.23776760166267554841 0.96983183258727712062 -0.053784608393702575124
-1.3245127588427014764 3.060654894824124117 2.0684101800748226907 0.76532602083931988712 0.0087286830220101550848 0.64358363242014804406 0.037650630838962403923 -0.99880295581615508027 -0.031226358265000381947 0.64254066939288967397 0.048129674274439253334 -0.76473853219950294058
-1.8412431974145575531 -5.7095124614345627023 5.4710895484252057841 0.079034331358760978592 0.002060913376520002397 -0.99686976436376906197 -0.69422784375807944368 0.7177600090211002648 -0.053556235876389690631 0.71540287629941234915 0.69628752831442874971 0.058158425838671853891
1.9077760772412375445 7.9899835596962827111 4.4572032492381064017 -0.91350882925166965176 0.0029639657979347242001 -0.40680810437644676636 0.32842100881573060844 0.59551165439027931026 -0.73314767301951100364 0.2400859426289055909 -0.80334120048212531717 -0.54497858284509592686
6.1321255874772964134 0.94700879855813679953 -6.1362030705939218933 0.47921586832845070036 0.0023396166980615131989 0.87769395448292164552 0.4328475108669228022 -0.87056394385874602548 -0.23401164926013565126 0.76354121295355115162 0.49204973920014988265 -0.41820075355583197219
-0.36691337172275201306 -6.9174312864788323196 -2.4081350481054908386 -0.29278607671477874241 0.0037055212877894743578 -0.95617079143537564434 -0.93958632958237242594 0.18436408913559451661 0.28842228051784074561 0.17735231192138040113 0.9828510323285094552 -0.050497581199237272231
-5.3630791346064263792 -0.87575881138230082801 -9.0342227587958614521 0.60645303176503650988 0.0052337141289961110896 0.79510208684110716959 -0.16622289569808962328 0.978717420587317255 0.12034184469633782411 -0.77755042872391866293 -0.20514584781464939578 0.59441611007430406044
1.5210319059275421161 4.4046082287890335749 -7.7312833175876809477 -0.6947010624402996104 -0.011931622338416462623 -0.71919960388817172348 -0.24934847472675220059 0.94185834663122203203 0.22522920110996502707 0.67469680004875409729 0.33579828955717888617 -0.65728512590413090688
2.5955360546463874805 2.1283955426533625044 -7.1018900268080367155 0.90235579635350737782 0.005745220360048747428 0.43095360449817682325 -0.19378683188599699072 0.89854402630147689468 0.39378331171540659206 -0.38496841503502682302 -0.43884578753914121885 0.81191975846416619689
6.9245974322718595317 6.897086380302424935 -6.9070572652970181338 -0.16676149106794660448 0.0062411991669495750501 0.98597751116859688736 -0.85089896232196493564 -0.506133629863686485 -0.14071142327717567344 0.4981581686737677761 -0.86243248788183402009 0.089714228690531458432
-4.7325569852358873035 -6.592507065657160048 6.5542845902203668018 -0.53301425478595865215 -0.00054368674710709909842 0.84610608590166136445 0.52733259903116602718 0.78181197980744443488 0.33270160538938009509 -0.66167675959938954122 0.62351401959716246104 -0.4164302260544137102
-5.9899002935137257708 7.8853105332901245461 -1.6498222302298490849 -0.49379841227706200435 -0.00059779595070585511002 -0.86957620176305105986 -0.6886391175456462177 -0.61034966211541774594 0.3914708874763843105 -0.53097956064094975481 0.79213189090924285285 0.30097802841045950828
-2.1462183951793560865 -1.089570025943313647 -7.5372442205568690454 -0.3688723387045304003 -0.003685104213628594659 0.92947276331555694906 0.090144446258571514496 -0.99541997979896590376 0.031828330552917054319 0.92509846856819410998 0.095527398289625753414 0.36751508762039741818
-7.4699541197263776837 5.6531626491779798371 4.3678559246943375882 0.69544281986483547087 0.024506288545561923098 -0.71816343969876028641 0.51320987965733866343 0.68259714871296450767 0.52026603962865580755 0.5029661059357765085 -0.730383854141433142 0.46213041653738745618
8.2362889405695529632 4.3671241734236341259 -7.0946653291555801246 0.6140368340455856222 0.00091928719589090047461 -0.78927683441622398242 0.73928150685027227418 0.34958014600525705307 0.57554893375667071087 0.27644460577894031106 -0.93690601259133177159 0.21397547407490805083
-6.7120294438858687514 4.5401069415624837333 9.0948883270907607823 0.53181197224969645188 -1.5796783451528691178e-05 -0.84686245986144836895 0.74049810821785222448 -0.48519374883369359441 0.46502642701083118926 -0.41089971756827886606 -0.87440667074497047118 -0.25802014700215192278
-3.6202954047233286694 5.6566333854230643752 -2.9822107417322030187 -0.88014104974369267165 -0.0010781486601850725354 -0.47471103858187085889 -0.34906557719490849401 -0.6762481050208800637 0.64872314840226330546 -0.3217218602668305838 0.73667315551131085094 0.59481737245591803642
7.0862720136157273387 -1.1316054126437413707 -3.0130048857129931861 -0.34622987609657307484 0.011199022317523534692 -0.93808286137065510779 -0.49707133379371604143 0.84584592412386927496 0.19355816119147961629 0.79564122694777972278 0.53330971727706244501 -0.28729041654566250807
0.60887151122343341481 8.9636234641324978867 5.7445417763248256549 -0.73366537051767555244 0.0062622739121651416552 0.67948208808537857717 -0.67570372661525390789 -0.11242786169813408226 -0.72854955202265025971 0.071830341372356873442 -0.99364015611243050596 0.086715870628739255555
-6.9354011983119026041 7.6767032067363532022 7.9152038621806877217 -0.89205433337131490035 0.0053104998904925752867 0.4518969627075684059 0.066873392822528299195 -0.98737193832854430742 0.14361269001681392643 0.44695303516790763076 0.15833020555892818315 0.8804342850899282702
6.1062726009464673993 -1.3000336905611074023 1.1105306676911288477 0.62220908870043822869 -0.0023718554898172752518 -0.78284751020869214333 -0.58733469831115481252 -0.66256459170311499118 -0.46480760964184147932 -0.51758458448656019524 0.74900102544852165121 -0.41364678383746633639
6.1423607450354129611 5.5456696794044493259 -6.1903069046126342201 0.55252057360792428131 -0.001752321939953355211 0.83349741757730066993 -0.59954664941965518654 -0.6955203942287515595 0.3959737319340133066 0.57902057900391601386 -0.71850421751019799554 -0.38533992592286231416
6.0951685130548876046 6.7630209673910197665 7.1334179848608609831 -0.64745238897001833323 0.007768452574076727471 0.76206630627631344321 -0.13450747251788075509 0.98308567609685293398 -0.12429920872603128501 -0.75014208244435232054 -0.18298143238495395702 -0.63545625463009103306
7.0914901809116859255 3.3338918669504602477 5.8542366506218446176 -0.47935108756342381664 -0.016079241904402498398 -0.87747592151097042468 0.26566603770022262365 -0.95558099522979667029 -0.12761864271529838044 -0.83644730333965289226 -0.29428968642412212109 0.46233049780440249599
-1.7654738138786909563 7.6086437404868147993 -0.18820668547075253274 0.067972050002260600565 -0.0060327187705674755608 0.99766898654950109115 0.61248417734361226827 -0.78911394441725812854 -0.04650070139292002136 0.78755503485303002265 0.61421721648806526517 -0.04994274769419052018
-0.99657062691155473555 -5.5334599994250144306 -7.4838013989057197151 0.79894060281525491884 0.0070105027189396058179 -0.60136907637862246911 0.60036550615937767095 -0.06820181718049835029 0.79681225589646742513 -0.035428409318897569058 -0.99764691398545590761 -0.058698064944660802156
-1.6640119181923871405 -5.7269550842448699868 -5.5548459113675461296 0.79545708282067162376 -0.0033389264126460326682 -0.60600072686507766573 -0.60072787358435231209 0.12739662819836608532 -0.78923768347830836056 0.079837655835569856788 0.99184623339195499003 0.099332764063754561135
1.0503232381766502979 -4.6379170246871819216 6.720568853777256102 -0.92993283734977438826 0.0022999596292320768909 -0.36772221608723859587 0.02349577719500387657 -0.99756553336865516624 -0.065657863873444993752 -0.3669780190589137514 -0.069697322905015873795 0.92761490754890452148
-6.2724814051693789096 0.80695926238230109018 -0.79338398238643648153 -0.50012703356289733847 -0.0016838059454206345984 0.86595041145398532478 0.49359219968099027342 -0.82219782400118268662 0.28347394698939654134 0.71150522887297706909 0.5691993526043005458 0.41203447220003952545
2.5949044459338606039 2.0628593702766115925 -4.7957621356271840085 -0.8472656047278988023 0.013870086108378495635 0.53098833862545047335 -0.13118278795796026182 -0.97415675092493281273 -0.18387414383421327169 0.51471552452630464636 -0.22544676830364376863 0.82718902523734938459
2.4873618111737836323 -8.7670196318766784316 -6.2971804978179521939 -0.50866163328408242617 0.0011871767339376114968 0.86096569817622303766 -0.36291697350838802993 0.90652131414459347081 -0.2156626470690357622 -0.780739785821205734 -0.42215837977318748653 -0.46068176567230773033
-3.7131474599391660618 3.4558528181193963746 7.1225607858984929521 -0.7928917477297348082 0.010855486108940359466 0.60926581621120012855 -0.41378649402068140573 -0.7435687656822423941 -0.52524872971567082569 0.4473292006433275958 -0.66857134931374728737 0.59406139171693950196
-8.1143493651280138579 -1.2370271437399820158 -0.91061824477959774082 -0.64959309745942650505 0.015751021211073693712 0.76011888087589951635 -0.73196477545471305692 0.25736339354992360251 -0.63086579488346106181 -0.20556355520028413153 -0.96618631173868663176 -0.15565229128481186671
-0.91770529658103650039 -2.5093517924220778426 -0.26665951690705730348 0.26677663963837738859 -0.0036518099445772517035 0.96375146631653907381 0.8945330429360234259 -0.37121188937063193114 -0.24902282683563500831 0.35866538673054548791 0.92854100473477385602 -0.095763995778190488806
-7.9892663201885891766 -5.6272294494505867846 1.1216487955544924837 -0.75057665393368444562 -0.00298214286189064752 -0.66077665923800754655 0.6547496924826758935 0.1314712270938892813 -0.74432395946963181288 0.089092798607693521329 -0.99131550137714252724 -0.096726676599046976235
-4.873860278720418826 8.6654350529504977629 0.12540463234330262443 -0.90099472403667202336 -0.003461830030540158018 0.43381623181996520344 -0.06309547071016007036 -0.98829018374057064911 -0.13892974590771797749 0.42921727462150616184 -0.1525468074229580917 0.89022581557235946903
1.9055376501662391053 4.3689194168202556412 -9.2279865991455416463 0.62352572653605009556 0.015093960390184438594 0.781657111979125796 0.77738335026845684084 -0.11812903071585885428 -0.6178354625850790427 0.083010812990421345425 0.99288353015945429725 -0.085390283198955668764
5.0893877052057625576 -7.095885605935436935 -5.0590496420113399978 -0.047746381529637234309 0.0052696009536138928644 0.9988455908480052825 -0.21426426371209891797 -0.97676247197829335622 -0.0050890696980838432198 0.97560807107494240675 -0.21425989974857809206 0.047765960819298521056
2.2698425432601112561 -6.8209739634668915542 -0.43188182548497006108 -0.29586813817420987149 -0.0038999591533291628857 0.95522083055796369599 0.20771956213532591362 -0.97632482209456949995 0.060352508383864675312 0.93237043513808881556 0.21627443695563186576 0.28967350517403644972
-5.9434378214628518222 4.6102006631127485647 5.8725395890614073835 0.50508641395459452639 0.00077387451826105985164 -0.86306843040204272999 0.47858203822243089443 -0.83242649083643005525 0.27933021684832104459 -0.7182248583344735815 -0.55413494608437918743 -0.42081767358178479022
-1.6528420455475367756 6.7144852748316932178 -6.269122354189222257 0.33175781380798358144 0.010180761624964618228 -0.94330965492259144511 -0.93393236110246113935 -0.13750409416307135535 -0.32994388761402743127 -0.13306801968488460308 0.99044887610678267187 -0.036109914926852414163
7.4320034042035594268 -8.8883471707799639461 -8.6700088380612658767 -0.49804009458503045726 0.0044980330795966619664 0.86714233657696004887 0.86712390230234936972 0.010915175070674954655 0.49797288782549370412 -0.0072251118928378394585 0.99993031089728856564 -0.009336546821222589318
-3.1023125884393785157 7.5009588078170708059 0.085921856259677589773 0.08798478310874037478 0.0084363790821699955608 -0.99608609339218079359 0.55554869548710494875 0.8295894450121229502 0.056098125342956585426 0.82681577445271481341 -0.55831011116799578176 0.068304427994983943351
-7.6589526010810509149 7.6822117624929697755 3.9360734426219421422 0.85067815785742595391 0.0026002806290069159501 0.5256804260053252742 0.34362554404659656493 -0.75952128692681641908 -0.55231232123074169849 0.39782930664166477053 0.65047725036733550219 -0.64700169206222490903
7.7933252090986924188 -2.3293492279445597859 4.9988918303085547734 -0.95377840067819918968 0.0025981498063350760841 -0.30049960402200237564 0.2950777610322647404 0.19738357673689591043 -0.93486300524654342148 0.056884772513827751295 -0.98032289234307423698 -0.18902684836818145486
-5.862076199037098867 -7.9556541684300947637 -2.1640390897114327728 0.45135726555754107636 0.013679145195815319014 0.89223847698654656924 0.33106005388440801207 0.92595646672313347558 -0.18166965199404572218 -0.82865907317224318795 0.37738243562752615823 0.41340856029973815922
5.9940550749417429444 5.5016300436461156309 -9.1100595492292910649 0.25603895311664653933 0.0018374171292008072143 0.96666471870301307057 -0.19974359702855498666 0.97851766431538911295 0.051045823233858138301 -0.94580471025115464556 -0.20615480717602324701 0.2509056506840867673
-6.0685124821616245328 -6.7098106226887290759 6.4474288739694838313 -0.58208852011564671258 0.0029098755458274224578 0.81312021704915915521 0.8063590237252082904 -0.12667229790703002368 0.57770169966842266351 0.10468084641679144264 0.99194035181928441602 0.071388086023808985936
-2.4951413093733192383 2.1048271701450440574 2.6894773476182005645 0.260736541035255176 0.0052627743971228237857 0.9653956491381600058 0.49967582421706363549 -0.8563584496604761398 -0.13028536521147054961 0.82603905892044671155 0.51635502215137329962 -0.22591362118528920955
4.4379991199146893166 -1.3319110518863137571 5.6093193467830939625 -0.9946249607762439604 -0.0020322476768258007467 -0.10352322140656092242 -0.040066442191267641337 -0.91436745181491918544 0.40289805568107023293 -0.095477052798691258717 0.40488026999441323328 0.90937126596228112785
0.2893516548959825796 -3.3774107830920798712 0.55109443890858211823 0.64527668746293398438 -0.00835975311750144362 0.76390320796866717501 -0.050646886787908504401 -0.99820837324137157154 0.031858067256037528314 0.76226825296320332992 -0.059246587398951208736 -0.64454398795266698574
-4.7030360751092157301 -5.5949520730475121866 -2.2366108564948214976 0.19663222839970659339 0.0036256277449812734752 0.98047061229701415463 -0.91194845677858382693 0.36796337558485420205 0.18152951938204617277 -0.36011911770052107418 -0.9298332157174812318 0.075659844137575760215
7.1446874267914388668 -0.28758601935357086532 3.9348374403359582807 -0.94068739824847147357 -0.0057160107478333166409 0.33922639342699750786 0.17091919851244924411 -0.87169441505350564459 0.45927712151179478361 0.29307651962640474119 0.49001650378905020622 0.82096892734016402304
-4.1884948487865099054 -7.8336809973818946062 -8.3872330956272715952 -0.78724728562010160005 0.0186923646226316853 0.61635404337795518526 -0.30861423451987129996 -0.87729417214820304416 -0.36757610064646295545 0.5338529437357033558 -0.47958891878321396884 0.69641618551334671938
-0.090800080447840256226 4.0427320298984295022 1.8135019218011589892 0.90142985437872902299 -0.011104605635595721919 0.43278274615348644172 0.049794972034431977947 0.99569583069961464794 -0.078168238354005353807 -0.43005194848353922588 0.092013588458379966251 0.89810290120028113403
-0.57198778819881146429 7.8374624437404110111 -6.459979020493535451 0.48661845879344789445 -0.0063151290037100505509 -0.87359177806754173545 -0.0095648264814226294228 0.99987542350939861979 -0.012555937090293779052 0.87356224143229943557 0.014465704528518020383 0.48649743446046872508
