1125 17.292696884352682929 17.968806560800352656 18.477561601407678893
1.8364727468489163709 8.8881272758179701299 2.4766407159539594041 -0.98824286898874003082 -0.014194997247627232084 0.15223184274643156155 0.066748616171937724673 0.85572667200782071006 0.51310475056614957001 -0.13755236868898457203 0.51723337563208993117 -0.84471828499246159883
2.625938395279813431 1.9418718900801426042 -3.0411192111686511375 -0.99644381957545824502 -0.0074054534058662895707 -0.083933745833952494442 -0.030812098610460254833 0.95916379045144950499 0.28116798833740364039 0.078424033364130923962 0.28275427909474099009 -0.95598100851661804711
5.0110480461549951059 -7.9724293901801779327 7.5572394241975482387 0.5334700202419255799 -0.023100484932275483496 0.8455034624996824455 0.084813763012946283282 -0.99312772807746840797 -0.080647016853129319114 0.84155591799176887591 0.11473309600830938759 -0.52784463014592664099
-2.5221992815866305371 1.1729863087950691547 6.6335078025128835222 -0.54317583205609765162 -0.0013307618022938235737 0.83961791580666278456 -0.79340821643834602561 0.32799254850968267982 -0.51276143596268086711 -0.27470605664693092951 -0.94467937269501012221 -0.17921346279286773373
-0.97484402076585963126 -6.9358570481626209414 0.66545420285184864184 -0.56461703794151774094 -0.005138345179629157794 -0.82533702078306414585 0.82395911413158029468 -0.061601561627224618589 -0.56329088919059644436 -0.047947666323898650853 -0.99808759385830725375 0.039015077600727067486
1.3389325821622966028 8.9289808621429713753 6.7616512046374044331 0.89295792859744393954 -0.010227833778983680055 0.4500239206653464108 0.43165672651033221152 -0.26408450468329613958 -0.86251483746347767934 0.12766600257397128781 0.96444531509154951543 -0.23140143902845433654
5.2901045808936357773 3.280886689539714407 4.3573329000111353793 -0.77432002319961201753 -0.0019456749722727155645 0.63279121044855024536 -0.56127169845463342757 0.46392983997023629072 -0.68537813220059817798 -0.29223720191976332305 -0.88586980868200215777 -0.36032221674528930322
-4.6989527979532637048 -1.1505957458543740746 -3.0170812397838742136 0.28954751975463732805 0.011377053157894872343 0.95709602259413650849 0.95053883417002427159 0.11402462550430945976 -0.28891920931872372424 -0.11241956475068147492 0.99341277797303528807 0.022201216660560522259
0.8634649321298188962 -0.18415547120394309966 7.4194668456267809376 -0.55137804089041975164 -0.0030263908251320090562 -0.8342500206666604301 -0.75624756341908216939 -0.42040287223320937926 0.50134922742617171743 -0.35223838355106640297 0.90733250023170430865 0.22951221138925459453
3.4206041046811921369 -3.4361384702668358315 3.0821784980864967984 0.69196160322925492903 -0.0055723321947744397856 -0.72191279859163270949 0.72169830504708276653 0.030905839660691446918 0.69151745138304054894 0.018457956244808247648 -0.9995067674553429482 0.025407197060931807631
-3.6380332282409089117 4.2077766646572749565 -5.9672964811150368547 0.88973693830589817289 -0.021411145462599527611 -0.4559712090299445908 -0.34517555985513559413 -0.68520318269864521898 -0.6413660665316334164 -0.29870054150091274181 0.72803719772393171716 -0.61704118601399349231
-8.1481564390985070645 6.723834712614812581 5.3871661232574465927 -0.94469684787073648913 0.0039539107215052788497 0.32792107619462274037 -0.2285825096009675983 0.70906556400298192955 -0.66706526086269912756 -0.23515505932722247096 -0.70513147180886937004 -0.6689482084119348082
1.2469624237983949477 1.0291801760792553821 8.5384253295768974823 0.59688938180156025926 -0.0061685691968440588967 0.80229982839754132584 0.70573718329755685819 0.47970575998472336776 -0.52136111472673885014 -0.38165179680429195397 0.87740773451785514236 0.29068466317391761233
3.7687567367958818565 4.5080791167866633984 -6.5770576072174238291 0.95676234009405691783 0.0039752812436444923821 -0.29084363791705380997 0.22743185122224576777 0.61312173196540120657 0.75654246069945785269 0.18133002406471251944 -0.7899784420670957763 0.58570767746554208699
0.49326694374229884676 4.5774868221335216489 1.803974792081178613 0.99716768561414137473 -0.002205923669457533938 0.075178059748609429858 -0.015497658270591463392 -0.98414548383756783601 0.17668471702598981254 0.073596394986063323751 -0.17734937423969429626 -0.98139226107686650113
0.30724115067035029369 5.4777256880429572306 -3.7090573419461736471 0.96717317571757432937 0.0041561246044585515441 -0.25408418841119817522 0.013730829276881153372 -0.99926028795448507136 0.035921320193140766908 -0.25374694579386675164 -0.038230923940331562605 -0.96651481310674569603
-8.0801847068031555921 3.3202121176594610041 -7.3112748555783682036 -0.12981207147403767133 -0.0056182971349721371607 0.99152269809460846783 -0.22851938829329035419 -0.97289441225173212136 -0.035430943863183239628 0.96484595416740315255 -0.23118152466468919193 0.12500954915530293476
-6.9143766724100279575 8.7763919576109898912 -5.9657654806308650919 -0.84577610835034644499 0.0038923194655538636763 0.53352378053189264406 0.45780339380912604685 -0.50825460291220858622 0.72944726419082450697 0.27400515900408195513 0.86119806575933355308 0.42808768304106298297
-5.4216427032990113233 1.1367898505044182755 -7.3032617893710023438 -0.38045860797751140936 -0.010571941282800126696 0.92473752042032830722 -0.30046531164274664638 -0.94427408321803985025 -0.13441373539085949007 0.874626688430602095 -0.32899040992078187884 0.35608070161816496313
2.3671445576954517342 -6.7930746779878887764 -0.3358351726209661825 -0.78514916943473245237 -0.00054384479711093707682 -0.61930645561684649625 -0.5540432462355372456 -0.44621371382101049363 0.70280111190798877363 -0.27672524828225075755 0.89492626837698208142 0.35004301326004405581
-6.4813204018950605345 -5.6491708037615779858 4.5622429198995666511 -0.67895796131675412166 -0.0065223695086578685129 -0.73414817677388521933 -0.037858928135182191854 0.99894119300539330197 0.026137989159684446583 0.7332003739258076136 0.045540658897818088457 -0.67848600579689943846
-7.9538912666136294405 2.1109060213306358733 -2.1953591039800270934 0.098661351221082202456 0.0075322901435656321179 -0.99509255970506493849 0.95843993882193156963 -0.26971566264200891316 0.092985724693348162373 -0.26769165367346831053 -0.96291054928840069671 -0.033829759426085584395
0.86366536495752166402 -4.5096047441978344139 3.869712815270274664 0.31270732395518330282 0.0040004429937261689471 0.94984110565973434159 0.62206893180226530138 0.75483493287056924181 -0.20797708576854703755 -0.71780524770394715794 0.65590259991419108676 0.23355386058615340561
7.4051305880143614147 -8.8559458528368146801 -3.7980383740445429197 -0.18897212480022984593 0.00066440753528045157911 -0.98198222723798811451 -0.84819639785312450631 0.50379420681810738181 0.16356731900262236334 0.4948256326400249927 0.86382345171870222877 -0.094639513646335243768
-5.183283196693003525 2.2209234661868642036 1.3145180521253687633 0.78473140697448973135 0.0026596610518428310393 -0.61983025507874522919 0.10586622267399090069 -0.98587225077698192877 0.12980080140209965256 -0.61072822253829261996 -0.16747785331498574179 -0.77392648671851216324
7.2013620813083258909 -5.7187294427161212695 5.8877554213996923238 0.51993881892257742816 -0.0038284555547737084483 -0.85419492360082771576 -0.10128538217411792166 -0.99321168945995197408 -0.057199748935742172895 -0.84817739650106172 0.11625782919231825163 -0.51679707934202534503
-1.4270039142853279124 -0.86425134085715182852 1.1734234322511007953 -0.99522727443297098748 0.012191854060134742904 0.096819579214116838206 0.0096528884436713566913 0.9995982474604566681 -0.026648929034956980039 -0.097105581555906692048 -0.025587152412861354639 -0.99494512595512529796
3.3656462627770826757 -7.9702232954958587285 -5.0859494621790641844 -0.39298186453435873799 0.0021043189071731000818 0.91954381406722840442 0.18812041976820170763 -0.97866338198889257782 0.08263590273071227954 0.90009775125446045418 0.20545937943025022188 0.38420109524934487055
-4.0140032032481061108 -3.3158037910189017694 0.058071373299155307213 0.35067667404052538238 -0.003054654790514883117 0.93649161201125397103 -0.9212420110136040341 0.17863103137298411149 0.34554900053973602869 -0.16834199543556230272 -0.98391139017420981006 0.059827659640145781916
-1.3946777043396541007 -1.1165352500568730409 -4.8224242878557745939 -0.79325781411690343692 0.001237944234542420795 -0.60888464247078522007 0.26673375898831630515 -0.89823320009396345753 -0.34932824115004756926 -0.54735284977658438255 -0.43951744646050200371 0.7122003033545579731
-3.8056117865102598863 -1.9323836460134955484 5.0777763889844926837 0.82105246318005553618 0.0059778503879677619137 0.57082144144248969653 0.37784112874576203378 0.74386994618182111783 -0.5512654393263081154 -0.42791229724558077496 0.66829766457195072249 0.60849757386017999661
7.1809853822787363953 8.9484364663564175402 3.9014712161106923638 -0.72717573601717011567 0.0050125299833304673425 -0.68643304370555369154 0.67281991034683696906 0.20349523460634147409 -0.71126862557912906571 0.13612059795858003075 -0.97906310523662432033 -0.15134932697493741482
-8.4427947353594348101 6.7064187618570727523 2.8597627082274357235 -0.97973711360904680578 0.00059734570258069413784 0.20028687274669962348 -0.012502138946938587752 0.99786308239530729924 -0.064132404554156696719 -0.19989718541890039161 -0.065336911239009448638 -0.97763602802422100435
7.6843112849079249216 -3.3658363297996274355 9.2143591671306115387 0.30995963331647879979 0.0052377368911164286919 -0.95073529009214241547 -0.92923183409687770684 -0.20987655300092211696 -0.30410529591155538442 -0.20112986902795568223 0.97771386336319165977 -0.060186187551879308244
0.2555802985688007678 -7.9188094034429559187 -6.8647130898827146694 0.89086406032892495599 0.0075286069172167419811 0.45420760241488777886 -0.33665364157436727943 -0.66037505112321448486 0.67124445432951584944 0.30500090430751047865 -0.7508982034411627593 -0.58576986644928918935
-6.0761473220495041403 -2.1995774751249106416 -0.29728995119806783665 -0.06512025591829354032 -0.0030693406626095673037 -0.99787270301235042602 -0.96194390603456070288 0.26613014299325027379 0.061956990189055607954 0.26537383803241137992 0.96393222071780004789 -0.020282996565346690654
-0.66216034440755222601 8.9508332860439931977 5.4471306949995721425 -0.41193341585667736515 -0.0024322601771207714993 0.91121070286276406591 0.017700183053315887705 -0.99982911691603004734 0.0053329622951944037623 0.91104202121573973905 0.018325421615576591161 0.41190607485455760228
6.8572618113906669279 -2.2490831535908899497 2.7693378802948998008 -0.46740950142143861124 0.0089595201916424765248 -0.88399552316673035701 -0.80948262099105183776 0.39759108633691042645 0.43204075546054193646 0.35533961824500925886 0.91751896714083147621 -0.17858527554682981919
-0.83547132039480143106 -2.366073017201107298 2.1567772101636912829 0.94239768032305748502 -0.00416187348680895422 -0.33446866958041993056 0.22008484242993783808 -0.74527751108659845425 0.62938390001702781973 -0.25189139376794489333 -0.66674141185124180531 -0.70143183237451467438
-2.3074389067099136952 -6.7150342844897705774 7.2877119534936642964 -0.82789349444091164809 0.0014549704591641007129 -0.56088345039179943186 0.13524239513097918719 -0.96997344378938299414 -0.20214107178472467963 -0.54433616122916395064 -0.24320649951029343905 0.8028379302039696519
-1.8476126673712309767 -5.6798719807509643331 3.8521990352044834793 -0.92104283851958546059 -0.0013711316647967489429 0.38945886767368342873 -0.15949729308829502239 -0.91096164099513388113 -0.38040702166691686692 0.35530367730877943089 -0.41248879819205941377 0.838816003815255673
5.5937673195095056755 3.4788118969810870595 -6.4759493109169525837 0.84618001277970433804 -0.0070211849330622591592 -0.53285090685322344939 -0.29664453468109353018 0.82445963948891098916 -0.48194224020902765027 0.44269787216101336158 0.56587720029692867296 0.69555847214159804981
-4.0634385452207872902 2.3266256534910758624 -2.8527436635423923939 -0.47498825831870361558 0.0017346592130859015118 0.87999042348020373172 0.23994030966956958473 -0.961852755996060238 0.13140747154726759027 0.84664916125586009432 0.27356218075642130261 0.45645255066071221961
-3.6619426404607220427 3.3791886171918883441 -3.2329860102835015212 -0.62003471654638009358 -0.0005345097722795335779 0.78457419316233334428 0.78354503299842304109 0.050785837594482491353 0.6192559890412634438 -0.040176255932397410275 0.99870942370601412108 -0.031070169940318984048
-1.7475482817090479681 -1.286920471577382763 -9.1159916332228778657 0.87707320346493611307 0.00056554685143637983824 0.48035640509978083657 -0.33550026764280516112 0.71638952970700597866 0.61173982389374848001 -0.34377633160992426831 -0.69770030950450001583 0.62851580086903224842
5.3701438062819564223 -7.7832579618099186902 2.7220491407702072095 -0.80276972964369774921 0.0012592660081730262626 0.59628782933817547907 -0.59412416697791969877 -0.086826324439177135495 -0.79967347311063829984 0.050766478906800048543 -0.99622266769697043198 0.070449705364234463389
2.8833101374119016747 -6.8347576466750270541 5.9808684018974762608 -0.50214827151192675814 0.0069070975116280047823 0.86475395658064702076 -0.79803114016547171961 -0.38893843927488574996 -0.4602968496316879321 0.33315673900449144229 -0.92123785335726493528 0.20081684390883844382
5.4658286175817449859 6.9344869634291086413 -5.8408605979186241086 -0.39363254279318166118 -0.0069915513020657529819 0.91924128468254973079 0.56072884672574996312 -0.79422519356641385624 0.2340715752798160354 0.72844806383440074971 0.60758329479554240571 0.31655324699240505737
-3.2670747203580665641 -3.3308020939560059048 3.5435987776813848704 0.8321873500618846009 0.0063996125097182327349 0.5544576262949580947 -0.53635325632777641758 0.26297258291294423049 0.80197917994334932956 -0.140674798110078908 -0.96478208192099357277 0.22227490992207654674
0.583171457927866288 -5.7176532227786802665 -7.4805439870943306602 -0.5199379373120578407 0.0024615004314175008282 -0.85420049306884604512 0.77989228500027230062 0.4093153181176285571 -0.47352824007767119197 0.34847175658967710632 -0.91238967079299548857 -0.21473826740844870198
-0.0040877788690813800232 8.870676167145033375 -6.9477933507905333954 -0.96113905621942841151 0.00072989475777685518254 -0.27606372790255873095 0.16582106243819449976 -0.79797527382331823187 -0.57942975209996505637 -0.22071495160432610949 -0.60268974574014977375 0.76684416964465451638
-2.0411231649176095893 1.4243987629561796204 0.50194050360962616519 -0.85333721475975565784 0.00074786557938289139127 -0.52135883861627518865 -0.12702380624503728512 0.96956660046013154464 0.20929777810260294379 0.50564864338126613852 0.24482656712192185644 -0.82727226562848332758
1.9783377502910151069 -4.4509639879376718952 -5.2352873599449045727 -0.21356434523690395744 -0.0020721516347340721009 0.97692680208460858093 0.32580293233788953922 -0.94290009521989548436 0.069223259924007560229 0.92100093361722557006 0.33306923697951829055 0.20204495453825871421
-0.99780167185779955474 -1.3232094180576166043 6.1803192901799119952 -0.99853664446146839229 0.014348009746159705313 0.052141195652780004954 -0.050736228525543783374 -0.5822856655657359104 -0.81139955557771459294 0.01871910208250174637 -0.81285763716221770547 0.582161538513270016
-7.4697162547549060818 8.8621048602010024098 -7.880210236655313949 -0.46137314762518438771 -0.00044138401456088327546 0.88720607743100521336 0.85327129352183617161 0.27370498160013095879 0.44386223391777007707 -0.24302863679341979442 0.96181359328504445472 -0.12590350857264986928
-5.5589589334469451387 1.0526046632988090845 5.7075565555043343835 -0.087799029449042761963 -0.0035310433453020874731 -0.99613195017575117962 -0.99613793848912546292 0.0010474997814042021071 0.087795844129127123545 0.00073343706883505048466 0.99999321721533451779 -0.0036093757029370494502
2.7118745405679618443 -6.8969969165610649497 -8.6811993977621160212 -0.6631483621034975906 0.0095963309653760084372 -0.74842645615423653016 -0.72309252336719198606 -0.26646915593105369169 0.63728438831344813575 -0.19331697413850462697 0.96379567303939395195 0.18364761947951585563
-2.4791142295071000312 8.8357253309949292941 3.8537285706050838918 0.35923166082560686885 0.0082678477697566560289 -0.93321179619296823482 0.93204394586188477057 -0.053966030908436296576 0.35830399173071969532 -0.047399333778332303213 -0.99850854287848556101 -0.027092304370481302966
-2.8484839586961525626 -1.1116302603015655315 4.5295631921947414611 -0.75606604216827510978 0.0017564990344665146194 -0.65449297520361560121 0.6317636713282644978 -0.25930063733630803746 -0.73050519715243777963 -0.17099357727584085787 -0.96579505806766441367 0.19493871432382908759
-5.0663717545134678844 -0.96329153279624590844 6.3570484815153491809 0.87928993661588150665 -0.010956540341460457855 0.4761608568432572075 -0.17716577533100430486 0.9204739972622150157 0.3483387839670618602 -0.44211027517737899739 -0.3906501946602471409 0.80742239874473320516
1.6479810588509817837 7.5820642209830992897 6.581863821773051626 0.15740582736325059443 -0.0039383629271927626109 0.98752614892458934204 0.40313494017894391241 -0.91261833453930418791 -0.067896947423890061102 0.90150187216622834629 0.40879367015667983365 -0.14206375231198042908
7.0050242268982847449 -5.2450231850079251927 2.8448006378546768502 0.44353244681844722352 0.0017722908492538505532 0.89625656349298066239 0.49152639859011043599 -0.83668208592084813979 -0.24158825838229228133 0.74945364640407940993 0.54768599222929825743 -0.37196678051597747983
1.8890232970397009549 7.6872265692661549963 -4.4640462222959502725 0.16437310510367564298 -0.0012093069429468159513 0.9863974958883634514 0.9209809792046308452 -0.35791824163758650945 -0.15391091009529139777 0.35323578281638762233 0.93375214585025112513 -0.057718384058712414453
-2.2903850631574673713 -6.6793645212218120122 0.84171056557275192311 0.48635474967377734234 -0.0037734999001595073004 0.8737532936521573701 -0.68497731381052773258 0.61918309365439860859 0.38395100741813609213 -0.54246210654257775996 -0.78523758011888944441 0.29855787669123334815
0.29466897917827439279 6.4170997502802542556 4.4987038261341538714 -0.14918191751946563439 0.0033584064211609342306 -0.98880406380213226036 0.70201074908746508019 0.70460238693147025923 -0.10351997148349556532 0.6963660414256285236 -0.70959438937782837176 -0.10747157257868049374
2.5171217468784394811 3.2563968326504939554 1.8556668403422833524 -0.64310668851217356323 -0.0055683497043492596879 0.76575634549930637895 0.66647260465354807302 0.48839925469668243885 0.56327651758082664113 -0.37713134905113426809 0.87260252205294142058 -0.31038167482868644909
-3.4881522463864294004 -5.629022136070610749 -6.2736686585303340635 0.82183319323022296921 -0.002794717595114010536 -0.56972132842171052669 -0.10565146043533529818 0.98189582617264625775 -0.15722072208375087454 0.55984638197727043529 0.18940109846074537625 0.80665931624754594331
-1.4626520171473309517 0.94234924784453522051 9.0158146396488891838 -0.69718337507355088167 -0.00077029796517870396944 -0.71689242440006362145 0.44768991606364350044 -0.7815029478967109311 -0.43454215156178083168 -0.55991881605834070701 -0.62390107314382292625 0.54519571747587347588
-3.6361927915707861203 -4.6355204268310670201 -2.248715337350277288 0.26028059611850673516 0.0032455457056918858572 0.96552756445221155079 0.74722317977390817489 0.63263072336900771919 -0.20355806900660669556 -0.61148305854898465928 0.77444679241533731506 0.16223635481905743227
2.6818881827135143681 2.9586957237791202679 -0.65935247291906784461 0.81103769428762184646 -0.013476443578168056242 0.58483864775926419632 0.22970367326070864622 -0.91210328451350053403 -0.33956416311195808388 0.53800936881705596626 0.40973892156819241572 -0.73665455623175191135
-6.7780286733314465408 -4.5503266951682981301 1.6536455402724772323 0.72921988403533999357 -0.0053107613278187042541 -0.68425883738677206747 -0.68411440728875527739 0.016302830195935112678 -0.72919249548246900527 0.015027922941605377852 0.99985299596584631399 0.008255179607007280887
-6.9996753216096090355 -3.1982127556624160292 -3.836045846808992632 0.85735654366352520572 -0.0019766698317976588717 0.51471919510895802752 -0.48123129389870272776 -0.35790102983515253987 0.80020203362349884291 0.18263679478619315733 -0.93375743403684885457 -0.30780002529385186438
1.9562789669404918591 -5.7408914560368948798 0.81268730395939958733 -0.94504869350324816057 -0.0048451256104966007945 -0.32689370086507113511 -0.095897019017772325289 0.96001566384969716506 0.26300891031791440167 0.31254876203709747173 0.27990435852437539621 -0.9077261819667977738
-1.3546254680345548582 6.6682723520199855827 7.0069404505579173659 0.45609269034495913964 -0.0025864455666419206015 -0.88992851854158261382 0.63849663615672058725 0.69754106666049875418 0.32520532889076014804 0.6199205621937025068 -0.71654013887706113906 0.31979481851305957552
3.9900610991622418311 7.8439916468686963213 8.6157463775170519682 -0.1832292190900354778 0.0065871021089564420203 0.98304814905354109822 0.63005206783686151795 -0.76681828156416409481 0.12257289616118617614 0.7546266925349468524 0.64183045513945702343 0.13635329761015083094
-5.642280656144219364 -6.6889160942007510613 -0.81854879994627860462 0.98967605500647770622 -0.0071309893361265431697 -0.14314487464742800538 0.14058336385492389842 0.24262691609501291223 0.95987941815284694158 0.027885909595749727719 -0.97009346383596661845 0.24112454762789164997
0.032805788180896008899 6.5870139423740408091 -6.5849429192220618745 0.6637621746200473849 0.003034831503290851256 -0.74793754106946430671 0.62772034249556030172 -0.54598388528333641201 0.55485923316468110933 -0.40667794034184973073 -0.8377901806590858369 -0.36430847647396991107
-3.7719141979633823425 -3.7808932512647337454 -7.890666755505632679 0.87261282128550765602 0.0074837228608880873235 0.48835525800401941021 -0.19078364684483531399 -0.91522117749103704121 0.35492505739725394021 0.44960923503043398464 -0.40288235275834943794 -0.79720596185137460044
2.3735904348567635758 7.7796752738362258128 1.8309221299260847182 -0.89328708096199582744 -0.0060348561910968569894 0.44944607184558887925 -0.10832072713338716796 -0.96755044386791422273 -0.22828219081685266478 0.43623939650148157998 -0.25260585718009576084 0.86364661167537681852
-7.6566592380779185945 5.1388283291323606505 -3.5965244666551923203 0.39891884311525088735 -0.0014224295325616573282 0.91698513254125246785 0.89307390668415598256 0.22748156391274104715 -0.38816379954798929663 -0.20804507638342514819 0.97378134854488251904 0.092017017005810636254
-0.37211905345770412978 -2.3735880827815227789 7.9890998572742599748 -0.16918865718961512146 0.0043392700792729181972 0.98557413166826157713 0.86272446055529250497 0.48414856327081606802 0.14596805761115491662 -0.47653090501902800602 0.87497505074043113726 -0.085656039738283437646
-6.4115085467561314658 2.194314095428377076 -4.9715249168746531439 -0.66055921894832148045 -0.0033426369237185369482 0.75076650500728514537 0.46078317397252305243 -0.79130210776235332393 0.4018953107898827759 0.59273972774430849775 0.61141622568374975888 0.52424213310664646848
5.5500460818435115584 -0.095669650487419516383 9.1518143774710978278 0.80274512253143170959 0.0091981736252846318241 -0.59625134117580913529 0.34594701695950735854 -0.82160727337998473718 0.45308073208412741328 -0.4857169234326254581 -0.56997972063138169219 -0.66272331206945644944
-8.5438721788932934231 -8.0048821957909570557 -7.7401130308155678961 0.32094014919334712399 0.00029265430604616740617 -0.94709943247223393747 0.59471561367473269044 -0.77832912760975048183 0.20128861856868052183 -0.73709616705485314636 -0.62785641946810377689 -0.24997111242193625902
-3.7050234287826548929 -2.2904680275098781017 -7.292891810677237352 -0.91107948338326338877 -0.002960678470292951725 -0.41222009817696625422 0.39702695491108874748 0.2627692998181190287 -0.87938722537189983885 0.11092236939405732132 -0.96485414931807966799 -0.2382282487695350226
-3.1801029301853325215 3.2339585912283710378 -7.6097868160517867508 0.22900132566573896953 0.0025547856234017576882 -0.97342275806232780866 0.83142697578521140844 -0.52058033824521288135 0.1942300063554753542 -0.50624853261980584662 -0.853808868835718493 -0.12133770525843180776
-3.8686745033211740186 -5.5664290831525535808 -0.36277060559759538583 -0.45069886010199128323 0.0069213434909430040717 -0.8926492214229551081 0.65973528973379891305 -0.6710439655864376407 -0.33830362653998014011 -0.60134838902490828083 -0.74138525157593682113 0.29787249581469743553
-1.4494915290727583557 4.1729630817103906537 -0.65337057892853445118 0.99178416485517995049 0.0033714801826469128349 0.12787808046756263258 -0.064050135084842627076 0.8784109301941211978 0.47359457124343068424 -0.11073278890342427849 -0.47789420464889253992 0.87140999456338696927
0.45634065404318546744 -5.6776730112621800473 7.6232159324529522593 0.94046047369954788309 0.0081892442143130950855 -0.33980440504495085241 0.16012046140735539113 0.87116228475300971912 0.46415268119747066233 0.29982584152701202695 -0.49092688855168914452 0.81798242942575893899
0.35579830846750670759 7.7628675652697918252 7.2914837665617078244 0.0065607729868711432697 -0.0028939581579398901932 -0.99997429030168527575 -0.97401731465772078966 0.22636393399713217178 -0.0070455753798682619476 0.22637850384893387634 0.97403849738676118175 -0.0013336429703068252393
6.0574788184508925326 1.0114709887566399882 -5.0402773938091831596 0.2271666711953207185 0.00095498233954795924694 -0.97385542638870725707 -0.46382960775086218286 0.87939850097825422726 -0.10733299330092792301 0.85630450102282040792 0.4760854592255140405 0.20021297920531949677
-2.2438368997488606915 -6.7427743678078133627 -1.3628148705530733764 -0.94672608281353631821 0.0051835309688993882332 0.32199822224264545989 -0.036873731885769200911 -0.99503930367369741727 -0.092396493663639084337 0.31992194675805551984 -0.0993474466264959305 0.94222079834367677975
-7.3367042404638462827 -2.6777164710581953244 8.7911813680293402484 0.95729064472738556457 -0.0070150037640353849963 0.28904223089240660416 0.25305274521647697084 0.50389417927621116267 -0.82586619026948215883 -0.13985324327838841163 0.86373690775255407281 0.48414834971397385788
1.1116575876479068974 4.380394788813294582 7.764462479794699945 0.56361635407407739695 0.0051544400679817362759 -0.82602060335565830052 0.60073747307810365648 -0.68891407071591337363 0.40560065533654371395 -0.56696657208357303936 -0.72482469254112136259 -0.39137970210887557121
1.0481926877327032432 2.1783364677820249433 -8.8413791426117356309 0.40958865619813689118 -0.0079544123335071777181 0.91223563843885202562 0.88623669545469174746 -0.2337134323589729612 -0.39995318621627273803 0.21638311473715693412 0.97227298577060439211 -0.088676878594647581822
-4.7970520963181204621 6.667240615033664497 -9.211362574645464818 -0.99515022273369413419 0.00067312918070042485064 -0.098364531670127555718 0.092193011683940645495 0.35506798233654451868 -0.93028338505875340925 0.034299894900718781721 -0.93484024026384071604 -0.35340803951413723993
-4.0347464792638465525 -5.7853752827238311696 -8.8547990326506589298 -0.77854938330131306934 -0.0080049315869278672708 0.62753229305871827126 0.58295502395031773002 -0.37955344067345092585 0.71840282970218216629 0.23243127546050243448 0.92513518295610752684 0.30016761225103494315
7.9302726448763882772 7.9678987633089040088 -1.6757735335389991604 -0.88914936658157917027 0.00072049341621150536641 -0.45761652592187934685 -0.12800130813433771571 -0.96047413686043281444 0.2471944528869750024 -0.43935073577198013872 0.27836830514880694931 0.85409719450713461608
-3.0222309596396224052 -2.2889332083335998114 8.0833148487804447058 -0.10395455978221319893 -0.0067278219161035109075 0.99455929230620099268 0.99453963608103468363 -0.0099378566789134412107 0.10388527936349774283 0.0091848660463581047186 0.99992798511528602212 0.0077241710763028357395
-8.6367064831374715794 5.7458638891071274202 5.0311190308943887217 0.94725929035441780446 -0.0098878627507548340347 -0.32031557409411909321 -0.20253807649546146097 0.75612205105359298063 -0.62230038685498434425 0.24835088968333382531 0.65435592308807877249 0.71424096880025311762
8.0459855858376556625 4.5745156579843655464 -9.1584366671912462721 0.40936677002932897462 -0.00062052034552934943763 -0.91236969620325858443 0.1541712098478170978 0.98566649759435631672 0.068503967581879987581 0.89924973486195336481 -0.16870438783540531169 0.40359477681880956412
-5.3522980546753231579 4.5955125184428116114 8.3199080956739432935 0.21174022446770660033 -7.196260737775839883e-05 0.97732598050188224104 -0.6962678041322315492 -0.70176316589743592544 0.15079656467726421099 0.6858405224766757069 -0.71241031281920452756 -0.14864159551682568083
-6.7602098481612609149 4.4835163566005444835 -1.2933741981485640249 0.82337735476226969755 -0.010723657465651639797 -0.56739292808000207913 -0.26317106949497470758 -0.89302730514104955439 -0.3650249586714625627 -0.50278297489618195559 0.44987468859990281667 -0.73812061664174966058
7.0834673689609459757 -1.5625277810430033831 0.80908333462907988665 -0.16859956990765539997 -0.007402880907463984736 -0.98565682789767139482 -0.21435051720709949463 -0.97576554209701038545 0.043993893092575037107 -0.96209565054624734959 0.21869340230275891024 0.16292683937690308205
1.9972963400706174042 8.7527639471407194804 5.4572798088629186353 -0.85746721090148581013 0.014224710970446146838 -0.51434194834456758993 -0.097283745546421926398 -0.98607025252312507924 0.13491230463383219185 -0.50525820634730167491 0.16571998879724836318 0.84690674234620522132
-4.8429977254878009418 7.7192771090800915701 -7.2908788906518147144 -0.44790052903541999196 0.011959919827778713042 0.8940033984317157234 0.83739486862082246343 -0.34476835883534839855 0.42415163886706930274 0.31329690406628230015 0.93861160181598402019 0.14440675482421347353
5.3383281141867202635 -2.3417925835267539014 1.1155035984929366766 0.48771541718966793244 0.010028935022782500819 -0.87294506831623241982 -0.86705004011028519173 0.12213589894671490754 -0.48301868507664003083 0.10177376764261594766 0.99246271600038982186 0.068263149422342586647
6.5490022237630496349 4.4008304391601091865 -9.0492562049568157079 -0.40427087353067686637 -0.0026038699769620650415 0.91463559993917453728 0.85639735295426744344 -0.3522174754601865021 0.37752671936378140449 0.32116761148646527646 0.93591456332389477701 0.14462121383294626598
6.587638209337804085 5.7508055733309451085 6.0016741977836352007 0.55765061150833705739 -0.0086806126951940697223 0.83003038646040749882 -0.63090785678759242483 0.64538427604755932432 0.43062096148949924324 -0.53942661384845447259 -0.76380873469326737712 0.35442226944471344474
6.0219257976648075115 3.3804710730662979046 5.3629887871887715889 0.79368240965925740404 -0.0069904639422715235397 -0.60829217158479398364 0.39773340034160870049 0.7625722979671879509 0.51018784053124244249 0.46030030941764954466 -0.64686522845713667618 0.60802055998377069201
-3.6213452511499828468 7.9140045636838536325 1.0477447401525086246 0.93190535525520101778 0.007857233562594623591 0.36261642644454733508 -0.35568864542640454829 0.21544658802798502539 0.90943298555852702947 -0.070978844463476312154 -0.97648401501905712774 0.20357055791751649254
1.2829196056479956756 -5.3637913826788166105 -8.7908452849983120814 -0.40581445378064012752 0.0022185305780773791756 -0.91395279266735895973 0.3585506319550441634 -0.91944541713408900474 -0.16143596016789121816 -0.84068785730919548538 -0.39321139738402155483 0.37232878419480536225
-2.860569119554350781 -5.5858809721295799022 -5.2720931812283078344 0.77372399988848039598 -0.013598990363603329773 -0.63337685421700495869 -0.55125535864171304468 -0.5071377941509537246 -0.6625170090738656814 -0.31219977829174810902 0.86175769518138289893 -0.39988119889526285711
0.5117436384040019437 -5.594152296098616084 5.0344055109074137278 -0.72469673970142811648 0.0079063262736583546364 -0.68902258705414620721 0.68603517039195149874 0.10199096195993814784 -0.720384333993528303 0.064578482878760265495 -0.99475390609078828685 -0.079336535503772592781
-6.0209925201921015159 -0.22142672021270198845 3.8999388596597364121 -0.40355969798464802478 -0.0029014251022569407731 0.9149487154453578297 -0.72307747195183846856 0.61374265617157541808 -0.31698410299444340632 -0.56062334924476620035 -0.78950081300005514606 -0.24977975609281463654
2.9716261919173776462 2.1529748091586635717 -6.3014937801179673471 -0.3301772593683561241 0.00075633771941442532252 -0.94391864339521636129 0.93448976736530087184 -0.14073094860530233063 -0.32699185738185787553 -0.13308588236697374563 -0.99004758878448462234 0.045759369059207681552
3.4297169560069535876 -6.9037715805429717975 -5.9694151295280883929 -0.55344360018855698335 0.0077755646680972151374 0.83285035991126277199 -0.036014819590478079625 0.99879771830925700993 -0.033257340089719256149 -0.83210763377107466177 -0.04840101749001052972 -0.55249816952245256463
-1.3246035233781592311 3.6860238805127174544 4.8467788618661673539 -0.3759325510418414229 -0.0019552969123268538511 0.92664496646842320349 -0.43914453972458661335 -0.88019699982918275794 -0.18001476251092371483 0.81598210170158369525 -0.47460448618380079999 0.33003604560259697243
-8.4007159202504002593 -1.4423898046036829346 -1.0441690932185112572 0.39496332549958601543 -0.015870967861039048802 0.91855978786881098408 -0.64967568784958429351 0.70211199452878070293 0.29147941223334966621 -0.64955790513824462895 -0.71188963998489018792 0.26699750627038321138
4.2188367291610759935 -2.3365350753318949728 3.557841984886136899 0.32162762585816917493 0.0055237097961359166512 0.94685012484280028922 -0.93418426885390937198 0.16496750489775677262 0.31636288365321857396 -0.15445200584786850095 -0.98628353476966323932 0.058218269741234118797
-6.5251776492670456875 -5.6306539072435839444 0.37222474799554711167 0.80696026498088135881 0.012521019680014257996 0.59047299244609208202 -0.45211519437559993806 -0.63018196695595973811 0.63123889260604015838 0.38000918641116460117 -0.7763465157969322572 -0.50287086379439827066
-8.5094751442544112052 -8.1767818274433690107 -2.9629363741720782244 0.5231874440017189043 7.316449506354107124e-05 0.85221763246573101203 -0.60580510194532066759 0.70336822011290756063 0.37185121405249810245 -0.59939559298993139169 -0.71082567594469192596 0.36803774469740196951
1.4355184743248847745 5.4800547757992088549 8.5040386547212438728 0.70283346627897924641 -0.00065276270014934766051 -0.71135412600140723871 0.6954523964339043296 0.21089082808062575847 0.6869286883847209868 0.14956965926564508296 -0.97750940278462028488 0.148675097090383318
3.5895300102185805358 -6.7762152002032518538 -2.8241034726155382906 -0.67556926002773598494 -0.0049910449840875580063 -0.7372796378413306595 0.59240825750166092867 -0.5989830125955974971 -0.53876878813214379438 -0.43892895934207820652 -0.80074617706963069352 0.40761124685059141326
5.4623901333869966379 -6.8308015252696829833 -7.8806316769261037791 -0.043823273030004453177 -0.0016104636598504985887 0.99903800085265170861 0.83445025858590760048 0.54980658151313854809 0.037489850235304947312 -0.54933804409187003692 0.83529044609141478439 -0.022750472117970040736
-5.8466513960684487472 4.4545456138296986026 4.2077743476273532508 0.047403397873021016484 0.00091660157683426911335 -0.99887540650050932189 0.81877050022056030443 0.57276866390537484186 0.039381792957388653265 0.57216062940282874649 -0.81971654703919283325 0.026400694532728037622
-5.9495112182625957686 6.6240976771287964908 -7.7470725829561120079 0.88474155348692862244 0.0075770265900926723687 -0.46602035599495500451 -0.35947498771417851771 0.64751736589811481615 -0.67193674856203688961 0.2966649907579323453 0.76201302451363939205 0.57560927175493314945
7.7977790633446746327 -7.7220253725384520038 -8.5955527210747426636 -0.19430671605365357202 -0.014590744707605195901 0.98083230486425598826 -0.93736628277398714726 0.29746482402774016007 -0.18127087572124986337 -0.28911823189648411248 -0.95462128021257330879 -0.071476285227658920007
-6.9160864875265728458 7.9103890710779092288 2.1165262634239891959 -0.97009381367832525633 0.014652098577599255436 0.24228765686745298846 -0.22973753174146824274 -0.37761993639211982599 -0.89700827763654777947 0.07834959586606869697 -0.92584474921363546507 0.36969290117766057113
8.2187680601966235372 6.762588751037514001 9.0886562722186905461 -0.054048845111573443067 0.00090969918218662118234 0.99853787849519870523 -0.33184313576060148199 -0.94317953206587656911 -0.017102734873500134716 0.94178493064527735168 -0.33228232384367439867 0.05127964187018243386
-6.509386416198809755 -2.3573967206599890645 2.8191602307748198086 -0.74859268044660542962 -0.005877722303804880713 0.66300411096942313272 -0.33052144110003206512 -0.86354668170173121133 -0.38084472622701170952 0.57477349952370915265 -0.50423464865328337936 0.6445020118995876679
-7.7737469326524513136 -8.1892198580426924792 -4.9358042526480696566 0.99980253461597345943 -0.011413168855061120444 -0.016267493732511833365 -0.012648451095071905001 0.26588798908347988093 -0.96392094797552141383 0.015326723737998345157 0.96393636555414252687 0.26569112650165715994
-8.0047508099652961988 4.4719823589223484106 6.7121487099898375916 0.35722561712170258774 -0.0021202911462746875174 0.93401571873145705638 0.51253495132018345171 0.83643460953867354579 -0.19412642180261754921 -0.78083146846648865402 0.54806263176026259742 0.29988259289380958528
-6.8819416652233220688 -6.599213781904652798 7.6192736050471561171 -0.80961087236800743927 -0.00063232989717572785776 0.58696663917345448525 -0.44717470919149249209 -0.64710083895750503125 -0.61749112032472042166 0.38021706274605415743 -0.76240416078291028956 0.5236171128006613662
-2.4278056981570035333 0.94182194432559596109 -1.6819323974100142127 0.81374963694090340915 0.0051564145487198575352 -0.58119268729725970246 0.4910943541183874772 0.52873441310730207032 0.69229058620589623008 0.31086631167098993656 -0.84877166056913133652 0.42772515063177424244
3.7904284185789789419 -1.137535525399338221 7.8755956675722433857 -0.72793513919660357558 0.0090830960864585683079 0.68558583013979679244 -0.45828994709495690651 0.73728563652777556747 -0.49636701598868071539 -0.50998113446922987979 -0.67552008669998175883 -0.53253343082857673707
-0.3895829245533601326 -4.5038331006518177446 1.622512433137001997 0.97884140071337710776 -0.00060463516065765933634 -0.20461951682564169519 0.051246131945330834767 0.96885102016522250956 0.24228399593302238357 0.19809933419943218103 -0.24764356470724971371 0.94838247487433835481
-5.8868522277455523906 -4.4163867367343296877 -5.2213973790651344586 0.8399942301528863231 0.0054021043113409413297 0.54256843861297454623 0.4975650111770526518 -0.4065148253408438217 -0.76627329095443685869 0.21642262580944235384 0.91362821434484831062 -0.34415800584998285094
8.4790338292517546392 -0.18927825129429121098 6.1051135186969718305 -0.85963138138142747291 0.0038642236230997423392 0.51090014280667428448 0.38528261675250669027 0.66163973066980086291 0.6432652423590734525 -0.3355461121403760516 0.74981193280363278575 -0.57025509384207351271
-4.8551614883986662363 -7.9720594758296936533 -6.4190655700337053702 -0.4131123443465639089 -0.0090649976274401432297 0.91063495252831905269 -0.90709227041435946948 -0.084578085122445884059 -0.41234713588370208726 0.080757686338812306737 -0.99637561859720225055 0.026717461745974599441
2.7044769972838476058 4.2413871972481373973 -0.12049053912174130521 0.99996272302670763388 0.0085925062156116671641 0.00084934898502883257598 0.0086006529752492080765 -0.99991195487582318346 -0.010105011859906469496 0.00076244682690945449546 0.010111940131329859999 -0.9999485823488307723
0.15409319758575140691 7.7774882238355269592 -5.3921003499965429739 0.45089012170490500031 -0.0094125454621193059557 -0.89252983263134166858 0.70201351388705057754 0.62129590778029974985 0.34809254702642972168 0.55124869566198364534 -0.7835194949479340476 0.28674392158831041311
