1125 17.292696884352682929 17.968806560800352656 18.477561601407678893
7.8799464717622225152 5.6916464048201325099 -2.0774841925017808464 0.76348217825513176038 -0.006477375806992613852 -0.64579641303545631814 0.12409239158462827268 0.98278863207085631615 0.13684875966999210384 0.63379495251827999702 -0.18462001049461396196 0.75114539863309182088
0.38445235089342932877 0.06847971580704796668 3.2123411122836200704 -0.55631688508902477075 0.0040118676078081273034 -0.83096054556351328646 -0.79165725501732064906 0.30138049615390655189 0.53145892326333032951 0.25256744434534605936 0.95349551727121406586 -0.16448703474895304266
5.3484140603028107464 8.0484350377310427405 3.6692070446637803371 -0.96774378018799844803 0.0043521145341805338169 0.25189885868465755614 0.25113858734523103466 0.096175127403177351759 0.96316133374177015369 -0.020034616387293036066 0.99535491357031069537 -0.094165865249424329786
-2.8775634683109330147 4.4886541992958095548 -8.5241058271472844865 -0.2581102629324051323 0.0013707369645511897904 0.9661144928264947529 -0.77079128053048073799 -0.6031803799872972327 -0.20507128286726236666 0.58246020810658638567 -0.79760362980524635024 0.15674359857432615395
-8.1911678222641590708 6.8571118100773649218 7.8902015782219798723 -0.49433004731791896358 -0.0064353790142475499406 0.86925047610901184925 0.8374356515328341688 -0.27168211979573086978 0.47422605930685923781 0.23310798755245040748 0.96236552914185169438 0.13968985095175445732
-4.2130778493260780948 7.6735249609746531974 -6.2450795320395346977 -0.90889459788157955789 0.0065703673096294042816 0.41697414813723637783 -0.41364514663251894522 -0.14126268998631230644 -0.8994123331849797065 0.052993420428813498013 -0.98995034354808242316 0.13111069635986305482
-7.5148294544119940142 2.6356394731938865839 3.465747289626349481 -0.51960360347622203125 -0.0065533853181376977223 0.85438231980502188367 0.29330200631272512757 -0.94057316659897916011 0.17116089321652055988 0.80248740074080093798 0.33952786544644303346 0.49064732775994568392
-4.9359636746449790934 -4.569903153284015751 5.9937930879463685585 -0.95720385765832227687 -0.012237022091814864916 0.28915571959503549859 0.23741065626094726149 0.53820252623805397985 0.8086867261460122247 -0.16552025609523812744 0.84272670305463948104 -0.51226433487097788877
-1.0088610856836239815 -4.5356018943837401736 -8.6722848713287667977 -0.32237118451133767172 0.012434744469853637946 0.94653166694341539511 -0.76560316934698635638 -0.59148370712766440427 -0.25297986340488282098 0.55671231932000075915 -0.80622106232265933201 0.20019738306207102152
4.2021317595136009615 -6.6339663506110406743 -8.6621034390326254737 0.46807046157111642515 -0.012533538586151138361 0.88360225973860828663 0.68843098942870739609 0.63208265576099620375 -0.35571658533232081156 -0.55405127542389898121 0.77479960421833582451 0.30448769680309129004
-3.9502374986757176067 2.5747912858334549568 6.9691861612216063904 -0.93722250092577807923 -0.0043212486603332409679 0.34870519148508460905 -0.31235733938009702104 0.45503768032471331173 -0.83389064152321523693 -0.15507055263309962867 -0.89046169838735989011 -0.42782132650368032145
7.061136759377914629 6.9815623928358014894 -3.9895026097256987008 0.99657743159830580737 0.0038534142078398454789 0.082574657295892334163 0.039102727625497803177 -0.9020638418643073253 -0.42982764207688800573 0.072831308657991686295 0.431585421904153832 -0.89912714566910123537
4.4946806195817687879 2.5384189464468316366 2.1468007280321765862 -0.20226324917078497556 0.0067642531150032417578 0.97930782847623720766 0.58151266910000276589 -0.80377463843174834501 0.12565566557275942294 0.78799276247398175599 0.59489543240317521722 0.15864057108693191411
-0.013140568160808611259 4.7655223555876284891 -4.5974966327754032136 0.97121639345770993668 0.0041491660473315971139 -0.2381627626231592465 -0.15608898462896012016 -0.74417829095540410922 -0.64948818322423607086 -0.17993039197629437376 0.66796815469879033955 -0.72211051671590342771
4.2610182243540224434 3.4622476573282274792 5.5671699199755959597 0.72097030311005083636 -0.0050392356641585957233 0.69294763737036180196 0.11359018860456679412 0.98730714913877271055 -0.11100388422270748845 -0.68359278162211001284 0.15874255687647059743 0.71239154230680035162
-4.7884557066536839187 6.9353643861689109329 7.709764507291476221 -0.049275494901715254092 0.0014897838980621760062 0.99878411388341159505 0.950830986299091796 0.30620672321471825716 0.046452967089831424807 -0.30576520582867450226 0.9519638770467553357 -0.016505020521913382758
-5.4796743742864419957 3.4709856380154398003 -1.0994600131912233287 0.96322206535764198776 0.0080469552398832709661 0.26858611155351536093 0.19767099347099864604 0.65585038029759556988 -0.72855092958781253465 -0.18201492012543016297 0.75484801461917883092 0.63013890823915730266
7.4213909648551243947 8.8876162864147207898 7.8745700974804648808 0.59119077138355957679 0.00067500769929043722556 -0.80653147253882584433 0.79290672744701151675 0.1825471838580461359 0.58135655774643268945 0.14762246915735516284 -0.98319686229663461052 0.10738499229326313456
0.92995968176258081428 -5.7362105871276964919 -7.0783461273995449403 -0.49870358135111397813 -0.0013761259264438322012 -0.8667715063526162389 0.76056492540774267574 0.47894045083265035512 -0.43835720456633919806 0.41573517073582993975 -0.87784631390315703836 -0.23780268497152823315
1.3788689641779054984 6.898079076206241389 3.735522165136534678 -0.90185165007858936193 -0.0087368166242114738557 0.43195748550729279325 -0.4026368281927927284 0.37955776836037707911 -0.83295827330085658868 -0.15667541553626412876 -0.92512678510178991687 -0.34582256382999698729
-4.8754629645065969967 -6.2187586800382490537 9.123209507693813336 0.66929292956265540315 0.0035069833670991175725 0.74299036030409892906 0.10600938482655851425 0.98930743568675783006 -0.10016390579167952501 -0.73539716124413267995 0.14580294497170476209 0.66176469871973042647
0.6514997142906913119 -1.1818819656471952761 -2.5577077987748610965 -0.66688973400155104887 -0.017541971091209442729 0.74494990565378071956 0.22595609446104705786 0.94789172349793870964 0.22459991963552125571 -0.71007177528706555414 0.31810935191309919201 -0.62817554406893938435
7.8743105841631910735 -8.885299424512826505 -9.0913925081558470964 0.69507240354608479382 -0.0035628246753863336907 -0.71893091469851666542 0.47621684385862905753 0.75143364521906974574 0.45668916612749022033 0.53860177446259038803 -0.6597990475238481034 0.52399746700979921155
1.5020049320866541986 -6.9808634072930955128 -4.4415328621794127884 0.0029478048556499415744 -0.0023817706899260803095 0.99999281878173029714 0.53115757099605898084 -0.84726547869616741782 -0.0035837666865762966319 0.84726793000810807222 0.53116432088238019205 -0.0012324777577420445093
6.5199470024999506279 -1.2242304908550927234 6.4231086629092564166 -0.0087031087927502068236 0.0015091674427900403713 -0.99996098839453195772 0.99756532631141181522 0.069208677007213753596 -0.0085778067147435910211 0.069193031718991271362 -0.99760106327172703988 -0.0021078237578558822046
-2.6008353135444171045 -7.5213537904637881581 2.3140553355378856715 0.99144137615252303508 -0.0020695656964551233797 0.13053625760916862109 -0.11858510817483228217 0.40392227267291902493 0.90707462193487098379 -0.054603752361292640094 -0.91479096767338519136 0.40021983420558698841
-4.8492121432463362041 -3.0872723356598426037 1.1234843755132379872 0.59858936151130082148 0.00029140401260766002345 -0.80105598516526554942 -0.258742137365199798 -0.94632812594942983253 -0.19368940184940403038 -0.75811825109081498741 0.32320735313553844437 -0.56638655019512429423
-4.1313925960009818539 5.7342728736345627283 7.7607044325689820141 0.59253247044292201018 0.0048691776549537012231 0.80553185075452349295 -0.68748351133360585674 -0.51812928250659939788 0.50883049068761709854 0.41984722592312156975 -0.85528845293150856932 -0.3036609444209649733
-7.8458841121287141718 -3.2349809739005896958 1.8351200172325508042 -0.8336390040545085256 -0.0093731008793394333944 -0.55223016569023375411 -0.23335245212240768309 0.9122083894143359073 0.33678255205718243825 0.50059229319568498973 0.40961933457979055051 -0.76263972931608503547
-3.274179680150159033 -3.4237869998584598008 -1.1362671668406560954 -0.97417893449021197849 -0.0022609577812542748856 0.22576601087340567031 -0.12455700094573109171 -0.82863162484518304574 -0.5457611050834008104 0.18831079924207258514 -0.55978970906620018066 0.80695385525594875986
-6.6164233088588302323 -4.5840009976838889116 -0.46817543430699931628 -0.69759172513154454887 -0.0034660154551587000343 -0.71648710509308910499 -0.60242423914091758341 0.54418805945736092866 0.5839044374207490451 0.38787990554237078422 0.83895610295239542165 -0.38170909891629239974
5.6299947810791799441 5.4828505043125206342 2.6761427681208003193 0.34255630463217856541 0.011611301624468765847 0.93942554565610814077 0.92942255249016447749 0.14185573141465596114 -0.34066210588718548458 -0.13721842835205652622 0.98981924063907744671 0.037801769550708338996
-4.6811922718858944847 4.4498509325663633263 -6.4537695844130533729 0.14859515073783358119 -0.0067892340325989529448 -0.98887480879940714562 0.98232342502651348592 -0.11410469595523195507 0.14839409356409710705 -0.11384274162610280579 -0.99344553180431049988 -0.01028618086739510433
-2.127937304829213172 -0.070133738104474194208 -4.4703854873427912864 -0.5808005937048255074 0.0078420973422090242688 0.81400809078375990779 0.33622856317738031295 0.91298435717983383864 0.23110585637053321362 -0.7413642988812592094 0.40791918936747406654 -0.53289859381502413527
3.9161695656559669665 5.942598408676129651 4.5368918447850932196 0.87977740485869193598 0.0048792357172337741042 -0.47536082185874489747 -0.21096551213893757759 0.9000970637414692499 -0.38120706778762469824 0.42601088083223204173 0.43566210404623179064 0.7929144093217588285
7.985551987216105374 -5.6379714094281059289 5.068285449102487128 -0.8415459250729606655 -0.0029328431348086565073 -0.54017761377574569082 0.49868893183949170034 0.38014237117890431472 -0.77897440708614285043 0.20762900870033540457 -0.92492333523671887985 -0.31844468700294314978
8.1603330140552419181 6.5705851811584254918 1.1181187780710628576 0.79564115046265182496 0.014397816315523127503 0.60559711242401781384 0.26554926118852856254 -0.90683163280712830723 -0.32732243983951075927 0.54446188991803579071 0.4212470683880777389 -0.72533589308785906269
8.0050683799168318444 -7.7640066301353396483 -4.0835306935286768137 0.80963587924000579577 -0.0031175243261213876969 -0.58692420642636855543 0.13880953670959553237 0.9726348316912635239 0.1863153152573356619 0.57028208420538128998 -0.23231824126205191661 0.78791279924316492966
5.1667474975480711663 -5.540111777939960902 1.8356721007472662777 -0.74201726024071434917 -0.0072553170527279277693 -0.67034151436374611599 -0.46869451255044047855 -0.7093217858718552371 0.5264865221372515558 -0.47930766675468972071 0.70484747602707109593 0.52292848089242194298
-4.748461705065549765 7.6819510194313345153 -3.7704181207103331097 0.39697680973663962423 0.0058458234785361239128 0.91781002330508387743 0.67520247371765274025 -0.67920597837309582001 -0.28771662869464587065 0.62170011421652737749 0.73392442750586106559 -0.27357613692221049995
-7.9119563568803146225 -5.9448781268154391455 -4.8025506181220265489 0.37243928733008951903 0.0039193249558101862784 0.92804828330469157915 0.063901383585180104863 -0.99772607803335255916 -0.0214309679817601198 0.92585397899930810262 0.067285303778728627888 -0.37184283974053838895
6.6524334985041599921 1.9552223301144897594 -4.3071409370175954834 0.11662138946678037021 -0.0099105486025580676046 -0.99312699718879460242 0.9929735219732523932 -0.019049198902468970906 0.11679346163788323354 -0.020075760982816520661 -0.9997694279419057084 0.0076193683063287727386
-4.857620633713580105 5.6288305338003894462 2.6770586075276043836 -0.03611917675360201696 0.0058018979692186492189 -0.99933064750895306272 0.5929448384534397043 0.80506870671575325726 -0.016756969249942414019 0.80443260974556585197 -0.59315319728297410951 -0.03251862437057554539
4.0874263117121101274 -1.1843661519553918549 -4.5907407737813770154 -0.74876523060371502627 0.0011770813425688178913 0.66283425071295531961 -0.66219861452283690362 0.042491182602613780661 -0.74812264657950033886 -0.029045212391510772526 -0.99909614846645977693 -0.031036458505905202554
2.3707991656594455954 3.3365047078448055728 8.6979826312606061123 -0.73021613800603857314 0.0085304540957076395447 0.68316295504679647177 0.5389036019019707302 0.62182609623302054214 0.56825629244254571848 -0.4199610692105758547 0.78310889242585168812 -0.45866454294067127151
-5.5931519080492195783 -8.8645462619930786019 6.8001421905431946868 0.72606317983863721821 0.00084274027502749537799 -0.68762747812414770632 -0.5735403856309516657 -0.55089290356495113077 -0.60627422413608200724 -0.37932002970110573203 0.83457552000430446082 -0.39949970773073761876
5.1120371137254458915 -4.6231549335668127299 -3.5151429814064476531 0.98370561300278525074 0.0010233196514193654628 -0.17978381396572454265 0.081045122613242870369 -0.89514219465740052506 0.43835161622236235024 -0.16048350397400457101 -0.44577954659332119647 -0.88063933638646507696
-2.684099877204759288 6.6597321783238738746 -8.8606435429610996835 0.9995366646323464721 -0.0028356400622570280406 -0.03030536588290171085 -0.012105307608881029843 -0.9505561285866742649 -0.31031678642003768243 -0.027927004557511753841 0.31053986145372369787 -0.9501500286085906577
-4.2236379461611441855 7.7779698820932310355 -8.8797107386178097954 0.21523681236154842966 -0.0044885967747395295532 -0.97655156909577978119 0.93477588813770817744 0.29033445294972387574 0.20469475906013423483 0.28260777335533315835 -0.95691470776104947671 0.066686494208217997337
2.3156393785518400996 -0.062717690380792695537 2.1667841802779328475 0.98158989868034707271 -0.0087349707516447706174 -0.19080086764549289424 -0.18286560879096533383 -0.33141509504759830707 -0.9255939735628234688 -0.055149251398972788663 0.94344461154876502196 -0.32691103531346044075
-1.574605817991401091 -8.918809951930482427 -1.7942753958309012319 0.92974483585220291104 0.0036012565889140335865 -0.36818686988712329144 0.18683970815471553917 0.85703470207476972753 0.48019000707677061968 0.3172782117684773695 -0.51524610662350500689 0.79615073066994501705
-2.3067188910690146209 4.3508292540602084841 -0.71474004410433555901 -0.96737615112744135271 0.015359925736978431374 0.25287834013873933259 0.24051776400349109131 -0.25789862820458031578 0.93575611286723392457 0.079590121426016499639 0.96604987979489209682 0.24579064733996841552
-2.9734473437629436177 -5.5699439292979890936 -0.61319422395235823053 -0.98753631027559785061 -0.004122247265609701658 -0.15733735400320486564 0.11710084349968238882 0.6486949457815172071 -0.75198554492038471864 0.105163816680892655 -0.76103736727917448146 -0.64012709461968297919
-1.8413349971343166978 -1.1480319861907792856 -4.7778902847487669803 -0.4845793235222467521 0.008760224902581740733 0.87470345699240192872 0.34066431083165821248 0.92289424916133921961 0.17948267936068537654 -0.80568648154241873094 0.38495384570695651005 -0.45019976692023117026
6.8037752239834317081 7.8481581887531239872 -6.3687527217512744926 -0.97354789921830897637 -0.01022092087958568693 -0.22825428956300627958 -0.22833780006080992009 0.0079114542172956017069 0.9735498230471889558 -0.0081447523517962396034 0.99991646734567130039 -0.010036002221030812173
-2.0567001392056099007 1.5033495802208125536 4.7297574686776524544 0.75413399126061086974 0.0022616897302513983004 0.65671668776195690764 -0.45252852297555118399 -0.7228978485691334166 0.5221461830054376918 0.47592001336240391529 -0.6909512177376810893 -0.54413836070200016781
-7.2169986117718556429 -5.6149892565671120082 -0.20265273709260070434 -0.62376528511410689326 -0.0049216924425468100424 -0.7815962167450009046 0.601191161033942989 -0.64205437927110253771 -0.47574716179264298077 -0.49948579257201980441 -0.76664330102233835262 0.40345011093850630113
-6.6123840780400069406 7.8974902649794422871 4.0228407152398029112 0.74231644959017228924 -0.00039604326926533182235 0.67004935028514167605 0.25911256669990956336 -0.92203295939467311282 -0.28760371967005449179 0.61792148890138753892 0.38711117904217218211 -0.68433761303508666707
2.4304057626162669514 -3.379894615810402847 -3.114670910266303494 0.99383455844864410089 -0.0085913757626938525719 -0.11053985116503756148 -0.10362595337556486375 -0.42651687774052055024 -0.89852379756430800217 -0.03942755660824942554 0.90443879907077029401 -0.4247775023644450032
7.7486976426028482123 -3.6041272495107778973 5.0975509057372727639 0.28214507939470589992 -0.011455395802394793131 0.95930335560772439507 -0.90027359032380649406 -0.34869014863481212485 0.26061972836048641344 0.33151412751055042705 -0.9371680501127497287 -0.10869419997838843106
-1.7841240592304672408 4.5580621205614963998 4.1958252991909530394 0.98321878762244063754 -0.0087241912455040711294 -0.18222157982456366199 -0.077772332765964499735 -0.9235859849807006583 -0.375420287948281306 -0.16502205889754367751 0.38329207770877171679 -0.90876559312253157863
8.0692143743119366661 -8.4848456528967179935 -0.20437504758101382452 0.76422831137286029168 -0.00033936126544894737456 0.64494571316512705472 0.12410812487688911709 -0.98123281881290969064 -0.14757821188759728814 0.63289198243913025177 0.19282645077451929239 -0.7498437826946439122
-0.32489210772312021591 4.2837225670876266648 -6.8761557181173778019 -0.016463596416520738519 0.015254773732825530411 -0.99974808920596380801 -0.59120809868322687919 -0.80651495763797265148 -0.0025704391773712434444 -0.80635099928289144522 0.5910168483085982416 0.022296882540798878408
7.1970671862394324236 -7.6609731564846734742 -8.7353833635038800054 0.99998924173112602176 -0.0041659834283250853082 0.0020398538599114245107 -0.00093999657737212777286 -0.61263310842566698344 -0.79036687105869007919 0.0045423372979756706375 0.79035645062383097503 -0.61263043356422353103
-6.5459040526656142589 7.6783456087638120025 -4.7588350503415250969 -0.075299459602257090562 -0.0027894431006693972547 -0.99715706405302984017 0.56430129959225550085 0.82434601299828558219 -0.044918750340754473593 0.82212774838341817762 -0.56607938476928243432 -0.060498722937258608834
0.83000186095474370873 3.0462553029363004242 -6.9033030561035486627 0.94917056636708396766 0.0092742538846035602051 -0.31462553004693133429 -0.12528526501004499938 0.92810507127720198728 -0.35060601683499681425 0.28875394077616955979 0.37220285448186629651 0.8820919435079115356
2.0984903430465604579 -3.4957923433901689769 -1.8515337400192970474 -0.99505899913462170225 0.0056860722822231288959 -0.099122433501158485614 -0.037604389796248492706 0.90239596443239133983 0.42926382708557730972 0.091888509125070932937 0.43087027277120992785 -0.89772340391290306183
-0.045328719520765808904 -8.8210272340129449731 -5.256108581354530962 -0.15186336239856060293 -0.005459685926510696001 0.98838641785021552622 -0.72598056702768420934 -0.67798255888944214398 -0.11529035579811311441 0.67073820187864452436 -0.73505771315694146129 0.098997085155873548734
4.1272422427242023701 -2.1200786599047130032 3.3323093727759789395 -0.086141555077517209527 -0.0060575437810212072118 0.99626449231712510546 0.040541224493115077254 0.99913193616991358148 0.0095803570664557864689 -0.99545770457869908743 0.041215049293506562933 -0.085821198467055298531
8.096316644082957481 2.3202960417093794199 -1.2652139940253221972 0.76839885029759225077 -0.00042919267655343730332 -0.6399711107969406898 0.25433498777797564072 -0.91743343812432021078 0.30598954329042127309 -0.58726222494988444822 -0.39788905791032425086 -0.70484564036526575759
3.1404362675311667807 -4.4943283606938910779 -5.0488949174340964632 -0.96930598514136612209 0.011738389388437419497 -0.24557711087156261498 0.02154895480255104509 0.99907174370109641526 -0.037300046720334677219 0.24491130989892059833 -0.041447088594901787539 -0.96865917077723451278
-5.7929374376337721131 -3.4964197933316003564 7.6319607544098886365 -0.99107625782986863427 -0.0068142852493657318433 0.13312181144481743944 -0.083992036105726794459 0.80741049999148217786 -0.58398084075926370851 -0.10350453630935332883 -0.58995071829742873337 -0.80077772255691814784
-1.0816825246564567564 -7.657961537393385143 4.8430468311009473581 0.57439068893124090032 0.0078808728501245668002 0.81854335762492325124 -0.60766193927756351201 0.67410239589397435989 0.41992014407904060258 -0.54847270125544778097 -0.73859586493092010961 0.39198704606714218635
3.4504041521194905862 5.9360351343056665385 6.0592577792599202624 -0.90805643598370489045 0.0022569114240175557756 0.41884175462799422274 0.21789720006319521217 0.85655927437474854713 0.46778950360973997613 -0.35770702994725706025 0.51604371504120261083 -0.7782959365775309335
-6.1675195147763748338 -8.0131877363592742824 -4.8990775222912592568 -0.60377828643583064672 -0.0094056637207382727539 -0.79709680360592338744 0.7926393321184100893 -0.11333381732239906914 -0.59906454996921476575 -0.084703423823969586914 -0.99351244548872919005 0.07588379702782412084
-1.8321479683677115435 -6.5886781541303403031 -3.824856596778320128 0.54989706897104972949 0.00045807077443456301058 0.83523230523494740307 0.73930150036557473747 0.46504899138104921485 -0.48699355968299018471 -0.38864701863531014858 0.88528482749156367504 0.25539042487756613564
4.8370866384482278377 8.1139030048860867339 -1.966722624898828764 -0.82613770627797333823 -0.012853020462951926517 0.56332165778566067882 -0.23156074071915030976 0.91916223833456445202 -0.31862266551113577195 -0.51368873223300848263 -0.39366937839369875451 -0.76233083821413460957
1.1573641710019189066 -7.8845835538317254887 -8.7215051951369506611 -0.06754459533157315676 0.0097237320099686028879 -0.99766887125797110158 0.98002266809258942182 0.18813085215298724906 -0.064516296335817943652 0.18706495574056397624 -0.98209583621162466205 -0.022236700066331986647
2.6617490571353514817 8.1460318473285440177 5.9738952178103463808 -0.19871165321011449723 0.0050003671894415313917 0.98004524140814908151 -0.035288304136584569548 -0.9993750589896560621 -0.002055981615779687785 0.9794224902817024736 -0.034992682052433214668 0.19876392462688813323
3.8073696510671926063 3.3609392234204547023 -5.7311883114878350298 -0.85694569458524982863 -0.0042703928089574761176 -0.51538901838985873294 -0.070090006010819813631 -0.98971068897734382208 0.12474030295483662378 -0.51061871057479357727 0.14301928495544255493 0.84782900194658861182
-6.0988793619205630137 -1.0545047993640228601 -9.1156068465485979857 0.98108721384655428466 0.0031060184364741175861 0.19354129139881628974 0.016630728271102269977 -0.99752656233826653143 -0.068294775108346569836 0.19285045424900798539 0.070221863257769009947 -0.97871221113083417542
5.0004866453688752159 2.2241545168475087557 -3.3123970655979291244 0.42035510808266762783 0.007773289220445013005 0.90732637958092632324 0.45520676500977819146 -0.86682653486439598112 -0.20346635973652824059 0.78491297874225129938 0.49854922969531045851 -0.36791341559141232942
8.0832130501704426706 2.4896176224683719269 3.1453369981756500451 0.76095932439155344884 0.0025255907949185514225 -0.64879467323084116792 -0.36771409846868030602 -0.82219737323604269452 -0.43448569738375325544 -0.53453460917767758875 0.56919689109738824673 -0.62473006231205086003
-7.1529834546129116291 -6.6950022081304938482 -9.2052418594778870897 -0.41532883791438035548 0.0031545660710698458958 -0.90966587553317235226 0.52653575255240614439 0.81628426557393019003 -0.23757125049122479465 0.74179650692104681653 -0.57764179773352453129 -0.34068738724895208936
-5.9989516816448933412 2.2349835480590471981 -1.3865804188233501471 0.58471565059542518483 0.00053875682078561833513 0.81123813870518590718 0.74875548063580887881 -0.38520997315749710976 -0.53942423638350445181 0.312206403148122702 0.92282879578027643408 -0.22564169719281643167
-6.8140334430927307352 1.0363825474260521808 8.077320314275938884 0.47427422058441803809 -0.01016983585234040692 -0.88031842996026343773 -0.47542340186927506407 -0.84455308218765068329 -0.24637913938090197363 -0.74097000792453848739 0.53537525699814103586 -0.40538473275417730157
-1.000799028266725843 8.0627912222826108035 8.9584771673884677767 -0.69564282444133229699 0.0050939247473207899947 -0.71836976045339406838 0.66808442276237778312 -0.36302025845047125596 -0.6495225138645485119 -0.26409139491033156721 -0.93176732282543006658 0.24912926614347807863
1.3106310909021072764 -8.9717027634932495772 -1.3532678193878242556 -0.81437993462483970752 0.0021473911268215786427 -0.58032810615368479734 0.51762454282209158229 -0.44945216010289490427 -0.72805053976166467233 -0.26239313014816689762 -0.89330182160929971769 0.36491327841132359389
5.3180766649514916722 -6.9596356315434153572 2.2601925962760316402 0.88710936225088543594 -0.0043834802114285521119 0.46153847565280170517 0.45131046234433203068 -0.20131537062723728337 -0.86936240321745383852 0.096725622175765427202 0.97951666991947683449 -0.17661043956771058094
3.3100367368904635157 6.8010751912804661146 -1.3198742014952771218 -0.31737300614186059189 0.0034093977237897839586 -0.94829465409227775563 -0.046480434729117045545 0.99873568710358262557 0.019146709724246195605 0.94716099167981582241 0.050153796596430315347 -0.31681327706871637018
2.1949896322428150697 -2.2752998170084510754 3.3808602740036337586 0.7794918979942131454 0.0015066204180133485092 -0.62641049724294595169 -0.48714227129574327879 0.63012844813573343217 -0.60467391738588938122 0.39380806045356370193 0.77648945192126850312 0.49191395850992453154
8.2401926971186512105 -6.6215325720526649889 2.7620185922191038408 0.72658163488533622498 -0.010491842361761316571 0.68700003572878209912 -0.5071099729254278099 0.66646182254857977423 0.5465053654309598441 -0.46359314404656892794 -0.74546533140663473471 0.47891840272003283197
4.5327743526629671322 -0.88606140665396515566 -8.2067096070829865795 0.99985584844586739006 -0.0018351625947644503549 0.016879410732528087741 0.016593137422154676658 -0.10509140115081927469 -0.99432412481791221381 0.0035986273654314273815 0.99446087383196135612 -0.10504580095689279584
-8.3516323862778492071 4.4567787253903041744 -3.4873638999421729956 -0.46917541767082043824 -0.011644455929528153837 -0.88302821817865240206 0.19259525597884827319 0.97449490171155028762 -0.11518139568801324946 0.86184772136861054204 -0.22410732514656400705 -0.45496638555815355209
5.3696252722144670599 -2.1051422473332603857 -9.0288904886825669394 0.63924586100722591286 0.010098351697956172227 -0.76893611729314348402 0.75422738653524723507 -0.20329926395145644924 0.62434802688641988233 -0.15001926071381926908 -0.97906457017384818098 -0.1375746664361753302
-3.8426823452403406911 6.6977889747785432917 -3.0191522458154014252 0.42427559668552300431 0.0035290564783094875365 0.90552623585301483811 -0.018341647999133934427 0.99982074379477003934 0.0046972573600594551627 -0.90534733776923681514 -0.018601775141144874515 0.42426427136364147641
-4.8622725866283804663 -3.3286483071217638496 -7.8058561250077485028 0.49556331077178483735 0.01238498124870654471 0.86848351582313931818 -0.84198107306212710554 -0.23866824519685964079 0.48384433585608777051 0.21327183973077648571 -0.97102218356431391211 -0.10784730596433990402
-1.95853050192653666 4.4875808137014994159 -7.146876717063940454 0.27341279659479694741 0.0082184203329148230316 -0.96186168456045861852 0.70446035683760965806 0.67917567040243642662 0.20604857286011951656 0.65496644822641136852 -0.73392974207382466467 0.17990576810345526582
0.24171367927001899401 0.52259340863052095028 6.2163265372427476407 0.79095464703828988196 -0.0070779804114788139047 0.61183384061489975991 0.56450708209436417651 -0.3773245481670882695 -0.73413754815825860156 0.23605613864857138973 0.92605404137322999691 -0.2944510347452020671
4.4962365696278672189 3.4344531349091815819 -8.5794131000876490134 -0.48133817484796237451 0.00050289450786181731125 -0.87653483018701749963 0.13937838398612562019 0.98732061936008330694 -0.075971446371336598391 0.86538270580783205332 -0.15873796547603180596 -0.47530519753625877222
1.898804245438869831 2.6766942964940168004 6.3481332529553720079 -0.79972189173880958712 -0.0011954813381018381674 -0.60036944184205198738 0.52587305308747323007 -0.48386111554973243454 -0.69952551983159638738 -0.28965915816705356534 -0.87514398340100052476 0.38758299808760005023
5.1745753381199977028 -1.4023212992950824241 -3.0279461446947797398 0.67235168127735711607 -0.0035578953148456453695 -0.74022331634765203834 0.24138980215230246285 -0.94427043478348793304 0.22379523991957839257 -0.69976723279989916371 -0.32915146570352854516 -0.63402297476097546625
-6.8369357591138051333 6.6397346847654956647 -3.1902341989911415787 -0.94658515967557088633 0.0082658755527097258625 -0.32234796537801835292 0.2805808382189318162 0.51375244274598697025 -0.81076064334463293637 0.15890540804621205995 -0.85789865536310194738 -0.48862968434166126341
5.952480338595487197 -3.0435002208322567974 -1.6301471160214757727 0.30734544035642041848 0.0083805314579986425749 -0.95156111048353786419 0.37928938906793502328 0.91601848647889905219 0.13057446829106619801 0.87274185165623319183 -0.4010484997125001172 0.278355458444662196
6.670237782739627086 -7.7120200130080851508 -2.2252528439135876859 0.77257295845024631653 0.00033524443782674724635 0.63492591023111599746 0.36960602295444100474 -0.81333696538285504829 -0.44930431617976601677 0.51625808629707325981 0.58179280534656119261 -0.62848605392603906772
8.6011459250200879012 4.4411905238533613272 -0.56918604641434833447 -0.52499047145106692014 -0.0084006459386032263786 0.85106664488364280885 0.4645062537203099029 0.83506847182468302293 0.2947788791947889564 -0.71317525555805616477 0.5500818816435403269 -0.43450083814324003129
5.7844491505883883775 -7.5801371439029221477 5.1157813777420004797 -0.89835815724803658178 0.0044138859171124981279 -0.43924154962504746713 0.26157302296972440026 -0.79795370994095793371 -0.54300039635891250711 -0.35289116588617824855 -0.60270257540730087786 0.71569367094940894436
1.2077538678574923914 3.737534195444697005 5.2780175505917821255 0.14458411499165996217 -0.015307185296891883536 -0.98937410708514728075 -0.4073581347165242672 -0.9121384594172895488 -0.045417848168894728311 -0.90175095440620611775 0.40959629018130699896 -0.13811623835520892012
-1.4943788995162188282 3.4784318761435022438 9.1610059828454755149 -0.42207952258563580239 0.0001170470629076464375 -0.90655880278879241718 -0.51722067657049719536 -0.82130655979219502338 0.24070377348529811701 -0.74453451789825342289 0.57048709112662332466 0.34671721981466846474
6.8694754491199567781 0.75429483254528506553 -5.3265582665919026795 0.18539009869064682068 0.012122045821268929294 0.98259023367451492348 -0.87137155510933284042 0.46425504710708664913 0.15867849313029883107 -0.45424896725692270882 -0.88561860145359860841 0.096631094919029575374
-4.3763447296834803169 5.5290518790841165497 -8.4413008721426336933 -0.90172703863390213375 0.0034501878286386285927 0.43229208181571715519 0.18205920479099724218 0.90999973113996035501 0.37249823526614517233 -0.39210048934854796476 0.41459448323580838647 -0.82119950117076823126
-0.083909064844561426222 -5.7634655036978230669 2.4822437722789461034 0.15383143499489163042 0.0085406009467062869028 0.98806019439229819668 0.88659258205353141946 0.44026713735035094555 -0.14183949103355369958 -0.43622182780658147472 0.89782621141538498932 0.060154892073990606782
4.5956094916033674025 3.6774903308452508988 1.8318380611878795072 -0.6928605086635196697 0.0027444307242318116344 -0.72106642109772345339 0.30182754026892566479 -0.90706864971957124055 -0.29347333887555238086 -0.65486216219115722659 -0.42097379110301602623 0.62764370126236157521
2.4615915928485376796 -8.9462178023397704862 -4.620352379997592962 -0.20834447955850135537 -0.0052123200076606849077 0.97804161954249702049 0.17635893881215658485 0.98339457856992806839 0.042809199243867904205 -0.96202396151979130412 0.18140544247347642481 -0.2039655924474323978
8.1603853418033693856 -5.3617450085156104223 -8.2528984474819040429 0.75333511390692808884 -0.0026874755848283766319 -0.65763134325401850777 -0.64561541634671792966 -0.19335012611379509551 -0.73878038882147611943 -0.12516764889701534336 0.9811261418423996572 -0.14739251494854976876
-8.2052631905041248928 0.85970606144444305929 -5.7925045958745382535 -0.16245900795867923572 0.0099235858046761681039 -0.98666539068601977203 0.94424182982034909895 0.29178621903927326464 -0.15253907432567892499 0.28638162921259746607 -0.9564320806119018803 -0.056773564499863662935
-0.56089972652591280067 -8.5312559997925809796 6.3315079404003737906 -0.96885335211301737424 0.0095400999466465370019 0.24745134590938502872 0.24066993149264101493 0.27160601691787034095 0.93183054019985867011 -0.05831951795657926152 0.962361240941730256 -0.26544241514545413585
-8.5229977051315515268 3.4273329153898961508 8.4877963415331443287 0.95297474342641042 -0.0061798737478824215807 -0.30298671184042114124 -0.19119891392057125623 0.76342904224209084951 -0.61694333028006786979 0.23512148712313304943 0.64586214211850956346 0.72634701050610162021
8.0800954308131753834 -4.5473466204618624431 4.6942298651595377734 -0.1997506638329276385 0.0037486566911154334952 -0.979839588846782239 0.42492779823984927479 0.90139773384234145315 -0.083177471150075260597 0.88291338113170836355 -0.43297583419490964785 -0.18164770414667610887
-6.5333166140530929411 -7.8241832739318901702 3.713747952760616311 -0.89572914414292559293 0.010543166258034340071 0.4444751308881577101 -0.39142467928939883581 -0.49280455920701132788 -0.77712958177361379786 0.21084596457123680469 -0.87007615073041555398 0.4455462615195389664
-5.1444978133728467284 -5.5896180717553178852 -0.037980465068239460669 0.91787774171330971384 -0.0048589476053503034836 0.39683351911776426624 0.0857238270949372827 0.9787468511960198958 -0.18629553602348941643 -0.38749435703679663279 0.20501461387495706346 0.89878647706922587535
-0.28007304589800302574 -7.8777270177673033302 -3.8287296785099966812 -0.37129105220794667019 0.0032140473471715721304 -0.92851097163657447808 0.78660191273097490594 0.53242374009579940264 -0.31270176186016318542 0.49335624597055860452 -0.84647187246954225248 -0.2002123464716443757
-2.2264212037069266437 2.2769148815689521648 -6.7451074318612818104 0.044669069563386287758 -0.002360259224116868261 -0.99899905075072026328 -0.97820594181481579366 0.20287396784597949706 -0.044218645035805755061 0.20277526876494914032 0.97920201304271370368 0.006753371784926714104
-4.5856339342517093982 -7.9614754848819311306 -5.9490985610264575101 -0.91167524621629347781 0.0031057707673353999664 -0.41089974400606366078 0.26969759371987922503 0.75896641468174930178 -0.59264929707750857446 0.31001847263982040825 -0.65112236605167761461 -0.69276851187748900163
6.1019634449571773516 5.6273546277797406034 -8.2291503204576645913 -0.51355041164992432101 -0.0041787953002441376171 0.85804924821589623196 0.30285687410593542523 0.93474623025305947355 0.18581495858589403003 -0.80283478281695330736 0.35529146161626340428 -0.47877373445258497586
1.1457981809625772396 2.2476628984876017014 -7.984250910184600869 -0.91989598527402305361 -0.0096980597518036351645 0.39204250268783363831 0.38713160909089849859 0.13715728330460219553 0.911765867358044102 -0.062613844469942961379 0.99050180579023427985 -0.12241600878634209537
6.7144736043667476721 3.411665526174946006 8.8914064263520682374 -0.36319850242744827762 0.0033315917202630818822 0.93170582714252736523 -0.8062062386068303832 0.50013470993432140865 -0.31606450726135137952 -0.46703142149745197065 -0.86594120609631863861 -0.17896222763087904495
-4.7264923286431779204 -8.7798323003303035961 -7.9749395962209641553 -0.48052304540624729556 0.00085980933165610297884 0.87698167800781723358 0.73907316764794428465 -0.53791410709457931905 0.40548645631097984809 0.4720894573026500618 0.84299921359177787394 0.25784466290170726666
-0.096308746962232461009 6.8621237220959523384 -1.0390014345669165152 0.72105949568477034628 0.00066314839527140210379 -0.69287283387141640478 0.50050786402462221769 0.69101230230624366424 0.52153032137250876499 0.47912950413458127441 -0.72284269263485090296 0.49792907122606216985
0.359320512652376578 -4.4322333278912964261 -0.40933704415497318418 0.9987063447214751255 -0.00035597000130140217782 0.050847913414189094272 -0.034362023336743950652 -0.74182470121911103789 0.66971289670499400959 0.037481840475278346836 -0.67059375626842332441 -0.74087726762818184589
-5.5628629140712675394 -2.3258072905647031448 4.1269930425304899302 0.92481156065645975239 0.00054558384234066996388 -0.3804251301038350519 -0.21854202493319169198 -0.81776476350867011167 -0.53244734472200760944 -0.3113887612202295152 0.57555233810790829008 -0.75615907419277172963
-1.0625293875030412671 8.8532262856363832526 -5.5249596267643061864 -0.13957388813196006105 -0.0034532153106429201717 0.99020563776207137785 0.47732787781061941645 -0.87637504268095289817 0.064225241383557785113 0.86756972446964863988 0.48161692232532626878 0.12396738810445809276
-3.4350288980714722697 1.2887842769953916644 -3.4292263382093253199 0.84726951216057744265 -0.010961573145850233429 -0.53105010844298483619 0.52452507668122272388 -0.14030252708330118172 0.8397551100334971208 -0.083712709285545583437 -0.99004800126484604483 -0.11312443368180710723
-7.0020004310116741308 -6.586150177013221807 -0.83421342085682226308 0.64354051862979977372 -0.0038392361770696889836 0.76540241778256445926 -0.11554521322679872641 0.98804042959474547292 0.10210491264612168993 -0.75664053855325352771 -0.15414723400622212801 0.63540044512577076308
-3.4058004510021668843 -2.9504476801117531792 8.8305714510671684536 -0.83299516905618797846 -0.0096005474386447690188 -0.553196961143200161 0.41687248446244673517 -0.66828961509424267273 -0.61612200257379090562 -0.36378067571998545793 -0.74383924328193484765 0.56068422496684222622
-1.6626916774989466408 1.0122516921721758099 -5.95791130582049 0.0465487735736985625 -0.0060205173848296503203 0.9988978751851191884 0.9630496211108187099 -0.26528343745088828198 -0.046477145916197247499 0.26527087845644292674 0.96415167436683935076 -0.0065505616764781355449
-6.4601010865645953629 -7.7638062436900563412 1.4857379905381111751 -0.29585924970795063338 -0.0138931774780868076 -0.95513050625667650362 0.92592068808034144745 0.24162317222276127882 -0.29032588935483372161 0.23481521191585863484 -0.9702706953549322666 -0.058622469995773252016
3.0547655327890907984 8.9068893070846559823 -8.3756519163365705793 -0.14834268492980373644 -0.0013303061642676516311 -0.98893512330857036297 0.36464795242353614801 -0.92961025536670316427 -0.053447580956439789956 -0.91925313087365823073 -0.36854172545626107116 0.1383859746383576117
7.6459962557425829033 -1.0646020757209724295 7.4019936520365421373 -0.1377408911649281309 0.00051344371600388089699 0.99046816368646983797 -0.97819756168548088748 -0.15699137017157802076 -0.13595308015591020534 0.1554251498740847337 -0.98759984106274745219 0.022126380623569349981
-2.2937555348187830262 8.9575604699779152185 -7.0264160009286067421 0.17268665663064103333 -0.0037697167385611378074 0.98496959742783185554 -0.9174117786944739894 -0.36459884500436517962 0.15944688938361820107 0.35851770797866638896 -0.93115706057421943065 -0.066419738093567645687
-4.6560331092223448124 1.8527808275549089156 0.15159144035095559189 -0.68054644028863486849 0.0076857867070958159339 0.73266463767052381062 0.62819072884102711285 0.52081200581092423896 0.57804088333035563707 -0.37713784059465782494 0.85363679822624993765 -0.35926489656729182487
-2.1335631452410672715 3.3826645488012405671 4.0742656327603565813 -0.11711854734085752616 -0.0016071900398000049659 0.99311664108957575792 0.2112188722535952301 0.97707975607835417797 0.026490342878928485604 -0.97039674044849089096 0.21286748742386446542 -0.11409469280032162597
