1125 17.292696884352682929 17.968806560800352656 18.477561601407678893
-5.7132031378158263379 6.2234558486674327327 -4.6847475212577398551 -0.89170537082183698452 0.00031507744446622031748 -0.45261620869526197897 0.23183450624234666626 0.85917811182262893155 -0.45614222988044245133 0.38873421943919284072 -0.51167653150318681554 -0.76620678262871222408
6.3845137704637568987 0.56285900724438509002 7.1078289696449239443 -0.047708145993489381453 0.011850959778044385315 -0.99879101295426608864 0.86850113366603975962 0.49440581134123645635 -0.035618457750241194759 0.49338596820998303905 -0.86915041762870215436 -0.033879756629687486635
4.7623374587735156638 7.1077776585406811094 0.97092930467021454355 -0.99889183961358707364 0.003470593800250602011 0.046936635288025614632 0.021074806561457305742 -0.85872460118226301429 0.51200382015446455064 0.04208260070257961033 0.51242561831283106599 0.85769985450350294531
-1.4888562028312519736 0.64402957051228948426 -5.5799497050671220677 0.30457435459513310105 0.0055948693520348254798 0.95247213080496218041 -0.26401155564463862913 0.96129709034711141591 0.078776916521153733663 -0.91516794142344282115 -0.27545707746853848041 0.29426355102779633288
1.1203685346884395546 7.3483296808988027848 6.4312426269495901465 -0.93535076849187481773 -0.0065274947385459552995 0.35366132343554423922 -0.35115294914693417905 -0.10313792240901842323 -0.93062031745884754574 0.042550513361234068577 -0.99464564583257408792 0.094177985958041776637
-3.5990995758519503944 -8.4324466680298311161 -7.7622067326475940874 -0.58401844069115904645 0.0080429282371654343964 0.81170054345048803235 -0.80609830338972687791 0.11194617937961100218 -0.58109687505148432951 -0.095540495104571965257 -0.99368172179394054222 -0.058895242316500201474
0.98672387776409420379 2.5545897424390804353 0.60811680344305785173 -0.91550367127603327067 0.0084993064976784989811 -0.40221982754346996547 -0.26641991030647849126 0.73632863981803486908 0.62196508388793592115 0.30145225040183021292 0.67657068808284559491 -0.67184718854447467162
4.9643199377000755135 -2.0352087804768235202 -2.0825031626926082673 0.98318461274005131134 -0.0001506960117148709033 0.18261433284943612287 -0.17912857359882294883 -0.19525011003675799004 0.96425637081181725385 0.035510158993597135124 -0.98075347148066693848 -0.19199389778550066121
-5.7802103465571352814 -2.8468598866070777831 3.8874455208176197374 -0.59047106697777240747 -0.0040706596691010704658 -0.80704854178164464606 0.6854055492392270299 0.52543328870923711182 -0.50412210047592154183 0.42610227895915442353 -0.85082506359774956461 -0.30746310188360376214
1.8807813478802155593 -3.921061534190528608 6.854761310789503348 -0.52501570885503001662 -0.0084751973221583280782 0.85105033722209810776 0.28954294420090559425 -0.94208455533059110021 0.16923821693456758686 0.80032705122285896504 0.33526834273163702571 0.49706312420367054772
-3.9022590254245126395 2.9386201520513366425 -5.3091732529311927991 -0.92958142690836687017 0.0049063540257380461665 -0.36858418093747330468 -0.36768026065191244944 -0.08357489699697391583 0.92618921528962294687 -0.026260172771592843466 0.99648942005536300659 0.079493641531144423884
-5.9627191465809392668 8.1812413509909038822 -8.5339401051068666249 0.044698237088634011627 -0.0078874339020039638259 0.9989693969222377401 0.43380789520756313227 0.90092146707404852091 -0.012297163122564356078 -0.89989598157616790264 0.43391047296834572844 0.043691232433059772056
-7.5968225448331843097 2.8555140876666653682 -4.366801486867529114 -0.033569010887252836994 0.0022244019436332296974 -0.99943392655249152501 0.82450292893345866752 -0.56511658018507748835 -0.028951182712934321606 -0.56486108176138860593 -0.82500806228557288513 0.017136378715102110193
-8.421281567637297627 5.2270063164317370763 0.24979529392058227866 -0.89666036565495765842 -0.0042237745725311089118 -0.44269893651558411829 -0.24148592153683232087 0.84276437491069133845 0.48107458681658682442 0.37105894189909882641 0.53826607557017824846 -0.75669339466336682509
-4.0093401760186972993 3.9343911237014719262 7.4263737175701844961 -0.053137804465435617418 -0.01040000770361578647 0.99853303078879496191 0.18931376312833095299 0.98170679908109381717 0.020299254382146719733 -0.98047777783412448649 0.19011470347675121784 -0.050196879336840333208
-7.0100671817259838647 5.1554274060716718253 7.6584664042874086576 -0.53411289621389379523 0.0029313216656237199575 -0.84540807983547816562 -0.73929325280040869561 0.48344695944756255201 0.4687478253438596143 0.41008401634502589239 0.87536874787379659324 -0.256048149347020082
-0.50787714840428899166 2.8024050403535309961 -3.6139341345194426758 0.77776724009620912259 -0.012133200484753720039 -0.62843528360443345893 0.37346029901385274785 -0.79527702228864283196 0.47755822983153201067 -0.50557445079178942038 -0.60612477532712738526 -0.61400914605628975629
5.5866381770101858351 -8.3871506228723617937 7.4449015293403508764 0.96363864242251828784 -0.0047472685910025340383 0.26716667133306259974 -0.20250185042197885177 0.63936182702771271469 0.74176104960797339949 -0.17433751003738029439 -0.76889135616197745726 0.61515243233959115976
-0.64738219226593829436 -5.0000827044638516128 5.5905406765003728964 0.94865503695856934208 -0.0049984501281232409514 -0.31627304081951729264 0.16605984202793266924 0.85887423556813347059 0.48451953143544707059 0.26921691945067521834 -0.51216214519736069644 0.81560541152454613112
-2.0153534270372266413 8.4698074504356970493 3.2501336512538783197 -0.92931789916974538723 0.0057634154321438103505 0.36923573137666132471 -0.19063245914601845143 -0.86383517786117336446 -0.46631325416474112 0.31627125668117694879 -0.50374156919229984286 0.80387618677581773596
7.6535061279924541111 -8.3712032290496551923 5.4223095748990290943 0.36820706150003945645 -0.0098219550379788946037 -0.92969193234132263548 0.73617191676705351355 0.6138252455689283682 0.28507801891001000039 0.56786835518890399488 -0.78938083147580750953 0.23324543741219053161
5.4544391770243771944 0.39285834382248552288 1.2924990381599974487 0.5380653744958033835 0.0067983060265632763719 0.84287569415891550051 0.84240372249608852506 -0.038753598671967592892 -0.53745151122212986294 0.029010706533997083351 0.99922567101997816774 -0.026578887885954444181
2.0069506917122859058 -8.633465631545275798 6.413714569924275466 -0.94853413630501837162 0.0033269941574458933471 0.31665742273659297501 -0.14634107074486890632 -0.89137481891645597987 -0.42899326709742963137 0.28083319475701934431 -0.45325474438945090316 0.84598631987241812435
-2.4905285698667976035 -8.3643934577340655068 1.7071108392326812542 0.93940508328268068627 -0.0015414075980010326535 -0.34280564984458117284 -0.22574796824738280199 -0.75533384280372140029 -0.61523055901649847943 -0.25798438777366072827 0.65533839348701716787 -0.70991242113864327923
1.3750474235946872348 -0.018250279574654231646 1.1847096770785665587 -0.3961815625225834081 0.0014198249535706279276 -0.91817109168949007092 -0.87357428010312321298 0.30728960184848486126 0.37741366925174035796 0.28268029053957266505 0.95161498763584240201 -0.12050215204552523762
-2.8111324611383863292 -7.2158111971421661224 6.2653436110914846324 0.96076063552069457252 -0.0062365556555131849287 0.27730868469515124186 0.15556002398258783614 0.83984204296806452827 -0.52006386319577935229 -0.22965208505978329523 0.54279503335714740508 0.80785733368635714857
3.2142509443183286955 -4.0903866133160882157 -0.69322930196370147193 0.77802632411768668508 -0.0071548280866422283436 0.62819093229279965307 -0.60333393435561544216 -0.28722491531764393624 0.74396909322619242388 0.17510911636740109087 -0.9578364455665560051 -0.22778529563884919451
-4.4011914528931947999 6.418217691494218613 2.5657465836466828435 -0.29647771837886954804 0.016720814045147115723 -0.95489338508693266672 -0.073522352817566249961 -0.99727914194477818022 0.0053643897944401002995 -0.95220555876395363004 0.071796430408371331167 0.29690039818020047546
1.5193225291371283969 -5.3186940897307160014 3.0268772237147767434 0.44564989374175673076 0.0043490766532487575013 0.89519677040278544666 0.89471806206392656691 0.030893194635873283405 -0.44556166794451995683 -0.02959326991313962138 0.99951322955591992425 0.0098763514719241839862
-0.70337956227464581982 -4.9960591372261928811 -7.3921754168769755466 -0.86574619088968118863 0.0050335743259716896059 -0.50045798633822491386 0.010805105750115459942 -0.99952837527333127099 -0.028745029364905718555 -0.50036664821899035083 -0.030293401145618681358 0.86528349527607495428
8.0847073474886528288 -2.7934510336295468313 1.5965713042193701021 -0.4840312385210901458 0.0050129473858570366626 0.87503635952688596511 0.6513104900939050701 -0.66575752495775974982 0.36409004855376964072 0.58438720522383602596 0.74615131730812578326 0.31898245414142423204
6.301359525015648444 6.2311894998284298453 -0.67009527525124790159 -0.845558863928773774 0.0022601276258191801277 -0.53387741987695180867 -0.5315500991641001205 -0.096929693935412300498 0.84146249263535632945 -0.049846762282051947091 0.99528866478856503619 0.083161132948719823643
1.4335539614162320365 4.8778316297769315213 1.5326256201416690317 -0.25478349012994450096 -0.00075454406590011631473 0.96699783030784269844 0.96337816488438976492 0.086248374781709699621 0.25389708401459898379 -0.083593567819689504339 0.9962733804084378253 -0.021247750667158681742
-5.9368734064275754392 -4.0610977991572880796 0.1800628206805144349 -0.90201588267109811259 0.00085969475063582176909 0.43170199019005189855 0.018117528969463982114 -0.99904160593908453158 0.039845009058321063933 0.4313225041117529357 0.043762204329358907196 0.90113582046155460414
-4.8069945330405881023 8.6347827660596969679 0.77767760406442831833 -0.81955438568638749874 0.012416421064397782648 0.57286686183576207565 0.24252238109665630317 -0.89828409530433361851 0.36642677138797136172 0.51914689979695538558 0.43923970290808356243 0.73318140989799052143
-1.9977345451142221044 -3.788193588538771639 2.4888355764588196983 -0.6750132499037981848 0.0093153688739650956918 0.7377467969142176285 -0.51232633006161742983 0.7136215502499468899 -0.47777192732972617595 -0.53092263464647959648 -0.70046949035734629163 -0.47693149308705773404
2.6106380388995398256 7.2878140368927342152 -3.2255900991888259988 -0.82609479564689547448 -0.0032577895125867738918 0.5635217612596156167 0.024235516715704608776 -0.99926348192143210625 0.029751192038007440166 0.5630097941732610245 0.038234545971442289447 0.82556531610744898764
5.4827144800654306067 -2.8067267088658565122 1.1112928174247749258 -0.28573416167543819189 -0.013009044077963070885 0.9582206184505287494 -0.43221458452210914647 -0.89068317973999144854 -0.14097526823771105997 0.85530494081233254811 -0.45443837657087893245 0.24887591310025616864
-2.625226118514514706 -5.0863846869773912118 -0.72906818237619042122 -0.59694539115608258317 -0.0052430592295774980718 0.80226473829254629777 0.69830879743475393617 0.48893330384537109223 0.5227896783751676546 -0.39499496630036723399 0.87230541367156921861 -0.28820520792777937213
-6.3670452488759554655 -8.530256202147270983 3.1877665814573377112 -0.93384749804181110822 -0.007054168932861116896 -0.35760185835904950702 -0.15405111373103480554 0.91024955608021784759 0.38433579070084578078 0.32279576323017744599 0.41399998110651692329 -0.85112097311980716707
-3.9465338774022802326 -5.9179864600692235754 -7.2360559306103189314 -0.17743324214137604078 -0.0028640762139813162948 -0.98412867128775849412 -0.88467475112633053858 -0.43760910998894492208 0.1607757804360476217 -0.43112414604539545104 0.89916075532792016922 0.075112627263998671401
4.8188228678397724281 1.5769501823667437801 -3.42901434925878279 0.30005657440046218376 0.003164392410154135294 0.95391615919836247883 -0.63516517666838867573 0.7467474638556335087 0.19731554316148713912 -0.71171008880498243254 -0.66510015174090209022 0.22607639781096688925
-4.153250659376880094 5.1982505242222867281 3.8162708212164866417 -0.67489494009803485675 -0.0053313163033653007683 0.73789457031243710361 -0.63387582985403057023 -0.50775582550388509429 -0.58342561993258124087 0.37778069320330920355 -0.86148453191766949377 0.33930244489177047162
7.3359226038334268694 3.9212786876597638397 -2.320535945607158812 -0.98190718141661714746 -0.013410688597203920466 -0.18888737520953954863 0.093019766746698817617 -0.90300480365078672484 -0.41943968288429783753 -0.16494123219068906883 -0.42942109637863928873 0.88791436068372620039
0.16556164893796485038 2.8790940122814725477 -6.2684120617648373397 -0.015428754285101733273 0.0029000529610157818952 -0.99987676402337399839 0.93763671132867842939 -0.34727208923329039303 -0.015475581026814032304 -0.34727417282277284194 -0.93775992969005761424 0.0026387796137336966273
-6.2721202148364891826 -8.7521610221608376889 -8.818519614662207573 -0.084584798388476961639 -0.0017950006626355067326 -0.9964146676229284072 -0.71986157937916472882 0.69153146472902715658 0.059862674707590129985 0.6889446410380661856 0.72234410862278353171 -0.059785201535590297428
2.1898065066315246519 -6.1292649184752008296 0.52833578879405129758 -0.43636772624959341282 0.00031132445277438913767 -0.89976836495015211081 0.53917704776644848064 0.80066001425430766147 -0.2612118924097720507 0.72032723025690081897 -0.59911889024757480904 -0.34955004891835395053
5.8033490477792541995 -8.4595679666666292462 -8.7697005058739438965 0.13927227866676081258 -0.0011273051552093049307 -0.99025348349719954921 -0.74761573489882537924 -0.65587444454594434617 -0.10440031572404738502 -0.64936426243440981132 0.75486915566510226494 -0.092187919483253999431
3.695932160327589866 6.8083463313104051196 -6.3678989258313496435 -0.65888838071343791558 -0.00058205153237350995554 -0.75224049543799864637 0.5174344339148146954 -0.72619620499057213614 -0.45265956132227841424 -0.54601072183600540821 -0.68748726029891848999 0.47878341509165944778
0.086249196441983838612 6.1827679385373723875 -6.3838423847844065762 0.55004898923044731607 -0.0017106466706571419288 -0.83513063836397027906 -0.2250089761710725722 -0.96332176977272221396 -0.14622629217813015723 -0.80424938302061044215 0.26834351411880424942 -0.53025907662332238957
-0.29712456520979474428 -8.2672195217168855663 -8.8037795009496804255 -0.99976945308774300969 -0.014223320144480895363 -0.016085329864463246419 0.01068523895051689751 0.32021957080400925699 -0.94728308975873576347 0.018624348078467131001 -0.94723657216040324514 -0.31999376559620890115
-2.62985402804211299 0.71229870591529564905 -8.6243798703578669063 -0.087571517617302127579 0.012973505901294164061 -0.99607375100792860945 0.67423214376406004344 0.73684666202174176064 -0.049679100054405601894 0.73330910645998725883 -0.67593541467511897292 -0.073273935140420548562
-2.9819985077700437159 -5.0388310162080562904 -7.4921454979127677376 0.25151132035039830415 -0.0038782896573028454411 -0.96784658629609043867 -0.12088931920578573076 0.99203492655666658528 -0.035390351704694456014 0.96027487118939081068 0.12590338899785366578 0.24903917041566339674
7.912211403035439794 -1.9509174195873826285 -4.5074413777994415398 0.98191642932228551111 -0.0024512534019370353297 -0.18929901527423056984 0.11244697021439768736 -0.79686964569124230096 0.59359451367538151878 -0.15230168980222219544 -0.60414630606556041226 -0.7821837611140783908
-2.1686773703461832419 7.4052566860958073391 6.4385236470820723653 0.25327625258456215596 0.0046900194047983963241 0.96738262522880136274 0.61721847687790720727 -0.77079266619285380369 -0.15786075365164919937 0.74491106293129327742 0.63706881061713860337 -0.19811824464683241986
7.7750728206532420117 -0.78302468580974149415 5.0224876965717140109 0.52344062462620644105 -0.0076161116597321370375 -0.85202811416896440111 0.57327751464725562602 0.74293199473623339202 0.34555020242599310265 0.63036719750520253669 -0.66932357349784088463 0.3932469329429681415
-5.437097017622043893 -4.8690052419564207042 -2.157545893367849299 0.92056943364198651203 0.0015729614412118833253 -0.39057578475439841403 -0.097930177650085797891 -0.96711944559332885252 -0.23471186220728251781 -0.37810262912283021386 0.25431772204805941362 -0.89014655990051039236
7.0915055201126442341 7.3193838311336003599 -0.81044626319880508358 0.9438236023771905403 0.0036028460601844614075 0.33043006385024076277 -0.32578192604359490492 -0.15733096835030815908 0.93226235741944896152 0.055345679679022541375 -0.98753935916415591656 -0.14731893918490199247
-3.5297981752506939479 -2.6919713996133731726 5.8473828599654247284 0.66168284315255487815 -0.00053562460367144026224 0.74978365425212112338 -0.65412212673552894149 -0.4891794186470024286 0.57691224608864200007 0.36646972370481462056 -0.87218301375243412199 -0.32403199244688773994
-5.8801093828164336941 -1.6806485778709907564 6.8677748660535478109 0.72528189818857913274 -0.0013463833808499505763 0.68845069207000164635 -0.059338925583429777411 0.9961544007179465865 0.064461630766878191823 -0.68588997665125028824 -0.087604778307642627855 0.72241286169837071185
-4.6025519487197605883 6.3631952063924064333 5.4748116555611092693 -0.67371516291887700856 0.0029509710095121273465 -0.73898523058561094157 -0.60310247400708738574 -0.58007912154711371855 0.54751768792570409961 -0.42705419457011345452 0.81455478914284207281 0.39258783779550776583
4.7077680469747891223 -7.3881658744095561886 0.076467303802421823788 0.0089043006033725294324 0.0035016634861551312538 0.99995422484407470165 -0.97217255759521847835 -0.23407415987702087645 0.0094765994226319767713 0.23409662895791749637 -0.97221243873479101794 0.0013199544642705906411
0.65139566702088858019 5.016559558971017907 -3.9918323056911999558 -0.4640468815988730289 0.0059972731881681329985 -0.88579033884564517543 -0.65245709242901406277 0.67403717069818125385 0.34637210490492598147 0.59913290196531843179 0.73867308413912546872 -0.3088718837175314369
-2.1394221925196683642 -7.4334281056516324782 -7.5371449361057285543 -0.68010668534263052365 -0.0036361039075092161169 -0.73310413673661289913 -0.25549880864401425251 0.93846835243835369234 0.23237364362833923259 0.68715009665549675599 0.34534610207733512643 -0.63918762069228596268
2.6087042744528288196 6.1423812855011394873 -3.1615483601224898536 -0.77241920258907126318 -0.0075809205641606319456 -0.63506779568421933835 -0.18520741764544756958 0.95915677865178505801 0.21381413988626268852 0.60750867312387080155 0.28277341390173932334 -0.74227515684511158334
3.2611125481170595286 2.9529847545954104326 6.2132708744169828918 0.96811098381475235719 0.0084049353254225765697 -0.25038067033892358326 0.072244204158861707876 -0.9663448863749669604 0.24689741906792075921 -0.23987892358988294195 -0.2571126555406270664 -0.93613630651627022239
-8.191593998291908818 -3.8051990295502018391 -2.5858372322480316363 -0.38711689438269353269 -0.0065847208590116123456 -0.92200713204112227928 0.61522313047666654651 -0.74666128536082676526 -0.25297712281878537155 -0.68676124658444537285 -0.66517183223153975025 0.29309627052492515098
0.46736999103825632718 -8.3110254702962134132 -7.1429626364832996543 -0.83818855977684392222 9.0227198305406833279e-06 -0.54538054437057115198 0.28873581224830952019 0.84836669960009636338 -0.44374043509145560948 0.46267868870806189152 -0.52940905066730559181 -0.7110938672827530338
7.3977098099538327602 -3.7817248201274891173 8.0773580420744934827 0.83982733776876339338 0.0059945172842316802805 -0.5428205122308293884 0.53536542433345035708 -0.1746591460858159528 0.82636435373048200415 -0.089854911742629911542 -0.98461070908801340273 -0.14989278296372970933
3.4787845810861761642 3.8773693203179693256 4.1220440261110660174 -0.82668179966272492543 0.0039405412138518672999 -0.56265591105137469086 0.31654668795821039318 -0.82346556877501253524 -0.47085311019937947652 -0.46518318590499335707 -0.56735256161995617497 0.67949663308531504935
7.7505509908928429397 -6.2386858964359728219 -7.362401254094338654 -0.067213003403435986338 0.014961617842050498745 -0.99762646424670342604 -0.28263629692121300385 0.95864482050925658996 0.033419033107712270425 0.95686944555485509145 0.28421164315108787823 -0.060204701320673570386
-2.0969502697658395363 -3.7228141399515211063 9.1308352325472501576 0.17902632211208724389 0.0068171418554262997597 0.98382066585724936569 -0.78752032883554556886 -0.5983892420933067946 0.14745184507950392927 0.58971290274284571264 -0.80117653580445646888 -0.10175878740771827913
-4.7385890876262433125 -5.9799431899885790997 3.9402643570314617172 0.3115594934900557389 -0.0038905998709324357727 0.95021868285592714365 -0.76131136253468079111 -0.59942808698118643651 0.24716589128269261799 0.56862614369349684385 -0.80041916004718138833 -0.189719469052366696
-8.339364499439499312 6.1806129842720576306 3.932754963226744227 -0.92798985565460045954 -0.001870450709071046734 -0.37260076384355100831 -0.16672767755035006187 0.89637496225100432579 0.41074786498338400342 0.33322171198958655536 0.44329271194522640309 -0.8321387277342863209
6.5057268240670298454 8.5537611439249143785 7.2860356715168217434 -0.88854592132251886127 -0.012232814500373473399 -0.45862457844158860398 0.44789252014463554197 -0.23968881708878495007 -0.8613602970655841462 -0.099390321962431249503 -0.97077269698520995966 0.21845350692574069806
6.1774332777483449419 -7.1150168439158170131 -2.1755117822315472864 -0.8622499540765280468 0.0084258097695010959055 0.50641289717454729402 -0.33260309614561162084 0.74463511669345971988 -0.57870002887625315857 -0.38196884313963891389 -0.66741857085085576351 -0.63925914475587508612
-4.8287689098237045471 5.2380891693448194957 0.078479939300484247156 0.85562184859161816153 0.005306541278082673764 -0.51757423895700926941 0.49837007913498582168 -0.27848568626024772232 0.82101948014107994922 -0.13978024336514979775 -0.96042571975561341624 -0.24092305908113442747
-0.58227058728251568365 -0.086106417403641541397 7.5465367267429233067 0.60908815580057562578 -0.0046902767603887347836 0.79308865820110585609 0.066020503652139572726 -0.99621197754169121819 -0.056594954721511984974 0.79034986655349004359 0.086831429254113287608 -0.60647126175340670962
-8.0999357169165140391 7.0867822381657736841 8.4237241788704029233 0.5519141305003373299 0.016012472849050475576 0.8337471998559322639 0.78534820198016630499 0.32619717500262879195 -0.52614028991011563274 -0.28039078836622921553 0.94516612493973251041 0.16745746345181944381
2.6356953883789886461 5.188141600100671269 3.9495111484456919548 -0.36477535464467747417 0.0037878742169720775596 -0.93108785442228569895 0.93055515103981012448 -0.032582188992667161787 -0.36469920733884503283 -0.031718315166146641981 -0.99946188169906258203 0.0083603536808515808987
-4.8214818818404525658 -2.6509004487172460607 -6.3820749771927687277 -0.83323257636120739988 0.01172917049167589848 0.55279824552010781158 -0.45076397222945363552 -0.59340439025110902627 -0.66684561254532870311 0.32021135993342736414 -0.80481902076833000681 0.49973095639472903118
-2.9747525745368776917 2.7048365807395620131 -8.5011259885390959568 -0.50923846226467350817 0.0095774003562828328995 -0.8605721712632472542 -0.73030757680881630556 -0.53384692050537585484 0.42621392366124050133 -0.45533178211708147387 0.8455269001452968558 0.27884983292924431231
1.3413075117674169157 1.8331429627395166015 -1.8766479632758088503 0.17894860448724714264 -0.0061558529504848512673 0.98383916491799672244 -0.76043791670168026098 0.63363301859057208354 0.1422792064715009408 -0.62426882974752428979 -0.77360927038550619805 0.10870660044072935624
6.7159697183057858183 8.3602631778279672403 5.5065131787575909428 0.98208484958547082044 0.016161217696659683357 -0.18774494202829156153 0.15255911094616195212 -0.65301839453166521388 0.74181715676448123364 -0.11061223206309656053 -0.75716959226151159257 -0.64378501277386690482
-0.85085808536427487425 0.73524885478890134038 -2.5624472172370986733 0.037477496172125104867 -0.0051216675020498069956 0.99928434682159650304 0.73121453697542282413 -0.68144660810840784748 -0.030916358347581003596 0.68111727198503257963 0.73184990866969534817 -0.021793874915857158747
-4.9797650627319844929 1.7100399588094923331 1.1937503869163326176 0.046834135227741602314 0.0011553211588626937853 -0.9989020117160581913 0.92977423761641952993 0.36548937063168873696 0.044015758766405413405 0.36513891992222635707 -0.93081479639504982604 0.016043190758675756474
2.4569571718136486993 -8.3589747438573080984 7.5161532432961317696 -0.99180704538382735702 -0.0088345159831761440467 0.1274391464752850367 0.1160506859649790834 0.35466843456028035453 0.92776211380603290646 -0.053394971805265534215 0.93495040128018247483 -0.35073740053218716017
3.1001834191302899413 7.4276274204854733085 2.6266791248551002447 -0.72771353176903519344 0.0061202249736491565885 0.68585389007178898524 0.56975746936204252346 -0.55131282791199787141 0.6094510578266582046 0.38185002525426858799 0.83427615849083536226 0.39771076121650161816
-2.3704672768049301901 -4.918108869080419332 3.3159538956374623453 -0.94636257132166579087 0.001604727433360636675 0.32310262835684872007 -0.036891903931898950564 -0.99398463004006143429 -0.10311907034383033244 0.32099356851125832035 -0.10950789968853820444 0.94072905178902599399
1.0390841338911520619 8.4952321697584913807 -8.6736593828560177855 -0.77986741873054665763 -0.00020097796496462618648 0.62594470108046995627 -0.62071760349902305176 0.12921277064119618405 -0.77331346594367111891 -0.080724630128070531954 -0.99161687133237019776 -0.10089358046778630629
1.0787482597433200038 -1.734463317325501297 -1.6423562209740725226 -0.72066388449847640363 -0.011835362548110468783 0.69318359023627451609 0.40562037725204658223 -0.81806224057185794596 0.40773309910828731129 0.56224165190551089744 0.57500790841864857228 0.59434857627380188738
1.9397364730798403176 -7.2021312987221950408 -2.4884998347087932125 0.96602053739616533523 -0.0093434294547946328269 0.25829638335638466229 -0.25081847996832223879 0.20739928964398018918 0.94555572271628574033 -0.062405219616398735494 -0.97821175365114332312 0.1980084684638941106
-2.1593922298397951742 -0.25876275097783563162 -4.988389748630913445 0.29608963109541330816 -0.011963791883266919336 0.9550852307733420643 -0.93501057453617320014 -0.20793273523010930015 0.28726155873282477327 0.19515674690784892698 -0.97806995930951456941 -0.072752998789325909468
3.5937279498569307812 1.6946308086239572077 -0.65341794324769830737 0.85114415752800165471 0.0052949230840231269885 -0.52490531231423509517 0.16175477229153623071 0.94864571731969316026 0.27185786111854937097 0.49938864298968910216 -0.3162961694371939636 0.80657778078293662638
4.8370962757384106112 -0.49814243259207902081 -6.5265501267483569947 0.77498166350955077775 0.0047810582185021247362 -0.63196563411788497788 -0.39589171636167308499 0.78313037573173183148 -0.4795587174918988782 0.492618686348761603 0.62183917220508311274 0.60880446267354848544
-6.1343462460355562271 6.2509478991016997895 5.955345562202692733 -0.64279150403817619797 -0.010748842801507292599 -0.76596575949276235473 -0.76519639067698386192 0.055955586843396978858 0.64136062866079157629 0.035966178997712261456 0.99837539767333172147 -0.044192751542080431493
-2.0319821191259097581 -3.8350895762514922716 -0.64442720040043477425 0.058981530491444639219 -0.0080583787446919102893 -0.99822654823091194753 -0.8120605559638761628 0.5811911574150616655 -0.05267344672943965328 0.58058490551229768872 0.81372716623846363948 0.027735652448966231776
-2.8971983114198756049 5.0802362162796983469 8.9305022343325397571 0.96824621494003892952 0.0023653422921224749598 0.24998734449990417383 0.11929548821367308431 0.87439218131237417264 -0.47032637577717029131 -0.21969946232545972675 0.48521409544197735553 0.84634474526521430437
-0.85895224839628869784 1.8040471208017756499 5.3574090081078473702 -0.50840659486765626962 0.006556525862533835701 0.86109218221017336248 0.66676343877730448462 0.63579705529125363217 0.38882981006202566032 -0.54493050107775553581 0.77182842423139286225 -0.32761506763802777931
-2.9599062781745315576 3.9445749056024603796 5.7717830118077531054 -0.69926735949132623471 -0.0034215165471933712237 -0.71485204984974426434 -0.69865399799755167898 0.21499258186537315019 0.68239342085397425297 0.15135306746793386612 0.97660968813905624231 -0.15272775124608004016
2.687755290325692048 2.8085628627924741352 -7.2337551733320673009 0.13905343468304307009 0.00750534255758786642 -0.99025643756332948353 0.092994382787958768111 -0.9956513749845649075 0.0055121920835711386844 -0.98590881275725417154 -0.092854775454705010262 -0.13914669813705357604
3.293237111798385186 1.5897739013338081371 1.0389252100404011703 -0.7634876033705009224 -0.0039554372911977976612 0.64581037001244301354 -0.60373594153479592794 0.35945331677720432362 -0.71154495708776410723 -0.2293242080525587645 -0.93315468576953619628 -0.27682619100704891624
-2.2235566226948559887 5.0394326745640771748 -3.5282206897384154054 0.29849180022078558583 0.0089408920453986941157 0.95437031892781243325 -0.89589046402813632408 0.3473912075564283275 0.27694697213657076817 -0.32906370456818045955 -0.9376776681578010697 0.11170348684782742399
2.3588034156744406289 -4.0228566355280435118 8.7842597646717610615 0.44979805026658170597 -0.001497388668247334742 -0.89312903424064205016 0.41559624627656710505 0.88548933357272185951 0.20781819027681289191 0.79054504872083197764 -0.46465729086760398925 0.39891368488251655045
6.7496846299431183525 -8.3015718672362819319 1.0915713986911264044 -0.91313906588304205592 0.012388087474364931767 -0.4074599141598279628 -0.40540756331840216431 0.077057686857075008424 0.91088244054901346125 0.04268200982468471627 0.99694967184136895622 -0.065342159838612412504
-2.8673665480839902742 6.305571099187464057 4.3146986007623269188 -0.98219301471075604049 0.010836665106426276312 0.18756185257897250995 -0.18719886046545550218 -0.14104936428527875547 -0.972142820513204442 0.015920693888853688219 -0.98994325267873184426 0.14056631168940056376
5.9308927704226857003 -4.8919345327548073854 0.16448156816740933106 0.088135264399482632358 0.0050848121599089282988 0.99609553751356472162 -0.60790451137865009201 0.79245049099738806841 0.049742580988696792621 -0.78910346610230286402 -0.60991504654610506631 0.072933913799218624829
7.7049920845482624543 5.1246867214854150419 5.7437582858075391101 0.87820953611436236574 0.007376934422686375406 0.47821918773351257403 -0.47604793507924897389 0.10988517786745977123 0.87252714066211289889 -0.046112625004886838298 -0.99391691228379952516 0.10001398548007219003
-1.5878507774001773267 3.9560082719523892436 -6.9079282307520948336 0.31579981815417584867 -0.0054134603592280016587 -0.94881039691853907847 -0.8247786207134458758 -0.495909148284990553 -0.27168795236655113312 -0.46905298385969274033 0.86835753644116353556 -0.16107292521780938732
6.440880722550474502 0.543693810058486382 3.605284602374228875 -0.90644493448895357979 0.012549493104571488727 0.42213752612409610743 0.4222992005246140601 0.016096446425339201725 0.90631357136972623412 0.0045788618412821923895 0.99979168562011844212 -0.019890183230593008745
7.9948614875420158654 7.3324379916151496417 2.6612852545867911047 0.67578460158319253459 0.0096866105529647469202 0.73703550921177907185 0.18798842775954008322 0.96458253150860240321 -0.18504294349453540014 -0.71272401621639902558 0.26360331842507417344 0.65002905106128261448
4.3940313480028887483 -6.2409365945393338038 -7.8431417760262061023 -0.54367402894609562214 -0.0037858309349002123786 0.83928792302362853484 0.70604112515254724425 0.53860937360227556514 0.45978894316933288655 -0.45378902569644485876 0.84254709669643146341 -0.29015497584179722468
-0.81350501619520310115 6.324941381273024632 4.7185900068997002066 -0.55570808181875019915 0.0096764480757158474744 0.83132117388778525857 -0.28543001580263832606 -0.94137479287659242555 -0.17984216806725503157 0.78084456448123817918 -0.33722376204669557431 0.52589152914914927273
-2.5356616856647447023 -8.2825155227841680272 -5.4324421739881083582 0.87953112414208556302 -0.010770552357304999033 -0.47571945184850134014 -0.4542496747699896753 -0.31674145281757076775 -0.8326656502089809786 -0.14171180133032121318 0.94845076164687558418 -0.28347648596454494418
-1.0590322179183884188 -5.1789220285152497425 7.1047821068185488258 -0.91744154973490299465 0.01085082015473232131 0.39772259493547440501 0.15784454977673856302 -0.90767050449782593624 0.38886932685725461578 0.36522061952458378942 0.41954322180977948742 0.83102189147301652739
-8.1602423285680512066 1.7332866672290550003 -0.68321221708721513455 -0.97737557341707492764 -0.0069165954554444618665 0.21139808228719553229 0.1831205346407406287 -0.52784148705855404859 0.82936736994687165758 0.10584827953382142107 0.84931473862588535706 0.51716594674504556828
5.0484766797758116041 -8.6048799716524992931 6.0280942391388050439 -0.97451561990535651159 -0.010131113185042856656 -0.22409075640472761459 -0.18958068658767179837 -0.49680859129587673362 0.8469004586652153499 -0.11991025741513577918 0.86780100493143863538 0.48222706892755157204
-0.64187959836640684497 2.67508336286843873 3.455919222759931575 -0.61592491724435738387 -0.00033010505399282477623 0.78780479012777238079 -0.70473212590558620416 0.44719544875803041162 -0.55078930756393640333 -0.35212089832083753871 -0.89443620322567296554 -0.27567145540477844268
-5.0969499376209768116 -3.9362055885536211264 4.5536824659213461786 -0.81799588530494404814 0.0044453506931961912427 -0.5752068936317915604 -0.54389772114538648129 0.31951718851015303846 0.77594074205408902767 0.187237818180332527 0.94757005287410167593 -0.25894592937370419783
-5.0459267885106333651 -8.42202712050339386 -8.9548192032430442566 0.26533120301402207675 0.0096435564087167038871 0.96410909887148565911 -0.74770099390696898034 0.63337788328707766983 0.19943841323319325132 -0.60872208471306110678 -0.7737825655714256623 0.17526541244663929042
8.3474628428442070316 -5.3636106498856594982 6.8417519933239052676 0.97161722031044051029 -0.0018299229668780716326 -0.23655153471948153765 -0.21169941997043248416 0.43950073937070488483 -0.87293897591815283743 0.10556198548926103153 0.89824036397549267274 0.42663909308093916906
-0.76026054870975567912 -3.8677506339111507039 6.5715890119834421412 -0.430374554410880239 0.011425447230129972404 0.90257808641179448905 0.84396943493309228845 0.35973806913617445424 0.39787449593178808582 -0.32014580399305442304 0.93298337647014806251 -0.1644648394517725376
5.930383510270345937 4.0378753189382416977 -8.2478875211132844925 -0.25194740840372192858 -0.0083742816919624325778 -0.96770469400787806347 -0.23078966118936955487 0.97163027857413086785 0.051679145176632045044 0.93981840569695496157 0.23635666515720885061 -0.24673242824783914173
-7.1586651465232620239 -5.0983835388993989923 8.3013397282535184019 -0.86389415303662109302 0.0047815717887193121688 0.50365070130026412532 -0.33539630091731170713 0.74054582184903405828 -0.5823239708895251443 -0.37576084639038204172 -0.67198885579515454936 -0.63814948406062865782
7.7473039002482861903 2.7417867130171624801 -2.0805989474287502894 0.96756492186797227184 -0.0020940471892691436828 0.25261380986981796237 0.2409840626275495945 -0.29236944171366530121 -0.92544410480125605112 0.07579448218727499742 0.95630315513345665046 -0.28238178402938546308
6.6813838765811608411 1.8585509578979553247 9.0888718312472533967 0.9872049681914752961 0.010791123585125477272 -0.15909086218174994798 -0.13565070145752194941 -0.46760056887031692385 -0.87346928691637815145 -0.083816692681203661119 0.88387400665715309955 -0.46015378123412031819
-7.1501802727936674131 5.059331310256851566 -6.915385787339666912 -0.29628127989701430467 -0.004544729690733819924 -0.95508991650779540006 0.8800519309455289152 0.38725719112673667732 -0.27484626022504848875 0.3711145402995764675 -0.92196052700358455123 -0.11073745809625797076
-0.92005232379011969712 -8.4155007349359927105 3.8474585732437343033 -0.96223424388435674359 -7.5796510361752009307e-05 0.27222280240856849831 0.25220962791708473327 -0.37658646002904283545 0.89138821043854599147 0.10244785738236419914 0.92638147238456403088 0.36238350423267084999
-6.9116904431305865586 7.3698138789736846732 -3.1133886295305210901 -0.42568715766464088057 -0.0039653679515962124424 -0.90486171300168105613 0.90189022444623812014 0.079233197309513281326 -0.42463646038985436437 0.073378926455188855926 -0.99684822129603534169 -0.030152227963468187372
4.2466316683823528422 1.8341425624603964195 -7.9361996712505975538 -0.40800797546444467212 -0.011133439527662446905 0.91291047670728109331 0.2115884357727920162 0.97154845315609428269 0.10641398882084683597 -0.8881215152243736588 0.23657905590694583431 -0.39404381038349001187
0.72135624831476841123 -1.7644082932511646611 -9.1103716568370955997 -0.055303382813936582951 -0.0038470649130152084413 -0.99846218553381393956 0.28207734162844461112 0.95919712523015765449 -0.019319634826301182451 0.9577963819043581184 -0.28271200017231012946 -0.051961675967003052856
-2.7575109252911116364 -8.6101912111276242001 -6.7379410719196162205 -0.72523545276264245185 -0.0097708987363765587714 0.68843159979345425192 0.66109083059146822592 0.2694415489374997752 0.70025721375364036181 -0.19233421891088950395 0.96296717557968414258 -0.1889491121757279346
7.0608155990574239524 2.8080409194690494346 -4.6820334497188573764 0.12466359735302634526 -0.0046779129643096661884 0.99218803894487517248 0.88843232385504489201 -0.44469641011606680925 -0.11372382670378679281 0.44175444924213275177 0.89566914648236239938 -0.051281445129322422716
2.2388285996049521742 -5.0177892433109114734 -6.0984385454588716513 0.74438434587014157273 0.0023727910594268930566 0.66774719429304263407 -0.66765320913046943829 -0.014504600383934954447 0.74433111509959093421 0.011451548425966316669 -0.99989198738175066872 -0.0092127959037782355955
6.3721480695676158135 -0.49339436312080064972 -8.765417388373760943 -0.89438510265548332168 0.0039506193487771970596 0.44728031563545328497 -0.33083729371997921964 0.66713878560644135352 -0.66743728231481735946 -0.30103483724027951807 -0.74492297141824093121 -0.59537197903610095118
7.2207365569530210792 1.5596273469192434291 6.2086398671796576565 0.8363317462443580208 0.0031950496947481779771 -0.54821437584350385386 -0.51429343246822556424 -0.34176249710193173925 -0.78657527350828859714 -0.18987226112302155179 0.93978092512660149627 -0.2841836329275982953
-6.0553582756209243243 -7.1462423827777534768 -1.5801418708518508716 -0.22482529174580784259 -0.013158432571292934254 0.97431024003851984805 0.24497801870180538342 -0.96855457956188883983 0.043448783210325282733 0.94310092701916925506 0.24845297756670295386 0.22097909266228829561
-6.7961258071151950944 -5.1637976360379447271 -8.9297839725999814675 0.80893821324942083439 -0.0052677452329528669586 -0.58787006898209492878 0.19686494706543461453 -0.93980109822907043071 0.2793171824002957937 -0.55395230820154428564 -0.34168135247227349183 -0.75920398682485701336
-8.6218330375431371237 -0.44000727655445526221 2.8763625928999849712 0.99200888803097730939 -0.011088372409985787492 0.12567980770445469352 0.12233350263285786008 -0.15918341509177608151 -0.97964031894005476619 0.030868757682536374781 0.98718675454906523736 -0.15655488316262541892
-1.6732132158785812948 -8.5006480847856504823 -2.7333130244333254666 -0.83066033600325572817 -0.00083807910801316810867 0.55677886437443435685 0.32645474445095645777 -0.81080679519209741812 0.48581852650528312143 0.4510329322969587329 0.58531328234847923575 0.67377863982913754892
7.3326284548110400863 3.9262371685974963853 4.7332375575268121892 0.69531814485229959111 0.0015159669667201530318 0.71870047953444271549 -0.54054636480006834631 0.66013389875978423227 0.52156769762857346784 -0.47364787019514842381 -0.75114641552232197519 0.45982252827303526921
-4.6552953451076799496 5.2610807038442075623 6.4156623141573518865 -0.6208922889090876529 -0.00087069112387614007453 -0.78389540595048690097 -0.68903742907321097189 -0.47623188592990267631 0.54628803040141160619 -0.37379163568686624153 0.87931930077805120494 0.29508876693303032201
