1125 17.292696884352682929 17.968806560800352656 18.477561601407678893
-6.69739839141152693 4.33877709085316976 -7.2597872414819226705 -0.82230377205010407593 -0.0070303938876653702603 -0.56900534271127478636 0.18248526588414140659 0.94385577089844641119 -0.27538230058781265619 0.53899502243309194149 -0.33028299578328396136 -0.77485321738323376106
3.5430916553912346068 -0.2195753427268102298 -0.47873845785896124161 0.83338409900217025328 0.019528236542217060345 0.55234915724387800839 -0.0061316204932992425525 0.99964077240427873239 -0.026090791035899570105 -0.55266024532309232509 0.018356854967808949874 0.83320446417134630401
-1.461264382301251219 7.6782573434940086798 1.77309426749695076 -0.49272219819930318518 0.0088220502849004726886 -0.87014194636881270206 -0.15427274939377072505 -0.98499422022421101452 0.077371215056745684668 -0.85640221519822223861 0.17236170558939259423 0.48668951935539872533
2.6482914415296847643 4.2704821722517039007 -3.3554341311448618868 -0.70618581602657215512 0.0085728689629040646242 -0.70797464584610492189 -0.010066261269863045064 -0.99994719643882479243 -0.0020675392322152931837 -0.70795498700630266065 0.0056665908778731335568 0.70623482363931788797
-7.453961909274156028 5.4978848793631032166 -8.3645227845567653446 0.93201440773764121506 0.0083302471920426446328 -0.36232547626580613453 -0.30964071678990212622 -0.50123036409455901108 -0.80801655219194423729 -0.18833950800425255934 0.86527378851535152737 -0.46457453721995717322
-8.0536299716113948222 6.3451505260534570851 -4.5221079273564477319 -0.023031851463817584053 -0.0015629797126096604473 -0.99973350994767129496 0.98351872263300521571 0.17934530673063897588 -0.022938683138344708595 0.1793333656869416648 -0.98378494501987601151 -0.0025934346548244211796
-4.3088826549184213732 3.2453773440974185149 8.8088111135736646418 0.97605743676094947059 -0.01187121427996998442 0.21718875296654246987 -0.025591518086096901041 -0.99784195599158698187 0.060469042201184416974 0.21600220912226034131 -0.064579448234047792665 -0.97425486425290819259
-7.264520373401754938 -4.7236588888118085094 5.7264125264291410033 0.88461483187514633464 0.0017061723197891380359 0.46631929855271136987 0.16652382564536627463 -0.93521562910800204449 -0.31247646721725835794 0.43557595746201221987 0.35407459107949851296 -0.82758973485229658795
8.1158081063260709698 -3.3707496011292463756 6.7496559413037289232 -0.92228974823030918095 -0.010259375122527697455 -0.38636299710419214071 -0.31309636025069403908 0.60594095249939172732 0.73130447235191253785 0.22661043556520901743 0.795443465814138162 -0.56206530153244715908
5.5792774052793108197 -8.1867002590462476519 3.4438703885975519015 0.6547874072502799514 -0.022271605852601805003 0.75548489520260986296 0.73968348223210744763 0.22428354538262243456 -0.63448028920031274147 -0.15531193585664918033 0.97426940157412533772 0.16333198014194755254
-1.0506659790497381302 3.9639609490376273015 -8.7175727542528331782 -0.17193667260420439358 0.0058913957702587289866 -0.98509038776644386459 -0.92184547974733221931 0.35161292072775707229 0.16300081425128626345 0.34733081073106947256 0.93612693873923447097 -0.055024199074478925831
-5.6238202377512518382 5.2479917970992220333 -1.1682813353618106689 -0.42166412218446441829 -0.0090739506028343040744 -0.90670669539962767125 0.87471966768285447369 -0.26750594780117697979 -0.4041114584614888261 -0.23888254651856694055 -0.96351348268274406017 0.12073482371472465946
5.5103484329086329652 1.9840850492023960339 1.956576272350190937 -0.46332655016533635939 -0.0067363652457863246875 0.88616202203398919401 -0.85023897775782530939 0.28530260334639984121 -0.44237552512040467789 -0.24984432875993944911 -0.95841381767346411902 -0.13791579126193317939
-2.4703702133819551712 4.1384826261757821086 -3.9852718987074373658 -0.68482322850270560544 -0.0024277466646944901446 -0.72870518850178578329 0.26939415243716641202 0.92830783593863308578 -0.25626422373662088861 0.67708488119002041561 -0.37180460968207817984 -0.63507274849673667205
6.829405523995569105 3.1467607263935892803 3.4239570947799355949 0.12561169267902308477 -0.0014358331179550130191 0.99207844500597941462 -0.042259666417623881207 0.99908354301875834658 0.006796665630081232326 -0.99117900666647218433 -0.042778644820344879918 0.12543589713788444451
-5.8947071038107479168 6.5018043135587149095 5.269767162157204865 -0.79493714163553874652 0.0014771580004329012276 -0.60669000226831171219 0.50869164275900202732 -0.54332641647436941135 -0.66785418898744441929 -0.33061723100154177812 -0.83952023392247066003 0.43115893055738380157
-4.4730825645769893839 3.0711908417862110454 -1.7153544209425899414 0.097287213837665462157 0.014856327261137679957 0.99514546050509633535 -0.50131331781204291342 -0.86304932746476969996 0.061893584049296242189 0.85977913175860354311 -0.50490112685807098103 -0.076515989763771996568
-7.1923813558591103146 8.744709139239443374 -6.4896321666112637416 0.98946976869359803963 0.0024139640750132553698 0.14471955506801054137 0.12337069477676666784 -0.53694449404326727304 -0.8345479506816492199 0.075691799502182660619 0.84361411978100286913 -0.53158815674742165847
-5.0754519070254584534 -4.7906101747628895282 -6.6282179401326253299 0.47516853931784935883 -0.00081184762632353110572 -0.87989442556808650231 0.4061741695774293559 -0.88687670922532402251 0.22016413559263642297 -0.78053661234464255525 -0.46200545834076900409 -0.42108615894216144815
0.79260975258073385064 6.4974915761643483592 4.4734294430196284154 0.91090544245958537939 0.025285986902600369325 0.41183964569216030549 -0.21148237707421441156 -0.82843734327098017545 0.51862006561775975122 0.35429716211753708999 -0.55951066758431433623 -0.74928054410547750841
-7.7195560438787369506 -6.8681545030320574341 -7.662656927479380542 0.72400557954355593271 0.0040383943642664336948 0.68978229330742291125 0.17641814440108952167 0.96564105601004790458 -0.19082449862044958966 -0.66685272670628070735 0.25984811394090112646 0.6984170663476705343
-5.4540103354622733178 0.97593279285198542006 -0.66808962175103692172 0.83703783576805423916 -0.0016516264258989044739 -0.54714251673841995949 0.37556488132404813873 -0.7254786941819751922 0.57674230311663776671 -0.39789280140364047256 -0.68824264356280384636 -0.60663282319127120878
-6.4940506722556152752 8.6371994755862910864 8.9516069408283573949 0.57222452428466241692 0.010123389294850813902 0.82003451805188842805 -0.65421831303940258806 0.60859997337477567125 0.44900386556485316625 -0.4945275449266407497 -0.79341262240882959311 0.35487873691084959038
-4.1045642371010941929 -5.8379222455812138648 -8.1507483025272868815 -0.86963653351152692128 -0.0037932540415998366665 -0.49367794239351736607 0.36798588709950819098 0.66164568441208737593 -0.65330802474392024592 0.329118043379254821 -0.74980704152657795536 -0.57399539545140254582
4.7907516739124345051 -2.6324241863793833573 5.8040212099279688829 -0.66047973271416404728 0.00061789470849809603747 -0.75084361945742705835 0.028488407853601117187 0.999300232867526117 -0.024237475297098472204 0.75030322756337730628 -0.037398700471270397705 -0.66003515354211994559
-3.9016560814180012429 -8.1360027947232964607 -2.0264074549090018706 0.21688916418612722015 -0.0045872813110523326732 0.97618545743561124794 -0.28834116842652202095 0.95507069043927705909 0.068551782286631432473 -0.93264058513951086926 -0.29634259416145936061 0.20582178173501949892
3.1087155118290730194 -5.589963086827903993 -1.8630391564835293572 0.80625725124881508776 0.0086478543988478713544 0.59150186764112444582 0.58812397029323948416 -0.11940996671925488415 -0.79990715424649105891 0.063713737726783473136 0.99280737026989984706 -0.10136116200217035188
8.4556036670477077166 5.3271759869072816684 3.4448384461970769088 0.99994975022570953271 -0.0093339775816068080994 0.0036570324337428490938 -0.0032592848309373799801 -0.64768028822856393845 -0.76190525743188408647 0.0094801944129028585528 0.76185505255437435679 -0.64767816453173232549
7.4790850753429287678 -2.5038791053015807542 4.2780598288655733441 0.99526516283879884472 0.013033961781599004426 0.096319112740391926719 0.058968723487159806218 -0.86872781103404150826 -0.49176689598414208282 0.07726542104403415212 0.495118274936377889 -0.86538312239998194109
-0.60700601016478472616 -4.666442585937172538 3.0706683499499165535 0.038528687983538929818 0.0051652634419947739131 0.99924414446924914035 0.6443194387180065652 0.76421421825464885824 -0.028793914418907336217 -0.7637853108644926392 0.64494181805112771322 0.026116091525923687544
-8.1276415579935274991 -8.0579311505062545251 5.2775978110784320663 -0.99019939566336734327 -0.0018613462330814949108 -0.13964845941834252985 0.099644422829038237222 0.69120355330882765621 -0.71575738689334278408 0.097857783679918708408 -0.72265772208113043806 -0.68424386799580594332
4.1152933358249645934 6.406277886437476532 4.4100808610780317665 -0.97827944923619458706 -0.0054319239455884286982 -0.20721923994727875495 -0.12243701330088713197 -0.7915059343298651573 0.59877168745243258829 -0.16726774039261188554 0.61113734145669040831 0.77364892095903137204
-4.2905965262518535042 4.132994060125600555 0.87445199010863006173 -0.54171801806182573458 0.00071644732954085450435 0.84055997740196741752 -0.80998054137538633146 -0.26772158081809926955 -0.52178221295575821781 0.22466221644935868706 -0.96349605181712316693 0.14560991254924238181
1.5651470716305817543 0.87887883243735731575 -5.2995781901665992564 -0.99006251746117635015 0.0019798194659346318725 0.14061398164231916907 -0.09748511036636899052 0.71099892330143310559 -0.69640303296381544929 -0.10135514182944227457 -0.70319030950324823426 -0.70374038099670510604
2.6782291620510774166 6.5367014713739921561 7.3451483072663066309 0.92719567144614145615 -0.0060918927257756702587 -0.37452780363264215335 -0.32308473477755356162 -0.51894295573986337633 -0.79140031769073027057 -0.18953743958535260172 0.85478716504786578234 -0.48312985983512557464
7.6878864535483497633 -6.8795283013887456036 2.1566858974293277029 -0.96781939199774491556 -0.0082658439294881619341 0.25151004015241079648 -0.0037031213238121188022 -0.99888435485392768065 -0.04707794091113310514 0.25161858310891055401 -0.046494316341876541776 0.96670903956769060894
4.5726922588337588493 7.4075816870254991287 -2.7453572437251407834 0.95230125077862937122 -0.0010828435184061270535 0.3051575907885218375 -0.28925756612429937009 0.31539349077726058779 0.90380141979038730593 -0.097223393305277766574 -0.94896036451758059016 0.30003639507411461462
-4.0097543719228365688 -7.0778026377969540661 -3.7316366650191046261 -0.49859934309319503543 -0.0051196668687182086271 0.86681744564704310552 -0.38884143924678143955 -0.89240745601235715867 -0.22893507284409983504 0.77472642280457082453 -0.45120142006057639694 0.44296303270555781317
4.5852143140951948652 -7.2814376246765304401 0.19752128962112258659 -0.94337305025670603609 -0.0034746208343622402015 0.33171556348711556117 -0.33165683514741434168 0.031411824481795025399 -0.94287700204335100906 -0.0071436509825486878972 -0.99950048738999541786 -0.030785450424867154273
-7.4568137849549902541 6.5460253776594790054 -0.97284258842981974347 -0.38860625478032867486 0.0035396114430167949227 0.92139711845464711271 -0.91960548942732833755 -0.063938324227510320852 -0.38760499804534237489 0.057540616615475145834 -0.99794757469804618033 0.02810187882845995716
-7.636737808878466538 -2.4887282384092657139 -1.8726292934812429625 0.91654333980070867849 0.0054763850021649178312 0.39989788130741504846 0.075929501771992924386 0.9793374538220078751 -0.18743762243118106126 -0.39266145345247988052 0.20215875135483771241 0.8971894015329557881
7.7883222222074905972 1.9024103904573301804 -5.7056555616125077535 -0.81435533944198312817 0.012156366973623626213 0.5802392643249232318 -0.46883643117920231758 0.57550933851498975447 -0.6700607450681475008 -0.34207861950369827797 -0.8177048514126784573 -0.46296975501033210687
-4.8982419273573452045 7.426694091632142225 -1.5886185622229778147 0.11615574718295294809 -0.010966515646445245888 0.99317046770986650017 -0.90423329956410047892 -0.41488088843816628426 0.10117306147451007869 0.41093793005234768856 -0.90980964159725452589 -0.058107088216342847597
1.5717554326109566265 -2.7651473910297332814 -6.7612302503352879057 0.7445629410775110868 0.004707517775676656191 0.66753566650038231867 -0.21171989620118469855 0.95001422349106512399 0.22945078059864204567 -0.63308823423474358538 -0.31217113005711444318 0.70834205948282491505
-0.25199620204608713658 3.2934280708309651153 8.8148720464721321832 -0.53130560326974407559 0.004681455769905112918 -0.84716730337395240724 -0.23736498919057924528 0.95910952266073101757 0.15416479963958179544 0.81324794364361185917 0.28299647968353186522 -0.50846904984091256807
0.07738606984348975204 8.7200013911590019688 3.1983563463556357043 0.17218396364003973886 0.0045451020518428100758 -0.98505432576713125581 0.82561358585510846719 0.54479697046433717134 0.1468280212495239323 0.53732196076140781305 -0.83855566483094856611 0.09005280375033032636
4.2457596338566805372 -5.9920172565385998453 -2.3013624834165313793 0.81954226740648083993 -0.0054600268550158781791 0.57299272250296784392 0.034018410104969011576 -0.99772730707181311871 -0.058163291666182934114 0.57200805912887953131 0.067159577353210458961 -0.81749395805796953862
-3.1008201355291853396 6.974402216469509419 7.7558617419353224065 0.8512789678781027547 -0.0086994415213598220993 -0.52464124748810536669 0.36328404885008397374 0.73123653592094384202 0.5773368413547004252 0.3786143403250056827 -0.68206850700747578831 0.6256466519122377834
-5.2670179362632776332 7.7769895325378302076 -4.9850298220375330871 -0.058427660999575803391 0.0038024389624415288157 -0.99828440330804735225 0.75685029326418740148 0.65224944702041443012 -0.041812587188176375541 0.65097146021618279566 -0.7579948550745424507 -0.040987286621510632401
-8.2725491210879571469 1.4700854419448188271 -3.6411997934769062546 -0.79109746989865015188 -0.0022370657812858622815 0.61168602130195692812 0.55702892653097280107 -0.41583456369211191372 0.7188883019262457541 0.25275198936404302819 0.90943752461366589301 0.3302117815842293691
1.6785531094659966733 8.8298521267295324577 -4.8044101702698549516 0.90528132821554596621 -0.017020992443458327764 0.42447143908701767678 -0.16648926638870914507 -0.93347924499512879848 0.31764417724995780423 0.39082865934027855026 -0.35822728117727342667 -0.84789514331581583573
-0.68114953104924447214 1.5277305732239632174 -2.0787514007440002217 -0.31753785326320604909 -0.00047268035435944679573 -0.94824547893376698315 0.94304125830067697667 0.10446881342659572467 -0.31584719749163242541 0.099211374786451020369 -0.99452805068265159871 -0.032727045672206980798
-3.3846555436010357099 -5.7014578551333023881 -1.9199344279248173883 -0.98777602638595685125 0.0050914076432342705858 -0.15579665999425304501 0.034283239053406279473 -0.96789856125578654922 -0.24899203730054247918 -0.15206308301869883581 -0.25128957934481621628 0.95589244483672253239
-2.4750051365792571367 -2.4633672628938869664 -3.8326428741157356761 -0.99494828857878836459 0.0035928308355652974898 -0.1003244467754845215 0.051467975394694290281 -0.83976983002491489838 -0.54049762264848000282 -0.086191360141232201131 -0.54293068079312112317 0.83534263945419373609
-3.1567388484329832465 7.5488692880399428375 -1.1882922662441754991 0.1647391535377830396 0.013289273253747860282 -0.98624763954494321094 -0.85520481408560911074 0.5000983405079477695 -0.136111629869168832 0.49141198322397156018 0.86586664391116552331 0.093750827763408262072
0.11877511397072548771 -0.23250092813215997301 8.3545432568752673319 0.4483221839513369944 -0.0059308482951657796878 -0.89385236164356018929 -0.83367350123457140132 -0.36353797145012578529 -0.41572663692950145853 -0.32248366271182166143 0.93156050171306581387 -0.16792652837331589755
6.3378149069468818766 -3.5557149638328509056 1.4100343258596841345 0.59468655791872571115 0.014953037554338629439 -0.8038185768559369393 0.75920241188736803384 0.31849397336196116903 0.56760310668350288932 0.26449876297516200507 -0.94780694004635346328 0.17805170256014551944
6.1524264954107232839 8.619684802784238542 2.9596196693277598833 -0.45711501055491399192 0.00557246825449162278 0.88939013639844544112 0.22430610630888572765 0.96837915904989879667 0.10921801586888027491 -0.86065825842659460232 0.24942083296207218091 -0.44391058816697764877
-5.3300748119787337842 -3.6456890065905218634 3.3461364176879149213 0.68466487813041887467 -0.0057445914405578005907 0.72883537532407116633 0.030095032693418087566 0.99933895862586241687 -0.020394479146717867102 -0.72823642703566904277 0.035897708028137062519 0.68438516998566711891
-6.5775820207069752854 -5.0976646049458338439 -8.4670137936980207627 0.33553132756750464472 -0.0084870893713676655301 -0.94199081605642998039 0.54657926957705404991 -0.8126764380876307925 0.20201017064990270389 -0.76724821947633803365 -0.58265339292866735743 -0.26803953704493710397
-3.6315286097944370347 3.0998738986146880947 4.5522967469216979453 -0.97384888374980793646 0.00053609332250606793122 -0.22719609200772286628 -0.19892699912476186075 0.48107505849706422296 0.85381194481636013549 0.10975609613529044295 0.87667924618768477973 -0.46838776528146752742
-7.1047160943311782333 -8.1415669390780536219 0.75407854236595905917 0.83036769082064221248 0.0072378161903092477422 0.557168836222932784 -0.42114516913510563478 0.66289630062290150203 0.61903573494150665457 -0.36486469348972916382 -0.74867623752665057868 0.55349584172550547745
1.3178995425813737619 3.0892214891701383905 -8.9184327803727789785 0.1010101679597988078 -0.0073718553280267707511 0.99485808119416641038 -0.33694244810589080164 -0.94113120472490030544 0.027236779498743923789 0.93609119888677361221 -0.33796110906744303293 -0.097547712042736017812
4.7772105904816886124 -6.5922729761158098682 -7.1958925963851623209 -0.99399218702867420117 -0.00082948639275058242901 0.10944790577231777728 -0.045437717727073570484 -0.90660324523827873211 -0.41953065386350540944 0.09957382152652877183 -0.42198325520775198383 0.90111885253322132616
-5.8507976765453557633 6.4029231238547428262 -5.3859347671072761443 0.98470297493367708874 -0.00096261414989595381342 -0.17423869986555845513 0.14482399712347207577 -0.55148990972841060998 0.82151377914481682474 -0.09688168564813309791 -0.83418100724104460308 -0.54291434512647096522
3.8857325615009692399 5.2886162966986036693 -4.6521171753376568958 -0.97111571896698833939 0.0053645585331571331994 -0.23854869919377635901 -0.17183165912766942829 -0.70937739201412208789 0.68356243066795474572 -0.16555404343204460638 0.70480844008199039497 0.68980933705791303012
2.1380807837261444071 -6.134055155460032438 3.5476754293428389708 -0.50326371935197389273 0.0072963491633446430837 0.8641020727164751003 0.67192698631130409748 -0.62546524392576874352 0.39661991088129017191 0.54335969104313741607 0.78021791310513011197 0.30987135107904667519
2.7306310575275216657 -8.181620759113339858 -4.9931985845312887307 0.5303355303593736414 0.0056978573011978372528 0.84776869466901672023 -0.62895607403063835683 0.67316281901794206011 0.38892939723296604537 -0.56847030017279265302 -0.73947234803896155775 0.36058586260066893825
-3.7496120827291763433 -1.149090055409409894 -3.3963164579615177097 0.99676636959808562199 0.0072224900370265908076 0.080028995218051929283 0.071136599230902389235 0.38384688481031670193 -0.9206525692522775639 -0.037368284517991741389 0.92336850967465533557 0.38209188247474917821
6.1102479788342378697 1.8746387528324413019 -3.5283534055771297311 -0.7627361386266116039 -0.0033102501514869321977 -0.646701341483490455 0.52190113349757405459 0.58737967780028976783 -0.61855017659109734485 0.38190678140945005792 -0.80930473639467459535 -0.44628808404699882306
8.5246800623030711819 -4.9455326644798827118 0.053461086349310807386 0.25023892804681852065 0.011750411931635541818 0.96811280681010225546 -0.055530442651339065319 0.99845449330472479943 0.0022348912609620463776 -0.96659032109224563012 -0.054318989492142227826 0.25050468768387901264
0.51388061735976553468 -3.7617257427360013544 -1.6758710815411226314 -0.95137356405675876925 -0.0023657087518367857573 0.30803042874988639799 -0.30452182165728436392 -0.14346699170307458671 -0.94163882801514886545 0.046419842182272380571 -0.98965227515198017638 0.13577029328244313855
-1.1504262063044117248 -8.5279603294794945612 6.8244833655733510014 0.24688806623271189467 -0.0057899319460219412364 0.96902670728911777243 -0.16771768468424241849 -0.98514630450096418723 0.036844768586978667024 0.95441975094605868701 -0.17161944941099102624 -0.24419194005500799438
6.6472704605119066201 4.3786530900492985907 7.9747798903616402555 -0.51167073658833017724 0.0012240795030350529442 -0.85918074870716309999 0.54794841849601394479 0.77070241077757961623 -0.32522349959621155158 0.66177457490228286385 -0.63719408005052191601 -0.39501660264063503947
-7.6067831490332435962 7.6583110605258868375 -6.0064386719541174031 -0.99840028337162967098 -0.0073612157796469554483 -0.056059670583278563283 -0.043685018006595424667 -0.52902755517802946272 0.84747947766533904268 -0.035895589776644462598 0.84857271837144732096 0.52785968615732936637
-5.3405484174374642237 -6.9455619347815895637 -5.5227488069117409708 0.37625279316334026003 0.0054631779362676940667 0.92650093865226768042 -0.87689261440067689524 -0.3207749545860840712 0.35799828396225513716 0.29915410484622539933 -0.94713968462800479653 -0.11590185225630172949
2.3889599658709821384 6.6004478778745019341 -7.3891895198546473367 -0.9467903208660318759 0.0019232336937575651714 0.32184528812178148094 -0.32183247854546259692 0.0050804970222378675881 -0.94678299747262018027 -0.0034560189893714926557 -0.99998524475237182685 -0.0041912063393145966572
5.8644662852531501684 -8.311228826535984382 9.1854693024569336046 0.97955784158355563296 0.0023234910459548284954 -0.20114928879182281118 -0.063916510580787677664 -0.94452125636203965175 -0.32217119044938385963 -0.19073834084225693708 0.32844207658234747527 -0.92506469377191546943
0.0079171031582616381572 8.6360206452550816181 -7.8102570299492777295 -0.97705221888101712047 -0.0064828519210961468161 -0.21290123111659020605 -0.20264856220637358919 0.33610100852624147372 0.91976609651759932973 0.065593611089026823691 0.94180363383172882585 -0.32970197676930912412
2.2008356667132558115 5.3227329234642493105 9.0271006219267242443 -0.9969468908629867121 0.0059777295550924288217 0.077853474860017604642 0.076065964720782627828 0.29949305697433287188 0.95106144798066882817 -0.01763138705564318634 0.95407975325619454043 -0.29903337375127436726
-3.5549741100917566783 -0.28346462555878398915 -8.0503975728892775976 0.9988913820011238176 0.0091454130178198703854 -0.046177574477227881222 0.042618921184646420264 -0.5922657393589190189 0.80461476592154967946 -0.019990860934862221543 -0.80569079391700282322 -0.59199891053668429741
-0.13908233130717015391 3.219952071268232352 -4.2379530059309793444 -0.9651889084577119915 0.0024418467082682610014 0.26154236439778738577 -0.14930058598884310417 0.81589456570832519233 -0.55859233137514008316 -0.21475499066020067862 -0.57819555085830609542 -0.78712781614813420727
7.2432560436730488718 2.0192397957097139027 7.3986476829148877243 -0.10516718987158957255 -0.003474817564639884164 0.99444848424512122254 0.66819918504553044158 -0.74086130973770181196 0.068076198763812073578 0.73651185413333219998 0.67164904926359547677 0.080236172294706670227
5.3005933659981492312 -4.8611529312337982134 5.9084728063832478995 0.86573257160169503344 -0.004848267210121612672 0.50048337512138241223 0.38785149478607033879 0.63853134528519794877 -0.6647171872909237722 -0.31635159626592379567 0.76958054509772033658 0.55467779128668304178
-1.3107601222954599063 1.7838043529698304202 5.0762326350106166117 -0.1396207417864304412 -0.014481464603200039712 -0.99009915445167606673 0.97887188054639973078 0.14882805426870229781 -0.14021430646778576534 0.14938503920588330764 -0.98875704672360986702 -0.0066039848463896539191
6.1419181835524909729 0.61222125675630800767 -6.091956726217927276 0.77393196115949780545 -0.010521426954023017225 -0.63318134769636402748 -0.13986046641553651071 0.97233221420752891095 -0.18710722901040427457 0.61763125684324138298 0.23336530330951596457 0.75104744575903525927
-2.951210219801136958 -8.2511849370371663781 9.0006873179440631816 0.99998447131682799416 0.001474745952861766015 0.0053742208285826927744 -0.0028522716829765763086 0.96390903148893047891 0.26621653509961973327 -0.0047876582359911695058 -0.26622772984541559493 0.96389826962711289138
-3.8042624086981229325 8.6023047420679947805 -0.02652166152185884973 -0.07885601107199399773 0.0023637625094599986481 -0.99688321389454426225 -0.7870607811197868342 -0.61387159056574813754 0.060802936767558039832 -0.61181456041933623968 0.78940235806802594443 0.050267889709504763596
-1.6837906402409528184 -5.8373322188615714978 1.6473884782678323013 0.92008920031185448263 -0.00072389055835877125656 -0.39170823255556502795 -0.22074889037194964092 0.82511997268496029001 -0.52004515003618789759 0.3235827419205009603 0.56495708390909227248 0.75902417779135755715
3.286582067995501788 7.569461309155017581 2.201620620913308457 -0.99170384347263240699 -0.010523010600554584537 -0.12811226752308865762 0.11987836291471115624 0.28401911047380845599 -0.95129507671947588499 0.046396820439315186735 -0.95876087275897847739 -0.2804013621927575195
0.71155131281753192241 -1.8459159033357632751 7.3372548173155589524 0.01816627193674040866 -0.006085829705172872417 0.99981645777643146644 0.88669753392724126595 -0.46196256089546866574 -0.018922887151580254639 0.46199293272863523052 0.8868785458041795744 -0.0029958473142840105416
5.8226268957536371218 -4.8484129287347874637 -1.5260931826560344415 0.98825098701870139895 -0.0025783181937105471848 -0.15281799282800812012 0.030407524060350507589 -0.97655336483335319908 0.21311712299385945912 -0.149784408858752216 -0.21526002394298604514 -0.96500142640047725795
5.5908167197654599079 -1.5198147109111594943 -8.4542429717374538711 0.03723621057615333213 0.00042008052101624596478 -0.9993064035390067934 0.31616626320011564921 0.94862560947938445732 0.012179780546567500754 0.94797276260246920998 -0.31640050027211141792 0.035190407663952108508
-7.4680501823384366489 4.0331979483991542423 -0.85418443580676506333 0.99971845481825882818 -0.011937792213756534196 -0.020506101850043860491 0.011785979894867081724 -0.5002355904091972949 0.86580912721329195136 -0.020593731423418075444 -0.86580704732946800473 -0.49995405291004291204
7.9836748947171374269 -1.2457443678833335365 -7.2583861482700227086 0.86083518271113057541 0.0045919508988792297546 -0.50886314682186284397 0.47701458908189187103 0.34102856435821626846 0.81003493757660727237 0.17725650907526724342 -0.94004171837130179323 0.29137895893805765279
-5.0078700880935320683 6.3752393381119256688 -2.2755195722075840514 -0.18596913410468587924 0.000558748546388587123 -0.98255542793322547812 -0.10279769550850451076 0.99450075275079730108 0.020022152147620611573 0.97716330004684548438 0.10472793599873177206 -0.18488900579258402135
-1.5691492268225000206 -4.8708188638597862408 -6.8274624404118000598 -0.92064096878822454517 0.0019909427879892579311 0.39040522887841644373 0.31669637758719354492 -0.58096859777690612603 0.74978589798723405124 0.22830595921241733648 0.81392353728352406783 0.53423296832369771003
2.7364229251872189685 3.1186254478390948996 8.3478227032242262595 -0.65509341564096978949 0.0067854697858887938478 -0.75551742149581646579 -0.73910859082761715122 0.2017039820697338337 0.64267720869977007503 0.15675173922045787522 0.97942302454904250908 -0.12711975155090315948
-2.1946161599075888482 0.88486496552677562644 7.2734401958027410373 -0.97718651021775426724 0.00051218000063657162513 -0.21238234841860073598 0.21080568090499635092 0.12398600080051022654 -0.96963314532027822246 0.025835811316062183562 -0.99228383503765948959 -0.12126541789189998477
4.9447688935195328597 2.0161680102324748276 8.7169800671151200788 -0.64603017544493568369 -0.0039850703339153947455 -0.76330146837855805675 -0.69227521691573579155 0.424321009382841563 0.58370086948756561007 0.32155876050702619784 0.90550306471619679272 -0.27688294156636494847
6.8851380788408071965 2.006041643334088409 3.3958507798034505143 0.16873656923901486637 -0.011304622409748710937 0.9855963553672693056 -0.66731237795248476985 0.73460596778773301629 0.12267135901393957931 -0.72541171787662306336 -0.67839979186531240707 0.11641117628468267142
5.2901847130179415757 0.72931148100141751645 8.5000742724062909872 -0.82980458128116696415 -0.0061139388190201912621 -0.55802058800473752775 0.14831196976251093123 0.9615634951191132096 -0.23108267888231515119 0.53798505231098647794 -0.27451459816614798282 -0.79700302313328519332
-1.7948775383824133733 8.6476922310098807145 -3.4825697590659276948 0.47062060374605307889 -0.011475611545574238709 -0.88226104848249031765 -0.19712221823498771167 0.97327476155430869831 -0.11780946311408496685 0.86003434722565952342 0.22935681559691289966 0.45578105789006229109
4.1361871124945297495 -2.3661877670565942822 2.358583016482382444 -0.1441664372535629568 0.0045879023549805471663 -0.98954281843770752758 0.98203814094884711583 0.12367266847073717095 -0.14249968700012952127 0.12172562627240224309 -0.99231246199232048255 -0.022334943098542968387
7.2129162713968497656 -8.2264090226805688388 3.2820776470585300011 0.76990786001312561115 0.005042419221513250692 0.63813514328759601835 0.23744889178176303846 0.92590550038036545377 -0.2937975972623952936 -0.59233428980762747873 0.3777215619657033896 0.71166460551578802907
-5.4609342161252225623 4.354975679619496276 -4.1593758306843149342 -0.97014612761440033317 -0.0050058455171369860975 0.24246944670526943133 0.088746743141703970936 -0.93777020508658226472 0.33572467593825322529 0.22570003689992507168 0.34722036801236488834 0.91021838554312106684
-4.6916004076616850682 -7.8670432873913513916 7.4933664639071482227 0.048551958400313989517 0.0019740879731530635785 -0.99881870743000333857 -0.53008870888521730791 -0.84749801238418365212 -0.027442297958478901326 -0.84655104278951309738 0.53079489634094101369 -0.040101246496865181057
0.49998502650054649221 5.5169795339204643625 6.987981990729999815 -0.26469994828805060161 0.010782714866269579174 0.96427053799056461347 0.95509139104329632275 0.14101900689631313712 0.26060328940571642065 -0.13317046268396939834 0.989948166700815535 -0.047626201973726030314
2.7489602437051656736 2.0440710956504868356 -8.7723480823281949625 0.93584393167719581719 0.0032175976274587169204 0.35240003207784609263 0.34289058521515930478 0.22258890797773051018 -0.91262271756509605325 -0.081376791002308435097 0.97490708537321113525 0.207205194856122904
2.1501752139815195619 2.9081975830756565671 -5.6345210392837277169 0.99985360380877952302 -0.016622264300573331292 0.0040584824913682746028 -0.0063066379594642445194 -0.57850351340569883263 -0.81565551018496695868 0.015905887848697501663 0.81551050594508223135 -0.5785236532976469892
-5.0148059317726314532 4.3911029332049285046 7.319047702251258336 -0.13695856930287303443 0.0025243899407241662466 0.99057355998936202912 -0.89827614263937527461 -0.42183036506647875186 -0.12312235651205676035 0.41754319759702435144 -0.90667125826482919404 0.060040882546346832638
1.6836376952589768852 -6.7497076505809481262 -1.4139305565005839682 0.88683990145548274864 0.0084441710923570736935 0.46199965926467073674 -0.12975849314062623541 0.96415242755873731273 0.23145805211781522726 -0.44348362161876642151 -0.26521461574908261616 0.85614454676115425702
8.3243053768820693961 2.9118451282111683653 0.72630756311680400028 -0.22484726293377105266 0.00059842539438868542351 -0.974393837336005042 -0.9601761669471088334 -0.17034196362309672601 0.22146183385721671111 -0.16584763120892287436 0.98538482701718821399 0.0388755180847567966
2.919737007339621826 8.6764490931346305302 -2.4448688559202622628 0.46055389134329216549 -0.00608517306377871596 0.88761088537545307364 -0.66148385115765073738 -0.66915224906683978823 0.33863606161484088863 0.59188616120480352922 -0.74310042271365839284 -0.31220591592200580555
4.8547529129899649192 -4.8768873338123510663 8.4806258534246659053 0.95691007634863523013 -0.0037014843071816305037 0.29036081828760412771 0.043449576797725229793 0.9904871633159401112 -0.13056536134219845491 -0.28711537760758498727 0.1375553645637411504 0.94796797499748386429
-6.1294342519972859762 1.8740588982056736178 -5.4454578096811703247 -0.98746570149866519372 0.012792269724331940123 0.15731448184681778857 -0.14376717848320519355 -0.48421984282644670028 -0.86305396250983801298 0.065134374599025449126 -0.87485284571088473005 0.47998959530100548942
-2.705920992405933756 6.1041083645056373186 5.3366928418316135208 -0.9970216883716624956 0.0050176215418637629476 -0.076958276946391485085 0.059231195773819848849 -0.58924619438996617138 -0.80577949083104671857 -0.049390468348672604548 -0.80793795917194521916 0.58719403587332175132
-8.1813412772934128725 3.205139754717702516 4.7331948799360397118 0.85706069828901954022 -0.010459820207788815549 0.51510926181692606729 -0.3983315603265734639 0.62065718424455840196 0.67536407047869440046 -0.32677045076953997738 -0.78401227784194349457 0.52777440322264579375
-7.5114221399300866722 -5.8973207992222729246 8.3471592971785266712 0.93562992240392639509 -0.0070374049430709951364 -0.35291234497284185156 -0.10670686069493956483 0.94738414258897707398 -0.30178954960633497251 0.33646737461935427582 0.32002150131317558257 0.88565001242817720239
-3.6704591564976514206 -8.0933933677220615266 4.2037062961750084611 -0.84198362385122915708 -0.002507647344302513584 -0.53949725566581485658 0.46862102432022778586 0.49208105596471751753 -0.73365562079585100452 0.26731612882735322767 -0.87054577482478734396 -0.41314905446265959288
-7.5845728318603979901 -5.8204720519836588011 3.0386910682562748853 0.13648537781378231037 -0.00044606317878593398918 0.99064198511402890013 0.14282095422870660917 -0.9895439620395715119 -0.020122679355905684351 0.98029277089882971286 0.14423088510741882695 -0.13499457435335501798
5.0499885820321770424 -6.9829860321919419164 -2.624430518169962312 -0.98830387782227502314 0.0012459050024782904187 -0.15249227128535591813 -0.074416292574554621098 0.86888316265429854646 0.4893917296557619423 0.13310770255884646351 0.49501565366827843251 -0.85862788339467221999
-0.35455494708231954926 -0.46621500751574673771 -8.0229156181965368688 0.90544720461816208257 -0.0092854250540232441402 0.42435732647243828985 0.029388401281304446511 -0.99599006727679895157 -0.084499158316881581299 0.42344029274443417687 0.088980710087599945712 -0.90154353844554058206
-1.8574477583024271432 -7.1341943746431635276 -7.4270763834423600969 0.9738721580824153401 -0.00081248511734936367662 -0.22709548559952327795 0.036194360765263181023 0.98776654967218435743 0.15168128294928201472 0.22419408547177574476 -0.15593775430054221398 0.96198774879037562968
8.0977065447999621028 5.2625247163162915953 0.46733055291471686798 -0.17093072809048553973 0.01437424123112264647 0.98517819067582557135 0.95333393707152436214 -0.25014925517188313364 0.16905547777124591002 0.24887163482822441396 0.96810057913719027578 0.02905474233250176716
-4.1032361980058480455 2.9497843547841662293 -5.3601883787864936792 0.99845030569981396695 0.0018890084739911468595 0.055618510362063444674 0.050387637781857758101 0.39356720614218082543 -0.91791390675172279678 -0.023623568881258848184 0.91929390615653094887 0.39286211461148695667
-6.3205703071647016955 4.2826920536905106474 -5.0999481943301434583 0.94818036477089517877 0.008387914759883544763 -0.31762184866466453004 -0.31636450169384205955 -0.067742631724378471469 -0.94621585165070087875 -0.029453317829934100303 0.99766756924994604017 -0.061578594785695550673
-7.6130970153859625071 7.6952811352006271761 6.8127001284585748664 -0.25586983631463333655 0.00099498328103465286283 0.9667107307113883552 0.93576430220159323436 0.25125358193742342028 0.24742030694535657731 -0.24264335471980696957 0.96792078579366847002 -0.065219282719392770997
5.9798446457984031355 6.4850015432624887879 -1.5149807337761467263 -0.97256780376924423237 -0.0027646121422533510847 -0.2326031469932431095 0.15836478241359133734 -0.74029712531137115139 -0.65336112674903101816 -0.17038915095314366432 -0.67227414287278364213 0.72042696650115656265
-0.97808332303749800918 -4.6637329258353066308 -2.3316186603451574122 0.98846062051621230715 -0.0061220695875277356124 0.15135429281275603053 0.0007530512215008635735 0.99936921213184348733 0.03550508071328700721 -0.15147618493600353839 -0.034981396578284813803 0.98784172178063966996
-6.2536928910382600932 -1.2719387718361190309 4.518686626006727991 0.72537012844045922755 -0.0023465779994080431664 0.68835504671501157592 -0.20692543434847865402 -0.95448593130751124836 0.21479867680121611517 0.65652116598472243236 -0.29824671080781017807 -0.69284114925877038349
-6.1255601870178519874 7.6864268328617804116 7.9423245691591706219 -0.10093233000831766666 0.0076206717518835049782 -0.9948641063588701261 -0.62819952816522828254 0.77492683188906219538 0.069668917254429640895 0.77147781405060511517 0.6320050083505998062 -0.073427868329546563952
-6.6483134774646606147 -0.12747868667227679751 -8.4453546103020435964 -0.7030667774556896843 -0.00069855689652657988742 -0.71112349029990196136 0.48810406039239329079 0.72676485487460273927 -0.48328798034741299317 0.51715716437732295319 -0.68688598598151584529 -0.5106232560270862475
-0.76700548691366865484 -8.0926642124735028716 -4.0521036838795305712 -0.99949049237639842058 -0.0068818640036384867709 -0.031167219913314354179 -0.031916817081549309076 0.22372749287550403041 0.9741290087656898633 0.0002691406109203153818 0.97462744106620657902 -0.22383314920713986984
4.9838690417957742795 -3.7052057453991844582 -6.2002814047924950103 -0.99684842345772139982 -0.012936518466285745407 -0.07826791897052297331 -0.036894502824782363093 0.9490222350377708338 0.31304247805286689044 0.070228315595069173982 0.31494355667977347313 -0.94650860524072910618
1.868246649016114036 -0.052534023369801285952 -8.2665252421488464307 0.94766578341209739555 0.0061528788158447238893 0.31920480107972265538 -0.29294229151983258719 -0.38077784371452089163 0.8770365143910406891 0.12694241524850219394 -0.92464608138364823287 -0.35904769514988899015
-2.7239687688902942675 -6.5711442199380130091 -0.62918911109105957191 0.73657797010469949761 0.010074015256203213559 -0.67627761176412615196 -0.33066901897482997574 -0.86687914102592733556 -0.37306642135721457265 -0.59000923200147281644 0.49841656179406035321 -0.63519291328105187411
-2.4921409186236744837 7.1742883187175445769 -8.9475522818231674194 0.63561253454841781796 -0.0080690426400330077239 0.77196605914754057309 -0.65211067233095454387 0.5296087089058554298 0.54246316601483468567 -0.41321710632156716247 -0.84820369369731885012 0.33136402496546357721
0.77999229287889937368 -1.2328805032659022611 5.0780888231199794447 0.78171357837294463966 -0.005216372427141359111 0.62361580387754877997 -0.40426390585598015459 0.75717491924274227255 0.51308560308340878109 -0.4748626915323682085 -0.65319134342740403643 0.58978512448366049448
-3.1650933906265330542 6.4702835457633680605 -5.0828078420233815393 0.31287337241592488857 -0.0088056320649486236052 0.949754027986582261 0.61655477149861759312 -0.75874886185685597173 -0.21014370885940233946 0.72247523595992158008 0.65132374858796404649 -0.23196316076034870224
-1.607783615442674785 6.3195461708772011633 -5.1159674857831349826 -0.59871266315864446472 3.1867202250447277355e-05 -0.80096388555145858756 -0.26133323966604515842 0.94526766048976884615 0.19538164672712313163 0.75713148449841660703 0.32629595311119097278 -0.56593539045047680514
