1125 17.292696884352682929 17.968806560800352656 18.477561601407678893
-7.1945889275387875372 5.7155215018065232968 -2.9437399914226767272 -0.40854344677682569165 -0.0057537394783341343565 -0.91272073854914981261 0.652537227134964537 0.69734898246644283493 -0.29647860606807496797 0.63819073896370670518 -0.71670865150013074452 -0.28114282769828968789
5.7359713050641882859 0.39317777124371700026 5.2833834911340362694 -0.097429592171662221523 0.0071628771757977841017 -0.99521664363084150207 0.67115329911939791696 0.73885498822669515295 -0.060386715868453122447 0.7348882388842161717 -0.67382638681102324796 -0.076793728824581991566
5.5149476269517681004 7.2244010272243031068 -2.1243407806156593409 -0.86738687384975510231 -0.0015190647367160775572 0.49763209654884071886 -0.23768946961191134148 -0.87728757473536855827 -0.41697749010057499897 0.43719987089322415175 -0.47996271069458301683 0.76058666122551021882
-2.5502269868052853674 1.5572579458197077784 -6.4216991259683924298 -0.94340855749299068478 0.0014052539524339576274 0.3316297919526892124 -0.12670890563646394766 -0.92565000835606858764 -0.35653459195868825171 0.30647209804761454954 -0.37837823311063006892 0.87344419731692124476
2.5653226157582600386 7.2407107701824102719 6.4520657199853062025 -0.99584811489315439026 -0.012531090283043361255 -0.090163761235637129854 -0.028074014916913692108 -0.89992181076117094829 0.43514662379872853792 -0.08659319690552007287 0.43587120378991245362 0.89583364078189497981
-4.3609016882435431839 -8.4624046088066524618 -8.0030055174643290883 -0.90453185926338919298 0.0051680426914580543038 0.42637472593016945144 -0.3885129203703840961 0.40209190728681504234 -0.82908371640010591896 -0.17572656680926718176 -0.91558472542351221346 -0.36169708913438208819
-0.021185932677090624221 2.9790906355305275532 1.2208602159549994948 -0.7813596198872493348 -0.013868244054826868797 0.62392693179283686966 -0.52504799955135894596 0.55502148366784065381 -0.64519435121052848281 -0.3373451386587647538 -0.83172040041952988165 -0.44095286930647892287
6.4319551245773718406 -1.7940354935304514417 -0.98447211839932169397 0.98300083060461029838 0.013328233741227966253 -0.18311669835415994578 -0.044949352927537350455 -0.94954001736558102387 -0.31040829739692415989 -0.17801382727822179231 0.31336259126887594517 -0.93279953028023820938
-3.4341306051794155962 -3.9833989131589633281 2.9282625282834016112 0.96685688687319293333 -6.7488804455862264065e-06 0.25531893831095919811 0.12926251550955153435 -0.86235703694523047069 -0.48952174917482449423 0.22017938684164728436 0.50630064268719598974 -0.83377496773695058963
1.6113077034328731063 -5.1838840624117006328 7.9294714942329909135 -0.50594494675655687921 0.0013934441178164221758 0.86256464636861929218 -0.28805777281759598063 -0.94286089760365987544 -0.16743968254130495166 0.81304515887553474585 -0.33318371221253428871 0.47743709904607734007
-3.6357115090887646147 2.7969683156434101967 -5.3414975557302852849 0.2468360630766606445 -0.0057827558678998497443 -0.96903999798747297856 0.66126364616336152924 0.7319913192339770891 0.16407040814461573697 0.7083800874019114957 -0.68128941596117531532 0.18450578167600625856
-5.9907429860026484292 7.1824566698912182261 -6.6234358843755716251 0.039462680909718605982 0.024081102323050267155 0.9989308270976043902 0.03182218627361266261 -0.99923274695395070122 0.022831247792706507033 0.99871419599213862028 0.030887180608063228432 -0.040198716371472112407
-6.4507418022068545582 3.0282911133883723132 -3.2409772770444784662 -0.83248422389911724828 0.0099362625944299405589 -0.55395964441899236963 0.54744040533621562972 0.16871542537201381085 -0.81966097128462489518 0.085317170397910147006 -0.98561471982084358778 -0.14589244157281489045
-7.3334212886612064608 4.6443869132882982242 0.47142994792877285226 -0.64084673206392317457 0.0079659364347928526134 0.76762752025956992874 -0.65756410285870625643 0.51030260329936683039 -0.55425689323395388453 -0.39613749713267143449 -0.85995802044208369264 -0.32178764184313524144
-4.6788081825174847594 3.8079912113174989585 8.0762347751013514596 -0.097795502888230217975 0.0038154826426209063894 0.99519921709522196629 -0.69704627348489334171 0.71347912530015533683 -0.071232228535207497977 -0.71032565224397292702 -0.7006660972625271544 -0.067115481901223641992
-5.7048745405002803111 5.0464788168588929906 8.0555648093750864547 -0.9928865468671275174 -0.010596773299630326062 -0.11859179333202567175 -0.04287516405639400785 -0.89738999659619200777 0.43915021839473911136 -0.11107666432326733508 0.44111098649268687399 0.89055211651992449706
1.4998613909431965929 2.5921367464502185207 -6.667172602924126501 0.54922359296589395861 -0.007404830154855584351 -0.83564263499409474623 0.30989207171205918057 0.93046967670927593907 0.19543051096019095625 0.7760930026867172149 -0.3662940747739285019 0.51333059714553097574
-8.1265081996195984715 -8.5666529208933308581 6.8345316663575781391 0.9999070611445788348 0.0055334027487672268059 0.012459956958145605721 -0.010788858169774141055 -0.23757712262812924475 0.97130876210563887874 0.0083348432961851612322 -0.97135291848934701697 -0.23749534338469580064
0.1743839608142827291 -5.4530338445559296545 6.4145294037674585041 0.63211949297342373555 0.0062810110124974435908 0.77484546556293654174 0.38034225460651027717 0.86870271746603811014 -0.31732531891968196458 -0.6751034853736664898 0.49529399104710197799 0.54673498741963855174
-1.2865128460609909222 8.3095126649851351885 3.0674697519862541562 -0.96719715241323200861 0.002216511244022571249 -0.25401723453659691421 0.22209032219593280444 0.49278403340808607513 -0.84133214915703258274 0.12331081522151866869 -0.87014882835995677191 -0.47711157956335759067
7.7662844470735130642 -8.8010399848352953711 1.3288958383642799355 -0.30636676001669599367 -0.010904836186757436989 -0.95185108756801350971 0.23744386363436528753 0.96745166305575491794 -0.087508235457883193353 0.92182418062188997698 -0.25282081440877318679 -0.29380574504674461522
6.1305075705097396011 0.34624693538484974109 -3.160945570775789637 -0.76408354269337452891 -0.0061317717695619292084 0.64508816541624680596 0.25841664732226993229 0.91331423344902185057 0.31476649657545191507 -0.59109827962183858485 0.40720942075864613452 -0.69626382318320612086
3.5565866327230675203 -8.9342793501342239182 6.7510310636739454537 0.39483155309709699887 0.0034697566266050135914 -0.9187469757599739939 -0.050868176525039471292 0.99854153590982186461 -0.018089490869428098696 0.91734425015712561802 0.053877285119450876727 0.39443220564766195979
-2.185327863256258496 -8.8071182663993479167 1.1044359345550607276 0.99450000540532801363 0.0060568068544453596003 0.10456124683471672288 0.087794665523465681423 -0.59259232923009008687 -0.80070370802407142552 0.057112485101886323324 0.80547976165048551511 -0.5898648299542840201
1.2343160282110039461 0.68640079785806218382 0.10628826443109656852 -0.44107014650621217955 -0.0068131050655756237797 -0.89744677137997830307 -0.38125818278234502312 0.90667739031801874994 0.18049462027317481061 0.81246496781263621845 0.42176971380774752607 -0.4025058814378346117
-4.685466790089805933 -7.4684835011701879992 3.415528822594449565 0.895922601051541867 -0.0013901629807223838536 -0.44420801475421067828 0.092953859300038021996 -0.97726928844757676718 0.19053692004112565694 -0.43437572787413597508 -0.21199718230307307287 -0.87542842181967606141
3.3647120288442544656 -3.9456322121103273304 -1.6198489329340857168 0.73764982376982257684 0.0012869252932611961043 0.67518225785009833295 -0.40781736313877731126 0.79782475967038823939 0.44402775946946604346 -0.53810569204828095913 -0.60288804655616434758 0.58904012384961002002
-7.5111946099028212842 6.0256816642306469944 3.309251402634501904 0.53052288678389325494 0.0016059836066335073795 -0.84766909075146601449 0.1851707728021454169 0.97562758465849208633 0.11773954710766264264 0.82719843538194615107 -0.21942706503521530736 0.51729538141339304058
2.9733430559494915535 -5.3442487526102340212 4.6106311630792733425 0.068882179490290823543 0.0097831839731257076026 0.99757683145678355263 -0.48795663569219110967 0.87250586013824127374 0.02513654129195047951 -0.87014571597658563196 -0.48850569427140583256 0.064873874802312200827
-0.8844398358372466129 -5.1323169488417059725 -5.0213736822461125797 -0.69098413746637121768 0.0049685520138916666744 -0.72285284481764178199 -0.23375435174000316896 -0.94778610633719595491 0.21693409062841900736 -0.68403203493157793691 0.31886801364360900513 0.65606658584506827303
8.4532063788089413237 -4.1049078969429650954 1.4246163085535503701 -0.72999996606748551731 -0.011230736637826133767 0.68335490054279579564 0.57513962003413421353 0.53004656270250527506 0.62310918692824401877 -0.36920789131363634938 0.84789416316069132762 -0.38047473118438113193
4.7372029047599504281 7.1635667600132979516 1.5872016821483072579 -0.14928853544113646068 -0.0025206784865474795437 0.98879046282095717224 0.90789926354753902604 -0.39649125060029122292 0.13606474726078934823 0.39170379170445879247 0.91803503984173495667 0.061480120258918191656
2.0301787570630831503 4.9547623154105666643 1.8293581446389695078 -0.99019943256486631089 -0.015510594355594946661 -0.13879663256212937394 -0.011374549617694703837 -0.98155576187444915082 0.19083738090763105455 -0.13919663562354592234 0.19054581547081603232 0.97175953241393586701
-4.6543410186272682338 -4.1594184223955705804 -0.79675399025078186277 -0.80054748601296787935 -0.01088465857830477751 0.59917046559889119983 -0.16527914910504670765 0.96506644733282664905 -0.20329671690333453449 -0.57602649722848098257 -0.26177906035480130731 -0.77438052535582080349
-1.6881682315056201205 8.1900012841721707701 -0.78042412250812120966 -0.95143461139446383612 0.0061932130414480701663 -0.30778860335022029115 -0.30780995150314854891 -0.035445700825317283389 0.95078737688714831666 -0.0050213539695498727797 0.99935241351827230893 0.035630599196076091773
-1.5312732416281766845 -4.1286877418354164249 2.9903314612565763397 0.15996137325565396026 -0.011768314359316110057 0.98705312209802009704 -0.84528418375848790589 -0.51805739268776196393 0.1308097342295606591 0.50981075680473086909 -0.85526489736126953822 -0.092816741956924117551
1.8613423218816103066 6.9303221807850512448 -3.2079792854288133874 -0.035889483895828029614 0.015551948939007355713 0.99923474810998125228 -0.25896605228129526699 -0.96586941925420799482 0.0057313798762455153701 0.96521941998267624108 -0.25856218175465656151 0.038691981789885254717
7.3594727259131147434 -2.9855276960158612098 -0.10392373152911202339 -0.81691219157292083164 0.0023357493247362763091 0.57675732811513624743 0.42927392086577237373 -0.66539711153865122029 0.61071317721218132402 0.38519913307776904032 0.74648591964693866707 0.54256833638247181639
-3.8492225179886618847 -6.3833209294784607479 -1.0126616305934277307 0.42406277148435933544 0.0014073767200277996492 0.90563170501696987902 0.90091806907903215773 -0.10256182362549499942 -0.42169622376901771954 0.092289753751382500035 0.99472563635677513361 -0.044760582292252104608
-7.6661662669959218519 -8.6799856753931070585 1.6008927166918278662 -0.63031672156124229911 -0.0013969915377179112012 -0.77633683342674275618 -0.7612702220803886366 -0.1949514710004863205 0.61843477661601498063 -0.15221195581809360275 0.98081189448809413811 0.12181768400641082573
-4.3406146069335633797 -5.9960240186798525741 8.3128961644924999064 -0.99432664645284007943 -0.003327974540642668691 0.10631765958329557342 -0.063867826378956230049 -0.78060502653538788032 -0.62175291981774427619 0.085061277367748683309 -0.6250157735078321064 0.77596382773859395865
3.6482227510163824924 2.709067822871275677 -4.2530913291605028093 0.999685117355264663 0.00066884344956473626084 -0.025084233830379637498 -0.0040861055841570253014 0.99064132532684057164 -0.13642971925485519735 0.024758228522485326017 0.13648925673197623287 0.9903321225310875997
-1.0932294879562081125 5.0931484760821525981 3.0279631177430825772 -0.70400515173386124523 0.020354707079252090662 0.70990311467969668957 0.61286723223184202958 0.52248288809012588541 0.59279455742226372372 -0.35884607004742968828 0.85240677939160736099 -0.38030537789892771006
7.9903591874379573667 3.5694084609222662685 -2.4691384509362226396 -0.77071031024670100251 0.00024490602585442149824 -0.63718565402888438509 -0.58814387522542588282 0.3844456478408903588 0.71153940571911067359 0.2451375118461992797 0.92314759593320505626 -0.29615218454131753134
-0.32439593946798878088 2.592862370660624638 -6.1192620283716561147 0.66202040316488586225 0.0041693153420467778808 -0.7494742174369957155 0.73872657525168794468 0.1652014659049823031 0.6534458835126123466 0.12653866132602414885 -0.98625102913624418388 0.10628675701807327458
-6.633978942359382458 8.2226792901409435643 8.5723395116653904324 -0.31309617892801655525 3.271711942212304769e-05 -0.94972142319217933704 -0.87918943259456772132 -0.37818523776908363754 0.28983075673103558811 -0.35916113981691538681 0.92572994164762845148 0.11843711741795330539
0.68615354639997727659 -6.2978522976326525296 1.069651347441637812 -0.26648702413676922385 -0.0076751835310489811837 -0.96380794639012312697 0.1597812920883588117 -0.9864839550011158531 -0.036322792074357748704 -0.95050229072066105829 -0.16367803176737646953 0.26411152426847123165
7.2369654594555914429 -8.7358518649880405604 -8.492403833275364633 0.15240841072348892959 -0.0019736428613641530255 -0.98831562826602292748 -0.97630315263501887824 -0.15575177310418775178 -0.15024493112872600031 -0.15363538165343673669 0.98779425484706462335 -0.025664753953891332461
3.1677255869175167113 6.9090105088310229675 -7.4332577602413296702 -0.95580641111341946292 0.0068872874796412977827 -0.29391609303613630555 0.27437842715981552999 0.3799734839670385611 -0.88336664539204579061 0.10559632182819081447 -0.92497173835372670236 -0.36507081513490979852
-2.3943732809827436014 6.0256476144384034654 -4.3359605266600897977 0.27092264973346386059 -0.0075167902389979123629 -0.96257177172695262968 0.90154626051760344829 0.35244316511060908015 0.25099433362781625734 0.33736517011676075972 -0.93580303121502794728 0.10226157030335746023
-1.527119567162470215 -8.4249858921795759414 -7.6434964944009271548 -0.97388635432041381623 0.0052597395819196221187 -0.22697511759693561606 0.13499379195756774918 -0.79039669606812901215 -0.59753639134171676606 -0.18254326884750748938 -0.61257276954185968521 0.76904652460970301942
-1.607569895716783881 1.4019144415495392586 8.6971086380116258141 -0.29346090207435160391 -0.0030565035681914196064 -0.95596619016565032023 -0.74050699686418386403 0.63315990050526393951 0.22529520187266327547 0.60459084226355752634 0.77401498575789051682 -0.18807103783781695117
-3.9607271296841943808 -5.135246249457209089 -6.654604914435332752 -0.020639149246346265298 -0.02008584789848230634 -0.99958520608932799334 0.92729593751698691229 0.37337924353851625892 -0.026649291908261985018 0.37375964172578052258 -0.92746131952177934821 0.010919295224992915661
-8.4035229376623572506 -1.7991879108934163423 -4.8379736971142826008 0.99913347888101300409 -0.0066478575986805062831 0.041086462107593958726 0.0081591162887943453202 -0.93672336832695424214 -0.34997537063568079363 0.040813235605143709239 0.35000733880804640874 -0.93585743710234925441
-1.7944028379852468014 7.3497057493751745127 6.6722381458281283528 0.77520213197828335971 0.0023108182609378304442 0.6317090427524046925 0.4812258107944227814 0.64567263971573507497 -0.59289844100605326727 -0.40924732571085659094 0.76361083179966771084 0.49941478147652090813
7.9964764155192300521 -0.86927201450452729059 7.1951027570075529738 0.50971121837840882574 -0.0086358223125345759397 -0.86030221226749692409 0.59579898638109263231 -0.71782763343418420909 0.36020418723976582731 -0.62065936042726499444 -0.69616730119335223925 -0.36073958344311257695
-7.1249714268548061114 -5.2554194453869014225 -3.1402272429217217287 0.93403542672560779803 -0.0018935922881851592614 -0.35717535739447725529 0.062748882152962662251 -0.98356385183430172781 0.16930660694004587286 -0.35162536798439819608 -0.18055072326971785546 -0.91856466126051417032
7.6685335387103679139 6.9615378592540464453 -0.81423530828684542726 0.71324668606948671279 -0.010283698582287772658 0.70083764907032031211 0.42525972256305644148 -0.78847903080549597288 -0.44435907366182381129 0.55716544506693321814 0.6149756609193784973 -0.55800681295138465643
-3.3513088575500535882 -1.8773310967583969333 6.2980204785024778147 -0.0025296614968318108241 0.0030490597040059600961 0.99999215199294255729 -0.45406567361384347903 -0.89096683745799709619 0.0015679909357417063515 0.8909646260418713215 -0.45405814361702734328 0.0036383178520411410539
-4.5068641151187547322 -1.9032689980501915628 5.6293203707151224791 -0.0033641157601028781957 -0.0080707859972215870159 0.9999617718385227505 0.90989680271425144031 -0.41483457668171080934 -0.00028705389219816973209 0.4148210350689804371 0.90986105334989575422 0.0087391339114826147028
-3.0634475364905013883 6.1284419942284715788 6.0184253283525608325 -0.98222327125708308593 -0.0041175108618995773235 0.1876712324937174492 0.11268233110708247846 -0.81253067996702121878 0.57192358437860557618 0.15013373257752476997 0.58290388591669051177 0.79855051319625580675
5.0598048096894894243 -7.3013737806879879244 6.4937376767881636042 0.95887864303668135513 -0.0085830914205485865642 0.28368658493082499206 -0.23182924961469686398 -0.60030357360548636247 0.76543505181011473049 0.16372827169182585516 -0.79972617192272554831 -0.57760808771217597712
0.025473057990118921218 4.9959017162290111358 -5.8765255995713685522 -0.86955822614802968928 0.0050963870569614971168 -0.49380412936392881207 0.17241406423676569615 0.94015522566017539763 -0.29390736996072180931 0.46275466695791800387 -0.34070834815550948838 -0.8183983991345600284
-3.1204848236551501195 -7.4855097458830437418 -6.9444236994322947609 -0.091462821185229345455 0.0037468438073807921324 -0.99580144280975968485 0.98860107905279848151 0.12043707086424078334 -0.090348317401438671403 0.11959288790089296628 -0.99271389288306677301 -0.014719648107467753553
2.775118433358811032 5.9508170498869175091 -5.0730558825427269909 -0.99951444039484471649 -0.008125434445764479971 -0.030080903533484720791 0.012790462149255030916 0.77332173180183338967 -0.63388477123282294112 0.028412805569451599769 -0.63396173105151343297 -0.7728423099453307632
3.8949544687560795353 2.7240744430486842909 5.299188783554984461 0.61428420686560714081 -0.014791353315930564835 -0.78894621430269207263 -0.080352088675302649201 -0.99579961939366234969 -0.043893733732061068764 -0.78498309220064521607 0.090356703583564595972 -0.61289249552947977495
7.7213870524843031262 -3.9467015360128554491 -4.7883839603656648265 0.014534889701190599129 -0.00093127114753397289421 -0.99989392923221021015 0.99781236696017006071 0.064512288909150519722 0.014444546407097025309 0.06449199425160598298 -0.99791647812524253425 0.0018669128716211251875
-1.6813612328799449891 -8.7580568386873860476 -5.9096959446263532811 -0.74288388844498709496 -0.0048060854549647237521 -0.66940303990316196714 -0.15986079410633105558 0.97231622822991581323 0.17042792854653324164 0.65005234773569398055 0.23361946379434730958 -0.72308636506296830593
-8.5888167117398150907 -4.2043685102554890776 8.2774681824886489068 -0.027196569187640715765 -0.0014643599961948463792 -0.99962903232849298352 0.65374719507472445201 -0.75652921161222641544 -0.016678036721149435556 -0.7562241410824827037 -0.65395826137975932024 0.02153232028622693861
4.401533193286403467 3.7231367202694785057 2.1362495743650220525 -0.9457421520102299306 0.0091958999042254206679 -0.32478795749802752413 0.31494485152887141677 0.27170670535868873818 -0.90938726995613228254 0.079884431563322019776 -0.96233616875175143068 -0.25986068557161851045
-8.2126067137848099975 -6.5466177038508766017 -6.6874836512582742643 0.079206363696136899977 -0.0035640729064597910687 -0.99685186930390701221 0.080558820793289770412 -0.99670004820068880402 0.0099644522946483217452 -0.99359782021835585386 -0.081094459129037538281 -0.078657869003097014016
-4.4146893727217264569 -3.8983440442238874724 8.4861169980520170242 0.56034977843630939809 0.0093780954567349514295 0.82820298063448460901 0.26791854006167509228 -0.94822904806239494135 -0.17053248459309403029 0.78372685401059327681 0.31744877340426136403 -0.53385250263204853116
-4.8235116035227498799 -5.9982588448557239147 2.0023600790281981254 -0.99873413649130093894 -0.0013209249464376073349 0.050282996766920731724 -0.044022347813799496408 -0.46065883049784905889 -0.88648489822288578655 0.024334286501226112809 -0.88757630491217520685 0.46001754907700392883
8.0293550471348194009 5.9902409367510092153 4.7724074287112161485 -0.11125021933064896396 -0.0030804226924620809261 -0.99378765322146445094 0.76773121372200991974 -0.63524559195587748661 -0.083975123565094081379 -0.63104054717286350851 -0.77230405210430308482 0.073036148086362912002
5.7666973123036697757 8.1692887984851143557 4.1164573219968465523 -0.7772601155224009295 0.0041368773398655130785 0.62916579616518830687 0.15332035194908871789 -0.96858861401313822714 0.19577784982516119316 0.61021273544268572753 0.24863423547404117642 0.75221103053178939302
7.8835957420374693783 -7.7700067188022332587 -0.30172207011939194965 -0.34359622478500867482 -0.0062305173442929375621 -0.93909680809119155942 -0.9212761234576319902 -0.19175708296724144897 0.33834823108576245199 -0.18218654906573886199 0.98142264177341687059 0.060146982917233894617
-4.5229059773687367851 4.9112112102633940225 -1.076874134428593921 0.69492120683499547518 0.0095786395501701333127 -0.7190220900326876885 0.17140603086044120529 0.96888259274821730838 0.17856789760245989074 0.69835842436072803618 -0.24733534145751343014 0.67165522404789068656
-1.6737739146948125146 -1.944462685044794803 8.2718859346195383608 -0.054906839493437324673 -0.00014681346320034698028 0.99849147088120049354 -0.80433100956680381177 -0.59252647205541975062 -0.04431711816834254386 0.59163913496831344041 -0.80555096571201822986 0.032415669275739210364
-7.7675539032655036564 7.0926142831833693947 7.9903911554808617623 -0.09674544837378254436 -0.012061356283325271738 0.99523607345385989298 -0.59654949258353928698 0.80112275251256792608 -0.048280827508147924898 -0.79672393030291654981 -0.59837852492468213139 -0.084700175865026955391
6.550218276373936277 4.8877776663542613633 5.5450962687273763763 -0.59982754022446593822 0.0060370616648324285092 -0.80010654032737449359 0.74150994854849627824 -0.37150425164389966337 -0.55870169787999357514 -0.30061589810222860697 -0.92841162471013805035 0.21836194016213453239
-4.8723699409766068058 -3.0657242010697669521 -4.9492340564999075525 -0.96850803391841655543 0.0039995313144618538717 0.24895017972440802723 -0.23721057025547293007 0.28898647258681792183 -0.92747936042869028039 -0.075652717034053948431 -0.95732482596617651804 -0.27893698929018406751
-2.1254940157038761939 3.7927134666214668002 -6.6468940059585319702 0.77785551879660097541 0.0019982312114738701517 -0.62843997243150706566 -0.62356469971317518564 0.12681283118660185982 -0.77141789655036197004 0.078152780816815356491 0.99192465082704828205 0.099888087038096165515
2.1630994125563054453 1.5389094341871969451 -0.61088924286220358528 0.55021339049353978901 0.0042846317800901666251 0.83501309382077493204 -0.50128649185524343235 0.80143988316243186532 0.3261992746160090606 -0.66781515257210932734 -0.59805999331772929928 0.44311078342556520226
8.0672642761501407449 8.1778143752454131032 3.1267198842032133399 0.63141476736027601913 -0.0016727672828461825905 0.77544348176314747967 -0.75185915820703785872 0.24343852372170873832 0.61273606992566698182 -0.18979778128079574651 -0.96991488648102186509 0.15245299342119297825
-0.31299477592197427755 0.392898024232063936 -2.6801820676501355578 0.11963524487606268243 -0.0085137520887064842973 0.99278140806966985732 -0.084971941850904425531 0.99620629396933424449 0.01878267696754795657 -0.98917499830996180599 -0.086605634235825512679 0.11845795387864220538
-4.7050169611848193796 1.0546506494886689342 0.99907074846475185659 -0.40070478171398321576 0.00084427610556518954341 -0.91620683533212465832 -0.89959192829302858652 -0.18994321773024649969 0.39326318997337139649 -0.17369525169494037797 0.98179471440614152211 0.076870659568361615621
3.0350861294735982376 -8.6376486312198430539 -8.5022624826917727603 -0.39618051220749067598 0.0052809836662667938509 0.91815745542828031134 -0.9003022379425031918 0.19409686605478335131 -0.38959246263710084479 -0.18026891607511436044 -0.98096815330540154676 -0.072142914397979818197
4.9883719981210088434 8.3675580837047682792 -0.74182139186994799918 -0.96520331000577475056 0.0048984535336325345234 0.26145472936435293354 -0.029190088111515060526 0.99155778452749598895 -0.12633724193269751934 -0.25986632931190989382 -0.12957301067774837366 -0.95691186939769667941
-1.1641816051331845827 -5.2591374901911134288 3.7817128014548142545 0.22441551721025615462 0.0077655240067563838582 0.97446260691313058011 -0.39971155022581467131 0.91271201853378347568 0.084778817167077427652 -0.88874538100137578933 -0.40852964134912878036 0.20793070934216670298
0.62051086480595762929 8.3329408880444990615 -9.0354808749703696691 -0.19692027174793938493 0.010337164062188399644 0.98036500835871176474 -0.82029328997283901259 0.54593084431473748452 -0.17052399142493168682 -0.53697423122566456666 -0.83776646881150285129 -0.099025343900518841833
2.9292487376405382804 -1.8907904519394658216 -1.1057523387790961777 -0.90396366226454860637 0.0063820403793741512996 -0.42756165270728102579 -0.26263034292381048918 -0.79736206025029265909 0.54335904137974333494 -0.33745370094419169238 0.60346749244188779837 0.7224624455880757079
0.86981654409788655702 -7.4121372120964359453 -1.8180418333908119344 0.97885463225969504553 0.0024183687666179017051 -0.20454280822452902688 -0.050892929587793345192 -0.96560911308503105666 -0.25496852834236966023 -0.19812500756292755755 0.25998690778505567645 -0.94506787542407211244
-1.9953283855747940834 -0.67295974724875851081 -3.9933370275822297479 0.16073435149631387642 -0.010228358138745086495 0.98694470409371826136 -0.9869759700991894702 -0.0083016156205275269675 0.16065340838336633622 0.0065500149749495445439 -0.99991322816936023532 -0.011429498499620920765
4.7861577854130779031 1.510429980651983195 -2.1776184898052890482 0.88009880683674546198 0.015534347950231904012 0.47453637820351407539 0.09839901964193001338 0.9717970863476383947 -0.21430831971665004199 -0.4644822097113173176 0.23530641087743794926 0.85374889157299160836
5.8387981088915248407 -0.81763814586758609693 -6.7259918538290301981 0.78708865648016834715 -0.003539578768091810896 -0.61682973195373702602 -0.61669612406554130679 -0.026103861138046600965 -0.78676837696757351281 -0.013316809026298222912 0.99965296969283867767 -0.022728897499345555866
-6.4588283040400540358 6.090490560463167391 4.9385664387186309909 -0.22078492116472897555 0.002929566310260233071 -0.975318120526864063 -0.31572482768968629374 -0.9463656434571282583 0.068628726234178275001 -0.92280650830314758792 0.32308433345703080342 0.2098682008020418821
-0.9643491630658438396 -4.1074022522192610296 -1.3566109904465242231 -0.19743362946482947984 -0.0040794896532927258509 -0.98030776785691331465 -0.92077830673717875332 0.34395712387866489435 0.18401306142637233187 0.33643316096789577241 0.93897649315476006127 -0.071665008922853074003
-4.1706532445083164262 4.8602218796810818802 5.9860538124438296137 -0.088436436803009416119 -0.0031372564382277194628 0.99607688170522989957 0.099886419208831234151 -0.99498232036041400761 0.0057345817518205510072 0.99106089616275372389 0.10000169894692095829 0.088306060406400030405
-1.7866206883808186667 1.4154427976964782943 3.5786189575776208294 0.6590430716540451872 -0.010117566609480916837 0.75203714306575364379 0.3801062664343303199 -0.85833248455209554262 -0.34465137774280013572 0.64898494275447304869 0.51299413330805909705 -0.5618323266503365554
-3.7402588463630377369 3.6376789478565991764 5.1720235937354024358 -0.44000938784250837044 -0.0064224563662851671259 -0.89797020588912235262 -0.87920109797433143584 0.20658403139863323883 0.42933491273331619853 0.18274892046498994458 0.97840778309711262661 -0.096545543882584614059
2.4620299204261923975 2.5397255028890701745 8.40709890940836857 0.29882206834819441399 0.0063346647481247620598 -0.95428782004713941234 -0.0020976633210599646834 -0.99997119265337708338 -0.0072947702036649571949 -0.95430653947064336684 0.0041816128783742243999 -0.29880017208317066757
4.5590505564237586711 1.5922671174037559272 0.21961509181869875995 -0.54426712838767965508 0.0045074134738829277347 -0.83889986063928112525 -0.27380256287745957655 -0.94618005927078197015 0.17255564899514469479 -0.79297254020463059376 0.3236092994060488226 0.51620884515802212267
-0.63882648155104837517 6.1902984746415636863 -2.8204607707537632244 0.99966960066523113948 0.0027800549222568244137 0.02555309766799721688 -0.011901626507141608441 0.93120722601578143074 0.36429583239747809209 -0.022782466773447990899 -0.36447959272142360643 0.93093264294323463393
2.5816548311051987774 -4.2624180661639083922 9.2140121468832116847 -0.34352390346210165406 -0.0076532685867333038326 -0.93911274894454510598 0.74294380284831185168 -0.613898980380993331 -0.26676309283076671264 -0.57447874944147114817 -0.78934749595280295775 0.21657492253996310505
4.6619055051131992329 -8.7002838708883736274 0.11880057340385019593 -0.97778062005686205982 0.0083608942186443029748 0.20946396942966075128 -0.043646683046943690609 -0.98542606445504687951 -0.16440936272513739791 0.20503664575000637993 -0.16989869611186567133 0.96389543362271346005
-3.6362886679111983135 5.9551836050607036555 3.6913709008582475946 -0.94906285057914907544 -0.0011252736063925737262 0.31508481304244218002 -0.27714032760088919138 -0.47278870984569387748 -0.83645924865466692033 0.14990978776555022312 -0.881175107230074528 0.44839434199170719042
6.7796560758724897511 -5.2140922918650591811 1.2561252648054717085 0.68734444955049012194 0.0024344713872455903125 0.72632753012749418087 0.063553787895750321613 0.99595737008611262553 -0.06348096577083346681 -0.72354579932172002898 0.089794155267213390803 0.6844110504395923833
7.5857631741954261173 4.8512256430624773884 4.83085346141437455 0.47896286702606788444 0.0036132513908455668981 0.87782772593756552837 -0.56837980253531317221 0.76335334233855145492 0.30697894848124523959 -0.66898353647921338094 -0.64597106680957838698 0.36767160451260288978
0.72917976590189170771 3.8378315044947557411 -6.5591028163400215689 -0.61213573514194952185 0.014838959191887220179 -0.7906134624785370324 -0.72950622058300929051 0.37522035780898788104 0.57186568109673774352 0.30514015778482384 0.92681685805550506618 -0.21886067653017787782
6.1707344831540931196 0.44004233109672902247 1.6338561368997370771 -0.9921040617903719161 -0.0073219157056571967587 -0.12520351484469638415 -0.03194383011098422126 0.98012283284137269312 0.19580302413661671013 0.12128117041378322361 0.19825645536428998517 -0.97261773354657576895
-8.4761423449201007685 7.2108898682278024239 2.8813161155994193585 0.6070390196055392984 0.0049960565455505990748 0.79465632074210112989 -0.11311848635944808661 -0.98925412830466796787 0.092630867836288890982 0.78657983493092220595 -0.14612087137504425893 -0.59995070983260523345
5.4172583349680474285 -6.4716315508513035937 -6.3102910086203447548 -0.99383219518699628114 0.0038146241233205989245 0.1108287708686665346 0.065908927748534684721 -0.78341985222205867689 0.61798814583055428074 0.089182851785018127377 0.62148112102224051245 0.77833645370129422858
-0.21749480301833354345 6.0546174421144982603 3.2248035799085279507 -0.669245135069699848 0.0022417485708556223259 0.74303830570779128006 0.64857665090186866763 0.48971818672167699571 0.58268724501110835678 -0.36257313343715946719 0.8718778997985562329 -0.32919545979870995511
-5.9136132662736908827 -8.5535264961059187527 -4.1282259203098998768 0.21758310112390438773 0.015142195649424582474 -0.97592433518995691522 -0.88999343696353216959 0.41357548809618421837 -0.19200780663142810734 0.40071096349696400107 0.910343907299071331 0.10346349199792354012
-1.0390965625517811777 -5.1747256352988832973 7.9291184532035217103 -0.95959682932767087493 0.0075426155513621546272 0.28127750371323267942 -0.1787101645060986399 -0.78847026984540591332 -0.5885382830981263913 0.21733983124744543636 -0.61502661935931246528 0.75796151302861680676
-6.6019889559101363474 2.5835378485344433486 -1.1103351849543818819 -0.89446403623831050034 0.0011407321689976962498 0.44713844232647015353 0.076946135812811775057 -0.98468618585885414607 0.15643659278475816055 0.44046949957910253026 0.17433248150802543863 0.88067860529930030999
6.3920753625949071619 -8.5191306901055128264 5.6912795480528650671 -0.99656880385873347628 -0.0049079950143629171716 -0.082622822273654444869 -0.070182254322557494075 0.57927612391241800616 0.81210444121616043311 0.043875623684698723814 0.81511660751688508331 -0.57763296806561326147
-0.58163491074756645816 3.842350595910069444 5.8784080872490607206 0.21822789516510418539 -0.004712750390410159855 0.97588645638498572321 -0.62470173027159403567 0.76758283510831770702 0.14340271769674373115 -0.74974951414957102802 -0.64093243109617137332 0.16456392314736581484
-7.2394564064131730063 -3.8677867731728419187 4.4189046682369328423 -0.99825825405802737222 -0.0013787725015670486417 -0.058979294600318768471 0.0013219209279703922344 -0.99999862332692712741 0.0010029303754470406118 -0.058980596217975550521 0.00092321756157603268589 0.99825870241088621171
-5.754555046980671662 -8.6188344545474038227 8.5448578080246875288 -0.90698566122922286148 0.00011448342530494563449 0.4211614859148278267 -0.40945689206692736928 -0.23435540006574098748 -0.88171571382082736257 0.098600526688818870835 -0.97215098279710165929 0.21260386351878821087
4.3166435319822893391 -5.4725718692647316033 9.1973160949043482049 0.94010901803685198441 0.0075254538315927734654 -0.34079084751560745348 -0.11497776939143425357 -0.9341660932725680544 -0.3378073751798466029 -0.32089740845250752654 0.35675913124217101258 -0.87735270873461901342
-1.3373509545305579671 -4.0039188360491433372 7.2132419953580342309 0.57332722252681322939 0.019081136760563648797 0.81910427060855295345 0.66904514101869871912 -0.5879796116618338786 -0.45459715743649881103 0.47294238041101782644 0.80865065788012646664 -0.3498708594911959513
6.2730423107240866898 3.5092668251856191652 -8.7877461593778640747 -0.73631691666607146374 -0.0032959678452969204746 -0.67662880135820946403 -0.50516908844802566048 -0.66260075952374164476 0.55295969614005668902 -0.45015729507387153285 0.74896553330218429423 0.4862191271610357135
-7.9944856409477544901 -5.3859451673030287466 6.5727422292008226279 -0.64607357367051443386 0.00337603619334825647 -0.76326767243484683334 0.7526091538370824896 0.16940740924936045775 -0.63630227977877984458 0.12715501942451781781 -0.98554032493388243896 -0.11199048604278293018
7.7720794468933149801 2.2820511980058157953 -1.6849242991418691417 0.7549914534000147226 0.0070463692102059674593 0.65569676983635871714 -0.15693652527912829719 0.97282406036882773659 0.17024768603612927542 -0.63667796595000658577 -0.23143832061317720639 0.7355796839400654541
4.357474167629091788 0.43470124044733959856 6.3978808167055669642 -0.23534068886323264436 -0.0066857064915216441597 0.97188994309745657674 0.7049599614930617264 -0.6895567274536321678 0.16596075534625850945 0.66906368370809921053 0.72420081534911295851 0.16699391064003596408
-6.709672274224106836 5.0553853696172144083 -7.2049025905182801921 -0.1410316539132330238 -0.012352376358481458041 -0.98992802333959395433 0.47915753729203669486 0.87415096317767537748 -0.079171636535921047217 0.86632449293028035431 -0.48549718060337998526 -0.11736422187100299663
-1.88930088046498601 -8.4217517265723369491 3.5569285138825992298 -0.98506029422254026695 -0.0032806282176908669115 -0.17217855332381168387 -0.11391296516012425211 0.76224164954322759513 0.63719032013219323307 0.12915127995713321374 0.6472842537710323807 -0.75122768965545061448
-7.8033256562210020491 6.9858951786487608615 -2.0511822663290848467 0.70938970215831642641 -0.0086724086510597802463 -0.70476310899468919136 0.69621053887519257497 -0.1471584225995829498 0.70259183329804097973 -0.10980499091931615607 -0.98907491525471780136 -0.09835484727770484048
2.5004831090058181609 1.376969922627421905 -7.6452218933918398847 -0.31875172526257605776 -0.003750328543190132452 0.94783082492509018735 -0.24353282121832242613 -0.96609707159897983964 -0.085721719749855262993 0.9160180689437704693 -0.25815186089440489425 0.30703178025260191575
0.38487858610897490719 -1.8657392436747157749 9.1077617744590089188 -0.56056367143616747661 0.01185143852694446609 -0.82802651749261113601 0.75654027736889339906 -0.3993036810410950932 -0.51788355740012803619 -0.33677170157896163527 -0.91674211952534523373 0.21486904687176863749
-4.4088139024986512382 -8.4874603729673960828 -6.6677244040337741993 -0.85663653846232667988 -7.0228304608874452669e-05 0.51592037761595677114 0.491812491584765199 0.3020019928587464042 0.81664880421788421661 -0.15586633405740682456 0.95330729115914047966 -0.25867140261399634849
5.8145612853577439694 2.5866341932396803571 -5.7351614066675598025 0.16690610071475603382 -0.0036285613430983324965 0.98596611863022209921 0.066762626345735709421 -0.99765653036811408061 -0.014973280803131348154 0.98370986844081653722 0.068324819481335022364 -0.16627270905114713284
0.50143622761771422525 -5.0051985442075945798 -5.3473002276735934757 0.70670515638334940878 0.00039847684850971175005 0.70750806578975211636 0.54178485046953084314 0.64281584641546229975 -0.54153205205118248866 -0.45501318414208691276 0.76602064516109613646 0.45406538454699252316
6.2541105250055082365 -1.0699342644086349274 -8.7361079523376226064 -0.53810246163283059762 0.0036468799318396284692 0.8428715448107597652 0.10461679704708956584 -0.99196916174873683847 0.071080995457880796762 0.83636180362356016271 0.12642737997146519247 0.53339952290312320216
5.7322924267183124059 1.6792924735786260992 4.7466579956942958063 0.73419939788549759552 0.0048741520681619358163 0.67891640633170169394 -0.67853734635460316582 -0.028904849240659068882 0.7339969886125994325 0.023201589312007622756 -0.99957028383784995995 -0.017914628698429909542
-6.779385656273551497 -7.283233396132945181 -0.98406002529073621776 -0.1289906507048184936 -0.011599855546714023941 -0.99157796233190997892 0.74950430186824312795 0.65359588114056943464 -0.10514621075875181522 0.64931095286600615246 -0.75675482655035231083 -0.075613616373012421112
-4.2382449892845563966 -4.9446067739610111147 7.8736616045501461869 0.95301076769306614089 -0.0067288878022582878161 -0.30286168250546019465 0.12865631884099337778 -0.8961217877136568033 0.42475086016024643509 -0.27425905323877575182 -0.44375721250875876933 -0.85314799892098680534
-8.1434097364410344966 -0.630497475791745976 3.7011783592557843114 0.84097979671614220276 0.0080897953082322542756 0.54100604130355411936 -0.52776324235491423043 -0.20809602919227737639 0.82350592144387713134 0.11924320330390737743 -0.97807494490260649123 -0.17073505972600547254
-2.2320302053559428757 -8.7680650714941226198 -2.9233704179631820885 -0.79145551476999997931 -0.0099719190358607615043 0.61114542375002867125 0.58962302054315463007 -0.27593656998306914652 0.75908082770646501114 0.1610678794350471621 0.96112411798714958433 0.22427119306245058006
6.9284070486534243827 3.5498486544197582759 5.2315910084197261298 0.74289631242511622311 0.0034384680578976719798 0.66939767397436644725 -0.65510451839371408589 0.2093378373944065618 0.72595849730897510366 -0.13763407632233645717 -0.97783733144742290833 0.15776886341269671932
