1125 17.292696884352682929 17.968806560800352656 18.477561601407678893
1.7867179710621992061 8.7546586865315383363 0.79396313270732776779 0.5279647060066927633 0.0067335953538529592921 0.84923961748425924601 -0.76752486515887197172 0.431829308965298031 0.47373941073275982472 -0.36353658766935070812 -0.90193021160859221386 0.23315883601896880695
2.7001340986266404443 3.0927208625090769623 -6.2649543107526364238 -0.97358129532994841515 0.0014102079084836378377 0.2283363148894976824 0.16929791714956440862 -0.66656283183616682475 0.72596983853535812514 0.15322426907152239539 0.74544751829218136585 0.64871435997629867121
4.4763430356749962513 -8.204686980444966693 7.3468977930294130374 0.95694352217483669154 -0.0030262772587038707858 0.29025839697339145262 0.15900776942390928981 0.84203891122359708632 -0.51544834973859077198 -0.2428489749422431121 0.53940829955738933688 0.80626488311138022613
-1.9750150662754775155 1.4388757106780070139 7.0784348844844471316 0.91339935844250541574 -0.0036497392186629596354 -0.40704826667212762326 0.23448040235057143743 0.82211488526505527297 0.51879288385578381515 0.33274698031780808316 -0.5693099286238205714 0.7517750010873466282
-3.8077755183829129493 -6.9873007341655632985 0.26992017895113751269 -0.60837567690190386127 -0.012233005430512507508 -0.79355490631234282262 0.62926353290399361651 0.60187867495146341046 -0.49170058653248038816 0.48363875145746182405 -0.79849384106393406224 -0.35847056207115340909
-0.47135037629925824465 8.6226779883042627972 3.5049815441786673631 0.63851317993625689162 0.0010545826800435510739 0.76961016554026062675 -0.42712023986244812557 0.83234710905921938107 0.3532231458167550131 -0.64021029337829182815 -0.55425371256852784541 0.53191503302331355485
5.2620449382094340862 3.2088532059225665094 4.2969604690284590731 -0.48203605983964542547 0.010003985123675330354 0.87609426279128177484 -0.75186598137563265265 0.50864873330390258932 -0.41949256508087873208 -0.44982083440441333888 -0.8609160158750367442 -0.23766537515171323736
-4.0759632225647246528 -1.4851828127421586867 -2.4853467707291430067 0.84126222809147122028 0.0012191473282257715011 0.54062591250004055077 -0.20761329761660374249 0.92404971984457739964 0.32098104914148750666 -0.49917389979801335409 -0.38227036104692613261 0.7776212373807241951
0.0020624376432947441606 -0.21517171166619461498 5.3966179696313778535 0.93261177512217852126 0.010562844228215850784 0.3607266322648978174 -0.34223371454946910353 -0.29126973570005965097 0.89332974074019833033 0.11450485373562997726 -0.95658265057821023625 -0.26802662383410913449
3.8532857351521694333 -3.5436957234404631301 1.7099804132714906402 0.999811987320840867 -0.010838621221260813163 0.016078379882769493203 -0.0029384442856557405066 0.73492357115416373503 0.67814357632249244734 -0.019166521719157888354 -0.67806332215521947226 0.73475354752002564052
-3.3439185805945355057 4.1313183898171104147 -2.7327378063316825063 0.37131865949781056591 0.001450408712365167975 0.92850436155330040577 0.28823146430937207629 -0.95077672031493398741 -0.1137815938066006477 0.88263530186086891494 0.30987340063597690332 -0.35345919069601439144
6.6803869319062858523 6.7061336217109159819 7.9079789710855328266 -0.88193190341560889767 -0.0017134046446798563423 -0.47137371795825389054 -0.23320343658369396822 -0.86745602356268203259 0.43947264346090886278 -0.40964896546053475301 0.49751091588983931135 0.76463757013871491708
0.77787925532774826465 0.763329488633855191 7.6304930472693062171 0.36389933608357988293 0.0042522030862306011909 0.93142857588059047025 0.91561228117749871025 0.18192201896092891067 -0.35855059555732066157 -0.17097199699112608506 0.98330376679148234764 0.062307932551103367702
5.066425804073743322 5.4239708466462834835 -6.2532376775783173883 0.96266207192250330404 -0.0066404813515051133721 -0.27062453563811555979 0.11968345928001103418 0.90712823481163984418 0.40347767618804830647 0.24281187132549428287 -0.42080193632488460675 0.87405270180279992509
1.2596496091663325068 4.273381807971670554 2.4582422549118727595 0.15764246830015912759 -0.0020280047118642714407 0.9874941718232994603 -0.62830234091227543658 -0.77168075186283469069 0.098716693668650101756 0.76183004705266432754 -0.63600684304609289565 -0.1229238585710499404
3.1142159889653635574 5.5079400699373968209 -2.8600781481321515543 0.79731655024911496366 0.01365344678614516423 0.60340691253052003429 -0.55824049991545954263 0.39676871538982688703 0.72865775968006596397 -0.22946429559512787622 -0.91781706776377680601 0.32397217036089354103
-6.381643516440003161 3.1993335488054057691 -8.360624321817960336 0.059963867728986861017 -0.0076648863447948264657 0.99817111964041416172 -0.93740589292045617409 -0.34407787045578652751 0.053671323630365343205 0.34303720860069919496 -0.93890982984496385022 -0.027817349540731978186
-5.8733510730936595579 8.5758891468622717724 -5.3943099959487401662 -0.52485637255684780555 0.0086484425661997078871 0.85114686901131009211 0.84790638920389005406 -0.082446265348244771043 0.52369587403130868353 0.074703034301688342467 0.99655798515250559877 0.035939378052934609076
-2.7317611844094225049 -0.25992027343540974327 -6.9056019716852734547 -0.52987601285649166272 -0.00092066996626999873798 -0.84807462134291522471 -0.20267163682452024598 0.97116177920951274327 0.12557470377845997289 0.82350204530774728795 0.23841969501072798887 -0.51478192509522224807
1.8588315383139484283 -6.9600617380719915772 -0.020213770985819057291 -0.3672459930258976657 -0.011387036946547014066 -0.93005414680862796839 -0.50846622959710807699 0.839746411836413853 0.19049424444699936121 0.77884046759651803793 0.54285937331655820248 -0.31418342864735415709
-6.2620334554191137144 -5.8256031098455114403 3.8007602187464657462 0.39163122037343484072 0.0037361467901707804545 -0.92011468221946335344 -0.90515581892762553284 -0.17806395912156380845 -0.38598726653003329057 -0.16528136824875616639 0.98401182293158317993 -0.066353610607851359893
-7.0249554282114416992 2.0559604324728542046 -1.3762149759688833139 -0.14916076905871553104 -0.00056781532150640542586 -0.98881279449627468292 0.98058535624613218928 0.12864784790521061053 -0.14799354832282032857 0.12729267099724750345 -0.99169017783544533007 -0.018632420541900004268
-1.7954890432850074689 -4.8194621173929412805 4.4537666760543466182 -0.43389120538600961519 0.0073272124297763399983 0.90093547707199639341 0.51126659849523359291 -0.82136762787581896195 0.25290647508684782618 0.74185233513945680883 0.57035211215167025411 0.35263803114875386102
-8.2339482192465709431 8.5865835379550805584 -6.5623941578472084757 0.48439388166965441362 -0.0013627514009022729038 -0.87484896428456970785 0.16230821896144514982 -0.98249800508447693304 0.091398643659508907455 -0.85966191578934236794 -0.18626812103482409677 -0.47569483666273409961
-4.8460352584639601048 1.9238250678120762949 0.66709475418101571442 0.30107666879978017827 -0.0055474716158924212636 -0.95358380075542237275 -0.89457143507726732956 0.34471749787955041633 -0.28444998540942439957 0.33029500003506134798 0.93869008315555058086 0.098823786294165869015
4.9081038475751377348 -5.9039988444539774903 8.0646813867465372283 0.61475260749249371894 -0.00067810134012122151581 -0.78871970417868830783 -0.72200659909259379265 -0.40299362098844260238 -0.56240787006383086144 -0.31746764000148253171 0.91520253584735034025 -0.24823097294807278113
-0.94729557955330867536 -0.19614549583814339107 -0.42347308250592485823 -0.99482920761659732189 -0.002760602686121906707 -0.10152451302842012415 -0.037731517554567606254 0.93813112383584318366 0.34421842930552309925 0.094293055183713975209 0.34626922121840320035 -0.9333844042947607722
6.3741844423685449783 8.8804152441502282045 -7.0563528500855055015 -0.20166631494529804747 0.01124897433937581924 0.97938968648489954649 0.72992213798637828326 -0.66503356760986087615 0.1579367798497631481 0.65310364406702137163 0.74672874226750596272 0.12590399349485689728
-5.8744718945942988597 -3.390462427680168922 -2.9380493936857239312 0.78132211165175813328 0.0086821877944724297482 0.62406760648072068243 -0.59594152866829053217 -0.28671804552632507157 0.75009763149728081455 0.18544393290739233371 -0.95797566878518058964 -0.21884507251297460884
-0.79182972395172601665 -1.1208332887533305477 -7.3588202967332847493 -0.83708804712614914845 -0.0019298716464171846406 0.54706478314198725421 -0.35245670420060581929 0.76670034447673429678 -0.53660493236958828334 -0.41839917904169993124 -0.64200222536581252886 -0.64247589028897555963
-5.417945625584100533 -2.5555127790623695105 5.7286632260693819418 0.85639820633788288351 -0.00575303447411745425 -0.51628385097286200178 -0.37470886761244365237 0.68100568421286933329 -0.62914586750800283177 0.35521173504490277661 0.73225552962352180586 0.5810563334326647178
6.0713538633788068921 8.8458451292398887489 2.817363155308568512 -0.84216475560516257381 -0.012724663473456594015 -0.53907013213107235483 0.52906539080664816144 -0.21260474356807398943 -0.8215163024936324998 -0.1041553487197012795 -0.97705542624347430092 0.18578040096092940381
-5.9927027880976293517 6.4615726335608503206 3.7801779437961613439 -0.86695302043272437498 0.0086534123154605683409 -0.49831473871179343682 0.49779253253446476002 -0.033903096546437763714 -0.86663324111015382911 -0.024393747458881700346 -0.99938766177069005003 0.025084787921224475926
6.6824507942504647318 -2.9702453301226814375 -8.5724173036944630866 0.94365947139521000331 0.0029640828571777617581 0.33090484471964515256 0.32829534929008763466 -0.13403340062449764503 -0.93501722505607542946 0.041580833092775014437 0.99097238192074710295 -0.12745498259945531316
0.35838744708412650919 -8.2389406663282827026 -5.4876663094259638953 0.55022575997184486329 0.0084068462229508686412 0.83497361515159485013 0.83416144835866901097 -0.050759852265408619831 -0.54917949294339996058 0.03776626980446038534 0.99867550402230154116 -0.034942045310140307235
-4.7563231893215078827 -2.5444652157470626364 0.52881609137641760743 -0.095231767693011643017 0.0093068156000406469103 -0.99541162018814721701 -0.88838340912010982375 -0.45194208407522523663 0.080766769415403200094 -0.44911672071084102198 0.89199873084265224321 0.051307264132035720894
-1.8969427520654056352 8.7572066108507957694 4.6915454950888584307 0.19473930207573786344 -0.0065187380235484119681 0.98083337539167014807 0.96011602836240850234 -0.20327824747856246268 -0.19197699389167585671 0.20063353734792868655 0.97909931067123401327 -0.033327519179996517584
7.2952993321732497733 -2.4645067355815255539 4.2974484262660297418 0.61161922360754372718 -0.0047817959406024450331 -0.79113782600833704173 -0.37041566929241248607 -0.88533838262083719428 -0.28101277586792977603 -0.69908093755739397768 0.46492266312360269742 -0.54326122635224227686
-0.95887561208471738805 -2.3027886467749794086 2.1349448783301476773 0.97833287063935903127 -0.0046043997340144719385 0.20698694096426961675 -0.20344640445295411602 -0.20679434934386206613 0.95699825370483326825 0.038397327274528075813 -0.97837359765202192019 -0.20325045799615909514
-4.7360501597344990543 -6.8055082610419921352 7.6947770042235585919 -0.79371198170048840037 -0.0030805215154661863552 -0.60828595289741271834 -0.34004752688510447856 -0.82689749300808590426 0.44789308491640816845 -0.50436987376776798442 0.56234424194066912062 0.65527092411581777665
-4.0692046543540616454 -5.646892875826776681 3.7733725181689603545 -0.99830064516834260413 -0.00144829163243131347 0.058255680476125289158 -0.03693501320185363368 0.78896754195362472917 -0.61332375018742224526 -0.045073569374810343313 -0.61443316983625373418 -0.78768029881955148319
6.1943459235159332721 3.5603574246958857863 -7.9352239697918003358 0.98725580029416948324 -0.0034881768237633847124 -0.15910316592701093108 0.028498249754424099384 -0.97972398613791900068 0.19831480213795404932 -0.15656894502580090411 -0.20032160045416902427 -0.96713878106750916785
-2.147626322582758096 1.8795182122268530023 -3.3716571457400514866 -0.50311441929493638803 0.0068659596313797414957 0.86419253624175296213 0.0930417758127854988 0.99458673721450452376 0.04626499876359037311 -0.85919678133189780755 0.10368259620268613364 -0.50102974980904713131
-3.7440029520035471577 2.8841545122480871655 0.29321449803741866935 -0.53777092555734673507 -0.013600926896955772838 0.84298128473442002218 0.75457369227070325568 0.43822625095852507648 0.48844272530556798184 -0.37605980183757958812 0.89876179700657099492 -0.22540243495459144629
-1.3395615336963180297 -1.3725680553581285359 -9.1822291756419378572 -0.30324906500245407681 -0.0093142060362318597477 0.95286580909428586494 0.73491188252609596088 0.6342426252191954994 0.24008502093386746568 -0.60658431359279674222 0.77307796367566472551 -0.18548836239007393534
5.4821791782298205931 -8.033876558575245852 1.821486963004935955 -0.99007925585347189568 0.01020727565057754499 -0.14013878354089484568 0.14043185105289968106 0.10514841678620086285 -0.98449108967875043064 0.0046863992916084673546 -0.9944041542405752665 -0.10553869285969413871
3.3422744128819488196 -7.039432424077361361 5.483326809547071079 0.38289790569600101744 0.00034140905447452871233 0.92379060249268718508 -0.15871614935448180583 -0.98510578648973790017 0.066149628561148268724 0.91005405210223933032 -0.17194904147600723054 -0.37714075540532321362
6.5672801032973140423 6.5032037302298926207 -8.1120206147085429649 -0.37536455686274938781 0.0059804996044584748244 0.92685796272997800216 0.868534082140880348 0.35144660798247800981 0.3494765083625840929 -0.32365104296276775431 0.93618882463012820239 -0.13711486800089436877
-1.3887698187256998228 -3.5046288725015402044 0.2668314370440976746 0.51720157841864655701 0.0033868674797529413692 0.85585691351409942662 0.23850634396338346588 -0.96094879774664732075 -0.14032865708192657217 0.8219593975194253721 0.27670550633821494602 -0.49781202435419147356
0.15604764289113418063 -5.9183688646015921719 -6.217227102913623682 -0.49452682955779098117 0.0212171726154146284 -0.86890335851201772055 -0.7074316799482202045 -0.59062454625777793815 0.38820492470238932015 -0.50495904096571542219 0.80666751325672458872 0.30708938438707245044
2.059614212569301106 8.6342697099486755974 -7.3844444214946731719 -0.83714687351792183012 0.0072872978677113488255 -0.54692961836888986937 0.51748915992824895405 -0.31333078069588388148 -0.79625924875345877041 -0.17717246263485997293 -0.94961608935312269431 0.25853278578472704829
-1.6343956958493506271 1.3683069243297678597 -1.0908198224701233237 -0.82515778476914669604 0.010659314789544630658 0.56480174330754751022 0.45394037217778382409 0.60761171045036455052 0.6517255157120622755 -0.33623320588821481447 0.79416269638627823291 -0.50621422631797519109
0.55128833755226835933 -5.0139411527599095919 -7.0177062975932766875 0.52388163628156658724 0.0039995242238875586271 0.85178168269401999257 0.28712583413648096187 -0.94229308412179679788 -0.17216997121401225734 0.80193939081367315858 0.33476521238389173041 -0.49479840949547621021
0.99492335009129007073 -1.2948089926043397924 5.2359456038033567182 -0.042144604209019574659 0.0091668988978888532593 -0.99906946720475875434 -0.18752211911714217196 0.98211461126306220937 0.016921737069530817799 0.98135584126133457161 0.1880607835467999478 -0.039671835272608750589
-6.4763025265490448135 8.7326657252393609099 -6.9083987392921857307 -0.47725459651508317371 0.0039124789351415723004 0.87875636135035728458 -0.82763250350699979485 0.33413230236992591538 -0.45097676619900783912 -0.29538532333836536869 -0.94251806190747722258 -0.15622808241448474242
-5.5686467092664431178 0.6121719581614984973 5.4097041294852541427 0.78085500178416766826 0.00064300690306808450797 -0.62471197581846404923 0.52900193996015154596 0.53124187127303312828 0.66176961378128851266 0.33229868147043994941 -0.84721996007408539864 0.4144827204415333366
2.0499697101733933557 -6.9558257882630227797 7.8997311441067781246 0.37392148920167678217 -0.013644778316934520063 -0.92735998400730224045 -0.72669228691008813659 0.61697740786764321275 -0.30208806385967967856 0.57628208375653178219 0.78686256627546347087 0.22078555599411042731
-4.385736525130584873 8.9450150016073539661 4.430196906173869742 -0.070412888430778169946 0.0010785681374009164005 -0.99751734913915357517 -0.065740367220903900281 0.99782037098144871212 0.0057193856392003970465 0.99534930012559552637 0.065979875304755478127 -0.070188508990490491857
-2.9883087710791103042 -1.1687870275042975265 2.6390459193741335753 -0.99660327693941841432 0.0077320673788825733386 0.081988557295489317145 -0.069613814652556171847 0.45280813204266495697 -0.88888622014601537114 -0.043998013624159962309 -0.89157445605501139951 -0.45073180951325259036
-5.2083819261465782446 -1.5880337570489568844 6.1199750084041042442 0.91637204429654539606 0.0066309528127972035272 -0.40027279060223253104 -0.39947102415579127666 0.080523321069971079411 -0.91320254906782660775 0.026175891421852018337 0.99673066834970769357 0.076438193853769265118
1.5530442709672722668 7.5500204209847874282 5.718038097813896492 0.1206287371941910519 -0.010518645481133053615 0.99264196257284142977 -0.90995629028620372836 -0.40084017533003857281 0.10633298458060244651 0.39677229935001667727 -0.91608761149730055795 -0.057924351787622979648
6.1255040754289780125 -5.9873740400812156537 0.92840119007145194274 -0.24995217398023783506 -0.0030481933683848905572 0.9682533858652996317 -0.021378444879125102496 0.99976864255301767237 -0.0023713840418975139224 -0.96802214479687520576 -0.021292484235250430658 -0.24995951131721361183
2.2734571768058273733 7.5853222080343165601 -3.4111891336959003773 0.84418033664154945583 -0.0047491775105505031757 0.53603824913924080775 0.50176952964675380908 0.35889725652071374773 -0.78703246335840326697 -0.18864490013119350476 0.93336499000929551428 0.305356999395176687
-1.8162038673254887744 -7.1413505789264863921 0.60321160317972077891 -0.50303305680134524636 0.0017917044156687735729 0.86426531433357645096 -0.86421170783714706953 -0.012371658300642889711 -0.50297620829222544625 0.0097912104566676878836 -0.99992186288036533082 0.0077717650255808498616
-0.36828842706496683901 5.2013782587001644586 6.944469606931884087 0.23290230383677132386 -0.004072771226259212958 -0.97249160891091912529 0.53871679275679118515 0.83308271455978899489 0.12552851430390921106 0.80965470051702026488 -0.55313344071385628364 0.19622095376022741231
3.1061147035562157726 3.0493742649429695923 1.4250809990625807888 -0.76757361226103970608 0.010740462052891043207 0.64087080775723359594 0.62590478881749178619 0.22800069200304276529 0.74582764750403940379 -0.13810845410707392467 0.97360172910733844276 -0.18172982139176399596
-1.5985265833762747345 -5.8769566185686406001 -5.0338954464970298019 0.98464275259272049379 0.0033788132467578255863 -0.17454865621854509516 -0.025215683025003196582 0.99208137129887807859 -0.12303951418647728067 0.1727507426793561951 0.1255513295136576335 0.97693093131563035758
-0.62280600606023728272 -0.37727627705186311813 9.2153912596427947079 0.60311928857505991974 0.012974411355028036413 -0.79754547732327318865 0.38363395570522162981 -0.88134774767666046458 0.27577370377813464897 -0.699336908634779153 -0.4722899663506444079 -0.53653525131705825935
-3.5507044724855862938 -4.7484751601702388513 -3.6073042626803824007 0.23053107438993447609 0.0053696512214424655177 0.97305014803253364608 -0.92840448144975296074 0.30068692804851421263 0.21829450319303245198 -0.29141129450346525687 -0.95370778446348924984 0.074302888835829430936
2.5434538073034094197 2.983362675292041466 -1.1217561265408375615 0.7268883183841826634 0.010164228175698997864 0.68668046503594981633 -0.68327580090545891878 -0.089826822673483228132 0.72461391224920579379 0.069047465509473923695 -0.99590553286633320962 -0.058349096931604997607
-7.8712675073985360896 -4.4890668911899433979 1.5871106658923586075 -0.42417304342401340733 -0.0092967032961650316464 -0.90553343424775722958 -0.076664742261578017191 -0.99598890617122504132 0.046136927489845318273 -0.90233017600350595711 0.088992528293573930354 0.42175891618502364677
-8.0859223097805834612 -3.5417751966432495792 -3.9997074517775184077 -0.6441131054981762416 0.0026638280881803007641 0.7649256247147931953 -0.57601801225938487061 -0.65966746103796092271 -0.48274433233352370687 0.50331059682663170651 -0.7515528889355577169 0.42643486988561291051
2.4068422133727183088 -5.9667475351351981772 -1.0456495733989381591 -0.5987834275885601798 -0.0026946583638454424392 -0.80090645250318848181 0.019515287406108181023 0.99964834935594282239 -0.017953584246761900706 0.80067319200939968127 -0.026380228318771660467 -0.59852027797831519607
-2.5047705713795527238 6.393673036728053205 7.6490343829617080118 -0.26019988952570927143 0.004495987284602685069 -0.96554430431209004038 0.80912934675151393371 -0.54465784044370502137 -0.22058453497223320938 -0.52688302090384764309 -0.83864630383830773841 0.13808207465819138937
3.5396537849294054112 8.4774454948668385157 -8.6916539228443241427 0.12387845987875795162 0.010303662532215707159 0.99224390233280224116 0.80517656521258573754 0.58337899759306877101 -0.1065816306858128476 -0.57995243426531728481 0.81213470539424259531 0.063971824140605121345
-4.492644616329298124 -7.0332916923409989352 -3.9078583020788930646 -0.549691795932265026 0.015896141551991295471 0.83521628466429731485 -0.056912115916608323196 0.99678330296195505333 -0.05642745783863632042 -0.83342662577258241896 -0.078551636647354622367 -0.54701892090982784378
-1.3353178569023831379 6.3261536294852893647 -6.2337372379800282118 0.22394004350810975401 -0.0075883722714280401125 -0.97457338026414119803 -0.53348164192861746713 0.83590203936553775232 -0.1290934479732989415 0.81562748521547823177 0.54882619943915633698 0.18314368176518999731
-3.5783860127994753242 -2.5921137936666438506 -6.7183597661111322807 -0.56630064312445937968 -0.0026328133214297746306 0.82419454614231202338 -0.8059615117225000791 0.2109684061479728534 -0.55309888196352485767 -0.17242280365114556751 -0.97748933492978407056 -0.12159349028517424385
2.623804406667289868 7.6467095820284214369 1.0017760414513412481 -0.99153093225393873489 0.007050188677592086374 0.12967923975529282998 -0.05646835772346083665 0.87579310490837913861 -0.47937225824069978897 -0.11695184889477966417 -0.48263519580973041068 -0.86797784119516252499
-4.7776034144665180392 5.1865794516676624326 -2.5439685039818296097 0.977444525824936572 -0.0058777289832049033763 0.21111051901016081311 -0.091061470395549834467 0.89018789949103993564 0.44640039449911761427 -0.19055185001499166941 -0.45555565620647298086 0.86957405466935644434
0.39917587643845864331 -2.5968511256957929056 8.1770396634237094702 -0.67106510314756118163 -0.013192914864252575785 0.74128103600122330352 0.68569988958522676281 -0.39125851759469082447 0.61378533204435969939 0.28193490163621631739 0.92018624169627216691 0.27160631773283105961
-6.0917317430818229695 2.0252799600078725817 -4.2643968902864566317 -0.34730298241710472196 0.0083582243063452313359 0.93771572370880174052 0.5615062591183294094 -0.79902937048662159292 0.21508785663290935775 0.75106015696167216511 0.60123390222634520708 0.27281208814559176901
6.7977524479410291747 -0.41549218915089908277 7.6744693741571659018 -0.35065284943027108522 0.00039107363917060058989 -0.93650543311176082106 -0.25233698612105864845 -0.9630550732214151477 0.094079601284231040292 -0.90186951640576817901 0.26930423874110503979 0.33779668792675038302
-6.9841703492658959718 -7.896559510075671362 -7.5816488951829521525 0.22721818873500690406 0.011181830763786381605 -0.97377967804259912832 -0.24332831342707514355 -0.96756528313065459646 -0.067887810132533144003 -0.94295451989603895626 0.25237351196319984803 -0.2171275750951578154
-4.9085125280280985649 -2.4207249343278216536 -4.1252944981298149685 0.62445847894877259954 0.0060932611950496456954 -0.78103423755743994761 -0.57930237240165616264 0.67433638374494264678 -0.45790741737578488646 0.52388965383836738621 0.73839915609763040472 0.42462491315925976476
-2.8739218248336224626 2.9971842555329399893 -8.6677788859976061531 0.78676031932654355572 0.0052316359356503498376 -0.61723644571473457177 0.58704893682146952472 -0.31534228295855204482 0.7456090063531678469 -0.19073999504525365745 -0.94896357915545492823 -0.25117002155157908128
-4.1157247899130480207 -4.9827455439659456005 0.070231107077079996115 -0.97848078024680984477 -0.0045465841445576898189 -0.2062878844240755849 0.15692057828372740769 0.63278039613434977628 -0.75826440136628880939 0.13398244212807780551 -0.7743179571990397303 -0.61845000312114195573
-0.92065881638884183857 5.0347360643319998275 3.0732731853211867623 0.95076296785091773955 0.007385947838920812504 -0.30983096478240007565 -0.17134233197558990103 -0.8205093851822491402 -0.54534957055190447228 -0.25824713790613645914 0.57158533623817253666 -0.77884441267885795579
-0.51798841158431951914 -6.0079625150806448275 -9.1425785579227856203 -0.14515179550244930451 0.00073157751636855096466 -0.98940912723538954054 0.98420615300413527571 0.10252852677890532396 -0.14431267991944154994 0.10133708428524770828 -0.99472979546736617351 -0.015602222845103354276
1.5476070029552226881 7.6994074351731747186 7.9738427181657991483 -0.86319861229641903222 -0.0088539082724304139088 -0.50478685010426838087 -0.26755655288655527668 -0.83987146207833629497 0.47225990534237072271 -0.42813741571748192838 0.54271312449095665542 0.72260695939627739293
3.6978351843347532224 2.1359632188412711606 -4.0619855597915588419 0.8476490121986661741 -0.01968839268292943423 -0.53019196458655259985 -0.46217058262549925995 -0.51816146703842091981 -0.71965758985245864565 -0.2605561449558371212 0.85505617433612268741 -0.44831845161178845993
-3.4257613815282574876 -7.233997907599195365 -1.1604226045274119716 -0.71704091479742948501 0.0016991492519393145214 -0.69702900900785691451 -0.16925128186704052613 -0.97049355517973123764 0.17174476102903479813 -0.67617034103324957783 0.24112107383305125818 0.69617116979994753123
-2.8049975804139828384 -1.3282770537504839936 -8.4716737161416304502 0.22505010269074735008 0.010041628752418270409 0.97429544644862997593 -0.80364287728415262357 -0.56347957167882367635 0.19143901924991080232 0.55091794041362673884 -0.82606896685013664339 -0.1187412520472617139
1.5814780450712020432 4.1238960199662866302 6.5160144067121983369 -0.075083837646182802206 0.006608280359770497478 -0.99715532789792715729 -0.98213367320614120004 0.17255144166116564985 0.075096257798449819743 0.17255684651451452805 0.98497834017386765026 -0.0064656097680048738724
1.644890926091757688 1.9465441947838315606 -7.6546042850048516826 -0.89956608830224304985 0.011991862483631505337 0.43662002703777819113 0.085948714297537309736 0.98493876472341301831 0.15002815820948534054 -0.428244873042264107 0.17248717337631105928 -0.88704819696204217916
-7.1574886739537610936 6.3336016518627085148 -8.9567358931819853751 -0.93157794006164540423 0.0093342096719803667459 -0.36342181294028680361 0.32347965099427966607 0.47748188046393813533 -0.81692837459689793267 0.16590194990875170578 -0.87859201359814453891 -0.44783101350621601355
-2.9396005071709017109 -6.0036303619970246004 9.0738211624661122556 -0.99584589588498007018 -0.0044860897041962485843 0.090944085284882666964 -0.064945370294421905788 0.73504630730552822371 -0.67489927025734441912 -0.063820455392159997077 -0.67800206571642807063 -0.73228419917249176763
6.8968485215928279075 7.6048612973640947743 -2.4035299488247234834 -0.066664162777596291942 0.010968313575995418396 0.99771518255384894491 0.87866471143497226759 0.47443305448127115476 0.053493940726605092306 -0.47276232324501382687 0.88022325174506865775 -0.041265152454212063182
-2.5463226194468457919 -1.1649464836301213211 6.0592382238746171907 -0.19278377955093395357 0.0096396210674783572303 0.98119391154225610308 -0.88785168839923622741 -0.42747660805046772126 -0.17024432142156256664 0.41779635439844919897 -0.90397501474056485282 0.090969110009869957878
8.1771510787505654605 5.4590734485294030165 6.2744611126733742523 0.71018432468063641405 0.0071833651022687079746 0.7039791362274215869 -0.11556549228126621054 0.98757322619652510021 0.10650699457506890289 -0.69446586811127253291 -0.15699529344998122693 0.70218917384327561582
7.9604682840320011294 4.2496675224582842745 -9.1830075330389817623 -0.45219814361415078263 0.0027937969213915033254 -0.89191313120195270248 0.8514809620393937184 0.29903830782602791594 -0.43076241913304430531 0.26551273076194387146 -0.95423701728192189542 -0.1376034325585542839
-4.7335597570121938915 4.040197248034907318 8.3021179739129511432 -0.88155962646721541809 0.0043619228443495519296 0.47205253797888407918 0.41144588808919480005 -0.48314508155278851342 0.77284093534556586036 0.23144093448994185191 0.87552944199514304291 0.42412650240480059827
-5.5247462227643708843 4.1820254461611652275 -1.4232498393162753558 0.94276856401640640737 0.0065205010012984983628 -0.33338403946365124941 -0.011827587165817714243 0.99983355096384762817 -0.013891671914822923545 0.33323796735106353539 0.017039760369337728085 0.94268876289166780857
5.9032598010357171248 -0.32131327382780272561 -0.52707155464468302686 0.67325117832710124066 0.0025471205455916546938 -0.73940946914288641079 0.71545971950310327525 -0.2547157856145204069 0.65056687460058459926 -0.18668219157111942685 -0.96701260629617158404 -0.17331006495471429352
0.074253590222356308237 8.5611670852990915392 2.4578407821659675747 -0.64031165963487868265 -0.00036933368919710163336 -0.76811512296563888569 -0.29301778591735544444 -0.92426104336174119691 0.24470819532684767728 -0.71002926395437115925 0.38176090333691586887 0.5917069012708240372
-3.2516679300596971203 8.6441803928434914894 -8.6963619848179423144 0.98863538447038756818 0.0042186496445532541827 0.15027401494680917016 -0.12366169324309371491 -0.54559873157825011791 0.82887261368957643182 0.085486035101286592108 -0.83803593425074274226 -0.53887652640201366694
5.4781015721094981075 -2.6706114676497252347 -0.17513563861169284541 0.20581056061651623046 -0.0073098777627200999668 0.97856455015785603901 0.33107179012319315481 0.94152696819021963748 -0.062597427703555155731 -0.9208873345439161362 0.33685832906066387471 0.19619628747543407798
5.6097497430562981435 4.313543179328894972 6.7849706582392386167 0.38234005853677349718 -0.0017763754928363461282 0.92401998037293486821 0.17581322874904528608 -0.98159021209328511937 -0.074634872008384048336 0.90714154807023439364 0.19099083751050685565 -0.37498894883978878267
5.1520654826173588603 5.3846525411278642892 6.5247356017842239595 0.051307172000786223365 -0.0096002008734964033865 0.99863677593230193441 0.40707764616738628671 -0.91291087075134214057 -0.029690605496261446988 0.91195140445761446735 0.40804604912568714914 -0.04293084789272862134
6.2175072570917775394 3.1819777434152638484 4.9481595898415351442 0.45837841342242735543 0.014615402003519123789 -0.88863694506395207728 0.88516888862327403054 -0.097264123105761310373 0.45498981194096926872 -0.079782634212018560538 -0.99515128517257933627 -0.057520873580180709173
-3.4777677764191454735 7.4226102828306892434 1.4300325266741693575 0.9772839327479606597 -0.0077383637933293837954 0.21179290006629708509 -0.20972563996367402095 0.108583742632244587 0.97171226542525612757 -0.030516728764586706357 -0.9940571857603067718 0.10449421373344414121
1.2911906913319732837 -5.9787857606444703151 -7.3485996048440611617 -0.39491701670275397573 -0.00012773409472961413415 -0.91871678639407594602 -0.39648928248877779446 -0.90205643541868496538 0.17055918676769099562 -0.82875617571741200251 0.43161808465757539599 0.35618679117365498188
-2.8486373463192360411 -5.8267034135014519336 -3.2457541057960059838 0.8414825894579450738 -0.0066784147719845124783 -0.54024295498918706304 0.48004927359933430298 0.4680592981776230399 0.74193880361246433708 0.24791076329180813942 -0.88367182379271680404 0.39706971841048166461
1.0228308564635522071 -6.1013286017402803552 7.9914705393121234778 0.51256299306923913672 0.0079766305504522117681 -0.85861257357482756447 0.055516887873549261578 0.99755668399468133689 0.042409166201645767669 0.85685299398230196921 -0.069404867135844372505 0.51086780200065295965
-5.8580280362394328009 -1.4676654944418097148 3.4840212591869836878 -0.99802833559812842434 0.0026514422637645275287 0.062708940330308007849 0.011637001033271471631 -0.97396796409863095612 0.22638680420136675364 0.061676750484834619304 0.22667018940179867181 0.97201677129879382466
2.6217977458441543703 1.9509455474942150044 -6.6253481087452357201 0.87934878902871493889 0.010712354453487898595 -0.47605771992018997008 -0.069968795333704286721 -0.98598856037752646841 -0.15142960900712529315 -0.47100963356712449714 0.16646862847564633525 -0.86627831602808880174
1.9735716860946801443 -7.036854973735650276 -3.9385951240414391883 -0.62631734505792968637 0.0050577090095934845032 0.77955179613611835787 0.77842747887298235909 0.058134199256974751491 0.62503685892270344215 -0.042157364895041703201 0.99829596536104747706 -0.040347517008858656273
-2.2204495663514944859 3.2947190607432359499 4.1691376636295842673 -0.052265843933245903496 -0.0040537404481298762102 0.99862497903189306747 -0.19536572293484649743 0.98071058260988175359 -0.0062439938506402403035 -0.97933677346468839264 -0.19542343857746058422 -0.05204962818756829479
-8.3597587244205424639 -1.4929460672491059459 -2.143010389863643006 0.65161335377451556905 -0.010841962309666608455 0.75847378928750752713 -0.75715994682596876597 0.051236799407631830605 0.65121701859586234029 -0.045922239768725975351 -0.99862767948808184304 0.025177483092935715181
5.0119561319841841041 -2.5997752289710747142 2.5561885936940806907 -0.89823520063741324471 -0.0098252321576046703494 0.43940526754788405972 -0.38567390464844064635 0.49707926037520105966 -0.77728234778472349298 -0.21078226587865644959 -0.86764951087274366781 -0.45028342482614863718
-6.523023849778508243 -5.4538051282858202029 0.66713693600541190687 0.46338380245077365194 -0.0033339884324064079577 0.88615141829570220899 -0.66248211813272583903 -0.66545980115716929504 0.34391960717369851608 0.58855152262214438519 -0.74642624388839473593 -0.31057200075673851991
8.3778893574778479092 -8.0687171965760899894 -4.8956857096624517567 0.98424336505469989245 -0.0024063881232800655996 0.1768027365217650082 -0.11815748246114443631 0.73492649391270137293 0.66777380742562664206 -0.13154393822525992097 -0.67814250555577626489 0.72306219267408800011
2.204097242327230699 5.2920022476949473145 9.1454456976597793272 0.96669086522938729722 -0.0014670130880438166793 -0.2559426087128862104 0.25529330320536175458 -0.065887074072458737262 0.96461610125935781657 -0.018278414063932393874 -0.9978260075498063264 -0.063317914025452129434
3.7164914294859112687 -8.1492379247886468363 -4.5296466982773777588 -0.97166851453934821592 0.012065135678168829522 -0.23603967961732758019 -0.15271515596077839261 0.73016883381572961209 0.66598164784300362129 0.18038397654084142863 0.68316023495587507863 -0.70763953703999438183
4.8719850740168553216 -8.0119644208870237634 -8.8291913154628556271 -0.97086519711650043352 0.0023405431319372402635 0.2396148803512065939 -0.14601187146773350611 -0.79865595053494975453 -0.58380579482009120618 0.19000342738578332447 -0.60178334517742737564 0.7757290139272690066
-7.0399017721415972915 4.1959481310926323161 5.0149142015144541062 -0.39390798397691351163 -0.0051504109701059922963 -0.91913544890075604687 -0.33775649793884920946 0.93083336964523966106 0.13953417522205396883 0.85484328871414039241 0.36540759600977890109 -0.36840228082770620777
-3.6373051554256208284 6.4635199654942523395 -5.271817014310074434 0.39036884165011781489 -0.011332104812621923706 -0.92058880661745445817 0.061529448959687468856 0.99800978046206878513 0.013805977424652051896 0.91860018200489812479 -0.062032745404720951443 0.39028918011928764864
8.2217645483720627197 -8.0346932649477604826 -7.3200782408802265167 -0.99528833369754121652 0.0061006131333461947192 0.096767325709656057398 0.044359946308724952646 0.91609301633261153164 0.39850442982511202761 -0.086216749933580416609 0.40091940330447844998 -0.91204731460844190583
-6.7865081290628630484 7.6273121699210406632 1.6712908633074472498 -0.2016964844655024236 0.0034519499418312767601 -0.97944199021476452405 -0.64673697642750427317 0.75052123476137211355 0.13582768309004605856 0.73556088223589422004 0.66083731750999985533 -0.14914499089989075031
8.1810652911018237887 6.5642720520138011508 -8.2452038693898064281 0.038730335294928086576 -0.002230288312811836305 0.9992472101247851235 0.14836150704394002187 -0.98890117786045672599 -0.0079576160649452182955 0.98817449084427821937 0.14855802314198546243 -0.037969585256928652106
-5.3911843467253248718 -2.5946334143478750889 4.1389598842968320369 -0.95026664058663257162 0.0064752159129179117161 0.31137017096559382878 0.028028675206958442861 0.99750479903707844898 0.064796367675619859217 -0.31017366934418344471 0.070301120024693353194 -0.94807702607365917924
7.9192060482915378472 -8.0483979921356887388 -6.0435053376627845267 0.97875949970973374903 0.0056351011445507368305 0.20493434891012851651 0.19610733324811402412 0.26567119799358202004 -0.94390716090245907477 -0.059764166307907859443 0.96404722923290064873 0.25892312417755464216
7.2183112346097022538 4.5801186672219209584 6.5051456845233470716 0.72474431859772969755 -0.0081406267125837955545 0.68896981273277679847 0.5754188969484278493 -0.5428646212905667845 -0.61171161178000332814 0.37899705235701236505 0.8397807649310318201 -0.38875377960448892489
-8.0694139221941885154 -5.6683946395197795098 8.3129199863427452044 -0.9011798701954594204 -0.0010728877676346555096 0.43344398769219699696 0.12017835690875341981 -0.96140958948082777535 0.24748487587102110941 0.41645168277416688696 0.27511897456587242061 0.86653190694192583354
-3.8746596138806705945 1.9009612403937981018 -2.2646678069531249733 -0.06866895140760764793 -0.0077688057516670568775 -0.99760925254832943931 -0.26829680527654553579 0.96327387723202750891 0.010966390516535504812 0.96088573690693412921 0.26840842591047048282 -0.06823135283186788913
2.8766216608621499873 -1.7590124707330780929 7.4212458370355669501 0.82593285563499607704 0.011455994525415246627 0.56365208965479174363 0.11072154196301051132 -0.98361847958879544684 -0.14225128033420450513 0.55278898155434463835 0.179898434681347974 -0.81367124508061527965
0.44954443184632647545 -4.7040059121331143643 2.749829879668121535 0.96924713204571377734 -0.0011623337340191984904 0.24608666359965811199 -0.21454914309175737719 0.48580456262375848464 0.84732673280875447919 -0.12053490042286683914 -0.87406668848209723155 0.47061530135126261598
-7.8320424427378414478 -4.6676481390927229143 -5.7063670235558259236 0.80012969124964816725 -0.016231493856468347248 0.59960738470100538589 -0.59982488476732342964 -0.018972323571850725765 0.79990634361267864971 -0.0016077295834808706231 -0.99968824617743778926 -0.02491637333394443321
-7.9753753298116096815 -1.3492282852955581607 3.9357421149227080903 -0.22986218573468356063 -0.00090834155921902569666 0.97322276508758032154 -0.80419941387843518754 0.56336945126153692431 -0.18941532172074454499 -0.54811192131391783811 -0.82620459711927207724 -0.1302278211927803131
-3.992391465419664609 -8.1382944501424905326 -7.2689549480593873554 0.72707456768948430792 -0.0041955132871016875828 0.68654567997123572276 0.18144393455454022046 -0.96325366241661647404 -0.19804161293605790362 0.66214852686709180229 0.2685605695353255884 -0.69959598973873038386
4.0024396713136347614 4.4169133100093285194 -1.5608345660032665325 0.88592479658762934847 -0.0060991752336185360572 0.46378880414730616621 -0.31107068838351470408 -0.7495152218939088451 0.58434746425207373388 0.34405273087066901017 -0.66195901097489706633 -0.66591139513406971684
0.36254622572074785003 7.3075746942774850723 -6.2620289410464060609 -0.54604583264460260228 0.011710223014494244853 -0.8376734562635290704 -0.29167594991752260336 0.9346847597015882636 0.20319827809612964198 0.78534011032879191827 0.35528477403146896396 -0.50696512745010791079
