1125 17.292696884352682929 17.968806560800352656 18.477561601407678893
-4.3366136273541062707 6.2191668916936135858 -2.9750627658265726971 -0.19044098094741032656 0.0050552083792852709962 0.98168563076169979009 0.6929681199862012253 -0.70762302655564857101 0.13807547563212874131 0.69536135746739391461 0.70657207499061203126 0.13125732507144538541
8.2789753054173580438 0.78235299533944901995 7.0550641575869432742 0.39116079335877701473 -0.0048531984958260733151 -0.92030955672712921878 -0.67801678208427296202 0.67467254976905144392 -0.29173651434109781899 0.62232345042647607691 0.73810121057507682707 0.26061489979817431539
6.5984016212012948088 7.2716047625550626066 3.9832884013050464667 -0.78220121556159072362 -0.0023221986985740598539 -0.6230215612378492418 0.023512836446958947784 -0.99939069064447216828 -0.025795231640130186768 -0.62258204671860728485 -0.034826065616791815338 0.78177921452147447479
-0.53064639429216275968 1.7665763726564844838 -8.0386405825410101045 -0.71897313256194483877 0.0071222029854380534269 0.69500137329285782695 0.17243211261935745271 0.97051386135709560854 0.16843399731546343512 -0.67330884532427837108 0.24094007374985554337 -0.69900148760192526431
1.9873892050162291767 8.6139302855809329884 4.8060145061926009546 0.92507911631607786518 -0.0019634372676594485929 -0.37976936878851630386 0.078849908050836331475 0.97918883847738813486 0.18700778219724403795 0.37149874906442048594 -0.20294177370876306798 0.90598196225289973071
-6.6556974518223928072 -8.3555535232178677063 -5.7533005330699920066 -0.48660362182835287248 -0.0077434375512718429946 0.87358854983236167158 0.65575441599423189842 0.65747644568771357321 0.37109415148988367239 -0.57723743912477787354 0.75343530746889952887 -0.31485262636925359647
4.9606464124980007568 2.9511053533232587398 0.48162736536419659128 -0.74110904585002512768 -0.0020379724212625984631 -0.67138158213315535239 0.62840245066509359262 0.34994666097227528079 -0.69472850414547138165 0.23636358043764707504 -0.93676741037620447905 -0.25806796914781149344
7.7785992454849148814 -1.7113092578053079595 -3.1415129878311645051 0.74878047805204861476 0.00067965971713307969139 -0.66281772287028983826 0.55980560919576904944 -0.53607109888022919097 0.63185873172601336734 -0.35488797612952971416 -0.84417256234025117578 -0.4017800510112079504
-6.1879462059311034494 -0.47557100436279625688 2.7513073322173231539 -0.032105267532529263574 0.00068091664902072295863 -0.9994842610812172401 0.37785399727430307726 -0.92577715096086521385 -0.012768065734589752191 -0.92530838564264417112 -0.37806904542870872765 0.029465036029458380185
2.3628197977723397472 -5.1136746654579638971 -8.4458778031305747902 -0.19372296626540155828 -0.011911923557059224746 0.98098395421055006871 -0.95854183147413840604 0.21528884094256489634 -0.18667691951598769373 -0.20897121729019851877 -0.97647776269763131296 -0.053124469893965201028
-5.0874182007602986033 2.837612593496317448 -4.2305255975081559328 -0.89609607802498381091 -0.010426300182592438889 0.44373766035002137897 0.43515978727519494251 0.17633396503417564372 0.88291692265684629248 -0.087451577956500006761 0.98427517749863080443 -0.15347506792018908439
-5.6882618462635043954 8.3289383598980570866 -6.2296746063276264849 -0.73633344843223980103 0.0024838685355682522601 0.67661427942111218581 0.56752744949825417731 0.5467497907882475916 0.61561128997051162148 -0.36840961820459583453 0.83729236033185849841 -0.40399982245579907358
-7.5934840956813438595 2.7791147764446635371 -5.8463496260566580887 0.042858741585538921715 -0.0024530720845840460823 -0.99907813043181314949 0.73201089948179443034 -0.68048969864096253701 0.033072845111873215573 -0.67994350596940889009 -0.73275354143201165691 -0.027369256642585122058
-7.188611692978785328 6.1224868591417278552 -0.73904064909888789181 -0.48445243818845284967 -0.0028858769372869914026 0.8748128410395414889 -0.65754067130684801246 -0.65837820849459693928 -0.36630369934877821114 0.5770148184498057331 -0.75268174303205359621 0.31705534689654729652
-5.0468375340799438433 3.9345493535551594455 7.6981476940836461864 -0.66080966927891504614 -0.0052956366455552831077 0.75053483411491694888 0.74770562495696046845 0.082383997598742292334 0.65889997370442376923 -0.065321354818023952271 0.99658659090514500889 -0.050480564899292167114
7.730655937274092615 4.8839227901189863346 7.87145128909788383 -0.8431206088423247591 -0.00036145407370342307008 -0.5377243794883547201 -0.52374317099192069236 0.22710390143906947213 0.82104622816890238113 0.12182253397688469487 0.97387046741442673259 -0.19166528875435853707
-2.5804165507501974908 2.800436666660109708 -1.1389149030256053852 0.81996792156947806429 0.0092202085363892495595 -0.57233521239866791408 0.35715390835419391635 -0.78960524180444113806 0.49896357368238675178 -0.44731833557788791556 -0.61354588244821728349 -0.65074400249732156087
5.0504606736112247489 -8.3618369693138330234 4.6941748908514799865 0.97052935919547345112 0.0030283870475996624988 0.24096388072010915815 -0.049051295637596366295 0.98147045937236931934 0.18522879845137563137 -0.2359379862085515811 -0.19158957761661538077 0.95269444231218769481
2.3000988676987810244 -4.7444388305037996645 5.8946713997477537816 0.24025029805816960904 -0.00065839876907111509474 0.97071075032359210866 0.24143218633899260483 0.96861654143808928463 -0.059097335401999129267 -0.94020758010257687864 0.24855897119823616714 0.23286937143884400836
-3.9580161892712926175 -8.525290167417335141 2.5313035623854642786 -0.90047773265972141932 0.0052603541052212588608 -0.43487030441117568991 0.42045179140078092761 -0.24508643342721814218 -0.87358624717769972623 -0.11117618491318689844 -0.96948696165799008728 0.21848315057125888838
8.4851562328397420742 -8.2476314287119656399 4.2827822658827621183 0.43032958884520156051 0.0018912925503016455447 0.90266985547131406431 -0.15801198146172695802 -0.98439969614792743879 0.077391549527725755908 0.88873430150909271674 -0.17593652615716595666 -0.4233174696193162112
4.593302415626278723 0.59509372316390884983 -1.8011611446714861362 -0.62026523999154725697 0.0041331621920865238909 0.78438125234386157913 -0.69101004599252136007 0.47032405168654289884 -0.54890837372262657468 -0.37118209600644563873 -0.88248410941822241771 -0.28886960419670820732
0.14921830341837508116 -8.2543923482414740533 8.6945303914280600566 0.17077354054375848413 -0.010479550505824251211 -0.98525457465142873836 -0.067047907543969359478 -0.99774924714107626755 -0.0010089219123952004875 -0.9830264370525929607 0.066231554795696215288 -0.17109180344273050567
-0.88509660595850891962 -8.2748968239694811189 2.5235450799791827592 0.89205121946537224709 -0.015720988107987471372 0.45166079349812704447 0.029253215247460301329 -0.99529034219005130257 -0.092419609072464187216 0.45098655328974024403 0.095655555386675916729 -0.88739007402357483745
1.5694451091574213031 0.52915728198814016014 0.84172943908026576221 -0.84903259018743248987 -0.0053752773649307639126 -0.52831313365550558458 -0.5130300826485560961 0.24736651256722499981 0.82195495178136757097 0.12626874156862011311 0.96890707235206663395 -0.21277990988136394335
-3.5779315787370666868 -7.3785395871953820546 5.6675607049947078764 0.53385285236620760863 0.0031039090108385359798 0.84557169877499427368 -0.83950971233142368533 0.12152772725968795375 0.5295795071645722496 -0.1011166401829853706 -0.99258318404870560236 0.06748368560010852002
4.4150727656912129859 -3.9839812680482173946 1.6657028409323624274 -0.87010359098725142957 0.0020149109628894751496 -0.4928647695715864252 0.47598330118574855296 -0.25607340385227256307 -0.84134791188418156516 -0.12790480031440459863 -0.96665523945877218637 0.22185132427659789989
-3.6197935258553242122 6.2699710203770040451 3.1499064633547000369 0.51459480798273216084 0.011785894542546920469 -0.85735248077281833723 -0.76558411711373375308 0.45657035442588078666 -0.45323776440453572567 0.38609991352044514823 0.88960924239189564933 0.24397182753414523027
3.1459685233298024798 -3.9103355663183432256 5.7413490574834771252 0.34199956953309257335 0.0027860362137836760729 0.93969597872969456986 0.92726276350221448208 -0.16315933686020681059 -0.33699079841636320198 0.15238130417166423358 0.98659579808419584079 -0.058383810610275567454
0.99629186995589225084 -4.9710414603527359745 -6.8674444580164584195 -0.56961826850652075294 -0.0069910739678195558261 -0.82187964634039556433 0.29509393988920412655 0.93155090704412313318 -0.21244404963654531238 0.76710794209447230596 -0.36354371466171525595 -0.52856539113491318727
-8.3350011182273320287 -2.4124238516400273724 2.576580046308808658 0.96650272860526631469 0.0049573875514587664032 0.25660845642153112811 0.023947420776025390293 -0.99719364254193409991 -0.070932082390483180978 0.25553668354386921413 0.074701161856598530253 -0.96390909311029882023
7.7610199181749619513 6.0590844173253035621 -1.7792647530555865121 -0.75202841673567633052 -0.0094892095289978370398 -0.65906237589807636912 -0.38506435755640078256 0.81785030435105821045 0.42760533230123431991 0.53495672812066796808 0.57535279140314610213 -0.61870062587891561101
2.4684124697017284511 5.1551750561948788132 0.50793627106122918313 -0.83014242037801644347 -0.00067364784229132206733 0.55755099146815634281 0.35019658691509203408 0.77750417493042522921 0.52235008229961532589 -0.4338501036092641816 0.62887741584825684882 -0.64520328845561503162
-6.3451410002929433674 -3.9491375018881424985 -2.3356678934333143793 -0.61178570926997666302 -0.0042884236240096906823 -0.79101191859281394514 -0.67856202937596477032 -0.51108440805379307115 0.5275853486722558161 -0.40653636765020262356 0.85951982947876237606 0.30976417564087049827
-6.4500492922916254912 -8.3463140265480451063 1.2866418276387461272 -0.78033331479618606163 -0.00042878118129422750082 0.62536368136091724512 0.24937508786621076506 -0.91726497910684190451 0.31054311078367646815 0.5734910490759956847 0.39827725801304175723 0.71587934903789141039
-1.6235780130395209842 -3.1264380170486929522 0.093066847395317592317 0.81402110650270398384 -0.0097914131515906832615 0.58075275840647111458 0.38935800018449606696 0.75114595315967325195 -0.53308545726185907476 -0.4310104243060791096 0.66006354639540665286 0.61526102497973422789
3.4322835128825159856 7.4615356184176011567 -0.88358901096783482032 -0.31782366435332781718 0.0057125781572602302855 0.94813263039954109868 0.21272617746351174528 0.97491843986507975561 0.065434005171184236871 -0.92397818794551100918 0.22248910549023678818 -0.31106736591828459959
7.3449124494087376647 -2.836753444799120949 0.096510471382883780689 0.46922577782048152661 -0.015090434691134770734 0.88294928971571950971 -0.28227334292583572406 0.94483528962134644136 0.16615665908921325999 -0.83674902408192197711 -0.32719803524330298705 0.43908144623832745523
-2.4190664353312829604 -4.0563966817451024838 0.68399086608416392874 0.84991889261855135818 0.0039706869920035229096 0.52689857621278612942 -0.52669779239385405845 0.035014859933890689347 0.84933114570864964854 -0.015076851713341997072 -0.99937890373403970301 0.031851143053201101674
-6.484041267689363508 -8.5044675529645754608 3.9169930966416042217 -0.25562325689035408915 0.00095497611284043443756 -0.96677600226604321065 0.24092426090659935234 -0.96838769751983599932 -0.064658857077062301122 -0.93627573451592194242 -0.24944810144111917438 0.24731234025833773171
-2.2097798258023413354 -5.9968440859808280763 -7.2316174018808201396 -0.99871749019647404477 -0.010238283705249026645 -0.049583790923873626022 0.0054698871392338047071 0.95178914932497959978 -0.30670424770857424024 0.050333439285237466243 -0.30658211424408948753 -0.95051246815341650098
5.0480627468047298834 1.7137788698221114725 -4.0237600425023956063 -0.10613694058884309834 0.0059674516372048413276 0.99433361572633960357 0.99101978959908498812 0.082426332209578123678 0.10528853869993259895 -0.081330968674318604439 0.99657929402491551851 -0.014662341390612482206
-4.0989690614804086266 5.0023586664485817366 4.3337774692216122219 -0.73497504912429412194 0.0037567195859516781808 0.67808374425488571191 -0.46551086520954881864 -0.72991503263284251979 -0.50052340555503149755 0.49306319223488559444 -0.68352756505831202549 0.53821813075061997189
6.5461126997000160799 3.5541891017242379647 -2.0514870337995638749 -0.99342924545133182157 0.013577686995816344584 0.113639696838661583 0.10603069365796477519 -0.26456240940462705247 0.95852189517638330951 0.043079302271056552076 0.96427297895660846194 0.26138438317921353082
1.7574083415298478172 2.8081011334858021478 -7.244888724068161423 -0.66523133981694859695 -0.00052498069183542161141 -0.74663711997226778205 0.56135528341580931411 0.65898842959800585373 -0.50061411829567625809 0.49228803591632358527 -0.75215289273593721742 -0.43808505526043772793
-7.9119869343152409158 -8.5442426334770917862 -8.4655891528068654139 0.54921733691099228203 0.0070956370738117762603 -0.83564942934870456437 -0.81748457951650821407 -0.20296696054712368151 -0.53900220331523629458 -0.17343378877444010078 0.97915987706838514271 -0.10567239966308610011
1.6607077391511939624 -7.4005419730498847031 4.3709365277792793236 0.04265083100668584648 0.001944888998450951343 -0.99908814627212350068 0.91943846216659974591 -0.39134579032263316911 0.038488786492108253978 -0.39091408378738790041 -0.92024164750538162139 -0.018479428918042502261
6.6487292333818350798 -8.3502242404983721968 7.2112398690372643273 0.98586414041012038201 0.010626025262962138923 -0.16720940236958678482 -0.14485039329992996371 -0.44750169182025995029 -0.88247413524640283544 -0.084203682903742790855 0.89421995247538066387 -0.43963668680005152378
3.9895734228712744773 7.1696728992259375346 -6.0419623707809835267 -0.99993581255015506759 0.010027102543686734065 0.0052752245637618083024 -0.0085942403564821558126 -0.97465468852348102757 0.22354949602225990257 0.0073830760742860475007 0.2234898104023411991 0.97467830325396154212
1.4975115122109738941 6.2296369292035356224 -8.2551295829893618361 0.1585121862686721117 0.01187344688599672321 0.98728562638330286116 0.80491778402905900247 -0.58065695034950592923 -0.12224920026060093203 0.57182274155378387537 0.81406174659524654924 -0.10159835122830283838
-2.8527012322176110715 -8.4532230732317916733 7.4430902969611336673 -0.71611133456216713444 0.0011812869169829411098 -0.69798507224220318612 0.41484575174054605373 0.80492806718955889345 -0.42425677238377818012 0.56132660615226370737 -0.59337122546670906242 -0.57690816428067437371
-3.4769583485643575926 1.6377599322566411821 -6.9662024620065032821 0.99950668931910569004 0.0039100548921817239456 -0.031162308600061566083 -0.027477282864021707054 -0.37169083270813402242 -0.92794984983382566845 -0.015211079282745895019 0.9283483378299607347 -0.37140003596598197833
-0.54734320278054438003 -5.0071633728747331205 -6.9202157156971768615 -0.63990492475317817256 -0.0093071783891995659571 -0.76839772494921054768 -0.15482532364074097497 -0.97786004475985877082 0.14077944460008437466 -0.75269569311663953037 0.20905288635373750483 0.62429647145494315819
8.2695997657932114322 -1.6126923072170555873 -5.1901054894719678146 0.99974270232110440393 -0.00069290720449466879603 0.022672649500638217962 0.022016357677859966363 0.27022559610466495572 -0.96254527540499834615 -0.0054597756705532622667 0.96279678390060985382 0.27017132297877166636
-1.6800711071859435464 7.3837163071323814734 8.0013800006271615928 -0.36220559683562181252 -0.0020989438620990143874 0.93209586419825474213 0.52525042449011394297 0.82564478143347097561 0.20596768305793883291 -0.77001240067539344913 0.56418639590686858742 -0.29795068967904930757
-7.6886782430818856326 -0.89685437954477609246 7.8815227771590512518 -0.42578119629490857045 -3.0401568423862445484e-05 -0.90482615565511925748 0.082143767141909379559 0.99586930445150279034 -0.038687594530477098509 0.90108977044520877087 -0.090798279314948701635 -0.42401992650344455527
-3.0551176521692715582 -4.9720956027910734321 -2.3927157899693369814 -0.33257248535265987455 0.0034094600824561846833 -0.94307153364336337997 -0.13170124658903267778 -0.99036229636520156649 0.042863779409556351796 -0.93383634735069609434 0.13845901025334794721 0.32981628044473865202
8.6300408386060158961 7.3874972923499742095 -1.7856415188944483319 0.74657742398657211957 -0.00070782134884624114436 0.66529816547361153578 0.62719362709252879373 -0.33282170176576153509 -0.70417176098466272016 0.2219240954204276528 0.94298950886134758065 -0.24803322771216831932
-4.4611672529430244083 -1.8049737937109870956 7.1642101403388096514 0.41855903527837667877 -0.0088633962140178615408 0.90814633963596780308 0.9053997038456583768 0.082391068651284760094 -0.41648900115437714753 -0.071131640378240906797 0.9965606614821470588 0.042510442517408937591
-5.7313869167193534082 -1.4989353310984874224 7.0703745236643076311 0.31780144082563188679 0.010698687728091408472 0.94809692663248379407 0.94345801317985678036 -0.10299965449241541005 -0.31508419278255045404 0.094282668481724271614 0.99462385315031109911 -0.042827201269806922102
-5.241874605472776949 6.2626492927869890082 5.9076328021861019835 -0.95993155257416507009 -0.014002668962028527386 -0.27988451124504576395 0.14788289077333052757 0.82305090525656843248 -0.54837747763079147667 0.23803794863303606721 -0.56779497410455470607 -0.78800177816588767854
6.109198868525866466 -8.5979062434939095283 -1.4429647334296284988 0.66683239651370651568 0.0064827538826831166557 0.74517952794063380129 -0.70139944499408124479 0.34325991699128743928 0.62466907074796940158 -0.25174068706071645041 -0.93921808079332036456 0.233443833049908539
1.7117364156956853538 7.4124052865432563664 -2.9488969141166130328 0.27509748761364438696 -0.0053201275923377274943 -0.96140161667779666654 0.83616744789650943037 -0.4922058088869636916 0.24198644750518635838 -0.47449485917859873796 -0.8704625999665394076 -0.13095606390239822314
-0.99914869185590138301 -7.139126233712373093 -5.5516210175675508864 -0.0066290189120559129751 -0.0045339544677109443888 -0.99996774916236907949 -0.70686368369195551331 -0.70730575698890585379 0.0078929593789217808442 -0.70731873210434126342 0.70689320932313615131 0.0014838554830446555599
5.1945379760404764014 6.0475244455676353539 -2.9577476394124482262 -0.32826381642017987694 -0.0011284869104792680933 -0.94458540818006309081 -0.15100617671351651561 0.98720089031431590421 0.051298506380246133851 0.93243766624017587752 0.15947767454976091717 -0.3242327403217998838
1.6316822136552850964 3.1789477263500942605 5.9878440640531156447 -0.14694355272483489161 -0.0028145842524415825778 -0.98914087491522395545 0.8616231391447384258 0.49077706734998888249 -0.12939643060648992057 0.48581185494282519421 -0.87128063692390145256 -0.069691414953279309796
-8.1473740893205501834 -3.6742297433700077391 -5.5772159442792199613 0.97055106861175199917 0.0042839888439901033582 -0.24085736579182012718 0.0005545841705938032995 -0.99987894500416707455 -0.015549526475936520375 -0.24089482280235097189 0.014958033855422509656 -0.97043595438871110836
0.44200430144505770125 -8.5070720142841551592 -6.5745437249369738097 -0.66718724835781273441 0.0038038370354422567851 -0.74488033028980404904 0.22302770985737263576 0.95513213337496294386 -0.19488778420042759953 0.71071781760736807421 -0.29615559866157181723 -0.63810034094725476272
-7.7006821161825156352 -3.9502211826026805142 8.3580100948569064911 0.96192554752874248614 0.0026080034020219671625 -0.27329917550104615431 -0.06878739284319669578 -0.96545597447406306113 -0.25132261326377519639 -0.26451377203681575301 0.26055318011903344511 -0.92851736910646742729
3.5348572538799638565 3.970889970776373179 4.6874887096405730702 0.99380285887252461929 0.0081492852648541551364 -0.11085786776851937196 -0.036940865179608831093 0.96483814856680216732 -0.26023589212414383054 0.10483916337075191438 0.26271835912162450066 0.95915995204339354885
-8.4467948919843571787 -5.8085110455437156673 -5.6577166761863386668 0.12498301517808461936 -0.010721936659283151996 -0.99210094546452598507 -0.99144994686371334947 0.036444456844899976444 -0.12529486992544322521 0.037499983751949843291 0.99927816029360050365 -0.0060753254280476575583
-1.6642691402773939213 -4.181552532595144811 8.8007781587347881924 -0.03045250618471903245 -0.00891131400270782012 0.99949648991363360118 -0.8604542204451918197 -0.50859898301272676857 -0.030750756024718974013 0.50861692793764556875 -0.86095741065449538088 0.0078203359323855432123
-6.8152726461425192639 -6.5542757991867341971 4.4895689507280671648 0.30284032339457683802 0.0016635643842396767231 0.95303985807489177695 0.22341848389439425415 0.97200835629908854951 -0.07269068949299006821 -0.92648363157716506766 0.2349403920959194092 0.29399165393137088875
5.2143894362689904298 6.0847206304088299333 6.5206475028527943749 -0.90955368970600836143 0.0040117099130884507907 0.41556707247599367072 -0.33726361642258678719 0.57714899599391211726 -0.74374208530982133247 -0.24282779614396746148 -0.81662901161250844861 -0.52359499502279260863
3.0457951429770302454 8.4599988659094744747 6.2488251361134850015 -0.97135375909097498859 0.008706264324616729347 0.23747857937414254548 -0.19463612794548318385 0.54419776488905891032 -0.81606713595632729419 -0.13634020829672233166 -0.83891179134100879455 -0.52691399103697011963
1.3191133573532585199 -7.4953239627468581929 -4.5886443214935388468 -0.1127732075285199087 -0.0066167289404069351555 0.99359872310799457473 0.11572994529376590123 0.99308437286369100061 0.019748623656332311288 -0.98685803610552347287 0.11721624150335699377 -0.11122755639594045229
-6.9317917019289527758 6.1955291129023359886 1.1125380862235243473 0.57290481717363606062 -0.011572203699515191955 -0.81954020923952830557 0.40158267178899276217 -0.86769432374696964239 0.29298108856385995935 -0.71450082447679330588 -0.49696342384407160564 -0.49245906142892925672
2.0221555585517569931 -0.62751699500343671723 4.724461745436165927 -0.59642218693258197693 -0.0047959301108413537884 0.80265657288081904142 0.6771736257640101897 0.53387689941318983156 0.50637075038208856359 -0.43094832115230080616 0.84554861204280662434 -0.31516835051870500939
8.1771933366438780411 7.3359413709377774282 6.0774110819411379936 -0.78084984503939547373 0.0084128603643139690527 0.62466210328684823594 -0.47691933632610994387 -0.6538779828117375903 -0.58735979623412226669 0.40351142008674967254 -0.75655324159942827222 0.5145927773345732037
3.0294178271406755343 5.2192839923004301639 4.6301419586926781946 -0.91441623996532450658 0.0086142840491983257989 -0.40468349879619036624 -0.36430785363636009055 0.41822441029026136139 0.83208661232836067523 0.17641634807043227173 0.90830288821934279664 -0.37929294138695301974
-5.3624969172608869528 -2.7979966448340265472 -6.8991942571028168629 -0.26382456313095425937 -0.00058240306923016391984 0.96457050581877956663 0.38644435244238450888 0.91617213143797049391 0.10625153195183087429 -0.88377449745639136136 0.40078458850531339941 -0.24148364595229374063
-4.3911029601673972067 2.6360354188984662649 7.6847912598316980848 -0.83058514139189165704 -0.00076159601900318511097 -0.55689114095174296892 0.037520931032159372809 0.99765021532533282311 -0.057325627741578302765 0.55562622565313679601 -0.068508888715182736373 -0.82860486936378952016
1.1816238922959798607 1.6235763389889863451 -0.8289751606669821804 0.2780842296373072231 -0.014818397865360504254 0.96044238573261631053 -0.1001883884934817448 0.99397982039412557942 0.044344147982609855019 -0.95531745929724531941 -0.10855658309814900098 0.27492548122724569382
5.4733310573321087844 8.0983174813343161702 -8.5426164823830514905 0.066703258942909474105 -0.0080179747986971160179 -0.99774064131239759146 -0.23354718937789822886 -0.97231418300541538891 -0.0077999910103359239993 -0.97005483637769462923 0.2335398073267538066 -0.066729100201701252448
-1.737137855689914856 0.57390979888449322743 -2.5138698022092449413 -0.34907106110507241103 0.0094673798735043137448 0.93704843152171224396 -0.63619448839989356514 0.73179920739418047315 -0.24439004273281578206 -0.68804503284921925133 -0.68145453903828279163 -0.24942683094579093384
-7.659150588006589544 3.8860354405714314652 0.83731548512404752049 0.88685339848114930206 0.0013141265265788045283 -0.46204904790923861935 -0.27253763353695631411 0.80900223854095731912 -0.52080573762346737965 0.37311430943938933558 0.58780409245499631865 0.71782453356259523503
-1.265604033457156552 -8.4580486205860889726 -8.8806458420316580771 0.032328190389145236572 0.0035424173854567836406 -0.99947102978786284133 -0.88683268150673411068 -0.46109494218213115113 -0.030319124424295882531 -0.46095843968610045183 0.88734373586190051775 -0.011764833569534803581
4.8569584090709003732 7.5243755178490712154 4.02284381899272514 -0.23807345134577062584 -0.0097357122665100038345 -0.97119835650142782857 0.89731894826787672592 0.38045051676183494482 -0.22377691877247546381 0.37167154430228915851 -0.92475003119904053417 -0.081839128500137511835
0.18012428592399248872 -5.0937216221069494537 8.3860335761139737087 -0.99734417850386714033 0.0030337946686902722386 -0.072769400809323619983 0.042329121311797293647 -0.78892164115319696194 -0.61303416675523492163 -0.059269174898893349501 -0.61448632223199317615 0.78669798823706960089
2.6463903918019706651 8.3874698608782924936 -8.1141280924131109487 -0.93467433518629772227 -0.0035978375129698536572 0.35548690933644611079 -0.20377532508518411691 -0.81395191462232507895 -0.54402012607001848377 0.29130654649493570307 -0.58092111017589420641 0.76004681416418096163
2.358841885137995309 -1.6899418316092640335 0.43710659868074513978 -0.97103644173304926035 0.00065504510165068086103 0.23893053329843072508 0.013995670095192831034 -0.99812325612504382288 0.059616162245845281953 0.23852117315854409751 0.061233458976748672553 0.96920488724362985344
2.1686851815555123757 -7.3855986236455670735 -2.0107623586799872051 0.87098314047691705042 0.0011635609546189343635 0.49131152554263196608 0.48876749715574524524 0.099607942897279880268 -0.8667090581249512482 -0.049946999200007870245 0.99502608198866593359 0.086188128145615619524
0.36176303624192773789 0.56387670029056013998 -4.3500516662505797072 0.99862193854060665732 -0.010368201071359151727 0.051446324181132763176 0.0086365190423538934494 -0.93445807618246223836 -0.35596841769537179712 0.051765185250705648967 0.35592218849665996361 -0.93308079035628921361
5.801744887480737134 1.7625364525146567374 -0.0156802997393893917 -0.86221470168429081848 -0.0013276328277342860917 -0.50654125754055789876 -0.42034463039794672801 0.55988948503373547894 0.71402671955907959234 0.282659158520017606 0.82856623268149276473 -0.48330300864488201507
3.2140614538057188376 -0.54944237440776710901 -6.9833205817864358878 0.48688730351367953686 -0.00045729908164127532413 -0.87346467848131581491 0.51739291228169226322 -0.80553298408775764194 0.2888272595641328544 -0.70373668939281974755 -0.59255075936524026492 -0.39196717921020518549
-5.4116901803443546726 5.9909447370486876849 7.5357693884959768837 -0.89733549820632485527 -0.0071418997708136543884 -0.44129128353843338761 -0.16835674773062095366 0.92980360455342814241 0.32729384725846411008 0.40797672623908792788 0.36798675278783321563 -0.83554816774368378951
-2.2956940226980013797 -4.0275148884832008278 2.2561912199903573217 -0.93901760356271013475 -0.011463203182707283265 -0.34367795270027812204 -0.28146339512670059957 0.59978220248194280551 0.74902581183150829247 0.19754568434503982921 0.80008118622964696787 -0.56643251852094589349
-3.6543470440807865884 4.8851632098325916687 -9.1086528123371763854 0.69122981960509843891 0.010784641621342946904 -0.72255451558604755213 0.33243518081145589926 -0.89254914663595541491 0.30470128223936088219 -0.6416293221536875091 -0.45082115339065020887 -0.62054177990513836871
1.7666711347474883809 1.9613172386983934725 6.5398725589436876859 -0.97668377053822641454 0.0035017802809206139379 -0.21465448959171365417 0.18987779029292545241 0.48065117531630419112 -0.85610797941648109077 0.10017603066851313298 -0.8769048894844966302 -0.47010911252341863742
-3.1159237848518088754 6.1370810623335154688 5.849397832126771668 -0.66425617107254708582 -0.0024540084841894287127 -0.74750098129315711848 0.72138985627871310413 0.25990990044814882287 -0.64190616051499327366 0.19585814879679769307 -0.96562975383484317415 -0.17087645846768995117
1.8157191456196861701 3.8505835610937868552 -6.2471186955433637422 0.99760424571692274398 0.010297430215867096545 -0.068408565678594421278 0.038787282951678027365 0.73555151880875069281 0.67635753108819007817 0.057282768861588687082 -0.67739052702945068418 0.73338990876744980518
3.4382656643326319212 1.6533951906100237128 -0.94859684255552678689 -0.71413421847271074672 -0.00061952497720261297687 0.70000852437334915024 -0.21727616720369363756 -0.95041255268625057795 -0.22250179069339942606 0.66543473396847097057 -0.3109913115914814119 0.6785875175266260495
-1.6542926549451963947 4.3717060473047748559 -3.2634267090712794079 0.99275588847136997384 -0.0052490614717241295545 -0.1200341337248715945 0.056015592649530057678 -0.86360445618305026194 0.50104849729399236757 -0.10629204714144770139 -0.50414262923716079978 -0.85705437989678756594
4.576596455897699478 -3.6946361063935690972 8.1263231711860726136 -0.58104269322150303712 0.0017259398362242054509 -0.81387124889975759334 0.7934002642317700138 -0.22168131699785659228 -0.5668980635098676002 -0.18139848227383498225 -0.97511764153136459843 0.12743694834332361387
6.4789428905282004933 -8.4892224875438113685 1.631189921876692317 -0.080993258338207668734 0.013449637984170752236 -0.99662390064758799024 -0.27935112131343087238 0.959526936715420109 0.035651209495737516686 0.95676697430693258273 0.28129551179427769725 -0.073958041615551792236
-1.0770935170192172947 6.2498821358184137864 1.8346272921054249672 -0.84181485419152934924 0.0046061080071571128269 0.53974673230286196457 -0.52924974227164234275 -0.20347424221297907843 -0.8237068307726131966 0.10603047471335334817 -0.97906946460655286391 0.17372542101577501117
6.0412204831785487613 -5.0267946842691850762 -0.69246590196386603733 0.39171692694868393003 0.010241236466296710361 0.9200287855373956436 -0.078680234390357373098 0.99664809521220365518 0.022405245503492914744 -0.91671547922903051653 -0.081164594408186546692 0.39120971199157483777
-8.48017358420727696 4.9701629396836324304 5.2818966504335884693 0.80317808231005638486 0.0046486073071942482504 0.59572087301608267484 -0.57546857566624620706 -0.25257615598498822651 0.77784394569135695274 0.15408077919635851383 -0.96756585092601632425 -0.20018850517522157606
-2.6690998599779556244 3.9449316056026977328 -7.193170619745649752 0.48212786571708676764 -0.013896160349284978827 -0.87599064939451398715 0.85910798688721390359 0.20347383650566405744 0.46960820342507370029 0.1717154272793390557 -0.97898176417401483462 0.11003870886690828024
8.5177439024877710239 0.72133573670499728792 0.83271375508247857944 -0.84951518901190048449 -0.0022594685367010860708 0.5275593221999096416 -0.032766232264449614286 0.99828621960093877341 -0.048487088778961996705 -0.52654564632239442279 -0.058476649673112501837 -0.84813334080304914053
-8.2529804392861745299 7.2689549318276531764 2.2636976974252269734 -0.19527405039029163691 0.00099868474962521184765 0.98074820819258456961 0.76139793635302099872 -0.63015530306212963474 0.15224150728431817825 0.61817572563293210486 0.77646847756448289513 0.122292581896331784
5.3612138469220074199 -6.0876685565899526509 8.8791064911474055776 -0.5222635978965955994 0.0030859113749117060566 0.85277852427388411982 -0.38550275557945412608 0.89113142548492163542 -0.23931654341801694708 -0.76067625160274698892 -0.45373479000847904974 -0.46421587713415007892
-1.0698459235934172362 6.1673099059463396543 3.1339779105189622399 -0.81563779066335062584 -0.0094628410882414849131 0.57848547871190991732 -0.076227465300698904471 0.99290759912088433214 -0.091235262599046101917 -0.5735192830025336308 -0.1185114097722252402 -0.81057428887036087062
-3.5571727309467719991 -7.235614538807174867 -6.267189280685382613 0.45218029376618046333 -0.0090986197199044646644 -0.89188014724429254265 -0.88555093820631314294 -0.12392675904315288149 -0.44770715231559354841 -0.10645429897811448106 0.99224965281519594829 -0.064094529539079236891
-3.9528753966278498133 -4.4222057854671277255 4.8617346124811193775 -0.52763271244973586338 0.0020797134231102590296 -0.84947006748044007196 -0.81147091092953094194 0.29451841496388830866 0.50475128921313983099 0.25123431586499123114 0.95564354130561934841 -0.15370992320784920837
-8.1239124647800249335 1.593916017828957532 -1.340043856950750234 -0.2069384946905750422 3.3171167707119267321e-05 0.97835395349262477271 0.79563816080296889677 0.58193186676844022021 0.16827126764060126862 -0.56932976076195218607 0.81323754299660455658 -0.12045049676828954721
4.7213491235522795364 -8.3862730828942897432 0.94845686397167583426 0.3417113872621824755 -0.0023915400902705680891 0.93980189846121142683 -0.65239300814694245467 0.71919629595946099609 0.23903985190540261163 -0.6764737176980415434 -0.69480282700486206693 0.24419733997261605651
-2.3168200381145878097 2.8530366066963930294 3.9304304578921684943 0.1168580846166821785 -0.0019347645867771427752 0.99314673877820758285 0.99198077975342002777 0.048708397689266616504 -0.1166260030799418923 -0.048148942455513155103 0.99881116767914068788 0.0076112193421893261508
-6.5903907641440495624 -4.0148853605532810462 1.9032271772497584283 -0.65558795818676585121 -0.00055999931394852802552 -0.75511861020731207983 -0.51856522620723743966 -0.72657540179909441136 0.45075302735439248814 -0.54890302900347365256 0.68708650976507046337 0.47604368796324814106
-6.6255858439363075618 -8.1689809172496801182 -8.4815069161277101273 -0.39706364244388447915 0.00072014040287510846378 0.91779079601338142691 -0.82423962576672882285 0.43957487092456176692 -0.35693552942687578611 -0.40369481438936000162 -0.89820566367019782916 -0.17394563111998426197
-7.8250705793931487619 -5.208383713401722126 6.5517233978969189323 0.9939974915807160416 -0.010159742738342910501 -0.10893009849768994779 -0.095256552073717443152 0.40932549556327574303 -0.90740224154955040348 0.053806839883735149699 0.91233185755493750868 0.4059007337666082349
-1.3569994137104079979 -3.8946871825427140656 6.7938472057171050977 0.82411816927617165263 0.011111599118266281966 0.56630890460374128104 0.20161263455635330955 -0.94008226433975028424 -0.27495032617033365874 0.52932181955391677253 0.34076658967537620804 -0.7769791134290736645
5.8023765571614278613 3.7365157509603204034 -8.169173628561271272 0.52223115217216486972 0.0011151910641986340078 -0.85280324814689922874 -0.83050188152742010494 0.2278631876485780472 -0.50827649217149772909 0.1937556411576446258 0.97369252028738673133 0.11992342330028725461
-7.2040259010572427201 -4.9502149481089849914 7.5058971023332592409 -0.99435176176597261932 0.00622174580960169199 0.10595217672058478142 -0.0043491579432789820303 0.99505320615611958512 -0.099248182568722420616 -0.10604555010906138723 -0.099148407940309601916 -0.98940584923716590193
7.2334721743859811127 2.1512226206026348052 -2.0501300152303478797 0.93457467855441378468 0.011514290814454283471 0.35558063967529945915 -0.14906643174103595406 0.92018408722903677344 0.36199508910800415329 -0.32303152962661380032 -0.39131658119388501582 0.86169714177875833538
5.4436552600124370471 1.5529878620378512188 -7.0975570880694345277 0.58288044406402605979 -0.011491584417638211341 -0.81247666515118810437 0.76338180471527306015 0.35031437073877547128 0.54270439641070389314 0.27838571830718650268 -0.93656168250773486061 0.21296386243001783067
7.5094282269904519822 3.7952238057508500546 -6.8485010349740562674 0.48910168438395784651 0.0016102614690760293052 -0.87222528591587045188 0.57090967249777713199 -0.75661476361773449817 0.31874165922289793285 -0.65942527111221538316 -0.65385893473576761625 -0.37098086916298150806
-1.6437360390852118197 8.4145336845313511986 2.3345509340059056314 -0.6381091778475468379 -0.001723761248968685815 0.76994396276215115726 -0.70296256500965403902 0.40925714115979366925 -0.58168051764250594537 -0.31410238671761464557 -0.91241745985958089271 -0.26236247750256391775
-6.0935309465312892385 6.0329455424960709564 -3.5635407645659413767 -0.29299214879383000953 0.0037316570026581872416 -0.95610756480697434156 -0.87528958408738699593 -0.40344162801257232864 0.26665145185184413457 -0.3847385407432767912 0.91499777459978637317 0.12147151001010662863
4.073862258005515713 1.4235550987544707269 -7.9232211436813413385 0.087239257402626127491 -0.0057633538828895328893 -0.99617071615265118112 0.99286536715795026264 -0.081094311332793878044 0.087418964574732235806 -0.081287604625254319957 -0.99668976939730280495 -0.0013523730311739302207
2.2608169670000668461 -1.7086665867997068435 -8.3686837571968499816 -0.43395296439523739496 0.0056509162101280110968 -0.90091780526230280657 -0.47881169304079790328 -0.84851294784334474475 0.22531120688812103503 -0.76316720795648229636 0.52914444576860597547 0.37092043380211048298
-4.8756173550150316842 -8.5937942663769639751 -6.4318945026911960028 -0.62971002917350704653 0.0022778257388309510953 0.77682693739876018668 -0.13717069268015688599 0.98395648198217555702 -0.11407823032839099764 -0.76462375076099275972 -0.17839409484393975447 -0.61929481404011643697
5.738909197839287657 2.8250258479592558203 -4.2509105900419887902 0.17540181534675630681 -0.009227437559354902466 0.98445368482682960032 -0.2103372278300965903 0.97651624132820191715 0.046629186264898238312 -0.96176527997326799468 -0.21524610291248627569 0.16934184780835984108
3.8998005967080309198 -5.2757525164593301881 -3.0204633127282054517 0.93230968743775655128 -0.0053804109241310758838 0.36162093120858995743 -0.18957140812171341393 -0.8587902921342611684 0.47596419545868329237 0.30799566219765328601 -0.51229901943486710891 -0.8016784809095575115
6.8771558458442623163 -0.71619504411938939015 8.8311959577676972799 -0.99999773742930608833 0.0019184533417606010244 -0.00091906110255941461662 -0.0017729576271019592548 -0.51291028333329014011 0.85844038690662871627 0.0011754819384286463446 0.85844007408088685018 0.51291252417389121554
-8.2807719996727886524 1.8314998478083261979 7.2247858023396966942 0.17855132265951259574 0.00013928813082900512585 0.98393058991757131881 0.7337007255045971954 -0.66631926242641859037 -0.13304843446464831302 0.65559337288478614081 0.74566656161995614749 -0.11907438142245789503
-5.4206742113055321752 -6.9515507649063161821 4.4067561868187539176 0.20382405527632643794 -0.0028880571117015259308 0.97900327559056721238 -0.8700017855964248259 0.45803639879662161327 0.18248164410784903366 -0.44894615217165706467 -0.88892874658403187027 0.090846221422823836278
-4.481247118891486636 -6.2025535297662894862 6.8927074930870508851 -0.50314648655351712492 0.010537799558979314696 -0.86413689184603992288 0.8608121721923431835 0.094578482720532361383 -0.50005731152684973484 0.076459252376776309923 -0.99546163431173517733 -0.056657897412816488059
-7.6164426933806783637 -0.38915263427976232169 4.4886735315018446713 -0.9538183346496437176 -0.00077199354003529459256 -0.30038306961604549494 -0.25468481110158830427 0.53229052374592566999 0.80734283010635299327 0.15926779800115276053 0.84656139904676996899 -0.50790507593829392619
-2.7697800937970806778 -8.2677073621209338228 -4.5368869264233806504 -0.58317614459086419831 -0.003333011722699103993 0.81233889197346920152 0.28345342856186217517 -0.93797505756483257056 0.19964204272332761181 0.76128820969243093941 0.34668672085755847245 0.54794943139334095772
6.3649673752872706345 3.9591199644771206678 3.8132073728297877224 0.97069613747524097214 0.0086876624491425621932 0.24015314532932977021 -0.23326919711690968784 0.27420093841026660364 0.93295194251970392507 -0.05774504625351689624 -0.96163317844998463801 0.26819235585151851575
