1125 17.292696884352682929 17.968806560800352656 18.477561601407678893
-5.305419535934076336 7.3711553537144025583 -3.1416193351814820645 0.50279527795840883719 -0.0060280537447059776707 0.86438450415930989656 0.53086504599230865953 -0.7870254107613151584 -0.31428220719534993854 0.68218707947780743428 0.61689112927976019751 -0.39251257713583120879
5.9895239121365628776 1.8331181705115482394 7.4000741457957337488 0.86804464640904499539 0.0037200240843900883939 -0.49647220794461977 0.11817444337137059107 0.96968449567680337076 0.21388496856384181521 0.48221705981267221075 -0.24433202873236409269 0.84128982340277036478
-8.4200233075577735065 7.1650754450775400173 1.7000673794977643194 0.53471776881856425412 0.016069522123588052265 -0.84487790725553479909 -0.78910160476343538249 0.3671893429086557914 -0.49243339023067145277 0.30231699434462050435 0.93000739616055916326 0.20902315186976977435
0.8903945733260176798 1.5995203081148274826 -8.2535741815152618983 0.94835464935772795236 -0.0044288518093549538585 0.31718109072498151813 0.031649943790801368659 0.99623410368916331947 -0.080721073487472927432 -0.31562911795318726593 0.086590969035741274795 0.94492341699301285463
1.8662087825985715916 8.3262697138113370698 6.3333831828180642276 0.65743523635890344092 0.0068336926507973428171 -0.75348006651704879655 -0.24941691223842782366 -0.9416161527903375017 -0.22616415430926831154 -0.71103453775683334026 0.33661895586806572789 -0.61734719944883009735
-7.849866839198864632 8.351104850591086759 -4.8647985943543003984 -0.90268999764994195534 -0.0028968873868249920764 -0.43028174047476602793 -0.22890192290664568286 -0.843511450730598078 0.48589334444514425959 -0.36435515343154134538 0.53710337974144928275 0.76076624638446266324
8.4631843466719942626 2.5904814031290368526 1.2119616537220778696 0.047395828480427289187 -0.0047384875661058908913 -0.99886494691633898046 -0.83035577419592498938 0.55564580456306889022 -0.042036033717288333322 0.55521430430236040632 0.83140560895829940247 0.022400662737470523889
7.0337946336723327079 -1.8737176955421246394 -1.8184948187006597653 0.73176319488758334586 0.0048278685632923328333 -0.68154186833473340279 -0.25027833786719350107 -0.92820949492865678643 -0.27529599909697038962 -0.6339427262794344875 0.37202664583256567221 -0.67802123461434737894
-3.0079903014001350137 -1.6124219086481694774 3.1849202766943398579 -0.77356479830432089972 -0.0064224280329649458682 0.63368466546258228611 0.36901517049671572757 -0.81749547599231409123 0.44218655641637671927 0.51519443588574975745 0.57589920919396786481 0.63475569637642481613
2.5261882969164402013 -5.3158635139634302647 8.8712214039060448556 0.99597039904985773529 -0.009617085422161128147 0.08916544108867249796 0.015841884375713523314 0.99746525883685854819 -0.069369244720550060634 -0.08827229982260934027 0.070502262954242736481 0.99359822463740621323
-4.5728965821698812633 2.4657949750782237608 -4.5098741529001076245 -0.98024530549909061339 0.0020703899261608118415 -0.19777475706648869891 0.16269866607804997494 0.57702834585099349596 -0.80035456651459957467 0.11246459488921368985 -0.8167214957193738023 -0.56596617683961891743
-4.7869582106646229036 8.4781804687031403489 -7.125110773686201604 -0.045685584612694438156 -0.0058507458910845959454 0.99893873492356999311 0.1102753560866232968 0.99384169471176786459 0.010864239160586054364 -0.99285052913247884288 0.11065466381976007959 -0.044759045748967878076
-6.7181190499944021255 2.6505047638678873589 -6.5416361393639812505 -0.7828421194330767996 -0.0016573332232318886865 -0.62221818463316158621 -0.31299550473196752209 -0.86321700365616260697 0.39609369928955795448 -0.53776577620671706104 0.50483032579860021016 0.67524389082402014317
-8.2510954554488513679 5.8493351981621950486 0.75899824343424326933 -0.54681318381690857677 0.0077837902736303905479 0.8372184628954916219 0.81577020382902210027 -0.2201208692446609827 0.53485117319448671758 0.18845242516015434098 0.97544154900847812595 0.11401520915800605893
-6.7056412303212971082 3.5335391880153079747 -8.8568887315430480101 0.13775070763223745685 0.012828422847979267449 0.99038385190488176235 0.92089653725493847425 0.36647648439787272601 -0.13283280489228077581 -0.36465642763957306638 0.93033887264292425279 0.038668744877376044766
6.0454608875937889678 4.8886853670096792612 5.8913472808338234188 0.78591034117005387216 0.0019722834937482142115 -0.61833732358611270818 -0.030651450303097217687 -0.99864128418591902037 -0.042143494322673551167 -0.61758029780446987989 0.052073943745559625462 -0.78478205901153286206
-2.2727987788699732796 2.6810409011126532519 -2.7496996356636769221 0.0065508845954008118606 -0.0041383128942805219239 -0.99996997968802803225 -0.88869852474066657333 0.45842703617848279407 -0.0077191077206404216937 0.45844521813881017325 0.88872241271761354131 -0.00067460995458227396293
7.9556229080705032075 -8.4159463776277281255 4.6503353795518682645 0.14418568426405528604 0.0017257236688262640907 -0.98954914498032064962 -0.9893328282908057103 0.021232183607332155012 -0.14411713723719860036 0.020761582779750997058 0.99977308238273054908 0.0047686920000940720421
1.8463301188430942812 -5.2184743447832246943 6.3947626765139533589 0.99990367998139517702 -0.005984043611909571278 -0.012522858359143327484 0.0065274403481384024595 0.99901850441476713893 0.043811189882659626327 0.012248399157915545316 -0.043888712198956451871 0.99896133942178766407
-5.1537208107701095727 -7.2092492742661580252 1.7672367714179810783 -0.94022081907423438185 0.0010617101760932038182 -0.34056377398494930286 0.19816493430700507505 -0.81157205054138759071 -0.54961938247421926462 -0.27697557688446916568 -0.58425138386805808288 0.76284654437048915465
-7.6568436641016042188 -8.4215607259945635121 1.5563519220792429998 -0.91045845642787193164 -0.0056978797235694451234 0.41356128117294999047 0.21900466285687919532 -0.85486610944413632396 0.47036251186791888657 0.35085945443396138188 0.51881737547083062179 0.77956794068500356865
3.9151585871784857495 0.4913072848965789885 2.4557596031813422321 -0.99957124222745841191 -0.0027855698892792924576 -0.029147423767195389244 0.011765236033690923412 -0.94977771876722938416 -0.31270411598611913551 -0.026812514483753966538 -0.31291296798621026642 0.94940326707532507466
0.26746883018418909916 -7.5710404318579840321 -7.0834094976621031492 0.9324238990778883629 0.00061544216641230993763 -0.36136587229502159513 -0.26099139541598170844 -0.69050001245952030704 -0.6746059770801502431 -0.24993832028598925166 0.7233321187563707122 -0.64367808882103172419
0.25649255025829903465 -8.9569015976021830738 4.6720878140231043574 0.29462290116742839707 0.011423507872837008678 0.95554531529156527814 -0.91273600779159724805 -0.29279913894944753494 0.28492392723552306677 0.28303767627051390487 -0.95610573039721180599 -0.075838684805740616546
0.86464755355608169385 0.35895059497364734113 4.3218996882640157153 0.55561912223916409825 0.005726289967690096315 -0.83141722414525676133 0.034313737473622901719 0.99896638872834064848 0.029811434242418208274 0.83072857084783935377 -0.045092835286846370824 0.55484833764119378952
-5.2659847492852192019 -7.2352402708368721562 7.3770968419721345555 0.17521213501922416889 0.0040091071844725774398 0.9845225415405607361 -0.42733531113080236441 -0.90057174428350483808 0.079718663180299603743 0.88695278318692638564 -0.43468892378130846721 -0.15607786498774234296
3.8220909453512517118 -3.1376883997688276295 1.1086126170620322906 0.52340530407900165422 0.0048329347827792993805 -0.8520701440628586365 0.73798423449716055167 -0.50244526934707267607 0.45047532778661081299 -0.42594149515590695732 -0.86459550892420422574 -0.26654914866177131794
-2.210655930616923559 6.0429361151162037658 3.1303211714763126139 0.99196464691368502198 0.00057251023629854218104 0.12651407631449676505 0.094937111397626727793 0.65760899661837279861 -0.74735356588824297663 -0.08362466234985267699 0.75335919706234488746 0.65227052366975468711
4.9902862794823148462 -2.866509411580173694 7.1136069390696787806 0.9709663396945350522 -0.0066228153658958550595 0.23912445608134144659 0.16506911999635009991 0.74204165607672412097 -0.64971252586838690313 -0.17313738129934216903 0.67032105663127683481 0.72159069300633793542
3.2606502296501727045 -5.3760104771841668025 -4.1217286448426024847 -0.20370986791844872266 0.0075874994444039079236 -0.97900189967385886636 -0.96049240876379227139 -0.19522664939329573142 0.19834537573095226137 -0.18962231519489144982 0.98072880309436305524 0.047057330579912390323
7.2803343972975591569 -1.4967269701641070512 1.872722074843211848 0.26069894958854233913 -0.018699158938959268422 0.96523903730536786405 -0.89848948559412933346 -0.37048544596105226212 0.23549347890744443124 0.35320348520389466263 -0.92865002869009904973 -0.11338616429595219093
7.4416753748466391016 5.8755967760680274381 -0.021239046851287992496 -0.19040243219683761211 -0.0057826442498010530852 -0.98168909275741889076 -0.17254570941978800147 -0.98421865404862085569 0.039263458628005572237 -0.9664237641812711832 0.17686209895864649089 0.18639985508999176722
2.7760289041822110434 5.7938488537744419205 2.3980940631882190495 -0.97773613119758484569 -0.0018493459814295128141 -0.2098300208974847314 0.15898742140679392176 0.64608738552104827413 -0.74652132595432885154 0.13694910581947175587 -0.76326120705148448042 -0.63140895798621410329
-5.0387989824699630503 -3.937759508469468539 -3.1898361429021031554 -0.33552291308295517647 0.0041606474813342623348 -0.94202285737071800309 -0.84241718986148672599 -0.44887795404539543309 0.29806351772410760725 -0.42161315565606111155 0.8935833880419952191 0.15411383971931244541
-2.6523754268078563179 -8.5600857302304866892 2.9773455101823507185 -0.52962416045559446154 -0.0012019712288246380862 0.84823157446904806633 0.84137702464675467873 0.12613590320300988035 0.5255230121689200562 -0.10762411931191967485 0.99201224245866459484 -0.065793310861140957835
-2.1387837305872099414 -2.8803475951265911092 -0.76913151187753803217 0.36911737949728606889 0.00019455141210493291648 0.92938276415205645087 0.76362736184655666261 0.56992885295278561397 -0.30340460578425892946 -0.52974108052170831851 0.82169402134940960902 0.21022207992032140855
2.9106515112164945691 7.3550063893547532601 -0.71307554852849897031 -0.026463330096083592657 0.012721078232575224951 0.99956884021529202045 -0.7823520723844721303 0.62217804071998450421 -0.02863076110635433269 -0.62227399672181615831 -0.78277241891526883055 -0.0065125409518106986556
-7.5868940736618286635 -2.8820624001045649365 3.8714499519076572831 0.30675054129421985838 0.0065865625358894003619 0.95176715776999376573 -0.14700279822453188316 -0.98764927965736870608 0.05421326135282948655 0.94036922680920964623 -0.15654238271560225182 -0.3019937080202454438
-2.3615054116027947018 -4.1159086680648089285 -0.4357419026505817139 -0.98861964903147081518 -0.0082907435955757863288 0.15020803280688646564 -0.098614334032017150755 -0.71831418819846404311 -0.68869437354731877221 0.11360634961340558557 -0.69566945498794474645 0.7093219344728655118
-7.4021603135334146373 8.4939934738341911213 3.3600549173320870544 0.84338306990385103479 -0.0087098665104552511207 -0.53724215734160307711 0.019604810772366004779 0.99970165286213130695 0.014569030818442220421 0.53695497836811567627 -0.022819804770726648258 0.84330220426362612063
-0.51653700243741185183 -6.3705204669170250042 -4.7754983948455720366 -0.7307473424291238695 -0.0048114050747019958265 -0.68263106574046084063 0.54764497375105170018 0.5928600501936001077 -0.590425222708372055 0.40754546281122483453 -0.80529113447592670649 -0.4305959643055717323
5.7204728064193961501 1.6220894368446894251 -2.1969417463707028304 -0.039283284292242807989 -0.0069082323038296457318 0.99920423332853158804 -0.99533565859748818205 0.088448633543117313738 -0.038519682614945552346 -0.088112146152650963615 -0.9960567832962746726 -0.010350562766611819815
-5.5998841589250423212 5.1173061141128890483 3.6687905445193478293 -0.79125402546930923009 0.0049614429618778203845 0.6114674572390548235 -0.59155920539154860371 0.24699598253418719729 -0.76749637857675445662 -0.15483789489407379092 -0.9690038022091584935 -0.19250157819889876509
7.4096485499363495819 3.4497110860049935432 -1.749290175914487655 -0.14195787446912450092 -0.0040001796263287887206 0.98986461722748664283 -0.23274749760447155378 -0.9718214195213078499 -0.037305909967935410587 0.96212086778899619244 -0.23568438031111060837 0.13702667128076073677
-0.83841938719339703656 2.5167848012413318592 -5.4834242026117356872 0.081588078969361710335 -0.0095367236712003838894 -0.99662050765151244391 -0.9295085217883451989 0.36012122534358864678 -0.079539996100857213168 0.3596627493816081933 0.93285677033433889171 0.020517133049486033225
-6.7916845992131396059 -8.8429402105730403605 -6.7274333606933858221 0.98500244735868425217 -0.001527919181959011205 0.17253360298869013789 0.11398985593650039216 -0.74489656160195938384 -0.65737008241693151156 0.12952409598584638251 0.66717822055003550563 -0.7335507689195923664
-1.1944662295855767997 -7.1207094415952294497 5.4051539789243072676 -0.0092564233000096592108 -0.0082004904511840635839 -0.99992353236849729203 0.22997720966931045616 -0.97317841865569265636 0.0058522214328823492224 -0.97315199309272137906 -0.22990545321782857036 0.010894077301397492308
6.7951081581159007428 -8.7279031474107782174 7.0755345172938346465 0.94045791461511185627 -0.002602497992842096354 0.33990018805855959361 -0.072931163339151228175 0.97513720430437378361 0.20925696689829245689 -0.33199390996232486239 -0.22158668684193061349 0.91688569841746314637
3.2241489296493113237 7.1338836174453978956 -6.5355278107431198364 -0.96186684681186229717 -0.0042785246206045006445 0.27348466726896125678 0.022796338726944663511 -0.99765284786258712213 0.064568739280051329343 0.27256649820691541963 0.068340978765584009524 0.95970673368303738293
-0.17671096691373150422 6.0578458268413024612 -7.0553098531921190073 -0.93612591680601520139 -0.0047250894019638112198 -0.35163324844782389844 -0.31422757518026189771 0.46017739867052437353 0.83036003802504076976 0.15789014814128071729 0.88781441488813539475 -0.43226874260914305292
-2.2751389913421222744 -8.5311908081782181767 8.3284310190266772622 -0.86671825592662410376 -0.0013293868300667528552 0.49879624855676973905 0.17607056503561868688 -0.93643927584225639116 0.30344791775242330178 0.46668899812571557062 0.35082718735996082371 0.81186308182937927391
-3.0294282010082969059 0.44285693058017672197 -5.6883464069235003535 0.74941120150635032182 -0.0012324127809811937818 -0.66210371711366255987 0.46171467117086867349 -0.71576288252320896532 0.52393039463950985546 -0.47455496360553922619 -0.69834230658066520636 -0.53583169872365710162
-0.29674790689889019024 -5.1477197408638390996 -4.0917977789817969736 -0.96893481435635431254 -0.0033721742806666426227 0.24729325500085994061 0.24720582853376366073 0.016670145221078371683 0.96881958309964621989 -0.0073894429537744252962 0.9998553568887871279 -0.015318662928109865254
5.7180238951552029292 -1.8245362097058972495 -7.7413606060797661712 0.77034350336941115334 0.0066081143034694197341 0.63759487109134260763 -0.3689416474665807022 -0.81093776922929627915 0.45416075920546028488 0.52005090864377667703 -0.58509509249589342073 -0.6222626335847648571
-1.7356603142109761073 7.1802256020332384523 9.0174814984324473954 0.11130144025935481689 0.0058407433747430757831 0.99376952816681640712 -0.55203948275662750866 0.831871614454665953 0.0569387964575604269 -0.82635609689430267188 -0.55493738636101697104 0.095812829751078104623
-6.0915786451335494078 -1.7525983924268682124 6.9779603207804079545 -0.26726164871480173613 0.012993500096842134847 -0.9635363927126302519 0.32582245015808919408 0.94223524497111177389 -0.077669003513181747445 0.90686875682140066779 -0.33469973422300891563 -0.25605691908594307993
-2.2309908700614378141 -3.9935281726373368372 -3.2224346108750760997 -0.56658210440443113054 -0.0031152963330887653744 -0.82399940163663354387 -0.52433807757274952799 -0.77004960459806581774 0.36344626406912849959 -0.63565265623296163255 0.63797641130942783771 0.43466285697852574677
7.2563941967280696232 8.3892737087028894649 -0.48440431145239404298 0.69170819151060647378 -0.0081344170921890165266 0.72213129627216254836 -0.1332211337795668471 0.98133824496695365447 0.13866282299026982949 -0.70978300015686424107 -0.1921173605471994672 0.67771602641870032357
-1.4328625077670731347 -1.9501382190380873727 -8.465926693362137101 -0.42421271870246174407 -0.0032566218532338511021 0.90555671479207855423 -0.71670855910180919501 0.61243585731033267638 -0.33354334349627307033 -0.55350917842544899994 -0.79051357679315059634 -0.26213712881650635955
-5.0064366839379550456 -1.4400504215275360398 6.5547765860533226956 0.23388495734322861663 0.0027096884327821335083 0.97226050229198379693 -0.024000975641085525725 -0.99967528947959538588 0.008559718010507939151 0.97196799324722393809 -0.025337189913959501375 -0.23374397727097870336
-4.1102382733178588481 6.0596679934126838063 6.2327499973511502063 0.22257859890068154574 -0.017281758625941608803 -0.97476156475857889117 0.070138763102342252531 -0.99696813709829212868 0.03369105995792422148 -0.97238846209851415026 -0.075867479392702635854 -0.22069164992972534201
-5.5292592662622039867 -8.3762791015941697736 -0.0025815633485633260324 0.99511287776024781593 0.0028952117060298656129 0.098701460297318979742 0.051799704219388793824 0.83568533544404999258 -0.54676028638387341729 -0.084066349738786252943 0.54920090847799174494 0.83145126794568902096
1.0944551431805762398 7.2970887258762777705 -3.7063666455441106606 0.97770167151542231032 -0.00098508606027351754836 -0.20999635978041272799 0.0074463757848675753148 -0.99919750396788387103 0.039356061185305532546 -0.20986660764217590636 -0.040042198613515496419 -0.97690973448275897351
-1.3766683254960512262 -7.5148035535626585002 -3.5963817002720741556 0.47569873189599676255 -0.0097632137483537918821 -0.879554089371179737 -0.87894916163406511256 0.033426711561103682191 -0.47574260500501563964 0.034045377589589663481 0.99939348337452027504 0.0073196757621690209175
7.0962361716227650987 5.8749841786931611409 2.085997425247643644 -0.83574961174516249063 -0.0024949364519153711256 -0.54910505530366404692 0.52612529988902001499 0.28265663639620963732 -0.80205822401974879998 0.1572092722599750525 -0.95921791121362420807 -0.23491752493643261457
0.77773958531067444166 3.8161802168048666317 5.5094159092678012257 -0.0041825346779639513764 0.0087524960633828356726 -0.99995294900124565007 -0.17569719800715608016 0.98439984185075990464 0.009351255350044494416 0.98443537168053107944 0.17572804322836793611 -0.0025794974415800208528
-4.7494326934114043937 -2.8626408165279482176 -2.0040562331419797815 -0.81025066195304051853 -0.012444770151596468849 -0.58595135676993059803 -0.47330520341186183009 0.60352870340346731481 0.64166602574177100671 0.34565307640453302174 0.7972441482154644099 -0.49489970590856752208
-1.0406074518082604197 -8.5411768151473079769 -5.3230689354679237013 0.20141795575181795086 -0.0068107639942183301196 0.97948171018895757722 -0.95648347421292401194 0.21416096031236103725 0.19817781570054171514 -0.21111648599405530291 -0.9767746396032660483 0.036621479620777344643
-7.5010191352897930273 -3.9273164150204236122 9.0895626381829988105 0.94618204205144307295 0.002422313119045543979 0.3236258266861216093 -0.033304070765410781485 -0.99393441974773211189 0.1048103435293151614 0.32191673173281643017 -0.10994772230220714593 -0.9403622260547919165
1.7257137710601357927 3.8130451550066752908 3.4789257479566293441 0.86889590408212247219 -0.0077853677264288516022 0.49493362779103838855 0.45095881141954496929 -0.39982242023269326525 -0.79798382357165342782 0.20409815842422734944 0.91655955634553232247 -0.34389318312412181511
-5.0645530726020533407 -5.128671892622973516 -4.0548658695492916237 -0.99934585214936699771 -0.014936171027459329771 -0.032935977095279761473 0.034105911670878390207 -0.08636154980215408894 -0.99567990313418164305 0.0120272432956607285 -0.99615189279096205688 0.086814468309847736549
-1.3355793666050346236 -4.1072881724696843619 -7.8028458433957315066 -0.27999139229373593007 0.017597605465116763351 0.95984120797306382578 -0.90955067906811526424 -0.32472428083464749404 -0.25936789246700953093 0.30711949213256628521 -0.94564499983770267111 0.10692591750323633681
-7.5755897328620793729 -5.1191167646732260721 1.7605022801069296623 0.019724793127140888976 0.0033558137681113119934 0.99979981548790997081 -0.99466582147759530219 -0.10119967876635460602 0.019963181154161225433 0.10124641287620970986 -0.99486047440404778985 0.0013417705302407748405
5.9365904492802057391 6.047700927204872734 6.3480441178440125682 0.88549443554292683878 0.0076126123166127372677 0.46458761580213198128 0.29288219294214423716 -0.78536872580720695769 -0.54535858440253470736 0.36072098037162547701 0.61898143159393093082 -0.69766923514077583413
-0.42967707442092711867 8.2742640217671894476 5.0075718795835619801 0.27036262598865495876 0.009528692330701528726 0.96271140768725915748 -0.69901391182864835994 -0.68566206490224368419 0.20309378085952539683 0.66202990985171850102 -0.72785763496473832035 -0.17871670790703619858
1.7302875367878594037 -7.7732531236801376551 -3.8850619914158786017 0.081189689864465758307 -0.00053773757117525579265 0.99669852267272041058 0.7061676452927365677 -0.70567298661376820501 -0.05790416829027505291 0.70337436049488644141 0.70853747028781655093 -0.05691363805444641516
8.0433786049543662955 6.0550523396011861621 4.8816064040708697647 0.72968812609233602018 0.008513305307774134828 -0.68372711096766314309 0.64738605709315599768 -0.33047186876040529624 0.6867893687582500295 -0.22010572850537571399 -0.9437774460067330784 -0.24665279379816909544
3.1879848800929004859 -0.64977552112427994224 3.6486187960764238092 0.12691192307108156712 0.0073948951620519797617 0.99188642460104092802 0.08541652019628953596 0.99617622841819830626 -0.018355925800065855946 -0.98822941762533889065 0.087053072662497593681 0.12579499465437579686
6.6964632610616812158 7.1010824021340122059 7.675778423611650858 -0.60080224310578578262 0.012232423078752699755 0.79930409263619883742 -0.55079036617400156661 -0.73100449777479015179 -0.40281806906197570317 0.57936744576222831693 -0.68226299332347017934 0.4459266427700736557
4.0830598271861040516 4.9899947138701827853 5.9915844128039417171 -0.57156979290570608665 0.0099956442141098337389 0.8204925709196846384 0.56874330852639332079 0.72559315773508670233 0.38735722331503213978 -0.59147191044394731296 0.68805134731687900285 -0.42041208666173396358
-2.8227805524885880573 -2.9309526578264306629 -7.3548513186406818676 -0.94628639524216839884 -0.01151638137036949984 -0.32312448242093722017 0.095848714176257648889 0.94445306168680498438 -0.31435877315817872812 0.3087961822470887685 -0.32844449642343975793 -0.89261925287261645323
-4.6853784821058841459 2.61666403376598522 4.4456929558250468659 -0.0023077831346828437536 -0.0014119770263407314861 -0.99999634022225769581 0.27501767886762662485 -0.96143889758875977769 0.00072285112013644164247 -0.96143639958512416843 -0.27501500418038171691 0.0026071111173626400695
1.773042768356806409 1.6504213734376993461 -3.6303741083335432371 0.87017210620127816156 0.0053866848868070731776 0.4927184685144278542 0.13613232546549269841 0.9583940527821758204 -0.25089605328718322941 -0.47356994789853795735 0.28539765804508610003 0.83323446954016500143
6.1326943144640111427 8.3463711515902669902 -8.1002695048285922041 -0.045732943610615278685 0.0020926524297661093857 -0.99895150967125290187 -0.99739384332687308632 0.055766069196988447831 0.04577845366040442926 0.05580339740505749907 0.99844166896810915279 -0.0004631478483794536187
-2.3703828088548748454 0.60610780646628581447 -3.2212483397985995914 -0.68843180247595081589 -0.0084086092777102983825 -0.72525233445311632074 0.54379748327853016931 0.65568811801582349563 -0.52379136025031147739 0.47994369515541146498 -0.75498502447608262234 -0.44682397238445759058
-0.80773449937508423613 2.708726629222102833 -0.94895131681129785139 0.95634436931775290702 0.011354940087898127143 -0.2920214249156461439 -0.030578974988633950832 -0.9898715417170296238 -0.13863353557895324863 -0.2906378735862239493 0.14151111699822907508 -0.94631085284003768621
-1.862771920431458561 -7.5363361887427133823 -9.2160089268659444173 0.96365406507010709092 -0.0023729002184818687171 -0.26714268138652341733 0.17127922346367549511 -0.76191664585628648965 0.6246170445777403657 -0.20502260968847157985 -0.64767074514119049589 -0.73381764451728259679
7.6853466808114410114 7.3697260788789744623 3.7612921638600242957 -0.92702313079816356378 -0.010059177841114043742 -0.37486921440209353129 -0.23619812538204790209 0.79209586726814540381 0.56284507870547617614 0.29127059675027833219 0.6103138127211084063 -0.73666714971612257123
-0.026260880200363559411 -4.4370556699179148907 6.5832600850345937005 -0.43871928758606248966 0.004686526927470272344 -0.89861194247858844353 0.46625052708928454992 0.85604122839742236017 -0.22316778726549832412 0.76820298924761809545 -0.51688630447039640714 -0.37774689351681967064
3.8872806694211115008 8.2483821268145263161 -9.1711693517363315209 -0.8398826171045062905 -0.00044688648506212898942 0.54276789678321191168 0.54098918886589641986 0.080206620125656380438 0.83719627066679624949 -0.043907710212309158937 0.99677815906068312213 -0.067122385263166647884
1.3835006066244930345 -1.9048303764318195164 3.2937097148154901305 -0.09066789219462188798 0.011037989766203204836 0.99582001190316993267 0.11061514960038597299 -0.99363962512265135985 0.021085162199401881467 0.98971896112177282223 0.11206452680498131536 0.088870241521715354072
-3.8645869755259663059 -7.2168806610467610696 -1.857907714207161165 0.99605716952665579456 -0.0077165056296747049774 0.088377432501594063718 -0.023335190234945384774 -0.98391795304161522306 0.17709017640462296206 0.085589625138955280348 -0.17845424406041543453 -0.98021859747988671074
-1.3572544208641419416 0.48479384363911443012 -4.0028682839394091886 0.73473078016097437271 0.0030181037944470206005 0.67835210011713109601 0.083264811026623378187 0.99202724142986598022 -0.094598750023905373019 -0.67322927144376576436 0.12598747283306860334 0.72862164719464894702
5.0422641785891331168 1.8303996156473556489 5.1510603504517487039 0.64831884806564443746 0.0054328862666582749402 -0.76134956162716105332 -0.66947386738463221523 0.48031879765043927755 -0.56665562161925242535 0.3626119304878964722 0.87707715531231766892 0.31503690497707459439
3.8234473222229579115 -0.70031584425610626798 -6.4165085156384753518 0.98943895054205399653 -0.0057228466030486441901 0.14483719196654004646 0.14283174613677668274 -0.13171626031825600656 -0.98094338219047860772 0.024691201783445880513 0.99127093964991952468 -0.12950779420559099808
-6.0165545180255950442 6.0447456133156505231 6.3658895895658575981 -0.89702252748949151684 0.0069119034235255475893 0.44193077599093150143 0.43573781596537791705 0.18134486669368260481 0.88161589995972799993 -0.074048233702754165386 0.98339527399457415946 -0.1656822083706096238
-2.3487608946538474086 -4.9519663588029247947 4.4725791488020174569 -0.59331781005433581466 0.0084203047873884981356 -0.80492426646219561448 0.64925983939466913597 -0.58610626394307485665 -0.48470723980159868827 -0.47585253726500414961 -0.81019043800450463166 0.34228031924800095265
-5.6164179093607309312 4.8241401019444882792 -8.0655895809366704441 0.6954684933139756442 -0.0088923111022741856135 -0.71850156688128452576 0.66557441536455497211 -0.3688699733454381402 0.64880323702666164998 -0.27080301405193557551 -0.9294384700275490907 -0.25061894982814336696
0.52853802826372053847 0.49473693917715849677 7.8965700481828582369 -0.91239712153334051603 0.011896837661497719832 0.40913317864865272888 -0.047985947065093390029 0.98957525247940536506 -0.13578721797220716372 -0.4064835070476707779 -0.14352450987205539468 -0.90231473088057789766
-5.8612701169663434797 5.6981472620366835358 5.0431548215769765875 -0.9091070336958666509 -0.0053583350582180576394 0.41652813774095631683 -0.41609477295115809836 -0.035695321761198016419 -0.90862037393346295477 0.019736798303644151331 -0.9993483538033475222 0.030221292873695817377
3.3782942052724909132 3.7712504669113453559 -7.6536561388374826365 0.8926247303065855121 -0.00063524336518775890124 0.45080005247410581681 -0.41784815654253770756 -0.37646748718497363706 0.82684650883159549473 0.1691863142188866076 -0.92642961284607627803 -0.33630962448690487898
4.5337881321232220699 1.5611230734662970843 -0.17628261745704487673 -0.78262784895098458371 0.0024809759976580879337 -0.62248493540377025646 0.035843828601947597123 0.99851249526882579488 -0.041085480930196940919 0.62145705402513018445 -0.054466884895251033161 -0.78155261400127440385
-2.841182643717639511 4.7504184759705960772 -2.9277829524807339467 0.96311072203865710772 -0.014179623907058160059 0.26873160469143531071 -0.1330973400058777234 -0.89301755266274607248 0.42988922842899846 0.2338863723639472425 -0.44979838694887297468 -0.86196205016263116594
4.9643559730712460976 -3.9652754951580742038 7.8328224681513001215 0.87585579935912194482 -0.001135051177133013971 -0.48257158058458676786 -0.37577223477777704774 -0.62901763572807978253 -0.68053805295030422862 -0.30277358917067032085 0.77739020163762906357 -0.55135526486879427033
6.2780979053494734288 -8.5505810633706662571 -0.79846601612223766509 -0.9918633983568733159 -0.0048741561891490195121 -0.12721337037278585003 -0.12309548044978253778 -0.21817158822205762192 0.96811603683936764408 -0.032473091829922084983 0.97589825324867596201 0.21579642632084436449
2.0461128342256076351 6.3855107448802712611 0.87073073944089296461 -0.85860741144973207195 0.002779403970495349617 -0.51262616780383418735 -0.2765107994659877777 0.83953107749453614872 0.46768509458794443878 0.43166548481694722028 0.54330455992446580193 -0.72005907006511793433
7.5340144408109885887 -4.35402330068435095 -2.4857895103938316694 0.011336122903039046877 0.0011139535389021511941 0.99993512360798497696 0.99940118035138370001 0.032681552832875188086 -0.011366477757396020731 -0.032692094299829221882 0.99946519459761296034 -0.0007428043819417626259
-8.5041403670066539888 5.0510918880856889857 3.5940435915060131578 0.77052167877384036832 0.0061641615285002344937 -0.63738398603382362406 0.44500163966754285871 -0.72113358744915878606 0.53098012179936726618 -0.45636595319184036779 -0.69276861372724285459 -0.55839212440896324186
-3.2719778171105113884 3.8518337009725760467 -6.9333584359542310693 0.99261647375289641104 -0.012475671410898571054 0.12065195256268898549 -0.12081116022655104258 -0.19046580408088931158 0.97423171835062616353 0.010825876362563650879 -0.98161455526025298557 -0.19056669515501009626
7.689450974249895765 0.3366992723724551162 3.1335750420321732967 -0.9984812338903211737 -0.014735344978164855584 -0.053085734216152369314 0.052438601970192066926 0.041288825142588927997 -0.99777022702721096525 0.016894336101981412279 -0.99903858910780751756 -0.040453416184089617536
-7.2454153229755569043 7.3332855405730770215 2.2993008220403119424 -0.39532793983825520456 0.010788717850203469878 0.91847668644904267854 0.79870023130830747338 -0.48980450422570082081 0.34952752130330405622 0.45364497185741398111 0.8717655368315551101 0.18501645413650660843
6.380062958834320952 -6.2228816646440074933 -6.1985548793058287131 -0.98664944028676493382 -0.0030256431471718846574 0.16283036407564194237 -0.1446290220764369916 0.47591576069886637468 -0.86751751261361165213 -0.074868738166736115147 -0.87948566458009780344 -0.46999961472674361973
0.58041737584887143075 6.0341929815908947887 2.8584571912105953828 -0.61398615440014969735 0.0013339314211970832932 -0.78931566741835279544 -0.29713067130256209936 -0.92683014877294489509 0.22956314925632870239 -0.73125533596422842564 0.37547848933338034971 0.56945723076573950827
-3.1121630950346816924 -7.5078626438710447388 -6.7714750617044554559 0.99431738587428042386 -0.016025660775760702803 0.10524312017710114875 -0.044144171009016276719 0.83753370466482857104 0.54459947274662445782 -0.096872226741228584235 -0.54615059438460888952 0.83206688429426178821
-4.3044253546021407075 -4.1238695598920767083 4.5896149304282962689 0.98392611609342128798 -0.0021913350130012068662 0.1785625832037091576 0.16361653453497562727 0.41168731491970794734 -0.89651725268447046702 -0.07154738077862481116 0.91132252950586856155 0.40542843945459583477
7.7819270939979174884 1.488236949795831876 -0.22655752719204078072 0.96811429922060998621 -0.0095413199709299453127 0.25032711970057108797 0.11152001319505711052 0.91120943910374696539 -0.39656102272548199306 -0.2243167187289104858 0.41183288030628850684 0.8832189357104195393
4.5877551679157173581 -7.6872502662973412058 2.2873062414279390353 0.9477680209410519474 -0.0037681019868203496567 0.31893820700700681314 0.14430511896949588246 0.89680674891591871667 -0.41822683765850882098 -0.2844500151530679477 0.44240643813818014696 0.85050851399216687021
-0.89089940306216719446 2.7206620327956843042 3.3803023232540909682 -0.19945327872160151239 -0.0021611901117785975619 0.97990495399532984155 -0.76146451061676057037 0.62974451249708573997 -0.15360223973311940004 -0.61675780390561507627 -0.77679931657868972472 -0.12725027734525015677
-4.6751170545890223806 -3.7719552033880163755 3.0172125157746059188 -0.93925612007380976376 -0.008601268849826733745 -0.34310925239377365603 0.043110474512066301878 0.98881189841532257656 -0.14280236881663491144 0.34049879278984990227 -0.14891960155210645644 -0.9283768224068237318
-2.1498983245035354628 -8.5648573995843531037 -8.5831245262281825603 -0.99673218988085710013 -0.0066270971341119665199 0.080504802582113232923 0.024408968661297807817 -0.97474849046181544221 0.22196752598291843994 0.077000934436556520146 0.22320721745872362796 0.97172495808744463464
-6.839377465768322395 -5.0434956096841716544 6.4689105613903556957 0.5045604838033216355 0.0015573311241295802188 -0.86337494340751697042 0.65737790092281278564 0.64758407623452596269 0.38534291168519679838 0.5597079716805153371 -0.76199241395655992193 0.325721579742757672
-3.9540345568625214767 -3.4647389545354290163 7.8644170400034258961 -0.27138773206959498907 0.0055504110931241757917 0.96245409855138763788 -0.94100043393720400609 -0.21156495082953799547 -0.26411825932821098029 0.20215558911931733044 -0.97734817977886989659 0.062639071438303398076
6.7187048174469090611 3.7835718510813234339 6.194390575072042715 -0.9479402672415520037 -0.0056782923574802812022 -0.31839756082294867756 0.014606583779831320419 0.9980133890881792702 -0.061285584855922892178 0.31811302622229215009 -0.062745774333806902945 -0.94597413830983012595
-4.6644435102165573426 -4.0514230123884305002 5.7637398506513735086 -0.97657429712012699952 -0.0068731853704392378498 -0.21507068960466846352 0.15820047187981131631 0.65457225411699060391 -0.73926164166471319827 0.14586038838946077667 -0.75596820267969899731 -0.63815109780981005283
6.6369466412648074893 2.6033235584317440114 -2.2506251606504430463 -0.13695099481652642237 0.0073389645957537318413 0.990550637078883911 0.4734620512292602168 0.87883944943257263915 0.058948351687583888658 -0.87010235665942758931 0.47706117188435054333 -0.12383265811525620559
7.4391871685685950766 1.7898657979711041222 -8.399925703000459265 0.27319042528317899476 0.009287094720189055172 -0.96191514251785903422 0.72649528329503454405 0.65344432707338251376 0.21263846022214930032 0.63053278652557898099 -0.75691760534913699043 0.1717677031023574219
6.3837974132998827059 4.9290703474730275246 -7.3731771922087494531 0.020196015248978273215 -0.016237891975898186003 -0.99966416952518422079 0.88751558225267468405 0.46065924263976804065 0.01044765185310292735 0.46033489138540656382 -0.8874285284093634818 0.023714863240626941204
-2.7290838036601758887 -8.8699315348978675644 5.981309557218998485 -0.093381259671067307071 -0.012046487338467994771 0.99555754353279801716 -0.34695480887356466848 -0.93685480301089496535 -0.043879820817867225269 0.93322146403810901649 -0.34951103018099716202 0.083305094922009673142
-5.7422549783571437132 6.2045469494931966281 -3.1860233697253717011 -0.15380143082298619595 0.0049305031109817439028 -0.98808947470146646364 -0.78625235757819822435 -0.60626777951101251674 0.11935916273793457931 -0.59845831106224978146 0.79524528899317381558 0.097121471645729734457
4.933980451956290203 1.4111055702255919098 -5.1083914881576344413 -0.18426306428873390209 -0.0048459910210936580841 -0.98286501591528496746 0.97507807520777056709 -0.12662385195530537207 -0.1821788883615672594 -0.12357131701008799984 -0.99193896812595039325 0.028057318570735449714
2.4740267723241227138 -1.8220607960597750008 -7.4914410774521886793 -0.35276215472203753531 0.0069253836797633222533 -0.93568739505073095231 -0.89556304338646475216 -0.29227656051468309251 0.33547167912336312012 -0.27115622345098244761 0.95630876354568716824 0.10930622694674703432
-2.6538666494778748728 -8.4650519004038606852 -7.3674601898523759402 -0.98253348001583862281 0.0031809660495987143736 0.18605870606634042352 0.15963979450638893232 0.52817973918485261464 0.83399118647892156453 -0.095619541193219720343 0.84912663635608520707 -0.51946208598181919935
5.6090132498460851806 3.7064293986591532182 -5.2296576559220335767 0.22371856945954340934 0.0094306147974115208527 0.974608159817835773 0.84262725632473312043 0.50066891618373021711 -0.19826735300295272868 -0.48982579411271365277 0.86558748828317455537 0.10406244062929309591
3.6325222349556747226 -5.4289431555111109517 -1.5307769906180574981 0.87893399302822883268 -0.00033328907161951464022 -0.47694331405105117039 -0.0088209469150778586216 -0.99984007295279830885 -0.015556973137150816727 -0.47686185294611099783 0.017880644173901002331 -0.87879636763512380959
6.5746629156050699905 0.33362306139245312409 8.9740541721780022755 -0.94110651073787354726 -0.00096960594117974623768 -0.33810885127629503044 -0.22011753879555362445 0.76081189664174220244 0.61050268389515294221 0.25664528938142655567 0.64897173882449066262 -0.71621845664970185119
-7.0252879788444264619 1.5496088599089887783 -5.6479374517092182373 0.45441688419783005104 0.00020231619565882564063 0.89078911894134049643 0.79264216889083694007 -0.45640314188651365246 -0.40424567304067898776 0.40647716719635546001 0.88977307845541830922 -0.20755765802233458461
-7.2355759495124170044 -7.4652496116771809298 4.0069089146772860488 -0.4707009141488177062 0.0093987646542973771191 0.88224277420824848139 -0.31286826907394404973 0.93318385259591785097 -0.17686532577290506318 -0.82495702653300340135 -0.35927644019199400649 -0.436309917256975488
-1.107815486817407713 -6.0627485246019077181 3.6851893530711894442 0.63391117788506623487 0.0026078506326672207943 -0.77340145957159911472 -0.70008210364835254946 0.42693169181433843207 -0.57237608150195706802 0.32869692226031288484 0.90428011679976538773 0.27246248119149707456
-6.9522195127237038648 -0.61364049831607914154 4.8677861702737610372 -0.96031601099173480307 0.0048561090381297007321 0.27887197284369558137 0.0093155864915814776128 -0.99873215465222286991 0.049470224496649381485 0.27875863911482967605 0.05010490463480338913 0.95905324130125269022
-3.91060884630212513 -8.632827460584314494 -4.6763727009912248178 -0.99952897240776150678 0.0031636834687422807008 0.030525799319675566562 0.0068921940236838811697 0.99240456451249248193 0.12282376804296160633 -0.029905367055629246409 0.12297630439104811906 -0.99195891930035617889
7.2720272827459426779 3.7511874979719173062 2.5202886311441785594 0.51037801000357851944 0.0017298855894135661479 0.85994842543050120653 -0.84379180251865815166 -0.19193445337546516383 0.5011751785650184754 0.165920706685165259 -0.98140622226640761294 -0.096499461085046131514
