1125 17.292696884352682929 17.968806560800352656 18.477561601407678893
-6.8598129113851635807 4.5878828204933004287 -4.6090434494776175711 -0.7773861846200025294 -0.010959147877578793301 -0.62892814934598351151 0.10859329314311430559 -0.9871740665440472684 -0.11702503589980070564 -0.61957906408005580801 -0.15927102505117010645 0.76860557110470084652
3.4843444137403807304 -0.043039596978885139023 4.0763051433050767614 -0.45598228672335561207 -0.00091406043129727519714 0.88998838120964296472 0.64461996592898207492 0.68914416575444403801 0.33097646190038904068 -0.61363283298732895776 0.72462368392159870467 -0.31364831097870887744
-0.18365640647393494111 8.0609382272574965356 5.5859002256964327415 -0.65544456013365393066 0.0022954064603444308129 -0.75523980277821345375 0.67724006072352871399 0.44438715074970375207 -0.58640085300052213757 0.33427283578312599888 -0.89583189905149851473 -0.29282568176269480054
-0.14543708256075460472 5.7728893321860033083 -8.8643065731179984112 -0.68237876080473691687 -0.0054794566317333710803 -0.73097825026322793551 0.73072511875507573098 -0.032473095841264378036 -0.6818990386172671947 -0.020000690569469448815 -0.99945758969634101998 0.026162927497775958358
-5.1088999257288767453 5.61009490693780144 -6.2995919523456729294 0.6245500354539346155 0.0073011949555609224893 0.78095066794695777723 0.71152858701586774171 -0.417562289018640731 -0.56512724642279221765 0.32196944431765472938 0.90861896708247580356 -0.26598355134082923845
-8.4142201178918885063 6.6550443102197629486 -3.9696035328191472402 -0.98629414972744011703 0.0012852458122749800973 0.1649915099522296924 -0.095070047282129241384 0.81286120318620591618 -0.57464628291194963516 -0.1348537590238518824 -0.58245601765086740809 -0.80159806086285700921
-4.1829841728546712787 3.3123354904549566768 6.4704743126446082613 0.99082738518585866672 -0.0070431744157233543147 0.13494994057016829192 0.08410603642006825309 -0.74950055039171326055 -0.65663924616187208105 0.10576987947159430248 0.6619662519015672153 -0.74203329705634446523
-6.6727349915778191303 -5.8305462606400952907 3.2975325748312327434 0.39474678557296244419 0.0050618096000018325195 0.91877600826511074406 -0.89260390723639781996 0.23915108680254235085 0.38218453980697958405 -0.21779173553224573379 -0.97096917343686650614 0.098922313808075187924
-2.854077662402736415 -3.3073447012658041544 -8.5122523595126224905 -0.75923538731874151697 0.00040776694670356748024 -0.65081599578452287158 -0.1742086056966352936 0.9633811403328993439 0.20383360898569510833 0.62706697277422651648 0.26813543625759278521 -0.73136201670507228201
2.5963678281182467344 -8.1598252377677820135 5.2520054971636680463 0.68038362287600018252 -0.0058757277629571755956 0.73283258766615577695 -0.14724282488128387358 -0.98067290758619496405 0.12884175894311988841 0.71791202542047238833 -0.19556616310053070995 -0.66809894447383055827
-3.5461237055784233796 4.6538924914518133846 -8.7180833000450110859 -0.82284453006305369183 0.0028537233402647129571 -0.56825939113102952316 0.24893535672689792726 0.90074410401981563901 -0.35593713945679733568 0.5108405499925521287 -0.43434078249297680685 -0.74188275161703920446
-6.600304207120893274 6.8132153984201639929 -1.6824522462106314968 -0.91168529391971653286 -0.020765180958439859865 -0.41036414574124230326 -0.050495211654471003349 0.99681400186959068233 0.061742038165073349909 0.40777464174502286998 0.077010732606210233198 -0.90982920848543435977
3.6429602447054523218 2.4225062990707191268 3.4859792559978068915 -0.96211480576490482353 0.0035893997732564042816 0.27262101301514696239 0.070896235464574172691 0.96881006548249271049 0.2374463746137126241 -0.26326569150794659757 0.2477784761222770471 -0.93236098290613655948
2.2053369575463883656 5.6559944479440940057 -2.4609695830942279748 0.90609832931584921578 0.0013647282880972731994 -0.42306495379304082105 0.40470128548030537274 -0.29423563384725692771 0.86581883861743536013 -0.12329917737659427945 -0.95573193380327836621 -0.26715872354663705579
4.8302147486246047592 3.4343157952367882046 3.6661376248867996175 0.8326342331704572608 0.011041343801398467023 -0.55371321320658606346 0.47843827590232557156 -0.51793353002504172178 0.70911330168578812216 -0.27895707537931485609 -0.85534960525088876704 -0.4365317890976007642
-3.152474788468533351 6.8213408430319129039 4.4600966739039407116 -0.35811037629253783532 -0.0018082954296610473204 0.93367750773968338773 0.28283291459426529446 -0.95322334721085377751 0.10663391934128195471 0.88981037351427627602 0.30226144378590458217 0.34187061702728349655
-4.4883530854510684804 3.5114249646275772498 -3.3638967514996185315 -0.19296683795833782793 0.0048795126429595110651 0.98119314602407470272 0.80177941390710461 -0.57565184492980070452 0.1605450866991919856 0.56560902652164191107 0.81768034327900718239 0.10716942349395208733
-7.5295357900718622446 -8.9377144387657843083 -7.8054801895915257859 0.72173220780980762434 0.0021257676323395173143 -0.69216912768639615727 -0.089353302154199787388 -0.99134192367119600142 -0.096214228501110679592 -0.68638080363916476045 0.1312885047666499938 -0.71529345090785811934
-2.6074417522332096198 -4.654963712994907965 -8.7310623742199595654 0.96593573032278678969 0.0058185628125577253111 -0.25871665816563066409 -0.21788139123758096249 -0.52113437027864650819 -0.82519492695129459392 -0.13962759124895834928 0.85345480984101818045 -0.50211455199089738421
3.5838163566632643686 6.6641718934723375156 6.0417311585954944775 0.75929970118053946582 0.0082460123492499749071 0.65068884043563224306 0.030974421560278974502 0.99832836428454252431 -0.048796129704820292994 -0.65000349921844469137 0.05720559715182800542 0.75777501321862739125
-8.6160873258098789051 -6.9230038630479384665 -8.7975654738026243251 0.86470631014717702634 -0.0086454301582384179836 0.50220339876261321788 0.50207723405958704088 -0.013375806080229053069 -0.86471934108740866609 0.014193245944594841748 0.99987316413084692535 -0.0072254702597707764003
-2.4326366036916748925 -0.01674793539034227785 -1.7164404641076065339 0.045985046200153659179 0.0031057924175527818617 -0.99893730012419701403 -0.56853030736069709583 0.8223233064423152161 -0.02361502264183748187 0.82137608020843977386 0.56901206818082217254 0.039580312356026020604
4.9813687458887940807 -7.4217816225182859924 6.7871346480121710343 0.99763218033878475755 -0.0042450505756181930797 0.068644098786982521432 0.04038346379809616693 -0.77175572521681212734 -0.63463554615764772304 0.055670536231880063394 0.63590493011212512187 -0.76975691699070658558
-3.5142233756395455657 -5.7064917080117991688 -6.7044072639507863443 0.41314352607761345437 0.010658393976835477471 0.91060355012381299922 -0.56654927280074174334 0.78587146602057933453 0.24784664690885255256 -0.71297569969056784345 -0.61829801676277151845 0.3307162138723088729
6.0280129309233512203 -2.3035213962847604918 6.042412538316868087 -0.97866996088366431383 0.0011113979968532421757 -0.20543581104187769171 -0.18751805418422656802 0.40363893324416993957 0.89549572356565398934 0.083917143772544514069 0.9149176883000331717 -0.39482089181947865875
-3.5008680028830250208 -7.9400433533455494484 -1.5220707699113127376 0.91075427791893237561 -0.0035436740270752167641 0.41293351477775269709 -0.38520119707055588965 -0.36765507249080398022 0.84643356824241700043 0.14881761665813761364 -0.92995547745391360372 -0.3362084575467035874
3.3150561601634698228 -4.6146790252184430869 5.1549044189196457921 0.77541460433558773158 0.0087641747635311406661 -0.63139162223119171813 -0.3751788092640814809 -0.79788078490485070393 -0.4718337781029288136 -0.50791047681865442165 0.60275155936794400091 -0.6154002804818571315
-6.6635941111270229342 5.5311994629591838546 4.9033414153961007997 0.13726353344901534581 -0.00081369630982915802653 0.99053422973848337385 0.13512953666663346519 -0.99063526112576405502 -0.019539389302848583774 0.98127403445992311681 0.13653247713422769771 -0.13586814189598991898
5.6618205636474021603 -3.3941475222150208069 4.2220759295397760624 0.071296881732838587875 -0.006805586376190614871 -0.99743192181151496545 0.042422273883536823491 -0.99905122386782374555 0.0098489982398220314586 -0.99655261041931564314 -0.043015533029918381902 -0.07094052850401519339
-3.4504164014707621178 -3.3246677821165717681 0.79241316392007532521 -0.85746272621021513149 -0.0059327542880169802098 -0.5145118808997138915 0.23995440803822992715 -0.88915629030701937019 -0.38964467591704166072 -0.45516980921775701541 -0.45756517987504952139 0.76384196725675312933
6.3876920664086753732 -7.9131066415434361261 2.5901420353960609155 -0.99759805561358427806 -0.0078333113071934381416 0.068824114013681464419 -0.057522428039667984623 -0.45986858062884805598 -0.88612192096963271482 0.038591316487549112701 -0.88795243554174918543 0.45831341078714071813
4.0168322964246980789 6.527400503714078539 2.1194746065409328928 -0.11817138447840476456 0.004249564824706808866 -0.99298412126739143968 -0.5352188763227248014 0.84202834778116653069 0.06729796401663103167 0.83640676606429287254 0.53941653917152432296 -0.09722920831701180322
-5.3242403601499148635 4.5131099866261230602 -2.7890009800085602265 -0.46246245093599147591 -0.0057955555875032292029 0.88661992590363269962 0.06197243333930583381 -0.99774426755928524724 0.025802985450087061875 0.88447040593782022544 0.066878906148099839801 0.46177842406545593912
-0.98359682178141605302 -0.19236349567011973294 -4.693863187621512445 -0.52229301874440525744 0.0095954815438561644192 0.85271210223899795988 -0.020636125402430514214 0.99950165464689755268 -0.023887082003707656164 -0.85251636517962958717 -0.030072730042836413877 -0.52183472288516630222
2.1994422689129331516 5.6056441729115995543 -9.2074551973424121343 0.84851571393489377826 3.3323574980868072432e-05 -0.5291701825447170382 -0.18893813661155217654 -0.93406769358642616208 -0.30301802641296787799 -0.49429086956833107047 0.35709598525767233257 -0.79256481979312853881
4.3557398298604876885 -5.6530456013422742956 2.2642627282091636332 -0.41048247353607852927 -0.0041760925977440185169 -0.91185892503749588212 -0.63611851370010585871 -0.71516951573361176031 0.28963045470608006493 -0.65334322943425604535 0.69893856955805933051 0.29090806199944296839
6.2103717366108339704 7.947078552170343535 0.51966709991491188969 0.4763273633404214169 -0.01472177514332771199 0.87914476183975631685 -0.64385508839226479605 0.67508693228250504781 0.36015032835293686597 -0.59880119245443175213 -0.73759128465430479071 0.31208368864357255434
-7.7669529403975543502 -6.2945074380064776065 -0.58658534102375137209 -0.4497590496666594162 0.0079470801786339917427 0.89311457336640776017 -0.0094918793743752477576 -0.99994647286956039878 0.0041177204548970870734 0.89309949136073174536 -0.0066253537591847121158 0.44981040808177774615
5.6322976848887567058 -6.7103405323120259851 1.4400996681051019266 -0.29958624097444924717 0.0069483217811383869711 -0.95404392196761900191 0.54988188896670808781 0.81843577277914414392 -0.16671170931084355882 0.77966530794002875115 -0.574556008287688047 -0.24901285295207706283
7.7986623019143186397 6.7399504165867174521 3.1664973793647677169 0.45660504527173517708 0.0044813602401341159215 0.88965822091570190278 0.56859662855380088686 0.76763569830676869898 -0.29569123876426356423 -0.68425850862771175898 0.64087077644039947 0.3479582464537549491
6.8549774440729906999 -3.5001607058438088949 -4.6927497959200730193 0.99289874864743843386 0.0032424165251709732502 0.11891829829473124502 0.1146679787970112524 -0.29224994681406768482 -0.94944258553445359805 0.031675378022962823177 0.95633647599683690999 -0.29054640783339974464
5.183232703084585502 2.2435028425370129312 -4.6634395613268058156 -0.98279205353411236423 0.0051548740662881653227 0.18464345854525940349 -0.062562203897102000583 -0.94981907357175854312 -0.30647952317068671846 0.17379801539065650728 -0.31275734164484408906 0.93379713808365960581
-3.829483227749414187 6.6640873821255333098 -2.0475902319385181904 0.76194900804398357774 0.0032118878090873458075 -0.64762905502886725095 0.32965070947561442294 -0.86267620068412964596 0.38356248841016210571 -0.55746221296452613814 -0.50574643503426541802 -0.65837407646932299965
0.0054349762139735344202 -0.84773404486915948652 -3.1393007478470198457 0.63746472634527118206 0.0024380726879897861303 -0.77047568324174287024 -0.75998086820231036675 -0.16252890243800291459 -0.62929598428630095786 -0.1267588365044681753 0.9867007710921512631 -0.10175355371764722989
0.54663124094744364179 2.0595849240360895038 -7.6150725208144036671 -0.14409832893576390855 -0.010577360722435502974 -0.98950684234013064344 -0.67675920268707867589 -0.72848372616528278556 0.10634115990782963546 -0.72196444038209395266 0.68498144511536296353 0.097814961388201504544
-1.5619092967483572121 -8.8770895027433613933 4.4768140482388973922 0.45147642682593347452 0.0026817564095386985101 -0.8922790170137308019 0.52487666984929648439 -0.80948086964154875034 0.2631448329950681897 -0.72157710431266008921 -0.58714012796489445378 -0.36686912198352827907
3.675725056466134788 -4.5892296123574931599 -2.9543596131544886951 0.12443089020918267351 -0.011830630219210713783 0.9921577443888288661 0.93399239882573781291 0.33892148377897340916 -0.11309476897309983512 -0.33492559247954384327 0.9407402744762403124 0.053222020635657674159
-1.1423988286671831194 6.8226533827307056512 -6.6999725435825565611 0.69371154839112314505 0.0072759981729926563251 0.72021618107318496893 0.21806962475551389113 -0.95513738137099413184 -0.20039516328188947125 0.68644732236934202785 0.29607371135963700404 -0.66417650594841948219
-3.8756931900673339264 7.8538536072310423108 -6.6267589986247834588 0.48650863361301788235 -0.0045273024255925624695 -0.87366403894906063954 -0.0043154738051513086977 0.99996192234263836518 -0.0075848896207952971535 0.87366511095835530654 0.0074603885601283032036 0.48647057104895685686
4.3541497754884623816 -0.098565457662388084037 -0.11236937283874420812 -0.57028370810424811044 -0.019192248626768656367 -0.82122356874550439532 0.64474454117498924965 -0.62992638672975564962 -0.43300949634659341436 -0.50899996944558612011 -0.77641767425418783954 0.37161085319198028376
-4.2416902005547347798 8.8711300763349552057 -2.8543637770928667052 0.69095708176124004396 0.0046836676377111806022 0.72288060869103887285 0.0052899920061983997377 -0.99998499584669076068 0.0014226967936549939249 0.72287642591844802897 0.0028410102166496675399 -0.69097149109946798262
-0.2725865191920747721 3.2816724498212201944 -1.4051557407940051814 -0.90023913948111644601 -0.0015486240058372956717 0.43539303337336277 0.40552443045533431709 -0.36699615381718297957 0.83717606235886210531 0.15849109769955141425 0.93022116985543890078 0.33101230657314584249
-3.4404590721067296322 -5.4496606841626880069 -3.9862342941067234747 -0.85826768693098842711 0.0057775465637782260839 0.51316975507705231418 -0.26804314332394663101 -0.85775718445406090584 -0.43864049725776022015 0.43764077836430020918 -0.5140225991853939469 0.73773390639156843918
-6.9000998328718914365 -1.1588769780745724614 -2.7787915473817301759 -0.99807220136236973751 0.004440130064641237273 0.061904491862652483158 -0.046817509958283223814 0.60092899510008668251 -0.79793011198305774379 -0.040743117566958662878 -0.79929007756433978482 -0.59956264916845758428
-5.3601285147071893178 7.8351497653995432202 -3.1457407249282489659 -0.75159125853368080605 0.002281663764319968174 -0.65962517698020461943 0.13794621419271554941 -0.97733897391698110191 -0.16055955920618672494 -0.64504373656800884085 -0.21166795712428779219 0.73424468254230501607
-1.0092168133483387926 1.1225758766607079053 7.6257364710191204438 0.63721628791719153728 0.0093609277281530428594 -0.77062816938212186368 0.19367430175810376736 0.9658924370337749199 0.17187805246434034734 0.74595285859854676414 -0.25877436718596580345 0.61366942211228114878
6.2111847746905937129 -4.6356155070349780445 -1.3329492528145221453 -0.96128642359817184637 -0.0024260027454728614119 -0.2755404259206792883 0.26116620709570859127 0.31084374346357235286 -0.91387547260064627697 0.087867081874252503382 -0.95045793260945898862 -0.29817628051648153997
3.2555390343556180888 -8.7507540803668177887 3.205404380581602819 0.77960814565428626643 -0.018983339460216960143 0.62597984955776275751 -0.62018315775041965576 0.11559005378768789918 0.77589418757203276744 -0.087086107228472306452 -0.99311558858390236448 0.078341800078649825867
-7.8166507123614614727 -3.5404217363258396745 2.286237651155554218 0.98486915651261641713 0.0049032970987569601123 0.17323020010261216961 -0.040215751271088860663 0.97877873880192700629 0.20093499898949590543 -0.16856879278128197863 -0.20486126560849196587 0.96416618067282133797
-7.2690535009438885794 -4.4957091175916339409 6.508265026380885665 0.79212726451877912837 -0.0020193176721984137587 0.61035261870661683403 -0.093221088743862506876 0.98786191930253697269 0.12425239235331458909 -0.6031950144185849183 -0.15532144329835023688 0.78232411686746505808
-3.2704506507035571161 3.300272446437328977 4.1264694863654129975 -0.049641020208809595593 0.0086411332103426604506 -0.99872974318873797284 -0.48367195772557858291 0.87467842696557995819 0.031608332931667572352 0.87384049255164530923 0.48462664002067218361 -0.039240455652363545602
7.277384460472709371 -7.9603595424858202279 0.65308206724121731224 0.65036277893171701159 -0.0032748982704482124811 0.75961669993590907879 0.75634984827563345178 -0.089950281648912139287 -0.6479535892674825881 0.07044971819340536956 0.99594087267890629711 -0.056023346328882714373
-0.49483405181224471292 4.2073802692623756272 -9.1511429226908429513 -0.25975042010365895218 0.0085932996438483396501 0.96563754818087699228 -0.42207379078723411547 -0.90039920408191542744 -0.10552245457307951604 0.86855249374262699646 -0.434979802393050341 0.23750607807746709765
5.6773052862967494647 -5.6635463667692533818 -8.915396892396305617 0.78091220630099200672 0.00069260586474757931605 -0.6246404136356308312 -0.53035591994290431916 -0.52756502694933826714 -0.6636246985468611248 -0.32999806701166167766 0.84951436870541818802 -0.41161464154171623075
-7.7995416947783127171 7.8701170381981695456 -1.828893997623585177 -0.51752993558270532493 0.004331066160395830901 -0.85565414020020080788 -0.24781707825679796797 -0.95788835120205573226 0.14504000260444102621 -0.81899295570840313641 0.28710825222741792606 0.49680920885458035308
2.7026428646501168274 5.7868287884563471835 -6.7382410856029268942 0.97215930314391452161 -0.0090330364632017264709 -0.2341467351108428574 -0.16549680743074160483 -0.73387274844967309573 -0.65881833293643821126 -0.16588277801227588326 0.67922690857694378863 -0.71493615842514446346
-1.1170080346854311948 -3.5474874699348335483 4.182748888295638956 -0.47149576574179868915 0.00035062028272980555119 0.88186825544010383204 -0.81005391825288441954 -0.39544069995974362453 -0.4329426085966682769 0.34857480174389193772 -0.9184914424645985731 0.18673263696702169234
6.3554039530226278387 -7.9034215550437361131 -4.9497842498911657216 0.7574658199524360036 -0.00096197955517040223059 0.65287411206089907001 -0.44836518342745412813 -0.72765446121474730568 0.51912199661015678842 0.4745673755053928522 -0.68594318982682778163 -0.5516047012457221399
0.8269868801357798116 -1.2565226332934726905 -0.80810815190418650023 -0.047451427800218923259 0.007180886098282673706 0.99884773457933906382 -0.87511675947544287357 -0.4824092057054932825 -0.038105321614454991386 0.48157971228496809779 -0.87591654461206303051 0.029175119367137819504
5.6798181977824642175 2.2258392419457151412 -3.2502475286957976941 0.96319215362092980293 0.0061606912570588466885 -0.26874322519086590866 0.19381010349772906376 -0.70868645071912206301 0.67838127800598502226 -0.1862753848070106133 -0.70549667642740709894 -0.68379523292039723348
3.6902351095452283758 -4.580287490535009276 -6.55596846907305153 0.68765546526919774095 -0.0099527894352223374164 0.72596894084263818847 0.72408215273992415639 -0.063927895013787483514 -0.68674468350544226602 0.053244691464002090464 0.99790488836453139498 -0.036753729189319669923
0.61576671478067102061 -3.1279720276271238966 -1.5773615152832396458 -0.52162810156606687073 0.00059888485526691636468 0.85317276386048690462 0.64342054399847103952 0.65697797798458623664 0.39292485287078893208 -0.56028040052902305934 0.75390952890906270945 -0.343083510246243506
-1.3904699351062355106 8.9605544346384604637 6.7689805307530237499 -0.97773138077438037641 -0.0045469108536728159581 -0.20981104034436498518 -0.2076113232290300592 0.16693038487073214027 0.96386294932111338252 0.030641238809065926563 0.98595820003107836893 -0.16415706587181783105
8.598219905270743979 5.3734122396052894644 8.8683880243924946285 -0.31763525652760316031 0.0014608998483581362229 -0.9482118484720192253 0.77097046720583117807 0.58255291566224165489 -0.25736479780669685447 0.55200759279852340544 -0.81279146539901370172 -0.18616565544583918435
-4.9753960677940431978 8.9089837076910960434 -5.9016895330177554513 -0.9956969634585169926 -0.0076176413544066963468 0.092355446508987290577 0.061824417188723550243 0.6877942310434345119 0.72326816408746108511 -0.069031140791348394314 0.72586573640275386943 -0.68436367109699114408
-6.2747862159777483271 -6.6056679429929374692 -6.9203581563265830212 0.93258458638224628334 0.017254329140714987079 0.36053887081434482509 0.24615076673172511801 -0.76096409487220117995 -0.60028613706528977101 0.26399960090803542556 0.64856451833350525771 -0.71391055201564301846
5.7674611708218392891 5.663901350164983306 -6.8570681657889149818 -0.79427412998059576665 0.004080152827370476902 -0.60754584913081932651 0.45244832921713629137 -0.66341437665453872885 -0.59596298059246666234 -0.40548627083065003074 -0.74824108227300056839 0.52508681850440441785
1.3268772552402194886 -7.7936252110402302051 7.088945155977804724 -0.46762280816866236277 0.0074448004678010406415 -0.883896761067911374 -0.010106374569534478172 0.99985413800608968771 0.013768220845270288943 0.88387033578104612364 0.015371325843399888042 -0.46747935983144184302
-2.2282623155642888868 7.7002113562839324956 7.2620942767189156086 -0.8521885897783390007 -0.0061912410149820981328 0.5231981230725227805 0.49697987373861685079 0.30319142133640275549 0.81307193232001351291 -0.16366310687024759885 0.95290956053697117856 -0.25529934760350952994
4.5288159707951010091 3.2926816915481746939 8.4265381042834146541 0.79735263546495505071 0.0033505475781387293252 0.60350438983310461527 -0.063893285150101980507 0.99483342842566990782 0.078892951519187848319 -0.6001220066200297909 -0.10146538088257067711 0.79344713349578721573
-4.8238686070668208572 -1.3325606050997944596 -7.044490189804328395 0.90360745077546777981 -0.012755786945804339222 -0.42817153665614782199 0.084354603047522680459 -0.97468523230561476822 0.20705796017143501819 -0.41997366089760218566 -0.22321735556416166801 -0.87965682872772965606
0.82420949057185621811 2.712708046115229088 -5.0958626985753463501 0.5059427966406606636 0.0083465908228193136376 -0.862526649413785651 0.85906135723961762896 0.085186332568682771038 0.5047344581472692493 0.07768829400256922757 -0.99633007741664403323 0.035929177694831421208
4.6541220562275835704 2.1544148502522340038 4.6153776491950146976 -0.94075875444156353833 0.0042961407155692379195 0.33904941987343290011 -0.11567752545972274925 0.93586537977971617774 -0.33282833568250075329 -0.31873449145830962115 -0.35233156841914542445 -0.87992658207955321004
6.1205853784491743852 -6.8463468992598839336 3.5456884039684077869 0.99688539404699305635 -0.01044908576853723764 -0.078168585392755063346 0.078779144942092746429 0.086006240449621004784 0.99317509681092353002 -0.0036547856187574036257 -0.99623980206068252219 0.086561534943429677136
-3.7778308994833533774 2.1439580712210726254 4.2390603416601706499 0.28862435615563031277 -0.0047682044938317149491 0.95743054330829169274 0.66527532710471914967 0.72014811303181680557 -0.19696556664179998286 -0.68855262702262720609 0.69380397773611857115 0.21102445426486438063
-8.1492167828525428064 0.69769920364006021707 -7.3338131313725751781 -0.29294539285766169057 0.00077688273616518480763 -0.95612885808169689739 -0.50679803456024985486 -0.84809112133888331364 0.15458719892564398712 -0.81076429926894388878 0.52984983378226779838 0.24883810936339573194
-2.579766174496506359 -8.9034878677750128873 -6.744256277700223734 0.45111418717390355804 0.0044130313348450210531 0.89245532957386797257 -0.78740643983304803299 0.47268449876911977636 0.3956772208922033629 -0.42010366415901861936 -0.88122068165590050626 0.21670953274428456092
-6.5338579290144513934 7.7694747769503544887 1.6234567459775177678 0.93164789219674581933 -0.0030555970826350092526 -0.36334951257978920225 0.34620716034935611338 -0.29616222376521328385 0.89018455352667757996 -0.11033044497439364884 -0.9551327659237838219 -0.27486104193003668694
2.1975021512515287014 -6.6410507997893466481 1.1810253047552476957 0.92563079991157581894 0.0098673665345533866089 -0.37829916380106098917 -0.32026590217151840179 -0.5120892563676578968 -0.79699080635809804729 -0.20158713788655352461 0.85887556059663705543 -0.47084540695247018016
3.2816442202594195976 8.1339081678066484926 3.5756130528891669762 -0.69072795135568421099 -0.0034325303322760591408 -0.72310657233346131711 -0.21151728022810761809 0.9572111915675780569 0.19750234151224702051 0.69148777095558511263 0.28936992323569099561 -0.66189856484617970445
-0.64429045108382354545 -2.459466917496425431 6.0147906084732181142 0.96516528179971450285 -0.004157929631961689021 0.26160789443274545807 0.13624147095165964338 -0.8456332973714769663 -0.51608389625089368113 0.22337018691245635882 0.53374810350744905652 -0.81560941730769775937
7.1546161028233878909 -5.7561807837907341678 -2.5479305562444647393 0.75491437821754248105 0.0032768408641460633479 0.65581517508709008535 0.39453777681632667962 -0.80106308140986004496 -0.4501531764488384546 0.52387424466695642344 0.5985709664828150478 -0.60602687552494827194
3.2409998266870330141 -0.87589265970132090811 -7.7621037982390630461 -0.87043942054601219915 -0.011438617291245845031 0.49214263500919563921 -0.44811679692915468154 0.43225609595105873861 -0.78252540139177662049 -0.20378064547294555409 -0.90167833818264431223 -0.38137858222899484462
-5.730381610669602388 4.4089714929588623704 -6.9228317740392997237 -0.76461447620992195606 0.0077648112767838700643 -0.64444116137650131471 0.5758976077346755762 -0.44065182648906475738 -0.68859851380706904589 -0.2893210123305141046 -0.89764451511612564083 0.33245702926313475123
2.590195192940986324 -2.3378208884810951496 -8.48056615519775292 0.99997278037561165842 -0.0041750440471415330157 -0.0060833802167866400656 0.0036760705568583528641 -0.43295938869072281285 0.90140593200276941666 -0.0063972660502888117201 -0.90140375900689184707 -0.43293225594215445362
-6.0947753936886890358 6.7046941805426412131 -2.7013657199095963968 0.90418360545380238591 0.0043968005237747433828 0.4271213829514353133 0.41704222409543917349 -0.22526979062605972937 -0.88052785575087166858 0.092346039172083935198 0.9742865028195916155 -0.20551890295735866787
-4.4341438345281751765 -4.5841229913686420971 -5.4388173553046224029 0.7933865516364513315 -0.013651717560429672133 0.60856504195544403046 0.15526672890054640797 -0.96214040368476705378 -0.22400465730450200286 0.58858306344895472417 0.27221218599702878826 -0.7612295995399482873
1.0113568105877828174 3.2936265102051152098 -8.1350565601668058946 0.39454461485702729817 -0.0022922507321695879956 -0.9188739263217622355 0.3514880401350291006 -0.92356816478793279934 0.15322533286756864768 -0.8489939366857822689 -0.3834274254364924972 -0.36358314715306916387
-5.0021403738967444852 0.10146132201031984876 8.6690031330068961779 -0.80194958181717490575 -0.0057389242882312715976 -0.59736415440749723871 -0.2572718034379161689 -0.89915552189902880897 0.3540205736878985765 -0.53915497528897227131 0.43759160433730304174 0.71960093137417113773
4.1538765950153377915 2.1676499394867874138 -8.8308898161532116688 -0.15567990689615965327 -0.0027676065852355767258 -0.98780367834021165496 0.51845292164193579332 -0.85141899666435560956 -0.079323767938347777839 -0.84081527973125680386 -0.52447881985132704941 0.13398370385050767384
2.0940061912741465555 2.4990350085004391367 1.0293650239793514789 -0.18059851454517272806 -0.014513469071393680226 0.98344981354375260452 -0.9501472262738408503 0.26096955635911395222 -0.17063158868772485 -0.25417400525676325795 -0.96523792396948704386 -0.060920646601922617824
5.4500897845967202215 1.0451975939666335869 -8.017092342964405205 -0.97650379856936198042 0.003257671376763855535 -0.21547556464033901236 0.13985629466116433761 -0.7511345938008764378 -0.64516435025440910245 -0.16395288415729472598 -0.66014105278557866363 0.73303017823526184227
-3.3947427034785979671 7.7488145384569522278 -0.088476171101114720052 -0.96230332007274688166 -0.00017962057333777581986 0.27197846957708132765 -0.2093192162673167267 0.63899515409527263277 -0.74018285493769087058 -0.17365997200924246369 -0.76921073886103297212 -0.61494475633392797764
2.8749064031264524033 -2.1556769550403651614 -0.88278943645778851224 -0.21297558795795595854 -0.0025804798027248025336 0.97705411316773249641 -0.73443773201316497889 -0.65909922942305809723 -0.16183146656133429175 0.64439321592451692666 -0.75205155866977801971 0.13847684417519939837
-8.3974961394235965173 -6.9334058466474690618 1.869785118169996263 0.89157452437317907812 0.0019369801024867478595 -0.45286986607313917119 0.43022722234571370015 0.30864512634410717906 0.84831758388996170162 0.14141925131189284071 -0.95117529093846131527 0.27434679015104462829
8.577542192324882464 4.4548519234638499498 -3.3718393312934575867 -0.8917752637086681089 0.010532195464937114254 0.45235600128230629702 -0.04452550632923306384 -0.99691958592179108489 -0.064566388251718773161 0.45028253166593928958 -0.077720087908197191262 0.88949717796745220166
-6.1916057639645947219 -7.9489218577723264048 8.0828109961380825155 -0.40455981563682030799 0.0037415853084645086732 -0.91450388523573211685 -0.30232772655274192664 -0.94431400804788867553 0.12988071435733589132 -0.86309286946976981891 0.32902439840220426559 0.38316268597902464199
-0.3168275715758612221 5.8747546403072528065 4.3306755430724228617 0.90534132368353625875 -0.0040365263329338110787 -0.42466550847262801716 0.41042953154787253922 -0.24858891501556906745 0.87735463238357358495 -0.1091086030724746081 -0.96860066992892324134 -0.22340110776139587845
-0.59874948140736650171 2.2240846727994179055 5.7950563420030576367 -0.98167686417994015624 -0.00078232696130854542486 0.19055162633352340507 -0.11496997207988042533 0.79990275031106805592 -0.58901400285946881041 -0.15196196844545503679 -0.60012913444453352962 -0.78533596768333358007
5.0682270689486053072 3.4531547492334224714 -5.269996010947478382 0.76253337927327857759 -0.003171628623910181452 0.64694109953374756561 -0.54439170820312776655 -0.5434342531490777839 0.63899677663050724608 0.34954329278904822109 -0.83944574171065899915 -0.41611336579101448896
-4.66545873371211961 5.7076898141536478448 5.6434912370149579175 -0.80848707040823997172 -0.0021956641841400763998 0.58850984362335312383 -0.0246552392344701575 -0.9989887375307971995 -0.037598157736705828391 0.58799725863404805892 -0.044907475387851690518 0.80761534315115302007
4.4240265529750733009 -6.8167324723079829596 1.5224343402974356287 0.17871665665074656926 -0.0099767669080486707373 0.98384999911434833919 -0.9613526381490482553 -0.21461789084135959871 0.17245366349946708584 0.20943128171117295078 -0.97664713435953021126 -0.047946983096007561587
5.6368801992162609338 3.4369275563743308943 -0.74838808936807887928 -0.61795910236855366993 -0.014922998498869752618 -0.78606860509488041266 -0.7023775261289584293 -0.43875984633575126903 0.5604958590677008301 -0.3532596192443964167 0.89848044016483841201 0.26065406202892854592
1.9383757737037476954 -8.8908193997205096082 -4.115629786198002904 -0.1907195552136282668 0.0062855518855704055337 0.981624440963176359 0.97835258786962309152 -0.080609205337301897965 0.19060002576934065299 0.080325992477091073818 0.99672596427103687944 0.0092242658347310366174
6.3984793045197383421 -4.520474047046503685 8.9779265915391395225 0.99961459693050358499 0.00052460430103948155808 0.02775576325807437017 0.022160452186690070275 -0.61727621250675757114 -0.78643435316127729973 0.016720405575086989131 0.78674633921198033892 -0.61704993782819139714
-8.3749526289113038757 1.0796563777810888052 -3.7471638999056278152 -0.79190395598321416948 -0.00017255810974890631662 -0.61064563760130285974 -0.56704295543930238743 0.3713007203765424924 0.73525373969424223652 0.22660629114061314748 0.92851265218713519012 -0.2941323571862841102
-2.851558749615183519 6.7252116182243728559 6.8198567082214500701 -0.91564658653965624868 0.016977666747597149749 0.40162555619641604476 -0.04406635148390522505 -0.99732574245151095482 -0.058305403782426101778 0.39956161630607023305 -0.071085316874564916101 0.91394605557414965169
-6.0484415429413038723 3.3022003515495361725 7.0071342654929926752 -0.65352665730755965523 0.008673506921839026218 -0.75685380257093870515 0.75621992861308129363 -0.035005262775962102395 -0.65338047961852274703 -0.032160966354555078905 -0.99934948934580791757 0.016317793584844305504
-6.8832624399255903924 -5.5888139379728984935 6.9996281264876829553 0.99837162827361369821 0.00010632634352086660356 0.057044548846559670063 -0.056999889831193494005 -0.037746257852440109892 0.99766037937635199118 0.0022592958301141559396 -0.99928735042171268343 -0.037678732323338737231
-3.2517008025139197969 -7.9929297407682327048 4.3614644389284684678 -0.27198400173287612391 -0.0039497254120126118124 -0.96229366747907785218 -0.73144542058608108537 -0.64895230015630500642 0.20940035536055404131 -0.62530976284138695132 0.76081884295197266255 0.17361563496517976035
-7.0975845038034712786 -6.8646050630535526693 3.8685305976095869518 0.95267246034865860072 -0.0052344824897116110432 0.30395358771736863401 -0.037436886376814623723 -0.99426127037559530741 0.10021479815753719933 0.30168470765302857206 -0.10685095425139613801 -0.9474012934042697065
1.8448501697590378168 -6.7340216449198555537 -4.0910006839071817453 0.074604941168465929713 0.0013933511893405132413 -0.99721219473353794882 -0.38104424035256317937 -0.92407648014437882011 -0.029798418384455543917 -0.92154185452820147617 0.38220507246314217031 -0.068409742990945224261
-1.9093513179443930561 -0.092489795445049871603 -9.118518548371984167 -0.074996742407635652583 -0.0041017936944684378966 0.99717534261374340954 -0.97924416233740263493 0.18913172116868381956 -0.072870176176994413964 -0.18829859042637542288 -0.98194315891317618394 -0.018200920503907810216
-4.0342511018165714276 -7.8856703766652120891 -5.6936604326886088856 -0.5460456971409914928 -0.0088739780701778160632 -0.83770839147452169637 0.75622487749747047125 0.42506760113678748736 -0.497434889324601337 0.36049692271543787303 -0.90511810664503367097 -0.22539561161572327364
5.386436840662174319 5.6558876243676365903 7.0122387791900724352 -0.94537908728098551947 0.0055534240385486637742 0.32592566761919822271 0.181616795136079201 -0.82131594197439428129 0.54079151545027270842 0.270691191316138835 0.57044656449122144171 0.77544632051728956679
-4.2342051967391975964 3.2559409981596947325 -7.2643489364534641339 -0.99938511757762238386 -0.017132576739024969747 0.030591854775658268439 0.022170218732472019019 0.36716633078029148329 0.92989105111441672236 -0.02716372886189375585 0.92999750556425342385 -0.36656073368380776012
6.11586805749391349 3.3748902530738371652 -6.1865514358341195944 0.87613508578965593188 -0.0031959984106033362955 0.48205507677313225168 0.41009099981830887671 -0.52070621908734326944 -0.7487926316890421985 0.25340221647903504731 0.85372994500482790592 -0.4548983377477305301
-5.8661416278522091616 7.7975148250597312582 -8.6041773102898151393 -0.95329859676053274598 0.0034247679499532497453 -0.30201002695090550798 -0.13884238905893506177 -0.89298727972203573167 0.4281314158704075945 -0.26822486166421100062 0.45006887163990949574 0.85175902364784394916
3.8074750607829264126 6.7676821955356389893 -1.0382778944582815583 0.14057528706424082809 -0.0071233907405059224832 0.99004436565800102432 0.65418484380440855563 -0.7499217999315777039 -0.098282674586946450201 0.74315595860042249488 0.66148813390093352815 -0.10076045804221420155
1.9514103596794212248 -3.2276625256064552794 -1.0021997270483786746 -0.19303546896380435749 -0.0024809296515739820421 0.98118864277474870939 -0.37606875427705666048 -0.92344320300053994721 -0.07632131345976270187 0.90626133084133886353 -0.3837271111347074215 0.17732429162903967645
-7.8064424680856943084 -1.2367216577521986665 6.4862832609112714977 0.99998887811927861247 -0.0026071244492361822682 0.0039302086382966673964 -0.0041195282499076309526 -0.07709858697139915229 0.99701496346535145587 -0.0022963285549017866706 -0.99702006538934639934 -0.077108469612711338925
-2.4151547861672577611 -8.9747783481891829638 8.843344381141349686 -0.011724102953165241314 0.0076083222090744381458 0.99990232465135242546 0.96599333522898589433 -0.258225126486656964 0.013291363517722719345 0.25830102923343079002 0.96605481080741384403 -0.0043221305783726193112
-6.7923431708318107169 1.0352691942389282698 -5.484992946223705701 -0.88414680492936259526 -0.0086960046170234828883 0.46712825523282341944 -0.27588224316735437958 -0.79718803567079987715 -0.53701045026051119624 0.3770589015501206176 -0.60366846471193158497 0.70243218140573981945
-3.5387498495920919339 -6.6772170906751604491 -1.6199256798500862864 -0.71443628807286929661 0.0028423081114280039638 -0.69969472741288707418 0.62708172569694264897 -0.44101637520936792791 -0.64208493682219180965 -0.3104018356609766216 -0.89749455601774830171 0.31329574260871906333
-1.5543135379225447856 -3.2993984209552968956 -0.72064560346957728942 -0.84001581099661615237 -0.0026235291748064049067 0.54255557721811831229 0.52200211493238668492 -0.27658022292841100143 0.80685635170779212988 0.14794333131940695658 0.96098725141373297909 0.23370124804662151252
-0.35238789731260788951 1.1114475038072408886 -9.0074739150626257356 -0.90586243786628106722 0.006780175640527215733 0.42351773620635480011 -0.20665266815890090402 -0.87987279844376709015 -0.42792351337766365571 0.36974033916503673547 -0.47516090724817117152 0.79844485959702127253
-5.2663808351695777787 -6.6935129634019219225 -0.14198780782699341185 0.19520905818151121358 0.011442028390655360412 -0.98069490851668883469 -0.27968896357846406708 -0.95776069971441246675 -0.066847032356412552923 -0.94003590742930009938 0.28733868877808860232 -0.18376335509267527346
1.2587134821778296345 7.7942943788875416189 -7.2633014834834828122 0.76389131798126241879 0.0031774828321877979752 0.645337088594550079 -0.64473104774133405126 -0.039848418335799141998 0.76337014588874751997 0.028141257807050831796 -0.99920068412649343248 -0.028391238966494078411
-0.12159428003172416399 -1.2663497410309003666 3.7783436029766082065 0.90903377198661872161 -0.0088288250184221719885 -0.41662891550675912322 -0.12639115740013054379 0.94684056892365087155 -0.29583477207897856953 0.39709303282552799175 0.32158200958490834598 0.85959416842648139756
-5.3112656577233687827 6.7773447175093197714 -3.6845726179222388907 0.81011875712491732138 -0.0060493032470784711963 0.586234599187301475 -0.5321221744090026684 0.41212573946318681317 0.73959337907670830159 -0.24607639231873854047 -0.91110689866883121102 0.33065182343571575263
-1.9513012760515293653 5.508307905373111879 -4.2129605271024068713 -0.95731979942114209248 0.0046725476508688136915 -0.28899302575395563464 0.24769433718000652411 -0.50201524721251555849 -0.82863031980193357917 -0.14895071992087360879 -0.86484614751101418495 0.47943177217437349391
-4.9484058875435081859 3.2035919908243224441 1.3685434500700150995 -0.69093880468580226584 -0.0029749922170286546841 0.72290712930554723581 0.63948615502479355666 -0.4688695000398540591 0.60927731737201007434 0.33713650901561204032 0.88326244194686953648 0.32586259824537061602
