1125 17.292696884352682929 17.968806560800352656 18.477561601407678893
-2.9197723167774980446 8.542195205489390375 -2.1963831180597757076 -0.94244773359938538437 0.0069339460400305742011 0.33428160258330702481 0.32906473904516186924 -0.15788603214205437775 0.93101471436900495871 0.059234001642007323707 0.98743299582656796076 0.14651761601516832823
1.0587712408971357014 3.9790367393523413675 -4.714448934488260079 -0.42807938191835798181 -0.016251479433850350709 -0.90359500451950969246 0.84086529509454766007 0.35925527911347571175 -0.40482243012754087763 0.33120023895192091112 -0.93309781579701189802 -0.14012447278389780769
7.0184437490511433211 7.1227277004278501948 5.0327923165141248418 0.4909089266123034534 0.0039830418974350131206 -0.87120179129157782061 -0.64720887316811559486 0.67108016974478323924 -0.36162422522250581292 0.58320588154189689778 0.74137408988494801765 0.33201710585861116121
5.1549816325239108394 4.7066215712167469576 2.2651380594037271443 0.16852896592137164844 -0.004515102514470195616 -0.98568636061124736969 0.94736545293942897583 -0.27541217666696282684 0.16323857240462211204 -0.27220706497575375415 -0.96131563328229041598 -0.04213747719713700074
-8.0493048499043187149 -8.5114654553137327753 1.4888867177027595989 0.054779806795724757251 -8.6857044718802756144e-05 0.99849845529339842365 0.040644652096696182175 -0.99917097877861860145 -0.002316769961030684926 0.99767088011195170782 0.040710534545394951034 -0.054730862898861115662
0.84436300545907916337 -8.3365190479817705693 -0.45138188835555437262 0.18931850372785388736 0.011685686384033763807 -0.98184619410568463316 -0.56174329381241305814 -0.81884443740449741611 -0.11806040482959184734 -0.80535891129544490141 0.5738965342857915708 -0.14845804771536888489
7.278230738036028491 1.5402339740268471413 0.80256876380083252975 -0.26499501881294301731 0.0044287543511290763595 0.9642396103350614478 -0.27035756514513353821 -0.96021984821840511426 -0.069890128458447234316 0.92557248607191333623 -0.27921000917258093077 0.25565082398629307425
4.078643579055741597 0.38650912729673569945 4.1941034493729842936 0.775070685979006746 0.0028250199487406795623 0.63186822281111110211 -0.61594993788586871464 -0.21970990237089596531 0.75652708663910761544 0.14096490965642768933 -0.97556116059553166231 -0.16855063388507607325
-2.8432789645806768597 -1.5712213839156730089 5.1329479919330145421 -0.7907004890113347173 -0.0087319857732461661493 -0.61214090624755457259 0.56009408656897252676 -0.41399672821404592815 -0.71756625005539398376 -0.24715855410563364325 -0.91023648655323186052 0.33223814904350673638
-5.638716628557340016 -6.2733826207632672478 8.532360004690879407 0.92852628712126461519 -0.014372858087860705331 -0.37098834897513438547 -0.019775722199255395956 0.99591712984521540974 -0.088079460106011295273 0.3707396052979256007 0.089120656592473243562 0.92445100120682477396
1.0903074099617415804 2.824691706513763112 -1.2561352764693298756 -0.34769536286505370315 0.0036683491502762849076 -0.93760038281604651811 -0.7433996834352897265 -0.61046641799317602484 0.27329043739360314724 -0.57137102246300341957 0.79203364557142985625 0.21498339231804625138
4.4209989623847265605 -8.5861467584737365399 5.7898216606886050428 -0.66372678054616784937 0.0013490244908411913594 -0.74797389053250895596 -0.011231049373968730876 0.99986766377301261599 0.011769387034162307609 0.74789078368149974896 0.016212189060107969063 -0.66362379448768604728
4.2047082268677051786 1.731113659369808655 7.4904715933631926816 -0.9975730993492442078 -0.0039197503550254617771 0.069516523302110264093 -0.0036048884507335152844 -0.99416739615494298388 -0.10778772287317878176 0.06953356192595060159 -0.10777673209031662926 0.99174052039134252823
-7.1127544374109064051 4.7678676149283933938 2.7807746850316088505 -0.70616630259942636538 -0.0056582262895679457174 0.70802340183668788232 -0.41879320623266186319 -0.80295800937943118125 -0.42411164283309826795 0.5709127809802282405 -0.5960087412518760841 0.56465226189658723754
-2.9570220805347404713 1.4664842892436662503 -3.6410128414466771396 0.87202164641585688809 -0.0051795885672748552889 0.48943990442576573718 0.4894665796920902312 0.010955908794839319675 -0.87195323006873559635 -0.00084589997159402875553 0.99992656726605377848 0.012089025125472925223
-4.0736930987320532083 6.2544727582354582296 -6.1237090935620193122 0.68844372830593036916 0.0058554879788900848075 -0.72526612096292708554 -0.09238024879693394753 -0.99111500712574951422 -0.095691861107979475642 -0.71938245918871801532 0.13287872632812020024 -0.68178597924921457984
-3.7638755978374529576 2.7759668401900250423 -3.6275209605882050568 -0.40342729479305694529 -0.0023956194127128563852 0.91500856762295601499 -0.063951145715461968355 0.99762503111751255069 -0.025584140577548899337 -0.91277416088380802783 -0.068837186861689575457 -0.40262237012780455192
8.6326999566375821615 8.7226917803894146175 -8.6735238124624753908 -0.83572203041610659824 0.00077516916240999173687 0.54915215285938456802 0.44179969549174646914 0.594885467710473681 0.67150897936687636847 -0.3261621022446846152 0.80381010159099486323 -0.49750136043986997736
-2.0374658615336880274 -1.7753174957305359882 -7.9439429643245258461 -0.67202903472073993729 0.014610194037926299213 -0.74038065798770014148 -0.26436848372528520823 -0.93865539485921767326 0.22143927951932823595 -0.69172702802827557012 0.34454693719643703087 0.63466615378761526145
8.5302058009976633457 -7.3097356420568599944 2.3653024514729348304 -0.026161881721996568112 -0.011341152272838423906 0.99959338443679424113 0.7106532524478377244 0.70304030086964197643 0.026576119705972532647 -0.70305583756221767811 0.7110595710757229293 -0.010333230447924821038
7.9022922167752307487 -8.2926342303082947183 0.8950594469698828215 -0.10618482046026106458 0.0084242990059345494031 0.99431072361202132992 0.89749385575341933396 -0.42965957815569905121 0.099485806946909366433 0.42805322424744446375 0.90295164770066416171 0.038062568568693756765
4.8652093574651136265 1.6237591636524153493 0.81515626365069671078 -0.99288750779397094703 -0.00059198821070431803179 -0.11905480425681634615 0.089473679034922995457 -0.66340756141767143195 -0.7428895397123735922 -0.078542075517647969018 -0.74825801499481936485 0.65874204767084998391
3.83519074078464417 -6.550723971294588388 -1.0425083464734288263 0.83878292502895068772 0.0023431540069059429016 -0.544460939195235194 -0.16644725108422347981 -0.95101317545680708054 -0.26051727910854188819 -0.51839995880250300253 0.30914147204310998829 -0.79730360150746881764
5.9920209427008028769 -8.575513890266382333 3.3547759709708095954 0.95694806371806373502 -0.00059834028866777300149 -0.29025858356869743693 -0.21396398344911188305 0.67427577495960822063 -0.70680378683860323186 0.19613724055632378307 0.73847939801435125151 0.64511887398787837178
-3.3819901080497456469 0.56881497975123629374 1.833417001605675889 0.98068287734921755217 0.011754737058649844875 -0.19525091608186426195 0.053002388384899568052 -0.97681795506670721085 0.20740643549495241249 -0.18828659245857648497 -0.21374870482865968024 -0.95857167196024140043
6.1063450276493735913 -8.3842733497946060339 6.0288813223722907964 -0.62344409744203055368 -0.0017222889595797468126 -0.78186603141803323602 -0.50596558333830654597 0.76327153058485708303 0.40176535325503498486 0.59608412648037223391 0.64607554072245509946 -0.47672854942685177759
-4.0397216878717774335 -1.6480145132228480875 -2.8259787627920407438 0.67587100060135929525 0.0020524504273382189988 0.73701708120865672136 0.13287456695941088358 0.98327104294803202578 -0.12458894636078599039 -0.72494326674670339639 0.18213688134781144679 0.66429166519786886358
-4.7590486496504302849 7.5577155975766245888 7.8223352323059547331 -0.4604723388451724686 -0.0056199100744863802678 0.8876562632965037114 0.63344411264108024806 -0.70261978597257601642 0.3241511877505096062 0.62186315320879215207 0.7115432895970835725 0.32709687511591040154
-4.7252916575933046062 -3.9310910003570151972 -2.0421881742289538231 0.72192755394654262169 -5.34718926198090444e-05 0.69196864379312028603 -0.30862375939990582818 0.89500394017372231215 0.32205484347715007676 -0.61933188355370227818 -0.44605822962259800146 0.64611150260584404581
-5.1206316687912778463 -5.0756341536373090761 5.4585398769410691244 -0.41261405709369897155 0.00036850385561578227755 0.91090587005124123987 0.81323174707149814555 0.45065683593019378872 0.36818818800244840217 -0.41037027846055224023 0.89269719414506554234 -0.18624702446439037051
-6.588156572670868627 -1.6746390701717559502 0.85502598808804686215 0.24341471900297362296 0.0093068585155858581798 -0.96987765050908369968 -0.60714304415323128161 -0.77834852427890721671 -0.15984648475735793727 -0.75639050662281681614 0.62776345635711361393 -0.18381089291313307266
0.75880564446939813283 8.3273933022284172267 4.6566347020271736667 -0.90364726540730988535 0.0029596694216705819735 0.42826727645091466901 -0.42820170228991233374 0.012569409081894050706 -0.90359576809059316549 -0.008057411358477272606 -0.99991662168012862555 -0.010090976660165290255
-2.7144266414354492056 6.3541174761602903232 3.8658041973077281739 -0.97009030339473101279 0.0024763528498640413611 -0.24273168506733774907 0.20085535022115386106 0.56971963219629051522 -0.79691697746830458815 0.136315558710468826 -0.82183539006681149974 -0.55317687956635386293
-7.8437363129208090839 -3.767047655080169033 -6.7058092425768158762 -0.32732931734024772741 -0.00015454092877689295377 0.9449103100965332569 -0.17094551648064537641 -0.98348960853012035166 -0.059378618277188099928 0.9293186473996472019 -0.18096454357247318545 0.32189856409233963408
-2.5900489599189167045 -7.4274387708111326845 -7.9761426935594741394 0.95157840499390244915 -0.0088576549184871226916 -0.30727850738051432078 0.119203155977160552 0.93200533262986740013 0.34228156180836566413 0.28335339552183197442 -0.36233631048848652378 0.88793200829083618331
-3.814863329737280484 -2.8818981431485308775 -0.6598911842470585043 -0.54083178769738449176 0.0050594949854216916124 0.84111555622679068378 0.13865657339875206433 -0.98576529841912019503 0.095084862548841686536 0.82962360867388673658 0.16805111705407443923 0.53243167635622301592
-0.87928211263705347012 8.3171477677999572364 -0.56502883292419803229 0.058805727448630766563 -0.0027483931919866375418 0.99826566241388525746 -0.78448525176343364418 -0.61854814079201547727 0.044509406740553113246 0.61735304015198899652 -0.7857420975471849367 -0.03853024730635834505
-7.7686775893333166465 -2.7762729707362310272 4.4830911465743845667 0.2481893691377902722 0.010329193599409550175 0.96865646377159109193 0.34112721714768812209 0.93496021862000311398 -0.097373565813147905379 -0.90666104954826809426 0.35460216772829106224 0.22852361776030882812
-8.0287002678528516242 -3.9011560958205717675 3.6142881531688284547 -0.82438717879021694568 -0.0024003046031190796578 0.56602121690294393552 -0.56509021227314326641 0.060977564263499706154 -0.82277262269055195798 -0.032539690214630462295 -0.99813625081664569816 -0.051625510810428640318
-1.6798118919764559731 -7.228372253814711712 3.2414626025769521789 0.94187149765231059639 0.0008805359380065769237 -0.33597218123942124146 -0.33428445927853978059 0.10259745829172059461 -0.93687120877772389616 0.033644943083335605849 0.99472256745713583115 0.096927971176363328376
5.2409691601191692456 -6.0078491199690304825 8.5283001047192570354 0.52669387417896185166 -0.0081479307181603899402 -0.85001598463051342147 -0.48397226764416789724 -0.82493711909415057271 -0.29197533062330865983 -0.69883074277947299091 0.56516578166568998132 -0.43843269971598897161
7.1065790308336209691 2.6585099228202047073 -3.8403920019236030825 -0.58583500026260126869 0.0042789152096589328986 0.81041905416392900907 -0.77734729776210553798 -0.28576453362727222141 -0.56041931621134899455 0.22919103631982407077 -0.9582903120689323373 0.17073706880810951558
-6.2685466679120729339 4.2301146235086850567 4.4487098360013606069 0.3494749870700294414 0.0021091493673920476068 -0.93694332000471647337 0.90801887975715100954 -0.24732591862850109021 0.3381295668514240349 -0.23101720156104438297 -0.96893004983002384289 -0.088349369660458504372
-6.6621289026703847114 2.7713163682896846396 -1.7996254530159712104 0.061964996986688961056 0.00043331257399613771738 0.99807822909248955501 0.32976168492787033548 -0.94385099295419194743 -0.020063256291884185023 0.94202843391375057358 0.33037117813102007124 -0.058628613818850837391
-1.0358065272734333639 0.33523701374633207983 -5.6963280473970749895 0.079141558108466000809 -0.0004774434810427606677 -0.9968632733869348117 0.96511380739664032191 0.25040553688151528933 0.076501018759570382777 0.24958355825734554467 -0.96814091905396859605 0.020278271643549596048
-8.555895227334696429 -8.2179782839723998222 -5.1379060417536139838 0.99998115884097549255 0.0058782470706140160094 0.0017686645568164710562 -0.00073454016125905352563 -0.17146994166321313791 0.98518907807404310084 0.0060944576207621215663 -0.98517181512523965825 -0.1714623931622616948
-2.2857174999842531093 -7.2287246104011915193 5.7825391198950493177 0.46390390633422418087 0.006122177100652015716 -0.885864371467584788 -0.69155368730693611568 -0.62246897716679849832 -0.36645036503913747117 -0.55366656324911045495 0.78262052836134077261 -0.28453197593115031605
4.4826219375129650047 -8.3378749304137489418 9.202902526932362548 0.66961850491592467272 0.0061198199631335064089 0.74268001567164898535 -0.23378774270609742336 -0.9473960675981336621 0.21859547676012303086 0.70494989129345608792 -0.32000506074647749877 -0.63296319945327628176
3.5119883932241142688 -5.3173564795382963766 -5.9036274263158299291 0.2794120536630577134 -0.0050078786305410086244 0.9601582293660593237 -0.95779201976271122199 -0.071807454480811189201 0.27834894711451496629 0.067552580605501622024 -0.99740594074457955553 -0.024860374513065934543
2.1851664477753844906 -8.466159595250331904 6.2967477403390068602 -0.96385088410656150071 -0.0044462712973952758441 0.266405149872027458 -0.26100493344221253889 -0.18520791690296697918 -0.94740405964671225991 0.053552758337425059032 -0.98268929890792788839 0.17735231570630419218
-3.7194386825300256305 -8.4848604537375305057 -8.7156905573716887403 0.23726529705087262556 0.0099175130069831252122 -0.97139426689233732137 -0.95843405736958420249 -0.16071877603740031271 -0.23574060469793003958 -0.15845925813797726023 0.98695041312359610419 -0.028627705907926185441
-4.4327165714373597538 0.47107150744583720092 0.24906774768771766659 -0.9380495576873233432 -0.0011065266285637735504 -0.3464993548646818633 0.14199635290079701266 0.91094290182011061763 -0.38732423805632165692 0.31606971238260311852 -0.41253097486381851144 -0.85435246338521186882
-1.3976150553156887479 -4.9059287976329448711 -4.2108168139568018518 -0.79554928094605303901 -0.0035706721155175438764 0.60587836393703309312 0.21593266799200624972 -0.93599200417846128985 0.27801447985321775525 0.56610460559885611431 0.35200315114342506373 0.74539879065178993311
4.2145578780339523206 -1.7074236283328714237 4.0373029482423152814 -0.37652480037837565696 0.011980461117645571645 -0.92632906855582897165 -0.018787459227889893865 -0.99980948290296223213 -0.0052942679508206167555 -0.92621601480203696877 0.015409946423729097703 0.37667814839110680403
3.9582588035970687201 8.3620938376248457047 -5.8743605007807264684 0.11897845857931586833 -0.0039920109562258197095 0.99288881061401224049 0.012745965369659384425 0.99991565933515447195 0.00249290648466743512 -0.99281502142212485484 0.012358724225211295544 0.11901930589031102514
7.6008320728095535301 -2.5779105032973670397 7.1784347278485851618 -0.52592930528295811499 -0.0023188075976637374971 -0.85052512542316893729 0.81672526067387862803 0.27774138968660155857 -0.50578609019189257889 0.23739885092711171533 -0.96065308180725361709 -0.14417850738664703125
0.47746327265659677108 -6.2891551450520628563 -6.2093903195015753838 -0.26111025594429659868 -0.013074404071672257946 -0.96522043813786029265 0.029724033164993161893 0.99932522375810661774 -0.021577280027377371968 0.96485124039570502319 -0.034324293425334946595 -0.26054544092681175549
2.4823079154194434004 8.3355825399728900038 -2.8170271607073633646 -0.91439702122215815727 0.0023992914421181702096 -0.40481147585097526642 -0.2607237555662772488 0.76147882416745182876 0.59344176094028622259 0.30967920637884865931 0.64818534675303274284 -0.6956684162668842486
3.8226858893688548946 -2.8198901036856716118 4.2876453763776858352 0.022660524035097245887 0.0021209611659097297315 0.99974096753809238436 -0.40862751665291580094 0.91267183821241593122 0.0073258697745644564547 -0.91241988869399581752 -0.4086876769092681605 0.021548305220085488265
-3.6752282112577852047 -1.6919122312494461191 0.2808062773264500267 -0.49385834259894695331 0.015497553383628848156 0.86940425768709650445 0.29691370264974786819 0.94275259929865373731 0.15185450172683293002 -0.81727975052880952322 0.33313264978828255325 -0.47018767212767803576
-7.5066279440982182081 5.1364082443283773927 5.9798045051527495275 -0.052782743075125239385 0.00065859945682498707321 0.99860580224661998905 0.46957059724645189291 0.8825621706832230684 0.024237761456505149682 -0.8813157415112000681 0.4701952585103404969 -0.046893311243282734257
7.0538577299218374606 -5.8777550147511599121 4.5276425856710087459 0.83309693397371020751 0.00024151680060644636905 0.55312696578013109683 -0.10301452343084890884 -0.98243638966357760278 0.155585179972583032 0.54344963572159254994 -0.18659764718361204761 -0.81843986431477755428
-1.8439193408767495796 7.2884483089335931894 -0.82654805955474008883 -0.19961570467690242792 0.0014736900972763871884 -0.97987315438447153415 -0.82632609066989903823 0.53719234750163735725 0.1691436480152710975 0.52662962537687851849 0.84345848150534996623 -0.1060142804167410191
-1.9395897919072284665 -6.1975327299708871109 4.3106357553818286377 -0.35515979014154769322 -0.002006824445220482811 -0.93480345320391200481 0.85432415865835564794 -0.40662246638517840491 -0.32371036709302325463 -0.37946245584928223193 -0.91359407971291040074 0.14613042843403445392
1.5540680990748061419 6.1263473572946409718 4.7253278602517880813 -0.26477434419365236673 0.0048603835161005757085 -0.96429815064066026764 -0.96077951550026929883 -0.086825464941291508048 0.26337057776573391532 -0.082445553256697765021 0.99621168197808973588 0.027658912458908467558
3.2354443524920952768 2.6106974956845179214 3.6660018455015648264 0.94834478482030604152 0.0090465997101598777386 0.31711248499193883665 0.026736183201999223075 -0.99831627013821899741 -0.05147622057835182785 0.3161128684691946189 0.057295582822038816639 -0.94698989993399518283
-5.2361698105248066781 -4.8913677159144848261 -7.4719094536345318502 -0.48620558603110108908 -0.0028122596002395430781 -0.87383992773742069637 0.037484464161410643857 -0.99914148852131556833 -0.017640886084802340217 -0.8730401153777898049 -0.041332518810844647017 0.48589358899867884922
-4.2211960770414345134 5.1982357321231642544 -5.9740915342203413374 0.89610458365867451391 0.011252935347070319033 -0.44370028915036241468 0.43725476018157277691 0.14922157656083295807 0.88687157795674698146 0.076189565195450670299 -0.98873974964850663838 0.12879773919036657803
-7.6792441601630461179 -3.9467185911135089782 -3.1520672142144516847 0.62677512330662088491 0.0065094584100879046909 0.77917300502193520551 -0.47524300197836921722 0.79563559023202279352 0.3756435765805727911 -0.61749253750492694159 -0.6057405669978792595 0.50177816973099553799
3.4583953726537401963 3.8478114515849530797 -0.61418006364646338113 -0.45193739550588557519 -0.0035618069761834459698 -0.89204254611211264425 0.80984863649143523645 -0.42092669221704970273 -0.40861461764337458913 -0.37402911185614595713 -0.9070876657247972652 0.19311703750263412016
-7.485013168293136232 -5.7760572581030649175 -8.6536431672201015175 0.98793858933245415344 -0.0057211391314964249455 0.15474046747747843833 0.11204959766217505168 -0.66331548247673799423 -0.73990368182001642339 0.10687483975100786626 0.748318006781958589 -0.65467391070232994199
1.1878286359366470037 -5.047921390424921384 -6.9343599025785502832 -0.92393249668249177731 -0.0041924150652926303606 -0.38253256754149511654 -0.32802466452556189314 0.52320791127308008406 0.78654516783448347184 0.19684654184616467987 0.85219475780885223237 -0.48478400729192083762
6.8507696569323384139 -4.7656244961286207129 3.7902854907313687782 -0.81059498445252442522 -0.0036107258591639929471 -0.58559605005395864996 0.39656579915844153428 -0.73918116239177966698 -0.54437742064020122612 -0.43089597134119844712 -0.67349697239395789339 0.6006084332225207767
7.2024777650718734279 6.1318091812075863345 6.7374497622757951731 0.8140161492218455086 -0.0087004349161312072997 -0.58077707533848377253 0.361902471345172283 0.78967943121184802635 0.49541194692437368063 0.45431741111314227766 -0.61345798417954966464 0.64596051861247938408
8.4390319780156559659 8.547910192039520183 7.0444383223238524749 -0.57540146721218954351 0.00485660420312059634 -0.8178566897237199429 0.27026221438069425451 0.94493733466144014255 -0.18453121427222105022 0.77192712545173214345 -0.32721529144933347855 -0.54503088539407051893
-4.5306283739531263421 -8.4620951796899905872 -1.7996329136945710125 0.31180564466503957188 -0.002139474022188893234 -0.95014349579726575801 -0.66628521868390722105 0.71242605440897688318 -0.22025695077043372372 0.67737821585753266174 0.70174392740537128166 0.22071296525435210589
-5.4646493053278133445 6.2549306035113394486 5.2276533893624836935 -0.4892004100918628251 0.0038881032929421735153 0.8721627379212737452 -0.19049125927739113395 0.97537100461334447221 -0.11119569910035036198 -0.85111458623674807189 -0.22053635984192512809 -0.47641124575627280535
2.1607682891569006678 -2.9580173725141065688 3.464290470612129802 -0.32807394049739391217 -0.016290801082821191464 -0.94451156656044732429 -0.51625966209222218239 0.84042150295234352431 0.16482614680824053677 0.79110268035380082452 0.54168838567524624228 -0.28413067761465832239
3.9750126910499394839 7.187731405739663515 4.5501943062363165993 0.030264293033917671893 -0.00082280108420225211638 0.99954159271428588696 -0.18268570454791976942 -0.98316002531553137178 0.0047220731936178737126 0.98270545226985750453 -0.18274487029695346552 -0.029904957101249296514
-5.4131866746890366926 5.3037316991230376573 -6.6518742160230033278 0.9189765331048869168 0.0034613300371787989775 -0.39429703371542357271 0.29595876528365577807 -0.66682073147265585877 0.68392873995021308264 -0.26055813334881200438 -0.74521012558368615597 -0.61381701497543528223
-4.0351413289058637446 -2.946516653714299494 8.4341002599686412111 0.97403902984655221786 0.011408611125484484708 0.22609248534148404519 0.057197898355353278543 0.95392228611127494187 -0.2945516465483497548 -0.21903508568123236655 0.29983681503912062993 0.92850498953315663275
8.4396881700191013209 5.2299850632970574793 8.5186542003240681709 0.065462082313602815153 -0.0074660745745163186946 -0.99782712606427792501 0.92145400542813316047 0.38419709709166971479 0.057576961251796641983 0.3829324113466795465 -0.92322090981344540062 0.032029986316066627605
3.1642546935966486821 1.5328904350068377482 -4.5321708071300719212 -0.23592522991738540394 -0.0080589481746086225056 0.97173779346219091302 -0.33392688783718360579 -0.93840157860680206703 -0.088855561714636030479 0.91259636174374592077 -0.34545264599151465079 0.21870150870456675496
-3.9116656265675033843 8.6344060082572262615 7.7039267964306734626 -0.7317433685427587875 -0.0025377875894818675145 0.68157552936401810673 0.64507755684559153764 0.3202870645879311029 0.69375149867321017627 -0.22006041953857879978 0.94731713585867538541 -0.23273086572418949514
-1.3497691848162720607 -2.6525691180423458526 0.14443905071677010099 0.59722514986239294554 -0.010582180231497628417 -0.80200382657026680899 -0.61112029699500713953 0.6416047968803223478 -0.46354640244639799818 0.51947483382032433319 0.76696238635383351401 0.3767155358434733925
0.4427904858624294171 2.6532340965868992377 9.1596169333564283477 -0.8469031284930820247 0.0030054350198187610929 -0.53173871244145176629 0.49072632039146169003 -0.38072059087278803391 -0.78373433646882906256 -0.20479933941180825108 -0.92468524322898193457 0.32095861342340914479
-2.2834271858402628297 -8.4860344101415883244 8.4441469245365698981 0.15643079872068038627 0.0082983322810239890793 0.9876540603333238133 0.53288380946289248818 -0.84264834650243602976 -0.077321470169885553325 0.83160342160429689962 0.53840031743892724503 -0.13623820080199885996
-7.9261654432970987116 3.8711148975177831488 1.9011762086055190579 0.18458741135072426198 -0.0034476820173289187722 -0.98281005339773197527 -0.89076985888540327618 -0.42312403961876488001 -0.16581648168418727796 -0.41527887746957070636 0.90606520768960419066 -0.081174462377526707124
-0.056587595705300607063 -5.0057917680331511789 -2.7187054418037570613 -0.30079256335362036801 -0.0023609933940900058869 0.95368666738148766271 -0.16659220369269550632 0.98475200035784038466 -0.05010524383969881812 -0.93902655526864609037 -0.17394804828322255053 -0.29659940154776281984
0.99378853264759992037 -8.307795322237174318 -8.4810544783389030243 0.48726633240464456431 0.0066203181081741970665 0.87322831647478571515 0.5390495553528996675 -0.78899433190497891832 -0.29481099215563549842 0.68702044960745300983 0.61436480661733694486 -0.38801905392784385995
7.6100929118469942125 -1.6560912319542553384 -3.0560346296561973212 -0.85178600359351452909 -0.013247597135885511022 0.52372235511979892131 -0.39573276023656511757 0.67135452536884487884 -0.62664079323191790305 -0.34330188836892933102 -0.74101795014492932712 -0.57709289633943572362
-6.4527030585457172407 -7.3641369854660521099 0.58595902446406700204 0.90459239913034317215 0.0030455769146356874259 -0.42626671919942471511 -0.36656248007423236634 0.51598189065189992153 -0.7742058103121235435 0.21758800435153047292 0.85659407713370472326 0.46786969059967031814
0.29492251826182724894 -1.6253998006720586922 8.7786015472847989116 -0.076751886062001575817 0.0077503046237611429581 -0.9970201004813803447 0.25077675875657906568 -0.96767314398589576729 -0.026827293496114016508 -0.96499749494687570017 -0.25208851458765541009 0.072327142619530826462
2.0316678787499480308 0.61710127042942597431 2.4366287481417687744 0.99399848717664951447 -0.0076787087682492682558 -0.10912398875785832286 -0.039903226510722866749 0.90335179286090427908 -0.42704012791436968266 0.10185646766318084966 0.42883164035171678075 0.89762391023684939828
-0.080855796325118245438 -0.46615473991525796515 -9.0827263883227740138 -0.99370491943972516502 -0.0036700798134316862942 0.11196902962509423796 0.10319809273204905153 0.35895987544983937179 0.92763029352944326167 -0.043596866143124281268 0.93334577640404980947 -0.35632144887895017549
-7.552615199819117997 6.2430445735740791591 -7.3078632446486357921 0.22575848903857007044 0.00069201561800235028392 0.97418305556087103625 -0.47710708573357574203 -0.87178368217441626342 0.11118471224701105549 0.84935383284582366414 -0.48989053125056369886 -0.19648240130124014491
-6.7286725890866385669 -6.1635661037780469229 -7.3138472635663944743 0.95865901094558936268 0.0011176241417801668215 0.28455518208113783629 -0.12528562543844809496 0.89951014631910664043 0.4185510825784040656 -0.25549249067523288614 -0.43689844081363088391 0.86246352944523307915
2.4043073639900045535 6.2361144899597986679 -7.5854216638658504834 -0.66379842990536574998 -0.005461903754108733515 0.74789157774542025514 0.58626511704788031309 0.6171089864669938585 0.52485208521502002554 -0.46439730510420740295 0.78685873346421664198 -0.40643385265355547187
-2.6685226113638265133 2.3814743298766742896 5.968649372089223526 -0.93829284413922142694 0.012679976096007751149 0.34560925456817837009 -0.019963649610473543222 0.99567547131911715574 -0.090729314489304782598 -0.34526510297333679045 -0.092030288599305537511 -0.9339820312238329425
-6.6768434226834463274 5.0670732939130722627 -0.81335068840908331111 0.42307050421311626076 -0.0012428384145557369762 -0.90609591314457460509 -0.59288386528676118026 0.75583103586217925685 -0.27786357715617582276 0.68520075215022757664 0.65476553099558665316 0.31903295859910174581
4.2968884584247897251 3.9507341918131833047 -5.7036036570063686213 0.68287414119235634313 -0.010867134465888481087 -0.73045520922167073152 0.53569864594166705096 0.68728397340793068171 0.49057894434352039559 0.49669897123576434161 -0.72630754180663847919 0.47514996231481326783
-0.69024852158091687393 4.0153111823502571909 -1.0503663126297915209 -0.454168290152312637 0.0055849456658480850155 -0.89089840756523430709 -0.0039788580390067267156 0.99995766337829017356 0.0082969958275786962615 0.890907028207152063 0.0073129906994563419198 -0.45412684049524748575
-0.92382629940231641985 5.0557569673851237013 0.85419323337490837833 -0.20153614885184212291 -0.0019129999607851236321 0.97947920913978725466 -0.43474003520604170836 -0.89592601915630132314 -0.091201260887550525402 0.87771537669958366035 -0.44419917675476505714 0.17972982188670355574
5.8460193107923128508 -2.5790269216959038623 -8.5519129212610724977 0.16228042506425913172 0.0082317615325344702798 0.98671034338508400996 -0.48962609410893792594 -0.86750431557464602328 0.087764175078512723926 0.85669793486904100011 -0.49736153908541830271 -0.13674848382972887295
-6.2373489473071090927 -8.4431543443407512939 0.56768278462991439426 -0.58513830442357817052 0.0066966472342476629498 0.81090586359477700995 0.7155302265428150621 -0.46630710451662493732 0.5201674530197615276 0.38161454322395982341 0.88459755775889170604 0.26806249496470779814
-8.0813387707885926403 6.2598722736586616122 6.0470224386263060623 -0.23206910022633756019 -0.010522500785906661533 0.97264238530784363768 -0.73618042241496361999 -0.65165871375374395669 -0.18270004499702460765 0.63575334711898012774 -0.75843931712842060922 0.14348339228205786444
-8.2560465874302408906 -2.5541675373156360607 -5.2334438315101792227 -0.78635139575079460172 0.015885233029001136901 0.61757521142956606219 0.24473793702460730493 -0.90986878180952612816 0.3350255842011676255 0.56723436477485666973 0.41459191895172053943 0.71158886736546855811
8.3535596916422889535 3.9550033816792247165 4.9951683721595845356 -0.19740528840072091299 -0.0094612606803793943 0.98027630628203554775 0.87254031880041926783 -0.45752794029548143895 0.17129382918485497322 0.44688314376277615825 0.88914490854725436453 0.098573766415916128092
-5.8465544486207638997 4.1413580187788658904 9.1985533645814072656 0.99990617460532116301 0.00113223462539810589 -0.01365137468903241183 0.010387074710745049233 0.58703109330044167535 0.80949774809899288641 0.0089303227883346884136 -0.80956359450211912154 0.58696425427088638749
4.721435332294173115 1.5036714767066436949 5.3532806779309547451 0.59472361066667023266 0.00083584783612335785546 0.80392980307612327273 -0.58424832205533194784 -0.68646281727947733309 0.43292343280126255323 0.55222977562884068004 -0.72716442559517957545 -0.40776730258516152849
-1.7783927596558726236 7.411186978791958424 3.4293234442789475303 -0.94087028440585052103 0.015902709337323003846 -0.33839357523133023475 0.10388307338184672723 0.9643167679334415654 -0.24351894823051456473 0.32244598770475935146 -0.26427310668735770616 -0.90894901402385197553
1.695830077543400094 -8.4483935877245315282 -5.3168449561666166758 0.3233289388135200948 -0.0019811609884987763618 -0.94628456202483612891 0.51021485002745969872 0.84255638127285636951 0.17256752645695896953 0.79695621218282530762 -0.53860451110009222031 0.27343367840428922655
-1.1488598293038023712 8.3383580816791482704 2.1490308769901971253 0.96371718010471263405 0.012860148915622832827 -0.26661547843490290832 0.043547339362992952549 0.97788161445155186158 0.20457560302169355837 0.26334924720910918294 -0.20876341798097419744 0.94184128668630451298
3.8425078680021371724 -6.2061938615567795452 -8.3535811868339830966 -0.34158247547226538998 -0.00049624445541505100843 -0.93985167244174883106 -0.10544483938643775534 -0.99366605603399560387 0.038847843340235908849 -0.93391798263910719147 0.11237225114257647085 0.3393665847958884374
-8.4575947475686525934 -0.41190622489436046205 3.3104057229204610913 -0.84933513016521877681 0.00045476965566437071997 -0.52785379590565639774 0.23845702002065066738 -0.89181465810143878414 -0.38445398319985085722 -0.47092259052869295255 -0.45240071704181500367 0.75734107570478659266
-7.7858349814474072659 2.8417922692117416616 -2.3739836066702708628 -0.042150934174805226862 -0.0030737510028006837307 -0.99910652625372964319 -0.025572827040505070884 -0.99966432961094742193 0.0041543495871367861275 -0.99878392521378123181 0.025725088106879512306 0.042058180851432751257
-0.54253708927982557952 -7.2126582592617207723 5.2208057565623100515 -0.62757895728107448985 0.0059244488217855880569 0.77853038045027878056 0.63988754895781663201 0.57354979293984853506 0.51145337979841087872 -0.44349585913135591841 0.819149275727364512 -0.36373876203741584145
-0.82802071615138406191 2.8100598389262696486 -0.77841477767727818016 0.54941440561494370165 0.0041167806952516344809 -0.83553986321397344383 0.38892702002691381669 -0.88631070551094881527 0.25137443463834113766 -0.73951307222781514916 -0.46307276470712027683 -0.48855299670635932152
-4.9502145414958711456 -5.0892883520838330114 0.15100382093159289698 -0.47231498480034805887 0.00048145732714789581802 0.88142970413527876872 -0.37758819496661100157 0.90348733843614537076 -0.20282451604130757872 -0.79645822875718341738 -0.42861450918546883937 -0.42654881591761661941
-5.2781294717798425964 -7.3739903318562873835 8.0385016854635740202 0.8207095367991037449 -0.0033168059423990072822 -0.57133602634985936053 0.37922607380139844446 0.75111139909317603536 0.54038805603117379128 0.42734463978853287625 -0.66016714925115715928 0.61770210772944356137
-3.0927284606541762813 -5.8433275376524127509 2.8181292872220238266 0.55662628489897314488 0.0067207890414710813598 -0.83073582440763260593 0.61544976359966674373 0.66834045794597896073 0.41778298284860282408 0.55802219260967178549 -0.74382515638241075706 0.3678795581273374693
0.94486392443000366548 -6.9191975467417021761 -8.8089457827852903904 0.52832252092480380679 0.0039698799156615196398 0.84903448336135101115 0.68721533306547188946 -0.58925187288849611988 -0.42487329440343918341 0.49860846350949034056 0.80793964524026817831 -0.31404319729251833904
3.513443181547992733 4.0710528786031883186 -6.8136103389725244384 -0.6457864986800774254 0.0017237299378802058061 0.76351609470769521426 -0.25494349515063258194 -0.94309067849373462433 -0.21350359813997060732 0.71969688925466512863 -0.33253120288693810425 0.60947468093738665917
8.3607807425067690588 -8.0956926613655468827 -8.1392862176715468081 -0.76288345791757128378 0.0060390591782823370773 0.64650781851407956857 0.20771241416779334665 0.94923574791816256457 0.23623515376514275799 -0.61226169456869306007 0.31450759074798928516 -0.72541063731211286036
-4.84275498853724784 4.8805653194078413293 2.8255404424484642512 -0.39781270906453342073 -0.0064969479059289406836 -0.91744364305093994982 0.49300648924255324745 -0.84484794705157750805 -0.20778967233071610199 -0.77375037969051885245 -0.5349670420040718577 0.33929428804212896642
-5.7154574666824098372 2.8472114829847545714 6.8422246508206132631 0.016102121560638740783 -0.014321068030214750139 0.99976778738445826189 0.41593467457704241808 0.90937248293750028161 0.0063272237629351168672 -0.90925192777691132839 0.41573620757219192923 0.020599455034909026213
-0.099636472408193385575 7.4655410718428667494 -6.0193354935334104638 0.69989188186563433547 -0.0012463517624381177749 -0.71424771634638961615 0.47062616549359237439 -0.75141531512841142071 0.46247814709800516564 -0.53727308331198897484 -0.65982836465083949395 -0.52532291321695978592
8.6386286472206261777 8.4469801274094091781 3.4002555931641120779 -0.65547428686141107068 -0.0086609197897229584645 -0.75516782752707134474 0.71103181212992616622 -0.34408825163219269871 -0.61321858845605925481 -0.25453334045453712697 -0.93889736582691540878 0.23169919084871809511
-4.6778168075078623289 7.4735896286920455722 -5.6994804697366214796 0.40783737205503978185 -0.001794390858384358042 -0.91305282328934722624 0.74704747009515037881 -0.57429830632660672229 0.33481566984648530871 -0.52496548017905075856 -0.81864414461460399686 -0.23287981687677658527
2.7472853301283386429 3.7378446459160525883 8.3341071161130191314 -0.50109895668944026692 -0.0037802931515710271049 0.86538173368093451732 -0.63491827343832563102 0.68109597279448297336 -0.36467391173041024954 -0.58802943944889296546 -0.73218439291378722977 -0.34369665857364456452
-1.1869073171467412475 -1.9972873231012395756 6.5355088086808397208 -0.074133191417546734359 0.0049270620229223344513 0.99723617763804972558 0.98847735673389558464 0.13269824300738847223 0.072826447990559844969 -0.13197266820958897249 0.99114423792022565696 -0.014707633494406555097
-0.50982042686409001497 -8.2158632866922314264 -5.5882075675204161413 -0.98754047305235503895 0.00057705153131901902944 -0.15736416712576220545 -0.092525808809309537106 -0.81100751714542651527 0.57767272900644628386 -0.12729017553526650319 0.58503544691351305751 0.80095613929035236467
7.9762600056723451658 4.139149324887897663 -7.0547074205161273142 0.46642896510941139754 0.0054242242436172861259 0.88454202743472498671 -0.87741570656085521307 0.12966180783905642548 0.46187605855790597742 -0.11218599907243795299 -0.99154343998611083055 0.065237322391890076312
-7.3520080082644003738 -5.2182784379802820141 -3.5930865425315179351 -0.73656724863545697257 0.0039854495477566415432 0.6763525740541406206 -0.67021658131880679221 -0.13882034205872198496 -0.72906697000748044157 0.090985836056880944889 -0.99030956211808118805 0.10492163177584339084
-7.8323773192296979317 0.65512600795933528808 8.7839816129280041679 0.63394642574096293774 0.0069443260047050503828 0.77334578658376840199 0.773236424092903607 0.013371316577838524703 -0.63397684527841480229 -0.014743193229628609453 0.99988648567201110495 0.0031070925444093917996
-4.9191285888748863542 1.604883056234474914 6.9478613042024468527 0.99585742360971774012 0.0087738047471111260678 0.090504210906618753896 -0.046632513136263278875 -0.80519315990396578275 0.59117627148123819136 0.078060236741508276515 -0.59294771742037599704 -0.80144844116482627516
-5.8244175409570804192 -7.314997066391381253 5.583881366871144003 0.42748031076581083365 0.0061373458511508847957 0.90400382570743287314 -0.71903259950756026608 -0.60380415380131990943 0.34411141320437660385 0.54795319576850376464 -0.79710907461789315409 -0.25370143556717705824
7.396289931413693175 -6.98543853137677484 -4.4624588893235026532 0.081853569189752894975 0.0083664255419775342831 -0.99660924947273765717 0.43388375603538248404 -0.90053130420018745461 0.0280759043274260503 -0.89724293224266038482 -0.43471067743826408147 -0.077341757554591480939
-8.1784649650443910218 -0.53056306835260325094 6.0301441680926624045 0.69154928997210451946 -0.00077274077177878763845 -0.7223288602918895851 -0.087933867950226271559 0.99247181838326870018 -0.085248604575156386454 0.71695691251721904713 0.12247078258245186477 0.68627523123562494956
-5.3204114525696386551 -7.9535700062439440572 -5.2301702470615394347 -0.99569544979946433827 -0.00090890507479856122441 -0.092680877962775742862 0.037128236102108171102 0.91230474869938305016 -0.40782537878908292628 0.084923879635570728719 -0.40951095149212041191 -0.90834394106837001992
2.4071283991774881095 2.8510302912595242297 -0.91438050864108488813 -0.30669663079774373005 0.00057872842110050747022 -0.95180714524028819934 -0.66160942788311816187 0.71877501581636404904 0.21362453411130175041 0.68425882646343039184 0.69524250568537460104 -0.22006298347298974827
