1125 17.292696884352682929 17.968806560800352656 18.477561601407678893
2.3014436456683768917 8.7849863987798695319 5.3018229008582240525 0.68381034764782311353 0.0059773364654607660448 0.72963530609369664504 0.72965978176428580859 -0.0054558949814151845581 -0.68378859019849991263 -0.00010642087003759573434 0.99996725179329692956 -0.0080922194650581615732
4.3431104677960732374 -0.18930652329999078654 3.1105784762712316294 -0.51390515835419792179 0.0068720361570691595315 -0.85781948178856215481 -0.62299610764415502828 -0.69041718388062023326 0.36769547462849833108 -0.58972649429800427789 0.72337879933073934158 0.35909020399021268632
7.2098097189143173225 -7.914236486603235754 -7.1603401024706387901 -0.40712974684550873317 -0.00026201381273665679678 0.91337029762428423307 -0.11090152950994104641 0.99261534694353315 -0.049148995559959447743 -0.90661249714872071959 -0.12130418113566274196 -0.40415229264879570792
-5.1674788135778770837 0.90183131660214355119 8.5406597100721093341 -0.89045910066354483359 -0.011516327101147517259 0.45491753566543274845 -0.00076139408798616564373 -0.99964062048063984101 -0.026796458057039691109 0.45506264439614180217 -0.024207521464409808426 0.89013031943635856358
-2.9270748811862690175 -5.8426493523981726241 0.1680900928715667042 0.82076279282428188377 -0.0008261747563051259971 -0.57126854923988734658 -0.50318177752343595799 0.47241671514251920572 -0.72362320721686945735 0.27047465072308463085 0.88137492855725152463 0.38732634641464469549
-0.043362753943090574793 8.6896975834768905855 6.0508464989200358985 0.76335323603170746054 0.0053003311931003310037 -0.6459595525487977774 -0.47394810264780168341 -0.67486932136421462491 -0.56561877185794173784 -0.43893625167727789993 0.73791822417559893577 -0.51265159844944774292
3.7526990743858772426 3.1408595731033348564 6.6228470906947576324 0.97326745388109792145 -0.018787835633707852812 -0.22890495942173907928 0.12382984122886092626 -0.79646037600225694231 0.59187586526171831469 -0.19343379652200104468 -0.60439878117894763054 -0.77284246756559371594
-1.0089436092334311823 -1.3345405419044593653 -2.2879698481997103876 -0.81819383031396919481 -0.002657981326397410634 0.57493633662480914115 -0.10000843495530624405 0.98540278034004891161 -0.13776673559297791805 -0.56617768321785388874 -0.1702183763093836899 -0.80651629580106976025
4.2795140211374089745 1.9184259082333794399 4.0307608290081793356 -0.9945565397139264352 0.012574915814738327896 -0.10343674784333001249 0.10379670687293635067 0.20663575071691617224 -0.97289665955229487349 0.0091396364520043155144 -0.97833712901945202312 -0.20681617206508451368
5.495826368836332243 -3.3742626782004627728 1.0426023317484376385 0.65354986563311534553 0.011565012434418597831 -0.75679510015486262109 0.19064721720927702009 -0.97015966661626662493 0.14981274926261203828 -0.73247949575490634011 -0.24219098199297020568 -0.6362525571973282057
-4.4195888671616883059 2.8180919680934781724 -6.8516318983131458964 0.58623372350953351084 -0.0039181955411493850361 -0.81013250099232581025 0.65999558626645860038 0.5822326552352156126 0.47477464263214247397 0.46982533725733538477 -0.81301278152412714828 0.34391040919059895353
-8.4163994475234122916 6.3469767317747267654 5.2495023067222588153 0.073614406968994822167 -0.011428666910496709797 -0.9972212917195338866 0.50585917002053593095 0.86217885528272508733 0.027461274728038290172 0.85946926599659734247 -0.50647508040992050837 0.069250081090712470311
0.76903823306485985523 1.3787113436715237036 7.9055965997396020484 0.026037155273619060764 -0.009850908199618684663 0.99961243797434862213 -0.13013146567053310299 -0.99147621374699179686 -0.0063811610819444058995 0.99115481544911032685 -0.12991488437410561585 -0.027097133249585757253
3.1484847383909904117 4.2216372379825788386 -5.8695342254982953989 0.76934161317886662346 0.0018729156299717587397 -0.6388348569218892381 0.48324760197139848827 -0.65575689529635705632 0.58004710969022754696 -0.4178339830845174685 -0.75496979175219891545 -0.50540614966726360446
-0.10354026282709408169 5.0259624744699307186 6.0362968921565629543 -0.21024787747531437088 -0.0064829228758897603641 0.97762661672438433413 0.62565614467250574293 0.76749871592828156075 0.13964279316269859188 -0.75123246645130947741 0.64101770081614184438 -0.15730889545603299329
-0.32645511773126545396 5.358023606674787942 -2.6853068624200857606 0.90796936362086444472 0.0088336729113687381676 0.41894343406808948194 0.40026400795199745808 0.27760974570037594278 -0.87333931151090760103 -0.12401757401303202533 0.96065331692289723797 0.24852534281390539772
-7.3161956275819566287 3.0388561632411970059 -6.9837556947152545916 -0.25621730729444980312 -0.0053688383398641254668 0.96660429702000882912 -0.9642592200714606987 0.071254138319268953139 -0.2551999300140930238 -0.067504429111291480714 -0.99744374445217365288 -0.023433495324119559683
6.2963933878572717617 8.9246926634461676286 -6.4463566957012883307 -0.48580057014060484821 0.005728188010600640534 -0.87405091036693960405 0.61980107567464393092 0.70735232224899258213 -0.33985190716192842375 0.61631520559197261466 -0.70683794470229255325 -0.34718249852935822997
2.0185717503622915281 2.1578206292097878993 5.3490040837900370008 -0.95181028484946739177 0.0006663664577176483389 0.30668670921696561393 0.12305194889724628549 0.91680530905380874795 0.379902939134331874 -0.28091884865049726594 0.39933392198274331175 -0.87270672005352156742
1.050377067279105292 -6.200236716666957193 2.3523109041784033835 0.68812136278456614846 0.008372306059735181577 -0.72554730691435531664 -0.35238254543089614357 -0.87024143998048952842 -0.34424755310181665013 -0.63428347901794523978 0.49255430221674445512 -0.5958814711105535622
-5.235867118265790765 -4.8318636221870239211 2.040084773254765782 0.40344754882521305372 -0.0054280741107749124266 -0.91498667277628820127 0.72261058903573360812 0.61532625677680352627 0.31497227550112527616 0.56130563150591195054 -0.78825385107367573756 0.25217425385491398782
6.8378282922600090998 2.1980616622201774035 -3.147725115335258117 0.25204055430567379181 -0.0021777717192358802753 -0.96771422243118132567 0.8995792473774293363 -0.36806830857062844409 0.23512315478055403895 -0.3566969815871040006 -0.92979620215205138756 -0.090809062270300167086
-1.7412692615895375425 -4.6980585366083174037 1.1861701393460175602 0.95230715914700925229 0.0014680380870365390689 0.30513754194102021833 -0.30020816217537793502 -0.17457327112867171426 0.93776288707262689393 0.054645530475798946568 -0.98464309161837515472 -0.16580665887545142922
-6.4130214000786214257 8.5717432406169677961 -2.8613525742386687334 -0.37768378846505590296 0.0017475106404314787612 -0.92593299009022411727 -0.34381922090365385491 -0.92876747695572292596 0.13848941146067134111 -0.85973443531588888966 0.37065876484449994388 0.35138124704660328446
-4.961420803236428867 3.1093826877070167569 0.32224389131269931541 0.48167446377701478299 0.0070006610820301240494 -0.8763222590403663137 -0.38999076960887818499 -0.89378118759286950823 -0.22150031224563768162 -0.78479099801489637933 0.44844863635590848094 -0.42778138106461782719
7.7087653879338464691 -6.9571291492143334523 8.6379027711792009114 -0.68954978472560546354 0.0099018881213750742365 -0.72417059246871762213 0.70037613584429347924 0.26367185268735332526 -0.6632875865268602622 0.18437560230379970716 -0.96456161374601923075 -0.18874991539894381276
2.8039751381169626399 -2.5295408934219003605 4.2423976919309804856 -0.41189361542452801457 0.0063208110196747669882 -0.91121001800924439351 0.15519398874137227407 0.98585303617774810991 -0.063313639270497809597 0.89791896930112535813 -0.16749280106090952414 -0.40704752322265669306
3.7191950577083723317 8.7580174398004810854 -3.4386432280597065692 0.63103900686639724515 0.0043716455274784848939 0.77573878369508231234 0.77161804609131123822 0.099549663345613464971 -0.62824792516474881054 -0.079971011993219098812 0.99502299131384419617 0.059446480111443905647
-3.9464440044141193553 -2.6622907232702353042 -0.27794788578724288763 -0.50388284252843873467 0.007327824841061741229 0.86374092411325065211 -0.66647146172306614975 0.63280795740840123376 -0.39416986154337085857 -0.54947053762127673338 -0.77427410651756090054 -0.31397728622053866498
0.46265069312061762874 -1.3673745597148709852 -6.5897026283564930083 -0.99171021218426280708 0.0051623657464541072154 -0.12839082922691302802 0.10363490641151608396 0.62284834140097800059 -0.77544809612710896563 0.075964868345496552871 -0.7823255675189605407 -0.61822006210036473117
-1.7752581770543245376 -2.5051606757958020388 5.9281968116116798839 0.42430237017787963971 -0.0094210571988997786341 -0.9054715579975384232 0.84860325812740466933 -0.34478673156351052898 0.40124134885797779759 -0.31597469670378658391 -0.93863376959233113528 -0.13829908757431294553
8.6168997653162318073 -8.9483317488497018388 2.1022916718187172336 0.99087856891838932416 -0.0091435171513973810542 -0.13444723036248321102 -0.042385711594297173499 -0.96820592135740168871 -0.24653751296900394685 -0.12791838456879597863 0.24998737956615063593 -0.95976205225405464283
-5.775145695126621348 6.4569929687269818075 4.6333448013339859628 -0.29858471163105942958 -0.0082083453328085781431 -0.95434783650754673179 0.92162735330250888932 0.25725051631455025936 -0.29056013749327924689 0.24789149163372770079 -0.96630988555555785702 -0.069246035646927064922
7.5116164288382867298 -2.6487812290532519732 8.402818881729809064 -0.37166567333742894785 0.005531456857483429447 -0.9283501657497870152 0.46911390507461209198 -0.8618029676168472708 -0.19294504158567504781 -0.80112219500407588768 -0.50721302032944759475 0.31770769691646255639
0.73453017185595015359 -8.0200238348363779295 -7.6345397787109501309 0.45892833266358290523 0.0065225775814112133336 -0.88844934659194796378 -0.5587352124586556501 0.77960734682192944778 -0.28289105171331213606 0.69079645905076503265 0.62623465311511983256 0.36142829358019090691
-5.5034192527385465965 -2.4542217285935703508 0.21481432658084925746 0.086324208803319049665 0.0029936740236683988259 -0.99626260036720193369 -0.62623646076994321508 0.77790213167888944135 -0.05192464474350191872 0.77483935507735279824 0.62837831872613436612 0.069026533868755943213
-0.9186301479893105304 8.7874303217784657249 4.0556297513324945925 -0.051734672677916440642 0.0052013088125756924696 0.99864732014366008883 -0.51298708092047018425 0.85783482231298779919 -0.031043073881270474151 -0.8568359110424500491 -0.51389917689553166191 -0.0417115995192860467
-8.5852564080960682702 -3.6836269786139830273 1.31915564404003538 -0.66738102894276785104 -0.0024527293177353678109 0.74471239168292457933 -0.14490384246706541904 -0.98045446986096718156 -0.13308609607297891553 0.73048301735593912376 -0.19673082282278250843 0.65398130302465762309
-2.2897000202714292705 -2.3377244339371374693 -1.8871971248569947566 -0.10611208979443512157 -0.0027503463447680308318 0.99435037084245625483 -0.93806055158074652667 0.3319704207097624038 -0.099186901057131210413 -0.32982211261078386855 -0.94328578668860352252 -0.037806066500715648782
-2.2183848742230409812 -7.1491578909117166063 5.1091890271001680901 -0.013595508568273566297 -0.002017535970159511742 0.99990554138647913529 0.5588201358477965508 -0.82926771975087054667 0.0059249261519422778341 0.82917743452034431417 0.55884790285683716426 0.012401756114280213655
-6.0040987875031657239 -5.9067965281882246487 6.0947399653946847664 0.88499862836752363204 0.0089010829966101046029 -0.4655085375253626423 0.4275095083488357206 0.38050234117772413489 0.82003267534297141772 0.18442626726987251806 -0.9247371189043043227 0.33293875241721732072
2.851216079196866815 3.1229646161014277261 -8.5518019436171766046 0.88098830094798374901 0.0003274433099650017609 0.47313793588515323796 -0.43445393841743895624 -0.39546610798009418364 0.80923194007198417932 0.18737499562716691814 -0.91848051161671939724 -0.34825875551622836879
-3.3307555294750224029 1.9016617028607381013 -2.3215759363396593074 0.83292984342630282946 -0.011828109902859443303 0.5532521773532118603 -0.23209103749453577348 0.90012391575862804594 0.36866066591665541674 -0.50235607515462521455 -0.43547334257743763875 0.74699487391802088521
-5.5489476817825895694 2.8081326679605762564 -4.6450172153598545677 -0.93216397324221478282 -0.0014894321761499892953 0.36203329761341146442 -0.134677978026761902 0.92965098415987335034 -0.34294444139732493948 -0.33605381893931085546 -0.36843836559518372553 -0.86678774883699460929
-1.5586994812240850816 -2.580790946217225823 -7.8664133664841404681 0.7864186397495975811 -0.0030965411492040869831 -0.61768611323808841895 -0.56283887850698299804 0.40838036652211756605 -0.71863612007750665711 0.25447616763691632835 0.9128065992706838605 0.31941507859305379169
5.3242215033085749099 8.8498499155242438263 1.5866980663811340868 0.78313994890829108364 -0.00037001862541456730961 0.62184538553410484418 0.53479633973793205826 -0.5098682097466901153 -0.67381546709190132116 0.31730851773457752207 0.8602524465386259811 -0.39910027912439222098
5.4626690267697455283 -5.78556473934850235 5.3810037925624163435 0.55736524808903853412 -0.00206532540418399857 0.83026484609066408815 -0.5310794098195708024 0.76777821095001463902 0.35842890404697930196 -0.63819953046707056377 -0.6407123794820213103 0.42683604122662799352
7.1880752743307665398 6.5492905336222122514 -4.7283939845773836907 -0.026422382269574329339 -0.0083076146778623023714 0.99961634703211488251 -0.46590532575193749354 -0.88461598424985232736 -0.019666922626747893044 0.8844399839169910793 -0.46624622673882309964 0.019503099774903099456
-3.4532212252693992305 -3.6003725576790057694 6.2666541615487201256 0.99974440544006837328 0.0073676535226857992056 -0.021373850210356634682 0.0028953427064418932324 0.89589942893487206632 0.44424748758399895676 0.022421881764437528312 -0.44419582496424270257 0.89564911003274350065
-0.81841559833131960477 -6.0040364609579457422 -8.8604405684153491052 0.86134543205617342121 0.013128866850869239102 -0.50785005614936429286 0.42930481293891642469 0.51568930446311700422 0.74145931705626710873 0.27162736287634903221 -0.85667506915829472192 0.43855034103224754816
-0.48903774722980275502 -8.243527080522882855 -7.8435764223359303315 0.36241019003800323262 -0.001277696943352370218 -0.93201782260176524453 0.75782576726383388266 0.58252541190121165382 0.293877952491252592 0.54254857904866515828 -0.81281148612697218248 0.21208141689541526453
2.6787127096986345087 0.93429462067560742344 2.591652151416685701 -0.39827169796214417774 0.0018652307942039641521 -0.91726559704187549116 0.54885846026201756676 0.80170845893257458581 -0.23668108812124141749 0.73493812338243857951 -0.59771236208555800218 -0.32032153691145387464
0.16103248021407798318 -4.7634730553943560594 -1.5392797018480020022 -0.1576581761402702786 0.0022017946141470214061 0.98749129190934437084 0.25886247811184925904 0.96511936690727928578 0.039176843242365276543 -0.9529607111115419027 0.26180099259000322309 -0.15272892115438865823
3.0864191676396113273 -0.33394851576117912106 5.6522621626718736465 -0.82960452955276708931 -0.0076749740272485638543 0.55829868289237438717 -0.41851172689587762266 0.67043391437125554599 -0.61267144613691737476 -0.36960013392355323125 -0.74192955274367100582 -0.55940707876207418359
-6.9719196750919412153 7.4128197600380056898 -8.3049617552968371115 -0.99876975138309775915 -0.0045515217736890462019 0.049378815007830319239 0.046511395501606225822 0.25931031458722830774 0.96467344258914278221 -0.017195168231899586597 0.96578333201535460084 -0.25877960080201933835
-7.0872628875201177934 0.9748738725587893228 5.2830128855401925492 -0.34517112864367976988 -0.01467344083081048231 -0.93842505405880871638 0.88255163939734104783 0.33510485895093483633 -0.32985957209701460835 0.31931097029005783838 -0.94206657070568711188 -0.10271845311733616979
3.2815053056115375263 -7.0399959341015252434 5.1601903244187443676 -0.32400439470609287973 -0.0011870863955504009843 -0.94605483088303921058 0.29373199014846906874 0.95045271111055440461 -0.1017897927406220121 0.89930121215005220936 -0.31086690844905257025 -0.30760217011066970372
-2.5951027589038977439 8.8194460700379480045 2.6717825786923556919 0.77283714760546684541 -0.0086090920171633424085 -0.63454600055133325576 -0.3501497933312098243 -0.8397105639065024496 -0.41506781505427814416 -0.52926162293446032958 0.54296597720140804544 -0.65197398881438639595
-6.6440219397875370788 -0.33903069055486123595 4.1136887100474126555 0.99773327477647522077 0.0041342796052114463151 0.067165617213744963077 -0.049784571721768644537 -0.6261834008851606681 0.77808472859596711224 0.045274814433981770689 -0.77966483580312262447 -0.62455819183626581914
-2.3017298247399242683 -1.3699744022650803821 6.4956956732509079089 -0.13266912235891045735 -0.016891295620825544366 0.99101644189422377629 0.70801518261369822405 0.69809275108974322421 0.10668182630895019225 -0.69362338856275473908 0.71580807134896962118 -0.080656058858658258304
4.8106486795399527878 7.7309802566452479056 4.1155783657663977948 -0.46491818426282732757 -0.013531971517807498545 0.88525022885559645491 -0.35616825397541218567 0.91826431818440290566 -0.17301681077081865201 -0.81055243926726006087 -0.39573668985347199012 -0.43173743815201431895
-7.5966208428291368548 -5.8122936097606876515 5.6540766841724634517 0.92010547088477445676 -0.0020296394877040032333 -0.39166542228201123299 0.14626753780471662969 -0.9258592014857613961 0.34841146136243378306 -0.36333418478347012659 -0.37786322867908528345 -0.85159124618560411157
2.9164050592824133368 6.6215006370605884456 -3.1798799760079368149 0.39442075813176707966 0.0050994214645530616323 0.91891580759882585117 -0.90839446925445199721 0.15315292516590880978 0.38905484155974845439 -0.13875068930506390119 -0.98818934289640980584 0.065038979108909905635
4.8172813670602536718 -6.8556594907175201214 -1.4148427038305544379 0.73197314396928570002 -3.2377386914819294289e-05 0.68133348329518927944 0.26383375764873673308 0.92199600549659821436 -0.28339921343081575511 -0.62817757428341136627 0.3871993863631419952 0.67488485711815060508
-0.27799481874732973052 6.1264561663106213985 6.0547442773074129363 0.1213430174856225674 0.0024882202697501104582 -0.99260751602405905558 -0.8378990312589986722 -0.53586960335857092286 -0.10377370385316946055 -0.53216640773599832581 0.84429709045806256018 -0.062939157296764053351
-0.53898147784710193076 2.2163026222611676985 5.6871331759418373153 -0.67029695145242218501 0.0048865885697729604525 0.74207689502212947907 -0.35406007938520200895 0.87671858311437644851 -0.32558560503746342141 -0.65218360686170939733 -0.48097884285475400734 -0.58593164760633453803
-1.6316694172938401852 -5.9406234588236968008 -2.2914619332103502991 0.14008304759340498014 -0.0095952654099524959525 -0.99009326361646210479 -0.29064338218876123454 -0.95630108168620220344 -0.031853815401238994021 -0.94652161315354754745 0.29222623435894479194 -0.13675037033128023545
-3.4934046944426628833 -0.22646515894705140926 -6.8914056116621607018 -0.9953539441461519699 -0.011569833522457249192 -0.095585902857375129593 -0.055076159722010388509 0.88271300050623402456 0.46667373545957735459 0.078975581688696505633 0.4697700476720060303 -0.8792490886019936891
-3.8518959785617461478 -5.0609040756263201644 -2.8090677677930004918 0.18936090590691470603 0.0027782777870197345425 0.98190362484636772855 -0.18581268619830534905 0.98202901177916823716 0.033055493814937969566 -0.96416600902629912007 -0.18870956837456343003 0.18647414255600505695
2.7966379776930772039 4.2909359900217722839 2.2360777182416824438 0.4762568167462610802 0.022711680881563667267 0.87901286910604370384 0.53023525598588949759 0.79004548853874978498 -0.30769904021439192787 -0.70144851401375485356 0.61262737907382658342 0.36422201553010619124
-8.0067075578386432966 -5.7980316987595204026 -0.68769895669553049444 0.82511418833528205052 0.0071012913252602553882 0.56492136432394979284 -0.32276173238041661051 0.82660560228411872341 0.4610293292011769517 -0.46369326102386076993 -0.56273683897045634339 0.68433603569207512862
-5.855254262287360234 -4.0310324532288408506 -5.182788172728046483 -0.021686479110466734543 0.018690236932365735661 0.99959010182529750566 -0.3134422231858950969 0.94928987748915649725 -0.024549973942762516599 -0.94935961013087699634 -0.31384614628779711198 -0.014728445682006572476
6.5044519264209093024 -5.7866060790999735985 0.010061628079014842824 0.61689140971103451072 0.0001175076151037389785 -0.78704826714527220677 -0.1729336927211318764 -0.97554174262492399095 -0.13569173268132914134 -0.76781438287280112664 0.21981422744713088879 -0.60178299981417882059
-4.2909980721776550538 6.3791229718929969295 -7.6410527561486762949 0.48720963545966644581 -0.0088758804922669937154 -0.87323993831083235317 -0.84378413240254701577 0.25292651656078635192 -0.47334608388193299966 0.22506689899086315676 0.96744477670105832878 0.11573890881125546704
4.6985866101367097514 7.5981716800085647989 -7.511684702375688083 -0.48247113510292161109 0.0017790258087122239744 0.87591006322555853281 0.18274395797494460969 0.97819647092126371657 0.098672742440288924159 -0.85663659133615510655 0.20767402183295224916 -0.47227666789667660519
-4.7128215457274897915 -8.401324443650356244 -4.4719424177272513177 0.26984173162489838438 -0.00033481438563692745777 0.96290463067375042794 -0.90311182966222547375 -0.34698382760134388603 0.25296491161277240289 0.33402763807470026158 -0.93787105258798919571 -0.093933091718129566039
0.45806949814340292004 6.2149857049000809539 -7.5085966407659618937 -0.41430298720874603191 0.0013174638488708421621 -0.91013806594303403585 0.82749437835426276067 -0.41582359319507755657 -0.37728476398384447332 -0.37895393992149800644 -0.90944433784124756315 0.17118676288406570185
-2.5818655404412660381 -3.7395308121582684358 8.7446597365463762941 0.98772992457084085594 0.0046936735011989371563 0.15610113880503487249 0.033166270460052021951 -0.98305215868293316372 -0.18030100335972987224 0.15260928743353727177 0.18326598903723548273 -0.97114570619003415253
6.7843930072364750927 7.7337133303905272186 2.7572948066660187827 0.34288309577234027392 -0.00041961256235895061893 -0.93937798918173553986 0.55557963335862481369 -0.80626313821231487822 0.20315270846570568364 -0.75747109095370224185 -0.59155690840811259168 -0.27622087264371547599
-7.6124685955049820052 6.1081900500809682697 -5.0121368649142858942 0.95330842774853297161 0.0021665006483594581588 -0.30199064200480513209 0.30174306744524831414 0.034279372404539029673 0.95277281965643723094 0.012416232611455406409 -0.99940994136662186786 0.032025088059801039286
-2.4157668261124913833 -3.5903481280942504128 7.4266593038277051164 0.99985303597010011245 -0.0027467367638376967084 -0.016922230899825946304 0.014706821663201048028 -0.36982783668121638199 0.92898389685324633813 -0.0088099862678821371648 -0.92909624186790584766 -0.36973308952413469486
-6.0927324732540073526 1.6636877307361028766 -4.7130267867283945904 -0.85655976001272182696 0.0037289962847105121574 0.5160343710584912591 0.41011472632093909363 -0.60203838183933233719 0.68509539339221536824 0.31322721590220681254 0.79845844060855786228 0.51415253557587103916
5.206497459949430251 -0.45821395112044488451 6.8120815066406512628 -0.98370352656491166776 0.0056053882819614977637 -0.17971074382451762697 -0.10901484703159931844 -0.81343027633265796439 0.57135536111250595503 -0.14297949136323426234 0.58163542289624448056 0.80078530198925967909
-7.2456044288446888046 -7.046299357279718123 -7.1178073973042845779 0.42556105168034247255 0.0076431791790022513347 -0.90489743789271182006 0.72586512029895056131 -0.60002039702185461234 0.33629652137763116349 -0.54038654537828800795 -0.79994818892814545386 -0.2608932283606301139
1.74042615409146606 -2.5050882961242848523 -8.986673832799210615 0.56826848057030154848 0.013371022847884278181 0.8227345560618477549 0.82081610711997277097 0.060928941919808486671 -0.56793360732491526832 -0.057722199221533335156 0.99805254359910455797 0.02364884632542156237
-1.8081710213706034818 1.9792806963722777702 -4.8335980365408950377 -0.98393632308206169235 0.0053534087429819663534 -0.17843949432366634777 -0.17670688698371844749 0.1128815411538760527 0.9777691106590156167 0.025376922827489534901 0.99359403112195487928 -0.11012226435310437656
-5.9138678752679707529 -5.6189051390581736811 -0.26477598288483428224 -0.30697758673421410291 0.0066773221679490499247 -0.95169331962111625156 0.33725409023235330963 0.93584779439507714827 -0.10221831708475140332 0.88995754947319916095 -0.35234119698780169694 -0.28953625168695673597
0.23522424597919874834 3.0928408459460041691 2.6401939588008689341 0.69670192674193320848 -0.00012648662227758675387 0.7173607246534859927 -0.68025690737456534496 -0.31755962542026983098 0.66061064498861687966 0.22772124460299369986 -0.94823829721455898945 -0.22133044628421347233
-0.86039546055425009108 -5.9526459746360833591 5.6121305731747481715 -0.48759216196956622902 -0.0018968897955401534117 -0.87306946195299561797 0.52243597507341144048 0.80057027102859756873 -0.29350961329147595702 0.69951021117282663475 -0.59923588256561133303 -0.38936078578933358552
2.102728356733536863 7.6541300090017747593 4.5195951880021274505 -0.82979165492250361869 -0.0018717593591491936411 -0.55807016220026928188 -0.21309548873440797845 0.92528536774837544243 0.31374719267574591175 0.51578689601645399954 0.37926703619977630844 -0.76819294005468852227
5.5748937108120326656 0.67305084683773730436 -5.9138846571841732214 0.6978704483071300757 0.0037587366334488944014 0.71621415043160840952 0.52641583369214284271 -0.68076294225837141738 -0.50936056628479386976 0.48565750011481567672 0.73249415584482036046 -0.47706299818324282569
-0.76406505738734198374 -6.9228487755759973155 -1.5605289112081917047 -0.203446478648724699 0.0094071909316853687816 -0.97904087508357517944 -0.27519259976674459445 -0.96019212915752871762 0.047959442631770710097 -0.93961617874487213253 0.27918198341358019254 0.19793649683218195179
-5.8490821105360693011 -1.5762587346916949738 7.4914978598673584997 0.29763552717630814559 0.0046902326686772402228 0.95466805470784277254 0.3800063927632734706 0.91677234059680989819 -0.12297811584161862097 -0.87579006298407868769 0.39938262009558245236 0.27108170049659635614
2.4679528036814728509 4.2671792725738786345 -7.9648155151128516849 -0.81773489969555113177 0.0081244396129942202806 -0.57553768538740912586 -0.57475710854949979556 -0.065458544059167483864 0.81570181143697428894 -0.031046738827369642355 0.997822214871475488 0.058197315380895835168
1.578021353718969344 1.7608513826697274052 -8.13738516506030507 0.9999538751492630384 -0.0043581334922985111302 -0.008558869445558170419 0.0090205203719120295724 0.73215198505703216192 0.68108156706030276162 0.0032981488660674086397 -0.6811273577308232241 0.73215752728810445937
7.2435753840674319548 6.8102445586912070397 -8.4226054395887821613 -0.33912024007137653303 -0.0029419537247569980953 0.94073843744299168179 -0.61149364454879617803 0.76061013965602675135 -0.21805443845320177099 -0.71489368821567411683 -0.64920224919576841049 -0.25973727916596545118
-5.8541784907946095018 -6.9347266386679260464 7.7535053812550946972 -0.62797969428997457708 0.0026149183515669490938 0.77822533096888291126 0.051753628220576171348 0.99792099970195358161 0.038408857310931708573 -0.77650696424783527405 0.064395966922861314075 -0.62680945583053326864
-7.3720983996374727099 7.4771314794403087589 -3.0320614557201048811 -0.17978062056322974271 0.01276352130192556257 -0.98362392254045516449 -0.15377340149445611894 -0.9879879005848334339 0.01528559095317431199 -0.97161343622989948532 0.15400324938759032967 0.17958376796176458989
-2.9790279560215400245 -1.4860520651073145793 -7.9060094993933986984 -0.92309829693533840267 -0.010838749667380374875 0.38441131057838312524 -0.045436011982559372513 -0.98952745075226544724 -0.13700727361297851403 0.38187053173824847541 -0.14393729785355166562 0.91293863500039518222
-7.5871077907517765482 5.2170894090433836965 0.90906719859313012133 0.09918241952842332676 0.0016290011203919131655 -0.99506793437012053261 -0.74880758596060847943 0.65869292627732844991 -0.073558331138675298044 0.65532438293121153539 0.75241011106129940256 0.06655056655104567287
-8.2801817767690391037 4.2634575429112935296 -5.0308926110126535036 0.77887081645156797105 -0.0074657270216759840514 -0.62713994785843252266 -0.43728631630675618425 0.71034098455118410698 -0.55153999241943829634 0.44960085503786867411 0.70381812180901281994 0.54999920232859711433
-6.0286236393461534178 4.3494147367469144783 8.6731159807896620606 -0.38772553199201054142 -0.00067106829514924329523 -0.92177462620160366402 0.031670196453543457416 -0.99941902839102036982 -0.012593821759520663212 -0.92123064999932280372 -0.034075729739378231298 0.38752152733049483047
-2.3972392818549206339 5.6185227895818927735 -1.1551360713049252382 -0.23573766238998059008 -0.0016316816727956848926 -0.97181535908101834842 -0.44054740004571391054 -0.89116535910573257961 0.10836185234020963286 -0.86622499550850828864 0.45367569953067321542 0.20936240543984030449
6.9202101640582416309 -1.5200937324872021428 -1.540482645015980756 0.33729729710451922253 0.007249929460069647752 -0.94137026290874525891 0.06423821334973089936 0.99746229883959547369 0.030698767719940622811 0.93920391040053885501 -0.070826555166443511125 0.33597561484677701538
0.49760067893190285115 8.7952127177329479935 3.1905612460992225365 -0.020771600509587512251 0.0038122936517487153452 0.9997769786455654728 -0.9992651102753101755 -0.032300473997103083812 -0.020637799451805237394 0.03221459294985541677 -0.99947093294221178716 0.0044804245783495828467
-7.2723352651048465134 7.8732653873088098706 7.7370005160294050839 -0.99863571816747920273 0.0019717020224479385633 -0.052180597842637822803 -0.022869933701888684602 -0.91486255357270651611 0.40311719661038547535 -0.046943247997461405585 0.40376059795571939137 0.91365951590614613576
6.7850976564622706988 -1.3035397064365106257 1.2611268814773974878 0.41182163252301023926 -0.0047283663315839941088 -0.91125220742544110752 -0.068389569592999660541 -0.99732678577201583359 -0.025732258984793664192 -0.90869456351236432834 0.072917247160203618739 -0.41104411601404339249
5.438030397307723085 5.361878579954158397 -8.0033843703141318571 0.29953674214871273129 0.0039855182160536562624 0.95407644124971580091 0.13232188218039861449 -0.99050076016091326281 -0.037405395561434275076 0.94486436042402377478 0.13744948077534885345 -0.29721874206601600621
6.2488966459095154349 6.5862922446820029165 5.7863192964523069151 -0.81058999301181533514 -0.0084292023831890189323 0.58555342350316930133 -0.2950775687508649936 0.86956480008625336442 -0.39596248164555913895 -0.50583899775448160074 -0.49374690581105673548 -0.70734779377110068577
6.410014258923800945 3.1195373794884879715 5.7120782033681303247 -0.94971672452620503613 0.0014728151024970270733 -0.31310696889545530652 0.17658935712567813692 -0.82325691424937252894 -0.53950370906115596714 -0.25856206625315858449 -0.56766705378806447957 0.78160077657223825387
-1.8310330698768513269 7.7371998475574930154 2.7067307489266001497 0.49661929282075273351 -0.0060967973797914605874 0.86794706466460891381 0.16897779951741034865 -0.98016310243884940956 -0.10357024615103109511 0.85136113445962791069 0.19809876748524818391 -0.48573768337692030395
0.9656230377388331787 -5.723631665461874185 -7.6369647947931298404 0.88206917872866130725 -0.0035787572134831180208 0.47110631117976836668 -0.10675698777753254987 -0.97547754000745712233 0.19247471132908700042 0.4588648052501289043 -0.22006990125254344282 -0.86082072992305902481
-1.1440905717849192413 -5.8180662143990122814 -7.1684214976994038437 0.98943098811425078676 -0.0068902171661552723964 0.14484075623530168198 -0.10401276017697938525 0.66224613360731887646 0.7420319428718707977 -0.10103299203611210144 -0.74925468529005079255 0.65453017584433104137
1.3316477359622358456 -4.5606305566270251006 6.862924524801220727 -0.95446497747716763094 -0.013898119937767143897 0.29799907555478416521 -0.092598321239307820885 0.96337724134219415717 -0.25165421070803084547 -0.28358800692731550575 -0.26778934468272913572 -0.92079677953437544247
-5.5944716806533332232 0.65311314706491641058 -1.0071044843337850772 0.73762110514347634105 -0.0077578102858642727577 0.67517029083536439504 0.39376509114376784249 -0.80735421509735960655 -0.43946356431562788591 0.54851085517395381519 0.5900160910890241972 -0.59246675350796329518
2.8468627471737426582 1.8863500155821177895 -6.4526621052705914749 -0.61187275126300855188 -0.0024692394570904130716 0.79095236210416131062 -0.17533833683906435708 -0.97469151296215372771 -0.13868281145793143194 0.77127699557044593348 -0.22354050508999287472 0.5959542253294345393
1.7076376820721221872 8.7655490399335249663 -6.0819108923737967842 0.57084390172707766276 -0.0068962409800057949266 0.82102964728518890158 -0.79847471813935388951 -0.23758172059761917261 0.55316638593636435761 0.19124686756426167999 -0.97134307425236499078 -0.14112855043766769914
-2.4411115759123189761 3.0390573619128984362 7.7059287830048779355 -0.47508042604069516956 -0.0035502617550232208957 0.87993521604407765047 0.38165191330993442076 0.90020720542464127689 0.20968739678023803896 -0.7928684669350561931 0.4354473365897283399 -0.42631585848644043546
-7.8163625759140504812 -1.3594987105925098181 -1.4608592032256817461 -0.32053004480210528504 0.0062422401190153718048 0.94721778109240195587 -0.66984949720859554567 -0.70853147115246251087 -0.22200181412740258025 0.66974781930838822586 -0.70565160584024244628 0.23128698559744009788
-0.64476158196782706877 -2.2847624528702419333 -0.72765808904381978905 0.26484575541299820722 -0.0016422385769564950241 0.96428939063544638621 0.74321967963735802165 0.63749374867645125509 -0.20304242955084877975 -0.61439501433465582014 0.770453777621114555 0.17005805746833399517
-8.4953890749990872422 -7.074979522373005203 0.45188342085528432346 -0.8586147636172235531 -0.0083830129046059652376 -0.51255283902564985343 -0.28465115095939580447 0.83934550589454604008 0.46311212896273762363 0.42632664701618139258 0.54353366669383229581 -0.72306067740858726012
-5.8985042360471640066 8.7169592045364687749 -0.20998050249663285927 -0.85815946493269568141 -0.0032866490873092249481 0.51337270153735914402 -0.37647193754988905745 -0.67584568531476496567 -0.63364145214698541775 0.34904328239279341917 -0.73703582516668020297 0.57874604053700728912
3.5566823380847396585 4.2661897287593362194 -8.8250533582131254207 0.64550605150604944971 0.0079572621398203285947 0.76371370254070214401 0.75893655035705487322 -0.11883016949191987921 -0.64023019559441074477 0.085657749220123188816 0.99288270847960569121 -0.082744650587116982954
4.1616726346758863286 -7.0264140959140828357 -4.2302319127864569381 0.40634696699438677125 -0.0093615145542995450989 0.91367089504896947805 -0.90109156760357267402 -0.1697724078712837259 0.39901292750854977509 0.15138074252618380355 -0.98543883197824744258 -0.077422084842724753218
2.4451599480271948295 -7.0008666660820964012 -1.2066046441916498111 -0.58956893233437790425 0.00073124114119795836919 0.80771773492502207947 -0.70038182465087950312 0.4976506344902720258 -0.51167288934440169346 -0.40233539954205777001 -0.86737726006486559616 -0.29288720524731071126
-8.3064154552895033135 4.137506539049654819 8.8971217399030351203 0.91668797453303307865 -0.0044216083422979404749 -0.39957928715853879842 0.39451362749897272986 0.16910666615276725988 0.90319540143881060779 0.063577944793345692043 -0.98558783720309262044 0.15676243202207626459
-1.9277243637959196043 6.2817084530217215388 -5.5303722975923097493 0.8161468873939390356 0.0062619196998493541553 -0.57781056286550891432 -0.04298430848223657591 0.99782877460465435604 -0.049900759464829358425 0.5762435313489069344 0.065563136994336135288 0.8146440128338708897
7.5362637759600241694 8.9224729694837741079 -7.4863849783228904045 0.66118171208080889212 0.004095876746587463757 0.75021461422953483744 0.20641242850736660208 0.96039847388587629151 -0.1871595060783957376 -0.72127155286151922731 0.27860006308580920198 0.63415246737742259064
-3.2605157832579210186 7.5514941720855235374 0.38659659286259262512 0.52567739579995642618 -0.00069187844564486730009 -0.85068372315989915222 0.61071800477044102529 0.69643845505092327741 0.37682488900740240823 0.5921881408759503973 -0.71761619242494023574 0.36652449601001030333
-8.2799609761936832086 7.8444638181194239479 2.3520363401001489478 0.99779941556645934675 -0.0066622815421992238188 -0.065969237528338262044 0.031949268566069013997 -0.82350659033766804296 0.56640633816023122638 -0.058099660356318881538 -0.56726758207625205266 -0.82148153953187152965
-6.6634791884122090977 -2.6114571881596280178 4.0364087309108818147 -0.67412928788669690405 -0.00035276094525752213493 -0.73861328093471878553 0.35123432279917443655 0.87954519618413207205 -0.32099018420676000973 0.64975699588472068946 -0.47581521983727903535 -0.59280327501618323982
-6.3718203427529749305 -8.289454671909661343 -2.7485775252606043928 0.17926384784289756125 -0.0090438598733402486562 0.98375946321003704398 0.2449185312002726822 0.96888533869360682349 -0.035722731408115729335 -0.95282704932812001264 0.24734471707125116335 0.17590112280920475185
6.8358818243292667205 5.4861236678827891566 -7.4201399560518863652 0.36524552832402618074 0.0045009589652811043958 0.93090034128667764612 -0.5382042294001306848 0.81694354229480603546 0.20721837794800326837 -0.75956034091800717079 -0.57670008676241890644 0.30080741086782669669
-5.862572967807823332 -6.992128906220210105 6.0251872999806899145 -0.84209307500360564003 2.5743331368011102001e-07 0.53933222880809639221 0.53469741641378865094 0.13081849968905195913 0.83485639065616001897 -0.070554418086810719024 0.99140633452637050294 -0.11016149031971075867
-2.2161795760807518896 1.7173109989283343868 4.4152291697895975631 0.98297695841682974915 0.0084916630964543653171 0.18353253357297769077 0.12528140957840663838 0.69970149714538953933 -0.70336504271020316992 -0.13439072749238983873 0.71438484484941111585 0.68672660194120771493
4.6637728965056091113 -1.6621153327843569691 5.1845696082564129981 -0.84521576916411456093 0.010114644656118779859 0.53432948404514257756 0.31533133296113202704 -0.79779196894106829685 0.51390089000316840906 0.43148169603053521115 0.60284796446237298717 0.67111688827945792379
-1.1933126610795941058 -3.101980913662055972 -0.13596155321934605409 0.47392554501969835767 -0.004179978543457596625 0.88055499859878161306 -0.87299428862527461703 0.12861551083219655012 0.47046681328316231063 -0.11521957214563534333 -0.99168572549606226474 0.057305078674170784048
-3.0809048754360310873 -5.910668086104517549 -5.1305283318101011503 0.71809989535277263251 -0.0075919582166393126052 0.6958986294460109967 -0.59178667323710387738 -0.53286131816106696579 0.60485316316139070558 0.36622544105117083024 -0.84616852800009589863 -0.38714047650544819446
8.2972424044311683389 -0.2013881758087305851 3.825185316440296468 -0.42995552448699547732 -0.0019781669938972483089 -0.90284790181861362957 0.65902893586031174866 -0.68419419935046854597 -0.31234461620742492993 -0.61710542750972963155 -0.72929718526142139901 0.2954767451218611729
-3.1070918594092815646 -8.0797884605880536668 -8.0475696873627970973 -0.1249394593258262437 0.00081174790989708262533 0.99216403511135731197 0.19874681963816859254 -0.9797104494670410002 0.025828993181492711229 0.97205443941533531405 0.20041650698068219638 0.12224316153675404695
-0.13592620724149956368 4.0735947554796627657 0.83945764210066375899 0.98067770137601051328 0.0060823919513890061309 -0.19553580370804771182 -0.18079300202439196887 0.41000844118609502953 -0.89398376303769044871 0.07473377042952104865 0.91206144675908751296 0.40318578954737760434
0.079679884465896952395 7.5396302204763951949 -6.3507047291725742255 0.45479115534051467451 0.010783946585182883904 -0.89053282450460535813 0.77210899443631020311 0.4935746551681982619 0.40028959577546041615 0.44386113339048094417 -0.86963657137437888611 0.21614700551680526841
