1125 17.292696884352682929 17.968806560800352656 18.477561601407678893
-7.8095352449617276847 6.2889298875014167933 -2.738418031908474326 -0.74842066093210768418 -0.0070215458178686119411 -0.66318716225835405709 0.58370849259557344713 0.4677749111165702689 -0.66367991396586867303 0.31488237480354558384 -0.88381973864835683408 -0.34599387222033850531
7.0300640001186769368 0.54064855516667331692 5.4786344542317833017 -0.32452522026916080788 0.00091363651361035455589 -0.94587660224661784802 0.26142489888596737169 -0.96096031685299820868 -0.090621695393286072484 -0.90903267468861359557 -0.27668472075971323187 0.31161701116355411401
7.1306394632237841691 7.4186111126947897887 -2.3222615478732575589 -0.86928261422765917832 0.0059269339039911906122 0.49427988837918346299 -0.2566468565115856415 0.84918192420661819941 -0.46154355227160220876 -0.4224690848385483366 -0.52806716528819996892 -0.73665795407411094331
1.0411199036034701759 1.6074820620640180024 -7.0691878122521805139 -0.17954983814743191717 0.001122050460472928321 0.98374823843514791477 -0.12529886047282609574 -0.99188087330582441759 -0.021737726068350952252 0.97573667102641625792 -0.12716553846512321235 0.17823264190759113834
7.2996337447824020117 7.4465714343164988165 6.3535860218739159677 -0.37774083812068304233 -0.001047773337765671442 -0.92591077398795551545 0.041722170192601215621 -0.99900287477718485718 -0.015890774115295967089 -0.92497087507149045038 -0.044633601228106140058 0.37740789858058121364
-1.5564490540344173564 -8.4491905260813382483 -7.2140679198756227919 -0.70059861904970133217 -0.0034034501619073656911 -0.71354746969798643619 0.69514459513559301307 0.22243602877081325442 -0.68359067061986467095 0.16104523227783223982 -0.97494134676466703837 -0.15347248459888351846
-1.1642463813906049896 2.5918676046806887747 0.52695544144321104785 -0.16190296758861699722 2.9405711058075626949e-05 0.98680668229457768614 0.026987551319492989604 -0.99962583107269409322 0.0044575694853161030445 0.98643758097515377159 0.027353189708639154276 0.16184159494080840869
5.4980734484441269316 -2.8308563320400605967 -2.0146142009639875781 0.78481797351763915582 -0.0091650271091480908087 -0.61965857592862283454 -0.18385783175532671718 -0.95831718802950072167 -0.21868805369649235715 -0.59182518208181356112 0.28555939733333113306 -0.75378961550852663365
-3.8272388642278349913 -4.1359561084126026387 1.8539550883674775772 0.99946205217764105821 -0.00188586084075299679 0.03274217136414102336 0.026542237889934591072 -0.53990871299346776535 -0.84130499299691219317 0.019264367743259420279 0.84172146530944869092 -0.5395682153101044598
-0.0081720503973075966919 -5.1659886011809534878 -9.0002680438294326848 -0.85654250113281327206 -0.0045128727544465471397 0.51605675824724817069 -0.014641646545308768107 0.99977174311504268811 -0.015559044163506561761 -0.51586874875272104024 -0.02088290325453158805 -0.85641306529745353515
-4.0581661774793298392 2.9013403396950794289 -4.0258455904277870019 0.29008025155013617002 0.0017203406932638758836 -0.95700077747549006091 0.95691097793540746963 0.013294891578196785242 0.29007693145874530183 0.013222252726144417476 -0.99991013910548520727 0.0022103725980805446691
-5.6800441617080466017 7.3125345075658829685 -6.8493467111897459176 -0.92235183914696583507 -0.0013126313440185478909 0.38634875672214014086 0.35165304427607624316 -0.41703948460521939046 0.83810393432539742609 0.16002256488759092345 0.90888742167515768067 0.3851187264306009661
-5.6441656995866527069 3.8853297150123813353 -4.9168332374259087203 -0.98547478874197858012 0.003081896708158451785 0.16979382399467038423 -0.050089341428488136365 0.95007959946864628531 -0.3079607321545200227 -0.16226675145979913006 -0.31199239828333796831 -0.93612512239785605761
-7.7272274002242964386 2.6962138491011553576 0.93716218512600135693 -0.8951075470910163645 0.0075696826511110620883 0.4457860238336569525 -0.43729910065551097498 -0.20979083496436398693 -0.8745040320836999781 0.086902104155685250264 -0.97771698638700499373 0.19109557510261648838
-6.3534535694540608119 3.7228525776422247695 6.4714885485364295192 0.99247500542714750527 -0.012029084021149520287 0.12185509730783744553 -0.0028156269041562736154 0.99265777774771835062 0.12092397827749275241 -0.12241501479550295772 -0.12035712448749652514 0.98515416394463972694
-8.6236670672206123811 5.0920790104407887 7.9439659490721492574 -0.52078843787940620746 0.0054632739263125026583 -0.85366829366500229792 0.47110955698407747105 0.83576318645056513201 -0.28205616726488536017 0.71192358318107185067 -0.54906288238395717372 -0.43782960486777494635
-0.60313045614498228542 2.7591481844768255272 -6.6131445595256312942 0.95160603117565956133 0.0072114769010279107866 -0.3072359940353248664 -0.26028154330080222056 -0.5126329065377460692 -0.8182059773377586831 -0.16339975412128165955 0.85857760146366235432 -0.48594755130320105296
-5.8526404833104646031 -8.3153677649065613764 7.3406336156520302083 0.81451833681718610602 -0.010238275541031943011 0.58004746073288293573 0.32727315948044793936 0.83366653035960402995 -0.44485098093847968981 -0.47901164711554622411 0.55217324624818997503 0.68238738855238056935
-0.13051161079613166072 -4.1789824581751977561 6.516196902286968573 0.27598421254629540433 -0.0097335497662875969382 0.96111288225364543969 -0.90163857068108421711 0.34380292946051954628 0.26238794475748061785 -0.3329873905795250888 -0.93899137573412716495 0.086108036859276954056
-4.0467770754273661993 8.2564993493078215892 4.6421116515320068885 -0.76728301172966129062 0.001307137902396287351 0.64130731424299869392 -0.63928476703080161503 -0.080942413038042018703 -0.76469818387006849303 0.050909395533729799588 -0.99671792256502567131 0.062941371801932058383
8.6456366555781709593 -8.4283560276064850569 0.62546621121048462388 -0.59126503903008376106 -0.0033240091654929424317 -0.80647046107320852215 -0.45885623450080825769 0.82374227558465351606 0.33301594477479440348 0.66321686474363439334 0.56695468458916509213 -0.48857525105351456984
7.3780868181987830923 0.22227248454328066285 -1.4248042201000084006 -0.9212024483824073906 0.010950543496452237041 -0.38892947264428534559 0.28947564486623034163 0.68721155722149540601 -0.66629132265901869214 0.25998057643515865012 -0.72637480767066109344 -0.63623088470934485716
4.5132231602617896016 -8.1311630310140365907 5.5553540689865972269 -0.43480735669120451625 -0.0046340052311273074656 -0.90051157047698948688 -0.45662901082161294619 0.86302765460369679218 0.21603984323587688277 0.77616525884851994554 0.50513542083764217949 -0.37736679447463744586
1.2104933601911220808 -8.4153670415720007725 0.0082491281855555636388 0.98074030629661212988 0.0010285699229139223798 0.19531357773909543973 -0.11912897246778454685 0.79559557809426761921 0.59399996972714508292 -0.15477964828784407381 -0.60582721807537964764 0.78039518342629909942
2.0251148488099111056 0.53430869710166739583 0.17448387355212097161 0.16918238634029708622 -0.00040670031939397596754 -0.98558467659913917558 -0.35511218637377250928 0.93280890252013715092 -0.061342370902618653661 0.91938710848111515617 0.36037117805674867554 0.15767041188832842113
-5.4588421341935839948 -7.3981720235009253983 4.1620584814659382644 0.65601559286632005197 0.00046034760244051745048 0.75474719608374529756 -0.25266673779993792381 0.94243365971646786416 0.21903953214738167143 -0.71119832784239944701 -0.33439286044089655547 0.61836749054315243157
2.2321987357717096856 -4.0557207123409435567 0.32508232196479480702 0.63738934671436076052 0.008896064156124540781 0.77049054552116236216 -0.022101321801517023052 -0.99931087139809793296 0.029821366169850867939 0.77022487123538485587 -0.036036680592544501067 -0.63675348870827164216
-8.0495724045159988691 5.8863815003858475094 1.257762848770243469 0.73906025896050264734 0.0075537014762601540491 0.67359696794115209162 0.67295847000605391042 0.036666980692280359833 -0.7387708915312362068 -0.030279221791902184713 0.99929899135386457409 0.022015780857481556665
1.4593780496975505834 -4.0361050610972846187 2.2494308239620197654 0.96220513425291265275 -0.0062437082050775805087 0.27225410139154115896 0.21149400347746516449 0.64693471616457831619 -0.73262934660977652168 -0.17155630594571918968 0.76251982867900514051 0.6238044122651357215
0.53399083097075217275 -4.0961710362280063791 -2.1462736640241719677 -0.85778600079622635555 0.0068503228897723016794 -0.51396133114713848933 0.088536212388198143319 0.98693541157793873708 -0.1346099270835649786 0.50632451642610887266 -0.16097070059417939447 -0.8471858813838683
-7.6750195023286478246 -3.806589286024111729 0.74893854950918992142 -0.96740943649364719015 0.00088297896203037992083 0.25321572330920838478 -0.2473345796177910394 -0.21759213521648917977 -0.94418179839336935366 0.054264057240865339049 -0.97603938600867212738 0.21071907614557341959
5.4550007295203570834 7.2754898076154512765 1.0895487797652703144 0.50816284290255275824 -0.0066886617354920355899 0.86123503580453109052 0.84585338088048411809 0.19217628882395113021 -0.49759454585715390262 -0.16218071138735012937 0.9813376258036834443 0.10331447640971092028
2.1058185724441531583 5.1932360391330183447 0.33799648767015766371 -0.99158693068790060288 0.019002238146134615981 -0.12804012587472513029 0.041607207374928248389 0.98346276170830904118 -0.17626637974135409004 0.12257324007702002922 -0.18011083054085200161 -0.9759794513916003611
-5.8749398866599875646 -3.8312419697065100976 -0.73751129780441926354 -0.99558104327728258465 -0.018233447893648634108 0.092119094898179099129 -0.067261855028644762511 0.82300706919997745903 -0.56403475682365233901 -0.065530367960590765741 -0.56773841284956771958 -0.82059665210741117303
-0.16192376847782116722 8.3549895223107988329 -0.23082825208828494645 -0.98693965876552747218 0.0010196323358276650727 0.16108715127237541176 0.060895749187960680759 -0.92341649235370859561 0.37893757979293912763 0.14913690920084143876 0.38379804845593384899 0.91129426658735679379
-1.3311543406419330537 -3.882508276596079444 3.1778990875333423816 0.66653312883087678653 -0.0059109711882123616017 0.74545197604585200502 -0.72039119935735951294 -0.26232467274661808165 0.64204539244257508024 0.1917553338483644898 -0.96496156736299609769 -0.17910629651894119374
1.9344532234352969091 7.3162966571332450627 -2.7579462689798890374 -0.3412648113521515314 -0.0014170293299623506166 0.93996612734778095533 0.77567559640802385967 -0.56524175819441202506 0.28076524701300370479 0.53091025387540946578 0.82492408548980611371 0.19399627704930297312
6.5576445060247561258 -3.0383406780885082732 -1.4731247689701263415 -0.81417083286730684843 -0.0034557790317751024833 0.58061511563110768108 -0.5782790898038551175 -0.08498132122057809601 -0.81140093008283276088 0.05214546196755454055 -0.99637655162830351951 0.067190908323345857611
-4.6138840965420300222 -7.3146358725387186084 2.8986996675400260592 0.60331424974064074007 0.014985788147472865403 0.79736274192720424381 -0.2553072154755662293 0.9508346180316215035 0.17530474859028144508 -0.75553301832953234651 -0.30933631423712704134 0.57747805404886309866
-5.4519397934819382456 -8.3714944356688079097 3.164596015810137164 -0.51060748390608035052 -0.01146444538447414889 -0.85973749707180235902 -0.67453716951599129725 -0.61471317859481788837 0.408812077858389189 -0.53317877332141694335 0.78866740426726855695 0.30614395490647811071
-4.7736288612397377307 -6.02012683446393293 -8.3500212175764918499 -0.89009065120077246469 0.0028530829655279521355 -0.45577460719365003872 -0.016227545992411548242 0.99914803631767346026 0.037945596242377865881 0.45549456571495960944 0.041171123870178953641 -0.88928602775663234681
3.4423326819527102494 2.7246038057049979386 -1.9546618595464049228 0.15271475023526678849 0.00079348507313291467835 -0.98826999116741198748 0.98220065261423072922 -0.11078200063615339932 0.1516879241712474069 -0.10936216468653334188 -0.99384441373700382893 -0.017697407114379705428
-1.8545950900436056763 6.0201346014388796846 4.4728624088771269385 0.3102019582498708461 0.0016777235597231834885 0.95066920132170706914 -0.23012371299753991982 -0.97012611008074878249 0.076801088897147984369 0.92239786524804723289 -0.24259537461216529319 -0.3005489351216025784
-7.2194544310024193479 4.0537193696854245673 -1.7777690555375535997 -0.97890479552300102561 -0.0007065424929522372971 -0.204315692249731784 0.12006368175124337849 -0.81111082760712405193 -0.57243684163661134878 -0.16531821928062145899 -0.58489206366325707798 0.79408510893832440214
-1.2870483203594307309 2.6837955054182796033 -8.4737016684587160853 -0.21508075086439784607 -0.0013077541996312103817 -0.9765953923638766021 0.91607184149783638105 0.34629677000427044886 -0.20221505458098923413 0.33845627756361490457 -0.93812410525654732485 -0.073283772516648221229
-7.124094129847818202 8.4839105293704459854 6.9134418677200386583 -0.29872600785717301486 -0.0088674809918592063795 -0.95429772084527486609 0.94809529065135456083 -0.11695380940131348824 -0.29569769412519425478 -0.10898666007394881838 -0.99309776671140970183 0.043344361554286330029
2.3993246571979942594 -6.1406129639996152036 1.4460945102961335618 -0.95519187883906564451 -0.0096103660713960266382 -0.29583122800700756283 0.12876738031581547173 -0.91342707091342978387 -0.3860957755392648294 -0.26650973034154012975 -0.40688896149508635425 0.87373562171095675577
-8.522540845120706976 -8.5024423555020991472 9.1809089900544247342 0.7533776352611023519 0.0058053119486410073927 -0.65756249668137545239 -0.063454519475142190377 -0.99465281028486562942 -0.081481967027451224217 -0.6545194134988385759 0.10311200388713481768 -0.74898080883805651098
3.2262950789720519218 7.4904923576640989324 -7.3543320404381491429 -0.89309898818820121491 0.0022106051441552485373 0.44985476603242507965 -0.16000429840239205337 0.93303724293101120146 -0.32224234327036682668 -0.42044360120000517922 -0.35977300694814690063 -0.83294091127851710432
-4.0534860902411455896 5.9661780336173926287 -5.4760024660829040855 0.68030062515557265801 -0.011757243542890778026 -0.73283888177202471947 -0.12597879841027137537 -0.98686635516999143825 -0.10111448652059823461 -0.72202520853773166642 0.16111041014612104139 -0.67284696178151259804
-0.36775192080296381647 -8.5756120602323502311 -4.5297775063924303751 0.27277458695997958138 0.0023549547299349885693 -0.96207509005126679025 0.39224796799511357781 -0.91338134902497736256 0.10897725844038537446 -0.87848480710400056459 -0.40709822579033727585 -0.25007094642480065527
-0.88479598696713246397 0.20847370383601712684 -8.8383841512332992352 -0.85326864489226461608 0.008626409214041952378 -0.52140023466431384414 0.3683234547503105305 -0.69783059436267047548 -0.61430472426290738674 -0.36914827959037249672 -0.71621089536192927838 0.5922596567726772232
-5.0825143995936628016 -5.1117978442064604394 -3.5988109567715311776 -0.29251332710738037202 -0.0078849082901701929293 -0.95622893790445773199 -0.8849033571481430549 0.3812645191346749618 0.26755077080258427014 0.36246655290212126399 0.92443236349151147735 -0.1185023348168463414
6.7967977038599292072 -1.7504646556311784789 -6.5832225182557815302 0.8964654684448801758 0.00032189910139898724514 -0.44311348463672489695 0.25118449173029777644 -0.82418135338202369589 0.50757408114634827712 -0.36504248382901738346 -0.56632587184263760705 -0.73893097910524530025
1.2790049233388209871 7.3750816445987519288 7.9071665768568486499 0.81862804391024812656 0.0017738642130591896449 0.57432132045512052088 -0.55482509974202876002 0.26080081203492933017 0.79003293927393580809 -0.14838205558584896537 -0.96539100360839846804 0.21448304299543333173
8.4787509717083722194 -1.8062285099329151716 7.2116835369667402489 0.97343342501494278807 -0.0046066812457215642468 0.22892388593537218999 -0.10168595546243261452 -0.9044928333258409614 0.41418918494257106477 0.20515197665529208426 -0.42646394097231654641 -0.88093199142971345683
-7.4083443311482195526 -5.0101393308613708655 -5.6954730142358380718 0.83470893586348859916 0.0038118958374126093482 0.55067818355176234579 -0.49652809189668850598 -0.42725711047600822834 0.75558666975090305051 0.23816138718773394167 -0.90412213278838304831 -0.35474261465887180211
7.6635429388139648665 6.9875884004100203839 0.031049710977926685274 0.31470011944976944429 0.0029929859174121385343 0.94918642892408211509 0.90871970060906770428 -0.28983897322110324657 -0.30036956458182134666 0.27421221807819295968 0.95707074536698599765 -0.093932144760733027322
-2.6463057785447521297 -1.8041463069052727786 2.9125378331626077255 0.20886254364266659822 -0.0068951263210466290712 0.97792069979931883772 -0.28139542916785886817 -0.9581080194453357457 0.053344498478095712934 0.93658584780371334499 -0.28632408265374914569 -0.2020531350560738626
-4.3753464820533904955 -1.6403007020291868745 2.9423276396671029786 0.36602199469284291133 -0.013672632678963750341 0.93050575415555014658 -0.50735560429590742526 -0.8411549742067274682 0.18721271366298006256 0.78013985296923937796 -0.54062128008711918259 -0.31481810832016232649
-3.8015357530857469825 6.2091387389273524633 7.2153598867940011985 -0.9470984750955387943 -0.00053729401703106992316 0.32094265809836575176 -0.060957503425462120084 0.98209693592412539154 -0.17824082367530078019 -0.31510103339761164065 -0.18837547548317001844 -0.93017526251168880513
3.4443979661781636281 -7.2604033968119265907 4.1530106530028039202 -0.39759420359946312518 0.0091479366837520434408 0.91751575709546528969 -0.071539178046064799688 -0.99721547534533450108 -0.021058056326015400783 0.91476827408277650022 -0.074010884241318214416 0.39714152860826096303
-1.1022916336490717892 5.1637511097318276043 -5.9814868562141860764 0.27855454078600638823 0.0021063992697016422143 -0.96041810212490563714 -0.71875342412997111907 -0.66281846921181553078 -0.20991710786200548644 -0.6370250254966146608 0.74877716308253472466 -0.18311711262823074375
-2.1261644748544847872 -7.4062146888719704307 -6.3705333912043231592 -0.78739784648684330026 -0.011481596456733390854 -0.61633822231820589721 -0.16258985010224930035 0.96829079318803223941 0.18967730615708217057 0.59461682787444525289 0.24956184157458966011 -0.76429687637617182983
2.0111718325413203701 6.1884639721131033951 -5.138373565870691273 -0.7781786665118705093 0.0019568423222845569842 -0.62803991414087845246 -0.46421292280237036465 0.67175422845515153636 0.57728036416957795307 0.42301811461105098822 0.74077150817284220796 -0.52183641822897675056
5.7390175344992355733 2.7786881677617367714 6.5168876103434234537 0.78223858747975083539 -0.0012084182765128388334 0.62297779413312004415 -0.58759564683181431111 -0.3336474062187105849 0.73716400084909827761 0.20696412269284378271 -0.94269716667052816383 -0.26170193707554950668
5.5545042975773855076 -5.1046341839803446305 -5.1526275205349829633 -0.99781960705016536917 -0.005502877638544708197 -0.065770435029131935067 0.06556346349009760377 -0.19710005536297184325 -0.97818863233578567939 -0.0075805040343957623417 -0.98036793425407564584 0.19703108750924952508
-3.5821269275029359314 -8.2152985094487469553 -8.5704808959323841577 -0.25430416075344486337 0.0041247068058168591051 -0.96711549497327131686 0.68619225281444595765 0.70545027007878935432 -0.17742634703843748745 0.68152005546504446087 -0.70874741850658973252 -0.1822292807409935933
-8.1757121794711267171 -3.891076997759807643 8.4457603456217498206 0.951574647754966918 0.0017405211737836347001 -0.30741284998485790547 0.032806481554970269576 0.99369863490532039929 0.10717629287688316964 0.30566227198940032483 -0.11207137713478640406 0.94552132810903644078
3.7382767393630413899 3.7996015386762929111 2.1500723154062697517 -0.73503889361358853982 0.0047533431431169559378 -0.6780082821057549225 0.36327517924252272774 0.84709500757621902789 -0.38789327434931963889 0.57249364103136668458 -0.53142022342782169186 -0.62437454873685205303
8.3054490081335430318 -5.8270994227406633925 -4.6461665635701834276 0.6389286334020999325 -0.010986700040859378666 -0.7691875543984705299 0.46460539908232412198 -0.79142257535206517183 0.39723057582096382712 -0.6131166484143242279 -0.61117067963501048311 -0.50055806435605243454
-5.3428543744441947538 -3.7322713077900324663 -7.6423493367595591863 0.99593736830643220248 0.00078368039052930868471 -0.090045234497865597745 0.016384992692010581783 -0.98484633982100622251 0.17265346493835939667 -0.088545414478731293562 -0.17342742800895291633 -0.98085811246515508532
-5.7419168737150227955 -6.2363075400764778067 4.3616318112954166608 -0.93530902917791747253 0.0017521727547203120451 -0.3538275707580419982 -0.0029009993383019346685 0.99991615450401982734 0.012620149154113613141 0.35382001659138750949 0.012830193002064491092 -0.93522552467664521458
-8.5768947448985368709 6.8790858814818669487 4.1037356237130246939 0.86004311349384088281 -0.006656414206337570548 -0.51017794452741527245 -0.50934788556498644674 -0.06968535302107264906 -0.85773462273888145813 -0.029842493239783135506 0.9975468127985417377 -0.06332283847844139002
-5.8827542049116461342 7.2351876645819217515 4.2875271652538602396 0.22402821146719609224 6.9099259632287440835e-05 0.97458265718835024316 -0.28984037315121874423 0.95475785770270549246 0.066558179409849441144 -0.93048585081042212153 -0.29738431091772288273 0.21391272300056962674
7.9724981863524924108 -4.6958457975320975208 -4.6961100062862186633 0.5650437784975667066 -0.0056120515275553282605 -0.82504183727781854607 0.26405740589711557131 0.94861017550405435372 0.17439157468500948722 0.78166438755528477866 -0.31639728160621805042 0.53748818165616674136
-8.1583978283122018382 6.0593735834785116268 -0.75770991632337958421 0.99907867651476600646 0.0055054848705695857633 -0.042561576209833057449 0.034768028819556831555 -0.68522772184144176144 0.7274985590308618022 -0.025159139594132962081 -0.72830807963144672534 -0.68478782030549723014
0.14478040571016911886 -2.6986056153125570489 8.5860370872840015011 0.24552607491026057218 0.00051499431264303446344 0.96938985001901489813 -0.93449536777491259976 -0.26576366571693227359 0.23682922453087740244 0.25775056575352400801 -0.96403807433410637628 -0.064770649897585366728
-7.2262695874127462758 7.264726616202109355 7.7122096427455151257 0.32574857815097263414 -0.0075242526864245772716 0.94542649077251372791 0.44173490326278114226 0.88532501691768794583 -0.14515470939298610875 -0.83591754322537770161 0.46491181964023520212 0.29171709049485222698
5.9619696439576621572 5.0495603901662446944 7.9010012272966392288 -0.53055196848896535311 -0.0064981368505683378273 -0.8476275024737468522 0.56828435821705503006 -0.74468546832221849119 -0.34999491635655427535 -0.62894156877915630144 -0.66738394308449711101 0.39878713065332527243
-4.7119118554820467182 -1.7581453078477762286 -4.7630557405718478847 -0.96648800091376496635 0.013162550943035774761 0.25637412377704271726 -0.08363871779028861364 0.92804689085338176735 -0.36295114445898291056 -0.24270457139537698898 -0.37223072902475107249 -0.89584528541123342738
2.2523629401913511927 2.6431271157282059114 -3.5656950897287642555 0.59022534777261215222 -0.0026400778965246299301 -0.80723420940604928564 -0.792113031919932431 -0.19456791975250603555 -0.57853285927933317812 -0.15553450906302421219 0.98088549514802580997 -0.11693015820835526986
4.8005316289815231912 1.4256444048653995615 2.9904758467193413018 0.68831164046064330364 -0.004762249668318206848 0.72539948068942294856 0.12506816921731242487 -0.98422514548865880357 -0.12513519103931725063 0.71455233444106691643 0.17685639362473093428 -0.67685801862650663008
-7.9671350738634858502 8.2892088677804380836 3.7270534447726757499 0.98814832241030092774 -0.0046918025527258027524 -0.15343037478445506472 0.0018202076820485369076 0.9998206460213833191 -0.018851064504340382666 0.15349130190895401982 0.018348372618779404397 0.98797963413230993623
0.47662331955974662767 1.766780879500180701 -3.5678128500743517826 -0.98255050760684625732 -0.0079190024361975846351 0.18582731069987556971 0.1304462766475166513 -0.74152056663020160521 0.65812690126853767847 0.13258306419105847507 0.67088340169148363845 0.72961441352580225228
-5.6130108916322605239 1.6026254286617982459 1.2914171760327008975 -0.42761206430097858933 0.0033071547388908626407 -0.90395629606284455537 0.0020653617217396644939 0.99999427189273570882 0.0026815037588582973926 0.90395998625207274468 -0.0007203533742997560857 -0.42761644536412229956
5.7886551687678471367 -8.36221363857161748 7.7000577967438115223 -0.92581602742044799559 -0.0042748268438647270273 0.37795027348433940517 0.37523832272093160523 0.10970320640552774782 0.92041371549217909642 -0.045396966121721428478 0.99395519635440698902 -0.099960907894862630063
4.928293906925452994 8.4343486495594621744 0.31270264883651993637 -0.93692635054654260784 -0.014274784191856198026 0.34923522758725716875 0.10093006864422331137 -0.96765143474719994554 0.2312224514950066423 0.33463731844370264712 0.25188674313699827012 0.90805888230719533638
0.1612341276145983493 -4.9216616577337726213 3.9843729695640406341 -0.33418789690455658059 -0.0081757617291502455298 0.94247101095070695553 -0.90671508047010029863 0.27573881417730955468 -0.31911732827345662411 -0.25726681171651355484 -0.96119782733621006443 -0.09956166085920360731
2.970534202413559477 8.5373227346679794181 -9.1836227521599163026 -0.095692286842377918821 -0.012450396006025161999 0.99533309694718263838 0.04028379371754085142 -0.99915105031909301481 -0.0086252310196850562329 0.99459549677369718523 0.039270425076805587361 0.096112598090314305121
1.4624888744490516235 -1.7895645354326676912 -1.1523744959930009024 -0.51524497014193992861 -0.0043272894453920884503 -0.85703202700331826414 0.77364861076832924791 0.4279265860485457762 -0.46727579009515679553 0.36876882704432861759 -0.90380313759082631098 -0.21713921958375129173
0.41457811977988806573 -7.3728035960616997713 -3.9030970291073820988 -0.13011580570403868951 -0.00024365718807180811525 -0.99149877344215753272 0.99097881990442571176 0.032350268162213126344 -0.13005552141541740219 0.032106940165945396792 -0.99947656339757640076 -0.0039678220940495981597
-2.9731935951659536066 -0.63310866472098359381 -2.6550751213130436845 -0.015007021559456950113 -0.0013882325959769558146 0.99988642460729715289 -0.020374699812533418608 0.99979182844638692096 0.0010823029690152190241 -0.99967977918514960844 -0.020356143604011729675 -0.015032182346856607508
5.4054735788169328004 1.7523010374457501648 -1.9402919698485827649 -0.24056248999203283523 0.0030480277324426985341 0.97062886724844088526 -0.96326689764612882794 -0.12371927678460735434 -0.23834937476557599423 0.11935900597802237555 -0.99231257680191331527 0.032698281501083704959
6.1115165083734677154 -0.54700171384679663333 -7.1986217839498438664 0.9196444693849303853 0.017094473961952148799 -0.39237969989465237841 -0.34738844348177838617 0.50150517241033176763 -0.79234703973761544393 0.18323569320635127444 0.86498574612862966227 0.46714488087677469297
-6.936147100569507451 6.0133247616552845116 5.0932214509473316966 -0.13946349076746528128 0.016015749350209312202 -0.99009768736031245062 -0.83927934182432428756 -0.5325381603945528175 0.10960517374076490793 -0.52550939204746938138 0.84625445552522171599 0.087711318388870723739
-2.6313700811498619281 -3.8651572495344237446 -3.5794227257213204751 -0.87582076864261826366 -0.0025615325259071564101 -0.48262969217139572997 0.039738864259899669973 0.99620777620890121895 -0.077400835192096659187 0.48099771712735145401 -0.086968414796618501161 -0.87239766789351014253
-5.2514945734334954608 4.9181955994665624843 5.6831667712517530688 0.42560418738037986142 -0.011781336459995711552 0.90483273360080562764 -0.061202006671251446557 0.99725092359209366322 0.041772117185359662617 -0.90283741064681910515 -0.073155966988035572851 0.42371312751705419997
-1.5408611597100467794 1.5866877053651440299 3.0040663493196020362 0.27744543562832008066 0.0001567080460390668506 -0.9607413833552548299 0.96051212111877681821 -0.021890854731392430516 0.27737565802187480468 -0.020987983060055170892 -0.99976035424574494215 -0.0062240377049267766457
-3.4961950375198806995 3.9211495101041426992 4.4879868464944943085 0.10257565025967065042 0.0072447111388057351677 -0.99469882383272256732 0.44553061798377252556 -0.89439797990319169774 0.039429963023014415191 -0.88937095995576787022 -0.44721333578665700692 -0.094971195010152234528
3.3169079709842224091 2.8451213277029818727 -7.7193316455297189549 0.81770251118150516501 -0.0030294174603370687716 -0.5756330652742046583 -0.57334138132058432014 -0.093581771962722548608 -0.81395461324452644813 -0.051402953931456371595 0.99560698801576585915 -0.078258940325805492755
6.3208837854937645062 0.33954702745293874333 2.1356653514255996562 0.17908705658344870049 0.010458316483221824153 -0.98377764244813648009 0.95094644982354858964 -0.25821788943856155418 0.17036540476854497572 -0.25224725118875973573 -0.96603009538541273482 -0.056188780707604732423
-2.0929929689372466228 6.2295404167395185269 -5.1521082908454154392 -0.57095022680993579023 -7.1641785819904699184e-05 0.82098467304397559907 -0.039073854533562185631 -0.99886439362904178019 -0.027260906655280463251 0.82005431063891265353 -0.047643656526643818339 0.57029905277427450638
1.8556814840150170909 -4.2331029075724506683 -7.0276052919611311509 -0.42643088846437759987 -0.01099362268198548348 0.90445333634405666867 -0.87857656920484861196 0.24280149098783407324 -0.4112792822626797351 -0.21508116934691987043 -0.97001369899321776558 -0.11319679482138210458
5.7038369347412931631 -8.4716568977129966811 0.0058384912490041379618 -0.92942265982989180628 0.0045055249444916137258 -0.36898945735596977435 -0.21355689208184436279 0.80889949436358299373 0.54779107501193513574 0.30094347183364078546 0.58792967969233778103 -0.75084733368188461
-4.5248013513266274188 5.9990661143109109688 3.7047225265768188862 -0.93933588676198787049 -0.00043042301101743380039 0.34299840608550441479 0.033594749175912569372 -0.99530657154142221366 0.090753630640745333591 0.34134950515409789862 0.096771087534820360299 0.9349416409318968002
6.5962088949743646893 -6.2082287695919697867 -0.26109364888420183437 0.69343242811946781412 0.0031538301626811357514 0.72051476111705503591 -0.66655320285691399551 0.38253253619613286629 0.63982473108850879129 -0.27360244040103437468 -0.92393663857796304306 0.26736266100548272684
7.2729942451558340366 5.1776935751905162064 5.7553651525459725846 0.99195266600169773596 -0.0005629001247424924529 0.12660802326754985736 -0.099507308315334802584 0.61483036783721034535 0.78235664142202376858 -0.078282846167580036334 -0.78865917982911803996 0.60982660983867864601
-2.3166708466606436012 3.9158532529163041502 -5.910838547323704617 -0.90781819820160114531 -0.0085157642775334548707 0.41927747467847448215 0.41670657949497036387 0.094056485758742466863 0.9041620452618885917 -0.04713539667220167928 0.99553044114460309544 -0.081837614426753635399
7.6055938280976782551 0.3986637447842766302 3.6850474509038537718 -0.28319146824120206007 2.8891244675908946821e-05 -0.9590633928373589745 0.11645968723690690305 -0.99259888215062208605 -0.034418024379923591038 -0.95196624602126844739 -0.12143911362834741707 0.281092170145602116
-4.1898405868656256601 6.0804560891180416959 4.9106357497448618332 0.93472091912103050237 0.0086141470144168522105 -0.35527820061015080721 0.3007701265824840875 0.51333113686965736733 0.80375896565813920169 0.18929906051847883441 -0.858147388501063757 0.47723047398047080403
4.1660552377363311294 -5.9352924605803094593 -5.7282004099243239992 -0.59932469588477188527 0.013884465775287924486 0.80038561363408466942 0.3543998577318752119 0.90112723315559861703 0.2497407666054118347 -0.71778175634518126547 0.43333235659835855902 -0.54498845766018200187
0.87397298748882712438 6.2430551621655050454 4.5456622690883632387 0.47031146454514061173 -0.0013112090583583925832 0.88249952240691209582 -0.69996195398147331712 0.60846155251198008607 0.37393555874355055568 -0.5374573371866170346 -0.79358227036967787793 0.28524864742684519214
-5.6819366606520036456 -8.3227843480363787876 -5.5524250034828481759 0.75610894951432827682 0.0011478020473930658843 -0.65444475627399345541 -0.12270906570159094418 0.98251159616168037836 -0.14004802248528433473 0.64283881467964221201 0.1861978677586377251 0.74302665657635746932
-1.0671238153063429266 -6.3924970010149237964 8.5731258149791980117 -0.11578522908686533777 0.012645392982631573423 -0.99319377503176098365 0.074521840449944337648 -0.99699013615338982763 -0.021381386969827966688 -0.99047477303619924083 -0.076490276827343675614 0.11449437335350910738
8.1732751988383363084 1.6287939388550212172 1.7762313775547813322 -0.99634377951356034586 -0.0085618487542798368817 0.085004516175933131361 0.084910806862812937545 -0.20924472601359883628 0.97416980014434784163 0.0094460522071892899509 0.9778258226195064573 0.20920667464572556549
8.4415400145895684858 8.5574271500271379409 5.1265180379197632377 -0.97219138607813304631 0.011988337792964577633 0.23388071445159272499 -0.22598181622728363838 -0.310076847473379269 -0.92346335465756257399 0.061450203986860622851 -0.95063590738926406765 0.30416318648384571555
-1.3769427644493386076 4.8769588075385126302 3.5745464654367236079 0.15127789796948906687 -0.0028513944180685799057 0.988487160835132328 -0.65690201283871352267 0.74695057524456753839 0.102686823255525847 -0.73864385404227961285 -0.66487345238902550992 0.11112402617751726552
6.1957962158495352156 -3.9824931108605641228 2.5693276632750978727 -0.96432522815613397338 0.010079246966736784413 -0.26452837867108031089 0.036570443839259454688 0.99476583149807107365 -0.095412489336438602305 0.26218210651975948355 -0.10168259076426615362 -0.95964638995636308838
-3.2792366159619992239 -8.58342309606477194 6.5076174330212825936 -0.89576937091740949093 0.0044676506312840043311 0.44449665265772275724 -0.43499071669094463433 0.19711911240668042455 -0.87859383785475597684 -0.091544035953958782792 -0.98036936693352394467 -0.17462987676636498868
7.4820470179140192712 -4.8477516341115123311 7.2099825735572373731 0.92062199893705476406 0.011480967825471519173 0.39028620581687273328 0.094767515372160049392 0.96310913413399268368 -0.2518728127014601692 -0.37877995340735476359 0.26886610631651136627 0.8855714334660552689
-2.3029654092522333642 -5.2595650424350059993 8.1335409564238538849 0.67004701507039687858 -0.0073165624030644572234 0.74228260488132036254 -0.11168820470436709169 -0.98956195553796955089 0.091065257271074298573 0.73386834141078038929 -0.14392221533353857787 -0.66387020825489495568
3.9026868901195208572 3.9796474578956670953 -8.0918399202116155777 -0.59394138363691550975 -8.2865074054090659406e-07 0.80450831742307771233 -0.73630321834811574 0.40295193695591402516 -0.54358744204943931777 -0.32417773435868108001 -0.91522114076483052081 -0.23933044111286358446
-7.8770127503867959362 -7.3499337187488169576 6.3249970712530734218 -0.48290640659142414215 -0.0036451545986245777013 -0.87566438509327682027 -0.71328733069023830815 0.58171175563540644671 0.39093812455682042106 0.50795923689759381325 0.81338683675308243171 -0.28351237617953289893
7.1135746963950730049 3.8960333070230932506 -1.3329423939028339774 0.076448489491185600553 0.0011204867662478017187 0.99707290253214542197 -0.98983847232749577749 0.12033468726749591005 0.075758575359090904455 -0.11989756942809233486 -0.9927327472937930164 0.010308505983926368257
2.9924174516955677205 0.71869114702298297903 9.2014287827541370035 -0.76116361968892110035 -0.00028774053656944217731 0.64855983630451441435 0.64855348170266646779 -0.0047866016032862626628 0.76115403816599580544 0.0028853826808913317359 0.9999885027592438913 0.0038300021291228728698
-3.9627872637617662654 4.8566318906452297099 -5.5863278879035762614 0.30556448061334545718 -0.0037536648382726967889 -0.95216398702535987031 0.891937526403172809 0.35115022642985976864 0.28485253636235186026 0.33328335869244485323 -0.93631160864245666087 0.11064707108722850182
-0.63113847628751784669 -8.5384232726699025307 2.7081830747837449813 0.076605095525629177122 0.0057681112750590686489 0.99704482759392842883 0.99689219064172274187 -0.018871364735113235755 -0.076484193338905742676 0.018374427260738894485 0.99980528128476986449 -0.0071958277830042024006
-8.3458280420062465055 7.5457339450659972613 -2.1181674639751286726 0.7504990659268834241 -0.0080365594814386168143 -0.66082264319143935172 0.33314353853523476223 0.86818364591553276455 0.36779415397341114202 0.5707596120741285084 -0.49617796270743635967 0.65424834317590441213
5.4506077290424439497 0.54765928691070564494 -8.0137714869234031312 -0.26532410611413809187 -0.009132267950259346373 0.96411603056738914841 -0.89202858230277515261 0.38181719521264845252 -0.2418690509230592145 -0.3659072656688366898 -0.92419274565527187448 -0.10945155005176242236
-0.63673326476139413543 -1.9292398346215460236 -6.9778986132871807513 0.99737952512354732804 0.0069672195952641706104 0.072010698618658192105 -0.048216448371798593941 -0.67806049667599488373 0.7334228909392564999 0.053937528408815493819 -0.73497307481200713219 -0.67594772159563343283
-2.3761876348420924998 -8.4345756579608330838 -5.9429774912185999725 -0.8689965026027930417 0.0074032422560391646787 -0.49476284265122116857 0.3343206741154506334 0.74593046005108509799 -0.57603596730319950314 0.36479414102088947303 -0.6659826880424354334 -0.6506860179107412101
6.2011309205792004562 2.6724483427269847269 -4.8789089426543448269 0.077126839406252312159 -0.0067112118345070822731 0.99699870124232314872 -0.70135638887952045373 -0.71109210089350527451 0.049469584852281291154 0.70862590019099636063 -0.7030668415471683641 -0.059551237565858387846
0.21206406378509057298 -4.896124523311558896 -1.1505888917328022103 0.87221859443527216538 0.0083108002364483905128 0.48904565647898673442 -0.12755690082185466849 -0.96139104974237232781 0.24383700811780567586 0.47219059771891874755 -0.27506032079238357246 -0.83748305018752000617
-7.1880420826417958935 0.48394683736091670401 -8.7277925101119091522 -0.035321412636325336121 0.0047432073070011598892 0.99936474812454989536 0.96268511167413350904 -0.26831211855820441547 0.035298481496265660118 0.26830910079695929893 0.96332035638174562386 0.0049109479988943072551
6.7735006569886389016 1.6771040354629038749 7.3686495748876099654 0.35254074922389799784 0.010582614319429216321 0.93573662342080521359 0.2519614428913592441 -0.96408268829536980515 -0.08402381463138751394 0.90123828781986359271 0.26539136836611187942 -0.34254484401892565382
-5.4400177485666310062 -7.1489556936000093756 -1.8058220869061882841 -0.25749829713359972949 -0.0096470014590521457887 -0.96623059480457873516 0.91421425775130549241 0.32137204326379298358 -0.24684468949629825851 0.31290081159613103434 -0.94690387324757829823 -0.073933327608387194863
-5.0551086409646730502 -4.7116425200389278061 7.6136975706229899075 0.26276792134648646604 -0.00072634838620696607139 -0.96485879377725947137 0.68508068076924322209 -0.70402889647434752085 0.18710364444759125524 -0.67942437426684998414 -0.7101709550149946093 -0.18449860244747495752
-6.5258723968876797272 -0.43952866226391162918 4.6973973107965276697 0.87750541848509067133 -0.01196420473031035471 0.47941745726903794989 0.29516267054387734792 -0.774434896607641865 -0.55957983240410846815 0.37797253662977647881 0.63254047200280305585 -0.67603943141816391638
-2.3055454282487337636 -7.4078426996252622061 -0.66360438805959476305 -0.64523462400105380254 0.0049250696545951010152 0.76396860123883236771 0.32382283461998090379 0.90747173441632666968 0.26764495701224444435 -0.69196174154980338855 0.42008427121759162048 -0.58712703336404414856
6.0954046977361100446 3.662220985164659659 4.3024589530538781545 0.72629984260311930555 0.0041937183053914091346 0.68736522414301082229 -0.17798091012230815577 0.96702619931740507742 0.18216236017825890303 -0.66393624262155215288 -0.25464238170490871571 0.70309737815831740981
