1125 17.292696884352682929 17.968806560800352656 18.477561601407678893
-7.0593335325389494628 5.4632921914286889375 -5.4450514361312949418 0.52913303265486388849 -0.0039243950352474028798 -0.84852980671104238919 -0.77940374544679791313 0.39311205904123358579 -0.48784496576267227796 0.33548179583554038619 0.9194821956734016144 0.2049498877846694378
-0.26455533094996719345 -0.17491685077214103039 0.03384806733494771791 0.87270222843729639006 0.0028941157836207195841 0.48824424684218392656 0.40505712132071713949 0.55404901364156144972 -0.72729527631489965245 -0.2726161201176277582 0.83247901749931718651 0.48234752666031177615
6.0910637429166705203 7.7989720840249541212 7.3889444644941750795 -0.87616931733967839957 -0.0048617858181866993594 -0.48197893148072640246 -0.40508305782633236003 -0.53448815929861093199 0.74177498193971780349 -0.26121838299523686411 0.84516197891806488229 0.46633269859315268357
-1.7843824894778264056 5.3347254499208673906 -8.8495265487924399395 -0.30169053322983196974 0.0018244458998853980286 -0.95340416065638833309 -0.2842668098767763829 -0.9546865184763442258 0.088125094282276786317 -0.91004131937070154024 0.29760766595813820112 0.2885385142421856286
-7.6480652849346872912 6.8331912989370540146 -7.5449233842627858593 0.33758804085747906587 -0.0099163951672498369672 0.94124172228870572887 -0.40320825464653387016 0.90203682600352419474 0.1541190057035957961 -0.85056300063836398628 -0.43154516523885022572 0.30051847248407298485
-7.754292975373057395 7.5054246431245257298 -2.7940938708510452138 -0.36927695177117081382 -0.0023479419625233215532 0.92931642622889076844 -0.047750867747771513772 0.99872379234284414107 -0.01645117739649275615 -0.92809179907999961312 -0.050450706406594762743 -0.36891779396390755874
-2.628961546872929933 2.1369013587112628549 1.8376381135724126903 0.28492784419760119885 -0.00076573284645606374925 -0.95854866191242316109 -0.12767506679231074851 0.99105905771536995097 -0.038743017947613499208 0.95000800045090916246 0.13342172901501028748 0.28228255579512612217
-4.8189324995930276074 -4.8864946265098820888 5.1664737520113552804 -0.92951993016139222714 0.0041020817066744945725 0.36874906421387576572 -0.33034533086618322884 -0.45369494668070042831 -0.82766711770574508122 0.16390442888444597958 -0.89114761307099177312 0.42307359869169963718
-0.91400384599914186179 -5.8878362048129844197 9.0721913025143745557 -0.15381385617219520134 -0.0007415399373197194971 -0.98809956369179463564 -0.9871666991494666421 -0.043334293464452028344 0.15370116167516001404 -0.042932572014964927309 0.99906035309619145579 0.0059333912500466011453
5.8585220925727998775 -7.9121114734415138869 -6.9298456474269043426 0.88622392804293248503 -0.0013699024662626050133 0.46325508387003905275 -0.32751654551882553035 0.70537112686815084395 0.62863700638149988542 -0.32762793192219830107 -0.70883686187167438408 0.62466810505781222851
-3.7426398725199514494 4.7411174940269367184 9.0092799958011742234 -0.87037631211654575836 -0.0049657257013982353255 0.49236207903826351151 -0.39933463002500929617 0.59211088210700013601 -0.69995468178530850789 -0.28805716198230962855 -0.80584120325215558012 -0.51734227216807426863
-6.433911941656234923 6.6094070905953099526 -3.4021807021107433044 -0.12983367933353845425 -0.0077219554778903739395 -0.99150571713629676029 -0.81408532414984990933 -0.5700307516042953937 0.11104065574995372612 -0.56604620015905715569 0.82158707002317699075 0.06772285918582358899
4.6117935211469234247 1.0221264111458534529 2.6662886561604466351 0.38501540142619322671 -0.0037945720435953512496 0.92290234688605710112 0.82363555708670788125 -0.44976322275809565987 -0.34545261984410080558 0.41639837868005097343 0.89313976771703962321 -0.17004042329780838516
1.8625680512026356883 5.1295311447778679792 -3.7916735743291329896 0.20606206254073688999 0.00391294116081507444 -0.97853110082055960728 0.79308569262526107391 0.58509455359899253946 0.16935007381648070623 0.57319587449181497174 -0.8109556413517676754 0.11746249284542356617
4.1006281391253409652 3.3986745879339723686 4.8807291552451408378 0.67291961389848209407 0.0073861742799395755515 0.73967873949442652926 0.67164749003976698116 -0.42509204964549734962 -0.60678365044862569988 0.30994974165855349035 0.90511998859682241125 -0.29101368333475752248
-1.877580586392891826 6.9095455930646982878 6.2678369730705938423 -0.7749298496780049339 -0.0053234556775386600996 0.63202483250060481623 -0.10483597298062824477 -0.98503050389383406404 -0.1368368560283192148 0.62329218416973775074 -0.17229790253569188252 0.7627714506551085405
-5.5257619809484941342 3.2787426153286838293 -1.4565539930496507193 -0.34264879686091076483 -0.00060230788242862003459 0.93946337833621273994 -0.00029342052668325773607 -0.99999967709699855156 -0.00074813760123243304434 0.93946352558993084791 -0.00053200628826581379538 0.34264850948908198713
6.8289486492515685256 8.8121612030419083084 -8.8469749584030221712 -0.12153290389197753119 0.011461356256586327507 -0.99252122928655028833 0.78650506923232776924 0.61110086812992736593 -0.089249678109915298041 0.6055076624978205091 -0.79146975070650738004 -0.083283277870680738619
1.3463763455955015669 -5.6098153564964317042 8.7508053511242049893 0.86600710370426992046 -0.0067074216119387703589 -0.49998670665214972608 -0.42349535950361727465 -0.54148390855450057035 -0.72625536642075227967 -0.26586345520294268896 0.84068435650459927277 -0.4717694732766965493
0.98989838612211078495 6.5997017015236023596 3.2676244478516878189 0.21876302793177634931 0.007276154462030674959 0.97575088787371722088 -0.51614714099285996518 -0.84776054376247322875 0.12204175221888696745 0.8280910979205305944 -0.53032925434673738874 -0.1817030971915580273
-4.9789199242226098718 -5.934912149774650203 5.4133646093272380639 0.69662375264554221577 0.0029314543965428098773 -0.71743066133590749356 0.71345052289691501812 0.10243612458438935975 0.69317760477248091533 0.075522835142432631628 -0.99473526475901852262 0.069267989842376795351
-2.3646360598870730385 -1.2962494267366075906 -5.2299100806197955649 -0.45953769606520000757 -0.002688398600058339652 0.88815419742747470089 -0.44321756974276499408 -0.86588662569967589366 -0.23194511701263084702 0.76966440203938513154 -0.50023306962614499938 0.39671599953361630364
7.6038272584774766472 -8.0890157631667261029 -8.4205919340576507182 0.85033728304276368082 0.011136737878054116246 -0.52612021262930086518 -0.45690468438334491674 0.51164552460697421132 -0.72763793643424812263 0.26108353922901195165 0.85912445560539829614 0.44015969298047125102
-0.35741738393763333725 -5.8188319963200596519 -4.8051446592727389273 0.086435934336955039248 -0.0026501321214588017053 0.99625388634381029096 -0.41744632898450972913 0.90787997380072604781 0.038633089305614966291 -0.90458133502340898335 -0.41922181476118158816 0.077367165875897661587
5.6632753147222887335 -1.3807515259573719391 5.6138115082425361635 -0.69490665877473001277 -0.0092941624156083098296 -0.71903988354994041732 0.35188825090425090991 0.86762217945116382189 -0.35129248867554502267 0.62711992032323615742 -0.49713717651108413342 -0.5996459232452953092
-2.9243389264068913036 -8.0111696028507974887 2.7512339511948087356 0.094934686208940674557 0.011702403072782972468 0.99541471714894702583 -0.98452465502159047794 -0.1468588524218693292 0.095622597331019215661 0.14730447722108816477 -0.98908823227656150756 -0.002420694723388456919
-2.0822436160615893641 -3.431961029947336872 3.3814586797230967719 0.98602196753485049641 0.0035479242661876700393 -0.16657758484274698407 0.16637493353414978259 0.03272429920832319733 0.98551940708080032483 0.0089476829469562826902 -0.99945811942000017947 0.031676592227428190807
-4.5403804795655950954 5.2650637972279481502 4.3388486249231474901 -0.27604904859959417118 0.0037771653179182575547 0.96113612760610422914 -0.92178360385147883882 -0.28427898174926213848 -0.26362937659895990805 0.27223502794029480478 -0.95873416208959738594 0.081956671507852962844
-8.2187872759839226688 -3.7309558323184996986 4.813067305732382728 0.65492677807653576494 -0.00037193563985473375444 -0.75569225020607133647 0.70972157307349303945 0.34376257319500574949 0.6149167276827033346 0.25955000302787656352 -0.93905652382274307222 0.22540328523334746125
-1.3475331457501027455 -3.5379343825486673225 -0.69354618364744791137 -0.54623072433303221374 0.0068925512190678795213 0.83760640430489108343 0.73135423441948055334 -0.48356748997496951104 0.48091939702616798291 0.40835398809292949851 0.87527994114854879015 0.25909852379289333157
-8.5175961436930940351 -4.6167266138755218563 0.71441105593317699718 -0.84106254277626413263 -0.0006086067521416695103 -0.54093754605902977239 0.52650234694764630472 -0.23039880732892503712 -0.818359131579848742 -0.12413330655828562488 -0.97309609966301946482 0.19410023962800584951
2.734740972247755586 5.7053571780278335979 2.8451582054120745369 -0.83059693209509244394 -0.0026661705621171803184 0.55686769337848884831 -0.55660770034752393709 -0.026951430114003849942 -0.83033817708730162099 0.017222203925138353242 -0.99963318869933603938 0.020901764102871780299
-8.449677957227386571 4.4892778816830736233 -7.5747165492164096889 0.64590457105413012773 0.00097890195549483072918 0.76341753113349541948 -0.49098186419587136475 -0.76521850726715101576 0.4163861731207367245 0.58458882483498442184 -0.64376989513832938439 -0.49377750859205421508
-1.6908272160864850076 0.037359451429183669624 -4.9151917901720318937 -0.62383190063211801935 0.0027940855316532604499 0.78155355084587019299 0.62859332230611209003 0.59603798955488918043 0.49960899727656687963 -0.4644396569048273582 0.80295137343010603015 -0.3735838553802655615
3.365577969502795419 5.4538161944130267855 6.4085317621107238395 -0.50413706938492930387 0.020479461875543610722 -0.86338080063928812624 0.83851648187610028362 -0.22769669861182520454 -0.49501951786038078662 -0.20672669129433474122 -0.97351672049429860412 0.097617980024324077504
7.0719073060742534409 -5.9758728130054086236 6.6452188283390762891 -0.87047668882282147607 0.01368729046938653264 -0.49201930073512789576 -0.27369451066834160624 0.8173657503060536289 0.50695615693724460638 0.40909858108553481815 0.57595649862295905663 -0.70775169561610207225
6.5037504324324704186 7.8025389178771034082 0.48628637946359948296 0.33001171120938210812 0.0081411779721669869786 0.94394173108638745884 -0.45738028969890487385 0.87612395493691674897 0.15234856802924034991 -0.8257696658632411868 -0.48201715405862838315 0.29285477993970931987
7.2212296612143394015 -8.2272006377978659231 -2.2898321673624510986 0.99996723660367459185 -0.006749496533551327046 -0.0044687823427163701762 -0.0054857191321030047623 -0.97099562968294339527 0.23903429465726303005 -0.005952529267962625853 -0.23900194859701362482 -0.97100084241057882384
4.7251781434330863974 -5.8312491962162820158 2.8818182767573503611 -0.8440805284041114076 -0.0014987910613687843719 -0.53621433699086240576 -0.079629179349580900271 -0.9885578915707340375 0.12811123607577978856 -0.53027092638121886559 0.15083450745139412308 0.83430311997302131211
-5.8566293603976511406 7.7901007028521993547 0.93368453930112293992 -0.70943318410265288065 0.006977313883328974814 0.7047381601595404943 -0.68851909187278748092 -0.22037508619321261039 -0.69092422269856967887 0.15048593761734735397 -0.97539024932395779199 0.16114541291361206277
7.6723486435253889226 -5.8035703272989556112 -4.2153816317879870823 0.50486043490922238863 -0.0002527603456166063918 0.86320094843283079467 0.81119726699640382073 -0.34171032629862957419 -0.47454509471600747617 0.29508462393254930589 0.93980529313940652791 -0.17231098544644030124
7.3274624396074576893 2.2768628153755594568 -3.7452828012068510866 -0.43961933171907530138 0.0078654496587302145244 -0.8981497524803782051 0.89816853437115884429 0.009754161533577734855 -0.43954310391412743098 0.0053034936104025447515 -0.99992149243536998515 -0.011352617367058569914
-3.9125776444305544466 6.8346876399950513559 -0.097062778555829301586 0.76108334241050878965 -0.009629022481820806445 -0.64858262991803161679 -0.62307093290357995485 0.26719111873809042734 -0.7351132692572869276 0.18037394067812850817 0.96359544830470622578 0.19735514569100498505
3.6370561292273881904 -1.2264648598884886344 -2.4449889023416897516 0.42861698130114572747 0.0053492927433796896852 0.90347045796038882859 -0.54859178859292090369 0.79608029816587910776 0.25554492434914560794 -0.71786804694784966951 -0.60516736853475738833 0.34414811234694608899
1.6004160610135969023 1.94418229651563923 -6.2235177371044754224 0.52265891190993529758 0.01318711898838499999 0.85243988743706877731 0.73776876717510164738 -0.50806032950618396082 -0.44449066105246159974 0.42722933885910974183 0.86122053010522336969 -0.27527130352294942872
-4.7681685875351211834 8.9389800692772514168 6.3441474079504116546 0.99535344285803528663 -0.00072867238067922390776 0.096285994968940205596 0.052588341789021206263 0.84177563363910490324 -0.53725994538871935102 -0.080659717941906933225 0.53982705716531320661 0.8379025947290066334
6.3322863755090850191 -4.6997406146194915522 -4.5044756771736143008 0.62871165656751848427 -0.0014331703960249169566 0.77763718977368545549 0.77760341467358251588 0.010659177512290575127 -0.62866470508769090042 -0.0073879892016454782808 0.99994216230606014495 0.0078159873451691015689
-0.98770457364207175921 6.8050020077478050595 -6.6866888497876137976 0.99578330909360390777 0.002052798704574968023 -0.091713615937435447045 -0.090490875639613624348 -0.1422164661730811186 -0.98569055903730040669 -0.01506661066131080931 0.98983345203463624085 -0.14143102374132815457
-3.2388679023023363435 8.187411143681886827 -5.2043603514448362191 -0.33416199671674190474 0.0062615035563283495679 -0.94249485596660542708 0.32365974533055552609 0.93993090853500715909 -0.10850924584129210959 0.88520061522957260713 -0.34130731131006175616 -0.31611578581829552492
3.4643149277212130777 -0.29931819515197538584 0.72677091338885757565 -0.99859703207563033089 -0.0026644965041108751441 -0.052885423206326317991 0.039079864491479883448 0.63684304880917919078 -0.77000239959004967982 0.035731382854162913043 -0.77098886609437067285 -0.63584545027689187702
-1.0660782826132733092 -8.5647737369098102533 -2.8814872146433465616 0.99781083350154597955 -0.0046882096039068399396 0.065966364442397742995 0.02691920505039285122 -0.88231586859537847189 -0.46988728906446364242 0.060406100242474794482 0.47063438964398945918 -0.8802581293790262551
-3.4376564723599267737 4.4546416549308824884 -2.1987590099442950731 -0.29672546400494742569 0.0033716180710001474388 0.95495687400148476787 0.0036310873092953092726 0.9999905218908626825 -0.0024023598447611028278 -0.9549559226561614711 0.0027546904462844240893 -0.29673489424833865424
-1.6254847510823353662 -5.8790356954489322305 -0.031787064756675170729 0.15322369827267434683 -0.01079066808006300289 -0.98813261244128747229 0.67706115285641332857 0.72950328844279832552 0.097021376221492455771 0.71979906472611465684 -0.68389217983079075847 0.11908313392771861794
-6.1657088781725732929 -1.1364558389056835797 -2.6357302836574416638 -0.991386154403086306 0.0070183013645448389869 -0.13078316521589591903 0.10915613187288034092 -0.50754694841322156584 -0.854681832046842338 -0.072377011077291872332 -0.86159551914008025708 0.50240892673701165183
-8.0412560452052659343 7.818027690482525216 -6.3054461752081767401 -0.66649984883454449491 0.0036301605069382647008 -0.74549632691124112505 0.42295013957228810852 0.82531954251536410183 -0.37411339481189692657 0.61391459580277374375 -0.56465429660693100544 -0.55161072721994908186
1.5524432725897403529 0.89500758990067263987 6.6567280170381284421 0.37729538751020796905 -0.001748772343674397968 0.92609131966504454336 0.49460622948829818801 0.84581397202171371141 -0.19990848527185611783 -0.78295138311034007117 0.53347508519857012033 0.31998666403067277386
-7.9954955526291264789 -4.6204285636879571797 -2.0238753302845444715 -0.88715735383346416842 0.0013015238325447136842 -0.46146520516173983317 -0.25382657918258511032 0.83375692245364008137 0.49032791268844122534 0.38538798273913593695 0.55213014796925863337 -0.73934322372205696361
7.3972953415676725442 8.7361780185632706974 3.7942081783897139147 0.99434805305699403011 -0.00097066953157669798313 0.10616499979933766151 -0.037923248525987912627 -0.93723784824086375789 0.34662233489210608761 0.099165400230973366202 -0.34868936551848073169 -0.93197744059149301155
5.3281519007519690945 -3.9349306553710770018 1.1326008812395649272 0.92609863746858200884 0.0054214686941358369507 0.37724252326045393247 0.37688160213006316468 0.032730290176289048021 -0.92568298357522571518 -0.017365818569276721128 0.99944951637481471707 0.028268225328751575565
7.2405812967603626618 -4.9520560714045549489 5.9858724295584551101 0.8551016702255779256 0.010275863528576501676 0.51835850548249362557 0.17883832127964688352 0.932593836046582636 -0.31350532979520162602 -0.48663948505982485004 0.36078129607394082701 0.79562482866240924473
-6.1522993133634047425 4.005252891224756695 3.8209183905128645264 0.87443050566570579285 0.0012425463874933841395 0.48514920059717614453 0.23392007541405199222 0.87500074438098274232 -0.42385740013688166794 -0.42503257413982376001 0.48411997832258590879 0.76483668682237881953
7.0045800264326825157 8.7453867398019937696 -2.3881553409045253034 0.83168574347200163732 0.004307792759779266803 0.5552299226688929279 0.4443162326322104283 0.59453288052906194672 -0.67015948802449387678 -0.33298935347055613754 0.80405975952741903789 0.49255049851137205907
0.72804523387991859629 4.3279060172463550416 -6.4039064558612777134 0.99867553812697995586 -0.015035578641594717422 0.049204683936269824618 0.033284386156338399698 -0.54047055142472089084 -0.84070430751890146137 0.03923415838983099202 0.84122857441820231283 -0.53925426878045223944
6.4377898403380502401 -6.9045590827498752873 -8.0597272200777219098 0.31693300030622811869 -0.0044883320448127960942 0.94843730851966001616 -0.77557801587286534506 -0.57681646567745348264 0.25644006359779325521 0.54592326806196100897 -0.81686144467638432953 -0.18629322475518106383
-7.0918169894505451722 7.6968571365235503023 -1.3021856721100588672 0.31359702542415512916 -0.0051751625768435352559 -0.94954205980435579804 0.3107714494571950925 0.94547247867240613584 0.097482810152178162033 0.89726139549594152722 -0.32566088153956812556 0.29810564970718889111
-0.89254678881651239308 4.2195540040466488207 -7.4676964616197318847 0.80529025156393041485 -0.0037093119512392738399 -0.5928691691604420777 0.57162760978226234698 -0.26048512430247067195 0.77806771925825657377 -0.15731969511372659309 -0.96547073545592643207 -0.20764578615348075474
1.0680377731129031549 -2.5078512598429134606 -0.34475003296453310409 -0.99941818789932501677 0.010923593884175328977 0.032310382118833740062 -0.028872622544184444598 0.23333317497042482813 -0.97196810705167557831 -0.018156468914157182504 -0.97233548971284511353 -0.23288202610246791502
-0.67580775147523419744 8.9120832340170199615 -7.4134375455100816055 0.99993689122532491975 0.0018527354218775484059 -0.011080656040465982487 -0.0060646517227965351937 -0.74123193805291331948 -0.67122159828924099489 -0.0094569321827841917871 0.67124643863636035412 -0.74117392361844525173
4.2336526532349125773 -2.3942511986599606111 0.11027476448739811921 0.20158562056283677033 -0.00069235010697375797342 0.97947065205309957747 -0.006721286324408520807 0.9999752274694682086 0.0020901571947834745452 -0.97944783520723499581 -0.0070046483339517122413 0.20157597329358062366
6.9175083951194338283 2.0643109652920204056 -0.77017716985924589146 0.10039158766502981335 0.00036691275217776077745 0.99494793557291816288 0.73979411074197798381 -0.66870723810012522303 -0.074399619781881171088 0.66530158788126758651 0.74352571918345822244 -0.067404021209216291588
5.3011189576147881297 -3.5483241928754942762 -4.0107327897284124063 0.55636577570949508065 0.0038937733214566387641 0.83092837365732341581 0.21079004686362690091 0.96661689483792889721 -0.14566857848373324091 -0.80375660480193156232 0.25619644248797235342 0.53697178984934745838
-0.025540666701118826254 -3.4184277679555745699 -5.4376346185640791475 -0.8458562699214199343 0.0051518310601474798238 -0.53338600400759961229 0.15939469109373480271 0.95670570966096668553 -0.24353134819316321624 0.50903880312367122407 -0.29101141513414546802 -0.81005669750688302777
-1.6400939195329096165 -8.1932693507347185147 5.7262064682794413528 0.87044764679678898744 0.0096170410025231602841 0.49216705162778362492 0.42192142672597321429 0.50046091958899274754 -0.75599019678408874157 -0.25358076396902490268 0.865705712402577654 0.43156739410939404245
5.6613791399879103139 5.6231810912134783109 5.8357286910174819283 -0.95821367425677006491 -0.018200380789034610596 0.28547381772579560888 -0.18424001910066364895 0.80267934397292861615 -0.56724023669094658651 -0.21881994842689750369 -0.59613305301647423473 -0.77249156194226920036
-4.696904414907462133 -7.6826258812933660991 -5.722179883025903635 -0.46936756666365769819 0.0058417652009003836339 -0.88298355655344185067 0.19885411667484914622 0.97499005268559690851 -0.099254407687628859458 0.86032036337966455442 -0.22217171499368287835 -0.45879036760910113513
-4.5105921647733735469 -6.6226945442228419836 -6.3311973728310562137 0.36268672585216304993 -0.0011705573996546279891 0.93191038661767322537 0.90067726101450651388 0.2571666552108167747 -0.35020819941732861391 -0.23924633828332250718 0.96636635974312823372 0.094325226609361184638
5.4754252767046400763 7.7029123816852536066 -4.0823136382896816343 -0.73937723209105798983 0.0022118731328093560115 -0.67328776632449227613 -0.66873330318030888009 -0.11857520447447925105 0.73398616478881240077 -0.07821175028436241905 0.99294261088008428651 0.089150959705257160071
2.8088381244454798669 -8.2378020224871892907 -7.3393387078694889425 -0.82797393099120741855 0.0057596604519854870119 -0.56073701136121745225 0.28735390984197517472 0.86304119007960788945 -0.41543667956086466342 0.48154636339339507156 -0.50510071326170657979 -0.71623066770797694236
-0.22172969335059289353 7.6532155707525317823 -8.6220964882376787131 -0.93702467735815253569 0.0062549320664667196548 0.34920714461045415655 -0.24576330568100529517 -0.72222888263151541199 -0.64651824310950545271 0.24816355816856061622 -0.69162585038279766891 0.67828351850780410626
2.9611533278458699314 3.4834554237415646938 -9.1150902039803280985 0.47190110229755627413 0.00093911172298038157746 0.88165098974556288525 -0.04280075786049227643 0.99884477748576672163 0.021845036411938304616 -0.88061197174284511213 -0.048044027292270391483 0.4713961462132364999
-6.3624018412927130228 -1.1402647364310691813 -6.9427986413416498124 0.99884522948495024774 -0.0013609699006626122669 -0.048024528067625547878 -0.033874630359166033045 -0.72879538232172558221 -0.68389312039594274406 -0.034069296341658325544 0.68473019392140921369 -0.72799989325496028414
4.4656732316894869328 3.2507342898204529824 -4.017942683954060179 -0.86487973115064620266 -0.012969808698293321808 -0.50181155298279611632 -0.43408270017678540764 -0.48272410243804664276 0.76062451336562497684 -0.25210168593616766319 0.87567643852492549339 0.41186832235602743868
6.2127726569331978013 2.2441178164160970887 5.0328179649071786983 0.63132358427396761957 -0.0052518432693296123945 -0.77550174086313905519 -0.7166840632512340159 -0.38601042191764778355 -0.58082691712125411598 -0.29630134225301080209 0.92247946986008644288 -0.24746139550606052748
6.7638838113807917551 -6.8948301334785337957 7.4421104078945612414 0.77743238975029649307 -0.0065719058519678064806 0.62893218189288646602 -0.40806944487495067087 -0.76619316935891945697 0.49641449957336175602 0.47862115240169267327 -0.64257671703912622174 -0.5983451806378113913
-6.7707878602453535066 2.0117169445048750376 0.42245750280141236566 0.15034161479654725713 0.0054845866870211782904 -0.98861889430113958355 -0.74034916580598775226 0.66334188986317166314 -0.10890661064972978478 0.6551950179534081764 0.74829636940283217328 0.10378840006279205221
-7.4631832574154950422 1.0089826022490422375 -6.2446235394899751725 -0.44293299245507755657 -0.0024326313470059753724 -0.89655141877053767807 -0.53323181679503139918 0.80461767621758284452 0.26125509502278676521 0.72074558184703130248 0.5937882429137214535 -0.35768887154217998692
1.2238839990174266159 7.5083250630634772449 -4.7324074533129474318 0.95589024836030545007 0.005007522030448494782 -0.29368138826405087993 0.13610677919819783033 -0.8935807283814762858 0.4277714652961843167 -0.2602859538004818063 -0.44887460007040774768 -0.85484666207804249627
0.25537313551168755454 7.6556952447420583141 1.7468621881695776121 0.86115936211763877139 0.003694682978370316534 -0.50832165245539373544 -0.50733126673969275444 0.069058390767605531968 -0.85897958325741996521 0.031930218065888853196 0.99760577784143944502 0.061344707937938475206
3.0789009970329437316 -6.8756942094573716417 -0.26420976041117449906 -0.29682328096793431094 -0.0012883625581638757235 -0.95493155775541804786 0.93595763594093717153 0.19796498291933248281 -0.29119266690944684006 0.18941817124961635166 -0.98020824606780565524 -0.057554762972597796333
3.0460661401856152786 6.5303136167286064406 0.51760720831052420277 -0.99732574436181464783 0.0085129990127092228236 -0.072587109608516012238 -0.072396123011118834745 0.020930111476978499607 0.99715632265290965464 0.010008047086215244095 0.9997446970508705455 -0.020257830884604647453
0.57813524775345692674 -2.3816004113229540806 4.0320536076802984127 0.61397738722251027355 -0.0055798987461606807878 0.78930389122901389864 0.76311097777198466652 0.2597580718648359599 -0.59176632187448874323 -0.20172606074360802109 0.96565760434593328476 0.1637436642616428295
6.58275777625062819 -6.6987690534329757952 2.1354543555264067223 0.11274076912785387095 -0.002389170556887169547 0.9936215631922642455 -0.64862440998430315187 0.7573629658274564358 0.075416926253808053149 -0.75271235790902468743 -0.6529897624444005455 0.083836008933645400631
5.333927060908991713 -1.2607920556227645292 -9.1842413261054893781 0.43265456100543059348 -0.0045971347013461175829 -0.90154805595351661385 0.90133873626955984815 -0.019936621205167683046 0.43265576805947725259 -0.019962798934893048741 -0.99979067683572531156 -0.0044820945132891514689
-6.262376745490262131 4.3813382351749021737 -4.5704433178118746284 -0.33744953407610023266 -0.0064423338706144084309 -0.94132157538557637011 0.86633404910892664041 -0.39329084812562253859 -0.30787598824065226522 -0.36822972083541810617 -0.91939154070249529127 0.13829702664426210545
3.3737259092512763559 -2.4065867377414300599 -7.1568793296681878502 0.7274650672005017471 -0.0056399299657773011366 -0.68612153966533329097 0.47685656115601499083 -0.71484951283537989664 0.51146651315746627375 -0.49335828368959422363 -0.69925557930493953407 -0.51733861128434299737
-4.4708458493660447886 7.874948178851616909 -3.8522546512432889187 0.39057374574889291985 -0.0017080529955726081286 0.92057005800062174927 -0.64123350412706781043 -0.71800196941931981875 0.27072636571874603151 0.6605086996526020604 -0.69603897481764265276 -0.28152797945853147432
-6.4421843256198689787 -4.475808156180146824 -7.3914538860507148499 0.98168330924772240209 0.0064214924201031284984 0.19041177689343230517 -0.17093107391116527105 -0.41172507492319743161 0.89513408529185811702 0.084145399851275962111 -0.91128548057922076353 -0.40308600145543704851
0.92056885940393184953 4.1287322749477501915 -8.6694019758200528969 -0.25574212147174357757 0.0013236400402630919652 -0.96674413123754210364 -0.42566152065643941826 0.89769383379776457321 0.11383343355094567573 0.8679909199625436278 0.44061778077888957839 -0.22901470285517269709
0.16860892030815219367 -0.20393476928560702599 7.4881674358237955147 0.046834166461141121807 -0.0094060088442776655648 -0.99885839229054551591 -0.29277039853262815106 -0.95617110614125311319 -0.0047232958497001060333 -0.95503510647246103726 0.29265738121263396021 -0.04753527770829595045
1.98562889629506234 1.9120806208455594088 -8.6155449252158362583 -0.471696717597089199 -0.0097837373128006662609 -0.88170657539352115251 0.47774528626342410709 -0.84328611189682833871 -0.24622748614834932823 -0.74112188475377771546 -0.53737585725999759134 0.4024494253602849958
2.1680790991095348907 2.193799149148448091 4.2266145004480133451 -0.97987072208996073286 0.010546522023014840916 0.19935430485392874322 0.1988976974687723942 0.13721000227614871259 0.97036751863262848961 -0.01711940221692581296 0.990485833390955972 -0.13654574295510774062
7.1509902317615665623 -0.25804945991850458675 -4.882857972095332677 -0.83489528629011788841 0.0093661821988668785 -0.55032911567699938082 -0.2783425335660094091 0.85539902143365986742 0.43682713759379754315 0.4748423895765216951 0.51788491845334883035 -0.71156160400895618334
-5.9579144570322020158 7.6966728973735172303 -3.5480549018062843558 -0.32362726364300131721 -0.011276547050594977473 -0.94611745238824540571 -0.5536833421716754744 0.81310663935784388556 0.17970072240683196418 0.76726797849805750129 0.58200552619248235864 -0.26938711300451523289
2.6199564409845037538 -2.449585690657748227 -2.5089306467902385833 0.96203522196072688288 -0.0021682764191636961712 -0.27291670942688328605 -0.24409436445327817311 -0.45416302545110831534 -0.85682780507833733452 -0.12209083892438357677 0.89091595837689951942 -0.43745009105043786146
-7.9669854761764673512 -7.7192229685655942006 -0.33765789028054626897 0.055601418274823344312 -0.0052930286604978820514 0.99843901472932650165 0.88608418703915436954 0.46114554503651494777 -0.046899890962711958398 -0.46017746116592633809 0.88730872312870789909 0.030330415332538884776
7.6134513936032783832 4.4009749949029881577 -0.78104055754577217385 -0.95765405932097769082 -0.0043051463938428014 0.28788915988737551199 0.00128233879505514764 0.99981451280078459387 0.019217065341913166371 -0.28791849241298367312 0.018772472071475660577 -0.9574709060952985018
-7.0566238562390459776 8.7680592292565773249 7.7146584291902300379 -0.99307577398544144565 -0.0072315581615024406709 0.1172527683671339277 -0.082105308069171240026 -0.6711235563361966916 -0.73678483325698052031 0.084019197270876255779 -0.74131024321620431206 0.66588279583785325855
-1.9158729764733870571 3.9760413547222697161 5.3446635777872266715 0.87711429674096474951 -0.0041810176310441097419 -0.48026350011669904916 -0.031677191972841314827 0.99728115128522565325 -0.066534658637954532945 0.4792359188976487161 0.073571899410889596282 0.87459711276426177484
-2.4887546592865819051 2.2626455399302947136 6.0194542100267582896 -0.7223934728687155804 -0.015804024178165711201 -0.69130160073331770043 -0.13443257129368274549 -0.97745384997929274373 0.16282461403542797251 -0.67828869527078272661 0.21055689012753409095 0.70398170564849082975
3.8484350671480931361 2.2204315784489794261 -3.0805890547755732101 0.63825617791870081774 0.0076280127110078723568 0.76978624615581858759 0.39471339063496202471 -0.86174927792135336269 -0.31873111121393088441 0.66093145681063891761 0.50727704011143248675 -0.55302767921129381001
-4.5775080939584631423 5.5839817575403793981 6.7760306363658697748 -0.89956354285566419993 0.0074235082946353548455 0.43672682982575916633 0.36782662690839401654 0.55209741122682176595 0.74825932740872624915 -0.23556104283634435315 0.8337465682337452666 -0.49937726726029313395
3.9988203422806511966 -6.9435311696016910332 2.6611454821600970533 0.39836350729854191899 0.00065714951105324583003 0.91722738958612470839 -0.49700545211337532336 -0.84031636260653175263 0.21645782800582283323 0.77090342885615814605 -0.54209591299867487812 -0.33442476655866970603
5.0122158614459948467 3.2138027944658484891 2.6438580254901133948 -0.071831606985048243597 -0.0044098840509385166253 -0.99740702482023679831 0.81371024756330057048 -0.5785626140930578698 -0.056044041466739941137 -0.57681526787001857759 -0.81562605064835480562 0.045147450154497739683
4.910330863417795122 8.8934592022925098576 -2.8138604626739325276 -0.1720895031754440252 0.0015124308831992228953 0.98508015686506789077 0.97156658464205380987 -0.16481675855202379544 0.16998178639765834652 0.16261480407178680041 0.9863230447743068785 0.026893806786623886823
7.40186185665550056 -5.8265943530525943217 -8.106050062751938512 0.56484081464854196675 -0.0029676864127130093626 0.82519455096646754377 0.78636306772975161916 0.30510384572601118025 -0.5371636333872989999 -0.2501758977556561292 0.95231446285375509486 0.17466878376381789195
-8.1012982080458844081 1.0997121550142394675 -4.9179455384138206497 -0.63021400790586767915 0.0061553155963023995639 -0.77639707387962508811 -0.66745215877990848874 0.50656925193833923782 0.54579777274236118689 0.39665844246531917205 0.86217730489764354829 -0.31513865986338418512
-2.3671492471472710406 8.5388749025294359285 7.1027801522563107639 -0.76727139115418951931 0.0075024231542523975649 0.64127866482764694922 -0.14884132545461079 -0.97471210836241151121 -0.16668102965975375995 0.62381156782565427843 -0.22333835196485787855 0.74898538596446506688
-5.3857039533627606431 3.4151758467866959457 7.897966097380743733 0.52349119110921094045 0.001464065755917171377 -0.85202982890420997375 0.58670657968297112994 0.72452316872284372451 0.36172028881532491962 0.61784493377213800525 -0.68924889154451018936 0.37842251956882427821
-7.8557519750761315436 -5.9302128391063808621 3.4927272151474579864 0.52812275972017719283 0.0088621662721967021242 -0.84912178907070989808 0.68991727429656490855 -0.58745955862960752558 0.42297212863489680457 -0.49507626209759914016 -0.80920499812088586555 -0.31636492492630330364
6.6166539955304770615 -8.0392502020103897564 -9.1345511888224297792 0.91680377954632930049 -0.0027169443245943177868 -0.39932874680254415445 -0.21563405356727355366 0.83829096477947862009 -0.50076962099436272968 0.33611424360099256825 0.54521635758872821764 0.76796245915154137673
-5.7201973546482491884 -5.8014947680946162833 1.4347788823708740313 -0.040727363325385033954 8.3676671199997467582e-05 0.9991702932306830709 -0.50222418830829784753 -0.86449681979769088525 -0.020398853839066036914 0.86377783402603025564 -0.50263828103138430414 0.035250700521920606823
-1.7228476075225893638 -6.7723540774607666748 -7.0765545947297558982 -0.66255636470997569809 -0.0049865672451718150507 -0.7489954590843419524 0.25747003739266682842 0.93752552588810955658 -0.2339980088661786084 0.70336920847233208587 -0.34788075896124454056 -0.61987961260030421951
-0.4063419826625708775 2.0069418706924415652 8.5665820122049378682 0.52479968215565031553 -0.0063893461009951763724 0.85120177975957111993 0.74342291671530436048 -0.48362884897338054291 -0.46197998153968461432 0.4146174869830349663 0.87524985729630955245 -0.24905827990811879591
-4.0776196328303964123 -7.0656337183218447251 -8.2070673978233958934 -0.47328990776386581363 0.0021597647332611247771 -0.88090408026358879567 0.87761111658108403866 -0.085263133265463683652 -0.4717297172732527466 -0.076127467196634338031 -0.99635612785874794195 0.038458746939815324772
5.0616510375609093941 5.3440026986783975005 8.452073394816400409 -0.11259198404448025888 -0.018673958304042757167 0.99346581642752651575 0.099479129394199811154 0.9945882290101549783 0.029969276421288406492 -0.98864905196114449826 0.10220341479388982131 -0.11012499289717680995
-2.3435104090550282763 2.8338477070515284417 -8.3340383057386695498 -0.86767599662717986853 -0.0089331451714431599903 0.4970498604710877899 0.082511351781467720534 -0.98855850506648379472 0.1262693901461814372 0.4902348842179745092 0.15057317482899390537 0.85848557199170683063
4.8525404728708450008 3.3195415960534395694 -6.1208518161879652553 -0.30944715979800052619 0.0016384546086821707642 0.95091522795656879818 -0.88056538718512178399 0.37698644236402578667 -0.28720344908313549803 -0.35895271859187061203 -0.92621732748866225648 -0.11521461745514033348
-3.8331670552421566178 -8.9544057674834558469 -3.5855001274613194084 0.53150657448772897773 -0.0024044874136262550657 0.84705075392009321344 -0.54191943085521387946 0.76759847482126908336 0.34222202137473045624 -0.65101773534804474597 -0.64092651676485701273 0.40668059748346740978
2.9651421393740524657 6.8895564771232944423 -0.70735480853060206385 0.99988900320821405554 -0.0067349651222279195012 0.013289902486257582082 0.012856131401658629776 0.84083299767591435092 -0.54114193138650390491 -0.0075300165123146269724 0.5412527231008411599 0.84082625350733197767
0.72343044773460085661 -4.406268949580023353 -1.1653255710581471583 -0.98445289566838090067 -0.0071614825728677422231 -0.17550273324834358979 -0.17037944330575235941 -0.20396642164293965482 0.96403762589465091803 -0.042700603146542809307 0.97895169033478379728 0.19957516499148555966
-8.1417701496066587907 -2.2739714365934977636 5.9841480628998011682 0.87070475165430816222 0.013211946965090422962 0.4916285995587356128 0.4640105839631810114 0.30923317336522065935 -0.83010181451459585933 -0.16299513310744973005 0.95089446782900799437 0.26312031019153414579
-1.0495165737996878796 -8.888875497822816385 -5.910503838400523513 0.98083259804316502706 -0.0052108568987178196033 -0.19478260083059956154 0.083583004252753792529 -0.89175093019202811284 0.44474055347108037983 -0.17601504485726507387 -0.45249654746957518325 -0.87422284259331628498
-3.6383546270313629201 1.0574303828519151516 -5.1704965955077568651 0.91955792494274235516 -0.0032597748396016386525 -0.39294095808781975832 -0.35087203668013666746 0.44341316987568535346 -0.82478698744434120194 0.17692381566936254966 0.89631140495323680106 0.40660033054590810631
-6.5291532172632855691 -6.8869874907351036342 -0.6978290663017026052 0.78470252672094786828 -0.0081075567749016499292 0.61981949959726934107 -0.13069254446863168284 0.9752735291609810897 0.17821616688177294163 -0.60593844850627787135 -0.22085246396856889062 0.76424000535221714436
0.69080648024560631359 -3.3907454245261230419 -2.646022524161017575 -0.17728013434288505956 -0.0017668178819644042403 -0.98415884506620743277 -0.082818740470549212507 -0.99642456964644732231 0.016707280808129110206 -0.98066957238124208285 0.084468664957525446679 0.17649995593782055736
-2.3639330088431220744 2.2566245792671639769 -6.1193256109283042932 -0.78319616652022094883 -0.0067151235670748765649 0.62173842720522343175 0.61643753222084940457 0.12234983695545474658 0.77784014184559591154 -0.08129288786534324962 0.99246431901210385718 -0.091684469077656247094
-3.4670954768891713016 -7.700594807203237302 -0.16267820029874052734 0.19638839323368578738 0.012864267467197081779 -0.98044179308409640239 -0.82118058105423785697 -0.54424822821746343671 -0.1716284340703727318 -0.53581158283728447245 0.8388255937348183533 -0.096320148426356833049
-0.16967270301716885772 7.8195246039963803852 -6.060355558477027671 -0.99250693906197040572 0.0047962615493588635351 0.12209411037793732602 -0.045917368256327986686 -0.94063030763401356271 -0.3363126813732734699 0.1132323770229501092 -0.33939891018566126224 0.9338023391266432327
6.5965465665403906215 -1.3541909293828513494 4.6732773491725332349 0.83764368916275488974 0.0019493839984882582825 0.54621355705223173516 -0.29047950553196072443 0.8484529037246431038 0.4424356755809418229 -0.46257400150860106258 -0.52926729547858564207 0.71126747645675814091
-5.3736078936310489595 -8.7528392120559388445 -6.0644127765865096791 0.19483768095148495947 0.0037492474857471393829 0.98082833422798743062 -0.97111363979095932653 -0.13970868252956414324 0.19344193608877771617 0.13775549605502476758 -0.9901855518886835128 -0.023579570340559141001
-5.09590113651150034 5.5151524210348652488 -4.9605022251219548224 -0.99051303534319923294 0.0023941099876274101431 0.1373979441341196539 0.044205820475942673997 -0.9411511538846416558 0.335082603215357544 0.13011445827015091781 0.33797747525355620324 0.93211665255489184467
-5.4943029085024868152 2.9726125423956659688 2.3062137475105202178 -0.81742339709645772672 0.0014234151662301870907 0.57603555772943726421 -0.42540483289982017334 0.67275729941962769676 -0.60533325055139475257 -0.38839376671730518886 -0.73986187222144839115 -0.54932202942220054176
