1125 17.292696884352682929 17.968806560800352656 18.477561601407678893
-1.1894419984391149114 -8.9436487365059953447 -0.79875024822435780614 -0.33619783353263893444 -0.004064784172672487525 0.94178261518119521511 0.79569823862072286413 0.53372908336435387344 0.2863521933335602121 -0.50382073179238140437 0.84564575508957651184 -0.17620421991396581496
2.8934543653795423701 4.2295704759292664932 -3.3546746475480695437 0.6078071097736928996 0.00068541637170214898475 -0.79408440830491211493 0.0042732813633018541799 0.99998232445032742 0.0041339875420536454503 0.7940732059292850975 -0.0059060131226028322882 0.6077934374720731503
4.9302207393312231787 7.5538490701901235269 7.0637632726265602301 -0.98298021131670521022 -0.0072610578628245648486 -0.18356791985123099842 0.16684770876006538298 0.38291299325523314723 -0.90859203258548426607 0.076887880978236552987 -0.92375587502086264902 -0.3751844041583407563
5.7817148400159474875 4.3760666447830098846 2.1739388870449718461 -0.51666649890463800521 -0.0092887305184011208919 -0.85613634918468184409 0.24243474245069809858 0.95743013453687564329 -0.15669375588658648879 0.8211462260539668101 -0.28851560957155575338 -0.49242016456588927342
-7.9390605782229366483 -8.0715782329580179066 2.0167757553932985637 -0.37570583687100456149 0.0079208592053646408038 0.92670512253388404034 0.10299945659148308785 -0.99341136105843275139 0.05024917573861760467 0.92099741372210508494 0.11432903266453200986 0.37241460256976166576
1.4865262453759275907 -7.9407162333775840324 1.4584730805712928792 0.51173272979645345604 0.0039174422015838279015 -0.8591357674439443759 -0.010014649207640460848 -0.99989446677426252474 -0.010524358199084348983 -0.85908632863997980156 0.013989601883131749099 -0.51163949318118828735
-7.871265191911978043 1.9739192252165800312 2.6854365379739211228 -0.86337501241140779396 -0.0023406705348236870635 -0.50455733985833572941 -0.44051547310107852518 -0.48410399969987238933 0.7560353400687398473 -0.24602785594728052154 0.8750073363899074641 0.41693219516150942239
5.8355862289707687296 1.1351477550270010486 6.0954469173603280652 0.062217337082106444202 0.011571630722426402837 0.99799554123702582942 -0.62740033752226642694 -0.77720832505928805212 0.048125211018036559429 0.77620733019168497435 -0.62913696189387791069 -0.041095787322454335744
-3.0284837272788625029 -1.5462005724866119127 4.8251454083806226691 -0.99719968994579777366 0.012027243121138174106 0.07381140694213482456 0.056412095883874385782 -0.52698142402780789872 0.8480025083498464733 0.049096372675099732297 0.84979169456556435946 0.52482723065572267629
-5.4805854748265891985 -5.7105279110073006166 5.1737639374443329388 0.99272672226606406554 0.00095762171845640577626 -0.12038578761469304057 0.020944399474659019383 0.98334570502631613031 0.18053408691200584224 0.11855373055972621976 -0.18174242038422067091 0.9761735017933668157
-0.76063135265778392125 3.0506080294689330579 -4.0200970667887387933 0.3630676549996871838 -0.0043910967346528955238 -0.93175243287187570207 -0.61162075050151865074 0.75327064069467897234 -0.2418747597896102608 0.70292384754620895748 0.65769602411516103757 0.27080251921669817872
7.1256180527019523652 -8.2067773530606462629 -9.1239889030202281361 -0.48963839189803870511 0.00016405405369502180229 -0.87192558069214831651 -0.56109602131349833876 0.76537533970690296847 0.31523299991402420339 0.66740205277312869558 0.64358415335897600773 -0.37466510045572731791
4.3944458286568686134 1.9772620983369750824 8.4240553133331737001 0.70368865755355802794 0.006535005861104952081 -0.7104784070814440522 -0.51213673169609785774 0.69777575418806780938 -0.50082428546880752851 0.49248171669465790057 0.71628645845496285993 0.49436370028127069043
-5.902086717626896295 5.4439374918704999118 2.9622465131578796793 -0.11883520560799282206 0.0088818281750362021443 0.99287426547195178905 0.93701059556574051168 -0.32979284921727081148 0.11509917637621418229 0.32846512403227423604 0.94401154110186091817 0.03086863393658949295
-0.60320096632590536334 1.9940090672300596619 -4.3431219514311782959 -0.24756716987426369281 0.003178587655552257956 0.96886551852195768042 -0.50536690128192263138 -0.85360673040547774271 -0.12633227970496666015 0.82662856924310412765 -0.52090828980465930798 0.21293135542612501299
-6.4549511887413082434 5.8219012417624433908 -4.6395366793027132957 0.95971871458120505682 -0.010397648207476775997 0.28077015118101994462 -0.13086062342915610879 -0.90084800739989900897 0.41394246556656605351 0.24862720309355954007 -0.43401008798807400035 -0.86592133442147867228
-2.9376908705428457225 2.0245036486881766713 -5.0206228154190597479 -0.14625574529241527899 0.0025580669323620360001 0.98924350554469686614 0.69144390968223079508 -0.71489406933254462384 0.10407588287447600006 0.70747054831416156251 0.69922809291833587508 0.1027886051143431928
-7.7958705866082107505 -8.9480680600772224409 -8.8681526659985365768 -0.88628973128791632696 -0.0076429686860551631841 0.46306813455839807014 0.0091720271638068701092 0.99937805563312531731 0.034049608466450678734 -0.46304037203174031045 0.034425091847157293645 -0.88566840686566139507
-2.7145139259982351554 -1.4595807725119445131 -7.8977753790470455186 -0.86693124085468586948 0.010480010522409348092 0.49831756241322044954 -0.19592517933528966201 -0.92646351891263001299 -0.32136999272803074001 0.45830508150412607726 -0.37623864435099663162 0.80523346599869094486
8.4397361537324666614 -6.8712046312452974561 3.8686340651008057634 -0.88580196388578558153 0.0023431516956405390104 0.46405752920959730812 -0.44964750918467927265 0.24297706026210641461 -0.8595226964255255897 -0.11476932630341946107 -0.9700292046256842049 -0.21417596483573911326
8.0002431200003236711 -8.0756687979471983851 1.6747662069056850065 -0.17353549491832775953 -0.0025078138928096597657 0.98482442235798883789 0.9784128875868255415 0.11351095605052199944 0.17269477195457680341 -0.11222144807210819584 0.99353357956639110071 -0.017244502504437507484
3.5569483563496202549 1.8061871281616659335 0.6270135999849739683 -0.17895663906725012282 -0.0087026753025877239683 -0.98381847145513434683 -0.82327469461934588146 0.54883796844087506805 0.1448987977774752467 0.53869592399928323267 0.83588345350320181204 -0.10538289057672632631
2.849416140331625602 -4.8360146005320929774 -1.3259851323674860524 0.94230562288746322341 0.0040093485341559723101 0.33472979879180975171 -0.27032412899657903838 0.5988964148373624452 0.75382222677316979009 -0.19744614039553101681 -0.80081646425352703833 0.56542728287870025472
7.7625079032269699297 -8.1327331449662114693 8.0331586426297754144 -0.52604162988385394506 0.0012905856363104677674 -0.85045784023548620656 -0.7162808667489934944 -0.53979204654713641709 0.44222874896815062007 -0.45849964401133713743 0.84179741082594539137 0.28487750976211750897
-2.4601765265901636148 0.91302584254792551466 2.7528369849462621666 0.98495012026409989314 0.0096502231247177772122 0.17256921447770168232 -0.13491195496096941575 0.66702534852352868278 0.732718191964410126 -0.10803714639151847099 -0.74497252138639225016 0.6582886277151069887
5.2448652842462939461 -8.1287014992261550361 9.1863763620727976189 0.12055080419706072636 0.0088854466095069639664 -0.99266739265775760792 0.65089040810169862539 0.75430801324320517764 0.085796840260422710389 0.7495393120104378859 -0.65646056240714822927 0.085148985638796428899
-2.9617766785458727874 -1.3122336510007412969 -4.6703959409917050749 0.0053980044070348516538 0.00013712219468218610902 0.99998542126665823648 -0.80874787036348694258 -0.58813868456041273891 0.0044463362575014805933 0.5881307199348548842 -0.80876008118648090583 -0.0030638779282697488349
-3.6640741638207701136 7.9632878320426909724 8.9151109719731849168 -0.31659113747037898046 -0.004475453699053735801 0.94855153892117138881 -0.10411967375725690588 -0.99378245602638370926 -0.039440127164166977058 0.94283039047960792711 -0.11124927149520547065 0.31415673537243232749
-2.0024669363403329037 -4.5925737372742876374 -2.8567289690582464701 0.69335824263606782303 0.0022036424134997015072 -0.72058968305696180501 -0.5673757721827178413 -0.61480403973230024484 -0.54781449950564498064 -0.4442286353987758285 0.78867682651944182037 -0.42502915523851320101
-2.4780017998586241212 -4.5714810270650660939 6.9868606259616070631 -0.97720051814723851713 -0.0020572616720726222793 0.21230853729279014486 0.20751735863762804657 -0.22070267288574602071 0.95300937878137181869 0.044896471988890233884 0.97533896561941257897 0.21609768380871613447
-7.8322390468496392302 -2.4933436430898958669 0.92156248107700289296 0.16686535089368881302 0.00010387230872428980955 -0.98597968735741359225 -0.92244951021758025966 -0.35313428154812132043 -0.15615082546992595236 -0.34819944826285642581 0.9355726419717782516 -0.058830058842856997048
1.3099803720724454426 7.804153724663303926 3.174591888596988376 -0.42138411262906538823 0.0051350123577830969826 -0.90686771983114333739 -0.21993984185836176759 -0.97070875190751060302 0.096700490864003896263 -0.87980787424702833199 0.24020439341957916524 0.41017063984981533276
-3.8883194883428009447 6.4710026765588377629 6.0834479786319937133 -0.96111619454593111289 -0.011698700801968987123 0.2758963591290040096 -0.097776302726757025052 0.94879370962048859006 -0.30038357346770755418 -0.25825463249727959036 -0.31567964296687739401 -0.91304485531083057204
-4.7092161323804093698 -3.4823504713418773626 -6.2343799452137709238 -0.95614380962709133449 0.0040282292196711184593 0.29286991767883679971 0.1932245632416754455 -0.74278298749274540569 0.64104422753151080183 0.22012106548874194045 0.66952013178153357842 0.70942900255566887502
-5.006475941079123082 -6.8404929676209285105 -7.9211598442309556489 0.79379288709013129388 -0.0037791406204249274221 -0.60817643040543056809 0.60041253567468799712 0.1642601051992769734 0.78263874478844353 0.096941422566495419333 -0.98640982149192490969 0.1326575465423071587
-3.3597376375303422691 -2.4673497572633538155 0.96677860295872708463 -0.86053701225295453625 -0.0035338364583653628613 0.50937565955077701574 0.24953990772564121903 0.86884329481070765588 0.42759930251892036557 -0.44407869234530295 0.49507458131290843495 -0.74678997980850458926
-0.19351222482602836727 8.8614708544932909717 0.066736131439060084047 -0.43179033996388122008 -0.0068100905496277014048 0.90194829396207809591 -0.81862040362965415863 -0.41689201464195430047 -0.39504643130775812798 0.3787053433410672576 -0.90893050933213459519 0.17443506565597780011
6.6190413575263349344 -2.3413453400943105009 -8.5231677944018038318 0.88407237483196821071 0.0023640394291260433644 0.46734403534916779677 -0.46407960437859441249 0.12253482142045538095 0.87727723003581969952 -0.055191999951273745806 -0.99246139917726317048 0.10942675305574242617
8.5419427783725190295 -2.4512749267253224339 3.7344684530300669145 -0.028418769333516377684 -0.0017783210040620001102 0.99959452335641163501 -0.32901187508594847975 0.94429460249907903879 -0.0076739652741880399339 -0.94389806631963923955 -0.32909655310418967078 -0.027420779219387507453
-0.67104990785213813886 -6.878565508239781856 6.4809449724932823855 0.51216887165933866477 -0.0085659161681859857795 0.85884205298965465847 0.73838795240587262736 0.51515602740715438213 -0.43519822973862687387 -0.43870978863581006069 0.8570536112205811019 0.27017185058560877486
5.8252884123222621326 -6.0433516580989063982 8.193534069356960714 0.048208892451947683855 -0.003845198428801738233 -0.99882987397133371488 -0.41936170182856402633 0.90750892373146674341 -0.023734287176882317566 0.90653828696187277458 0.42001519948376092595 0.042137471146231147978
7.5937967924149587517 2.002323726675556248 -4.8661308892873815779 0.83639317828348835882 -0.00088699696770863558498 0.54812924074277469266 -0.12563910985783044438 0.97306452337503890337 0.19328799089212062023 -0.53353656425301776434 -0.23053122692019803464 0.81375308787094491336
-3.3077954386684318422 4.0432114505864786835 5.462377009580266396 -0.90844961734356510785 -0.0060195048819812104618 -0.41795102381668414182 0.30781067588813315616 -0.68611118372347346117 -0.65916919783835070668 -0.282792999484733798 -0.72747179267005945835 0.62515031017504896216
-7.5624854173100324317 3.3826938111512463436 -1.2203802473896454561 -0.66341490994462148922 0.0039080717531530233949 0.74824152800957521858 0.69852923965980817655 -0.3552116528985901911 0.62119367590587393213 0.26821177938977436295 0.93477773220172888369 0.23292280432872264351
-2.589502907868218351 -0.17423292531262379867 -5.4935326095751859654 -0.77663185054104710847 0.0096730141675436028675 -0.62988046605838343694 -0.5920560992873808992 -0.35278493867773214054 0.72457736808332562362 -0.21520349444588443566 0.93565443398666459096 0.27971098680476030873
-7.3986709328774091787 -7.7454382532346226498 -2.8516315866546304569 0.96569247503945521149 -0.011608421927033502757 0.25942877286919735491 0.14536809391539792791 -0.80364920994787958364 -0.57707544101369834255 0.2151886635573065365 0.59499007713589779911 -0.77439050044922985716
-2.5735166029687888134 -5.7269164019218568029 6.9968411949978257525 0.9769327955981357281 -0.0035429953792312555115 -0.21351758725882397094 0.021147773946912716558 0.99655252147264483664 0.080223709736226250788 0.21249725772857985806 -0.08288859469494617993 0.97363976722773493133
3.7510325425306612068 8.3865455918841771421 -7.9197330456868186843 0.62858908692170878396 0.0033388256919344187421 -0.77773042376273893161 0.70858380723241609633 0.4097596912069169095 0.57446147267681757498 0.32060060500735299005 -0.9121873972517776652 0.25520463233272211445
2.9877621444380260129 -3.49097319340146095 -5.3965626543875071519 -0.9886778213915582425 -0.0028673849467112108927 0.15002647630331766848 0.14473172638833020631 0.24569608433534223524 0.95848117431634449748 -0.039609252265306225949 0.96934267018728026422 -0.2424992678115628908
3.0158723462181811215 -6.7893415629173876624 8.8473222437408551855 -0.98288494866660591764 -0.0023576876249093350196 0.18420537178240517506 0.050899905008051006539 -0.96446865443582574517 0.25924778548851368232 0.17704908176724962199 0.26418678225741137888 0.94808172998215090033
-1.0602875372972937473 8.6678459472036415434 -9.026812246443512322 -0.82033418010277270316 0.0034384313499753855169 -0.57187412089126299364 0.032615755962103858134 -0.99807300613592375704 -0.052787184865858698124 -0.57095362808054772596 -0.06195523878486439151 0.81864125413321908731
-2.4860271290831956748 0.87849716284194712124 0.5850078450399800456 -0.76879525364158463052 -0.0049200280569250010726 -0.63947607562932917702 -0.51109536553857948249 0.60575183209020866393 0.60979196882526875978 0.3843636107950191283 0.7956384299686458661 -0.4682137369340445554
-0.31075811032602518313 -4.9505786916313603285 -3.3648381135459857205 -0.12509165201605962348 -0.0023153258245577172658 0.99214248868918064606 -0.98925366675784642823 -0.075999859141495290649 -0.12490478060041740327 0.075691884652871452288 -0.99710514023199992018 0.0072165033712854147196
4.3016400652097432911 -1.3381367392760106227 1.8242261535870076816 -0.98166484298332568059 -0.00096023884082018732405 -0.19061273302686534969 -0.056143599714925586375 0.95708388690401891008 0.28432082167828398589 0.182159359522408415 0.28980943975332312812 -0.9395895148245013706
6.4938277229147791658 8.702393698191807303 -6.6463533292163887722 -0.85707955458472862009 -0.0011102358942116372434 0.51518288450704019521 0.51515890755386906097 -0.011732404804229601414 0.85701438181924616266 0.0050928460209139648357 0.99993055661592988859 0.010627552194236146443
7.6243740091617313581 -1.4976070800358125545 6.3369172308228138846 0.95218658717980653172 -0.0075113029258116479139 -0.30542475918534550683 -0.00031621566118667995826 -0.99972142426009635852 0.023600294118675573668 -0.30551694421522268552 -0.022375303421187531933 -0.95192370628833922197
0.097081374628552166706 -5.629043668686727564 7.0364486946060216255 -0.40408512058241885523 0.0070458108894833077623 -0.91469425048644081855 -0.88911070710745931933 -0.2379924038076144388 0.39094982572821157518 -0.21493572488282713939 0.97124145930804461901 0.1024336950923233347
0.86153030888705139922 8.5397462445085370319 0.5195006323283287708 -0.31960492948294000337 -0.0045396719943991388838 0.94754001521224029414 -0.1805010594667502688 0.98196912546413561707 -0.056178324703579855803 -0.93020000891298260104 -0.18898684613808436339 -0.31466158870301697004
4.5304532467461076095 -2.4717326673007504745 4.1525880365454934662 0.33758618858020528197 -0.011098646410871932169 0.94122918852292769554 0.72282248329674714249 -0.63746565010280109576 -0.26676806889064119677 0.60296204102790840196 0.77039883501114425624 -0.20717724800913159267
-1.3009049143388196068 -1.5340337459340191995 3.5333851334920622911 0.44660148784551395584 -0.015389256721131502198 0.8946006270016059192 0.60903470328119857502 0.73769303845648515061 -0.29135152515865059275 -0.6554569713212040627 0.67496085204297617821 0.33882739994882293821
-7.3240591871683697889 5.347287357522525042 4.588050653410925328 0.6358683239362380446 0.0009119791680019823793 0.77179702183209353272 0.6553810899118043265 -0.52877026725390530171 -0.53933072548680116576 0.40761145911358082072 0.84876449782170926284 -0.3368259574871322326
6.82667291535984333 -6.9884694666520177364 5.793153290372267783 0.39999823172075815725 -0.012102932856780867013 0.91643599538453746067 0.8896350607025554913 0.24551955469927941311 -0.38505792684870154829 -0.22034262726246114927 0.96931608223354881471 0.10897458113935039326
-1.0500578079119826658 7.8638974694531853515 -0.79247201846355697086 0.062050171684343638501 0.0022595601270837938762 -0.99807047375500013153 0.84559262873856366749 -0.53135154982029342285 0.05136766226527967466 -0.5302102247382912692 -0.84714840783168288141 -0.034881122278827107752
-2.3014780081348695795 -5.5365258561954044936 5.1989924494298200841 -0.88045497808697747999 -0.0035655953230696135585 -0.47411635501378857072 0.27539447078279705172 -0.81783923321746432311 -0.5052691105465354493 -0.3859493710628399965 -0.57543572633288975204 0.72105256939830120189
1.9161498134960064377 6.6155992043863838248 4.4810975671660653319 -0.50333534446987404642 -0.0040331576547110179268 -0.86408174650712388232 0.86235421882079921208 0.061028439827951239116 -0.50261389834940972676 0.054760681964726484749 -0.99812787916744960537 -0.02723976026459875785
3.3617918467296750151 2.9802640128637394312 3.4663163809768735568 0.97305795347357415537 -0.011220323151613469104 0.23028748018543193643 -0.20908919304628900693 0.37796089627498841157 0.90190202917955109019 -0.097159294630330364506 -0.92575356614764003904 0.3654318079089373672
-4.3982442778996837518 -5.5845061605270727156 -9.1943962999117818669 0.29804018750751959388 -0.0071716031449951204296 -0.95452638242160492421 -0.78217392433307220134 -0.57502143504171654431 -0.23990477555872447013 -0.54715262836220279752 0.81810691070981444994 -0.17698893729638587313
-3.4973353592789728772 4.4021952003707953693 -8.2666465543036000696 0.71809115558682323766 0.0013111881407410798384 -0.69594782351390915842 -0.26145877977503384493 0.9272533692339650635 -0.26803077383588014282 0.64496852539230775658 0.37443219683962508659 0.66619526508624049566
-5.2545008409848925623 -3.3598188068531991135 -1.997026652414288117 0.5233831269619975135 0.0043946444035344355353 0.85208613972519764435 -0.54835738449371773662 -0.76366659159443250893 0.34076020271338347545 0.65220723798673296834 -0.64559586738358809566 -0.39728037295432233611
3.7346698457875184829 5.310680869993808173 -0.39228333432031975425 0.33699472792166107471 -0.012592862479476810492 -0.94142231393106512449 0.76847270974758996598 -0.57401617010490246784 0.28276338311558418814 -0.54395243149187444409 -0.81874712596286547406 -0.18376315191402581295
-8.3153757627867932456 -5.9460202378473105966 -8.8781930259467731759 0.78890496155172473713 -0.0011936215623261419924 0.61451406567054578378 0.60799774797910621782 0.14677174683268623401 -0.78025431289063540419 -0.089261974499848031894 0.9891696667404550336 0.11651467851379677942
0.93949995188903767662 -4.5764000958619055481 -6.9891999468058543243 -0.90804772984749049236 -0.008871529722008119484 -0.4187727501630577609 -0.31014984382630894633 -0.65772015013040907583 0.68644830722101490839 -0.28152512266792878437 0.75321013009151238649 0.59448978564316379281
6.3785917086955308264 -4.6357509143326645074 4.0256304760542489518 -0.86957665010477147582 -0.0097059946970096868529 -0.49370258583395965069 0.35936716648272032382 0.67325872752485005357 -0.64620269688831344368 0.33866161466350397369 -0.73934327580527769985 -0.58196205312282833777
5.1341055910352837444 6.5666582313136476756 7.6921789570007126358 0.95076179291682128003 0.0010408995744183163756 0.30992084418133875046 -0.24450236069671299477 0.61701895556443053792 0.74800147331949473628 -0.19044844116907994058 -0.78694759990911489211 0.58689255085904978859
-8.493432892616606722 8.2421196811844250618 7.6506129542159593271 0.0047198103750730434347 0.0068344995477506026438 -0.99996550590814459181 -0.80406289566489974607 0.5945441848827653919 0.00026839682372579651282 0.5945255109788747383 0.80403389346347353683 0.0083015033090492133111
-5.3437669029074799099 -7.755330817541897126 -1.514445982763446219 0.81621722242665450953 -0.0043138050777590496165 -0.57772903414989373871 -0.50532712879136842954 -0.49006461660957023607 -0.71026837495051309279 -0.28006059830246771147 0.87167543422596327485 -0.40217906291286353859
-4.5890593975570448393 6.2814331866903732049 3.9725066335134968654 0.15893527455867509368 0.0019305365291558103727 0.98728711706841409956 -0.9743886859839684389 0.16143393966363159264 0.15654319452170847859 -0.159079436532100299 -0.98688163229118641695 0.02753864047541532134
3.6683757204485312187 -2.7220725633791307274 5.6924581559131999242 -0.13279495161677595805 0.0028488091964009847751 -0.99113943777409052593 -0.83718516338021631285 -0.53561401656741247645 0.1106283303339544305 -0.53055301623989736814 0.84445811591973396482 0.073511818207816562176
4.3276192640112842724 7.662224695893796067 2.8922610713644685276 0.54931676227431158743 -0.0058887718219276128859 0.83559345201549328763 -0.82796953934886052817 -0.13878948272530808317 0.54332671698999090992 0.11277205591258546158 -0.990304398582209644 -0.081115112981107712065
-5.4279507803426696455 5.4251284804490413904 -6.2921976905220242671 0.89756747611978526802 -0.0066924427070478515259 -0.44082631162677404779 0.10046705688830098735 0.97668189355118217865 0.18973362719692149492 0.4292772953372571143 -0.21458725502642778116 0.87731027218891288744
-4.633025589906369035 -2.0805996267994140148 -9.0678147667906543461 0.83336315036926322808 -0.002584644227091445999 0.55271980172684276322 -0.32751837353217760906 0.80321482318139980627 0.49757176650295759091 -0.44523878380660247833 -0.59568386534816519795 0.66852311699629163311
-6.8975150596739016606 5.1600151726166645361 9.1361363902089411937 -0.63521456629616657175 0.0095050324239077318977 -0.77227722297363643467 -0.75419941038202287231 0.20778744013455083262 0.62290258395833653093 0.16639021649338431308 0.97812782093187899957 -0.12482091881698381686
2.6642548441954856386 1.9440995171915813611 -3.7723928715175740756 0.82573007369629070062 -0.011149986537675406553 0.56395524928290852174 -0.015239124187128059301 -0.99988064125141340455 0.0025440803163324747505 0.56385956982892349032 -0.010694907706821016671 -0.82580143161755048542
-5.1763253548372896162 8.9767558490470165111 -7.5618862005014078065 -0.86251231091465019318 0.001182136851488738323 0.50603469848727788971 0.1929518776715539452 -0.9236802931310241771 0.33103517786476804874 0.46780560751605093639 0.38316226149429710723 0.796457528649713975
-0.73845588589476962582 -2.4831420477927861334 -1.0365367698651821726 0.67401185666596130641 0.0014685307052423792612 -0.7387190673667781704 -0.4685145644322819547 -0.77229772174082922387 -0.42901087621281125406 -0.57114106837838107822 0.63525905929140957795 -0.51984979330559222266
-1.3172190993798109648 3.1433269972402433368 8.6673856990300706116 -0.99218834259323773761 -0.0041608966875049755579 0.12467950818296137661 0.092973969711115586612 -0.69103512943775691202 0.71681677633743967615 0.083175319525127161535 0.72280919807468901883 0.68602385483314620718
-3.3941007856053295733 -6.9603493232498676591 8.3293199216255935369 -0.28413972070624793353 -0.0054463474416043926307 0.95876741518288843835 0.91250583595221002042 -0.30845667988619951405 0.26867745716184981974 0.29427490288880520097 0.95122279931322739621 0.092614618698015446774
7.9088850684194449414 4.032443113448538341 4.0392620914700199108 0.91346591988677550145 0.011323036777326241434 -0.40675766992602224725 -0.079811234697957783579 0.9851822725823078386 -0.15180927707381267067 0.39901150362053222631 0.17113643278930165681 0.90083413642629750484
-4.821738588184027563 -5.8311612540387152137 -0.22981846133210712124 0.99903960166225536099 0.013705217902354630694 -0.041617800430368737108 -0.043386861750666048942 0.44208973416343200213 -0.89592089336889990658 0.0061200112616957604017 0.89686611818571226884 0.44225977831176815913
1.7411321563332560203 8.8762907986810493099 8.6836182667692689563 -0.92253843213061759165 -0.0092113462866565288395 0.38579527257587564737 0.34831803012623913096 0.41048203440034897183 0.84272121684675560527 -0.16612462530035737585 0.9118221594883931802 -0.37547697443999178413
6.547719562817140293 -1.4924386440974406476 -5.4640529163292805848 0.9996690665671406073 0.0065785870216967133259 0.024869248913031959114 -0.0014257228216999874928 0.97943064788930500608 -0.20177604736340240543 -0.025685105861828469442 0.20167381626762198588 0.97911590078449228791
-6.3446083234926069494 -6.9785296080556449283 2.4667352458138127602 0.89538345539471120293 -0.0072887559910176213246 0.44523627642153074113 0.42335182796977943731 0.32394239328811497147 -0.84607006541145945988 -0.13806410670451241263 0.94604873017561952331 0.29313836762363670863
-0.048165822286903262062 -1.2342928536380279869 -8.800782625884634669 -0.95723720017729807541 0.0029943786345444523694 -0.28928874207795945983 -0.14904041863660241751 0.85193891611059080482 0.50198310412727042973 0.24795946485081038491 0.52363261635730418142 -0.81506133933463065233
2.6455536557064616154 -0.10099373864507069087 3.9313690848910969322 0.82666496667202904458 0.0017586094425047721444 0.56269169193282375652 -0.2460676561291145481 -0.8981802900325384087 0.36431150847085913558 0.50603926871798232678 -0.43962378676547131384 -0.74206144262170059545
-2.7147508359478074169 0.72543235728539889884 7.2652726039860215934 -0.89679236769458681167 -0.0071588175784800030937 0.44239371669966348621 0.43627783586936813576 -0.18075652949653958634 0.88146964041510222909 0.073655272545027877795 0.98350181920277446324 0.16522430950417130169
-7.7886750207324375594 6.6598596968038128452 -6.8396174369799807025 0.30979767547274589257 0.0063993457579284967335 0.95078096775548037733 -0.30514673028612210315 0.94774861806225829675 0.09304853549085856379 -0.90050589851890561199 -0.31895392352994150764 0.29556305824215556299
-6.2603474395550735565 -5.7671296448804598711 -4.9338576933186297779 -0.74351706958317975715 -0.00045742608285841883722 0.66871679954965379533 0.55894998548744034839 -0.54937623813229108372 0.62109633930596852558 0.36709301404685040771 0.83557497553304793669 0.40872628897696144934
3.0924641191776824911 6.3995931167659438898 -7.3759639433431809508 -0.68412543456055985303 0.0054594815383474217321 0.72934394070880392835 0.082107926575810841197 -0.99303895664146135669 0.08445068967078528388 0.72472800289532979257 0.11765978350219767623 0.67891494103852334518
-4.2992733190508687358 3.1437535969693928273 8.7424797215019811603 -0.77066967809170194847 0.017506720093936795762 0.63699431867278422104 0.016001455714496064242 -0.99877568187733256622 0.046809087851617470211 0.63703390858328334811 0.046267181046989638848 0.76944600023192866178
-7.2270263022242291484 5.3620506896619364312 0.24423051023119821124 -0.27079503406074134642 -0.0096687093560996299757 -0.96258847156362215003 0.31721477087340110845 -0.94499483843244058701 -0.079746752132496337429 -0.90887008899372101478 -0.32694230591233730543 0.25896696688368775474
4.7079626801433729355 4.3097352575233776051 -3.9143149206157148434 0.63034276590849347421 -0.0046040884817766004888 -0.7763032911406805292 -0.031921099797805746467 -0.99929041555083941706 -0.019992718080902346922 -0.77566039015434973258 0.037382720043136474786 -0.63004245205177011879
-1.967543357167131024 4.282956915650127705 -0.11485665881554640855 -0.21810489953740791469 -0.0012121116846149325441 -0.97592457883960859188 0.085417034803490957118 -0.99618533901291506094 -0.017852184772253570227 -0.97218011858050656926 -0.087254232682770327401 0.2173764382719384769
-1.3222280138948476758 5.5021631258465077963 1.2142392403892916519 0.026902654952557288059 -0.0093565896604094929423 0.9995942683841340104 -0.72299788384115293294 -0.69072805253121782876 0.012992975306767004517 0.69032623238403867383 -0.72305408627304423863 -0.025347212987696553926
8.0205675280824770823 -3.5368295928527140326 -2.9393867927365100456 0.93899404307647327261 0.0038131673474032599241 -0.34391226616937514704 0.04761317743060924923 -0.991751553584846679 0.11900353480977063358 -0.34062174387717120139 -0.12811836604086387914 -0.93143035804138751832
-4.4918886227924943455 -7.982782736038897653 2.3026681440980789617 -0.99848234109006350767 5.8034343095853153927e-05 -0.055072780605174384561 0.04756825568693491546 0.50485662904024519726 -0.86189155069834333389 0.027753839058352290647 -0.86320320941595618525 -0.50409318947118686438
8.3812726239185106891 5.7858088887019469837 9.0024387147236204498 -0.46469889258322333303 -0.013060499826137852292 0.88537244286017491302 -0.42576849124676030556 -0.87341738447009864554 -0.23635410799691491945 0.7763865861110859079 -0.48679718143178229983 0.40031534202025920166
6.7936236455285783364 -2.5655924520036115233 -3.5984769761610198024 0.99881659982188220059 0.003869401239152623663 -0.048481209289502252835 -0.0026993278118841931845 -0.99088320050458089661 -0.13469668365292350454 -0.048560411339636816441 0.13466815025015707596 -0.98970014436635711519
7.1760626620840017864 4.2617335342040663093 5.4504361343126941364 0.96904294117937750386 -0.008541922384812833044 -0.24674442995248646593 0.10729999078182250738 0.91465398080436011163 0.38973684375119771461 0.22235667322768337684 -0.40414741241394352977 0.88725553191313255574
-5.0399799730976759804 4.3925158504102990165 8.3202880005529475937 0.77410628147793991705 -0.013006746726073385029 -0.63292202483084569753 -0.46970398344660080348 0.6584983624634687116 -0.58801196804760158532 0.4244262396584770336 0.75246975432411300488 0.50363839797700959977
3.0666505593445672062 2.1408640388671518195 5.8317980997310989721 0.92827002244549472465 -0.0018545041047626597934 0.37190230739212037925 0.27654919787009901722 0.67206076705799544513 -0.68691692841202189879 -0.24866705971331898306 0.74049367735045901195 0.62436672494405998091
-2.1915034561083883702 8.7100343956009051993 2.4141254135246210666 -0.99958621833929828249 -0.003167573382049199051 0.028589483819486161825 0.011685731714107741239 -0.95292072618303214071 0.30299427929457023456 0.026283755068563011831 0.30320299485607016265 0.95256344047512075957
2.996689242576016099 -8.1070555842874778563 -3.606309768029486218 0.33413556291322116243 -0.0019695969944865717588 -0.94252296857107054073 0.3804162619730981354 -0.91464556010375708262 0.13677341484558819262 -0.86234383700647887494 -0.4042519264885588437 -0.3048663423651131188
2.0924014149085072845 8.9805924475516558658 0.96717688896453479774 0.54927648673490070408 -0.00078048100275832229481 -0.83564031255663218101 0.52314019170586623098 -0.77947356615439566951 0.34459439851535406119 -0.65162848383240690175 -0.62643463387308973012 -0.42773820093857461977
0.71341822929498655004 -5.8543800698956518502 -6.7960579369726499266 0.74886328709046945384 -0.0068819037594348882181 0.66268877812179771691 0.64004600573185477241 0.26685936861377096418 -0.72050481464689242195 -0.1718862641243177336 0.96371090934123859739 0.2042459189840924727
7.3919943935772689514 0.73626722812096334625 5.0004496760109216069 -0.6290659043022247543 -0.010877100845113422609 0.77727586912359536431 -0.47048663932422990497 -0.7906355634536026411 -0.39183890569941332016 0.61880401603561041579 -0.61219040704633265193 0.49224434507521958038
-8.0415656077541637359 3.2722443312965894258 -2.7722518646533451658 0.82044095184392262787 -0.0081000829625717286897 -0.57167388710107769345 0.47485905386262478034 -0.54721399542291104812 0.68925011583446871288 -0.31841093495967431881 -0.83695354224076290439 -0.44511037353542209916
2.4726757040972100476 -6.9636006817642712718 3.8277421335417392001 -0.11010493131867543637 0.0012437158551482385173 0.99391919051303911914 0.015976404083734591782 0.99987223458078422489 0.00051867790457063014595 -0.99379155692312381998 0.015936363609299081939 -0.11011073382297210943
-1.5576944026955936717 3.1090937018741433562 0.31395174210671217274 0.41203556023667681218 0.0044977195825814594854 -0.91115666469556577667 0.44151791406123708228 -0.87573142364621570088 0.19533664582366896956 -0.79704995368139919254 -0.48277763427608133551 -0.36281831152708776678
-2.2323075985873104266 -4.7877359122838560879 0.28028181098443039065 -0.13453148068031234308 0.00078788268007141080973 0.99090900689567584791 0.7576615689818575472 0.64457196790435222766 0.10235196666312088021 -0.63863152724699090435 0.76454323450861461087 -0.087312169674666914587
-6.4225887385995346079 -5.7417027248745924339 8.4426120823446630936 0.36116560859272883732 -0.0078950766607585581153 -0.93246826805757576651 0.28666106881837460918 -0.95060279364846811401 0.11907879883217505068 -0.88734707684964198027 -0.31030951721129240717 -0.34106182538403517768
-2.7997110241070406467 -6.8904247014170989516 -1.6149357454188504324 0.49511585702247346008 -0.012193342955263553398 -0.86874139449694409709 -0.13604636417631243983 0.98647896369747445355 -0.091381841615123429734 0.85810936069915988433 0.16343370695842560081 0.48676251756941063542
-2.9257666688213754824 -7.0998006139411495852 -8.2337606110740466647 -0.81180930215543234407 0.0010134809319523525092 0.58392176684025653977 -0.44930270354778628628 -0.63978319816096929085 -0.6235419311767851358 0.37295138760737273076 -0.76855476851505699631 0.51983731135273525403
2.5217725857072754714 4.2001901292010996869 -6.5710895923884464764 -0.90009673206062523754 0.0064421766220091507618 -0.43564248104865449518 -0.26262355781841034696 -0.80584552166329992406 0.53069940841695806277 -0.34764168307720688667 0.59209078153238503539 0.72703078793928388457
-7.445752884267833771 -7.9293136976297278196 -6.7715161447944520745 -0.89441429387874638035 -0.0066502058144326933395 0.44718994361218666889 0.23370259190920056325 -0.85946716137565382088 0.45464194378808886476 0.38132160893408778568 0.51114770201886972067 0.77027388458946033367
-4.126748291111241862 5.2198115065346453179 3.4984669877855418818 -0.31040377831802035136 0.0059060203531782233186 -0.95058645757733417625 -0.75873810600885960298 0.60088993024187753456 0.25149110963185367096 0.57268314179456969448 0.79930995906310109422 -0.18203738200343000386
-6.2529872666642427603 2.9057263491031974922 5.2337675669531416034 -0.99982307157601357783 -0.0054343394945535229701 -0.018008150890149364487 0.0016314145208602551847 0.9286987238242950804 -0.37083152354374881998 0.018739371144341154807 -0.37079529166574759502 -0.92852554496250661042
-0.079368721483777632253 7.6262717003043043462 -4.3434539855614620052 0.99985211460893430591 -0.003734019181865589742 -0.016787078749537210492 0.017026380627663626616 0.35223926884176753882 0.93575509608469364942 0.0024189408662777947892 -0.93590253476879015082 0.35225075463164345901
7.3499973953086170653 7.6580178691380371703 7.8671760891195745558 0.60524489566429839904 -0.002509111439966424037 -0.79603537649538858023 0.75523348983124760636 0.31786923703471331448 0.5732203101639137266 0.25159688414129555145 -0.94813124223731415352 0.19428369819297400256
-3.4704068761080546501 7.9242778213600360004 -4.6190625373371245743 -0.24275944808937188757 -0.0077000942051806808147 -0.97005595658836107908 -0.96271164617914295469 -0.12115606819159710494 0.2418832227570634763 -0.11939068922795635641 0.99260360451168561102 0.021998809878889226399
2.0640542394619889599 4.5583202845267232206 8.7830544066284428339 -0.23981851245539645423 -0.013138396851465752174 0.97072883114287644712 0.52752701428612336354 0.83764368132743605155 0.14166267091260673072 -0.81498609207872962923 0.54605901298298042956 -0.19395160236013742061
-2.0195516389103191912 -1.2597478133318129601 6.058539565797014248 -0.99997602017297204657 0.00086390490069739381274 0.006871153282147319033 0.0034200808177431330122 0.92435664995171495928 0.38151420253645035308 -0.0060218042400315037466 0.38152855379160344196 -0.92433743866360140728
2.9431219183617298718 -8.1451215764515723095 -5.830053968758336147 -0.88154673033540098537 0.005758248959120713939 0.47206165360472385206 0.23624417638981806689 -0.86034077433393008061 0.45166629400513508275 0.40873469556304059536 0.50968676124412726214 0.75707024380530696384
7.705171495464970377 4.0503910504081801491 -6.6293719004645277337 0.84410486442508114724 -0.0048411047256621134519 0.53615626598869636776 -0.22148733460628206027 -0.91380345523998951496 0.34045059230560781316 0.48829329143766975196 -0.40612782334779917726 -0.7724181850785105663
-8.0789176258128279073 -4.4939498228142706893 -3.6644818171102944149 -0.79841757509588007213 -0.013081516853201930611 -0.60196200020848078527 0.52455122796215902792 -0.50593031691644507752 -0.68474851125657587581 -0.2955932763469576452 -0.86247515230374238726 0.41080558252914151085
-7.2365974269862745061 0.89568965932859101464 8.6248000319157895888 -0.59730846046369745483 0.0030333366385667161896 0.80200586152943154072 0.59316611624252391088 0.67471498536688290226 0.43921936098411074045 -0.53979307294593903421 0.73807214240230312186 -0.40481224167440771344
-3.3222535175825145259 1.638408187586118947 6.9963063698620517883 0.8841526013737287526 -0.0030739716893074127933 -0.46718810792042902991 -0.19691755510435188237 0.90436329789661173972 -0.37861656317345826483 0.42367163461311735384 0.42675235923843224395 0.79898984343255552432
-7.1619878067260245302 -6.9711706386169627336 5.8462804727217587697 0.87647533993962689625 0.0030299503164870657257 -0.48143722111923265006 0.4805821638893823522 0.054396066085897018527 0.87526101920833698777 0.028840288298445419801 -0.99851484084885844261 0.046220670434516109015
-6.5138386258486562497 -4.4982300567468653796 -7.9441585354361468063 0.69938796846463480161 -0.010701783934408218638 -0.71466211693889170053 -0.30138877053566276443 -0.91106122935006683683 -0.28130454203546179093 -0.64809048639972144379 0.4121321489467565935 -0.6404106598445762355
-7.286996188812927322 -1.3048271163971703057 6.2802713809357051389 0.44512995626424650686 -0.012669669184754244612 0.89537634630290996451 -0.36594860133824491655 -0.91516539636768279298 0.16897904742730088246 0.81727654023274221018 -0.40287935759174359207 -0.41200398057758663706
-5.2465868874830112745 -8.0651623324392467396 -4.1323712614939589471 -0.23056605429126911244 0.0076404104668356528571 -0.97302667935477671346 -0.041823808466726668243 0.9989672388477980336 0.017754569949629542963 0.9721574274025024387 0.044789282609405588198 -0.23000838356336245072
0.55980558906210553527 3.0714622748756972292 1.0326618449369164843 -0.99721483617405815014 0.0055845220810880032494 -0.074373272263866432863 0.026805385567817814618 0.95739819103966450342 -0.28752421654259241457 0.069599150990872105105 -0.28871701873439431507 -0.95488137549870177878
-2.8297726829410105864 6.7554986306125863749 -2.7303895143475673812 0.73993202050005313364 -0.0056770595611117082371 -0.67265769603379277353 -0.46071649082296711741 -0.73289246900212923208 -0.50060857360188459886 -0.49014377495041844268 0.6803208065866938048 -0.54490612035737528984
