1125 17.292696884352682929 17.968806560800352656 18.477561601407678893
-3.5655991255464343226 5.9887348689278807612 -3.0853268646654474772 0.5528917857066403263 -0.0075341685124771552717 0.83321900458577735638 0.077399828525073141594 -0.99517142539794312128 -0.060358103148874353572 0.82965049258260703535 0.097862507510519003429 -0.54963896312173576852
6.4123837380251105245 0.36821807458179373063 8.2401435553904303077 0.39946846037476257951 -0.0032842927430256191844 -0.9167410553624115721 -0.41331376831811400541 0.89194966076265547184 -0.18329629451720197419 0.81828887202763989084 0.4521227887270914958 0.35494831430687473484
7.242263560128266775 7.0770279846585388839 2.1090465819747405973 0.049467929389488060621 0.0051542000424298064706 -0.99876241328151216248 -0.96882657606112265736 0.24329282964191042971 -0.04672969679449744812 0.24275087946222320689 0.96993919049966226265 0.017028718497243588298
1.537018258875694432 1.5847509412399296558 -8.729817302139347035 -0.64583979405167779575 0.012936445895079452806 0.76336335305485825131 -0.64380022364837752313 0.52821309555155648852 -0.55363543755655053591 -0.41038059463105019953 -0.8490132943928723197 -0.33281255008582882882
3.452486134114674865 8.503631629439649231 5.5298546270405148917 0.90924233782977648133 -0.0087036199765026748404 -0.4161761863648900106 0.32146923681156447383 0.64984137340211367562 0.68874067630661173212 0.26445396741570686983 -0.76002002369316223884 0.59366123564170381055
-5.9736313250639989647 8.5119582476863637766 -6.3127251722420112401 -0.9658379433624195709 0.0042742018830913362099 0.25911155582005096498 -0.24333588090265378945 -0.35885965323904256419 -0.90111453120153939267 0.089133137645724891396 -0.93338174423719832973 0.34764033612034356269
4.8033229187718493591 2.8010952524134080655 0.25436102648296832207 0.23237513084227912064 -0.0046094634268947541969 -0.97261531522637056923 0.13457528647336672312 -0.99021811463627906758 0.036845321501159392086 -0.96327114087203280501 -0.13945192107989051733 -0.22948174408990176798
8.5394966653183814742 -1.7787131697702380784 -2.854107218906716259 0.94892228418806467971 -0.0089212860203123009462 -0.31538374914885780598 -0.28595902977436632453 0.39806323233924895133 -0.8716496408249214678 0.13331891036856313715 0.91731459909641754891 0.3751799493878722469
-5.207402423566084515 -1.521155021011045605 2.9673875293692684174 -0.96952232935913151834 -0.0052474256900253510999 -0.24494676441536150646 0.14370712862739576376 0.79754555626767276166 -0.58589192421414204581 0.19843062781635592562 -0.60323589929752452488 -0.77248413300423623973
2.5110539433108396423 -5.15487163574586571 8.1932333936525552076 0.22251202106545825421 -0.0016397324921924893212 0.97492856751599199505 -0.8693189580150252338 0.45234524381563873119 0.19916909808803426318 -0.441330884617497754 -0.89184140500140296481 0.099226803879295708
-5.4776318239231613916 2.8838420703067337847 -3.9782045167643822481 -0.59034725702338586295 0.019130588215891572434 0.80692263366424243909 0.80666025560001985983 0.048781917771404850748 0.58899877464537386818 -0.02809534054595233532 0.99862622892312025158 -0.044230156528652295189
-3.8260665059687055667 8.4227833294443499312 -8.5183759867975883395 -0.22844372997627501731 -0.0040664481031602393163 0.97354862551078213961 0.96527991443279625994 -0.13106703069218700319 0.22595601399007200771 0.12668128917561355395 0.99136516857586975959 0.033866702045194208015
-6.7119944997890454985 2.7291527786600928707 -5.5396809233318915489 -0.38456069895738564934 -0.0051798441309478717581 -0.92308517376906373819 -0.92210501084454854492 -0.044254465087658054201 0.38440069107065344411 -0.042841776259011622729 0.99900686260649806947 0.012242167797487133601
-7.6605885454910813692 5.7440323961746493353 0.29248168933943802239 -0.622303762935286775 -0.0087089469318092759681 0.78272739883053255028 0.22275739561038027103 -0.96056510905033809511 0.16641458462465272272 0.75041133342838339804 0.27791873905560970925 0.5997032642433317573
-6.2928880586467510483 3.8716533345214663164 7.9320388710482063743 -0.84688861699749062861 -0.0013521070919808545353 0.53176859836435186324 -0.23830123680350476234 -0.89300147650328587368 -0.3817864370314720257 0.47538635964631337227 -0.45005170232945412856 0.75595057662015507915
8.0916413571058924958 5.0338775381179843293 8.579188946760295309 0.066940310364900237894 0.0017662374662701276883 -0.997755418553715967 -0.9753542388874072433 0.21083349301693909972 -0.065064175293025092173 0.21024534128603514227 0.97752039294706360995 0.015835966657588254614
-2.8352954198381743467 2.8734123952716830175 -0.86500975077425268367 0.97989724571245684359 0.0041367380519368533026 -0.19945995899749066615 0.19504300324737491867 0.19035207589964478481 0.96214568236029474058 0.041947761909705956473 -0.98170717354948799915 0.18571863307649788544
4.3200305822030582448 -8.3413121979284650109 4.4735727107320890639 0.78104715182466577517 0.00422839494015133429 -0.62445773860444575565 0.56707040199484870513 -0.42359023309659593615 0.70640107135156882112 -0.26152725633862083932 -0.90584404568418386283 -0.33324174271913686862
1.5491981860445986907 -5.3187651005570319995 4.7082657487323427148 0.8283920511483431337 0.0073145735395352250857 0.5601009789385700266 -0.24066983434453889656 0.90756459139778478118 0.34409961243377568119 -0.50581087417200965017 -0.41984879356081389323 0.75357969061982044146
-3.5050104154266676915 -8.535380209145152719 2.2834390347663915399 -0.99450721948148734786 0.0013690410756855083026 0.10465904703232402351 -0.068737619802559754567 0.74552694840989486291 -0.66292134436803240582 -0.078933706507914633277 -0.66647407670621094944 -0.74133782788669078112
8.2906759806623107067 -8.2011050156016498391 3.7562701972212559909 0.3044039337810959811 -0.0063630264753293322433 0.95252178819828658973 -0.026248838320756084919 -0.9996539762270475471 0.0017106432055629915145 0.95218130814746493318 -0.025523316936475193284 -0.30446562483661604448
4.3647462073804650373 0.45471203859690140225 0.46066861164860700706 -0.83679163127115452347 0.00043707462650276771108 0.54752130077316141232 -0.2312112721430209239 -0.90674391880887561523 -0.35264261418239628565 0.49630747875553454795 -0.421681484854514399 0.75885677954565133874
-0.64646106133098701907 -7.0557326206391284273 -7.975219727745941789 -0.070277090057081270658 0.0034686283635120647093 -0.997521478079847701 0.83787436096906764416 -0.54245350543370174368 -0.060915922987465336014 -0.5413203172281629838 -0.8400786648047193772 0.035215779079467143808
0.083802809095432986841 -8.4498053423308778775 3.2659762774451892575 0.78506344338287503692 -0.0040562634904466408209 0.61940207990481732647 0.58508028184793536841 -0.32345112353355176538 -0.74368033083968787533 0.2033628620387709085 0.94623618479293103434 -0.25155641302096659606
2.5665277920544116164 0.52958555021655340234 2.1004399383188321337 -0.3176629710141899432 0.0072460016544808100031 -0.94817600281091285463 -0.93720407413897655058 0.14947241394164195727 0.31512937166776366915 0.14400958393022333937 0.98873934529317708542 -0.040690868825492325367
-4.3851808357393426974 -7.1887557870983469499 6.8230332656049883511 -0.15567588953660294049 0.0041553405452783472029 0.9877994485531189639 0.15031584091485220012 0.98844507567757156075 0.01953152168124147256 -0.97630434055543913185 0.15152249177629512067 -0.15450167992240615433
4.7506390491887229288 -4.0821408143111055367 1.4179683288611517611 -0.11307686922820962827 -0.010375888213229121637 -0.99353206419787132297 -0.40242421640336406563 -0.91377884669977460508 0.055344099741712629581 -0.9084428279740275336 0.40607949993561248681 0.099151742468051223822
-1.6625467834157374725 6.1136356470758679293 2.0610753083250141771 0.70559899002497250553 0.0011679977455488306168 -0.70861040145997955531 -0.65015826283862898638 0.39877844977629212098 -0.6467379540868871679 0.28182316891729192188 0.91704655485702801787 0.28213705479113876384
5.2574005090868016765 -3.0243673872971323924 6.9891402897905798852 0.76014280735060479888 0.00054952086222455343023 0.64975580833058887986 0.64070102998667499694 0.16573254366479037158 -0.74968987864592961934 -0.1080976531041591554 0.98617058463383711064 0.12562832242839150343
2.293556708848960568 -5.0933191192602533803 -7.653509557607072189 -0.80887074618156618033 -0.018951179256369174442 -0.5876810093721517303 0.57139008460151319291 -0.26112504496177574298 -0.77802768724052440152 -0.13871368782812887321 -0.96511893759194888887 0.22204492588343410775
7.4667170227024781681 -1.9864882440311366629 3.4667682558707331175 0.79142588756229215186 -0.0077533552002417346211 0.61121596018033752529 -0.59009883863627898837 -0.27054352856427227314 0.76065074757882744638 0.15946292715268062246 -0.96267652128595260219 -0.21869039811735108136
8.2456658656852859224 6.2225337827641240551 -1.1789997299908538952 -0.56483601277663486595 -0.0039221928864972997394 -0.82519385302692449535 -0.71744329265545059293 0.49641259398283765769 0.48872247580690519886 0.40771975730168091845 0.86807784958388711782 -0.2832056612562568465
2.1867302892022939531 5.106269154472458105 2.2955628691218032955 -0.92146086527957160595 0.0044747268470264152038 -0.38844542805582898959 0.15669078570058422861 0.91926525625516408713 -0.36110855198719754577 0.35546852383046029233 -0.39361321809794752591 -0.84776810691607273895
-6.5169477483939379781 -3.9217877874601216881 -3.3825459006449132282 -0.95370324137766626649 0.0019278020312762595215 -0.30074309795087106334 -0.28405430299652012494 0.32276317795340314643 0.90284942482494212612 0.098809312997430481795 0.94647779400078047018 -0.30727268854924588704
-5.3202111640747355992 -8.4704267245066979797 0.33995316327526270417 0.24884370955308743323 0.0085563090407563737599 0.96850585841843794821 0.96683565870235133044 -0.061553945416850927574 -0.24787077452689373902 0.057494497795765785175 0.99806708260459220394 -0.023589856802587187007
-1.5673020211686932157 -2.6888514392740900938 -0.084577771515128880031 -0.022986885315676872099 -0.0050310426214605213913 0.99972310752215065577 0.93187473626228967127 0.3620344896877487062 0.023248746042125022909 -0.36205121049308430781 0.93215112341633865611 -0.0036337437786951674173
1.7119512750082814811 7.3409923589575667435 0.49906970679963624793 -0.35128852121066517222 -0.022022042709590440579 0.93600822886396028988 0.51447168690692834936 0.83072731683677536463 0.21262880433341918573 -0.78225012511149827343 0.55624379070353202614 -0.28049525319882262497
5.9850028325332882417 -2.8427458615013883048 1.9785304974131925349 0.93333414818726234685 -0.0019089362226456857083 0.35900379355929368241 -0.2043646827067381877 -0.82498004904019739403 0.52691839515040339581 0.29516511360530228725 -0.56515862786305437471 -0.77037217048785888718
-2.4043626908476176673 -3.7822843642116055207 0.80535437229373707524 0.47665330230025121372 -0.0020666691573055159803 0.87908893650474984049 -0.42558177966061772057 -0.87554415757881087767 0.22869756655906609 0.76920854014182993286 -0.483133684406171382 -0.41821055075765456444
-7.5878526243602300028 -8.3319228643634595244 4.2587694086190603926 -0.2096079171230750271 0.00014560774303106307267 -0.9777855081140446325 0.93211406690193765456 0.30208339420242141804 -0.19977234350717981703 0.29534367669304639747 -0.95328149134735329362 -0.063454794081866605637
-1.9180798748446299395 -6.371936535284372205 -5.4569481230156400287 -0.93146434984594239648 -0.0062427670130915050711 -0.36377904396220994698 -0.2275802296379931533 0.79009995417474621071 0.56916544298785509692 0.28386863871151757355 0.61294623766978806323 -0.73737067047875659576
5.4119547717903202511 1.4405800790533480615 -3.9402458098329109504 -0.37399719191280694774 -0.0042237698339632027966 0.92742021770594973429 -0.57871580264482147538 -0.78035374427688586341 -0.23693048255198220775 0.72471657922970844634 -0.62532407083163232819 0.28940574670848817629
-4.7568146159421349495 5.0370922293837177008 4.4781541109347910989 -0.93940043611242785015 0.0029759677717961403876 -0.34280893256686767456 0.25812523615008892142 0.66420125309967381622 -0.70157541137302104062 0.22560625677110179854 -0.74754788408281303003 -0.62471911921209266616
8.582505079515451385 3.956947107760969029 -2.9731697672355315021 -0.57351760807155571786 0.014776638001710636766 0.81905995153039856671 0.40558331293470012424 -0.86357223764780999264 0.29957497664685556193 0.71174414609518854569 0.50400857267845478038 0.48928072633799679636
0.94159164142130657993 2.5973566813857833502 -4.9171905117864067591 -0.59596004586687756355 -0.00028090255636961354926 0.80301403775025026466 0.20339935003925016521 0.96733625492267483192 0.15129201669496014637 -0.77682709024202001302 0.25349653055971776983 -0.57643662345501311961
-7.0395912165057623611 -8.3040141772408428977 -7.9126715720806153342 0.99925281226968509785 -0.00055685886915603699174 0.038645919308736509379 0.0069045227741660209625 0.98638382641897182079 -0.16431455974450417945 -0.03802820974310990032 0.16445861755153703965 0.98565065737134061052
1.4803455441197763687 -7.3412770240847438075 5.7931033201868729066 -0.0045591267360277822757 -0.012966680004150413913 -0.99990553532487014277 0.92221821976923712416 -0.38666897991746895791 0.00080937964564390535438 -0.3866429483247247334 -0.92212741266005404661 0.013720981434079210226
7.4010882072309946977 -8.4324652801388815249 6.5685164729024103636 0.78850272016020872545 -0.0050518639948169633686 0.61501051939816520076 0.20280471511182415756 0.94617318157406749002 -0.25224305341960284732 -0.58063216224090974382 0.32362136694037413331 0.74708466925191119312
4.0014679706741755894 7.2585754029033857648 -6.3252896592288827549 -0.80855387914855592069 -0.00038344903297725038693 0.58842202327973280873 -0.57093468655540124956 -0.24147064038578910927 -0.78468179125010861785 0.14238752825248729428 -0.97040804963609694767 0.19502309863095362852
2.6861206552665466418 6.2035055026690448798 -8.1853656254421487404 -0.93866345956941343864 0.0040347136246319656103 0.34481100729944003103 0.085771672834161552523 -0.96577407094345613103 0.24479310454406474906 0.33399720029991802894 0.25935335929769953722 0.90619076645755169963
-2.991687952011164775 -8.1935430016285071275 8.3236251461435273313 -0.69876345485812141334 0.01496403628455866483 -0.71519627499935389814 -0.46960929448887317461 -0.76378074013684127408 0.44283867437915952481 -0.53962648627042775207 0.6453023001774087497 0.54072931925424960742
-2.0396211417972538449 1.7251003287008546128 -6.5535753865346029201 0.96271373728950193627 0.0078714731968921331645 0.27040765511345549177 0.23547698013556833674 -0.51642580822263939311 -0.823319486242913956 0.13316475457306098384 0.85629575761616094631 -0.49902377060435870737
-1.0910081788511489798 -5.0834683700813201312 -6.7537408545799229032 -0.72520781448977511552 0.0038577355904753796861 -0.68851923987579466413 -0.68129466142309036414 0.1405679208916291445 0.71838586005900506581 0.099555060743321599492 0.99006352194824587265 -0.099312700034234854818
7.6144532545092671327 -1.5831057708989004773 -6.8977992059212445142 0.990464309921424646 0.00062810737604899048551 -0.13776812495304815998 -0.10399875291055926674 -0.65245347157089028656 -0.7506588618195041418 -0.090358785765383767274 0.75782852474426254386 -0.64616655509145770608
-1.4513501136616098197 7.109732933316692538 7.3022982187258236308 -0.015453281937044961725 -0.00032441942356984158034 0.99988053827909217919 -0.088652079541115841321 -0.99606121372921241353 -0.001693309469979189727 0.99594277188544444446 -0.088667656199970884545 0.015363654305614047116
-7.4255578333142429059 -0.69956631948495839879 9.0820277769019739367 -0.47359857108823799621 -0.0032853718082298749917 -0.8807346931939633583 0.87184446069178855865 0.14002456286888853576 -0.46934034362491949821 0.12486644795133758357 -0.99014257969495578227 -0.063451099679757941296
-2.1157833023671339667 -5.2503772932521517447 -2.073584893456524636 -0.70455322165384004496 -0.0071068223549169660946 -0.7096155655940317164 -0.56260342643716587663 -0.60387225655455356588 0.56463765578023239478 -0.43252993239595721731 0.79704942810332801706 0.42146182121483610761
8.4263599580988852722 7.4236355626922216899 -1.8664386841968059194 0.34070600893378055751 0.00087787626534877646195 0.94016947664222272341 0.40653013310862606833 0.90154359785298776586 -0.14816339644103446171 -0.84773384169263354959 0.43268738195577260974 0.30680443794927447776
-4.137665691771442944 -1.8673898431756292826 8.2847231368086760028 0.3109453544629734445 0.0059522609148079204042 0.95040915248524859837 0.43000889596790781155 0.89089771364438330448 -0.14626555716077885294 -0.84758795173479961615 0.45416498589515535977 0.27446098021487524976
-5.7978228664951325655 -1.5413225451833727497 8.1376128596379260216 0.54012549166018053448 0.002042409685697100033 0.84158201134614973871 0.78669414448053676114 -0.35645834660727959697 -0.50403350104364919027 0.2989594893943381404 0.93430898299062359325 -0.19413899145798055312
-5.2039755412644961297 6.2570448160138241178 6.4858807697160036909 -0.99765924587506193966 -0.0040365022589337719652 0.068262257286964611591 0.04831900261875225755 0.66475710127834930496 0.74549531875510832712 -0.048387013818987266445 0.74704866170122974367 -0.66300602858835055997
6.6737725783272008329 -8.5992002223947103801 -0.92163021331506012057 0.94500441050991468295 0.0050088468071987990796 0.32701922813560202474 -0.22909131630891088616 0.72374380077751088169 0.65093170120065668716 -0.23341772192482990178 -0.69005059400716373119 0.68508856712231613884
1.6153969047380831725 7.3496381032252537935 -3.313087081953846269 0.60446656045451885308 -0.0083264057486886460663 -0.79658699980554936726 0.58787714014693515097 -0.670151189543625736 0.4530980591946167646 -0.53760640377959545422 -0.74217791271412325571 -0.4001890809288906059
-0.494027946705580423 -7.4401274111246236131 -5.2948049627353839242 0.84980646219571442934 -0.0050192406871059557991 -0.52707094781731256283 -0.48246954521350265965 -0.41007700335839614159 -0.77398965707433642347 -0.2122548344601302428 0.91203709274319499922 -0.35090771822346600306
7.011978668419286187 6.2358090190007890996 -0.70926867526333303715 -0.57617755848431073673 0.011496614644415729597 -0.81724369006491059952 0.37484414159060641669 0.89225979127120180756 -0.25172273317226240286 0.72629972505445672404 -0.45137599928678290295 -0.51840950671595575905
1.5547334280907831872 3.6785698291865989162 6.534622802661719021 -0.25996334728119291357 -0.00095844964306559046752 -0.96561800907222594681 0.96232592736300726077 -0.08276744950041797777 -0.2589949011623758901 -0.079673506231894453133 -0.99656842749366869594 0.022438844159651378379
-8.0710614828052200664 -3.8149182403452521761 -5.9360978017651220284 -0.18678816510793977423 0.012961590547378812679 -0.98231470443340807019 0.61101598962786496383 0.78451174666381628953 -0.10583373642387872149 0.76926565099092214517 -0.61997848068877192684 -0.15445724874045710373
-0.4138216732972301859 -8.2099150041713695458 -6.7717495392503437301 -0.99983383207337372944 0.0019991849252534677969 0.018119368124435330375 -0.014186037834526002421 0.53890012366638440078 -0.84225020809916639752 -0.011448343642398359915 -0.84236729517009345525 -0.53878221523714231456
7.7654067458502034071 -4.0219132391801828419 -8.8697375512250147267 0.99320965824681550771 -0.0083582128301822582878 -0.11603755876132043623 0.10011845451234370474 -0.44658936713445740452 0.88911992004906481579 -0.059252593454429770825 -0.89469999298112112829 -0.44272006135727853815
1.9123248252025635274 3.8318368848248218761 4.5246818554341858842 0.96658724994732636571 -0.0026503916700912227324 0.25632413788594782256 -0.25629852726279134245 0.0075195509262154843627 0.96656842555325117594 -0.0044892273121535644295 -0.99996821538366442716 0.00658901056892469833
-8.0381872459806320563 -4.8931338497417575795 -4.1900103691589514199 0.11047383443473651754 0.0064450579520551627005 -0.99385813531591593595 -0.98903619114798235756 -0.097883152907615483818 -0.11057260500138260673 -0.097994614674597552151 0.99517704435197074098 -0.0044391316595675748419
-0.41789098951594721987 -3.8834225865154392565 -8.7604899766711472608 -0.0039123426530159322034 0.0046934493887645922783 0.99998133237959418995 0.86822868218305815358 0.4961630927142148817 0.0010681116807146825987 -0.49614881740184502146 0.86821665323859820163 -0.0060161474081888372326
-7.7017010980157829536 -5.2752861663844621276 3.8826599557304009025 0.46020189986962511952 -0.0032654370957943866863 0.88780828351427365508 0.84183961221917602558 0.31922941451422270909 -0.43519954987047149153 -0.28199340179292803343 0.94767184079162614108 0.14965895735223394558
6.1970811565261758602 6.1475058311165575731 6.476256632368697197 -0.90107748341505988776 0.014363180553031571624 0.43342019787647922957 -0.43254713322007115606 -0.10126380193286414755 -0.89590659109162507079 0.031021708945020969733 -0.99475592054671491127 0.097459284378996063891
1.7522908140413651079 8.3915511667650086736 7.9485670529590422007 0.28289588224468115163 0.0081300445295021620679 0.95911616720039061246 -0.87630181815320629113 -0.4043576371255723223 0.26189697363549591103 0.38995518115570532158 -0.91456481655165189348 -0.10726673769409603154
1.9034377780399562852 -7.4543883730492339623 -3.2925560782743739097 -0.098057447497790703461 -0.0045288991730122549889 0.99517045075829391187 0.97110480800141385505 0.21819393460679728514 0.096679153789318433843 -0.21757800639491109429 0.97589492055915838531 -0.016997504525127656722
-8.2768807893229787709 6.0909758415370625073 3.4141780864176842769 -0.11911647992156815246 0.0063855950736016724861 -0.99285975262684089682 0.22501059402832543355 -0.97378854343235454749 -0.033258160725982421901 -0.96704782549076850895 -0.22736555775976149962 0.11455743694091603813
3.8681369606465509925 -0.83424918126515490435 6.2216686362579620706 0.19516467971380058177 -0.013708574382396788993 0.98067467734232782739 0.2660060922310477638 -0.96168305792317865244 -0.066381134363821925337 0.94400821325262329609 0.27382069149689436394 -0.18404000168422984807
7.4955826907648095414 7.1907689401465990642 6.8031408548489080701 -0.88379387423548416702 0.00065729985365737750302 0.46787600475024004876 -0.073340283268371567194 -0.98783174220031311208 -0.1371482845371582715 0.46209262135880113664 -0.15552497245883367682 0.8730878490892942656
3.0475604825675910448 5.0317017172946671977 5.8078675411582416643 -0.99424331136261423492 -0.011876231448240563704 0.10648564662527559843 0.10634675663411685687 0.011771879562562218013 0.9942594179613405414 -0.013061591174548747851 0.99986017921418512966 -0.01044111382183916803
-5.2685531843268202934 -2.7308000262504221745 -7.4315097074810294586 -0.27723504814976313027 0.013090696459927390199 0.96071294450718125457 -0.28426094911681676347 0.95402574858686395309 -0.095029384091486146513 -0.91778888688236293092 -0.29943864930859126483 -0.2607682005451651408
-2.6226670411332650978 2.7049634407002178804 7.3108901333516360665 -0.95357662590107505896 0.0048423493655287957321 -0.30111155771203140796 -0.11630446574581793096 0.91637398761330857155 0.38305611347873796957 0.27778569038512868072 0.40029397507136571521 -0.87326962831576260271
1.482336005749080865 1.4577430242056030885 -3.0272362623562067974 0.99840137984045906894 0.0055463318900150753582 -0.056248759410838393424 0.00019851610419138136093 0.99482359272616538437 0.10161682905263710874 0.056521193583115435233 -0.10146554862584741818 0.99323214663949621617
5.4633752528918027025 8.297143305861284901 8.7732016130991326008 0.11618987243722748992 0.0030189034890286793947 -0.99322243216950489852 0.28222156523903840775 -0.95887691892724380427 0.030100539234280503792 -0.95228719494527169775 -0.28380616725134460987 -0.11226378656122647237
-1.7149894857504270895 0.6128189194878896906 -2.8029554321438920894 -0.99810896506709489984 -0.0086628450678185552059 -0.060855969041645349704 0.060130406758518384347 0.067919044780412801687 -0.99587716990563690533 0.012760408915976788335 -0.99765322556061142301 -0.067269707096274555802
-5.5451631072257789867 2.9986899310572820987 0.55147259539214010804 0.99519266837713604712 -0.0037108637733459645322 -0.097866144801887128279 0.051303947831456739315 0.87095280290916221588 0.48868100028679789526 0.083423364504530916896 -0.49135266824804629815 0.86695622591911036814
-0.92986285092633846894 -8.3231665899733950909 -8.6733840427023665143 0.022239826961131553551 -0.0051858949769340466004 -0.99973921429040690789 0.12650676909069807907 -0.99193380912293382945 0.0079596289696406870295 -0.99171640476050537671 -0.12665079870399770234 -0.021404385453580893062
6.2579762349307266334 7.406481984835789234 3.8104275693603470998 -0.3007207125256777247 0.0092697283546312250757 -0.95366719834246371779 0.87775090600718996825 -0.38838263969617103921 -0.2805570747395614295 -0.37298847175468741177 -0.92145157079424344637 0.10865819168033694075
0.68009233255608825264 -4.9770900887934930168 7.3505280394315697379 -0.48179923282072995017 0.0027301806330636332193 -0.87627737923951654064 -0.57001580413483698972 0.75853137776165902029 0.31577227868778146025 0.66554600313551803836 0.65163079659024147894 -0.36390358976678865988
3.2269517981171604859 8.4269967862614123533 -9.015526442001325691 -0.51807478395209138888 -0.0017049286472820054245 0.85533362581603367136 -0.83611718513045829582 -0.20977970801247444732 -0.50685355561135803093 0.18029578742383656209 -0.97774718988317455004 0.10725605676457805604
2.3009922902971950975 -1.953228298301763699 -0.10235250167781811959 -0.70964254215690758532 0.00015273319338754594299 0.7045618773632245091 -0.50946325525674240886 -0.6908626787073404163 -0.51298728123854742122 0.48667715572461811568 -0.72298598592359142323 0.4903433595492087127
1.3859452946140662366 -7.7106912487951095869 -1.0000490410134978969 0.97289069765920155319 -0.012252097479972702196 0.23094063418049021186 0.22564681437783454254 0.2690709338313869714 -0.9363142355684793694 -0.05066759881240180674 0.96304242828364627904 0.26454125530088573592
-0.62598795449038957539 0.68974347371595345901 -3.8748159420348731174 0.99669415706372344044 0.0038488534799115026348 0.081153826784232913072 0.068469315975524663864 -0.57749169652076626225 -0.81352030903951688678 0.043734540636373477052 0.81638748568111574322 -0.57584612804012791365
6.849590038993799368 1.5730505736555382423 0.72212905341171751417 -0.264914410471998929 0.0080829626149699629334 -0.96423805195597389606 0.47227900975952313845 0.87290426624007688705 -0.12243642807779800408 0.8406978601525973982 -0.48782456651483935284 -0.23506233266921444658
2.6579699477764142657 -0.50673418032759653951 -6.7047937007222735417 0.92392000997775203253 0.0089028023757065054278 -0.38248209797624915796 -0.20176027273549818064 -0.83807399252852821103 -0.50687747572069186131 -0.3250609289167013527 0.54548393482940815691 -0.77251709970377813175
-7.9552610429106502821 6.1067333221119497466 7.3982795337616584774 -0.98496595829508526432 -0.0055218467451001911409 -0.17266027397434632884 -0.15781107247334877353 0.43532399585054321056 0.88633440869784929639 0.070268957621322528095 0.90025692324206330053 -0.42965072529844006155
-0.83211989785221851523 -5.1429253166539821152 3.2155409753471433376 -0.44559981428049605379 0.0015811407016384426347 -0.8952308671551645336 0.39927133240777651357 0.89538382475266042881 -0.19715529282469435035 0.80126350761187392635 -0.44529238300874651735 -0.39961417017403333407
-4.4458018276816266834 5.2423478770892018019 8.6286017893680853064 0.80104761772364097006 -0.0028876556241730147456 -0.59859366483807052717 0.55799868934677965271 0.36561388317421789074 0.74495902646894829324 0.21670296912232017705 -0.9307621338854717985 0.29448543817692418578
1.2275821921045912966 1.1433313997801652917 7.1959297031218412144 -0.99970350779610961389 -0.012284799254401517973 0.021023325313128678193 -0.023340977939437759087 0.72938957355464195675 -0.68370026235087344446 -0.0069350738116909869252 -0.68398825552564024299 -0.72946005446089812185
-5.7996264258119714086 6.2235077806546144075 5.0576846977733991295 -0.96046328902586675103 0.0026207956313572637608 -0.27839432800204200191 -0.11547226861995152358 -0.91364001161986174715 0.38977953300156653604 -0.25333066457327502174 0.40651575688701563349 0.87782031976318775079
1.4492095635169024437 3.6911045643697746321 -5.8439486321848210792 0.97758086944761679593 0.0065031480871125960444 0.21045986019830065228 -0.186273689711346363 0.49272970653378050931 0.85001149922858099117 -0.098172074497533720616 -0.87015811515150109923 0.48289450030463310082
4.5813581021656117898 1.3989649141978961477 -0.27539438784108044578 -0.87240508247708392631 -0.00013303289280003523232 0.48878354551947789108 -0.45764676879436394508 -0.35098589913759087322 -0.81692614942768049247 0.17166481025654733994 -0.93638073501593044323 0.30614100021173984434
-0.80686713628053430281 5.0260012763268981928 -3.9600285532623544782 0.93485066333684962991 0.0052435106127162560419 0.35500245471700536681 -0.10690292237189219504 -0.94933138855924248389 0.29553625815490569551 0.33856462078461213583 -0.31423306683466167843 -0.88692253171321877581
4.5375086167336124987 -4.0239754567939023389 8.0141406478031562699 0.92804496614430076473 -0.0034329640103626488275 -0.37245235342577004412 -0.27080774591734968482 -0.69276082731333021858 -0.66839030580306102447 -0.25572584062924313963 0.72115924101308104266 -0.64384287177532417701
5.9674069482910008233 -8.4848014970382674704 1.7457433212161510561 -0.79549293392835274119 0.001116136273062910602 -0.6059618356877449763 -0.11615933141008484564 0.98117223702346101355 0.15429857750738704136 0.59472514811177656924 0.19313154981571806212 -0.78038593187528371153
0.96966260091966161028 6.1084195271209313916 1.2538686639815885826 -0.93994482540152635153 0.0051909384214713499839 -0.34128694577919926889 0.21899916784247508428 -0.75776883250171322981 -0.61467532972578942108 -0.2618073522369417927 -0.65250245259890449212 0.71112408176569841256
5.5192019675735428663 -5.2622416107715350719 -0.27181417836918408959 -0.65925812297880281854 -0.0043975386291647440562 0.75190384288175882155 -0.72600146962325462496 -0.2565481426842801671 -0.63804773848829343663 0.19570537394572593004 -0.96652144939432582671 0.16593882749239799446
6.3931023581949544266 5.1587465237122742678 4.7186521013267723745 0.8304992471288652478 0.00051747119485519126048 -0.55701950840355540784 0.22952881728163596065 0.91083575113328230088 0.34306669394585992405 0.50753080946480400026 -0.41276866000364559328 0.75632963102275607703
-3.0661398469164988789 4.0175650846513457637 -7.7710024532972603595 0.52298307507448660303 -0.0063414294603433805919 -0.85231947616959269354 0.84213262798406929299 0.15816125546780795963 0.51555567512477185055 0.13153455846403055984 -0.98739293269767836048 0.08805598439883893791
-8.3270273796699409985 0.45748268392927393666 3.0923552799725677609 -0.98923829031330612338 0.0035363474938104608528 0.14627063691816033497 0.047805062155582667138 0.95265339760140954617 0.30027683905185698077 -0.13828333598197467547 0.30403782377374211077 -0.94257027361593825887
-7.4774553673656454222 7.5138852635045569883 2.8202486375217956649 -0.31556616322506675365 0.010991962653809072073 0.94883990924942895884 0.63443394466400493403 0.74601921656879788269 0.20235834148439313385 -0.70562849041494835056 0.66583369189864161086 -0.242392096090888437
6.5584655864102323619 -6.2410329737001157824 8.6020044244860223159 -0.4647864135543530173 -0.011004648638975291636 0.88535444172560773257 0.80104786696419982839 0.42077608714308811777 0.42575791163563658781 -0.37722129394702869076 0.90709777984328943123 -0.1867557581339336914
-0.011639383276728166097 6.3257049571159296164 3.4207826011603215122 -0.64635115021447853145 -0.0011306412355453435842 -0.76303925997750332577 -0.50227003718559593004 0.75343027139032081596 0.42434377089569436103 0.57441709616070379951 0.65752684188774779273 -0.48754840973493340783
-3.9911860319835472666 -7.2904383333602673645 -5.9860644533851896654 0.60284466240320233599 0.00024628220937396218954 -0.79785854157038715861 0.12448231814604085455 0.98772473239931712907 0.094361037908956141296 0.78808785391018787436 -0.1562043288495340021 0.59541392507022772307
-4.5199526599384425296 -3.7222148526318079576 4.6329536555870873826 0.57519693300523633273 0.0048545351003791703537 -0.81800056341700355667 -0.57275895624930150962 -0.71156222260299706317 -0.40697221207405465115 -0.58403395988381912041 0.70260631711725518578 -0.40650792962647230855
-7.135610585292226915 1.9878297695608246887 -1.1917820612983460737 0.1865515119841451297 -0.0021151401433061414216 0.98244290396866496007 0.68702143786362279698 0.71510997905310924594 -0.12891571577725219333 -0.7022820496724878625 0.69900875820040786479 0.1348579944500133132
4.3936971514416702789 -8.4724979487379563636 1.9944572838159755346 0.77662553882991902654 0.013794283210485657615 0.62981147194046027682 0.5898031589866764568 -0.36716875225416378825 -0.7192491508630699526 0.22132556582191742489 0.93005205505855925718 -0.29328854187442227053
-1.2551642371678553012 2.9116118258230581084 4.0550356434838965569 0.96401986282263052441 -0.011789449292575566661 0.26556865961345021976 -0.12869503411300572959 0.85343975443655450963 0.50505264452527609542 -0.23260114418920568857 -0.5210581488017167473 0.82121563142040976402
-5.6578601313561653896 -4.094299608816363012 2.2407694824325066207 -0.99626619740382793555 0.00094272342342611331091 -0.086329457216000674014 -0.017243328630987313221 -0.98196597623622827733 0.188269724417348433 -0.084595103453974307417 0.18905536963271935003 0.97831576481452997562
-6.0454523838304474737 -8.4320932921688829254 -6.7396057947524248277 -0.98280960958308194453 -0.0026337146490261610469 0.18460318214532753234 -0.1615248215812161714 -0.47199730077509571835 -0.8666765717808785352 0.089414782470176784601 -0.88159605920623862474 0.46345807261030169677
-6.9548796283779985572 -4.8873467275216828654 6.8512942418564497515 -0.08548125513976750911 -0.0094088757896203766007 -0.99629535182901707291 0.12654727233691362431 -0.99195945915795802339 -0.0014897152049708536209 -0.98827058181653992808 -0.12620580194152608566 0.08598460718343318987
-2.8078665305232104465 -3.7655361437693688487 6.1286649529890340204 0.90429877731312680034 9.986875108229480158e-05 0.42690011873477928805 -0.4258003687283027916 0.071944379100344374445 0.90195235589624889183 -0.030622987124822240168 -0.99740864059922818008 0.065101738205998432862
4.8739677858664496313 3.6904365008526878178 7.7453358864719552557 0.08541669101647568485 0.0031268576697384099436 -0.99634040952727986884 -0.66977190254268359482 0.74052012020881619048 -0.055095826796438769624 0.7376378430234123984 0.67202691488298793576 0.06534705970966420141
-6.0397311328881917447 -4.9485255137980752593 5.1172552831502953197 0.063305433997599303009 -0.0050163449596702432837 0.9979815921696465475 -0.96829599365765406382 -0.24244252626230078373 0.06020373846926847794 0.24165117564891588908 -0.97015280123418545788 -0.020205236071771093959
7.7751605932649168196 2.5736964786261191662 -1.5768224913218897854 0.68048645578429156622 0.015279859659610463274 0.73260133045393949214 0.54980938198875162204 0.65027725618172860234 -0.52426055885387023991 -0.48440461080700625285 0.75954329434306933067 0.43410385513981852856
4.6505547304499179617 1.7970081599082898816 -5.636020322261481752 0.2638816269347246668 0.0013795906247066802488 -0.96455408541765952357 0.12239663748283867439 0.99186732402651989204 0.034903791503605702262 0.95675783252574619908 -0.12726864601371812302 0.26156670591400837944
6.0743365506112390051 3.7614149424835829905 -6.8443199024770802197 0.35201397320225313869 0.0062352929264359669217 -0.93597397602323118004 0.87543282473800887455 0.35166329213553304545 0.33158754249162419869 0.33121523521968276871 -0.93610579000805693717 0.11833181259450673006
-2.083676793538460803 8.7426568222257383667 3.6440190695172334223 -0.66439926921693004402 0.0052678339487836657595 0.74735925831523897234 -0.65577852122824553671 0.47556712606239159857 -0.58633645605961037806 -0.35850821770165702818 -0.87966366216527491773 -0.31251191866223732019
-5.0627046184241004667 6.2336897367962205152 -1.3863357703123213582 -0.39161703731747804502 0.0094038450867400917577 -0.92008024855455350366 -0.30870509660114736628 0.94064740408033054031 0.14100930653474127996 0.86679712702288214121 0.33925510887015603023 -0.3654705346403868127
3.9473967421304614334 1.8330076072892340644 -7.3032155649880259318 0.54366671558954504651 0.0075831886137296029837 -0.83926694061587825413 -0.096606546440666268838 -0.99274755272123105243 -0.071550483928145461321 -0.83372278219132789356 0.11997829727081421591 -0.53899121573446695521
1.193959125380206876 -1.7762906707321328703 8.8481777292217351771 0.033508525091443995547 -0.006826683682336100005 -0.99941511652374470653 -0.99202475471149875741 0.1213457221220657356 -0.034089613697517472113 0.12150746802362691334 0.99258682850037394108 -0.0027061230311110793731
-3.8009202848090484217 -8.3916409020030826582 -6.0253423936037791009 -0.95559525975323877933 0.00076482761455587714924 0.29468137806111460719 0.27839768177137047545 -0.32548164462544815212 0.90363511983332633903 0.096604504665037296829 0.94554804957269911192 0.31081579050567492706
6.2584858923164716771 2.6543870763464432194 -4.2340808609988993538 0.59859177452753209447 -0.0062774594704226548136 0.80102963801007587286 0.52882292401731278986 -0.74800636874661619036 -0.40103963313994667184 0.60169278082931987317 0.66366186105391888894 -0.44443079515325878415
4.9746697074192365307 -5.1899269920461534866 -2.7892222150392851354 0.78460640000994386067 -0.0032548130089188227754 0.61998564762087315927 -0.54796402734448146354 -0.4714587933282276544 0.69098627405313650662 0.29004865419441266949 -0.8818820853070375998 -0.37169310703117147687
6.470262537946445569 -0.65213245091008487098 8.8964099418149995557 -0.98923624109750218913 0.0051784388101818144834 0.14623557389040811594 0.11763392242516747255 -0.56623475397713118884 0.81580663375797524139 0.087028268938360228701 0.82422775199589803918 0.55953077953371810338
8.2243394120736770248 1.501574930878764258 6.5177546641895967028 0.19854529553440758427 0.0017625183611743484857 0.98009012807514395149 -0.17973487172033777992 0.98310491456715809466 0.034642500509039400591 -0.96347036358603321826 -0.18303447894551674868 0.19550764181548888065
-6.5051503500313465622 -6.0016400340737812158 4.4696081625225874134 0.48399151064045076165 -0.0069843538447511375328 0.87504481966901104251 -0.10995961882134246135 -0.99252746860672891316 0.052897129313652840876 0.86813656751498491371 -0.1218213563475028377 -0.48114286576956627473
-2.5454181587291100364 -5.9495796267514409195 8.1461951192767951824 -0.12503645359870846354 -0.014705594452623271112 -0.99204315972809165025 0.83299139012980227825 0.5416199633808885805 -0.1130184022032496155 0.53897238263269142688 -0.84049483089362009292 -0.055472605853559397993
-7.3015768111192134171 -0.75830000347364689972 3.9174294369600723975 -0.88804115529632920989 -0.0070685599036186619673 0.45970962787465141641 0.41957843257071536502 0.39635606083912855446 0.81661240007563429266 -0.1879809709021831865 0.91806966429396141827 -0.34901467889172399506
-3.4570050775171896618 -8.3697444756437047175 -3.626591648895273412 -0.8849170683079744526 -0.0036643515396602662805 0.46573421040837986729 0.14007895569197115204 -0.95576403708126889125 0.25863679474182688089 0.4441842730098986558 0.29411167598342691232 0.84628520822524411216
6.2163291724894138568 3.9130485886905934656 1.9707139342494450762 0.85346397687871211613 -0.0062592825391534368668 0.52111424999919997436 -0.49069519931735011697 0.32717238566063594485 0.80757442469901996596 -0.17554902886958095865 -0.9449439408996301859 0.27615844549795015572
-6.9833013879332286322 5.0251921951450047032 7.2412581344018649432 -0.80986385529754689738 0.011687938377604758372 0.58650143050051284366 0.52854649593831526388 0.44825816296801418437 0.72090444648642026948 -0.25447816706762366179 0.8938277302866335372 -0.36920570290405019254
