1125 17.292696884352682929 17.968806560800352656 18.477561601407678893
1.0881788497413784622 -8.669695605525266302 5.5173483184683158598 0.0095200254143023264886 -0.004562116446125356016 0.9999442765522194021 -0.43636855484848485753 0.89973010791509144823 0.0082593734953151261291 -0.89971765207531839703 -0.43642286833365684373 0.0065746893326232881682
2.291519787210206438 0.14937189193449712521 5.5894786108209437714 0.13568620143728518657 -0.0053065648137953988495 0.99073765200954833077 -0.82441082646416719015 -0.55521301700127823064 0.10993313859185879777 0.54948707350388126258 -0.83169125649010722245 -0.079709534749370369866
-6.5260522271030181329 -7.3810828587668897427 -7.7307873208493509409 -0.49142811181668544229 -0.0011893138626954385256 0.87091733043316355012 -0.48043571645402671777 0.8344498920734887415 -0.26995351446846244103 -0.7264158129279624232 -0.5510825375126248149 -0.41064352372511309097
-1.9685896495115651206 2.0305361322372186272 -8.6722460983922395883 0.22285082801779271255 -0.016549273056315559616 0.97471207544249827137 0.81857404402385436359 0.54616428242020398365 -0.1778794846493414461 -0.52940914508783087911 0.83751459579503251263 0.13525996794245764843
-2.5843154260711371784 -5.4796662252523722358 3.5349444908569060964 0.1356553983138487629 0.0042318649704023913669 0.99074704351174058825 0.98814994614155970964 0.071905792969159179617 -0.13560693521496028358 -0.071814322034432165331 0.99740245049644060682 0.0055726918438707825562
1.1995884783440025068 -7.5922978249563870534 5.4944343055260045361 0.7894516483117409722 0.0021181116620346135404 -0.6138090978315114965 -0.50248679905041204741 -0.57208479851607518807 -0.64824840924374338424 -0.35252391657585213647 0.82019174399014593835 -0.45056896401346019365
4.2383706876591338286 3.6430751609926219636 6.5414739376249899649 0.55413169639171522274 -0.0032739113160193669336 -0.83242257571417643813 -0.83128416710938002332 0.050251502883185014681 -0.55357151296919115957 0.043642829504000259233 0.99873122909171829775 0.025124399897340776722
-1.0675566001971441565 -1.0330009254550374109 -4.4018155462472323691 -0.98317551145140358315 0.0030185305081117030576 0.18263844654385522071 -0.18107165729119326092 -0.14781487063317977348 -0.97229821502743529749 0.024061766523618362268 -0.98901044104360724685 0.14587453135648442704
1.3704036802550962904 1.304606182932190217 5.5992523702150647225 -0.9989818189778825186 -0.0054526972473418937673 -0.04478385249493153919 -0.018312238499505327505 0.95622454368828502247 0.29206041150643624604 0.041230901914668952046 0.2925831337260522691 -0.95535078509755655407
6.7395822785251970899 -2.2343055692853250882 -2.929123147951607109 -0.30086856884197349382 -0.0010510120634762906699 -0.95366503535397306734 -0.41624759334400257549 0.89986239850058535872 0.13032883334232367445 0.85803032890358599261 0.43617262538906464986 -0.27117779323358781607
-3.7588714639478628676 2.5142285052374750975 -7.8464892436352258187 0.9680947027821531492 -0.0010793841985296467878 0.25058228463938836406 0.089717702802082036073 -0.93220703924302283916 -0.3506291057365114594 0.23397303316679676777 0.36192384684555034546 -0.90236785671669539344
6.4812572416642675321 6.6200077989565224712 1.1208579922479275925 0.18829568615284228428 0.0068661848433193726701 -0.98208838201124082357 -0.023946242422482083567 0.99971037116744942974 0.0023981772858832203429 0.98182040722837227165 0.023065760038303427526 0.18840556961996332563
-0.069568804961906136053 0.46967238336286382117 6.3991033151738445639 0.17267097768775557798 -0.0024788379208087549938 0.98497644074721679708 -0.72226812050823496758 0.6796034620370096091 0.12832730218158489022 -0.66971150173947779916 -0.73357548333504218885 0.11555740862382175849
2.0338859712502288524 4.7228733558950439786 -7.4841163990208228185 -0.82052443772288685686 -0.00040064852951937970915 -0.57161130725373920924 0.42451463448346221652 -0.6700923660554739536 -0.60890356056060934709 -0.382788417025438088 -0.74227761682202531013 0.54999724304428765365
0.67917951908092055735 5.6348057630640049354 -7.5400494730723286452 0.85483261925809328474 -0.0069439289849737408436 0.51885737433560030762 -0.037981307511840797786 -0.99806562954879640692 0.049218079943584451541 0.51751194511039488866 -0.061780101682552976405 -0.85344279580055470991
-0.9901438141038079177 5.7723293279449752191 -3.3585047356611998914 0.40574331439395794341 -0.0051985353543597817572 0.91397228516772444085 -0.57312640030828698734 -0.7804040039249960925 0.24999143970841947171 0.71196804148359460473 -0.62525400109720397079 -0.31962312497339451234
-5.8120913033186676344 5.7550917496949081098 -7.1917667696954792333 0.593447593989199218 -0.0058358656388574495569 0.80485147441037541149 0.78359573887144007287 -0.22421543689214373796 -0.57940068681477840951 0.18384142952750745503 0.97452212931827475462 -0.12848715211173408757
4.3789133169766758513 -8.7724040984591802328 -6.9221102049264207068 -0.82282482585508243123 0.011544665033629279011 -0.56817781254276966685 -0.55134002074528798421 0.2261788285755575445 0.80303631239743034076 0.13778057730005024983 0.97401738085798483802 -0.17974051937545956759
3.7012255603188175535 3.3291851899677036286 9.1310260705406420811 -0.61538535407446404157 0.0017389289043493671386 0.78822448713340587112 -0.786481086591464984 -0.067864357914132131255 -0.61387452248679064137 0.052424864560748088427 -0.99769304149671933502 0.04313036661815288636
-2.5772895185623525549 -6.3971242329469593102 5.810244775717034571 -0.99843903212594653507 0.006034037908046622177 0.055525575313196885718 0.054449632898229051448 -0.11625646315685732313 0.99172560330555259434 0.012439316885328058002 0.99320089869119732029 0.11574643940367521089
-5.2955773957770508886 -4.0702962995817335567 -3.9223994191148712218 -0.5866954084438523731 -0.012178749548501451722 -0.80971610813307492993 -0.80494533485786690097 -0.1006367160358423718 0.58475230591757743071 -0.088608721925528655117 0.99484869675993203852 0.049239871585601467652
4.230214274810099262 3.5516701057789004103 3.5297035060115771188 0.14037054861260683802 0.011673258682831415267 -0.99003022383859529132 -0.94695312006089860102 0.2935484575491235093 -0.13080172582041971197 0.28909496275323892656 0.95587291943141383666 0.052259586761614129635
-4.011166359944281723 -4.2821838883329572667 4.4600199767579775667 0.07522979366521075073 -0.0057237519125985219376 0.99714979657492608389 -0.070710160681744516076 -0.99749682719969778866 -0.00039102808407578222225 0.99465599647401758965 -0.070479205377416587197 -0.07544620790922786091
7.6862900801859588285 8.5909309173552532712 -5.7114400754229164292 -0.34063150505314454541 -0.011751514024527473165 -0.9401234385353444134 0.43890918112345422841 -0.886267178768633479 -0.1479500542860118506 -0.83146191042696904194 -0.46302525822657464305 0.30704837038055454723
-3.4596287257670623738 3.6849966624572134677 -3.0138247096239152434 -0.1517369671835818723 -0.0095494989380238981536 -0.98837477702542986258 -0.44904279907947969308 0.89147154219529489705 0.060324572528904045476 0.88053191730055346831 0.45297604409732150632 -0.13955732187605940364
8.1868952492357571771 -5.3491901507126264903 -5.6880132220297161538 -0.2172934329077511606 0.010066791579078094784 -0.97605441637363488105 -0.7238445819018957117 -0.67250911822994174916 0.15420929657192661288 -0.65485310205183033805 0.74002036837180040774 0.15341860750347099951
4.1730813646611144563 -2.0423478504738774575 6.5477597795605815278 0.96636952099344408662 -0.0025067497272297303845 0.25714522181163640413 -0.20632087436887025511 -0.60443244444342170141 0.76947587155402275005 0.15349803156541519389 -0.79665245641348114702 -0.58462228660531312396
1.5372901954997406637 7.9804306191191800579 -5.8839428141094147762 -0.12369409563444656863 -0.0078094726838287050613 0.99228966680192698391 0.34253231786732873942 -0.93884228845492256887 0.035309610943421346207 0.93132775214828811272 0.34425886995836169069 0.1188042445935326985
-4.2739684028112661096 -2.2860675184259369175 -2.5998700697901995227 0.38321239461092032608 0.0037205596094346000263 0.92365275837419114069 0.78895497120617319453 -0.52132218406466235283 -0.32522797206102233014 0.48031064325635847156 0.85335182535581233232 -0.20271247651877402629
4.7215959520505386138 -0.9478161065923955686 -5.8053258956467566065 -0.86231692018265515554 -0.0048502519333977868812 0.50634573585952546981 -0.090358626175251921531 -0.98243099148666712672 -0.16329318920974381091 0.49824175642212853443 -0.18656318506817595737 0.84672860476931310902
-2.7244039012392637922 -1.8925329857805250899 9.0503108359409534245 0.14821777681227940593 -0.015380773997617468163 -0.9888351340986347715 0.8760974982559829316 0.46589607710512231931 0.12407263553156766545 0.45878607671397192425 -0.88470575737320089615 0.08252913839460962464
8.6307298192342649656 8.9619216251473226009 -0.76886741636139521727 0.31943513768515052753 0.0089328575854288605473 0.94756603826182728145 -0.94759928326957787448 -0.0013128608927855328972 0.31945872150107057497 0.0040977016584585667855 -0.99995923939508546407 0.0080453955454792332874
-3.3648409409615278598 6.9845384898395526108 4.1996071681774749251 -0.57767156089527504914 0.0085236167329115625213 -0.81622479482681997709 -0.8159247182763200712 -0.035081454229601093109 0.57709283973589264871 -0.023715434595743295487 0.99934810728120460066 0.027220188004590695208
5.8373130231391252565 -3.3926821881529551916 -7.7082059629507275744 -0.90058418499764469889 0.0095213288890804003567 -0.43457734642789003221 0.018708678450920258884 0.99968267832750024038 -0.016867957868535583127 0.43427884024300417165 -0.02332138392609495875 -0.90047654159827816844
4.0331668934084055067 -6.7152579890044101774 -6.5391723621885438078 0.99972120008208620323 0.0019124070105201031004 0.023534332477704096587 -0.023304233255724230572 -0.080462570761011542597 0.99648516668251319039 0.0037993181109787516753 -0.9967557962738318178 -0.08039557062409723176
-7.1128196817056963397 -3.2222387639561884676 -3.0309467343662563898 0.1266208854863116462 0.0072257594385175061627 -0.99192486598498885719 -0.97441314727711947352 -0.18630033712816398972 -0.12574260534682835111 -0.18570452275611515347 0.98246627055906188275 -0.01654863865771913356
-1.147094573971125353 -8.587795105949059149 5.531079483999322477 -0.45218774208520567948 -0.00066187922164039417194 0.89192253465441762028 0.28570562622946676923 -0.94741476099018751 0.14414425343662373713 0.84492516890498203797 0.32000755080752230075 0.42859844420784837249
7.6637853838245666438 -3.0296765357409745079 -2.9373096776715605927 0.20603914191835465131 0.0048183445429367454879 0.97853188785714884101 0.72554435538467154654 -0.67174872555462927792 -0.14946249725323168533 0.6566073867745291226 0.74076341248171329035 -0.14190245368340989596
-4.7368992593298155924 -2.1777697516089533636 -5.3627251260799191357 0.072238275648376329419 0.0048423393106490500784 0.99737564802908973416 -0.99568906940123202975 0.058681800204665901521 0.071831214657208833363 -0.058179967392215335698 -0.99826499391430822961 0.009060536380629705816
-2.8347706578646283404 -6.4973272175424137131 -7.5810150487407961251 0.97502805466177044913 0.0099963849636923972353 0.22185663143154299437 0.10371549246129344035 0.86285673906678017619 -0.49469318215458163435 -0.1963756330250295834 0.50534970083546837394 0.840272747754825855
7.8705515139183388484 -4.4235175042357237629 -9.2098194204459051804 0.31347545408413696189 -0.0085771864663185034411 -0.94955756621648024218 0.9370007384670770989 -0.15953344298045341043 0.3107711323199708886 -0.15415172979664726327 -0.98715526258175645413 -0.041972988427015210655
4.1212140517466337997 4.6662605180284124629 8.1158728143824827583 0.51669592508218986637 -0.0003454075761669872166 -0.85616890955995028634 -0.31838278208653786328 -0.92836262262002433587 -0.19176872788060747577 -0.79476897591321282732 0.37167555961573672807 -0.4797911559313439156
-2.6217854228472052824 2.2976898729696624279 3.141683292303427244 -0.93738956672333173525 0.004010590372694630007 -0.34825955171856581849 0.1013364050372298486 0.95981243508831093347 -0.26170789530322374761 0.33321424521255860185 -0.28061362157742897327 -0.90012458147344365234
-7.8454153424103054704 3.4489118054350225151 -6.0722652241425745245 0.70639037606421728466 0.00089505333805171664874 0.70782189531206407551 0.62626291730502769983 -0.46681027880558922938 -0.62440605539198834606 0.32985965957118773551 0.88435703337566362592 -0.33031082711084358561
2.6338509334662192352 -1.9563179207071086374 8.0360016838297294584 -0.68978910853802211101 0.012185173288768579025 0.72390780303441459864 0.72160131391894843933 0.093067502224415912804 0.68602476907173648435 -0.059012960377600225115 0.99558523571891766046 -0.072989786448674362496
7.1243844660598849572 8.8111681629217510903 0.23988909799539787082 0.00077191529360912266265 0.010472897259317227522 0.99994485976461611187 0.87629245994319981961 -0.48175972684533652224 0.0043692374924152828017 0.48177892107598746518 0.87624076828956776186 -0.0095491986029467915142
7.8085217723090032393 -5.6893798331936560331 5.7534777329095554421 0.015954156463043364655 -0.0098904122521274624724 0.99982380679665772139 -0.49152789568742477622 -0.87086148881445102354 -0.00077140210084502766619 0.87071567842360297895 -0.49142898474295643174 -0.018755273971933071608
8.501193970674350453 6.7295145813625802944 9.2069989459965775325 -0.85040672913903436747 -0.0048181815450870106241 0.52610377318729617535 -0.47295322117699828413 0.44506333540225384571 -0.76041691068710270951 -0.23048567333688949055 -0.89548613200158155845 -0.38076362980123645841
-2.9887156942627401968 -3.0649682975592273948 9.1694176889337732916 0.99852821465640739795 0.0012798118508449340611 -0.054219614685836012291 0.0074149549815169402828 0.9871124077706182609 0.15985653839568156331 0.053725440693207254794 -0.16002329988739441569 0.98565010044917500398
-3.7960680629209981873 -5.3257160593694647943 -8.5609634650322110616 0.48073444295299688767 -0.00051282913857144470267 -0.87686608576491031908 -0.16728789793811410513 0.98157915526765238123 -0.092288250320449363717 0.86076079985210596224 0.19105522486995632492 0.47179311831338011096
1.2916153955932716535 -8.7745031161032329692 -7.1386708020455849066 0.91833599317232839088 -0.003585673847630402658 -0.39578548051620199288 -0.10800749115412100476 -0.96427803499661546294 -0.24187239006925415064 -0.38077996992870327686 0.26486791834098388776 -0.88591850659912430022
4.1056373895020890075 1.1420340457151485491 1.7209950516513534691 -0.80160569495144051722 0.0056484356056967282775 -0.59782640038458045861 0.34370062054751870928 -0.8138392554182203309 -0.46854620879379543785 -0.4891811456471676367 -0.58106261410891069108 0.65043681109571871435
4.4372984232702448182 -4.4622458817756562865 -0.29152947538872520106 0.42547331721351477896 -0.0072602374476398870776 0.90494184635905250413 -0.83987689393055575682 0.36922458527475832124 0.39784420150408489336 -0.33701522128974431558 -0.92931183925590765682 0.15099750341687295796
6.0454531276647935911 1.3241772067209929276 6.1527149982968740716 -0.98915956217541367579 0.0043768238117036888102 0.1467794398764291075 0.070463319493554277262 -0.86281386944397941985 0.5005868029633850913 0.12883431671350861758 0.50550278941705639735 0.85315218380334545412
-7.3713579173920376064 8.0694394441242636162 -6.3607367126882694564 -0.94347369762930166637 -0.0036391166060340250123 0.33142742601040370287 0.25862329121271343535 -0.63346980849072320741 0.72926675158863607518 0.20729538133774394471 0.77375885039270875243 0.59860326286734566459
8.0023030229277196668 1.2341557934760016835 4.1954370851371098894 0.7592700374557214138 -0.00096168608037180101922 -0.6507749882886765258 -0.3093905836028970624 0.87922556702211540625 -0.36227043637588929315 0.57252639851791420345 0.47640474121705345123 0.66727209258712949502
0.74504198960733070134 -6.4756332324636023401 7.0228671308993506628 0.99069450747475873431 0.00076322112153802694652 0.13610220554047988695 -0.072312392527281180166 -0.84421811416627612346 0.53109951383962805682 0.11530529366187598772 -0.53599924739416393571 -0.83630705846983310892
-3.0806619754515680576 -8.9306825345147515804 4.7588320506460153325 -0.51836398785273429812 0.0090771074448777917809 -0.8551119121014609803 0.82009390734928344635 -0.27813180914081958583 -0.50008867200994466806 -0.24237318173829699997 -0.96050002751933971634 0.13672943322290007084
-3.2353811678684514241 0.098886486962322023286 4.7473557965871400199 0.76066652069950801973 -0.015400696079340692179 0.64896013964417154085 -0.52794126203883207094 -0.59637213735493299627 0.60466378891370509141 0.37770950229444094637 -0.8025603356426701529 -0.46177098168828151215
-5.5990228836396900292 -2.6000580448453098903 7.7741402706331994565 0.52899459236214962932 -0.00037128318131915503258 -0.84862511358098169367 -0.68566222841513257968 -0.58941294038377767261 -0.42715301032899033462 -0.50003202875068464284 0.80783181904232348458 -0.31205083298474112219
3.9647107396679550639 8.0186705906049713377 4.5266060610749860871 0.26789247464561632972 0.0072635203047289242581 0.96342143597769425156 -0.45720365978953914077 -0.87924564987531694804 0.13376060948662288341 0.84805567948311977311 -0.47631326713413518759 -0.23222238490026561597
-7.3022556251409982409 -3.4453426463828837889 7.9043235559269797719 -0.16489377705323568502 0.0027957707684078433701 -0.98630736890425407815 -0.48067367329880722471 -0.87343391591354346826 0.077884621905881884496 -0.86125655996727690233 0.48693467549322216881 0.14536767080625639936
5.5279078654346447408 8.0644144907613295459 -5.9670210385120761032 0.75570972808906078377 -0.00040705166435676259917 0.65490658965993242546 -0.19594056968912812455 -0.95433436759419465467 0.2255065586153356394 0.62490807325661379412 -0.29874027036474215535 -0.72127952337586243026
5.6595299576286910437 -6.4661074849715296509 0.61524552438448920633 0.82851867000693202314 0.0042337638099960109989 -0.55994543367517424226 -0.54916853640450502549 -0.1892408357772580596 -0.81400357781620802378 -0.10941084074741934395 0.98192157595108819912 -0.15446451569414779148
1.2756898409711410203 7.1097336344601238523 7.8560042076983069848 -0.98228825990718848793 0.00018900022371301738967 -0.18737592889029353049 0.095968412161186081311 0.85939101148976526634 -0.50223217065188296981 0.16093426706525709724 -0.51131893535175820809 -0.84418783930753160671
-0.69005227675711133806 1.2820913175153332286 7.5266872306621301902 0.38410649347841097079 -0.00071346693080736028197 0.92328852079544510012 -0.24109341477383638974 -0.96538232243005805966 0.099553688491274827665 0.8912553882138021244 -0.26083800049932681642 -0.37098163091334196428
-1.9093220273804334397 -5.2873721217910762959 -4.0480355441169448838 -0.31529739405169177058 -0.002457381958218054184 -0.94898973365266992008 -0.70424686382270085261 0.6708937325286263853 0.23224546163409306998 0.63610054873450050383 0.74154943255829230964 -0.21326164908930747566
-3.4569180852795891035 1.1757026741457525798 -6.4411635268632929652 -0.98661988233517305957 -0.0085005373057844575008 0.1628156891903017045 -0.1443968859219648404 -0.41812985281961106976 -0.89683720123403398716 0.075701698244120596559 -0.90834749245361556813 0.41130777507412930039
-3.8310808450938664826 -5.2811841310869294119 3.4919591871695927487 0.096011773853921122956 0.0040670111572065348327 0.99537188964800982216 0.96367334471108057059 -0.25076410370541141193 -0.09192958710751093776 0.24922966110479230495 0.96803968085654545916 -0.02799557666052112509
-0.64089493274374287335 5.7960264119638749136 2.6596071010047870331 -0.025633191155123177807 0.0042996797192943903704 0.9996621690677806038 -0.91559048649771457296 0.40132136860555206459 -0.025203573856506837625 -0.40129415712892463342 -0.91592721973670421232 -0.0063504015101733760768
-4.1428328230391349152 -5.431167019648563965 0.022667273561587125696 0.21542519092597489649 0.0011757061538492056142 0.97651963873228075919 0.80031467174392056929 -0.5732089567361399185 -0.17586335067108818664 0.55954303972620267338 0.81940839001858001289 -0.12442458382990387311
-7.4534144858989606064 -3.13902984712779487 -0.67297805958996059772 0.95000535942570596415 0.0045109477431060094124 -0.3122010064250120287 0.21639073380112730516 -0.73033480319787213997 0.64790904111814084931 -0.22508857675884225147 -0.68307446635646351663 -0.69479810450539580824
2.5268983936038784677 -5.4121256445178138605 3.7713193941105953577 0.76414687062086827929 0.0039534993813614225516 -0.64503017755966463032 -0.22383230036220599923 0.93947120051720023337 -0.25940887554831359996 0.60496170245291591705 0.34260506890780262346 0.71877889877472023183
-2.7217961364996607898 6.8656308967661141551 -6.1696018195442894338 0.24030876314052879161 -0.0014986945249008537528 -0.97069534472612395426 -0.97061370275011960018 -0.013431971908864998033 -0.24026781341790406921 -0.012678264545770173699 0.99990866385169774322 -0.0046824739980230786068
7.3522721744990988668 7.5125103018948484745 -5.5332005655372045183 0.14772848819036515922 -0.005656531181198283173 0.98901177820696706267 0.96730293451893256673 0.20926850606245708808 -0.14328895715056982896 -0.20615849884934470126 0.97784185634760623085 0.03638649923716033574
-4.1195016610425323478 -7.7593254590009559379 -3.5201860348811844226 0.40973990592642800523 0.0029759826380459956582 0.91219754056820845367 -0.17088813513537262634 -0.98204029136416781665 0.079963187826433607119 0.8960527075799561425 -0.18864784564044642656 -0.40187253647626153263
4.2262612280089175698 7.0138409767432019493 -6.5042706761602353538 -0.053101505174936253217 0.0011928047218086462733 -0.99858840738547061111 -0.71095415837501019229 -0.70226605139523090582 0.036967252358556454417 -0.70123064311069194243 0.71191359747848637074 0.038139413839474473056
1.0107099257396945369 -3.0329395655196957904 6.9049637595326798234 0.58147861419970203745 0.0013022200516863893099 -0.81356064644942571729 -0.21466994610279058198 0.96480414483201837328 -0.15188738049985817113 0.78472889297427605992 0.26296628365224183899 0.56129252461938095031
4.2565712283584486997 8.184245814155671539 1.1282337393296164585 0.13441176103967053534 -0.0036452369483434849534 -0.9909188618358505396 0.53289763513438337394 -0.84281509266303267225 0.075384547802622187129 -0.83543616689860022984 -0.53819088790780478249 -0.11134172268628857172
-7.2577993064034496129 6.6220230216338924478 -3.0503259666819473317 0.99942515667562270565 -0.0047571340785602257012 0.033566737690321431231 -0.033273358013051625159 0.052170728681596598153 0.99808371328020317748 -0.0064992192104639991829 -0.99862684960107472865 0.051982452861059312565
-0.21285823417941920899 -4.2157515305098272052 9.2027501489278566993 -0.71571491501234596466 0.025823583520307526878 0.69791496828990418066 -0.10073928955950529895 -0.99268269167973199885 -0.066578293601629146004 0.69108881915995390433 -0.11795853582525224479 0.71307925776748692925
-8.1455357370033354414 1.509120939593950661 0.11611652793139004558 0.28349112926721126149 0.00010003937037977514435 0.95897485348627375945 0.36990659688647214987 -0.92262257833059735379 -0.10925514877899571153 0.88476092206124912209 0.38570399005833477801 -0.26159232184147784839
7.6325329476343108936 0.20208088059821044391 6.0506345048039520407 -0.88917028928487584771 0.0037080039828511109079 -0.45756141375724129761 -0.32624596933265653798 0.69601701660933334992 0.639627923158786027 0.32084227300543016748 0.71801571243027151326 -0.61766793065222580505
-8.4262826896018427902 -6.6039795038682402861 -9.0886902322450175973 0.9953645841639857661 0.0028548175275866140982 -0.096131132360910531709 -0.017243779505035142924 0.98865880224436608614 -0.14918587336839239654 0.094614991732283271197 0.15015199885845312289 0.98412518542005600342
-1.2893282206061178474 -1.949120590980170542 7.8199640752340924266 0.31016440947910972614 -0.018489849819811953607 -0.95050311127639808273 -0.78607450334993278496 -0.56730043751985681499 -0.2454731935937263243 -0.53468206840658916157 0.82330330926322625729 -0.19049080471463025743
-4.5213378467792493254 2.4652512895021554407 -4.3226662624769423005 -0.97405443405157010606 -0.003501283412470388573 -0.22628676611511461259 0.13122120134295062188 0.80590979355116254546 -0.57731308748035492506 0.18438805770007621332 -0.59202799399392425084 -0.78454056523849147187
-3.6546715302450163421 -3.4973078242602695376 -1.7887294319587911939 -0.97764743970582823618 0.0039530884712546190962 -0.21021383572004284646 -0.069148295532696760213 -0.95024860514975695303 0.30372043335294224287 -0.19855477043266314685 0.31146743249133646003 0.92928146523845067684
1.1577339827301811326 3.4923279318521278647 3.7612072263277300799 0.10142904948221882766 -0.005133513274800447293 0.99482953060448542359 0.59419448311532452323 0.80233862088624818831 -0.056441595209566826352 -0.79790040992381894291 0.5968470360788158402 0.084430748946226083507
-0.32766497087279888856 -6.5481542935731118504 4.9827444931969848696 -0.56799708710649521315 -0.0038773050496230167944 -0.82302143079269218795 -0.56636437142481754758 0.72740650294754938265 0.38744183853888047864 0.59716891062662835754 0.68619585103328117892 -0.41536074225354058242
-0.89575361143076803749 8.2139162656629576276 3.5133343824633946895 -0.0076849801702631179504 0.0047601402199996664319 -0.99995914023785847924 -0.10274117990528175426 -0.99470029803012793845 -0.0039455101779018349195 -0.99467843599394811793 0.10270666075757081681 0.0081333144884727509583
7.19720363273182695 1.1703463714122916972 -3.7584965091460889042 0.85655226263022854472 0.00070155991233146345123 0.51605981164656700155 0.14551413134153887152 0.9590936477823699402 -0.24282712443927845225 -0.49512004500214468194 0.2830881180784557416 0.82141174720115872621
-4.5539315558589414934 -6.672067294304572016 0.28305782847014915315 0.97647616366841816227 -0.0096051509294138651129 0.21541133411039642409 -0.21005064104675669201 -0.26806730652079374666 0.94022265840093766087 0.048713755587950255399 -0.96335230328801835231 -0.26377890318643371081
-6.459480676694639989 0.21410163369089829644 6.7029046039239812416 0.89383171502971947575 0.0040753281092162762372 0.44838405068364850514 -0.2271338284628696691 0.86629580859042432106 0.44490650252242691653 -0.38662008377036893858 -0.4995147282310086756 0.77524831319123654882
-1.5535822078542296243 3.4462344250962808623 -8.4997623862584479326 -0.28513133097646209402 -0.0027857687517439527758 -0.95848440967408876645 -0.29553015191850717791 -0.95102012719926065643 0.090678812128483984867 -0.911790575408026438 0.30911641359617741953 0.27034235599130279626
-0.28781926696082127393 2.5357717512450861364 -8.5209070602369862968 0.2842653297569569526 0.011633930017747418778 -0.95867506172334138181 -0.75430427217314011124 0.61992540114141625462 -0.21614245765481288064 0.5917924359768582665 0.78457450168365105991 0.18499882169467815607
6.4714541131326317469 6.3031950323345373732 8.160119133336516839 -0.74289365398590512246 -0.0077095938748395122925 -0.66936505811866930937 0.65740528767921269093 0.18011451808227169069 -0.7316946413003500016 0.12620343338891459872 -0.98361543427208497636 -0.12873760469489572977
-1.5439779247152527475 -7.636658886108524058 -7.3265847939379522558 0.76499299751758376154 -0.0025961816566367080378 0.64403336372428343637 -0.63830207653674386759 -0.1362275623235413291 0.7576361332145734595 0.085768134163703449446 -0.99067416999943846978 -0.10587027938898242729
6.1587381078772116538 7.9341617234559143057 -2.8216899484997592928 0.38627170502983348976 0.010584651432330094076 -0.92232431120913704881 0.071302303048665069407 0.99659942088490527379 0.041298618279977487855 0.91962500589810802776 -0.08171633524537695592 0.38420344751284030149
-3.9491704100454612103 -2.1135681721605337202 -7.2461813742003622352 0.45020637177187422528 0.0074060309302628486022 0.89289381984744331522 0.49692775724722626496 -0.8328856619627290625 -0.24364785690454779377 0.7418739966416897369 0.55339554100366539213 -0.37865069431330716787
-7.731407991805860469 5.8542338355624474744 1.6334463706937492056 0.10520265735638709148 0.0015679889914383378716 -0.99444956749725654799 0.29791546397026508197 -0.95412035640306547268 0.03001202799760053358 -0.94877751723590475486 -0.29941924939392500216 -0.10084312509920539958
6.9391371298014954405 6.405097456227777819 -5.3033139023007871415 0.26584961424194525348 0.0034964826464390467986 -0.96400817279538497662 -0.76663429110031744429 0.60704209220738991615 -0.209217021291029176 0.58446201443434486755 0.79466198656874187378 0.16406242953713121024
7.5751870068732918284 4.7090331899770827562 2.989933196762939005 -0.022586731090133156663 0.0032579058550723035033 -0.99973957890462195053 -0.024305444967874879902 0.99969733065576626974 0.0038068917311637035482 0.99944939087657769239 0.024385100557257399778 -0.022500709927618729039
-3.7895038040302737592 4.9215461597821876794 -4.7680014385339255512 0.66500201568398076279 0.0026811521780384390407 -0.74683674960409818233 0.18034267890850075311 -0.97097756519319455837 0.15709578624310446826 -0.72474053101800639531 -0.23915555463801185798 -0.64618556420386275008
-5.50140508057470079 -0.99615994785753614327 1.3125086986874725525 -0.86883270237221343901 -0.010318616084635984925 -0.49499824388655966345 0.35459805032339208886 -0.71070543689426990408 -0.60758374293264372223 -0.34552851980075099947 -0.70341403748500619386 0.62114308647318261514
-0.55357498231754931339 -8.5797145722830894243 6.7936082032458218194 -0.45878149405736701194 0.0044958443984584621142 0.88853774714071898089 -0.43702504370145905943 -0.87181551379216359887 -0.22123928468793169211 0.77364633514821834481 -0.48981373734765382144 0.40193762055443676973
-6.7871165391089913754 8.1814676982642424719 -8.6502408966983654892 -0.42350638624255110276 -0.0046294099512760866766 0.9058812887874871933 0.28187991821113106417 0.94967089470021848197 0.13663419582480110237 -0.86092162972074703919 0.31321519810342235424 -0.40088675103570287073
2.8800054789761104779 -0.87905063426239726798 4.8056992659686645908 0.9615754277100466707 0.0040238877874918567434 -0.27451139348152070463 -0.27157217569127745094 0.16058758765775191235 -0.948925803253587552 0.040264751512967628111 0.98701339150865818883 0.15550985424818031255
8.4502081298576960933 6.8521302393762173466 -7.5383891037696981741 0.99829791374612297794 0.0023706741047532925437 0.058272251669793072304 0.0078967719934847808994 -0.99546633246687854513 -0.094786190540780329572 0.057783357487100173167 0.095085018953753347448 -0.99379068357894562169
5.618088680192699691 7.7828532961192262718 4.4130188916624533135 0.40869125491318858412 0.0096971115325869723656 0.91262118328768759845 0.07886465397222031104 0.9958281444540236782 -0.045898508330955448131 -0.90925894249735739194 0.090731872796205648157 0.40622149468925566884
-7.3562427497648625874 2.2971166223530712358 6.2758051803842311855 -0.59624863000274641589 -0.0072699759248723173216 -0.80276691428453628152 -0.27509876693561086114 -0.93756552743584975484 0.21281811528772781594 -0.75419376797350967667 0.34773269793633737601 0.5570221998589188761
-2.4846939676590249491 8.0053051413109059808 4.3213629242281452747 0.36415377303515350516 -0.00078612756025789234243 0.93133850537153417548 -0.86036723895168176757 -0.38316847229921940921 0.33608054983082386036 0.35659535011375920188 -0.92367813866053627425 -0.14020860329439988057
-1.2917131313777996393 -5.497829680246789863 -7.682299302426490506 -0.035518165423229289268 0.0051238672219784016371 0.999355895519362325 0.95507497498423554738 -0.29423609374183889997 0.035452973048173228032 0.2942282312819613499 0.95571903147530201661 0.0055570488920668008326
-2.5550646756621593347 -5.3890217306303398459 -7.3624649613789907576 0.10285759861048686392 -8.9770744584214898221e-05 -0.99469608743044157784 -0.5463812531988569976 0.83562362762979425224 -0.056574544623318165359 0.83119663170666724383 0.54930241660476231136 0.085901190628142928829
-1.0591185490126062696 -4.2577788096282596086 7.267541917978802779 0.28391279169354111112 0.0091621575268158849531 0.95880633163432549271 0.56254061116894804595 0.80818844283549262641 -0.17429716478567605642 -0.77649313422460997103 0.58885269442884902169 0.22430095132519925483
7.8283317609491307465 2.2691549735838045798 -0.028021159281525032797 -0.52352139134293418365 0.003170916401635283377 -0.85200663031208379028 0.83563582593567187207 0.19703248504739448443 -0.51272894032693272504 0.16624716304075887185 -0.98039183244512539961 -0.10580045205810191533
2.2472893277815382262 2.2687629009967689164 -7.2292496526767502374 0.12779973042312472997 -0.0010320313312210159865 0.99179945745847142291 0.69278649488557475511 0.71568858392937273472 -0.088525269483550911298 -0.70972818839879958652 0.69841877533786878018 0.092179785461807092761
-0.066363152129269173396 -8.7675160577969464271 -4.9557277166403013169 0.7229511138253593705 -0.00097330415143664504758 -0.69089850173348898998 -0.5353880589417528979 0.63127576321953049465 -0.56111544009581648673 0.43669361497640407643 0.77555784017082229909 0.45586042073010912823
-1.4257702089181467642 1.020265357355118363 4.9791186227030452827 -0.36546298791183462473 -0.0036437905600946486617 0.93081874028028499524 0.92370795485401424596 0.12201068995318362087 0.36314873767728100828 -0.11489307466521195278 0.99252209765202614733 -0.041224592981255414603
-5.2067773591237287434 0.13681953474590946573 -2.4335646781161113239 0.73805665379422258354 0.004466548213445007201 0.67472396262267175793 0.6743150213866284659 0.030550666002138886918 -0.73781156723046148471 -0.023908737363030750644 0.99952323972675438668 0.019536261766637166154
-2.317981339473218938 -1.8778697750796489174 -0.69055479793415019962 0.92959133996537357536 0.0021838295185314716453 0.36858536534963454168 -0.082027830159324521819 0.97613126957787754723 0.20109495177995070914 -0.35934854353489198431 -0.21717038343357744634 0.90758230966591668665
7.5189855152294260421 -8.2940452404621645144 -5.1431329042637781157 -0.46859166106415356401 0.020332294071281016568 -0.88318087218814700368 -0.86352815138334237943 -0.22147355664048132273 0.45306577389794866484 -0.18638934237194448862 0.97495438945986179213 0.12133817010068034814
-8.105038905614016187 -7.8342394221128150988 0.017979075469627958661 -0.15775023564642989826 0.0012721038094194764452 -0.98747822502826498869 0.0004450609355797965753 0.99999916025133606112 0.0012171349638048273214 0.98747894411685577243 -0.00024748465540603984195 -0.15775066933968759364
2.3615051378405054194 4.7674329581201124739 8.7925477505043438953 -0.10555706603887128614 -0.010057816259710628676 0.99436238170070501141 0.73382719742601831836 0.67403307093282305296 0.084717551941394159121 -0.67108520332910126527 0.73863269601412073762 -0.063768254262628012996
3.6113791793843330602 -7.7215587905519358358 -4.0338669141985405986 0.6070162373553892321 0.00057481992016114201102 -0.79468922049366053084 -0.78134362385131250761 0.18292943749711709778 -0.59669000524853765821 0.14502906278877669699 0.98312587722979005722 0.11149027073053921488
3.120661895390874907 -6.5351226877336090482 0.43691403125834471499 -0.64520178724601684461 0.005930451262508237148 -0.76398919068418247313 0.52956501669373590158 0.72425567336750773517 -0.44160458861862722513 0.55070459125447412951 -0.68950601835125580052 -0.47043161440164377174
-7.1104934861269697421 4.5115899736912439266 -7.904917588205099932 0.76163208003745752617 -0.0074800525248553875052 0.64796652959238443259 -0.58095231524555035474 -0.45085977674817828698 0.67765763414966373457 0.28707313017511576492 -0.89256344901915152246 -0.34773482340253020206
-1.6459184783346114678 6.8099250856389357267 -5.4771641421014125584 0.19170440922077028323 0.0002679170509633128916 -0.98145267216809040089 0.79628197322293936544 -0.58463094001723037163 0.155375941170578874 -0.5737459704481304712 -0.81129932342819621738 -0.11228966648607047185
-8.0311186304765627142 -8.8555537984175884958 8.6399262694797975826 -0.5387085446779678044 -0.0025914742145427393377 0.84248821247085292629 -0.040419338552178774027 0.99892326557773802875 -0.022772495661470524425 -0.84152206207662327841 -0.046320554282605314045 -0.53823324431773944543
-6.1853945502926217515 6.6884411542617270285 -0.47476268699763518599 0.46102316556867040109 0.0019725023405916947139 -0.88738590818400675531 0.12545089251113183959 0.98980937580777605955 0.067375612287772543296 0.87847579043315393577 -0.1423850722425509252 0.45607759956537402557
7.9272285549249339454 8.0600412890275148214 2.6598820869886781182 0.22985110116301729621 5.2652472435354980007e-05 0.97322580551589554787 0.66308114928506389774 -0.73199135204937759713 -0.15656324596562609663 0.71238462978685979099 0.6813139201222853103 -0.16828393117234291543
0.308121918162601649 -1.9834735585068570263 5.6213588951084707546 -0.99632723677931900319 -0.011915798379558703926 0.084794168435725916777 0.079524695868442740743 -0.49591460490507144332 0.86472222556653866032 0.03174681084378381396 0.86828953603650249615 0.49504082822594097646
-8.1613508621981605273 -7.6529103019769655347 -6.2659152983950772153 0.32421003731566117034 -0.0025461544795456550472 0.94598169580667657019 0.93188604890193016406 0.17286510612011077304 -0.31891385505806074674 -0.16271522229286392025 0.98494221768756773372 0.058417328343551566672
4.7674897624670089513 5.7082420624988348123 -3.3008721059529881892 -0.40976198454072754185 0.0080784554578628500754 0.91215670505819768099 0.90402444695847372635 -0.12992136044011023954 0.40725942518691959915 0.121798667181871767 0.99149139111697504045 0.045933713260649232379
-7.0109814557235248245 -5.4897562143892661979 8.0261382104458771636 0.19393392526461292191 0.012961256303155650749 0.98092896708513099835 -0.34823430189400417234 0.93570425747169194697 0.056483745747281252636 -0.91712731047317408439 -0.35254722858713877232 0.18597835357856395966
0.1735666879152724662 3.4149068237566444495 3.8101892217040482791 0.11560661243674304199 0.012399614603623532877 0.99321768043004721171 0.25903397052978344162 -0.96569870676514335539 -0.018094470533372708498 0.95892466506635498646 0.25936895980435542564 -0.11485307752743756371
4.1313195607823454125 -2.3096747620009203672 -8.1919206362811465283 -0.51258916687533551126 0.0050142154905685560815 0.85861935899745978062 -0.1973342483793863178 -0.97390368928348902688 -0.11211957196019527172 0.83565036972321993236 -0.22690628383325989192 0.5002019571514602081
-0.58358950830272171562 -5.398492409743178122 -3.6569311257662526771 -0.10856535537324603358 -0.003351066012151299265 -0.99408366547760618204 0.59619678736818715326 0.79996964495802880268 -0.067808243432390225003 0.79546398683066255053 -0.60003111377834861262 -0.084851094001983484727
-4.7492177596050391131 -5.4127806828149944707 -3.6026048238349619446 -0.61053039919159557414 -0.0019351194846811831107 -0.79199045889180175184 -0.066721173528510008266 0.99656779614045654103 0.04899910915968379993 0.78917736705124041929 0.082757978515889840665 -0.60856404784204265468
-4.3915407469753793279 -1.1043333437610161063 5.2297686919575969711 -0.6250410429683199709 -0.0094563807858716233262 -0.7805346061945549474 -0.25931890157253467688 -0.94062145070418956561 0.21905477342927323625 -0.73625905895410226343 0.33932560076938289573 0.58547479430845983384
-2.2330410064410717297 -6.4718551169568518944 -6.0609325702254857049 0.99799292164585484688 0.0089476431879266776076 -0.06269025463273947274 -0.061668899950595303106 -0.087636977082020603436 -0.99424177493544829698 -0.014390105053283379702 0.99611229283108637667 -0.086909291489860943103
-1.1142483848458699658 3.3125329862259467184 2.4741656430126450772 -0.047128776410808530251 0.011610098933730756895 -0.99882134740727324118 -0.89715739111082815072 0.43915645831664618104 0.047436491162666578891 0.4391895877737888032 0.89833557801164387602 -0.010280820463555238875
