1125 17.292696884352682929 17.968806560800352656 18.477561601407678893
-5.1283073807179420101 -8.4630395275716985282 -1.1627518558983107599 -0.96713128242526269496 0.0082072704911173785525 0.25414508310321404227 -0.23797237034615251194 0.32293073957023393783 -0.91601576863746814183 -0.089589248831947229657 -0.94638701288212667695 -0.31036331668242878035
-1.7179738087611493569 2.9965152008385200766 -3.2814126720380367708 0.54156469844451804452 0.0057311490383239816274 -0.84063953709624328337 0.17005298347830491434 0.97855701808279393905 0.1162245463348461072 0.82327981890040302648 -0.2058963727006576927 0.52897733741619346048
4.9475074645781482729 8.6190802571100988416 5.1085253984056153698 0.80108180864490341477 -0.0031562544613277562083 0.59854655116878785481 0.55745402074620653554 0.36809728732764163128 -0.74414340137901724415 -0.21797465589424588894 0.92978192342086007915 0.29663550742978106456
3.7024648626998448719 4.2156620399904936036 7.431359625221993781 -0.74228575696906284875 0.0030876011567240414443 0.67007635514191077331 0.61170235669985228988 0.41135745373578763706 0.67572573731071727821 -0.27355453169162391447 0.91146887603206661055 -0.30723347183535160143
-7.6005145771815509903 -8.3632184690299844476 3.7648736271883214144 -0.06783755364084549655 -2.2909130980640173003e-06 0.99769637982243908336 0.77164094419907591771 -0.63389084989103205992 0.052465642667962615608 0.63243048594439232879 0.77342251739879275263 0.043003372294398600761
-0.45417689532778210415 -8.3290441134420074576 1.0298287550073563779 0.14462466528452230796 -0.0034009693070552737826 -0.98948074240933514556 -0.76616802509025550005 -0.63318927960196103033 -0.10980844014235738304 -0.62615514333165245286 0.77398951517745329109 -0.094180501561471313687
7.2675551197649728152 1.6865080945507304744 -0.41153360013808881757 -0.9874763633786372008 0.0087826656945652614716 0.15752236841694219893 0.0047724197818637160984 -0.99632950851592261277 0.085467739349773752533 0.15769481848754832165 0.085149135306351389496 0.98380992522902455111
4.7960350966811393647 -0.64181153513938149491 2.275908538419441296 0.97310471459601810551 -0.00123351263777708893 -0.23035992029373267287 -0.088997386268615155669 0.92033224497695875765 -0.38087796483006053361 0.21247748037952207678 0.39113557406906951375 0.89546986718104315539
-6.0153627574683170565 -0.48410631973944240336 4.1565911005979785386 -0.9996423511159349129 0.0067806646316154123647 -0.025868754172313664086 0.0042144544808009167317 0.99517793723015179896 0.097995467363352586898 0.026408487815509199687 0.097851396706984478113 -0.99485058975404239145
-3.1026281054270872239 -6.0008087898850330788 6.9973266620426315399 0.97593442008004893662 -0.0019273198712170449415 -0.21805571109519089612 0.016563823615462294064 -0.99641684857281842547 0.082940361873087037337 -0.21743423707028394776 -0.084556190302865139041 -0.97240557548347339445
-2.5297590749153262557 3.9357410889076418492 1.3465201388551484296 0.98580752529155157848 -0.0030723186468864863152 -0.16785137454561649406 -0.16784469532037629702 0.0023179531931537479712 -0.98581072490904719796 0.0034177963021251095074 0.9999925939482309234 0.0017693833138670606205
1.6893134560662379506 -8.6350176872953809948 8.0403717602915580898 0.66004990810611940955 0.007667100432560360404 -0.75118262385364720224 0.030167468661408854136 0.99887077795594148011 0.036702762571914668288 0.7506157756425461125 -0.046886933327038679553 0.65907326818785660905
0.17996610858707542957 2.9125934967411990506 -8.0730349535627734525 -0.94108508307143656779 0.0020616901289800711183 0.33816359333071444038 -0.0019492806756619043135 0.99993173091143416897 -0.011521016522319602743 -0.33816425997645599422 -0.011501432548718024812 -0.94101681723769814436
7.6579613396887618038 6.1768223729022544433 2.730693207567904679 -0.53893752793292182268 0.011164497111064720578 0.84227174652239977792 -0.26348748583402092915 0.94750052451469235493 -0.18115490844298925976 -0.80007542506588569253 -0.31955924340940511374 -0.50770188512296354766
-4.343448536466792298 1.7837247909333711071 -4.7013061441858194911 -0.44054809078074386175 0.00073338145817004180005 0.89772871284199451392 -0.86934148515407128066 0.24913698641025203151 -0.42682097440591265647 -0.22397044872010749006 -0.96846797786698712862 -0.10911926477975757155
-6.7451812729020099724 5.3025889673764377008 -6.0927130696890294814 0.5627336131615022774 -0.0065846663297431332756 -0.82661207515217893782 0.82599949051048249249 0.043783840123318179538 0.5619678078150184275 0.032491880439987103069 -0.99901932789771163979 0.030077569584395780211
-4.8779282495629532335 2.8862916535278810848 -3.8009339822326624336 -0.99979246828489998222 0.011769145160205520678 0.016628517156141123245 0.015434798225236186914 0.9703422482967541951 0.24124197017472340243 -0.013296140957332395344 0.24144856262205058317 -0.9703225258865775249
7.6831926296729111669 -8.2715326996512850144 -9.1161536671898364403 -0.38251152118306824823 -0.0063742872906041372905 0.92392873352002058418 -0.24852938302825228201 -0.96241146136144939405 -0.10953230031267266464 0.88989779297051485596 -0.27152080491514601901 0.36654927440160689489
-2.8525977334966134968 -1.7360236452526598416 7.9687901464952872743 -0.23572155499653274502 0.0011541541879609672205 -0.97181995062765524906 -0.9697418186743169688 0.065093501367723710649 0.23529479635872752041 0.063530729760010007379 0.99787850162614621929 -0.014224709781209109866
8.4440983700511438315 -7.1047165406903518559 3.2003465409437508171 -0.3820026686291467799 -0.0073058163669742380228 0.92413234236626495832 -0.759924093030384884 -0.5665746393755075605 -0.3186040659638217365 0.5259176114111405731 -0.82397803554700610462 0.21088115834256154768
8.5147723997520721184 -8.2428786458533416237 3.2686958283592781882 -0.18057042345359833324 0.0024991363541704315898 0.98355888308278072163 -0.12088324959888839538 -0.99247180842040727544 -0.019671030910691885557 0.97610530279279361654 -0.12244780034022240134 0.17951315843598947275
3.1978891076549178507 1.6077443740053718457 -0.57944472889075016031 -0.9969110580420789125 -0.0077685274763485065441 0.078153645687670150743 0.058148938130632231436 -0.74189447396654129019 0.66799048682779582631 0.052792455405222496467 0.67047165449333512299 0.74005453662108799939
4.7646723310645366922 -6.1248444121531999684 0.054318380498496902919 -0.80854907263921105276 0.0074445647638101313318 -0.58838165810120923727 0.47896405639696471024 -0.57253227219222779798 -0.66543236318818688169 -0.34182134195278873756 -0.81984838583360064579 0.45935475879962228696
4.9038507716522028446 -8.4022018458395724139 5.7959050423113120942 0.90393993324454702254 0.015334571908321388556 0.42738442647151891896 0.27888334866453667882 0.7364953864060497235 -0.61627804085530235589 -0.32421701825100096572 0.67626873113216123823 0.66147103365860326907
-1.2737664022306049993 0.60978940837337847203 2.7245860937709309724 0.93983006036132221706 0.0011771404359789301719 -0.34164026692080279313 0.15491189511284073066 0.88981675309838681454 0.42921841835820878641 0.30450248339520546992 -0.45631651322939281723 0.83609417971936283998
7.1949928819828343762 -8.3696494639472938104 5.8060910084700703138 0.12020085596042132114 -0.015086086650775765161 0.99263496020233299433 0.80941572809829653856 0.58042292906456682822 -0.08919306320343466099 -0.5748025168123128692 0.81417543159082339521 0.081978248703336031866
-5.480303232497741206 -1.6140993175975157925 -6.200630611949602411 0.60065177950013060038 0.0090909387491899997652 -0.79945906375246522657 -0.4603936933288533262 -0.81357364724669245515 -0.35515569494065613032 -0.65364752499050393642 0.58139081119204072401 -0.48448904810646387098
-4.6970299570785956078 6.1895480870399701701 6.3850595320313798808 -0.97970145477611725315 -0.0094433127561060221239 0.20023956490671987463 0.046256332202158537137 -0.98258259205794684643 0.17997722499175872191 0.19505232949398895737 0.18558629698541412312 0.96307440788871101489
-4.6835126111580116515 -3.9515315792778613613 -0.35904561895487202561 0.53639973173779043059 0.0032506941786106273093 0.84395779561441297556 -0.76845808153418770914 -0.41154962424858243519 0.48999906500456835712 0.34892335077509945007 -0.91138155553421817956 -0.21825708583165986942
-2.8268998657979027556 -4.7345353800694551794 4.5142718263094110398 -0.8185134057162631871 0.0018301760268840008665 -0.57448451251421517316 0.55727770820059674417 0.24546012267397979145 -0.79321553446693937595 0.13956131486071413073 -0.96940496111411467162 -0.20193231727932919872
-6.3340683826606420936 -1.811318069988748336 2.3599509773492850506 0.99764332655775267433 -0.0085654451618397235702 -0.068076619508585733964 -0.065119947735294753111 -0.4307553456706569861 -0.90011622837451676915 -0.021614471575061439124 0.90242809426864223354 -0.43029797732879626615
2.0967020926431354511 7.2586691033422141572 2.2077247115345377537 -0.91374635567471940156 0.0024904161390419277816 0.40627748561606114031 -0.27171482785857675735 -0.74719341623527646412 -0.60652539193038634835 0.30205736179217185233 -0.66460198356768951378 0.68342194406164269438
-0.85421261367974821166 6.2445199942526787851 4.701017528023190728 -0.57530160951799313995 0.0065206807852771705991 0.8179153616406035221 -0.71462060253522119435 0.48247505802838236422 -0.5064930530740522352 -0.3979264410891380499 -0.87588543720180478402 -0.27290886460415636483
-5.9088712863583676693 -3.7641072245916280536 -6.7384994248418497165 -0.91645128187890101401 -0.0086196085926448211961 0.40005343429382433929 -0.36359633837730326311 -0.39950491770745127917 -0.84154234798152782737 0.16707708000000301429 -0.91669052742737078265 0.36299273582739033372
-3.7614944416328084387 -8.3349446329637881803 -8.4855579771576241654 -0.091986845026275007586 0.0010427254621749992153 0.99575967636027540308 -0.24828674544739956498 -0.96843848886253314223 -0.021922256366566084118 0.9643091373501146979 -0.24925048849014433405 0.089342496103926249962
-2.7983329286120315338 -2.7993608434647372363 -2.7151522971811772322 -0.63603476472055642255 -0.0073670176493650998961 0.77162523618526690505 0.61632317468590269716 -0.60655528526555047009 0.50223145088840814854 0.46433341728949428795 0.79500717793441366688 0.39033071185947310067
0.75989547708119009606 8.329992297245292221 0.51285022583532025031 -0.68628815869503501101 -0.0022004305131647465543 0.72732642007633363512 -0.58305788659106427829 -0.59613759222493234446 -0.55196328865261956587 0.4348011776882082513 -0.80287927438816619752 0.40783919213227687317
8.1065246118722047441 -2.704817199848660092 5.634998456405986289 0.16018507256745523337 0.0040098840769186260002 0.98707885366678860262 -0.84923945059075423014 -0.50914110876318707799 0.13988454856683657512 0.5031233428165569066 -0.8606737199408861505 -0.078151453703857565181
-5.2253130008171604359 -2.746538581213361141 0.1979760114305838814 0.56367011349046391988 0.0045861023459819634518 0.82598727037594121825 -0.80426659262093913583 -0.2248328985325229179 0.55009582413510604848 0.18823190789915106302 -0.97438654311456052159 -0.1230431365250293646
-2.9210343119122303968 -7.2363890078648198667 3.1159244859315657905 -0.059437512157981216288 -0.0010508656438847248371 0.99823147507479159657 -0.99423699691864231287 0.089438985217647717918 -0.059105514811562849531 -0.089218698188209752398 -0.99599174876330431871 -0.0063608402731331692773
4.9296293075976889142 -6.1758948354095721811 -8.1170654411768978775 0.99770701517072390985 0.0034138247727067928469 0.06759480512248888795 0.062040728526699701062 0.35301842649737663615 -0.93355714263121092333 -0.027049212243836270181 0.93561014121999785953 0.35199716442467682276
4.6866968310814423049 2.9707075026514644378 -0.75561517195818250769 -0.65495298567382209676 0.0046140863548787694817 0.75565554107944021833 0.34454644800640560343 -0.88816616877325327284 0.3040536166745645974 0.67255061647655300927 0.45949925664110563561 0.58011731694805668269
-4.3932957144835595997 2.8511967926430989984 1.1946683308174042004 0.99675064770657861857 0.016024932172097529348 0.078938886776444075477 -0.011353396839029236687 0.99817704226588044314 -0.059276409081035666415 -0.079744884957358139199 0.058187574637634062458 0.99511555081862590466
-6.9789932323562657857 3.0607195336546313413 -2.9975863265695457116 0.20381065282221969004 -0.005122087374307351601 0.97899692645935609825 -0.9615743881681169114 0.18683924345521196742 0.2011611123559503278 -0.18394540987849899993 -0.98237714821039900936 0.033154560148279256515
-3.1531391825699910392 0.32181896162118778237 -7.2603578084930564529 -0.86112394780714129894 0.0033384202358234683211 0.50838410819301371735 -0.077510919783857046284 0.98742590966613807968 -0.13777565181873710487 -0.5024515935164532987 -0.15804723303531847955 -0.85003733347574772505
8.5609798679332005378 -8.4039917341636876102 -4.0313561693663473307 0.59961684247828295202 -0.0042434128524367568241 -0.80027597468849775986 0.39877259765867745234 -0.86541580239242421602 0.30337419851673358417 -0.69385881674347527071 -0.50103640827440065753 -0.51722573409547878409
-4.0533145634418081826 -7.0760953200092568949 9.0234417304184031394 0.037704962446469120207 0.017855274201881925211 -0.99912938350863311765 -0.99880495793338275323 -0.030440266818030879692 -0.038236712253367513559 -0.03109649200151966969 0.99937709566466947919 0.016686187280860735604
5.3870139420482532344 -8.258738896951246744 -5.6859594323756326162 0.23047117713166473396 -0.0012967243192498669607 0.97307828822651476486 0.97307752307531703018 0.0021370024804491447035 -0.23046814813763158436 -0.0017806170629232499075 0.99999687585840868476 0.001754330765811338514
2.7249001001177770576 -6.1978377623096250204 -4.5500016778860441491 -0.0025496870464379508409 0.009070583128843186238 0.99995561082361361649 -0.51088471553607450737 0.85960106789159318463 -0.0091000830303642060715 -0.85964545396783775821 -0.51088524014817859875 0.0024423085736228131171
-0.00647324897730997776 8.6034696969747646023 7.646428143604103056 -0.99176895205669990396 0.0066088457290585612622 0.12786973408221305459 0.12671694948089246013 -0.092554798741054752909 0.98761147418608841164 0.018361929376213215886 0.99568565942681241943 0.090955522985046263762
-1.26577193952929834 -8.2992898758660604841 7.4178990627223946319 0.73062445217264682107 0.005467043328054225701 -0.68275765929412957078 -0.51014016039654153101 0.66900275403953768372 -0.5405481771667631774 0.45381155410388490656 0.74323981763951996182 0.4915787290322832237
-5.0486281547860238916 0.5276596831518215458 -1.3530421352631327725 0.24583508495370751112 -0.0052603269730631049828 -0.96929739500637590588 0.54920948215352771715 0.82473853764055038429 0.13481576036450582112 0.79870774111577380605 -0.56548976426678509988 0.20563868991835287936
-1.8562140003202247662 -3.9984280696136185185 -3.4198376707403363994 -0.89711015826398077255 -0.0091435813853513077387 0.44171230326894067586 -0.43723736730347867452 -0.1250480140600212231 -0.89061017219284455138 0.063378612901781344879 -0.99210855711427992087 0.10818392823136138703
4.5414332022926853227 -1.527098726766039638 7.3271248725906534816 -0.91437899160591984415 -0.017416282258864660554 0.4044845272962956928 -0.09136972273577370629 -0.96442185307146932605 -0.24807672822217538555 0.39441429167429631342 -0.26379378770267286614 0.88025576061303656417
3.325706129433031677 8.6155604458554471137 -5.263846109602591028 0.47035807146283004077 0.0075440865859616058203 0.88244340972509083265 0.86724867142279071786 0.18100641870145742218 -0.46380644487103750429 -0.16322691728031857306 0.98345297963196365298 0.078595230953864739232
-5.67670181214306524 -2.7262523530609530376 5.8797384291893255437 -0.97334978719807119241 0.00098402990367932145765 0.22932340361773051463 -0.11838099102568119814 0.85429585401485086393 -0.50612699471207123203 -0.19640807703714255328 -0.51978613438376719547 -0.83141219727429005459
-1.4104544375146101931 -4.0739367420001784126 -2.2913534134850497281 0.8160272574525114786 0.00074159427827703936625 -0.57801294547147241687 -0.033801851748758007798 0.99834902246454160224 -0.04643989839136615505 0.5770242195203076907 0.057434130812290346002 0.81470508204186176116
1.6154010487445911171 8.7636791011153203357 -3.4978126786781311708 -0.87667515755889569018 0.00585065675255763782 0.48104723046143993415 -0.30764164861627213421 -0.77557079725386535163 -0.55122278117254952523 0.36986116875884983424 -0.63123348157618119902 0.68172355656938687929
2.5944521547494514557 -2.9747954621491539129 3.4776713680962276776 0.99974762201185751742 -0.0025760387556457335981 -0.022317175130138200423 -0.02210109343142795113 0.06538651042986673434 -0.99761522939600633109 0.0040291376985366958441 0.9978566872441406721 0.065313075040569018581
-6.7634747672368868976 -1.797476892408794269 1.2743353985632774883 -0.98867186760884318009 -0.015992353659212588113 0.1492386773702037428 -0.020141476024995913496 -0.97117781066676112101 -0.23750364420845876401 0.14873553422876215069 -0.23781905872566933002 0.95985407024441582458
-5.604260603137190877 5.3951464382436702394 7.9387156854793490268 -0.72636289791372821156 -0.0097870269319972370836 0.6872417003053323814 0.091210459042005434527 -0.99242752588455640517 0.082269423407901831613 0.68123240725618172675 0.12244108775401967015 0.72175521289004163084
3.5558953260119992024 -6.2523789238935556511 4.1223472396022371456 0.72180209488978064325 -0.004011422430539075476 0.69208788770120222011 -0.039102242826058161707 0.99814957784480540237 0.046566456320073543185 -0.6909940306677989641 -0.060673954365186209825 0.7203096006878778601
-3.6742626279511538812 7.2180668732925470366 -0.32263623202352315067 -0.72785015435003841411 -0.0071956390534810687337 -0.68569845820943653436 -0.67659080372766400302 -0.15522938888403498003 0.71981158724895544232 -0.11162005699501904854 0.98785224583714437152 0.10811523144835809285
-2.3623366850266349637 -6.2182412627191832044 2.5821667846587246231 -0.99885008374594075331 0.0025750852465425476227 0.047873574510281242944 0.026922234284024286477 -0.79612181624414446457 0.6045372172176369796 0.039669931958372761649 0.60513091363441451342 0.79513701577925921526
3.0377335241407914523 6.2362053241583588203 4.2928526855850401844 0.95936783171650807933 0.0055421362384434251849 -0.28210396699371503848 -0.15481535919617098185 0.84620884569411369824 -0.50986546659471654319 0.23589312839632073371 0.5328225541349475014 0.8126835532852392241
0.42778101479964852905 3.9808250014807331496 4.8846028210352496757 0.98936396383181601788 0.0057359310200833513171 0.14534801741431788158 -0.14343934441174149841 -0.12754848372424540393 0.98140538961956225172 0.024168192851072356486 -0.99181575072930738823 -0.12536911525295862946
-3.7024733021554516732 -3.5680241540413648593 -5.4930360260304045283 -0.42990410570500120491 -0.0081020041335467113397 0.90283820113409618546 -0.90000370403446128265 -0.075833431169001333516 -0.42923492803044421828 0.071942981743794376381 -0.9970875830368363113 0.025309269679104805933
-3.0449652684484087573 7.2765395059455943993 -2.2262759106976348633 -0.90900508312329220129 -0.0051582102220918933655 -0.41675310643525470544 0.41613286527117193669 -0.067148071741670090073 -0.90682113721658952343 -0.023306593429925151484 -0.99772968750502333268 0.063184439334481923289
-8.0725645753515742342 -3.8933495253174252859 -3.4883927121300097873 0.026134531949418858543 0.0050672065075128749218 0.99964559202635638879 0.45606993339113660602 -0.88991306978137052486 -0.007412427970570845126 0.88956011719058836196 0.45610201890590401641 -0.025568462088818289663
3.2916933427587578009 4.0900054465965043349 0.64386058385395816828 0.14425318008205628706 -0.022460590752209890625 -0.98928587470914430835 0.67195513343037138743 -0.7316725296724903016 0.11459322832910832923 -0.72640713012226021394 -0.68128615954345395078 -0.090453579928084282269
-8.032325391004420112 -5.9839834722650477872 -4.9223686375485824485 -0.185030795119697139 0.0081256961169024772423 -0.98269912888956523211 0.94490278650766312829 0.27624778974939279141 -0.17562995959986149597 0.27004134666347340277 -0.96105209625779286498 -0.05879234109048098178
-2.2587976486732368464 -4.9733247661900694681 -7.0557356802335551293 0.57256840175478063149 -0.00075132749416800988229 0.81985660991350339799 -0.15307047293867748206 -0.98251378925440524537 0.10600039735266647556 0.80544078343852332225 -0.18618831711899133663 -0.56267135607034646227
7.2073400095061268544 -4.8980764792645192784 0.89586920175649498166 -0.31763806907064850993 0.00074209318012962398325 -0.94821174131856889034 0.15557686543132978607 -0.9864069571872497999 -0.052888124896631985572 -0.93536190644026218077 -0.16431909234849606527 0.31320494866799192257
-8.1140102901076911479 6.4245373178470170927 5.4959299556509764173 -0.99396212094713276564 0.01074838171786520781 -0.10919603661836885244 -0.082809389238230418639 0.57942184656792283803 0.81081004481568674791 0.071985465037663939891 0.81495692892958715436 -0.57503330061246038518
-5.498699247312027083 8.6092615479259393396 7.4966567027616051178 -0.83521421567015008414 0.00094626633552373582564 -0.54992392066786033311 0.46892080298927879545 -0.5211747159700873544 -0.71308498508746098743 -0.28728121147489105169 -0.85344948298860234814 0.43484880765605654629
-4.1765361056879983792 -7.1745681236677789627 -3.0695894019800644692 0.99414525245331419878 0.0076153881633618013616 0.10778322173506087178 0.078805559855517334777 -0.73356173094557275416 -0.67503842159396010292 0.073924967097289809304 0.67958015918302727698 -0.72986704712876293577
-2.8638015913556094105 5.9255738374692361603 -8.5815290248574562781 0.20205280208367928929 -0.00051050588818702443555 0.97937449658109287931 -0.055647247885589751215 0.99837836643702138062 0.012000884686215599825 -0.97779243654937642027 -0.056924307762482993789 0.20169673823068764995
0.60690889136793990666 -1.5479123469934894519 4.5923436415104648134 -0.85885038774031974285 0.011759317082465761684 -0.51209152496398180343 0.065904575680506380375 0.9939638472817542425 -0.087706654258097899168 0.50796909195595529862 -0.10907606867925330463 -0.85444122844061443089
2.3879230967845810341 7.4027596569708773444 6.4446255669432055413 -0.99534187299530951787 -0.0091346800762571594978 -0.095974546013012487777 -0.022778008447599966402 0.98959878892220498603 0.14204013269041243506 0.093678803331801618892 0.143564600732549702 -0.9851971818995397534
-8.6104502353087077893 5.3931340275286938635 -4.7939527831061159446 0.3697324477829418421 0.0035251471282174004149 0.92913157862277817589 -0.82380837145896645968 0.46370643089639190793 0.32606151729282084606 -0.42969487333493899817 -0.88598189557302453601 0.17435135946285468256
-6.2659024454670069204 -2.6177987566227733929 8.0135051172834579347 0.5612838667910617918 -0.010700935472343174951 -0.82755417397303632221 0.18347218267871670538 -0.97342785638691731176 0.13702615295422582165 -0.80703059363521723046 -0.22874373956536514507 -0.5444060272871716899
8.1009065859842106505 4.011981280085671564 5.187826126083766809 -0.49037740718209821278 0.0038261028265405352955 -0.87150178396981126117 0.74515289654494465399 0.52044160462350563812 -0.41699843758433419172 0.4519703079807803614 -0.85388869129065481101 -0.25806383626853468538
3.9861682040583605868 1.7705084175420782167 -4.0837190589864187373 0.08535504120067420597 -0.013944385326841026579 0.99625301558363099641 -0.27944295389846002253 -0.96010484812763341456 0.010503148018858050883 0.95636089028058968164 -0.27929238213676371716 -0.085846449094864316076
-3.5424326496933753461 8.5653304983755198521 8.647087628788961311 -0.033960003346925220213 -0.0055811471715222788631 0.9994076090209207397 -0.60239075899689731308 -0.7978120922856540842 -0.024924664039924798731 0.79747858381744507472 -0.60288034981964611081 0.023731669843607642451
-1.5334400058164752156 -2.5430138541579805356 1.093162543054852387 -0.85123424084823795521 0.001517736983554361218 0.52478373038989944988 -0.42145956663886641191 0.59385438758445729945 -0.68535304773187455396 -0.31268530649220127593 -0.80457110488846317331 -0.50486952401836504567
-2.0264126689232297984 2.6066932153082600365 9.1944237636497803123 -0.42818357307187865368 0.0039026413614355799121 -0.90368335004123401255 -0.80119347944782570714 -0.46421372609993799552 0.37761703482551234323 -0.41802851127824508515 0.88571461876300094929 0.2018954627217775244
-3.3701280123220143103 -7.3388708614324933421 -7.0169543318353611028 -0.99844335418556817707 0.0026706639573992165329 -0.055711184125270818424 0.055519829972404191598 -0.047876902427463841061 -0.99730905475384568071 -0.005330756273536602953 -0.99884967325822193729 0.047654100238962153469
-7.2591294589691282013 5.0927432224393305304 -0.89277428163945360406 0.50837589496861579352 0.0040196029687036404637 -0.86112588638765286131 0.15556813086039433802 -0.98396456039509228031 0.087248498825198694817 -0.84696664991938130918 -0.17831877825581574082 -0.50084918612886830669
0.91197639634204863412 -5.0080791215164008889 0.33791757895282387159 -0.99356780330052119066 0.020066814235378073461 -0.11144659353632711818 0.04259076800819822789 0.97813045031403367258 -0.20358499121771661544 0.10492400452191372184 -0.20702208851954945201 -0.97269358388948945482
2.9305181588822790673 -8.2260307433751407302 -4.6558650840860407172 0.26074594778684062613 -0.0012633385982526498109 0.9654066266028356047 -0.92003007042166540241 -0.30330574383254693682 0.24809331969693121378 0.29249994911575261103 -0.95289245444261139184 -0.080248053144361675137
5.8997351377944475814 -1.6422250109450915456 -3.2678461019678759492 0.2496001276100277555 0.0003257347171544480724 -0.9683489403070822954 -0.67768868746191646135 0.71435903898833130743 -0.17443969244932786 0.69169199733936170826 0.69977929185749065955 0.17852485402376222501
-7.6610980634845464721 -7.8318921945178621158 0.66876283790441515276 0.9043179176895299598 0.0046848365739904987426 -0.42683387406827971722 -0.38779214336659023621 0.4269261640341329711 -0.81691572637951337388 0.17839943186308521161 0.90427435149370205547 0.38789372248284870182
1.5719457003151096064 -1.5702865476941996192 -7.3714912053176266937 -0.38987611851328463075 0.0072570723336760796507 -0.92083871938246453226 0.38432536403497902233 -0.90743460407893183906 -0.16987187489345478841 -0.83683369122700201892 -0.42013066327222475804 0.35099800427646754564
5.3767574544456460117 0.78497989740817497584 4.3870051811376749029 0.98600731833203481003 0.0028118921428740345156 -0.16667831730165993953 0.16516693158698708688 -0.15185697749401702583 0.97450466550786907227 -0.022571063467080373227 -0.98839847817030401789 -0.15019652274616104859
4.5958833518647441707 -0.55339295071901650758 -8.8497099789347153376 -0.79903823809026797154 -0.00077781585423077526011 0.60127970951282294632 -0.32765715670021400285 0.83904244719376486206 -0.43433691930370149636 -0.50416136477583750608 -0.54406540673842362921 -0.67068185562000703914
7.1773075384871010129 6.2495776536477629648 -9.1754034422485641898 0.33483035833284002791 0.01640455950187841988 0.9421356173963313374 0.47097438692045118236 -0.86890869345427301784 -0.15225245254080294055 0.81613219395129710243 0.49470048804025013034 -0.29866313654173570757
-6.626712206278376982 -4.990349491143102334 -4.4856808037546374024 -0.87255422737382293263 0.011740150416983943446 -0.48837617587306464406 0.047917695298519628888 0.99694716761924206949 -0.061646082222187995048 0.48616151099144128134 -0.077191410430638124351 -0.87045302652480838201
-2.291776951071939461 5.1395728232622985843 -4.4586919406445337799 -0.56715317510105567322 0.0083736395286540497851 0.8235697651892119886 -0.47368764763943221885 -0.82133312659230228725 -0.31785516770373434259 0.6737635256129996808 -0.57038739232480217822 0.46978818017294116105
-2.2971622173679340229 1.5973845836310931467 4.6407605184410423149 -0.18499788925241192339 0.0024957817504477905826 -0.98273574883865322249 0.67864852856594404251 0.72358912036662415002 -0.12591647851799539493 0.71078263600583591053 -0.69022645266642312922 -0.13555621856638438993
-8.2129417652201972544 5.2629612471081994585 1.5726986940187686059 -0.50789674925713079734 -0.013198102557983664232 -0.86131684192443846992 0.84094431097156729926 0.20910315080479258132 -0.49908770588740852814 0.18669107621539493547 -0.97780452157478159325 -0.095103941291304699979
5.2640526334238355588 4.2148559127337410501 -4.8695135924422565665 -0.047588239688555022955 -0.0086078358801598541666 -0.99882994779119027573 0.32463534632324198004 0.94554439232425246953 -0.023615547041580507021 0.94464133477239287107 -0.32537932833226795859 -0.04220238539585666887
-2.3044231345501193786 3.8861711104629970137 -0.94047188687009652952 -0.12079498711303550407 0.0073366952192997422766 -0.99265036341698065225 0.79131515213627545702 0.60447343964208988254 -0.091826961001797671735 0.59935707311092401017 -0.79659150991610150339 -0.078822999445430599885
-2.1277089048642023883 5.0325800542263818826 0.15651748165025367032 0.12518909885598503151 0.0039292946834210027915 0.99212511820380200334 -0.73187041883684500476 -0.67478628097392467922 0.095021918737889191076 0.66984578789378645958 -0.73800273417681816479 -0.081600151889769600988
6.8570784556641468654 -3.7797072069342196876 -5.6416743562607010176 -0.10631581976005637091 0.0072673351820164147283 0.99430585450764019662 -0.1039483558340995456 0.99441279831794193722 -0.018382759887396536713 -0.98888406084237068239 -0.10531083695938846245 -0.10496638428957605349
-6.7210035971662209775 -8.941591994439001212 0.54976121386616161324 0.94132666709690082651 -0.00079197983804386211729 -0.33749589416825143129 -0.014246038950059453781 -0.99919921410133427653 -0.037389582956448168261 -0.3371960204194964783 0.040003791162368171341 -0.94058414855110894504
-1.9930429206912094742 6.2945911629648518826 3.3463872162623142792 -0.83800507990497474786 0.0069003524744425939405 0.5456187965871077683 -0.20298428049372099768 -0.93210222186357005736 -0.29997138175103099655 0.50650258432292372124 -0.36212958058265637407 0.78250705999447334182
-8.4619184888711558301 -2.4826399237043905721 -6.3327646027600490442 -0.48454865913437555891 -0.0081730105240714039788 0.87472612789942227884 -0.69948191114802726887 -0.596855703292000217 -0.39305002916226072784 0.52529768028018242187 -0.80230696827757719269 0.28348875770579096134
6.4220653473308786374 3.8760319320118461484 4.5893979930941153356 -0.02776096933308811604 -0.01847235193394728206 0.99944389577199399533 0.93075500773472630289 -0.36514400513400974146 0.019104216592431624844 0.3645880471965978753 0.9307677625105730268 0.027329985596045623664
-6.5435558603731935889 3.9244453148515829888 -8.0046855814752522207 0.41520527946893404092 0.0059824247691173679589 0.90970807762434702237 -0.17180511479706503386 -0.98146842391743804868 0.08486893060753700202 0.89335747516360863862 -0.1915305287592798944 -0.40648306006839229898
3.4029762109425569783 1.5702379071783225672 7.0569804690365192101 -0.92440277983144569784 0.0083137026864545174321 -0.38132713382024235882 -0.36267597429268344511 0.29037981353434083598 0.88552001759575582618 0.11809165216362374484 0.95687535564423975565 -0.26541272661613102279
-5.813375979594472831 7.4882313085817919784 3.4153540939527182729 -0.9655875645271378982 0.0058790613718642499921 0.26001171486679908185 -0.22632911031902452903 -0.51150575640626638751 -0.82893726842603188132 0.12812411581297622476 -0.85925973826360813046 0.49523420029951353838
-0.26021271648766369777 -8.2840231676011200079 -4.3205497906034118216 -0.35538111364685792681 -0.0037717958229152538305 -0.93471388008261180325 0.68789548155512392213 -0.67810062255489900185 -0.25880369422855670214 -0.63285390930211871119 -0.73495939972662549522 0.24357875571233231216
-0.49671179530672004976 8.4748292908100495424 0.14551749233935792893 0.58320997523655171424 0.018056714282883398748 -0.81212072985123429092 0.39699609720192385875 0.8658905627667963234 0.30434788009366758876 0.70870319851893037733 -0.49990747982026212393 0.49782756857008730877
1.5239707622820743982 -6.0385237692858071412 -7.0067876087179215006 -0.01563283711928792688 -0.004643092308038936078 -0.99986701920669340815 -0.1935819846384681242 -0.98105480114961507443 0.0075823719457395041474 -0.98095954535682106101 0.19367477593815829451 0.014437850887523962645
-7.8981562960792892625 -1.5497631777040150602 4.1920724138927960567 -0.15859844845545476022 0.0011643381223225145356 -0.98734248184936967974 0.97269270138439567486 0.17181271844568649088 -0.15604261742795189072 0.16945630947529558008 -0.98512894287848640218 -0.028381773763986654219
-7.582585288236606047 3.0572724289677037923 -1.005895003029411594 -0.45833108098072211645 0.0109557872740184397 -0.88871400964093894004 0.74823517898349567457 0.54440153696993920374 -0.379171575248120174 0.47966314965653583657 -0.83875320402962549871 -0.25771365037907201234
3.2765183039845431345 -7.2552992773983673302 3.0058847698882544819 -0.97155786348184436374 -0.001368876730192936271 0.23679831942600246264 0.18607797808576662102 -0.6228902884730039835 0.75985700930985855539 0.14645922291883467503 0.78230800500974417844 0.60542867566672786683
2.3603793719105898852 2.8423167796026373999 -0.76745324738120679342 0.97360344448378122184 0.0099390862020255505566 -0.22802970739554151436 -0.22715096110282251285 0.13994691641070394761 -0.96375168039141823062 0.022333243371316355286 0.99010912285097096852 0.13851047284557346795
-5.1455989489359685862 -3.9138221757389324296 1.3555125423846916544 -0.98375968753128706368 -0.005194376488540848949 -0.17941542754562522788 -0.10502849199683379766 -0.7939282869059302028 0.59887134771958527857 -0.14555374628412912075 0.60798922170002123178 0.78048908591940691082
-4.9283791322955119441 -7.1263462380878968006 7.1845663473547629607 0.24159907414042108842 -0.004144752168394114436 -0.97036730592279840657 0.96600452568307948464 0.095841424744544823078 0.24010347282453342599 0.092006215735509169762 -0.99538798582872911602 0.02715904883510949705
-5.9369443705813758072 -6.1121370993555137474 2.2839241574407340707 -0.80755820210065032416 -0.011770051727271753361 -0.58967043007284536404 -0.34072469159108126346 0.82539185064680198334 0.45014994993470264228 0.48141087935365195483 0.56443755967198849799 -0.67056230618164580637
-2.6640322529579787414 -6.0867784876781323433 8.1486249508135717434 0.97822764743108137075 -0.013305894588252807978 -0.20710775690496258106 0.1932739743736155702 0.42195063088370537985 0.88577809632368720294 0.075603178708770368832 -0.90652116261348969495 0.41533545611105288087
3.9917722452381507736 4.1156718384929673604 -6.0257322308809229128 -0.25048982470303837733 -0.0046417948997328978625 0.9681081042220422983 -0.96807893637758324346 0.01032466115958302795 -0.25043277404145930509 -0.0088329305687096133781 -0.99993592550326326762 -0.0070798464332855297332
-6.8320335745369344949 -7.3765998970874360197 -8.1815300951883305203 -0.98699565054230620209 0.003141284804289193669 -0.16071626594773763541 -0.11548017866396598219 0.6816440188514943932 0.72251350153427518208 0.11182090209868930653 0.7316772265783824114 -0.67241692569430222548
-7.7820973018535894994 4.1118205570848518349 2.1498412354829761206 -0.98015802082912173443 0.0036729429667283434308 -0.19818366152200203589 0.18531038992990256364 0.37187409076874394787 -0.9095986587494544473 0.070358464937592457566 -0.92827591270302234339 -0.36517600729897836676
-7.4134781102683620091 1.7103113140898651423 3.2109297227301385469 0.99296086512448411554 0.0010379561558608169092 -0.1184383509601287382 -0.097184196847647369433 -0.5644629398237981377 -0.8197175254003847833 -0.067704890622400648592 0.82545775919350428129 -0.56038873612281725478
-0.50629810371146077852 7.7311087317966320498 -5.6152145064929737117 0.45568145651039970723 -0.019042487600582219676 0.8899392079567717273 -0.76085608078622057882 -0.52724161707792660536 0.3783045090289839929 0.46200912818165834617 -0.84950200758277150115 -0.25474282048728469352
-7.1107142624480319526 -8.3579035613922787462 6.4997999641677619564 -0.50209877197470453858 9.5351735831216734296e-05 -0.86481027635522378372 0.30453651859005770319 -0.93592686969219807125 -0.17691354790772159666 -0.8094160438405239022 -0.35219438595211949306 0.46989869384471494307
-6.7389883431512256351 6.2540000795825347879 -4.6158448733888564064 0.46174191643578021971 0.00010423503651885352751 -0.88701431315464629446 -0.87637397259752480849 -0.15437267839689317039 -0.45622114847748251876 -0.13697832952613667179 0.98801268478676629314 -0.071188987495238137404
4.6343233865980621999 3.025422364199090719 -7.3384859568067879465 -0.99969408703229301061 0.0071558910667210507209 0.023675421345651648242 -0.024700682045466382242 -0.33794117484596847278 -0.94084304676697838588 0.0012683293510559203419 -0.94114002973336374769 0.33801454964829658056
-1.331380982493399312 -1.7327156310052980182 8.4089432865420192798 0.013572473427795758716 0.0055986395158283295756 0.99989221579163556353 0.7898639496861081799 -0.61323880148385878641 -0.0072878900014878445629 0.61313190175632781287 0.78987772951880530492 -0.012745330858774847269
-2.783619600585506948 -8.3002750219357839256 -3.1847133687465274399 -0.96293006682886650438 0.0059011117349659306802 0.26968660196115473715 -0.14599805011009350797 0.82927069964451860518 -0.53943922370840602376 -0.22682648822620588014 -0.55881596576293091072 -0.79766813942103398372
6.5017414661500732009 4.0652222174099330587 -7.5974196480115345764 0.27469311991500366954 -0.0066222987055540461637 0.96150914453852365238 -0.91807778566920128505 -0.29902466125613091918 0.26022573166795626154 0.28579165371420628405 -0.95422240443243200314 -0.088219802463529617409
-4.4941066667420868086 -4.9855364585360595342 -1.0926428541341326461 0.6721947456276851085 -0.0044073734888301057538 0.74036126249934908206 -0.63318608082756511202 -0.52167122362687345927 0.57178188278901498354 0.38370510942243546415 -0.85313522345422232451 -0.35345534301353864759
7.7213706099795569315 0.54205856771939631145 7.9383741151217419585 0.43290344982847717148 -0.0013475696818013467842 -0.9014392864651690207 -0.63910797893497228728 0.70476358128690586025 -0.30797611230989624387 0.6357165991135407257 0.70944096198892914185 0.30423334311672378671
-6.7193126255338153641 2.9407293456800061016 1.5963732541616930671 -0.38710333619760856072 0.0051032123875818027892 0.92202221466090250601 -0.69106143395940033969 -0.6636058967452208579 -0.28646345019734448245 0.6103974947513034488 -0.74806495107588433235 0.26041068982069126569
-7.0826480230472368405 -7.1501922368046191281 2.1623314139300764403 -0.41153631527991746397 0.013754341341516658492 0.91128956940169691947 0.034422577207154934908 -0.99893811350714056818 0.030622402928068746808 0.91074307429935974501 0.043971166426724397902 0.41062585054862144052
6.6444636927640363666 -7.2092445896811980788 -8.1804395370854301461 -0.067246784684997146231 0.0055964044613292952129 -0.99772067744769998843 0.99206357996077709771 0.10685811357132053712 -0.066266106563180618427 0.10624369752874263106 -0.99425852966969774371 -0.012737853599935674426
-5.9472437453555606623 -0.33577785710707325206 6.8852909101417711923 0.96062952215555552637 -0.0032524865095358334102 0.27781350308167029883 0.10192482424052526357 -0.92608800126638768369 -0.36327998033702746383 0.25846131502884084341 0.37729356639337108259 -0.8892959650149248052
-7.5694521909027798756 -8.2414048478053416602 -3.2792396016545657389 -0.49471174439573345483 -0.0042005493942803241378 0.86904697533646180219 0.82964198508209585636 -0.3000221663922565396 0.47082998657931590669 0.25875561162233257084 0.95392298172230105546 0.15190944143122747656
4.7474214512584298475 4.4170841880284701375 1.0179027344536704103 0.070489356056803412209 -0.0033817143187757380852 -0.9975067993205419814 -0.16728844953798530093 0.98579137861008347965 -0.015163525616454920711 0.98338488158688441843 0.16794023301839730578 0.068922077739262482821
