1125 17.292696884352682929 17.968806560800352656 18.477561601407678893
-0.0097269691341331648848 8.7685465821183772306 -0.87163243248310751099 -0.62256175123126034077 -0.010320110244459937063 -0.7825026269785803068 -0.34403472245919991535 -0.89449584360620770784 0.28551233863643887823 -0.70289186625427280131 0.44695713563576983107 0.55332842260106573917
1.8947910628510957753 2.1109810207029044982 -3.0348379192933130355 0.70634664491069532044 0.0023111489404208426096 -0.70786232829129802635 -0.36936859301703595104 0.85426317771174808957 -0.36578855326284398508 0.60385533012126213492 0.51983562959478635257 0.60425959527994543841
5.9048634969587698862 7.8122425406172464335 6.9520874809482373635 -0.97296207169194215414 -0.0094119551491202192717 -0.23077309667546863636 -0.2309099445754003721 0.061443955741613376365 0.97103307760292900674 0.005040292163838654485 0.99806615782903462808 -0.06195595251324474001
4.9310125061749596753 2.9361540071527403306 2.7221654615103294539 -0.55975466210801883005 -0.00076420463863129117765 0.82865803214590549874 0.82242560735112801851 -0.12293157125977445532 0.55543131813124391183 0.10144377073879153051 0.99241485517857519483 0.069440021596850365349
-6.2458013733653992006 -8.0792688122545612828 -0.13354731740212361091 -0.98864689896685331583 -0.00037543196408824051902 0.1502570072046970906 0.12984028632449026719 0.50115202264550162692 0.85556306035616658257 -0.075622808797580196027 0.86535917932914607764 -0.49541364690564188011
-3.7826065852641441722 -8.179150527546722671 3.0572711372520995354 0.93582255151252269343 -0.0058014209610366841013 -0.35242374436928669557 0.13870254863815312252 0.9252552701012872749 0.35307830314408811256 0.32403357091766665787 -0.37930071007647547798 0.8666794195396076983
-6.6472778560381051705 3.2879765011853576695 3.2546640272259166338 0.98831337061980428782 -0.0036784134338907880507 0.15239143915796579676 0.15223559145455814456 0.075041536222510488163 -0.9854912950075184197 -0.0078106432830175164667 0.99717362435856493619 0.074724539045195409459
8.3576464623815436283 -0.080437132809298414471 0.40957655079376931173 0.9965403588173988858 0.0053475650238662174665 0.082938029857167944181 0.066169709191416833938 0.55277135665868615266 -0.8307017496329742734 -0.050287998904488470653 0.83331580496598733898 0.55050511928599898948
-0.69842990685381534099 -0.43716873881903933752 4.5061120565864252185 0.8837729547359031157 0.0053515925395699057501 -0.46788537585028827648 -0.078939177598568985306 0.98730755576701967335 -0.13781290420520894702 0.46120924829996229333 0.15872980433030911551 0.87297816610731071574
-2.2234541292231093657 -3.611347977291618605 2.2820010038753073545 0.98468004776571960157 0.0036166644718760472543 0.17433336820669967371 -0.10711377019042711556 0.80145877718142322088 0.58837952778344504434 -0.13759303677070949812 -0.59803908586066323316 0.78956786156441771674
-1.970166444454413357 2.9579395706314088876 -0.14405201671352743653 0.97605638294711560832 -0.0060224431391773360425 0.21743428314553384095 -0.007955333840280862448 -0.99993623199294690007 0.0080152736171881597965 0.21737214626511414117 -0.0095531212858553683775 -0.97604205232252894131
3.7141469882194946273 -8.1847433409801482185 8.6990096465778332657 -0.97207547085453227531 -0.014492998207636205096 -0.23422047725477923574 -0.2245860954040001245 0.34687186793100754922 0.91062670342426998982 0.068046783272618732719 0.93780054395432022041 -0.34044056022352070512
2.3819213626939319539 2.0874213954284814854 7.1429668261695731246 0.012000459133840131465 -0.0065080504033227792871 0.9999068127883808943 0.84824452975766750917 -0.52942945313805722662 -0.013626147163701234771 0.52946879673599722693 0.84832900423728518913 -0.00083297836259797405911
7.6203036535485386693 5.3657518611400956132 6.0839635539119640839 0.57592443403508974953 0.014310735841742170532 0.81737766615017726224 0.77477133638372974733 -0.32858195564307718373 -0.54015115916170786114 0.26084559148919161942 0.94436703736709792789 -0.20032592477083860372
-1.9450673192866674288 2.9053923105500039092 1.0902046440524923998 0.99755275926356201666 -0.006918156986397978013 0.069574647605369369097 -0.041894348743868520257 -0.85581800213278691469 0.51557774464094652256 0.055976388136720969801 -0.51723078633196262199 -0.8540134411361994804
5.7765438136338671526 5.2291050432511525514 -3.7171397404236343753 0.98251123853111588247 -0.0091867770599125195274 0.18597652886093371527 0.15557311272642038169 -0.50831861162323344061 -0.84700011551001852528 0.10231653217591422933 0.8611200800146321388 -0.49799953317136891329
-4.2263653886249965552 2.0743980701372541908 -4.7885376041844063266 -0.94593681497845283346 0.0054821136126911845093 0.3243046229991493612 -0.31539592331476840048 -0.24887116276442453056 -0.91574480937666868918 0.07568985153050371284 -0.96852108432092876011 0.23714543132988394336
-6.3884908681082146487 8.7408995748340370113 -8.4916324871604125235 -0.51416506725429211855 -0.0049717149813055189558 0.85767684221137352463 -0.27424231390766123928 0.94844075817575379528 -0.15890651809683251083 -0.81266563657993540204 -0.31691546235732315218 -0.48901856083475619963
-5.0762929306486617165 -1.3979608712220055189 -6.1008843461350723558 -0.30191869687740252592 0.008292786735380622623 -0.95329760839092270164 -0.10845533575565083351 0.99317139879762217358 0.042988518886380680528 0.94714441381548519772 0.11636924979599103103 -0.29895761753112715109
-6.6154685761528995158 -6.9587028363088121452 2.1172460232693994797 -0.79215317389487527322 -0.0040684699867263272866 0.61030877155763230135 -0.34195025497613912302 0.83124472913945368635 -0.43829467644481812094 -0.50553276076842212916 -0.55589175909534049858 -0.65986436482049781738
7.939728292167569812 -6.9279579922140355208 4.1652429224829106147 -0.87494718653983871715 0.0026552296899836585857 0.48421108054353778627 -0.3228643498894223085 -0.74844757303022824146 -0.5792968513599526803 0.36086844186813166191 -0.66318864599780291691 0.65570937730315803638
1.8562237847737077523 3.1621840302594432792 2.1454847677567685515 0.53414329174480978946 -0.012489250036963087456 -0.84530169910956098889 0.40871996366539470324 0.87908219783952512572 0.24528041247355658605 0.74002630709011241184 -0.47650656666555180063 0.47466046468961786697
1.4698422951690341964 -5.666771083456805691 1.6270971611121238798 0.32285608545046662332 -0.012898496061475568306 -0.9463601729189531353 0.2442687913768538388 0.96716674477756470196 0.070151588404947437527 0.91438323784239661229 -0.25381512286672791578 0.31540636924009401998
-8.0040067685719442636 8.6338175785469211121 6.4606070867241536249 -0.81127686230348927676 0.0024156736162458461448 -0.58465717921885829167 0.56937750628151784227 0.23042317977432949516 -0.78912255927929697563 0.13281230376701036455 -0.97308752059808545365 -0.1883124245088918236
-5.6606956010661981793 0.81597324364718359924 3.6060602789374920363 0.80501011723234894291 -0.0052763623771297030532 -0.59323761778368921949 -0.59040924855716037101 -0.10505490139954065665 -0.80023770650352354927 -0.058100175315490255878 0.99445242605779304856 -0.08768547163765906538
6.2741862109107904288 -8.2278995297561312583 -4.4556272227818460863 0.084294173556246410062 -0.0085625766322830580701 -0.99640412212407991621 0.45524240182610881122 -0.88917050051704482616 0.046153836137782025539 -0.88636834774504646983 -0.45749590521894922812 -0.071053844539914715051
-5.1180824712974688495 -1.6022548965770768703 -1.1236922747898554498 -0.94510222902125651245 -0.005099261954180516615 -0.32673502142637173007 -0.29164200315080973658 -0.4378572877149936593 0.85042691490398203413 -0.14739985989515119735 0.89903002904373341408 0.41233273964155120472
-5.9037340770436035342 8.7988934301433321394 -6.8558868394529399737 -0.66950598393009830289 -0.0053120968007907380659 0.74278766758052849895 0.73833600272029231704 0.10478712895895457569 0.66624290216965964539 -0.081373733901100919752 0.99448048710475034362 -0.066233497558948042916
-4.3787126513475529421 -4.7284513196797464119 -1.600223705384690831 0.66765929767800458183 0.0047833166934077072513 -0.74445159822847140063 -0.5866606551498757538 0.61900745879538165983 -0.52216763750211614425 0.45832339883853928653 0.78537054046916465744 0.41609226890206363336
1.2478816578549398741 -1.3483987506743457807 5.7161184912457745355 -0.87529076631171409684 0.0063585731656259237426 0.48355521190138095466 -0.33295893308584789683 0.71724512591024736086 -0.61212562292100836103 -0.35071986440464258949 -0.69679193300819841639 -0.62568089215411015758
-6.9716974471712829242 -2.6979307379376722409 4.1517722000098133961 0.71746112049284793688 -0.013511098528114728196 0.69646750878808738605 -0.2409356654605029624 0.93329118221923446086 0.26630353790552535598 -0.65360503799320979201 -0.35886629739834385866 0.6663448318262557013
-0.77161152421864120932 7.6680201267923102648 2.8827421753760669176 -0.65877504290586486047 0.010849216485142774979 -0.7522617478948920855 0.74451175654026102713 0.15326825544568306592 -0.64977772064438632516 0.10824826657997570212 -0.98812506110017639394 -0.10904667077983140611
-6.5558217245127909933 6.4832571101764191468 7.9354786194134296906 -0.19954456791757910206 0.0062893007816805582277 0.97986856777316455602 0.12404438671625198087 0.992096789431615389 0.018893134289079321908 -0.97200563554871854954 0.12531721787032656934 -0.19874767763767886564
-7.2009456270604514927 -3.4862752664729641516 -8.0821703287558221973 -0.12653404904195403313 -0.0029898359777523336733 -0.9919577588354921982 -0.73712418546564262289 -0.6688972722266586235 0.096043606811806403467 -0.66380499367999645788 0.74334884145236712616 0.082434399838277910844
0.59651298940082586597 -7.0359212799150210316 -5.010730478316128611 0.96660989929240404006 0.0028933279503721197681 0.25623608497376443305 -0.14363030758556197264 0.83421674084271413285 0.53240282121719562092 -0.21221601572966428129 -0.55142910509945286535 0.80677772943767933622
-2.5599725305343428161 -2.4588821035512751223 1.627020697998860399 -0.98537480324731940851 -0.013725126468015843781 0.16984733742064411777 -0.13656296910274992595 0.65976428907043982441 -0.73895983540185483651 -0.10191689062824448031 -0.75134725910902522283 -0.65198945055398938031
-3.7046417162301166215 8.8683688668922364684 1.0328902768323824368 -0.74158333393105979603 -0.0041616013468555902721 0.67084785153600567931 -0.6371699020491201626 0.31728275361927277265 -0.70238605494309036548 -0.20992540284274482931 -0.9483218521842549098 -0.23794324935034380508
6.6870441993826599258 -2.2427423125698533468 7.3264319022073527421 -0.50720496506319801 -0.0056439959916961546238 0.86180697880927970012 0.68378596093785015686 0.60603150057738719436 0.40640199302200402665 -0.52457590779553198157 0.79542062182030837114 -0.30352290085483202287
2.6230101356203987528 -2.3039422985298338986 2.7627164701238320355 0.84942104583919375571 0.0058624974497048015429 -0.52768316062693554347 -0.29918103152960590085 -0.81836119641038285177 -0.49068896725128269276 -0.43471208547551937196 0.57467432806161189429 -0.69337927529490217538
0.046500919166492814261 -6.7955227909735631542 7.5430293429157098117 -0.97630989912803700648 -0.0016035353584574708538 -0.21637099976428536552 0.083649503785877918349 -0.92502279550216914839 -0.37058816537688210602 -0.19955385584106019592 -0.37990822112120203879 0.9032430471049522902
-8.2273709270239052671 -6.1621398395680921922 5.6068194617211455366 -0.57116050669887230562 0.0084167421742689964292 -0.82079524489278676835 0.68262171424711892698 -0.55045261470224471356 -0.48065529665900591505 -0.45585444039283895545 -0.8348239799016166085 0.30865134335536376087
7.2803404743799235987 3.1179206276316602242 -5.4595020429454867994 0.54297569069897633209 -0.0011957689164715109252 -0.83974756292989671813 0.82730018728233312153 -0.17078335776029396342 0.53517048202868355844 -0.14405484869558177197 -0.98530787820284670975 -0.091741951791204437439
-1.2296182629459346813 3.2360232089593896632 -7.0605899423169811158 -0.99995523605702829606 0.0073842219403155101923 -0.0059160078230054476828 0.0043023824552992527212 -0.20202252371603079961 -0.97937142566883417238 -0.0084270627996987073488 -0.97935303807047358049 0.20198171064440093025
-6.3175503710157947523 3.2770801380722178742 0.68093915580417907485 -0.33375578516558723763 0.0076478911276954761322 0.94262855124887945379 0.88730732026179937044 -0.33506493622850830327 0.31688674304888442279 0.31826529072209386317 0.94216399754579238657 0.10504383109020344611
-3.0776862529462070128 -0.059011700754245333123 8.0668575938737454578 -0.70546564791453014731 -0.0012081216919390073278 0.70874308466069091406 -0.11301773742489007457 -0.98701087854071789529 -0.11417756640192422424 0.69967507504535053631 -0.16064889070303561835 0.6961657297483675455
-6.6476677958700030047 8.8603294096676226133 -1.3641597767238158312 0.96182889241555724613 0.0037490175943511875115 0.27362588799607595602 -0.25671543883188174817 0.35866482205660371596 0.89747241121055432167 -0.094775340567955293491 -0.93345888516096109377 0.34593661924414331743
-0.95578681264942944029 -7.0015507201629771927 5.8663827305689890679 0.96289540286705144201 0.0035612119469480289953 0.26985136817753208049 -0.094275510474488483093 0.94135665726174522216 0.32397495575123469447 -0.25287263842208829168 -0.33739437102403863067 0.90676373280954669642
7.7346716114706017819 7.5969628270949662863 -7.7223187144499512158 0.66469325843633264572 -0.0020943410138820526233 0.74711343578151323541 -0.57871075911635350142 0.63101482793240315505 0.51663734302931862974 -0.47252167090258573312 -0.77576794253503533749 0.4182192844221181427
2.5870067781890559999 -3.5147785489305674034 -3.2134160534683480215 -0.99995852445456356872 0.0045855134415379722457 -0.007869081083181430486 0.0090287457032695670606 0.61258402952339707781 -0.79035390080888690001 0.0011962949628505446104 -0.79039216838184300773 -0.61260002370144306383
1.8524348191230599614 -6.7850194271417247904 -8.3298142451023728938 0.88017151778309310473 0.0016785431173484679709 -0.47465280129393960795 -0.41697170899373625641 0.48052552462750547368 -0.77151138298802746096 0.22678777123581098096 0.87697913468601185194 0.42364478533715854702
0.61831825254352146271 8.9634112665141589815 8.5181078451840299692 0.1690524140863001179 -0.0036275324569312412601 0.9856003867187109746 -0.52219597013988894307 0.8477736795732796482 0.092688494391958364815 -0.83590229695897610984 -0.53034576384774023694 0.14142390430017170999
-1.9273116909749019587 0.045714075115596240761 2.739291265170406664 -0.5296514058342686182 -0.0032819251645599578811 -0.8482090645973835441 0.81785391368829019054 -0.26713031642795886933 -0.50966299640967516194 -0.22490968000977062946 -0.96365482565712667906 0.14417008297743627576
0.20575268535291116323 -4.4703089093630339335 -3.7533662600384247732 -0.24592476910542312996 0.0020961931802428949295 0.96928665208735820258 0.54619914953791981471 -0.82581102869301770131 0.14036607116104576898 0.80074184165975770266 0.56394303866913952916 0.20194244762367905
3.2087477801281454326 -1.1350780921799699108 2.6164832870426502076 -0.93907506422852127237 -0.001097663519373154534 0.34371037063068299311 -0.19007642435028532235 0.83482848518449148667 -0.51665496535968835623 -0.28637209474828168032 -0.55050903304062437371 -0.78417525330119985938
-7.6483153117258861897 8.7487529857308334869 -8.6781108829168136509 -0.51645021491821108128 0.0046633946962002965908 0.85630451841664367851 -0.50402055589524552559 0.80676360101798383351 -0.30837602258791296794 -0.69227339595425552154 -0.59085594252929485304 -0.4143027883471681605
-5.6753310925200430859 -1.3183342861892466402 2.517960328229524869 0.73042710840493241253 -0.0053815383842004318321 0.68296945638295425418 -0.39563589876561594538 0.81177665887703986947 0.42952402925778665477 -0.5567301634679177047 -0.58394322938663922873 0.59081454783883813331
-3.0539807022768274969 -6.1608089137788919487 8.3012568469851828468 0.81304505450080644113 -0.0041093687703963356628 -0.58218626953945107338 0.54181506511569588191 -0.36060488227473624923 0.75921048075844688174 -0.21305908702899958862 -0.93270961824564224685 -0.29096149825441280923
-1.9319201671092052219 8.7028126405834136392 2.0599314861609090421 0.13225005942090817257 -0.0081470514688398824876 0.99118290306861800421 -0.43883971909949842649 0.89614419755922758437 0.065918723603789572407 -0.88877985053894192902 -0.44368818187223713068 0.11493987359888895028
2.377011054231661813 -3.6092170482534391418 5.6975579431661724783 -0.24147396368226267671 -0.0059046087380305780495 0.97038933447301922719 -0.96798356423730103071 -0.069166311114916112501 -0.24129616816922297429 0.068543010073699381368 -0.9975876688302381945 0.010986299086481661827
-0.44077290840655897197 -1.4296162324825967271 3.866611880551938274 0.93624344066266040887 0.012467068157883875665 -0.35113073352759222034 -0.17006996303189683695 0.89057276623191194975 -0.42184873559204705273 0.3074482517277578042 0.45466990252022526642 0.8359131846382226172
4.0741897528327806199 6.5604898644993259182 6.3548033323279202733 0.99284394888108451482 0.0082764359730065888837 -0.11913183360516832465 0.060489668404929280987 -0.89500176112365803505 0.44194213150782346577 -0.10296549512733742249 -0.44598581613436599769 -0.88909772163723133076
-6.3933248443925405624 -7.3238950272313658729 6.2253803668757496936 0.75642094532703529897 -0.012159469766319135758 0.65397209479109741359 -0.1104529959109070425 0.9830940410175765809 0.1460350718493461375 -0.64469177842185854121 -0.18269716421090767544 0.74228987398763102146
0.10472672092987547754 7.6781099572896662764 -1.6635668155001495094 -0.30029979236864501324 -0.0048598829413109877542 -0.95383248856426450235 -0.9373325455262057071 0.18676576776324951834 0.29415344140294197306 0.17671370575226744148 0.98239245188967361244 -0.060641047729299388247
-2.0613480318958865567 -5.96537858177933078 5.0762270471907342539 -0.9788893150894766304 0.0037951294487129764478 -0.20435583132328483114 -0.16742880099345316958 0.55857846082001438859 0.8123778060150256275 0.11723184465534183807 0.82944300593856523651 -0.54615107296265186232
1.0459640805517056439 5.2347582331595878813 4.0651450656113707893 -0.81729455027027608782 -0.0003149155975078633124 -0.57622002648879799835 -0.49853470968927093843 -0.50107313394984287491 0.70738169164076825091 -0.28895114004551419873 0.86540488516160252175 0.40936734530812318722
7.3259036020339722839 3.4194603613932086361 2.1072723149593333147 0.53511854728519003821 -0.00071905708846988001907 0.8447766706699655348 0.27426436574544793556 0.94597870112895232619 -0.17292586472991211544 -0.79901639409553326665 0.32422797530022523516 0.5064079600470691167
-2.0367779873816473923 -5.9335296943839965778 -8.0555332341574086286 0.92442496841783472483 -0.0054241361902828584551 -0.38132539452849817385 0.29563486385286902314 0.64183956435519773365 0.70756059874960841594 0.24091182005126376975 -0.76681976524811490403 0.59493608277237719495
-0.44786180986108259372 2.2746045043383591455 8.8292321141249345828 0.99028763526846719234 -0.0071554510731298174783 0.13884955511070784517 0.093343664944648518933 -0.70591964530580930681 -0.70211424610690886805 0.10304057283042886151 0.70825578281545376047 -0.69839558021186842751
-4.7983239306827814019 -4.8050826200584406678 -3.1078461988260785986 -0.76407078905979053385 -0.0082245211346357437882 0.64507998462004423335 -0.61979540002459787562 0.28683488615091318197 -0.73046520122087932325 -0.17902371746121403806 -0.95794472979324341022 -0.22425967815796840621
-0.36495029626921149379 5.4086351977419013792 -1.0284975360080508278 0.65624564273314189844 -0.002738276170979438498 -0.75454235019457482903 0.726208838402482737 -0.2691897025750311645 0.63258013488678255243 -0.20484720993876293083 -0.963083280859426627 -0.17466600902610915358
7.2270135200410914322 -5.7429195973414701726 9.0660264820531821783 0.982480729900701788 0.0091072544388495872691 0.18614154101294133614 -0.11204844437891695041 0.8269848956404580731 0.55094566746204565177 -0.14891864049336506204 -0.56215037160850767073 0.81351717757782804341
-3.7704979344778921657 -4.7813248012840627865 -6.8492784132478616854 -0.73613182167940738321 0.0063002635945385108279 0.67680887094476949173 -0.5171367629250029907 0.63989623417294150265 -0.56842095134010584001 -0.43666864959853751715 -0.76843549903006258539 -0.46778988262672166476
2.8561186532045530484 -4.7678417354991617927 2.9187886966103784303 -0.49437233445591782788 -0.0016013106489196819813 0.86924877378598430777 -0.70030692206668876398 0.59313164372749760389 -0.39719651070287631534 -0.51494291900161182074 -0.80510389951437077993 -0.29434928428106893472
1.6090675757344021779 6.6704577494511321234 5.4838677828044710694 -0.236327462738733729 0.0033742258117394324096 -0.97166761032568838008 0.64730892991302113604 0.74633367183714360849 -0.15484572818505992764 0.72466577096647122325 -0.66556341912902539093 -0.17856330952118890099
5.6384377401576042388 8.7583812959421880606 6.5883556162925973609 -0.97152754445245004256 -0.0074524928490168722284 -0.23680939745015994191 0.23655214683263658948 -0.086685617474627968404 -0.96774412194120129627 -0.013315862693257704205 -0.99620784180478461067 0.085980368267019352535
-2.6285771686965566651 -7.9828351303244486914 -0.58173173891860685547 0.83338560122369531591 0.007725866913014653968 -0.55263799240857292006 -0.34875567746227753574 -0.76834565855054137717 -0.53666975545897332989 -0.42876324132413901058 0.63998848424554388714 -0.6376337686496263979
-6.4159431932958446154 6.5101334996573143599 0.83154568445978915836 0.98304747704874351211 -0.0096325837318553576838 -0.18309798250758269056 0.11799089453993737153 0.7976040738391219076 0.59152843566550450394 0.14034174957348841128 -0.60310443102834399021 0.78521922964285284507
0.68999048630124415471 -2.6469383131935195763 7.5200877007983910616 -0.29862609340163009941 0.0062039693361727720616 -0.95435002336881313845 -0.87326688729579560189 0.40162586906832548062 0.27586519325159741811 0.385003116730709527 0.91578281926436799765 -0.11451824329790410983
5.0058978536963305572 7.6249945973824946321 -0.13492204017873127286 -0.91796443178042164135 -0.0088549183800316622062 0.39656385665716925581 -0.35225296026439723018 0.47784659399035628313 -0.80472385611254326765 -0.18237092413893871146 -0.87839866975772262769 -0.44176534834296699028
-5.3985413345698862742 5.1762956619858879748 -5.2247035367365768366 0.99759761065540852876 -0.00050160206487562231624 0.069273051108397792897 0.069098747193690246426 -0.064054677745642635278 -0.99555128516566093744 0.0049366335455216965589 0.9979462644122076842 -0.063866133395952373597
7.2873425891751306693 -2.325504401845793101 8.8765498524705108707 -0.45791321226739856165 0.0045671291718831913409 0.88898516937134575144 0.60845805269771824353 -0.72745683397476679222 0.317151939630030133 0.64814681063667856087 0.68613824848550819535 0.33033318910896092291
-7.0586084223805798388 2.972394881299940117 -7.1868987102074068929 -0.97658144202433105896 0.003871944946759178427 0.2151132146941659995 0.17660420587018818561 -0.55662526070513052012 0.81177538372025370705 0.12288059880522149425 0.83075467328647645271 0.54290609800400302376
3.6901554925112942662 2.1130107006565870265 -4.2765289700282744789 0.51587688423796618231 -0.0095680693028195751976 0.85660929971531329929 -0.50567396220570837162 -0.81054669702531023656 0.29547909551866513578 0.69149467406209708109 -0.58559585380289591594 -0.42298062810578135329
-1.7439541534710978343 -8.0131443305743310646 -5.8686588754957647041 0.99781586186374082725 -0.0041158126274984481105 0.065928490802658140657 -0.032702259685366774633 -0.89794777886210397355 0.43888534795277223122 0.057393972022954230228 -0.44008277235377862846 -0.89612113324735465092
1.8017236856234737363 -1.9545126682538449536 -3.4887233429178197142 0.81671846311568341292 -0.00062805197725710826609 0.57703601062380949216 0.53239758780221346779 0.38647907431486561158 -0.75311800776453907691 -0.22253934597847216392 0.92229796197724012163 0.31597896895866317557
-1.5326127122891670673 0.9272662726187530513 -7.1827568241650361358 -0.92881763286064988883 0.0047919117642246612451 0.37050619761176889488 0.21985188874787620072 0.81201688150681916589 0.54064196207992132326 -0.29826657858543315083 0.58361427478191729712 -0.75526910857608298144
-4.1237113830750136145 -5.7929412979304402143 1.2978841969566481396 -0.75983508486477868704 0.0017565305687098295168 -0.65011349655952632709 -0.63147306169911443519 0.23576528615577832526 0.73868565858043722105 0.15457171849002307451 0.9718084402001461175 -0.17803353447830733147
8.6080000186216718561 5.3583830583875196041 5.5419082636207823711 0.59984852029694846198 0.0085918365566239433828 0.8000674553075169948 -0.80005496922653951408 0.018544677436623038802 0.59964000963478625295 -0.009684983930686936679 -0.99979111582549784476 0.01799793885165847096
-3.3374258896073851766 -4.8191412692212391988 -0.82203104564825479894 0.80239738950589767352 -0.00093344317150406870554 -0.5967893749036322637 -0.45504190778459058242 -0.64796519315841993869 -0.61080108923863773995 -0.3861285944785375901 0.7616693752139126472 -0.52035033524251106396
5.7998006007977718212 8.6043351965341319243 -8.5888665819073590768 -0.74832909252553270196 -0.0056441126664425050885 -0.66330363580523887812 -0.5411605030217000456 0.58346999290489365286 0.60556426359966886164 0.38359989474646150054 0.81211508505369212063 -0.43968194115589859239
5.2038461517555152369 1.0815087671549692416 -6.6013729393163016468 0.47788293177909751952 -0.0096864368523703094083 -0.87837012497880206929 -0.32897578883552952567 -0.92914121944660699182 -0.16873507248150396154 -0.81449544742392054886 0.36959811588596763743 -0.44720733319053823651
7.8272084017312462123 -6.8042616080469171536 2.7353142587638563654 0.82108488701446347147 -0.0094296057705050961156 -0.57072821101786097575 0.1370468656937884333 -0.96736061666288108984 0.21314688347023766357 -0.55410988523936643979 -0.25322819721462069831 -0.79299288471933859768
0.31400745163499227397 -1.5183613827370165961 8.5963654034600143206 -0.11369967109342053735 0.0074570086424814597398 0.99348718049860018642 0.60730490255341729178 0.79192235478183636843 0.063558943758273894753 -0.78629074783321339925 0.61057626634118911113 -0.094569989177179764051
3.8863590072450659996 1.0651050479413226579 1.8674793661398525479 -0.49251139892662226805 0.0094376403576331806267 0.87025482065430836975 -0.80458970406088281546 -0.3861199781735205061 -0.45116157923143990205 0.33176487162855333723 -0.92240028913701710422 0.19776191886619559623
0.27266972434294006744 1.1556968722373077707 8.6859901383359172655 -0.96421806245661612067 -0.0069282630435350744599 -0.26501986190339932303 0.17370547923578358307 0.73867016110686811725 -0.65130085181415020568 0.20027464771054656612 -0.67403144753148802604 -0.71103563428493499199
-6.1542612607069751007 6.4702756635585769729 -7.6091643040190604097 0.52903371750857630662 0.0071046249926419238752 -0.84857106363773704416 0.65220964695704641834 -0.64314665592279485207 0.40122930525040689798 -0.54290505814133727114 -0.76571006476285341513 -0.34487997124417346662
-0.15646835219127394612 -6.0576085880402334993 -4.2842914607283200112 0.69347120279876806048 0.012349934607118364174 0.72037849079780180706 0.71282399471757440512 0.13365333117024591481 -0.68849018847188681036 -0.10478379380390485942 0.99095119263371811424 0.083881406603531716293
2.9463654602990541065 6.4874051657531000004 -3.8578812107349063076 0.059737715827703048721 -0.0051276700287540182346 0.99820093784155305983 0.4535311981724257091 0.89095469773845059613 -0.022564991958088521234 -0.88923610902380822996 0.45406324843330025942 0.055549156880802655345
-2.4706677483956434038 2.4497294864215413135 7.8210662777449533323 -0.3360637442065922964 0.00047216791871254701774 0.94183912473793540698 -0.79722159107025925007 -0.53260777672461412369 -0.28419481153585401945 0.50149665458625392045 -0.84636205800464503479 0.17936658609902597639
-6.0505944278784111745 6.2525037365549707147 5.1398795722078816084 -0.83811329954806834674 -0.010502433417340941574 -0.54539508249776658122 -0.069047384328284611144 0.99381536697933925417 0.086968241749675739838 0.54110863589293678455 0.11054734392064030635 -0.83365504191712425097
6.4182051402199107315 4.3722497748222286518 -4.7613187124330238476 0.79643949621036580488 0.0039285275000315840813 0.60470546181395357088 0.59344698689038632988 0.1870907681477208262 -0.78282674853695355388 -0.11621016576348591753 0.98233477549418024566 0.14667510432131680709
4.3073965382917620559 4.4194711409641493916 2.5420196954906546516 -0.96301021053773572245 -0.0089744163266334310569 0.26931541777604350862 0.21460370677155032881 -0.62996855078045743692 0.74638118549939180824 0.16296190794215767439 0.77656878953445906966 0.60859208972914335956
-4.7291394717467136743 4.1523746306661744043 0.62603209104063017865 0.16164275471675987328 -0.003028484934392939882 0.98684469301230415272 0.089831595279235343376 0.99588873702837321655 -0.011657956481505901691 -0.98275220902173265891 0.090534257266154771759 0.1612502524776716073
-8.1971706728011994869 -2.5006728249177121448 -0.52931931066760595783 -0.30339153564841309096 -0.0054231298456228187871 0.95285054744154773498 -0.54074884043991988669 0.82434185229695422503 -0.16748493100796754685 -0.7845662927118488561 -0.56606633905814418561 -0.25303089164313513626
-8.2098727464946303911 -8.0652930491869128105 4.1285606558653000775 -0.75638930637809964619 0.01471362068854569459 0.65395621150301408431 -0.57038499479912119217 0.47457093695379048981 -0.67040538743882183148 -0.3202127025978224184 -0.8800942762936734276 -0.350567953369697205
-4.6999512869176394148 8.7826191410819678396 8.2728450037211533896 0.63095850849021617446 -0.012476671014335130247 0.77571624531409111292 0.74306737020526814064 0.29715890356135665762 -0.59962277255838192236 -0.22302969286620133449 0.95474652066120357929 0.19676594569513336519
6.3147732672341465587 -2.4399295727057102035 -5.9291965526330034919 -0.29131179824054886929 0.0055478278504980287414 0.95661207279222959521 0.88554155780634147277 -0.37671163558380516001 0.2718538081646224569 0.36187509668893363957 0.92631396687191980277 0.10482771186299946753
4.1299525734644033648 4.3025179001884392704 4.75814620214094397 0.84498904007769204405 0.005053846153622539028 0.53475974118087221676 -0.3367831669438139941 0.78178719807697005795 0.52477221285661812544 -0.41541620167251014362 -0.6235248475900244669 0.66230366436102794392
-6.9280383631201685191 5.2627702931307780432 7.6214948445991659298 -0.99623459120969870551 0.0038881667643734883072 -0.086611323950493215862 0.020496940432167456286 0.98123690367782356869 -0.19171336493208535057 0.084240813802820432854 -0.19276675289026806714 -0.97762184113800143503
5.9929152851472959895 3.1136294229849523774 3.5633919431932925548 -0.60349196532106785806 -0.0029146883177739090973 0.79736375161211803242 0.0049409920298898839242 0.99996045027331659227 0.007394896019968471082 -0.79735376991047124395 0.0084025282741348843174 -0.60345369592707853723
-5.2273525032641394716 7.3505857145658204388 3.0792462019227584413 -0.84001688407646013523 0.018090669677913926577 0.54225857497798179985 -0.51962648012359013983 -0.31433208520159483523 -0.79447067999222742429 0.1560767619507293924 -0.94914069972977610501 0.2734446497838892709
3.0323257284842495274 -5.9582198233018184297 -5.9901850485728207474 -0.26670986225504994538 0.0071491969970550531266 -0.96375035063954106462 0.82626070877960566818 0.51647355929835647714 -0.22482949911504193641 0.49614422348998166168 -0.8562732925461978839 -0.1436556924367429211
2.0946625586962812626 -8.2016710962448353683 3.5277980854634458652 0.55073540533456022406 -0.00052546835932053867317 0.83467972132676915287 -0.72033323899004397806 -0.50549383099283895504 0.47496948495032370596 0.42167586854941829788 -0.8628300589982513813 -0.2787718622310557115
0.16887486112963412399 -5.6203140585890869474 -9.2108392486866819127 0.52855136824016191177 -0.0026782700065099852155 0.84889709505985311289 0.73170401056145784047 -0.50556639981386441995 -0.4571781450453367146 0.4303982946754748018 0.86278354310253102533 -0.26525811145271049885
7.8553654581641314536 -0.17877605315524780494 4.4327017722244530518 -0.99308521342349331817 -0.0082762494624430710949 -0.1171036403134324555 -0.069682602795844317267 -0.76122328295133756537 0.64473517692176018912 -0.094478006686430499039 0.64843705722876254782 0.75538287580866136928
5.3389886461583904165 2.9401448296293599682 -3.9726795707743427499 0.8508334136612506482 -0.010475276794651128265 0.52533110584985798219 0.10965852910233858664 -0.97424519772155371289 -0.19703122014401852624 0.51386526365641571612 0.22524778199217937447 -0.82777166387537426395
3.856216424432809653 -5.9044112749996653378 1.795319455361601424 -0.98128309624822507296 -0.0011569867691027134124 -0.19256725162657811756 0.17954297716176792488 -0.367051859730210428 -0.91270874413488622956 -0.069626175891728286915 -0.93019976007847626764 0.36038951424878268304
-1.5647288900466151951 3.3891676979136149406 5.7945011446661673915 0.54765583369861181584 -0.004288528637641902605 0.83669271320966231986 0.050962767087275435973 0.99830118576934501196 -0.028240730556803938373 -0.8351502165399727895 0.058106376704300397029 0.5469440234609406204
-4.4564243858043939284 -2.5810542657201436256 -0.32336356944813976488 -0.99941437950543621227 0.003407067812803202516 -0.034048346903164813937 0.033891398136702312327 -0.03867070191744263058 -0.99867709994045061883 -0.0047192340765253035575 -0.99924620024404808838 0.038532585270015420886
-7.3070527018533599772 -3.6902816974498056091 6.9182346665114495821 -0.90746374103316163051 -0.0037819532407854152684 0.42011338414735638347 0.37288258908751653609 0.45346159218755183185 0.80952526777475686259 -0.19356687078473772123 0.89126779434699876514 -0.4100897283452387132
-1.414084810074681009 -6.0272065155539431558 -3.8316423875040142022 0.49268149458413013075 -6.5988319273809110943e-05 0.87020971066746144462 -0.85912279950676739837 0.15908160926245853983 0.48641654676046786054 -0.13846645897922199575 -0.98726543403494193551 0.078319872942804000249
-5.4663348055978167039 -8.1178383449841629016 -7.1289551743745365187 -0.94249736176954646005 0.0096363246661185699565 0.33407463882180310488 0.16845970868488552297 -0.84961909551157255294 0.49976866557637594779 0.2886521255885292625 0.52730876513591629084 0.79914042358274295363
4.1266746969388448107 4.9538979607459330268 -5.4926559175299018989 -0.37813717910687022483 0.0049435538434341348701 0.92573637448929113614 -0.47499905814322113118 -0.85935464825371532527 -0.18943464120347872082 0.79459937612619258029 -0.51135618682110350885 0.32730212596262509006
-8.4143717095782104565 -8.0858742209274172552 -7.7303837377364894579 0.45869797650957228052 -0.0084204320184615762818 0.8885523409853248733 -0.29463289155550803633 0.94194608224085674131 0.16102495882425779672 -0.83832429617625725538 -0.33565856830320123239 0.42958782567132847152
-5.6535648615137814588 7.4636314932052165716 6.0206068598578355022 -0.16721455312685057359 0.0027978101671058035541 0.98591656111498027215 0.1248029792824569828 -0.99189167366964248185 0.023981744451103535754 0.97798952427143603927 0.12705542083255474961 0.16550954791855285175
-6.0793343241469850469 4.2367696867823916307 8.2854504013975081023 0.99923257247594654551 0.00056231962058450905492 -0.039165672465279854908 -0.024109035369855699033 0.79688343608248901617 -0.60365183981402381619 0.030871030377097354036 0.60413282736000895046 0.79628544278401969247
-2.233434064092169713 7.7357616073588690853 -6.0554229375004196001 0.99897417532753118863 0.008190042079171988218 0.044536729106871598971 0.01125777129525414727 0.90771376065306108583 -0.41943890056416410772 -0.043861824110173364133 0.41951001410191901542 0.90669040386120858255
8.4692256915016272956 7.6203497803552666667 8.9088468367061413034 0.063136112813975492353 -0.001583532738112526303 0.99800366917304350611 0.57791875198893760679 0.81533193601426945385 -0.035266842995711943087 -0.81364841753554451032 0.57899164634662081408 0.052392042356848925189
-5.6552611946455213499 7.6126845868096495451 -2.8429777993772402667 0.94608925790127496036 0.0033805917216172117964 0.32388838769462185985 0.2408492357841101883 -0.6759556396443778814 -0.69647370291714594259 0.21657968904307797753 0.7369345593962588481 -0.64032858241800028054
4.1392548510061848432 5.1606588446685250915 -8.1790122442963824057 0.74063137545626345215 -0.0083962603566622145274 0.67185911358108951763 -0.67002982124073062753 0.06555381848613958673 0.73943406435567060608 -0.050251411300895651446 -0.99781370991466877829 0.042925469925826513495
0.19044285184614853645 -1.2849107681474594145 4.9825989132234864698 -0.88831840066281098078 -0.0099915425218554849984 0.45911936151937177142 0.41221191969120041243 0.42331888722679966719 0.80677286331492681359 -0.20241480259193120328 0.9059256530174425448 -0.37192332394782878779
4.893051106695709862 -8.4267315162201512635 -7.0378428941195894097 -0.99370321688990803644 0.0081251787279727136215 -0.111749264934653883 -0.10913026421612261052 0.15579714273031819438 0.98174224506697438386 0.025387047385171748054 0.98775565388793240551 -0.15392941901213152978
7.5010283519558553778 4.437130579378123052 -6.0603126237287545663 0.35353774648310681838 0.0056924206760732825455 0.93540293892979242685 -0.24695190238129094418 0.96507251949372507838 0.087463078090538173837 -0.90223379438044004619 -0.2619210347902445335 0.34259531784964786238
8.1408839111659077048 -4.438367452387353751 -7.2412879400673419994 0.50091954441973396417 -0.0067785339153597357065 0.86546730816158001787 -0.064476869330822320081 0.99689837055282715106 0.045126179876946545533 -0.86308883861382035274 -0.078407208004065032103 0.49892881896445123724
-7.8913928580051893036 0.90440866447274426143 -8.1452521066390808357 0.93378799054863770301 0.0040417917895373802264 -0.35780393042349362132 -0.13516579892557689657 -0.92186805527374826585 -0.36316593379170691858 -0.3313158545981807479 0.3874828416654709784 -0.86028300686861491897
7.0966596744156538179 -1.2111516638219625985 -8.5649757971108115839 0.91196717104126112652 0.0017428931587101736088 -0.41025948041042931136 0.025075667056186124598 0.9978845636769496652 0.059980067497039969704 0.40949614145279905619 -0.064987382611508270891 0.90999425835347391711
-4.4246111620210957227 -5.5366936847993430959 2.8745855736474736908 0.81835112328235293244 -0.010329841067154035134 0.57462573333103927897 0.10020036604666809898 0.98708967598976005142 -0.12495542484579266751 -0.56591635924992611528 0.15983512110248151994 0.80882099898272730165
-8.2986166633008657811 -4.5584646430738438028 -5.3916006819962163377 -0.92325750245060755894 -0.011773792497916863928 0.38400125257465034245 -0.0074243705132419918896 0.99989042398145777657 0.012806980608604252858 -0.38410996197847557809 0.0089731733539305212621 -0.92324374856735569317
-6.2919559382513821078 -1.6311187050806221777 5.1860975163801494858 0.84554601957825314962 0.0054984066066674983086 -0.53387423266158262614 -0.48554023784697930566 0.42378173951072339865 -0.76463044321321382846 0.22204190191668299326 0.90574764961435627608 0.36099666066514896068
-5.1248260250999146947 8.572863688614537736 -5.9751569747421724443 0.64862440580053226657 -0.012166416244026340143 -0.76101140498380703825 -0.50020072312260210889 0.74680572082770013687 -0.43826983917061296259 0.57365984414753490306 0.66493096908995197314 0.47831076671729216843
3.6208580286712046536 3.1739413866460113312 2.3595880957773514019 -0.54614181001402761773 -0.0065994612154276375768 0.83766674188846157456 0.47639067995442146985 0.82007691749269706616 0.31705799067069034836 -0.68904357148654682419 0.57221525364796188562 -0.44473437025429746194
-1.2868462805101219537 7.524046338678478385 -1.7749840538186176797 -0.41659325825452275804 0.0033701464364876668363 -0.90908673914535220728 0.11089470597478229275 -0.99233687035487794237 -0.054496788171292748215 -0.90230395176124000844 -0.12351590119190039574 0.41302711870907204972
