1125 17.292696884352682929 17.968806560800352656 18.477561601407678893
-6.7853607675617793049 4.3226429427474784006 -5.0773091662802345425 0.082362495012473418976 0.0035497431226957608386 -0.99659611615694154718 0.93433301386070588546 -0.34820881849591345247 0.075976561726354807647 -0.34675385884709475359 -0.9374102719971870723 -0.03199598926680656541
3.1821886810501620602 -0.21692883218138989121 4.3158368693169348873 0.17277257068630863523 0.0060974692651629466139 0.9849428712809162878 -0.96110477597499366365 -0.21771174886912048052 0.16993882429325579686 0.21546983180073606134 -0.9759940651832356151 -0.0317543116886478613
-1.1033203868245509138 7.3251488675372691262 5.9887256535573802907 -0.99938036868371749044 -0.010221741209567571096 -0.033680776361942776909 0.016712911436825319406 0.70433920530937621507 -0.70966679678244959373 0.030976721598824474846 -0.70978996884370504361 -0.70373193962498603593
-1.5737327107335188359 5.6047652537179120102 -9.2191556517405430782 0.55118374634555633573 -0.0052918468690326576909 -0.8343671099231292354 -0.79937431313773921193 0.28327503301329620689 -0.52986409877173223926 0.23915933028086369672 0.95902411441425527983 0.15190642748639546222
-7.1666423564027308402 5.4689675082297197761 -7.0083679551755864168 0.54951117635023771779 -0.0046758577971338409832 0.83547328109290208698 0.44093454305787677105 0.85100458553966507047 -0.28525063388097487982 -0.70965780190508953584 0.52513744081409474695 0.46969827810051834049
-7.6512748278140803038 7.5405717364592739216 -3.0506345548204834017 -0.79202307395469240259 -0.00012418526151557760309 0.61049114236086166052 -0.58294793789498344783 -0.29682675456472845665 -0.75635016988073455746 0.1813040320211212475 -0.95493133907750149536 0.23502124504008947703
-2.7262074438652299513 2.8756491556817502797 4.6245455792331435774 0.73143534320606340415 -0.0029621250778134782314 -0.6819043661130549383 0.25848841925891369309 -0.92415699153954888878 0.28127849561849660454 -0.63101986959062406068 -0.38200141466171255722 -0.67519541125412718685
-6.6025593497698764622 -5.9816527666881471603 3.2438395942872255695 0.44617535675945024787 0.00062471776122590208513 0.89494533953111232716 0.089273454611487529364 0.99498092533138582372 -0.0452018642140418897 -0.89048178045508874501 0.10006282004034110222 0.44388019861566552215
-2.668764566290708462 -4.7914332914326784874 7.4013171506310344583 -0.82102526685823884467 0.0033317364329165325559 -0.57088213381802588309 0.19708483598075862697 0.94015895116861358805 -0.2779545177973983261 0.53579387697768487975 -0.34071989385694367858 -0.77255088850089959074
3.242558778443659584 -8.0939959393714335789 6.7798324654838628689 0.71079952181456740323 -0.0041881478748759500344 0.70338218573236732656 -0.27115194513613299909 -0.92432694278475091565 0.26850758926187040521 0.64903055585793734128 -0.38157851388642649582 -0.65814677337444937866
-6.0039440996721138433 4.2160316113492450896 7.1237878667328340399 -0.99975701728171217919 0.016979575461477356552 0.014057041414768590287 0.017602121577427371629 0.99881304417905170112 0.045416605924146431772 -0.013269201640248015628 0.045653004225753003598 -0.99886922642214992507
-6.8984982770341352065 6.5335953741562367014 -1.6464658398933846861 0.095587091427305190261 0.01005874202699973477 -0.99537024752649316817 -0.96997299476175991018 0.22559994138644168249 -0.090868343659504483001 0.22364144827265772242 0.97416810056338087875 0.03132115035085295679
2.9824859158956060767 1.9915189205987726684 3.9896497236677870291 -0.99357604269965527077 0.0038325225490054319263 0.11310154351017834284 0.064576805535116910129 -0.80153122046557490066 0.59445566597206589421 0.092932682950384329357 0.59794064453784778745 0.79613472606690716127
3.0084497217806034364 5.3491209562120944909 -2.2418198840561687213 0.86731281858193876033 -0.0088802942661821322734 -0.49768425241046826413 0.48179311865228191536 -0.23625810091483195885 0.8438349960573909847 -0.1250754394069647224 -0.97164975692170696409 -0.2006312147481105479
5.0751386371123894392 3.0921540194825123393 4.701280180870519132 0.92364665229645404043 -5.0665611385230938449e-05 -0.38324516844234496338 -0.1737021973707400524 -0.89144365463773111991 -0.41851613736510145936 -0.3416202692023278531 0.45313155709932390058 -0.82338774804502790072
-2.353127922734209676 6.4502032374978464091 4.1635535246987416258 -0.6658703401243586395 -0.0030246567986496365743 0.74606135243265081503 0.37373984839912155476 0.86411885667999588367 0.33707139784991774212 -0.64570520817233134636 0.50327870308728894777 -0.57426068223209703056
-5.2039024273147704847 3.1693675160152974257 -2.9155213611529506856 0.042267273680523645418 -0.0055968680697553938042 0.99909066287465109202 -0.73441808368516747763 -0.67814921915300407917 0.027271137085309069686 0.67737991993517221445 -0.73490292667101841939 -0.032773959764633008029
-8.2667647725658248703 8.8063518820704622669 -5.7271817160109286249 -0.20292489909879768417 -0.0033650775553729500578 -0.97918852198080974514 -0.87753158118668017629 -0.44306879636417861867 0.18338038528815653327 -0.43446496906629467061 0.89648129815477484161 0.086956728968195048934
-1.3998934865775105596 -5.6693196968019012871 8.9511312407170446903 0.0721109237760592936 0.0020832880831648335068 -0.99739444282727929281 -0.81238434172899653962 0.58027821894178122086 -0.057522777530427796067 0.5786464343494203133 0.81441564850646597229 0.043536829033219391627
2.2973001927910141617 6.5915834782073110532 5.6439890442884266264 0.49281061361361139239 0.00047710786070515737167 0.87013646715780146312 0.6280003112772719609 0.69198361388377993553 -0.35605377002948374043 -0.60229005316844641538 0.72191304911644960107 0.34071724548361953522
8.1153514742486301259 -6.0241945164399792745 -7.8794590150727694677 0.9594530080026474339 0.0036986339244275585891 -0.28184436404059898251 -0.27941211010138672366 -0.11924433057334188346 -0.95273798200484394183 -0.037132171537184781307 0.99285805114988012754 -0.1133758885466046723
-2.5174928795589623931 -0.47690262886239459528 -2.209959868831544938 -0.23236148684941101972 0.0075246744573805798839 -0.97260039003869858121 0.045398305290156260039 0.99896410145294400884 -0.0031173522966271606516 0.97156941764658555361 -0.044878762047031818538 -0.23246239139095045689
6.2277683845232356674 -8.1112227232904476892 6.9119080186048833525 0.99940043207300677253 -0.00028881318681629524966 0.034622145505664163323 0.0075055116965398903026 0.97799457346791029977 -0.20849527947069085299 -0.033800054240094558333 0.20863012930618130003 0.9774103669796729843
-3.3356546240033657647 -5.5036714954712016024 -7.0298779264662520916 0.5733751069560580893 -0.009278629069162594098 0.81924043709146709968 -0.13615884880720896533 0.98495122685077829416 0.10645115601532614824 -0.80789959438945735393 -0.17258327777658302726 0.56348314758943718328
6.3066088114792542285 -2.6841034247791801803 6.3132085021714834383 -0.95236192485714810108 0.013532673099380127663 -0.30466970778392749031 0.27172955685851452046 0.49120215684631335362 -0.82757687802337132066 0.13845509023440660812 -0.87094047320614775831 -0.471479458852632205
-4.2040052051273271161 -8.1413437766068419421 -0.86636922816979455853 0.88317999921761347615 0.012596003849430485733 0.46886504419605118388 -0.3946069733798837631 0.56029972457743038028 0.72825102485257042773 -0.25353190241456247112 -0.82819415557326403476 0.49981598126974269292
2.0526702222935062636 -4.829692139589868205 4.6794775029297630553 0.24559433121754783991 0.0047203616840589563558 -0.96936120340114539928 -0.47435330220115939914 0.87266769699372659375 -0.11593116627809116337 0.8453829718918602909 0.48829172510815094244 0.21656135857072608686
-6.7146694680766172425 5.2271132515861316037 5.7967318007253521017 -0.41903324423202426008 -0.00067174182934573748935 0.90797064324321974382 -0.86201303676810914212 -0.31382343931505318757 -0.39805574154641615303 0.28520986075176668617 -0.94948112024370812101 0.13092340367801641454
6.1783227521628454326 -3.5457442430031980152 4.6954555504896093865 -0.28645948219622091591 0.014651124917004359344 -0.95798032839819113882 -0.77190961148686509929 -0.59581989644189325972 0.22170747100122187301 -0.56753547620711264354 0.80298443044833900384 0.18198760315952317024
-3.8674363766443917712 -3.6393823068545669841 -0.77190215013620522289 -0.99962006428007565972 -0.011004733169433475112 -0.02527099002490758653 0.0096748394117188805247 -0.99859199843531254448 0.052157627853911578408 -0.025809389208670915905 0.051893318537703993221 0.99831906669155778822
6.7559831809249297763 -8.1637945129580149484 1.9499519830221005989 -0.93211642439894903944 0.011405020992469561483 -0.36197913871062575852 0.1496653329638192309 -0.89803111954699332831 -0.41369118486389000466 -0.32978668783679909726 -0.43978407636187588636 0.83536261988688087499
4.0760029964934005875 6.6390393231230548921 3.2767086779965870491 -0.39960100387500380181 0.0086182274973339786928 -0.91664865889653079911 -0.86708165397796288509 -0.3280440288939572846 0.3749086828040661401 -0.2974700708256033943 0.944623121282582634 0.13855943021400485282
-5.5212000864766110908 4.2108002737826435435 -4.252115080811742942 -0.29036470788065643633 0.0065852564469405959133 0.95689339574195420024 -0.56339488393285130918 -0.80946448124328507223 -0.16538880966797017691 0.77348208846440336117 -0.58713191703627387596 0.23875001742785872949
-1.0568669127372765093 -0.3257317279689104228 -4.846150971091991444 -0.809962827567752508 0.0063371695667826053594 0.58644697820040869729 0.55992350694759562835 0.30585419937521496347 0.77002524315259823773 -0.17448749045688868864 0.95205727191504285756 -0.25127886235754043343
2.152760980020583137 5.2569859371457896557 9.0036518276847790077 0.97649739554623138371 -0.0013873994355175626493 -0.21552473550276271541 0.21499872441519912725 -0.063845832529579746306 0.97452514496433062519 -0.015112411804943609236 -0.99795880916541879202 -0.062047000072951982719
4.0037133574326384533 -5.9242033366178228349 3.1797077534006805699 -0.48631272826999727421 -0.009373099548122140745 -0.87373455656032705807 -0.70308626621327852124 0.59792012188389864757 0.38491717304967243418 0.51881560557185502081 0.80150088761705351459 -0.2973662633250366838
7.1684574825715490221 7.6780768297798642763 1.0867785385591686165 0.17103712697793560515 0.0037777902108328117667 0.9852573417624149732 0.55940593325748644293 0.82280725511657837323 -0.10026576067523218505 -0.81105567196798000751 0.56830797040760150374 0.13861727071323515226
-7.8375753730329229541 -7.0019486432602873194 -1.0894637943056040275 -0.0026259638281062756479 0.0024253920008771761088 0.99999361087333749065 -0.6551391291471727607 -0.75550824542756123137 0.00011203271538793191809 0.75550369011300566591 -0.65513464918633257383 0.003572906527630188931
4.9837379706552953351 -6.8801387828645319544 3.2003577161841918475 -0.30213646820977735352 -0.010165172136577568796 -0.95321048245037853786 -0.88249001507200919292 0.38108383020286695775 0.27565646674013427608 0.36045100620678266479 0.92448460432466639247 -0.12410998546131934983
8.3426683181172780479 6.6387556532573031021 3.4031979951271993379 0.55977274230442186642 -0.0060888314213334068098 0.82862380071116237268 0.79893028313250891159 -0.26142411765038509053 -0.54163440936127704717 0.21992016657576093919 0.96520482636716609104 -0.14147354343029086565
5.3165526378666001506 -3.7348217983415428201 -4.3824878140848957386 0.99989855290828044687 -0.013920531606657342294 0.0030170667216221462581 -0.012776340565358644194 -0.78289954368666436757 0.62201693676100333619 -0.0062967462682904581928 -0.62199238202366324835 -0.78299797425714023902
5.6571029896917730539 2.0249470938308302692 -3.9946672083950458543 -0.89691489696073578575 0.020365154187012408926 0.44173400152676822739 -0.41933226138667234473 -0.35626953475820272166 -0.83500447493628460194 0.14037137233183166751 -0.93416127039067908822 0.32808321921651745212
-3.2401315940248731629 6.5858194639704876749 -0.92133459392914907049 0.00027100521322409110506 -0.0092627427505843906719 -0.99995706315471755143 -0.99922977268063695178 -0.039240958166435059573 9.2686402658388158862e-05 -0.039240131813769250912 0.9991868437879541931 -0.0092662428371290527646
2.0214860788607897923 -1.3864676728558518182 -3.0991135988847324789 0.73889138515102392724 -0.0029598129013225366046 -0.67381804699556324678 -0.07724378191915909353 0.99302605009584277163 -0.089065492677984234304 0.66938249088558909872 0.11785797952934067012 0.73350976650419685843
0.11992456950191787701 2.3005367949675177286 -7.1408519217924615319 0.43205768286635604092 -0.0072490693483768658956 -0.90181683820474345392 -0.65712308361314963889 -0.68740286288894336675 -0.30930010842979382968 -0.61766933844799831732 0.72624014973389761085 -0.30176121893915580641
-2.4926888497509400722 8.7601255545774954214 4.9467361929732485137 0.54499070035079355545 -0.0027740661452284980093 -0.83843749981027282381 0.82153693642599534552 -0.1980285624560746971 0.53466040674346404504 -0.16751775613018854427 -0.98019232449984483591 -0.10564472714021264088
3.2441813534096048954 -4.6267056061842284365 -1.4298141735002305452 -0.052234384151997721724 -0.0057156528343869448389 0.99861849593591489604 0.84298798542619357566 -0.53636581898222224218 0.041023952209473628361 0.53539034875451896323 0.84396625497722543852 0.032834964902936865372
-0.30718805565145823611 6.747292416538535953 -6.4156757400450841189 0.65393389123904677174 0.0013353042339338556249 0.75655051573032627843 0.60130798352064618317 -0.6077866481150665523 -0.51867533132723875333 0.45912871271958821673 0.79409924274965593138 -0.3982552169414026455
-2.892755726001201122 7.7975157515730577629 -7.2374913137889134163 0.63248104431013130178 -0.015746255670390046227 -0.77441576948095003363 -0.66913596212973081023 0.4924964220256385361 -0.55651086105894653766 0.39015995793118751767 0.87017201157261581113 0.30095826538382319804
4.1871366798116431696 -0.16359568244287259198 0.7959074737854038295 -0.99827546974039116368 0.0099099539507068352961 -0.057860861788309431164 0.037690685920636027295 -0.64745633732082619183 -0.76116995701197742719 -0.045005540870348033355 -0.76203811195755644103 0.64596626631357456638
-3.9089760154588284458 8.7741776116878256175 -4.9573602377191798851 0.64090191982518518454 -0.0052195732270201656081 0.76760503204434327174 0.70077325030586590238 -0.40416509513537413056 -0.58784983416690628211 0.31330748605852576372 0.91467116054322372687 -0.2553724481029847615
-2.603512205534248114 4.1932254499727488195 -1.3517433232323108339 -0.93348843749247156776 0.015528712529952418825 0.3582711210174400196 0.11594068014987013449 -0.93233717874686405924 0.34249838512341213015 0.3393480451605545567 0.36125647982165220995 0.8685255667121641876
-4.7197140778117017135 -5.8414018156141507276 -1.90904185861580733 -0.93110308946228570459 -0.0048092788738927100961 0.36472442697263107725 0.33573214399575557199 -0.40217532660196747551 0.8517857325411588576 0.14258669040890020741 0.91555004096424730253 0.37608131861205157387
-8.597486122726952118 -1.2566048095811148677 -2.3584611956637302477 -0.99124267766458296069 -0.016457497040226438251 0.13102329856786223972 -0.081211133364337495522 -0.70641358824406708106 -0.70312487807061341272 0.10412831408457806637 -0.70760793744507077818 0.69889076476257705473
-5.3920892833593976334 7.7194505138571596348 -3.9475971911706597695 -0.51963732430714282273 -0.011961313910780963995 -0.85430321207190607069 0.84058272605727768489 -0.1861724398411232495 -0.5086850728077245698 -0.15296317151777055754 -0.98244427303212378266 0.10679662235321271679
-1.2429943038310966585 0.82356270464980174673 7.0246240206051444588 0.4573344819238848169 -0.00084527572112099141205 -0.88929435911429188799 -0.88597993131061469896 0.085828511588803599319 -0.45571156218903269286 0.076712013126495656734 0.99630956640337053898 0.038503440556358257962
5.8001507627287942626 -4.8196463313380455418 -1.1158206535089625344 -0.98170061430188737539 -0.0052321425097886873484 0.19035894663530272819 -0.19040566259790264736 0.010715248410750690539 -0.98164701756916106223 0.0030963736898102327266 -0.99992890154062719077 -0.011515395508607782077
4.0201625754628311782 -8.687200714454375472 3.6467780015974731178 0.57547529055456303482 0.012777076250578259589 0.81771935056201427994 0.27696656468362246262 -0.94383713637036070754 -0.18016931496660287815 0.76949185311390111419 0.33016390827966268784 -0.54669377320485568195
8.5619241885173469342 -3.5466996004297173251 2.1374253614744165297 0.99804333122769617326 -0.0019150748758352213047 -0.062496731754906768852 -0.049297026996263745846 0.59074316078992672452 -0.80535229627110915818 0.038461826804679369318 0.80685739165480718782 0.58949286459677663341
7.262867549863956107 -4.9229917079948837255 7.4146849770942182545 0.99822159604728821769 0.0096866686476422322188 -0.058820180509709565908 -0.059588928370033364401 0.13442038509880241404 -0.98913109327621040467 -0.0016747538339778947347 0.99087705015332205871 0.13475854955891547471
-2.7626007846043809657 3.2300597839943221423 2.1306170421866497122 0.068141962947788015104 -0.0025464062086648642236 -0.99767238545597436428 0.52456090198054916574 -0.85052451375170767811 0.03799883709488875716 -0.84864158099831299431 -0.52592924174524213754 -0.056620664764598101215
6.7077768416054439626 -7.8632626545994073197 -0.093375490985637812913 0.25995755465136710649 0.0080277860545635223999 0.96558667370191475499 0.88469106657441087815 0.39875111454277201162 -0.24149382057153126468 -0.38696742305121278882 0.9170240472865880399 0.096556254044280559468
-1.0948735471842749867 4.3838809171479224958 -8.3935784890179707673 -0.23989878261209379717 -0.0035274935265659041958 0.97079149712501799918 0.56877232784127396137 -0.81090224887280748511 0.13760661995351364251 0.7867316017443999332 0.58517100027470514423 0.19654080302667351066
5.0806704171987471241 -5.8319110916710297232 -8.3839169700575162381 0.96235854047853941484 0.0017212672633243495876 0.27177762381527637014 0.26977525832343196566 0.11527606617534247313 -0.95599829422631554809 -0.032974983915633054865 0.99333200180305858407 0.1104725514759714311
-6.7905195592758129663 7.7801342922685927661 -1.952957317054915487 0.91206541648916505949 -0.011205320658157838509 -0.40989159156228582859 0.091151014973855720713 -0.96907476946089099457 0.22931546756242809915 -0.39978515294302058303 -0.2465127420299721428 -0.88283820686633640573
2.9609664023842787728 5.2114245151724558625 -5.9359674542758860127 0.97271369291587550521 0.0033424438681029814899 -0.23198469708800453781 -0.23096160127927864436 0.10884368782367931372 -0.96685562022229853962 0.022018409310527176093 0.99405325797450105885 0.10664572172143407802
-1.5070046986994598548 -2.514593644516046389 1.8113046169058244494 0.063368650449990737705 -0.0082230175060606040122 0.99795630972664806091 -0.90909875971954212659 0.41207229507370246591 0.061121753157693144154 -0.41173275217835236806 -0.91111404643771232159 0.018636930210784122264
3.0169752515942582782 -8.0498871198888526379 -6.1546596861438844783 0.56075996703872188487 0.0069550560441008551713 0.82794920530328475206 -0.57274692891898115743 -0.71886146182331633891 0.39395323849322166909 0.5979207428922655998 -0.69511856967056784296 -0.39912524264765969484
0.4738771473284146829 -1.4292518177950450653 -0.97411191877392233618 0.66621791898744109339 -0.0054292144066139282066 0.74573735862613010905 -0.60040355103864528896 0.58922857733127864677 0.54067111958739544342 -0.44234518231792030463 -0.80794814640958645402 0.38929491698856133475
6.2098146870487243021 1.9667217358597741672 -2.6987046114054713541 0.94523297931042526976 0.0046360333231559120934 -0.32636348144154253559 0.13523529263213499019 -0.91559833985941818657 0.37867016739252251645 -0.29706233428417289089 -0.40206739141768926826 -0.8660807019602689838
3.7914608701754577424 -4.6826778582968495712 -6.1305416037398199336 0.51299852409291768485 -0.0065004402209633029008 0.85836487495455215946 0.63294641455258260354 -0.6726105414058740628 -0.38337174634430210007 0.57983734838624634289 0.73996811003383378136 -0.34093378469961777011
0.19211124049735844865 -3.5652521931812497513 -1.205935521757654838 -0.86619634027842951074 -0.0098726202078034362708 -0.49960627644007060688 -0.42809425842990328492 -0.50105997844818184195 0.75211315897037733791 -0.25775803767749927431 0.86535624419507906069 0.4297899075652852896
-0.98864500460314841401 8.3889616669073259203 6.35902289565625356 -0.98927121806049589381 0.0023820708787226085867 -0.14607115682128984924 -0.12063885302693896917 0.55059537064660724059 0.82600908285736374115 0.082393714912614407497 0.8347688683466772952 -0.54440078267947200619
7.6218585296494358872 5.2547651004510989026 8.4161593043846298912 -0.092194703787043544296 -0.0045921379856134940736 -0.9957304097308647961 0.99517220991771238037 0.033369923984126359517 -0.092296916422126104584 0.03365128825707649346 -0.99943251920392539578 0.0014934378502779784709
-4.9111567471373103189 8.7059084233166323941 -6.7081127972778373802 -0.9743275498165049342 -0.0088092691371376898729 0.22496271345719870416 0.21668386026159563995 -0.30790403178843744891 0.92641416866883641301 0.061105894731336478365 0.95137663624110779814 0.30190820731386158737
-4.1847486157841151666 -6.9397559689382761761 -5.3584006238110433173 0.59281598352516273742 0.015642833828654192224 0.80518601045151072526 0.80503473739989162006 0.015922616955462452759 -0.59301394743194668635 -0.022097087059936907499 0.99975085497295634873 -0.0031538427927284597152
5.4705509510967198494 5.5020849855664790695 -4.8120278301027603618 -0.4595344373113238734 0.0026896121203810324785 -0.88815587984949551092 0.83913124272119865577 0.32896830284053085736 -0.43317272907626774847 0.29101006582962035685 -0.94433713350325920732 -0.15342920150016428615
2.0227858079386531465 -8.1198754247483933 7.2327338266986966886 -0.729486233220892899 -0.0091817674909406409717 -0.68393386426382563048 0.18801853942184273971 0.95869936571437919248 -0.21341170308259393984 0.65764645849795955179 -0.28427314562695299438 -0.69763164657343190722
-2.9079984435384953478 7.6524445441297297421 7.8457512948561873856 -0.91955325794443099063 -0.0077990456450796842233 0.39288800018723024632 0.33745923117345927311 0.49662081833754428972 0.79968058003768305309 -0.20135310551304172466 0.86793256516901529096 -0.45403743151787973042
3.2354126596663834725 3.0283183066335190858 -8.7480779110583473113 0.60546291741934521458 0.0067515495613942617253 0.79584487948869853113 -0.79427619274221306078 0.068448139711212482861 0.60368881206534930062 -0.050398266565233329484 -0.99763183026034174539 0.046805405442134073724
-6.3150835949364614308 -1.3968643825399851277 -6.6361680261573070538 0.7097107035353391602 0.0059272837265435173934 -0.70446829921227849258 0.62380109820224316497 -0.46998499420903061541 0.62448882704202168803 -0.3273880070636804307 -0.88265450348715113194 -0.33725082698911790224
0.45504650170407701104 3.2585269663278602081 -3.8847824402092197005 0.56407513181145096937 -0.0053109580513373260552 -0.82570638812859364908 0.70158675199555997626 0.53039765608492062121 0.47587220537034163881 0.43542539555714759869 -0.84773233991879992644 0.30291022557784363922
4.4749815545170585906 1.9699732710146868886 4.9418339832844351278 -0.98903790687348369648 0.0044768617195254630306 0.14759395812993378327 -0.061332158071746120664 0.89678614764033115492 -0.43819284771272010159 -0.13432194591216323198 -0.44244159287928547242 -0.88668091878471355649
6.9713968660013465595 -6.8872316839920415532 4.1738004039774638798 0.60651502274712731921 -0.0013393710476997415168 0.7950708982645390277 -0.22366603098273141192 -0.95990142059281080567 0.1690052346166168451 0.76296332399809851932 -0.28033456588264660247 -0.58249420375207139333
-2.8779422889095878091 1.7022297414768907675 3.4976670817391242174 0.48559112316203872917 -0.014073282439411730418 0.87407276803912647978 0.27341335334663136036 0.95215299008730491792 -0.13656434995874444649 -0.83032909097425922074 0.30529760265869915203 0.46620486322294718562
8.1691325304924244932 0.83457165470064298418 -7.4316519392551629863 0.030548652787882921156 -0.016303497315264779688 -0.99940030807882773711 0.82967344741982707035 -0.55718503136330821413 0.034450130200198686437 -0.55741254960671648977 -0.830228304022201824 -0.0034946732392667984382
-1.0686814565422817491 -7.7739996239540323231 -5.299911072984072824 0.9927565260439007444 -0.0037735698564513573718 0.12008430441864795246 -0.073364792362539191228 -0.81055622911102864769 0.5810475081188004598 0.095142457603369548491 -0.58564866568608431319 -0.80496183334457460656
-4.6482548639667768953 7.6864377814378688214 1.6320524930241173678 0.78550072428619654996 -0.00016601954627978865453 -0.61886071501067430045 0.20462837615460613416 0.94382192029910705333 0.25947525977530955243 0.5840512304741547478 -0.33045446766638575387 0.74140677430227575062
2.5953948353868727672 -7.1178436188753222424 -0.1590203832821582286 0.22428987280091194911 0.0021825611725360279623 -0.97452003026388434037 0.85160849555186413085 -0.48659272983251344868 0.19491148139162164932 -0.47376895557099135692 -0.87362620822687508948 -0.11099650911637345962
4.4516164615936535398 7.9385579277457019032 3.5746729739578029239 -0.62118297572304470577 0.00040801492386594549744 -0.78366545425712952344 0.52469564777330834904 -0.74255911940177121711 -0.41629368407550337849 -0.58208778365438595959 -0.66978040260757887303 0.46105099978542135597
0.67602348701109671314 -2.3637066224526694924 5.9586780249671207343 0.95816968678716318841 0.0098909685008098449654 0.28602975380925033111 0.12078605261689852324 -0.92001422301298574347 -0.37280632900605981117 0.25946402605240664885 0.39176012838966717267 -0.88272443094597718982
7.6255891655124754536 -5.7604562104847829573 -2.725040779994477802 0.65131625573340934388 -0.0094055307469176514801 0.7587480945669106136 0.58214535247643506288 -0.63518224813395962602 -0.50759265188297653104 0.48671749876859693451 0.77230502241468879099 -0.40822913755091039256
3.3009722418098448316 -1.4647946693138553798 -6.5867468255095849017 -0.52156236208786010966 0.00077720679347101600913 0.85321280956321277067 0.60970121599487170361 0.69987839468723378467 0.37206808498533933127 -0.59685603764043715369 0.7142615967555870915 -0.36550409263442162899
-5.6217056651799319766 4.1978580144693253828 -7.9136985548807299296 -0.28819702357815357718 -0.0032857013967611745087 -0.95756549633289222978 0.48463551365722229436 0.86196387351496517315 -0.14881767253006117357 0.82587583479797554986 -0.5069590564547962197 -0.24682305519478686673
2.3834698013654573856 -2.5878414655584487392 -7.0350638679974668577 0.99898688724035256126 0.012725879960976727717 -0.043165392397511895273 0.01551772356002907409 -0.99776641804199206476 0.064972111579694097339 -0.042242151663059508693 -0.065576116131187661695 -0.99695304484005353718
-4.921923070968516889 6.7206148995728618445 -1.1452862985157454823 0.66080560796480725116 0.0081562480571370846172 0.75051277410881833685 0.72475867165603047315 -0.2668480994348369495 -0.63522984791947312289 0.19509181515958906594 0.96370408707529431336 -0.18224603208877249161
-5.6093521218285538055 -4.5943402757599249853 -5.9812308545632664192 0.54027994835926185235 -0.0077868250289445046022 0.84144931086610108562 -0.25147811124708790986 -0.95575328092448375017 0.15262511446661614078 0.80302947453034556613 -0.29406637236893945486 -0.51833254931296268708
0.50514827467524003879 3.1892839583945060689 -6.5766824022552530238 0.42028702368963960501 0.00031999926172453653072 -0.90739115893788191425 -0.084233853040240516674 -0.99566807712900828875 -0.039366714217820349131 -0.90347300774286332103 0.09297837268304999514 -0.4184394179484907661
-3.7686553061190348757 -0.1901565246099944928 8.0557500804623529689 0.3442781827309580045 -0.013625140273946801869 -0.93876881522966304505 -0.12096715306278203739 -0.9922042249302557293 -0.029962041159850943267 -0.93104214769002835439 0.12387546804387875032 -0.34324246188602330898
2.5235902087115431591 2.003433522123583721 -6.1230835525301543498 0.45759126648545583871 0.0041154436636833095775 -0.88915313414480412479 0.79249003974203946488 0.45156715682998571637 0.40993492139859166734 0.40319941684689913908 -0.89222764247457531095 0.20337173908453343163
2.2985580101708027456 1.9828201986668041457 1.0312115965981869525 -0.46530604544705672643 0.0080119998035201051706 0.8851136039679984302 0.046078748547689819814 0.99882242838440571386 0.015182407213637540144 -0.88394967786755662686 0.047849393054200800579 -0.46512729717978229527
5.4292679284786871108 1.0257810954479409382 -7.9916005431593077901 -0.9378621698858597977 -0.0062145355273034693158 -0.3469523452081560988 -0.30719815717226006679 -0.45012057010162825899 0.83846333527549243847 -0.16138104760867194587 0.89294616406558824373 0.42024196072411817982
-5.2305633910677959975 7.6255614735255301539 -0.52213976847374421464 -0.64721779444113836099 0.0068090714200317783295 -0.76227472941532703476 0.74556107516889424947 0.21408672166375272705 -0.63111453698991593075 0.15889559387103177612 -0.97679092550743207291 -0.14363731442315777476
2.0994016019264818418 -2.5448073937100157416 -0.10783336751073530069 0.58292248839370575109 0.0033129191800181667128 0.81252101332300752379 0.20138848232671302529 -0.96937835992923782058 -0.14052855399225680499 0.78717472756107798038 0.24554962811544420176 -0.56573962953060030756
-7.410568670223702803 -6.9377823393290753984 1.8757296486520997902 0.99930558194401508665 -0.012961236630867855463 -0.034933654844744692347 -0.012352022698992382033 0.76929975740939737783 -0.63876858938528147114 0.035153683036647551119 0.63875651824051937755 0.76860544427805899126
7.9216782909575327309 4.4954466557706060925 -3.6674563324702345035 -0.56148870120301708209 -0.0018015576558729840331 0.82748244260011982742 -0.54996020345175644639 -0.74636997951945349694 -0.37480078480661388474 0.6182832789592437317 -0.66552881835606814143 0.41808752540225718741
-5.9960827449339246797 8.6504848969858372243 7.3909400992543305975 -0.92146386016884807013 0.0013924655148911425917 -0.38846160098843163233 -0.027457007377962996258 -0.99772602731588100333 0.061553937017156910849 -0.3874925381845261696 0.067385721456844210886 0.91940670945735936126
-1.7146799351858470484 5.3982481265396682346 4.0794621230687067026 0.66806244114163793046 -0.003418524268615451972 -0.74409736488439470747 0.0064300871791097514649 -0.99992558809904907857 0.01036688206608853309 -0.74407743462271969115 -0.011710335466074604793 -0.66799074793647583714
-0.09862105623161382395 1.8298738121002411372 4.8601023057793018012 -0.98595085070772270353 0.0014990303255619334688 -0.16702895825813268704 0.16127758271993561379 -0.25174658521240589337 -0.95426055045029889445 -0.043479435376693360837 -0.96779202814555365109 0.24796799986557055417
5.3277332682018547771 3.2737975256628857323 -3.0403590300452192352 0.12566555902022563673 -0.0035709037501865867337 0.992066235652910966 -0.99110028481625589425 0.043812198310107249022 0.12570090181286183717 -0.043913468474880763825 -0.99903340280769969972 0.0019665606685303933798
-5.4572076131712066172 5.276530939245291485 5.7699730321545441569 -0.43090596634073480287 0.0043908067917918080364 0.902386152923327578 -0.86141633026107700122 0.2959271786326983511 -0.41278203801317692179 -0.26885303444792096883 -0.95520041130756749848 -0.12373447420188536661
3.2670346134878136546 -7.1219692332635071708 3.1627737992185105398 0.19407722905752117226 0.0049443354232118034985 0.98097379307922116798 0.51148092076815110385 0.85279484418099216203 -0.10549038547747466299 -0.83709097286465883325 0.52222266063928368673 0.16297912707826889278
4.4059174010661994458 3.0897820962273456757 1.3075569067847858662 -0.34017785669793493275 0.0025941840871577122839 -0.94035753627089846418 0.88781839765209213944 -0.32870044787234675709 -0.32207841957919769449 -0.30993147404317561433 -0.9444306675331923806 0.10951344949326091704
2.3872026689321126369 8.6533447457268994896 -3.7698860825439299838 0.35653324988959522734 0.0059244985668807179785 0.93426385033327674634 0.45737939491365831035 0.87085008955443965473 -0.18006723919418396451 -0.81467056583087782418 0.4915129925438058156 0.30777726902596880265
3.5337860453717957476 -4.9823533307808887116 8.3956638221538071321 0.99724149935126393807 0.0046968395588165403123 -0.074076525769285514467 0.031231408086930680101 -0.93190338469536149191 0.36135948962528363637 -0.067334917544962541447 -0.36267619344468765563 -0.9294794175168744621
-7.8169713086336347629 0.92220056210051637446 -4.2866372557602154814 -0.91132550757595287561 -0.0097229626153302745051 -0.41157172308004730255 -0.4085309037093472484 -0.10218570038170324277 0.90700638550770862345 -0.050875533958515184452 0.99471782261882080167 0.089152304563369991208
-3.9458455820011772985 6.3855798207731613303 5.745316384399260734 -0.88833085110871434775 -0.00065638276451106128753 -0.45920351493661282216 -0.2991861997024615194 -0.75779287417431751006 0.57985996392062244542 -0.34836176150097380999 0.65249484979730421053 0.67297440821457821247
-5.6847901492749244312 3.1666902340088607382 6.3722359602773881448 -0.98821738109634360558 -9.5470342341899896987e-05 0.15305684755840298639 -0.13087225269693017471 0.51906207478969812463 -0.84465792838826447841 -0.079365365072885746267 -0.85473654034473445229 -0.5129586585938764598
7.6797862896101509733 -5.8494808105570976764 6.5008358444907861085 0.99046274818173318799 0.0081080825436338245515 -0.13754200617217032798 0.13682335083252936125 0.059599088447790972423 0.98880095030453440952 0.016214657915529097354 -0.99818946480797499099 0.05792130191083103008
-3.9934088326964229942 -8.007444580121553912 9.1839049798819374359 0.85020474861414885304 -0.010072117704762476031 -0.52635580920009639172 -0.02130989805882546953 0.99833910499194733479 -0.053524944542036254069 0.5260206970057748066 0.056723750655702821766 0.84857801199005944426
-7.5200368450098773465 -7.0057951765211328166 3.9554278072814716971 0.9631293189469025684 -0.0013744150719770076123 -0.26903536192857513409 -0.078371314260840374555 -0.95805221560934916702 -0.27566989184035434191 -0.25737103971860353369 0.28659041007924679345 -0.92283589265100229859
1.8407587018919551181 -6.3373774573499073171 -4.1716514888878410972 -0.34998222623576824564 -0.0019354322726237425424 -0.93675434102037646866 0.75519506032636352089 -0.59225082618506319498 -0.28092593283971684093 -0.55424981928528049835 -0.80575133446055036135 0.20873889153006366937
-3.1145795366809756466 0.86800831450265947264 8.8255102969148726544 -0.31125123354497136186 0.015187868857554288199 0.95020629247359700287 0.77307194033857928872 0.58556602049644324026 0.24386924919164509884 -0.5527046631592942294 0.81048242687902538606 -0.19399946144872493026
-3.5102663276916383772 -8.0227236950600673282 -5.8532776363178715684 -0.49501996523768215797 0.011498863836994527299 -0.86880550766346187341 0.86281550072596202572 0.12445381006284815528 -0.48995985638364908388 0.10249217395812486309 -0.99215877020310361267 -0.071528518690255754597
4.1522299207405941601 5.4395758310371107314 8.5020739264862932316 0.35958212054533578161 -0.0092982064809059971483 0.93306711545320564216 0.76787875990258380732 -0.56517879589629138604 -0.30155453695720613183 0.53015366515227679844 0.82491603937924284917 -0.1960882946538828886
-4.3072096362501364197 2.9934147331654887836 -7.3732094811042276916 -0.97153737601771028576 -0.011524231042279235032 0.23660583065402360226 0.19237355399526215316 -0.62122089182256867712 0.75965585582314543167 0.13823003553418539147 0.78355076138199786229 0.60575627245133500942
5.8740177907733679419 3.2256208179561358662 -6.393244917167900887 0.4754455273285418393 -0.02268295756280581596 0.87945269001790526975 0.71076032683900769449 0.59900552439618082179 -0.3687982368919144327 -0.51843158500913222309 0.80042355361344863507 0.3009166437501114566
-4.6249630328275710411 7.3794681764874727747 -7.4541813306432702646 -0.75004210336279808491 0.013029757709928495649 0.66126172473321154222 -0.090804867269417069431 -0.99236679954613959964 -0.083442262906150047042 0.65512694896715872872 -0.12263099352409949361 0.74550004705821926176
3.4832941473615761652 6.4407499509708285856 -0.23725412335135417918 0.65365020930117601061 0.003142983307690593725 0.75679027843679702592 0.56661015119087854153 -0.66494107512603706223 -0.48662747885591622898 0.50169147934552471568 0.74688920749074505512 -0.43641971917624605704
1.0894004806871726565 -3.6160890118677135874 0.72957240377583243429 -0.82873445515503874059 0.0050135116982402052471 0.5596195739424151272 -0.46834864868525705184 0.54116385808162026372 -0.6984205194440670228 -0.30634742713709872675 -0.84090221988437452438 -0.44613306364788007929
-8.0783029224951619085 -1.3039325684918166015 6.4220638350343213219 0.98723265932722292781 0.0050749523362514040864 -0.15920402387050813786 0.028001236507577926399 -0.98945671755105224499 0.14209621686357479242 -0.156804359351990108 -0.14473993558012712701 -0.97696609149770652358
-1.0959812781376281343 8.8770947112958786818 -6.5824113174870744203 0.77337118342912791746 -0.018343774740789041411 0.63368802937230728212 -0.080157214941807428121 -0.99438833638780610436 0.069040983109262293871 0.62886551307420390788 -0.10418897438856514204 -0.77050167039514871892
-7.1653230789314292792 0.82861260250098922597 -5.5119332257866835434 -0.9277635647334889768 -0.0078874797588463409909 -0.3730851854684352209 0.21038203241634706453 -0.83680124812594558481 -0.50547311656699178695 -0.30821123988166754248 -0.54744996008636981344 0.77801309295686704726
-5.9044783875504505133 -6.9978608980852223809 -1.7775882420432604913 -0.79732296732138829842 -0.0027895477291435336054 0.60354643914565730967 -0.51628156106717915108 -0.51480355547269973648 -0.68441993613170271082 0.31261707484393469469 -0.85730363214895666246 0.40902450638093745816
-0.099430130934323124325 -3.3857339833078556879 -4.2856656413928497784 -0.99504015856546601526 -0.00072656791200341333883 -0.099471377497269461432 -0.066958008184002645868 0.74440525672352564346 0.66436243038167375197 0.07356431187862079446 0.66772770338035514204 -0.74076177422730327127
-1.654341160034058289 0.91994134256567694496 -9.0795008879892318276 -0.67204938261382518583 -0.0072779758030983533398 0.74047056551675760616 0.53152751336807735338 -0.70096787463150556086 0.47552343924066281522 0.51558523045282866892 0.7131557121713393288 0.47495347175907193238
-4.8931943483917885729 -6.957898954541840375 1.7487211531062412107 -0.37549968712933617931 0.0005320811726269618824 -0.92682236801652251312 0.064265504083959909543 -0.99757800127204410146 -0.026609704297603838791 -0.92459176394270703447 -0.069554642315333287117 0.37455603289995481608
0.80072197775260411934 8.1480335994150721035 -8.4215938008974990936 0.064354537282555010491 -0.0071695839336059280153 0.99790134311832223712 -0.50582430415157386694 -0.86223167155618019031 0.026425705188679461666 0.86023268181379630715 -0.5064633665245512617 -0.059115070057716351259
1.9215633690075484274 -1.380300775092565102 3.6224134019755558356 0.93207624366026242679 -0.0099836213358234296433 0.36212456877293558444 -0.32551821672518260753 0.41558006187416468569 0.84931213505539426833 -0.15897096144925426664 -0.90950180839723915316 0.3841024523979544858
-5.2863784131305147085 6.5926937680665558261 -3.7587961947518011563 0.41603372388235931867 -0.0094120477939902309761 0.90930047506233024901 0.61912439522898754518 0.73532154467709631707 -0.27565777544990704984 -0.66603372574116026517 0.6776530375421614405 0.31174578888116816211
-3.1816959937733115815 5.3646109525476672886 -5.0265487938189323813 -0.97925427348981286535 0.0067778023598059795873 -0.20252192287952452965 0.19993821771476447124 0.19484038996748187511 -0.96024055920082085347 0.032951129702602839633 -0.98081154348441257351 -0.19215342624813849803
-5.7780552215187066523 3.3196232734198551917 2.5040365784941087668 -0.44561258737253145457 -0.019199135009301850074 0.89502000826248262477 0.68663799572070316479 0.63416992837156538343 0.35546696721622045301 -0.57441943282589835729 0.77295529959011288756 -0.26941124703312335775
