1125 17.292696884352682929 17.968806560800352656 18.477561601407678893
7.9572122242230580724 6.6520131419175658749 -8.1836743411486629896 0.76797398093293267607 0.0057863143564656650125 0.64045490331185694899 -0.52552793838143352367 -0.565900640124118115 0.63527698800425780323 0.3661097521107471997 -0.82445314243665346332 -0.43155609755409785055
-6.6334719161993360714 1.1055193194427521686 6.3453682332028176205 0.98528485043149427458 0.008044318721326864513 0.1707309358216662909 -0.094221448107985078524 0.8589724158260797493 0.50327796252775969243 -0.14260463606308895756 -0.51195866804451473087 0.84709045561102780386
4.3686840532742730048 6.9793737123953114576 0.71205644071133966655 0.96459333027879035072 -0.0030813883027624930366 0.26372374225289801908 0.24215292288107642671 -0.38587243829718814725 -0.89020470865006040562 0.10450678983616765172 0.92254699956652563841 -0.3714638131358357076
-4.4649967879215015643 2.1872641907173449027 -7.5241072244278575099 -0.98140808643939847489 -0.0081306722399167360299 0.1917604235512130606 0.059383693506387232042 -0.96294193422361273882 0.2630901143326261904 0.18251505367275058789 0.26958620788729398265 0.94552183036668135951
-7.7953940296289738754 6.3862809926239698655 6.5813816305258994177 -0.98737747362735805989 0.0071269315732115255321 -0.15822430729719746956 0.13801122606424520711 0.52884938561170102833 -0.83741938645997304747 0.077708597037392093676 -0.84868576881247070887 -0.52315756685897618627
-5.5965241747444407494 -8.8656447165768899055 -8.7994388146464359579 -0.79025256339470584255 0.0075126823219663196179 0.61273521659211005463 -0.5962216824428441253 0.22146079225881526442 -0.77167015160442486987 -0.14149413921769818381 -0.97514033712901071471 -0.17053073468043172811
-5.5151297765433593412 2.1720422465844855253 -1.9660003122284470667 -0.86711390772356689016 -0.0058011977739790328984 0.49807611580631133696 0.019084161856324062534 -0.9995849253550249669 0.021581746198712524476 0.49774417706154794327 0.028219197492579038006 0.86686470172372576126
3.8395688810579398087 -4.330626669722732025 7.0616178171334791358 -0.76983416054238484882 -0.0064737068837883628841 -0.63821113777597171524 -0.30225043922839578414 0.88441100177126141801 0.35561475212972259996 0.56213880603324140051 0.46666398089552474371 -0.68280648187187731324
0.030064456270373043217 -2.4723602164361397904 6.2054760118478959896 -0.13579169537281449154 -0.01841911244139759693 -0.99056617737762941989 -0.98187132553384770528 0.13596246349868351677 0.13207160411581558845 0.13224717600817659235 0.99054275264444335836 -0.036547771773564011188
0.13474103792243027899 -5.5294461154079046494 8.9514282847073562976 -0.56688902867740376124 -0.0079935057496714756464 0.82375538421976868264 0.82236532069115653165 -0.064360529753777151463 0.56530788207355353592 0.048498541110259925369 0.99789469688732701513 0.043058860116660574446
-4.7043356819862083285 0.8518985271265195891 -5.4888167999109374051 0.99775906101246347735 0.01065493820391458582 0.066055495301943073505 0.066523184486636396939 -0.26387961189602859857 -0.96225891336545876786 0.0071778892058851863009 0.96449677175075332336 -0.2639970742055301467
-7.7276089526513667138 7.9639744427222805001 -5.9051855422156940278 -0.84015339608127637128 0.0035002739262350330424 -0.54233755091743696131 0.44221100010534603042 0.58335960523295138369 -0.68127894607746963818 0.31399315667480315328 -0.81220645101174349101 -0.49165941310660737917
-6.3117882820396795651 2.0820917738211406345 -9.004659431937698244 -0.88318753555030504732 -0.0052641627145504736596 -0.46899047499884094492 -0.073077126691560592708 0.98926959673060310685 0.12651244420769935939 0.46329203598078244619 0.14600669017480732981 -0.87409526701688144978
1.5701563154623572327 4.7231195401321546257 2.3690349242232118243 -0.39313510218593938905 -0.0059004425232776717275 0.91946178615941875911 -0.40260411038536109141 -0.89791987164695141743 -0.17790400333359054907 0.82665272135901346484 -0.44011940297994800453 0.35062827808159807708
-7.8956006732826109484 3.389082674978099341 5.786996597353848415 0.59609970324034666778 0.008024746811427153903 -0.80287031781930073837 -0.63865092978244497601 -0.60128953026231402035 -0.48018318450909214246 -0.48661086474176257211 0.79899092875665778113 -0.35330349853860681941
-6.9181833124742526664 5.766552384562770861 -9.1952511813150099584 0.98815702994809850868 0.002432318098529717091 0.15342675122869153803 0.11140452746818733931 0.67621763150559943689 -0.72822987174408349009 -0.10552116102251250795 0.73669790190387962614 0.66793823509865912769
-3.5511660668570601551 4.1745175583696765287 -3.2256488618353413855 0.93786134583315783342 0.003149079748288961117 0.34699593555059793371 -0.070226003378848475545 -0.97754548369068672287 0.19867847333069418858 0.33982996401326420743 -0.21070099812848847032 -0.9165809756622734783
-8.3879386272878235786 8.7722945531169820299 6.8810999056187078793 0.88099453468373523091 -0.0072040946925638494475 0.47307159170382401259 0.29773838646185490919 -0.76863075840526862148 -0.56617895621478397938 0.36769618312466967325 0.63965213847284008164 -0.67501456181521057864
0.14853619327942743644 -4.3471395757347135458 8.5239742661172197558 -0.54111486035783840087 -0.005889044016980369764 0.84092807484365372783 -0.66458248102337913465 -0.60973998837852705357 -0.43191118588026106151 0.51529101856759695899 -0.79257962737660181407 0.32602561318238498789
-8.0630128964958664994 7.9608638902927593151 1.3945987874556913244 0.96304593956486939099 -0.0060564286922394012028 0.26926908095646134855 -0.14877266102078545718 -0.84535276276956439201 0.51307446029881687011 0.22451996263239279439 -0.53417415338969931327 -0.81501457669799104444
-6.0134158828982071654 -7.4039384317519010281 1.4251220132463291446 -0.57717021463378703761 -0.0080923953986215529238 0.81658377186671926573 -0.18653161372865478818 0.97482178526466944923 -0.12218201198649475403 -0.79503490515783081793 -0.22283850679359770708 -0.56414758660359043407
4.8043122333168675198 -0.0228180881165348029 -4.1953350675085676613 -0.51684445594454220263 -0.0044712160745820324695 0.85606764720213590625 -0.83245353045995273966 -0.23068220871249234261 -0.50379245548986939518 0.19973214058919158687 -0.97301887279255894203 0.1155047410513416889
7.3375802156050164982 -8.9523640658979761753 3.8212705710295522543 -0.75938826694772310066 0.0072850821068801592528 0.65059694711934290545 0.4789588505022828735 -0.67053037456171382669 0.56655753133793351761 0.44037243277456022961 0.74184630778152338415 0.50570364452256444388
0.15172858808384392937 8.9433411934907258711 -1.1948516089175553745 0.8722711975584072075 0.011887426988734017819 -0.48887794692513752981 -0.4871347258447015216 -0.066633257566057368937 -0.87078112511846361699 -0.042926877203780175463 0.9977067194650955928 -0.052331492887209833664
2.5655290248006314968 -0.07952407424879062714 3.1248371131851144789 0.16285083832107075108 0.0066260460284178427509 -0.98662845082235195449 -0.61612663404731360384 -0.780354009935941062 -0.10693731806230279135 -0.77062803950792324592 0.62530289835489083483 -0.12299882126868792731
-5.5783375977320392991 -8.1432496226086161784 3.9982354051415556206 0.12452486368162044017 -0.0075793574024741990416 0.99218753855629193694 -0.65652354255895073454 0.74914065014956188193 0.088119943030488381841 -0.74395591024688456638 -0.66236760158926688558 0.088310610766165795193
-0.049953676013648640186 -3.3093069453751984277 1.8066571964489597235 -0.94904685508320352216 0.0021441750450704975817 0.31512770327283023963 -0.22310204139942935164 -0.71081064123397597054 -0.66706349880053417145 0.2225658239263506033 -0.70338014957894667845 0.67507097345253330722
-3.9324594033741688826 6.6710196275421438372 1.7548825371290897035 0.46027200457894434926 0.0024206101848959493683 0.88777464620670942796 -0.31945582086657914322 0.9334630995189662217 0.16307857109599666057 -0.82831012327223496605 -0.35866527917082019483 0.43042021002965441534
4.7782099876566492824 -3.3876070770662036757 3.7182173954379136305 0.64766098896287815911 0.0057731794305236157003 -0.76190676186408967663 0.3521635196575879645 -0.88901836767815756168 0.29262125239451935999 -0.67565975076037720903 -0.45783513662652064458 -0.57781561840472395186
2.2212274960697162562 -4.6792855660263663609 -2.7856674922962603169 -0.030932939372680833684 -0.014220147405826565751 0.99942030231016343311 0.91897179795890160392 0.3928518983125859898 0.034032639456630195407 -0.39310811212427787531 0.91949180170356348274 0.00091585047583371830167
-7.251296941724353573 -6.0467883954309291639 2.1975899714554292252 -0.69076071372192282549 -0.0087600685792687104508 0.72303035729953235577 -0.72307060812688050966 0.014321409548474973994 -0.69062565322444291471 -0.0043048857780998584649 -0.99985906928280943173 -0.01622681519607924866
5.9052429002164315008 7.2261722858699926064 3.3728879135318177163 -0.86246451803735701969 -0.0002625164024041377539 0.50611746285975178772 -0.28053237581197076889 -0.83208016164329179354 -0.47848112890777599882 0.4212559094514362612 -0.55465533052951532245 0.71756597123005849692
4.3341210708431532339 2.8933182446094214413 -9.0350801645907807824 -0.035291344337694312283 -0.0061082301871976697749 0.99935839944357951481 -0.40845427685487706304 0.91273592186700969187 -0.0088453746170866522081 -0.91209628040765511336 -0.40850437752510793121 -0.034706610451716551902
-3.6834260519320376481 -3.7085664888614449097 -4.9851846386750739981 -0.37349719039754203376 0.0057984852792228114629 0.92761318788255087142 0.6054187992716770772 -0.75612080239110934787 0.24849428500481560156 0.70282851838375415277 0.65440637967558390464 0.27889848329865624121
2.5611864156942942827 7.615719374868725744 -3.625641318840436611 -0.66111227554094509351 0.0029005590620658754791 0.7502813778080372753 -0.37195745194131046851 -0.86972380347174593762 -0.32438890181269808277 0.65159666441282282356 -0.4935302345661752299 0.57606396736361142885
2.8631657770667491292 -4.2781285421120189838 -9.1896146960404223591 0.81002037613587085652 0.0035536355626913478101 0.58639096336756091343 -0.57269543999782923649 -0.21014567614538595675 0.79237537051763107243 0.12604333877818560405 -0.97766362644386872738 -0.16818712875243463367
6.1264233988752652138 6.947915434924379241 -2.2926742422259440701 -0.44942354138748408232 0.0056369064954984882815 0.89330101630548963687 -0.88478371514955667099 -0.14070974038437936149 -0.44425054458835250282 0.12319195530887709633 -0.99003484496578586516 0.068225712902308194296
5.2886110078964430059 -4.5815872071716201575 -0.59692072758906311591 0.78937349849470106466 0.0031931377889542530285 0.61390494683230156792 -0.33393178913816518039 -0.83687967299213139594 0.43373029999715506655 0.51514953176443700755 -0.54737758156828342226 -0.6595443450740774427
-1.5487480955175332298 -6.8958484515250404456 3.9482047882340527423 -0.6725936644068548631 0.0047406767881135762274 0.7399968166036412498 -0.49510374975296833622 0.74032091998459259585 -0.454749615077587932 -0.54999094499835143868 -0.67223690869843755191 -0.4955880335554694871
-3.8221624688245272594 8.8840018602106916035 7.1799042118643097155 0.0015968652427088749629 -0.0047308256454936942204 -0.99998753457740863215 -0.17016983340158642335 -0.98540496997982940375 0.0043900955351625159731 -0.98541345526709933633 0.17016070177167122446 -0.0023786027585749923777
-3.5469443351118141727 -6.8918498701114447869 -6.1885868625272504318 0.93235705370457500063 0.0067705554058485701782 0.36147542653232278553 0.09165266025057856869 -0.97159019677271207804 -0.21820238175771147771 0.34972862947767202613 0.23657271422354980706 -0.90648951268524380342
3.3976654163633535077 0.97417779758866407391 -0.73858872703390843206 -0.15185553219242450829 0.004119004741029891857 -0.98839411731478787893 0.96705101459725895108 0.20734852069765524751 -0.14771230866471657395 0.2043336303917792085 -0.97825846521467818562 -0.035470307673814975569
-3.2693985029105765427 3.6274176584594979289 4.1177827543025617985 0.59686188371715742651 0.00080249213631351139567 -0.80234359707795166461 -0.78499196391922410054 -0.20626273681451778863 -0.58416033756492780071 -0.16596237027623864102 0.97849631548014814886 -0.12248041575751823784
6.309702591397194027 2.2728882115198021374 -3.5846853284342610202 -0.40161863998492025596 0.0081846208581714263719 0.91577042974632461014 0.64659377909370163717 -0.70561232992194478086 0.28987536062844398987 0.64855142652991482066 0.70855081105272132991 0.27809493936870227637
-4.1016307854908111707 2.041507076520689079 -6.2608822056101471887 0.98785347815556834306 -0.0029457415347356524435 -0.15536031765712121633 -0.086215428970122340302 -0.84219883911800130782 -0.5322292881791070851 -0.12927646925558691771 0.53915900993577059452 -0.8322230208915016858
7.3035474623105924863 8.9487758556889041017 -9.1031692620478121825 -0.411581960249899792 0.0043427552605656734308 -0.91136240347819574836 0.90759694707017335435 -0.088978844660076522599 -0.41030543119925261264 -0.082873829797995748891 -0.99602404874557104453 0.032680615889427062914
-1.5489599325051996992 -5.664801153962018887 -1.0052398300707090506 -0.9019018555289830541 -0.010341878017283772165 0.43181719344276486838 0.42485926326944628562 -0.20152571612088407416 0.88254291235966975115 0.077895117997192619974 0.97942862491403437364 0.18615025998137821328
8.488685031711975526 8.0118042434100100735 -5.0581380434593583573 0.79969695411323005185 -0.0034228178907899763778 0.60039409215942718401 -0.16211750703303381971 -0.96407170420423204948 0.21043683866232121282 0.57810266864593673475 -0.26562009236990286043 -0.77152010410229499016
-2.0242313829659699387 6.7113227716020498193 -8.4137956736147714309 -0.99997339874141011329 -0.00024658604410878099972 -0.0072897877122547628109 -0.0063134503343458010099 -0.47123542865860901241 0.88198487012066684176 -0.0036526913975167699458 0.88200743192575215001 0.47122133639441782238
2.5378507447920521933 5.6431833039704510924 8.1834779190428061924 0.85807744329256119276 0.0059653782623844166244 0.51348565274437507622 0.18190983954240974585 0.9315600814881933589 -0.31480887035637022953 -0.48022069050575405535 0.36353848329955945617 0.79826553199449334919
-2.2741787695698922889 -7.8819771344994498108 -4.1201918820767762242 -0.66505670638596814381 0.0085999988302103546473 -0.74674334098894035172 0.041094026774304216743 -0.99799719840794187675 -0.048092337576154942091 -0.74566135628357677056 -0.062670822478898380314 0.66337132117326058633
0.15689897924006895868 -0.32942103962494201363 8.2963612108464772632 -0.89477698471128996882 -0.0017941577366699960547 -0.44650971840392450485 0.32308993747256642415 -0.69283220097249231806 -0.64466769238039056678 -0.30819967542963416784 -0.7210966109289732584 0.62050998200831297691
-5.6274615585878384749 -5.4161637212359821092 -2.3521824070508952076 -0.064810241161424406164 -0.0027530317434528361539 0.99789380870755783892 -0.25477897719245262698 -0.96680839839873233821 -0.019214410389052097305 0.96482501285036681438 -0.25548765450027693946 0.061957670845316753505
-4.1764118840312089986 -2.3699188350658877411 -6.2013853479543596947 0.7850820447489598175 -0.0042306945961857701441 -0.61937733590764076919 0.47474296165778384626 0.64637959890527363349 0.59733787296257934152 0.39782571984376918772 -0.76300426954385225375 0.50946950967498061402
4.5686464712541656752 7.7342045754055375184 6.2757137210566211749 0.40400044002624008188 0.0082961116054717908702 -0.91472117007901465602 0.14539657837102748505 0.98666442527865982903 0.073165202707364832002 0.90312982425389976004 -0.16255610238131562584 0.39740663572995316155
-3.3313184293590833995 -1.2027809742946413696 6.3316582077126257744 -0.74746772237095870928 -0.0052506310033882562169 0.66427737797383268337 0.37348671681227091357 0.82363509268199130986 0.42677032050859586843 -0.54936297325025196248 0.56709581639822237431 -0.61367960585703207332
7.6928656972212170473 -5.8251754939462481175 -2.8763847460717104632 -0.039312719969114992558 0.0096292800083208115319 0.99918055776483105657 0.73535996154510807621 -0.67674861978302325305 0.035454655241820856593 0.67653546618419346803 0.73615119546761120795 0.019523842002397425593
-6.9323991682275938331 6.5805726439307505871 0.76478591960317210408 0.9757411145798439156 0.012828767217332573414 0.21855136707458508449 -0.074469423042997306972 0.95820227298643934066 0.27622945005054161394 -0.20587273338190273386 -0.2858038256831387236 0.93591270472986998197
0.45575487329031233452 0.064729563442062709733 2.4285042401391141453 0.960487288546845841 0.002646190988813133891 -0.2783112757561929107 -0.27261695748319708654 -0.1925123684530251067 -0.94266589122822974645 -0.056072836849881332877 0.98129097910126417137 -0.18418428625097851836
-3.5154441273956087421 -1.2426645086452283717 1.1262733455137190486 0.84324566181548310517 0.0027374690553805119952 0.5375214043109354245 -0.23464881038330237528 0.90155128083114777215 0.36351784525338715071 -0.48360799167823681488 -0.43266360407967063839 0.76087155032234399243
-2.8174489748957660673 4.4712734480948324034 7.7769056231202302598 -0.2450022066154538547 -0.0069604205841598812063 0.96949753547869232939 -0.53199935475121262751 -0.83501748732318648027 -0.14043675590329829372 0.81052489492812873628 -0.55017937839374231324 0.20087818769711918154
3.9913899761521167697 -7.8484711814274428221 -8.5700503231545734906 -0.055395731182525657921 -0.010718347869169588329 0.99840694608243174546 0.036049857048981961971 -0.99931187930729103996 -0.0087278681265237269965 0.99781346992980490818 0.035508941046347962389 0.055744007142188974069
0.40556758743820542357 4.5867230118933219885 -8.0265500309604682627 -0.3756485086676766838 0.0116009133135110791 -0.92668960107774267509 0.28728636010919994526 -0.94920791237381418881 -0.12833895114956347938 -0.88110995070485176317 -0.3144356180480822327 0.35323575253904132554
1.6378109625867944832 -8.9241937804571200843 7.8319812378563291588 -0.8779218181607612026 -0.0016692688151117760463 -0.478801101438408927 0.34297669606366176787 -0.69996055507916399296 -0.62643611588931036316 -0.33409619446238458806 -0.71417955366620766711 0.61508316345906299816
3.1238780571711859402 6.3956279402062738981 -4.7638759615790160495 -0.5857057329175635596 0.0040022378138398553848 0.8105138965619997915 0.70041782653165252093 0.50571957489653418527 0.50364926272454801914 -0.40787701909280610346 0.8626886423611185295 -0.29900609297625402316
3.3884037879582997732 2.3407503647048040207 -8.3490564785390475322 0.010374504454959727548 -0.0050582158610605982771 0.9999333898363695905 0.53830994292121903122 -0.84268940008188819579 -0.009847859758044023859 0.84268308100340105771 0.53837625267261368656 -0.0060195970438718122281
-3.3038926540033970447 -4.7432593932860545038 -6.3999593291816001539 0.0050269069183568639014 0.0041083728685497875391 -0.99997892551753297941 0.51151851716028884365 0.85925059034117812207 0.0061016063736496640307 0.85925754975375079336 -0.51153840937981320813 0.002217863939477072565
-7.2452825696877125594 7.7968916063101705305 -3.497043203339115891 0.82972129169379948976 -0.0037853133329008711513 -0.55816507371303603069 -0.13326022707509785348 -0.97240417841303417035 -0.19149889212462331556 -0.54203716661311340808 0.23327191259998250605 -0.8073288826755925518
7.9870191715600071802 -4.3918283655683421074 -7.365261910015847846 -0.52430903725052002695 -0.014132007619120715014 -0.85141078206575182552 -0.67295061396309041601 -0.60577725097937151766 0.42446600966640202213 -0.52176383989676178299 0.7955087733998469357 0.30810434404556791277
4.1053986697596425159 2.233583632931595897 -0.52946039287765278569 -0.28589229102975666219 -0.006024999700096666036 -0.95824281750927498003 0.44719002291650017389 0.88357628570286350644 -0.13897492848407047572 0.84751795339890834136 -0.4682484882216051969 -0.24991332886522613088
-8.4723144110823387365 -5.7234350708179739797 -2.4362607558323481349 -0.0081223070849781066338 -0.0010730489948527343214 -0.99996643778371097078 -0.30526808310044512007 -0.95226001569769225252 0.003501420282436166348 -0.95223181293629954869 0.30528627723783158254 0.0074069806625706828551
-6.652172808881147148 -4.6440305518695161879 -6.3621027264830747328 -0.79081129354534662745 -0.0020350465540689508664 0.61205666125493263241 0.32931202826152106145 -0.84433014624399671533 0.42268214084043453926 0.5159177124729004138 0.53581943108542506859 0.66837598043898105438
-3.6629757610879671859 -7.803450310618257113 4.0783024382235764094 0.4565184902371562381 -0.00064563995740420099256 -0.88971369058830751531 -0.88022630570692128593 0.14532122092427005033 -0.45175590033839274628 0.12958595144963444556 0.98938431658180259198 0.065773515101203813837
-5.8666206993465426223 6.3985572851892547064 3.6157902868613520653 0.46094251210291742327 -0.0068688293034750132551 0.88740341430529678934 0.012377841097943638113 -0.99982300707918758675 -0.014168400230158646746 0.88734367050557161338 0.017514956446792889072 -0.46077590726359435314
-4.4387360917260929583 8.0299884169361650521 4.1701955561388635019 0.040003886896035435738 -0.016211704415343981822 0.99906800052517641397 -0.9708652765720647837 -0.23705200483787375321 0.035028013772136705473 0.23626320868816214071 -0.97136168734526451285 -0.025222382480933829008
-7.9088795348060871859 -3.2093857617345791233 -0.41028251442445951014 -0.92775236702387475773 -0.0021945790604399918744 -0.37318993730307009615 -0.37084779854031746371 -0.10658904185775418261 0.92255660339824430149 -0.041802581252079008822 0.99430073920250860997 0.098074381069151200796
7.3753975512953662275 5.6596342809109296823 -6.3841521806961472052 -0.90865348721240957186 -0.010990676647145914552 -0.41740633105308322381 -0.29058708500440183498 0.73450377874391337141 0.61324003867942178392 0.29984660445802030493 0.67851558864761929435 -0.67060316861573199265
1.64328404804410666 -2.2736882359448959967 7.219709142688381931 0.69731578027946794496 0.0024571442633334883432 -0.7167598377526324116 0.46388714183181911643 0.76077168386125970656 0.45391096558468529976 0.54640591341651734147 -0.64901495165903000384 0.52935826271696495571
4.4997104607530182818 6.5753516617716663006 8.9398667681707539856 0.69116164625649556541 -0.0061327522093436760697 0.72267417837823699767 -0.60687477991109906039 -0.54790602264862586779 0.57576209657556209898 0.39242652847604386768 -0.83651741147196667647 -0.38241344125488202499
2.7049542212592139201 3.4896488876628475317 -6.2708694664543109809 0.50562999867787872255 0.0078464677831550869863 -0.86271474855844876295 0.48427464165118683237 0.82498686525574516093 0.29133270260824339903 0.71401426868835293771 -0.56509742974017185269 0.4133382622146181129
-7.0917507201495313396 -2.2101427867337184452 -3.5877401508456059354 -0.3992838034507231737 -0.0027311396875256536455 0.91682331186437804327 0.67536560543343648888 -0.6771655177264562786 0.29210984338100476343 0.62004333985584803024 0.73582566038323016233 0.27222574129214005545
-0.97909807078721511342 3.6634223397671243916 -2.3394755881204223336 -0.63132350098895384516 -0.0094163251975967962593 -0.7754624232797074912 0.24498691952614498613 0.94630089359747948663 -0.21094081643407894266 0.73580707142578194446 -0.32315004502018446209 -0.59511511663136373862
8.3326990486082674892 1.0391837669291352775 3.2562396011833691922 -0.29993754429005275997 0.011631666688222906322 0.95388792520679366316 0.68872759820529694252 -0.68923483570698262923 0.22496585678339281467 0.66006951527507928823 0.72444464631751825934 0.19871635419990063554
-8.162927963876974502 7.6837837608446708515 7.6971696867505725592 0.98378075048260960056 -0.0045317652868155262891 0.17931786883422015655 0.10531237193023851306 0.82384322517572328159 -0.55694851166876013782 -0.14520585146020967282 0.56679961488612118359 0.81095835729482657062
-3.0230500300637590527 1.0667628058128975077 -0.47440432815155908486 -0.35249946998012249288 0.011347836603831731178 0.93574320743897188013 -0.18195958607458018186 -0.98167335906833241843 -0.056640313657145086035 0.9179514326474235153 -0.19023312724112106942 0.34810418641644835791
-3.9112339582637316582 -0.37954154925753658123 3.3945765223473070016 -0.77936511014914888751 0.0015509267720297641169 -0.62656812854489407627 0.50345244736065097868 -0.59374550585500396327 -0.62769571252582245791 -0.37299552052087170395 -0.80465139588693590511 0.46196371369217109626
-8.0958249443543319757 8.887529253346906799 2.2518059062721422769 0.95158459572290399198 0.010391524804816766256 0.30721128461549140898 -0.30024917626248892599 -0.18270422590760379555 0.93619955030398882556 0.065857340795195090655 -0.98311300573627091737 -0.1707384801844552269
-8.5819973176226209688 8.9512105284408374217 -2.8314556115792539615 -0.54271163096216779032 0.014638331092249101673 0.83979152465437179043 -0.67525529543281936906 -0.60220701062481407639 -0.42588378971783397153 0.49949411568948226536 -0.79820576020060052258 0.33670935949938635146
4.5781882818988517414 -5.6362062723877714987 2.1349073160391753845 0.85907257370419332076 -0.00081848086589022660958 -0.51185314612507071264 -0.17274335351613195888 -0.94179304564610155648 -0.28841912729364505008 -0.48182366787571745403 0.33619219095885061188 -0.80920996274931511483
3.0145612060874733551 8.0984968552296070499 -8.9789665229178972083 0.86551293790176009324 -0.01189728833878533204 0.50074525345246845287 -0.021551317531190650884 0.99790753164899181904 0.060959814558716303445 -0.50042271634849777584 -0.063553228152002219642 0.86344547723277920159
-2.4257461183420536699 -2.2205644692312898059 9.1153406545730373267 -0.85562228495235892467 0.0071523348093935562933 -0.51755130141812077937 0.20040461781247084772 -0.91733843497418288138 -0.34398864062421802279 -0.47723002279022957994 -0.39804401744761097603 0.78346184688337539015
3.6304810704747922934 -7.6046821030054090329 -5.7291239677506222705 -0.45110265486711170757 -0.0069847644635563522347 -0.89244473657330347649 0.21551844064828437619 -0.97122743665836530624 -0.10133641015220901105 -0.86605900290486104165 -0.23805142164536136073 0.43962862070174851814
-5.5337600505341795198 -2.1545750813790647271 -1.5808765812743681423 -0.74414967867838566207 -0.012189377806382645925 0.6679016954547865037 -0.38740651759418709421 0.82239929654124921399 -0.41662403576166084918 -0.54420349672563483878 -0.56878011227313751696 -0.61671041667409631781
6.100988597362794863 3.4663645513507299611 -6.0440767578300800267 -0.99980366091389161198 0.0044292749023390285551 0.019313755389368674614 0.011555656478584499375 -0.66146202843319001907 0.74988962637470202299 0.016096783118152994257 0.74996557685350095923 0.66128097440385802397
-5.7602314492869286511 -2.5113550180982193716 7.6759346641370314046 -0.014333965016760858921 0.0089130327676682774563 -0.9998575374989925324 -0.94453800341635874016 0.32798913673261892443 0.016464698223243062758 0.32808916097454399186 0.94463944657856235843 0.003717313362914125268
-5.5713672789014756503 6.5102654737859078082 7.5573161244155313554 -0.32874440245230662772 0.0072992564223398406775 0.94439072354218533967 0.92339168140749428026 0.21232024158218523735 0.31979355484782862051 -0.1981790114112948753 0.97717287921336815071 -0.076539163608195209809
-0.69138405040570638516 -4.492119072531268742 -3.7090825693062070556 -0.51867335732026931261 0.008362556622265999301 -0.85493158559791182505 -0.30454925599937332503 -0.93616856517369795299 0.17560799597686801987 -0.79889154400098127962 0.35145196716986404351 0.48811250311389980938
-4.8823464323083678451 4.4176212863424568766 6.1057029744670545668 0.99364679958986379393 0.0022639434609358771722 -0.11252071909129435223 0.11206443884481274986 0.072246916558693807797 0.99107110975659362673 0.010373003961567976716 -0.99738420761884394317 0.071534209865238521098
-0.18375139667501294571 1.2461161691660525008 4.2839663349748642318 0.074630395690302858691 0.007520887726979386817 0.99718290212309645959 -0.99673409434783966088 -0.03036836409193804931 0.074825848655379376129 0.03084557024471948003 -0.99951047953986471573 0.005229922188598965134
-4.8835120018502440331 3.263725865873284171 4.7253542117406519552 0.32617424544082662674 0.0033875018535869509152 -0.94530359485308956824 -0.74005659088140807178 -0.62126358467090991855 -0.25758066824733605316 -0.58815525493183562489 0.78359433586066395971 -0.20013323787636780327
0.63706387360021798916 2.3350533429209319181 7.1059573997939677881 0.69072892571465438483 -0.00017670515184480201434 0.72311376695236562195 0.52685366971477343156 -0.68482679352394848493 -0.50342573789993294575 0.4952966402961915815 0.72870586085683486388 -0.47293657763367491498
6.6674769967413700655 -0.051545920754728136171 -2.5103887256075614332 0.9989627818484514421 0.0053906405208103526719 0.045213952234186595425 -0.0038093309496899708556 0.99938049159060127202 -0.034987455263963095076 -0.045374546604566252939 0.034778930732827353922 0.99836445073805724082
-2.8125726082693081054 5.6674203737159905003 8.6857119888533382834 -0.58285592081568882161 0.010714368337464698702 0.81250487868147658332 -0.79515830880954441184 0.19839765029533182328 -0.57302847772874565546 -0.16733869696216682743 -0.98006304627223195247 -0.10711762614332701049
6.8216813666100488689 -4.5884299506879440145 -5.8559307366386734728 -0.99199844314975804682 0.00174476107459083183 -0.12623804734437948927 0.086226748223620489076 -0.72100074486813658936 -0.68754845195851554962 -0.092217333941870163749 -0.69293209025722901639 0.71508117134518967006
5.8333894018889109745 8.9644123575715521923 0.75112853128681433823 0.88668185760205864288 0.0024550808554791021636 0.46237350267668503312 -0.25678597224150251366 0.83421494984411515006 0.48800244048225660531 -0.38452080289564083415 -0.55143393986458522082 0.74031369169125171847
-6.7926251718409416114 5.653490639627421821 -2.3885078081890172008 0.98091500166785172699 0.0053583428727652562124 -0.19436318495208054768 -0.19157373579063052826 0.19755264807697092699 -0.9613908960424107919 0.033245499820212631725 0.9802776338362167996 0.19480887387952094958
-7.7900575690995994549 -6.9357759819537649904 4.1188067328363828778 -0.61253667696761326944 0.0025043140553384600488 0.79043819984899510445 0.43666182193716313042 0.83462898428652287919 0.33573935106169883191 -0.65888183510560494049 0.55080685090141912053 -0.51233440287377562949
-5.9476445267078537071 4.3351331466095937017 7.8857218348814157594 -0.8190546259560353981 0.0018487935696756439483 0.57371256014007421253 0.56835041802526831134 -0.13382364398361890068 0.81183066869982323244 0.078277212716919675195 0.99100343807348045821 0.108558112069060686
-7.3598747926062557667 3.2878731358360400172 -8.8653811937084707751 0.93341554171245910698 0.0042381866354153988063 0.35877216205226619694 0.057676056998901499562 0.98515420254225327668 -0.16169313424577635985 -0.35413118888158828801 0.17161944816143601122 0.91931380174244925474
8.6450890555300521356 2.1784824680330001634 6.0713349524953290626 0.99797283423738503139 0.0029463088261203248391 0.063573118442293435892 -0.04733073036828670116 0.70214594252499118454 0.71045821647628981665 -0.042544377854287163121 -0.71202696203161974786 0.7008620272584784594
0.63475151556040787515 5.7246431313632850646 -7.0815078107213880187 -0.9313540413290618547 0.011712877849771837976 -0.36392644612965768802 0.25070839257527216537 0.74544978598034328243 -0.61761631979282571869 0.26405482686829018224 -0.66645886975437929056 -0.69721418755879949192
-0.016161293344894179375 -6.6722506830657879462 5.753000414605615731 0.52518823283501991916 -0.011193317910580230512 0.8509124688976067441 0.15456525614883531716 0.9845364329051908836 -0.082447521937549825277 -0.83683146551932330315 0.17482197206331218098 0.51879704740923582307
-5.1797334492689621754 5.1498062059553317837 -0.47796726015665397247 -0.88273263783746858113 -0.0059402003195172491112 0.46983806158815294429 -0.4638291207509493419 -0.14888050001306643577 -0.87332533654929400679 0.075137452977479660121 -0.98883735302410924461 0.12866643860773196995
-8.0354272544625864327 8.9316656565616696639 0.88121470807029655958 0.92944605938850954896 -0.00081460820359247412825 0.36895712366119254311 -0.36874778582948219974 -0.035804376421406353126 0.92883966166100540018 0.012453639330801815482 -0.99935848575083885414 -0.033578621545083585376
-5.6872199670715364306 -7.7759941096617755107 -4.3243662767037314154 0.21701016675272677414 0.0012540100526950877236 0.97616853820690185906 0.9265237465440547826 0.31458215312267739927 -0.20637784771296427411 -0.30734400045530113621 0.9492294224239928857 0.067105655414387913038
-8.2717958091208423355 1.1179760440924648712 -0.97176636343459710243 -0.93093186219886758792 -0.0015269337861204134062 0.36518972660236276306 0.14086808364136449434 0.92109967149943239306 0.36294845112594320558 -0.33693033546126172073 0.38932385444099065763 -0.85726593622360169888
5.8994097022275768794 7.9131575751491718407 0.58429093944444299158 -0.38266469937492675335 0.002514762741606207247 -0.92388386922849774496 -0.64867409435335721124 0.71133071821262650047 0.27061139784154480958 0.65786749970406577237 0.70285296136200359207 -0.27056989399707936927
-6.8952458266424523359 3.3610025572513939629 -2.6224173624789455239 -0.97177075269935042634 0.0089595896140416408926 0.23575692980730217352 -0.22765227415385475007 -0.29794132742743517639 -0.92704121131881245255 0.06193582380823431377 -0.95454213692470069041 0.29157033896548700813
7.7769458258996921884 -4.6447777206452585119 5.3010832591241374701 -0.86925632847740919029 -0.0061384488909926237729 -0.49432353256479433234 0.34686392849618619127 -0.7200497831091398071 -0.6010105863898757006 -0.35224827964149191262 -0.69389525815486174931 0.62803703728344839607
-3.9982946374160293068 -8.8845987520107208013 -8.4977375904875369628 -0.88362887086455443875 0.0085149202531694112572 0.46811057957236512639 -0.41343974566971730678 0.45498460784853200778 -0.78870563794176884453 -0.2196988740867881762 -0.89045859126284843121 -0.39851712883017498257
-4.8434424606402233238 -5.7188284919533236561 -7.5024617317429944663 -0.99999525156902779877 0.0025930280707587736663 -0.0016652461674031195787 0.0026101233806316830738 0.4253924202980523539 -0.90500523534903432044 -0.0016383208819943330045 -0.90500528449204220571 -0.42539716847480063544
-2.2722668375224772674 -6.8647176250242205597 6.4075884376790899211 0.63819986683179030784 0.0061832205120332852516 -0.76984589221449006846 -0.17731332734004975893 0.97426510404002586441 -0.13916713332365251987 0.74917348719997167716 0.22532038264212356227 0.6228722270599204025
0.83159535074091006646 2.3443493076200940806 -8.3388658900108314498 0.027032302410025174644 -0.0010351049270772216468 -0.99963402462321715447 -0.23331228074039223053 -0.97238740446492522018 -0.0053023856782316042963 -0.97202604609251785917 0.23337022988362604581 -0.026527373068658533645
-7.8609954786029678786 -8.0122421996222215057 0.50506884134013918519 -0.88758649189535754331 -0.0025372423101867481315 -0.46063410838347174092 0.29794174998393119225 -0.76581189200801802475 -0.56987968877231287568 -0.35131315520655181928 -0.64305964611391752683 0.68048024109326621378
5.5141648121564665885 3.3513730386459923416 -4.7888257165865262266 0.97514344399188912504 0.0096156364238633371122 0.221365767849749151 0.064588945191714458582 -0.96800542712724257921 -0.24247424855233917773 0.21195172044248872245 0.25074495525953965913 -0.94456520982575553624
2.925843766770185983 1.1557194793294049973 -8.0992963870999332698 0.5331833552486492378 -0.0039565706904491253562 -0.84599045812235984521 -0.55599600977134477908 0.75206403362976459448 -0.35393237551663936369 0.63763935481130062932 0.65907817052979722483 0.39878818729637360851
-6.2240557894475996292 4.375771043779393743 -7.9335024877008732958 0.987789610787675465 -0.0059551602950500132083 0.15567986666889094272 0.14545976667279025829 -0.32262207952566501756 -0.9352841547262794597 0.055795529387670787791 0.94650912825417532481 -0.31781650213919032666
-2.5328159661484459519 8.9244866872547028436 5.8728227535014596583 -0.098152256854369679395 0.0035347748068563916712 -0.99516513194616929017 0.63594892437441674637 -0.76895038423899175761 -0.065454351771673663363 -0.76546397698475820981 -0.63929868758316610311 0.073226279385669224009
7.3126659289328506119 6.8437017088327669612 -1.9835867828407620639 0.42411546781862435873 -0.0023880745710847034111 -0.90560497296381603505 -0.83731393492956751601 0.37993442374433228359 -0.39313510149413982697 0.34500933948188194922 0.92501034089018407958 0.15913649775075966453
2.3672454206188917603 -0.023431776318229704387 -3.9396323301059563704 0.93507284622387554229 -0.0048961779779067762103 0.35442178219772313419 -0.34701184753255881477 -0.21648842761926248568 0.91253248620449811668 0.072260292878843654374 -0.9762729065931959882 -0.20413148195450486755
-3.8275012068959379796 -3.4202581047469773345 6.6043153596523094251 -0.94119372000118939336 0.0021014896423098526623 0.33786086658822528372 0.10912128171290223777 0.94828134882916947923 0.29808560740143097423 -0.31976073446844427428 0.3174241125118991147 -0.8927457675553773786
-3.1342559131410108186 -8.8524635466796102179 -6.8227068955795289185 -0.97312256001226693503 -0.00024236964542137702516 -0.23028769930723336223 -0.16108225943429430038 -0.71393313082287124249 0.68143377551232431344 -0.16457517701877583116 0.70021384302981481973 0.69470539449365908968
-0.22099372602934508336 2.4756026474600054677 -5.9171037209494707909 -0.97049992268985851851 0.001469186594390057719 -0.24109695466696406951 -0.14258651380588560631 0.80286858184178910847 0.57885328570612504251 0.19441961356720791065 0.59615424328165944612 -0.77897441041272819096
3.7578701964859324569 -5.6539002829272027029 -3.0889515175841406602 -0.42436130657965343005 -0.0034839779656185045076 0.90548624692798096447 0.80464283922152635142 -0.46008381511428697586 0.37533023373992341343 0.4152919247557793625 0.88786865299299699839 0.198045126839873048
8.3150296319890202312 -1.0077690938186538716 -8.0578415526346685027 -0.17087871780177774084 0.010046776234482138884 0.98524084674251899418 -0.9839208862421590096 -0.054475918071766632478 -0.17009427964176879189 0.051963000481835323885 -0.99846453949937385985 0.019194008007709477404
3.2525836860873189593 2.2773389670261292572 5.8283830024454914565 0.94237072111037101241 0.0083691948908461190337 0.33446581375520356705 -0.3340587613530375255 0.078807947648749265834 0.9392518572516124209 -0.0184977824958646557 -0.99685468548027300617 0.077062105333726066414
7.4566807606880161075 -7.6630368951306762071 -4.8741528928905770712 0.17410513543122616009 -0.0022806978860083542901 -0.98472442857578457165 -0.69916406214875548297 -0.70447806049953487495 -0.12198473869419375337 -0.69343854523397308043 0.70972210103097088663 -0.12424783013013861177
-1.7593909238218974345 -4.5189608164624734954 9.062476371430800981 -0.39774905451710779181 0.011250404926408190051 0.91742526563189952249 -0.15297561309899010418 -0.98674131998962089085 -0.054222036312028681904 0.9046513977371193338 -0.16191045615963572946 0.39419646467003716106
-6.9320633460623142241 -1.5018076957730568388 2.1776437944712281336 0.97092844954603152452 -0.0027306633366883962741 -0.23935431757065656067 -0.045250014704628013784 0.97981206945785392914 -0.19473249526883934513 0.23505399811777333285 0.19990210609712763534 0.95120385088940173635
-3.5502468745137898409 -7.7892722095547597405 -6.9106200910289805606 0.93480119642611703146 0.0045902733491640559244 0.35514173586126135396 0.072413699734386910434 0.97645011017222316241 -0.203227553337204353 -0.34771105713049083041 0.21569448703036178672 0.91245433256344610218
4.2240046208279835582 3.5711584371771172286 2.1373239620307518116 0.78371590059672358031 0.0025124297522107850306 -0.62111438145346697937 0.41875037753500549131 -0.74069233190862604488 0.52537890209446658218 -0.45873468199581574067 -0.67183968113577019476 -0.58154443887417162085
-4.9293813318935582046 3.0330772193643187329 1.9733246667005077679 -0.75298267183286049509 -0.0064492839981094779792 -0.65800874056157176994 -0.64957265473074421447 0.16718492079549732154 0.74169034541690648243 0.10522576749718973166 0.9859044624074045915 -0.13007662687850979344
