1125 17.292696884352682929 17.968806560800352656 18.477561601407678893
-7.3196538054955375685 6.71922157555493893 -9.1127472802382492034 0.97441319170147167039 -0.0045797493320002009148 -0.22471750651475475014 0.034255360522972830295 -0.98508688783191278304 0.16861314805547264473 -0.22213847508627007632 -0.17199665496118812791 -0.9597247775111780177
-6.3363301777013303351 0.83693735712569705676 5.3565132028652966412 0.51868162089526259617 0.0034796830266772531964 0.85496038969740617564 0.84407775416198549401 0.1570112557400600295 -0.51271845149118422391 -0.13602250208748065119 0.98759068311568432019 0.078501729591591129509
6.2138441658297525194 6.6585669851977007383 -2.0902339354464531951 0.71133693351941618133 0.0033842928711422960025 0.70284302199923764931 -0.23958234869642638931 0.94126632400909426845 0.23794538339610130095 -0.66075719080810246808 -0.33764812134572674829 0.67036831738050672858
-5.6560714462859023044 2.0291788309359133358 -8.9596002057583827849 0.25222504582345328661 -0.0025764008254325712101 0.96766517371371107981 -0.1659685195341097097 -0.98529340472905935222 0.04063689359884019997 0.95332941671976179077 -0.1708515986358126737 -0.24894327558807455292
-6.2135458364566504841 6.7098564291124658254 6.5628622865889312266 -0.93226929957710025221 0.0010054470377047757413 0.36176365508758961953 -0.28685065994340075424 0.60726922072191369395 -0.74090538697897234677 -0.22043287403717720663 -0.79449548937702785256 -0.56585003791058297029
-4.2888967684629477617 8.8020334098742072371 -7.2285037696756209158 0.34667450120338688668 0.0013781179068545843652 0.93798448335042161617 0.23463768149396369012 -0.96833329438253501475 -0.085298238044305765837 0.90816405381308673572 0.24965722857806060819 -0.33601982021927345734
-5.3564474682080902568 2.2536358351202308015 -3.2243015114969129087 -0.76415400258547983015 0.0021534571260021706171 -0.64503024964336419522 -0.10691288842569379725 0.98573984554988380857 0.12994841739533280478 0.63611185700409744737 0.16826265039376739341 -0.75302681616368849493
-0.049499835915235421147 -3.7551942668955864413 5.6142142730699262643 -0.97375873846896077168 0.0079158753961051479819 0.22744506627359950546 -0.069047111959012752447 0.94201298262282462392 -0.32839615847359376888 -0.2168557483340833314 -0.33548305394872413032 -0.91674680524542340176
-0.64774680068090750851 -2.5433687010078758206 -7.7039505037357445261 -0.70682926152008196397 -0.0055494503107285202137 0.70736242383952485646 0.63112609400903818546 0.44668511769915780762 0.63415475957131506313 -0.31948747787630871198 0.89467402400401574436 -0.31222770897680501845
-2.3437815327275282051 -6.9737701104665665852 9.1835307886083175077 0.12449668412459663491 -0.001152967872278843741 0.99221935392689208921 0.46686646744085991134 0.88245298690985141121 -0.057553692090993445463 -0.87552057498460789109 0.47039918851885748063 0.11040075280378477962
-5.3246873257190179274 -0.23584143940161150788 8.6572653805078605416 -0.71942778092778281174 -0.010169793153219020693 -0.69449279574143696347 0.67078876699676737161 0.24921739738398385189 -0.6985220962231767361 0.18018351228806961384 -0.96839416775843867313 -0.17247213615873432935
-5.9397207978347452695 7.7130514336454591984 -4.8275006614333708654 0.96512385171772585579 -0.0019238117351364804331 -0.26178664937990075989 0.25955513298900867447 0.13752249562354931789 0.95588634059528743148 0.034162607984065909705 -0.99049677543441516647 0.13322557588471789503
-8.5050524829771578794 1.9673876543268256079 6.2124502407751247546 0.2969173294058352619 -0.0068087375744425460838 -0.95487891409921110686 0.68192296971508037373 0.70150937620007014495 0.20704023396137888335 0.66844682875584615633 -0.71262769816816973201 0.21293332508116605273
3.371251767186278947 3.1072938860488741319 4.7771203162916009433 -0.61820337127998625792 -0.00025515354623401390044 0.78601814650483781133 0.6598315378621856242 -0.54358852109841060418 0.5187811305090251901 0.42713807297008743458 0.83935180623307548142 0.33621661468884778134
-7.9938292409374946956 4.0600666054214809009 4.2996127240083925614 0.98280627725203939526 -0.0068082211167719910994 -0.18451414449601030721 -0.092996501746062082416 -0.88156405681548810627 -0.46281363894592836283 -0.15951010017174932498 0.47201531951453712388 -0.86703982958488601263
-4.2541498421086778592 6.5951371580042579268 6.6889592404279953897 -0.026616805618350718177 -0.0053158865143407276962 0.99963157563624027713 -0.14939433930184192745 0.98877686675177789422 0.0012802972146806652909 -0.98841938317854571849 -0.14930522136524335131 -0.027112245015992911951
-2.4149458300680111122 3.2716989172408443842 -2.2479003276254521104 0.14757137095205513644 -0.0066901782844897839109 0.98902878218468759375 -0.59066053274846064269 0.80147861443705559203 0.093553009855201249567 -0.79331130429882168453 -0.5979860133097790742 0.11432367365150193639
8.2893506322180030566 8.9299203660090373802 6.8446049852658328305 0.27660248831385092494 0.0093116825220424213894 -0.96093930923202675043 0.46980540447527358028 -0.87362077281191252709 0.12676603345278270041 -0.83831613689842843229 -0.48651828113670680942 -0.24602035837588290268
-0.27061696336839252686 -4.6979640562740829779 -7.2589854441918504335 0.53705585078337492178 -0.0036216945707353122644 0.84353891224267418814 -0.31364417141384359766 -0.92915521902894226969 0.19569852500446865973 0.78306982247893119897 -0.36967210102912734238 -0.50014417005836731001
7.291537444522606215 7.7246981478635516893 1.6461970247179795734 0.85252744374777333913 0.0028633814013108733337 0.5226746202981914502 0.052364367371353449931 -0.99542190126122509497 -0.079957560740393021637 0.52005281528591773554 0.095535540699300425249 -0.84877442808836367494
-5.6357934310877917383 -6.8890410715633949579 0.83586906397293581072 -0.29777613993194901321 0.010274438683397139546 0.95458043474436138354 0.27769752684330961667 -0.95576768550216439913 0.096913440423797181378 0.91335286394266623766 0.29394313609850231117 0.28175162584855256709
5.288216686930775623 -0.13384247142219490856 -5.786681768519569502 -0.71931034726222953246 -0.0076906808074299103442 0.69464629686640055883 -0.64956060368878476563 0.36197130470092336862 -0.66861632997470898943 -0.24629991160584671639 -0.93215751244200995007 -0.26536526815142780222
6.6574149896373215896 8.6539857206511889842 4.7801584414782958277 -0.99988093233589780962 0.0027643807548019191933 -0.015181546374440559044 -0.0012873474725045913267 0.96545034783544370072 0.26058389935097453494 0.015377382344109825907 0.26057241616006371343 -0.96533183519918441817
0.80416684420465101013 8.7491276858940523198 -2.4977081907510947367 0.96589678332047812503 -0.0011769100206071650416 -0.25892473588687370256 -0.10916498855306264182 0.90491942814375991855 -0.41134393619261550024 0.23479013873146556413 0.42558130063593835324 0.87393028743920553314
-0.1661810598157770491 -0.029399773160441903391 3.144984562647091586 0.58288745256608143208 0.0067335728996792401299 -0.81252500062273436132 -0.80558273281108616626 0.13548499007217779111 -0.57678442945495633776 0.10620112163961396845 0.99075651724399271814 0.084396950782303511995
-6.4784469611555772772 -8.0578994506546450793 2.9728018114928018711 -0.50141859794620646795 -0.0011248468617525292368 0.86520409404554965427 0.60554118860240779831 0.71380174409949770364 0.35186210228850089976 -0.61797998231326645158 0.70034691749194410981 -0.35723232863212139865
-7.7219856584114241471 -3.3550982232363173452 -2.8851986482209261986 -0.23538496345607112792 0.0021694444005906326871 0.97189979549833172001 -0.95366731362511814041 0.19228472834710022554 -0.23139844028767633799 -0.18738349420839875425 -0.98133678049659600617 -0.043192005541502959121
-4.6473201917358410995 6.8408306056462553357 2.7654366477774017241 -0.61514874810722952603 0.0092727848110113232638 0.78835653936794092278 0.78771002750801788483 -0.034929903033461391637 0.61505513121767962925 0.033240491354494042242 0.99934674529708933388 0.014182820543911379974
8.5024007023536469774 -3.5693352086690359748 0.24525058668013482999 0.34869394110182899693 0.0080506710218925491007 -0.93720207113212916639 0.79428973496783705777 0.52826864475304835533 0.30006008714120124825 0.49751015302527373807 -0.84903911904381312858 0.1778095103472177585
1.4132821083761075709 -4.7914972028283431271 -4.3805727245308592188 0.97860827166813557643 0.0021175877463660620383 0.2057215750598233861 0.13883841598527116301 0.73111889704630694808 -0.6679738412756129895 -0.15182142427752570724 0.68224678394554749694 0.71518499769388310661
-4.7439005164907763756 -4.6147955248252960914 -0.30512300330217767552 -0.98804974160352132539 0.0078817148701782399622 -0.15393370874416528737 -0.035283285207872300271 0.96060834296219288486 0.27565685410761275875 0.15004265360881108293 0.27779397042108816551 -0.94885073225233684813
-8.015690473630257884 6.5506246169885233854 3.9003485104879818124 -0.83299876497821445653 -0.020313073838269510296 -0.55290183267548509427 -0.44951005962622608836 -0.55778578321376104387 0.6977218115691860012 -0.32257365645623625738 0.82973634310886745791 0.45550393750733020326
7.146229556977118591 3.2403792128242985271 -6.093095773760656364 0.36322325058948562448 -0.0010241122348742643343 0.9317015731579100235 0.93136540459427796801 -0.026483958629447496014 -0.36312130625977656617 0.025047022891073307538 0.99964871386359643868 -0.0086657668356402411253
-1.2797631528905044629 -2.5038385045528244177 8.596358488897504202 0.092142934838736437198 -0.0028776996400563400157 0.99574163235454982157 -0.49014916053838658572 0.87032296074533510577 0.047872167521010276781 -0.86675456732726285924 -0.49247300722423953401 0.078783609797597298208
2.5722367305227229473 6.5840251632683663985 -5.2582014313955633966 -0.77405760392563993655 -0.012856578579720598365 0.63298462397710175686 -0.43082140446483935259 -0.72192051752099806183 -0.54150132394707528594 0.46392644164703134013 -0.69185654204370183873 0.55326917677711173749
5.8575865018938841899 -4.5582583483093923604 -8.5983407857976903443 -0.657618448219162266 -0.0087665780856003155952 0.75330015509799519435 0.69019594325706534743 -0.40777921211692919057 0.59778396940420874817 0.30193962388715611667 0.9130384774333196729 0.27421378931926476685
6.4224014872781474139 7.8850586359503518352 -4.5655792123409923988 0.28797752375076912656 -0.0038773587166823436992 0.95762931863236111507 -0.77327535440827965818 -0.59082806190734682428 0.23014653490220055021 0.56490191367986020143 -0.8067881799781523311 -0.1731434681662344377
7.2587277733685748871 -6.983685594894629034 -4.9086281821414674553 -0.62749859469202406981 0.00027695818910109795338 0.77861764490254437021 0.64800254092025455499 0.55459017055192827428 0.52203682790407723857 -0.4316691101068090286 0.83212358818938225724 -0.34818402226164413271
2.5029563071628087023 -4.8092589695193046495 4.5519772381308172271 0.92507274162312946864 0.011965491743350009993 -0.37960143534156953748 -0.26390998124272735392 -0.69851249637919987645 -0.66515548122379863916 -0.27311525864830510368 0.71549781230215414585 -0.64301705738208647656
-4.6549082303686590834 7.8460560842184357 5.9255181076806673346 0.57077344280227293449 0.0014909563141955342689 0.82110623797473392127 -0.79067832982203523073 -0.26871297054923576342 0.55011009644261488205 0.22146208646449358493 -0.963219142515275073 -0.1521953604775833635
-3.4042228859337457791 -6.8315079536654117476 -4.0771887764893426365 0.42537012706114207816 0.0098362944695971378517 0.90496602274061466176 -0.8247448740894681718 0.41593027380491875977 0.3831421407210270913 -0.37263406670280019295 -0.90934330956102671362 0.18503674686094348512
2.3998806174145079773 1.0310512350938183523 -4.7770507414078604569 -0.96941037978584310153 -0.00051810189520348163411 0.24544499818465756458 0.13425308183426870601 -0.83826500698273209711 0.52847695132939687124 0.20547414820703291394 0.54526278952325535343 0.81269235555630792156
-6.0193313797017253819 4.3031013637805051175 1.2433378428973276275 -0.91529324284612556539 0.011822764392502535177 -0.40261458225249296961 -0.041799963598309487767 -0.99696014982567482399 0.065751218260346730449 -0.40061333308229951644 0.077010920664908263933 0.91300507964364230329
4.2032407990299365252 1.0936030591591934247 -1.6294223457103989006 -0.98260902042180153781 -0.00078971283454960100601 -0.18568491952512275467 0.13812135223333066314 -0.67145878222699206805 -0.72805603893347059508 -0.1241048147439895305 -0.74104148340285669327 0.65989053246232487471
-2.4615388168609495523 3.1222123958182788073 -6.4064005963656232012 -0.88568051621325227796 0.0064556224484132070096 -0.4642503076345692592 -0.28152212244577301536 -0.80259326265621933061 0.52591762597610980379 -0.36920904346144400865 0.59649172641159753372 0.71265861571210753489
-6.1535442380194105283 8.9756996196423557421 6.2824706554624016874 -0.4517037036209715084 0.0017615984624306715162 0.89216627424819971992 -0.29662500198152547126 -0.94340619505448941595 -0.14831843894822796526 0.84141391261039566452 -0.33163481105491343648 0.42666260647269255157
0.79301940945976934216 -4.7984258824751533368 -3.2220567220528302244 0.94436163121036065249 -0.0023510477099518665989 0.32890056563147473945 -0.18360939713568874554 0.82589156575792854742 0.5330954050576228731 -0.2728895358592197673 -0.56382408088403901392 0.77950863178911844464
-7.3670405824437796838 7.796048502285459314 -3.4420537680308398443 0.7385562029489070035 -0.008507677856801898475 0.67413823100565828383 0.068543113712001099702 0.99568679509164692565 -0.062527175234759896361 -0.67069857361453977251 0.092387366548122740184 0.73595380143992605859
-0.75569407891647555342 6.2551491342460900924 7.5414074673278514993 0.73905302192925048654 0.0035502287668925441508 0.67363790470323070547 0.426346154288834156 -0.77669417325242240402 -0.46365409300341681176 0.521564557366150372 0.62986788861745190982 -0.5755318022386908261
4.2715159331274676902 4.2063006967808398429 4.8613597876187641944 -0.32923844814234587419 -0.011799844923387521264 0.94417308155033208283 0.79583485128421194155 -0.54161331966714232333 0.27074323895574442522 0.50818198880541054496 0.840544927781178286 0.18771065669031758438
-2.3593237647875962004 -8.0068279575644059065 -3.4803548496172083127 -0.51336746701410662652 -0.0040059027843917047879 -0.85815954026892304896 0.33940382670558316702 -0.91940472138192685936 -0.19874607095086607722 -0.78819977558310838628 -0.39329239891414657926 0.47335209171095882219
-0.58862732647916449213 0.60883258671519968619 -8.0680854972604194586 -0.50637909820392090765 0.0029560495658422772033 -0.86230590318824873464 0.48045071000975358988 -0.8294287980438890262 -0.2849824279250769421 -0.71606377101017371078 -0.55860462828904422494 0.41858517066527956008
8.4055876772438864464 -5.6713792292566811426 -1.7210767987603572404 0.14613113591959334125 0.00062973873632828775149 0.98926502745421740492 0.8126755413011758078 0.57014049096783547821 -0.12040882496688273817 -0.5640958745514116357 0.82154697004389254378 0.082803504310443129532
-2.1744849607371823375 -1.5314847964879987341 6.6662816643563225227 -0.21711488580771326484 -0.014361167233031279372 -0.97604041065748758932 0.54873971671844889997 0.82515070769892640001 -0.13420518946645307312 0.80730777876618553535 -0.56473008283565817589 -0.17127195883702828194
6.02464621021860669 8.8275984999002989895 -9.2116068247484204079 -0.22659416682760419315 -0.0061358220316281419232 -0.97396993549472832274 -0.57149790251854326595 -0.80890726866991746746 0.1380549821975201874 -0.78869844108941744576 0.58790422891893201474 0.17978705916403439624
-3.6028289281316623338 -1.4728729330641614492 2.6918773790458363493 0.95341166280623279583 0.003946148626029227606 0.30164653012461734027 -0.20337513415057953403 -0.73011525272116428731 0.65235747297983470716 0.2228110321201718369 -0.68331262658794167386 -0.69529784863079524548
2.2961585834956306229 -4.767698976167849878 -5.7254222949874931103 0.8933812064018743504 -0.003602414392024436314 0.44928503498177724262 -0.44141728735031576791 -0.19352210611319325961 0.8761848965110013987 0.08379020513355618649 -0.98108930126470206279 -0.17447918061367095888
-7.4859391711239275935 7.6266087630668808472 0.31589594349890648406 0.81953085466302377782 0.00026484260497356207353 0.57303499728521845036 -0.54498877633488407302 0.30937692210932010717 0.77927732787187575791 -0.17707741788367389879 -0.95093945649784639151 0.25368826963671353703
1.7714003706538010707 -1.3506245202335505073 3.0446463772365484068 0.82831686996882780694 -0.0027813492745676678813 -0.56025300268817845861 0.48423005280779246595 0.5065324375627057174 0.71340461566661117487 0.28180209169323966467 -0.86221641934762016657 0.42091617612580023433
-5.1892604390823962035 -2.6014905348510914962 3.3450606871302603906 0.85865977441879892673 0.0068061904659505803594 0.51250079762497979807 0.50205131432195992947 0.19013879687270374141 -0.84367749508423439675 -0.10318851478017479484 0.9817336266499485653 0.15984747956210890174
-5.2694752218231357688 4.198012018205433904 9.1611656777723453615 -0.99668186515591050689 -0.0024056002919513111427 -0.08136014231162901067 -0.081049004589996670456 -0.062827434137735199693 0.99472798913798121667 -0.0075045669235696164587 0.99802150608460638015 0.062423992730161040332
8.4617702014647999675 8.7637088402538108056 -5.4307594171400399574 0.13800204230456405985 -0.0036951349244834109237 0.99042505132778768662 0.94361854270092837549 0.30429302579558548114 -0.13034492826012469835 -0.30089779359552953908 0.95257130989234062302 0.045479856851431070541
-1.5797380298386087816 4.4090460144036880408 -6.6207019213306015359 -0.90927953752056256409 -0.0047042663698563655025 -0.41615933550013067821 0.359540043240835272 -0.51252241099213602382 -0.77977672159227218174 -0.20962270858015988328 -0.8586609622597820568 0.46771751296999386494
2.5760739298059784907 -8.0974298679059852901 7.9010499315671980369 -0.90973165709479353325 -0.0081782001000464642215 0.41511616340778334511 -0.29503114580681150114 -0.69074528538242274678 -0.66017238182602511198 0.29213855459916410195 -0.72305191222002496154 0.62598002935523167078
2.2478922234614686637 7.6000656443450367306 -5.7811688899721822565 -0.79662522586996376006 0.0046569908323643004894 0.60445559137469839772 0.60445650536258388463 0.013642360561441236461 0.7965213237089180387 -0.0045368086186027209439 0.99989609381900579343 -0.01368279696758372202
4.9904291264786246884 3.2270315625531695858 -5.7658765346946285746 -0.98930288239242147874 0.0097368890986944400812 -0.14555067804981808299 -0.011479198172993424626 -0.99987210764277556496 0.011135365612061005544 -0.14542363941042588116 0.012687054373969958859 0.98928812979419478157
-0.97098963410093119819 -4.8195695138083261 -5.9760736406099264073 0.34168861476176265457 0.01262719118678008387 0.93972838872990371861 0.9103006745134082367 0.24416513559662689214 -0.33426945499017296504 -0.23366979377452024025 0.96965145315304246409 0.071933906300735733774
-2.0595310922542795495 7.9666797347052566991 -6.9082437940572134494 -0.65949419418980159691 0.0058467548001427983861 -0.75168691839648804631 -0.66891487797758908407 0.45165918834869756004 0.59038704559011212503 0.3429581517480176367 0.89217139218803032108 -0.29395563119479001246
7.8811009414284010077 -4.5235965390694952148 -5.7907143518817445482 -0.4444489623351086105 -0.00077806207837827906504 -0.8958038370638929937 -0.1222978829245210397 0.99068922851164198384 0.059817057288995514885 0.88741667085488262767 0.13614054183068274861 -0.44040595495358891842
4.0609197307919799869 2.2486286688994101546 0.62974552468237765535 -0.9466676314613731158 0.0083362771525601550571 -0.32210386838144322574 0.21031881599590263043 -0.7413459321721852513 -0.63731640845778425586 -0.24410323877629996892 -0.67107131911202411167 0.70005492176253636405
4.6174456935974479421 -5.7820474530027414772 -6.0135867447344635295 -0.958073728267497704 0.00079163222589006708094 -0.28652068777389361198 -0.17647768677703101758 0.78616657874344031409 0.59228180500252736174 0.22572185821008314277 0.61801414529559306477 -0.75306583971188356674
-5.3068165587240390124 -4.6045162427135926109 -8.1916619314648304595 -0.90821640061184560899 -0.0035586303122062713788 0.41848572951758183924 -0.27156657648519327841 0.76585476719352518771 -0.58285338645550399672 -0.31842513122495108568 -0.64300374160409301538 -0.69652826510290055673
-1.3790312262272388377 -8.1441508737875185631 8.9303558748624798369 -0.92280750325026417169 0.0059592928136257333413 -0.385215262903518596 0.21907296414206123281 0.83060854883516954672 -0.51195358674777180497 0.31691220917904411314 -0.55682486064385072755 -0.76779732106993447971
-3.714589612089879811 7.8454862523640676031 3.0729155612070937487 -0.62286767998351311171 0.0034259980915696554814 0.78231970176487530821 -0.78166068630674756523 -0.043994914659504266718 -0.62215031862625269632 0.032286602711429364387 -0.99902588055636476483 0.030080978444712327263
-4.5119523975967119611 8.9133170381862054654 0.6004976415416238833 -0.87019284894771764538 0.0014017735289351515755 0.4927092861631824916 0.47399888626781117029 -0.27059059310226235562 0.83791752979708900018 0.13449706858267038156 0.96269349533242143391 0.2348015600186934837
6.213447973724633755 -4.533819393724010105 -0.68785690654464703986 0.87887628840509124384 0.00011173940588556953435 -0.47704974289219659322 0.24362350366402452106 -0.85987132008416666817 0.44863002725991601993 -0.41015126251376282651 -0.51051082301083061665 -0.75574773664710837018
4.8622930076381596365 5.558803767918258032 -4.5042621602197998598 0.037349586504024125111 0.0032341013363204728498 -0.99929702740283576912 -0.74304995694376918536 0.66874584194728403652 -0.025607818417036777581 0.66819291366642508123 0.74348405461508404457 0.027380479531717308306
4.8548790575147524606 -3.695281713704018145 3.4476904696046148935 -0.81523790158609188428 0.0082917658299099441382 0.57906684453248424838 -0.5713247456631829202 0.15205513656032945691 -0.80651551159202017338 -0.094737525883363538082 -0.98833723094157821532 -0.11922381945105027523
3.5313168444129181545 6.4985194455026809024 6.0659451040123775201 0.35383681230934027617 -0.015489546462000880131 0.93517890491897592842 0.39111824520943666572 0.91069421955939555691 -0.13290055201263958895 -0.84960345368822776102 0.41279063992721426457 0.32829538386861073507
4.2550660344517705624 3.232565218154406228 -4.7100558943237897935 0.98161262456887288241 -0.010045662829597552454 0.19061935878927635524 0.082145497192741182002 0.92364592591087746332 -0.37433984671563930169 -0.17230430226169152208 0.38311524141746977623 0.90748770747367524248
-5.8374637841782179848 -1.0088668424043045757 -4.0373658334723954155 0.38728621873531354769 0.010716081119295523677 -0.92189725587139625951 -0.90930821410675588545 -0.16064340086086123516 -0.38386491050648385848 -0.15221023794728497092 0.98695433702140999976 -0.052470754699460608883
0.64016015889916033643 3.2327040071751187433 -2.9897496591166476954 0.81944151479904125956 -0.0032452073681979573191 -0.57315362029127536747 0.5344762452788425211 -0.3568290414439388436 0.76616458963790445846 -0.20700421990026171559 -0.93416406685938346843 -0.29066604399573670037
-8.1908841635497395828 0.9685565276370317056 3.978762873302809755 0.36977712194343487218 -0.0053957717220553796239 0.92910481956278334614 0.57608672012399120277 0.78589283568748047326 -0.22471435582049875679 -0.72896431393044847091 0.61833917590796771968 0.29371362337052259184
-7.1859524075205865046 7.8460664148087690961 8.957345703489323796 0.93384830308511412866 -0.0038675703695841305227 -0.35764841496147692368 -0.33936041103702774269 0.30624641406050873149 -0.88940859299614860589 0.11296839489719701088 0.95194441842691535083 0.28467519382594164146
-7.4268830629495310447 0.96888841881710374704 0.3262440465341671092 -0.85175635339868749352 0.013257858363326107884 -0.52377031572684407124 -0.0010730858333834279034 -0.99972184271760555774 -0.023560256369590366898 -0.52393698374115116323 -0.019505547544522189307 0.85153365798613600557
8.6298879821521499167 0.7006013271433679801 1.5838978774162089103 -0.97592337506608950459 0.0028653289031094261036 0.21809483233165466443 -0.20880482391081131577 0.27672782776136445326 -0.93798840869904132056 -0.063040554495431874726 -0.96094406665137210855 -0.26946686114645590493
4.8835632781370641453 8.7066343286066665286 3.0448934482288341208 0.62353991318690282775 -0.012096632774543300548 0.78169792640019541974 -0.74515321656466859679 0.29331179644227534098 0.59892810412544572607 -0.23652623640138456529 -0.95594030229063731152 0.17387776726880932454
-4.9754041363549266208 8.0438779497233188209 -3.9686028415723511031 -0.96668078242866961602 -0.0072704392923071551116 0.25588162418527332642 -0.08333458161523697727 -0.93620713735233074271 -0.3414257510465931178 0.24204051807539084251 -0.3513735002575334998 0.90440756903449159854
5.0202452685647571684 -7.010146486809576416 3.8684068291166759934 0.90759951542831140969 -0.0027933450943182554921 -0.41982772278319335779 -0.28289539078605430156 -0.74294637014374720341 -0.60663076822930639409 -0.31021495364712420306 0.66934511898812520947 -0.67508798998366625899
4.3637111502396166429 7.4300895296001057133 8.5199047776138119303 0.80615186083923118243 0.0063878126489340415761 0.5916742119742224304 -0.39806314169537648784 -0.73398570497571535842 0.55028240033194553149 0.43779551446899167555 -0.67913487669308691963 -0.58916118912383452777
2.419304579007924616 -2.7629551285288793672 9.0772265634014246416 -0.65623327599938496846 0.0052485370267755324797 0.75453982024150079155 0.30047096556448410487 0.91909067678031131088 0.25493043503709611475 -0.6921525022160439633 0.39401114288119026829 -0.6047149187523256364
3.3509493462231203509 -7.9482841328162479044 -6.2444996547245272822 -0.0020363333409064397761 -0.0013541907933703077258 0.99999700975252536761 -0.024939929785165456527 0.99968810242444694492 0.0013029863101727909985 -0.99968687760165009237 -0.024937201894171354133 -0.0020694716366720655731
4.3173020051987158752 -1.1945075809354332996 -1.8934545328155156785 -0.82679624845720944837 0.0093215115228108824663 0.56242428197924254629 -0.20619540547429790478 -0.93528571982702812804 -0.28761793589628004142 0.523346365515524381 -0.35377073325935609605 0.77521277723671300208
6.5027735840799332223 4.2931457828791179665 -2.0333862016164947484 -0.10269596366977550017 0.0083547757816655101454 0.99467770497169694099 0.50166619134616330378 0.86391398269105479368 0.044538331480908882609 -0.85894386982302872724 0.50357008274179315688 -0.092911787526209779764
-3.6889044459952016197 -2.5359527340810488205 8.1491976387245088631 -0.18592716591274946469 0.0048349463168957844753 -0.98255163338603246359 0.56636212790362627789 -0.81662145974755107058 -0.11119051918319672323 -0.80291034932421390113 -0.57715337196797078523 0.14909378315000390569
-2.3127545152720210275 6.6546801400216946121 5.3128264477672857424 -0.97669138694105828158 -0.016583749105264795204 -0.21400680816593800615 -0.12773022379782481006 -0.75637040966241753104 0.64155186330956937013 -0.1725077523021574244 0.65393331667139231733 0.73662221846939346381
-0.60898320000075989444 -4.5632972459050780145 -2.2628207574055929641 -0.72849816109681975185 0.01033079645552336702 -0.68496985621505135367 0.41376359089619652032 0.80353498594515904152 -0.42793833342081116777 0.54597629996846375189 -0.5951678763230751068 -0.58964826707604056644
1.6707112349134032314 4.3762391100325794824 7.2918480501004721006 -0.65035428966590969058 0.00053129683967756088404 -0.7596308416835316768 0.5617603656234679832 -0.67280089000785903153 -0.48141900047593944034 -0.51133608275553532607 -0.73982341144906993424 0.43726048340068562892
-0.71181572281334126728 0.91635649607166913544 4.8571945374296046083 -0.91023465442666151581 -0.004188272363040135976 0.41407165111262955737 0.0058867648633587621454 0.99971692197293093862 0.023052590320068767904 -0.41405098705351134347 0.023420809030337774725 -0.90995233162195465759
-3.7887520079359826575 4.4084371306336809226 3.1160525457326335719 0.97780539460827464726 -0.006261458633102665039 0.20942159490030609614 0.06479805077609025743 0.95958521747005476321 -0.27385657382733941123 -0.1992431250770513862 0.28134854637720069226 0.93869333254300291181
-2.6814996030053714904 1.9960133887527209406 7.1550303810300981411 0.99873325021694003834 -0.007584184611478634111 0.049743090520900548612 0.028334637423342020485 0.90170742267778170032 -0.4314172831611828296 -0.041581765629713371424 0.43228023784535518637 0.90078008011673715849
7.3863923802031337118 -0.11789173757670476372 -4.4272414347282946778 0.65009662012535152087 0.0081516334757321048943 -0.75980782792331058584 0.75853682877797723449 0.051834884675714947011 0.6495652577825545837 0.044679569036260788351 -0.99862239890876658421 0.027514369126281926214
-5.9668262067470978494 5.6817546828980187712 8.2824069464976641797 0.32223279307503677193 0.012229679803714525732 0.94658146083627447975 -0.8771334909297188176 0.37998371457295349041 0.2936821679102620819 -0.35609390075685365407 -0.92491232643488796583 0.13317027540911302586
3.955225903947626076 -4.5183948813611696238 -3.2354429979558405606 -0.65649272520672496967 -0.0019954772759703800697 0.75432971558938832768 0.35307775828670012741 0.88287724498590636202 0.30961890589802759655 -0.66659837860148452027 0.46959960429760772005 -0.57889792994048683283
7.1339161000746971197 -7.8903424152364509681 -0.038666219201904349079 0.58083788469395425391 -0.0073668076957702803217 0.81398592238982947489 -0.50230522136595900928 -0.79012125979817526833 0.3512803145688034312 0.64055976793161040206 -0.61290629378330063748 -0.46263274716329105818
-6.7268838982317200603 4.4724395185525995799 -2.8270004056572397566 0.92661136322857473591 0.010169122547073526294 0.37588292124333100297 -0.081834093136489080567 0.9811276157509990492 0.17519070412414838867 -0.36700757858155858004 -0.19309373515872030325 0.90995617845376308708
-7.6331194311935384178 -7.039534364486072171 3.3523292366138890408 -0.7737717819855868262 -0.0021714645607182345502 0.63346074396480667179 0.27919631817127554818 -0.89879610789116415326 0.33795705697512112842 0.56861818940508002118 0.43836154163132040606 0.69606933095519485377
-0.84360813843938031731 4.264063347747890198 7.289692408492367548 0.95992685041724001849 0.0036335689779829751997 0.2802271204302405061 0.251588962791085613 -0.4516855184135549206 -0.85596915029534925701 0.12346430921467141384 0.89216982107226283638 -0.43449922292015874525
-3.8254051387364675918 3.156696594416529944 -9.0241952079924345753 -0.44070879523185296778 0.0078570673361689699621 0.89761574423476586659 -0.48929529144916134031 -0.8404515689815278412 -0.23287610002311992519 0.75257283738582836374 -0.54182970266431862427 0.37423882446881179265
4.8605403432130644958 1.3794067737659925221 8.5812449669283203946 -0.59453093906065934693 -0.010732419182057532231 -0.80400110552044046219 0.77444442731318596795 -0.27657610764710671702 -0.56898285183517860464 -0.21626093383537695058 -0.96093208493479509436 0.17274471522841056137
-2.0526674914636742209 5.7839111072947977377 -8.3533829119380111905 -0.93939956415022674019 0.0040169161736862413203 -0.3428007048692304215 0.33667794005098966581 0.19930520425289166564 -0.92028549931041303545 0.064625254795555711618 -0.97992923210919413712 -0.18857962907088046678
0.95809106774736740864 -6.8410814244219890767 7.1517119508253808036 0.22133027319670720012 -0.00087526352340146391928 0.97519851521630251945 -0.7443332172823531323 0.64593606499928180043 0.16951301301974289193 -0.63006426006909532767 -0.76339100980226892723 0.14231371801945322253
0.43251545217174708347 5.4465681694076009123 4.4966959236458672322 -0.25421649016869857229 0.0081194756203240535386 0.96711325616092314039 -0.60362819694881086896 -0.78262292586269754935 -0.15209982170313102179 0.75565003538289710061 -0.62244311389038242677 0.20385679776728682366
7.8656879565240682695 -8.9374188067511894928 1.442189120920815526 0.98432781686047920999 0.0055747848224081235358 -0.17626023581207928004 0.096146777403565308884 -0.85484619238455306078 0.50989585658263991697 -0.14783283177039632794 -0.51885152899402664506 -0.84198488389692416334
-5.3311014342771656516 -8.9459766584206086293 -6.5180862144751818832 0.29287187750203269587 -0.0043476664652339529551 0.9561418101751469889 -0.55861432445530667668 -0.8123564015171502728 0.16741300256369090471 0.7760000643567165346 -0.58314507175349616919 -0.24034501327843749152
6.4712756869025431783 1.0943090557832524379 -0.15851578115626424603 -0.83485984486414410721 0.00097244445253979322485 0.55046170964467677766 0.34213266481580550948 0.78430053678909217307 0.51751126331534746949 -0.4312241633992534573 0.62038030460687199064 -0.65511372948261903382
-7.5119323476530404093 7.8366573517584452446 3.7464291979904040808 -0.6452869563373065942 -0.0011365182500794601683 -0.76393942973717177125 0.76158328848454837079 0.077535459950634239013 -0.64341211299684109015 0.059963644667881718653 -0.9969889471685648985 -0.049167067653514619219
-7.913624226664804695 3.3205441647734912358 -3.6029636415626624668 -0.99971582188576968431 -0.00069913837482785178099 0.023828274734885891706 -0.01856329754895882575 0.64994592419068997202 -0.75975370983767720467 -0.014955917070504875371 -0.75998013581505696745 -0.64977420209726777234
6.652276990705907167 -4.4746319166528811806 7.6865149842589914897 0.99090829084861720144 0.0092393257962900925129 -0.13422143638937270027 0.10357037097081608912 -0.68914426298385489389 0.71718432989953195822 -0.085871633177171613482 -0.72456526252325403892 -0.68383568418156237545
-2.1395695699095176323 8.9370194940025360353 4.8265437946670379787 -0.99799878556931154172 -0.0063984278755138566594 -0.062908537757194848972 0.03178806373397030649 -0.91078338111251655462 -0.41165902357771416709 -0.054662080147652926387 -0.41283494620691379984 0.90916410190026542004
-3.5931999927278268636 -5.6956241869163539704 -7.4821674395663366752 -0.49673224220537565143 0.0012352019938683261868 -0.86790296337185679487 0.62651570602581485581 0.69253595845955973065 -0.35759196907053480974 0.6006123122754430943 -0.72138229844974466332 -0.34477881290285739002
0.89014144148337359663 -7.1423061198315220821 -7.3010593724597745435 -0.42233932593350387297 -0.00056499544651403710988 -0.90643762860424004213 -0.61843841626988016458 0.7312765787200533607 0.28769513499039384152 0.6626940614276961572 0.68208082086769261654 -0.30919627221689027774
-1.4679109558665273116 1.72216081507107166 9.2122273609201190681 -0.24294709798165942116 -0.00022500723107128813016 -0.9700395130891331652 0.92232276857791306579 0.30972274013361816847 -0.23106824707670226005 0.30049528805827957489 -0.95082688940520554421 -0.075038711602207541773
-6.0453921578248408508 -7.8857991274065462051 -1.1211607776920198276 -0.20045605857279855111 -0.0023223954371264237014 -0.97969994133958515636 -0.76399473775262738418 0.62636881503313357467 0.15483587517083965968 0.61329390121500282351 0.77952338902246165464 -0.12733372176741467041
7.9823835180202866724 4.3342581535505280144 -7.8574283954019321641 0.91984769570244961923 -0.0093467108581045416776 -0.39216432232793219104 0.033650022712502072886 0.99791119808403472291 0.055144507520750882246 0.39082974897286287819 -0.06392088652685654071 0.91824083310602166996
1.7847464338255203398 2.0815069751969459411 -5.9740993718244510546 -0.54973111146529374249 -0.0043078063478021282051 0.83533056204808320278 -0.37649927795491144877 0.89393482808300128717 -0.24316417671940063205 -0.74568357819296282596 -0.44817626660140641448 -0.49304567259916554089
7.0459562204444612377 4.1800291207242921132 8.3723070789568989625 0.15212153315827764422 0.0061848054701117332124 0.98834244436385643162 -0.90606072589742503443 0.40037258754523319393 0.13695164156950179191 -0.39485820256885190149 -0.91633156625956124763 0.066509101185582439331
-1.0417097817199585386 -8.0471787483553640641 7.9187396634070257306 -0.92845341106343914905 -0.00042645011605871308014 -0.37144862582184517974 0.071771480385023567194 0.98094878241619787307 -0.18052241101771612786 0.36444906103305951817 -0.19426606604504986775 -0.91073463615646932379
5.2785561264576115192 5.6409145397813036382 -0.36609393839528997505 0.99585116061308065483 -0.0056618222739002726368 0.090820755744946038424 -0.021638183820912235827 -0.98416852090466333536 0.17590938423307161953 0.088386961179054659987 -0.17714476065876616495 -0.98020787533286568571
0.16693312381382580112 -0.89874358186622582689 -3.5493026741856703588 0.90790585277059920877 -0.0016308943916563825929 -0.41917097071313585976 0.29681623609160889821 -0.70360785555118321444 0.64562845940887303442 -0.295984939646419698 -0.71058660681848861973 -0.63832561417546196392
-6.0446979268016187703 -3.6085825050732638353 6.0180346543263416592 -0.99457528728921273942 -0.012260999041693854822 -0.10329407444874465216 -0.051192289638090665571 0.92214137378869720507 0.38345095674485496495 0.090550247903095293367 0.3866587056431058933 -0.917766690371206173
-0.87105663070557015626 8.7949790885341769808 -6.7330286855819023728 -0.78677860940448363092 0.00020433851574565438901 -0.61723526959288832483 -0.40966525282259202978 -0.7481628166973527394 0.52194518902010467176 -0.46168582435810617826 0.66351515277150341365 0.58872221091895415856
-0.35756781410281679445 2.2658566699463538185 -6.737954531621645593 -0.90002838581204236412 0.014783839349523575021 -0.43558046653472809462 -0.43569974121071658457 -0.0059679116514489002551 0.90007228573052378007 0.01070701833374426877 0.99987290298558784141 0.011812604869051238077
4.5493498990590293118 -5.7154674249828447685 -3.9209952716043674492 -0.083092940736889220332 0.00080868995573426562251 0.99654147390884095792 -0.044333407827211269991 0.99900662334254397567 -0.0045072683565272868983 -0.99555517785306546497 -0.044554601762241831386 -0.082974546167655524598
-7.9248033643445099372 -1.2832970727799204447 8.1246346408347118739 0.11938436713425701341 0.00031531474644726741052 0.99284806161907135369 -0.34404107288993790448 -0.93802964220579032606 0.041666899431296283707 0.93133405019300685712 -0.3465548887550859436 -0.11187759396422890246
-0.53302618500823295555 0.75752404980933318868 7.9416786496541202922 0.76819939344231724654 -0.0071991297701091781086 -0.64017018397107061656 -0.19994311570101225284 0.94722290259001651336 -0.2505823682797011509 0.60818783479981874951 0.32049484448183335195 0.72621664278764341827
-8.1172634046788747497 -7.91888508807454361 -4.5941198635738480505 -0.13203234093853619124 0.0044825202841280555391 -0.99123527376626452412 -0.98583443931622982692 0.10374936467735844381 0.13178212165128516675 0.10343074593231003921 0.9945933723592952358 -0.0092792486182056224675
1.1193715804197104102 -5.8595094512340706316 9.0620791101229656306 0.55746833797917116904 0.0094350044577755955155 0.83014458550402592252 0.44594919340019451015 0.84002277856882301421 -0.3090162591044443019 -0.70025593111125239432 0.54246908868259036129 0.46407856960573296012
-7.1016413658177501844 -2.5070356752229447928 1.7595888018393261998 0.91385492697751369295 -0.0070645782956653933871 -0.40597938885151879651 -0.37120621863138653085 -0.41971738630071081522 -0.82827728381621990028 -0.16454517825879563797 0.90762735049719245328 -0.38618321680424244624
-2.6345587841323223621 -8.0599232597941661282 -8.1101627370939279871 0.36722230463880706219 0.00017417255738786264346 0.93013318865597771623 0.89048296776992663659 0.28879385423331371818 -0.35162223176119500323 -0.26867799144554277424 0.95739128856542743407 0.10589644702114608954
7.1639558902841349308 3.1037398445819217585 3.5404937774040683429 0.022178395248148463637 -0.01354098442234247246 0.99966232324961123989 -0.99926777832587687644 -0.031482386389423376583 0.021743195414379849761 0.031177331248917857648 -0.99941257801171989872 -0.014229298228623182485
-5.666695400747082445 3.1482463317649420631 -0.60281823219133656711 -0.93867035484712924021 0.00077735177182106096616 -0.34481496582287268771 -0.31119768719896101494 -0.43259013434119830688 0.84618069887741409474 -0.14850577232271527928 0.90159035675580923019 0.40630144497907350054
