1125 17.292696884352682929 17.968806560800352656 18.477561601407678893
-4.3386602244032470566 7.540320815250891151 -3.6761863894608426406 -0.86677809104384284655 -0.0029562739142652955625 0.49868527282333685591 -0.45409400493894969131 -0.40867693887734379832 -0.79169551868656029558 0.20614163957065689825 -0.91267432311573259973 0.35288979067225112463
6.0396609321248746483 1.7121138682987360191 -4.3499412392778236125 -0.55814039033544915469 -0.010843858206852310944 -0.82967566881003018686 -0.53550137337454217779 0.76850446071654321401 0.35019876209436917591 0.63381194670820484305 0.63975253387370434321 -0.43474028064126074566
7.0315911094976693008 8.3475851176554609623 1.3432491905962962164 0.99489849471442237672 -0.012156744895842402573 -0.10014588742715237191 -0.045384698530878328504 -0.94051603818215268049 -0.33670433775259206444 -0.090095584543946949374 0.33953172970406619857 -0.93626972084455462042
-0.33833057083493744965 4.0115403629624433179 8.66054852379104112 0.33069347773900920062 -0.005129488436009824355 0.94372427759888788401 -0.12514082259006956144 0.99091649130659198441 0.049236996033281646423 -0.93540451052073625426 -0.13438078584877172217 0.32704771225664752698
-2.7335110593658598077 -8.3308976121392959158 5.228435923484234138 0.11735161658547645092 -0.0067114217052569001554 -0.99306774940258624174 -0.85203675176906190636 -0.51437697560810957675 -0.097209570514980289668 -0.51015877108991336542 0.85753791973488657785 -0.066081347571572912614
-6.7122235480251912776 8.4713893324312934396 -4.769242797513846277 -0.92319021190351391315 -0.0038578653948316203419 0.38432401631952389787 0.062558742242810619349 -0.98812298908783791074 0.14035441640796536555 0.3792179273378747939 0.15361665049977463182 0.91246681488946268512
4.4500747145495598289 1.7275312701665594961 0.80488405101026772037 -0.99848579583137742066 -0.010715724681398620943 0.053956359842599270482 0.05382058645008958031 -0.39316787388643131829 0.91789017176213982818 0.011378048913609068588 0.91940426156743515484 0.39314926403965977375
8.1730845176440976019 -1.748594190599164655 -0.46308984244562650945 -0.42924882688586851742 -0.0053936501303915333413 0.90317016843755515421 0.8665809307056583366 -0.28426225437026408915 0.41016150633344405918 0.2545249204980271629 0.95873139057744993785 0.12669327356612419822
-5.2921740992053782904 -1.5980781100568361985 6.7654415224570767506 -0.98802586033068118265 -0.0029107437089443272127 -0.15426090525070595971 0.065027407147743715443 -0.91453850447201756602 -0.3992377238660639871 -0.13991545889337764219 -0.40448838229209432837 0.90377697080285979148
-0.48970972580943838981 -5.0732584850253585884 7.5853000417785656495 -0.027348482515218739547 0.0046196140108105175973 -0.9996152858328060109 -0.65457272803002941597 0.75569606871658434599 0.021400828156200778218 0.75550420529837469807 0.65490618480279860769 -0.01764326737666414846
-2.0952019496950722299 2.8567495689764226263 -1.6910674173420741084 -0.71348866858633497312 0.0090216980300197625875 0.70060868447636193146 0.68160304785955538875 -0.22272405040056839076 0.69700163738806342195 0.16233054225127732662 0.97483978495851097978 0.1527618693083795387
-1.9149251343298501205 8.4057894367677494785 7.1471198215122884179 -0.062479641127557564162 0.010214460385905467163 0.99799396753848690356 -0.022132274211658281571 0.99968755052819768814 -0.011617390295223578231 -0.99780081022360433973 -0.0228137265277293666 -0.062234050158598779035
-4.6348672626879041658 2.9039604820773270433 -5.8464448968522439998 -0.91886687706389758024 -0.0013589236690081081885 -0.39456535017839783341 0.016365732823387720007 -0.99926476935544372715 -0.034671076051816546171 -0.39422813829578495781 -0.038315454478495589163 0.91821353775918745921
-7.5026413516112624436 6.2657958837310543387 0.75983911762660394373 0.47011878511113613932 -0.010531654618469606793 0.8825403175700884395 0.85131414546980532787 -0.25847356736422227863 -0.45656942593301863553 0.2329217757283507384 0.96596092013348067162 -0.11254753292091752848
-7.1840548180041450266 4.1329121439009197658 -5.1191162552612174963 -0.63640376460200520636 0.0081800638664994915206 -0.7713127348588262322 -0.66532516898138682748 -0.51178237194660947118 0.54352665370237718268 -0.39029817821832751834 0.85907618423493126159 0.33114263053788101088
8.0324149977470149508 3.8554975296921019101 7.6386115089473713979 0.75636577193046317102 -0.0071664644804084708107 -0.65410967034492129013 -0.35214543025600913984 -0.8471467821064895265 -0.39791447010172109611 -0.55127526246137237287 0.53131061663894463276 -0.64327646750424616329
-4.1261060404156495451 2.9769424596079954171 -4.4132741937070170124 0.94000716077259616199 0.011981198354459002275 0.34094426022753815397 -0.33552259790237959347 -0.148377658725280831 0.93027343114145244485 0.061734301590693263506 -0.9888581906809402744 -0.13545609890252810481
6.1578799723180965842 -8.4313558369557473071 3.4833119036147905945 0.9918957955433327367 0.011028936090039761705 0.12657445774060327448 0.050065304049084470572 0.88169278744987211738 -0.46916020066649621878 -0.11677412433453233931 0.47169501918903505855 0.87399520179354017735
0.41897117146802248522 -3.8420834619878805327 7.9871570210930906697 0.97787033225526487357 0.0059392948675884901094 0.20912756411154301284 -0.1957323546533270564 0.37897112646396402535 0.90447207289559272692 -0.073881382205709542066 -0.92538943698470776944 0.37174713351995863908
-3.9361270561068812945 -7.1581396938504466831 -0.78702198721788230174 -0.87621727879457678156 0.0033169166224539508442 0.48190484372532055302 -0.27327475048468241603 -0.82707776939203259126 -0.49118558012756885489 0.3969435615921050875 -0.56207771832891628705 0.7256062620105919736
-6.7461332705673902055 -8.3120662938132969799 2.5932801338482933673 -0.7809276601730374967 0.0034898645204328188757 0.62461172773338846653 -0.52540406779424053685 -0.54445430768300673297 -0.65385019109166808704 0.3377906972102081018 -0.83878324237614054759 0.4270130175852089871
5.2806417915975876198 0.42928091106256194287 -1.6346634634169574518 -0.65374268883588781964 0.010483390800438526641 0.75664429906726238251 0.68977514302161568871 -0.40292395054899637907 0.60155011606994679418 0.31117639509335176529 0.91517341995468548532 0.25617740443946329654
-0.097550259751434262312 -6.2837796168930397656 -7.4241683932217910069 0.15480390828353762789 0.0029954912976554596074 -0.98794067484451042471 -0.97564904673755925568 0.15774441214157500224 -0.15239959986244858148 0.15538560930906095137 0.98747543132484261186 0.02734199973831658026
0.73214342391847953007 -8.4191277048725865484 5.1810752357813729674 0.49538039391960603242 -0.0028729840506357285507 0.8686714058162788854 -0.79793042813896131182 -0.39678634995211270464 0.45372637607027499485 0.34337340777983377249 -0.91790649766431464673 -0.19885261973471093921
-0.6171340254784225543 0.44472570675938122298 3.6849682978592777083 0.58982416267144899269 -0.0048782405708336015748 -0.80751697189466364879 -0.16349057703697189581 -0.97999462343244858609 -0.11349612003732786891 -0.790808629410002073 0.19896416966971453011 -0.57882205455440982611
7.8194255484171248938 -7.1084491554836608529 3.9018649882853631006 0.7228176033839502912 0.0058873067579662419907 0.69101378557691928162 -0.10213144640923658979 0.98989238555196601421 0.098398336779610962033 -0.68344998346086083263 -0.14169828737760950532 0.71611292088743305762
6.6307647549886654659 -1.6841941206403576725 -0.18603172744986440357 0.67068361083929350919 0.0097554476277485688285 -0.74167939528688875406 0.68939419940199364589 -0.37718018995613616928 0.61844218980886400683 -0.27371359480748547188 -0.92608851388298263352 -0.25969392074406610904
-3.7187459238307996046 7.8312225666069057439 0.60676464874477098466 0.98568930943914667697 0.0046532761530920282306 -0.16850795909597990341 -0.16853335106371239438 0.0057442906321122783053 -0.98567921389478141414 -0.0036186788897084641928 0.99997267469974693288 0.0064463180899737458282
-8.0889044348642631377 -1.5888916081591430984 3.4220270436178132911 -0.6730999187262144412 -0.010568989987830124111 -0.73947602791485622653 0.55217030553930690484 -0.67235528863268900768 -0.49299728146107241189 -0.49198013485409536338 -0.74015313435668284026 0.45839817256480452912
1.6114429584792970829 -5.0074496044054761512 -2.8387314151882634405 0.59732226004730826219 -0.0040296928838463638017 -0.80199119647751793138 -0.34962302237665171534 0.89865686631710672838 -0.26491428584623322173 0.72178241865281911327 0.43863378597245455959 0.53537887699017649989
-5.8405036186585670421 -1.4538426596600340091 4.3369971577479580205 -0.12303879785189079932 0.0071982431012153095737 0.99237575520525744821 0.95719356505322805706 -0.26313425254781497298 0.1205854226549741004 0.26199605577934131917 0.96473237243930498597 0.025485610131023964803
4.8680644547430969027 6.2320510295416493562 -0.025852007449048662602 -0.35869027986450718881 -0.0029056132533564846959 -0.93345210939943501494 0.86562671959606329875 -0.37526660378086218461 -0.33145943704779329275 -0.34933030995311314948 -0.92691236559796663652 0.13711965960288013955
3.9466796434416653305 6.1706750162488521738 3.9923251000202428784 -0.94971396611621849981 0.0075363625245650194689 0.31302809107701762281 -0.3072676379648536793 -0.2147923167450850046 -0.9270657254619967258 0.060249325497328760914 -0.97663066914100782334 0.20630694333916665961
-5.1167742464028478366 -3.116896412367064606 -3.6214236876710055313 -0.64218183443194198912 0.014040406740505266547 -0.76642374604668095373 -0.6374124732969521645 -0.5651651125027903344 0.52373059343072847494 -0.42580257210484462327 0.82485832879854359412 0.37188829909051002165
-4.3673931639015011186 -8.4456678587856597318 4.2777778421292929067 -0.67845270206310759331 0.01504575030336320618 0.73448999752239374494 0.46508977754496627632 0.78271919461875050228 0.41357243766710305444 -0.56867691168712153349 0.62219312739084475794 -0.53803557720766859163
-1.3137204039868837224 -3.6878593019270304865 -2.6252692039590113104 -0.92514657657648791123 -0.0016102423879807981066 0.37960666349312571777 0.20452548019711849769 0.84032600155846515211 0.50201746887418030596 -0.3198017195060569029 0.54207897784734648816 -0.77709538795225419072
4.2437948713582551719 7.29791312201779796 3.1338288347911511522 -0.97903691625809619037 -0.0069566071892218700121 0.20356404943102174299 -0.012184706819518140858 0.99962702090492328022 -0.024440785511649285033 -0.20331809935192518557 -0.026408799539454689415 -0.97875652017394421112
-7.7891088012244367178 -2.7587470766786843512 3.3200407456750542501 0.45513613079318077093 -0.0076207218442895172106 0.89038925591287432226 0.22651737373537997322 0.96805636221992874546 -0.10750236723718634146 -0.86112773840035217177 0.25061684732692807165 0.44232365298863990377
-5.4905841629789655656 -3.7501590168948628623 -2.196036222715035624 -0.41034061920203390716 -0.013630521033948621301 -0.91183045854447786205 -0.52791364809974794525 -0.81176001317130086488 0.24970554892851490325 -0.74359112177512742825 0.58383207338424469857 0.32590236836371083706
-5.7385405185085005542 8.595469051420419504 2.7898475298554230584 0.40584359345830944843 -0.0033851859786154709676 -0.91393627686226674989 -0.6661362537273537443 -0.68575359971980875962 -0.29326522456826320528 -0.62574233444665494641 0.72782590018971038415 -0.2805637002433511995
1.6967517969474907868 -4.9858650261381729507 -5.8648571447474866503 -0.99456013969748569004 -2.0311934257242629564e-05 0.10416394823702035399 -0.039071648407177902995 -0.92691255751123746709 -0.37323788261548712653 0.096558452844003134219 -0.37527737783671155647 0.92186948906454102559
4.1465674481902672355 1.6096782325901670685 -3.8558481212881670075 0.96422380913647687262 0.011469742636397880359 0.26484125603500907609 0.18055795926498674486 -0.75990146570102523604 -0.62445863415568036991 0.1940908788182315603 0.64993707959247282169 -0.7347860391502512023
-4.3911216274435815876 3.9812549516263575633 -0.47972188662493686628 0.43773349400290717526 -0.0046231304767568115813 -0.89909288446337098932 0.76788711456732039462 0.52209414629201256197 0.3711698825188149975 0.46769516515513609445 -0.85287533032225015805 0.23208813717708545732
8.2014175927914294562 4.0473153001212818225 -3.4745393646883711014 0.9431395921354955858 0.0035553710981521243276 0.33237790101423281275 -0.188545386905375284 -0.8177903553417703586 0.5437550659872472103 0.27374869282422076289 -0.5755052511023938111 -0.77062011337013458512
1.067744005902914628 3.1743679040589962703 -7.1018877900418999616 -0.9623664941506617776 -0.0018767953482628470588 0.27174842883671579408 -0.081469060943691051779 -0.95199037762981342237 -0.29508831391472239991 0.25925570976341194562 -0.30612219543730956328 0.9160107414302659512
-6.054395639015359265 -8.5438649285034777847 -8.434181776568900446 0.30370228220403733266 0.00097403741708942514349 -0.95276648505027550229 -0.67269296939000600144 0.7083893664752215491 -0.21370230321126862383 0.6747214927042762822 0.70582119316133395959 0.21579469540983381437
-2.1545779141209733254 -7.3551303489427386495 6.5529315613690268805 0.5150442945012352336 0.0049773146443929210114 -0.85714911248913194797 0.029170771304169482857 -0.99950568247826321322 0.011724197003038188195 -0.85666705364641326792 -0.031042181507936618401 -0.51493489118904955948
6.2506524885392531488 -8.2352449549456014921 -7.4555720246618086833 0.73401196981995653346 0.0011910324032379420237 0.67913548692664538198 -0.21649888027386957057 -0.9474150642078796869 0.23565426147676318824 0.64370386281371883008 -0.320005121137075077 -0.69515614033457939769
4.5853978129998056446 8.4089037980702148189 -5.1078399931306250892 0.59022307286472597276 -0.0086532185471908107388 0.80719380948249641605 -0.72080498139628335075 0.44453004567945886283 0.53182066270728367563 -0.363423861423771144 -0.8957221445833130069 0.25613460650773040017
2.791222562765916404 8.1915903373162102241 -7.7020212080684968825 -0.72050342485855245478 -0.001987371788126622487 -0.6934485309813520626 -0.48472058206534546221 -0.71367809421058414632 0.50567730339213368129 -0.49590399483080982446 0.70047100453701371947 0.51324419111556973672
-1.8925017385694380412 -8.369852199368859047 7.3237645222847724824 -0.34076759308216347799 0.0020220077445203795199 0.94014539247385298104 0.81665835920165141815 0.49606328416022421601 0.29494125254778835732 -0.46577523748181653973 0.8682840143598508087 -0.17069358088655744998
-5.0123043310425616781 0.53524805781768414192 -1.2766152361221514422 -0.046817130759646365112 -0.0060367237937090827485 0.99888523576707699547 -0.40612370182561985388 0.91371819754310434902 -0.013512745594381526254 -0.91261804446480943032 -0.40630359762636958365 -0.045229320945894130324
-0.19455157451260413071 -4.7999846887000803264 -4.1888637555719716588 -0.95169400368349066355 -0.01321223215229421627 0.30676368799867426151 0.29358747253350186979 0.25341348659572093815 0.92173098070042258634 -0.089916179435670789966 0.96726782316647930138 -0.23729314980160695625
5.4308154230360354831 -1.6647717623977149604 6.8600042889511430033 -0.21829615108425004522 -0.006204754584626812064 0.97586284458546945775 0.72874979910033832464 -0.66611693361146084857 0.15878274801529485005 0.64905355767684602686 0.74582151469134472244 0.14993247643647542033
2.0280254848832171 7.3133395021258342794 -7.2142017108882221521 0.79215578604980751987 0.0042742633945732164819 0.61030397450788631541 -0.41122103617526611918 -0.73517542861553475397 0.53890105637914120784 0.45098389110320713513 -0.67786342269853439024 -0.58061580251775146699
-7.9520634500158244862 -2.8378072943750147772 6.1923003364540631921 0.041096253285195699645 0.00030641290984418051262 -0.99915514514876024865 0.92998419188641268107 -0.36561566577062570849 0.038139058509649083339 -0.36529508730172643993 -0.93076586263882088446 -0.015310393167990011057
-2.9120363147610279775 -2.9041871195817323681 -1.1955979182012574924 0.28322150132141238332 -0.00019493594143691565096 0.95905450480635956456 -0.30819768164709604452 -0.94697702442017639424 0.090822377461955886013 0.90818487667253411377 -0.32130122505276481615 -0.26826433337834193482
4.836019706828998288 -8.4153533783118827927 -1.6602928993438534899 0.81280441403300629499 0.0092459414256568003138 0.58246330107192956227 -0.50454091095402309186 0.51096372787946608973 0.69595584483868799808 -0.29118285269259525094 -0.85955254717698581501 0.41997852914092420606
0.74891175394612696792 -2.8267761645184976693 4.731433405372640344 0.01408755524272924109 0.008220077976155031052 0.99986697670498836388 -0.90147035882483506075 -0.43253542883920098605 0.016257151011961280124 0.4326115266001059334 -0.90157946578035874641 0.0013167898945100472638
-6.1412212767192952967 -0.26441195573779302519 3.4466053782297878527 0.61991593394913779846 -0.0020413994758776993904 0.78466557686954985229 0.54648551584164473116 0.71872200637269700874 -0.42987470096664226471 -0.56307887175011606118 0.69529454926954858962 0.44666281907598653911
-6.3781224879327664823 6.0308742292209780445 6.5292237999425521977 -0.1110319082043026151 0.010897656808331504519 -0.99375709126374822677 -0.65651643518489855023 0.74988772378062951152 0.081575560403240460206 0.74609522561996377554 0.66147535313058525297 -0.076106974110687786172
6.4593795994523608428 -6.2422281038757869709 1.642739907898759677 0.99665860440556730548 -0.0090742669994276648621 -0.081174404479999490158 0.080863513808488302059 -0.030552077895540097341 0.99625682565834194904 -0.011520347164698463427 -0.99949198506775038808 -0.029716214202157052726
1.0437628625114063752 7.2776240267955980556 -1.8652983695816749421 0.042411180112027400957 0.0047890625784677990154 -0.99908876316408623541 0.71909809274513025734 -0.69437615663551810474 0.027197170926479108388 -0.69361316655028881772 -0.71959628818929244343 -0.032893118010862261447
-0.68276770917177187492 -6.0173987399284731836 -2.8935964525627029253 -0.7334236429861094031 -0.0052970599021080044116 -0.67975120526932353293 -0.67088834178329770364 0.16677504670361067984 0.7225613584023540259 0.10953808820726992912 0.98598074268892121896 -0.12587049804651490037
6.5268844008297079995 6.2071126028260179552 2.5402462192631278803 0.34966560374083305307 0.0021953407390446263298 0.93687200088364597228 -0.52980770696389323238 -0.82427892071220509873 0.19966986380280413171 0.77268218512011965782 -0.56617968998233114686 -0.28705887801865037634
2.1210145831042446218 4.1565170800292712272 7.3358810576375157453 -0.74707863262304874397 -0.0010022505484648972993 -0.66473491872465617636 -0.41356993672232061909 0.78359242920426031009 0.46361925362655465044 0.52041658708904692254 0.62127441633111724073 -0.58581966123946360714
-4.0891873360972610385 -2.0506756009394151441 -2.7607588567550145342 -0.39455039987066692353 0.0014637235206549610925 -0.91887313568051309787 -0.42340354462591467399 -0.88780024304462723528 0.18038893216602081004 -0.81551175366147632406 0.46022666802724870871 0.35090168662548548717
-1.5131881178792059295 -8.2847153517262945854 -5.9912256043308120823 -0.3050518165639600765 0.0054894358684928470579 0.95231993327083430678 0.16738131572148828852 0.9847259693731178487 0.047940175111151193954 -0.93751100492665395691 0.17402480092270850021 -0.30131127477315838847
-8.135403462165676558 -4.0259238005248656478 -8.7223076511346917528 0.57142679900932968895 -0.015559383709559362202 0.82050552646054242256 0.26281433444803048438 0.95063232650494944309 -0.16500547085473757369 -0.77743169409431633898 0.30992916187730201738 0.54730601644364162972
1.6436250099660836277 3.8776902124202661248 4.7471581002818785677 -0.76410918719117892906 -0.0087260722266346135018 0.64502791080175148064 -0.51312057283893908188 -0.59777029102852008435 -0.61593665006458986344 0.39095322965704332185 -0.80161994412996506743 0.45228424402528932813
-8.0379170062853191325 -5.9325766947580129695 -4.7879712619672858409 -0.52345312765879914441 -0.012028665688402138262 -0.85196956186609873463 -0.03442142863473626746 -0.99878555835584137412 0.035250158453542845827 -0.85135890692185212103 0.047777815165846969359 0.52240338052414436731
-1.3683739063682511805 -4.0266568681660812601 -8.5630025201307375937 -0.37153331604747102945 -0.0062544996965958948518 0.9283985546629147656 0.54205691866851601901 0.81038248360813425197 0.2223837385789130261 -0.75374882553146538289 0.58586782766622624852 -0.29769379656840255777
-7.7470881299825391508 -4.9889186182664833069 3.2857596470481942319 0.41342296537277539725 -0.0081167447108998168337 0.910502921553387079 -0.90960747858253743203 -0.048904319105911288335 0.41258041940862105745 0.041178715485476385938 -0.99877048716308625131 -0.027601220315032912178
7.6099795164851284923 6.2605248757644664792 -8.6885576110376625536 -0.32244698976513147537 0.0058405587188964762368 -0.9465695044029978078 0.47022626781470350243 0.86886008813067283629 -0.15482055519467563531 0.82153222447364038228 -0.49502326725900297477 -0.28290770407306975454
-2.9155428904178419813 8.364524672753825385 3.8698725980866179874 0.89902644977770984624 0.0011684721789570824864 -0.43789276914907299121 -0.30478723660457829325 0.71968066603165348205 -0.62383048927010886775 0.3144140311804818344 0.69430423706974153664 0.64736808956242597457
-1.648848394892363789 -7.2693678519624098655 -3.6889296291618656198 0.65447948896502761151 0.0045078320411103545151 0.75606631850273886553 -0.74170526111836054817 0.19789222472169737399 0.64086814012250958861 -0.14673071986952718193 -0.98021341902921688138 0.13285988484723562641
-5.888354295215117773 6.0817315316256008728 2.6449101257471863136 0.94220397089171437077 -0.0045933969775109684611 -0.33500832517963352597 0.32364187692657553352 -0.2461130038251351515 0.91361059803811883739 -0.086646481376084799608 -0.96923025646779858988 -0.23040203387299160176
-0.38797697556052529455 -1.7996743335763583094 5.0769558298176091782 -0.05259397303928806805 0.0031810839200452165759 0.9986109125705203704 -0.49949155145912443876 0.86583105834857532201 -0.029064900135234023049 -0.86472080119603333959 -0.50032635259798563521 -0.043948570796768282598
3.7785134525090438018 7.0372286140150359657 -9.1023378636084935067 -0.93195641640570991981 -0.0044574236033736143806 0.36254292062503501448 -0.35187723547319815776 0.25217201860813531766 -0.90143867466772542585 -0.087405086100614745592 -0.96767215750263813057 -0.23658179667485995656
6.535206394294606369 4.9920148419926606564 8.2952104027611976989 0.20514505486667075629 -0.001884975019722641594 0.97872976522268428923 -0.97871764221328916289 0.0049417459564137363945 0.20515203135039353222 -0.0052233403139083237413 -0.99998601291024202808 -0.00083108356159018997172
-1.4817561474535703159 -2.9526445906844513978 -8.8213037472990691867 -0.83572195796957660097 0.0010351790916150373917 0.54915183453381810619 0.44888765247252881974 0.5773310191181453277 0.68204748355380251379 -0.31633634698754437009 0.81650953623854582997 -0.48295288880614445359
-6.5526799244310751646 2.9726446762063112317 4.5420603942914032913 -0.82842125480395512049 -0.0052767598219212981728 -0.56008069096769008688 0.37513514650514473425 -0.74777369252926473298 -0.54782125425898220428 -0.4159228852150516631 -0.66393272292227556441 0.6214511187433110484
3.1771387991891546498 1.7172305334182369485 -5.4129476092308683732 0.97266110871451372244 0.0027127615037222615503 -0.23221328239204630517 0.05082910783207137545 -0.97817323722224280846 0.20147833575633342096 -0.22659825549029588565 -0.20777333540937314993 -0.95156895267852847908
7.1639091960388814329 8.4824208593715191284 6.5107004635524488023 -0.90582022939437167874 -0.0082766811179082327987 0.42358140725198911714 -0.26046261970272216457 -0.7776622437839018076 -0.57218935531006787087 0.33413909642164024705 -0.62862781607424200736 0.70226642600936850513
1.0723067213827721655 -1.4907758456408564118 -0.71588634115590421558 -0.98404975045801645894 -0.0058388130948076218119 0.17779762902001866598 -0.047136992930619625586 0.9722944861756843693 -0.22895749834824874469 -0.17153481431173742133 -0.23368641469750994766 -0.95706137058440809984
1.5167973476360314677 2.7648056837474017655 -5.5297447361189124848 0.46250737347039194702 0.0032023091003952775663 -0.88660965182084150449 0.67276043416730935132 -0.65259143161108668085 0.34859406421579730573 -0.5774775560177806133 -0.75770321934372319994 -0.30398273584455121066
-5.5749472235782571161 -7.2253923225049865309 -8.9224046539395285293 0.52670351607086263179 0.013488874784003363622 -0.84994203120897426906 0.52414200392343501811 -0.79232936350579163953 0.31223282891113429693 -0.66922235907192872961 -0.60994444827675731169 -0.42439274750478039877
-7.4717596319828976092 4.8724145118321855463 2.4840605224212621849 -0.29891312118434087974 -0.0054783801309584625322 -0.9542646034172427294 -0.66651222041140389951 -0.71445350602422175168 0.21287942073432114531 -0.68294392597510822362 0.69966147177120718847 0.20990812012149101529
0.27444982022964986568 -3.9823816381379497642 2.8398421009722367714 -0.53818000655587683312 0.0037233102346773934779 -0.84282169971129505814 -0.67759566542771798581 0.59277562338408784637 0.43529435387489512355 0.50122489437074391194 0.80535904867490182291 -0.31649709000270442871
4.9415516682543874083 8.3858400173832308155 -9.2277194559468131985 0.70976250189083545106 0.0070029492527297213314 0.70440623904941956912 0.6943529882839631906 0.1616673369953674777 -0.70124004435722442352 -0.11879022927464213955 0.98682046535855816316 0.1098828948393188315
3.8407190773964385855 -2.0791399391259051121 0.71074756512829573296 0.99972099865128194462 0.0099061291523625735755 0.021442795079741398118 -0.0094951821240019367715 -0.66268516633143548233 0.74883790758795032438 0.021627907250830399888 -0.74883258404632480065 -0.66240621577590008684
-6.754330078730508724 -7.0229892766167454354 -3.3066970729060995993 0.81760950338230731216 0.009569030252584521945 0.57569361090698867311 -0.3812315788744879419 -0.74029624978600649943 0.55373635046072300359 0.43148254106980810096 -0.67221268673889056355 -0.60162523263177591915
-1.1104229641173284371 -0.60013894222784125443 -3.5581642795840031646 0.89842294684043388919 -0.001731654139382136047 0.43912778318424211532 0.16108396663779150915 0.93158262090724586191 -0.32589227685877469876 -0.40851947846174557766 0.36352554490417265942 0.83723414521848105174
3.2073300367731936156 1.7865945791615394089 2.559094501559717294 -0.72841621442216875071 0.0034347701841107372567 -0.68512628100292882749 -0.33960169392832095792 0.86668922125805514245 0.36540454736653849022 0.5950466435903657425 0.49883664270879168878 -0.63014402785659162642
3.4596738031846094863 -0.57045216189247394123 -7.1291667459871312928 0.3954482798425819623 -0.0065084359018811183129 0.91846518618368055975 -0.88510224664249093074 0.26445675456662237623 0.38295774956583117365 -0.2453867782868756342 -0.9643755830723238498 0.098818337447341877966
-8.5679903999677069493 6.2031142523927478294 8.1745268489032891779 -0.048413483290810223336 -0.0012598665860706053515 0.99882658523507417136 0.34965229949661608133 0.93670411476744164236 0.018129281140739250677 -0.93562781280395923567 0.35011971397527141825 -0.044908593759761847308
-2.6549929182649538717 -4.7695549642270460566 1.2534233064253537115 -0.97920288477899175561 0.007737732043278088348 -0.20273588222965935324 0.12897914543762700745 -0.74760806487113284913 -0.65149563420024414473 -0.15660807923836964073 -0.66409510526914550255 0.73106196773926623855
-3.5054521343303970404 5.4145896755068898543 -3.7949519341189845711 -0.21849488831342619988 0.00063268476152494065694 -0.97583788791524161965 -0.83075283946211575525 -0.52476336774711651589 0.18566940403937659543 -0.5119665062349292306 0.85124791193900328778 0.11518371808898347775
-0.55249108979401895247 1.4044396134635683815 -8.853851352221600024 -0.74316724594788041713 0.0019105901149480482466 -0.66910297727292356029 -0.35550893705607811146 -0.84829553873580687551 0.39243862530873874217 -0.56684728121724181626 0.52951962060562240975 0.63110469113310652123
-5.7304901863103374637 5.3315427304237292816 1.1972539261701600211 0.6544880837124357198 -0.004399315919452816831 -0.75605951769532520057 0.4077052623105537621 0.84419073725057558466 0.34802071522325850328 0.63672738857563948578 -0.53602485498309848655 0.55430640216191362502
3.1452921816157619617 3.8326469475477997761 9.1334630265210563493 0.8944160956207642954 -0.0042888607277342238183 -0.4472152206352896231 0.43049959365738010852 -0.26273399567343286298 0.8635050361049781964 -0.1212020946812299993 -0.96485877370251571516 -0.23314716179652475447
1.7659982073100430888 3.9407252968353287947 -0.59540908235783573943 0.66973934920097188961 -0.0058938871156281394392 -0.74257286930423205273 0.60532307393922457628 -0.57490676049531064251 0.55051448018523652106 -0.43015483292495304557 -0.81819770155607529638 -0.3814699737589740125
0.71530835855248187105 5.0968363167660530877 -0.88462386413114280082 0.096765717773639473021 0.010924365399502027063 -0.99524723265345438339 -0.92304983906448367925 0.37502875231199683803 -0.085629606690882584252 0.37231087879155716491 0.92694880828437786757 0.046373660127066569647
6.4970966264396610157 -3.6913092973494965321 -6.406181082093827861 0.63985869255676963707 0.0036056403519492460225 0.76848412665276066846 -0.50313154950049987502 -0.75391563658279725502 0.42245692894473224621 0.58089542729919296793 -0.65696134762521740669 -0.48058536210478336459
-7.8507113958305181356 -7.1846084093123163683 -1.1659547603050808284 -0.50030674412397180273 0.0066747229225001744601 -0.86582250482313327655 0.56377901028605892364 0.7614556895736415143 -0.31990382988787441354 0.65715020303196647333 -0.64818259841639469521 -0.38472448552817056777
0.84710864841296440453 6.0822728847348068726 3.187509148363332212 -0.76941752252854267446 -0.0052059678339061565139 -0.63872495952875896208 -0.11067402446466088894 -0.98375551207731126713 0.14133772591386536965 -0.62908499929257788441 0.1794379847093630076 0.75634256346480499555
-8.3059098629788863377 -3.4992016000070713666 -5.1612721374623111714 0.72018597499708525422 -0.0073132746306281224552 0.69374251522561813932 0.67437636296464542607 0.24222081834608572004 -0.69752820461560416376 -0.16293766443642901387 0.97019358438096936492 0.17937593577207877615
-8.4024417199873155937 5.2425722763597457643 4.171832895263150931 0.4558319125380046466 -0.0048345414020064848837 0.89005274828044622648 -0.4996882917828655013 -0.82891833208069498617 0.2514080543575507587 0.73656559692091250202 -0.55934875163014274868 -0.38026319238468070383
-2.6339635901567528542 4.032176336715783016 -7.7766743986143396228 0.79952290130181757899 -0.017347002418520943851 -0.60038505294602773077 0.1244982653688605917 0.98266035727871159366 0.1374001606727459357 0.58759110971332795259 -0.18460147274555166463 0.78781913155631289047
6.7318958447611096929 1.7277628443352675003 5.2371595350887130138 -0.9355259330953544783 -0.0089229676191090560866 -0.35314530883898609392 -0.15365292568787700112 -0.88988441172723209416 0.42953057189519933123 -0.31809119279462683139 0.45609879896116656273 0.83113890454754546511
-6.5953349963094032304 7.461072299068956859 3.5803124029257338279 -0.50654875500040053016 -0.0009853315048475481952 0.86221075609703357046 -0.83271809089887727229 0.25987128634323619636 -0.48892483637486050529 -0.22358206524120483039 -0.96564276192391007569 -0.13245797992732369353
2.4537726939706114848 -8.1203908850688026888 -6.6953824388564573411 -0.3169863458337486839 -0.00071518933485039543063 -0.94842983138386571795 -0.78579207621609892254 0.56015927534029019697 0.26220678710873190909 0.53108423956173689273 0.82838461764697635115 -0.1781248318873040748
1.4556372800254562261 8.4352061769717519013 -0.91320741118639703338 0.10233367299842557885 0.0093961107907845810988 -0.99470575170393804587 -0.29632417304028041416 0.95484616888615370112 -0.021465745621531823889 0.94958928165930278631 0.29695202788525909554 0.10049721037034430038
-3.1691733559653614272 -6.0042106866651572261 -3.7131739586090213301 -0.90248649226784560806 0.0029172829695905660302 0.43070827799563421445 0.035119438740046061975 -0.99614905676551845914 0.080334810184235133645 0.42928400424004065083 0.087627314034056213998 0.89890861467583904609
-6.7230697160110581834 -3.6861914151515287053 5.4212213273999054763 0.42266353736409534303 -0.0015657592277353122798 -0.90628532073575829298 0.86505827537063106902 -0.29748646451231158805 0.40395047177186949039 -0.27024010508368923045 -0.95472475186826866178 -0.12438220843152594797
5.4857693380739647182 1.6495127218490179821 -1.5760329517241509212 -0.31088343014678604392 0.0024116300174360158493 0.95044498888710704509 -0.65762892614002943503 -0.72252278232088551491 -0.21327218414752749376 0.68620382421257519745 -0.69134290555985411508 0.22620631858590689589
2.8528638466423359432 -7.3919839255702530778 2.2706706323677696702 -0.14796917108265270069 -0.0028572488640297498234 -0.98898784650670812368 -0.0059967309393726487068 0.9999800357870336498 -0.0019917944613141013582 0.98897379319524314489 0.0056359698424412576004 -0.14798335114733177087
0.32538684770810372138 2.7317466619948764794 5.1265005363528608484 -0.44525216003827644551 0.015573956956768272158 0.8952697726641107856 -0.049854914312161928425 0.99786650984173230761 -0.042153482124792238106 -0.89401621993132274202 -0.06340252677160601591 -0.44352578064724418327
-1.6739304858609191928 -4.0809629785387331324 2.8099374855477541324 -0.86240591834982016639 -0.0036128431860478283158 -0.5062044837409612752 -0.24353413012123709125 -0.87368998222051086344 0.42113767634067283963 -0.44378729078398992947 0.4864696931274891667 0.75259556084731382697
-4.0619668885452746565 -8.1334174595503814231 7.8056237683991378518 -0.75716736638749670973 0.0058323262615715219109 0.65319488917788282034 -0.58302624145820547419 0.4449149905876763067 -0.67980221603135948527 -0.29458102628773980003 -0.89555381475405271274 -0.33347471243039883415
-4.3302076712005925785 -4.8947574954345043352 9.1305407451660620666 -0.36361781935279730016 0.0039703867558343163696 -0.93153975625204310518 0.27382107427089502627 0.95627014810280730472 -0.10280769977382733793 0.89039547434520027736 -0.29245792838732737051 -0.34880404153216454377
-3.2500500002767327423 -4.0258476885109848453 -8.2458595539458432455 0.38986374119878436373 -0.0069713266526143166657 0.92084616733888691176 -0.91860148349893577802 0.067241842989541153464 0.38942245577909229137 -0.06463418454672199831 -0.99771235090881971175 0.01981128546800174986
4.3281978259468143477 3.9218068929847169635 0.81591759268989805243 -0.60419871851493167636 -0.0074011193677385837819 0.79679930470420423649 0.02773455184093542511 -0.99954630697814750295 0.011746269222580603409 0.79635086687906431191 0.029195952434728507374 0.60412986450135941485
-6.7140536462126556572 -4.9102151702471363848 7.8624300250117666877 -0.68721544184084171203 -0.0078608739675213989279 -0.72641113920136535231 -0.3529551953103748918 0.87759815311158051454 0.32441348886590659628 0.6349469006135571858 0.47933254460262253449 -0.60587353885590633507
7.8948902981325010941 2.7643483931006249676 -2.2362523647650744962 0.86262598330408135627 -0.0052908937786259203212 -0.50581460968586433591 -0.42120594584518017411 -0.56123367036205640268 -0.71246215228353759752 -0.28011062834783040376 0.82764048577551452279 -0.48636330267787120096
7.6874184254585626874 0.55253612778098282199 6.7765736456556071587 0.32264309909742144855 -0.0005317942390920364637 0.94652054800706098003 -0.89312711556626622755 0.33094611168512760857 0.30462867002424687257 -0.31340929476479406635 -0.94364950503651390257 0.10630251925348284392
7.6941347719943538053 5.1782359693348976037 -7.1682456418229820727 0.92304049658753117846 -0.0048040955609599082787 0.38467279904549706027 -0.19374156593380559288 0.85805660974890674009 0.47560809506957973936 -0.33235590455001606802 -0.51353264271324472467 0.79109024616590750689
-6.77912959486614497 8.5675154752519979695 5.6779472420972130209 -0.055351233753882941868 -0.013458118981236865883 -0.99837624168217820042 -0.51519154003793499186 0.85690622412504791061 0.017011764434720331313 0.85528586916601190282 0.51529661563911877131 -0.05436432576074859413
-2.5296468532179590127 6.3503360806153974494 -3.0629980323112566687 -0.27580003253429752341 0.011009515428523564823 -0.96115198206322738361 0.053387539640337669522 -0.99821541879222797089 -0.026753472607625606444 -0.95973127106767275318 -0.058692148158363030563 0.27472007403778664347
4.7199769359113386002 1.6845483953726883009 9.0010531470821923961 -0.62248101902924080076 0.0036518717235276484945 -0.78262637623673481091 -0.71244768950780723582 0.4112580150350453323 0.56858168699314703964 0.3239377573905022345 0.91151166141857753455 -0.25339854071112161149
0.79911485050056496604 -1.6574899540151788457 8.8643628350566139318 -0.85680602552133566796 -0.0075492224002559555132 -0.51558359542518938934 -0.47618187234441144984 -0.37202265597496680938 0.7967747284469286484 -0.19782380817534481188 0.92819295013598945854 0.31515645041263318227
0.10449871095803171805 -8.5455071053326019381 -5.2194047319481091662 -0.31326353974764098442 -0.0020597758690673109716 -0.94966399952208291335 0.48561407788019406162 -0.85971655730785667693 -0.15832374570876939224 -0.81611575283743753584 -0.51076726443055731064 0.27031810808139417057
4.1631653600435987173 3.9403480379607280781 -5.5839605747047471596 0.4637949751838719159 0.0022372907071141361936 0.88593973583110330328 -0.80473476996914983239 -0.41717294470607652057 0.42233716886948913238 0.37053497945184726836 -0.90882436627542617646 -0.19168228991468727607
0.070850018884987472911 -5.3303094559270185471 0.20573423543089197629 0.96635568218463441248 0.0084431361396566980554 -0.25707082479692638932 0.012406404962981360668 0.99676766808973582545 0.079374410024587421786 0.25691005551641921123 -0.079893236904189937619 0.96312735091028633949
5.9550832500297454786 0.6785998157381689655 7.1555231300467401212 -0.90389739717284700582 0.0051813291853844605298 -0.42771795521381761329 0.4264454228728948304 0.088931190644392490996 -0.90013084862231551586 0.033373592780468280816 -0.99602429546607662569 -0.08259422586641182451
-8.3317695693228337461 2.1088437946133229417 -3.9864215085714911346 -0.47452151347903048784 0.0097186301776634280436 -0.88019025299830511155 0.50292259217123536086 0.82365359451333319818 -0.262037444898669869 0.72242522071788140003 -0.56700996858313068572 -0.39572906893205800349
-7.4220441398017680257 -8.4393235971858953093 1.7479097595338055626 -0.75539264795041649592 0.010306446749461354445 0.65519136485309625861 -0.5441406877752310578 0.54722697708738576861 -0.6359666244821017278 -0.36509294615201942635 -0.83692079237110328371 -0.40776307822919910517
1.3093229629149274462 -6.3865882270292964051 3.7175213338771007088 -0.47851825886610732663 0.0031528244964363185202 -0.87807194217186468332 -0.85718389847329334863 0.21517024916321231265 0.46790760634218075964 0.19041018914376120486 0.9765714636279974048 -0.10026034259627499001
-8.2307786641398372751 -1.7559718363235030658 4.9128751458318111744 0.76264765031784886862 0.00063521198724045095652 0.6468138510964561716 0.58149521159722250552 -0.43859229911301983451 -0.68520078374733417448 0.28325232629886620828 0.89868592492853216491 -0.33486075909503898451
-5.0359005988615299643 -8.290189580462159924 -5.171394446146438284 -0.63592419592676796558 -0.0054597156947178478864 0.77173221297232075244 -0.35928627026355297591 0.8870956477635865145 -0.28978386380018161805 -0.6830181498575439436 -0.4615533590206778447 -0.56608718740303165529
3.2450218618458883668 2.9039994225771215142 0.99071960300428973945 0.6228694107979724226 0.0035730838276941505327 -0.78231766576238404021 -0.61930481723675911976 0.6132592814976169926 -0.49028012095566003703 0.47801175763710690436 0.7898735890818623373 0.38419327535950709152
-4.0816106913307033111 5.0274870876963992927 8.792729503853209394 -0.36464165422739985845 0.0050265792001365971683 0.93113436060749266154 0.64080477301916105581 -0.72416724571178225922 0.25485494524151985907 0.67557805387567282374 0.6896060714203574582 0.26084048647034291379
