1125 17.292696884352682929 17.968806560800352656 18.477561601407678893
-5.7935612287029742973 3.9424969466805332985 -6.9943147256311535287 -0.47304220537170282856 0.0021306374224113115538 -0.88103719122479673409 -0.84138668576689379375 -0.29772040692501328119 0.45103326298041118703 -0.26134176273872627982 0.95465073177832215912 0.14262700783556145345
3.3317443210051105318 -0.55995069405168429455 -1.1431848755530853445 0.89813739660003155674 0.013069841212569356659 0.43952064351898784134 0.33254062336429413005 0.63378833449100224762 -0.69837603114324253717 -0.28769072046402444087 0.77339609923621943643 0.56488275159102629974
-0.79653782391448735289 7.7275651349320089167 2.7359614561253562393 -0.62749012619681054925 0.013553567197380926579 -0.77850654611365588398 -0.74357782255587057119 -0.30702750142346446616 0.59399169621528380425 -0.23097221332568435015 0.95160412682291928288 0.20273485759865272904
4.7984333913014074469 4.0699776522641064602 -4.274874549625996778 -0.97687590822119740874 0.0031352195873657843356 0.21378407409215294255 0.21352738364192605514 -0.036820415041502414788 0.9762429582186513688 0.0109323543819649701 0.99931698045938377462 0.035299521148895118827
-7.0898823733668532299 5.3337863142954127227 9.1772333926909741564 0.81309306238253231669 0.0029514479677286631007 -0.58212624134320278824 -0.38554337913983588448 -0.74650461810593526923 -0.54229803424743650009 -0.43616049191415773301 0.66537368756356418675 -0.60583981479545512272
-6.8315146529110846174 6.4203599619251923158 -2.222924243334200689 -0.20644620659562751275 0.0011720658947289436247 -0.97845724998261418559 -0.83727606375040330988 -0.51766725851476125264 0.17603807125879950002 -0.50630895395294306383 0.85558122684116422185 0.10785178451802085453
-4.6804950008486754243 3.1630694864555510826 8.9163773630191975883 0.74314001399681040017 -0.010246192926690520647 -0.6690574976243363059 0.42916941546660236639 -0.75983617098240752163 0.48832633155980970097 -0.51337757296640718074 -0.65003385203961094874 -0.56026731011011843275
-7.5637696249967927287 -4.7999524004333613547 4.6516823643508358188 0.78099715202836739181 -0.0076333144399979777073 -0.62448793505911803781 -0.54786584167109120269 -0.48839259746054886069 -0.6792022454878774429 -0.29981072037827827259 0.87259062753178884275 -0.38561525992870787638
8.4230732065016837851 -3.3733864387183185585 6.1466595639988366173 -0.80800792269785148836 -0.0047495556069351374875 0.58915247481360377702 0.32342063891846867252 -0.83940936887620942741 0.436796293212795117 0.49246551877169969513 0.54347893534563507245 0.67978552474785980397
4.8788958112935700839 -7.6788848376636700266 4.846214996558825483 0.9499410985924761075 -0.0039705587199588415759 0.31240381538719408372 -0.066480186828384676967 -0.97958899939624222153 0.18969917506745589963 0.30527412920903418403 -0.20097170677857728593 -0.93081581374103961046
-1.3752101359339639064 4.0443305719411437593 -6.317900766659152012 -0.76672185064991593695 -0.012361070578832329334 -0.64186042693896583344 -0.53863282390639155572 0.55638793495227900632 0.63269830634360035848 0.34930256905229789544 0.83083071065876334949 -0.43325286551840042071
8.4991011153439259829 5.1595224975671083456 -1.4242604089836374825 -0.91446467299598066525 -0.0054183569626952508141 -0.40462946413951433877 0.33178308016221291776 0.5624246648136972393 -0.75736284839391809776 0.23167725300534458555 -0.82683077943265814724 -0.51251976803118204362
5.1739797050354194852 2.1293185232721443256 1.9094197009210089888 0.09326947286317811836 -0.003027780912596432332 0.99563629803999875723 -0.95551775705660468851 -0.2812933757564415882 0.088655810331311271644 0.27979746493102508609 -0.95961704304300232682 -0.029129183303086808587
-4.6262180381841533361 4.1686378370697667606 -4.1784922697158473071 -0.79857038887841502728 0.01027595819553912479 -0.60181370762879082825 -0.17647450337360423567 -0.95991061462714899477 0.21778053536740185625 -0.57544946230368110296 0.28011786199572474843 0.76836963743077324462
7.3943102909273639156 2.9183861761869831497 0.76509234606818155022 0.016243618709211805201 -0.01506988143116155289 0.99975449162521778934 -0.91256885182587132999 0.40838438949202998662 0.020982876274873864253 -0.40860033716181370922 -0.91268564637157201247 -0.0071186640849142529541
-7.3223048092648497231 6.5282341459741433098 5.3405530925665551933 -0.97724953990283991434 -0.0069701692068518412287 -0.21197819109684726269 0.0786961385831628224 -0.94002949345543018733 -0.33189074890065844992 -0.19695241692224663144 -0.34102194676447805666 0.91919191537633837541
-4.8175916187823695225 3.1413986544948730995 -1.7767937739745349734 -0.11941655368176667951 -0.010100457439279911243 0.99279286231629015891 0.79305419533040855118 -0.60257576181657546144 0.089260823094936339595 0.59733134019173494966 0.7979977644268688719 0.079967730955261898118
-8.2360929224349739286 8.6179194265603165093 -6.4075958192472342034 0.52735543301105602954 -0.0032511988711930520091 -0.84963855666972054603 -0.84447895186541432899 -0.11210936000717885985 -0.52372396475158122797 -0.093549704062814639793 0.99369055601054523397 -0.061867049106143080783
-2.7851064397839628839 -4.8539349038150065851 -7.8573203566196907488 0.87433289368995725788 -0.0067492189784220174217 -0.48527975339462497972 -0.297300214208586433 -0.79778238698598935574 -0.52455299603183402901 -0.38360731698332345418 0.60290771354970484897 -0.69953392719647100595
0.37006427619906112625 6.7710085235321848529 5.8270618900671831142 0.72100641375227325636 0.0013926592689031446273 0.69292698881499137364 -0.48725048202517057261 -0.70999561607215444514 0.50842225848674671429 0.49268318328755084101 -0.70420471857170485741 -0.51123281902396044973
8.5138050739254520494 -7.0703298888395700317 -8.3383917629819457318 0.81520422610345399939 -0.0091992009864253140861 0.57910054778419839394 -0.5777612294785917646 0.056869158550323928303 0.81422224270589427242 -0.040423154926760192229 -0.99833925772099751939 0.041045036713092605818
-4.0234411226342343681 0.79361620920837061544 -0.42725790765844262609 0.91600116884156579378 -0.0094775593788749539631 -0.40106362905288706067 0.29012208453586318946 0.7061166974799687468 0.64593218344092384609 0.27707586460280747565 -0.70803205111664524463 0.64955336951349973429
-6.8612328682010712555 8.8084430331281833304 8.019642482182010923 0.42098505974742261859 -0.0087387912891353884681 0.90702547538449884712 0.41038184768187613294 -0.88992509868511149307 -0.19904787821919997515 0.80892417355580570337 0.4560229733875727498 -0.37105892952479496705
-4.0478893974993965799 -5.9874428769514747017 -9.2054496271234640403 -0.74276678085780856176 0.0062388160149922499559 -0.6695211620471209768 -0.66265346029713556586 -0.15000462274933798468 0.73374996062038611022 -0.095853538330269813517 0.98866561097704364069 0.11555262377372263471
4.947938367373446944 -3.6558076000318999732 6.3571555679959628193 -0.92575239850354562599 -0.0036898554324888100872 -0.37811226062081593202 -0.31981908079576476522 0.54112993014753008048 0.77774941610866665798 0.20173807826961354106 0.84093090302689310622 -0.50213241690890331181
-4.1858514916720919175 -7.8296301133638808167 -2.6564898417618958426 0.86791279469898352517 0.014625717498007640219 0.49650122777834743149 0.24991926916770024203 0.85097064089266460929 -0.46194082655445312113 -0.42926418403638771926 0.52500957774775447451 0.73491305851576627095
5.9056277903948082297 -5.9727736358571066333 -0.37175236336705907991 0.56569850715652369999 -0.006599229342944207613 0.82458574397869299766 -0.79369420588312178388 -0.27560887876047879264 0.54229996634339117101 0.22368439048941174407 -0.96124720864103085916 -0.16114930136673802363
8.2775072744848259276 6.5741284280363752046 1.1419596980992530177 0.77064375713498689535 -0.0087064521439108692735 -0.6372067147167456147 -0.038559678090448558374 0.99743748453095826267 -0.060262888064687734901 0.63609853860427301164 0.071011704270432865482 0.76833325259424101183
4.7605981050227024198 -2.5776284778112295015 3.2732543666269866556 0.96509504575157500916 -0.008081240341451221415 0.26177518258932769291 0.21881261957148079311 -0.52437632624521746116 -0.82289155177911033068 0.14391869295329928757 0.85144827325442273835 -0.50430471720034075744
-0.33447615065055441574 -4.9067886714568125228 2.5520686467212985171 -0.59389249700268587073 0.0026319431374115203996 0.80454010147380805584 -0.79455695081688237913 0.15515846596738033791 -0.58703075076800836918 -0.12637623950986723309 -0.98788608822779311325 -0.090056220070526077359
3.692380414693872126 -6.9830566521264936242 5.4695369701744862567 -0.90392859595638486159 -0.0089096227978912485856 -0.42759058927170651154 -0.32594852864908768764 0.66164005035495587759 0.67527031656800440285 0.2768946552097719116 0.74976867258376567182 -0.60097944018771609631
3.0022883867448784123 6.4705389060695059911 5.7979608475728117156 -0.99999955597145739894 -0.00082806804736881844953 0.0004498445873759825131 0.00035932341971921938351 0.10624166700270318286 0.99434027328638463494 -0.00087117364737682168041 0.99433999341055034904 -0.1062413222840123822
-3.4185123303372595416 4.1712552131626319252 1.2573034849885664777 -0.43754392766751659671 -0.0012157501275027113308 0.89919621513466374552 0.40440887376224077254 -0.89342252535892041632 0.19557518759585559853 0.80312438275968955903 0.44921566438902221785 0.39140326095232969017
2.8188272162310390456 0.79605944521525129343 -5.6702527868702725655 -0.9172800262746877431 0.0054770203165408742202 0.398205167779051461 0.19210507148544600509 0.88196365849008517834 0.43039022597229936729 -0.34884523059223032648 0.47128559001013448082 -0.81005981121258818778
0.94585961906386795128 6.8157038758886594465 8.3099871262921709558 0.93339398249387073303 -0.010341952135794547224 0.35870422003312529835 0.28949117857527728592 0.61240004682404469705 -0.73563648643626877721 -0.21206256381231447516 0.79048037716006103182 0.5746044224974760084
6.9148592674579347772 -7.1716023469053151729 2.0200653755152466751 -0.96000117389089478781 -0.0060079739533118754063 0.27993151015437339746 0.23972625575743072845 0.49892636047694072232 0.83282879940699117149 -0.14466882327858099355 0.86662355787846245825 -0.47752962264240422785
4.1984786437406746984 7.4783813296287746653 -2.5471522301457647508 0.1050779555611102839 0.015082729027875890412 0.99434960378161285632 -0.98508446957674533628 -0.13542568480599270764 0.10615305786206748195 0.13626155383575336288 -0.99067269831167081851 0.00062750803440796750626
-4.1033316773123260646 -6.7327697395440520012 -2.4462842228814087875 -0.81557987732945014248 -0.0092553607966153975811 -0.57857048143823996966 -0.57762236581937975721 -0.04638207172369832737 0.81498534092823415875 -0.034378280941466284049 0.99888089466115626003 0.032482180966761316221
2.5590784245575139977 -7.0634227845089663234 2.1116481119649264109 0.88976477419253541257 -0.0028976824745439479225 0.45641017740905076572 0.44900407306381057149 0.18507901998990697323 -0.8741516451573063673 -0.081938934446076930329 0.98271936980804530659 0.16597786366255543045
-6.7020876680072731801 7.6448487688682886798 -0.47858792405944694526 -0.70977477187902948685 0.00835690967936999346 0.70437911330814284572 0.38915301732034751625 -0.82884376986027374912 0.40196757863525317545 0.58717944643388642056 0.55941770370986287908 0.58504028105887995181
-5.5776295275391616357 -2.6930722732656566798 -3.1003766237762291347 0.96291160893160432366 -0.0058980641097507290754 -0.26975256481523435248 -0.14556469874163019407 -0.85314387312899886417 -0.50095553717199303723 -0.22718308005839799035 0.52164235313326579035 -0.82236068944994311636
7.8007667632143062875 2.0273622285187755665 -4.1044487330888559384 -0.93407087179937176025 -0.0052612306424839041727 0.35704891248689801797 0.046899842737262921466 0.98942225040195774799 0.13727350494845724782 -0.35399436606693529539 0.14496872028733429061 -0.92394375312073662165
-5.1270603191589740888 7.3663468054701599641 0.62924227695963419471 -0.1807656110591991383 0.0012774205676647661361 0.98352537438297871208 -0.77811744600984367182 0.61143499835735171111 -0.14380710343650318639 -0.60154553782194397638 -0.79129363132813146375 -0.10953243787162589284
-0.039016427103182392544 -2.4532403933013338104 -6.9650207257371130609 0.54289967740398892282 0.0020713911094350358037 0.8397950045179002343 0.70987988876387808634 -0.53542413086432605329 -0.45759320757289145831 0.44869865589630675284 0.84458078916526901914 -0.29215202681099677884
1.0372036039245886574 4.5231359994232498423 8.7368190444594322486 0.76052052961998839464 -0.0051598486235495955032 -0.6492933851415384483 -0.33459365830849485679 0.85386648750926019691 -0.3986967586125955143 0.55646707705504772079 0.52046651906795282638 0.64765654067804612204
-2.8865991468949649956 8.7344559485919255337 4.516185187484360597 -0.91439151598153456391 0.0044144959037308653671 -0.40480695118401760491 -0.015970387408137470819 0.99876880308446114309 0.046966208181684114542 0.40451588624780943082 0.049410426135023111094 -0.91319521875782527776
4.2836456611814632822 -6.0290228672261019227 -2.8932163116137488146 0.79599711599065881007 -0.010658739018101924881 0.60520656194185962207 -0.33473329631088805103 0.82529839590929054971 0.45479245601778878205 -0.50432351886029525012 -0.56459627079207053146 0.653367308129189861
-1.9265084123132714122 6.5121448980551246422 7.2567695388197916984 0.43402711092630963385 0.0034147741768949077708 -0.900893337914400405 0.88513014136556700251 -0.18790054588631571741 0.42572058642001198159 -0.16782461031418155484 -0.98218212372918489717 -0.084576450622344701014
-3.4711818229546707038 7.6485386127118495381 -2.0159606333769266584 -0.79840730938181525556 -0.00050236602881786104197 -0.6021175266956610983 0.36005628220830399044 0.80111002836561684415 -0.47810270454605419133 0.48260257144768842208 -0.59851689205931313253 -0.63943122222159776147
-8.2426119972901563671 0.59873786423316843752 -4.2012407742634785279 0.040813939180206044999 -0.0089470562032348578685 0.99912670495461264331 0.95373543459953935564 0.29844926494651641269 -0.036287147060320171232 -0.29786396753786587022 0.95438356358343423569 0.020714014684292188229
1.2465774649150385134 8.5745704733101977268 -2.9872228766403039479 0.5933508468455732654 0.007426274314069258517 0.80490969866036043978 0.14409973073523091314 -0.98478383926890011857 -0.097139371610928046397 0.79194067969117931671 0.17362499925050797756 -0.58539244911892029943
-0.27609200311983950193 1.6222409575064884457 -2.7483057889813613528 0.0093013130377134871363 -0.0024820660378052222805 -0.99995366138836927483 -0.80347606457305076333 -0.59530686272759048006 -0.0059960692985448864334 -0.59526439439415879118 0.8034946039256444239 -0.0075314161357656877333
-3.8634115261973471789 -5.8958227078613685279 -3.5022818531220329952 0.71724436767284882599 -0.0065041153735432531702 0.69679137015663639154 0.56895095862270383957 -0.57186214403450574828 -0.59098942029673517951 0.40231247025669525375 0.82032395107284683533 -0.40646437921738104437
-3.6693192345461964621 -2.6996969104434489495 -5.6296498121057911845 -0.95076707918004399467 0.00047506967322458442532 -0.30990601068122192174 0.10764800512184176384 -0.93722577195939982264 -0.33169226606653806622 -0.29060947703202377745 -0.34872285081980886057 0.89103226943532498616
-1.2821903535344676417 7.4037828953460351755 -1.1771738723047158182 0.69809339636305345334 0.0023852244842268552523 -0.71600273788471113789 0.27313110229617215685 0.92349126827708949428 0.26937571971897178447 0.6618647980613595605 -0.38361202812185846156 0.64403167699100949406
1.4752086699013433613 -0.44429595074914290942 8.6828121790658503443 -0.64115666408691829314 -0.0048813032722902199162 -0.76739449110315660629 -0.085025615808636392789 -0.9933712641566722068 0.077357457324013070843 -0.76268524094353806753 0.11484643845432539189 0.63649157010968904213
7.8984574455576463947 -3.7750347420786725117 0.014984056657522927536 -0.11537535595218632867 0.0032964092155910468956 -0.99331649584873094039 0.27741862734095268372 -0.96009641297161107953 -0.03540879839191134193 -0.95379632649909584785 -0.27964980151173618461 0.10985698007525132591
4.5505438207614714585 -8.9396468546718867998 5.163347259266820366 -0.99996520737684124747 -0.003945765841159831408 0.0073494875772241504558 0.0021098803446163959252 -0.972041960337646338 -0.23479773369405518291 0.0080704671892391725146 -0.23477405792591801714 0.97201646554186782456
-3.5340392695525526534 -4.8356717194338481036 2.2716118442400250466 0.75224324963108146758 0.0084333480119893576565 0.65883152021265323217 0.64612598715509117486 -0.20527152672866372241 -0.7351087055920727531 0.12903992447013640232 0.97866872789286418755 -0.1598631256324724581
-6.8625953850276575352 -4.9176817893916160429 7.4615233324184497832 0.57703132092763742556 -0.0014619745692008457444 -0.8167207094831975267 0.62023092268423007933 0.65138994096188174154 0.43704089895586095693 0.53136471205257640449 -0.75874172644208925931 0.37677915990820570746
-2.5408656704018288686 3.1082169289815513302 6.1459454386428946648 -0.99386977218699290582 -0.00023387622280985091369 0.11055686878369277992 0.016402749482691780097 -0.98924246634223789165 0.14536262447538664255 0.10933355268516110892 0.14628495509421771126 0.98318202087445027981
-6.1129919158208849694 -8.203850345215203177 2.3477188136769955307 0.99333125610466321831 -0.017070445970289720161 -0.11402462681333573602 -0.042230162425917774915 -0.97411887060266699745 -0.22205638769732219395 -0.10728293912363671969 0.22539082902822643595 -0.96834360903699523426
1.1304656938668560251 3.4034653819732487712 8.9584247361534945497 -0.77111985298627006014 -0.0045579447378628294013 0.63667369779957416753 -0.63534796067887466808 0.070401323509644231358 -0.76901015761125535164 -0.041317565167678461935 -0.99750833519725268239 -0.057183739128857151435
5.688172848549690741 -7.0485346270516604505 9.0020478133149754996 -0.016418008873080973398 0.0014029510544080728198 0.99986423113972788812 0.99896023406259115696 0.042559869422056743893 0.016343447504286692795 -0.042531162060142416181 0.99909293323645076423 -0.0021002406275860401735
-3.8546647281348529468 6.4445529833666608255 -5.2162164040164871182 0.99745448255669866278 0.0020369851734149450016 0.071276966258573049018 0.011863404464906735641 -0.99040110839800099551 -0.13771312253511186485 0.070312266796985961603 0.13820815885916226673 -0.98790419067966184219
3.1062447114360773881 5.3610814365156409522 -2.7726114419933027833 -0.35061725619907313511 -0.00080967549403629292953 -0.93651849105134876705 -0.75301677500611829963 0.59479248815380025839 0.28140297190186697174 0.5568063184040462632 0.80387887175951311391 -0.20915420943357673766
3.3452809838882502369 -5.9052133593397710953 3.1818452188720787177 -0.14946850379806886355 0.00083418148840724642371 0.98876613539987745494 0.97768885735343891152 0.14939435939687226162 0.14766795044052910546 -0.14759290152098272775 0.98877734072020739831 -0.023145321321122448027
0.85092524869339103422 -8.2975451324708391354 -5.2456555659626262766 0.55550808750880453779 -0.00013426456252453784247 0.83151112240637448103 -0.03330286737362005145 -0.99920121556258001405 0.022087323132971424522 0.83084395871746308249 -0.039961391260950954174 -0.55506882768847032317
-7.6905390168059994949 -1.4713880983763818477 -1.7327157638193355638 0.61743336976068130539 -0.0062409223376331379035 0.78659842664096857323 0.72907724256123829232 0.37997426306337006574 -0.56926789281346024119 -0.29533440078142536578 0.92497600525501777469 0.23915890411450052566
4.879238751112675132 1.7860680232018630864 -4.05659310707930576 -0.2166153864250812966 -0.013024440146447805247 -0.97617013799972862653 0.97565473757370746455 0.032229757224403653149 -0.21693103927038709378 0.034287131894367391116 -0.99939562071675691612 0.0057258954176027240454
-4.9200340006365506085 -4.9673923191337285843 0.82325939014647075975 0.83931419938976037365 0.0048458879090551142815 -0.54362504731974803374 0.53095454176772660659 -0.22211769689860902388 0.8177719751257553904 -0.11678591216052425228 -0.97500781847892459275 -0.18899948313698494706
0.69254288304420708045 -2.4773058055470418282 -0.87507335366040994717 -0.27311674965409071802 0.0020322553091214625408 0.96197874768445001958 -0.45431808724175332115 0.88117760324158789231 -0.13084764862218697945 -0.84794004308268222658 -0.47278102910686964355 -0.23974107252054671635
0.45220099090652948748 8.5172552616113978985 5.8658843200833556963 0.68837196475688189334 -0.0019864603910622839061 0.72535514895224884047 0.0086560744326571424645 -0.9999025465671902424 -0.010953070064444368759 0.72530621844293263756 0.013818514519815805475 -0.68828768559692365958
7.8153158068918751056 5.1123064459474543142 -9.0125454529162887241 0.61354448042449760692 -0.0047289137514401387991 0.78964600164620257772 0.19569299359599082178 0.96969945891304887287 -0.14624367214151531846 -0.76502772681676722843 0.24425518778246951834 0.59587916597509926753
-8.2319391166695758955 7.5713520567701140251 -4.8635977185650745014 -0.63731381234750428266 0.011376905662655823967 -0.77052038948286982745 0.15353312059082391272 -0.97796983970618178716 -0.14143045466409617794 -0.75515474273335025934 -0.2084359821203023988 0.6215269550749319416
-7.437035078755377171 -7.2700039335885024983 -4.8101623146941125952 0.24686639812437402575 -0.0022160578947906239833 -0.96904699089590817795 -0.3528924292371803384 0.931127027687931208 -0.092029298031692047255 0.90250978657527536342 0.36468828798934471713 0.22908194546768789746
3.9472118271951712742 6.2573323696384823833 -7.4704488618651163634 -0.9838689564702016721 -0.0035551002050257280059 -0.1788553542849367628 0.11768316535050858673 0.74013800313278632625 -0.66207734360242009863 0.13473139607004450125 -0.67244560938508035619 -0.72778042934117959106
6.0041316305224921024 -8.1334169909618392325 9.0817873324207543106 0.3098167376035541043 -0.016008032462005307439 0.95066152336007436752 0.90151160375834016314 -0.31278807051264495565 -0.29906596468698826152 0.30214304127351460094 0.94968803606337026668 -0.082475552549698710747
0.30021207407811711931 8.7475546826537087242 -7.6309089957017679495 -0.53383215716331477996 -0.0029907150243991481933 -0.845585172293312759 0.36259397959911882081 -0.90420072552209374006 -0.22571365471250598445 -0.76390368105978523339 -0.42709729990831740709 0.48377583907660270945
4.4371016339539393059 5.382002962640801691 -8.3172994409515652592 -0.99993896912664315124 0.010392089806310379763 -0.0037499988245568234742 -0.0017565295890291350925 0.18556791835087119158 0.98262987044082517052 0.010907457335641565499 0.98257648666569130658 -0.18553833896570992579
-4.4368296234591433347 0.06033086798118795363 -8.3566865625752555502 0.99958262599481373378 -0.0009708497820035243012 0.028872673239736176831 0.0277924189360279697 0.30506485129163796177 -0.95192595192924145397 -0.0078838606652552462029 0.95233108421247736342 0.30496450741661412787
2.599466017856526534 1.9188093904006995327 -5.3751445328544074087 -0.26293840089036768504 -0.0084283146127929337021 0.96477580859489353582 -0.91967294400643440078 0.30447413463455202942 -0.2479862443789590809 -0.29165917335095270513 -0.95248331473642344758 -0.08780923498632405011
7.8145146762463344459 1.7255345397443286881 2.3368452447733960575 0.12075606385095866147 0.00036055706744250477086 0.99268214602753179765 -0.47918111418689979253 0.87579943533800985733 0.057972483715257178138 -0.86936956057236780548 -0.48267506571213686373 0.10593086467174958609
4.3450164923339000822 -4.7425610595813951775 6.6073373945786331163 0.90354314892687903615 -0.0021476893719798995086 0.42849173324301015331 0.4250780895396685799 -0.12157947440058587685 -0.89695431834473415833 0.054022178969438894303 0.99257937659130723862 -0.10893936544962712354
-0.56260607383155436523 1.9079093078306914588 2.8160219913020396731 -0.45066832503614340233 0.0059747895460225686204 -0.89267147523541523491 -0.87342131244744081187 -0.20960374927464142658 0.43954690222171988179 -0.18448108784328606791 0.97776815768359892633 0.09968027913368729398
5.0376478815807814726 0.53983279956069496475 -5.2425862208869640213 -0.13336101791375509773 0.009840610188780556794 -0.99101866848816611011 -0.97826476899097425388 0.15890180188130356709 0.13322259233901018183 0.15878564372039713493 0.98724534931781193769 -0.011564583794273700437
-4.7587184617517968022 -7.1448312518064875931 -8.1712341067478853063 0.9164275894236616482 0.0071270953516841548461 -0.40013707383210866952 -0.10499392512011299083 0.96910059221540290064 -0.22320465464626607077 0.38618227436162588795 0.24656286557321721586 0.88885882134868965387
-1.9102528570498549243 -8.5112572344520813772 -0.014903356631433228169 0.85430241849451937775 0.00094697732293647736077 -0.51977541398999360656 -0.13042064869018066275 -0.96761648667582067507 -0.21612216246502546912 -0.50314792273230646291 0.25242313274994687688 -0.82651359934558243925
-1.2462165772196747149 -6.3412227690996454399 -0.22222386817758021937 0.94679326397989471698 0.00092538290017034428164 -0.32184104609053737489 0.20809899666446099453 0.76107717049512890739 0.6143747619642463409 0.24551440460663440102 -0.64866068496361717344 0.72039016714063475177
3.3787934391813014834 7.428769737215114688 3.1881473223977998543 -0.9161649323561166236 0.01200948181748002011 -0.40062150350146480404 -0.3971107543777585569 0.10813557839820885087 0.91137793776355735531 0.054266614772344103079 0.994063614177161603 -0.094300930484188749681
0.093807668545205419308 -1.1287362570548564733 6.1510836659089909162 0.037914441993219645533 -0.0019864304787619354448 0.99927901468117863448 0.054050138386949019009 -0.99853006747772177221 -0.0040357010778826560987 0.9978181585984402524 0.05416418038511336408 -0.037751343479538852776
3.6347378632889371097 -5.1559820269764795597 -2.4266713387590037598 0.88061983557359679864 0.0060347475387624409382 0.47378506415523363726 0.38376639439338627868 -0.59555569192355128916 -0.70571720423394812549 0.27790656654478468335 0.80329135414224950296 -0.52677408880055764939
5.1806858405161611003 -1.5092951266573935154 -8.7065570739092628116 0.67199879746142920922 0.00061198402982938406719 -0.74055198445869485635 0.37484736588621314635 -0.86271290849190185313 0.33943466206297273624 -0.63867602780953036667 -0.50569364539922578849 -0.57997143766259551256
-5.8819281004637815613 4.2679106165879430179 -1.2375741655346739201 0.99283266509317880111 -0.0078877546409381587428 -0.11925218006786932057 0.106124140396759159 0.51707778171877749607 0.84933399465570291742 0.054963314576555996616 -0.85590206856853179307 0.51420879326532187292
7.7470992545165966447 -1.3117171852102522678 -6.6819103698062347618 0.94516906050190274691 0.015323823574456182581 -0.32622174590425900842 -0.12966421325551039101 -0.89918448763838154658 -0.41791679673263387729 -0.29973761670940224366 0.43730131216514489534 -0.84789440587130326943
-4.4985689871943961293 6.3673242623815973218 -2.6134089322971671976 -0.71137088166161654978 -0.00080400464603324565266 -0.70281635033708711457 -0.62880400287385018743 0.44741302156346413055 0.63594584211680960095 0.31393788349655243897 0.89432708877238087375 -0.31878215695609651847
-1.4719714160150851878 -5.9467354401241383499 -8.0462858496054288082 -0.45523459441691604965 -0.0063017057146357536787 0.89034923066809201764 -0.060610420297006716017 0.99787467227391735136 -0.023927293743448568852 -0.8883061639983114155 -0.064856972944805496573 -0.45464902074349533567
3.2857720789824327312 3.0836819822646361899 -8.4173827518432950967 -0.94492530302998789526 0.0050720676260379814193 -0.32724676594845636401 0.26575807897394770896 0.59547061206725460103 -0.75814734295151087196 0.19102045742235204684 -0.80336107964860892228 -0.56402319150171476014
-3.5980879602140665163 0.64166010022073083352 7.8517074240200024349 -0.99427573310664663087 0.0047184069359507046018 -0.10674035408843818296 0.10539611640567482509 0.20725650554190350183 -0.97259261747001712894 0.017533545036552505153 -0.97827525653389091342 -0.2065674157555038859
6.2490739966962687291 1.8950563629527505949 6.7319310695499785524 0.093627608629371000815 -0.0074993530452090772023 -0.99557904287208509597 -0.72116259497109891363 0.68890788285808912672 -0.073009866117300828425 0.68640977740471120772 0.7248101052272892808 0.059092544735333714379
6.3664725789543483714 1.8289060496094853292 2.1115537020337264984 0.012119464941452823617 0.0059755617650959743162 0.99990870144766230698 0.9752025363428985516 0.22092384714655011191 -0.013140276732404837512 -0.22098219765443588569 0.97527275488610098986 -0.0031499041693583596131
6.6804232692772780311 0.79813084825614477591 -9.0625831594934176394 -0.96690172622232717359 0.0054149794892596331275 0.2550916106532599148 -0.039120537591621436235 0.98480709916687203531 -0.16918794569658518467 -0.25213217836504525637 -0.17356743769377064313 -0.95199984727167807907
-0.75996878547824397998 7.3848898868462589107 -4.0876345213745919338 -0.80059261135044823554 0.010234975849552846797 -0.59912162030801729973 0.49315742695648756566 -0.55668369229480474392 -0.66850506278591270704 -0.34036336889970553177 -0.83066149062193417318 0.44062939655565824815
7.7086184322257951251 -2.6307547836043818634 0.14421054343756514737 0.9032228194265992105 0.0018511289267303119091 -0.42916792959028055021 0.32477034360263817847 0.65076505133987949669 0.68631557746484206373 0.28055794835141806276 -0.75927690685054216591 0.58718465267766906113
8.0520887614177336644 -8.1852627136106637096 2.9054298248711147856 -0.31534424595679388936 0.0034942594242922185403 0.94897091456657189923 -0.94668021896544274352 -0.070694988228816396658 -0.31432273487457240702 0.065989162456290925696 -0.99749185900941361727 0.025601204032656275922
-7.1360572815953746684 4.1669217089889736272 -3.3705029992783317461 -0.96551531881157881543 -0.0019896615195985883212 0.2603386455893973439 0.25326527049345104459 -0.23881089771243999009 0.93745722990217661419 0.060306483085822169821 0.97106405369612736056 0.23107949220356338582
-5.096344536709577433 -7.0821773527056892661 8.0329593033327348905 0.27735451528295490542 0.0087113468415546627815 -0.96072815368778163858 -0.90432213349221080012 -0.33533085637134363299 -0.26411114259213991362 -0.32446255828401387999 0.94206015158357436778 -0.085127663367096234603
0.61291814976450753605 6.5408827699644964682 -9.0707834770040012273 0.96907054317681362576 -0.0073070670087609472521 0.24667567597738176977 0.24051893875633076347 -0.19583017731872115474 -0.9506845858385259973 0.055253257339992395414 0.98061059979138875953 -0.18801576830225294468
3.6487346783109315673 1.8798323700743748699 -8.7197413354285302489 0.79650945284486063258 0.010260518946736154472 0.60453900889828626752 -0.030650883389925477618 -0.9978851999253895988 0.057320599413297312896 0.60384866885357357802 -0.064186053941889503749 -0.79451050062490058412
2.8648222911284904058 4.4306676470607033735 -5.2782436222441200258 -0.11976683519629682806 -0.0082368417391057678623 -0.99276787801844823544 -0.94195392524623389185 -0.31497420189166869253 0.11624996712306077951 -0.31365380262384112697 0.94906449021172056835 0.029964737921421059214
-1.0210308551977851366 3.8961735633649579036 6.8845255276000543176 -0.36062907716184650075 0.0078790684068601301443 0.93267603645986651983 -0.87534229165021859576 -0.34814169991612364807 -0.33551934255470566848 0.32205984095216921848 -0.93740880999740405777 0.13244690175745257865
1.437412686967691311 -7.2443710461252477373 -0.075884603795829133621 0.69537097017014493083 -0.011304392312181521865 0.71856205338075296307 0.43508329364169678888 0.80243237345417095518 -0.4084174501980857297 -0.57198054288452471194 0.59663598344957602393 0.56290653026465908848
8.6073398850956746031 3.0284364505095044962 -2.1051912026139674161 0.1734095833154423727 -0.0070175247399006145457 -0.9848247919102376402 0.71389275568666066274 0.68975886172961953235 0.12078843505566262684 0.67844399163988533541 -0.72400515675754095746 0.12462055687526110703
3.2691538026092406 8.6067430998953966537 -2.326390048129938215 0.72000269039737474497 -0.00065742389897663962729 0.69397096020945014949 -0.16439966380584433714 -0.97169593586590596868 0.16964598068269326481 0.67421723232264518799 -0.23623415505615169563 -0.69973176833968742105
4.8982484032464430612 -5.9086440475880159795 7.6406313192650365806 0.90356805498507419827 -0.010323353490353754519 0.42832020543451199135 0.15683678948867349479 0.93829041360588272269 -0.30824230922792783538 -0.39870664839390923539 0.34569426970667171961 0.8494283256510222202
-6.1189709096425159984 1.66066484649597923 -5.1380385742175196384 -0.89996832424564365827 0.0012355031815348676422 0.43595353982513546098 0.1645506550201681073 -0.92506418208935647929 0.34231468117450003508 0.40370793562500389973 0.37980881051798542902 0.83232515891709657474
-5.1424188834913753254 6.6664209390858033544 5.3021606179117171109 -0.16107609066561651145 0.0064570311775400245774 0.98692086803564782471 -0.43023185792171758646 0.89950475034550481102 -0.076103564534684906007 -0.88823141210217471109 -0.43686326333756669849 -0.14211068820062761064
-8.2875103318623253301 2.717004937781013485 4.5942968750878412365 0.30931199419984378718 -0.0052063326984940873701 0.95094636249578423648 0.43933018883640734265 0.88765642900612495847 -0.1380400276049913999 -0.84339496999988794457 0.46047688122645985542 0.27685007934780181404
-7.1231680514568287421 -5.9631598650264550088 -8.9962302040149690896 0.85554573542295608846 0.01333778464416053057 -0.51755540582678227768 0.41819613274949646309 -0.6071278245059413825 0.67565360893291681599 -0.30521056527074230669 -0.79449223294607995705 -0.52500343107017388711
-3.501166759717196264 -8.2246748647850989045 3.193226103610722344 -0.36722796240176863725 0.00036915959737819983855 -0.93013089796610659565 0.5443687104810797095 -0.81076012421529519703 -0.21524573870626284577 -0.75419250240187307721 -0.58537841154532865851 0.29753282947833825656
-7.072579660020615222 -6.0165227025586984766 4.1145386692851424471 0.42735642135190793356 -0.0048054035947407347171 0.9040704603212935675 -0.89933376243097817859 -0.10462563684549761045 0.42456125572953173908 0.092548759479803649475 -0.9945000674767139337 -0.049034099438649128566
5.9692703135359828082 -7.1319151444212725011 -2.148466817881408808 -0.99054602785898504536 -0.0088137462158215280905 -0.13689735048579224075 0.071095676816124789288 0.82047138869849289833 -0.56724959679612207974 0.1173199532493411773 -0.57161964469823745016 -0.81208805579480214387
-0.44955222829625135494 -0.1945931376157440662 -8.4094271664078519279 0.68334062315122034992 0.0017400708980061497209 0.73009764066505744573 -0.62115195239034548536 -0.52413998742071488124 0.58262125401365705279 0.38368717048277001247 -0.85163034571346019064 -0.35708529718680592779
-3.7642579893287502202 -7.1117966700731560792 -7.138050423173214476 0.86526008802629428285 -0.0039805070379968828659 -0.5013074262688482774 -0.2322689282001980382 0.88298441511698855244 -0.40790889626591320116 0.44427032881024930422 0.46938542608800365441 0.76308662464664511749
7.9687455895142287332 5.2204885827758493733 0.48084916854746223569 0.25349095977663904655 -0.00077096098700372116264 0.96733744832424406468 0.9503072304233655121 -0.18662001220256169143 -0.24917692278861081068 0.18071663209672034212 0.98243186871378229696 -0.046573836206525567882
-5.3420408286599787573 5.0738677004035119822 -7.3110912745122984546 0.61069096421981372558 -0.0037296591017358360874 0.79186023758187729094 -0.69545196529202035762 0.47568660742967244781 0.53858037049593243673 -0.37868603115459104069 -0.87960692423110908855 0.287903714205466843
-7.4930685716585827549 3.9899875527862280755 -4.3913419849218415791 0.96836525264150197234 -0.0099397088115099185152 -0.24933900550361395854 0.2484130260519788469 -0.056333990007067895334 0.96701471036255637337 -0.023658105681974059276 -0.9983625011781502856 -0.052082725321477951752
-7.908455265677329038 7.4187476747725282777 8.064993275308097509 0.58178135175668554968 -0.0046878829932015843307 0.81333171738298448705 0.1913055640475149477 0.97271754139356636504 -0.13123553569776630345 -0.79052681163403115683 0.23194527030830786041 0.5668057442095145726
2.4706137387693369867 7.594986647907165711 -2.4479849477840214256 -0.48527638241865517221 -0.0090810542350626029251 -0.87431365488628731697 0.51363379136753106735 -0.81218539824617619338 -0.27664997242193961613 -0.70759251058219008179 -0.58332873521677020001 0.39879872823057838094
0.98040696620019629481 -4.9400928721492709528 -1.7197742082832310206 0.69013424221506036726 -0.0049271062334693711132 -0.72366459865505394777 -0.42631319053276328646 0.80528101416823283376 -0.4120431431265156319 0.58478354226152451378 0.59287284626978398183 0.55365151210479690569
-6.6745744792543302282 -1.2913911426979798325 1.4650370526890543754 0.23425774658455927879 0.0050516981885767777566 0.9721614004426275546 -0.65675937499287861954 0.73812008105474069541 0.15442107790883322083 -0.71679176301355629342 -0.67465044748280889042 0.17622809704180325552
-6.3863919064317551388 7.7126939727673642366 8.6895018557928604963 -0.064982544426293406548 -0.0002354949097560215393 -0.99788637302156280029 -0.28083136647161477395 0.95958716739435012677 0.018061333776908942289 0.9575547047170055448 0.28141146514338571949 -0.062422550093252829329
-6.5387860526824166385 -0.29769225979376234825 -7.8168054219528242399 -0.27461208828141647764 0.0065789774213779869325 -0.9615325881246977735 0.94439818569111944058 -0.1862124087897320257 -0.27099263029973585937 -0.18083215376052030887 -0.98248748382315731487 0.044923004101146316036
-0.45033305989883304354 -8.4731270809708032488 -5.1324582698132177327 -0.55941290034146451404 -0.0039616551255136113474 -0.82887967294433950727 0.67608563607974958565 0.57635448178966952604 -0.45904653795384398052 0.4795470984356404176 -0.81719019610478405014 -0.3197417141570568222
6.4792808651135374021 -3.5572000202297724414 -5.0971201925047546766 0.6113943692524249629 0.00077411791864711286277 -0.79132567631033368105 0.044282416469763927203 -0.99846601663703427043 0.03323674491951065374 -0.79008606672828096684 -0.05536257185761066929 -0.61049078027380287992
2.1158578535382854824 0.94370440774703845399 8.296055155475928089 -0.28652561179101826427 0.0020895836119009655527 0.95807030401127046826 -0.64856949164791466433 0.73560204739788359607 -0.19556902200393486146 -0.70516713500501604361 -0.67741070371246570048 -0.2094135864844848538
-1.5950045802918617621 -7.4993012872195876639 0.13531991872808343813 0.9697693888157518094 -0.0018125250644754828389 -0.24401648974844264428 0.067320611428455939818 0.96315336091432346421 0.26039112626246585513 0.2345533367767872468 -0.26894668265695476084 0.93415866644524314655
-2.4390965635163164293 7.8876543963942555848 7.0585929199183450322 -0.99702393611222595027 0.00042854459744175524283 0.077091420850888214833 0.075070614591090725765 -0.2221262738974041917 0.97212361419166892773 0.017540628386058125521 0.97501781255208508359 0.22143304080881243134
2.2345365724247172601 -1.502002966831293751 8.1847164808747638887 0.87086511835761915012 0.0023603225470799679003 0.49151640308865840456 0.14929978392156478817 0.95147054703838274126 -0.26909732930503516002 -0.4682985374191525052 0.30773077030987833203 0.82825011491433619959
-3.4096018357271034027 6.5367119243234110826 -3.3461469630508804407 0.7655717106901784863 -0.001523773940753071765 0.64334876537040586175 0.10791265964317353632 -0.98552514180665184984 -0.13074805067654599045 0.63423561369524128484 0.16952248517498347269 -0.7543257342426161749
-1.6987985515148114057 6.2267818239840559968 -3.9193189550721965198 -0.98763638349054616583 -0.019357532151471845694 -0.15556239890937539894 0.14243229959319503308 -0.52530406229085191416 -0.83890922165230907837 -0.065478347856602336918 -0.85069437995662722241 0.5215665421324799933
-6.1467616631741215372 3.0964452433159435074 -1.9228030012487620226 0.3491482755003848526 -0.0083366799409463343551 -0.93703040584754615505 -0.81114106383652528898 0.49799899611855308335 -0.3066711176864762578 0.4691968203999197784 0.86713753213250099883 0.16711326725952022065
