1125 17.292696884352682929 17.968806560800352656 18.477561601407678893
8.2797255390211965675 5.3150522251583023348 -3.4676159124793324295 0.31210816848387751277 0.012036304018506280983 -0.94997032508981493759 0.22693536069193098736 -0.97191872660266320771 0.062244123793647521126 -0.92254475947437530881 -0.23500875784714508887 -0.30607523666888875047
1.0905889304435316678 -0.16596329726119252168 1.7121062641617827982 0.67689860157598236157 -0.0031923282790770508843 0.73606935286341712565 -0.71765355869373459452 0.21946458041834887576 0.66091502300657734015 -0.16365100940308918709 -0.97561524536153954035 0.14626428183068695965
-4.3059006582995840162 7.9958822122367569918 4.8807377710125940951 0.96034589543598058992 -0.0066289637072077019914 -0.27873252045554558487 -0.19949359977896174989 0.68206288641767753855 -0.70355705001002832866 0.19477696159083138228 0.73126347906343203142 0.65369385756790721054
-8.4610166116491001276 2.2500607011010385072 -6.1657899553454118546 0.59035632455490938408 -0.012915735317293829468 -0.80703940042571853386 -0.66715069334170151727 0.55497045791867449793 -0.49690818388458690702 0.45430096019273930041 0.83176978462715267515 0.31901357800154789279
-5.261123073804405692 4.2807698904019693131 -8.1748554089207505768 -0.99988338321505410011 0.0066298958767932909819 -0.013757341717937960138 -0.012423943194950756719 0.1707144992466016753 0.98524220645643612038 0.0088806309444466220715 0.98529823110960945698 -0.1706122216208443565
-6.2579998041305859857 6.5647033785688408969 -4.1305220732019982677 0.54148698772176528937 0.00060868920445447064621 0.8407089101616204152 -0.83382398832112725184 0.12810840658403069292 0.53695976819756718879 -0.10737503726780994739 -0.9917599838971113968 0.069876574843119626523
-4.7281447184540139617 0.87645465570445557635 -6.5526133354526461261 -0.59773425170879213031 0.0050641908479675083743 -0.80167831348064866326 0.71556435226473713573 0.4542797286808551438 -0.53065769181026178902 0.3614988549112551075 -0.89084470143837712897 -0.27516230813349923379
-3.61999326938749455 -3.7160102136580075438 3.0227247727081172357 0.87022836583229268292 0.001245917049745495081 0.49264697197051626754 -0.032121544493490028493 -0.99772541363470346187 0.059263862233191993978 0.49160024174134259178 -0.06739767561387251249 -0.86820893547674293789
7.3540383121038068737 -3.7263464805063586383 5.6064818401226412803 -0.71502762008505382774 0.0043520338565966546623 0.69908265771424693558 0.57338043633855995118 0.57575403089639443088 0.58287406112366380029 -0.39996297046062057046 0.81761137205159939434 -0.41417540553789422564
3.6914132761642015623 -5.710035711508618661 0.62282878640837313622 -0.97008525833655023796 -0.0046323396768879268603 0.24272027724801714665 -0.025685197712468212788 -0.99224756984514494995 -0.12159371182344246021 0.24140186862714932414 -0.12419058565635861247 0.96244575756655181831
-2.0910880764487482786 4.4895622794275569234 6.7448730488452106613 -0.77359285734661853429 -0.0066503749564196879343 -0.63364805971092263981 0.44013619136843074031 0.71374800839769236838 -0.54483384031821957549 0.45588838997072156367 -0.70037101098013088141 -0.54922329053740626126
-4.1618760010476876232 5.7257182546769955778 -0.1041719959123467848 -0.9987768719348667501 0.0024021299511942347318 -0.049386130232354767677 -0.032940986479162187583 -0.7772005447777917686 0.62839016908840572562 -0.036873452474783734167 0.62924839528519904697 0.77632905750952552193
4.233399997918711577 1.2250163366675499432 0.96455587821504007451 -0.80681751391975586873 0.0032391936792408597585 0.59079184731754719184 0.1994466412675932887 -0.93978685151142882237 0.27752785628432485865 0.55611737656688209341 0.34174578468656241492 0.75759044485109172662
-3.3539302785347686608 4.3929644257322584266 -6.1148330432589714789 0.076230933710580081608 0.0078390726442329229651 0.99705937319994997203 0.99101912116721990742 0.10958484151369481119 -0.076630698751424128345 -0.10986330700616264711 0.99394653349697814626 0.00058508390626895064035
4.9099235741996167803 3.3045558465994915309 0.24765220371292531731 -0.87959985895556325186 0.00059973460319996804366 0.47571391449447897326 -0.31701256865836269228 0.74486131082264839254 -0.58709850872963231794 -0.35469299321820474402 -0.66721905545179938102 -0.65498978053382006514
-6.4019762485396443097 5.3652432793012927448 3.6260767291138513713 -0.99921080660203653867 -0.014177403588285302297 0.037104786712555903883 0.035231347359146306109 -0.74774112011224747043 0.66305502747233846517 0.018344376052362328794 0.66383900045151700287 0.74765049678748696227
-3.6130389850160096188 2.0967963352579057634 -1.5715633782858331458 -0.28205442496688470921 -0.0057519738847867782003 0.95938116312177601497 0.83870520165669293355 -0.48703724900556760735 0.2436561158572808361 0.46585285881941806974 0.87336225752954788071 0.14219522162267603238
5.6153413940022547379 8.7754915759430893729 -4.5057122647285927641 -0.78388287526711619702 -0.0041477682195168339915 -0.62089486540148786098 0.5734160827555033757 0.378727255857022993 -0.72647068881573084731 0.23816304058484474848 -0.92549903386747700562 -0.29449941325853906671
-7.6456991311971531644 -4.715999475510820993 8.0329969477496234731 -0.99590180428058194817 0.0049090957022768569318 0.090307790416091174301 -0.08902989398589858383 0.12249338405998008716 -0.98846803126751647817 -0.01591459101906816942 -0.99245718882010425244 -0.12155432592786717672
0.52321900329161363796 6.5618394214708777312 4.3622398101271802062 -0.81733794368186862833 -0.0057410953136297158267 0.57612995551564905039 -0.49477473010668682196 -0.50537962821432302896 -0.70695784728230781635 0.29522305510561308584 -0.86287801641410888376 0.41022539721910211696
4.9314993824244934828 -6.9956719300901291092 -8.0827607389549882555 0.3349313643444921107 0.0043736749504881353851 -0.94223237693545369709 -0.33740892173916126051 -0.93311977237679022412 -0.12426870052495242458 -0.87975917199484465758 0.35953909574170417329 -0.31105536151002782796
-5.4481565455958680388 1.0653287809291438482 -0.58426362787752716965 0.7952682487871900463 0.01136815435901460461 0.60615111773993834987 -0.22829303295496183868 -0.92061351623305232028 0.31678548709411236128 0.56163217818710808871 -0.39030951666038748993 -0.72953942842680197245
-7.0122513422138981198 8.6354956629475552177 6.3285741120188712117 0.89629024731973572226 0.0032426222452905709669 0.44345606091326633669 -0.17169935716238984846 0.92451931672986231714 0.34026954571842610298 -0.40888032883676750373 -0.38112139587596194357 0.82919440319877713019
-6.9050691487088551312 -5.7255259755588641113 -9.2151763617684299135 -0.68414977060245574236 -0.0028030268865533295754 0.72933616009694546278 0.64561897550463409612 -0.46751951048830647784 0.60382252838187355781 0.33928635376806293156 0.88397830875718119703 0.32166305319951493669
4.9446474387198735556 -3.511311763363569316 4.6088095115959557546 -0.63781005271489166208 0.005788953726277750074 -0.7701719448737007756 -0.61497682775650064357 0.59818933091507109356 0.51378305314775407631 0.46368290671370765432 0.80133389569785939965 -0.37797109628585667807
-8.5707608651543427669 -6.9883240712333458688 -1.4251085323135508354 0.53494386167762697504 -0.010243343703433676131 0.84482550787906574019 -0.60125716270278095621 0.69787562959474269686 0.38917788980970696722 -0.59356961609590697115 -0.71614571110056579606 0.36716540049453461059
-8.4348907796544310145 -7.0925701373400480421 3.530421074968530526 0.30341103238194977454 2.1288934317161348209e-05 0.95285977193691007159 0.013877595786260514543 0.99989383811700904836 -0.0044412645632040028548 -0.95275870909895898908 0.014570931421926032814 0.30337852625617872659
-7.8217458840689761956 7.698372162930154694 1.7282792352191056473 -0.60676731832157848601 -0.0039650815147233347754 -0.79486961166320002636 0.73908245620432433398 -0.37086372987439247817 -0.56233194537962061244 -0.29255861694350648872 -0.92867883145470764283 0.22795851302364023017
4.7537724909787009153 -2.3368236464822764731 4.6155272562017399807 0.99996298354876822501 0.002006015815125000365 -0.0083670444095335985701 0.0070711409781922113238 0.36243635039609473081 0.93198170093430332539 0.0049020910708858604632 -0.93200636683016735429 0.3624087494680681143
-2.2218286540744101032 -4.0949322485061925292 2.1876936064546286254 -0.71301454840374911548 -0.0025033852081773654355 -0.70114476880836285044 0.018073298362748704132 -0.99972697539063459793 -0.014809813051275159262 -0.70091626436473897233 -0.023231610766892583919 0.71286512231290932728
3.3542677866379451146 -7.1349634281943634662 6.6057611925688481946 -0.9772103770368761877 -0.0036513653560079984209 -0.21224171725248863751 0.070945856246199784367 0.9367377734705636394 -0.34276672714109279738 0.20006640020930574475 -0.35001287302688277592 -0.91513082355632813236
5.4474257204042428882 6.2169001026406007782 7.6643308125416265142 -0.9790168554556372138 -0.0068959234830510279801 0.20366257136011162165 0.15076190563507288478 0.64789856500183429233 0.74665808592551186074 -0.13710158475731870631 0.7616954087481064839 -0.63326397319677141251
-3.4536724607647073526 4.4984123460595339949 1.6318169176074106552 -0.91643632201075853061 0.0049750924981465764751 0.40014961721044634002 -0.22578459900927558279 0.81914152702767040193 -0.52728405394865107692 -0.330402455422775021 -0.57356987992135732846 -0.74956774897090361343
-1.7959111771162374893 -0.28575513556330911502 8.7595744804035806652 -0.61644563060727020076 -0.01904371310507895626 0.78716714965523704173 -0.57850259514968993546 -0.667237642670711395 -0.46917872459055431911 0.53416245835003262066 -0.74460141363971743544 0.40029889194839846089
0.11939608004627971782 7.7099428140362578077 -8.618314850352765788 0.81863617342328631743 0.0051440926453905711294 0.57428943388594910768 0.56522511933924324268 -0.18439755041966399141 -0.80406349740954163874 0.10176138771695782126 0.98283827851258165342 -0.15386207544344782105
5.5671734523040043996 -6.9456125433166375771 0.20855108037763070428 0.45187180194881071404 0.0065547347869347443589 0.89205880414669869172 0.25805846569745188868 -0.95818025062061429331 -0.12367875970620544057 0.85394244705676813911 0.28609027032125544654 -0.43466614124171260025
2.2826203470308765731 7.6626271720793566189 -3.9466233407263637822 -0.035946686377145903313 -0.0059533639580479800688 0.99933597613444091756 -0.91568666302145407254 0.4007300867034808145 -0.030550495498503742187 -0.40028211414356090758 -0.91617681430401698428 -0.019856334725047459361
6.0639591997068951201 -8.1591240189158558138 -0.71536174229297577742 -0.12644955630438373118 -0.0019380216568955560205 -0.99197114564001220849 0.60947355793576374339 0.78883723201443445294 -0.079232591557885589939 0.7826573272431585071 -0.61459910955024832369 -0.098566945030019365026
2.3028705093721035801 -6.8188671719874331956 2.4539284262828080507 -0.77733299651966258903 0.0033199932262591050174 -0.62908059115419301399 0.18615660228924732489 -0.95398721504997574527 -0.23506193427440341681 -0.60091524522676487141 -0.2998289031527022197 0.740947701857781027
-7.540085731995678664 6.773620197859860248 -1.9117010324495460338 -0.55250085487897782066 -0.00063999112519681940203 0.83351208495704520729 -0.78128841738165333286 -0.34800546350095684645 -0.5181511422725610938 0.29039837159160486468 -0.93749228678680118776 0.19177329843352694527
3.5295262897787749168 -2.5852932386638896034 -1.2638408992929361929 0.86549740392281604429 0.0091267798293306681701 0.50083025636706290928 0.4625888505021273911 0.36899416937250784088 -0.80613575678093729593 -0.19216086800920328947 0.92938689729255474781 0.31514154906436459003
8.3541632981324287499 2.2624453595149449647 -3.7097209351721600612 0.85380287734585291748 -0.0051750276259570609366 -0.5205707115512904215 0.50071926820748169362 0.28183789050549656885 0.81844218972465176964 0.14248109026049862735 -0.95944808226618594205 0.24322523790449365744
-2.5713407977973194996 7.7869328787557252625 -1.2055934896294981939 0.56529095470514467703 0.0048435924040693490236 -0.82487737036560493387 0.82368922131293154099 -0.057286583950772858309 0.56414033182536593714 -0.044521940900587031464 -0.99834602564037711048 -0.036373202588870175156
-1.1561202392171454623 -2.5240156901322836625 -7.1662243091631969705 -0.5575515544965391479 -0.00018923830680022801082 0.8301422939876360596 0.6811242755088972034 -0.57176375169575299751 0.45733569023132752962 0.47455872702012935616 0.8204182935769058771 0.31891666336732510389
3.903211822414839105 4.3940223936574156482 -8.3179458292060353131 0.56605252214401813315 0.00055844393343280201991 -0.82436898917571821421 -0.52486977398291034813 0.77136166438415176838 -0.35987901172127217952 0.63568566330649300955 0.63639678727882942333 0.43692432595096264425
2.021117846409604013 8.9329221599289674316 7.3716078268057545486 -0.80659952979764693026 -0.0070384164945039131081 0.59105639259165643207 0.084067751649788122204 0.98839849717498273751 0.12649515371945743714 -0.58508957575988163047 0.1517197135351692483 -0.79665005922411591399
2.1582316194063371206 -5.9441041595919932305 -4.3934165439355972183 0.91985846949369609593 -0.001516955654401672994 0.3922474919570963503 0.066502440256128766971 0.9861189253434345936 -0.15214102181784061596 -0.38657188405395770392 0.1660336228759485 0.9071907266576422213
-3.2858642980365022623 5.4632317333102191625 -8.5145431485465774557 0.4007134134892457733 2.6966870234393022776e-05 0.916203448761693795 0.084765592873904699323 0.99570989189299963229 -0.037102634019075354799 -0.91227383746036461165 0.092530051654830011709 0.39899202376267539627
-6.5761041431621611864 8.9151386292401433309 -2.4633372590058346674 -0.32437135244094433828 0.0029253865484420221374 -0.94592529717159368197 0.48347550049450366272 0.86002309867818116373 -0.16313096015602857047 0.81304038407520984322 -0.51024671665128129572 -0.28038120837436630861
-8.1868153816325488492 1.1281556811571369359 -5.6970174386078840101 -0.69449584292328969681 -0.00057811035710027183082 0.71949648362604756713 -0.70810947357077402842 0.17775768520560758512 -0.68336167494918564902 -0.12750097098119372863 -0.98407411872208938597 -0.12386133884375466474
-3.3729084835051268421 -8.0010608253432504711 -5.0200687560235328633 0.89762285883224790517 -0.0064481948568907258845 -0.44071717017263134508 0.19194966942954061473 -0.89437708516349712085 0.40403583249566482616 -0.39677263981747362687 -0.44726731416191639612 -0.80157558718723920244
1.8128068190467649945 2.0241860503064508237 -2.4196550307038888761 -0.17901008673537643912 0.00014473926192218593712 -0.98384722792595602492 -0.77001913922621878505 0.6224272273762347929 0.14019583390896545039 0.61239359408161375686 0.78267766396579174781 -0.11130929995724038462
-1.886060361043995437 -5.6222446308636335743 -3.7233015824645483427 0.9161075576482440308 0.011900795946093573746 0.40075592806047594108 -0.20577678383678665863 -0.8439072812962424841 0.49545576574412841797 0.34409716368132203801 -0.53635703745849006019 -0.7706609308351212162
-7.3406935669626287577 -3.7487635834441945804 -2.5546568968345750861 0.79325692529885272197 -0.0098737685626633878849 -0.60880699664170268015 -0.26532885482602008853 -0.90554978295742882821 -0.33102898571332195488 -0.54803654007929769598 0.42412509862064473598 -0.7209534322393637007
-1.7453078364420195889 7.8045817871841416391 0.51449370822191375918 0.27950173026572716628 -0.0046195168587711719563 -0.96013407545113149677 0.92804328979242023401 0.25771637147693154946 0.26891992143327658749 0.24619998994614941679 -0.96620956936733504161 0.076319283368709717186
2.5365212188705967833 -0.19206942050265402022 8.1057658042349398642 -0.82409277491522436865 -0.0077188548752726406435 0.5664022577745665421 -0.33413020358702821833 0.81405298439055917559 -0.47505236096159875192 -0.45741458807451829127 -0.58073932007720896475 -0.67343428538523653071
4.4661102141405848442 -3.446203777589096795 -5.4498461253849592723 0.9684324977116065547 -0.0005148171569051666896 -0.2492754146308187313 -0.056375366533393339585 0.97363658568368716129 -0.22102854355650053408 0.24281745288239467429 0.22810421736950847738 0.94287228753099994183
5.5329842791311962813 -8.0415633996204594069 5.4750494392768631613 -0.95112571370586418418 0.0086454639291349225788 0.30868289988414537861 -0.097615214993059751247 0.93993412439816759196 -0.32710107244353220368 -0.29296953174234097173 -0.34124638861844175386 -0.89315158608474898294
-5.7570453113559860725 -4.6424106445555821665 0.80624209174701377822 0.89499383841716939614 -0.00027093397859487104717 -0.44607841887948940229 -0.072373950269545128666 -0.98683853897420104051 -0.1446088147989861572 -0.44016819571342280515 0.16170845553007170969 -0.88323402045671817184
7.3992678999844239129 -4.8015541807047634748 7.7105001312383700807 0.79105051540480031402 -0.0013042156567046911224 -0.61174944307225520568 -0.5709131086343568473 0.35766710393303152715 -0.73900775716754585343 0.21976647712366531584 0.93384824344525629858 0.28218815309477934816
-2.1113340526172734712 2.9362849632812002554 5.4593194280367640658 0.36877864386875491842 -0.0042779883411326533049 -0.92950740214505411796 0.65719580940168742522 -0.70597688088412824392 0.26398922660174817256 -0.65734007935881877405 -0.70822195847976943117 -0.25753772072469766075
-5.6763360558166491288 8.7649722786194512736 3.1301464401899985468 0.99905577108285303911 -0.0041683312156434709078 -0.0432457082368796486 -0.04337573869257625031 -0.15233578749747261893 -0.98737650019649347843 -0.0024721567326746636539 0.98832000529291030855 -0.15237275208748782274
2.4013097130049692041 4.3885429433327631799 8.2124030029443986223 0.77711407877371962982 0.0025200670626303323107 0.62935471542943777212 0.61717092318827082575 0.19280154103756336204 -0.7628418036162267768 -0.12326297149732713676 0.98123453620206491088 0.14827347983410230081
-8.5848621891254559557 -8.3634420582461892479 8.4188956061188751079 0.99574061179926975917 -0.0056939821360426912111 -0.092022891612498033953 -0.0052212335778227579944 0.99300702395598405836 -0.11793976892442856186 0.092050924673252126906 0.11791789067596084029 0.98874769194433431707
-4.7403231734506938722 6.618145426429062006 -5.1715550319426517589 -0.20623021285124004676 0.0025584803001630577329 0.97850015507711662899 0.9691837370808212837 0.13822275087001728577 0.20390525966687436665 -0.13472929557143303869 0.99039786213434322093 -0.030985344831298711893
3.6989005947428466037 6.5439155800878348046 -6.5052063542102747107 0.36032096478274278084 -0.0042727080040329389748 0.93281860310803510483 0.41650635267529206862 0.89551196528827869958 -0.15678258259975610955 -0.83468033433102883922 0.44501692551164984124 0.32445134533391434273
2.5464308819617311741 -4.4235584854430314294 1.8970494400503694621 0.013715869378543679366 -0.010438433085874391365 0.99985144598679454031 -0.44643307436035006841 0.89468338311721762324 0.015464607691359814889 -0.89471190058268390555 -0.44657886547489006324 0.0076112986440237942118
-0.6241657579392653199 -7.9319204591894809653 -5.1934556396454638616 0.78941865221493368043 -0.010258460325411567979 0.6137694644792013321 -0.06820261688013282142 0.9922041013232574258 0.10430447913788587488 -0.61005458328415851366 -0.12420058497963044897 0.78256477054936401938
6.3914150199937225239 -1.1539345148795581153 -3.4966506610675764932 0.90171723997186481458 -0.0013589626115076177803 -0.43232415194833367922 0.16626726465759247842 -0.92199391404829278418 0.34968903208525148329 -0.39907545131284377637 -0.3872019830503471427 -0.83115185645045730478
5.3775182053795962389 1.8495863114764219404 -7.2945106770359942061 -0.15736454352002629542 -0.00070911810030101956118 -0.98754032707219618903 -0.97786031293238806494 0.13978545534617950463 0.15572165830453851831 0.13793334924599565117 0.9901815609396629192 -0.022690692818725287372
-7.7975644382473037197 -3.5801168773494018716 3.1674177851567688613 -0.79688181348046149832 -0.0023488276940239723525 -0.60413066331123321806 -0.44190144499579181447 0.68414419267320181195 0.5802325710803982739 0.41194961858826911749 0.72934299656623868824 -0.54622001529148533905
1.3144498333354808217 -1.0535955857033012517 3.1424675830380555119 0.3770548356489373254 0.0094680148123720483944 0.92614254173374777057 0.10525121613017111855 -0.99390823404587258505 -0.032689505938340829294 0.92019119340309007971 0.10980336511639307573 -0.37575442591170743478
3.6169317451599818369 8.8777595042175239115 3.8259665577990094043 -0.58110396888901039159 0.0012834654689506631506 -0.81382831731114868568 -0.19784406399812620725 0.9697765730275325069 0.14279749559291624039 0.78941491224950721683 0.24399129313008927067 -0.56328708949761030489
8.1031047028027796131 4.1369234021583940475 7.0982631694245812426 0.46073028585989805883 -0.0027871564537874891909 0.88753582206626413509 0.63081138635963940331 0.70447844361924072398 -0.32524931562590764234 -0.62434333385636908709 0.70971991252523547455 0.32633272473743496489
8.4373721686231775152 6.7813285990585328022 -7.0167461908563577566 0.34045239807454036329 -0.0024479831168929102117 -0.9402585665784473079 -0.78865692784881158417 0.54375111376663209928 -0.28697556765936427237 0.51196915415007071548 0.83924295269974591438 0.18319075179313260016
-6.6405194071735174077 -5.7239793315048643763 -4.2336596935368042693 -0.93463941691584839777 0.00045903328973265992291 -0.35559661083247018354 -0.35557403707615342636 -0.012547710892199205254 0.93456388711999927033 -0.0040329275314970047805 0.99992116901273897511 0.011890805511986160883
0.46071629371459610347 6.5787623864933859608 -7.8004720724297911261 -0.67744999455213883444 0.007059827648311338931 -0.73553495070900321018 -0.26847993960804084068 0.92859285499985588785 0.25619100622628798725 0.68482116418027338955 0.37103297491835995903 -0.62717980246039217729
-0.040145599374255526437 -7.983580090477049751 8.1684829016633173637 0.99338537566520279665 0.012303662416355493417 0.11416704999944242427 -0.0093023290822951132384 0.99959794529413614761 -0.026784593285516619665 -0.11445069719346506742 0.025545403793597667996 0.99310043311702556057
-1.1564895533246801751 8.8518814598459396592 -2.8403370372720355697 0.97443617132206283848 0.0016370543552611548956 -0.22465855886779312334 -0.092612803704563415041 -0.90812996914470511811 -0.40831706764612479832 -0.20468760736668517586 0.41868517909530256205 -0.88476307800245679314
2.4026358231068329907 5.530869361377759752 7.9834067782451993978 -0.99299958801365906247 -0.0098292435914101184552 -0.11770813130335106012 -0.11236074058540612697 -0.22871521360285038127 0.96698728794205657255 -0.036426393996841298362 0.97344375134728899912 0.22600969179063262748
-3.0813836147638724583 -0.27622964957732148994 8.4378037713567799472 0.65086892937662210734 -0.0021284708161807908491 -0.75918713528621195596 0.47671632029416044496 -0.77712298518134836911 0.41087883356084242692 -0.59085631649099334961 -0.62934516405157936436 -0.5047905285836270517
3.513769625252438189 2.0890764343219698773 -5.1786861472463172618 -0.66680011753064072355 0.0073477530273700387975 0.74520038498816720818 -0.57563222654820778157 0.63000863919511984612 -0.52128366011102356126 -0.473312944065684027 -0.77655336266412922086 -0.41586023122538462449
-7.5853092557891814707 2.1923740435368723745 3.0788663997943275241 0.68451833383723181825 0.0021215581356031024823 -0.72899255800849360742 0.50091103654371937903 0.72516743143632023116 0.47246198773301578688 0.52964401640117120262 -0.68856931050924319315 0.49532769003493964943
7.0541181311836060885 -4.8746940058859173917 6.3530735972488994179 0.78028346680440185956 -0.012900958488690104572 -0.62529295270435669707 -0.56080068259644999529 -0.45703775646541167088 -0.69037604503914418164 -0.27687597553896747815 0.8893537285212487209 -0.36385387140204550338
0.026933463294765959406 2.1229097628106341489 1.9067227071572836472 -0.39847504780673048685 0.0013219079321216409273 -0.9171782208681189541 0.083240719253166589597 -0.99581988157545697771 -0.037599815390096047452 -0.91339401078266968526 -0.091329163023257525778 0.39669933835060150473
4.75269752693884584 0.49497561733784745108 -6.965214321955942367 0.076638002755435127855 0.0056620114602166119952 -0.99704290688003627263 -0.26122020903998210972 0.96516884929360258205 -0.014597764964843339824 0.96223210241731904624 0.26156650010858994992 0.075447644748752706878
-6.8348368406561936794 -6.8921719711417113174 -7.8365490117499456701 0.087944106881593472891 0.0024087220801024440686 -0.99612249855260004416 -0.98123755520988231726 0.17245343128121662368 -0.08621295891689170765 0.17157707979421815692 0.98501472684290625192 0.017529791557596718227
-0.15123336541310011816 -8.8263840016892363138 -4.1729306766712070953 0.99979327300946374546 -0.0059395328343073358623 0.019445647195428725218 0.012903760737374894013 -0.55375029353058624615 -0.83258279190348793986 0.015713185672157153894 0.83266159654735782958 -0.55355917608828497656
1.4370026280937089336 -5.9483706412652121998 -3.418483380124184734 -0.89480985282128799874 0.0056823615444486609907 -0.44641128800812113209 0.40395693533749582604 -0.41544345129355114699 -0.81500032709826752964 -0.19008977270364674217 -0.90960125854384110688 0.36944746415243190363
-0.77792546915505789151 7.7077310210698000148 5.0036668638132439924 -0.40458400574837538599 -0.0050001542289445193024 0.91448716817167474691 -0.64046271113986075196 0.71534670284216428371 -0.27943981529547068376 -0.65277813836871922959 -0.69875181086747650827 -0.29262024686834997578
-1.0367864689265804401 -2.3459632922262874111 4.615091231751077494 -0.71703916038490966844 -0.0092498612984800460818 0.69697150769624593991 -0.59274863029272040205 -0.51801750119814726769 -0.61669030293853188684 0.36674773858942238958 -0.85532000357667603563 0.3659559915088307358
1.1387994952910052149 -4.8801782986694952626 -3.2010282403935494955 -0.7822518934391510248 -0.000472691988184748349 -0.62296207892072819057 -0.62112193142078697683 -0.076216911280112958904 0.77999905688600557063 -0.047848944805027777971 0.99709114879094973283 0.059327223800180878266
3.676477686576926196 -1.2572473605902709792 -6.2978859333149133093 0.9607298672125631489 0.0043574847594430622666 -0.27745113907151619514 -0.26786519581064860418 0.27556067560552072182 -0.92320883386878338506 0.072431754906694081897 0.96127380406756868236 0.26590658979187420385
-5.6869578505815319147 4.4584262219240393677 0.23902754485286309416 0.5181897317758478172 0.0061672700046398690882 0.85524345461569994953 -0.16990851059467335094 0.98078497594772984236 0.095874548148494373456 -0.83821864683985425337 -0.19499434795883544003 0.50928057527712289332
8.055218102684916559 -1.2485912921640476281 -6.7635695035473535341 0.9098615947360038092 -0.002809864784508934836 -0.41490237777596700175 0.21601482662976986826 -0.8505559494935863718 0.47947072012489888593 -0.35424493376806476252 -0.52587705924577254901 -0.77328122016411260375
-3.1747083194890794999 5.5236190026068934245 -3.1585729601738430361 -0.99785701343776767036 -0.0039910034987533406226 -0.065310432740721222067 0.046108036651640642301 0.66532711716461201412 -0.74512675171539966001 0.046426605409152318926 -0.74654129092540855162 -0.66371731275713363729
-1.773650894630398156 -5.8341551028482294683 7.7128234431008637628 0.044779305872563367197 -0.00047373424550890830265 0.99899679145707687145 -0.93276415939873680294 -0.35807412251941100889 0.041640673906347756839 0.35769517288750757311 -0.93369304289888765958 -0.016476192982749111871
1.7837720700607051505 3.2756660527247287718 -7.6871220222997749261 -0.61579702477465603216 -0.0044863654034262576489 -0.78789205910718773662 0.76421147982005976917 -0.24678636775466930575 -0.59588363192975024596 -0.19176766773906092634 -0.96905952408286266664 0.15539884296219810822
8.334921385949176198 -1.1555383468039934769 4.4096011254384013256 -0.6462167001235549213 -0.0036388212246548385514 -0.76314529118721352585 -0.16976555563581122166 -0.97424700050990176159 0.14839958934291883064 -0.7440320104679077895 0.22545407731412842045 0.62895693526778795324
7.306460418204148155 1.4238932737490823666 6.9485033785888123958 0.93048032718221773685 0.0058508837366081263565 -0.36629513767750987441 0.014303711331744694418 -0.99969025119165366711 0.020366774767534012724 -0.36606251456393423815 -0.024190263160793513963 -0.93027580136162035807
6.8834393276904686232 2.0480403694436506434 -0.40966366841152013212 -0.44783083469327367165 0.013666595537556152501 0.89401385205373984366 0.61182063568816624777 0.73382505054012492351 0.29525633769011178087 -0.65201461121967985157 0.67920101543357969121 -0.33699099007185107091
6.3275558452298943379 0.97261709501862270155 8.7031228458373455226 -0.92076320189460048038 -0.010017172422335858528 0.38999331057562935943 -0.2818455664234499336 -0.67410930011025937958 -0.68274426265787191426 0.26973728463911406106 -0.73856367888055129978 0.61787174196098915147
-3.8190638335143791693 8.8901659637700802818 -2.9636062934027962434 -0.11917466710485721815 -0.0094383158250437686199 -0.99282844284141191782 -0.98118436551144483371 0.15410636054507229065 0.11631195344925385204 0.15190338902109681851 0.98800918408379068136 -0.027626302141016127745
4.1528778109522095363 -2.3862484983086229562 0.37599941968892569566 0.86381288598013528102 -0.0070045109013738889731 0.50376406664409989489 0.33342703595216449663 0.75754944814070768189 -0.56119982654841260583 -0.37769526037650436034 0.65274020134237309421 0.65671646837925168327
2.0826430696062523396 -7.9525764119564881227 1.4179291946782472955 0.32659278142578945792 -0.0061427973704213812561 0.94514518522887502883 0.86511125830649959756 -0.40081761998133708103 -0.30154227939710215312 0.38068315680090630826 0.91613727222112217863 -0.1255899381916445734
-2.7634709849830878525 4.2839754408843608857 -2.2948552863463764773 -0.92559106097603016661 -0.012777915895861876802 0.37830928181416217937 0.3657595704310558915 -0.28755410646897849869 0.88517375271248677215 0.097473711735602278083 0.95767915332751796242 0.27083115552380659929
-5.3152527964833584662 -6.980214436061915606 8.9568381897619531173 -0.26972266392970400961 -0.012421289709191801059 -0.96285793143358311408 0.59209610310064675343 0.78641188220512037166 -0.17600726183769516142 0.75938915534508844019 -0.61757757657531464623 -0.20475851058220898016
-1.4350704059196057738 6.2351491517230197559 -8.2033540174594303807 0.75671459574765875811 0.014401956140876788146 0.65358672281644092372 -0.53061823269971863937 -0.57045933001893589509 0.62691342617707979112 0.38187342367519500064 -0.82119957163520396204 -0.42403296079069541236
1.4325767239932913899 3.0940460757762373589 8.4207689896380912842 0.95539918871117268662 0.011530487855815497317 0.29509225347308426501 0.13671495744298725605 -0.90298161363719509076 -0.40734902214731238956 0.26176594626006693955 0.42952445015717055643 -0.86428429124671934947
4.6987384467123396448 5.5580315798325736765 -5.9599947692466699323 -0.35440586316675459777 -0.0077766568320360111161 -0.93505936055502392179 -0.93000956364289177891 0.10704441099216718825 0.35160162913198073076 0.097358593282047642403 0.99422382675320530865 -0.045169532101651921341
-1.1488607375591965987 4.1517196114739176593 -8.3505413848480376515 -0.45099719353815254097 0.0053608884177154371778 0.89250926734468738477 0.816009721064345106 -0.40262001983781675607 0.41475927325926709166 0.36156557710805981021 0.91535150652691632533 0.1772059619466970215
6.9998492516091159743 -6.9659645488647594647 -4.914945115143230403 0.79949692527598981151 0.0037319669836601921178 -0.60065858763220580929 -0.60057701069046820486 0.022578592641531988749 -0.7992480599814667519 0.010579258195133112164 0.99973810549396258107 0.020292848969171044249
6.7525362248377946983 3.1857666179506054505 -2.8742896176073196024 0.16104013158322377786 -0.0057226322793254178964 -0.98693126787005236444 -0.13579404831842875612 -0.99060110968981673896 -0.016413955105571635673 -0.9775612781102993587 0.13666269776597719798 -0.16030363245525344751
2.8595105449209445858 7.6811473543047998902 -0.68675092906191437248 0.87144301385807820814 -0.0078968728182642541902 0.49043318912705818891 -0.42155776154488489027 0.4990943583613784984 0.75709568426501638871 -0.25075112617634509604 -0.86651166227074416515 0.43160330382167555463
3.7412595125058842882 -5.7955452582562765329 8.0279076321365305802 0.92297626711794711341 0.0021775503918223960281 -0.38485070951159366937 -0.38398056155761772779 0.072653795261099649028 -0.9204783291202451867 0.025956476708726562708 0.9973548437283039636 0.067893865764198507717
-5.03243946339443049 2.1384154930384742244 -7.0898134597843220917 -0.99952981697211795709 -0.0048675122847215172503 0.030272963309637281049 0.01114548981567929295 -0.97745915741201760962 0.21083020098643473483 0.02856436661562914911 0.21106847920848037514 0.97705382351461900203
-3.285727944490871355 5.4706001539850666049 3.3682353058210598995 -0.97304584691483708703 -0.0041931885022385741169 0.23057362592444272109 0.043946872115179537455 -0.98488365011040390762 0.16754959915289568961 0.22638562726692101901 0.1731664312595079247 0.9585212229531702155
4.7388763554022110824 4.4387152941720353638 1.2135982771724505014 0.86065386505638685755 0.0080900220792366021871 0.50912618878456206151 0.48373341950714521253 -0.32518609379018281746 -0.81256137199447409092 0.15898711713700131032 0.94561543766389588583 -0.28378608252735232353
-4.4685068993554519778 -6.2275319825033141896 7.9253723888198885916 0.76099112600235430115 0.00096277402119104588812 0.64876157347059715264 -0.21745111116997081768 0.94253216388704919027 0.25366934045993549951 -0.61123442343896061679 -0.33411404206422928853 0.7174679689705554253
-2.9681391976910864727 -8.0909597806594000247 3.5911135641671809715 0.9119496483024261968 -0.00091853382838296923109 -0.41030110316261897418 -0.01910074191745713551 0.99881828379471593315 -0.044690016952542002682 0.40985729299237344536 0.048592100722463428542 0.91085443794728271349
-7.9351764622231453217 -4.7500802260978032265 5.7389663954828851189 0.11170946782960629318 0.0024758088844151759922 0.99373782516694464384 -0.8243188777999015393 0.55871971296861899781 0.091272504311030525082 -0.55499493916633768631 -0.82935285175294015669 0.064455137803016177012
4.487854990199960703 -6.9749649333387591099 -2.5347863378065764728 0.48753717193496931559 0.010794505854196487227 -0.8730355002086762628 0.17394257453308462069 -0.98108000293542740877 0.085005932764550845571 -0.85560007406865712376 -0.19330159462277224369 -0.48019059421230742002
1.8685158743263909908 -0.17856322732968663014 -7.8173961016591340112 -0.79941883527681978361 0.0085612264840486673734 -0.60071310224256757593 -0.38578725319966583607 0.75918558301961003298 0.52421889111706621023 0.46054068340743481436 0.65081791304208114202 -0.60360444248717148863
-4.4184645857906881261 -7.3019718511304754216 7.9660198646932416366 -0.41248287297948355024 -0.0099346354666312291365 -0.9109111825620426206 -0.015993055529875670195 -0.99970744564669022925 0.018145117608318602626 -0.91082495665907725613 0.022052803367160367376 0.41220331414270361403
5.3315136989186866501 6.3994736327914472085 1.614927436626246271 0.68065609329501075564 0.0068540451331995707468 0.73257102367313042812 -0.65209017958541803939 0.4614130698633380212 0.60156161500495319849 -0.33389471446646828978 -0.88715894913162607338 0.31853307305030953422
8.5035550484889022016 4.475872960699773806 -8.3674726725208579126 0.19314337026362199401 0.0067483780968031004469 0.98114733751677951634 0.065441027385065242417 0.99766108145485921099 -0.019744327922953251037 -0.97898575600374992955 0.068020775821744691725 0.19225000285721668969
-7.1684151118809262826 4.3621878770662627645 -1.2926541278121568279 0.51022953041912377792 -0.0081679958280912075275 -0.85999948263510994639 -0.73261153685753332976 0.51965719442224123092 -0.43958700657368510178 0.45049546318637717635 0.85433581461239282984 0.25916047831237509769
-6.8727993923430670264 7.5112308145623005728 8.3104007591860220572 0.98634021589283282783 -0.0063344253553092259162 -0.16459906915843031117 -0.10970792530375014784 0.72011700272794498812 -0.68512456787641273781 0.12287045876855040571 0.69382373657677232082 0.70958542327492324375
3.0054142592051764638 6.4768635377572865153 -4.9551839321228863255 -0.36660766635620178899 -0.0062149259158116119256 -0.93035487512275982791 -0.57468034358027164643 -0.78489431105169404912 0.23169683463766754805 -0.73167022740523701696 0.61959849513578002522 0.28417667595032730654
0.25890019650507362092 -4.477144974371358721 -2.3145996210499628631 -0.73410273235341561016 -0.0053162553955135409545 -0.67901761080255285119 0.10115185727294549733 0.98795626155490734455 -0.11709281371766397384 0.67146219560121978009 -0.15464204694285491049 -0.7247236419460818535
-6.3524785723894936496 -1.0219564378241190461 2.0170625843851168746 0.99474675783831190135 -0.0074709909298201239436 -0.10209344770708250749 -0.02477547244175661717 -0.98525296581732035861 -0.16930082490442360799 -0.099323027216549716889 0.17094086007295233864 -0.98026229072727433245
-7.9640523593490470944 8.6027547453892303508 8.0282883673944009928 -0.99553823122110784993 -0.00090884573099132229951 0.09435467225686025583 -0.091716994708421012428 -0.22564968182923617057 -0.9698815463612336929 0.022172574477020003808 -0.97420808613440557089 0.22455952852494867611
-6.8357099095424800339 -0.20337165839618917551 -9.1603853843957825376 0.43168741532068405364 -0.010445486835037667839 -0.90196278596097434477 -0.28378361329790613432 0.94758536866319820202 -0.14679519719575301329 0.85622008635489832429 0.31933189771919184841 0.40609642059710282513
-4.396553023453160236 -8.1427011308279979573 -5.9310289612677413729 -0.93596064305565174202 0.0046339948833023936886 0.35207414097371714234 -0.24009878060893510843 -0.73978531074112774402 -0.62854615547433601019 0.25754659811595886909 -0.67282703579941183225 0.69352255168533893936
4.4701642706034645514 -2.6223383901019183817 -7.5819971830262709034 -0.63915753663432395282 0.0048522868093314602822 0.76906052991712470224 0.14235910097509624217 -0.98195290518413436143 0.12450854737834796127 0.7557853727965561097 0.18906334206669506148 0.62693183278050046425
4.1719114171184257245 2.034170167038945376 7.7911399298537338254 -0.67146366812098934318 -0.0071161504936176848274 -0.74100330822190996205 0.65041361787014284612 0.47351650807058692783 -0.59392275783445680482 0.35510374270427930155 -0.88075619611023170386 -0.31332069023694680832
-0.69622881753750298639 -6.894575451288618595 1.0359982783027807951 -0.74980633825809084314 -0.00048407595134121808589 0.6616571776825392881 0.12918507778060658864 -0.98086140653964037917 0.14567812752705436297 0.64892347067052758014 0.19470661732824956491 0.73551863496552505328
-7.4042427045894783078 6.5776484305496270011 3.5976431716446697351 -0.82993966157076592971 -0.0013929278642926014309 0.55785142995581804559 -0.42685604455493664222 0.64540443895507748628 -0.63344062658125799281 -0.35915745207173427334 -0.76383975409035609339 -0.53624132132124269212
0.69990231404788005865 -1.209031306927076832 -7.8388337074158505047 0.85016136813932730032 -0.0023112234030311477884 0.52651714727021348139 -0.35406771326492081364 0.73761232969236456558 0.57494704583012223864 -0.38969437068898349352 -0.67522048941970902458 0.62627117778253649227
-4.4550517750551819063 6.4455270384511020865 -2.2554385737688180669 0.98710566644315289597 -0.0073374526080670467512 -0.15990173565262569277 0.058644557711265289657 0.94606929473471101932 0.31861215515269719623 0.14894032068688176085 -0.32388123031338988955 0.93430066334360750702
-2.0169864805129882335 6.3884887525762570348 -5.4265784042740037307 0.54425658769349782862 0.0060080976877796782656 -0.83889729378161359552 0.7566985661737382074 -0.43525619169205076453 0.48781074972194815587 -0.3622044266744893215 -0.9002865934556063543 -0.24143736856858094564
-8.129800914153452851 3.2906504910606786396 -5.5470992975361426147 0.65124149155291433111 -0.0043749709791637723597 -0.75885794409033247021 0.10889043145236994292 0.9901740328279559078 0.087739721057916483793 0.75101757211022168725 -0.13977211575318676529 0.64531880651342687916
