1125 17.292696884352682929 17.968806560800352656 18.477561601407678893
-7.623307807645951506 6.6457665907448300047 -7.7128693234533534095 0.50012064898407737612 0.00018596765514614254007 -0.86595571588608988289 -0.18637591269190570409 0.97658743143140025467 -0.10742908329968026138 0.84566148997584478231 0.21512078975877577114 0.48844619988875997985
-2.3852757475359926964 1.1122282668475615974 7.0442859282399030718 -0.75122173360864386016 -0.0062496395578337440163 -0.66002033980741514618 0.011941141838380693596 0.99966283898977814637 -0.023056831400971342788 0.65994190356856630153 -0.025202189350322885125 -0.75089382309763452739
5.2905357579633518483 6.771024199310789804 -2.4946612624199686614 0.418417810458819317 0.0031673530501804868578 0.90824914190191363694 0.36634930773357782252 0.91444933618259582886 -0.17196103127844022951 -0.83109248619781150857 0.40468800257713849478 0.38146153142376565404
-4.7979622956862888472 2.2691163607457189855 -8.3100915393920793406 0.18707768527619758614 0.0030198261086639838213 0.98234048085285907703 0.34726584836687313107 0.93522417030439197738 -0.069008563503392045257 -0.91891695502373549331 0.35404326279266612465 0.17391089051928737552
-6.003208009896029651 6.9626635538123844427 7.6457281170199689058 -0.090319445890523333831 0.0048950663826109247143 -0.99590081635633520563 0.68580588309136891745 -0.72480757808795259756 -0.065759147380131915961 -0.72215835411060158577 -0.68893396858603939137 0.062107153506667706067
-4.5943402598457598884 -8.8001930638701324483 -8.5615665033712851084 0.33223850538691068746 -0.0038903218662079117919 0.94318738378637101416 0.013070443037992193758 -0.99987648322997568773 -0.0087282187478942129671 0.94310483990735971549 0.015227727325307796255 -0.33214662012956891468
-2.7843459039776368158 2.4376413347148813138 0.25002421737845953453 -0.073274806192103705826 0.006472215077177375514 -0.99729078668634285609 -0.74047707746990665267 -0.6702149501506804441 0.050056151828982493879 -0.66807522070441927031 0.74213882193730218439 0.053902397484480203682
-2.2723646925700045074 -3.372181875069143242 6.3543830666155098896 -0.42936335105496648001 -0.0015577612915107673028 0.90313049231589270782 -0.61106343651472450063 -0.73584406651879818995 -0.29177900254117455914 0.66501773609866288162 -0.6771492325543153612 0.31499258328616386304
-1.351232283754462804 -2.2745748983797842158 7.5614080009689645934 0.44647775517662990907 -0.0025485033506824454619 0.89479110370132153296 0.3934687539926328137 0.89868518547588360779 -0.19377119764726175033 -0.80364168244561207111 0.43858687000060903038 0.40224570065977505173
0.13851461484782245925 -6.3842367141527294194 -8.6446886916475023099 0.99144344945350781906 0.0020760474148715365658 0.1305204066914859018 0.1098017571265683251 0.52746279661196604494 -0.84245271221733730727 -0.070593630503698989731 0.84957559299788421026 0.52272158087725850706
-4.9098131422237836219 1.1257578489143906797 8.9690522853115783875 -0.20890854299780475811 0.0023775086232150962479 -0.97793229219384469886 -0.22819620692205658252 -0.97250966882334066721 0.046383565962735996691 -0.95093833228506141619 0.2328503628895843558 0.20370811641482441945
-4.9713565349731547727 8.0025738103633443643 -3.5634693932641883229 0.78085363036265631465 0.005225733107461347747 -0.62469216391962556489 -0.23739948428939700031 0.927430944952631231 -0.28898672496072552729 0.57784867639230064196 0.3739579308662798196 0.72542840662186292011
-7.5733453484949002643 2.0734158789920131838 6.1301784954506892689 -0.91943873824975930198 0.015427725053936991798 -0.3929305179106115653 0.12887290900144901529 -0.932223437907280017 -0.33815859465976155773 -0.37151605608836812955 -0.36155421048078262292 0.85513412570924496325
-0.27305536874004748826 3.5824763527709020394 4.7038818321881175066 -0.59723959165838036434 0.010877987937763240744 0.80198911434901398732 -0.42275582374601322622 0.84546458421093595437 -0.32629304364879596623 -0.68160280489776214896 -0.53392069282178955536 -0.50034619028465321389
8.5178981877444179815 4.4414485203925639922 4.7655996698988483118 -0.85156910180986589154 -0.011306539986367323755 0.52412043176749945061 0.066577679007824241975 -0.99400472543776474676 0.086729570883670031867 0.51999757451394423846 0.10875094464531898097 0.84721647442562131314
-4.7992719718931269313 6.9452695521234399934 7.4787005993610016219 0.036493122910909933654 0.0035621335628843696364 0.99932755550141649792 -0.98183867404226798925 0.18642554968245339531 0.035189949991299644683 -0.18617483754535621432 -0.98246263319773274869 0.010300690992330567911
-2.0571126583649386177 3.6068101941078358763 -1.0100997736177883546 0.0030207388037184375318 -0.010455009560951701239 0.99994078220264104306 0.07187299279190667578 0.99736152423868418282 0.010210919401588127928 -0.99740921794608050632 0.071837892111187101607 0.0037642014843622673137
7.7883617967139375793 -8.7135441438748983956 6.5482668384425330999 0.8039817243594574725 -0.0033972653417515606515 -0.59464430164958792524 0.26801366166943252356 0.89472843749018182713 0.35725299201677540584 0.53083148366921839578 -0.44659767323002813599 0.72025582553075084835
-1.7767483852214356332 -4.0708696018798864458 -7.460669867918089615 0.57724249803261096226 0.0024766120291594344131 0.81656902026572020237 -0.19511720804446161526 0.97144660024874351922 0.13498436201876801155 -0.79291889471112098065 -0.2372453777369561978 0.56124349185748401148
5.4090657662563215169 8.0706667051988922879 0.57042252856805075734 0.80452786066684356392 -0.0034242951927063013801 0.59390503922198822906 0.59377942148891271756 -0.01672108638503606165 -0.80445410303301945198 0.012685425783122757787 0.99985432912638116942 -0.011419303838803969431
-5.2892531301101746166 -6.6013154165852254707 2.8598326157188305174 0.99589130109991341744 -0.011734391496061775256 -0.089793209373081550595 -0.090376739882024770267 -0.066310002742064527714 -0.99369765443240698488 0.0057062493461210485324 0.99773006749950232663 -0.067098070954675917421
4.3738242186867823946 -0.011339509094653525689 -6.658197644573836449 -0.93220834202674707214 0.001709427590426916034 0.3619180638114846138 -0.36129622818048301447 -0.063179196679549298743 -0.93030824171870118988 0.021275397959497337197 -0.99800073495183949657 0.059513783928011897151
8.5780945408284363651 -8.9821082012890247626 4.6792900028911237342 -0.99145335987836513691 0.0082833638269816552147 0.13019839119520446036 -0.062637012272224040776 -0.90565730154126511398 -0.41935838713285128465 0.11444142554019418045 -0.42392952014309182029 0.89843581967320595982
0.29709716295974286648 8.9596846399159311147 -2.8444255200617223345 0.88907270220968925845 0.0033421908979010149163 -0.45775382024150396143 0.41661955988357135539 -0.42025322086728622573 0.80611126569064461833 -0.18967833958584037757 -0.90740071639313557572 -0.37502808878972432316
1.2628616588404617538 -1.0199649985669452246 2.4769182996598524404 0.94798530732894081829 -0.0080311072107269367709 -0.31821275650950681113 -0.27679119634315052512 -0.51447897265972153402 -0.81160213178493856301 -0.15719570832351470457 0.85746538589508247696 -0.48994144678399575987
-4.8603278351947993841 -7.865813705975937431 3.5369733538671179751 -0.94292272017191014477 0.0093702112887628034171 0.33287977247649758183 0.15646188000239577565 -0.86993689584729749775 0.46768523319650862069 0.29396670541012992484 0.49307402728624794008 0.81881718333601893889
-7.0246320705466089862 -4.5443341326877932929 -1.3908751693556422602 0.9571411196662296117 0.0062988583859512657995 -0.28955345176153396425 -0.28874431951020923526 -0.057018857096305247678 -0.95570684202116407135 -0.022529868944032690331 0.99835323123549268853 -0.052756333144725144069
-6.2426547683845052816 5.9155305567009781598 5.077658959512329595 -0.89614265989138963686 -0.00035524733978992660555 0.44376593709109529717 0.24355440944110548496 0.83553663026836499927 0.49250359300349239033 -0.37095765629624205539 0.5494346305783990303 -0.74867349622937662268
7.3328315461749857818 -2.8875587414696091138 0.051140420319201310151 -0.90288170677496082384 -0.001430101599568587515 0.42988670412092883089 -0.42837131219446994423 0.086949387765452260113 -0.89940970800612585201 -0.036092138469745550788 -0.99621170379416112972 -0.079117626127483395293
-0.96898461172872341063 -4.5388096383731646455 -3.4958936208999222828 0.37516263065226107543 0.0050197626732184945017 0.92694541508387962025 0.26539839655109381811 0.95754106863174281994 -0.11260014649935592979 -0.8881535293350116822 0.28825319402622501253 0.35790138930088194469
-4.976476831729808481 -3.2842534698393515136 -1.2471129338167301626 -0.99893094883202837586 0.0087175243778715560267 0.045397843936375914531 0.0029659961632013814858 -0.96794783173125742426 0.25113382471036932442 0.046132009842476090489 0.25099999963262331626 0.96688718982744059627
-8.0120498139190434728 6.7344029525393329649 2.4433733922832900909 -0.8332600013107036574 0.016093867261982169881 -0.55264704618059345975 0.55171390215893945097 -0.040719215927273143263 -0.83303884400356265072 -0.035910170984395195504 -0.99904100661121242322 0.025050483608927226475
6.1134135185709670424 3.0831309950678016385 -8.4144774582678341091 -0.5332934955557736556 0.002745657943072897858 0.84592582946730543458 -0.70569929172605594392 -0.55285974019542505342 -0.44309662301573476961 0.46646174254137462434 -0.83326980566510200354 0.29677411226693162227
-0.16966200515517895764 -2.2858730756348699664 -7.7140722798012815176 0.99886007301219381649 -0.0083877901336565138107 -0.046991483470290078273 -0.016924945593674224631 0.85824925947950869709 -0.51295394999910848277 0.044632955970894942765 0.51316454824892154818 0.8571289550946816771
2.8695004166594495487 6.6815279705699053281 -1.9149422471767878484 0.39717051053968877028 0.0089673530822534323198 0.91770102546290133194 0.66549867882903201988 -0.6913767746284987803 -0.28126440226308024872 0.63195497785341403496 0.72243874624954496078 -0.28056222818339093816
7.8527036196144068825 -4.4998824639075483134 -8.8115790974014878145 -0.32530918967189931257 -0.004236775822517677148 0.94559821322051107462 0.32362405212427775014 0.93910459204692620094 0.1155423648838083267 -0.88850515136464758292 0.34360531853688169868 -0.3041282312961871015
8.3230792199367513717 7.9101466480401514403 -3.7340275808589122875 0.56273528421274743305 -0.0089525631786639622844 0.8265886833940162548 -0.3458040917709924722 0.90569405173846961876 0.24523012612631978069 -0.75083189198167854528 -0.4238373936523058827 0.50657016663586007521
5.0047218473321155585 -8.0040729442351796763 -4.0586816012856310465 0.79882342388808980083 -0.01057773009299063649 0.60147256718296737699 -0.58475497837515044708 -0.24836958454976693078 0.77225265602400527953 0.14121881147037745885 -0.96860758880802599879 -0.20458882225156818646
3.0953274615133050673 -5.603327131150005691 1.6341104960095147458 0.60238014456693012022 0.0087704734636935566261 -0.79816116181314944455 -0.73657504507530180415 -0.37918600246370515183 -0.56006711964494582112 -0.30756359408056599403 0.925278906238932497 -0.22195400709500731629
-8.2499360817481068864 8.2383327114733670982 6.9047019925520949357 0.84738535144331739168 -0.013087466993804731941 -0.53081709125374298974 0.27924583535090646835 0.86126723849749908801 0.42454741470146473148 0.45161912005431031902 -0.50798372227682930813 0.73347986223419181506
-4.1095850072525861307 -6.5935743591568325428 -5.8333463590457013126 0.44684177786488310513 -0.0087841128965516230426 -0.89456987704430490638 0.78003465957834006161 0.49344296998179265623 0.3847856094406535421 0.43803921675076773479 -0.86973379532816974535 0.22734284649444297388
3.8829904424770478322 1.0865075784950686266 -5.5500434827202704824 -0.94459731671416602428 0.0059646154540802364535 -0.32817728839586607359 -0.087774257323552401511 0.95883190052055200514 0.2700686325651677766 0.31627770867967980317 0.28391162340909348316 -0.9051865007197558155
-6.3981087343568505688 4.7089620291394611584 3.8454528953026976268 -0.87394263857585485766 0.0034960774769686245311 -0.48601650375411220573 -0.47694356862703163324 0.18627677858931601662 0.85896786558269710987 0.093536606869008775966 0.98249108861134115678 -0.16112778771763239249
2.3954915238063576588 1.194942847623853055 -0.14724525276344690994 -0.90650226002806599812 0.0023577569595355681031 0.42219437886573391028 -0.34073404082285657646 -0.5945699028939759323 -0.7282766946684307019 0.24930697139934321349 -0.80404046636645376545 0.539782328774180864
-2.3442934798441270594 3.6376268761794858797 -6.6347491669691338601 -0.96274850161962344242 -0.0060671366843394990143 0.27033037654211927725 -0.021246232307251144977 -0.99495997504490374386 -0.097996151308437889904 0.26956246074271467128 -0.1000891498164591803 0.95776732135068498586
-6.2506597198718836239 -8.7923046324753162395 5.3233380503356588775 -0.92147368928593620385 0.003350114391654948013 0.3884263336686533119 0.23961296885782559785 0.7919471921008119919 0.56160953524538403947 -0.30573168810059342393 0.6105803973736521062 -0.73056123168014541758
1.0923055165101664965 -4.3736060234239637623 -1.4689199795756622269 0.99971219395715282818 -0.0084689487204707980528 -0.022445626774407489296 -0.023241828006858838984 -0.57377336944580081823 -0.81868427244322650171 -0.0059453077821144829224 0.81897032755921805869 -0.57380506785218854393
-8.0375237920251993984 7.7599276703476496309 -4.4551802307428003402 0.59408358591794407921 0.0075676022891858381325 0.80436771711619525771 0.76816223857565257838 -0.30210160490602822048 -0.56450101464893220893 0.23872885910481739247 0.95324569325479224791 -0.1852867510693646802
1.1584177701605993249 7.6952809338174219533 6.4633224438957563862 -0.76603052592701703638 -0.0071806517734782655121 0.64276408703978771264 -0.62939537742970064205 0.21155219083652651579 -0.74773466512016184549 -0.13060892855515257582 -0.97734032393656300464 -0.16657490504069216719
4.0174866146971082159 2.0111748338523134372 4.1599780213891452973 -0.11776978658846232184 -0.0032625719009870567978 0.99303556481685872903 -0.82583227415290283435 -0.55502095661970030083 -0.099763684174577427211 0.55148103533480241634 -0.83182996660231212083 0.0626703624406429044
-3.12237787492586083 -7.8198743331643036925 -2.2936679631329552898 0.01896314640382283645 -0.0076841245866858635949 0.99979065474126593838 -0.63254535001906631031 0.77431532517085410738 0.017948742991783152301 -0.77429114630595052837 -0.63275329429015214622 0.0098228975977304906764
-0.70995807496146678961 1.3832834850234287938 -5.9732693670536587405 0.7780115674024722372 -0.0051438557349369968055 -0.62822889279010252217 0.40205083875119851378 0.77246430207725591544 0.49158318225428487835 0.48275576024264810204 -0.63503735540864902909 0.60305425393429212821
7.7258429907773047418 -5.309315007912758233 -2.215985230761946756 0.99079682844964822586 0.0065734211042838604916 -0.13519776207137415569 -0.02275613290681745976 0.99269292367195660631 -0.11850281729499630157 0.13343089278439992929 0.12048879378062599121 0.98370658604298844008
-0.99340718011854323155 -1.2295707136950337901 5.539759313898766635 -0.21648837947057814057 -0.0053616795576722671435 0.97627047171701797357 0.19708789842243146229 0.97915643903289684147 0.049081852000904459266 -0.95618467978182730693 0.20303674616371467088 -0.21091926857831785891
5.1128555306454117613 8.9767980049042908064 -7.6499941755924787401 -0.065354421540830667792 -0.0022498312050480968709 -0.9978595782195638364 0.78963724034656457285 -0.61150559250833924629 -0.050338245783435424385 -0.6100834600632302207 -0.79123691053371258963 0.041741144771558075233
-3.2745755748728746504 -0.81298463876538917816 2.1460227746187738873 0.032400434955492093958 0.0035188673014656720456 -0.99946877359313113232 0.38640346922088059101 0.92219497301226627251 0.015773101295178584141 0.92176058214069722663 -0.38670925683682916274 0.028519815706233145325
1.306786312340128875 -4.591750112496427505 -3.693891419279776489 0.77871380995165240257 0.0013720243712081791124 -0.62737781259763203412 -0.4391166541009088875 0.71540942471145152481 -0.54347577602453855938 0.44808633797727620562 0.69870413808941167488 0.55770167754352650835
-6.7663728831853093837 7.7440558550269571469 0.35305671543761996123 0.97981904634216210326 0.0039772861604131324459 0.19984698551623603091 -0.17487594243232351676 0.50130789610471382378 0.84741300324069324112 -0.096814467842123219654 -0.86525983062756806063 0.4918865563510121941
2.6993477439503581472 -2.024534906615137686 1.1392194967224844593 0.88536644829563493353 -0.0079778851698507711326 -0.46482534954588389242 -0.27938301943334864497 -0.80829137912761084284 -0.5182761569667070356 -0.37157957517140588477 0.58872862999509867343 -0.7178629531736598901
-5.59030605903681721 -3.5135775291329056635 3.3693778795176165808 0.33452279908880827586 -0.0039861789143382959921 0.94237922688656194925 -0.93093765324559585306 -0.15680671867674256248 0.32979802720397038973 0.14645676037529048452 -0.98762126513943970796 -0.056166306491661835421
-4.806622626728423775 4.4386542235994488337 8.852327559813900848 0.4564183723096189027 -0.006337513467519147875 0.88974271862244169728 -0.073814860037995588815 -0.99679730134424870958 0.030765345280480346779 0.88669816502361364918 -0.079718103061318129621 -0.45542440447183518692
-8.6007046943137090977 8.9157889366671110309 -5.6103295821915528663 -0.28761146518793884175 -0.0087609168880565888721 0.95770710106363876601 0.048479529042841293385 -0.99880945936523168882 0.0054220979601134660156 0.95651940929396617186 0.047988646759165989875 0.2876937771764000451
0.45237843824039325469 4.7517575076961442448 -6.9395834808013034944 -0.99286043991934214148 -1.1045019401313021547e-05 -0.11928179542904715493 0.10678581921336524618 0.44550223096383939625 -0.88888950439364433631 0.053150123778776731109 -0.89528082861435609452 -0.44232036156851289865
6.1723668692505260225 -7.8373325145511207879 -9.1831653886694368794 -0.53169326311376674532 -0.0051892583377855586169 0.84692109759827127746 0.77730053777747065702 -0.40007521287942049426 0.48553444575058091193 0.33631257474289988352 0.91646761843357604782 0.21675090872338359516
2.3443595161418717687 7.9228913298889800387 -5.2143721572353509686 -0.94555373171868606352 0.0044603797191339307829 -0.32543547047877030565 -0.12666081762833994451 0.91603748064995571543 0.38056848440464247085 0.29980856844099113001 0.40106787337950461358 -0.86559770288050918996
1.261702226035096519 3.2646931500916256397 -3.6815208856253907044 -0.74998714856886605773 0.0080760672112457059652 0.66140309503356509158 0.65306211208301268023 -0.1497187675249891381 0.74235717037857407163 0.10501978262841259182 0.98869563961257955764 0.10701297803303892742
-2.470264728056414949 -4.5490329563520068845 -5.4269118766303501289 -0.17402689171326779505 -0.0089218626253607848792 0.98470048305456936433 -0.32366737764189806859 -0.94388338057801512981 -0.065754030438848976026 0.93002906922915484778 -0.33015839264768431782 0.16137337498226225763
-2.4166662446790994068 8.1740196474875936872 -8.1534279535022200491 -0.28198566910059991164 0.0031339867325573507809 -0.95941349821087162919 0.20825693795251670748 0.97635171720495739223 -0.058020445583911214871 0.93654318118105439606 -0.21616545153722199757 -0.27596986673410461854
4.674793618998769773 -4.4799710629157907249 -8.287848408362703978 -0.99065556936764642693 0.0047447946057675586054 -0.13630491482242648726 0.12824323024776113078 0.37258542470385014322 -0.91909399693034365963 0.046424312339569132058 -0.92798576940707722116 -0.36971231383529762349
4.1436204425518257111 2.1835773051376010656 0.58646129033228888705 0.11776071738106334841 0.0077536602564821435757 -0.99301172913226865013 0.39786821327451871166 -0.91656903098440689615 0.0400261952445311181 -0.90985344880778240562 -0.39980131589662160074 -0.11102076157057283456
2.5482367671532513143 -5.6603860136186527896 -8.2908531252648405285 -0.54435555019549786149 -0.0045512608660775322883 -0.83884225036431303568 -0.6317936171996232364 -0.6556006993008114403 0.4135511435632757693 -0.55182774507745824266 0.75509403990578816135 0.35400442181093777494
-4.7113655706142623103 -4.3845074728231816508 -8.2555601946627987786 -0.12495634570207997394 0.0041255144562040036577 -0.99215366340055488603 0.98368849729266827353 -0.12990007333500311337 -0.12443034694654481198 -0.12939417283041704243 -0.9915185076829303723 0.012173617354382524486
0.65721268669848542654 -7.7648206963841923667 6.8274141514959332255 0.69543768086543999996 -0.002227070637664477909 0.71858296124283882467 0.399375946608582999 -0.83012754088188511759 -0.38908497675935577176 0.59738202626358327674 0.55756910426035377615 -0.57641253340942355532
-5.890951060244844939 6.9423942908811380192 3.7333769796643738736 -0.82125724337944472353 -0.0097109896038340432628 0.57047544809408157196 0.2835705531783942468 0.86067454342785076893 0.42287950017180364615 -0.49510027425499597564 0.50906289098325929743 -0.70408145228847451857
-7.0956061500597815694 8.9107217326970520332 0.098971768398429124658 -0.40839164255251336755 -0.0060137308718057579104 0.91278699669443685849 0.042668096917033111748 -0.99901099757173106308 0.012508406614501404314 0.91180902594717339049 0.044055212762428928863 0.40824433667796677927
2.9446079254481865028 -5.6398792128204107144 -5.3709737255558813729 0.13247753621687960446 0.010411806296884817957 0.99113132161559092115 0.28541958729182159704 0.95718958979340984516 -0.048205273376815599429 -0.94920248713751320668 0.2892744086172880924 0.12383438509210439871
7.494160940879782018 6.8634923197983139787 -5.8541095544031396258 -0.45268301489759138478 -0.0059382811711210774924 -0.89165173966049393606 0.80788553365776216708 0.42046207586875405937 -0.41295593864560203867 0.37735798988467744719 -0.90729068085876951599 -0.18553858870148703941
4.5618371157383892367 -3.2666364174728692582 3.6213161802125508615 0.18452578506389472057 0.015903712712728536316 0.98269899082495160147 0.97331683945118951939 -0.14172061134882535383 -0.18047049165913042756 0.13639855089925986831 0.98977893503605240966 -0.041630458461969693795
6.0532587766204049018 6.7631278329424242557 4.4437284302671589131 -0.25219569976211508866 0.0043344845036848720157 0.96766654445933564244 0.96613641931287808085 -0.055263112989331793223 0.25204445564200772534 0.054568748369848582569 0.99846241821447645481 0.0097494161133963933019
3.3592403407920343739 3.4422621370853239142 -4.3156604952073074344 0.55854511873493306595 -3.3411245352189420862e-05 -0.82947414017614273796 0.19232046414802972389 0.97275478705322082629 0.12946413918463550718 0.80687061503516976924 -0.23183641463044757369 0.54333386370087544126
-6.3153228427688494762 -1.11409369310049855 -3.3508124234025684629 -0.42727218644203102116 0.0023809738813061176975 -0.90411990889289128859 -0.20629453588000862263 -0.97387446836670066297 0.094926731376553483144 -0.88027327754467465937 0.22707454905192178685 0.41660065532075968298
0.52453996755695109222 2.0858725619875051471 -2.9105991516830438393 -0.59820561778456138313 0.002795838817194513156 -0.80133777031679320757 0.23241130737774443049 0.95761784158071605599 -0.17015596871531210588 0.76689961732550504525 -0.28802821523555338645 -0.57350215707889518058
-8.1617904781432280004 0.8987601009463939139 4.7952898646233821367 0.056477919538575463432 0.0012622550629672367808 0.99840305053459432738 0.96899729612681195778 0.24084463465536967708 -0.055118980910189546707 -0.24052959215758754064 0.97056286178172046508 0.01237928215445895791
7.8192768594586326003 8.9491595830823857938 -8.8226367099332225763 -0.011258348100302703262 -0.0022496426567572540972 -0.99993409218104156722 0.19966853189777553079 -0.97986349838562936121 -4.3597986639970932182e-05 -0.97979881963975257175 -0.19965586302166879462 0.011480827202077050278
-5.7479633942350263354 1.0648107844928609289 0.59371295066486029501 -0.17191423055928653496 -0.0031007533188883206268 0.98510704121940695366 -0.21179620744648050557 0.97672618808756506148 -0.03388687083964301433 -0.96207477040114797173 -0.2144675705857705672 -0.1685698588853402069
-5.8079108887042982801 1.2804569823911742255 2.6420760092112991479 0.99993471056345395453 -0.0027921309192182196431 -0.011080551214256238735 -0.0063555012848738705322 -0.94175988593227821788 -0.33622600264098412293 -0.0094964316296877442775 0.33627447309227503913 -0.94171614435164108237
5.7797687494779550477 7.9719882022266270738 4.3081064358116218926 -0.39117159977679805127 0.011729747114983458955 -0.92024300734135022761 0.47314861443788280848 0.86021512745307382453 -0.19015867888839149691 0.78937644263272488399 -0.50979637850203585181 -0.34204164115330021323
-0.63514555914119641411 7.9052539818347584699 -4.8201052011056937374 -0.59925214701167295317 0.0043575648448522111625 0.80054848443464887708 -0.64986107952692950818 -0.58663343600138495582 -0.48326161556806529473 0.46752266428275290888 -0.80984086300585211848 0.35437315782685546717
5.8232442885899944329 -6.622813144796777074 4.3901054820204317153 0.68431695072135734215 -0.0063817544034839458061 -0.72915676240847282497 0.58331934138015895108 0.60481999136367392556 0.54215433597724127512 0.43754869092158305 -0.79633664442704099606 0.41761117300092609472
3.4057716409223162124 7.8348247992355650737 -7.7451775247023988413 0.97305655486035691482 -0.0067317265929420257164 -0.23046827308911480015 -0.23032929714179009584 -0.073716195827275690644 -0.97031661706429694902 -0.010457338176413292011 0.99725653987815021662 -0.073280541403784357768
4.530038016776847698 -2.2142678240064088691 6.0387292999770112445 -0.24711587116893854454 -0.006067943118945761348 0.96896693766226893452 -0.9106490454910883825 -0.34027513942122999957 -0.23437394359858493287 0.33113752756596981364 -0.94030633814637121226 0.078561620905907361689
4.3033390758123983844 -6.8454816637329303219 -4.7957165647292434585 0.4941241452102923537 0.0081015135837365186144 0.86935360734170064045 -0.69243993659479807778 0.60832551007830915069 0.38790077081203455656 -0.52570739326057869256 -0.79364629355003868394 0.30619813422937552927
3.6342471822473498833 -1.1123841630811772685 -3.7126565943151472737 -0.57620768312366021924 -0.0080883856463712551499 0.81726328923226332357 -0.75618578720435625229 0.38468724508594198674 -0.52933805710396786282 -0.31010927290150303026 -0.92301153919441514262 -0.22777606848538903273
4.0466091195819027249 4.5977509397926503709 -5.4840623198956768292 0.4557983657510416009 0.0038780591224015321591 0.89007460947738192836 0.48458289028414874844 -0.83988315576031336018 -0.24449070966799790749 0.74661052244310288639 0.54275339273718892219 -0.38469661091563539523
-6.1489873222138067277 -2.2752555670161580537 8.6256845904056067553 -0.89286344903649095261 0.0055220215030882067314 -0.45029364713811842469 0.14671971824944221585 0.94893241736026667787 -0.2792858599348575499 0.42575601657669837063 -0.3154310932060449546 -0.848077260506066688
-0.24603586635881041778 6.6898957965364527212 5.6683607276321019697 -0.95191668244348048855 0.0092612902485586443002 -0.30621701159367598066 -0.28138027920599667508 0.36887513985812264705 0.88586470167228692496 0.12116009310154830791 0.92943281612908223988 -0.3485324549334817279
-1.1403359482177963802 -4.4410603803709189918 -0.80322270918901317316 -0.63413085463010099296 -0.0029915000280186371251 -0.7732199623223642293 0.048744854921823878302 0.9978488123292387213 -0.043837048850597672145 0.77168775960542601577 -0.065488920138256273562 -0.63262089991891878871
1.9988269679829930858 5.5823563792980763765 7.8430392309504846082 0.24404170327675647756 -0.00091207582219601616991 -0.96976430908726385383 -0.026600485440679888516 0.99961699339609400017 -0.0076341789407632677789 0.96939984590252259444 0.027659259416565065703 0.24392397203310797749
-1.2205005448162731252 0.083692135016225535638 5.9376791833779014596 -0.83400784392748994467 0.0049889547094032022853 0.5517300305385554049 0.38663715413168708857 0.71866832295659499596 0.5779511680269594498 -0.39362752357041563833 0.69533513639799549022 -0.60130393377895929863
-2.595352008787563225 4.5209017569732647956 5.6049793543220376435 0.96986762237202084336 -0.0073610952376757330523 -0.24352127083929689388 -0.24198525171955123647 -0.14514152471506377995 -0.95936284884995282063 -0.028283087252410479828 0.98938352122927630816 -0.1425493419667641648
-1.0524030264483537067 2.4825837548719702497 5.0844452908119892598 0.88003024540587415636 0.0027789663073403761406 -0.4749095119249909791 0.3341805674719114938 0.70690116145688808302 0.62338920126621877316 0.3374464631531286507 -0.70730688196657143241 0.62116572605691788844
5.1221590588901610985 -1.1573631495682461523 -2.4493688750111406449 -0.30893621407847515759 0.0067796799035597064831 -0.95105859523560798419 -0.92510167399714482439 0.22999104189950214661 0.30214402759887887262 0.22078339701743862622 0.97316913051454245753 -0.064780668528452350907
-4.9512534595161179496 5.3764628543761672219 -6.8977431088630840605 -0.95829009664825748338 0.0040559579662490284971 -0.28576850748612037112 0.23141453954714874541 0.59777529294091324985 -0.76753632489627710012 0.16771225820441443277 -0.80165344654301873284 -0.57378075089152968946
2.6364018578728418696 -4.5438239609949127029 -3.3009747041728845218 -0.68727372182392687527 0.0050067585406194771783 0.72638127981060029992 0.024652830609945164397 -0.99923941556538298236 0.030213048896741968169 0.72598007495609262474 0.038671989212537033476 0.6866275613584794657
5.3534643933058916332 -7.4953508832114774663 0.23502472375335628496 0.97251986115484390094 -0.0021442298951177213642 0.23281005549101027596 -0.23258332061747549746 -0.054018074420535244773 0.97107520131377156325 0.010493742426133906287 -0.99853765573146968659 -0.053032362344575340041
-8.5787489408794552759 4.4632158479122345796 -3.2283300743879359551 0.99934369281204282753 -0.0010500375467440052971 0.036208853310442504214 -0.032728607859629950394 0.40222598056146685597 0.91495524414539430857 -0.015524878887702370581 -0.91553981780284632297 0.4019276304922150822
-8.4748173927856012 -5.5522463173329175135 3.1247804937851642038 -0.96867984971908593916 -0.003290558377670170162 0.24829120196600473758 -0.12251675487097557493 0.87606170795684357167 -0.46637487992773185574 -0.21598378069687554359 -0.48218778092911135369 -0.84902647214246540486
1.0162222420074775719 4.950802982525028817 7.6060466459947342344 -0.24643934907632561448 -0.0030387455383999997446 0.96915345186018808654 -0.96908140357870831139 -0.011817256459992441647 -0.24645808099523178192 0.012201658283650012107 -0.99992555646682712567 -3.2554801396804562696e-05
-3.2726250249322590413 3.4952815938896497627 8.642886474359430693 0.17469960208027657256 -0.0044538465955550939762 0.98461170635101769033 -0.45338233243310599452 -0.88803346324683518631 0.076426623575612501194 0.87402775108713715024 -0.45975725269350153912 -0.15715838802097201188
4.9694263286310658145 1.1560347821332761509 8.9287850191168729452 0.73881953062335814497 0.0011438380881826537734 -0.67390236147668347577 -0.6617748160225213061 -0.18763573599102745249 -0.72584221664051573608 -0.12727841155528454853 0.98223801708821234513 -0.13787198315257426229
-1.9110441554523214247 5.8296984254184343044 -7.2793272658685381771 -0.33971324624019588745 -0.011824439018492765435 -0.94045472669920993081 -0.32325693263475108186 -0.93753851435541957215 0.12855539507968333224 -0.8832326227176074962 0.34768048081861002707 0.31467192029971541301
2.0896362042933009917 -6.740189015981091103 7.2552645046840753551 0.34961215077624924197 -0.0098855716500719191531 0.93684236641091545028 -0.93634626826417344247 -0.037890396917787450004 0.3490271962596340205 0.032046995756351323581 -0.99923300250464175409 -0.022503261284558234712
1.8769743571261030546 5.6836676362557101427 4.3482154455214203637 -0.021334379387793721283 0.0066986602387156691379 -0.9997499548423823823 -0.52623272015314903616 0.85017211877919063312 0.016926094954309797019 0.85007291951684715858 0.52646224594105184291 -0.014612840328241918225
7.2247665986365934288 -8.7005465129343075859 -0.58264148042125740723 0.98434222812699423422 -0.015512632005781235023 0.17558398609760789144 -0.15741163599915836135 0.37090024616443845185 0.91523471538552070292 -0.079321843004747968897 -0.92854314150879013745 0.36265090593976900823
-5.2781722081869668628 -7.6853156551624612902 -6.8777583616063058258 0.99774643508470417519 -0.0098719055709576286617 -0.066367136117398209394 0.0067979932554421296925 0.99890054794971983032 -0.046384076937963446274 0.066752067861103422941 0.045828384065899785416 0.99671656986828649494
5.9545912829495755147 0.93462676125650623327 -1.0514418075144529308 -0.85855985503597209707 -0.0013919289289359708557 0.51271145672220008738 0.30391416689465244882 0.80399714255878806934 0.51110152995066648884 -0.41292996316719099426 0.59463153069034357934 -0.68985664324389273094
4.9655401737416058339 7.9885349619424275147 1.6405572310049003626 -0.82271442829262975138 0.0015525259669045268426 -0.56845277652784642619 0.53056724711216218804 0.36106409731456895473 -0.76689706866178120048 0.2040572610099710138 -0.93253970815900755209 -0.29787636182756255243
7.6716129393993002239 3.4890546404869646757 -4.9335880870553472377 -0.57998718069019683519 0.006919043767900831185 -0.81459621719502206538 -0.24549167459817364256 0.95199303651533484505 0.18287453658010857649 0.77675524326396649943 0.3060414763716726716 -0.55044518964401323302
5.574627966617917707 -4.4567302909974850778 5.7142196891604486453 0.92532967058446446984 -0.0025616241438643715632 -0.37915490082274394545 0.36695408340411544978 -0.24566854443496802252 0.89721327840612896676 -0.095444755796560837302 -0.9693505064510873348 -0.22638439485512623639
-3.6634412326657281866 -8.8212373663559571213 7.7527194034225628272 -0.056869524977332844284 -0.012602083668620322338 0.99830208084321281348 0.42052221221705288201 0.90659137042318493904 0.035399944999272917046 -0.90549816463687671231 0.4218213775534843113 -0.04625796448169053332
-1.6624282589632248808 -5.3666955745581441661 -7.0418634358295539855 0.045732233294164814641 0.0079054972707022150291 0.99892245242103050451 -0.33310231620659830343 0.94285852163612016152 0.0077881394568774407403 -0.94178097760359669177 -0.33309955162265153517 0.04575236532659421318
2.2334748606238230551 -6.9971515098449925674 -7.9345745296563920945 0.36772189088114953792 0.00080820554781064969825 -0.92993545892716533707 0.82541254312985945507 0.46032808196637631237 0.32679074435656163544 0.42833952025307825417 -0.88774850253714854276 0.1686056097296959877
0.014491185923179050743 2.3187474074754872433 7.2028813695665352412 -0.10850917656555564283 0.002762506860544909279 -0.99409160903664217646 -0.28722018684162492486 0.95726056418512384116 0.034011417595377131662 0.95169865129241049129 0.28921372860229516144 -0.10307810784188389808
-5.2549426835859716078 -7.9417058795973005658 -3.0366483151483989467 -0.88320748436831186812 -0.0037750821350684450606 -0.46896725718387105575 0.46897793727713132927 -0.011496649811957745241 -0.88313505274675607737 -0.0020576449686577980361 -0.99992678521863209706 0.011924357391885472002
8.4354318167012323215 4.6474811661315182931 8.0135009020125469448 0.79380272206444724148 0.0023248736392259398455 0.6081708916131192133 -0.41015856596424971059 0.74039958584423870569 0.53252080151634340055 -0.44905143269921266036 -0.67216296256482832572 0.58868477349654657615
2.2044095444139024664 2.157398226364772853 -7.7003836161104084468 -0.13945525207818543212 -0.0062635283649195598252 0.9902085643338953691 0.28037941693093709761 0.95880780402996201861 0.04555192084523169288 -0.94970501484906966194 0.2839865545120139334 -0.13195461957466658731
6.8161041369296206938 3.3262036694615728649 -7.3588879223182921407 0.61068353925975105145 0.006327559170049050323 -0.79184946604288042327 -0.22889767050679432625 -0.95587052124291538302 -0.18416678054251622854 -0.75807088805339029047 0.29372011952497062426 -0.58228602943251295265
-0.27505863281490328109 -7.5608598562578412938 8.9119865645938247667 0.94820365511773407885 0.010692486771987003147 0.31748306907296552914 0.29609802493354620001 -0.39171087362452483571 -0.87114209582301438406 0.11504689501146751762 0.92002622908842468519 -0.37458770633472987521
3.4213514992288707184 5.537306757229884191 -2.2840909019137272118 0.9951030970179278734 0.0032171682940524358972 0.098790060904202808834 -0.094834458260815851505 0.31280223804371609653 0.94507205302093166832 -0.027861296302775985512 -0.94981282877361283834 0.31157557424369525245
2.4845000930378358106 -0.090603797110275108295 -4.5147436139415662026 0.5113936545663259059 -0.0083054871398469381355 -0.8593064348373489203 0.83719265110244445172 -0.22077421892414875182 0.5003670744544215232 -0.19386849926987184678 -0.97528957912076297276 -0.10594924185226688162
-7.7019918886116212065 -3.5259579366664017819 4.2221299950656048239 -0.97054942972622815223 0.0085535762168979182635 0.24075016260044551641 -0.2372784774484987258 0.13874107913571048778 -0.96148314446995053473 -0.041626056718923998279 -0.99029174958389565298 -0.13262549569347073519
-0.11331362027113166258 8.0378682424266667539 -7.7619022266682282662 0.9996340627317915617 -0.004569731574083621406 0.026661923781614398771 -0.018679970162014451068 -0.82949971862949201107 0.55819465736275708512 0.019565258524582539168 -0.55848843707520612334 -0.82928153621798850192
0.59192577979941229938 2.336276594831454112 -7.6133770170293404433 -0.13148020794847434245 -0.0047312973833615861591 -0.99130750513795473644 0.15864800875079992926 -0.98720014741611816778 -0.016330286639566669871 -0.97854165176423058004 -0.15941607123312068195 0.13054789157763221907
5.5678119874735365613 -5.5660421291978936509 -4.3244548203187225255 -0.013227007594552012484 0.0050539708057502916519 0.99989974679931592494 -0.61161051715288095032 -0.79114842660629269844 -0.0040917461149007914104 0.79104843187903950419 -0.61160332279765672325 0.013555587945216863999
-6.5293478269254547897 -1.0233612106599818681 8.4680599790962673978 -0.37358670787876113728 0.0051971538258198763868 0.92758070338305520508 -0.30172110802519697126 0.94492468787179717538 -0.12681367127651549387 -0.87715297677689385569 -0.32724657957375535844 -0.35144321232444086789
-0.49691127156240100238 1.282135977598947818 6.113771407720270723 -0.93792247712605081311 -0.0031117741034067452829 0.3468310017340057172 0.0070253548531716558667 0.99958416759978063748 0.027966699358060308211 -0.34677380421676312627 0.02866720680023816803 -0.93751059725369934039
7.97316111764242752 -8.0738075353917970745 -4.0921141951035693296 -0.98247385593080993615 0.0029661400672665637693 0.18637683446672059784 0.069407187666140707227 -0.92215141066780759171 0.38055146577495718718 0.17299642976957496643 0.38681775788638989022 0.90578378075056820151
3.366168433398384785 -6.7184485079844344924 -8.1051117138752211133 -0.44371700580224299193 0.0055770579328535165031 0.89614960535991861068 -0.74111852795877686262 -0.56449359289707345955 -0.3634423077932211199 0.5038437716971971847 -0.82541860895110463758 0.25460866780034840939
5.9097772630305884789 -2.3042451106583601295 5.4892208939701534476 -0.14419119500669855261 -0.0078580986280307012215 0.98951864538689948692 -0.4333944487730381212 -0.89845910851121213447 -0.070288563121210262397 0.88959437445131472888 -0.43898687977976769137 0.12614423619747575089
-1.9827163564893159897 -7.7282100752365368024 -7.1068451053892705005 -0.18404012549089382444 -0.0025533270064854113671 0.98291541484003874807 -0.56607066776681491671 -0.81723648862810094329 -0.10811346238480989967 0.80355039126560734442 -0.57629680042154352027 0.14895894239917414903
5.3861437837550347751 2.4486430980043349948 2.2202958478342704751 -0.14786119801564268084 0.002786147080905644266 0.98900419792108751338 -0.83920027567461175089 0.52879624669053282293 -0.12695442801891168583 -0.52333542153112000417 -0.84874422935899840326 -0.075850311143378756906
-5.7729102276212600486 3.2601936284888402007 0.8343183741833236633 -0.77747432923234527369 0.010451086009893448964 -0.62882783191107949339 -0.3818399456195065711 -0.80232846057850426558 0.45876714929799405907 -0.49973185141044818014 0.59679126681526539766 0.62778042382607679439
