1125 17.292696884352682929 17.968806560800352656 18.477561601407678893
-5.7654182437773826564 3.970017673173657613 -5.1262369850515945302 -0.56502933582087955244 0.00091114058469916317171 -0.82507031184298162962 0.63906481540405279951 0.63298637687813696928 -0.43694897688337885899 0.52186014541712832937 -0.77416239672933839788 -0.35823815000067843473
2.1832664674291826223 -0.30428465893647754781 -0.16680457532188597281 0.94610555194158418857 -0.017672096392446580426 0.32337591375138513561 0.32374815529852668528 0.025553561272674562427 -0.94579815364952180001 0.0084508299129419667955 0.99951723972893324888 0.029897674799155882913
-2.0383517870638545588 7.7642725628288307149 2.0389636320005197767 -0.47181872429792426349 0.0016423123073192908306 -0.88169404796234707167 -0.8230981616307683213 -0.35929284827044721817 0.43979320765757579093 -0.3160640879978425799 0.93322342019074400188 0.1708728775613870543
-8.4213804432229668606 4.1859474245330563491 -5.1552056486158654991 -0.99632030178808217435 -0.0022995633672430143384 0.085677116276763415348 0.067893905028148460179 0.58892619663717693523 0.80532996502972820085 -0.052309405513799318854 0.80818354779269108157 -0.58660299962764328452
-6.448296670840153233 3.9636392521541221612 8.7214222073064764373 -0.98744528615633353485 -0.016983645627581943349 -0.15704573419520440059 -0.097685109754468008036 0.84695457802156026705 0.52261416178791364473 0.12413470981146740302 0.53139392031709065112 -0.83798035494287603786
-4.7134514497007051759 6.3091621845585761363 -3.9946892943373062401 0.92161483554623790937 0.0031024527094615939743 0.38809337753687817019 -0.3760457747730888145 -0.24020461074148369285 0.894925315461515547 0.095998282152187072724 -0.97071732227537654847 -0.22020946859305196019
-4.20181808879324592 3.0644296507215282865 -8.5909933681383758852 0.74201230230455517134 0.010420503352021732307 -0.67030527100612269376 0.2611539260739835222 0.91639781931179398189 0.30333754079662639258 0.61742721848403891993 -0.40013304021324275217 0.67725710037261543928
-5.9580390457435319362 -4.6640891885725448418 2.673018938265055322 0.37048239927345100186 0.001962836362659596285 -0.92883741263051977644 0.064558043149393395943 -0.99763386189770375534 0.023641841294234244852 -0.92659324997186121031 -0.068722811849344214719 -0.36973250362667775537
5.309584662187883275 -3.5102571094436409993 8.537487824569797823 -0.86878266807839621411 -0.0078342252147758813241 0.49513159923585431388 0.48929899982501179334 0.14023556215010479775 0.86076737617008070025 -0.076178503639557484939 0.99008717395185896759 -0.11800094728222115803
2.589217211318008971 -6.9679750010234231539 5.2472448338852695215 0.58246754530502220515 -0.0047114866787155689626 0.81284030446313970675 -0.34718796046415645318 -0.90562074046519491777 0.24353971862543363769 0.7349776042678255461 -0.42406234958171468152 -0.52913046112672856847
-0.74837886106576589906 4.3017360774347608299 -7.405795188837494436 0.46062211513071515956 0.0066752478554272364625 -0.88757124115123398056 -0.5486264301294010437 0.78821567732679120866 -0.27879219174795411007 0.69773656003984096952 0.61536289056320081503 0.36673178987054844136
-7.0605983089806798603 5.1240172949736768615 0.16895012779176138418 -0.94622258616369658846 -0.0091840933970512884932 -0.32338594567759681997 0.2794955967798410934 0.48020160697247360471 -0.83143768740767654002 0.16292645216172657596 -0.87711006669044522255 -0.45181069276449531413
5.1733811125519464369 0.81851312516385388296 -0.12597399603204248453 -0.094083739274855915369 0.012649551736349873635 0.99548392194206736239 -0.7273709323512578262 -0.68361144563533504659 -0.060057623723145284189 0.67976450096702745185 -0.72973651425535090986 0.073517637256831733228
-3.227085768520347564 4.3497568854433401597 -4.6401064091905217524 -0.99921211321626157709 0.0034376670963360391256 0.039539034472200182413 0.039422515994751432256 -0.029110632282427401779 0.99879849635474937664 0.0045845430202974849984 0.9995702844388665298 0.028952174913904574205
6.2432373690605693639 1.8412683097469730864 0.17391735861941087782 -0.49535563877130062149 0.0088844362262434743716 0.86864483992614971442 -0.8080149393747972919 0.36244040015874945393 -0.46448768991249778093 -0.31895869463766018947 -0.93196460400892267018 -0.17235813873829705645
-7.492604576496659341 6.410556565485412861 3.9869124622809466452 -0.93784625277141786537 0.0085729358733502934037 -0.34694511227701685385 0.098306953185136283779 0.96531175554937909133 -0.24188624920290388576 0.33283652010847641911 -0.2609592293222175452 -0.90615679190382070196
-4.9520572199989549844 1.8918466658611081677 -2.7657940352645598026 -0.25314568965393285938 0.012431756336791553383 0.96734828848967069348 0.68785228388275576616 -0.70080967954205919401 0.18901065741647971041 0.68027677850017775896 0.71323996277137491351 0.16885573765488870457
8.3037489031788833671 8.7090373244778529482 -4.7073338889710170108 -0.36561356230826103086 -0.0011647329433044778524 -0.93076601058140084888 -0.53003485802754823908 0.82227861786634071084 0.20717365632623424565 0.76510768675519491566 0.56908392878123648106 -0.3012535637480450168
-2.8263129616963373891 -4.8170614223748753346 8.3370731927400960615 -0.95192841876708289561 0.0099118034330541622545 -0.30616015693771531092 0.0039626865485795793181 0.99979118911349751375 0.020046827326337841868 0.306294927576037046 0.017869927902441240519 -0.95176892312039629296
-0.14554887987905176794 6.483329241387524533 4.0725257750131609313 0.0031548839794069364478 -0.0092100457373342804746 0.99995260975935629233 0.17148310137538069764 -0.98514014456545173637 -0.0096146507189132594112 0.98518200990980442366 0.17150530785748335783 -0.0015286356527014273877
7.2297177719320044886 -7.0121196640140182055 8.4816509812743632324 0.18648682362568458348 0.011767277119225431209 -0.98238698882003061552 -0.65973322091653641142 -0.73943946924035441892 -0.13409455077850040983 -0.72799364134105726265 0.67312019916104570694 -0.1301324542468954848
-4.9470958975424510484 0.82551417073636190747 -2.4271329644743815379 0.022208108283037524683 -0.00038449835731181516291 -0.99975329561220382946 -0.30459226438446407315 -0.95246133534721855174 -0.0063997770238026540149 -0.95222389825282216513 0.30465924707752262135 -0.021269479696053878587
8.0077896456371284728 8.7334863500054584762 8.8470042387388598826 0.82501222412147401375 -0.00083836792757684954966 0.56511426029571165675 0.047258592753479836124 0.99659842422814415297 -0.067514489089233770125 -0.56313537933714241657 0.082406783490387547353 0.82224550261698114983
-3.0278425693533845831 -5.8596581124337729918 -8.1847783848365800452 -0.84545257174245280751 -0.012655560655137190751 -0.53390053916309587745 0.14600361641836256954 0.95615605381803270291 -0.25386717932859192981 0.51370506414369343506 -0.29258406916985701951 -0.80653683706398193731
5.1971056630821710343 -3.3999001946693434562 5.981567192218454565 -0.49202174302211865164 -0.013005309627284928481 -0.87048576456765236475 0.63957907199016439392 -0.68376376948101458275 -0.35129150034866418739 -0.59063797292897535218 -0.72958753379340735012 0.34474456553790500113
-6.0152845939488575056 -8.1592728582276983218 -2.9819920855393933223 0.9799659653243623092 -0.0077474317227558689783 0.19901428116477484775 -0.19911770985845811399 -0.059890771466809010481 0.97814376914349032699 0.004341016765478418124 -0.99817487084935851982 -0.060233568536261425375
7.5606297607879167089 -5.9414025232550873312 2.9728393681653511038 0.49761458767530558633 -0.011376865970221814242 0.86732363570547799103 -0.15002726632522775385 0.98371482544956601046 0.09897960168539907122 -0.8543251965683190674 -0.1793758877652707473 0.48780400715524641075
8.4965069166221489638 6.3284460332518817083 -1.1294749350842143709 0.54152246515164936813 0.0044091794202120110704 -0.84067471644691915689 0.45304001097192153624 0.84083205963182117149 0.29623672283102076008 0.70817241417220322397 -0.54127812317889578697 0.45333191501743119733
5.3796621554517161101 -2.3059485627540650121 3.9880813070508254192 0.9772691490331186781 0.01555977094034724853 -0.21143061243754959766 -0.20780255930465224568 0.26783173615061617312 -0.94078916737840478923 0.041989364057004048558 0.96334005140376577359 0.26497705309574948185
-3.8589284988227929851 -4.5931424512042040575 1.6051778605360964569 -0.76907847207550883439 0.003477605797281862858 -0.63914490536039991753 -0.2897407926837772818 0.88943825772778772887 0.35348247303816054954 0.56970920375675182523 0.45704211178856357645 -0.68304021199833508948
1.2926442591031779283 -6.9287466254295209112 6.538817742573093561 -0.8085474507341842143 -0.011766061436604753621 -0.58831333463498525216 0.44777025536646897219 0.63637072259786875428 -0.62811949645699205469 0.38177587446048860675 -0.77129362970180603831 -0.50926743314436540011
4.3678533940719859174 6.6636397040490793486 6.2587171049287197988 -0.9236510198549209294 -0.0051708243350343779249 -0.38319976004247102708 0.16712187305941050841 -0.90525948459086069686 -0.39060919741283428586 -0.34487544572786899 -0.42482764520934868102 0.83700800402371133835
-3.4109486678736633536 4.1171974083132809596 2.8126924059784479404 -0.98100610330332671527 0.0029540547138703346017 -0.19395437309321700292 0.19396069753641273503 0.027848825242224733989 -0.98061393562569831861 0.0025046142220047592532 -0.99960778132879934965 -0.027892838045353855747
3.1901008484995112546 0.76803553535855062506 -6.6844183467979796376 -0.99811264236511210157 0.0048060458029399793708 -0.061221361261066753467 0.061079302594887641131 0.18097151088804991348 -0.98158984868505461119 0.0063617564737078850789 -0.98347659563948153227 -0.18092350285099365048
0.75575098399351203771 6.53658817659538105 8.4128243533622502071 0.96174914263591659846 0.0098106347360987621736 0.27375598273730661347 0.26880871983349269305 -0.22617000935093173331 -0.93626331713411103941 0.05273005575435634612 0.97403843780200261016 -0.22015599674727320822
6.1903979388994283539 -6.9063277134888663156 2.8070629899590207046 0.49342757852677160413 -0.0030910381613192781936 0.86978139220870231973 0.86597497475583173898 0.095265053007169406274 -0.49092964136639011263 -0.081342288177447902298 0.99544714332724015815 0.049683166117346258539
4.4936030338592649613 7.4658789445015605324 -3.8523269375366941958 0.51853499277187553584 -0.011654459107983902028 0.8549769791371223393 -0.11996087049640549727 0.98902608913528455847 0.086236793536381500802 -0.84659958116045741505 -0.14728057778456332683 0.51144655692122875656
-6.2101703842852993276 -7.1721642214972725071 -2.192423674473323203 -0.99592040725914388055 0.0059008891840503117573 0.09004288928898737665 -0.087291301351031427846 0.18983784165680600564 -0.97792730945791828123 -0.022864188442321884548 -0.98179772528860598246 -0.18854828427993375328
0.7970885627631384418 -6.9898087196101483798 1.5069580037461531852 0.15794718554843895086 0.015249450602816360528 -0.98732980347694232481 0.96337838830427480197 -0.22179865813044732925 0.15068986760666211455 -0.21669048785097119736 -0.97497323527771395657 -0.049723464954319812614
-7.6381700094857105654 7.5629463149417723855 -3.3583730736756476354 -0.97273990289377865182 -0.010141082634772128138 -0.23167701604016391337 0.21363532862037412641 -0.42780250183034557176 -0.87826246976206368 -0.090205474797754356397 -0.90381534500726168346 0.41830705760935160686
-6.66807118229568907 -4.1825325522162408731 -3.318242846176415739 0.44678828569229228629 -0.01468578284198634315 -0.89451917561913552035 -0.73658248010202542755 -0.57352692324092369169 -0.35848726382552109637 -0.50776616446459343912 0.81905506292313123851 -0.26706240118128538041
-8.4994440355751965654 1.7105189981310571223 -4.2988930255740136488 -0.036805211432715832787 0.0023648936150805054818 0.99931966041380182464 -0.97159083024360415326 0.23386075589298865873 -0.036337383501997139179 -0.23378758520934408982 -0.97226722362274187184 -0.0063095856155316720065
-3.149080002058513017 7.719941879288664488 -0.51877635612084549432 0.96954421648313993121 -0.0095225744811844904858 -0.24473114403244677906 -0.048342333087699571048 -0.98702587388387363898 -0.15311088503213154954 -0.24009796149879625293 0.16027864754528586833 -0.95742557101072855996
-1.1965619193851921853 -2.5879139459507563004 -5.6614123274495149474 0.52389639895372397405 0.013905878625649566865 0.85166847405704826368 -0.40532257459407039502 0.88347782971353361336 0.23490537441525224938 -0.74916364947034441713 -0.4682665383564620365 0.46848722006889281788
1.4733604041793644246 4.43896701771794433 -8.7806721872544652996 0.78145113073144290006 -0.0011306639432218624445 -0.62396542522597486791 -0.12243098756150042061 0.98028163061425699354 -0.15510827819567332697 0.61183721982501815262 0.1976022425965417717 0.76590376037565222056
-0.94192524249330233932 8.7080436972027150944 6.9286638587149704804 -0.59783969611728482452 -0.0041064736038528429699 0.80160516129883729874 -0.055027286254355878281 -0.99741779474718195164 -0.046149111463350517282 0.79972476234864831035 -0.071699927447049810469 0.59606998321533621876
2.4125461355688635479 -5.9913268412616504932 -3.6545110826429101358 0.95160668613157128881 0.0047671342560873649838 0.30728161243564910965 -0.10228295002166044869 -0.93796263513806410472 0.33130694713514446947 0.28979805562646859807 -0.34670357586280492468 -0.89208391838380951544
-2.1426933822907914262 5.0677390345260180382 9.1962214224679943442 0.1472035976119117906 -0.0011908499340172410547 -0.98910549625750998626 -0.51934741211888657553 -0.85115309689568763307 -0.076267104116248346513 -0.84178938362029254172 0.52491617189904948848 -0.12591126281303058332
-4.6075640507388797573 7.6916919328159236713 -3.6826388263983558247 -0.86450158770558305221 -0.0053067663199741453572 -0.50260207230549169832 -0.50000965645971129359 0.11105303958533095654 0.85886993534863997901 0.051257665785257811031 0.99380031225097342773 -0.098658963445597006037
7.7211371426692929631 0.53803327377406051646 -3.0630447851958737537 -0.093102696399687018269 -0.011067025563883097633 0.99559500243213716608 0.97557990124729021542 -0.20080603557171661233 0.088998833475292721262 0.19893653310843903426 0.97956850552834073831 0.029492351071809145419
-1.1559267291354144991 -8.2981807886352214609 -3.6056940381232767123 -0.15666231991063947482 0.0044442016372113323647 0.98764222600701756516 0.30724303104257105757 -0.9501534269327593929 0.053011179611914011067 0.93864723799513505309 0.31175104548319532149 0.14748779015280455429
0.26565903394564632789 1.8081927340584147412 -2.7939548704994372486 0.98252183096505629756 -0.010584412570457651243 -0.18584623183604845331 -0.17272625828086055066 -0.42406336268609495788 -0.8890083824841297222 -0.069400946516151681975 0.90557066794259577502 -0.41847971753090962288
-4.6397621808736992932 -6.2117126886402251884 -3.7365874890043353496 0.82520061266506428144 0.004286769681260495235 0.56482348788173830645 0.55532719774508676469 -0.188905110748813998 -0.80989293278660035025 0.10322621906247431145 0.98198598907473622077 -0.1582651729199981705
-4.9808615126725035438 -2.8164628447639481479 -5.9802574592279187371 -0.29920564010880529304 4.068332783598287844e-05 -0.95418865182522494273 0.39893352147574839828 -0.90840182482761722138 -0.1251326100293453647 -0.86679180335871808261 -0.41809822170716004486 0.2717827195302131571
0.30571141694884901296 7.5242945878393054926 -0.61229083006730422589 0.97573089545264246603 0.0089597639715837396057 0.2187897216248747001 -0.092692493154571065084 0.92212844725047204975 0.37561579903389169521 -0.19838679737322437169 -0.38678010471147711291 0.90057971841907535904
1.9535538868441746363 -0.42541290541597337471 -8.9443016843965175156 -0.99993332127718781432 0.00014493021314585224218 -0.011546947431497086439 0.0054957106984264243385 0.88539854829058550756 -0.46480018055970495627 0.010156286903723813278 -0.46483264695980658354 -0.8853403075406147682
5.4114675059259651491 -3.639363523278464907 -1.8544390498025264957 -0.22499651396821590543 0.0047279717749861846846 -0.97434809744005679288 0.014177837433033699602 -0.99986647167989572971 -0.0081257452811321888991 -0.97425641266960949505 -0.015642413290323266273 0.22489943814642324171
3.0539221536579308491 -8.0787863453330075458 4.8754728483142706352 -0.77158478352661297173 -0.005929515697422081677 -0.6360988623427311639 0.20604271694265705039 -0.94837905285054135973 -0.24108830521033364214 -0.60183329969770194001 -0.31708360562805509852 0.73297657971932872467
-5.6541800040130931748 -4.8757089863698634957 -0.77357576496523139387 0.85170150662087318327 -0.00607003308648065322 0.52399207848782936026 0.35848959709944117069 0.73608382666792404603 -0.57416531494796019253 -0.38221689181812046332 0.67686317289105646378 0.62909974788773659338
-6.016489869208231589 -4.7026687905943136414 9.0133107119773718807 0.59773119813829267422 0.0041166798952910910875 -0.8016860156686534955 -0.78650475424885168962 -0.19073900100766466581 -0.58739161131118255987 -0.15533089298734775729 0.9816321543436939967 -0.11077286329455941771
-3.0769514585188439959 3.0576438998121844293 7.0961584100425465493 -0.97198338093984437691 0.009050371642228743907 -0.23487528169274357603 0.15505438017802583572 -0.72631271677215891724 -0.66964765111397550612 -0.1766534640608034834 -0.68730482919022162225 0.70456059030260420606
-5.3349684680313727014 8.5912068093859250695 2.9898533586309272714 0.94328308125732818201 0.018966052032966203289 -0.33144730725102267144 0.12238651737733929892 -0.94791752027812947734 0.29406447441659744335 -0.30860746746929096362 -0.31795072514462646707 -0.89647574836245269569
1.3249874943381809711 4.2750436387316570475 8.3558985873911399977 -0.80909231315122331907 -0.015508221000879080648 0.58747691348731811978 0.118935108329863648 0.97464497340045896934 0.18952998662950326647 -0.57552069363838909144 0.22321888564055145099 -0.78673328408522102961
4.9839768771811039372 -7.1165194652199668113 8.0454839109221047977 0.75386959260998953614 0.0046478316471805598484 0.65700763694090558165 0.14629850937386512655 -0.97605731922033445169 -0.16096228052349026427 0.6405289872384500871 0.21746380677550594673 -0.7364999044466246092
-3.6425447181147259101 6.4927483831046970408 -5.0863815311020843524 -0.92471873461033615715 0.00072815193934305452728 -0.38065040608868960792 0.16813524374538812989 -0.89637770034316854861 -0.41016771952218361585 -0.34150520006489887281 -0.44329052338413343914 0.82877482479033925955
4.6122388304908188417 5.3541512439023870584 -6.4324846392206245227 -0.7066959300143278444 0.007975772600507210694 -0.7074724373095311325 -0.55564119877480400156 0.61276985066870104379 0.56193947034851010613 0.43799968119304000247 0.7902211697764258691 -0.42861029165406738795
3.1217031978878497789 -4.8130589485145867101 1.8000851219648850154 0.23848115607078429479 -0.0075528939046767221838 0.97111775392729315914 0.55893341798051365821 -0.81668185581673669038 -0.14361121350476316327 0.7941789297530039704 0.57703873368575331337 -0.19054166831133378945
-0.86499430771947483088 -8.2757859989193498507 -7.1438896824617250658 0.98663190202176498378 -0.01000531990651194747 0.1626572577128035102 -0.14060909027797457993 0.45229351907738069016 0.88071542301245653306 -0.082380663048162841577 -0.89181302198075851351 0.44484037606940701748
-8.4772008571095351925 -1.5701559368214497159 -2.5395881220205409612 0.83256889863969241183 -0.0085893373166877132197 -0.55385490184890506793 0.42791050319197998508 0.64489816480594142067 0.63324478544039619621 0.35174085670501348266 -0.76422024332910432065 0.54059762246069253955
5.020990849479186835 1.764681815991533842 -4.3771544499555856689 -0.09833389165651126862 0.0023544363827062205624 -0.99515069330259786629 0.66940204883066356523 0.74010419949591810251 -0.064394649696234970704 0.73636359413859608924 -0.67248808949861393902 -0.074353390706175553904
-6.5378713591764228141 -4.8218927811960998753 1.3346262957463552734 0.49748013658264667036 -0.0039183437871080292747 -0.86746651825185450146 0.099920851695671247805 -0.99307499648617481025 0.061788953307155843053 -0.86170141992597981684 -0.11741677025160993098 -0.49364356064015157965
1.4503000800155485539 -1.2978073994614063302 0.9734437229751402576 0.43765028322469157196 -0.0060093714244583984474 0.8991251954250903955 -0.32150475188407001692 -0.93491248446307784192 0.15024427080785790478 0.83970049667069623922 -0.35482747053988139552 -0.41109675508444765146
1.8057301635187406053 8.8428266370765609139 3.3984508359466070182 0.022888283928123774602 -0.0081061787082417902095 -0.99970516469869774578 -0.030233243630083259795 -0.99951538586627830529 0.0074124487268612399005 -0.99928078008051557379 0.030054671571530206658 -0.023122268018065765538
8.4399004133044392972 4.5898441892480015269 6.6981848725403825284 -0.32967278180870412951 -0.016911704888348345899 0.94394377542985086205 0.91399466554244213068 0.24474108524539478493 0.32359782532202197025 -0.23649441493379375068 0.9694409705757500717 -0.065227266342568604451
-7.5457781822770852997 6.584647566224527182 -5.759658615742470289 -0.69352972068238505354 -0.0027663993628214604906 -0.72042270478170544745 0.69646706540335201474 -0.25833127071030448363 -0.66947634863483984624 -0.18425567383038657376 -0.96605243212140823328 0.18108712006511903936
-7.5576144649235335038 -5.8959917051247128228 -4.2709696746169880655 -0.96482116319171717933 -0.0060505791152579164321 -0.26283742798478604286 0.26178415794640619296 0.070191195088414551351 -0.96257064716333673449 0.024272983038879050732 -0.99751520621212641515 -0.066138004732374980343
3.8958421190133334377 6.2736622812917239855 -8.759347844861387955 -0.95068645433772658304 -0.018348750575473825319 -0.30961038240129967747 -0.30872937287801210937 -0.039571511362351360908 0.95032640172247939692 -0.029689052875633295536 0.99904825651271245146 0.031955301571570796093
3.5645067155621963373 -7.8971742971985108284 7.82210891124671992 0.73917044926608765909 -0.0047427947666606427857 0.67350170959656130432 0.65934697115269091938 0.20914711647235201264 -0.72216276233490095393 -0.13743587073138696653 0.97787268576712582657 0.15772251540975876227
0.37319676346949498535 8.6346129634080135418 -5.1452589084645206086 0.02919232141065349756 -0.0018503379546756584806 -0.9995721007613346254 0.42151459439525423845 -0.90671371607906625645 0.013988702076633337257 -0.90635161779646733482 -0.42174259130845154209 -0.02568913377468737963
5.1998944493988616955 5.5330227202579953527 8.4278193924724291719 -0.99966804768527162128 0.0033819113344628420025 0.025541282517526509716 0.024663967182723636751 -0.16099221630734897315 0.98664745223969629873 0.00744870188163880044 0.98694988168813257978 0.1608553632181889681
-3.1068422841948311053 -0.30265697788365997223 7.8808556695697227212 0.99348584537613560119 0.011195464639977619967 0.11340430595323734708 0.073387581609916444081 0.69846597656122233477 -0.71187045341980803581 -0.087178769793274768496 0.71555568697212312834 0.69309445311539308321
3.905805881088967535 1.8591648354014409517 -7.3041198321538187699 -0.93678307037001151691 -0.0051112885394324261007 0.34987333964956374155 -0.24557404977870850304 0.72188272839486467003 -0.64697659348739888774 -0.24926063697117278872 -0.69199653263197657971 -0.67750271857900978834
6.7840770307763200719 2.1004873905158665259 2.9436444611024881191 0.56039507338267058323 0.012882614999044163934 0.82812523205080679212 -0.54365688090298591728 0.76003329057053237161 0.3560710505942081272 -0.62481561886290393204 -0.64975644318110448161 0.43292263393094171375
5.3181164636014655045 -4.6864254478709996832 8.1859835010646460063 0.69372375282009546282 -0.00036024202724427821509 -0.72024108810787557111 0.58287446640443785206 -0.58714663703499392344 0.56170827217669250242 -0.4230894836636069356 -0.80948051047802338509 -0.40710759262027790273
-0.42888596035651072036 1.91605714242602021 0.77571026273784937644 -0.97307971019961758685 0.0019025343797519915674 -0.23046096841054911075 -0.16906450924863866692 0.67370047709175084893 0.71940590689746419795 0.1566303588401184721 0.73900206192478790079 -0.65524261396868055396
7.6090780567601772333 0.1006399234160080397 -8.2738343817266866154 -0.8790613364897829074 -0.0018982358699622106299 0.47670490178862906516 0.23771228618155820778 0.86504926000992254931 0.44179480163785178615 -0.41321185327512088836 0.50168334082011623032 -0.75998012464549846712
-7.1618367805625933187 -7.0890809192860961829 -6.6324085293515500084 0.9999465726405001309 0.0096490915926588857743 0.003707680659037169979 0.0061715215083446867822 -0.84502063577268882177 0.53469808064059887176 0.0082924174224333728478 -0.53464663110300991722 -0.84503503812780400573
-1.1588775089077545388 -8.3247935492075679775 -1.4387453447195659439 0.89621627633215439346 -0.01308891604511244755 -0.44342425093153531312 -0.41463609060720429955 0.33064505105002800489 -0.84779169763704320673 0.15771270844020990332 0.94366441624824981549 0.29090233946050114699
-0.81325372136029205894 -5.7367721306455843333 -1.307441740924171425 -0.067674075144201248366 0.0088384466011873011326 -0.99766833237049212801 0.99502648260759452015 -0.072659712732809342284 -0.068138572449173026579 -0.073092533566531198153 -0.99731762643956067826 -0.0038773095737082447637
2.6498297538139841123 7.6292251387934406637 3.3693055255668538095 -0.95610947115034428112 -0.010478542378808231722 0.29282226576307174293 -0.24432352801627144068 0.58016225647650143671 -0.77699277333699834358 -0.16174267474813491807 -0.81443351865559754366 -0.55725878266348660706
0.059761689170834512985 -1.3248098432754673581 6.2808344055180898025 -0.25600032239637660059 -0.0018647220562812471048 0.96667489764889458215 -0.95587230701020020618 -0.14860452509823313116 -0.25342617822794905047 0.14412483347367779918 -0.9888949478746733579 0.03626037016090230547
1.1433706029207277854 -4.6866842091292539862 -2.6535613386853151852 0.79249397546090638578 0.0070188804246165727163 -0.60983935112112619414 0.41348708173539611144 -0.74121397768311791943 0.52880078718278356043 -0.44830986169841258171 -0.67123213168378148552 -0.59030982822518507369
7.7587499332360847504 -1.1061224329993619708 -7.9369955975037784768 0.85804731344476214971 0.0027475626793487546023 -0.51356329579647030936 0.17035998330865401162 -0.9448882736990678044 0.27957758549869088371 -0.48449177906049473163 -0.32738143063636104824 -0.81122691948520386784
-5.5736085014040481767 4.3533792944869311725 -0.84557244200642234233 0.99898737619611810423 0.0036634405714862246749 -0.044841960307520058182 0.02093700506173835213 -0.92003786608878213027 0.39126968548793056302 -0.039822908232385163807 -0.39181233284065086764 -0.91918291531903406621
6.9991541283643430305 -1.5358168336566755396 -6.198991500275663924 0.85957640067335239209 0.0011413420206321557571 -0.5110059772093245023 -0.50754692947926383084 -0.11427067051863348812 -0.85401307263724279828 -0.059367716660800394501 0.99344899778368200849 -0.097645087029010244062
-4.5923424657111642233 6.6783254188005631846 -0.51128232112120020059 -0.58168214210925350827 -0.008180805249951485919 -0.81337504263241966473 0.25768929671374896095 0.94659145118858656343 -0.19380621996275618213 0.77151935290728823613 -0.32233165988225481735 -0.54850723707806514629
-1.8553862120391977353 -5.8143666186059608236 6.9696812341152059034 -0.21740467128544729847 -0.0052539527341864686663 0.97606741820636477858 -0.63400333095892658086 0.76107711259343235888 -0.13711821549188943359 -0.74214215972160590962 -0.64864013494954542161 -0.16879274302049038226
3.5825230280155722085 3.2018773206534389963 -6.2426071580572219943 -0.44142141135218876391 0.005283416999367589531 -0.89728436022516411263 0.70559638579961814209 0.61980787428495665026 -0.34347043442047264783 0.55432921440817739533 -0.78473580552891675222 -0.27732442657345440784
-5.3766480875184941013 0.73605063013321181398 7.4239126645348214595 -0.85830214642283531035 0.011191269459131156921 0.51302259300497066175 0.46327798554153432065 0.44681316240871715717 0.76533097808132311002 -0.22066022196655890597 0.89455729463581656891 -0.3886853651160921963
7.5648420129160633962 2.1563009367985972453 6.2287211084124649574 0.32097427410059486963 -0.00693016348529606422 -0.94706255770118386028 -0.71162985321509442116 -0.66160851688491173483 -0.2363411144899065508 -0.62494677163612444293 0.74981740658596529592 -0.21729102466957789241
7.5918372638674682662 2.0190435627006371178 0.092962025247884383372 -0.38035363859516135854 0.0017434894004248000648 0.92483948328980947196 0.12119963888736111357 -0.99128014470125003221 0.051713849739744986722 0.91686517936974143428 0.13175976231787436821 0.37682569961828255023
6.6022756443651147151 0.84156863721458419203 8.3330573234720777265 -0.94850601631748943099 -0.0061802666699848820414 0.31669881798592547373 0.027964451054454345091 -0.99753960498607341378 0.064286281284699861582 0.31552230743158654613 0.069832233159667758682 0.94634514460896657084
-2.1065935828439608102 7.3660623671901968024 -3.5371441286418687788 -0.86942429315809732771 -0.006506396916364298906 -0.49402334485911469919 -0.45557159668760155435 -0.37639363186004037853 0.80671082438902952383 -0.19119602181537839747 0.9264369922959597714 0.32428163769723516996
7.9057593344815080272 -2.5857948064775269081 -1.0776908259685122893 0.8823386933977129809 -0.0098041049903254528369 -0.47051281561571112189 -0.46886609724514566322 0.067798324321705322193 -0.88066336932642375057 0.040534096604736925828 0.99765087417611286735 0.055224272453012347717
4.660218464190223564 -8.039463537390439285 1.1880052092370709804 0.60453377984257439248 -0.0028285478562581449491 0.79657448386611484636 -0.21973145978941691081 -0.96178856759472008964 0.16334269748924765131 0.76567420918285977738 -0.2737786524935654775 -0.58205519912691749962
-5.846983397154036588 3.9770655676112571797 -3.0614703218948173813 -0.97149680392999471223 -0.005576776936281457181 0.23698704503184997439 -0.016056796366592202691 -0.99587912901848119063 -0.089257714938464030596 0.23650822236094778961 -0.090518837512534575107 0.96740384577023041945
-5.878140366137316164 -6.8345842937840437514 7.8806143968001620692 0.21909933162033637388 -0.012656434436365594093 -0.97562046798477730647 -0.44256323488337945271 0.88984934229162526709 -0.1109321015427253837 0.86955923663273149149 0.45607889963308673176 0.18936412357252405125
2.1873888159898098316 6.4660203605883159739 -8.2208459079268152436 0.94737201087029621061 0.0036283253567151773147 0.32011421129784051187 0.29968610800941763994 -0.36169674355212333428 -0.88281578053978637666 0.11258112490954470808 0.93228874334031164306 -0.34374872996889171972
4.406710790910403297 3.086957933158712919 -7.1469757924925172432 0.43056527399353056174 -0.0070639693304075327346 0.902531797316951101 0.42267642098999541611 -0.88195972947673162423 -0.20854658645073223533 0.7974698664965892414 0.47127182805519146624 -0.37675545929890302821
4.4836835211549477265 5.340374165766318626 -4.9125127704685596086 -0.88890824671876356167 0.0026155885539411753357 -0.45807781829284027753 -0.38745097731320921053 -0.53777584918857357366 0.74878493321429584473 -0.24438467442600128599 0.84308380053589138114 0.47904679957137941138
-0.90540698135307084993 4.1058140802560503246 6.7573183524372968378 -0.69396524905193901489 0.015673072504463439469 0.71983789001872677815 0.71755442574799643829 0.097528536763901982343 0.68964036323755406599 -0.059395952705489363233 0.99510931023432636078 -0.078927697845603883575
2.3223321974377211241 -6.8441032102837384699 -0.90993410079085645936 0.4404971873059070897 0.012310766807708019288 -0.89766957896314092391 -0.60155385659945559418 -0.73818479152782212616 -0.30531323451018338444 -0.6664046710413041863 0.67448621822654009073 -0.31776273512905861551
7.6771159545515175182 2.8879590599992326361 -2.7514271731042510005 -0.42765917247044638039 -0.00016451127605663978457 -0.90394004510149372766 0.043103403511569167439 0.9988587471709551302 -0.02057425102939967887 0.90291180566394857454 -0.047761659683576720981 -0.42716401423412708738
2.9642345584254732316 7.4931455457023963262 -3.0299080582502280201 -0.16316077403697859527 -0.0028057199203590614534 0.98659550462742795496 -0.96871418445096002525 -0.1890900535767721935 -0.1607413465211201542 0.18700639202657778903 -0.98195574216649017529 0.028134138819948240756
3.0929824040080204917 -5.6583559328925874254 6.9451318238093318058 0.99323595099139339037 -0.0048092989539639269952 -0.11601386254262407993 0.014036780885233544891 0.9967874635001460204 0.078852529390599959691 0.11526193838763569566 -0.079947628185412747404 0.99011265132129722133
-5.5149635282469002817 1.9617943850279211393 -5.8353527418357460377 0.1178935723177577527 0.0064797476193861345065 0.99300509488955956972 0.4406986065557897958 -0.89645139751485936053 -0.046471820206016305199 0.88987967938702916548 0.44309469051694555519 -0.10854147340890979434
-4.9071328552559014824 6.6509369364577208827 3.4010126231324147028 -0.99998597323347038213 -0.0023577360095924661774 0.0047428279743325510789 -0.0034023827326114825659 0.97221622640311211594 -0.2340598917158147052 -0.0040592028806039296557 -0.23407274552826354275 -0.9722106112734295591
7.0225906868103784575 3.1055627752409917797 1.6357037285592948006 0.31334049804657659877 -0.003076438689328128348 0.94963586063760574429 0.90683018695680350785 0.29783390155222655427 -0.29825153664350917415 -0.28191620086108309939 0.95461275007786761115 0.096113230519372261362
-5.7099538265492695288 -5.7572747726485857811 7.3847514647652827691 0.59873482728049420842 0.021256621380287887835 -0.80066520009867714336 -0.040446603561967206519 0.99917477998689541163 -0.0037190453717019095192 0.79992542081234618845 0.034610909922700425212 0.59910049745639770702
-3.7931870439476824686 -8.251521606442919321 2.4975741579478114573 0.21500110855960086198 0.00064640881923040075657 -0.97661359066601116652 0.82896709014939895521 -0.52880631136701750084 0.18214677737275999925 -0.51632168922784504872 -0.84874228551067698589 -0.11422979479511539969
8.0562699100523342821 -5.7558927807924007425 5.8404477176523190707 -0.06143092881799044197 -0.0031984132784266586756 0.99810621235268404128 0.98074244186917081123 -0.18593611734563147975 0.059766403465124635919 0.18539283616506241348 0.98255662962450684983 0.014559048038278843418
4.9830166495873093879 -7.1047992631499923277 -2.2838472909441271952 0.065558176712060864388 0.0026018098989113690178 -0.99784535678182206819 -0.64117481322909464225 0.76634502455822706146 -0.040126826633019016533 0.76458942207365498955 0.64242395185743428332 0.051908397518314802754
-0.15888438996079307097 -0.4435200523327724742 -5.6775935822917880103 0.22375361190691675506 0.00067932612864673102508 0.9746455046193620575 0.95634035241664472338 -0.19305299606060424833 -0.21941666083460228953 0.18800917929305330234 0.98118809574317067401 -0.043845972147167761035
-4.9503896862800029766 -7.0315165198971616434 -8.0249514638345971207 0.32232015989312168269 -0.0018928008975529660163 -0.946628824741291508 0.88514838440374421502 0.35511406767749847946 0.30067646486653654136 0.33559209185204347259 -0.93482106108170870407 0.11613583273060432144
7.1603449367248144242 5.2338155579063068146 0.0051748698738640908079 -0.013647484734460682901 -0.0058429656957359465963 0.99988979688368218035 0.71740607770855757686 0.69651731021829521584 0.013862042884231724066 -0.69652154728116177917 0.71751619934194821315 -0.0053139302565798143818
-6.625130715564672812 5.4578172383724803396 -7.263416308961748058 0.73221339465244084099 -0.0013161063272393962176 0.68107401400703704297 0.63738713942369829013 0.35371106370829402676 -0.68456272021462216681 -0.24000245663115263306 0.9353538107446915939 0.25983084793116884015
-8.1096223002478229347 4.1095925467037552892 -3.7555641462104394357 0.98666063935766945558 0.0012470743334067292338 -0.16278583337670535225 0.16091460110465236055 -0.15884493741284877455 0.97410203624139157785 -0.02464292786701631488 -0.98730275532076428036 -0.15692671997531829065
-6.8550279767413222487 7.6494931641026751024 -9.0562520067919862754 0.94256435692114093339 -0.0081464999942251307974 0.33392524253134359125 0.27768689004717722613 0.57471473853380150576 -0.76980059782264265156 -0.18564057788541463156 0.81831326755072619772 0.54396780418732715301
2.0072588540183606831 7.7680597075609059132 -4.0300556445011190831 0.18613333859408454085 0.0032425138843285958475 -0.9825191430030794093 0.95285234126508100427 0.24330413155367702771 0.18131606468961486422 0.2396388866804051998 -0.96994463020966636968 0.042197373353596419332
-0.034991984119175791046 -4.4727804695017869818 -0.59176319681470390677 -0.77590469732024891503 0.015463601901113855838 -0.63066058834590543736 0.37918772684239698822 0.81038507260514336394 -0.44664605887713754173 0.5041711698307986822 -0.5856935300263763633 -0.63464519252617246359
-5.3769921461307488286 -1.382830058701471021 1.5837466515885880725 0.36524737769123993836 0.011131088195422956383 0.93084394608617793132 -0.89036909731761437747 -0.28769907388233606493 0.35280605639487183645 0.27173005654741066994 -0.95765617095216892807 -0.095170555350831548269
-6.4028821802616553427 7.6576112183439049019 8.2193766160145553812 -0.98344120787180944188 0.0031159363257444137874 -0.18120066666702827618 0.032012308905867939424 0.98711654136387083636 -0.15676780869932577245 0.17837769686348581288 -0.15997257485816449019 -0.97087083206516067158
-7.268127368163605162 -0.44590828548802263764 7.7799715753849660871 -0.45814299162599481097 -0.020963298159868345993 -0.88863127300033317724 0.25613434017832248379 0.95420412520384312316 -0.15456289084416771629 0.85117577444712688717 -0.29842088997734134148 -0.43179251200057233717
-0.35876318483289354466 -8.2446864022482113654 -5.6234371635913795728 -0.88285469230564250775 -0.0085151848636987846619 -0.46956904061144355556 -0.46919861025736148141 -0.027651197065225716076 0.88265966002373497101 -0.020500156254253169147 0.99958136383563800376 0.020416676172577759296
3.6227690681922384286 -3.537204881446098792 -7.3717678232928482984 -0.62678356565434689696 0.0078495580388684964984 -0.77915386559033494862 -0.67971145762131945922 0.48339002745363190972 0.5516578792485005156 0.38096547901903332622 0.87536990226826172368 -0.29764549047285399075
3.2969597394885234998 3.0892260456948323899 8.6729295195087576786 0.82972856747837453462 0.0030550652122119997464 0.55815873269795290845 -0.2237260772368388495 0.91796219947360668812 0.32755464078802015715 -0.51136791713458307207 -0.39665610661385930502 0.76234295852397460092
0.0084004537763361884772 -6.9508489603068328577 -1.0986042894259520075 0.97964325612879266103 0.014042458487053641192 0.20025458816561875208 -0.14530760925322125376 -0.63867837124069970489 0.75562929853356741727 0.13850916725931991524 -0.76934566189006337034 -0.62363648315034037051
-4.3691195514622807039 6.5715398264626960767 5.5593803593377355554 -0.010063377483054639777 0.01666787752768897346 -0.99981043717914541702 0.81468083698481441601 -0.57963440497233142956 -0.017863102243886951059 -0.57982226783998391806 -0.81470616692821640203 -0.0077459205955265463678
2.0226870842687101337 -1.6038739908989299021 -8.3003016223628307557 0.62003517177931211091 -0.011522754958044216511 -0.78448939564184860807 -0.76503831058778326568 0.21286115761176432892 -0.60778821221935741548 0.17399071552638348259 0.97701451048500875807 0.12316605543884273644
-4.7489920747472034179 6.5099553428825602808 -2.8038410052721776111 0.92813549120878735543 0.0051902641162557038371 0.37220635555660258609 0.31910129449787405509 0.50377284482873041505 -0.80273736966889908118 -0.19167387356671708454 0.86382057278792556687 0.46591323679437068872
-2.1142457359898343405 6.2257786143002116219 -3.5570541349026827405 0.70487734734303320039 -0.0017598787328182759898 -0.70932702474191045017 0.55223406393178897655 0.62896698766798941893 0.54720934481895799895 0.44518025993529808382 -0.77743001694711677541 0.44431644681845383626
