1125 17.292696884352682929 17.968806560800352656 18.477561601407678893
-2.3198013998395650148 8.7456984998609836879 3.7195501646733037937 -0.41005388959033417517 -0.0042287014214004992052 0.91205149290819431673 0.86800621748548378864 0.30522540005278908648 0.39166651831520599147 -0.28003752255427066808 0.95227074576890236024 -0.12148832336780614194
2.9130865964736916141 2.9856529878159525637 -3.4735219496120470772 -0.4014207326566302525 -0.0016042925747671767794 -0.91589236356612457879 -0.63633912862367736363 0.71971558748104214054 0.27763642865979298868 0.65873660045250337358 0.69426716714966729693 -0.28992963257005460731
2.5473194490872663742 8.9211487090111099008 5.9932177214484791961 -0.49145381157268341887 -0.003584098429702939001 -0.87089626553862087288 -0.8345385856775897615 -0.28400978945271454501 0.47210569633323845595 -0.24903513829561926829 0.95881468164292615874 0.13658662511606922685
2.5188961053451541794 3.343390090052567043 2.7041886596005459964 -0.87026657722261357986 -0.0088535667378328922195 -0.49250147098823232605 -0.36333483687641093818 -0.66357540288616423396 0.65395373001209378128 -0.332601685025008309 0.74805701590246542754 0.57427068537216652278
-5.4277674220704810182 -8.1047446549787416359 -1.9870235840231880164 -0.99920983925940198844 0.00098784950542998937323 -0.039733125734124886963 -0.039174419833198664831 0.14436532204779869981 0.98874871358766946994 0.0067128204201373775639 0.98952396532036768217 -0.14421255180679506958
-3.3752598879235709006 -8.2417479789540610824 2.2342601044777072872 0.99667279289451193858 0.0029469107979236824901 0.081453419943265409353 0.080117608329935585676 0.14829334961695314621 -0.98569277733730109592 -0.014983749170194390898 0.98893902652078513604 0.14756384748517534233
-6.6519645528477004959 3.1353315968607033959 1.5320827046109253278 -0.10476601404549339136 0.00075817278230667049799 0.99449661008720513511 -0.60750502039856579817 0.79168445617810256909 -0.064601641126783959646 -0.78737648713422181412 -0.61092973983912846059 -0.082481031084016318
-6.7851037094116106729 -0.29143315791836105211 -1.3086325869354127338 -0.14446222071741890436 -0.0058731826839691931436 -0.98949288653872280452 0.13592459362028411207 -0.99062076235464024965 -0.013964599568830915813 -0.98013018096298820669 -0.13651377555812721498 0.14390558518824647649
-1.0558527517645730498 -0.54237315760719229107 4.7080135049607356734 0.35383778190486847581 0.0050573513719350711437 0.93529313442023986891 -0.9013220693475575418 0.26895501487022149822 0.33953162928253133312 -0.24983464812495753682 -0.96313946195420152563 0.099724748297906937178
-2.9675649088985927015 -3.6653143275118993394 1.6926291046952866015 0.7961767133273812691 -0.0045177666779144809439 0.60504729644841137581 0.3617342088256532695 -0.79803582069197043225 -0.48196181493768130988 0.48502680680628851295 0.60259307884912094444 -0.63374330608116580255
-1.4309111626537802664 3.0670163095373741413 -1.7741585111368871619 0.10716126242119812517 -0.0047666434948827694079 -0.99423022632902902096 -0.99131049944413396346 -0.077241848407446953018 -0.1064762440469306376 -0.076288646128139209202 0.99700099095465810617 -0.013002557730749816217
2.8354483338526206282 -8.0610428205961923709 -8.8548876217690004609 -0.89542157134435607091 0.00046786630516942092489 -0.44521903673574914073 -0.30412055185790876077 0.72970005263497972336 0.61241205337769444306 0.32516288150499489396 0.68376722229545017218 -0.65324687998170238856
2.8990665528441263987 1.9076174893413662126 7.4246017291608534805 0.19478886108825979595 0.0076182633187150379864 0.98081561042840470499 -0.084249356060058580575 -0.99614421981092537983 0.024469150805684580091 0.97722021346248189033 -0.087399401609420945825 -0.19339596427767033471
6.6716063487148664635 5.4264705053530759571 -7.8208827846679547235 -0.23801381444408351018 -0.015673485580608492729 0.97113529746558957534 -0.048681434363669194576 -0.99842054789721224051 -0.028045097338662724334 0.97004100020684147498 -0.053951379835909890614 0.23687487526466471932
2.1291355762514196925 3.1429777452844738228 0.98778720140473774691 0.80705128499034617384 -0.0023443241512941448076 0.59047669517055956234 0.10923157531896704464 0.9833258850771906534 -0.14539142578150135443 -0.58029017426495577148 0.1818370366062306287 0.7938504933358278004
3.2344785734932610666 5.4059791916515536059 -3.9975616851375548322 0.99889211100374453167 0.0012792394601114350037 -0.047041621153567081404 0.021063745958166259914 -0.90605605034645919638 0.42263311777086981502 -0.042081696503012917809 -0.42315575994779819347 -0.90507918639322804122
-5.1465929169877417948 3.1606233841598680989 -5.6061544765807003188 -0.1741446328879860117 0.0005911015039462780632 0.98471990811357223983 -0.96513771497683809031 -0.19853880449040914313 -0.17056240570659089717 0.19540429362021125015 -0.98009284953523601036 0.035144961576755194554
-6.1937045573586537728 8.924623184403285947 -7.341584655543651472 -0.34351542234088799921 -0.0022353774333850493991 0.93914437532352779137 -0.93574566322155605658 0.08584630685326637145 -0.34206792507015071347 -0.079857425303195284094 -0.99630588409749398782 -0.031581275094217119148
-4.9436283980863064969 -0.45737832265398808973 -7.8525079619515478768 -0.22859658840458499385 -0.0044646282198591985546 -0.97351099986824474186 -0.92205445117333950655 0.3218296735807165132 0.21503778801385514674 0.31234466353822548657 0.94678705541298213699 -0.077685795750795316739
-4.222103632282842689 -6.9925757026383807968 1.3739213690790887945 -0.98425009724692735791 -0.00075208173200753784815 0.17678003406052469892 -0.17671660606846179009 -0.022935019244762076124 -0.98399452540759835273 0.0047944977901871526846 -0.99973667496272211608 0.022440889590904240791
-8.553592675802605072 -7.0308044688917847864 4.2279816302392401184 -0.97497868998683079322 0.0022746803271214881617 0.22228670653189244732 -0.11442672212901530693 0.85216373545178192295 -0.51061090200226766367 -0.19058614675315094233 -0.52327028752856563631 -0.83058119823145692973
5.2800363899986608729 2.7018262635535217342 -1.1264906932290155162 0.85682680767018726264 -0.0023159256983198376473 -0.51559912543161079412 -0.28825693328702189921 0.82696306730851454336 -0.48274219384660937981 0.42749942932087353631 0.56225147558362964517 0.70789654338365060049
1.2643699333741178492 -5.9435347044860797894 -2.7671331094609921131 0.59161464563638188618 3.1206390135463633884e-05 0.80622088170360894921 -0.79928641014281132104 -0.13085293259783428721 0.58653111135865942938 0.10551467021137832247 -0.99140178992015060011 -0.077389568505714559365
-8.3943836802216367232 8.6995067227887243888 6.2332209211807505511 -0.96149161407718986005 0.0017916646622887985596 -0.27482843011079954865 -0.27482646267899712988 0.0012695683616736474098 0.96149300757089362079 0.002071586524438683713 0.99999758906405944447 -0.00072828247182589282704
-4.7345713112211162965 0.83783716518231143855 0.46225279062719959455 0.20470892023062545184 0.0062645970494146947793 -0.97880284674792650268 -0.97475880320757313235 -0.089725262386258247682 -0.20443740572354163199 -0.089104060217615299599 0.9959468520527328117 -0.012261090457967123088
6.4236364768093894284 -7.1743102445765023489 -7.1246424242796875248 -0.32064850930239041649 0.0086118641187759269184 -0.94715910452179807866 0.92646123418396852944 0.21094554403606186055 -0.31172352975999984004 0.1971144719111751209 -0.97745987807581602436 -0.075617932499413995084
1.1899604372765388849 -1.5076674947006549754 0.19569383955441124745 -0.73293525361669298324 0.015149465525783258057 -0.68012969917512644535 -0.24797109498484498635 0.92502183839020923894 0.28782795999218574456 0.63349526443201853443 0.37961176509082150687 -0.67422448616662056242
7.9551796051848091551 8.6781367294043612048 -6.9861873199482271701 -0.35885113190885092882 -0.00595153842055504579 0.93337583229827303377 0.66668605354974230792 -0.70150110708078228239 0.25184499750162525622 0.65326531450090030706 0.71264351253266211561 0.2557022739733721961
-4.4835104315481775217 -4.7915236134032079818 -1.1765409882707997813 0.99773339483577627718 0.0038639187665143663424 -0.067179929745761479687 0.026542685662869061614 -0.94000092061633844231 0.34013784717080502995 -0.06183493079707386153 -0.34115002472801086997 -0.93797286845685223788
1.440724985453321727 -1.5648462351027272454 8.0680149982425568567 0.066296592195231623945 -0.0038781059288506172615 0.99779242438392945491 0.85550595686226171832 -0.51443869208149028971 -0.058842075615801722743 0.51353122557119301739 0.85751839186334488652 -0.030787789454899881086
-7.7714199403461172722 -2.4192907117498116953 4.8170954619998713753 0.99257459753811816405 -0.0017351105978957517828 0.12162507024881676065 0.0069296488425966149341 0.99908094456119678206 -0.042299482049900229141 -0.1214398957868905865 0.042828210399113685047 0.9916743901630912239
-1.6724429434739835898 8.73419816527335513 -1.2640296025178214823 0.65903037587178459056 0.0034673601089766016743 -0.75210833068913662824 -0.62563629967803868759 0.5575451623127135603 -0.54563963612141175297 0.41744243220264759531 0.8301393674531918343 0.36960850423269697718
-5.031216294941642353 6.456821619794052225 7.7069001626037714203 -0.9983165850751782866 0.0067487705051340598703 -0.057605989793245861164 -0.034994765219972481796 0.72196570179563701597 0.69104333571601905817 0.046253241730319978597 0.69189593113922687184 -0.72051416231884235497
-4.8819482974009806853 -2.7151157483793744163 -8.252395896772224404 -0.76991015550136721046 -0.0044290791605362178282 0.63813692552122258661 0.15394417091104303785 -0.97173259532146161188 0.17898870196853544634 0.61930569567732451919 0.23604267929274275195 0.74882862448875597838
-0.49593194451743782825 -6.8877855167608172948 -3.3680772005695005511 0.86214336518820344768 0.010088838601503100079 0.50656394778645863486 0.31226245281064624049 0.77676698615123518366 -0.54692340395121707974 -0.3989999729650384741 0.62970728482401416848 0.6665341379202075478
-1.6092697900713557324 -2.429159892771750151 0.21630416664023810469 -0.73477258475830553586 -0.006611039426596809071 -0.67828131541820702033 0.47672348836793410065 -0.71637981701015918112 -0.50944545676522057231 -0.48253908062034656101 -0.69767918984154264628 0.52952788759026414578
-3.2780352631887565984 8.7420796750238132233 -1.3325714961664982816 -0.22903611513514801623 -0.0020761966559821615902 0.97341571148806094183 0.10998677206522287919 -0.9936490291462457547 0.023759563283687588214 0.96718424714981932055 0.11250465005582024891 0.22780986761187022038
4.7572643497954132386 -2.3038925322520737993 3.2487105928941106825 0.9941030025790833502 -0.0018942389417958577918 0.10842339287248523028 -0.0050906603383773212784 0.99792989249272712193 0.064109397492168193611 -0.10832038331016510813 -0.064283291206413017971 0.99203545956333416544
0.20671734040029204893 -2.4000945877941601836 1.7532879095543627557 0.55818252373293053559 -0.0020098093814081164493 -0.8297157530537357939 -0.72827540024251269379 0.47795224713961848018 -0.49109733338238292788 0.39755152068702498402 0.87838352108879713676 0.2653208968006429691
-1.3360708066080866363 -6.8827091489678613456 7.1845109218913245641 -0.980589558090641078 0.00040512534444732753447 0.19607129937114003981 -0.17444640937139524461 0.45472807953278293613 -0.87337896925762770195 -0.089512953370405698439 -0.89063023166614385673 -0.44583093389888128755
6.3369989654847005411 -6.7408588029571374634 2.5659727639634928309 -0.8873714958114783391 0.0033939725210948997434 0.46104263292211616898 0.26754306368252628312 -0.81060134739464606568 0.52090897926407075946 0.37548973021445647413 0.58558853861103699057 0.7183964963379040336
6.681508763840535714 3.0550146449013815264 -7.0311281982260469547 0.86114434156743957516 -0.016413332779847838311 -0.50809548855845398929 -0.17410415976893411916 0.92951246572976164995 -0.32510662497742520705 0.47761717362071848259 0.36842526862320013059 0.79758677076680628559
-2.9441383675818975085 3.118367205225951011 -8.1768859115980063734 -0.91510130161593272735 0.0063531408570857636486 -0.40317396416706241524 -0.4011237233835929783 0.087577408956452343358 0.91182781048800443102 0.041101901658062364731 0.99613745790521557311 -0.077593805412371597008
-4.0580202383183268111 3.0555941731214137924 0.88784083770782162848 -0.9983391323401473727 -0.0039548618643130131409 0.057474654463569224694 -0.014696312189974719553 -0.94715140127911767731 -0.32045006079440929714 0.055704535238103841666 -0.32076250111689985633 0.9455201862631773535
-0.085419474337754069948 0.66854888027353520652 6.2711189680963324022 -0.37073429071616820218 0.0069686115045522927305 0.92871283190269193764 -0.49007576375587014184 0.84795228234502018072 -0.20199671444062258785 -0.78891180208327926771 -0.53002675905971607939 -0.31094984035093120589
6.1560869007842331513 8.8258432750990163385 -0.92792270212662075757 0.70951776092878449109 0.0048512865497109067953 -0.70467085362270598381 -0.29249060081703515124 -0.90774315103426894691 -0.30075175840504625446 -0.64111917406976992595 0.41949831557335315324 -0.64264093230280361357
-2.25427797495374449 -6.582677362694806078 6.0929536632240512972 0.96934056144866242999 -0.0036267712757980180918 -0.24569436798760618812 -0.20502874921701563782 -0.5630431238431142793 -0.80059081476604132543 -0.13543296469168267238 0.82641955883388806825 -0.54652413016405720914
7.3287979992228970971 5.2993458430809523563 8.1505971027932346828 0.58423757509177565161 0.0010447722961681197781 0.81158201329377810396 0.80518468546573740419 0.12457162464379034628 -0.57979266347980007446 -0.10170584123983821001 0.99221006787103505076 0.071938189254326254107
1.9990908265563736013 -3.7271762104688290762 -3.4299763594678656098 0.30104329982081345918 -0.0026788052640220462279 0.95360670909724754019 0.61309644728845846817 0.76647295105550783401 -0.19139477950683592145 -0.73040103912532472474 0.64227100144919857527 0.23238391239951891598
0.53809526913420135941 -6.924483125173114928 -6.1578216347245628981 0.99169935972076006525 0.0076800320926207182176 -0.12834873211780609137 -0.042380578517015973783 0.96195607513736769434 -0.2698970101180656056 0.12139302489752581971 0.27309618564393217666 0.95429670799654420232
0.2140458681011215003 8.6105489891701463279 9.1073848593982056343 0.76537954571948607629 0.0036028081481649476374 -0.64356908779699883993 -0.59283535596946357327 -0.38524599918790847219 -0.70719994402041130854 -0.25048032199538383669 0.92280688114212683359 -0.29272353579765325593
-1.4217054394775130444 0.58596497409686565394 1.4258928878442298505 0.79341392594776238845 0.0065833606277099984694 -0.60864686105753440515 0.60681577905508365944 0.069697135811125604521 0.79178085323462643608 0.047633521830982461509 -0.99754647441745203373 0.051303791043027527352
-0.05839419916279375844 -4.6751760909823012469 -6.133261908929005024 0.46487242062502037721 -0.009625832598226139597 0.88532535030300452128 0.022514461475697224169 0.99974606397422627335 -0.00095215160426846343067 -0.88509136905010177276 0.020375252513878113619 0.46497109320720725334
0.46191840014297624872 -1.4997051017649349891 4.6284030489630429983 -0.63094672787279659776 -0.010598030946334824343 0.77575376784568461641 -0.77483712543368932213 0.059080928998797112295 -0.62939405214725718807 -0.03916191563662686087 -0.99819693726667280131 -0.045488666665131752276
-7.876593516442063958 8.8458731751566812562 -6.7891703289027161006 -0.5284316656031994297 -0.0048125417500248807851 0.84896219835140329657 0.77705973216901613743 0.40004558030578507566 0.48594413909299544185 -0.34196220175470476432 0.91648260928405844705 -0.20765711991503693623
-2.3129232987011376643 -1.7597315626191283311 5.8959115548007918761 0.99372111433299992189 0.0018328849776737894846 0.11187040476211281004 -0.092307063837483591118 0.57846646571087556588 0.81046650394272745643 -0.06322778578031305885 -0.81570410602135134948 0.57500352914113672664
-0.22800762475155486597 -5.9587136259396737969 7.578704191639455523 0.8924520099920640881 0.0075625755085482688003 -0.45107894798244291268 0.4267197102504141637 0.31036451593662767179 0.84946109747968945314 0.14642301303100993537 -0.95058754183881544186 0.2737583360480025374
-2.7670899302029434708 8.6260788712826794722 1.4758390731876389612 -0.96493341954360156709 -0.0041514354511297309885 0.26246192377481852853 0.086751152353492136382 0.93864896466583769286 0.33378489884513762309 -0.24774529947757950588 0.34484907817125770579 -0.90537361341672195625
0.32478748512195554365 -3.6509141797763713377 6.8344620582966300049 -0.98903253119849232622 -0.0047191465694165039835 -0.14762243016058521072 0.068160578828253576278 0.87211080119078765449 -0.48453780651266520341 0.13102972076846838845 -0.48928568352429846477 -0.86222429342557160847
-2.3451565658686925886 -1.746532331375159508 4.7512061483747958235 0.99870786389033905373 0.0098276804094324793359 0.049859997004654779684 0.02234033468225512381 -0.96613961181672991518 -0.25705088975747492075 0.045645504157732413875 0.25783263404123291096 -0.96511078160683660965
4.0578864412514281668 7.8356719807307388947 7.5310289316055998299 0.89976063783925486206 -0.010631919281678531286 0.43625423423481352048 0.028167587491126123284 -0.99620341756025432289 -0.08237316223185203734 0.43547374388170545512 0.086404358301841358014 -0.89604514688516034848
6.7168772294575678217 -6.9106514150337989832 5.0672213376016532749 0.56621673095405367082 0.011331031944808439907 0.82417851300715128104 -0.31237303228644952569 -0.92236937714376321384 0.22728356915450387277 0.76277237908035278036 -0.38614290077973073556 -0.51872146465084989497
0.44016664609616656945 7.7486836226927922056 -3.7616101860032995496 -0.82371536265743017236 0.0066083167759542005629 -0.5669650178547850361 0.43395930771601831655 0.6509115729987995369 -0.62289119706645890151 0.36492782926004568855 -0.75912479493541951125 -0.53903360298408531381
2.5562891096980937533 -5.7255327804758877619 4.5943474024215618101 -0.28270096745896083901 -0.016154829293373848542 -0.95907204342947249831 -0.55593428264583810705 0.81756187290993986849 0.15009882525526441199 0.78167591518274082141 0.57561411158387898457 -0.24010655586361684399
1.213892703668370654 5.1782258567291989948 4.9999478481558972121 -0.95619863412050776219 0.003052597752079326543 -0.29270267124358334554 0.069042644917926845882 0.97408449586119449926 -0.21538920145959344898 0.28445963736333551575 -0.22616382683706040546 -0.93162902388308399537
5.7525248318776629475 3.2737593463173757513 1.8339240043181224138 0.22931068592961603714 -0.012302480934368561008 0.97327553050577431115 -0.48626829170583990569 -0.86764623097079252023 0.10360099595861013699 0.84318429646173553849 -0.49702984502444280679 -0.20494285875587614498
-3.0698325339062741968 -5.8830828744627137183 -6.346916209717734958 0.99956480639446376735 -0.014425376257758028634 -0.025731427038373180793 -0.029377173435323339357 -0.56600768189658734464 -0.82387637768956889506 -0.002679458631757674833 0.82427374855333712667 -0.56618513575280526862
0.096812597694092172862 2.096737301420152022 7.5751358844398390957 0.97432133455985914239 0.0048061434023861804993 0.22511072388310568448 0.12580628188467085637 -0.8407762910206620921 -0.52656244444144395533 0.18673702487714699538 0.54136136678138613298 -0.81979092096510741694
-5.6446938868465394989 -4.7340783116723468282 -2.3854198565586424152 -0.99987732087928005154 0.0012607342212412060278 0.015612614778899906731 0.0076258965913179425911 -0.8314640748402020165 0.55552618115695417966 0.013681699170392414011 0.55557708987945730872 0.83135245733002627322
-0.40121827487875777463 5.1914506818505259389 0.097870397321895008513 0.4073996736737457991 0.00065567552853506259891 -0.91324973363252581748 0.88519256275897406638 -0.24625357967195124487 0.39470660158483028557 -0.22463221658187015883 -0.96920521283582639072 -0.10090402710074530823
6.6997238807021641804 -4.7212558709273926283 5.2467275733384139969 0.23725716902564605859 -0.006630838570586981319 0.97142424703428031929 -0.327367626952094537 0.94094064804001509295 0.086377854165122960883 -0.91462531813297764938 -0.33850661566110434864 0.22107419248747145479
-3.151483209283983733 -4.9967712335542158186 -7.3650979890108230208 -0.855901117883706819 -0.0045705280830916315826 0.51711931570807356806 -0.41768280555587683489 -0.58348949023404939052 -0.69647762974055971164 0.30491695647867667063 -0.81210782846810380953 0.49750027597210411123
3.3650245165136620784 -6.0636221927964806255 1.9323798422712190614 -0.99470095240006328741 0.0031351363980074847815 0.10276276667057615555 0.023661474173654523101 -0.96572250670237558268 0.25849598582632637989 0.10005073679864480429 0.2595577218426672883 0.96053091522230316102
-0.7115518514591068211 6.3128541906403983219 7.9186897176801700482 -0.6386813949884544428 -0.0060054534878638586928 -0.76944786062761039158 0.15563261133517355961 0.97829401022090911599 -0.13681856546218185144 0.75356789076028252161 -0.20713465208560935538 -0.62388353874805635435
7.2033471004029649976 8.4492252549213606727 6.8939910167761917492 -0.79327885474894210827 -0.0013463020051589381226 -0.60885699969638895634 -0.47495619995035859295 -0.62431429136889382558 0.62020018842395652214 -0.38095310306775093112 0.78117210207688525525 0.49461589157624780144
-4.818673633850082183 -8.0860165157124388458 -0.54826533805458343984 0.9970940651273246802 -0.0065907045142785478792 0.075894584139972798287 0.052219285902739914773 -0.66623960230934542448 -0.74390721094401024427 0.055466850168272741062 0.74570862602533538599 -0.66395939153221250617
-6.5403671817638118213 6.5591091583337561843 -0.20266986036453002451 0.69876143852472583085 0.010741873967387190192 -0.71527411820512465379 -0.59996215420393583795 0.55334514275153567908 -0.57780149404117697731 0.3895867882176952679 0.83288280396289005036 0.39310096579557107788
3.0492562963751836946 -2.4480026440771935903 -9.1697689124578776187 -0.9672580454590133936 0.0091583171922056949565 0.2536296487418386314 0.042498976996824207319 0.99108260624117139326 0.1262897642739197468 -0.25021133157586561424 0.13293379116076417534 -0.95902184371307419575
2.3513439999073280084 7.7328984343793614187 0.17592496690306708151 -0.94378845653178145003 0.008311611310685853779 -0.33044555744487769111 -0.27556454165871024919 -0.57189550460571592083 0.77265756657916873085 -0.18255829944994528269 0.82028437076967530839 0.54203876095068459495
-6.8660944338959675193 5.3588958676285836091 -3.5678375545046110418 0.9952011573434714764 0.0054566915248341618661 -0.097697906526707956054 -0.025130264259851837344 -0.9507010290581375811 -0.30908902142563338122 -0.094568103715408108334 0.31006092605377888471 -0.94600163630638001155
7.8814750091436263091 -2.4322625255047087833 -9.0388082148010298056 0.0070420192402473914817 -0.0036803787336087655235 0.99996843189048334466 0.69157496604978552224 0.72230130432023431641 -0.0022118116800884952272 -0.72227036232872110499 0.69156870995583585859 0.0076317174801204985812
-6.5387789256301562801 3.0457828515085809684 8.4167728536514445636 -0.4144199117814560962 -0.0007025660223504892523 0.91008551417990413146 -0.11244519283939637122 -0.99229796458637486989 -0.051969491870631094599 0.90311251531932734693 -0.12387193337865476384 0.41114903477279490795
4.9388191221203987524 -0.39772924136681292451 -4.6287878856762674218 0.76275277797044704897 0.0016289382741728826616 0.64668813678500847164 -0.43859593209293606941 0.73616290096615766281 0.51545881658249581569 -0.47522816420087565792 -0.67680243040443111013 0.56222474345146111752
-4.5279434327550793782 -8.0696342226411346132 -8.6773288261071446215 0.41583933903758135697 -0.015762740007481648025 0.90930147923349857741 -0.90007609478834915695 0.13596250109903856851 0.41397732049592350645 -0.13015632024156867375 -0.99058857974542025016 0.042350891121910240467
-1.280372474309207087 -2.6833214091392068035 -4.8263310569697157604 0.72094492871108684096 -0.0044416381311871621848 -0.69297812491913901578 -0.5165894515952079713 0.66310604310078935519 -0.5416878382462542163 0.46192396372819133354 0.74851228944741410309 0.47576843556494391452
-0.30261414018611754173 2.9617353425647294785 8.9783261428942662263 -0.92168001278466094028 0.0054274287181351518056 -0.38791300190988775576 0.38790343841793778479 -0.0027587716603123292602 -0.92169588891464571123 -0.0060726021333285494508 -0.99998146592626180329 0.00043738643758209003187
-4.5913518873893286454 -4.6972182959679784631 1.6107008831898859125 -0.71618861553662749309 -0.0068131359383717714565 -0.69787351873700753657 0.19892912253793540445 -0.96046376083899454024 -0.19477312012056183232 -0.66895520865163282664 -0.27832165796758623344 0.68922854230223395966
-6.8319692254682200527 5.2048496880153614086 4.9843620936081700634 0.4654692272225596783 5.0794292736459911719e-06 -0.88506406462083841991 0.8742872098654627111 0.15557514731872065794 0.45980240125792232186 0.13769630777370361896 -0.98782405999813172048 0.072411002717486322444
-1.6854374931228552903 -5.7383998233463051619 -2.5104002015839497197 0.74494016503148485775 0.013216332331784604037 -0.66700035913219279937 -0.26883236685585332193 0.92098149260937089977 -0.28199689502168595601 0.61056802164316781312 0.3893820987551185886 0.68962908299717495808
2.0262142826056130929 8.6948838730368862571 7.3913718713282632322 -0.45486419444309128535 -0.010685895241829244939 -0.8904967019910065007 0.87933801801469946291 0.15285580859955294475 -0.45099861624119397252 0.14093691740543501378 -0.9881907272486087912 -0.06013212030186860374
3.5077108655978834761 1.677404958966457027 -4.0110207217370907884 0.86826099254906186076 -0.0025524765309625067379 -0.49610113251357984554 0.30139477649046686469 -0.79158083826989489307 0.53156463876771276045 -0.39406095660688633675 -0.61105913081103024886 -0.68652946122558644593
-5.4677816212928442852 -7.0350238719031867873 3.3875891727475013759 0.80076570756216536306 -0.00081979687969912129648 0.59897713606257740881 -0.59516124266829528722 -0.11379483054964389943 0.79550853657622200288 0.067508346285397424769 -0.99350393279205628794 -0.091610909331625203778
0.35752419058869094881 -1.5467579459215581306 8.8319695300489797773 0.098750395903223112115 -0.0077258405803419258687 0.9950822431819289493 0.96263886834991474473 0.25411285257871879528 -0.093557828622621574954 -0.25214037449645737565 0.96714371710818858308 0.03253093922958109202
4.1919563678645115345 1.8729642843747997816 3.0351501043585669137 0.18477340892951429896 -0.004491825113306468012 0.98277088421459390943 -0.31992800739265553345 -0.94579561099372777555 0.055827702002191038899 0.9292496206287952365 -0.32473140552186691155 -0.17619493985194009666
2.4516362991445470598 2.2020773943942253403 -9.105352131035015617 -0.9226688559082654173 -0.0053399253292369733281 -0.38555630916131411468 -0.1675885734102730007 -0.894971543129179814 0.41344891710017644959 -0.3472697113181809625 0.44609127113891938743 0.82486745930154670159
-2.9893296275858141087 6.4954631582084481067 -8.8159154869501872298 -0.24204578920924740837 0.00086200822970875401637 -0.97026444481307150269 0.68086280600685522568 -0.71229295312438190013 -0.17048339604225187793 -0.69125948479761978316 -0.70188176060595675043 0.17182060064495718876
-3.339049941285336498 -5.8499889653093264386 -3.594962744587684611 -0.0029953119687874808601 -0.00089180919491269093971 0.99999511637941229658 -0.4622387366700924094 0.88675532014179914153 -0.00059373557170094414664 -0.88675046006627078476 -0.4622382576947554611 -0.0030683375795021545704
5.7282740886095959709 6.5572195186446364801 -4.219254088339712716 0.095550803243756490812 0.0037165488583993568777 0.99541761651280169509 -0.60464337447557625627 0.79459002692007518753 0.055073394864828456585 -0.79074422773871821946 -0.60713497377738701033 0.078170901964804723194
-4.1928687087753004903 2.0847082416826419049 6.335885420375342747 -0.98769481346364662588 0.0028975987367534602503 -0.15636674639576825241 -0.010295953883653721425 0.99645460676586072868 0.083499760411384210679 0.15605431359134183666 0.084082225093622398049 -0.98416321341163859326
-5.0446729303654125331 5.4791242195743903309 5.0993045571042951991 -0.82181221526338155137 -0.0028322558840868311894 0.5697514029559453963 0.28578845919885331739 -0.86714052334535807187 0.40791208533325723495 0.49289921833217609226 0.4980555100576546379 0.71343610048020733583
-8.4399526638238810961 4.3738835369880648685 -4.885633557503066271 0.98247043955217228106 -0.0075829781506793828005 -0.18626415073310470527 0.11872054053341069002 0.7958009586695975468 0.59380659093371601642 0.14372636731417665068 -0.60551080306061355607 0.78275117292484652776
3.0234302198704288145 4.4555771463068474247 2.113551858334356659 -0.99701072518592104288 0.0063176525736624898968 -0.077004552660362768357 -0.070826474419433224639 -0.47299267362862484898 0.8782149743741154424 -0.030874332151365119215 0.88104370944890197936 0.47202622560062185153
-6.8328739196421857116 4.3223825307309793331 0.076572222295862440999 0.41193843607556079878 -0.0087590560690729395155 -0.91116958016627369599 -0.38552383911848669973 -0.90772150124482697819 -0.16556885470677137895 -0.82563799231555135005 0.41948176970449591039 -0.37730220053784191414
5.0064684110138655271 -2.4885979124528829765 -0.81742163690983571378 -0.46224975454586603174 0.0011008542865872782829 0.88674909221391540193 0.26296906513842560615 0.95518557530932990396 0.13589623799589983788 -0.84686033984519770712 0.29600558244889202397 -0.44182378835506458392
-6.1561067478684678989 -8.0741642703958635963 1.0380810899581280893 0.36853553952761985979 0.0066615366194482219034 0.92958979127098595452 0.88519502810611239152 -0.30792549076313258105 -0.34872862565994178219 0.28392132417524268417 0.95138715361724490727 -0.11937824596784882281
-5.5764899848995765907 8.6764941920179516899 8.1984669133962082554 0.67784386130727747322 0.010872203638300683565 0.73512549600464360822 -0.28225023985349195765 -0.91942279564081941245 0.27385493415092265757 0.67886854529480933351 -0.39312023357273362389 -0.62015641588633152459
7.2648516408584287163 -2.7033466820129867791 -3.3816526045140253842 -0.61113661909890049095 -0.0045514192717955965703 0.79151204499920801982 0.78938478762846442383 0.069984528793497008392 0.60989656728843488764 -0.058169492493940454236 0.99753769367989364447 -0.039177287180759148844
4.0997110948047410517 4.3812203033226246873 5.5223840891872209014 0.90852026902193383506 -0.0013223739583041026896 0.41783869148705954366 -0.25763488283399493817 0.7855105720343075193 0.56266989289425295429 -0.32896076958136577506 -0.61884682478752839341 0.71331158656442728017
8.5480943117503898065 5.3344577167582922783 7.8310082382164267756 -0.60505577487027639716 -0.0041782624358472700288 -0.79617212424144379046 0.29269218544912439794 0.92879632306153758758 -0.22730744564206570302 0.74043149168114830161 -0.37056704169461729403 -0.56075063418298742857
4.0601480661247002502 1.9977220492249394557 5.2631071023641577966 -0.99065411245695800257 -0.0094130098680878723783 0.13607286547048311198 -0.028919786742691411252 -0.96043897183914161975 -0.2769848864243977804 0.13329694447705497939 -0.27833141507564762573 0.95119059497818880811
-4.8007456666751808783 7.5742951256540669291 3.907217330634101593 -0.98027492572436614182 -0.0051721850476446427219 0.1975710467097426537 -0.16171509727575303361 -0.55369502992717645196 -0.81686598726298931261 0.1136190886660115168 -0.83270346602854650175 0.54193693392749198168
1.5740066673181618562 -5.8128447819567155008 -4.9371847501207462017 -0.1490002516605989924 -0.0049102408095539435903 -0.98882496658402507794 0.12266892920588344518 0.99217148374634911434 -0.023411122306323254444 0.98119888850954584125 -0.12478636293838651916 -0.14723146678636522822
3.4007563970881644622 -6.9735511499932680834 3.6608640415913025201 0.42028387160421520896 0.0072657244025471356963 0.9073635856250964471 -0.0011499917679725149555 -0.99996287328074362488 0.008539881658565168579 0.90739194661847888401 -0.0046326351806650310772 -0.4202599123195364661
-0.57703861449858073751 -5.8080472947931340855 -8.3246302424837246292 -0.99030897719994148698 0.0013475072184513715336 0.13887517381209066314 -0.13878869650376354783 -0.046193137957669487548 -0.98924410118432248851 0.0050820664955592322054 -0.99893161839511235289 0.045932497974881011937
7.9901998663709647985 -0.42145301290206532707 3.5903042906216402486 0.24428327013565726 -0.0040440701797173576187 0.96969548283388085075 -0.074276695864816486004 0.99697540649958549253 0.022869440009497456201 -0.9668550337993612187 -0.077612398051561212742 0.24324403237379185749
6.4822296598431528025 3.0143240832657580697 -4.0879474165431091137 -0.067203121489976994085 0.0046916952426927921449 -0.99772828388172185576 -0.35550422228344330522 -0.93447017080556293855 0.019551158868243146555 -0.93225559177766614827 0.35601051651630377659 0.064467229885724522398
0.89719266323279855957 -6.9492040752923420754 2.0523417637149514725 -0.78958021325005733893 -0.00082857236051983541511 -0.61364680420557971008 0.5817397183469136257 -0.31927093078672202919 -0.74809422725485208439 -0.19529973615329906944 -0.94766311853014217892 0.25257202306671944214
-2.8437490269785001828 3.1199310319758737364 7.6954198443633874405 0.77382198490770970345 -0.012445658994338887338 0.63328085494971519953 -0.58667091817565963918 0.36282670320217680349 0.72399863066889702523 -0.23878184487211215337 -0.9317735180910242665 0.27346177345994965302
-6.0566837425275679152 -2.4336635614209707335 -1.2325710316999138882 -0.89670982711861957348 0.00031544229149870536139 0.44261878230051238114 0.21605955076714566943 -0.87245372058548287253 0.43834093575520111097 0.38630267468829077027 0.48869663998491341683 0.78226967063548558112
8.6310529644239242231 -2.6653462354843857618 6.4811486479182516263 -0.60197836096383650073 0.00049551085298903119192 0.79851224624312477918 0.24744982039159330034 0.95088847783029450955 0.18595614837218341076 -0.75920395106934601692 0.30953328932156731756 -0.57253690141533786218
-4.3506819400227021433 -5.8873592383825279484 -1.4893651099664242388 0.98596021061686622833 -0.0024110817802247266547 0.16696301915415218131 0.08174782871873266521 0.87884545120149115682 -0.47005102425425210333 -0.14560135844203994648 0.47710047116662912536 0.86670374686661599828
-7.1488146985813578738 -8.0103328413600678459 -7.1716678824576858275 0.657527106185181065 -0.0028900239290771045572 -0.75342534626396251429 -0.50081107064225882652 0.7454218183661156516 -0.43992565761272917069 0.56289108729290426858 0.66658679889821659259 0.48868769513951831884
6.2717359332322635268 5.5032555386440966672 -4.3599588814298106954 -0.19019267366130643282 -0.0018987239504186432561 0.98174494739368556306 -0.086596851594701332311 0.99613275674071499743 -0.014849789297170790103 -0.97792010521285510638 -0.087840342643006538714 -0.18962157584213995554
8.2337060131647668015 -8.1747272465587119683 -8.5507976786374086942 0.74296403885938444578 0.0093141324155771032522 -0.6692665268029966974 -0.46547194359569654676 -0.71133604952006590505 -0.52662785188218641519 -0.48097848879829724345 0.70279034682487973029 -0.52416163701941576036
4.7754531649973763763 8.516592938616922126 6.704004547782790091 -0.95127761214036221649 -0.0022808759111956553034 -0.30832726484297173775 0.031295855824108986809 0.9940941450483978814 -0.1039105393529342336 0.30674333578535339928 -0.10849713537894521698 -0.94558812258068203338
8.251470756153574726 4.1427109308891729711 -8.7763065154091091102 0.97372055633921605899 -0.0072416750916152513445 -0.22763092123922121224 -0.22771909934392273178 -0.015572613595425579408 -0.97360233437463794548 0.003505703395183832477 0.99985251504807004519 -0.016812441703305008867
-5.7792116630989314174 6.5799623037585011076 -4.3270697808974896148 0.42639162810786651603 0.0059466945627545779451 -0.90451910776025878924 -0.064970563279316301264 -0.99719418152190975047 -0.037183198436002130871 -0.90220230845796034469 0.074621720447446540647 -0.42480889050331921419
7.0541532083340721115 8.6063237010059765453 -8.803423984508448541 0.1084770057060962245 0.0036034700720789804816 -0.99409242741131653709 0.72429883045587328816 0.68465023528808122144 0.081518461224075175475 0.6808993636603722921 -0.72886286112223808153 0.07165881832112780403
8.5252999798745232596 7.5472503639644470397 -0.12660835726652805433 -0.11462953465314212886 0.0054940942681391677013 0.99339311690456644222 0.2614695138833872945 -0.96455845390499639347 0.035506088350213606264 0.95838080275785897388 0.26381206175709703832 0.1091303485593336231
4.9316849148601473729 6.6974328850673350289 -8.0217452624610228185 -0.40654207464375602399 0.010439393355091057189 0.91357241673054723208 0.63542736182087500296 -0.71525239194464518278 0.29094000011405957151 0.65647209338509926457 0.69878826183870446087 0.28414671513635814115
-3.0288959090043685585 -1.6385795223865800008 6.9986949548712358293 -0.99920398676324528875 -0.013815574324093889483 -0.037423558657269304084 -0.038023246886872016925 0.046050558682178492631 0.9982151966089328754 -0.012067540456245086714 0.99884356930951234688 -0.046539214821086027918
7.2987957023849174831 -8.209291100519511275 -6.5995132266942775345 -0.63100962224784418186 0.0019849275502941531729 -0.77577246451095394075 -0.47654130887649992498 -0.79007908358525402726 0.38559489443626349114 -0.61215621990204183156 0.61300171430741401402 0.49949340405190367775
7.9172178240091071189 4.119055238551589504 -6.2874650257634998596 -0.93997755066310639815 -0.0034645669879318644405 0.34121869970004686801 0.03593609519970880628 0.99338298182975570683 0.10908184300613676943 -0.33933877071631063371 0.11479655128707091927 -0.93363319912134223877
6.5721779425070936398 -4.8823079582368418272 -8.146723448807092538 0.21995407910592096323 -0.0027667096026344328158 0.97550630362023627029 0.92546317488082541214 -0.31559495068236526061 -0.20956559603901186994 0.30844467092802363428 0.94888996855376384065 -0.066855908895068191788
-8.127027229456949442 1.8814824105022593947 -8.3128117925991542592 0.49555365371688131493 -0.0022463448464266379256 0.86857442411283714012 -0.64478961926098199431 -0.67095988613288459756 0.36614092654880620037 0.58195611791722634543 -0.74149024614996228433 -0.33394504290882148778
5.1049106788935594281 -0.25239971405284367112 8.9421791614637555767 0.94660742949117915312 -0.0077595904787578790646 -0.32229514918457025097 0.039929327003643447225 -0.98919099770519303139 0.14109152669112609568 -0.31990627264460558266 -0.14642731580754642096 -0.9360657123876225949
-3.5565268828421463532 -6.3926637359947307004 4.4094163818774685382 -0.024292837743267133022 0.0087304607300885423565 0.99966676302156876055 -0.92968315231086984252 -0.36785006107651774254 -0.019379599458238895571 0.36755828700149928423 -0.92984413297147427979 0.017052684100272226531
6.2420961122423390677 -4.5580443990719032854 -5.7084230428733073737 -0.35097414659210429688 0.0056668983492200245 -0.93636800174240153449 -0.57881321565207288771 -0.78736986122556507084 0.21218850821801374384 -0.73606549288105793671 0.61645485471078398376 0.27962654075233150941
-7.6483991988925392747 -1.4182546215996054695 4.9145900302904559354 0.68385279617758865101 -0.011231584560302088766 0.72953355280493026314 -0.43814483141202098526 -0.80584336867362105217 0.39830336663324189539 0.58341619780992037825 -0.59202222650224822775 -0.55599930167262978653
-4.9336899021732030235 8.8280428427529997748 -6.8043742767662811488 0.43746110594225584567 -0.0043932508046715260455 -0.89922660110502361519 0.41660216428001944911 0.8871894991410677056 0.19833665654892598806 0.79691305517282118309 -0.4613843213212469041 0.38994113726820123222
4.372438642770093864 3.2797525347610290147 2.5355502397323688157 -0.17839079127463539076 0.0094941008248072070175 -0.98391391271681316599 0.042303805224686123754 -0.99895484322043248682 -0.017309224993001096071 -0.9830499039477913481 -0.044711108864481201308 0.17780270833752220838
