1125 17.292696884352682929 17.968806560800352656 18.477561601407678893
1.6002018199896383965 8.7466572386627206015 3.307471289977042872 0.26365604428188305075 -0.0043383453254954677802 0.96460700239703311976 0.4737917148794382749 0.87163682318069291011 -0.12558128597476761468 -0.84024216820234143288 0.49013307094656427543 0.23186778892170326061
2.6690154644276091744 0.051765210389962845738 -0.58604116890449831079 -0.52850624994775252663 -0.00085440117468852522231 -0.84892898040107345192 0.3446402417191806733 -0.9141016887294967086 -0.21363802669309192583 -0.77582488201509436365 -0.40548412134173189569 0.48340291660882211966
7.4085705972885698145 -8.0476935878108069033 -7.4136721777752789819 -0.2463815307975813218 -0.0013337354969302950454 0.96917199837359035985 0.61509164535259497342 0.77257865236638278983 0.15743091731049696502 -0.74897156761767180733 0.63491766951116190842 -0.18952874147038745178
-2.7168250118795489456 0.78309642890544428617 4.7678774402044199476 -0.97710031291715149226 -0.0125491164580591643 0.21240879966153866643 -0.17169797063458691611 0.63611919034016461971 -0.7522447624019815704 -0.12567730653341355196 -0.77148875258002913569 -0.62370691776280284824
-1.8598557031309579379 -5.4940618843770190338 1.8391290550668397685 0.46138125681355368624 -0.0039014074603237625799 -0.88719339204092295681 0.83608081132822986703 0.33645496637307031884 0.43332081940770889039 0.29681006180792690596 -0.94169147528412633363 0.15849590716090769527
1.3494329222967649251 8.920654595946965415 6.7935701719421954792 0.64257144100239504958 -0.004068958142108088441 -0.76621497426481055548 0.74313021352254327034 -0.24035784868040196982 0.62448826276222169085 -0.18670679944237958403 -0.97067582032168009398 -0.15142332344969250402
1.9554113298824877809 3.3822975198750637738 7.1054619510330541132 -0.67119619217774972864 0.0031872469268981896279 0.74127290053191463581 -0.2235704840140489702 -0.9542959113685881567 -0.19833192436583044205 0.70676156536976664224 -0.29884637358025495368 0.64123235625973207252
-4.6524222032067426014 -1.5461242534601313814 -3.4135681008777196688 -0.28560372189573207669 0.00057787195800930793443 0.95834763009225498731 0.85107553154039139454 -0.45956410316615636802 0.25391194279585910243 0.44056889773636243035 0.88814441457741355457 0.13076140562996974026
1.0760318416029621691 0.90652441038927000783 5.088569485087220734 -0.89467947172925754717 0.018833331366943418389 0.44631149267722242113 0.084787253425311848165 0.98810835421045573046 0.12826925584930490287 -0.43858837709496145685 0.15260139569871772336 -0.88563708679581631955
3.6481975088754334813 -3.4415599791722057965 1.3984426203938340461 -0.030880984350983967796 -0.0067252073000721099283 -0.99950044341779586965 -0.5973202592471708039 0.80189647641175987314 0.013059441471229858711 0.80140805629748557148 0.59742515238776372488 -0.028780455107204155202
-2.1650173685345817098 4.4801534910271252343 -5.5896674387632607761 -0.61686348129755452785 0.00057951354772449881897 -0.78706995216799435777 0.39966716242122463099 -0.86124941598159665546 -0.31387195279836244133 -0.67804542969032999267 -0.50818215989485293616 0.53104170047263787868
-7.5435101631593060034 6.6151491822907075857 4.065150895807944309 -0.45731311430517729288 -0.0024675932840892804421 -0.88930232568424572026 -0.011142162712275190811 -0.99990176054058688138 0.0085042035544556169452 -0.88923594602021771571 0.013797835025439450507 0.45724069378631632121
1.8390040124271993527 1.2476055104729710798 7.4975417463211639912 -0.0098680310510198387258 0.0051686801905418879727 0.99993795142917563101 -0.41612802170186308226 0.9092633905034889219 -0.0088066023510791641843 -0.90925249052058576549 -0.41618910537829789664 -0.006821806708500490618
4.244302921824442798 4.519902720573636401 -4.6224223252577836263 0.98415331146542528451 0.0089366578320310644662 0.17709431294782823629 -0.069849688794423853144 0.93751521561760620127 0.34086102954228381101 -0.16298245459885951636 -0.34782949362022053119 0.92328292676782086623
1.8056066643114603298 4.2444535725366705492 5.3678586329603730221 0.88252073768856520442 0.0035272324323035609411 -0.47026025366901741398 -0.034769901818599423249 0.99772437180906115017 -0.057767913464343324803 0.46898635532078486454 0.067332284454639512727 0.88063509014390395357
-1.9586179491731734448 5.5513604818168635902 -4.1215949328860430612 0.6085109464368543275 0.0065764978986364974051 -0.79351822773131486244 -0.033649819629466441728 0.99928006451636774976 -0.017522622492825011553 0.7928317083121638742 0.037364452833152858591 0.6082941557824582679
-5.668952560456094858 3.3587515877809477338 -6.77109684288558622 0.9344761402012937701 0.0016661548021938477927 0.35602186354572284976 0.20484708938742776652 0.81536697932376123177 -0.54149271370682172666 -0.29119068213784127241 0.57894206355754007642 0.76159968072430928032
6.7175006630205436053 8.8587161604324258235 -7.0739494334892185634 -0.98064935749581061408 0.001406786627454959665 0.1957673583479989099 -0.057341683928066877751 0.95405448276753290759 -0.29409518050379412912 -0.18718645497845184944 -0.29962987978933763866 -0.93551224802776311584
-3.3177236639001628227 2.3876112083938223485 9.0250262601636617177 -0.82623416671218563589 -0.0023940890709921603535 0.56332172876139297024 -0.37443046038417454602 -0.744789996610240701 -0.55234924756477687957 0.42087876175180222171 -0.66729463454049064985 0.6144745223518636168
1.2602613012313699237 -6.5897100817862597211 -1.1550706562822412593 -0.94609169689522465418 -0.0082025077328962605477 0.32379502765289264188 0.31303695227518713029 -0.27987168090642083884 0.90756801879370085917 0.083176724966001286399 0.96000237556672385342 0.26735196152336621056
-8.1839224495774445245 -5.3906691263206871767 3.1834665763906508928 0.76023518100547815557 -0.017032124389633435807 -0.64942465020983697332 0.13431354757434349478 -0.97393708492902453244 0.18277424746893841667 -0.63561178442460131155 -0.22617794175961467018 -0.73813359099960496046
7.9320069973004914132 2.2364270612757608525 -4.8803660463402200875 0.57113357810370679601 -0.012089894083493467683 -0.82076809783486304184 -0.31005765377210597888 -0.92899506492810635105 -0.20207033596426154931 -0.76004650337982715413 0.36989458471364144998 -0.53432883966689936894
-0.055065339807020531604 -4.5909641598342956215 2.7897410555690798084 0.96966474127159807406 0.0054509532674505535924 0.24437793812747204969 -0.21732799183338974425 0.47684400796098985742 0.85169732654121599325 -0.11188759314878084228 -0.87897103432390455424 0.46356346633352751851
-7.1769933302890791538 8.8691282628409133793 -2.3195257916288127831 -0.50265671355250196584 0.014944800588647432285 -0.86435691774644729524 -0.11189380765306433663 0.99031513089665323957 0.082193170800615597549 0.85721409468669718112 0.13803113580898448975 -0.49611631843526954322
-4.1207953597321385075 2.2690180566372557536 0.7703442932947706101 0.91891372120584124961 0.005130236076041983298 -0.39442521934771607173 -0.17957621021431263708 0.89573046313690918296 -0.406717742585128883 0.35121212636338644542 0.44456790042284044517 0.82402028143073058342
6.5705525318462703055 -8.0912442300941567197 4.7410428437278007152 0.1581466678744989085 0.0033859614148901888767 -0.98740982712623659445 -0.77169961897893624148 0.62428188520427096986 -0.12145709478631526446 0.61601081931101464573 0.78119182219959071301 0.10134104509305541519
-0.1922839177442479397 -2.3143559620439981828 0.25793136223715695809 -0.28565189454326872509 -0.0024280212421815168533 -0.95833037093508355309 0.17499740536617100495 0.9830508662953461041 -0.054652560700260588433 0.9422201989231033803 -0.18331693590305181418 -0.28038544497205236672
4.3774700166377717991 -8.220572853717490247 -6.1732434162037179703 -0.36427196383406162949 0.0014335000139072656255 0.93129151260088804953 0.7613916264653997068 -0.57537817207532848673 0.29870177476445003428 0.53627299718776466619 0.81788624158679479326 0.208502681781989746
-4.5619467392028711927 -2.3665858097002372418 2.5100087672551647522 -0.059759149948080056425 0.00048612014099748673129 0.99821270663329220163 -0.96555291880264071391 -0.25373319860049520225 -0.057680368579445286115 0.25325166334894444464 -0.96727412227089126784 0.015632254983024923556
-0.7292758908382322991 -1.1149587990362610501 -6.7827380539423183237 -0.9618843006783923677 -0.0036455139596311210599 -0.27343244565452934358 0.26584917949490732836 -0.24668057272599772101 -0.93191893896491362348 -0.064053148794637235208 -0.96908998821967340387 0.23824732708238482992
-2.5975841185457482219 -2.2890364460838399374 3.9523856905029051134 0.98637445226511633045 0.0061153467135047099787 -0.16440207557409333705 0.16048061730054341556 0.1842030997909412382 0.96969850443233507331 0.036213414495041493235 -0.98286917774544169113 0.18071183704632190481
7.7346714570030323799 8.9711997187162708656 2.0416787582879742935 0.90722854979882816551 -7.9670814942969445105e-05 -0.42063802976227637753 0.37903152110531324048 -0.43348323855454795606 0.81757408710201506796 -0.18240467219435035906 -0.90116162565038471222 -0.39323817212573380919
-5.3189406328045443217 6.7163830218664610783 4.2957710710742924576 -0.61667311102496680242 0.0050302303637424963106 0.78720325896226384099 0.72165006926266939136 0.40316245372006204173 0.56274435887284368629 -0.31454006369885451067 0.91511460085201024039 -0.25224951067425321893
7.3342442262205054249 -2.4553801327680129241 8.752990430349779416 0.20115797389168862952 -0.0032132092979884068103 -0.97955354362372315524 0.62755539072084343122 -0.76740529196810902679 0.13139006597377039798 -0.75213675692463299871 -0.64115426626139104815 -0.15235322686947216919
0.6024704423578136625 -7.8980447272286662397 -8.4447960190734328023 0.97236117032067159727 0.010150271713852266134 0.23326106926810943887 -0.1491751048136562563 0.79555797228739244531 0.58722593678517887028 -0.17961220046475467882 -0.60579244359253858754 0.77508384883828829182
-6.7677375727545596718 -2.1790137052528728567 -0.010712496551466284267 0.69857801760044624384 -0.0036876361827077085501 -0.71552439138364820614 -0.44184345928292773076 0.7843358690349928608 -0.43542117775089128617 0.56281712022141805463 0.62032543546456386796 0.54629043859568549024
-0.58894811924508772005 8.8157540544446000297 5.0271986555285401721 -0.86173529329779463559 0.0091470169583673498898 0.50727568083467089455 0.0072563456597092255984 0.9999574031350731973 -0.0057041531423732312611 -0.5073062484665290528 -0.0012345023961356817177 -0.86176495999256652603
8.3537387065449877355 -3.1884198304293285275 2.5100166305048881021 -0.77072696997882161885 -0.0071531761515307989985 -0.63712539567821901976 -0.41337113378000611696 -0.75532676953335109449 0.50853296548382309616 -0.48487549278621772109 0.65530931879324405553 0.57919379589036490419
-1.3639358360296236494 -3.519893306282503076 -0.034351140427913789965 0.91252700586471069411 -0.0041719500697481861837 0.4089951813900552513 0.19709593301435598955 0.88067806250651992084 -0.43076599611443139315 -0.3583959496936781064 0.47369689153719135577 0.80446478990145242616
-0.52486105104624591888 -6.9362533719070453841 5.9297658122724925533 -0.26388589927885969244 -0.00080361686218018103453 0.96455356842518391591 0.26609104444938197487 -0.96125540502172190926 0.071997238697375648409 0.92712447288675747803 0.27565812252885757427 0.25387558224114115113
-3.9516842587774458906 -5.7338931728674129573 5.2132274571988208578 0.30405267764158921961 -0.0064793254903653518112 -0.95263318625799819905 -0.27858724160147779747 -0.95686882220740177019 -0.08240877322731808563 -0.91101104166504820459 0.29044805977829118993 -0.29274358495971714023
5.165965270936498932 3.4202892585187329999 -7.6215462266531437407 0.49068866500152696908 0.0030556032558775084694 0.87132961462799918273 0.54400411391835123975 0.78007832450473690855 -0.30909113814183808433 -0.68064980575833688992 0.62567441287503811065 0.38111333090606591689
-3.8564480597995656197 1.9098778601236683361 -2.9285841703426847005 0.60404765903148249784 -0.0020209417661648681509 0.79694563265824713838 -0.71613594999058594048 0.43739528080163103674 0.54390685734191845935 -0.34967946286518003518 -0.89926708164313962079 0.26276032638789870166
-5.9983793529230906572 3.3538382825521835251 -3.9806090546691108578 0.0094851332861563223547 -0.0060399789731437336648 0.99993677345135545398 -0.88338923492487753109 0.46850592936139384692 0.011209539339436131247 -0.46854401273044465892 -0.88343970524721027182 -0.0008918112187365108412
-2.5772319394840601525 -1.1412831321484198099 7.8383239178218779841 0.8033229223716983336 -0.0073576445663499009942 -0.59549823463927098466 -0.35231759603592560648 -0.81204887410942416803 -0.46524073078445438156 -0.48015059503813212194 0.58354304993185268646 -0.65492970230447766777
5.3910408933087214933 8.8910292248841589213 2.2441078204169797594 0.26747320333663243686 0.0039810229983172507745 0.9635570750882623825 -0.93092444378865102372 -0.25700503681964159686 0.25947657120787859242 0.24867200375847381411 -0.96640186387702320392 -0.065035928851214661051
5.2565033720048521815 -6.909308231188929561 5.2394976131608190784 0.24657682328634442093 -0.0033110544262889758139 0.96911759200673452952 -0.69185743985078085316 -0.70084462412659975783 0.1736378292774795884 0.67862593020105732577 -0.71330628046544164444 -0.17510281867297269875
6.989226923452026341 6.5889440141483026636 -5.7311341381127602901 -0.68193238143941514728 0.0012727027428839762443 0.73141411482985485559 0.16898966682856136901 0.97321580286854492137 0.15586370184256134741 -0.71162540683259523089 0.22988993295645016035 -0.66388244371705928959
-4.0299637632240221663 -3.5218880068075990586 3.7444863350406514257 0.74044323514829224475 0.0010915381994311219773 0.67211801349721278509 -0.40451913230539177091 -0.79787946441968815581 0.44693694393745064808 0.53675700938305215271 -0.60281603230308666852 -0.59034290380802179055
-1.9615107083980103386 -5.6145826182059579423 -7.2944521359684131312 0.64125164971421322324 -0.0040109487278449955025 -0.76732016396602453767 -0.0084060473263997542714 -0.99996305221773462701 -0.0017979342236953358564 -0.76728460176588952901 0.0076030578996620331103 -0.64126167311290882544
-1.0867949584732219392 -8.9142277093649848752 -8.8490138897134205109 -0.45686302313526278018 0.0059156327824768685508 -0.88951738790239498478 0.048610443579880244225 -0.99831763085007652059 -0.031605896744239782292 -0.88820786016944852648 -0.05767940033339352679 0.45580684934565918187
0.85623932960592863406 1.1920208815904020927 0.95931616895003335443 -0.90359369823890023365 -0.000254276963739427566 0.42839043388749847852 -0.29603203627693730482 0.7231935833733347252 -0.62398403382206879542 -0.30965054820042359207 -0.69064533322885668376 -0.65354843867037726302
0.36416702424042163289 -4.4979558184945593879 -3.7517648188362966444 0.17149494430104536558 0.0076162342698060953722 0.98515555982539859681 0.9744889771002372969 -0.14826231162630587601 -0.1684919002846083369 0.14477816682603475429 0.9889187428333277019 -0.032848173217255971501
2.3634521334405849124 -1.1715029207635696551 7.2988695059462980197 -0.83048491507320620908 0.0077776012017632348977 -0.55698681739834010607 -0.18809163865076047872 -0.94509102907761322054 0.26725359160680312032 -0.52432465258241112149 0.32671463951983020779 0.78634674477459887143
-5.8455149572859381735 7.6910706481676589519 -8.3541297895297077503 -0.68719571381388855347 0.00065016782795131525252 0.72647204226833317353 -0.13455981628914656656 -0.98280992496299846017 -0.12640532913638169443 0.71390174867160316463 -0.18461914493278980265 0.67547025439198549179
-6.0198808324670132208 1.0841669563947937682 7.7973939567332477552 -0.21051772482385272545 -0.007327952230475301594 -0.97756257531235102309 -0.89193653882871304361 -0.40788631186644769278 0.19513576631085891022 -0.40016433903684994755 0.91300331746801233201 0.079331230011697437265
4.2859377327170609107 -6.9843764137366948219 5.900890413710446758 -0.29883783882218623029 0.0014853816863980282871 -0.95430275056160285274 0.87620347290588695977 -0.3957827454732628647 -0.27499725899267651874 -0.37810503852228521948 -0.91834297080496607446 0.11697336370810965112
-1.73360208681619965 8.8583249976610858312 2.7408208335347787887 0.85591025662757180825 0.0082866521127388445556 -0.51705798900749733171 0.3153831454956111946 -0.80075783030700387055 0.50923508199975786592 -0.40981837945232635345 -0.59893090469518361907 -0.68799031044348524233
-3.6985457010889759566 -1.3088749264884023127 2.7413415660988791345 -0.16341935976714860868 -0.0036304084948448238704 -0.98655001545141962627 -0.29857844347054562917 0.95327826057897280254 0.045950745392568138892 0.94028986272728809492 0.30207180941229916371 -0.15686808474128516311
-4.9545308363636975102 -1.4223907881200765768 6.6913374321055885119 0.78592899654887649064 -0.0024136127193042566583 0.61831204650826099289 -0.35791209823678382662 0.81365262319658893109 0.45811389271794816791 -0.50419692811387450959 -0.58134635393986466845 0.63860932849556983903
4.8941262469783657352 7.8005336598559393835 4.4863753680659073098 0.26683635905496777552 0.00076243548333800037486 0.96374155050963306035 -0.21190428628097876529 0.97557380300944740448 0.05789929479112593258 -0.94015686507216311707 -0.21967060243409042286 0.26048012493139294232
8.1805292870730923482 -5.6311271812611805032 5.5898004614800003154 0.69444878213653438159 0.0066641917750499424927 -0.71951127686572335929 -0.56635347174469941045 0.62185814212256484979 -0.5408661536078996912 0.44382951009570653644 0.78310155128435343652 0.43562291760676385977
4.3602174301956253544 7.86956949441993725 -2.3323650205987775941 -0.64048331434448058097 -0.0022950591367511194441 0.76796865609826958643 -0.52277319953620438042 -0.7312384136888675501 -0.43817640761737813859 0.56257382261603361417 -0.68211810931059146945 0.46714620736758288855
-7.5753962875747005157 -6.6295834216940381367 1.0968509227087785973 0.99938498953513787981 0.0070019462835079785898 -0.034360084980099320218 -0.020302218068204532647 0.91446664751684547667 -0.40415166771985189254 0.028591303452294769549 0.40460069615301763601 0.91404639599932702154
0.62133799148296964265 6.5506240519760936536 4.0967848763851266725 0.88587319445558410091 -0.00058975306026776608184 -0.46392707997753412918 0.41745211576043411705 0.4372702630953980707 0.79657293957267127915 0.20239173499003881851 -0.89932995569120999235 0.38761219847160782725
-0.96746799922584925113 1.9039533218084012667 4.6809583482373851027 0.76071082962633784774 0.0052906808202080020734 0.64906936638977252851 -0.64343353062269836862 -0.12559056352563199854 0.75512932801187271359 0.085512135744503614543 -0.99206805162223155037 -0.092133900333244533876
-2.922007886701647017 -5.7125829172199544814 -3.0373379893472844948 0.22150582253312356418 -0.0048415101707526431857 -0.97514703012582626407 0.42576246886691282434 0.90012080682833395251 0.092243445398520557132 0.87730353395401294847 -0.43561346730115518833 0.20144333301897215938
-3.7119601914083579786 0.89585943927877564885 8.2433142119501692235 -0.77769831894955487872 -0.0028297846025618486263 0.62863130451977489166 0.61273817817417830511 -0.22689215615164493034 0.75701510849182296337 0.14048932240892544887 0.97391577756815983502 0.17818756548396844086
-4.7510301514868782391 -4.3698360355873395733 -3.3987578783963288132 -0.048641907702740176667 0.005962901895676475314 0.99879848248573410707 -0.12354091946632443644 -0.99233947453712856301 -9.2153792615917544395e-05 0.99114661177459595365 -0.12339696542419661962 0.049005947513085380829
0.63243681648159000286 4.4435047439258372748 1.464327610811867908 0.99330427555091782565 -0.0068039901263080553723 -0.11532702151014226355 -0.077485683074857730768 -0.77966771197655260206 -0.62138090397064404957 -0.08568888545465529194 0.62615650169852488105 -0.77497448363801735294
-6.3213219677625183124 -4.3227858228808573315 0.72069562210151660864 0.8094599278289806854 -0.0014713410077146823335 0.58717327970117116909 0.2647399074798056362 0.8935011209411026778 -0.36272376302771469625 -0.52410629325255519984 0.44905855078472944886 0.72364287555420003795
-5.4156947670493282843 -3.6716780094509529064 -5.5057166617867245861 -0.080207577302177410217 0.0059453353219508569757 0.99676045142809610589 -0.93095500132680042427 0.3569137705758819723 -0.077041195977298554398 -0.35621556682387334192 -0.93411841506359938325 -0.023092349191153424548
5.4049923523850695872 -5.5318735094857940382 -0.44877579802000833187 -0.97940969820286427616 -0.00046544091812913360867 -0.20188220929686406802 0.14750069383894201525 -0.68442632369573330742 -0.71400570918534222997 -0.13784117085586605755 -0.72908188209349689135 0.67040243199138704888
-2.675568010190705337 6.6400426727270680516 9.044321816127460778 0.94626344764155767564 -0.0056217377934410055207 -0.32334792982494781066 0.28196431641882496733 -0.47529757041568021503 0.83341966848861503969 -0.15837175229290245682 -0.87980714683462735159 -0.44817158818328056702
3.270745163175583059 7.9132072014829253348 -8.4632419467755024556 0.022722556162788013628 0.017024143892787179516 0.99959685071846815507 0.99921747555349460512 -0.032765106816175997018 -0.022155909453079776494 0.032374712196457128277 0.99931808064296745453 -0.017755329063856319788
-4.5568828658591140623 -8.0346237198747871844 -5.2574750528887506107 0.99926964761591530184 7.4825447335402812954e-05 -0.038212115286204960396 -0.036232193642353950624 0.31957585122611492645 -0.94686773282066427626 0.012140819468093781361 0.94756069447518387339 0.31934515933129370424
-0.71960728043088728612 6.6104371935430643603 -7.6935968269661874075 -0.24372593222453198258 0.0097810107617069992625 -0.96979482458372701092 0.61445837168894468228 0.77520821579104681742 -0.14660536017269054643 0.75035896704361593201 -0.63163007686354299963 -0.19494836900794074164
-2.4573800290280658487 -3.2308350617446279784 -8.01549180639096015 -0.98998441526827929415 -0.0016847319892518714674 0.1411666362988405754 0.022401727986086666933 -0.98913460213212989203 0.14529590994966015693 0.13938801996233582403 0.14700306303939997266 0.97926558162130727947
4.7718599798077194762 7.8332407655059510532 1.5450957417140016581 -0.46330340474256737071 0.0010678037132983821469 -0.88619908313507211872 0.56937058927794159668 -0.76593851197926132723 -0.29858889452243936313 -0.67909284138402914444 -0.64291294563284040464 0.35425394439396756807
-7.4995203645387231717 5.7635208423366783848 -3.8864490983843844596 0.99820298480496594262 -0.00055378962175409857105 -0.059920734670016337353 -0.038008637816327732473 0.767212340006878879 -0.64026601408502348267 0.046326499734879782177 0.64139295183057876137 0.76581259898509013162
-1.4518777710660313307 -3.3140875371286706574 5.6402179986812672752 0.98300575351350694131 0.00061551038432147708868 0.1835737173628133323 -0.12992052628906575196 -0.70415095968415697403 0.69806309372794261847 0.12969327433699648355 -0.71005003142253608761 -0.69210447727834734089
-8.1626843793197281229 2.3209421572414226098 -4.5807632844656396287 -0.55853836726648342648 0.023725755571193777455 0.82913930121176160348 0.70468236806389805693 0.5408670757646364402 0.45922278525123982895 -0.43755874169219288738 0.84077339091841996055 -0.31881413502581351649
4.4216327255826701759 0.0060973559839439320229 6.6837355751728022568 0.15843556292199173496 -0.007474170472078563339 -0.98734102982573035412 0.89447811821769018792 -0.42234916289263141342 0.14673132124254914532 -0.41809935234511175217 -0.90640240587707843201 -0.060229645433563856749
-7.3292807536361355147 -6.7830653254835251431 -7.669808443552160071 -0.23623517120965789595 0.013764835503276142553 -0.97159841147828296393 -0.18695804810128610618 0.98057349117676495531 0.059349108258896603185 0.95354057707756678663 0.19566848929897343035 -0.22907249979378549454
0.43741495306245992136 -2.2194235928031007532 -8.9119133084125188304 -0.98516588231796964337 -0.00074033790508007445499 -0.17160313579999722511 0.1045927858486587203 0.79018953518726497975 -0.60387154894820616047 0.13604607111196553859 -0.61286209736014674032 -0.77839033662709211647
-3.1727798223064591632 2.7033839324047557184 -7.9169193647387166024 0.65490283143244187869 -0.0056004789303256792207 -0.75569234217200598192 -0.36556235612072002228 0.87284458580898194313 -0.32327463991334204341 0.66141246221178517928 0.4879661501163190529 0.56958106637353989044
-5.1618252550186110028 -6.6655556086855547449 -1.4104113428767630634 0.20080303938008967068 -0.0026167357361454382514 -0.97962813968861239822 0.96986905892087216241 0.1413559608219282504 0.19842505106025784545 0.13795705101174399188 -0.98995537527421162416 0.030922597593264909005
0.53315715087708581699 3.3441099434091312581 2.086091194296909368 0.99932620037536090685 -0.00018514782535272375497 0.03670301028268505017 -0.035013851758430122874 -0.30472144728790140356 0.95179770421448106621 0.01100797113802632135 -0.95244149703976732635 -0.30452260882954274024
-0.3735550600840428781 -5.8273444408779306869 6.2279020067297699015 0.36072764643290711195 0.0083421300557392982777 -0.93263389063718116212 -0.50977942730897030099 0.83913691735027029495 -0.1896685778736723893 0.78102528806127613503 0.54385627035662509332 0.30695253151307211326
2.4869155416808061965 7.5879600549016288369 4.8872657592041894858 -0.29199470299956414854 -0.0020218547815730107502 -0.95641779862348397234 0.9530995739039761494 -0.083869139311365914491 -0.29080434951242434272 -0.07962597342799235256 -0.99647472600880782068 0.026416373354888000868
5.6543817996523308977 0.79800214070996411397 -5.5888026486913222612 -0.99366106283206578897 -0.0047547458067302489013 0.11231689367016584047 0.063519051838747009331 -0.84807989965097041463 0.52604734944826581078 0.092752478483929562403 0.52984703094425800174 0.84300599139912424373
-2.6377858801428208935 -6.7456255152145487841 -2.6445862133794246773 -0.60568406946964958859 0.0050082343359017849824 0.79568946554526398529 0.054732484659781338587 -0.99734953114486468717 0.047940252899385416008 0.79382061141901150148 0.072586708934458413212 0.6038046095985565298
-6.7712424051069364239 -1.0489651435840408045 8.5929910986683406549 0.74276329917704708716 -0.0050019579172564171063 0.66953540743732420371 -0.0088288987687290924888 0.99981198629316803128 0.017263910660565033595 -0.66949587895823092776 -0.018734259573295594659 0.74257948771589621373
-0.066304674637650093394 4.1624605427843217598 -7.6411500537781709141 -0.78057116761361444723 -0.0025903552963065894221 -0.62506155084915637765 0.62433611454480264502 -0.051572645068862651985 -0.77945152405763873382 -0.030217021124662894749 -0.99866588624042995637 0.041873372139384391899
-0.29404419420363930859 2.1715688563129589284 -8.5267576153879378609 0.95078119608921873862 0.0039192219803018644997 0.30983827533398117238 -0.14132266880392158059 0.89535175492273255671 0.42234244191052283668 -0.27575898978095536584 -0.44534242404665380644 0.8518374873760701238
-7.3470508629691533287 6.6394106284386333883 -9.1307875146996959614 -0.90815515865763718484 -0.0092638716661848051481 -0.41853122761122801831 0.40408248542695618388 0.24189926449255053087 -0.88215763376474554125 0.10941459123477656479 -0.97025714453422828853 -0.21593869663681336535
-4.3852112155722036135 -6.7339899327456409495 8.2550680777384357611 -0.78790653860358284 -0.0020210023952475252886 0.61579152476724730025 0.57782948307979409286 0.34326545577775208207 0.74046061026464593535 -0.21287643108018489135 0.93923625484691519727 -0.26929330231474540858
-6.8135078917493094863 7.9008896954212577413 -2.6750036888334469687 -0.49679114926766060334 0.00082960377564164373282 -0.86786972856926669628 0.29743341075615592484 -0.93927569516203235356 -0.17115646246588461787 -0.81531093465935977616 -0.34316246915334103207 0.46637710019813261031
-2.5036967997755121829 -2.234943501692217005 -8.6970939226961636592 0.97208550378717761831 -0.00068333807432217419722 -0.23462588598827119335 0.031728132453020349568 -0.99042744979778662984 0.13433835006465943973 -0.23247171642533964731 -0.13803260388807706005 -0.96275848546038000908
-6.4721847660872784402 5.515505589631376715 5.1761196702554572724 0.53469479333305791613 -0.0013938484848677156879 0.84504410249921502185 0.78067331855959221087 0.38363104652064389244 -0.49333192663200658989 -0.32349752343951465594 0.92348539638239357519 0.20621366345769684414
7.5025248493743559308 4.3835352165259271473 -7.4957935959286494665 -0.24075355791858918386 -0.0042231513107686136088 -0.97057709088062849023 -0.80100195555491526811 0.56558818275188116331 0.19622913832799254719 0.54811822770905427316 0.82467701103171087151 -0.13955011977254697109
-7.0894278849025385014 4.4540523644111891244 8.7213156305447210315 0.53770505070199414721 -0.0038391073485581879779 -0.84312427298978742662 0.10313867456295489067 -0.99217994923468333379 0.070294823038517223468 -0.83680086774511541758 -0.12475660139418179306 -0.53310420946529013531
-5.7905433430961688046 4.4462979274301455135 -1.9490829463974757019 -0.91259720773427310814 0.0031908014136210454542 -0.40884734953511708833 -0.19965778705419043315 -0.87611134982721916575 0.43882305177856339995 -0.35679560606062993289 0.482098248793801476 0.80017383986585399747
5.9116217768979870684 -1.4652037554253367624 -3.0581760614130644171 0.13157274457169312876 -0.010092385083723025632 -0.99125514205439357873 -0.60098203836403063516 0.79441892573863404081 -0.087858750232115506718 0.78835854942412275648 0.60728635271307529475 0.098458536239569738324
0.39873199933428288277 8.8837500054380083014 5.9149550268902002514 -0.77355673684061820872 0.00093497192545777176725 0.63372636107095614566 -0.37456194070872989021 -0.80731140027606507203 -0.45601716585779022983 0.51118815270036932485 -0.59012492644504299655 0.62485137731042006415
-5.2442118919474660643 7.9811492099129504041 7.3380405805824837628 -0.39101777132964943284 0.0010111805709285860699 0.92038257263932876651 -0.029291141304125141442 -0.99950652672539852528 -0.01134601580106228691 0.9199169155665026798 -0.031395549801165906212 0.39085443314259654679
7.0842732777723185222 -1.0119332039886779206 0.27394473439298727691 0.97342176030717098012 -0.0014377238846656880539 -0.22901530409636966512 0.17080637204927642814 -0.66158262527840105971 0.73015999150667432183 -0.1525623145723470353 -0.74987089747485291547 -0.64375335128659072481
6.3338264671185582344 5.6456907411126886487 -6.0100680122002207995 -0.65237448859297508807 -0.0032294770766206543945 0.75788989774973081204 -0.7496432460205650905 0.14992670000231578253 -0.64463709815862824115 -0.11154609060361238282 -0.98869184031447787664 -0.10022930991898079678
8.298216300480445895 6.6681578726307870753 5.9312226825339982028 -0.67938546943173716564 -0.00023097510346278761657 0.73378152782386452113 0.72531166723541629082 -0.15171177973293514807 0.67149573435899523322 0.1111682027246728155 0.98842474804146474021 0.10323830762962510343
5.5829265704745463239 3.4982609071950836466 4.8433082165248322326 -0.43653716084388677343 -0.0064714329057765848652 -0.89966295230964077323 0.65247113411456769683 0.68622139617135191614 -0.3215301145835171015 0.61944872778130088964 -0.7273639501602748858 -0.29533871682738527253
-2.8055193418640036462 7.7986732837881014291 -0.66653506468966283727 0.88370795885619934928 0.0068412481268308013641 0.46798871864423563505 0.20322239221445603796 -0.90632885056827450221 -0.37049787304423342782 0.42161700956770103987 0.42251770608057059864 -0.80232031339830633954
0.093116301050987670962 -5.6692997395600457367 8.9865946466901824863 -0.091825663986541850026 0.0045809394142512192827 -0.99576456174498828577 -0.35698652501027944295 0.93336796109405673061 0.037213843711514135726 0.92958521308937980265 0.35889171653399132289 -0.084071799128402763257
-1.6842405020225263979 -5.7481457961518227506 -3.1472812363453646078 0.0045966828042468977494 -0.0079844757368466353492 -0.99995755842664679758 -0.81870351696592258417 -0.57421587961350839535 0.00082152724726462095228 -0.57419806845256626815 0.81866499360021705023 -0.0091764066267201807592
0.48547917539895041328 -4.5252060537693088449 5.2372855950111238954 0.998103188108553252 -0.0057336779684339037738 0.061295601998128050603 -0.055792477780660099107 -0.50512020807451618598 0.8612437371716404888 0.026023552994144407563 -0.86302995332215259872 -0.50448198615792072541
-4.6434376801502423859 1.0127450423579289485 -1.0140272234651570571 -0.8658714158635419933 0.0028707023594645494219 0.50025838349661067017 -0.49721444881270054905 0.10535468526826582969 -0.86120739789197608971 -0.055176834655299294985 -0.99443056537895169189 -0.089796255809715147533
2.4293976071249003823 1.9069587145344746304 -5.6725456122797144332 -0.98269767217510795021 0.0039823049150860146544 -0.1851740433997049462 -0.18168410045114061213 0.17360902045138307259 0.96791053081418698678 0.0360023991517324643 0.98480660500706362903 -0.1698816587799914235
3.7238464816309804206 -7.5852837278259208631 -7.0613224310536466533 -0.40151997373603115493 0.0037338531283399589711 0.91584265517157092962 0.897617648661245493 0.20014590989479844052 0.39271385456078944376 -0.18183582568543185665 0.97975898724789489691 -0.083714152949790607283
-2.1122193593234097619 3.288620225789154361 5.1799877369097631075 -0.87322689209577897262 0.0030003240723280137636 0.48730462031083110475 -0.1285052658374881418 -0.9660038692772379143 -0.22432770937515308929 0.47006509291035752929 -0.25851019824551729753 0.84392611396396799428
-7.4198922654735266491 -1.2364383654301138726 -0.95867941341898343932 -0.54214552304999619192 -0.010390230413234741863 0.84022037284806294632 0.44958208107021091493 0.84117828363336111241 0.30049134350947692695 -0.70989730540233864087 0.54065806038165165059 -0.45136977914660580957
3.7885697312741180021 -1.2332355918306938669 0.61035936411703584081 0.94531555552017232369 -0.010628906394124911991 0.32598393647592655009 -0.12804992101368126156 -0.93131460577205082974 0.34096381450783525002 0.29996952881891969511 -0.3640606150412298847 -0.88174721454382043451
-6.6908869095506782187 -5.6952273632581142948 -0.71895558235901979582 -0.38183492793168799517 -0.00023251412116773173544 0.92423050899040160022 -0.92216735006742844849 -0.066684972661975844277 -0.38099933450200440532 0.061720873950685380127 -0.99777405275869113233 0.025248234799577069093
-5.1333559788532863166 8.7700164699459950413 -0.76155159833432284344 0.44454596709600668891 0.0011944689721783750911 0.89575524356942215487 0.82567663504942967467 -0.38829488391642663636 -0.40924952957564347811 0.3473283424543968656 0.9215344032472185809 -0.17360116981060386143
1.8306158592227148585 4.4838058962408746666 -8.7219368223868194434 0.93405688030242073339 -0.0026074258979525543473 -0.35711475143153986744 0.24113332990193109273 -0.73300257191026785275 0.63605184284264271177 -0.26342448931372913767 -0.68022086920591573467 -0.68403735828284606413
7.0973188850116608606 -6.7559924087252580804 -3.0810622271436463038 -0.77187218483697128679 -0.00020322963853227574843 -0.63577770405434297363 -0.14878774406424113974 -0.97217284131492243127 0.18094798651983848292 -0.61812259098917010647 0.23426464800955723589 0.75036293698557776644
2.8951258150232814792 -6.6336524234491873742 -3.3676877978828692051 -0.63260361175499491004 0.001816844521937620912 0.77447360798831044182 0.045496006760765740629 0.99835749576361232371 0.034819879685925154977 -0.77313826949854269621 0.057262638155353602631 -0.63164721681342339554
-5.1981629936634998757 4.4530909305626531491 6.2945386741471196501 0.7230093743376728721 0.0024131596148574412271 -0.69083400414313622662 0.053674752725582128288 0.99677486178847085618 0.059656481846779484124 0.68874992961146930259 -0.08021253996213650872 0.72054804343174339021
-3.2172391646365996465 6.6563875786467630036 -5.5571174137776688795 0.091955045304159432895 -0.010605136426724382642 -0.99570668408149454187 0.7467996987356760874 -0.66069164067022090325 0.076005038758469797844 -0.65866112653729502746 -0.75058249848358626899 -0.05283401706125695485
7.2979279321567798178 8.9299105627733990076 -8.9651718969657760994 -0.74614019503653816745 -0.00078518385402833162229 0.66578839944622147939 -0.27892941550170063936 -0.90764198439443422028 -0.31366289122646606735 0.60454378709774436729 -0.41974445994062059562 0.67700915638583503142
-3.6135699656738782259 7.7281204403842478357 0.30673035269580961604 -0.88440275807398027741 0.0054899271709927949248 -0.46669221357421702967 0.42606626276522185925 -0.39868965845009957105 -0.81210473214860900981 -0.19052375506592286736 -0.9170694722563642598 0.35026316079626923505
8.4871493469954906175 7.8047665304075950488 6.0852451112885299622 -0.10668764209480262328 -0.0086082404714216895214 0.99425532194725385615 -0.77869277976979689448 -0.62107026786465480139 -0.08893411667347329852 0.61826798539016092349 -0.78370761165765678857 0.059557347751991132623
-8.59014176204124702 -1.7987018411670796514 3.5188880599440630625 -0.95345873158551852633 0.0090255027390687483924 0.30138843286316718828 -0.10304474874865729439 -0.94912431453451340246 -0.29756480859566186714 0.28336941775472723748 -0.31477226030845767424 0.90588089571505026054
-6.6573010746363845413 8.9701303290086453757 -3.7154720105784280193 0.48764442820768238995 -0.0023861997657392899908 0.87303906996698832366 0.22474749324309978293 0.96663638832821974223 -0.12289286814420238847 -0.84361808652918102158 0.25614136489515287876 0.47191114128664252148
6.9601641165341980866 5.5940637112504703055 -8.7527301617651129817 -0.56545685503095133306 -0.005922562565460603827 0.8247566115837597911 0.52963012862779690337 0.7639528442514328388 0.36860273820283795398 -0.63225823201325348499 0.6452448953795767439 -0.42884560512885688821
-6.4251014424756922594 -6.9620919718320672942 7.9470798311512149681 -0.96872689449799198602 -0.006935653583227579036 0.24803245873437668179 -0.24164608243859483916 0.25338248659844375688 -0.93669871694540141061 -0.056350463338479428455 -0.96734131111760235378 -0.24713440288001364831
-1.1550422156770288051 2.2344645343925741976 0.41405804189002948235 0.73277538038554179689 -0.014697354395473392896 0.68031186207125493581 0.67496477395691378831 -0.11122391422936118988 -0.72941880618816978821 0.086387474893489871186 0.99368668536790738521 -0.071581949570049041576
3.3172794359190094227 -1.2724655021686599454 5.3972522855076690007 -0.78532189926910100919 -0.012613613051891231845 0.61895913539933600234 0.56329472742837882748 -0.42934659938899277787 0.70594656146514023209 0.25684346318290607325 0.90305171189617727823 0.34428046860272515373
1.4288393953774969347 -3.4544489302219703042 1.0086598280776053471 0.99969720406166506788 -0.001602172564628148721 -0.024554698827436279018 0.015178488667467371701 -0.74526907386883978202 0.66659104480651643065 -0.019367851538061836569 -0.66676190696357329202 -0.74501909086212436684
-6.3504184741811924297 -5.6099415611979166485 -6.8409206696697335559 0.77240422348059634139 -0.0019619274150832390763 0.63512822830529724882 0.399124257996843812 -0.77637740753326389687 -0.48778883520443738764 0.49405621363138879643 0.63026523933384959175 -0.59889413576983741017
-7.5591570881648113556 0.13408596869650157846 2.7275484840151280608 -0.95189734044260099211 -0.0067377841638132417515 -0.30634303570131016237 0.017418875005175044751 0.99695163587884416678 -0.076052735071205607165 0.30592161749666796355 -0.077730547295449328726 -0.94887824612297222426
-4.4369582047178708351 -7.9783878532523120342 -7.6607780705010597444 -0.90398275417770901363 -0.00010698132718660845197 0.42756890521182322473 0.18806132590441154706 -0.89817628082178690985 0.39738181421420287753 0.38398973664446123255 0.43963548210305658515 0.81195598712469463365
-1.3567329321131849085 4.2547470391943287282 3.0476345998370386603 0.99996378581944911357 0.0085007289185497388051 -0.00040577977232589962364 0.0070258417206010108369 -0.85149672501955675497 -0.5243128501467037017 -0.0048025615546994065291 0.52429101164193070428 -0.8515256135394971837
