1125 17.292696884352682929 17.968806560800352656 18.477561601407678893
-6.1154801725409733137 7.2405299307110055906 -5.616822184832746423 0.80641987563713146692 -0.0057421137172961878026 0.59131549303855113209 0.5855974386429185774 0.14681293955335245061 -0.7971960866904702625 -0.082235175151687017747 0.98914760724076433718 0.1217554395416610008
0.95890558360638744606 1.6673990368124151917 -2.3157866167803535795 0.2953481388906968319 -0.0061162058826452220944 -0.95537012140812638261 -0.70017842662771667683 0.6789668413099687605 -0.22080353096446161953 0.65001511346937423941 0.73414346038567090957 0.19624915753765365123
6.0854049209370204565 8.6525848399148728163 1.2593584266780457614 -0.60049432921200784907 -5.7922215643170169019e-05 -0.79962901224836879788 0.75625615028095238834 -0.32491088907993759261 -0.56789924222481047433 -0.25977527932146249334 -0.94574463297587574306 0.19515095042373092893
2.3446183659768902174 3.7926318396277514111 8.7680744123052782868 -0.49840345782949613263 0.0033998415801869720509 0.86693854124794711424 -0.85748215320215359636 -0.14928084404550895359 -0.49238154569509351433 0.1277432979208604491 -0.98878899198889480537 0.077317392338756785186
-4.7481809394293215121 -8.14223096896441767 7.4294922766370579126 0.20790289497573943844 0.016120649614492700563 0.97801662098185215832 0.70334649957159822709 -0.69731914408145323492 -0.1380206971381562342 0.67976472974217594381 0.71657946939184946622 -0.15631307125350954457
-2.786495496818218065 8.4917564699231569136 -1.0462723543713285945 -0.79395882798930272894 -0.00082978193634647076649 -0.6079709622338939079 -0.51165998349236052611 -0.53921155270323395392 0.6689207447254563732 -0.32838002489539280804 0.84216994300023306774 0.42768720621080014155
4.5977790561271882908 1.6110895098089568211 2.0284720754073308768 -0.52756339759564840897 -0.0019241663746635687734 0.84951348376646007576 -0.74005870424278019648 0.49205015293997733661 -0.45847547509758529438 -0.41712105651931852268 -0.87056472739000378969 -0.26101164654660158337
3.4470478450583708074 -1.6680078375957749781 1.753233339925889922 0.76004031056944076905 -9.8758615374307939794e-05 0.64987592397040960801 0.5738327296617331541 -0.46929333622143920568 -0.67117789217701107063 0.30504872508924618657 0.88304232901081614049 -0.3566251820841872533
-5.720841168840676616 -1.6121277413707801873 4.8383926505111540806 -0.88552391251389661608 -0.0040957913713750371612 -0.46457574717047472879 -0.17406086291550845746 0.93005436912070882371 0.32357639975834073809 0.43075540201734580092 0.36739909495342099044 -0.8242983007749451474
-3.6827712224789670437 -6.233263162818873937 -9.1651491594396095053 0.92878398345157608951 -0.0053162680304478602406 -0.37058339058587708159 0.064780562973885222333 -0.9821759609405520397 0.17644789715793754437 -0.36491614207192873964 -0.18788858146500866941 -0.91188491061679322058
-0.47001043890370947098 3.896512889977321592 -0.32405198692128722726 0.32333377214339970029 0.00083151138108772805306 0.94628461911864036882 0.12436906708299078073 -0.99136257581195541544 -0.041624252933678683453 0.93807654642072602069 0.13114706198848621876 -0.32064441549375521934
-1.1166131584721816772 -8.4400687389891562162 8.3134229632004199573 0.74814036839573072601 0.0012519986472797140289 -0.66353931434067159323 0.015120890184385532562 0.99970636733525020112 0.018935094124804555116 0.6633681842359328007 -0.024199413399405511615 0.74790175861188779027
-1.5338996543726821642 2.8815182160117309706 -6.9203305992415957704 -0.34768264470777560105 0.0093319502371205561436 -0.93756583410120675204 0.89209611492776719199 -0.30447943073624283983 -0.33385146096687290385 -0.28858499666526715721 -0.95247319697908772174 0.097537217186227848087
-6.8201645392153711356 6.2748788792946559312 2.7652180243435102724 0.43729388967990351356 -0.0024104961635324105226 0.89931543051198703509 0.44574562035365822288 -0.86793934398251570972 -0.21907107774073455997 0.78107931478442715889 0.49666435816883192089 -0.37847010362881322587
-6.0392516508321580915 5.0349465979482950218 -3.8277384183505342996 -0.87889321695645261645 -0.0051307862780770405881 -0.47699097289150371726 -0.46613230652826748157 -0.20316975889450034076 0.86107068344109161107 -0.10132811060443688844 0.97913008538327050978 0.17617289774093164434
-5.3580846733283653549 4.2184909416953528805 8.4309793068816976103 0.98633957499557001203 0.0040264405660132493447 0.16467553119328903755 -0.16448649374635385123 0.077823564735485933896 0.98330447275847288058 -0.0088564198444567830693 -0.99695901648365814474 0.077422756856926955304
-4.2471208647529747893 4.1131733355411954633 -4.5926781295901095703 0.15947347689999583076 -0.0086578808328477939449 0.98716424735944419133 0.70695772886012586689 0.69894933109656842696 -0.10807683454010902357 -0.68904207402008887939 0.7151187829016759645 0.11758463577715656811
4.3618659314816179418 -8.2957766681869511416 5.9358231759606265854 0.1925835174819923723 0.0090767754399399443177 0.98123860550940367187 -0.980097911893753726 -0.047300417306172619358 0.19279718261496378573 0.048162972249434304883 -0.9988394679177600155 -0.00021315208789720631322
-1.8527194672799236486 -1.4891335176837006138 -7.9459726055695458768 0.68047118638129211465 -0.011713440900734822109 -0.73268121294795918175 0.61690441023596598313 -0.53044710966950103792 0.58142481239989984854 -0.39545911689580987014 -0.84763710345011489267 -0.35372790067863313368
7.9037229764214904648 -7.3754386455684928237 3.8538932064274828981 -0.99938802683600080901 -0.0071739140359569257901 0.034236044955777672483 0.028881130251936264902 -0.72140972176468542987 0.69190598614191012317 0.019734541600294489005 0.69247133392009296848 0.7211754291204062195
-8.4692879985314970526 -8.336211838993126122 2.6691947750927851324 -0.85853646914352577113 0.0086346830803858305725 0.51267979616761771844 -0.50747579761548067268 -0.15738288293598970413 -0.84717114150166716868 0.073371970022146765222 -0.98749990906676321512 0.13950083730291895634
4.026788291772895434 1.7258818077698223625 0.56925444645447476066 -0.54756331330392404855 0.0033573002483384523607 0.83675751951129762052 0.13824933426223504074 0.9866119489237958895 0.086510021483684737542 -0.82526452698500640803 0.16305088400890363487 -0.54069665222223506351
-0.57730294383308611295 -6.0990234487317884771 -7.463699481182467288 0.61527838146357582971 0.0067507976217141031638 -0.78828100321852512256 0.45586187869859312594 0.81276327304805828788 0.36277515010490213321 0.64313486987810630779 -0.58255496626143865591 0.49699823986733970838
1.8734186504224059622 -8.2666686690533452975 5.9897265940464183842 0.97052318543888449476 0.025875243861991619604 0.23961472884774898118 -0.23596569396983135825 0.30432154913761200188 0.92288059140931366642 -0.049040165120860679249 -0.95221786713212308584 0.30145678914120743741
-0.037276138710823872313 0.68467551656135305915 2.0446580583408855425 0.95028549180966837007 0.0013864260831875276775 -0.31137688077131353559 0.13280249591628737194 -0.90628478001438117495 0.40126225164179440963 -0.28163980743964089903 -0.42266532308319543221 -0.8614133987399071879
5.4565772011302273725 -8.3581480610955996013 4.3919597827536183132 0.13574846461846049039 -0.0070745746059236794268 0.99071807531093580845 0.90258966585522037995 -0.41146260913006987847 -0.12661128061764520547 0.40853916513052040971 0.91139918349881055004 -0.049469979507558929643
8.4044841641539758115 -1.7862943741382146801 -2.6648384591825187151 0.71926717655101857218 -0.00050425811027551316335 0.69473338372360782245 0.1527982524588765989 0.97562843642320418169 -0.15748602505613942815 -0.67772223128782926871 0.21942857554598643732 0.70181456058701818801
-4.117131904642755913 6.1613657433480080172 5.0529364176324023106 -0.51981479878997893795 0.0028365973000201837734 0.85427427017028390033 -0.62648153943979412173 0.67858675969843418319 -0.38345911164422669115 -0.58078692796925746045 -0.7345147808436257586 -0.3509623641108222114
-5.7616960041562412798 -1.68497863147584237 2.2362633435874141874 0.13289629238005193357 -0.0078324298986714793736 -0.99109900035912235072 -0.48982897627559673914 -0.86983292181487092964 -0.058806990464616064329 -0.86162993766010731456 0.49328423973268931135 -0.11943412141839289398
-2.2684177506460057039 -5.1393794065255145043 2.8176335334066324734 0.66422215438249276875 0.004131829478374290758 -0.74752381742180507018 0.18430245342039291989 0.96821091526675062688 0.16911602295947028574 0.72445947801854093662 -0.25010108265165098551 0.64234563372507613721
-7.0731579020684334225 -1.6251941018650852833 2.6215804935455220281 -0.20243640795113992947 0.00083715992114460533423 0.97929505252443893593 0.84861126535268205373 0.49923503543443281671 0.17499514196499785235 -0.48875190132856571879 0.86646620162483767302 -0.10177377063665675461
6.1345317765803999421 6.285206597374976667 0.51173720723572824198 -0.95288461579518357603 -0.00023057853873781851677 -0.30333291251412963785 0.28659346488192238844 -0.32828961191539646203 -0.90005006338276849487 -0.099373511901982819472 -0.94457708925317185322 0.31288820302184183753
0.0054422378041588045927 6.122705828339729095 4.2657783918369318599 -0.85163220159986519064 -0.0092829013001893660728 0.52405765039851648357 0.45771106046605630757 0.47400432807356673859 0.75221039749137819097 -0.25538828932612106515 0.88047357979133811234 -0.39942846288680411426
-4.3419160876202855803 -3.8945312257455229066 -5.3197259295485554986 -0.44294817975196454363 0.0037874381942011991348 -0.8965392157437371834 0.81010467759780935282 -0.42671878899848392219 -0.40204662223420478684 -0.38409285516470631494 -0.90437643181775262402 0.18594608945573931624
-4.5406113394186311538 -6.8292326209219753608 8.1430187674898171224 -0.93755161354918548078 0.01036744043182625738 0.34769165665801243792 -0.25702023638309934306 0.6528790707321799891 -0.71252334494306690527 -0.23438764903523598426 -0.75739120352596689401 -0.6094431842270535693
-1.5126836828703495996 -4.0564327057937461518 -3.1985256595655178202 -0.89024583695240433467 0.0089512276279769872195 0.45539238609466214935 -0.10070773923456172172 0.97119401848373565489 -0.21596326011533117928 -0.44420749773873025035 -0.23812193092058797639 -0.86369997393021791243
3.1053498964283505757 7.0829885250515323136 1.2581129725333790592 -0.9567496178663729145 -0.002031029546307204503 0.29090555792564681825 0.059384439330027322113 0.97755609395324771782 0.20213255932748105947 -0.28478703811538114143 0.21066551235040151258 -0.93515580778168549969
7.121645069743125056 -2.874501069744236581 3.1169468245121048078 0.99989131309082823762 -0.014328545496858618308 -0.0034720007691127438045 -0.0071450171225819689158 -0.67694455202949577188 0.73599933573880671478 -0.012896151973048990136 -0.73589453474080368522 -0.67697335472137987189
-4.3951610672565948335 -4.1600769622272073534 -3.3451439807577845187 0.95647704602469918456 0.00085982307951041865926 0.29180630756090347733 0.051266762537771806696 0.98394668628701464907 -0.17094045045933900506 -0.28726882790679258983 0.17846058177829149383 0.94107833960007714058
-3.0691082153279802824 8.5165540465854192576 1.5617779828102538175 -0.68684345012424030674 0.0027295564365386543529 -0.72680026454537216551 0.46973978444351927042 0.76473881323201942095 -0.44104317526420022677 0.55460851952731993197 -0.64433461575323858206 -0.52653802617645373285
2.7806996460404831417 -6.3228114650293791854 -7.0964943011207282098 0.26436414267977303982 -0.0030675203803864547689 0.96441805788977696956 -0.30449834559708238713 0.9485784136779549236 0.08648555158761521422 -0.91509144766722050335 -0.31652738179071665536 0.24983606421564544253
3.2817590072037141624 2.8140194883903237866 -4.0905288705301181551 -0.14126554246067751786 0.0055909190464139019855 0.98995595262491631328 0.84720509163170143463 -0.51663709418569636611 0.12381294611123239147 0.51214019489452888845 0.85618622655084375417 0.068246364282412069757
-4.7946982541670202238 2.9597705238087383961 2.4635005303010326649 0.93539714830557840752 -0.0013582512980309623118 -0.35359628122378417014 0.047331606882877214071 0.99147433334325363319 0.12140166931067349065 0.35041674322394050778 -0.13029505545088829188 0.92748655224401910235
-7.9657804307480555295 2.9331836000957354216 -1.4777668066900853105 0.7778604909331896522 0.008024580337628093793 0.62838575951030928302 -0.046444984809848058327 0.99791801282643577409 0.044749335890754735057 -0.62671837377812822378 -0.063994107440075595483 0.77661369688014258994
-0.31886625777755656097 1.6712149790604280408 -9.0526807346653175301 -0.72970116151619679457 -0.012103367751926134496 -0.683659069544767517 0.11179770665248660311 0.98427641999018977703 -0.13675233759740976214 0.67456466529826553113 -0.17621985569209880351 -0.71687451816255365333
-7.7343119871162047119 -8.3999948234849775019 -8.0418488124511764426 -0.45345014795000149199 -0.002130590183542236879 -0.89127909428500029509 -0.14565559422725557481 -0.98637618978020702443 0.076462148182423528286 -0.87929938655410899706 0.16449155850633273568 0.44696209681081683351
-1.1957064638810019908 -7.3704654600959527144 5.7448178452367475444 -0.23853042694928511258 0.00015214608883107327841 -0.97113501238046218145 0.9711065657725196365 0.0076929509181885985525 -0.23852223464464197833 0.007434603760002142514 -0.99997039724065273081 -0.0019827529328295704844
7.5069303232625799183 -8.48619253976961474 -6.6323568399431556131 0.39087134408188056733 0.0016972397175976910305 0.92044375806087319614 -0.78507181695889260986 0.52264556433009634606 0.33242120314887235732 -0.48050164889702290383 -0.85254837602527067109 0.20561962927707014281
3.1631294427794482971 -7.3537097212583821815 -4.9307910090122408775 0.91179007174282422632 0.01079393633436354083 0.41051474517927644126 -0.40825460572305871665 -0.084137900733520398777 0.90898239288005944214 0.04435134695734575111 -0.99639565665378593273 -0.072309428323709498687
0.69082219546945999866 8.5051163327002079484 -8.4646238760095773301 0.10720203086367770251 0.012867427242593727083 0.99415398902514751089 -0.9227855446692729835 -0.37092702617715145319 0.10430714165658365455 0.37010074726736125195 -0.92857286766722313409 -0.027890254651849917533
-2.036107853808110324 -8.5540531689497569801 5.2098166095759026462 -0.029529663376373940092 -0.0047521379942805034441 -0.99955260800294443158 0.92703586196859688595 -0.37409718311127843071 -0.025608752655362797268 -0.37380811869892022203 -0.92737733138818667644 0.01545236622897439363
-5.1428994452163516726 0.51746449539369854254 -2.144955093364972587 0.81485420188586732415 0.0081329381590724905693 0.57960890692434929861 0.57896773252530298048 -0.060481734153315050428 -0.81310412895753181317 0.028442826223663696117 0.99813617064549498004 -0.053992503976786697384
-0.62230322714432395603 -4.9619074823689093279 -4.4478206058519536015 -0.95739072903709743212 -0.0072002435777607752543 0.28870598962672722188 -0.20244563030380338664 -0.69620767153110851844 -0.68870214525026385299 0.20595814799348186042 -0.7178043149729887995 0.66508511235896650149
1.8465860699626139851 -1.5939978565279258049 7.3560872533889645197 -0.358110635452868864 -0.0062056576543915494687 0.93365853639791662744 0.88050391996885191137 -0.33489499166507086247 0.33549693214270009944 0.31059558866000502864 0.94223502077273568744 0.12539356416588795518
2.511188797757802682 7.2030322226970060484 -6.1092009739774244537 0.52709687537148086633 0.0057579121153598662036 0.8497856967621630897 -0.35730306455619842421 -0.90579194077540181596 0.22776189339903624154 0.77104046847904728068 -0.42368361600880277695 -0.47538278207547657317
-2.4204783013848345519 -3.7994981762305188866 4.0719058603448088363 -0.82171427994923507132 0.0004697143438854073285 0.56989948367774134752 0.54408770706222953084 -0.29689806970786702944 0.7847420615890224882 0.16957066123393577106 0.95490906141457043699 0.24370981776805028529
-3.8882575037668551943 -3.9180455579452693193 -1.8719576270777815719 0.97652328745660010867 -0.011497024305001182082 0.2151048290653441164 -0.026110478058819067138 0.98489437208874064389 0.17117627979263505544 -0.21382355340472941618 -0.17277411339740456064 0.96147209722857995828
1.2350891635562597504 -8.5548224902752085796 -3.3820037667293099126 -0.8838363849177651721 0.0030231834130585947401 0.46778638827730423255 0.34038535949525960955 -0.68179286759274759788 0.64753092029713399391 0.32089102782221212706 0.73153902565854134199 0.60156429598322647134
0.27160559903233377765 -2.8127367087363688292 6.1792980222059012974 -0.15867408849774147783 -0.0117430355860765126 0.9872611785917945193 0.26646275165176169786 0.9623160007533623217 0.0542726144213467529 -0.95069455432395089112 0.27167998787034602914 -0.14956553269132824568
-5.715573099592498707 -0.63213528308822986013 3.7589721125911919053 -0.64676200569194930434 0.0025298507462838777313 -0.76268768696527688977 -0.19023937296956577869 0.96785201159339306898 0.16453408348127007699 0.73858505872080437715 0.25150762117684810626 -0.62548863101146956467
-4.2969549550216168399 5.0986917257172379436 3.6916243534008161831 0.06189802066292938304 0.0034854749203397233925 -0.99807639311976559249 0.95400630094505123324 -0.29409516362492121866 0.058137874827393201671 -0.29332680204020333825 -0.95576978723818140082 -0.021529073550725807973
4.1599187847736072143 -6.6446051324826775897 1.1538845703455637981 0.69137139507204825595 0.017365578388024344864 0.7222908214585680442 -0.30588347992452702417 -0.89866060523590651776 0.31439531374739565495 0.65455396323406245251 -0.43830075665504342197 -0.6159963927898975955
-0.53925870968749156642 7.2419035593181053656 -2.6582141843760234146 -0.9701738864122493311 -0.0023128510650332907012 -0.2423990116384284188 -0.078669657352752428436 -0.94282786652838901365 0.32386216066333101127 -0.2292895879350069499 0.33327205826095468444 0.91452502428708404292
0.66338511564731550418 -6.3334840223565223027 2.9152217572234540022 -0.8139381434382421121 0.00036668810114575517943 -0.58095143015216632598 -0.0035730518616867959665 0.99997772754810843043 0.0056371719954864812907 0.58094055802344279904 0.0066640788973418496263 -0.81391870484455042245
3.3241580294642587567 6.2433794816333545441 3.3700975095418170824 0.99764405880910411728 0.0053808810874080084674 0.068391359408551871679 -0.068050912628936463533 -0.048567170032740483721 0.99649902322341510352 0.0086836175288662574567 -0.99880542455153997761 -0.048086574767481488069
2.0640966090567212099 3.7900476247923893247 6.0699432979135341526 0.050091338825199782647 -4.9020946506831558631e-05 -0.99874463972108196153 0.29390395110382722121 -0.95572056515565417811 0.014787456308849641212 -0.95452151641540594618 -0.29427571924218237642 -0.047858915201512593207
-2.6042968733543769844 -3.9334007251551375006 -6.7266057351864843028 -0.97903213365584385031 0.018696839350734569679 0.20284602403693111072 -0.15272268730158161665 -0.72632935118662023122 -0.67016524409140254548 0.13480304912230320347 -0.68709249872406530368 0.713955205979015739
-4.7249897109206528967 8.3770691653842561664 -5.24121781794180297 -0.97314336033482240484 -0.00072401190278519045318 0.23019877506869679262 0.061748577078040933763 -0.96416864497946552781 0.25800375436701139531 0.22176364324473521461 0.26528908730930478299 0.93831902180953419279
-4.7324346202120626259 -3.9109840531480632997 -8.7987149017861270295 -0.93281033457890583094 -0.017914471881258886565 0.35992214630352975524 -0.037461724615310526554 -0.98853188429703642282 -0.14629194412727250518 0.35841526040530369279 -0.14994594167540120644 0.92144165072098593861
3.4456705928755995139 3.8862567424126925886 4.3781625111967539254 -0.70742209569000613634 0.0020549999147070792394 -0.70678833854602751696 0.15739626983462187693 -0.97442685496677361456 -0.1603705663810383597 -0.68904309935691376854 -0.22469553020610949501 0.68900763851625779211
-6.2002098373863026026 -6.2820401400362815281 -3.6476182975189042068 0.63196659497452734033 -0.00794236508884285132 -0.77495492880130456559 -0.74769140896516195216 0.25683785869683428693 -0.61236579860418949295 0.20390139724034142543 0.96642187122239797681 0.15637450887747098016
0.62544123372729110155 -4.9794510754279990294 -7.3066120060968833272 0.084447323067716933975 -0.005980116064073386084 0.99640999986874145833 0.94571359688631861928 0.3154386563860374082 -0.078257566543717627106 -0.31383824223738715498 0.9489271269538815945 0.03229342719661548039
8.297329704811842177 -4.920527897221211866 0.7567755655829774275 -0.93794382488735705827 -0.0038706198018711706482 -0.34676562640728147979 0.17308774042064214993 -0.8717051980396165467 -0.45844376081117754751 -0.30050293754215279263 -0.49001537324146898777 0.81828046445914282003
-6.29569447764617518 5.9916257802909953512 5.8037104017447722626 -0.64083587060110913658 0.0088545278765739150739 0.76762685224491467029 -0.32890709146807789454 -0.90667502198518501455 -0.2641221870467628241 0.693649415867484187 -0.42173688698559375077 0.58394219407631831054
-4.2102768165448409832 8.3453897498314351111 8.5848078845738626796 -0.42939269157674553323 0.0059903545934208279194 -0.90309801908349207622 0.2847229677234460743 0.94988017293526449958 -0.12907551555208804372 0.85706169443702540089 -0.31255683117801424942 -0.40957719566959782664
-3.9325386421252330749 -8.4506011812052399534 -2.6399027245884725268 0.74870584375019255674 -0.011234217328588723406 0.66280717550072609789 0.6210294475538126191 -0.33783735149384458429 -0.7072399516477091419 0.23186630804264840577 0.94113745876816068403 -0.24596401951929361407
-2.8868015252505747625 6.3090860156817010207 6.2649435330491654028 -0.48512454133196808437 0.0067529929449905374064 0.87441899366568642815 -0.84445327158046923355 -0.26326346650695231499 -0.46646652540104616147 0.22705253029697833322 -0.96470033911536068327 0.13341815542408302919
-0.51830984167114058092 -1.7459209696988491345 6.6429834853443576748 -0.33660607914786916384 -0.00044074748669811932011 0.94164544984948828077 0.83015489264975350636 0.47185799501153646851 0.29697287208309813833 -0.44445382402474753469 0.88167445141930134156 -0.15846438093284057058
3.2329026880368618713 7.3002070974486841237 5.0874787611300229528 -0.28484342903916615164 -0.00040147429849485749206 0.95857397197707838732 0.71654048254031765808 -0.66434344246231491482 0.21264413309107801919 0.63673696124393641682 0.74742734046560188599 0.18952153679815206266
8.644905860880145454 4.7643520652542719063 -6.3146861080396767818 0.11820028140059295196 -0.0051773066697368350098 0.99297627815189459799 0.98049664464141728093 -0.15751701701045317527 -0.1175360336189764654 0.15701918138730042163 0.98750270118508953754 -0.013542223918041254929
-4.060451516164414798 -2.7056329950822743946 -8.7864386850123956663 -0.99977754440115851331 0.0049396488972647881188 -0.020505159840396875587 0.017898104712443945602 0.71304033756714024772 -0.70089452476831626271 0.011158833227987427494 -0.70110561035490182036 -0.71297012810496118718
-6.8349532618861195132 4.0876501178763380295 2.9573279686289302148 -0.74356046730104341513 -0.00077318403038141580996 -0.66866825381017780394 0.49488393700975913392 -0.67312903763273668201 -0.54953360915011129073 -0.44967512757192384942 -0.73952464521619964977 0.50089477813306959586
3.0550638875718432175 0.69380235962891367851 -6.4862835611231766109 0.94519121050319365729 0.0082874582223377828843 0.3264121529963442403 0.022189469907460519782 -0.99899709754605847678 -0.038889928256176285737 0.32576249479151475619 0.04400133101126803975 -0.94442717022359723433
-8.5777016130521310799 8.4516705100011826346 8.3937750353458344676 -0.80025254774125031965 -0.0051005891848655351972 -0.59964142937556497159 0.42547348823177522092 -0.70948848441725309577 -0.56178145331683504438 -0.42257327251653548084 -0.70469856993534640832 0.56994013272050936258
-0.50200658200390413377 -1.7682718691270897793 0.43363255134017431036 -0.98297461471641967012 -0.015059261814358269188 0.18312325209179344809 0.0151441775903599328 0.98660459296431102239 0.16242546298816873396 -0.18311624916476693103 0.16243335795131616517 -0.96957920951129628051
-0.69487545006878281839 2.7822579556269397827 -3.8488437667020618527 -0.17176349367053783679 -0.0094527710982744914125 -0.98509286230315151744 -0.37948250860852900113 -0.9221526784798524945 0.075016419751487609102 -0.90911513456875081562 0.38671059293834236792 0.15480500446355632826
-4.6689738876383275468 -7.4616134337493846829 -5.3283248585003084585 -0.9471393029993311341 0.0094926072357393691259 -0.32068213408571200063 0.31055024204926384712 0.27803980882717244105 -0.90898427482037602587 0.080533768550985387891 -0.96052264685190946736 -0.26629036221330659728
-8.1176025406016574237 5.1976150354959944622 -0.10980624037902428358 -0.30213940884359685723 0.0048105480124133520245 -0.95325161224702370522 0.095621058423379784452 0.99509659373714831609 -0.025286010339811714615 0.94845579275469027447 -0.098790828322888254998 -0.30111788626652896683
0.68008545066507231081 -4.1301045598054217933 2.0588003666105154643 -0.19676698521381000284 0.00046090002886089651013 -0.98045017267624390289 -0.91019263548452866708 -0.37181442917064128073 0.18249218221728566447 -0.36446141063189335663 0.92830696314920035928 0.073580312099026171091
4.1708592554413765896 -8.409891598418701264 -5.3535108049502548866 0.74345018138815843756 -0.0060484505638428972055 0.66876396736070720106 0.55061513726373645383 -0.56204932250062333843 -0.61719002721431071024 0.37961137813586293133 0.82708160136850816802 -0.41452530232466944238
5.1347520236262704785 -2.0583580549237918689 -1.8666727895350081479 -0.51457404249722071832 -0.015609188927048595411 -0.85730385978894552146 0.83976882147720977034 0.19279969175610880971 -0.5075594598995606388 0.17321051140986429284 -0.98111397507113662364 -0.086101606589707155304
-6.0087189717058278049 -7.3383625562134353615 -0.28948907739431956054 0.98936699722860388384 -0.006371357476407739015 -0.1453008967589447531 0.040742104977356925766 0.97118201703645035128 0.23483094060822087834 0.13961742612251049067 -0.23825384695501780619 0.96111501847285341071
2.4023954565755425428 -1.682088145865133777 -4.5654312676536727977 0.48909029288522654078 -0.0026561007456954253275 -0.87222911584861295697 0.18038951025704180742 0.97868388841208886486 0.098170622653396114043 0.85337583162096830591 -0.20535528162615415693 0.47914392233823355216
3.4569664366650934006 0.52636662763171171431 6.0781282013380799611 0.66730544824735738008 -0.0082825704592138782445 0.74473810011725227742 -0.18221600435271256835 -0.97136553386291524248 0.1524674633519943201 0.72215009970056565081 -0.23744556986778647678 -0.64970672988133515435
4.5527210822718311434 -0.51411841805493474489 -8.0240284524764913243 0.64860974734457677027 0.0071424766880790547044 -0.76108763009005753197 0.74740097496289692458 -0.19498600951296246597 0.63511592541735684136 -0.14386513918929672018 -0.98078001668110892375 -0.1318081204062162004
8.057935618486387952 6.2536521185378912691 5.892785867899971386 0.95710833996729105522 0.0032147552530287538952 0.28971242795957524718 0.13877437176505358352 -0.88285959677671910217 -0.44866536095476183821 0.25433304800358191855 0.46962601900664113774 -0.84543840873543751879
-2.3261342134459619402 -5.3043709703556318757 -1.9850823164079596239 -0.25122387205748542005 -0.0088965104514781567779 -0.96788812277574920451 0.31369803445846122791 0.94523726113389272552 -0.090111394069271433249 0.91568559521556758263 -0.32626273502506913937 -0.2346753469127831615
-3.0470745394761551417 5.1494601427262063353 -4.9761802033911850529 -0.65609519902421342685 0.001828085904436038342 0.75467592244570069759 0.12982049291836803007 0.98536378168387162013 0.11047559623787371608 -0.7434283620064902065 0.17045490854648334689 -0.64672976946826632449
-3.5468584188097977972 1.9731969044496722177 6.4513615777818786867 -0.69515396577447674531 0.0053430229690829217706 -0.718841022739679536 0.58355039000148944961 0.58815408346599851175 -0.55994974455877100095 0.41979745854051475629 -0.80873124473323187988 -0.41197556674523616582
-7.1979886463941058494 5.1885808474579553362 3.8870659358183949905 -0.60678790022498441115 -0.0025109961798338081493 -0.79485982351515616084 0.038315566825565319786 0.99874013026096564172 -0.032404776577875285537 0.79393977194700027233 -0.05011833102183945593 -0.60592721626945533764
4.8317924017764166678 4.0805142383817702978 -6.9390465354771606599 -0.39240371625702535896 -0.011614745768756594077 -0.91971975141786377339 0.77210057954615540776 0.53926727356888792819 -0.33623132323206511574 0.49988000413324767957 -0.84205457384795190379 -0.2026427302646365558
-1.7912011411059716171 3.8233502157507150976 -0.11875106147107603038 -0.4945247855172537621 -0.0046194419229529815746 -0.8691512510867552832 0.86144912281181973412 0.130331294937614528 -0.4908351682252206083 0.11554499260425404872 -0.99145973913024032509 -0.060472641482918115807
-0.39453142623184545013 5.1246267053016918425 1.4566759659662367188 -0.99856147784975557435 -0.00040057580912668125719 -0.05361729658912187807 0.016559403926638002758 0.94878488671190097659 -0.3154885495360246761 0.05099765775106532284 -0.31592258274110629479 -0.94741340534005602514
6.903194017174660857 -4.0373453194479145267 -6.5581054755465766348 0.96799603297989078587 0.0031370746257786586049 0.25094588838645909279 0.078936292514120764974 -0.95297902816721602459 -0.29257483418401097897 0.23822833974858223516 0.30302001689093199799 -0.92272754781900756527
-6.4558244370767186027 -8.2739296267726469836 0.615185768684644807 0.96094912337414439829 -0.00049513657327702933347 -0.27672465941159934966 0.16302692680229124989 0.80905027377620042373 0.56467678865011305955 0.22360456932721461953 -0.58773923583717646579 0.77753687194450771258
-1.3840002099103114741 6.1283643178512017258 2.2204514978604694697 -0.71452187338731087962 0.00056336657826501403828 -0.69961287514540382304 -0.39653305323044935049 0.82353656824133780745 0.40564646980490026706 0.57638531395823044967 0.56726290499874909568 -0.5882114980733039733
-7.4376232386524048223 -2.8125224528624315212 -6.2433681936679388258 -0.46862977342257322588 0.010468568553521639258 0.88333263527067240606 -0.38366408789615014108 0.89828998423912986837 -0.2141891030711242927 -0.79573111232425097761 -0.43927840066193551971 -0.41694901797602379467
7.486277854272968213 4.0227706006769139435 4.5833094624300745323 0.25961828857508778556 0.00026980969594264138378 0.96571127747389751139 0.73866144681890655299 -0.64421819453343454054 -0.19839905447272085381 0.62207524562628735421 0.76484171240526688251 -0.16745012315386934021
-5.4103748342008755046 2.8672466630429100931 -7.3435549083802929005 0.75286590262675567864 -0.0034977494379270900743 -0.65816464384746198313 -0.65114066804493508922 -0.1497569804608606947 -0.74403540051606398276 -0.095962300304795120076 0.98871664927429114833 -0.11502445117504864203
5.8716322536794391951 1.560254675552121828 6.566740142092744037 -0.99738345806906569813 -0.00092269812005074496042 0.072286832814844617645 -0.05156171968772506331 -0.6917881418962927853 -0.72025728444403702699 0.050671753799031701848 -0.72209993446883213863 0.68993047331369650177
-5.8114951720839913563 7.3903912281474628543 1.2371360171543344109 -0.41626578247683715395 -0.007475193133873970705 0.9092122523517875976 -0.42004264722618650518 0.88844674948936563919 -0.18500418328552500902 -0.80640372819716432673 -0.45891883248494080849 -0.37296988127776742328
-1.2949151126932683109 -8.4773407600437185039 -4.8745640126930966929 -0.13172348528988953031 -0.0036592269294921471109 -0.99127974531967721905 0.97836212056802562831 -0.16143215753077624908 -0.129411048802784312 -0.15955088360894406629 -0.98687702809066457643 0.024844455446343380323
-0.11645564453746087841 7.4323281084865593371 0.23202446179882557642 0.60242976227419431368 0.0078664866525009306819 -0.79813313420396314601 -0.62857657140534173301 0.62093454830105221376 -0.46832870999559628178 0.49190433562478752538 0.78382294245172112745 0.37901414152967977111
0.74786658674105588318 -5.9737704762776040468 -5.745543784128034126 -0.38145688610413425179 -0.0072871749996153362475 -0.92435790748177393272 -0.38299813650023240008 0.9113458387107351566 0.15086812022949333545 0.84131033006893773951 0.41157703937997219823 -0.35043012024387332204
7.9802246600158817103 -3.9392603271544412991 3.9082780398604017869 0.94596369972885774313 -0.00049741441438707310885 0.32427215633540029671 0.21285053797357278427 -0.75346494258292395774 -0.62208136829743121421 0.24463713389403907161 0.65748789561272646953 -0.71264460977595778246
7.3635274581626326551 2.6882503359179934499 -3.2704924006457329888 0.89789638437552754535 -0.011782737478015432517 -0.44004914500847092107 -0.41457009565247698868 -0.35879342933053703923 -0.83630072991702952834 -0.14803282985818977391 0.93334261778127447506 -0.32704409353705665708
2.872694595407370155 -7.4461724013210845996 2.059418292341347545 -0.96920667461230503026 0.015043245891265297903 -0.24578877647262536987 -0.19693292865822925597 -0.64658698267271241811 0.73698215409065059855 -0.14783721959285853198 0.76269192639693195179 0.62963892979377678039
-0.79189156960458584322 2.8113229571850388844 3.8408409105394780703 0.84253940231900115165 -0.010911782986562871406 -0.53852417636732419215 0.53552099095821881214 0.12431674613183517353 0.83532186304105915386 0.057832722425937163613 -0.99218258381375357136 0.1105852458222324336
-7.9035466320160328024 -3.9510336044512079923 -1.4789906490402513484 -0.95971510738288723363 0.00890039968129542787 -0.28083392876697810259 -0.28019128999660586343 -0.10491258167218445174 0.95419400082840677424 -0.020970304507313183157 0.99444161874511527444 0.10318000405361321681
-2.1217070314528130304 -8.6847765632826323667 7.8623228489844301237 -0.73212274691814183125 0.0077738504812089916085 0.68112836579724411745 -0.59487125950336317004 0.47984616474291869048 -0.64488436389638648105 -0.33185006864802252258 -0.87731820078576161492 -0.34668185200281187441
-5.2885149781631621835 -5.8963345342779911462 5.1384180224603746012 -0.97098825909833808012 0.004971266470992822227 -0.23907548432001016203 -0.2322036168427368541 0.21923693614180195244 0.94763740225707393527 0.057125134733319142544 0.97565898363160674656 -0.21172214489944793381
-1.1007033403477763933 -5.1523425199013024312 8.3182775751710504863 0.79732232502855804324 -0.0055206648910468706162 -0.60352848505247336242 -0.558774421175641689 0.37122817921819828424 -0.74159340962166331312 0.2281408693124268583 0.92852526148371516967 0.29290370864143211449
3.3754277475163210198 3.9879674558123539008 -1.8166612738016232331 -0.39163734612242223632 0.0022513917749473894014 0.92011690580997562705 0.67725854093851656224 -0.67621452593111153195 0.28992203028692836719 0.62284914533778890089 0.73670132764565476879 0.263306088036607433
-6.8327446217120106908 -5.4095417881321106179 7.7928627098458793654 -0.10752188126912225197 0.0080986726095591161922 -0.99416973226413840603 -0.070827627368960963117 0.9973636673901874472 0.015784871582775757137 0.99167660668658397238 0.072111902426471918837 -0.10666480806152277283
-8.0761180607938882758 2.8054145727316019965 0.069548673833400326272 -0.7896052236483772635 0.0019723683202273007906 -0.6136120114130527714 0.57785501746223388864 0.33878009034569162017 -0.74250362233390065914 0.20641504204148847235 -0.94086351834277903716 -0.26864227193520634485
-8.5034098037684877625 1.8486447749542971319 3.7156747742761280229 0.079580519822450290768 0.0035369394221621405436 0.99682216614809660005 0.2477582330006101452 0.96854368340574992224 -0.023216186491614679288 -0.96554792674704115196 0.24881845468996136028 0.076200903934727531874
-3.7755241412739621865 6.1358106227296058677 -8.3584767574723901618 0.97357186616990099015 0.0033117173498186745079 0.22835685654438639403 0.15251000742616979688 -0.75370082283505412946 -0.63927753541995546716 0.16999564417200124788 0.65720932904666451435 -0.7342869866589776251
-5.7827860074962815773 8.4232658769450647895 4.2705593834360664474 -0.063351220279216982623 -0.015477571402610383264 -0.99787126808653947574 -0.97544215917780174863 0.2123078375562272857 0.058634257996910126021 0.21094837517215486722 0.97708025611783388964 -0.02854743625192408818
-5.9053679196113693095 6.1897918083787564214 -3.9562358892759252882 -0.35038075392294582011 -0.0078390263187970658093 -0.9365745442551413058 -0.46741497780909446735 -0.86507868550810052 0.18210465781857668177 -0.81163819882999266309 0.50157493711895917432 0.29944284371817458945
3.7567518817744156578 2.5308692395035334854 8.6877111744931561077 0.19481172691047426992 0.012327062213247122827 -0.9807631898657006575 -0.74282381718524614911 -0.65112211076614456839 -0.15573301991978308334 -0.64051632897231214336 0.75887287499841782346 -0.11768938741994321162
1.6509770769786242806 -1.7427742488987918446 -8.9197620770181185179 0.97509227592171421328 0.0079978345499213260306 -0.22165533623264868646 0.17598277371121115453 -0.63616132198432751021 0.75121823444844326723 -0.13500043257249866313 -0.77151461882046856733 -0.62172347241467584844
-2.2907301310231376057 -8.4438489208750180381 -2.8913962261630148376 -0.040665844650441942965 0.00043121340006968056965 -0.99917270936209212628 -0.00074124757299139445738 0.99999961867463194043 0.00046173868632956159997 0.99917252746006268715 0.00075941133928601495685 -0.040665509507469083106
6.4465934104730955312 4.0866647468078580729 -3.9086447872730247788 0.2889468453690361982 -0.0090861286586013320643 0.95730202277926623733 0.9479703911701629071 -0.13688119152531327827 -0.28742942937712567808 0.13364826230323462175 0.99054579988652258216 -0.030938007542844422199
-3.4751071620607096868 -5.0708754653866829898 -1.1874062581628803681 0.29910555470047400783 0.0011590152121786091027 0.95421932690090383034 -0.73347021015204505456 -0.63937854606565658333 0.23068707300229290835 0.6103747356886460862 -0.76889123516552260185 -0.19039157155350230899
5.5234715375611544985 0.46348457335124415568 8.4143628982145681761 -0.73119976361875094195 -0.0069886756155224296488 -0.68212760103758929286 -0.56546990869304492033 0.5655234726686945157 0.60035571474221594013 0.38156347839765247798 0.82470258898228143707 -0.41746251529839573102
-7.211807452002565455 1.7965056704049826575 -1.9270053118289931504 -0.89765260036353211603 -0.0016878169426834659789 0.44070053362202726843 -0.32328332202660353678 0.68213994990172954758 -0.65587573704742463399 -0.29951244174517016594 -0.73121969340402293014 -0.61287034290925079816
-8.162036384543009504 -7.2983575906942403932 1.650892644483524796 -0.13494280949346273979 0.0059704680935065068334 0.99083540090016197777 0.12571012702737277555 0.99200443344948519009 0.011143068661212172585 -0.98284658117567746949 0.12606172110198549108 -0.13461441358206344132
5.8351500261471205278 -7.2411434670335470543 4.7489893814431196617 -0.49125855105571814008 -0.0024198167212672230114 -0.87101043650563503284 0.039361366369370903717 0.99891286633858689115 -0.024975353859849402233 0.87012396751962994834 -0.046553517052167578405 -0.4906292400558713851
-8.3530644430016849356 -0.45774215827431641301 6.3952524979982259268 0.43791140930059513359 0.00051794628960298626317 0.89901798054090287238 0.73718927826458802155 -0.57257920829232800131 -0.35875481633391198555 0.51457318781260208418 0.81984924343633502897 -0.25112079249107205348
-6.4666691326009617669 -8.5915017018292267892 -5.071858005946348058 -0.80321627454055466444 -0.0053104111911316531636 0.59566384466902366768 0.16123058228417763704 0.96069782406762238569 0.22597431307114831944 -0.57345297597033129122 0.27754547440866383923 -0.77079192651842587392
4.1800416470174583949 2.8105696823164696418 1.4892577512461140365 0.28601188077373473906 0.011963107893953033728 -0.95815139101580970582 0.75789214264362381179 0.60903149132317968562 0.23383785556589339882 0.58634179807980002508 -0.79305581558037108181 0.16512349680927729256
-8.2326374973042693028 6.1404651988227429982 -8.0356191774968515062 -0.9746401664993172842 0.0093112313277237644671 0.22358409339088117229 0.085852624274401850846 0.9382369728760041605 0.33517265645285920783 -0.20665399282740679054 0.34586801485498491759 -0.91524283310449983109
