1125 17.292696884352682929 17.968806560800352656 18.477561601407678893
-1.5619140120978625141 8.4973664462675007059 2.0857246118480108343 -0.68187509841282178957 -0.0030843681914221529605 0.73146212262652055003 -0.25664625053285933243 0.93742679985361476724 -0.23529491495490645336 -0.68496646067672084524 -0.348168754469770525 -0.63999958293681324939
0.46317492602432369653 3.189635610123402909 -5.3766108854110932214 -0.78490461556061308368 0.012001362055453117586 -0.61950037270404856304 0.49390785387328534073 0.61582810187347147846 -0.61384915152250052461 0.37413871271754017833 -0.78778913184399745884 -0.48929388652882327415
2.9713974265295024502 8.7956108161616324281 9.1793819492069914645 0.18074103170798277995 0.0037731630969988494417 -0.98352348355154617376 -0.6692409782620450942 0.73326329316240757006 -0.12017260884040859015 0.72072823759887083561 0.67993433958068594247 0.13505591948203793384
2.6086251161076106087 2.8632776173554916888 2.6886318180517934096 -0.024989861092727029546 -0.016196179576792309879 -0.99955649695752735173 -0.96483224853309779157 0.26211396896774341592 0.019874593400265153781 0.26167582814142759107 0.96490100582349747071 -0.022176788033669837114
-5.6387158416034761643 -8.0163715567486786284 -1.6302694201951686281 -0.67622375375472221215 0.0021092140613781697883 -0.73669327815175167373 -0.14232241939520065555 -0.98153135784574607747 0.12783005320927925963 -0.7228179326743027211 0.19128968812260249699 0.66403500767834167107
-2.9065090968356903645 -8.1783295892874399158 2.3808804896634132575 0.86186952091603075132 -0.0058438993044151281431 -0.50709641859979659451 -0.30875654219696974101 0.78720050049091172539 -0.53383964790700955128 0.40230625966582694852 0.61666945835497233297 0.67665977608069871607
-7.9076573371096863241 3.2516449194733056949 2.0780565423998544894 -0.72708357962433867172 0.011553026567015671489 0.68645174325489399791 -0.54239520888632186679 0.60331348072666979299 -0.58465398429359860533 -0.4209001135872733057 -0.79742044841518866516 -0.43239301894452336628
-6.5392760300567980281 -0.38819995481894964406 -2.0829323479901140637 0.47752073204553885377 -0.012761190821628177333 -0.87852780404247365897 -0.87132962613568620824 0.12166690876528211962 -0.47537547888988684885 0.11295411938009558561 0.99248894972204637632 0.046979267711756721171
-0.93183752003631270533 -0.37436509958528202402 5.7784315619036439315 0.13186020602433301541 0.0072059815937938571581 0.99124212980299597486 -0.87097379680742659236 -0.47661920891500336728 0.11932633811587918526 0.47330490314602757795 -0.87908031687825172185 -0.056570885934195146161
-2.1867764169469019464 -3.758851636652676742 3.1534197395530267904 0.56102084657179829286 0.0033549258810367920541 0.82779487446122268501 0.82529825602630990655 0.075444839579250272399 -0.55963458147351718974 -0.064330384049425495818 0.99714433290946768995 0.039557313291482897044
-2.5657631228570574322 2.9935078057209385527 -2.4679447975485637734 -0.70128382081852624896 -0.0032456862846996677174 -0.71287479137566045484 0.29248264612104646343 0.9106393233835634593 -0.29187313070145703975 0.65011914629268707788 -0.4131894096271550576 -0.6376673171770697035
4.4682445906480561248 -7.984930958511903043 -8.3680591048480756911 -0.99910827936406698679 -0.00094781603676382048321 -0.042210753967582601009 0.0077612141664407871544 0.97858898409400563168 -0.20567781544122093473 0.04150192357495084694 -0.20582201499064758932 -0.97770899989969406452
3.0303608054990247567 1.8963385446041400861 8.0139661180595798129 -0.81132651497312324729 -0.0013195730394680942575 0.58459177622394287166 0.19669518953410033979 -0.9423097537634703702 0.2708566602038182114 0.55050911755926090763 0.3347395804048738932 0.76478044221510754763
6.8269182009206161865 5.3405903067691076203 -7.1508601694313673747 0.39037824613448823818 -0.0069183330955106770929 0.92062856875733645179 0.91828839121596939066 0.074573040532958378979 -0.38882552923320035099 -0.065964047046497095717 0.9971915554661419101 0.035464717740145257352
2.9767994206295034232 2.8751635826146855202 0.82441924224423146494 0.88332141479454406863 0.0022402298992022055824 0.46876247667149850695 0.45587862759869302032 0.22877787392944276545 -0.86013682708006100608 -0.1091693870280401879 0.97347607354784337907 0.20106312234101547665
2.1889600428111082309 5.3576123009420451027 -4.9967185223013652617 0.96840245138995340035 0.0054595915298669590865 0.24933287990579292015 -0.23831214248526461086 -0.27443556146938580254 0.93160745238807751711 0.073512005045796288694 -0.96158999342816586786 -0.26446298352086278216
-5.8984038420728399643 3.0455763950860244016 -6.3187692491870786071 -0.20374755861098950427 0.011582548794398423581 0.97895494121198789461 0.85140721232367622129 0.49573148463809374453 0.17133608476134903897 -0.48331427783878183613 0.86839860645992916766 -0.1108655453023226628
-6.5515864115396951206 8.8231766707914029979 -6.7317222164994996447 -0.98639540651748514044 0.0064161292473170709189 0.16426483277568446062 -0.15557833729013276214 0.28632350710415888084 -0.94541748991950758096 -0.053098803822085732795 -0.95811151885620560176 -0.28142998146545805671
-4.3351931677855244374 -0.30080942511819386276 -8.3287261679391964009 -0.64838931888582862495 0.011370570444459923709 -0.76122401517711424379 0.27365472906992938107 0.93654009145769046008 -0.21910213679840120915 0.71042549251299036417 -0.35037603688003998714 -0.61035420238393955916
-2.009599055187482719 -7.1342738869489314979 1.4920583580024906478 -0.99793982463142316686 -0.00048795413474238139365 0.064155033437086686487 -0.03591898595465318339 0.83281142880521052962 -0.55239021578921865263 -0.053159503972041645403 -0.5535565788177994051 -0.8311132180306106676
5.4951900089989749176 -7.046964607464156316 5.6530600247255922142 -0.99844987766164949861 0.00028318042641151380118 -0.055657538627786121155 0.05375254650601948847 0.26433803087434731838 -0.96293097840784225294 0.014439720959077844559 -0.96443005202158493816 -0.26394349625687912875
7.03786408670463981 3.1936118883896105203 -1.0092034531273599285 0.68346779656387135482 -0.0063228582296564759049 -0.72995328105563916932 -0.31651477506452568855 0.89850797878841603961 -0.30414110083906198412 0.65779188823367973349 0.43891164659586473507 0.61209999040732132602
-1.2693022257476227477 -5.7829367113230532027 -1.611415555045860204 0.99305645420157429015 -0.0074100281546158174723 -0.11740515428031815526 -0.067251685865105506612 -0.8546074901473253993 -0.51490120269082573223 -0.096519891820903577773 0.51922165716292811855 -0.84917182078544262147
-8.5158373272313347968 8.4581501143255231057 6.3784837446867301836 -0.68778983082889511014 0.01273674923393598897 -0.72579812883989092143 -0.71082629819763898382 0.19094699239068096963 0.67695289340381004095 0.14721114903120582906 0.98151771319519576231 -0.12227778328464877777
-5.0464686735725612365 0.63097913012175865788 0.013507139016947701526 0.37336038598757692597 -0.0061348747242034387672 -0.92766609590269888397 0.017711907501022153277 -0.99974871693442590725 0.013740135390838339666 -0.9275172831317679556 -0.021560758335537187624 -0.37315790651156222069
7.0477735974116635376 -7.0355413103761446081 -9.0795683252491432569 -0.59986705760949510235 0.0017056662710251337556 -0.8000978714491564503 0.71622867201220230537 0.44686000782616724925 -0.53603416196509168223 0.35661744570726039427 -0.89460227146391568809 -0.26927824514638731834
1.8583650302072720617 -1.3877266154478136162 0.76519800229242118661 -0.37143671519111848278 -0.0085994330281691545859 -0.92841844895475500454 0.21184686166927640949 0.97279444204814558006 -0.093765029308171987665 0.90396663312795710876 -0.23151030921310158939 -0.35950980921131397983
7.7461412645209906103 8.8073237294199557823 -6.7604643238895230084 0.7861916882459258904 -0.0084068596376852926244 0.61792552467460004628 -0.10337709282571809488 -0.98760703539598670986 0.11809115256922929349 0.60927481977525488333 -0.15672162692887992019 -0.77731751919058733602
-5.3107895383771825948 -4.6855419313788084779 -1.9695371941085344503 0.97059295019735924992 -0.011212539488752698569 -0.24046539040953143762 0.16269472273843169075 -0.70568687777114491588 0.68959151512646854609 -0.17742534266463286241 -0.70843511311871532055 -0.6831104876083989863
1.154196096248462533 -1.5528196186228295783 8.4125899077465380316 0.35062310322810930074 -0.013202229552218336384 0.93642359037873312833 0.45219011823616123147 0.87800673759915104366 -0.15693395330571063839 -0.82011434352307910345 0.47846616376239509139 0.31381936473434446366
8.3649636801570022016 -2.5577004984651594555 5.1805659780144655002 0.89601015487523572034 0.0048236503303119258879 -0.44400735890039733089 0.084549209425949012342 0.97979299886058257574 0.18126530437262403095 0.43590966213859444478 -0.1999560246186986856 0.87749664083286427196
-0.88024463383049611487 8.8503094767595058556 -0.30245082712446280659 0.66018163531470985816 -0.0043669872692585218546 -0.75109329501415622588 -0.55242097357139396951 0.67471552265782397395 -0.48947934730983988505 0.50891185518853920833 0.73806496523462139514 0.44302238176163505345
-5.5591025170619046136 6.4402811628928748888 7.7761884378994148292 -0.99619463847713529692 -0.0055005962846847063219 0.086982674766193160409 0.040975856255336950973 0.85127299747748519376 0.52312069636883951063 -0.076923478035986092571 0.52469422257712006186 -0.84780820432491477145
-6.6212947952377136929 -2.6832513660252228505 -7.2216024075764906343 -0.70505838457635117145 0.011227694055526463504 0.70906037346956163336 -0.37917629599028468412 -0.85090994785933182776 -0.36356237043067157755 0.59926455835284975215 -0.52519158363411144741 0.60419846870200111244
1.0691388456054045086 -6.8736048258543505085 -3.5970657693455811987 0.99995219234416476972 -0.00132474997491926344 0.0096880371064501022427 0.0078824311599855721722 0.69549973638979423196 -0.71848311320456526019 -0.0057862167674784352467 0.7185251294968618696 0.69547692842868935603
-2.1974203787387143194 -2.3843025077661774702 0.35018136368037028339 -0.88436184032006626143 0.014300877747195501685 -0.46658291897745873822 0.44733826114861602319 -0.25965297702385176093 -0.8558439177999180858 -0.13338896318021298271 -0.96559609382908373476 0.2232298548210137068
-2.8080421429586142068 8.7399494814385629837 0.64718562848263638809 -0.30086811027836796173 0.002211152270450145868 0.95366319580013436674 0.94253053586264601282 -0.15167855365204174767 0.297707583592582814 0.14530853100959714719 0.98842740106085180685 0.043551161272800016644
6.5110491956798828284 -2.4985216905530736042 3.9311667465391408882 0.94228735227173954225 -0.0068145968434018345042 0.33473587650337116584 0.16528470698651012705 0.87893506608991522899 -0.44738586838871563511 -0.29116234541061836172 0.47689276663344420948 0.82933574488714267847
0.13484557353021947579 -2.5161921176809824985 2.1347738468931951594 0.85095295946056204173 -0.0076967172223367484596 -0.52518551134761137789 -0.23736847958080192766 0.88632629447204824835 -0.39759515166615017057 0.46854590563452830354 0.46299725730403945567 0.75239502526403689853
-2.9438760905183030125 -6.8913116518811472488 7.3742959615551528785 -0.99351444771282848567 -0.0027786085752899438404 0.11367199092253060799 0.033621155250922254987 0.94782145895996161578 0.31702381591022044116 -0.10862163737263530461 0.31878952503046070754 -0.94158089329875838125
8.5742234586901364679 -6.8807910126376157223 1.879709153824272283 -0.99937896861687236516 -0.0023324096044513003417 -0.035160161428117966964 -0.035039281851116002575 0.17144832361281431288 0.98456981522809772223 0.0037317306413935952963 0.98519035327980331029 -0.17142357478053776854
5.8158196476018737542 3.0288840168441737433 -8.3383016363816153671 0.94692244626486077319 0.012719727899312886429 -0.32121035052119761843 0.22495548853487795649 0.6875708400593583125 0.69039218425339266005 0.2296364712710774747 -0.72600588731919213359 0.64821488924568482215
-2.6203829667720164309 3.2096356561072929559 -7.8378787006816805771 -0.14227434631882218685 -0.0060279861713458688516 -0.98980890770005358625 -0.77290459309057679693 -0.62403297181660610793 0.11489708466806924925 -0.61836599224009425324 0.78137475865845185119 0.084124824947854878743
-5.0739124593706881328 3.1920692467211404519 0.15402973167579650515 -0.99932549901786471569 -0.0034368089144491084132 0.036561391616337764188 -0.019920285734164672881 -0.78566551335464218653 -0.61833072327159199766 0.030850109055075111697 -0.61864197195937598028 0.78506711897870640193
-0.17778126661741186498 0.79534862057857180773 5.5217138980560891426 -0.93619405003827516065 0.0092011314269325218673 -0.3513631168082838041 -0.32088849678094727436 0.3855472059546488639 0.86509185906125130039 0.14342689185248763684 0.92264223356671748455 -0.35799446299133791394
7.3139082689231198486 8.9686920952326314449 -0.85728597752218638206 0.87906629231624799914 0.0050195428786911529262 -0.47667311430642672621 0.47584618978630005559 -0.069044927107957551615 0.87681423443405415163 -0.028510653785080719569 -0.99760092333043570711 -0.063083598429423390352
-2.5558792050075993529 -6.9671003828779278777 6.1417532107013190767 0.99452542075143857137 -0.012133759036349091309 -0.10378805023285864184 -0.05758961877607452623 0.7651339300927310072 -0.64129049956344019723 0.087193023165312591449 0.64375681814842289352 0.76024636519925004041
6.1658261722048877118 5.3500745954556734318 8.1039537572931834575 0.68143015422149688654 -0.0025074781916802077811 0.73187885436801858319 0.33031354354825359643 -0.89130325113608921406 -0.31059857929940259957 0.653104821499968069 0.45340073562709054533 -0.60653265787296462008
-0.13290164478559196581 -3.7412106815467125465 -3.1268031735708876617 0.085236400619035909698 0.00086870225744525722891 0.99636037725604986726 0.46822690822453816306 0.8826646329146463632 -0.040825337917424313339 -0.87948753170469973206 0.4700025437781831239 0.074828406491202537065
-1.3663986380249732999 -5.9403079491834782644 -6.8621888404593232025 0.97896126862669752278 0.0004647262025794453473 -0.20404562861802313933 -0.10240768968818401985 0.8660511840745384049 -0.48935468900952050486 0.17648654232357247063 0.49995512857919222061 0.84787815739415095528
0.82802135956075662016 8.7328591403096424983 -8.9199755336904402725 0.15916581095019088909 0.0077927406231638090064 -0.98722110888003133944 0.96013821856691394796 -0.23396609286853217724 0.15295250450774125484 -0.22978434644669670783 -0.97221352622838974611 -0.044721511006015790546
-1.2450708712201303818 0.75853631664541276702 0.44918051641945960784 0.99886963842081910592 -0.0083508968474392628739 0.046794315499760139043 -0.008635500926743653119 0.93618404207316396892 0.35140413698582223523 -0.046742631130395367878 -0.35141101560569659723 0.93505370142366062147
0.2656985437767246383 -4.8078846196515669931 -6.3935449860409176992 -0.44521809261123390655 -0.006826243195403180683 0.89539614272988876653 0.42481731457058463652 0.87865606220006264859 0.21793066236832453475 -0.78823289658124195967 0.47740645865245390222 -0.38829366977117624193
0.75458172974090309548 -1.3304888461865969074 4.1610582799862010361 -0.80710102649908710415 -0.0052024515860527968669 0.59039043650937850227 -0.26281632987026642967 -0.89226070779124033727 -0.36714902435586377338 0.52869226377694833463 -0.45149060214961828086 0.71877724393087660815
-7.3206647923810450607 8.8655008492727152003 -7.8261084188325513722 -0.95888573807070698329 0.0040155092842252349331 0.2837640164109865859 0.22167493134712318303 -0.61372490583183625379 0.75776115285329737059 0.17719584119507658659 0.78950973119202361161 0.58760192155635271316
-2.8114909667558758422 -1.5200074169463051454 6.0732596523969952784 0.9806485490654222037 -0.0046688730596057461536 0.19572078285258487362 -0.17742833671366203818 -0.44375185918791393291 0.87840962699515345857 0.082750278229842877398 -0.8961375391596883011 -0.43599300723891132314
-0.32056902637994866279 -5.8489240202810499625 7.2378660179841913802 0.91863072968636005911 -0.00087861038832074203619 -0.39511619875655995537 -0.22537115324059328603 -0.82253665455191893319 -0.52215064416864465091 -0.32453878930417562332 0.56871142063660395927 -0.75580546060112918649
-4.0852445817062275069 8.6590712459627248165 2.7867253885365563804 -0.90898266263491411809 -0.0053867879554526064412 -0.41679911413613296434 -0.058073340744540624669 -0.98852813088433144628 0.13942604328130153712 -0.41276870778191626643 0.15094077303952144198 0.89824210372835078253
1.6165586152238340389 -3.5459078564780512899 5.6729207557637106873 -0.90697948245254145228 0.00089591880554087954813 0.42117385452964656301 0.28936669491911731766 0.72793729833310139021 0.62159006231359548167 -0.30603126356864424062 0.68564311928649490646 -0.6604834431637039982
-3.0210911931011734666 -1.3927778882561061558 4.4598432881068390543 0.95324388659976411198 0.00057230923344967301637 0.30220153064179466895 -0.021687282825444100659 -0.99729028660812435447 0.070297553306838900244 0.30142288304600650672 -0.073564642997889242992 -0.95064845704237033175
3.2595400652529629149 7.7364120677685423999 7.4301986155169190695 0.98365946936767145736 0.012838743885901797784 0.17958066426833790841 0.10640300837293581449 0.7631620392702932465 -0.63738693242478050571 -0.14523239353818490072 0.64607961465459806671 0.74932548561708656187
5.9619318724369572138 -6.8227972058693815427 4.3940860671575929786 0.99284242236374875556 0.0083146409603938892935 0.11914189481664833048 -0.10515540061880634948 0.53381873702475579613 0.83903509921934438243 -0.056623900214497216443 -0.84555805403703721002 0.53087221737213619033
0.39023190717309030884 7.6802925506958059643 -3.4206118914113763374 -0.52388728004640672253 -0.0057232144456180649231 -0.85176837380918268838 0.37547707491364534782 -0.89913150675668152001 -0.22489886565246602901 -0.76456463691429643603 -0.43764115251415552921 0.47319249529802465126
2.4223744155374915543 -5.9717622935269289997 5.8953244078370694581 0.30559861900319573724 -0.00098140555850596464769 -0.95215992401812166168 0.15556348590545876487 0.98661423659520086638 0.048911655058513726912 0.9393665343816481883 -0.16306865115876137406 0.30166061906228230916
-0.33603234251335811766 5.2448308729220576296 4.3147658019624355319 -0.99649570463226955219 -0.010956844588958384104 -0.082923206680534211621 -0.036105865043070589637 0.95060988315564765028 0.30828106746299938079 0.075449832067566002802 0.31019477365575903738 -0.9476742716975303793
7.0671877922758383761 3.2813900221771619137 2.6959042812754545615 0.70993743932940656105 -0.0014628661886657988618 0.70426322654307682569 0.56916162618581178645 0.59014758546069057132 -0.57252150234938148365 -0.41478172032502297339 0.80729405262106035401 0.41980047294709715855
-4.1412291276896233683 -5.5170414942120578061 -6.1841951300732524999 0.79058790647302823462 -0.0049773329257112378099 -0.61232833373570860758 -0.61234336745939854652 -0.010545130695364470647 -0.79052160030386620093 -0.0025223931178357406752 0.99993201087659755455 -0.011384689604474272639
0.24698664028181763208 2.3280360703687166257 8.2452685401269523169 0.99389850319012162938 -0.00098021477140070511699 -0.11029417271783624466 -0.064030619894924853397 0.80908550068080931084 -0.58419237610928653748 0.089810049952032733334 0.58769013243994394635 0.80408610432001048629
-5.4500367325460494783 -4.7200465048669597579 -3.3506210810770715725 -0.97613729544116578651 0.00036574537067634617371 0.21715396998182442956 0.19343194655687798167 0.45594142716364244317 0.86873557372006582344 -0.098691754973319611999 0.89000970850101790433 -0.44513217843018731967
0.51216306610995621096 4.3666066441488915473 0.43676827500453652142 0.91834410405320887616 -0.00040914989471193662779 -0.3957826918231908131 0.38975382821459558791 -0.17294578333110408042 0.90453397361279097577 -0.068819037646357827942 -0.98493126086246873818 -0.15866427270518085324
7.2741727280734194139 -4.6486515917722206481 4.5479135716918897003 0.02742179029349787675 0.0056718992401682787052 0.99960786060156636701 0.72956990138451494055 0.68348878821532454975 -0.023892161436732537588 -0.68335627926529474152 0.72993897412254915569 0.014604439249054738947
-2.8223257066302256391 -4.4750768049646447722 -7.1471977813118723333 -0.93358210931808305322 -0.0018614668812561587473 0.35835873102543941426 -0.33215735266504597956 -0.37087637582851479268 -0.86724979499709309305 0.1345211441803890462 -0.92868038032096644763 0.34562524933086630208
4.6420205667783118741 -5.9126747611764205459 2.4062474432334779451 -0.98196167918219079418 -0.0058500158420754155494 -0.18898951804787519904 -0.15334840324055834526 0.60937307592931533318 0.77791305526770160306 0.11061432023411801873 0.79286205083042016195 -0.59927809947638732702
-1.4953694994312320965 6.7013354078938904834 7.701612132240209796 -0.16864195308835341902 -0.0023659193609721412485 -0.98567453760585499456 0.70787666655048187003 0.69558258279644991084 -0.12278230924624687626 0.68590853370695104019 -0.71844225442014097993 -0.11562962618643388146
7.2890069556853802624 8.490808045261005077 6.341635205877763859 -0.69957391435507565447 -0.012715887646841377706 -0.71444709010215756706 -0.71037276714745678508 -0.095708814405092657029 0.69728785629772083166 -0.07724551798711909445 0.9953281514387261053 0.057922369637350423766
-3.3170847116133241883 -7.9562646939544814373 -0.48079559417832423707 0.99505359319220210157 -0.0067632720898330228251 -0.099109055216152180945 -0.016556922056145118027 0.97243373450261127999 -0.23259084318460956919 0.09795006384497235985 0.23308129515683320698 0.96751170268931663276
-4.0277148105274491741 6.3985846517190756444 -3.5750119307237850919 0.13463377364221498778 -0.015158068024141681945 -0.99077948099879276089 0.40230307751309113407 0.91460252386150409087 0.040675018987290111061 0.90555285920730010929 -0.40406986564204994128 0.12923452658548764682
3.662817545033019595 -2.5967713195612591726 8.6722590329722759606 -0.87840721509589148042 -0.005697019636597684504 -0.47787896839537674643 -0.067372464219017227927 -0.98846705984468030692 0.13562382779953915946 -0.47314027046171092117 0.1513288325772207954 0.86789277500068640059
3.1583933564798880589 7.5390845466164737587 0.55901076013239414664 -0.99997600740355230275 0.0056804350366025085223 0.0039645019010828997513 0.0040377460592102894926 0.94301532491310668949 -0.33272480157876282991 -0.0056286076687250431033 -0.33270081099477571973 -0.94301563568116031355
-7.7977946483859632565 5.3307967845401957874 -3.3146990420259809795 0.90138112350402255224 -0.0013459805515716144302 -0.43302454725667849367 0.24228754762572357606 -0.82724444317544310046 0.50691555065974946981 -0.35889944894921588237 -0.56184056419187466958 -0.74533641127513217128
7.3455863441600079966 -3.0206844387552291842 -7.2771904405276028882 -0.57193634696102380044 0.0083747422194450880928 0.82025525217321382243 0.49688998661123945366 0.7991557091144658731 0.33830532628916060167 -0.65267844780613082367 0.60106573374536487187 -0.46122752247309395379
-6.4206590133685468302 3.1963507765117524784 -9.1684395358311991941 0.036334402031308603298 -0.0022435523507940311957 0.9993371691786184785 -0.094976844080263495007 -0.99547873647367413064 0.0012183257209018557091 0.99481616910740933157 -0.094958157637238568838 -0.036383210146535283069
6.3843883759683519585 -0.33681273950670786999 -4.8209095997637954056 -0.16807330714243653991 -0.0040795999425504974462 0.98576605758694602066 -0.0017853544637412069578 -0.9999885366729233116 -0.0044428630627655063545 0.98577288253215133995 -0.0025066685191720123292 0.16806409693129548133
-3.9221831794035217911 -8.2656848821477950651 -7.183007607504448444 0.95879843023841271332 0.0092434942225069413602 0.28393683802370506264 -0.19669561071508173677 0.74275349648070221331 0.64002193727297462811 -0.20497904014224019309 -0.66950115853512937036 0.7139690412211108228
-1.0730168176596532881 -2.4735347696310974186 -6.1420945372889059755 0.75855979548091234665 0.016226795796676053707 -0.65140135690532596779 0.10599456287053896086 -0.98944782120764829259 0.098783408270035080734 -0.64292471512761883989 -0.14397812405246399048 -0.75227528902157514423
0.1967619220642533584 3.3020307231955499105 -8.5711600163827057486 -0.88191256321342992308 -0.010757707184979351314 0.47129025301016524985 -0.42375042050551597894 0.45614222775649237995 -0.78254063739746415607 -0.20655704289060194956 -0.8898418622390690258 -0.4068361442138488937
-4.1687668678357594487 -4.7616168082925627303 1.3052596778555292101 -0.55474242478288882108 -0.0069228211939457813193 -0.83199333933191654822 0.76015112033124432322 -0.41077467275158074944 -0.50342272742218452386 -0.33827668616877232255 -0.91171061350218474129 0.23313652828798148153
-6.4921703134242072508 5.3844559013331494413 3.7005105460044123156 0.99806116382080001248 -0.015097686175294701416 0.060381894181595230364 -0.058822699071727199693 0.088265571360860967109 0.9943586269482328488 -0.020342156885190254556 -0.99598255445803052233 0.087206352227210723327
-2.0964177192100033054 -5.9151546876972025402 -4.1599677157469656663 -0.055909324073825601709 0.0020566373502646524002 -0.99843373226485310212 0.99417990930805066885 0.092348134141050197687 -0.055480898055797048252 0.092089388151131990057 -0.99572465690227962565 -0.0072077892935653604251
2.170209222624223333 8.7550930500011769908 6.1952321081027266203 0.75753025698736520255 0.0017225255286325313366 -0.65279778082864980959 0.50587554004962154153 -0.63359161433123611928 0.5853645054397837999 -0.41259889448280223645 -0.77366575415675820082 -0.48083620196124104984
2.4654867263603237326 1.9737228118125154097 -3.9182607322887368362 0.93671602781635321389 0.0065311505404364259691 -0.35002918064718685498 0.20628744449772898339 0.79751971778683050651 0.56692838170606851822 0.2828578679735239132 -0.60325752694348833138 0.74570220779588780591
-5.8964585826955406844 -6.9130313559120359912 3.0043377268006712377 0.99729950199416805834 0.0039152655256961873403 0.073337398496481923105 -0.053089365973344161687 0.72842808386356572292 0.68306225621047300667 -0.050746650558577896528 -0.68511108393803188399 0.72666882424002565699
0.078801745476383328048 -1.3167802746650472123 -8.7696852871179391542 0.14700797329063997054 0.00039771532639685516428 0.98913522716116919486 0.018796085091536973016 0.99981823134707237255 -0.0031955361841464217584 -0.98895670429721904693 0.019061639194747122955 0.14697377635828268172
4.2583500442360682214 2.8323030679637599683 3.5562613377502598766 0.50911460931757923642 0.00031621956127971407452 0.86069867815909573139 -0.857117607113931812 0.091313288318613169969 0.50696281022556577422 -0.078432914996667338348 -0.9958221645364395691 0.046759966461479826605
2.3622966816151778069 2.2627484444862679958 -8.4711783475939519406 -0.97493718571643173121 0.0045520443319841613974 -0.22243372675791023285 -0.22244860252726625371 -0.003068569655878535668 0.97493958946898706674 0.0037554148478017904643 0.99998493127277165993 0.0040042585649019430544
-3.6278132113524002023 6.5231771716175712683 -8.9004086557579853434 -0.48167715596061844163 -0.0024944572553859765268 -0.8763451917533597868 -0.34894704926798131295 -0.9167564138117182404 0.19440585007280711261 -0.80388001233585448801 0.39943892576750006373 0.44071018861445981907
-3.3150344530552939837 -5.8140702626682925214 -4.4494748377954564944 -0.018620512690312854276 0.0017408609121276992157 0.9998251076616043731 -0.79004126086727921585 -0.61290177218862962327 -0.013646383233420524006 0.61277082390930881495 -0.79015719135575923637 0.012787897176875435631
5.1963070492142966472 6.3982654482032490506 -4.2925442095909307483 -0.23970507194718335131 0.0016945701571463101312 0.97084427531645201004 -0.8555693968136656169 0.47225877149740641547 -0.21206758351914101191 -0.45884908817450281715 -0.88145832639755317128 -0.11175300043227658076
-4.4122129121013697883 2.066423668778920586 6.0649363263948563585 -0.99709282106886276686 -0.015212360207937073234 -0.074662509130631091181 -0.069368688490377652944 0.58664518995148851044 0.80686765095891110899 0.031526040504675986731 0.80970118266162649512 -0.58599496889166402536
-5.2665514887514577325 5.1181051734869198455 5.3355549189418294276 -0.87207507438737841277 -0.0094622079628249658456 -0.48928062627951801611 -0.09947013351310615703 -0.97551423638360079682 0.19615725108095311002 -0.47915629722541569491 0.21973265854950430054 0.84978044317085454917
-7.9454082089793383048 4.3420672954561609913 -5.3091908833892036412 0.96512031396399655669 0.0026669160957310074009 -0.26179317625250303481 0.19721439106111809947 0.65025750931505488239 0.73366999089378515109 0.1721896150530619618 -0.75970919379586898668 0.62705077731358160875
1.6038766159663895294 4.3498634715684669771 3.0277458345791394834 -0.99983584513548973138 -0.0047491087645284849397 -0.017485100753810572938 -0.018015732565666273818 0.36325776771556317346 0.93151448060371033755 0.0019277350839453609443 0.93167657486941590772 -0.36328369585915348816
8.4524730500337454941 4.3196035744084033681 0.41736900649226182924 0.51446591040258682348 0.013637593345847239673 -0.85740238107982547078 -0.32533143590413815538 -0.92201550250634545236 -0.20987346175793519798 -0.79340045616706023068 0.38691268935705119825 -0.46990880707683446715
5.5143709197551906698 -2.3932341008049768938 0.11375063364135279409 -0.7622161546450166858 -0.015208957154662259073 0.64714389529725735439 0.26705656395425081406 -0.91806916701233920453 0.29296722722935147898 0.58966713088588862401 0.39612837843798415216 0.70382880201719200119
-5.0576035525076772359 -8.1500333726269307277 2.6482874029759835288 0.13619798220234990982 0.007599456205483205197 0.99065249099250396458 0.83739839888232525666 0.53343272267170527279 -0.11922018257220561022 -0.52935246404776026274 0.84580835810971044531 0.066288688009586982375
-5.1079237694613111032 8.7525261900234241352 -8.8757386467001264663 0.47687678082892354103 -0.0045884494154501600377 0.87895817991426050675 -0.16576518182024424508 -0.98251196604245949473 0.084806491966303229613 0.86319779911809491058 -0.18614290938828176314 -0.46929774864375323196
7.0170408803729618086 -2.6494437055060711117 -2.290694731567360698 -0.76816688351882311814 0.0079559798524936817254 0.64020023543374116048 0.61711896324232751176 0.27554463375796184321 0.7370477189529925921 -0.17053980260219434029 0.96125535483126767211 -0.21657404862233434195
6.3345821710768346335 4.0417454462651294378 5.8834147859308743023 0.99307836229115797888 0.010865709466403417061 -0.11695000088541659955 -0.092590706727852106761 0.68505397372163723269 -0.72258426091080918408 0.072265672189433569073 0.72841127767644997526 0.68131834202302354875
7.9549943565515581767 5.4135931186447292518 7.9119236428946217998 -0.56688166253840088782 -0.00085552658684684944335 -0.82379879142419143445 0.69849093237995030226 0.52967312763377993878 -0.48120348631901055381 0.43675576477089089744 -0.84820141825919104228 -0.29966440563167012767
4.41328356398520949 1.8557391161798759693 5.3318370505262224768 -0.99597184979518804671 -0.0008535024312801165608 0.089662399862848962684 0.018703358868325595243 0.97598179309955457317 0.21704774568150056457 -0.087694120570202191423 0.21785043280194174575 -0.97203442847736298837
-4.7551751223647942268 7.4946292475608222716 4.7206006215734737097 -0.9565348115171175003 -0.0022631521864436288105 -0.29160938341926584405 0.23771671124009266518 0.57316113985602368253 -0.78420473918246325074 0.16891394126353087568 -0.81943955597772533128 -0.54771059378638176085
0.26847544923751687218 -5.8130926402033074041 -4.9819282095027928037 -0.088133166327583264965 -0.00087025998033709184992 -0.99610832123834014418 0.21135276038312458824 0.97721423592767953092 -0.019553715204620278345 0.97342824885621048736 -0.21225357416897927543 -0.085941052943525095276
2.1061568463306850063 -7.1321804775388404352 1.9377867409189635239 0.33315995981613594212 0.0078588068755861203996 0.94283756837004961682 -0.91781023021319652067 -0.22630994266291604156 0.32620268418207737371 0.2159370799354274062 -0.97402363883330334016 -0.068184518055760826027
0.9138831617036686783 -5.8033014553711694816 -8.7502790748190975023 -0.88353661120826509912 0.002983760143705549428 0.46835259562625419782 -0.43000076578674040206 0.39118537335729647308 -0.8136788955685684277 -0.18564050764138531613 -0.92030706877989865156 -0.34434357998364267806
-8.6005351906491114278 -1.3047640944636287319 4.1557719279580158656 -0.64153830664795086225 0.00041494649844131146696 0.7670908870029009563 -0.19282198522229251902 0.9678042644460439492 -0.16178562276957678123 -0.74246096403673345065 -0.25170366214932649029 -0.62080349817167035376
5.373491773361226187 3.1336279518582674797 -3.8322360916828475119 -0.17284106965137638334 -0.0017967809920689083517 -0.98494808808365508224 0.36403378615046999567 -0.92930741575238440255 -0.062186249029875441396 -0.91520782731726313397 -0.36930271946680032213 0.16127657676091758376
-0.28357786132608953089 -6.7956634989487580967 -0.30482071538518029641 -0.25305518998133602615 0.0070992575385306847663 -0.96742579630987013406 0.36058938063349410541 -0.92722644840549262035 -0.10112572349047738163 -0.89774070276317108341 -0.37443385787017996469 0.23207954817814469006
-5.6628048865828901626 3.3299174839766809697 5.2766662418157093128 0.84792390009440421483 0.0017678921228336330965 0.53011501978936037549 -0.20630304179895483929 -0.92006273724826015403 0.33305196962607969136 0.48832787611741151901 -0.39176706610533978958 -0.77977846297649622276
-7.0291854258148722678 -2.5908410885222208364 -1.3919795850067440135 -0.82729335561838523994 -0.0044524884048153367394 0.56175250697865652949 -0.56029457995935316728 -0.065889976687601131689 -0.82566851377546524038 0.040690139072705008849 -0.9978169603284695599 0.052015634794899977267
-8.4571221829425553551 -2.64583976387524622 7.8493465332185579086 -0.84759395278229476833 -0.0041279217490204321572 0.53062929759754995374 -0.52763836380890660749 -0.099747858453459764538 -0.8435923907733383631 0.056411419445252290739 -0.99500418340616725299 0.082367631750589420658
-4.387614069983359677 -5.8801694736971894528 -1.3729131854163871829 0.99714733169037783611 0.0062471628573031309437 -0.075220820648787531382 -0.048923233020147643968 0.8123815100931032207 -0.58107039102845303713 0.057477962504867002869 0.58309283567492165012 0.81036968650801055603
-7.2373160048963027791 -8.137464275290932747 -6.0265099602279921243 0.93971209438547509407 -0.013131235370050047678 -0.34171442802852175502 0.05512401291803509934 0.99201102762549198122 0.11347010297568409232 0.33749447827351619633 -0.12546589866244617362 0.93292860681171774218
5.4462049468473354707 5.2743997775370896619 -4.9365747563212103444 -0.95997818720059879816 0.011095298810286886165 -0.27985491677558893553 0.14744773868828980889 0.8695546538041357687 -0.47131079809762960187 0.23811981113463193127 -0.4937120602051086049 -0.83638947695032850316
7.8422161129014220649 -8.1413647136348430422 -8.2030851300860270214 0.99998712608632600585 -0.0011609270684386106473 0.0049396264838300462524 0.0031183722032993559797 0.90855300504903580006 -0.41775795955407479809 -0.0040029259623964152243 0.4177679849681552593 0.9085449286189393181
4.532778036735559013 8.6924056159341720473 6.7103171476603113987 -0.9676087570984613917 -0.0012999607779512114408 0.2524511899126167247 -0.25141176420378397172 0.095757250132539689647 -0.96313170120543878383 -0.02292199830314312764 -0.99540386735677910401 -0.092982379216596827698
7.4906931904348859064 4.3226939295016686415 -9.1700439052394902006 0.97858633020095275867 0.0032082442114303492096 -0.20581181091670056049 0.061954923355980531796 0.94892041708951391232 0.30937296181560530739 0.19629157347099177033 -0.31549920633779887646 0.92840178208832768725
-5.3000882598606091634 6.381270254369620254 -4.5765228026484630064 0.049102773980539873855 0.0067891240717425187234 -0.9987706570488920077 0.055292213556070515801 -0.99846192563442104362 -0.0040686826352247431465 -0.99726209629543638435 -0.055024456859274865905 -0.049402635960508513302
7.1742514866548443564 8.7916714182486757068 8.954891557856806017 -0.074710842678122058036 -0.0078067453657317898222 -0.99717468114325324979 0.76341063444354440026 0.6429087363493044549 -0.062229895905066369421 0.64157812712457196191 -0.76590300394526400485 -0.042072501025262831753
-7.4537131427386578153 7.548893922177857263 1.2077593647382725006 0.029438173736737797276 0.00026525564684114731617 0.99956656785153530365 -0.23927504134719790319 -0.97092435258270570753 0.0073045294230935295388 0.97050546032227402726 -0.23938636385817133045 -0.028518770720727833895
4.632050839431839151 6.5452345544844128256 -8.3751164842334659966 -0.13965634868825446691 -0.011927980218124583853 0.99012818743794350773 0.77762383016684100134 -0.62036636080296259088 0.10220937892530371216 0.61302306891935087751 0.78422146213410659499 0.095913582462040861132
-1.5323227082470245453 -1.3052177831637978844 7.4160850002873157649 -0.95638388955941433522 0.00060801828918142196423 0.29211211221895261314 0.029062907064455939521 -0.99483814221163424651 0.097223547732240067631 0.29066338473249642149 0.10147266190650698625 0.95142950115142055356
7.250916067757250616 -8.1532911863123445073 -6.291166992802807556 -0.66910359491421800282 0.01080616611649346144 -0.74309057728306215918 0.4958357784453912287 0.75129915455004681046 -0.43554157228189549489 0.55357678788612785237 -0.65987332659107833521 -0.50805504895360997786
-8.5975345081036422812 4.2579031046275126471 -6.2983769722573903493 -0.95001826284212242957 0.01406581262888446579 0.31187730469136293321 -0.14994860136027485242 -0.8967690734509629058 -0.41631796244310820265 0.27382607110455803312 -0.44227523310455596484 0.85405614626086812091
7.1196148127194822663 -4.1703310757496074856 -7.1217267032754048017 -0.12475295455070387063 0.0056208746223454751634 0.99217191358127299061 0.73103569460225248378 -0.67558830769440070263 0.095745766088658507131 0.67083791898489719685 0.73725765121518249678 0.08017257746080354297
-6.7648528887102248319 1.9747014473644395327 -7.8933424891305827842 0.92427140090469706024 0.0066865543741700551178 0.3816774390248421911 -0.046752740063721438812 0.99430227311057239881 0.095797552076626504847 -0.37886218967647267153 -0.10638740375604383015 0.91931776962908484663
6.8522214432530592632 -0.50542707074845860671 8.1570737506480011092 0.44864551980586525604 0.013951053940691965013 0.89360089841733347793 -0.74963699326564470216 0.55025949275171348596 0.36777556874303113377 -0.4865815202879530954 -0.8348771518794487756 0.25732968228253577658
-3.5888158656480584341 -6.0303532833840671756 4.1658400527571934902 0.97640295932203968743 -0.0001758016755153812144 0.21595654683556347875 0.080148689512829621173 -0.92828430222303148778 -0.36313143875944892125 0.20053291150513383179 0.37187124564807499949 -0.90636544950886321903
5.6473127890682892627 -4.7813870704617009721 -5.5156447527955547727 -0.63320954352795721931 -0.0084854974766437780975 -0.77393389273097334957 -0.53343411853209621309 0.72930382705076257643 0.42844365911359599819 0.56079739226479563552 0.68413735768585859365 -0.46632859728679526556
-7.1122404530893703622 -1.5633871435063000366 5.6577067431955025967 0.30081901731791915733 -0.0028008862428143765054 0.95367713292076117249 0.42664209628280908015 -0.89395317250968697742 -0.13720148337022308738 0.85292698427184521215 0.4481516265685694389 -0.26772313890470089692
-3.7242245823592612375 8.5350952507021986548 -6.4265847219220555431 0.85913757556424885653 -0.012205716793591942296 -0.51159910743753067575 0.018871952493665876405 0.99979117778530246508 0.0078390198197022080417 0.51139659332300879679 -0.016389670533934745655 0.85918851426061271237
5.4554913657751837874 3.301163263467069342 2.9234927515430615408 -0.56463843835289817541 0.00040347880898721584161 -0.82533827679262417032 0.26634198975502815232 -0.94640992142885016492 -0.18267513545710764578 -0.78118203923769080621 -0.3229676420725461905 0.53427195672835559037
