1125 17.292696884352682929 17.968806560800352656 18.477561601407678893
0.30596162583910302413 8.6093253642327240982 -0.91516817071238765191 -0.79199356427070410902 0.0032479752496037362849 -0.61052079801635183998 -0.58469789245585823689 -0.29183303424404360982 0.75694243815603601266 -0.17571160664973498045 0.95646376344371863976 0.23302896924625332575
1.5441035864198733307 2.25046046619465967 -0.49420528764243121245 0.47789102299654773187 0.0034510319152982540936 -0.87841235221166846792 0.15554332685346472509 0.98385787700436355685 0.088487012196787492857 0.86453828348463990228 -0.1789183283927756607 0.46964006233978927707
4.2513929758287405392 8.7312992876508701556 6.9733940400772862489 -0.46947006480708697307 -0.0031367630475065025157 -0.88294281749589520469 -0.88293983627512917511 -0.0027337159534680209594 0.46947819152282133093 -0.0038863567088559050622 0.99999134372013187555 -0.0014861752457671290398
3.6844332768815744039 3.0751919467010844222 2.6343046632799014262 -0.81601876102210935127 -0.010140652516316347315 0.5779364574300552837 -0.10818964642703285395 -0.97949662363004952326 -0.16994518146627912714 0.56781016375744497449 -0.20120519740820488885 0.79819050762951548883
-6.474536861080091299 -8.1420421112924774576 0.20785106596215491281 -0.94804732969097804673 0.010242518282408926908 0.31796438713334512771 0.0030408535527968699567 -0.99914415200753559088 0.041251869282678058082 0.31811478097602535753 0.040075607654560238546 0.94720479928876966103
-3.1724423021885619356 -8.3506272363476909959 2.9844481515449636788 0.80548282940953375153 0.0066839335378972245666 -0.59258141766233562997 0.10592814213207873975 0.98220885839703175879 0.15506446140518123644 0.58307515830342737662 -0.18767280974834107954 0.790444353670948896
-7.8223025148404179419 3.0138609725927603122 2.9854823244098911417 0.70365401573155883508 -0.013114787394536139148 0.71042172580541551596 0.43034088785340540717 0.80346087273011823626 -0.41140897685036470488 -0.56540051855861683805 0.59521309490253526686 0.57100229883127007202
-8.5271830324759889663 -0.27329524002583821529 -1.1575529678221558871 -0.25463594518160020952 0.011530062383761703615 -0.9669682482290122838 0.55885845347551321716 0.81779843363028614789 -0.13741524999377144334 0.78920071236699140815 -0.57538924182962658538 -0.21468454994758651155
-0.7338522330729627674 -0.14683851099512928995 3.5624336235370859249 0.92416213255138357496 -0.00060319917226593503315 0.38199998548262203979 -0.1314285598929167409 0.93844683240032800153 0.31944338528497345786 -0.35867936433876729252 -0.3454231881454469244 0.86719774831880425126
-2.9542415014417184871 -3.7444296009970226002 2.057004691048696543 0.9944818669865211902 -0.0039333686035688143062 0.10483484557391863079 -0.028726317442256718571 0.95089420507884292455 0.30818015743054461009 -0.10089903330200600262 -0.30949109738255381474 0.94553405317836558552
-2.802722142363941682 2.8413060679480532933 -1.5620082618051038814 0.98801425665195607984 -0.00016126088134387882994 -0.15436256880343385278 -0.032118860899122358976 -0.97832731162200470276 -0.20455818269851835933 -0.15098412971962890672 0.20706435069640419244 -0.96660651107038331187
2.3890132092140765607 -8.0654902114721309658 -9.1208954296831183939 -0.92666854668070908208 0.0036542125646578139941 -0.37586174495786039973 -0.26083175586229107035 0.71376290647725959548 0.65000716032291361302 0.27065143584725903647 0.70037786948736746595 -0.66046850054051131629
1.997490582783880031 1.7884358046530997033 8.3689870634938614558 -0.13819357056354739099 0.0051111108093259659257 0.9903920504534000635 0.29386642373804561235 -0.95474227806923184225 0.045931551976496856615 0.94580392368319565755 0.297390415134501096 0.13043726051950885192
7.5155608681833427909 5.417577693438188291 8.8916644036131096129 0.35231180383530358302 0.01883710735098442432 0.93569308871287371066 0.93358154161727002762 -0.077141919362997912746 -0.34996375444938282451 0.065588855986478039606 0.99684215784835150664 -0.044763984482646859697
-2.3534894985754259977 2.7798196536249948352 -0.019323333182576583889 0.95730200402742393617 0.0077808560604944142225 0.2889850019704885975 -0.26806314906372485929 0.39815873745086993729 0.87727519508182227881 -0.10823595150831104295 -0.91728353199554113484 0.38324391806079266543
5.7279388161047313233 5.1603999180030246663 -3.0184983152857025601 0.99832646911858413663 -0.0070720926464233951556 0.057395527375256688574 0.037139882659547145127 0.83916695226125836982 -0.5426043266953680666 -0.044327081712296156901 0.54382792475026997536 0.83802523714294840929
-4.8967348034257405232 2.137584114580467709 -4.9253193323568247308 -0.60192220549737940338 -0.0059402694288008487528 0.79853263660802287216 -0.58681920136917331554 0.68149953828697851232 -0.43726605655903766356 -0.54160214496741510004 -0.73179443323467507909 -0.41369556929336670503
-5.5096801733673474999 8.8054560512273543083 -7.2170354498475726146 -0.99940170462207178481 -0.00018329744638674637727 0.034586112829861140328 0.025663562843741972996 0.66645060351924323427 0.74510735777543202207 -0.023186512044678159877 0.74554916636730006463 -0.66604716513783623899
-5.6146729383078897158 -1.4159204116219228364 -6.5062269622027342209 -0.99958500220462598307 -0.016347668227693186449 -0.023718708036781520343 -0.020660722681977980453 0.98061753497089243492 0.19483938165940045684 0.020073811438768643378 0.19524856939473425599 -0.98054833549574171858
-3.6793306190095944608 -6.9433981793206855926 0.94180547339641895732 -0.86974957544437792034 0.001770354473439955667 0.49349016389317340581 -0.43249826055349238629 -0.4843127035744159703 -0.76051723174092689117 0.23765717037912886811 -0.87489317690884627066 0.421996443546548472
-7.0490486826099862938 -7.2070451659432031022 2.473943622671942677 -0.98597258596017611776 0.009989429617941698869 0.16660813614808120398 -0.11580319136620638443 0.67791756706320127623 -0.72595963602422153294 -0.1201985050000297095 -0.73507005350715381997 -0.66725132883552784602
1.3282961775224999545 2.9266582486520431594 1.4812486084021614374 0.74053186445661911552 0.0016100039177153382258 -0.67201931937390180227 0.30497640878352411109 0.89028588881972781088 0.33820175377158095964 0.59883382320131295362 -0.45539921393881982459 0.65879405593416429099
1.2854902222499415831 -6.0724775013358796016 -0.028528921851992974923 0.17094086066664646029 0.010597913638214223261 -0.98522429242345732625 -0.97232523223685252134 -0.15981245432328530787 -0.17042189471656932209 -0.15925722875326692174 0.98709050429527778192 -0.017013859647917049106
-7.974128284697907354 8.6133132813518979987 6.9894847863606344163 -0.71058731931403018578 -0.0078476742037556397602 -0.70356526039868449995 0.5399656538635830838 0.63501919067079271031 -0.55243797853484166716 0.45111279551568506108 -0.77245649812109873356 -0.44699910987892121916
-3.5386436372288332386 0.70336225768403626279 4.1098487292787648784 -0.19190837401782401272 -0.002139964289513198413 -0.98141051376817900476 -0.61052679381984042983 -0.78268382466653207974 0.1210911418451260102 -0.76839326520345851979 0.62241581853149496872 0.14889707462534290672
6.7578514467358141715 -7.0489606420921404606 -7.4808370098841860951 0.058417075640304023942 0.017917034736862964828 -0.99813146686187481649 0.64650027278302091283 -0.76253144200591338464 0.024149477100492929005 -0.7606739397174889783 -0.64670300743001873922 -0.056128224770754513162
-1.9012361205426582256 -1.5776430199643538543 -0.93916161074938353526 -0.94881086090883026696 -0.00095832211330951558304 -0.31584336599033252524 -0.14544136848330252443 0.88898976958579101204 0.43421653343183325147 0.2803654018510121082 0.4579260542821019242 -0.84362252829944106569
-7.281933101336189651 8.6158584037839975878 -5.546131080653625034 -0.79015589080470471917 -0.00083719532388182673656 0.61290534940638174977 0.28352869607796032936 -0.88706691583924701661 0.364312730114758343 0.54338305708511902559 0.46164010433173613412 0.7011585179867859674
-3.94849071492654069 -4.9140469427059851881 -2.4143717529665846833 0.61966891759302700216 0.0069358772740599899942 -0.78483267399804357289 -0.69417701900675843341 0.47144883210067639601 -0.54392487072529549508 0.36623585140133785298 0.88186614194960821767 0.29695691409874064304
0.78737723405699866497 -1.6405798537363422973 6.0420634133146959854 -0.90811807911743391841 -0.0044240482779509537892 0.41869079542920933923 0.14026314276165685602 0.93895653388002975337 0.31414467728538636448 -0.39452224926218243395 0.34400734771367968978 -0.85206287300655147998
-7.883241024815350606 -2.6062812920614573109 2.7898277489045906208 0.65640345474982408902 -0.0052024857947589034021 0.7543920988012992046 -0.70623942345405277266 -0.3558355169090674508 0.61205143710755649522 0.26525531352185460765 -0.93453411871783587106 -0.23724586318996060408
-0.50070274946097570457 7.5997527718639146244 0.87234408873730118206 0.35442768053021822539 -0.0011563888990557915672 -0.93508271400903952841 0.93331373622070523677 -0.061056535065281379582 0.35383268547070573229 -0.05750207870636135643 -0.99813363949449307455 -0.020560852460447434642
-6.5562918532353977596 6.4058492751317137603 7.1053444843573645429 -0.99302800181091710474 0.0029748992230409785145 0.1178411540744563335 0.043224715212111096407 0.93923719164923824554 0.34053652053381533449 -0.10966773278351837906 0.34325595085456206412 -0.93281742082180807429
-6.0589855503660441371 -3.6402936455567922458 -8.5079861871802862083 -0.35515148813065278155 0.0064326777666174894676 -0.93478662866740869219 0.91039180833851762742 -0.2246767146976946794 -0.34742931537628685135 -0.21225968950483792286 -0.97441212765911133786 0.073938012428920021901
1.5494064184434581666 -7.2054522959478717326 -3.8270140404622425834 0.99878994631845252616 -0.0033314617929109616862 -0.04906673511527651077 0.024542744062147747036 0.89835166109803077372 0.43859086483384035482 0.042618034286576317315 -0.43926437866543954769 0.89734637057759614187
-3.0113649181568509228 -2.5407818554036909475 1.4185470648377525027 -0.99926670677689644062 -0.0024775409668542454009 0.038208775407708228666 -0.03712729815085331897 0.30664528147227382293 -0.95109948747895400878 -0.0093601527459319482094 -0.95182064126666099391 -0.3065124049675174156
-2.7103999652258252695 8.6084935773872732767 1.2509826348872756796 -0.50068451108106759584 0.0034361259985329333649 0.86562302037444971425 0.79353611937448831348 -0.39771596460576075227 0.46056751811849133693 0.34585466255626079457 0.91750215505795285065 0.19640353319729123016
6.2209233587246082209 -2.7894707578520669955 5.3261373951800052851 0.16099853104170147589 0.0061437531935491880228 0.98693552337475476399 0.27634139071491464756 0.95970253364185953426 -0.051053723656305276257 -0.94747818380163817409 0.28095070958812373707 0.15281292485165270945
1.1342863719239044684 -2.4321550922287888952 2.412209061011107103 0.97128956075358297007 0.0087894271393543933063 0.23773795477752884819 0.038995918570848435436 -0.99168281482852471687 -0.12265607652324424237 0.23468256753755886712 0.12840537661573242501 -0.96355391740689244617
-1.3607274331759691144 -7.0405113026822760958 7.2427429942505288096 -0.73379019669291556394 0.0068268555290063011667 0.67934184419995125026 -0.65162965386770321796 0.27578115427184279884 -0.7066282963117321847 -0.1921737272303984112 -0.9611962073333185641 -0.19791692593198217942
7.5595514629497078118 -7.291702265988867282 3.6205432394535188578 -0.094812118351308358188 0.010984816354734394314 -0.99543457646564548202 -0.58215625378732294148 -0.81174669629281248628 0.046490829575062592172 -0.80753003559636227227 0.5839063579611439847 0.083358303377664588751
7.3952149025926221526 2.9797171367774626383 -5.7202749969277544295 0.41762255382372770462 -0.0019210210389779031233 -0.90861857355876030073 0.85859596678230576394 -0.32639581626275965265 0.39532105553766194728 -0.29732872105299346099 -0.94523123139479992005 -0.13466087342881949418
0.37724069234757717783 3.2191193392162680276 -6.955993541975294292 -0.92557002906477170434 -0.0050337205118303682272 -0.37854297372284861911 0.25212672554063170205 0.73770186796522740913 -0.62628114155605407731 0.28240438304904663669 -0.67510785483394064599 -0.68152560390372407539
-6.3316735245887905137 3.0245962640070085392 1.3233001337843697254 -0.35040474158985440711 0.014965588416432751284 0.9364788028751361848 0.92711992463466919023 0.14743174178550810804 0.3445468427653972654 -0.13291035481404070429 0.98895900454844376526 -0.065535676587291050166
-2.2923065116847141098 -0.34818522583674638149 8.2379190150802727999 -0.98886211884096963942 0.0090185533471071055445 0.14856101647711700275 -0.12382228095808818502 0.50398705399107879277 -0.85478950165965439378 -0.082581793753557550253 -0.86366412169589212855 -0.49725700823178942134
-7.9101283121861021286 8.3424741113480891386 -0.87944847654223068378 0.53016032122445044816 -0.0057730889950480274858 0.84787776550782856244 -0.75130798086084638054 0.46031625212335153252 0.47291147789574899951 -0.39302207532590915928 -0.88773623305254534266 0.23970404425453945008
-1.3649164901467609745 -7.1703831842180791867 5.6456777310162626904 0.7064830415559786303 -0.001763201101808223141 -0.70772777472414971633 -0.69484609950443254611 -0.19166850665222040506 -0.6931465080063776707 -0.13442696901096101714 0.98145813699799033802 -0.13663570295831384271
7.0916706123267614359 6.469467521040457747 -8.4898090107832846485 0.15729209231860161178 0.0066100975528337324594 0.98753000172380800414 0.35993600931938313225 0.93080940114913457428 -0.063560427371150945985 -0.91962235014666482424 0.36544516051368902687 0.14402974612215974082
2.1287014067595881883 -3.7766884831056444227 -4.0333136520093075816 -0.6055969532281201273 0.004252572377099118027 0.79576016856144804468 -0.62335661003086983989 -0.62412454467317068918 -0.47105741631701042449 0.49465024711585175998 -0.78131329718918174354 0.38061879178988816674
-0.21462927184749508447 -6.9808389484468360564 -6.6559982625845854898 0.70209353626288451 0.0043371424740466036143 0.71207152416931007721 0.34354594581326680647 0.87384364885617960006 -0.34405444404742036024 -0.62373139206945982238 0.48618768654591737466 0.61202996985303803612
0.12823221693705316726 8.728273147489909789 7.9421484222638651929 0.049252922864902598521 -0.0048670865726486356104 0.99877447957872755868 -0.81371522933216811069 0.5796746215386430201 0.042951818321792296917 -0.57917326867033747106 -0.81483350729609971275 0.024590246954809189678
-2.5943850088752697935 0.6671258770114865122 2.4396621437252128395 -0.31979291204367676915 0.001022141131324305445 -0.94748691211769053844 0.94298349892389932148 -0.097045393368006799273 -0.318377625443017509 -0.092274666963918838825 -0.99527943154352738198 0.030070566725256549223
1.1391858422380751747 -5.0163870115298179186 -4.8522492665124952183 -0.44738215514054202604 0.011931756402806175527 0.8942632948137002602 -0.4523262416144024356 -0.86561398006469569832 -0.21474032845209017895 0.77152458056056016922 -0.50056974609523152697 0.39265729445064351255
1.5682072463950949004 -1.3827835203229845717 3.4189848184774329631 -0.72880307799757237941 0.0070221798345194309104 0.6846873465252050206 -0.65003798340614404871 -0.32131792661114183529 -0.68862574027380507591 0.21516666477536922075 -0.94694534109872996464 0.23874217754874690889
-7.1718721498218878097 8.6633372313889331906 -8.3272517301640185394 -0.95122266177122893893 0.0036780649001619462705 0.30848325654946873176 -0.1356238357114947779 0.89313640779234315659 -0.42885141047020758354 -0.27709497093889268182 -0.44977086267793153773 -0.8490727578757777394
-5.1147096951203163684 -1.3850998745056084527 3.1618967797123112007 0.4481818556035259693 0.0057751241159788788138 0.89392375080284258715 0.81986372195267376295 0.39591846365397226348 -0.41360856804867723868 -0.35630955885745335676 0.91826750899663711625 0.17270865695570924991
-2.0395462095197816055 -6.0454243289766731451 7.3589829007954978835 0.76103180945806425672 0.0014578690735295256591 -0.64871292542303449213 0.64089639682546695187 -0.15647403056294789669 0.75151027025297034712 -0.10041112253778496088 -0.9876809972744952093 -0.12001605764882559979
-1.6050334349996959737 8.5980239959191244736 1.9899677477722956809 -0.32195627958432337934 -0.011310562868655641908 0.94668697318797689899 0.5704380485831788139 0.7957297490603585377 0.20350577188108626148 -0.75560875244049274801 0.60554623079343550263 -0.24973821415080360575
2.0936210725525490339 -3.9323286554828453809 7.1717629895010270857 -0.97193623849306698403 0.0044337427045745905763 0.23520265778543869573 -0.092321287324945294772 0.91242163094923800504 -0.39870232916618431052 -0.21637173616340585336 -0.40922745423713213775 -0.88640631907041544935
-1.9230822938531828559 -1.6236636400878454722 4.3394535992161813454 0.95690341383152133226 0.0090571271551250463749 -0.29026509443129178134 -0.26514948982903652208 0.43494394121144763776 -0.86053443629356007882 0.11845507435718559408 0.90041198151252033188 0.4186008348151630809
3.5164053125749967776 7.5481732168906292557 6.7950250312908480055 0.66797176973203886696 0.00891821426816348517 0.74413317376370524681 -0.67809430973002238208 -0.40466609956488103217 0.61354173042637349944 0.3065971655982752675 -0.9144210262879139961 -0.26425814032879763049
-7.7291875524316884238 -7.044948206498220955 6.7452768255731410108 0.71681673014254398968 -0.0011585609335825596683 0.69726066368626493652 0.015988692112050433697 0.99976298870236313121 -0.014775931289523156278 -0.69707828621479006603 0.021739920825395969706 0.71666536035332983889
-0.53766804382004951268 7.5672080677683508654 -3.7312333488611857391 -0.96023824709780103426 -0.0010772095670881472532 -0.27917977797407689255 0.077010715216014824502 -0.962217197159791926 -0.26116549395335542094 -0.26835025349737129385 -0.27228093049191698372 0.92404071140754573399
0.16557902593504197908 -6.2007683246404496913 6.3086310869076687169 -0.77990183051709882633 0.012400992951100585013 -0.6257789946375833523 -0.28040830861377757932 -0.90077732593142290085 0.33161934435153911371 -0.55957512026196620791 0.43410416314701749663 0.70599522684093629632
1.8582629118195752582 5.0560826808789940401 4.7740057609748074441 -0.99673276593992721217 0.0037526305037301143329 -0.080682780480866661543 0.065970238476748974121 0.61416874990052894301 -0.78641253441229164167 0.046601726761293378598 -0.78916580286378235076 -0.61240967877151109011
5.8914036561101168488 3.0827390524855720066 2.2653835406151641152 0.35894555603182481951 -0.0031870847574815884887 0.93335305768808096705 0.74511213580429069836 0.60321785202532407499 -0.28449275575147708883 -0.56210852411430212161 0.79757010067367917205 0.21889710283410260261
0.48000595050198163749 -5.8363356521056388715 -7.6192291123682194254 0.94662438358136902217 0.0041223197829936518433 -0.322312399526965776 0.17945061613518492605 0.82389637801638659909 0.5375799797798127555 0.26776809514567284642 -0.5667254756681318062 0.77918064814966059295
-0.16703822215096572612 1.8246122563424951313 8.0883674742653166589 0.91557227965537646419 -0.0045567058950269087939 0.40212763789392103053 0.32833929149758495081 -0.56890520109086606393 -0.75401603552635820815 0.2322083340142828134 0.82239048426122429714 -0.51937768628534841664
-3.5370594056635784597 -4.9543204533185001281 -4.9641590436276903375 -0.72311276207321484311 0.0093128395358324216752 0.69066721678849318788 0.025828065227742336152 0.99957438337348847313 0.013563301575251315162 -0.69024694448665158131 0.027646394390831677268 -0.72304552588603621111
-0.73644850738782352551 5.3844025581133916347 -1.495260326058150735 0.38583419149766179368 0.0076590338158239092831 -0.92253634935005202067 0.25047604748583135459 0.9615359918188235433 0.11273990452613186219 0.88791538240250567071 -0.27457216835957160006 0.36907505748167152015
7.0501882121155690086 -6.1338671554475299175 6.8578756805440601596 0.63959255817987525905 -0.0076847877576443597916 0.76867568164886690418 -0.7461332593882721298 0.23437849151910866707 0.62317885229543179548 -0.18495004394709424478 -0.9721150481041731517 0.14417286323557465533
-3.8808823369093397027 -4.9731412819895410848 -7.2150441466883332708 -0.98717938603554800103 0.014447263069078637027 0.158959543205901499 -0.15624466220309035647 0.11610023446929393365 -0.9808712153432082026 -0.032626144722285109478 -0.99313242427466918993 -0.11235445044403598314
0.29997016947775223539 -4.6344351098340652584 3.519333576971649169 -0.86831409197360520658 0.0053233179792561355348 0.49598618928894738778 -0.4660805060775830011 -0.35087269052088815302 -0.81219290621195794344 0.16970444759673405932 -0.93640803997629318278 0.30714879640583730991
0.25948575916092631033 6.4460877668523037798 6.2998179132084128895 0.13739785885990360437 0.0055966125821903774454 -0.99050012938349407676 0.95182542628666477746 -0.27750173620358353777 0.13046510751319700949 -0.27413534295169877941 -0.96070883431547582365 -0.043455142541114447075
5.9786933927116621135 8.3876351344606714378 6.8123645012607356719 -0.036341904785698764258 0.0025125777710843272446 -0.99933625617690213794 0.91686800187511108273 0.39787815977911206167 -0.032342496937808482005 0.39753280756946829388 -0.91743482434642320555 -0.016763352359505316602
-5.4566474550310131164 -8.0662939305394836254 1.2095378127301068538 0.95433066045093095653 0.0012565673930045755981 -0.29874974738329979074 0.016983638336083864417 -0.99860217062960343615 0.050052580780043161301 -0.29826925177103569276 -0.052840570135744384384 -0.95301801011087394766
-6.5988426300141389547 6.4132795573639125308 1.4785304309998994476 0.49995091319759610293 -0.001381818588879022737 -0.86605263983771862968 0.21587272146096914138 -0.96823648814001250784 0.12616287553515168063 -0.83871810074780850375 -0.25003238512569875285 -0.48377241949765642515
-0.94892144127210109605 -2.9022304557329055008 5.4648844994062102387 -0.85827504238269236581 -0.010631764584590145534 -0.51307983511797417009 0.40317665263674096199 0.60459660269491311002 -0.68695817542141357492 0.31750990282415714194 -0.79646086758333056732 -0.51462369554576514741
4.7561577870419791125 7.460906709386862623 0.43662280752845139542 -0.99916738476634925359 -0.0069572829208207698573 0.040201162095322026668 -0.040238762905869959741 0.005351622898069589504 -0.99917576136134245157 0.0067364069998956379801 -0.99996147743137009378 -0.0056271195134046433223
-5.2764088014451342445 5.4173183577553487567 -4.7630105896162477919 0.97172048265905663911 -0.00099400580176792967084 -0.23613198752646769041 -0.22288232891353154663 -0.33414541796536295637 -0.91578944474735424208 -0.077992121645728926249 0.94252100857502330022 -0.32491749315158230393
7.648200489913347333 -2.7339633102368741113 8.0432734695400505132 -0.12404057432641116265 -0.0048720861691660252366 0.99226518567228938483 0.90915870770100215559 -0.40119525343195666656 0.11168174799619690063 0.39754795953770388772 0.9159796020655524007 0.05419398921819029713
-6.5427104610551820585 3.204709849106309516 -8.3822931302660421693 -0.97952525079264807228 0.0070274371760883488566 0.20119865354022567483 0.015651453527248650188 -0.99370760777140554332 0.11090636708490041185 0.20071202022344739047 0.11178463840893157477 0.97325170411029815476
4.0263705535328213614 1.7169386245011379888 -4.0503505104384185387 0.164195227767792995 -0.0055044813875082358734 0.98641250390642942758 -0.58250541575832481822 0.80646935271685704638 0.10146242526509396953 -0.79606995156862558893 -0.59125027172361377392 0.12921202883802063166
-2.9497922207412150541 -8.2318017383767383421 -5.2565503080761475374 0.97389213969718813058 -0.00036560125008802072527 0.22701093932175606116 -0.018189726134216811088 -0.9969090464321795908 0.076429621249754067791 0.22628131628396475072 -0.078563474190888757387 -0.97088853449999423795
1.2865733154916754177 -2.7559519929071201183 -5.1233277662207230563 0.95389285776884857881 -0.0085155332110187463568 -0.30002650148226361893 -0.19551351235414748952 0.74080743431404971755 -0.64263427527023953001 0.227734236302928994 0.67166348044170331999 0.70498601876671806998
-0.69206538476027112949 1.923644892628933345 9.2098895348877736211 -0.9292340291046590206 0.004928438177649341681 -0.36945883349974606435 -0.3529541001667129696 0.28395847769689003259 0.89151050813732513056 0.10930472235623633903 0.95882391159210811349 -0.26212436786654480514
-4.4288409705687010742 -5.6144480418676430133 1.4054898834342033354 -0.61238535864868548497 -0.00090640818783028955646 -0.79055888517989736375 -0.10930839804600624154 -0.99029723719708684371 0.085808252030994916493 -0.782966057137507776 0.13896244249517222813 0.60634445074261189568
8.5455265773518629402 5.4243174485364713533 4.9405907044852126475 0.90869188270319689593 0.004261319337877284702 0.41744568924224340067 -0.35652124198882079176 -0.512308597031811086 0.78130180175024921407 0.21719039186913949302 -0.85879086078338828791 -0.46401141269898865671
-3.0600526018532749895 -6.0515868262946188594 -1.6628338451885851246 0.88018462005014441729 0.007990983350415604633 -0.47456419883106382152 -0.257729249082127021 -0.83156090773912616498 -0.49201838470510778079 -0.39856074668080271328 0.55537608960509821099 -0.72986761148848200431
3.2251477015820659844 8.6081312950820851881 7.9026720453398393573 -0.62204187449363801399 -0.0044873561186329763428 -0.78297111697164922806 -0.65736319087363404012 0.54624877678691097227 0.51912032241415029254 0.42536753715004149701 0.83761097025639030811 -0.34273943578896337581
5.0459336377810233287 0.87470338171113981574 -4.9776354774684259397 0.069321561288291214109 -0.0032257552564455716643 -0.99758915172707596231 0.19013566765471523468 -0.98162106298280493721 0.016386475949488284176 -0.97930738229945435425 -0.19081321550551552657 -0.067434173550124376639
-7.6317546974101517776 -7.0941102380976239772 1.0999515542386952838 0.97453713389897811403 -0.012195478650101794493 -0.22389427181737964201 0.16331447538657875573 -0.64558863385808895607 0.74601856408698286049 -0.1536416505420312717 -0.76358796882462087741 -0.62715839872001288846
0.99925828549717155003 -1.7133227387505309824 8.4983586863815734347 0.23586590640972079913 -0.012290015109347877595 0.97170789320754757945 0.69526232620148298302 0.70074399424473776676 -0.15990044494975633182 -0.67895329144105764918 0.71330695360327511789 0.1738264018577180825
3.2555578578302162285 2.069640317841796584 2.1127978635508206651 -0.78386667416456456969 0.0034344047062300452067 0.62091967435307748868 -0.32145607259030206659 -0.85779267782347035087 -0.40107071105650704546 0.53124291103905674216 -0.51398436429220872856 0.67349910373681487474
0.33533542792587373027 0.807303526496700119 -8.2285197649894268324 -0.96041676028762579254 -0.0096464299035831698598 0.27840005917461596585 -0.077781015999446534437 0.96893802188417055277 -0.23475353734779552672 -0.26748786908654331729 -0.24711547126241931172 -0.93133462501630071007
-4.42273734680663555 6.3677356473987600793 -8.9722604862645702894 0.93926497330614533432 0.0032139593516170876161 -0.34317776790756365779 -0.18988037429423468283 -0.82809474980368424912 -0.52745097289293174647 -0.28587891384027724895 0.56057894699408961081 -0.77719012526439334998
-1.1281717420661370177 -5.9987667543780469614 -5.2419257602075868263 -0.31299731386296070212 -0.007663089703606723764 0.9497230957341530333 0.50279914162814542955 0.84700819240029734392 0.17254027119738435392 -0.8057454341741846493 0.53152459873738799878 -0.26125829411608825215
4.3861762064439409059 6.4188033794552756817 -5.7615707355658347666 -0.7561360576001144862 -0.0093204727824572741052 0.65434806577542514727 0.61324731890245520738 0.33895210012705911939 0.71346983095180571688 -0.22844252724912153529 0.94075746215820121865 -0.25057814976061248968
-2.555796301135952131 2.1147007618896265235 6.8369462336021831206 -0.34245971123678037307 0.0087600643319431670958 0.93949167503088903963 -0.90490012782797657476 0.26591823790965202212 -0.3323300308488241761 -0.25273920320468273859 -0.96395578322856900755 -0.083139299633385052579
-5.9277466419473601178 5.2171962531647269046 4.8989877623888089531 -0.97698102732467251297 -0.0063749740378037655919 -0.21323093573264589873 0.19320776459776262124 -0.45019014955432301583 -0.87177955295089037957 -0.090436894830247610555 -0.8929099556785808911 0.44105892928631618144
7.3863753334332979961 3.9624200641721372129 -4.0999908386637660129 0.99636123983026625428 0.0056732299602290769264 0.085041720499274511824 -0.048225867838638178386 0.86022148525049979551 0.50763496922981199422 -0.070274785200022366061 -0.50988901809657949382 0.85736494201083823796
3.6618207494342249753 4.2309823480565293963 1.3831479832198467772 -0.99760197095057279171 0.014180808769960076207 0.067743724568263483099 0.059260586049986990753 -0.33064595317719902567 0.94189247612906012996 0.035755985467466805394 0.94364832342886517669 0.32901269153818202273
-5.5207027671319695017 4.1106120276275515124 1.2006202572401154516 -0.55697307561636877349 -0.0078219220026350001068 0.83049371495189205916 0.82876523384608546952 -0.070396978152921924066 0.55515083773212758889 0.054121901355114535037 0.99748838740261247526 0.045691758453599677636
7.3273349248607297923 -2.5414805583185509086 -1.6899750641368622706 -0.1507550067130871696 0.013146596359819457192 0.98848373530128008646 0.59968162365013644166 -0.7937096508684271523 0.10201441258417566493 0.78591022273997512837 0.6081547147912843565 0.11177193149433992114
-7.8973458228021780059 -8.2296165818128805824 3.4984657081522816391 -0.98078163280215491238 -0.0018882008102636253268 0.19509952192642615598 0.049219242740791854795 -0.97000709458496470194 0.23804138841603833532 0.18879845047634388755 0.24306927233343059158 0.95145807787034553105
-4.9688882775799099178 8.4458084422909429634 8.4446846726938620264 0.75051312904223377309 -0.0061997948062351947163 0.66082645655238814175 0.421084563087328001 -0.76619398090207813112 -0.48542205796516962879 0.50933077058513642754 0.64257944736329974944 -0.57242800417291206383
6.197615891574653979 -2.6417632430185524761 -5.0801812185096171248 -0.56101789288405301548 0.0050145941524998988159 0.82778848609367827738 0.72545426884719510507 -0.47866901081804791307 0.49456251565779368873 0.39871672610403424697 0.87798111137315082431 0.26490402110367639033
4.6281426107636418621 4.0173017748564161522 5.2353153964409395726 0.93873069448329105047 -0.0041028014018569406232 0.3446271177022548482 0.18606208705269289272 0.84773075531520503123 -0.49672272572782200095 -0.29011305209617443968 0.53041091006275020714 0.79655425646346267321
7.5187846423393711603 5.2365880722588240559 5.9851081001284907046 -0.98955472555019385883 -0.012842633030316767326 -0.14358451141446965105 0.081782887391861944226 0.77021348035859815706 -0.63252095143455144832 0.11871396072541416655 -0.63765685242979674996 -0.76111808156047056073
4.3480157094722180489 3.173919213388978644 3.6921715424046186449 -0.85277605923455512826 0.00045451937632520799173 0.52227654188996142093 0.13349968631475422898 0.96696904475249634281 0.21713751459500954533 -0.50492655560001964421 0.25489342852019691854 -0.82466872957994985516
-4.7539901693043313813 7.402370526227525005 3.5003425340059854953 -0.93010482913997638565 -0.0016600980760835670064 0.36729041763289699274 -0.038166831960600146323 -0.99413933537462284562 -0.10114482092087882792 0.36530576199770492529 -0.10809359803170093262 0.92459043598548695808
2.5845940685475183862 -6.031712367643464745 -5.0037069210837730182 -0.21703526872579920193 -0.0044261632045344166328 -0.9761537282662229309 -0.39414932877020047997 0.91524680759512822004 0.083484057259681096475 0.89305206945567883192 0.40286932157432842061 -0.20038540609290506067
2.1544985645943461883 -6.9930622176720218519 3.7064936352591435487 0.82419819064512311879 -0.0084932817094470203223 0.56623776516871415776 -0.50859214572446087566 0.42865186134922195205 0.746720570942649986 -0.24906098017302247261 -0.90342982346564915108 0.34897447217195176616
-0.33683970958566000764 -5.938883431181269934 8.3325238609988314664 0.19814532345896956889 0.0046580033694421695348 0.98016158555402921326 -0.1522190337527541959 0.98800271862401989331 0.026076689868328471744 -0.96828084590900920237 -0.15436622362327445668 0.19647715503230356315
8.2634234612431072264 -0.53281559225575481076 4.3252978858445461086 -0.89146263468003117403 0.0056287087315280009969 0.45305925507328054236 0.32360230459707450823 0.7077916899103463555 0.62794304849505799826 -0.31713706725788248786 0.70639878350111717786 -0.63279130780939407686
5.3756529062113713735 3.1159450356966402751 -3.4417057576911882499 0.99561257527182456251 0.0056490675539304273725 0.093400685201943001168 0.074043378338599044608 -0.65787067301187296398 -0.74948232515179147306 0.057211695348476671041 0.75310973013672155574 -0.65540259099947595356
1.2148025646306488401 -6.0205009092997414655 2.5873388904911509556 -0.91887532863984378029 6.8848179553815218312e-05 0.39454800173976684041 0.36832463162108941557 0.35863424973509522298 0.85774031073392920099 -0.14143937272956264017 0.93347815731099426095 -0.32956552256718940619
-1.1737613832026536631 2.9747055781625415527 7.8153773037561755643 0.12432821451280311187 -0.00058801513626258530842 0.99224097341039207976 0.76379391666806550898 0.63838227052581475451 -0.095325387695069943583 -0.63337299274357516943 0.76971925460951773346 0.079818050255122036107
-4.810682499084477648 -2.5731736314098752061 -1.1185155539755091691 -0.89053457931539581338 -0.011757055634794795484 0.45476360308020818968 -0.4548864141819495277 0.034328952439995424895 -0.8898875621206144837 -0.0051491005251283325159 -0.99934143047668466675 -0.035919244098612190808
-7.3577103127416947359 -3.7810124446877604321 6.2822070032388097616 -0.85063280621121462044 0.00073309771083495192667 0.52575972797935954794 0.52575877853276364871 0.0035431837037633940116 0.85062632962108308821 -0.0012392710852607499716 0.99999345418697971333 -0.0033993808539134178631
-1.6738173525744037828 -6.1627796899705771239 -2.9611621390193332282 0.81777266067688025863 -0.00082714410492503494948 0.57554078159774924028 -0.018878356762687738268 0.99942231885271481939 0.028260152605037763135 -0.57523167775725636552 -0.033975644393338035043 0.81728463370654502729
-6.5853642084925736455 -8.1793422686107888353 -8.401490409387292857 -0.94801382489967100931 -0.0005489270771351119349 -0.31822867010641958663 -0.31550716737942691159 -0.12889234445952899022 0.94012870973714113276 -0.041533301469078347246 0.99165844030026473188 0.12201853404406172443
5.474160748793466702 5.1450713545480875055 -5.8823972927051526582 -0.58507711331111211805 -0.0051245017758490950949 0.81096147316699740415 0.79728632623586193073 0.17933711332039750652 0.57634426672203309394 -0.14838896683018942824 0.98377433350717147231 -0.10084034537626861139
8.0634608746594462758 -8.1613239122821870097 -7.6634735015076893561 0.77003689209621906109 -0.004657842413541192321 -0.63798235815318982134 0.48103381671681999521 -0.65265006895932120567 0.5853668547687489454 -0.41910577660719250392 -0.75764516232281264863 -0.50032405101405474923
7.9071412190818479715 7.5292490232816646767 7.1055896542030634322 -0.98129953701703742652 -0.0090124554824970171119 -0.19227582868437953501 -0.1718687760810670706 0.49081420537624170786 0.85414433183692950458 0.086673770302500133256 0.87121764872331297624 -0.48318471219025960206
-6.1843479389386937228 3.8608372720496069164 8.6129996305435749804 0.80275278765212121357 0.0052992734169556819646 -0.59628841982542324374 -0.53348895757923531225 0.45313753131236345073 -0.71418198651121789222 0.26641601689396748887 0.89142486807218734857 0.36658452030207888672
-4.0713292190799430514 7.561521928001893933 -6.2783590606277108748 0.69859179459335341011 -0.0092376322386017381549 -0.71546081002217432054 -0.00095878100124861982689 0.99990367467429219772 -0.013846375401933060795 0.7155198007503322799 0.010358934472466597293 0.69851564564500590038
8.2797211732484257141 8.5846435378355838708 -6.7687438141459477237 0.86929378700631976251 -0.0008295246998040661443 0.49429507762168389817 -0.22626773430753671645 0.88840789780528039987 0.39941747524194731733 -0.43946697746641505411 -0.45905415694232121204 0.77209977121489192786
-6.684426978012894871 7.8554485277213288441 -2.4041280172039876106 0.90262588692608081153 0.0061810372990344607247 0.43038157840317597946 0.35072084295941730048 -0.59021217118769442322 -0.72707942021191340753 0.24952234081281171596 0.80722449650627070561 -0.53490860310476451289
2.7725353868998521278 6.2321991935137743823 -8.3022584078414141118 0.96907062954444356251 0.0042197327468902288278 0.24674745958175145488 0.18177633427844788749 -0.68845448746518789207 -0.70213088735996231904 0.16691159112159831279 0.72526726973186439462 -0.66792807113094376792
-1.3281271044001015103 -1.7282616740233287533 5.4975279300988431075 -0.96712459563407204843 -0.0043094581841868016131 0.25426648440138821528 0.20959257770654202147 -0.57974773924062594777 0.7873776160239189803 0.14401724858490769221 0.81478462639837401227 0.56159152833238790148
4.7237099393942347803 -8.2075174115097713212 -6.5677380526726221177 -0.99978695637976733313 0.0020595565144484150044 0.020537772031050748056 0.016180337948638368745 0.69598847968457822066 0.71787062400558832032 -0.012815557611648603284 0.71804999434097993571 -0.69587352809972391476
8.2314099681742050052 4.185328797700931247 -6.0903813074941925976 -0.58351520095585163173 -0.013136372520523983617 0.81199596425749143158 0.79017787136787254187 0.22157839828402370319 0.5714209875522623383 -0.1874271641317345749 0.97505407497797258465 -0.11891429272631173775
8.0169923647871250694 -4.8808071393032177454 -7.564690642076607574 0.20801869743004899882 0.012811236493151538854 0.97804094686223352895 -0.87852987196978427065 -0.43714784655160143778 0.19257991668898122306 0.43001568061686229472 -0.89929841124879439374 -0.079679871668093302239
7.1375541677709355426 2.2567076801370276051 -8.4592035636070104232 0.99849702937373674416 -0.0043929978182069093912 -0.054629514936788615975 0.052994305633001413669 0.33155059575851941744 0.94194787861263362672 0.013974473247702463852 -0.943427211830642376 0.331285088820915119
6.3581176097322940066 -0.47566862086410188759 9.0799024380878066154 0.87597438324493126505 -0.0042936142830231165124 -0.48233851678593325785 -0.43340458365682521524 0.43192358833626848247 -0.79095036551225039734 0.21172941874933751127 0.90189998265600657135 0.37649312679102692192
-4.7004153151786658427 -5.8297634922020584725 3.6317250517741865856 0.31829807314409613861 0.0041084760796076813527 0.94798178097326613045 -0.87096627904836698697 0.39610383398124604515 0.29072236492199049485 -0.37430479210586248273 -0.91819653295442227314 0.12965743124487669191
8.1020462186857553633 -4.7726656065410564267 -5.5293370086297821686 -0.98478530558435384279 0.0013068052315399142707 -0.17377052156576600073 -0.067772526523010384603 0.91790034542466147904 0.39098061399207190147 0.1600149572817028687 0.39680883070947003954 -0.90384620667288462226
-7.2190178024273965462 -1.570770054628990442 4.0157953125883274481 0.27160326154480118888 0.013198172284694976997 0.96231880193957375358 -0.71206273758940252794 0.67543672736770754561 0.1917078116800968457 -0.64745526953969712025 -0.73729982745911570863 0.19284874480831351584
-5.6146217849115513943 8.6197347923114762125 -5.2431925601608284637 0.6459857719174630919 -0.0018277769590093568761 -0.76334726154702092771 0.24259524183694924915 0.94864539584073048761 0.20302576582356615664 0.7237747792774184008 -0.31633616957515647838 0.61325483830166782617
2.4526200950102068354 3.1065008015434516508 2.0601105085021358398 -0.78162730724458773235 0.02057305724480519224 0.62340636978213281871 -0.43047028318690094828 0.70549251478632413193 -0.56300590305373876543 -0.45139128022432495335 -0.70841870450724664376 -0.54257612483552808413
-0.68541767623858662617 7.7165079687036692846 -2.2788128622913066401 -0.88197098433489051761 0.0058569740615917898624 -0.47126731124302390086 0.35747372149538431119 -0.64333451932587792932 -0.67700312752889191259 -0.30714771891016129368 -0.76556279435382301735 0.56530866495195986055
