1125 17.292696884352682929 17.968806560800352656 18.477561601407678893
-5.900893700236384376 6.2770456803513816624 -4.7142301071853029981 -0.42442603901716163817 -0.0032850429288553920776 0.90545665047926005009 0.060275475029832249751 0.99767277237274942792 0.031873286244780765775 -0.90345415186069277791 0.068104682358017407107 -0.4232402954905543635
4.3303161638272866796 1.1759345594722898642 -5.0336737735316656739 -0.47184085104298700841 -0.0010554318196308695894 -0.8816831048345462607 0.53833391044970546613 0.7916131244090151009 -0.28904197294339134539 0.69825698145234926795 -0.61102172410378385869 -0.37294723557925790747
6.6996028005792940263 8.6881956976467549225 0.72364667184272402078 0.27322168355073511714 0.0017373274510659522663 -0.96194952743431061393 -0.12808296757746945316 0.99116009804446725262 -0.034589210182050467157 0.95338589514146343529 0.13265987237205320581 0.27102895271175542202
-0.61730351221521517768 4.1485201839483307751 -8.797010903255388925 -0.80098183053277893784 0.0087464057578914636282 0.59862476355638349901 -0.59676116422673797235 0.068506412418583739754 -0.7994892021337894894 -0.0480022918969307405 -0.99761233545103511489 -0.049652876339259070793
-3.7107445096896882752 -8.083692901742484338 6.0421732831817349663 0.72817276396973229513 0.002531343571819894521 -0.68538895388856080348 0.29922548721412861594 0.89848780042304232651 0.32122232222101326782 0.61662673767396336544 -0.43899118987887525423 0.65349690251322689605
-4.0250017073802339951 8.5282252659521091687 -3.8504993878731399448 -0.76988090215721938225 0.011460964036329953503 -0.63808466742021285878 -0.63559922315854611163 -0.1037285116866193263 0.76501896929658796953 -0.057419717987328131037 0.99453961317100103567 0.08714317999500317824
4.255174202896666813 1.8589078514506245376 2.7358214261705451342 0.39133403531276234055 0.0060037087124335010435 0.92022911727865897014 0.59538144353304067735 -0.76414350111848550196 -0.24820484764529851529 0.70169694990253017597 0.64501834483986864033 -0.30260985661060862961
5.2755374458573056629 -1.8967336931736014094 2.8079795598925882949 0.58352678422000203717 -0.011137984921725220533 0.81201751051926374103 0.042130222544603648793 -0.99814428127379262179 -0.043966329262491360419 0.81100033073119148774 0.05986600915671502765 -0.58197467685591119935
-5.6599841539163584514 -1.5595458409315317017 5.7340714742018068506 0.080819125187590226678 0.0017549626028007560274 0.99672723907298765855 0.68687930749050063461 0.72453510999698811368 -0.056970969124953411977 -0.72226386171903755873 0.68923565961731303453 0.057350846260374677144
-0.1872695671510463955 -4.9324304147530613207 6.6564475892439052274 0.58444336796119389366 0.0049035890395150005111 -0.81141968454110702247 -0.50279867370764375067 0.78705894344926663475 -0.35739573759981013712 0.63688259778716815873 0.61685830978541411618 0.46245689775885301387
-2.8988079438029585866 1.8814673883442851743 -1.7324599257541228869 -0.43543014681874675498 -0.011640867613251134824 0.90014725319958921457 0.12651692001822306688 0.98920095569960053705 0.073992825273780968298 -0.89128786381883073897 0.14610256481016473118 -0.42925515065670954984
-0.97201359906348483442 -8.238025383937525703 6.0920296832836156042 0.60621876601110280536 -0.0077863758731456580997 0.79525981923289579267 0.39462618358588219536 0.87111214225443522885 -0.29229062736504130005 -0.69048460009219914113 0.49102241086092818234 0.53115723572962181276
-2.9266150346026429396 3.0430957403855076748 -7.4204200050632911356 -0.98783007260352795331 -0.0034200569593319371173 0.15549935971121953138 0.14080915249930983646 0.4049846753428115731 0.90341584849410594416 -0.066064591368522551651 0.91431707626410418932 -0.39957446592527390283
-4.4743082647379521788 6.2956282784562782595 2.014537500043463325 0.9999616693932834588 0.0047299573113501157395 0.0073679880643576752333 0.0078831089575823395932 -0.12018140152840110779 -0.99272064918566327307 -0.0038100311609233460108 0.99274068025372841362 -0.12021408167128076749
-6.0150330273505803191 3.9903131282410577718 -3.9944293201182166086 -0.76993107850981545859 0.001751872549219682558 -0.63812464713969152541 -0.540789143603702116 0.52906097167451482388 0.65394310946099620807 0.33875247084714421586 0.84858200499032143682 -0.40639309086315816844
-6.3108123903626482942 4.2018346985313499431 6.5834657119698682948 0.064605810792341011872 0.013309461407844166286 -0.99782210210475907886 0.1973668255792288273 -0.98032966281508038264 -0.00029726343354874386511 -0.97819856132201377097 -0.19691777584019484748 -0.065961838858067722846
-5.1337888667050339819 3.0280908902647221126 -4.4538512497264788337 0.72102792285673089623 0.0027426173111129732024 0.69290057909561664218 -0.64780475310635121655 -0.35221396099456725448 0.67549561622040066311 0.24590188350924510607 -0.93591548963056481192 -0.2521794201669736446
4.0139527386101034878 -8.3404516497652867457 4.7733301877149436621 0.21886912669918287544 0.00010692431059677463996 0.9757542180002474197 0.16885208677505694763 0.98490927713939557808 -0.037982740771871192909 -0.96103344279460023447 0.17307138519136522348 0.21554817897227843138
-0.44016013258877978442 -2.6746336061032374154 7.1370045921224081198 0.49565074039381784576 0.012391518752817581514 -0.86843352872275181298 0.35321066964964298318 0.91060170838247711522 0.21458506829727216902 0.79345608976957859859 -0.41309923620545657696 0.44696359432718729687
-3.7649430910406787021 -7.1730981895120518033 0.41897542090043110585 -0.84210132283008565235 -0.0010600712997305920121 0.53931830892028853608 0.53891244283340133947 -0.040492001237000564695 0.84138800609194175362 0.020946146354714631488 0.99917930026842405322 0.034669653419442787723
-7.9196357671267563205 -8.3636012650046076544 4.5477378163724493376 -0.037090927634955028758 -0.0054729140890489077348 0.99929690797998271812 0.40095412485861742224 -0.91604501329632193052 0.0098652609568500460729 0.91534695763193352214 0.40103812889335149761 0.036171346777596459499
4.7630701487430489038 1.6159043752291168961 -2.5628225382011260436 -0.70013266603695634149 0.0033679975051752004608 0.71400483649680557274 0.71331270383724132422 -0.040972120217882872228 0.69964724819690993218 0.031610702183533227749 0.99915461363987501109 0.026283484354324645332
-0.50023491905697781146 -6.0417358947875650088 -5.1843654039389672761 -0.69482520611490916629 0.00078485280709615526211 -0.7191782233588758233 0.63455443326501670409 -0.46995791861848373872 -0.61357984480548843909 -0.33846507082923288356 -0.88268847207493228435 0.3260405758411577537
1.7279587633477133668 -8.0388365021227645713 5.476268846538428825 0.14460359601002464869 0.0048391225530310579689 0.98947783346268558535 0.19599961875223767538 -0.98031390817542674032 -0.023849337244460151741 0.96988347210889680472 0.19738597805049948319 -0.14270538251622133519
0.29530133653786599934 0.80955205841374000553 2.5157299002402471189 0.32426147728249810065 -0.008832742430775889983 -0.94592625347423275883 0.92745934536430130191 0.19980454252986593056 0.31606535317998868395 0.18620863848646418415 -0.97979596215020703376 0.072980925641214416943
-8.5181002177891311788 -7.3033422517378490113 3.8465255694973503608 0.14195883149917848387 0.004150719259929207261 -0.98986386017924210545 0.075668227798851600552 0.99701973071582683517 0.015032493656288002312 0.98697619498219768541 -0.077035239295777754864 0.14122167838342405966
8.5527160460601034941 -1.5473403622808299396 -1.0391026690831735024 0.48261166300554453334 -0.00012281759725395365035 0.87583444077453198595 -0.83944985431013374733 0.28517144032422780953 0.46260262831304987952 -0.24981978470435028949 -0.95847651746884987567 0.13752396384235268667
-5.2950813527354192445 7.3488530926966877388 3.6410517730736624564 0.84687420933463919415 -0.0026984540164528537064 -0.5317864156877575299 -0.51942828270139496105 -0.21858283437382922121 -0.82608462257014014796 -0.11401023065475365814 0.97581466624715240687 -0.18651381837009209375
-7.2457366931392943599 -1.4035750944054892209 2.7579316001995133334 -0.55316515048538816846 -0.0038252548508896353809 -0.83306283299229133554 -0.45097982242235101769 0.84216620038749445687 0.29558973374002661672 0.70044665468257505392 0.5392044680359258102 -0.46758210572465530586
-0.0649620038175300063 -4.9202621610393686424 -1.2768877528947752964 0.14160129067246901569 0.0070389424513713390319 -0.98989874622067663967 0.7320995136048895624 -0.67382769927645025376 0.099932646654492363059 -0.66631777453358465024 -0.73885498237281976852 -0.10056807825335194184
8.1583143127568895636 -1.5819090002078028956 0.42324075030607977155 0.62771412175286389612 -0.0050990930122489109416 0.77842724811137520291 0.77585691884679974795 -0.077359506336636754686 -0.62614818394447424588 0.063411535462371312888 0.99699022363805100966 -0.044603487985960262041
5.1142347925270454922 6.2478137261460116036 -0.22446968553496726706 -0.49846864077337554866 0.0030073886320946098885 -0.86690251457650535638 0.14031092908555498067 -0.98652919081657375333 -0.084101122738389072486 -0.85547756098253102675 -0.16355766958585335469 0.49133189533655607928
1.4011050393623760701 6.2649921773260111024 4.3359511225526050637 -0.84558799783717952803 0.01442673631005480378 0.53364108461844539377 -0.47250457311182914033 0.44498222571814566306 -0.76074322026746699077 -0.24843583940688510059 -0.89542318937694664882 -0.36945493043650601273
-5.2372256608893321683 -3.7445528982052884714 -3.8824461242087640045 -0.026699324460105040846 -0.0039423606384445288031 -0.99963573558872698133 -0.78417861060439630894 -0.62009419081386085715 0.023390194304421980248 -0.61996052514966670799 0.78451746463134330867 0.013464581108528606013
-6.459876571709604498 -6.943199186773942877 4.8518872574754370319 -0.10382943993777461744 -0.0047835706479063232199 0.9945836138070225374 0.75192574030453107614 -0.65492783860958114772 0.075347244681127550914 0.65102006763918096599 0.75567628232316497172 0.071597680583233527796
0.003175874492176818803 -3.5800181888769038174 -2.2458811538649041672 -0.98872912602379237068 0.0042917587614919958799 -0.14965392129539556443 0.076589747917154671342 0.87338862399789007895 -0.480963950816494068 0.12864185114607795679 -0.48700502284653585106 -0.86387347560604255126
2.6393841511475470973 7.447252282639701626 3.4630101344036132716 -0.73006260894791108473 -0.0013400530442622647642 0.68337895144240012879 -0.036705965503071223688 0.99863142380210534466 -0.037255220995504476078 -0.68239377130297573792 -0.052282728053967088278 -0.72911265057900453979
-8.3824442568345602922 -2.4910477098530598994 2.6396547926160089936 0.66811202336491670728 0.0029440592148858666516 0.74405487482473386951 0.46784048497867242178 0.7759258573537143322 -0.42315995144256174365 -0.57857722462098759575 0.63081724485394086166 0.51702804444687777696
-6.2566144647564678749 -3.4923145341236483397 -1.7037133324798245937 -0.99972758743840617335 -0.005064948408919097908 0.022783704974818262678 -0.020663821715174859189 0.64593283970474646427 -0.76311452159071457846 -0.010851607571401338664 -0.76337743802680568805 -0.64586154067630907605
-6.0499317992076164785 8.444442632988506503 3.3693706041127824413 0.93061738033693419681 0.014545218225546510671 -0.36570442715629447594 -0.33841304831855684165 0.41473371654865215374 -0.84467304508026130883 0.13938400246297363849 0.90982656643147263864 0.390880696470015776
2.8394896257731714329 -4.6099004410554327293 -6.3676128891364660589 -0.1239495242069697245 0.0085594660762078819682 0.99225160669526413226 0.45624519950919839584 -0.88750258834867212787 0.064648848402645037181 0.8811792288596663747 0.46072322625967021548 0.10610030825074229233
3.8888455697347090734 2.4360911811271002136 -4.3072099604123907923 0.44384079189392905418 -0.001828420591187563185 0.89610379327906120039 -0.23304672477502405559 -0.96582431958566128394 0.11345751525844863239 0.86527138836459527305 -0.25919112750077832885 -0.42909833826553211988
-5.4451355558716150185 3.0971783569591506691 0.65509577449499922785 -0.056228073244479245818 0.0081534242415056187164 -0.99838465806142961956 -0.25962812499296350488 -0.96568518059449848234 0.0067356286105578182938 -0.96407035038524346859 0.25958746821311479147 0.056415475313836435656
-7.1588209512220961628 4.045649191960307256 -3.3330194615680728276 0.73493618346168554378 -0.012414098138754429967 0.67802263708960797128 -0.24742823540280042827 0.92599553464372408307 0.28515178089130061023 -0.63138583652483526443 -0.3773303062137903785 0.67747602573703435969
0.16743507750651212551 2.9539871933831740591 -7.4950992962602169811 -0.78360686122085398964 -0.011256756565319251187 0.62115503095368196362 -0.018365926543561381101 -0.99897909505305859668 -0.04127299830389948021 0.62098549080440867964 -0.043749892324842089286 0.78260013233571390501
-7.8685911882662242789 -8.0491689853783441322 -7.8601901689340056834 -0.77738046784092340591 -0.0081059164665352682194 -0.62897845935895901892 -0.055502184029868804893 0.99690092313664846468 0.055749950824240813996 0.62657730232352792932 0.078248601056015082422 -0.77542120208667819625
-1.9307327177108524197 -7.115910197221073652 5.129423315267948702 -0.36088939454766272297 0.0035354610143558560728 -0.93260192226837879126 0.045554893564896184466 -0.9987322806548577514 -0.021414556975000661326 -0.93149535510127012827 -0.050212867808484516752 0.36027083053041886185
6.2446782405782901293 -8.395340786542746514 -5.2411136551882266943 0.40939240551247707556 -0.0091616444792051721091 0.91231240404775604258 0.88884091905586326554 -0.22156892075488482385 -0.4010848214124542177 0.20581467129610928057 0.97510167553233806359 -0.082565388955801954918
4.1445036197237143938 -8.1559447349653115822 -4.0421841126619009188 0.37017313484175462523 -0.0022631193257327737213 0.92896002526068188754 -0.91737993128682004951 -0.15831214956195480137 0.36517300690651666173 0.14623922836697383909 -0.98738652086807177088 -0.060679044938403779719
1.5483385654548875721 8.7823971720179958567 -7.9875842240955439166 0.26728979261831620207 0.0060616976994649065733 -0.96359712669911878891 -0.78708614712257862767 -0.57552961073056763119 -0.22194833673589015044 -0.5559240629527294475 0.81775847473026141987 -0.14906211201066801864
-1.8507113276227515897 -8.2368872493212776931 3.6117598416086718061 -0.43668789608146496573 0.0092259425321456322439 0.89956576379966024515 0.54014275667771016742 -0.79695628766581938507 0.2703820962244538606 0.719409121310346511 0.60396652020990870824 0.34303783849740460132
-6.0349853535560482598 0.77229436822923713812 -0.37385751974850217616 -0.76039057049546276978 0.0030283817268695212982 0.649459012722047202 0.6075412947432028421 0.35677903898573809505 0.70964941521967861426 -0.22956427309820337523 0.93418389316261629673 -0.27313128395072383547
-0.45809457821123150678 -4.9361412796949242221 -4.5622184477803049418 -0.9598972834303856061 0.0040952733381517522279 0.280322018399105366 -0.15258700031041144696 0.83118928986352946797 -0.53464153575325457091 -0.23519016263307321313 -0.55597445368712461455 -0.79723145588230426295
4.8893853913698555047 -1.2836821048490398844 6.8109318421387117226 -0.66325481106619821325 -0.0089192869480452484365 0.74834049864882168368 0.74275533006974459038 0.11466576125085400917 0.65967134457224729793 -0.091692830966051880326 0.99336408708839551984 -0.069427769893046928362
1.9399624310782499492 7.4350359869520836753 -6.5059735241629352842 -0.027318996229577667545 0.0053023717823967621288 0.99961270364995480353 -0.95660248039346118532 0.29007824444511126627 -0.02768224348502085902 -0.29011267974680327031 -0.9569882428501867988 -0.0028523844674425077872
-5.8451751246041734333 -3.7263045397817826654 6.188743078044117496 -0.97508800686258723101 0.0016864270639114311602 0.22181193573992455392 -0.053921807015688195952 -0.97177782885781760491 -0.22965254204571600161 0.2151646290657687477 -0.23589193988705337013 0.94765984144883130824
-3.211727547332221544 -3.8422980904128110069 -2.6726534872826785971 0.75900470533858965805 -0.0073720891206233655352 0.65104340068541000086 -0.49931716964065969711 0.63513475092276971967 0.5893099458455580697 -0.41784473357457779796 -0.77236616994300222316 0.47838925380028290979
2.1122627088122398753 -8.2645295638909086477 -1.9129036673168515748 -0.43943788450018900216 -0.0099188155139624395451 0.89821821556055658764 -0.86396212016890550078 -0.26905704492875737177 -0.42564981086261821641 0.24589388072719201017 -0.96307316631352202219 0.10966437775227744211
1.4849856084191765948 -2.5899072132736140617 4.9198151264363083612 -0.93373892677674585894 -0.00080809999977452841302 0.35795385679725821859 -0.35795067162423288565 -0.0026767051621741227985 -0.93373666091310236759 0.0017126895317554624576 -0.99999609110413645308 0.0022100838676384418346
-5.2409766181478403269 -0.33410060259220925039 3.3137733848365122924 0.42246219592579703495 0.0086109790813253712927 -0.906339640561253157 -0.76512412420915132394 -0.53268961451728114032 -0.36169994351517231745 -0.48591230439959465226 0.84626687612420337103 -0.21845275646761314059
-7.1121204223202756367 6.2382346541762316861 6.2118365822910854845 -0.33302080882285545194 -0.012930270806307070375 -0.94283081673660373845 0.028929730840623786581 0.99929513151086912792 -0.023923018455820337091 0.94247557611052201754 -0.035242704712165617842 -0.33241200369439788398
5.7461463884503451993 -5.557160447739684983 3.4702946760742521271 0.21564193184506177947 -0.0014980659281513073605 0.97647135801749307404 -0.52035199607350524076 -0.84636010593028820903 0.11361501340939485216 0.82627619922903816629 -0.53260898123130662185 -0.18329024987523073742
-0.067459829629477219282 7.4489504866503413183 -2.0823924803969182662 -0.15681189720953245259 0.00041734189159507045254 -0.98762839910510247243 0.21389414652224508773 -0.97625188010333019406 -0.034373837118544546543 -0.96418842711229335585 -0.21663816012070674644 0.15299864248563890823
2.2784058518548153671 -6.0902302551103018047 1.2096665906475108088 -0.27483304770500466274 0.0021231540334866703945 -0.96148961934377752403 -0.81621439130314032973 -0.52906093125754716233 0.23213917904249878332 -0.50819372617024738403 0.84858118246505220839 0.14713637703636872622
5.5536398089033118808 6.5309453910185597536 3.0788034182764789648 -0.22833512515824566647 -0.0018204069568592308459 0.97358089378212386844 0.0059301270808302230381 -0.99998230193241111063 -0.0004789724540647348483 0.97356453520636654364 0.0056640921882523528538 0.22834187931236901714
3.1491742605524124521 4.2373886145339172415 5.6742277597562242875 0.18665609678014224992 -0.0069170176614261813172 -0.98240096518754904675 -0.19885341237445341989 0.97901043921878694309 -0.044675276021926065007 0.96208982009037613548 0.20369269689239805077 0.18136279472618055397
-4.2813554849784170031 -3.7519076066177108331 -5.3964253051064554612 -0.16275794579924773853 -0.0015855353914256868977 -0.98666475418793631036 0.83875135952046131482 0.52642025334751307852 -0.13920443156738182555 0.51962102342143823286 -0.85022303129431131552 -0.08434920909686650925
-3.4775587688215479076 8.4308648310462181996 -5.7806013101768822793 -0.99126329637257126759 0.0040319407256960409364 0.13183634066024296772 -0.012343238630358242466 0.99231065171853394258 -0.1231552473353209054 -0.13131915977810793006 -0.12370656385211552253 -0.98359136044155337508
-7.114188819160178312 -3.6111107131838147133 -8.8933879145679028966 0.63303135696984613734 -0.010434991581479896583 0.7740558197206184321 -0.44601234796984146058 0.81235378702536387152 0.37570508402672964099 -0.63272765590817769965 -0.58307155277532096704 0.50959128504404971327
1.9463980074897715422 4.0319985264211517517 4.2768908827236691295 -0.81412820893562676261 -0.0036155763314007151495 0.58067390764766746436 0.4848385557855215966 -0.55455934978238785593 0.67631021165765048409 0.31957289346684325526 0.83213632006805382524 0.45323538099378035682
-5.6997740420533462569 -5.9053343119243715265 -4.3539560203616156642 -0.15739758292284228292 0.0033891782153115217191 -0.98752950050182841668 -0.60712534984645916136 0.7883552811183545117 0.099472409778096848587 0.7788612267049158655 0.61521091034218222671 -0.12202755972276513319
-0.82572101994642499445 -5.1920700020516559192 -6.4538768175371945546 0.66179275819057936658 -0.013529714224999813896 0.74956473505586374007 -0.24719342106860642261 -0.94786001146639276005 0.20113878602337670332 0.7077610880704566787 -0.31839966315241330364 -0.63063134771232320919
-7.0699587691720671145 -4.7529270224123250088 3.012695287297568747 -0.99989292831017606566 -0.0019987423750458220562 -0.014496100986060639002 0.011472145569062130316 -0.72204170005560130985 -0.69175441686825478449 -0.0090841505340897490267 -0.69184665093475028463 0.72198731969428631139
7.1288678829029406003 6.3374625564060700356 7.52295735516223818 -0.95111067757934097955 0.011587024193653379378 -0.30863282370047201431 -0.30862238288116428109 0.0027233270150946974064 0.95118074427255350223 0.011861862403000765498 0.99992915967111717368 0.00098582961435735722011
-5.1139481548972041125 8.4947069934654848566 5.5631882032840263008 0.93122870006224323092 -0.0014710244698686882579 -0.36443235897433218229 -0.075647140182517932927 0.97743120217549894768 -0.19724541869399409011 0.3564977115813635633 0.21124886059015965389 0.9101007090077856132
-1.7016699290143508794 -7.2812184353641411505 -4.5838720400920047737 0.57177035312881052675 0.00019276558675168555673 0.82041369206291803184 -0.80167104633406460756 0.2126609404373884793 0.55865808674175176929 -0.17436225724798312675 -0.97712603447747647945 0.12174775560031939059
-4.5743232853226976076 5.9793718035772549513 4.3395663594055404744 0.077394492683895782514 0.017053996643839882535 0.99685468033221358297 -0.20005593864215692745 -0.97925242095395670372 0.032284941842436049031 0.97672294634481859887 -0.20192537545894559403 -0.072376991023053477425
-0.39231141836750610397 -1.7862632387152050928 4.5980399442139869848 -0.93564692115540359918 0.0049836983523152689202 0.35290225514018713771 -0.25338711201872854417 -0.70552325075957544875 -0.66183979489025801524 0.24568233635156017103 -0.70866924964224820016 0.66138346230951150506
2.6925877053307445408 8.042500763696628141 -9.1142397736084124205 0.32273300054801146164 -0.0028923320820006801803 0.94648562840261607487 -0.77788052481619596179 -0.57050011021836688485 0.26349860218292664449 0.53920802986294402714 -0.8212924318755284725 -0.18636910118165153638
6.5365227383445212439 4.993373958121623879 8.7913268980010386144 -0.68748850893653479233 -0.018795693978947251856 0.72595197635105868095 -0.72616807531207527848 0.0091441163272483558938 -0.68745640700626564623 0.0062830309303131817375 -0.99978152964759514632 -0.01993530782010426855
-0.9873888924177631754 -2.8233126132956862797 -9.1449178744985317735 0.89831952757981470281 -0.012506848219233729358 0.43916466742727117145 -0.11782845385665677296 0.95611650973065254178 0.2682492782517702512 -0.42324754202544090376 -0.29271965866409738188 0.8574244687441148205
-5.3573582560313797174 3.9659135312556936803 4.8885367062704361274 -0.63421393032499784326 -0.0023114385440814594341 -0.77315415528445219362 0.76044270797966673214 0.17874548056091307813 -0.62432118421514437578 0.13964089108309840626 -0.98389263155633488456 -0.11160515716849706003
3.864316081934830116 1.8811241365990976071 -6.9359315950860596089 0.78332064228794417993 -0.00070643408428529372994 -0.62161746461669054042 0.59827543738270072549 0.27231947898563702015 0.75359710879852581655 0.16874617740933542387 -0.96220663181876509018 0.21373611134720316151
-8.3249706887081114104 8.5371298149804459854 8.0788822251534817553 -0.99833460709798049759 -0.0047171596259042505861 0.057495744847375906961 -0.057265772025877043072 0.20152746599615026235 -0.97780740015762890316 -0.0069744981748052293016 -0.97947150487084644332 -0.20146197537245943976
-0.22759844319768368637 -1.5240614242173273762 0.93860673432562868879 -0.92976593390964323849 7.5022678419863798871e-05 -0.36815119518031874657 -0.33598179673585776284 -0.40898397482656018154 0.84843876655731220726 -0.15050428699316420467 0.91254156218053739114 0.3802845735627994328
0.26331091452126753616 2.8364014998999449446 -6.0941881433182238936 0.75482795786282608219 -0.0013876437214225189817 -0.65592135845197663269 0.305908026691724233 0.88532826173578005324 0.35016303085445049659 0.58021981458248006458 -0.46496445392794744089 0.6686950151967580025
-5.7238951532424335866 -7.4331201221690852421 -7.4302999003164407199 0.19908924599669033939 -0.0012536095722387174956 -0.97998056133348532271 0.69229346697205695893 -0.7075970929171541135 0.1415489656734453261 -0.69360884345322004751 -0.70661501721820962896 -0.14000710598147911301
-6.9438670464131089233 5.4062719205937783684 -0.19043435437290517909 0.17653024419092694375 0.0035579504010334623426 -0.98428878581182421836 -0.81590826493949841769 -0.55882512804667083817 -0.14835154015801957361 -0.55057313418802966698 0.82927788904129740022 -0.095746575175625223131
2.4495065145942507279 -3.6846587467552702755 2.7297202766367538729 -0.99799460184234145554 0.0064140366172000772005 0.062973286619447482737 -0.042503832387796619541 -0.80511562681851533974 -0.59159297805600463693 0.046906278105832928393 -0.59308320460715946432 0.80377367056084036978
5.8369157621134846181 7.9995816660130065756 -2.8891977968969175805 0.07725840352118917842 -0.01438394119064367177 0.99690733838281719859 0.45634801124476470635 0.88951605784253162668 -0.022531654918957536721 -0.88644099167299994502 0.45667744095392953652 0.075286673491495731403
5.6725363949272926689 -1.5670253081334442058 -0.24325820869341299724 0.65977383896793584395 0.0010907530270713918646 -0.75146343335605758629 -0.33026945517676331576 -0.89782014450387948035 -0.29127491326970245122 -0.67499671731848809308 0.44036098644285198711 -0.59199800103416744257
-4.3360524547590264532 -6.9999730683481029558 -1.4062315312762538877 0.99050330771720529466 0.012330408274889251286 -0.13693486931095802395 0.059591962487229442613 0.85905304026302853337 0.50840601100073412599 0.12390316948473859004 -0.51173805315473597233 0.85016008465761572221
0.25916780558028285064 -1.3793543979838440716 -3.1187101159128980399 0.85319006728881296997 -0.005167284951475309418 0.52157454716057061184 0.14116828855108706775 -0.96034453311475020953 -0.24043687742222955017 0.50213367083596716078 0.27876814180106984642 -0.81862696005556501166
3.3680845338448670567 1.8381383241643467485 4.6431215796114697625 -0.093397333030948770372 0.0099369812146186120572 -0.99557932611485200347 0.41851691736656604359 -0.9069230095321533236 -0.048314021351572949969 -0.90339389419075044607 -0.42117919130169229058 0.080545395608840192336
2.9319202348613377929 -0.25529547166040139627 -8.144029462429459798 0.99973457533969845024 -0.0098950099456083517868 -0.020805471595025673559 0.016510702911304072499 -0.32210934193798906877 0.94655848658478869417 -0.016067842402992374429 -0.94665075958059818895 -0.3218604726057053278
8.4754906647767320749 6.3098321032008488629 6.5966413963871133319 0.86936632378763001316 -0.0069755497744030496576 0.49411895002097638852 -0.37176484911265211819 0.64951806057948580087 0.66326253169126203613 -0.32556580291633252511 -0.76031416578043353738 0.56207586435013834336
-2.3340484811667381315 -4.8649551663413523883 -1.2385298657230245922 -0.76462864423063425789 -0.0057251034178177791223 -0.6444456995069371974 0.059436132541062280943 0.99507249713842793604 -0.07936039054461052622 0.64172453792160755182 -0.098984587839233820206 -0.76052065639242494299
-3.5555862654863261696 5.2731494538460186305 -4.0672877826677291679 -0.48632985835759579007 -0.0019153266486760102232 -0.87377319734224090375 -0.18688376560357228273 0.97708542385012508991 0.10187508357530306036 0.85355593081150082924 0.21283892036808446657 -0.47554375924070013681
-2.0322450733731054484 1.7560613656892898327 7.860282791880555564 -0.95634429204426762983 -0.013176242562599501176 -0.29194516900630479439 -0.22123277921084899544 0.6853707708552108091 0.69377443298237628788 0.19094934531660473498 0.72807506006540778642 -0.65836544140303665529
-7.7727356989074447569 5.3326122698425431068 3.3805038868377210726 -0.29418735932975509373 0.017099002301014874783 -0.95559479997052443334 -0.26169934512869991172 0.96018691129427002906 0.097747368958316052656 0.91922100191934441593 0.27883457371590647522 -0.27800005419201234691
2.3863226411739328903 4.190959580065213963 8.5295471437476440002 0.81005984790028617848 0.0009606843617747532274 -0.58634641629759032266 0.32479703736635867628 -0.83329535318038472358 0.44735415376004611376 -0.48816997791514588068 -0.55282721663602307771 -0.67533113448768267162
-0.31313262784567430508 4.0403031906535415985 2.5923825981388146644 -0.50143944457572242612 0.00058561676862234866847 -0.86519254531972689115 -0.6951212333553136169 -0.59567266839826016334 0.40246806464853573937 -0.51513586010146716898 0.80322707198909304438 0.29910084664102998264
0.63193204828735993761 5.1020504403077708844 -0.87259029591157388772 -0.51586022852556823182 -0.011909065431969090634 -0.85658998288917809205 -0.79910750878793601615 0.36703946227636297106 0.47613991906823277533 0.30873194526003405747 0.93012913474006575498 -0.19885768449719953832
6.9813320036581405503 -3.8977258972006754156 -5.4712521087633758654 0.79231872913856993268 -0.0083061616913219591535 0.6100508496299847927 0.29525280464116482326 -0.86980226925221726386 -0.39530974406842489532 0.53390712001965467959 0.49333053836348944587 -0.68670821104041679384
-7.1388941775529204392 -8.2740466620201686965 0.62996236591947507577 0.41209662081412745671 -0.012213230206855520826 -0.91105829238403412962 0.88165064613376042946 0.25767826927760223432 0.39534042003588376613 0.22993154043238020479 -0.9661535833136263296 0.11695614632987429149
-0.04777467839675172967 6.3323280027654123003 1.980374892310727386 0.81202502828546097025 -0.00011584544079564331256 -0.58362260067434346134 -0.57981511312133315883 0.11388043304454181781 -0.80675007379353269599 0.06655665281723174842 0.99349445572154782003 0.09240659292663100377
-7.4237918099156008367 -2.7863518593644007737 -5.0338765012562669554 0.31513141084237439316 0.016303365084004709656 0.9489080009080526068 -0.49335503632860272516 0.85695054953349880655 0.14911929379988173028 -0.81073608654703444021 -0.5151407146995830022 0.27809538297007463381
6.4085738371110467781 5.0971660517037298277 4.1298978252364015873 0.91300166178423858288 0.0020556769933811327652 0.40795065850113776396 0.18993329556616567189 -0.88714006220135777081 -0.42060415270526746445 0.36104474627791338648 0.46149570337072376436 -0.81035079253107400454
-3.138576950239079455 3.970933168089312737 -6.7268122426864680463 0.9924795053107375864 -0.0022607578548087376401 -0.12239003436573592243 -0.1076205207197152014 -0.49253416388361853651 -0.86361329362588734604 -0.058328852706949034512 0.87029017366702698943 -0.48907336725752303952
5.5024554559782732355 1.7913364364574695387 4.6634633779086742678 -0.99958268135717898151 0.0013630025946869267495 0.028854901745779291261 0.018482624047911077464 -0.73748937858579255433 0.6751057762170611376 0.022200354482499688041 0.6753573562915090589 0.73715641865457204318
-5.6445956116380155976 7.5967002970774810677 2.3293748612012215027 -0.9410102773426537448 0.0048479452657715230504 0.33834325080051813606 0.31306679771072759566 0.3919179828356000872 0.86509506697320637247 -0.12840887082521534879 0.91998738695534076903 -0.37031658042336434988
0.016417755123212397772 -7.9504029589374445308 -7.6214546205035649251 -0.6917793317960881927 -0.018448547701798701653 -0.72187326255175299217 -0.23612477513329874212 0.95049737679174628457 0.20198967122086566861 0.68241222634706055761 0.3101844415816043532 -0.66189059936868532841
-0.15576579439491031187 8.6193844591207007255 -0.22220688780469818879 0.25593797365350334783 -0.0080722544942986480809 -0.96665950176355230905 0.042077715635346256418 0.99911042430063567998 0.0027974810757598247285 0.96577700298193414064 -0.041390805269141864309 0.25604995948061204381
-0.66753945251244783954 -6.0955993671109824916 -3.8754160237280652623 -0.78252607537704510499 -0.0054620863051149807013 -0.62259385394333921493 -0.54575774583573077869 -0.47526866928118127742 0.69012185508037948711 -0.29966885759989836391 0.87982376508735549159 0.36892915061284015099
-8.186607437251003816 -3.6818063653982067152 4.7852359127798704819 0.71804117997462768574 -0.0054518727376753201019 0.6959792676111056231 -0.65615405818403416127 -0.33879470092806757142 0.67429963855219521296 0.23211789200596008587 -0.94084452897736237098 -0.246845815244954081
5.3563980975708131993 2.9158601554851690807 -2.8246952880309295075 -0.26126596209779107127 0.0078727523830139176791 0.96523474700137479321 -0.65632973514318482255 0.73178852115893822106 -0.18362145589971284876 -0.70779331433408676499 -0.68148630218798689206 -0.18602431054622797779
5.927889679291910241 -6.6885302105427442143 3.3546327462875722425 -0.43689163542508918647 0.0027969818290325444698 -0.89950979749425807874 -0.11527940595523789025 0.99157494457630879214 0.05907442636953229298 0.89209660769336840414 0.12950407785447731746 -0.4328883647788322464
0.18524953059132587274 3.0009645422307054119 2.1580951897066720235 0.2850536063753328353 -0.0066647435840245065897 0.95848840508660815285 0.23694360595867233754 0.96943113535838099093 -0.063725986795863498457 -0.92876378540926041172 0.24527302132680056657 0.27791900964406957009
-3.5622584658922598067 -3.8677615378922292066 0.63333871545650310964 -0.52472203920579996161 0.0079164495898126074902 -0.85123681275995255469 0.79466170312997852498 0.36312385398689234206 -0.48647080513043350347 0.30525327049922568179 -0.93170724827680839741 -0.19682998846214591615
-2.8104542300757326956 -7.9491999376323718707 6.9503581666225278113 -0.74914208843121143921 0.0011519927670430273048 0.66240833649152675022 -0.31007047241014012995 0.88306698623975354856 -0.35220590561836134791 -0.58535667202149010979 -0.46924553351716213889 -0.66118544735491713293
-4.9150350836226754936 -5.0797455519734278084 6.8386559419451220521 0.11298513415283541195 0.0041571473456981575256 -0.99358798180453866689 -0.41348158373395810239 -0.9090929906396697513 -0.050822379744544961266 -0.90347514596339695281 0.41657250568887765896 -0.10099508963660405736
-2.8139737572688097167 -3.8071597468149223076 -8.1624097318334012385 0.79535129765862278006 0.0032732359326993814772 -0.60613991721283722036 0.58467078939172512086 0.25969321174379195183 0.76858278916870337305 0.15992617466991779218 -0.9656856226022515477 0.20463356751684072532
4.2256509142949409963 4.13589324412392223 -0.74014257729148502651 -0.27943968227871135435 -0.0070308021918751364976 0.96013750670859365766 -0.93738014633095068096 -0.21454606019843774911 -0.27438740736047972923 0.20792288289810423318 -0.97668856647035962038 0.053362148508662651802
-6.0714860447004497246 -4.8773573205735569758 6.340163076200190595 0.11021341835939015008 -0.0038902653768176660015 -0.99390033114427689398 -0.46345033284990927447 0.88442346369664437411 -0.054853676665758591136 0.87924216879912775457 0.46666905050341817018 0.095672388427501989239
8.4086718260680637371 3.0271489561194879769 -1.513775473442536601 -0.50623659530579301347 -0.0054339407997229475372 -0.86237751701940801308 0.20211416632217690803 -0.97287721514299663195 -0.11251572346735277952 -0.83837603337935662218 -0.23125828967396358515 0.49360432545919680214
7.0812939821023643816 0.55785419703326299956 6.3062253993262595841 -0.5480924096327033368 0.0013738735971049759882 0.83641665632281947396 -0.34608069814879061088 -0.91075484074133239432 -0.22528597478545683841 0.76146100417032569485 -0.4129451931401051934 0.49965328638033418285
-8.0695633963776245423 5.3964413276603000469 -8.0480179997164480454 0.97840527008416300347 -0.0035030637652088809052 0.20666604950018940823 0.083814274370961658334 0.9206894814136873384 -0.38119030185178864878 -0.18893992400620407413 0.39028016521275282757 0.90110104747368935385
-5.3960237885199324737 8.3530134589135069945 4.2949414768224576378 0.91716510530855843708 -0.0083993415143171976101 -0.39841890099052390539 -0.052500122294612691642 -0.99361055903359585262 -0.099908929211041511143 -0.3950340577257627217 0.11255002460763914585 -0.9117458994682324791
-3.2735605913432124225 6.4549117355196665713 -4.8911931706804461228 -0.85779542451157664296 -0.0060147883559238182749 -0.51395606038648811165 -0.48163809249910666255 -0.33975161226788092028 0.80783264963428491612 -0.1794763425656861755 0.94049596718026806652 0.28854042728328360701
2.8309962741536538466 1.9947481707726253397 7.6858215439459671714 0.20560751358006626455 -0.0075525126077219673082 -0.9786053902942323246 0.78588129948781093592 0.59718350254782037734 0.16050684533568798651 0.58319476461503549913 -0.80206908919230601729 0.12872079353250504008
1.3821244207764480372 -1.4762986165555036511 8.2827805379950287801 -0.86365737348344928659 0.0026112836079676430764 0.50407253686911857038 0.025897752213119254461 -0.99843610525888337737 0.049544425978667122612 0.50341359502690585792 0.055843754468519857248 0.86223907788314224643
-0.46604925552326870175 -8.167038224261222723 -4.2637150756942938656 -0.28221395211470229336 0.0097438801927778508766 -0.95930200772786211605 0.9207028116870429324 -0.27821420064232632585 -0.27368447364162906688 -0.26955818997651220803 -0.96046963271080076918 0.069544711207698367561
4.4432915511896391436 4.0082300628124016839 -4.3193384752784771408 0.5160662565109425115 0.0095468590210893225501 0.85649546196907677675 -0.80824369335461110353 -0.32562499791876042821 0.49062255643584551379 0.28358023739987248124 -0.94545080158279848348 -0.16032788510707421392
-1.8473361909861201191 -4.8039457580199087516 0.8757042313926335364 0.97901588320923882414 0.0095421946280058109191 -0.20356042578530453291 0.19616380042686412666 0.2264774089244118993 0.95405856562838442514 0.055205650310943897574 -0.9739696760005723819 0.21985314736217875797
4.4899209864014082427 0.78253217328868618363 -8.966948325687486232 -0.93796131519402015098 -0.0014496214158776308395 0.34673688842914579533 -0.30999473325480714214 0.45151562825662422407 -0.83668207988130682828 -0.1553442517575456816 -0.89226203328286091132 -0.42395356751427587527
-8.189166799547052733 1.771489733749239015 -3.232132828103242872 0.64810214832318380207 -0.0033751590584475102581 -0.76154593665805137004 0.53543186114585328284 0.71312471103070018685 0.45251062814839709825 0.5415499306700776172 -0.70102906845477408471 0.46398482493764720003
-8.5796631301765877708 -8.1499985512112580466 0.72140354299992082154 -0.46263830826149299202 0.0066770277957570031355 0.88652197549128253229 -0.24752397837291920113 0.95923289684466539473 -0.13639695649571004221 -0.85129176893671776316 -0.28253790349372776003 -0.44212516014125080588
6.2303851721453753498 -7.0062218430119784784 5.9453042426531412801 -0.57895004952153572564 0.0064250693499215989074 0.81533769607622885722 0.78787948291687504021 -0.25302887804231177782 0.56144662014742763301 0.20991131593450976234 0.96743739092528302503 0.14142890115579007104
-7.2926598131809727832 -1.5214576689881380567 5.8952824306992939185 0.59078793414378760751 0.0013030966376743873675 0.8068258292897622086 -0.58897942549996584738 -0.68275526860768276372 0.43237539190602275463 0.55142801271592023493 -0.73064597797245367516 -0.40259607755782206295
-5.1850168277258745775 -8.2242331582265109091 -4.2934737212276639085 -0.99722442737803607127 0.0074900414039229951113 -0.074076586854780357427 0.017301344368624307912 0.99100396953177583015 -0.13270944146989910317 0.072416192411239338478 -0.133622721316181442 -0.98838295383149521456
2.8428080869407295062 2.9920387094462013167 2.9300193774094602794 0.92956669564153926455 -0.010837230202365811388 -0.36849465775687711977 -0.36855643693364176228 -0.050311790716799399681 -0.92824289736553555752 -0.0084800441388088558525 0.99867476094884122251 -0.050762295998279777232
