1125 17.292696884352682929 17.968806560800352656 18.477561601407678893
-8.0691706342611251301 6.7470317133432109458 -8.9644648131671420543 0.76267270040828649691 -0.0071638403178876626856 -0.64674495084525751576 0.56586025389853999989 -0.47691584231201927802 0.67257226556691829256 -0.31326111330622724571 -0.87891976809269944937 -0.35967696082233174826
-4.6574474660009439475 1.2065192272994558209 6.6947904955680144212 0.52108450982317688904 -0.0024489521209903790736 0.8535015736692642685 -0.45734799489586458465 0.84351056837434068569 0.28164291683847109127 -0.72062732753282587872 -0.53710699462399746906 0.43842026770987485573
6.3034215954150250028 6.8209435091682246721 -1.5803740873074727524 0.010537063098471334543 0.00047827599627930841159 0.99994436922930596268 -0.97723996158150994162 -0.21188184219028230459 0.010399155649710372512 0.21187502870677901723 -0.97729517352873396252 -0.0017652219244593276432
-4.1424781888300818977 1.1421132514363907529 -8.7844914966431755232 -0.0098776617022569880577 -0.006111107962505195508 0.9999325408041341845 0.83063563412869190206 0.55669534593653935417 0.011607546188739381599 -0.55672872668418649234 0.83069425553092379744 -0.00042274426077202091005
-5.717893067917590777 6.8310622223722505808 7.987577475016378159 -0.072954972986807364865 -0.0063464341429624133648 -0.99731504284765859492 0.092155774028693432376 -0.9957445201377205235 -0.00040488207573224129637 -0.99306841920879707075 -0.091937877884890079061 0.073229375119002113048
-5.4577466111145547245 8.9235994631829065327 -8.4225233193959638811 0.040854479661681972202 -0.00016033146716495048911 0.99916509435885025869 0.64851168706761952443 -0.76073843407111230164 -0.026638818739003655017 0.76010756030198090016 0.64905855607999252133 -0.030975596052456189772
-3.1693335386792527153 2.2956854261638248715 -1.1261064013288628605 -0.51983721331426979706 0.0018056255950913858294 -0.85426343206872779046 0.82698216806359103881 -0.24964508963098536176 -0.50376365780766663161 -0.2141722796216525837 -0.96833572119368882536 0.12828158754201768321
-3.1162506617894050187 -3.3319793173922853669 6.4535665513735773757 -0.51538260767693511166 -0.0010834829395895810306 0.85695950532623643703 -0.84945154535059719247 -0.13144158914087311629 -0.5110334438621849662 0.11319381522746872759 -0.99132332500998476821 0.066822342711042134744
-0.26621462005122098482 -2.3728547735673530816 9.0886890733969085687 0.85743789367272826851 0.0094230217274197270588 0.51450118090779861646 -0.29801747563725544676 0.82418557627397059928 0.48156382762487748295 -0.41950666586935220215 -0.56624141717422127318 0.70949616966402695439
0.35465131779215142149 -6.5947504929921629824 -8.8585539030600450872 0.99663747406779801263 0.0056308854328479618703 -0.081743736231272984272 -0.060569354125353504215 -0.62124851385313351049 -0.78126924768369621077 -0.055182412276341352708 0.78359337488559610563 -0.61881849052123261146
-4.5202939672316837516 -0.073555865238278644869 -8.0229819290264625664 0.68706219675202429009 -0.0067879209294484741527 -0.72656690120316036463 -0.53561345699834417289 -0.68042917692505422433 -0.50013434182356153457 -0.49098244620018977047 0.73278240925846682696 -0.47113286682720406651
-5.6525562731756888724 7.8937805851590292505 -4.8073936073080592024 0.97057633722938596588 0.00032672040045227633553 -0.24079341117189823063 -0.10967929443961296765 0.89083949705242282402 -0.44088030446225445758 0.21436423671226881305 0.45431804250454926875 0.86466357057161546962
-8.2346247791630435842 2.1289397769326696697 6.8805128720550152721 -0.64437113676700497056 -0.0017337045018250736572 -0.7647109469403704507 0.76363454236621519655 -0.054546693141197734322 -0.64334045727976019169 -0.040597091117546731109 -0.9985097157946940527 0.036472231310107940117
0.93704493752571405008 3.3496610196731420039 4.7446128140075467527 -0.28073104679371901904 0.0017709504913863607228 0.95978484208734038408 -0.3780130261454633378 0.91896864907126230015 -0.1122620776942165749 -0.88221099031380056932 -0.39432662319235456394 -0.25731358847019519809
7.7843022711569771488 3.3962733179072612799 4.248224459821641652 -0.18133889516180307089 0.010183982517648428739 0.98336793297394142765 -0.21558744373474916789 -0.97603436187236547461 -0.029647572390768577727 0.95949896258681233174 -0.21737803694218271744 0.17918853158002293058
-4.4503267813389379981 6.8705425719720842892 7.962877015883845111 0.0010050454982966257333 -0.0021887558932842539859 0.99999709961126193036 -0.23946783908315055767 0.97090141480778713312 0.0023657491287248136845 -0.97090377686371698296 -0.23946952221875475453 0.00045166345207933071906
-3.0699646584644755265 3.1998147821132718605 -2.3217140403205918098 0.59493163269898807766 -0.004927198325131660131 0.803761205290880687 0.71069230087588997069 0.47034015372248411113 -0.52316019847809569487 -0.37546345479898346476 0.88247145138674476517 0.28332195749251576355
7.5000509908780532697 -8.8971404155567537231 6.7339214757324326044 0.65109860598687896438 0.0051688551381019968295 -0.75897555179243625378 0.55285405923195418687 0.6819016105329708255 0.47891813783077957778 0.52002210959978489857 -0.73142564658955078194 0.44112756549366199943
-2.6951834410890467275 -4.6411499423078961257 -7.4137922556599864521 -0.096703914647834551821 0.0055633769787714979632 0.99529764479182425418 -0.58059778004997142364 0.81190600510118238198 -0.060949624126842336103 -0.80842722040549519491 -0.58376167030462933205 -0.075284404696026263615
7.8773796469338641657 7.7054126852470092857 1.2098184469658224138 0.8154354505119937313 0.0023250793005008024879 0.57884334673083748246 0.30417699294927391662 -0.85251606171764116038 -0.42507966485595216621 0.49248490637662406533 0.5226958566125831096 -0.69587905448538556197
-5.7520350370072161894 -6.7285990917252194166 1.9630989719518283643 0.68492816775695064546 0.0061745229296491710089 0.72858443593002775174 0.72613309538386516806 -0.088177414504328088807 -0.68187643408421039215 0.060034430131009459963 0.99608564834451607251 -0.064878720401406617113
5.2271909326285905806 -0.095479110623674562364 -7.7534004350121525917 -0.74203587126094150417 0.0073029369822095692097 0.67032039568660484186 -0.61095388589805776913 -0.41890548991561732395 -0.67175407689487520724 0.27589511606447703063 -0.90800047226317648352 0.31530465791325906766
-8.3803945432120414694 7.8146246138848391993 4.5547329313748683433 -0.99801028371955136098 0.01461411586611119709 0.061334339546930301268 -0.023504599525223025813 0.81641604101989662112 -0.57698559927143677761 -0.058506473072461373519 -0.5772792007192453223 -0.81444810579057269617
0.013485083269957651858 8.9799121363045699695 -2.1659821331593738236 0.91466902596254162638 0.015337331285644404885 -0.40391253906495266923 0.35095042497868300657 0.46563278251404838226 0.81241609477888632185 0.20053521424455059141 -0.88484511532663967515 0.42051724070550139389
1.5920962471428046214 -1.1380018712800827885 1.5628061671805224542 0.99746126546710300875 -0.0092899113409564675753 -0.070602559727054675642 -0.031315077403548982615 0.83322276445372522868 -0.55204998933360460711 0.063956155449907903243 0.55285940558464718997 0.83081651875548545583
-5.7480406409596191963 -7.7473943329056682572 3.2617764239702520257 -0.99279786133880676413 0.0079244030014441052545 0.11953915826270121447 -0.11582511128105117681 -0.31843336643518443951 -0.94084256639348584628 0.030609640929279174903 -0.94791212408016944924 0.31705781003518013206
-6.8136618880685198008 -4.3365730626358320876 -3.1139311669733880095 0.28754242876530405892 0.0017960000945181995441 0.95776621679996853942 -0.045206651362227519286 -0.99885825222966251324 0.01544508418117358263 0.95670042873005289863 -0.047738520467141790093 -0.28713293668823036686
-5.0798658828851444014 6.927287913430061117 3.7255562352454965058 -0.87168433138078116329 0.016271261841231746126 0.48979758315406496383 0.099771172456416035157 0.9844093167000607103 0.14485858738985935013 -0.47980427214866139263 0.17513864003116405565 -0.85971757990393649074
-6.9255988108738755216 -3.3157507554720084819 -1.1773450457183809448 -0.97222649463670340886 0.0019293861744696270619 0.23403401589258782112 0.23400645969159189486 0.025431910203135465326 0.97190235865836493989 -0.0040767571029500532936 0.99967469479438042512 -0.025177065736809573632
-1.1314790620583139447 -4.4141888130471214069 -4.7661890030364988391 0.6195940374552776353 -0.0058203139519587762662 0.78490085532862785556 0.41122024380793742449 0.85416383791424899119 -0.31827982826773665304 -0.66858143844450534932 0.51997140493029125885 0.53162825190387441587
-5.3682931481642039984 -3.5080287175185747017 -0.61009211038341537581 -0.77844584946782446888 0.020362376182619844334 0.62738140957661125974 0.56840983450274573663 0.44693214824120486295 0.69076907495139494575 -0.26633122138919296251 0.89433608252427332364 -0.35948665066809798452
8.2032623382586233873 6.6878479787210141083 4.9826077736121634487 0.49941574319832438 -0.0018040484970457293813 -0.86636058362242318598 0.42236506549052543757 -0.87260549041313517638 0.24529045956578243715 -0.7564335178313591479 -0.4884223618036939718 -0.43503095245197737073
6.5346393661626214211 3.2297298221682337882 -7.856166788664477707 -0.25685619763820422001 -0.0024840441941941923329 0.96644644096757015284 -0.90716814699080672302 -0.3442216894754054346 -0.24198632519115279016 0.33327293142356217981 -0.93888511438770949624 0.086162028534834678162
0.5398485188740704821 -2.2549936342306473591 -7.4779264735622987814 0.99874774812422528747 0.0016901548525048784577 -0.050000789927516130218 0.0019576256411528059238 0.99734349716758996518 0.072815632659022577755 0.049991032382180403126 -0.072822331975019097272 0.99609126321186103326
3.0311857119807554817 6.8632882625696769452 -2.0989956131215330437 0.17329228456525069824 -0.0054638426759097682636 0.98485528405582511979 -0.98418341933455089077 0.036383899309736296435 0.17337591810069913345 -0.03678017422987406998 -0.99932294994851078584 0.00092762566526632863478
6.0541185884482899837 -4.8684416817101707764 8.8174049110525345441 0.096242875455780543814 -0.012717848194825822489 0.99527662750688417059 0.9194307758980760914 0.38417590629271869407 -0.083999531876814276243 -0.38129300708956626043 0.92317231834643465049 0.048667374936047502754
7.5487758643724660601 7.9004387936529694159 -5.0193152404221290652 0.50725179456953362056 0.0021092991691998687689 0.86179531662891606381 -0.85033321148257035027 -0.16134591091215300107 0.50090011627229547031 0.1401036985803359447 -0.98689566210883006292 -0.080049395719986621289
5.350863950113899925 -8.0622073973537204949 -6.6656857896709285072 0.6332639415891553325 0.0010014091212463631896 0.77393525405075636048 -0.76637202779903357275 -0.13865532973421421103 0.62725482424893386213 0.10793838654578995218 -0.99034019241668314049 -0.087037968690984693354
3.0262565898165503242 -5.8148304130874413076 1.3060750709111275114 0.85966601929918173841 -0.0043709869979801120599 -0.51083777242401740004 -0.50350681252987627978 -0.17626088322461599955 -0.84582089757842005007 -0.086343644806102140543 0.98433378257455217408 -0.15372631357085639325
-7.6287695835750790607 7.9487344904411854074 6.7815945521221054904 0.70422617387523522847 0.00066914461929252913933 -0.70997538568224205502 -0.2983598634480040257 0.90769172727359737074 -0.29508832596699563489 0.64424132738621264771 0.41963708187468701238 0.63941991805331255261
-6.2291583327350954491 -6.644684502562103745 -5.1161682018591667642 0.7625649429278504865 0.0069550209636728525797 0.64687428106296362973 -0.33320266925510239053 0.86132328617570452778 0.38353380280404580915 -0.55450039586870170094 -0.50800966956846327349 0.65913237411476455208
3.186498644191854801 1.0487348621691383599 -5.4941865299060230754 -0.96169741235704631066 -0.005122900518861966089 -0.27406539904922472273 -0.27317810758236449331 0.10042967974759470229 0.95670664310627806515 0.022623187298025038139 0.99493097012597730977 -0.097982427406137356796
-6.7759271126977695943 4.6085199364343276685 1.9251211479859198228 -0.67813312750964849229 -0.0012408845345015569878 -0.73493803927920919872 -0.6577212295774178541 -0.44517526793154532649 0.60763621105496734565 -0.32793024492600081343 0.89544259504878953582 0.3010719406306850976
3.5920473884258470321 1.054120371654305055 -0.83675893255939570725 -0.72333320874456064065 -0.0035246624024228741245 0.69049014901151939405 -0.095127238953671228172 0.99096058223499594586 -0.09459351386602347922 -0.68391510989019710376 -0.13410705131129443957 -0.71712998909014924465
-1.7315019525875687822 3.4543797947318726216 -5.5802992822961048347 -0.98386652078981173819 0.0081808416881193456865 0.17871693567760171817 0.13062039369725864102 -0.64976276076893302314 0.74883019935642236575 0.12224967083420271163 0.76009303940179262504 0.63821124201456636005
-5.7339562362542295659 -8.8756828832316667643 6.5883561390500684496 -0.90510630548673043361 0.021304524587413505021 0.42465126044816636774 -0.22543408295147296383 0.82276085049535774285 -0.52177011905219627952 -0.36050249654077448636 -0.56798829224206437427 -0.73988326772783685747
2.7856789468110472185 -4.6077230687254573382 -1.1449118465509442455 0.88747622297925166102 0.0031028472953915477509 0.4608430600383155995 0.25794795488445149134 -0.83200887556865510408 -0.4911456846457066816 0.38190156613670711572 0.55475364200139809512 -0.73918846748881672504
-7.4794742783012866383 7.8420041437255960659 -3.8302199071375824246 0.5869538972220996742 -0.0095398393339630668808 0.8095641506400371723 0.80960349783700713555 0.013368975096914828549 -0.58682488597107518302 -0.0052248278397819657853 0.99986512188919385302 0.015570459328443019345
0.78474559738312688051 8.0106595967210623144 5.8836949820862392002 -0.78989778109598862699 -0.0079956533639172246153 0.61318640310017136219 -0.5403915261396425862 -0.4636104589624359118 -0.70216973789610470646 0.2898939355976338228 -0.8860030540963134138 0.3618840895035137506
2.2963660738987758947 3.6150475416613896407 4.2097737894745055343 -0.29882966120127468779 -0.003274897147178418462 0.95430084807394000013 -0.7950046487732315148 -0.55230913255129410189 -0.25084303962651843811 0.52789055874758650244 -0.83363295109368606983 0.16244279250241466794
-3.1843908250666541626 -7.8770342296692739126 -3.3914455978414888015 -0.46360595163244811001 0.0063203536066341204497 0.88601894716841633759 0.18674171930818500575 0.97821004535068123431 0.090733882563317005965 -0.86613916426918446945 0.20752146950486988208 -0.45468427267023686644
-0.27236685074676952878 1.2387788275032856067 -6.5105520438938837557 0.2099197364452621839 0.0037531447869729814976 -0.97771141864821475842 0.0012524232101346049334 -0.99999284404614185995 -0.0035697747955750112024 -0.9777178200723276591 -0.00047514228907459890583 -0.20992293479497758923
-7.6645514468962554488 -5.5544004395426442855 -1.0195616170935850597 0.7244832879476373888 0.0043222052515608077455 0.68927881443313943066 0.5849499421805460786 0.52513115982334834797 -0.61811878318464441584 -0.36463341951577615818 0.8510103310328144266 0.37792047556060937019
-1.0168755173336483377 -1.1634224607974319454 6.6093360393164788391 -0.92434605316047213641 0.0014793548408477950364 0.38155233653583814357 0.19076565290940900033 0.86782878639669591703 0.45878280609814237057 -0.33044339859761168166 0.49686115667307112487 -0.80245632361680030442
4.9063276876540875548 8.7994667892725910718 -7.5700113630006278242 0.39345888627838732088 -0.0047484084476152165627 -0.91932995024948094276 0.91060777300922723931 -0.13550338103342704499 0.39042581556982108859 -0.12642621778487803108 -0.99076550522626816164 -0.048991071746330584757
-2.7427080364650571198 -1.0097779103056923056 3.3970595579901181615 0.7895681495652003834 -0.00089673798033363489798 -0.61366223042754941552 0.42233033092852662049 -0.72471455787961258643 0.54445009061865079492 -0.44521818108624089394 -0.68904862343520190127 -0.57183281278001107939
1.8008943469946028237 -4.4493212053109205684 -4.105705332244887984 0.97332846392537575309 -0.007134628673364919009 0.22930503349566525029 -0.12604691593975106412 0.81850791156610724908 0.56049707732153375428 -0.19168692259729205873 -0.57445095158554670967 0.79577775033462716525
-6.3003934732584765399 7.9250864689396278706 -0.017428361099685110713 0.90692317451034021314 -0.0052077785394823205081 0.42126385387161580098 -0.41766086459636381223 0.11995861618277255112 0.9006493949301669355 -0.055224611548894540769 -0.99276523380212455816 0.10661816371118038038
2.8397291207190127338 -2.3905682275208426368 1.2784008405133275854 0.69786325591488063136 -0.0032588226158468797632 -0.71622360762467940365 -0.71618679869110291047 -0.014287252756964980566 -0.69776238347244001758 -0.007958983876994051368 0.99989262147667645753 -0.012304474463859862987
-5.1943978638758823152 -3.3453831013565373809 3.2634886487073662131 0.7401218451087767658 0.01114130512098621649 0.67238049176997616296 -0.66940982635862511518 -0.083115927397298200452 0.73822911551063852276 0.06411036396247912772 -0.99647760332745627387 -0.054057814416872400354
-4.5449747329918581684 4.5891955356086038265 8.7249149234408758247 -0.74844156492928270996 -0.007550928560379628271 0.66315775450827396664 0.12716561881878182816 -0.98301505447264492243 0.13232652066168398841 0.65089486806783525275 0.18336953443231560068 0.73668954422165522367
7.3007330155352576639 -8.9664291841416670081 -5.1886931513581515674 0.29973028589578720737 -0.00071839256477364429009 0.95402371020270781976 0.62124031659044132159 -0.75877705110033666358 -0.19574947194326808297 0.72403192247266434656 0.65135003695052962058 -0.22698216803300577671
-0.034440215760624934282 4.8254480710792462261 -7.3476661034342223289 -0.97722715577511609641 -0.00012666748899126134033 0.21219582929602981425 -0.21063003258094153969 -0.12068072745666599821 -0.97008821835721947835 0.02573082568136488002 -0.99269136491463827454 0.11790580407205970837
4.7215140148822412058 -8.3138667967109469714 7.9964387366472911012 -0.91100642258905462079 -0.009652017242520457424 0.41227919734612067382 -0.33736408235193615646 -0.55752369859501382798 -0.75852013911546389835 0.23717667241983125814 -0.83010491148290510566 0.50465142622580394516
2.785047341330341375 7.9113653078862027357 -5.3263673288249746562 -0.99970040549689698217 -0.0037727535146656336791 0.02418399430149580781 0.018654624274064786349 0.52223044266104035049 0.85260035758325192212 -0.01584626904511660106 0.85279606652990314064 -0.52200360599164119524
2.6222801657937284681 3.387444663021119684 -3.6569442831446146158 -0.38886732425478337527 -0.0069187639694755186104 0.92126778671138298549 -0.79607456025185729942 -0.50081122988384285666 -0.33978435299769199629 0.46373214105408616659 -0.86552888035423547475 0.18924127093712142522
-4.4404166774287476827 -4.6326028960549976432 -8.2519502403619533482 0.57119916129295833507 -0.00023926934503112375074 0.82081146488605771783 -0.1417355903807092643 -0.98500714523146126744 0.09834605361842418958 0.80848162660498756882 -0.17251338090997919705 -0.56266916820569612412
-0.63213052528545943254 7.7670095708540243251 -7.3830471512161768288 -0.68246930693037799465 -0.0033679702569787400152 -0.73090649324963763434 0.2037091074375412536 0.95949025031605783553 -0.19463057081462858955 0.70195316413925024079 -0.28172170013153219337 -0.65413655992472574674
5.5466217157955952644 -4.4743624378643938044 -7.2260361073914829433 -0.76891652106615937523 0.001613831822608984435 -0.63934715075465831102 0.31373755043714707247 0.87227038827603242677 -0.37511747384252874804 0.55707821091560727478 -0.48902123193492613717 -0.67120943202520999549
4.8134601339121676489 2.2426305256680145739 0.041060697883916662254 0.053056945651887121862 0.01128647631329556672 -0.99852770415761249456 -0.46584466820518755092 -0.8841840344272190455 -0.034746774936721902538 -0.88327442260187627454 0.4670023647864402494 -0.0416543594474860987
2.5407760601430799952 -5.6094856407095203821 -7.2415556620261840592 -0.45365888822295113991 -0.007644775043257041533 -0.8911426207691058865 0.083759699052206634806 -0.99590247447041635454 -0.0340965417423241407 -0.88723048073837040839 -0.090110036947115973449 0.45244033340360878537
-5.7086489113329061951 -4.5103104942549210321 8.5792161229447341242 0.44491138506659766438 0.0031675333963613466759 -0.89556899576201831614 0.38407391053402545333 0.90269163875170066458 0.19399751692857403196 0.8090371380134445678 -0.43027639031153774862 0.40040122034682629204
-0.59568148052141867144 -8.2115186849504553379 -8.9556124058646187081 0.062634309921903510987 -0.01289631217234061232 0.99795321952114524056 0.14215632626216712087 -0.98960609844652502876 -0.021710569339301641345 0.98786057828228801547 0.14322518999721745026 -0.06015000270991881226
-5.2927109949191208926 7.973987648475042711 4.6021677420099491584 -0.92750168000292354531 0.0030573976917602826292 0.37380648190145665533 -0.29950989824189555577 0.59227677478627216434 -0.74799869177966038514 -0.22368382696842029067 -0.80572878462204788885 -0.54842198276919162936
-6.2886104460942009453 -8.9773762258172471462 0.026093848184035664528 0.081649656841821363629 -0.0026964026541333439325 0.9966574451387670841 0.72117362982968191698 -0.69006806663672515256 -0.060948002808529619378 0.68792581662261054198 0.72373945092187452754 -0.054399246348862499711
4.7191104769903606808 -5.7666711437916822192 -2.0348011501377203381 0.6416235928901494745 0.0078529746489287930583 0.76697946246025427985 0.4484429689232149463 0.80739780079716072514 -0.38341582504024723788 -0.62226848600097584008 0.5899551864822182301 0.51452386657264570502
6.4297618907496714158 5.4263530206298762337 -5.7170820353138012138 -0.54807423459227833096 -0.010582164141684901465 -0.83636275095068224328 0.47506176796812854546 -0.82692594496757287903 -0.30084846377286578178 -0.68842643034042483308 -0.5622112586400420664 0.45824398595882837038
4.4709921554437670466 -3.4600498721886827624 4.201206423839763282 -0.29002790117651627844 -0.0030993725606945059931 0.95701317150223164099 0.93937126188752750888 -0.19207264088720435447 0.28405938281015258307 0.18293564135771220314 0.98137581716311783619 0.058617886423418100184
4.4620243632748772811 6.7303360893078991722 5.0931668752714172044 -0.27531222009805034201 -0.0072152080488646552422 0.96132779125424971944 -0.10786620289073968471 0.99388924277318935196 -0.023431930640211200145 -0.95528428425184575001 -0.11014587542149119337 -0.27440813105479555656
4.107041055542089758 3.382240569490071902 -3.9738037887114114888 0.2837151429215633569 0.0055693169587725105396 -0.95889243421016390201 0.0042931249040314492516 0.99996573409805267207 0.0070781147338810374708 0.9588989971606052265 -0.0061248133230886415632 0.28368151139298747321
-6.336775567688436972 -1.0816773892685433989 -2.5547851126445446646 -0.535942104782044626 -0.003386048160451790752 -0.8442479463994660982 -0.82673375755869193959 -0.20056485150416947238 0.52562822836517297809 -0.17110626649809188016 0.97967457608077102016 0.10469178834140618894
0.57825668059440982205 2.2797246460396576317 -2.6446891233876024252 -0.20760900139353385963 -0.006975737261465534203 -0.97818701771697125213 0.97030869120503748793 0.12538717743082697376 -0.20683108931704383138 0.12409490848756425663 -0.99208336082484327445 -0.019262888201524046294
-8.0832153889720128603 1.2050354995283338866 4.5613163840157229245 -0.097561869860841532454 0.010214086629874928949 0.99517704655182237516 -0.24793954539457177533 -0.96866900356616314482 -0.014364656613045385242 0.96385043620826693633 -0.24814518726820630756 0.097037635259914600816
7.8568318729206563233 7.7879263577307158428 -8.9479154061762606887 0.20366136317521865706 0.01061472111984447346 -0.97898384912373614952 -0.9234255077786350796 -0.33014165141477924692 -0.1956829619165078582 -0.3252804647267743543 0.9438717167583153822 -0.057435194528134253522
-6.8908731901826021371 0.99494737149648182495 1.1108709393488942485 0.41564187453671314065 0.007424265174248424054 0.90949805520310000873 -0.48610451726760040003 -0.84335370646919338711 0.22903476608756845323 0.76872897071970047733 -0.53730755259083495812 -0.34692414661579995538
8.0191517229594850846 1.4729841695457641659 3.449668642288948206 0.51118624795522804583 -0.0018133076000588018058 -0.85946805165573336716 0.84495755504500136279 0.1840502898181841096 0.50216752283468246709 0.15727475981105590308 -0.98291515540920726401 0.095616145043407194115
4.4178710659741415867 7.8748588674484354399 3.9847879861503541221 0.14058657096960905375 -0.011878773506604442881 -0.98999712666398653749 0.531731130129021623 0.8443860067794141111 0.065377953524046628075 0.83516311060461201343 -0.53560355328859832191 0.12502564692887499498
-2.6987929989807617481 7.7441553272444103584 -3.6159716674227460054 -0.27901294034086132623 -0.0054014164141033115668 0.96027215091511863854 -0.85422761401480473697 -0.4554264110292147727 -0.25076277154268561409 0.43868777345285908664 -0.8902570464972551223 0.12245582299442502039
6.4707651091693438872 -6.7750020297039439399 4.2930248737021443617 0.63843577466961265454 0.0091388291735057334414 -0.76962084393758090073 -0.16366750282517641968 -0.97544869359313191026 -0.14735262022332115683 -0.75207227720542246807 0.22003710589111530327 -0.62126561299481519729
5.4145302767367233798 7.5759297142232426836 -7.8871384599583880259 0.83870768827196862105 0.0018543320074719156498 0.54457871339834029722 -0.014584489691285958124 0.9997120101193279762 0.019057530894453465764 -0.54438654125003649309 -0.02392610031228888795 0.83849319343068273724
4.6826158833922528757 -2.2548520735133319448 6.8016775503747588516 -0.16109795901104248528 -0.0063824315265840576503 0.98691778389598783239 -0.28613059980892807665 0.95733370227738756597 -0.040514964356161267678 -0.94455107191487830409 -0.28891425553549943128 -0.15605071449029300767
2.7165018117978565471 -6.6184187798125053703 -4.1085836347291175841 0.65451819042795156278 -0.010061707270453667737 0.75597929895327409255 0.33346389176103868879 0.90123864848636026093 -0.27671416907357720971 -0.67853354470541626942 0.4332062563274992617 0.59323230541525895365
4.8252621280940255488 -1.2287408957269156939 -3.127998797657991048 0.13384944369868498337 -0.0086639935559519425101 0.99096380440310072313 -0.53634832618222372247 -0.84148327091391394994 0.0650874624935277174 0.83331554613083436145 -0.54021369844530220394 -0.11727898613533782601
3.6800208819069166744 4.4793070494287148264 -5.3912291683402218112 0.17362378738084208174 -0.0026347758132298495712 0.98480852880757929757 -0.54788285550478776909 -0.83121529214038136768 0.094369034942123911081 0.81833926772448206677 -0.55594441814671979873 -0.14576229564647677495
-5.1856929469622530249 -2.3452926553167570134 -9.2219919291558642982 -0.52774544434594905518 0.0056689532795452420022 -0.84938366415924604347 0.58358769112666164514 -0.72416772229302406316 -0.3674323294898442227 -0.61717919013635913483 -0.68960058944126612079 0.3788678850269424081
-1.6843999840831118675 6.7236807807535141635 4.7987266985231720184 -0.92233969660240444632 0.00072678641948856702835 0.38637929014572075515 0.01718292389542512219 0.9990860382451683952 0.039138667712577748792 -0.38599770879937467249 0.042738272840806265651 -0.92150920170998906755
0.13863856600360818794 -4.4599892145012374201 -1.6732670181584405888 -0.13525517869215253342 0.0095760857925234581234 -0.99076452056883101971 0.98265687729827710939 0.12931924099631153524 -0.13289844019667096386 0.12685226894090276262 -0.99155677219663596045 -0.026901103610786424036
-0.24033881122513001127 5.7750890502162244289 6.8336421914704210678 0.087149068244895627755 -0.009929606656147688809 -0.99614579395574198717 0.49020378044010037843 0.8709364503209173769 0.034204577832037744156 0.86724004378605634713 -0.49129533115432283408 0.080768830867103486026
-0.38414077608943469899 -0.039670997239358178621 5.7140951683410889927 -0.89247957437174818551 -0.0053013184162952441125 0.45105665425978397343 -0.10701665093398460282 0.97387201703735670755 -0.20030159973027300557 -0.4382095911226516205 -0.22703565899361072278 -0.8697282126005273506
-2.5514093365923016243 4.6100356689421158052 4.407040453435531191 0.99868348504622050932 -0.0044444312529426949904 0.05110326532235540814 -0.040690325436442860429 0.53797725427468312542 0.84197670472456087598 -0.031234501943456241535 -0.84294763829893359919 0.53708815382050256737
-2.9546964324343196751 2.2947031950228127251 6.0976616142059780756 0.81782174948850139273 -0.0038864083957158030574 -0.57545849710734064963 -0.10110119034468256771 0.98345383031049182776 -0.15032336132083917724 0.56652108113822696733 0.18111725339574913374 0.80389701153070924899
6.0321452917595195231 -1.2872208989839069027 -1.8506863824278130259 0.21057061956361144972 -0.01389932228035568873 -0.97747983253722581232 0.082419670189458935083 -0.99608643268285856909 0.031918906482091030652 -0.97409805057931331262 -0.087284749328414734659 -0.20860095971074754662
-6.2027686601773881492 5.5206684628048057206 -7.5931903990491536049 -0.55066112474455308767 0.013252642048228846505 0.83462368356870386688 -0.82703636844614547563 0.12676927120602438093 -0.54766814508878691736 -0.11306268598538199432 -0.99184369703931429818 -0.058846492513411521874
2.1824279030998243734 -4.6409544518710879046 -2.7465996850788663153 -0.9546939236608829038 0.0032254095837329138305 -0.2975720229760809854 -0.010600231185552425744 -0.99967527260469868366 0.023172924754835212691 -0.2974006510145171811 0.025277382695018311282 0.9544180984768810827
7.0205190445990526271 -8.0944128577154863535 0.59629715276706540816 0.99975682350242045526 0.00090421789184060876159 0.022033525604357152849 -0.011682716817758660374 -0.82570501797443363046 0.56398114987979020007 0.018703154501382379671 -0.5641014143589422325 -0.82549366219831432634
-8.4990095565205443506 4.6701808918277016858 -3.7174111569093541974 0.82416106859743309965 0.0017091052254952332056 0.5663529040870202147 -0.2868706670574244777 -0.86096422449092391282 0.42005454946827402996 0.48832750628086629696 -0.50866264174438124979 -0.7090829031242877889
-7.8457953328996588027 -6.9862272384974817285 2.9247147982046080017 -0.90301933963393676841 -0.00256095057006372126 0.42959226457096294505 -0.34107075923155000252 0.61227669394150030513 -0.71329375943804895766 -0.26120262143464834104 -0.79063941945007110146 -0.55377116119156832852
-0.039494009316370155827 4.5537200322663826668 7.5825427663060338546 -0.048212402864897870025 0.012781675412640514794 0.99875532188007121182 0.6839566293218388715 -0.7282931645071746285 0.042336694946714589771 0.72792780783325461424 0.68514647726302158048 0.026370651818881533923
-3.8239184488122468508 3.5443648261040219261 -9.2150444185001276765 -0.39297456958823262507 -0.0013493527966678938237 0.91954834941070351384 -0.87335605541407934638 -0.31241503047324337139 -0.37369245270112527724 0.28778496855887758521 -0.94994474996261257793 0.12159269669727094942
3.769590363205492789 2.3430541527299846294 -9.155277315575906627 0.20848324178706051368 -0.013251401038353850803 -0.97793616267342198256 -0.54620702004676890962 -0.83102003882494424047 -0.10518358390540637204 -0.81129071802012653336 0.5560846117651189191 -0.18049175995665203698
-2.7213873751227759534 5.7393295456903370422 -7.4383971894208658071 -0.86588024211460612456 -0.0029495572220199876845 -0.50024264754995373394 0.37920392049496659537 -0.6560820780450209444 -0.65250340501001491411 -0.32627563960046179758 -0.75468377946040776649 0.56920699224681847728
2.3037281664362714295 -6.6585211123360155128 7.759599449164010565 0.74145413883373478825 -0.0065070033053887758184 0.6709719956257216289 0.66957434798945358878 0.072404840862597852347 -0.73920750235224819136 -0.043771594905554184196 0.99735409856655654615 0.058041791424771053964
0.44474546314135149361 5.6391535659515543699 3.0206876235653647988 -0.47067337812048448686 -0.0053820099784952892333 -0.88229111131045823146 0.1142178419596653477 0.99119536842448408009 -0.066977803723350715082 0.87488333834086662311 -0.13229805585149723157 -0.46591455086861499613
5.2097532354929434462 8.7967405078765121829 -1.1628750730433827787 0.95797650145289858781 -0.0037585910198303599389 0.28682206271015797672 -0.27328453516995832029 -0.31578302034497224282 0.9086234901752962001 0.08715839317371092132 -0.94882398634045261865 -0.30353987784804992156
-6.1590371437673301358 -7.9166115894027804245 -7.2653949966584709941 0.045977483809537672554 0.01023128312883837647 0.9988900799529186747 0.76911704951812498443 0.63773078407817929136 -0.04193341364014287892 -0.63745198652362100589 0.7701913839329329603 0.021452202507016217281
6.5903773494620132567 1.1331914902496016406 -1.9395861854630997989 -0.99651991823703534035 0.0016794854373835817023 -0.083338057844279236908 -0.072831791880946572526 -0.50381206378855025729 0.8607374364301872971 -0.040541122924917523396 0.8638116598598556406 0.50218107654736343637
6.707250452260149487 7.668924397044312613 1.8597580912965765432 -0.71319594660156648835 -0.0016897801499294439614 -0.70096268545058115773 0.063948925300078604539 -0.99598381461060059294 -0.062663992742647237066 -0.69804160098374756771 -0.089517516032027302786 0.71043967908562821734
8.0754941419670149827 3.5243687022536929199 -4.9742649411066848231 -0.47680078635936090636 0.0046898715989138074073 -0.87899887100697171594 -0.7733589737139155984 0.47308910172850227038 0.42202203686770078939 0.41782401546982617102 0.88100210381711008267 -0.22194230143561227697
5.3701860269154364502 -4.6350574158827617666 6.6179248972207069812 0.99989510508914769549 0.008367474681794148661 -0.01182219041931789616 0.013688962989604511883 -0.81262613564521790632 0.58262455832088955177 -0.0047319246745112734237 -0.58272527749694691401 -0.81265543735026091188
-1.2187904470901704812 -8.7565469359164911367 6.1406584041512122241 -0.64717257677475026334 0.0054671969196058781137 0.76232392434475648724 -0.6985065842049845708 -0.40482127321000960229 -0.59009176284588882311 0.30537879378366294958 -0.91437948714649319726 0.26580809956207362976
-2.1615338991357613274 -5.8057727812046397986 -6.8797751929462638287 -0.91374959358670826415 -0.0028795541888913594661 0.40626763147929967346 0.11913126059268938639 0.95412008326325858931 0.27470458580730883202 -0.38841913311502840322 0.29941037871407316651 -0.87148379339413983846
2.1100323750116571908 -6.6151856726682556342 -7.4410434217751273422 0.25772490616176807476 0.0054118349546900517549 -0.96620317986737414007 -0.12066502326446214288 0.99233608406521778278 -0.026627963173175728251 0.9586541737792808604 0.12344961848692963258 0.25640274333730755929
-0.82602019590353192857 2.0405027304632752383 7.7275972719471717198 -0.10212412928956236813 0.0031683089784013563489 -0.99476661787336917442 0.52327430813474518079 -0.85029398000849187866 -0.056428237679584831998 -0.84602284878309474969 -0.52629849836356512593 0.085177637659749588783
-5.6509182366465102731 -7.8030474798399547254 -2.6778316543253297688 -0.98382991034733857649 -0.012778596625176432897 0.17864885942579183942 -0.1781910866597750942 0.17048649727043788116 -0.96911417845530090087 -0.018073299114630115431 -0.98527714969772517417 -0.17000674734360243789
-8.3829758097740469935 4.4392548848787427573 8.2266663486951880913 0.80036639742531345831 0.010391214412045154253 0.59942109783969466097 -0.34035289067516671935 0.83097559135679088804 0.44004485723396463692 -0.49353170078675673293 -0.55621182047125461434 0.66862162026545113314
2.0106740623907319865 2.1575988467240265756 -6.5384205100752748052 -0.68817171315490921479 -0.0046134436619179406552 0.72553318969636881874 0.19096677040423024052 0.96356909851586369786 0.18725993962052714381 -0.69996527472074188125 0.26741972351127535346 -0.66221998283233229898
-8.0196499866110269039 3.4424616598291066794 -8.8434522076597659179 0.95179243188595896719 -0.0090700785625004078788 -0.30660870874739554193 -0.18651183190131750966 -0.81067184836913552815 -0.55499954128144735055 -0.24352515920487141643 0.58543051503714194084 -0.77328300698883278841
-1.7783897372209087617 -7.8722087925651491602 9.160350300943303381 0.16574135107190945959 0.005495937011088800235 0.98615394296286729148 0.93594146393007993101 0.31419045957665303614 -0.15905323387963485327 -0.31071430710763436878 0.9493440629123589547 0.046930475932392218263
4.5066269784822328148 5.7135801447655039098 -1.827300543675506761 0.96659498525069309505 0.011726055001955859938 -0.25604029784834514416 0.13562595755228598615 0.82423945934784970113 0.54975895926484774634 0.21748502046388376585 -0.56611996368970296523 0.79511537061339232491
3.5257841241856020531 -0.20730979178561628751 -5.3465710930338463669 0.86760482337141198173 -0.0081476028307290882663 -0.49718757730959178831 0.4690255616976735098 -0.31868480865006870717 0.82368380778636607342 -0.16515717646214655989 -0.94782572728510028348 -0.27267104312579454328
-7.0422171710624912322 -3.1629945216193982027 4.7019984036274333761 -0.98745628478790858917 0.0067659293925607525214 0.15774760800869538913 -0.041709553896020601371 0.95241403500602128673 -0.30194009180165154449 -0.15228394119812146967 -0.30473222363693552861 -0.94018502069023113243
-1.1968365978821970952 -8.8989576902712990147 -6.6410299585943981526 -0.079166665600617552867 0.00062586880596527273007 -0.99686119763284486428 0.68960273289158846577 -0.7220796045122968021 -0.055218796942603093347 -0.71984769906297119135 -0.69180969423342009161 0.056733033748586521317
0.18033778941148687069 2.3526143974028070893 -7.1663322416632349032 0.1351471003714399266 0.012873888717410556307 -0.99074190597270472836 0.96600243466965796113 -0.22413031325521384773 0.12885999725725785781 -0.22039636447579333267 -0.9744741482818904954 -0.042726769786502888371
3.9655258107574913318 -5.9047388725820706412 -5.1519620123389398003 0.17170494290590937458 -0.0005465347064358919843 -0.9851482699988068914 0.64819283210452471877 -0.75298602796330071918 0.11339353641301259945 -0.74186485628462850439 -0.65803627786885765527 -0.12893716306110014624
-5.3089046207578354242 -1.2283256547388046176 7.619690436087107166 -0.29832416090255697849 -0.0017374331224810899733 0.95446303037263180435 -0.12246639771742480474 -0.99166291835389552833 -0.040082886524651070714 0.94657523549484656744 -0.12884734257314967021 0.29562423084030686748
0.23090128661547754119 1.0710610911538001044 6.5193700662300013704 -0.83176076704046120192 0.0052293544670330687624 -0.55510961103575928721 0.39769152036479654688 0.70328415527123655515 -0.58926467022409267926 0.38731832004472166453 -0.71088961927718707923 -0.58704383836417850517
7.6433877803494372216 -7.773796735710218897 -4.7489547085514987046 -0.98968702190508961447 -0.0018484227479624983168 -0.14323470950253439082 -0.13842916428199403267 0.26947773133683056157 0.95300530889894086162 0.036837007873508444133 0.96300484715655454426 -0.26695448901261803476
3.0850893301688384618 -6.6234085930052843949 -6.4376840394316445781 0.04619579211770390853 0.0057743982763024774563 0.99891571472031392975 -0.84114259384408152087 -0.5391787945320309916 0.042016239098021532228 0.53883678940068868712 -0.84217152875845724402 -0.020050699162529231345
6.014143276998824561 -2.3591828849876463892 4.3336700619957744252 -0.043882080290591624072 0.0069874611523607224953 0.99901228141392595106 0.58614885615221501425 0.80995446916110624969 0.020081740888078097873 -0.80901414169404295418 0.58645113459878450701 -0.039638179409489951444
-2.765291227318121603 -7.827965731348197842 -6.4649798398740081495 -0.2065682469563171475 -0.0082275656769948517233 0.97839760144435761191 0.20649638537374842562 -0.97780768372838633429 0.035374799918654158126 0.95639364394425474547 0.20934287856211492018 0.20368298166085502254
5.2756168505994951445 2.2285063685805890366 3.1750911795561314044 -0.88915755034572230286 0.00086508605397529053649 0.45760037400446168521 -0.43910563063877333656 -0.28304343379962443317 -0.85268555735639683935 0.12878313478193967323 -0.95910670220213145587 0.25205007039593640972
