1125 17.292696884352682929 17.968806560800352656 18.477561601407678893
-6.1679747866943070989 4.2136746910916018649 -8.0364773628046393128 -0.21212987509985936629 0.0020516064605763145896 -0.97723932943831948172 0.16270345084024206983 0.98611468149002134975 -0.033247887671743796278 0.96360183850759895119 -0.16605308145547112431 -0.20951818766942695293
3.4909310579562951027 -0.34666621714135420484 -0.23452183575420784689 0.091741796272983483496 -0.002993310470695441719 0.99577833020664829888 -0.98033900540772422882 0.1751640840664888954 0.090845903204925720908 -0.17469652913731190114 -0.98453470418542265996 0.013135408705016071024
0.45856751194081929457 7.7069562736711940687 3.7609783532073639556 -0.75335960208585239783 0.00031606933822088617916 -0.65760870587705844148 -0.33877303808052372514 -0.85728110565254567188 0.38768793450507110787 -0.56363298219215918206 0.51484852723059171264 0.64594802840024778678
0.019113229887828056541 4.2330463001295521863 -5.4160417194375565231 0.045223678384472401626 -0.0079494150854546516416 -0.99894525661492727941 0.65767202616812092675 -0.7524550556241239585 0.035761645122830497401 -0.75194569279284173557 -0.65859562408619909402 -0.028800677508172726343
-6.3037685733466490845 5.315634208494688373 -6.7288716633347664953 0.98194894882083461063 -0.011787620285043208176 -0.18877847842841904979 0.037310828410930169108 -0.96637443223126706648 0.25441768573287887323 -0.18542967398177778726 -0.25686866048298601095 -0.94849055201873977428
-7.4413904218369983923 6.6930867237477755793 -2.3369218741446875498 -0.99498598347650191176 0.0025461135483718939226 0.099982048342776699834 -0.099494698934936745549 0.076586106147052732118 -0.99208637387535791863 -0.01018320032478241613 -0.99705972020269906242 -0.07594877734451604967
-4.2246214620668629536 2.8609241682736645807 8.741672932761257897 0.72644618857388743027 0.0026885667988261648109 0.68721809254053334293 0.65011130009668205432 0.32148405783486816434 -0.68847897429365401134 -0.22278068271946391277 0.94691117438066341183 0.23179300084438689278
-6.1097187600799989227 -5.0492222786508609289 4.8300618212999415491 0.90279389500712903249 0.0087017774683063025404 0.42998542092368169376 -0.23705839038015885656 -0.82413088944771029087 0.51440411799333884968 0.35884049755870689458 -0.56633254906200569678 -0.74195750632007273495
-8.025556779704416499 -3.6738862266156573355 6.8369983471173538803 0.77655314380162898669 0.016202253058661540697 0.6298433947002793909 0.17640416162194988425 -0.9652784773654176087 -0.19266300344792683386 0.60485269827812737642 0.26072005701697698044 -0.75244818110945987932
4.398105974264915119 -7.838172898672850053 4.0229667658665668739 0.20205079378431631265 0.0086916833168696368273 0.97933647505458054638 -0.56559945691482582664 0.81738660537875518219 0.10943670172833817877 -0.79954532771383590717 -0.5760239508810424125 0.17006962380921872291
-1.184106325676917093 4.17890676997417998 8.7776246012177008282 -0.20305744309426593253 0.00095489016371896624086 -0.97916636124254685658 0.39795298701465925406 -0.91360545311553931214 -0.083417601041616259994 -0.89465138178529612922 -0.40660074301730281254 0.18513438591360020791
-3.7547995567617831192 5.3031012332850426816 -0.43975800896258609995 -0.9198253289261089094 0.001437136002373341423 0.39232550121773951401 -0.25095101047851292586 0.76650947596587604149 -0.59117409753337635259 -0.30157081192564627603 -0.64223138968352067035 -0.70469418012335627299
5.8766970647967173846 1.9889713466730110092 3.8807158994772543714 0.8469248778359714791 -0.002249797190341272686 0.53170780482829571589 -0.53151030406926935701 0.023997360949073516523 0.84671183016190965098 -0.014664514008328207936 -0.99970949034228295815 0.019128171601437315985
0.4157821038578717876 4.405510536670162125 -2.5698291855564612263 -0.89652885969137696698 -0.0040970543085610674691 -0.44296638460117876424 -0.094628001104243603114 0.9786475329792689859 0.18246793581437081855 0.43276037844030523782 0.20550479395713455721 -0.87777345284133934111
6.5979134546073208156 3.1489962484508002838 5.9485975868021352397 -0.096198635449357625116 0.0092524901184985429425 0.99531915181222230249 -0.93380617129260545806 0.34535569819327455177 -0.093463769352757519737 -0.34460391320163907825 -0.93842625344341745741 -0.024582714538212507849
-4.2414876686807527761 6.4896346878042221462 3.3452941286967798895 -0.44900286327264371522 -0.0065570630022818206933 0.89350625834266417247 0.68816177336743145077 -0.64037058690233950031 0.34111418191855086279 0.5699384198741711538 0.76803809564032154977 0.29204054717844374345
-4.7192627801575559587 3.258178019191518171 -0.073474341076027585573 0.018675561688478288513 0.0077669028784676996321 0.99979542838281465489 0.97993318080346358823 0.19833588811893904102 -0.019845317937726959789 -0.19844945088255849797 0.98010333674741545451 -0.0039070117291144434643
-5.8817269175362678624 8.8286953687991918116 -7.9387232726355554391 0.9929812517762584001 0.0011900597565243722659 -0.11826587580038683267 -0.034380931454066399056 -0.95386315428135437511 -0.29826671697793799565 -0.1131644165515286321 0.30023934895702647507 -0.94712731359848245649
-4.6515657156205305611 -4.7548186875659173012 -7.7388546693450228631 0.2550676716146216827 -0.0085996654023390173976 -0.96688496143640412228 0.80908646828857289091 -0.54564391416585344974 0.21829293567495480777 -0.52945214111290872516 -0.83797300952264441865 -0.13221824980804680605
3.0641542517643638455 6.2793422927533351086 3.3714570978985416438 0.75818690841660096869 -0.0028953378089985478371 0.65203084967248658987 0.014063333773842702501 0.99983013444153312488 -0.011913223996999055057 -0.65188559928019329526 0.018202177941310321296 0.75809883667599231583
-5.3290884852623410239 -7.060000139604611924 -6.8977247505721592802 0.999618193017098422 0.00025399960798161425046 0.02762976064162967621 -0.027262195707138704714 0.17188384357235531041 0.9847399235350854374 -0.0044989859014697482914 -0.98511719089808147398 0.17182514170771817641
-6.4045217146337876102 0.95540005150537232748 0.028705589947077361085 0.74001910171901863489 -0.0073295984672107194341 -0.67254591373173011615 0.025652006727832649818 0.99952066493094993138 0.017332481849085503572 0.67209649875729793322 -0.030078519952387541836 0.73985240352101822037
7.5440145638293927277 -8.5789010440551773939 8.7516973361254368768 0.99857907223681130482 0.010019895720670454753 0.052339642534436653376 0.024454849335043916947 0.786478549842502761 -0.61713325220873183063 -0.047347616992499855226 0.61753630850945506747 0.78511598559570339173
-3.8742531318969333221 -5.8496721923819858802 -5.507277856303527841 0.36209146348634319024 -0.013815003916946946502 0.93204019105249369392 -0.92863814959420010187 -0.091967772289952232079 0.35940661649256422372 0.080752456241212369759 -0.99566614611868908824 -0.046129884936063209055
4.393442921736603779 -2.5741734427570404087 4.1781022857557532646 -0.5018200667328008846 -0.0035099534662982713809 -0.86496491307504863588 -0.45466887928384430717 0.85176693734792718882 0.26032536305863873682 0.73583478501311261333 0.52390911871013667866 -0.42902960794962768931
-5.1736913760463751899 -8.2271542768699443826 -1.9231938365711815919 0.6808911349237625199 0.002281031137143178962 0.73238108883227537316 0.52145517711614730594 -0.70368967640815438536 -0.48260267050208993656 0.51426817968967419858 0.71050379042884814762 -0.48032551789926786201
5.8916130926832757098 -4.7189574787633787878 0.33630180027115619268 0.98253799692852406 -0.0016021915026654259817 -0.18605514659372676678 0.17838558550754940457 -0.27615387344355579735 0.94441390346889331209 -0.052892981337107299045 -0.96111210124741297545 -0.27104586578813805176
-6.6598145598141114121 5.2190274640219547209 4.1014218015080139423 0.7706877470569453159 -0.0080274422204011375293 -0.63716242568741743302 -0.50394176079169805682 0.60427935039489300006 -0.61716218971699321472 0.38997833050901425933 0.79673209227288077638 0.46166532778172758578
8.21412255215412479 -2.5353106915487981787 4.5514792397445225092 0.99392329462366157955 -0.0085628347091003063213 -0.10974134255392989368 -0.099404455076112133161 0.35838562420243508244 -0.92826639424015788826 0.04727831125193567019 0.93353437120789384274 0.35535663643509646237
-0.60813887212112860414 -5.1371755594820252 3.0173978095962383783 -0.046151920664970660924 0.0071528639938422053368 0.99890882304435568706 0.6788196417236826985 0.7338407545139993271 0.026108255867689972307 -0.73285325559012604035 0.67928387552707603092 -0.038723664856656597744
-8.3671832994319306209 -8.4794092485431225015 3.8681657606612609435 -0.50094822994697341123 -0.0013787259866061760127 -0.86547615220031171024 0.67988937047642439282 -0.61940418238962835495 -0.39254159365790680658 -0.53553834113540055295 -0.78507105280543576509 0.31122680993289669749
3.4452803351472787163 6.4332945877629601483 0.56367524136005353608 -0.75608332636958808237 0.0010053271239216371447 -0.65447459301581867308 0.023710220526837848254 0.99938445299191358551 -0.025856151312349546362 0.65404573924794207063 -0.035067141820873011515 -0.75564175806793876244
-5.1551713396527043543 4.3579984434289142925 -0.81665399982423947378 -0.96929494969258922499 0.0079240505520590445027 0.24577328968565734235 0.21614665136803737355 -0.44912096032331233486 0.86693193971624571414 0.11725154840075747986 0.89343582445568470174 0.4336179216505529066
-0.94871013483624533347 0.85142662789390510802 -6.8026800451836155759 -0.64122028985120271827 0.00044080538390916992192 0.76735672641463337218 0.4335539863038408992 0.82530123455322035309 0.36181322972652163461 -0.633140964432980069 0.56469255169117715809 -0.52939100976625497186
3.4182591207873622707 6.7101226201893418022 7.831631648173842386 0.60871894671448323333 -0.0029488169679740532797 -0.79338045626838582525 -0.61299859674011081268 -0.63659285988047431548 -0.46795539439476235843 -0.50368041882199587889 0.77119442115932246296 -0.38931375581590388357
6.6008052325502628577 -6.8002943387004437525 2.125491458913738807 -0.91323498910515077398 -0.0010136166404498304916 -0.4074319909575774834 0.40419611086935552935 0.12355224363526329245 -0.90628932855390686996 0.051257766555984032864 -0.99233755127665201901 -0.11242253196612073118
6.3517130356710680417 7.3766201546975267433 -1.2135613554796087499 0.80695682613932973037 0.0037757545159423947997 0.59059836134673993069 -0.15920433339053999267 0.96435482281732887166 0.21136167093059921029 -0.56874832832913035929 -0.26458556156124757308 0.77879382357357729294
-4.5827913475399517651 -6.9905382575533012712 -2.0728907855714227004 0.13367607927597430217 5.2468317403067980462e-05 0.99102507691599373008 0.41230831328757072685 -0.90934822297493889121 -0.055566754146421155902 0.90118397712301268054 0.41603582372140551771 -0.12157973826730326949
5.3778829756829731323 -6.29439580756002659 -0.29614777844317452526 -0.50233463840989855953 0.004070892053435408442 -0.86466371433733157925 0.85210203411606788571 0.17222902963698605294 -0.49422594509505701765 0.14690825201025373148 -0.98504852123548181098 -0.089985422725774408259
-7.9343465356548845691 6.5152391002125220609 -0.33936430421546581737 -0.41933286288684268328 0.0079674369060984632368 0.90779759310782903725 -0.5956779080740750576 0.75218322292328188006 -0.28175916841314430084 -0.68507501774304802034 -0.65890584995242906796 -0.3106691181349142683
7.8714543919616666301 -2.7810737156790525937 -2.0693795583033995911 0.52620650413341463203 0.0059696960504158416705 0.85033586172560582384 -0.81185782732008826557 -0.29395215927404649836 0.50445911259267961491 0.25296953023428930818 -0.95580149130829894499 -0.14983299364856747515
8.1558233356816760562 2.0570285383730748663 -4.9620858010476931454 -0.68971707915494684382 0.0066728278544818230705 0.72404821945115627191 0.63238096357787831892 0.49260738294083827871 0.59785640682071683472 -0.3526821056222999573 0.87022608535968393184 -0.34397949464041205347
-3.8966186086732985672 6.4994215765610086066 -3.0275566535929909762 0.82377647223239525154 -0.0061136057388207001861 0.56688177570046272002 -0.40369127034151880418 -0.70837869626288418878 0.57899307502844499229 0.39802723781951609983 -0.70580609695986806784 -0.58601371267919599717
2.4260333737186665637 -2.6412347330035736981 -8.0853963178376613286 0.92552537628120568058 0.0009785789781169952975 -0.37868432795989792616 -0.30567782930272807684 0.59219647719889501047 -0.7455631408982670294 0.22352593257169664498 0.80579300988308422138 0.54839199728980791981
-0.88569405893648756045 3.1408386144683588803 -8.4876519047231564485 -0.31576089133816337418 -0.0061059609219301334837 -0.9488191485959825977 0.21086008611078185804 -0.97542573498069984339 -0.063895693302197839603 -0.92511247077674096939 -0.22024384844637101555 0.30928880295744259898
-0.21768845748468776402 8.8678334407562005026 3.6693272258247078277 -0.99919590366691857231 0.0081948799018139711209 0.039247802978176087041 -0.012760515570852119099 -0.99298719534769042117 -0.11753126868031606167 0.038009411171110556171 -0.11793758441913296253 0.99229330887780353709
6.2025796474430112681 -5.8119118718262843259 -1.2003446422838730534 0.5701106946249774321 -0.0011072590436378556764 0.82156714263168884038 -0.77091077529525831036 0.34499000146446517912 0.53542364107638218407 -0.2840253024083073119 -0.93860570681567767615 0.19582889144568849105
-2.904713274276227164 6.4620925989421742486 7.2541675757149661763 0.53104965680324678345 -0.00068858570416396869263 0.84734042029113054717 0.56029871359716210133 0.75045626008230870152 -0.35054351120031063127 -0.63565054357759698256 0.66091975878564290792 0.39891535304670977524
-4.0555682421078413924 7.6082734731022068075 -4.8118164440530195591 0.093321484248318514743 -0.00091741003618518420296 -0.99563560549860119497 0.66108945271881036643 0.74780082955165838587 0.061275238275301860402 0.7444809172045153689 -0.66392249372997136359 0.070392373434633823126
7.6309920948149940756 1.0864741426126272028 -2.4145921825717913123 -0.99971064517299712548 -0.0062195219955802939771 -0.023236683789237759512 -0.01120453327132234396 0.9752027204460808063 0.22102966422719458328 0.021285778387073808759 0.22122606442383166425 -0.97499022767304699411
-2.858766147979368899 8.7656996590148938964 -4.6535384439662088596 0.99545345179082711518 0.01475242972130361846 -0.09409989976149317481 0.074553993635256415873 0.4941784568194618199 0.86615781174604544734 0.059280075496411219205 -0.86923530682596761299 0.49083179808996285631
1.8411723065995637683 2.0292075168929284423 -2.0969495719749784435 -0.98788368019365879746 -0.022801818325728775289 0.15351192620809889222 -0.15421161630375476714 0.25545988286263687783 -0.95444173507039098414 -0.017453131641510123001 -0.96655073603456942433 -0.25588095448276593213
-2.5781019722856046705 -5.9230020142658030835 -0.93251777907157473724 -0.68592117781203210125 0.007519094672046122349 0.72763699812767401731 0.5831891344407008626 -0.59236181692349454408 0.55587580566299288343 0.43520405708043136128 0.80563697846279758163 0.40192846084150762875
-3.346227085015825331 -1.3081940407554648598 -3.5468620106361017363 -0.99341899040260306375 -0.0056211588629086969848 0.11439891643103504426 0.097425916860447089873 0.48369768458918360743 0.86979580399479006214 -0.060223751389785758203 0.87521708878196657899 -0.47996681892849901718
-3.1820064434490884508 7.6936079135233317317 -1.4763210061750762225 -0.62239372101088585865 0.00053879294536027634924 -0.78270413679009254171 -0.77052782159342902979 0.1752822053162415572 0.61283197097541208809 0.13752429674936961224 0.98451808424330977676 -0.10867938903908527792
-0.18619817700525548299 -0.45516892348126430923 7.0816688000596439423 -0.53940698262257069651 -0.0036138662650493248024 -0.84203743804465058798 0.7379928374679873837 0.47949770582457457158 -0.47481419729660617746 0.40547093477048323784 -0.87753569162688083161 -0.25597740325413448348
7.2678144059422598033 -3.6965229468269713564 0.72306112591356208608 0.39073872763753036974 0.0042749982913100137774 -0.9204917007305477572 0.67793414799768736412 -0.67778482079718394004 0.28462787578842085878 -0.622678518742220799 -0.73524789090934228319 -0.26773494581461049213
4.8861772265444649577 8.7522590060268576906 4.7026984709880181867 -0.10496052624192173108 0.013326618569521751084 0.99438709221733356802 0.45861019745779363355 0.88788728289696494667 0.036508350517930721058 -0.88241712059466914653 0.45986799639418041163 -0.099304839629990426797
-6.5656982811301354275 -3.8173910455932422714 2.5150127762973721879 0.95948184423718485547 0.0052452074110089421527 0.28172163278375766948 0.27467196686351430523 0.20559803939652485094 -0.93930014202891043418 -0.062848239422065521609 0.97862246755080362082 0.19582687457539685316
-6.8367547935766195266 -4.8641040346969557362 8.3226914495915131909 0.84147693600815098858 0.0084477564446417980487 -0.5402269907892958134 0.53778544947124551356 0.083125351359074228785 0.83897376973217607787 0.051994004493074029438 -0.99650329220362532379 0.06540498546956671766
-3.0114828701744422723 3.1018398128723330132 4.9675110225239489381 -0.84646404761561289121 0.0085984579641323975047 0.53237644821611762591 -0.04099014394659687005 -0.99795460782162503932 -0.049055161060152681352 0.53086573085279098461 -0.063345617433481174463 0.84508514870309270339
7.6808203035650892687 -8.0149327393973788247 -0.21956556183290926176 0.77533764932783943991 -0.0035185953142789728673 0.6315371319422257157 -0.3310772067661252871 0.84929764743548963324 0.41119507441163727357 -0.53780982948869049398 -0.5279025720219239215 0.65732751483398466075
0.12424506160349756134 3.4699266484743258587 8.9285404776760586287 0.50149174757595949004 -0.0059124626519639414401 0.86514222524285766536 0.46275910642943868245 0.84674067811793585214 -0.26245806033913449129 -0.73099934099132546361 0.53197299443279399966 0.42736950834682341238
6.4687829574614017503 -6.3087737483177823705 7.8260190122520336686 0.22034497993734716847 -0.00316402436591051682 0.9754168743495770233 -0.87009600540154841131 0.4513558481786587584 0.19801727121433745915 -0.44088664212093603423 -0.89233843762589948323 0.096700990349697105164
-6.6334156754009834245 6.5126134888213345064 -4.5422294365695714546 0.97483914406918403817 -0.0049878812732785573342 0.22285368345833567183 -0.19000986223748922432 0.50415233664228598087 0.84245277239169658046 -0.11655425965187246606 -0.86360033724995355353 0.49051968569932313802
3.2718732676136328408 5.3148654866615610004 -6.7401804194352443744 -0.23709616291014640188 0.003455538568333535801 -0.9714800403438800247 -0.13949526618404189948 -0.98975216241895513924 0.030524214965461728827 -0.96141899307499956162 0.14275404106431749396 0.23514847121392637441
1.6910653301534703807 -4.7613872176485267929 2.2680921639642619425 -0.17687178069588260776 0.00094689016192237062189 0.98423344618667096828 0.42231870713682412299 -0.90319131022961918198 0.076761753028323997938 0.88902378078186894417 0.42923718446211212019 0.15934916592043035788
3.63572663901688653 -7.8320642138037257496 -5.3191319025083325656 0.9571137215626657202 0.0063701263739779122666 0.28964244420774581945 0.26632562935546072458 0.37417329519684389139 -0.8882933098420624507 -0.11403500841885633177 0.92733692186376737165 0.35642986715960656152
0.68650145824071007183 -1.4001752049680649126 -3.7698319302788809715 -0.39880826105911815205 -0.0053733361491680453614 0.91701859205215985327 -0.74690155832372373546 -0.57828539242731580305 -0.32821344743675734401 0.53206205754989521761 -0.81581684964427125806 0.22661163860660515912
6.8935640460898746085 2.2812669031166272759 -2.9674016642280194311 -0.71490646516512834641 -0.001610794388617357506 -0.69921824304447943721 0.51449209917436411477 0.67597603729634281322 -0.5275929082995629571 0.47350462083479244457 -0.73692184276371985874 -0.48243089837360930705
7.7567146187591475837 -4.7912135399580133566 0.55871811085481171144 -0.026591099655406867652 -0.0011755337394402029516 0.99964570300675392733 0.78654258116043240801 -0.61720568993466107255 0.020196641655430409151 0.6169632739805759325 0.78680096239971586414 0.017336785350525463212
-0.421661823177667483 -3.555840113259601587 0.25234993500910946063 -0.70379795054128013732 -0.005818204539640870615 0.71037637440276968359 0.61158854439941323644 -0.51370758392407478432 0.60171751726025091145 0.36142481538077814163 0.85794560824942522892 0.36510469198876327468
0.18336895162138167059 8.6828379692588164573 7.3380559740020316895 -0.29727659267116463004 -0.0074905211086739968696 0.95476202246580310629 -0.12649095259250855983 0.99146411894063557479 -0.031606008375990819748 -0.94637554192929584929 -0.13016448419880785603 -0.29568655818485312103
8.6374182038695526131 4.2321388872605760767 9.2084585853340321648 0.76029816770384250901 -0.00030305897920263145245 -0.64957417154771712742 -0.56670476742856767949 -0.48905753540849739025 -0.66307498341753401405 -0.31747819257435816453 0.87225147475704223332 -0.37200129304097917515
-6.6149913929011976421 7.7619548596047600597 -4.7675966355294860932 -0.99835756407056885919 0.0001179006799309855304 0.057290141933076334235 0.057203412491180667676 -0.052990746249049036631 0.99695523992360290944 0.0031533890744360540404 0.9985949964381067856 0.052896968022377977015
-4.3651894984553818446 -7.0037010313853942378 -4.381575022687254517 0.96125588196486866366 0.0034779037785276681848 0.27563568994812343016 -0.0014106812106319322527 -0.99984524730976109819 0.017535433004820473457 0.27565402113233883341 -0.017244872207592416846 -0.96110221881762503138
4.2453200382724611828 6.6444311975993954889 -8.1875827078741156839 -0.76173877142426316134 0.0016328811631996882278 0.64788222525994754175 0.12183874244047122881 -0.9817940877742288297 0.14572470638859350012 0.63632488946249121664 0.18994131438592631866 0.74767167402555523292
4.3991284594314450374 -8.1844729228035291158 7.6676544310136849347 0.95455197902516186748 0.0012921973128743064613 0.2980416909849629703 -0.13281481143926268662 0.89705764635843321386 0.42148286438754184458 -0.26681593880689841169 -0.44191165331551252038 0.85645977457370603414
-2.2512988701021066085 7.6306775340812738051 8.5112197052008458087 -0.4153960288478666385 0.0088991448908185728783 -0.90959713304185352278 -0.040760908963372796676 0.9987656218346604442 0.028386280869048201303 0.90872695982785056668 0.04886755428018887959 -0.41452053582502706996
3.2693265793206354175 5.3069223595124705994 8.7370798602764647711 -0.67772896525377823718 0.0028711446322018507188 0.73530619892962945094 -0.6334441109327951791 0.50553632097835199399 -0.58581702475777264194 -0.3734059560055184579 -0.8628005474617312931 -0.34079789805589572049
-3.0550319731796062861 -0.25341313366348583447 -8.0918923377296341215 0.99845512405741154716 0.011279483032838950179 -0.054407154915706704146 0.050773003310343678418 -0.58297387467727879162 0.81090293104595434492 -0.022571384059265151706 -0.8124126012725929602 -0.58264594559241933425
-0.23390594857714974708 3.0881034962357789553 -4.1259167013186690554 -0.99687176604515437273 -0.00032775316427695864487 0.079035274655108178621 0.068850356861643660644 0.48745232887108463915 0.87043084471902454347 -0.038811215157163118927 0.87314954025984237163 -0.48590489802223296723
8.5285223458199101998 1.9910958442189556905 4.8775471993170533835 -0.23711336214818953816 0.0060027905570460837748 0.97146344243946047836 -0.92707289010635096638 0.29748711941340222342 -0.22811679072984758498 -0.29036719842403363456 -0.95470696042752833943 -0.064973146689330768533
7.4171507031706864765 -7.048624507014199736 4.2889552000756703265 0.72003922851463919574 -0.0014927683424409482135 -0.69393175532082773671 -0.69373684859890460963 0.022248350194310959754 -0.71988484899265536843 0.016513458016154575897 0.99975136036711065302 0.014984096503977700418
-1.2692675670787589848 1.9654956734771942273 4.4629915232935060132 -0.9959744724816608219 -0.0023958234650410673364 -0.089605302269325171061 0.021955948273559559858 -0.97571180155862802241 -0.21795507939649536033 -0.086906769012860096701 -0.21904506460805875379 0.97183664942756220473
8.62145992373968717 0.92236230955490694505 -6.0641332223585804329 0.99378118441539242678 -0.0070838450044939643008 0.11112504956943758394 0.11007051208096373107 0.21338394373362665202 -0.97074804914899759378 -0.016835672606034128573 0.97694273716338209113 0.21283667078606560707
-0.82876248443476352445 7.5346354740132177596 -5.4639575078081819015 -0.63361184538177517389 0.0010990873671267811264 0.77365032243177267457 -0.12997812506450009962 0.98563372722805808746 -0.10785102111418305715 -0.76265438856459544237 -0.16889330287982501355 -0.62436634746412589259
-6.0123073316544299871 7.6668083881338819907 -2.784982560679914787 -0.094511866341279060499 0.0022665956304614431893 -0.99552115480539282721 -0.88694259115385520875 -0.45432995084228411375 0.083169319854881268439 -0.45210656610819272005 0.89083060023341498201 0.044949911790413785151
-2.4072949320726815259 -5.8126488717041562282 1.6279976326138325682 0.64285431776878532162 -0.0070369340787909224685 0.76595613953061869594 0.74442595094597985295 0.24132966882754375293 -0.62256726102647053089 -0.18046697671382713746 0.9704176794052066235 0.16037829595458497067
4.5085565692715343644 7.5758199768791936179 2.5192401815058205194 -0.60436661431919136422 -0.0094107324152021779723 -0.79665076012776381287 0.795717023451565586 0.042686050709836172168 -0.60416249442044156481 0.039691486315179151656 -0.99904421283054067882 -0.018309743960197310403
1.0387534324455112156 -2.6178860822250404894 7.9499923740578877229 0.085104082715546230942 -0.0072771181147253819269 0.9963454916127185701 0.99305332324684081335 -0.080929295499711340067 -0.085413970275663539389 0.081255106260888235181 0.99669327913955685361 0.00033915286922461959033
5.3425812581981970695 -4.7484835885829825841 -1.7555523889977562302 0.52750910117545390943 0.0080705113191988538113 0.84951104467466820314 0.39474297867384577909 -0.88778301215602672958 -0.23668397519664149953 0.75227131340021402561 0.46019147120984671417 -0.47149939645869204385
4.9498550051299226027 -1.7037234284127116268 -8.4946544954572189567 -0.63943766694872561374 0.010929252352037930468 -0.76876525775427262399 0.43216807997199080393 0.83209377261753703081 -0.34763587879372259692 0.63588538333613897624 -0.55452728067640089105 -0.53679537464965831894
-7.9170647032524934517 4.2896542713911207656 -2.5816874921123860176 0.81647568056180486185 -0.00029400585826883703783 -0.57737975078100045589 -0.53891899399978082652 -0.35925868206084210499 -0.76190518916078753264 -0.2072046837251760032 0.93323797229050087232 -0.29348442227475346478
4.1787841278772743792 -1.0050352016433428126 -5.8503241200854265713 0.87535799594423202574 -0.004025388862179692627 -0.48345855580474311752 0.35084047592548889272 -0.6827369598975808751 0.64092215131179275378 -0.33265498551598171595 -0.73065315973749167533 -0.59622698762873238554
-5.4718985788731000497 6.4501776690296974692 -1.6723390453551993939 0.92387272591304026026 0.013168892829835977462 -0.38247322334547700917 -0.23218500323580554268 0.81374576266168074934 -0.53283013993478667292 0.30421918181954282767 0.5810717804300106204 0.75485513537426962571
-1.6973576697321677287 -4.6090637849377413815 -6.7712199859114949874 -0.47059446570155466505 -0.0034846641429251480095 0.88234273724387846105 -0.88188230253947119675 0.0343991381174368685 -0.4702130408279983631 -0.028713295162301706587 -0.9994020994637700106 -0.019261107660946939074
1.5877416772854400229 2.8248266614574566447 8.4023432238947535211 -0.81768636076165113202 0.0061772163148628685472 -0.5756308343226865798 0.33986948623243307122 0.81224782355902291897 -0.47406983183053791331 0.46462646045238847892 -0.58327979145711594811 -0.66626341421770196582
-2.3087871938579702658 1.0765226279419883859 7.3730275297666310053 -0.98839499470099245748 0.011399468304252081269 0.15147734672916282617 0.15185072415545286528 0.10096507903698991038 0.983233141420973622 -0.0040855872535051906969 0.99482466039867800678 -0.10152439627674365863
6.6581330559955533843 1.8424209616140205803 -8.4436947447998846883 -0.16003469742376941198 -0.0021912635516790602251 -0.98710895750386384861 -0.98700424816847454057 -0.014378010274409576755 0.16004963891826196054 -0.014543373673068141216 0.9998942299984883153 0.00013819408954019851005
5.336681128776927352 2.8920617189370880773 0.2868811550825441925 0.036827971635457160127 0.002458018225305861823 0.99931859717072368809 -0.99829876887103929928 0.045323569452709919214 0.03667890569392835004 -0.045202528425451027339 -0.99896933496382089857 0.0041230116982093160949
5.745154651113732136 0.74873604142198069145 8.910913776677393372 -0.89736362937351621394 -0.0067314501211515670107 -0.44124052880158859402 -0.37484489795692582659 0.53927320494445629695 0.75410590297685808903 0.23287296784614255896 0.84210397102036693706 -0.48644741014650544342
-3.322329959892392548 8.8889396339233215372 -0.88479657566065250673 -0.44613404189566924218 -0.010689448100164321981 -0.89490231442387491168 0.1792594807718049521 0.97859792998256311947 -0.10105508392445086696 0.87682977550675400558 -0.20550383727051618754 -0.43466966497773157352
1.8490782292898404471 -2.5476061058055003983 0.23710134333237084525 -0.6590876616888315942 0.0059932918394555445563 0.75204224260509511257 -0.75076609153526385754 -0.064014173280361408302 -0.65745909486460196725 0.044201018204456044014 -0.99793099264027407269 0.046690512072186607373
6.6577296311385483207 -7.9830721483622495427 3.9888971929926655413 0.7864099001943305467 0.0093201061558691664088 -0.61763468530990606187 -0.59831998364310579053 0.26002032734318830665 -0.75789354565256839003 0.15353392475227811698 0.96555816240620273572 0.21005896543729205006
-6.4267170388179311047 4.3424862884367723126 -5.145700895362711691 -0.72472402880456732177 0.01674510532229423615 0.68883574495022614759 0.096708286716853802956 -0.98733727077257638083 0.12574824461552577826 0.68221887202979658582 0.15774889917616313761 0.71392765421652226721
-4.2829872824487891236 -8.0457063077252399808 7.257292762914679507 0.23368508300152815438 -0.0046011333890693395521 -0.97230145096779618807 -0.89484723957464751276 0.39012304796296154441 -0.21691571006665977261 0.38031526370666141057 0.92075123514431311822 0.087048625331774834302
-0.31761336434519371608 5.2207712705340165726 5.5411149056935284918 0.99055733861194628087 0.00020355933657862550559 0.13709893320447466558 0.0034692734169045795836 -0.9997158956920971784 -0.02358160390293805031 0.13705518255150520024 0.023834564486731033006 -0.99027662320773479632
4.8844991343995163291 2.018997472664710191 -7.0728152246464288666 0.72408609851676930536 0.0030424562332860252863 0.68970288196789075741 0.18237764880350965102 -0.96524100107783905589 -0.18721165309601534021 0.66515991697617904421 0.26134374547344979556 -0.69947246661339745888
4.8587712175712844953 3.3756585863228387723 -4.3677326301166790046 0.88685999254807745817 -0.0081411032152719498001 -0.46196653131593112818 -0.45197591248913854267 0.19224379959576706756 -0.87106836473768711748 0.095901658730983732615 0.98131342799095100382 0.16681375212258009455
-4.1156901709197137862 5.5295960620684363462 8.3031825185129726208 -0.14856292183697503151 0.0012480162964303934819 0.98890216943368391966 -0.96541608248600552233 -0.21683185429928056309 -0.14476095688682910634 0.21424482708539946407 -0.97620816909948282536 0.033418028825676224236
6.8338786946190941407 -6.9386793861671467454 0.060072648794500707603 0.59191335074686646234 -0.0057252773436546238253 0.80598126926536872716 -0.80370511640064845604 0.071239944163418139622 0.59074779409382405237 -0.060800255580560236268 -0.99744277608032372306 0.0375664393627267168
6.4691118085144880823 2.9469880633191793962 0.77313948043348057482 -0.043207619716959300149 -0.0026388534588627238914 -0.99906262969394010742 0.26016204363986372705 -0.96552576307361859254 -0.0087012579476274734547 -0.9645977465488608793 -0.26029413610996482431 0.042404599506459222935
1.8680498904821689621 8.1419198126847067698 -3.8450084540110918141 -0.16197295574313780309 6.8836876602959562454e-06 0.98679519737385201772 0.71212503185613085233 0.69225439674897093489 0.116883656621469878 -0.68311250948238666503 0.72165355270653308573 -0.11213139281382633605
6.3406060576403353579 -4.8104119284849904403 7.1109795475662638253 0.92623456791850211633 -0.0085073127544607711481 0.37685162972022090422 -0.11455646406376603086 0.94610663192538646538 0.30291757553496118094 -0.3591188406839601055 -0.32374351986781585433 0.87534209975828014549
-5.6241999370006316994 0.67097141172075724924 -4.6149870161143171643 -0.59500707111337047817 0.0047420736069983312339 -0.80370647506578352104 0.77523791658784180214 -0.26046686257596379788 -0.57546779769522427017 -0.21206781464762433642 -0.96547114210512319232 0.15130338975997084661
-2.2104041706125352462 6.6374205414726121788 3.916706691496080861 -0.99683723198873586124 4.332732842934764253e-05 0.079470315487929557574 -0.070655098738571883721 -0.45824425474085905829 -0.88601357778478773142 0.036378426893478338355 -0.88882630537111217972 0.45679799576721019649
-6.2712862701106635299 2.8071663026064341828 5.4626161851838341832 0.99265161897103559863 0.0061792617469353210147 0.12084941074928969018 -0.026297377670417124845 -0.96381080741544911117 0.26528696808733076562 0.11811524576386063512 -0.26651556095953266023 -0.95656585998279619609
-8.1133776142161941891 -5.8796650465229101101 7.8940311259798443544 0.9860669597004443343 0.012705685357643147285 0.16586294506864565634 0.098641800672579299514 0.75820320972991461783 -0.64451352810886530786 -0.13394680342310383292 0.65189451471462778187 0.74638582217089644022
-3.2360610590068028536 -8.383932439649992574 4.7451940032233146383 -0.97589730519199224812 0.0065218985784145037249 0.21813279111070177363 -0.019355448296550344101 0.99302739019136909704 -0.11628400126672301662 -0.21737022873435624115 -0.11770330143328271155 -0.96896651979910797259
-5.4344064252155233063 -7.1260794803068243652 3.0060556671439107035 0.57648106431254086957 -0.0020015819141332574782 0.81710805659894369946 0.79998130018656543605 -0.20230004016829361557 -0.56489345287403780471 0.16643167319065052534 0.97932154444692676165 -0.11502091436454615903
5.308075926782033882 -6.5549358330621370072 -3.5497890025219569488 -0.94249207878727703225 0.0084498149187614227801 -0.33412165756002137895 -0.11222941200926581096 0.93363604575981573586 0.34018861406310479945 0.31482255399332026435 0.35812335121560462392 -0.87899625983912932359
0.31847139190388429331 0.079876912052669862829 -8.7273387119999963346 0.96298080373452554781 0.0042057922026507328639 0.26953716432221186405 -0.095761124054397267491 -0.92932546283840644641 0.35662864612955180732 0.25198765596510835918 -0.36923772211451866276 -0.89451982974609711707
-1.6867059228045890862 -8.092540524665448487 -7.1691416653843411666 -0.08727068161837497895 -0.0064639954273693345232 -0.99616366370833231425 -0.96502812034570262245 0.24868344369015035755 0.08292931795257235672 0.24719335563802041777 0.96856324604905807973 -0.027940710995221825635
8.5724150190190542276 5.3605185780705975063 4.8887159033620397608 0.70888799157577009336 0.0069542996345408787662 0.70528678785020137987 -0.38642981309158858094 -0.83268828507767833624 0.39661343831014012062 0.59004221455200311919 -0.55369834532072526034 -0.58759537730949262802
-3.1984821543733144011 2.9449395190048290871 -4.7425282124828749275 0.9997542506163762388 -0.0040338230737265341752 -0.021798317500649297407 0.016076588472030549359 -0.54511334490928009533 0.83820819878173180584 -0.015263737339020502087 -0.8383526522134205905 -0.54491453352740581995
-8.484147290308698075 4.3384148526075279051 -4.7499735202669075562 0.37454196754635021849 0.012808291964448461492 -0.92712149268783283773 0.90794867292116676616 0.19768320776879691469 0.36952747760746074146 0.18800936648798485806 -0.98018227744804431456 0.062411385897219590069
-5.2076056949738864787 7.71069554045106198 7.5399835516295841131 -0.98858809615767884171 0.0055970336606904879523 0.1505398596701492675 -0.14450150879221307365 -0.31767771103458425364 -0.93712335680462088838 0.042578047067144297877 -0.94818223202376983316 0.31486118335212970321
4.7826437990778387643 6.8140431114020767467 -3.2400691911305337101 -0.98754757705024420744 0.004701909222309233298 -0.15725035806583489983 0.013810606088512013268 0.99828535781046179309 -0.05688243613526516862 0.15671327391656714179 -0.058345834734650617315 -0.98591922252657715475
-0.99504357464688253376 -4.7492378843785205689 -1.737121425325205859 0.68395079525614377314 -0.0033847928952281097076 0.72952028953671022027 -0.65087142142683296342 -0.45450363198089993588 0.60810594577393162208 0.32951130851335513894 -0.890738453022552501 -0.31306118550319556038
-8.3630130580218153824 -1.522492724019446575 3.9253327063219121129 0.99784075957674389645 -0.0081215440341459339824 -0.065175601645665201533 -0.064511844541315241375 0.065102689471869035209 -0.99579107333678051894 0.012330468006071990811 0.99784551927935571936 0.064438181326716928443
-6.404009189180865036 8.7603521015037770781 7.552307202647265072 0.55245486707673086002 -0.021595200234252737159 -0.83326302400272245219 -0.33036786554034835994 -0.9234676376198703851 -0.19510150098632356164 -0.76527818031193450832 0.38306810046750389143 -0.5173085511980486384
-6.6227952448474622926 -0.3086654259678733303 -7.9170383563088124745 -0.94228551359925594166 0.0020148312909971819937 -0.33480434781501478003 0.24955320645247827671 0.67088027864565424885 -0.69831429089940821875 0.22320664866960102102 -0.74156293878510437523 -0.63266357553629581911
-3.0944718456879432011 -8.7147604832871543579 -3.3603955505600850984 -0.99838446033965799753 0.0009974846706365374932 0.056810864953410915301 -0.017284284834712334428 -0.95779437135011125104 -0.28693413130474648698 0.054126914286588549696 -0.28745251300699870001 0.95626425736597098215
1.9930067961227038165 -3.6760822678134701391 -7.6702290378956625716 -0.96323646229823578491 0.0082299912113930340229 0.26852892757391355616 -0.25001547426053122303 0.3383570144702227056 -0.90719721857450330571 -0.098324871368661234672 -0.94098182660647855524 -0.32386018845612229988
1.7901483321870121923 -0.60352440061812417937 -9.1820475168941140254 0.73816568717886399398 -0.002522774742188424197 0.67461474478364547025 -0.42804433305461769832 -0.77467101726837295228 0.46547058332849527984 0.52143021317479099075 -0.63235943150381790367 -0.57291542323135558057
-1.357570641955366364 -6.7971636881755141957 1.5548168085060511956 -0.57521073637737529793 0.0021896109470541363223 -0.81800233151283374688 -0.66555536993627595344 0.58012519740681600666 0.46956448426450986267 0.47557192758310323777 0.81452437712920278123 -0.33223693466746695435
-0.50899200868448213342 5.5073700009724655402 8.9313901604759600161 -0.014342769305646794337 -0.0078390528116387258456 0.9998664081864311326 0.013391766354114530493 0.99987807241600845654 0.008031244938979690759 -0.99980745424427286405 0.013505167617140573233 -0.014236041762825083976
0.2717112808332096674 -1.423441074058263478 5.3343824336310792233 0.95756825208474172229 0.0013648980015923922564 -0.28820336509587785034 0.22546163251119238913 0.61935766748655196601 0.75203931545541036208 0.17952742092618015346 -0.78510777398978204289 0.59276950693879948417
-3.1955844991943354039 6.1294244972961688944 -3.9169046800784843576 0.74280881177509583413 -0.0030000994368331434375 0.66949687717892247818 0.16942842110826858426 -0.96659702125514734838 -0.19231278850193853081 0.64771064470929595736 0.25628343275350146113 -0.71748848271332787974
-2.8632690042245250162 5.1100698346509787484 -4.4163916495270116869 -0.81712495372102300628 0.0023385675556350264334 -0.57645584489007595241 0.51138621677688256284 0.46448740120240716855 -0.72300455836379129426 0.26606568229818272631 -0.88557663995034074933 -0.38074015742669908846
