1125 17.292696884352682929 17.968806560800352656 18.477561601407678893
-5.3294021393775672379 5.5931094842610038498 -5.3712647106589539447 0.36001659583138528875 0.0047712023819514726153 -0.93293369879848830895 -0.93166152262151280539 0.054292530456406640216 -0.35924800403525136705 0.048937286323117425157 0.99851367379963096305 0.023991357669959738341
-0.46340192278759123612 -0.17927428671722545062 2.2422827680154040486 0.97492344225949667536 -0.0014000617619592667026 -0.2225361129345694855 -0.19721999470098861007 -0.46868990942532684496 -0.86106564354454451227 -0.10309488553317540382 0.88336165222956908316 -0.45721290002260372987
6.1124042657779895649 8.2005463018884405813 5.4294227364180986939 0.45792380784301150998 0.0007824218149618073978 -0.88899109895813077653 -0.50470843602931569905 -0.82298466607383058413 -0.26070219409931799648 -0.73183002180268352799 0.56806304863431289487 -0.376469377194340038
-2.1687069473583742152 4.1483837918192563166 -8.4986252913242879004 -0.13757630479522706124 0.0071719394177814123348 -0.99046520567061779872 0.96486911847383627361 -0.22500354986831225257 -0.13565023686837140993 -0.22383106257791718363 -0.97433154820711709299 0.024035174092990038708
-6.1027662020498754103 6.5577337663297221582 8.8720381762704239037 0.93379174875808690359 0.012741877768199212986 -0.35759000895214360094 -0.34341422057936754619 0.31259719981566791436 -0.88563517532442459501 0.10049698032943191195 0.94980031333880821087 0.2962764278951692809
-7.3126007993547261776 8.0452992010629031938 -3.0708516778951109316 -0.50947246146931191024 0.0023529908956635000802 0.86048374443561748137 -0.84081480523203933064 0.21124236616197059058 -0.49840458067816811871 -0.18294336365922420073 -0.97743088050858706328 -0.10564373867362078507
-5.3176555743295006451 2.1087886543843690212 1.7796146897414317767 -0.90958759988117154904 -0.0034146256583923468436 0.41549818107185976235 -0.22932146472895925671 0.83800709153212848967 -0.49513208374757861074 -0.34649973153955304639 -0.54564865515580673883 -0.76302390602785641338
-4.009008796446668299 -4.551517170651544042 5.2764353761802151865 -0.9616297870937385861 -0.016285549351787869526 0.27386663443460024236 -0.25370353315971955199 0.43270870338347178219 -0.86509981810106606481 -0.10441585050411086866 -0.90138668666586130307 -0.42023727971830104888
-0.29409884765572036347 -4.2245528436812502804 -7.9529035228025950488 0.70217910180067288906 0.0042975730387847660419 -0.71198738743064804435 -0.067239993181592183635 -0.99511233978620494689 -0.072320222083210955466 -0.70881823644106167759 0.098655775660598493682 -0.69845812016013530954
5.4821134227231400615 -6.7964677098349417506 -8.002590201972987316 0.24435298339732813844 0.006384977854591022961 0.96966532966930341075 -0.52101401799324009723 -0.84250740223415943042 0.13684177079871340243 0.81782394961232862673 -0.53864692446785444879 -0.20254253430334384634
-3.8392451482706699828 3.4293385949087187292 7.2674339685362729924 -0.99551960955709606349 -0.0074357603203796711691 -0.094262487002838152295 0.094103135788662264916 0.019465012836748622066 -0.99537214804811013913 0.0092361692418945328525 -0.99978288780312607464 -0.018678073616106613541
-7.906384413857737492 6.6588072403971327873 -3.518826803728641206 0.41350812369410988589 0.0039642229492538412147 -0.9104917992903915902 -0.55504086728778534443 -0.79160432245704603904 -0.25552344766745233029 -0.72176219579533984483 0.6110211793415885051 -0.32513451234342971574
4.5227403114921553851 1.3275053643104923751 2.4778841465855725446 0.81590396710373902511 -0.0036144729802511594077 0.57817614275377082755 -0.48830876229106018327 0.53115705395092494001 0.69240648228361889593 -0.30960502117125165977 -0.84726567239777594853 0.43160816864631051937
1.7095693719811977385 4.2744776095586738407 -3.3222112288230549737 0.99664175714408731466 -0.0048621654540726214067 0.081740854314197974873 0.0434484775666961337 0.87752598427997097197 -0.47755667382033539781 -0.069407764076329717118 0.47950443820721688759 0.87479029259911689209
5.2574734545828656351 3.3624716351756496202 5.5578849209724987546 0.80324407631418870412 -0.0076201919668004436392 0.59560128151338043168 -0.1099892185223813601 0.9808256484770639938 0.16088324679304530362 -0.58540697439872591001 -0.1947382344691837297 0.78700425307677834841
-3.0567987459649339499 6.7823881178364517908 5.8037091879344266943 -0.90453918183586501378 0.0042816498421211057063 0.42636901388125969525 0.4086898094585227903 0.29382745759671474728 0.86408220951876946181 -0.1215792258906479989 0.95584888587931526871 -0.2675283147535590933
-5.7791494703306636183 3.2573600114290743868 -2.1300973719783553584 -0.19904289822268961263 0.0067162136997704615857 0.97996776331702339924 0.67709820305797396855 0.72385383916886247846 0.1325656174720646896 -0.70846308872256746891 0.68992065630309085122 -0.14862550226529677722
7.622802090827986099 8.9505363760960285902 -9.1752696327289076095 0.56247805221533808684 0.0063303889740506866235 -0.8267879818621132193 -0.073861098161206839574 0.99635739161158820565 -0.042620257617476189904 0.82350651421484810655 0.085040427776534255333 0.56089673442548682036
1.0996180149088727873 -5.6440183005266746363 -7.2130575948024340249 0.085365557291691027131 -0.0074191327569800274294 -0.99632207548422924148 0.32672610976243882108 -0.94446977153785438563 0.035027130202502865242 -0.94125595394002481431 -0.32851454628354898047 -0.078201164008897983138
2.1481795902750118188 6.666319655026365254 3.5182379703753738909 0.18432768623905831928 -0.0040160902321489822669 0.98285664015917495462 -0.9269050148267546918 -0.3333172233090723191 0.17247238078819734919 0.32691038156497281841 -0.94280618351013634193 -0.065162126732355912795
-7.2008462459440050196 -6.5490099027974926216 6.9166745911770286526 0.98294061758727080402 0.0035018803321303789387 0.1838898559763479934 0.0020155743350924321122 0.99955359151095346526 -0.02980864232923068069 -0.18391215228188523279 0.029670768974754541114 0.98249476625142051489
-0.30502087803444127845 -1.3267102420701630816 -4.70952127029879275 -0.63973090132842980182 -0.0034795427061691469942 0.76859109197808839209 0.62089432644257747107 0.58707524234547803221 0.51945442073071668165 -0.45302826542842339341 0.8095248931365426337 -0.37340974560846723618
7.7076890096037509181 -7.8125144352018853766 -6.8784797154123991092 0.90674325213194950646 -0.00060135043777849363916 -0.42168271613980129464 -0.34268853140933841495 0.58167509055447197408 -0.73771177262468368152 0.24572595539345329363 0.8134210025603488825 0.52722388739509740141
0.56930827507381798203 -6.9231329432873449647 -6.0296141271339855905 0.48530775159732325585 0.0057344466845987282153 0.87432459782444171825 -0.84490294314652902852 0.26038178724675187237 0.46726902479496812415 -0.22497867210517094594 -0.96548870578143419774 0.13121035060675817485
6.2237247986656569765 -0.85672873273671257266 5.7355282455864644575 0.1519213745690959072 -0.0030499006296383478903 -0.98838787631940894229 -0.761340362004989335 0.63734007529333192021 -0.11898941804677709566 0.63030210941358522092 0.77057661950736477952 0.09450356785717395347
-2.258293146016091768 -8.1422561868262093299 3.8151961474612581249 0.88322412415862516788 -0.0045156342561848712008 -0.4689293716024697245 0.0011547725972084078166 -0.99992966363526814 0.011803994362135979135 -0.46894969133633479519 -0.010967079370513716299 -0.88315678685380616386
-3.4343369449698823992 -3.9264530571912183987 1.7079565619838703583 0.9997400210908294893 0.017725442663023095735 -0.014342207348491601074 0.022795722164749173538 -0.79067134526942928208 0.61181629499456424703 -0.00049525772112716235675 -0.61198417663533133393 -0.79086985166181567042
-4.685571753896232039 5.626487566220423453 7.7223423724057429496 0.41493033515046906512 0.0049829913991378364801 0.90983953902260872315 -0.63946100045546316881 -0.70976213210329663905 0.29551200437284980138 0.64724218486473261702 -0.70442379689264345011 -0.29131541068539934525
-8.4045614458451112228 -3.1984840242377692299 2.8367664751484960028 -0.77309441338774065322 -0.0079151092358827317835 -0.63424157781857959382 -0.2780382253115837865 0.90296565016222885003 0.32763971049350443243 0.57010505457655735739 0.42963983250213216847 -0.70027840254687934163
-1.9156851016194011983 -3.4452840415750314307 -1.2278663959402920103 -0.79023354031032277955 -0.0044604028657769870247 0.61278956957111330173 -0.19716703513016131666 0.94865199499308594522 -0.24735511446830685256 -0.58022074422308100861 -0.31629021041109139922 -0.75053606893431334957
-8.3378840916929668481 -4.8721312356859947101 -0.98157771083966827153 -0.48183717075776133498 0.015112166774061666988 -0.87613044878680990113 0.47474777411534174743 0.84489220482839844095 -0.2465191943700417998 0.73651034741453469401 -0.53472309154894925864 -0.41427493710792756554
2.9126671593204034316 5.5146647618253608059 2.2350657957751280946 0.98143108107768717296 0.0071583493433570247189 -0.1916814835326914046 0.044409195959570463286 -0.98063196171405342394 0.19075843095150152307 -0.18660347373197641585 -0.19572867367752500023 -0.96274058286303509924
-5.2971734140434048044 4.4762676452858771725 -5.4446811715512462015 0.98516196955015356007 -0.0016829059094422144094 0.17161894295030666324 -0.17080123267453112268 0.088370990482366018615 0.98133455404239300357 -0.016817629693958759118 -0.99608620905451616956 0.086772296630957618246
-1.1225433078786652974 -0.36742876683432817986 -4.9596862703753989976 -0.63993068699336419503 0.006570303921276115719 0.76840454641459721152 0.21462017823521059579 0.96169813739435694444 0.17051355261879214131 -0.73785289518871643999 0.27403197557709380039 -0.61683026954171482625
5.3963070450738124251 5.9133703121768945721 5.1894006748447774058 -0.80201715007363072463 -0.0058513609698021828986 -0.59727234371085324849 -0.37506473053081634816 0.78316399461532326676 0.49596431872597590562 0.46486012831711986948 0.62178768009037377329 -0.63030559412743802916
7.1559560471055343456 -5.7839682173094804085 4.4660915522427773183 -0.83951858925481570584 -0.012951627650414864606 -0.54317657684865383594 0.4228235235795390623 0.61225694911490691208 -0.66810305804436764809 0.34121665581174875914 -0.79055277091511699794 -0.50852483734303788321
7.206433199796316913 6.7306608772759650705 0.2417712657581927993 0.39931044093597833911 -0.0014075957329885563363 0.91681469798115056147 0.91036450359191367632 -0.11781283798504045557 -0.39668199581740704041 0.10857090936037455675 0.99303482007447207991 -0.04576247109301224969
8.3953875061138951708 -8.0157104251657660399 -2.9987040920785905662 0.84490921385753636752 0.0007745605273812563793 -0.53490917022847439544 0.34403925152456754644 0.76493359171672203889 0.54453061775609301609 0.40959176474750486063 -0.64410868672877008567 0.64603296040642010922
4.8696829269938497475 -5.6375381540498663568 2.2459612442471290628 -0.94257443076217517497 0.0020323090659201100208 -0.33398998816339903195 -0.32835150766506937536 -0.18870650572658267952 0.92551344782777877906 -0.061145154243289069618 0.98203142740765203555 0.17853723896227979839
-4.6240110320424294699 7.5817890248568708955 0.25792518396376951095 -0.27589763869986894118 -0.013566129423622425021 0.96109128239330043897 0.77448795878497977974 0.58904287640791030967 0.23064451315775028051 -0.56925292678787553502 0.80798790206626858179 -0.15200873480793339332
-7.8001835010725395492 -5.880967718116584031 -4.1741181583438091707 0.95199696972103553527 0.014105294544270232174 0.30578229233824427702 0.20427222411205708807 0.71470443150061524484 -0.66893230901957467793 -0.22797944665721098234 0.69928436008506167365 0.67751513314616329531
4.1203670224553636814 2.2019747943200704832 -2.1449177656648359402 -0.35840602909726393399 -0.0019510031392824043854 -0.9335637695912945011 -0.25463289722415727301 0.96228627985420778224 0.095745512979580157942 0.89816880705006751917 0.2720318165054284032 -0.3453859939991105743
-5.6904374755572320055 6.4177765144102760786 2.1111511721980167344 0.58912036114535770714 -0.0051876325369967094328 -0.80802864339868329946 0.12368245826245138907 0.98877485680866727957 0.083826797989362364372 0.7985235435489869138 -0.14932304246718872132 0.58314901987942480144
3.3771644697515847966 -1.3087872504653441652 -3.3564547326399920557 -0.36179382907890778043 -0.0061999353050999888443 0.93223751589514602944 -0.69696705958255034119 -0.66232261416334281545 -0.27489211088128956417 0.6191463018522300743 -0.74919310966538299468 0.23530308398445554108
1.5382295443309916827 2.0821147694323989263 9.1336283276895038341 0.12375412055395673683 0.0085046194726212179238 0.99227646807397040796 -0.57875425595353569008 0.81289033711860003706 0.065213580140460011836 -0.8060573359640822444 -0.5823546782388528964 0.10552061349206386109
-4.2006998890575140138 8.9197018610075158307 7.3260592583621324536 0.9986472995453017365 0.0007955740895980395553 -0.051989789119462323508 -0.025823509289147596191 -0.86026322101352659111 -0.5091957746674237173 -0.045130006412376702518 0.50984954411384797446 -0.85907899804846832303
5.9036285855293941793 -4.7125338631054676242 -4.5024909782727018381 0.99225840490902983415 0.0029266559075995669109 -0.12415592041044065663 0.015891255712467022843 0.98851193669782555506 0.1503050864010043175 0.12316950060642278819 -0.15111447876142866664 0.98081276930357341737
-1.4051475686023171541 6.3366218074973259533 -8.6118642093820092498 0.99972691043740780081 0.0050045924519118625134 0.022826708082879627881 0.02327310127844001153 -0.12487362129555938661 -0.99189966300098308949 -0.0021135998659532872351 0.99216003384486162187 -0.12495599200011897612
-2.6212014346600045478 7.3736979971629974528 -7.8673006894162913483 -0.86462378542845874652 0.0077177371332900878559 -0.50236057389578903098 -0.22541450569641138801 0.88763937248891799925 0.40160259589432856231 0.44901448784319275553 0.46047451714617215757 -0.76573442443575756577
4.0329027892476210226 -0.13366864836529346316 0.074019528484512708832 -0.3160098259685190647 -0.00064367434725255711671 -0.94875569857275388053 0.087884710946969799017 0.99568036813006788321 -0.029947989946511391346 0.94467669997364089873 -0.092844979419311537971 -0.31458821071921599932
-0.073417517621143499329 8.7210749856752372011 -2.3383341125696204266 0.99375344084123684585 0.0031130019476083301347 -0.11155450701425738413 -0.055351999199532986307 -0.85423832123762566404 -0.51692653899160412312 -0.096903328120927195721 0.51987229176794924612 -0.84872996014691448607
-4.1501718274943257825 4.1784225927940887857 -1.1977312174226202313 -0.20607935403964502963 -0.0051837183063672999384 0.9785215526002548625 -0.34545948064723086546 -0.9352107024056539597 -0.077709004216405835885 0.9155266501144264657 -0.35405376875532501568 0.19093685280881184108
-4.4720657049235175151 -5.962484386023866989 1.3023904389929121805 -0.96411026486832918092 -0.0038248376421097770098 -0.26547460856459481615 0.23493269461819221711 -0.47809531848295522272 -0.84630461149880820138 -0.12368518979606198116 -0.87829962829433050331 0.46183518354873803746
-4.7733786225629923905 -0.85922901178845323411 -3.5733688170130561979 -0.85078884750306438267 -0.0092733857685595583176 0.52542586658906309527 -0.52536285929328785382 0.038482133559615362695 -0.85000764200792022773 -0.01233705960326310358 -0.99921625773047229035 -0.037612062523362167765
-8.2306322647801373193 7.7219859505317893777 -6.8209605254516354478 -0.89364537589687287333 -0.0048432479429860860951 -0.44874768532820397127 -0.36679707345105611038 -0.56825119161512460675 0.73658026727261327604 -0.25856884778662880819 0.82284088752163886404 0.50603856056370322136
1.2441197786076685361 1.0135847194398466264 7.1828740976086411507 0.69657571322696565375 -0.0040021231770396847871 -0.71747213099364282041 -0.53665674032766585988 -0.66662725578277226557 -0.51730807543269607951 -0.47621614714646731681 0.74538049669755013227 -0.46650412253204692759
-7.5190059623448712856 -5.5914078095192492057 -1.406036292164275725 -0.39067651253158736102 -0.0021350425019744812688 -0.92052555866186247524 0.73671651745032540326 0.59884699103582295088 -0.31405581389858039376 0.55192448348678080361 -0.80086061391542218146 -0.23238253292122618143
-8.5946094582311758359 7.998797596924274167 4.6242477702898412417 0.9999534008287623843 -0.0093770542697347233907 -0.0022949998236298551138 0.008569039310636480597 0.97163201323353098893 -0.23634255314061325404 0.0044460922460495613806 0.23631187383009183423 0.97166708833362414044
3.4806465462835820546 -3.4977090050948014266 0.62355568837820418704 0.90645457524769113 -0.00047424533350833497289 0.42230306428415476105 0.32331587765135094692 0.64409457760542820903 -0.69325970484206911326 -0.27167433863161583041 0.76494571715288184333 0.58399580780876370056
8.3289399018386127693 -3.6593249500549722697 6.0161501008054436568 0.48619579718084426911 0.0058002369850635197499 0.87383064952796518643 -0.48642693447246343474 -0.82893366471263307815 0.27614817929147283948 0.72594936753438399357 -0.55931684826856908899 -0.40020267242921853112
-4.1221659119807565475 4.3685639446099147065 6.0589257048681330886 0.93701265466171779206 0.0038443098362362388559 -0.34927425654642757502 -0.23031373979341665525 -0.74497618707417145867 -0.62607193033594921161 -0.26260781836514907051 0.66707998169220306117 -0.69716671733484869566
7.5873990514083837766 8.8352649656500101827 -0.80641406502339030293 0.58639723637248553079 0.0037520623014919984861 0.81001494011107655346 0.42658302641655171383 0.84865483110489570162 -0.31274893959137839428 -0.68859654569838091298 0.52893373845007529699 0.49604828150223889693
1.3638731796824072884 4.1172808227010095905 -5.9689174825248256795 0.98259037236229229695 0.0046860038568327273822 -0.18572614653935923257 -0.004057924280773827011 -0.99890204481356081878 -0.046671598620639812016 -0.18574093084463066949 0.046612726107023119693 -0.98149251671829385035
7.3730003812879454372 -7.902588285803532564 -7.9657292830206651857 0.9408561903280971972 0.0067070336977834059747 -0.33873978924825898229 -0.33866177824140358821 0.047804867813152497613 -0.93969297888816383235 0.009890858373007569912 0.99883417558285314541 0.047248921768652196729
-6.6609315949707559312 7.8094073015958240802 -1.5864567721302760273 0.31339926389985417465 -0.00065894447484785489619 -0.94962122300381779372 -0.29660301321109833195 0.94990283464462699214 -0.098545711667450228144 0.90211282772218748249 0.31254466964928462325 0.29750340423714938254
0.83533976246547447797 2.952327819911286344 -5.7712926269536541923 0.62069603621113478287 -0.0061837253453958396926 -0.78402690781164019462 -0.67761969211798367407 -0.50727038226049636638 -0.53245498601780361092 -0.39442107383581664903 0.8617647711654891074 -0.3190509296210701784
0.53687492085265731134 -2.5213433345263012164 -1.7941819153953204591 -0.46977768449271922746 -0.00039858072219996123348 -0.88278466699760016478 0.74057411234438597081 0.54409714426411981414 -0.3943453838057951466 0.4804777947812434169 -0.83902213244786905122 -0.25530951800693307829
-1.958086286390570141 8.7536404750426637378 -5.3632670352381488499 0.9877685563364939636 -0.0041006541730926448358 0.15587322973644965329 -0.061044590715352634036 -0.93003207342362270715 0.36237259878185912321 0.14348113833368342229 -0.36745547626737101732 -0.91890676126789672118
4.0444847283403646543 -2.3986126708091393134 2.8658774548312804242 0.14560446520418177108 0.0080953046188056484306 0.98930976228653655369 0.8836760562531295049 -0.45071876395683874161 -0.12636939274086694818 0.44487747449961018154 0.8926292969984676029 -0.072780291443214614744
7.5792905507918346686 2.2088805556023585197 0.23470524203811923836 0.73730448443486718002 -0.0011169802886970767175 -0.6755596565714584445 0.61608590500867377315 0.41138478370942188622 0.67171475894288235065 0.27716467105614439603 -0.91146108643603107602 0.30400400166933982948
3.7789880138748035421 -3.5252806552822995023 -5.0476505651507137529 -0.30462771316289249945 0.0078108513016814061503 0.95243947155471120336 -0.80591824846926551906 -0.53506650441660030815 -0.25337642478335264951 0.50763937313585127953 -0.84477383153925045267 0.16929099323052496096
-3.1377992161477550326 -3.5324711206470853497 8.5771437315544929447 -0.99406482936721829446 -0.0040591502120232506035 0.10871356085850765461 -0.082735927378817589184 -0.62066003812190906341 -0.77970243259774230093 0.070639092121417973447 -0.78406928289389077325 0.6166404773336187084
-2.2591844234875151365 -7.916011301344108908 5.7321512836673251812 0.96876060077277292848 -0.0052112051440211144826 0.24794302113790955833 -0.11491223009360976293 -0.89540698116291661535 0.43016452371107266606 0.2197682364788353937 -0.44521812791665721365 -0.86803383621223106914
5.1581294897816363232 5.5462157630240209727 6.7664932951494272118 -0.99953460228136881138 -0.014411676774415474456 -0.026886472718456594366 -0.022715923264853093294 0.93990379576021765295 0.34068290468702855378 0.020360885857740436411 0.34113510269132685249 -0.9397937412215372488
-7.3780447882194097886 -7.6781392665823489097 -7.0723785170983619608 -0.42339847723682855207 0.0058657532536228965819 -0.90592456772763252371 -0.51391984587566064135 0.82195549606472662063 0.24551080323265062066 0.74606978325653039441 0.56952151445552023912 -0.3450001783820991208
-2.0304662099676078491 -7.0378868931119740182 -5.5459366671707757135 0.26591847836706772323 -0.0046856947852658347928 0.96398413219679335295 0.93780507428120085667 -0.23025471695436086628 -0.25981610414432393386 0.22317931247193645294 0.97311911377006810042 -0.056834715623169058951
7.348801085914358211 7.8568972788290363241 -2.1685501298337110931 -0.88427214100114859274 -0.00095740849155331875231 -0.46697094558209439885 0.35048253951104574311 0.65945943780059979034 -0.66503777290738597117 0.30858511005382111003 -0.75173953818121286297 -0.58280605400805718386
1.475966523273275488 -8.1275856859208115424 -8.887240143769806977 -0.74446455182288762131 0.0052640273098341679864 -0.66764123681471665428 0.65843745064475456275 -0.15986106524420434782 -0.73546214274255428123 -0.11060133212288651705 -0.98712548839333136286 0.1155448635688693243
1.3968336811192687552 7.642305488890534626 8.5151090417200876459 -0.76520647454851276059 -3.0189903583107769239e-05 0.64378494110836315123 -0.056035971721327904049 -0.99620156674475446312 -0.066651393746599313372 0.64134157917796597026 -0.087077192787311602507 0.76229819710775592601
4.9723640359134373412 3.2558143963157473166 -6.154239420930403881 -0.7159796172223097388 0.0060684339323701479152 0.69809480862673733981 0.66789151836843874133 -0.28511540346383740241 0.68748100075493379091 0.20320951605036891019 0.95847398546716411349 0.20008376188294751952
-6.471736160306970298 -1.4974906107885146422 -8.1291426127750590069 0.94465237238636179384 0.012120516893427031591 -0.3278490329634661804 -0.13705267735590467848 0.92252090476729664559 -0.36079321487139109914 0.29807458626068156216 0.38575675410533699639 0.87312271055546564202
2.4701293852347077085 3.0952712939653741486 -3.5909394709953064151 -0.70607928385573304197 -0.0097477990947753070938 0.70806569280150510881 -0.69388165813041491337 -0.19006894804000273869 -0.69455168238313280682 0.14135165163487578566 -0.98172235148421849171 0.12743992771626533322
-7.6582906086409305857 2.2252931389148384866 2.8193940054533030981 0.39439533271659571456 -0.011538646442341912723 -0.91886842429680071209 -0.78739350421611720154 -0.51977020680620666937 -0.33143687428350643298 -0.47377609801405684564 0.85422818482827211906 -0.21408039890576435749
-8.0282152172397900358 -6.7842586877376307442 7.9503505452411733501 -0.9825448323487815383 -0.0048569267818679047466 -0.18596253033037213331 0.17894684714432518291 0.2484708297463587845 -0.9519665291709253907 0.050829895943799927038 -0.96862720229558030294 -0.24326459802234995378
-6.5229743036394696176 2.2076187872973629389 -3.5639243394940152143 0.35037907649454314019 0.0095944850526472249402 0.93655883350240665131 -0.93073184925043317417 0.11540143817263907866 0.34701690572452864592 -0.1047507878042779339 -0.99327259799329137291 0.049364142148632154938
-6.1411718363606597748 0.75312203523343701494 -9.2380774245215704354 -0.68049734498308844799 -0.014135584485816362482 -0.73261418817966506012 0.34330446064106251436 0.87714079932160815556 -0.33580658937712665191 0.64735261702922819449 -0.48002521123004832093 -0.59203917590701859996
0.43435575310841861851 7.9603164100839025608 -6.4839751216009036128 0.40286481748183278206 0.0073797152978198185189 -0.91522974090517816848 -0.85433061687383970995 -0.35571601181247497481 -0.37892653115388441609 -0.32835824324550194619 0.93456495694124375184 -0.13700074945157061923
0.39042185586100652817 7.7467302272723674861 3.1172819405760594513 0.74819855020465297901 0.00032175031238965091842 -0.66347481184180867597 0.65305756540129833443 -0.17686714932830649438 0.73636528147435131864 -0.11710997286226609848 -0.98423468134664926499 -0.1325418661819625088
1.773082286456395984 -6.8826155367620662773 2.379779395566905098 0.79701685766906238406 0.004300518596561688639 -0.60394174729934091417 -0.60089602223037386075 -0.094904045235256320745 -0.79367322788786864862 -0.060729721381495127552 0.99547713571808216226 -0.07305595939531782379
3.2956941008677129723 6.7900429628868765874 -1.4818163462984956791 -0.91488528410477953923 -0.010878376759686773922 -0.40356731513830873537 -0.045469384742846383207 0.996052991502921925 0.076229739402264420911 0.40114517569074681358 0.088091424311932176039 -0.91176885721255873651
1.4480977835607427018 -2.3130450054590703246 3.6296730548204765299 0.8262220552474136559 0.0085269863820994946935 0.56328004218669913694 0.21495562661358083578 0.91946196210033348528 -0.32921691760553101203 -0.52072180097415277089 0.39308649271349349608 0.75784682834761163406
6.912361569285502938 -6.9956635252706034223 2.3418428914353759396 0.38686598377243958113 -0.0015222071741947292012 0.92213469378678625255 -0.50775336609828658485 -0.83510160971748459424 0.21164078213601944523 0.76975400604081145595 -0.55009361415360258363 -0.32384531160978635711
4.9310592238489281414 -1.2681485126119744766 -7.6880536082908292883 0.99510849649772947778 -0.0085342373829462546408 -0.098418732922938026442 0.050901997072685264967 0.89812269647094566949 0.43678897511042275026 0.084664436996169489813 -0.43966213036408940962 0.89416393588202769394
-6.6230116927514934844 4.4347865763406284501 -3.2526391552161770804 -0.91245027588534954877 0.008434058804591245545 -0.40910067304892239193 -0.0078149385502969542783 0.99924600670281604753 0.038030840431500623211 0.4091129682282104163 0.037898347464599135836 -0.91169638284212650703
3.8213461813096838426 -2.3046344359884929354 -7.9886623448401685721 0.8653966861610772332 -0.0006092502693451021939 -0.50108702277678152104 0.35035449769819593246 -0.71420124380849503432 0.60594414700120824424 -0.35824614655817066389 -0.69994014898175394013 -0.61785393607184313503
-3.7390816849186436777 7.4779186120213410049 -2.9769322590475830737 -0.33969618588564964856 -0.0021867929860800456449 0.94053267844971832901 0.28752692360262455118 0.95188205049887786302 0.10606050227129895647 -0.89550810688593340814 0.30645681567696364533 -0.32272194010738775027
-3.5620137836076528615 -4.7474379900770227181 -7.1207236961548723286 0.82499904582873273551 0.0031108486139334529455 0.56512555861750091157 -0.45603715366081953864 -0.58694092615128012902 0.66897717725632677155 0.33377640549122555846 -0.80962378413032298763 -0.48280704148530501074
0.1579135847267268411 4.4003417954562813463 -6.9218453246080944297 0.99525946170240586763 0.0083837134369399834294 -0.096893329186852159007 -0.0053789459226555582858 0.99949772605526765457 0.031230794917681985179 0.09710649222717429585 -0.030561560160364958927 0.99480466434757353067
-1.332839676182956401 -0.17875757801664377 5.4399162859774570222 0.8487300581293599766 0.012097497051325414863 -0.5286879410319306194 0.10003074241904118258 0.97801746566990910292 0.18296362320337364316 0.51927944211052889933 -0.20817177380637863493 0.82886269887814700841
4.1111158513149934635 3.240939414615727987 -8.529105457539397861 -0.67424482297694043886 -0.0067026400809813962284 -0.73847748327528239809 -0.6783636898411373739 0.40088672666662383826 0.6157211517298677439 0.29191886371706421421 0.91610310937042893631 -0.27484262771211476206
1.8007140927244651429 2.0175954131837916528 4.4342458319723387916 -0.99865772501875105238 0.0024507700430196083935 -0.051737239839768009442 -0.032565179595660409539 0.74704415443855198831 0.66397631011755819941 0.040277255839381950753 0.6647699038353185319 -0.74596160599351335474
7.2568943195167596727 -0.14818853302364723423 -6.5428088966379673863 -0.36232747062755693568 -0.0046382223559596758022 -0.93203931833495567982 -0.82433564583599683306 0.46825792236483843034 0.31812774344073418975 0.4349592475540307035 0.88357965404144300781 -0.17348616063309879598
-5.9797058508354030693 6.6699866845481547983 -2.4173705377429510754 -0.78008623938068122339 0.0063402865339602602207 -0.62563988035900230944 0.11159924691093850435 0.98532350629968545874 -0.1291634469265150742 0.61563874733305834486 -0.17057956706391855239 -0.76934487980517995975
4.5052272899865908329 -2.14666498606133338 -3.5227712195982849863 -0.0253086803629801807 0.0072822499478440968004 -0.99965315961789524835 -0.57413955078883249783 -0.81871258912454170087 0.0085716176485434360938 -0.8183662058748800705 0.57415735233903697488 0.024901562941106517718
-8.4473383964714781058 -7.9560540553270477915 -0.1690927899841438431 0.46183767888937193868 -0.0045718072562011095872 0.88695268021282835935 0.33265908187270376573 -0.92609805232388719975 -0.17798969838079356509 0.82221888424272049356 0.37725521343045265166 -0.42618612170489789115
-8.1883467627524915144 4.4787967797333001485 -1.5554682284219911725 -0.62114721157012153796 0.0017883594589429235942 0.78369186759158648847 -0.76967027788612596417 -0.18972196667142895987 -0.60960088476086049525 0.14759337687526463689 -0.98183622724607966248 0.11922171769319814261
7.2600688423024779539 -8.924588817648130501 6.7527120436513383694 -0.91424574480345699445 0.0070871262770895969429 -0.40509812484125273802 -0.12774105289215276215 -0.95389380289089276133 0.27160419034388094683 -0.3844956976546131111 0.30006063628459184178 0.87299866725999375472
0.86429928041840342612 3.2318313645855427652 4.3558575270990385064 0.29292980952501629366 0.00012387115278374594834 -0.95613394006684437887 -0.56923701697243822561 -0.8034418051659939497 -0.17450067111640243933 -0.76821959438696441058 0.59538328022181086219 -0.23528154290639846646
-1.6318219448420270279 3.1429587703370147622 -9.1082067836786251291 -0.18527810451617160448 0.0085519673171955447322 -0.98264891382522201457 -0.98164992062059441835 0.044298491426156882955 0.18547527329193455592 0.045116042959268305712 0.9989817353247585352 0.00018749751370915855586
4.2686930285651643047 2.1351732017446152234 -5.1307396054625344917 0.47889130174911115345 -0.0033343871313935187495 0.87786787329954873993 0.86470593696590436483 0.17434577203101736531 -0.47104903603659153966 -0.15148189226767877491 0.98467884796884197485 0.086375938070895594278
-2.2099772596577609285 5.3930266521007963476 9.1109843377666948072 -0.99616604235112371502 -0.0035185844804125781561 -0.087411873506080151053 0.086536151779651904192 -0.18621684803993973634 -0.97869033914796299545 -0.012833958926997462643 -0.98250236898922860274 0.18580738529148685401
0.97305168429209654146 -5.8891479361494178946 3.6331125501987351356 0.83910673116249201442 0.011598026264693223064 0.54384315708137032086 -0.28045090449519288756 0.86587883960345446432 0.41424766178517252735 -0.46609782651860259817 -0.50011930667950865725 0.7298174396387894225
6.9755844686837455981 3.4254589713469245638 3.7281581199734064036 -0.93769014169684905546 0.0061031917616810836547 -0.34741898223184702887 0.33307892297867419673 -0.26900471758775779119 -0.90371173113031066926 -0.09897287119230582797 -0.96311952164077618832 0.25021022721311375614
5.9449935115746344039 -8.7657311999248417322 -3.3736731141386862021 -0.65958121443806261297 -0.0049016683939212910698 -0.75161731965610933948 0.58184211723771517288 0.6297156559030683276 -0.51470180038394275357 0.47582809098262629499 -0.77681025119208568785 -0.41249661995507053147
8.5558727554625786382 -5.6257412539575328836 -8.0395238167737321788 0.91488638280495016009 -0.0098438654618042496086 -0.40359138354415791117 -0.22514998822117776589 0.81735437502749486161 -0.53032000568279646924 0.33509758185084032034 0.57605114697932058299 0.74557004144570870885
-7.3302678367625713207 0.94554662506002040701 -8.981624459562441487 -0.66953749305392473712 -0.0044424607929742718215 -0.74276497624544135512 -0.60474557040035026301 0.58388061281093539545 0.54163292464964107875 0.43127988647277482048 0.81182737975855101542 -0.39361652023064153116
-1.2086832426657350137 8.8806524722836197583 6.5883907519353019921 -0.99964403348731467602 0.0057644545540231238376 0.026049517786278852255 -0.0062195200835617340043 -0.99982887888812255195 -0.017422127053645621725 0.025944631104167514141 -0.017577940858961631221 0.99950882542970176381
-6.4509775826173489932 2.8097235384352603482 6.3245220179067960231 0.19803163219839897691 0.0032543931730262850958 -0.98019022723853888035 -0.18127377364175312202 0.98286668396775456191 -0.033360163909110465696 0.96328775121381216007 0.1842891490876384375 0.19522862979091820668
-7.1699009203535046808 -5.6907789632724785633 4.8805017720171424145 0.53103437119437268965 0.012172485942182722715 -0.84726284422032194232 0.84687863984036837461 0.02573248452940153988 0.53116325985715850955 0.028267755345017707425 -0.99959475280029419508 0.0033562154031774888568
-8.3232650055865384786 -7.8537603174720498345 7.9346181136509796872 0.94725308182348122443 -0.0024368346001131168874 0.32047723914943709866 0.051360511479221694631 -0.98589237918235239633 -0.15930572660891167969 0.31634426948543931113 0.16736271540260674873 -0.93376443745553971976
-6.343358940010994651 -5.7602992972012225792 1.810883859244430738 0.68334910102966284207 -0.011838650548349836933 0.72999578935433784288 0.2892634445316360492 0.92243306900756660838 -0.25582003998743618745 -0.67034369227995704854 0.38597549087313803851 0.63376829730263795071
-0.89311548519511529953 -7.7516621545159196671 -5.7127223492683629757 -0.39937606808507564171 0.0059785826477969095105 -0.9167676983783678013 -0.88538430073776508422 -0.26199594164687223241 0.38399578977866249963 -0.23789366584249560521 0.96505045625090324357 0.10992825224610987267
-0.98698204315071358383 2.1439071832720482114 -6.6016308873557907333 0.48209185364711276689 0.0014543646460402686812 -0.8761194721444522937 0.38555990942062456917 -0.89831134911487497963 0.21066626758732784341 -0.78672167943604975893 -0.43935703576372775458 -0.43362932814827859218
-4.7463290719552224672 -7.8490777944414373835 -7.358887382194224891 -0.37179198454370648852 0.0062138955941492858559 -0.92829526969087816646 0.90320928135004874271 -0.228570360684093421 -0.36327480548409163408 -0.21443813632788991108 -0.97350756428386187036 0.079368179832686722164
7.3287588154005751662 5.4670170035546821197 8.6732368607632377433 -0.22467826341213611996 -0.0055845484839139947555 0.97441700045112422668 0.5833777900654910642 0.80020099950946255163 0.13909965651347244719 -0.7805062664758926072 0.59970590559223846405 -0.17652986939743658956
0.37988626861856217287 2.1226046575441137598 -6.5920699986999951037 -0.52571307639500786113 -0.0077408453075240128693 0.85062673401508681614 0.62196348674901458242 -0.68568371782175008278 0.37815242993416381401 0.58033368199526269571 0.72785844669707178145 0.36528741986789958762
6.580598157378648061 3.243780563215238999 -8.8744483819320389983 -0.62213775555666539496 0.0020001054761592017631 0.7829052386395646268 0.11314917109869382372 0.98972773256439827705 0.087385813909580611902 -0.77468824580642070554 0.14295109293411836782 -0.61597330042656295301
-6.0580247415736714345 -8.8491030465470341682 -5.4590364634725725423 -0.90950052116968427285 -0.0089255454040476842059 0.41560694969080996808 -0.25360796727589446364 0.80407791855593380159 -0.53771897848701277756 -0.32938093588760641861 -0.59445692487347190358 -0.73357287541411553278
0.0086353339315730689302 6.4873620749712648248 -1.8485110828580164632 0.80844186686419350352 0.0053217234051342503579 -0.58855197490207966649 -0.56077169089688938541 0.3106762062268194069 -0.76747339079157728126 0.17876481362327401037 0.95050090696663835921 0.2541479239847193039
0.12523638641611531397 -4.4806903033903289213 -1.2860728486006582916 -0.79062782970250067294 0.0038345958278290285214 -0.61228500779856687153 -0.38812905813272569056 -0.7765465635868030736 0.49631770955117221478 -0.47356464092328537374 0.63004819693105540424 0.61544764229861048666
-6.0801440208673884769 -2.4023773278155400313 3.3951559090400795782 0.87307788723299473155 0.005057639742327943097 -0.48755453346789306979 -0.18397834445199093278 -0.92261223613251086562 -0.3390260027063988213 -0.4515384497442586631 0.38569558205721321542 -0.80458184567134360954
-2.2644875283204708438 8.7436436944396298543 -4.2974358887959773767 0.98566052547128668593 0.0010013547337085438801 0.16873744639652499266 -0.13903854653700495336 -0.56179086726455784717 0.81551168234123028178 0.095611772834467326221 -0.82727868263760839795 -0.5535958545263517383
-5.2483001746312636371 0.97231607479438197927 -3.7783501595513633298 0.98924124456869466648 -0.0043286678993158722237 -0.14622934957923139354 0.072930432388230062579 -0.85190564261072121433 0.51859225613236026309 -0.12681842167373102992 -0.52367741857268113037 -0.84242450652953437817
-6.4943642186847192477 -6.8945588091469369729 -0.96932809710432144001 0.4953659193767178115 -0.0043451663827660663708 0.86867354365681370698 -0.78359949931622296937 0.42938446498143006957 0.44899978385720856755 -0.37494590355311541163 -0.90311134460921815847 0.20929756005938499053
-0.65159611284797858133 -3.4433476864450440758 -6.0805714883113068936 -0.69478772964108848065 -0.0068672465363232692431 -0.71918207129022493351 -0.29104308845049087218 -0.91173750857170543505 0.28987693272988546145 -0.65769592624978778783 0.41071590715325578813 0.6314653689680017612
-2.0577179679307984195 1.1834480755056111523 -6.15007062368044366 -0.58416414821174156291 -0.0014268363783419692019 0.81163428468869891486 0.44908712651717486164 0.83240503476661675819 0.3246884828442255233 -0.67607174230284827754 0.55416587970844111144 -0.48562040425240937669
-7.1682579462455704444 -6.9446864016674840769 1.5873120069164465828 0.80707992600539513184 0.00090726241260578443376 -0.59044150422744345885 0.27786198478392909461 0.88176211745238641804 0.38116700491736127399 0.52097476949583865213 -0.47169348638771413373 0.71140041077315174789
2.2951074641099342699 7.8773040242943208611 -7.3489808718326221637 -0.75830178953026905475 -0.00071657961484589648409 -0.65190327695821148613 -0.50443606355711789746 -0.6327977453851592049 0.58746171893849841172 -0.41294388696060596589 0.77431679560046329236 0.47949019413621385421
7.3674735855013491204 -1.3793633522412920289 6.0893791890074790984 -0.35370390807596946425 -0.00030941548206223513234 0.93535739141445750633 0.63441769168663875167 0.73474047592340552271 0.24014709141376466839 -0.68731924015468615075 0.67834824190934472909 -0.2596842791000940065
-4.6753275567753753705 8.8736414352482775314 -7.2186578985879465975 0.60365718202783402724 0.015092631599074941146 0.79710113477358957024 0.54679283704601289173 -0.73544675594072628222 -0.40016954223355133413 0.58018583224789388453 0.67741440909347849786 -0.45221025907342726757
-4.5717805046535024971 3.0636840430770861943 -1.9029703832419826437 -0.13240990576268918399 0.0097005924244648565613 0.99114757496664207537 0.9103202327875975497 -0.39442840376433591087 0.12547233990564793382 0.39215391191915033309 0.91887547187323870279 0.043395582218689922327
-2.9601686653581151809 3.256138673202233047 2.777059598307378252 -0.63472592383929449245 0.0056749635715184799933 0.77271650454415141684 -0.50948462057564758432 -0.75491165402254178929 -0.41295740218319393344 0.58098917632197699668 -0.65580194373736389046 0.4820533036785797365
