1125 17.292696884352682929 17.968806560800352656 18.477561601407678893
7.86830717589269657 6.8462032337528757608 -6.5712798679520707523 -0.5390829954141448388 -0.014381113582739472184 -0.84212986387340416083 0.63207407735752463296 0.65391569058075382781 -0.41578435557996729077 0.55666137353716349523 -0.75643073257540616172 -0.34342490012739540495
0.48838423335172287398 0.26722698006888356836 4.9568269163196339022 0.047185364569095389342 0.0051031938725740683474 -0.99887311445591064896 -0.61016232507199907875 0.79188888931522205539 -0.024777490623148022003 0.79087007683498433686 0.61064387689659171965 0.040479342579204526109
-8.2188007274794916412 7.0559040601168092621 3.925175174252622412 0.1012153836088375003 0.0004444225034405521399 0.99486443730270557317 -0.96037543013828263749 0.26106558573160221215 0.09758992331858976077 -0.25968149588990824261 -0.96532096342915008069 0.02685066585968540892
-4.3783052550254533131 4.6437125632902205297 8.6834425273429491909 0.558940361420002918 0.0061928515744695857015 -0.82918473271358206222 -0.58033475996518002482 0.71717531707276227504 -0.38583821863315781453 0.59228138477599823197 0.69686527619831484248 0.40445215795818323379
-7.296140187493510787 6.8547533664093176498 -7.1698546535993079587 -0.94517529565069613451 -0.011388326277183835611 0.32636477523828316682 -0.2939207906085941624 -0.40587146158456977041 -0.86537790907778899818 0.14231735431716766027 -0.91385921382671120305 0.38027241283628770985
-4.244070239755838081 7.9136478740365800988 -8.2663204609019889091 -0.96343193598517296028 0.0064620914231961834942 0.26787524353329383864 -0.2546625083480973939 -0.33302414638899152655 -0.90787770363843200983 0.083342135594483113259 -0.94289615509668256443 0.32249175049622769151
-7.585038310817973084 2.4505014949109513722 2.6859115732184175585 -0.29901247035283473608 0.0072536068174082818025 -0.95422163450722408129 0.20456175622036781858 0.97721169968926835381 -0.056672584926394417582 0.93206546468897100155 -0.21214306299835661296 -0.29368229493134540009
-1.4185292152587054559 -4.4321775216057837099 6.7124205029311019288 -0.85364019830479143103 -0.0062179687056310387755 -0.52082602537074706994 -0.52073418895779033377 0.032437039988053750772 0.85310242227256516401 0.011589490447499347509 0.99945443883248852313 -0.03092747013857412991
-1.5444151236422645201 -3.4140635384474453673 -8.1859596966172141208 0.92568526380446469748 -0.003510385085613758685 0.37827829645873856101 0.35151351879270392731 -0.36156501402370183618 -0.86354443240634592982 0.13980357106031071623 0.93234029079019042907 -0.33346145757532358322
2.1796490960653125413 -6.4203898415181797077 -7.2320719078300932381 0.61973780917341869667 0.0089817720198670583653 0.78475752666181608497 0.71906495208179965761 -0.40712646029928373226 -0.56319946733986481213 0.31443702480579954761 0.9133276373217266153 -0.25877013802946885468
-3.6435788017997672306 2.6561460505277203481 4.1841749733913662368 0.99837532454379385172 -0.0042607456330015832519 0.056820395888751172586 -0.045069851958579931761 -0.66918216608826475156 0.74173036680035042689 0.034862871177713049275 -0.74308618250921409931 -0.66828699342224928692
6.2093621606015947378 6.7858744576966065765 -6.5171695141316723365 0.78759481247410867422 0.003798717379668336766 0.61618177602862145292 -0.30720259944241512517 -0.8644244488642564006 0.39799112440062500706 0.53415444794502098258 -0.50274838831365831204 -0.679649235847899158
6.9883372568124828561 2.6213804970129119809 2.3849451464311264282 -0.41063763849744472356 0.0017752147651146836342 -0.91179689540047359486 0.27349218679568876311 0.9541935446716242053 -0.1213124192699600451 0.8698153560447435817 -0.29918477220603467703 -0.39231329122160335521
-1.4555922925706903381 4.6637054872238996595 8.7940482825677666057 0.54106846759217364085 -0.0060480227008908290023 -0.84095679722507121756 -0.8004404004255156746 -0.31042601615934617421 -0.51276783621618626796 -0.25795363681112737364 0.95057830288356182091 -0.17280281057644053533
8.6300809884204365829 3.6396635288231844463 5.4539001699888141061 -0.94929993583236527144 -0.008987784762694262311 -0.31424329993431016073 0.20346701874807152088 0.74442795571726927406 -0.63594668882593075043 0.23964724932748140973 -0.66764229829426435803 -0.70485669282336271824
-5.7898601403058380654 6.8930694471311122484 7.9610364992638338322 0.66706215889710918088 -0.00076032093867418317976 0.74500167656143301276 0.30061891014886549245 0.91524761074465144084 -0.26823512426039314294 -0.68165705969223777672 0.40289109314828097652 0.61075561400063749229
-4.6733609631459858136 4.9487325626235261211 -2.0513346147435518319 0.89910595765474188301 -0.0030595736159871669835 -0.43772036269627095928 0.001890179581585309937 -0.99993911247712574664 0.010871916078125667959 -0.43772697441533620077 -0.010602374609019311891 -0.89904543017662386095
7.8397277283042443585 -8.8290417351575509741 6.7928878256220475151 0.78589117033971900295 0.0021939268787671251625 -0.61836094238480732166 0.388917783840904141 0.77569080434439319216 0.49703795978560405544 0.48074736171326337697 -0.63110931124508606871 0.60875529686846074906
-1.7766118706496398794 -4.582820660829407089 -7.6542006370009074701 0.6951503613423011263 4.095011282948717371e-05 0.71886436373528872501 -0.33962406661144745046 -0.8813413016409934464 0.32847070402028766267 0.63357830495025502238 -0.47248016714401003258 -0.61265081665801135458
6.9807269167416894362 6.9079294705319664871 1.683218297790476603 -0.93449854508482854687 0.0054050483162496982745 0.35592591179490462583 -0.063352843467683675471 0.98139638469959067368 -0.18123893986488065488 -0.3502840082831982782 -0.19191644419250863951 -0.9167710684733384463
-3.1664911183791391025 -6.5042332802202791342 5.0029690877804577909 -0.20644087243405617738 0.0018933072799146148137 0.97845724565561520425 -0.63466433301928504296 0.76083776167399697066 -0.13537756388685648345 -0.74470353200573757846 -0.64893937759882447391 -0.15586639669873211811
1.1244859168256873261 -0.86480773413191347476 -2.8615743425696664737 -0.72264731929282211009 -0.001025605292028460621 0.69121617461737938637 0.12732521912064945213 0.98268936015536678674 0.13457306570636420884 -0.67938879921207462331 0.18525811607455430763 -0.71000724639533896454
6.6527146666962924115 -8.7746931430155967746 5.5093006098518895186 -0.99989754825062659993 -0.0034348753341653490319 0.013895849525912225275 -0.0098714644939955145664 -0.53752965980266864676 -0.84318706051578773408 0.01036567370443462581 -0.84323784691155234672 0.53744068169883429942
2.3309253508439731206 -7.6067967804819272004 -2.6330072628527276812 0.063880980578047849572 -0.00012919506089742547467 -0.99795751594400672335 0.97360958058567781404 -0.21953759651599497049 0.062350848495187835563 -0.21909724989708367904 -0.97560403188214162018 -0.013898491390190474346
2.4114581676830080248 -0.91231589106322896754 4.087141358844800898 -0.62435721617152684093 0.0067909362697875213372 0.7811094352260095075 0.48309648862645643286 -0.78243643194462531021 0.39295166705648226779 0.61383698918477069828 0.62269343432416701667 0.48523915501375475268
-4.243921212310410418 -7.6831383476980459335 1.8236577345016582452 -0.35390579749093559192 -0.0016207598394963173422 -0.93527966921121075128 0.68327845298344169755 -0.68329608523736007353 -0.2573655291374762899 -0.63865580886038897379 -0.7301395983216255603 0.24292987624402068159
-5.3588274593632210241 -3.4714529134726213044 0.55976006152631441193 0.9177738933790516862 0.0027765342860847962506 0.39709365581573918824 0.26216277115617964144 -0.75531872056017124173 -0.60063658878818959597 0.29826458397099664399 0.65535175381535304417 -0.69393970683310179925
-4.9270753740118635733 5.5916197678324239817 6.4793670375497525171 0.34195703463528626109 0.0051126642283835623329 0.939701679858117922 -0.64249526849416349616 -0.72846867551365512838 0.23776715239446744032 0.68575886171899003152 -0.68506003347123689551 -0.24582012552723311871
-5.8394054559528969506 -3.4237736272115455449 1.6500535157381270857 -0.95051762920346594132 -0.0073917316320552504949 -0.31058267639436104579 0.15371238180931687256 -0.87996411883177283464 -0.44948376305131293451 -0.26997914780845400085 -0.47498264375843046725 0.837557608691308908
-4.0219524149567602578 -3.2314151848795549249 -0.40751246446609262764 -0.99624749344322804934 -0.0044219813010559138808 -0.086437132586097517595 0.054648475471720331376 0.74229942455827879755 -0.66783613890614079711 0.067115392697554232537 -0.67005373693590741802 -0.73927228656384269545
-3.7616744477425418935 -4.3611050544685241448 -0.597615766868030307 -0.53082231217481856689 -0.0046082531009714981785 0.84747061123117239934 -0.098146537658512417179 0.99359103799464054685 -0.056072331523908273965 -0.84178080878759953265 -0.11294075092817312811 -0.52787257623102190607
6.3784699863499785266 5.835084550460355679 2.6636732586377784848 0.91851515068640399164 0.014678466578720917798 -0.39511322501072676516 -0.24110885884363478238 -0.7712099151084025328 -0.58915344777535916254 -0.3133631059116689932 0.63641166665708404082 -0.7048288830603220978
-6.2891752952590529446 3.5313344817219434191 8.9673696768402191282 -0.97586250139546015792 0.0030666614577554941398 0.21836431475239975741 -0.21829223959355609219 -0.042970734403008449542 -0.97493692827672129297 0.0063934734704038393566 -0.99907162484582379136 0.042602956759082710736
-0.4063170614071266451 0.18537042777302878416 -3.4762057981562284326 0.44002070020417399787 -0.011388073539911707649 -0.89791541649137973646 0.30076503367391888011 -0.94029743128220544257 0.1593145795066545356 -0.84612184578294158399 -0.34016327330444540156 -0.41032519979110948505
3.2684346680650624428 7.0679760873249195541 0.87470624181748124482 0.55613726433565746632 0.0049366641047869971176 0.8310757923102383149 0.59457469112960914526 -0.70105064568059072272 -0.39371173319860702788 0.58068259822784729085 0.71309439875654678787 -0.39281560378495394836
-8.0428762148369958851 -5.4280819780742461944 6.755460691633750514 -0.30802939285042629791 0.0082657128198646255546 0.95134093317379309074 0.89746435689472958686 0.33436208815847229259 0.2876798952061014325 -0.3157144615688259881 0.94240844223381392553 -0.11041153364772522683
-7.7730839405393403752 8.0638737187616129631 -1.1415648026625941913 -0.12461850847741795523 -0.0021723402363420553363 0.99220235248827559627 0.77509241670623674203 -0.6245150745112766355 0.095982640475087588339 0.61943681914263126753 0.7810097327473247697 0.079509901551016795573
6.8134968217687239544 -7.7052478428376165454 -3.9693336484558052746 0.89299360466472510467 -0.0029463343235615392125 0.45005970841859582743 -0.22558136125678432404 -0.86823448368977751421 0.44190715177007827696 0.38945535235933237406 -0.49614534205808685785 -0.77599247939180215905
3.1022604009721796992 -5.3752843666815932622 0.88515658726856383254 -0.6992864950683381764 0.012522972147578062888 -0.71473181892495707412 -0.58776444094526147932 -0.57914012639161382978 0.564915636146591571 -0.40685545317117199904 0.81513182318657262382 0.41234542686125774669
-3.5518184720449013092 8.2165048969572893611 8.5325954662139356088 0.97930841086281117391 -0.0041135805248022402208 -0.20233169516601806626 -0.18080409269709424303 0.4313494525283855241 -0.88388207916386063445 0.090911586046152459417 0.90217555290456930006 0.42168039468756896015
-6.3723641719625296886 -6.7550968497199139762 -5.9288393604265792192 -0.31703598682367056805 0.0038069363875067128294 0.94840586791412984091 -0.68839384288615945717 0.68693725502896485491 -0.23287577102456383238 -0.65238186680473730927 -0.72670675990289357316 -0.21516315896447349432
5.8430779302314430623 1.3487505554036143263 -5.3548946565689252708 -0.97620250468044356129 0.0073430749709277555112 -0.21673658921737984362 -0.059783289738196708496 -0.9698119317061396627 0.23641229957144055396 -0.20845773702046693776 0.24374350528886928879 0.94717182997887994222
-5.1823596260288518067 4.6331502495448271262 3.6078657241370200026 -0.27712233038083555758 0.0019635270500770697286 -0.96083263816644326472 -0.87875362956870395337 -0.40493746323426571543 0.25262167244555466805 -0.38858110160445941128 0.91434227476965757031 0.11394266999214727742
2.9071643940032170228 -2.1115013830130844319 -5.7883425243699120344 -0.7787465834572890877 -0.013867713880986495822 0.62718533565845946409 -0.57476173705220923171 -0.38487301067887547124 -0.72216460123143033645 0.25140148045344834493 -0.92286534887960858242 0.29174791081188200526
1.3529669710688032591 3.4600627562204087084 7.3558789848480241602 -0.096227584894266748883 -0.0024520125731426131721 0.99535633797125944167 -0.6668676639611846868 -0.74222097698157674106 -0.066298869457299403063 0.73893691927539850717 -0.67015073600106400686 0.069786964176229260293
-6.9213770981864577436 -8.5960144834760630062 4.9529263334771762572 0.08479589650302074566 -0.0022885024138841669403 -0.99639571390732273315 0.57980049854192883263 -0.8131475268708207027 0.051210169245442319075 -0.81033390514442438235 -0.58205314387975692902 -0.067624698689950094033
3.1887218356937396813 -5.5123293408359828049 -3.7438244750260540883 0.24192943944337999551 0.0078107912267837611292 0.97026240670830798951 -0.96862658234065412977 -0.056651392041682700762 0.24197761004481993519 0.05685675257938887367 -0.99836346653914798122 -0.0061398995089799223226
-4.6616889021097929202 7.9970882527888509372 6.6435743602861627721 -0.06157452253271871595 0.0071652032074048244148 0.99807676961147806516 -0.97084072513118602199 0.23168719649176794384 -0.061557529259623273987 -0.23168268084111010019 -0.97276395021857320344 -0.0073097574233669483298
-4.0242092380292469045 -8.8429387049789358599 7.1761514540625048753 -0.90975517637091418699 0.005037775873167728638 -0.41511461053616188766 -0.3990198414823165618 0.26536961616577281475 0.8777027588651037382 0.11458047464519018066 0.96413359428574485488 -0.2394112094280490266
0.55768607844120410277 2.5490545097711718725 0.93576858886722125153 0.91156594430472437374 -0.0035007745400703446821 -0.41113899567069028818 -0.39117483243739364918 -0.31530844119652068347 -0.86461716231956087242 -0.12660876609137936 0.94898278777210132162 -0.2887938518409194355
-3.0575922125818553177 8.9679937421523483465 -3.5727085249400332145 -0.70864584798927887643 0.012722478629375196663 -0.70544964431575629682 -0.6791967195334122076 -0.28308001772585900113 0.67716875277843890935 -0.19108343283191223105 0.95901190925966939282 0.20924454495947086841
-1.4583910475530437179 3.6593888984616493865 -4.7235520189961244242 0.41349970129030938493 0.0062532271790205224554 0.91048278082718558935 -0.8168329137762095904 -0.43922584226547906061 0.37398482650706155184 0.40224617835893883289 -0.89835491685406720919 -0.17651191279876343732
-4.8654169061998313595 -5.2614956824266529978 -1.3694853239029405323 -0.98317131578114358437 -0.0060591453579118643644 0.18258546103861719723 0.15476664713265739226 -0.55864993951999575295 0.81483589145893997596 0.097064147657298524563 0.82938141517162355942 0.55018634971051050275
-2.991100699503553173 -2.2583021338457336391 -5.3568042406302280867 -0.40386151315525553596 0.0026881023483518382 0.91481618497802741352 -0.11972540180635690699 -0.99155014822795550788 -0.049941282636751717361 0.90695187653704001374 -0.12969609730009168391 0.40077077736640376315
6.443753651102282376 8.0006605190392328097 -8.4086174907970576697 -0.37754450944062445394 -0.0022155660925303713622 -0.92598878754445468342 0.27399731126016185767 -0.95548466923946084872 -0.1094281511780338112 -0.88452564508532216525 -0.29503243570005555085 0.36134504987862942071
-4.7928050307553764497 1.6084222495430151589 2.6785241773345895844 -0.12497822079225615055 0.0074790448362411655198 -0.99213129585558790247 -0.31315096974313921807 -0.94915418774547777314 0.032292383523355852604 -0.94144405807042641499 0.31472272204754958569 0.12096567178505562845
5.9144283157898041026 -4.391874348872272904 -5.6801552201345524296 -0.65892318422853446425 0.0095514986226126578905 -0.75214959028125827345 0.50343595409373353977 0.7485541405228608447 -0.43153092453734781531 0.55890292306618682971 -0.66300487749359049428 -0.49804824566281152842
-7.9748517003827652516 8.0850193395626597237 3.1675033071263549722 -0.26092817222544861799 0.0044793413320426481161 -0.965347825625717193 0.96535754092794023862 0.0023950316452403925226 -0.26091968495484568757 0.0011432902621421082989 -0.9999870995791637629 -0.0049490971629577128199
3.7302929355393148469 -1.0810295654313366587 -1.6375308182000203328 0.2090790059591167982 0.0046358410853001852381 -0.97788776362344653759 -0.01494811153635359699 -0.99985677670761330393 -0.0079359960463076233833 -0.97778449733483041584 0.016276825525212271217 -0.20897976390587580386
-5.2927574581594720726 -3.2989193781815457918 5.6347158991640862169 0.40493706324389838747 -0.0015176916390304798395 -0.91434330063896707141 0.73564557292745658135 -0.59332901376699043183 0.3267816892892159153 -0.54300236265031898153 -0.80495861883356290001 -0.23914442523691312181
-4.0024538128969995299 4.5568697287236368254 5.3599547978707375862 0.61998339709430472233 0.0012999100555501595655 -0.7846138525170484046 -0.16431946879288936159 -0.97760785078685086269 -0.13146102941686013676 -0.76721554957092197302 0.21043098705665502779 -0.60588703582713210327
7.0066828829443768001 -8.7674850657533536236 -5.6424397371671384249 0.78622475875896580266 0.0022456010020192656781 0.61793655498806054904 -0.53923223050338076057 -0.48588922855576771598 0.68785191659235911388 0.30179335695272807571 -0.87401751404052752115 -0.3808072410675850672
-2.0329665323515619946 4.7695218071026914686 -4.5572309642941393193 -0.21192609074903423494 0.00080150256410009730612 -0.9772853675631688608 -0.71799614045644877258 0.67828158328221033191 0.1562550353422201832 0.66299990524094243316 0.73480164083507837347 -0.14317008862459731922
7.1856874069379648162 8.9706870851240605447 -8.3227771437615700734 0.38903235338031333379 0.0066891290128698226505 0.9211998065436987071 -0.91507362725408791793 0.11816423860285657499 0.38558717486376958838 -0.10627363138302862999 -0.99297153447034403051 0.052090757377977456311
-0.17538179591673747071 6.9099860896510847397 -4.2778385990483291934 -0.94520423201912129318 -0.01303966125950451263 0.32621913954807379987 -0.18966701964349599874 -0.79136102680092001993 -0.58118340213740449229 0.26573554792829989779 -0.61121002322834061538 0.74552459789888170238
1.4552515890176407343 3.6715735393732917835 -4.8022536939555369173 -0.22295516935053363849 0.0010871016942281459296 -0.97482809288091143429 -0.076409154679062424309 0.99690327937994682728 0.018587432387101417847 0.97182952905378383601 0.07862995467016001272 -0.22218167495870819184
1.4197697760593148697 -3.0496795156131737414 -6.8159088163703680507 -0.82984116243092931331 -0.0052318948320055746332 0.55797515393764418601 0.50716552500209710619 -0.42406920822397586868 0.7502988983635598963 0.2326945968100291029 0.90561467187377542309 0.35456352139285374214
-1.8103191181473579086 7.7793519856657527001 -5.2126596769868527304 -0.97983066905033655569 -0.0019650910159857678042 -0.1998199149380738282 0.19621774409862691169 -0.19872036845182497466 -0.96021289934232512131 -0.037821381378636942383 -0.9800542605284257025 0.19509789730019219678
4.9082776174377764633 -3.0741275674563466325 6.763191869061370376 -0.54022913623426838114 -0.0053904066170093970639 0.84150069749217393245 0.071528999933004072664 0.9960663717522829641 0.052300910435389272313 -0.83847246975187794682 0.088446179003382641159 -0.5377185052493411721
5.503318363167023719 2.5732837562714219182 -1.4798924065529868166 0.43856236794512581945 -0.010492673371941409199 -0.89863950126152780662 -0.37889474331562500442 0.90456004522574828819 -0.19547352267937762038 0.81492442772925544059 0.42621711414071067336 0.39273037659889220574
5.4432710024639598956 -5.4536719396228354739 -8.3970449229537766911 -0.75351530698372026773 -0.006416214547025217603 -0.65739905257952357953 -0.44222008360894848877 -0.734979540457890268 0.51404909567235856915 -0.48647310284767386612 0.67805892612635776384 0.55098095512127831519
-1.4029438664443525386 -4.4185319695319558164 8.0332663236381129934 -0.88718473792865593097 -0.001772026261518096571 -0.46141098893423676541 0.34179101513338228102 -0.67430373782280950135 -0.6545940506389241742 -0.3099711966625463555 -0.73845198156740543549 0.59883764757946400525
-0.33351292578217806017 -6.3855630477750802143 5.1088581411130418175 0.28145920558458942251 0.00066820854504250960272 0.95957296183704110515 0.75133931272081944108 -0.62218354222322913571 -0.2199474413279023377 0.59688353365777724324 0.782871121758760391 -0.17562133687093278711
7.1290729882488790281 5.6718279279358538858 5.3416195913253963212 -0.99913686355968822639 -0.0025745128172913692849 0.041459616017587831716 -0.03970773984634259901 -0.23392206497500797613 -0.97144416355976326294 0.012199314442247899057 -0.9722519423491926549 0.23361793023147642279
-6.5177499440041009038 -8.9402730395648610795 -1.1986814855262983848 0.35460400293626131996 0.0010668237340059911339 0.93501596937641051621 -0.60760499687038571626 0.76033910233817669777 0.22956615001680796828 -0.71068429621021611542 -0.64952545088119340022 0.27026749670962885164
0.4056788792964125534 -6.6245366809383359197 -4.9644675037703613896 0.10091534789221076607 0.010563474070833953067 0.99483893448901761225 0.90330009850686887596 -0.42006002090545185856 -0.087169437731571514094 0.41697125152392061631 0.90743484165663834684 -0.05193249031400302973
6.3678933644260737879 6.7331795726119514356 -5.0280036547278097459 -0.78510042694177040179 0.013892320140280398078 -0.61921266383740070083 0.14859575344357675575 -0.96632486071687218043 -0.21008466297917324783 -0.60127915453168179205 -0.25694993092362472531 0.75659772093515731406
2.7115485269003034574 -4.9611438623193597763 8.7225019262541749754 0.98748673965437572253 -0.00095554544183966590165 -0.15769916277376641589 -0.094173929118872859445 0.79853169096561071871 -0.59454050290786464306 0.1264958895811920947 0.60195201258633757035 0.78844946855370101613
6.5557898352096470873 7.0665042132552482457 3.104290565200859664 -0.98095278092329118991 -0.00060158350971388941265 0.19424541100479411626 0.064419974190420101201 0.94239374727167957158 0.32824395200577172194 -0.1832531269157307019 0.33450510190498244922 -0.92440501311658707095
3.4272837005650869102 3.6872843733046676284 -4.0360901119178720364 -0.71463816903761390176 0.00072934285595630671262 -0.69949392807473431688 0.11814937529441170427 -0.98550562594756252466 -0.12173490191048666476 -0.68944398791496241952 -0.16964117803341147162 0.70419376470074035446
-5.9374607797423912814 -0.98920099119235571639 -7.8011084808431423454 0.15140250339330435514 0.0014415602202309395381 -0.98847114468274577259 0.24550548236443572869 0.96860971967932374405 0.039016266762118140266 0.95749900266024268181 -0.24858224563943898122 0.14629602543321407193
4.6749266954293258181 2.5191358367079015323 -2.6742431415330738531 0.44852278329290312664 -0.00070740421909568518971 -0.8937711186016263909 -0.64098544613619001797 -0.69715331655357781759 -0.32111510562427297844 -0.62286834139234326102 0.71692172013246391327 -0.31314258173136527708
8.6404397597675490772 2.5663994573696697898 4.5544083463230995434 0.99740484214930436035 0.0059227816270673774163 0.071753059272375477318 -0.021236140616772036793 -0.92806993861477726782 0.37179996687897054475 0.068793947327249443946 -0.37235884533239638206 -0.92553567360418520504
-7.7540546896311122183 -8.9544919633874027198 -9.1702009459599125307 -0.43975839653365705884 -0.0062605614863052811911 -0.89809429240361871027 -0.25210693470399914151 0.96063086015931598016 0.11674949243244932273 0.86200617524003142478 0.27775736872129502819 -0.42402381769036751047
-8.040048811627722003 2.375888744845371825 -0.29122632695349842669 -0.36629060342418873208 0.007278333063404433291 0.93047204133760408329 0.41903952600692595531 -0.89154068912548301018 0.17193334544998414848 0.8308050730988988386 0.45288213201860361146 0.32351306775992122455
-8.5078340180298202 2.7198755511240788607 -4.6498118420036949061 -0.091109882678587050808 -0.0078350517055978639858 -0.99581002266646712062 -0.99583674694395152294 0.0035857192282573238651 0.091084115263879869562 0.002857046393373578741 0.99996287660196292446 -0.0081291268609536004863
0.38052165717661490252 7.084988829704522928 5.3784121067758059453 -0.44875893992161636215 0.0078756506868567534296 -0.89361814438083919665 -0.24560798147151136073 -0.96254071558336196102 0.11485682514286599254 -0.85923927591683857408 0.27102277574170624552 0.43388307382439528226
0.41306984540314145571 -8.7528474024810769549 -4.1201565942921378749 -0.311948221967888073 0.0069047759230348275394 0.95007401336981645024 -0.84730082762448288847 0.45039104473973778919 -0.28147684509617554305 -0.42984836200460985189 -0.89280469918565863452 -0.13464826324267115121
5.8011377435458895135 -5.8176776271594201617 4.3889773563217628904 0.10976423054057495021 -0.0059284587169110454508 -0.99393997156313207419 0.89550493346953519147 0.43450757262586503504 0.096302042879475219239 0.43130352169420121955 -0.90064866774326346466 0.053002353402334431709
6.4143015306150248378 8.0475407548753086218 -5.091506014810510905 0.5654367021096000645 -0.014229153436661250154 0.82466894394065770602 -0.56596795156816470662 -0.73400306536619019937 0.3753928313525818905 0.59996801056820747711 -0.67899707747941706604 -0.42308551744201777778
2.6509113949317368863 -2.0493456467300057433 6.9176382826448525876 0.033777807405422362319 0.0072228962742436619848 0.99940326670276202758 -0.8851531271812543844 0.46454123438494782095 0.026559047371007775407 -0.46407219391821052934 -0.88552203322424238863 0.022084553571438930719
7.9069165268554169046 -6.5752322220147156884 1.8929783303699385666 -0.66252453855873549848 0.0059308141764256028239 0.74901672962016807578 -0.50435361124872424288 0.73578385976164251137 -0.45193975985154904995 -0.55379479108061657744 -0.67719047332162396469 -0.48448363461989552015
7.9032520072523313459 -0.9195760834264086192 -6.4640590477642172473 -0.68151352256868835688 0.0014806998033822253626 0.73180402163689894923 -0.057829286471486739118 -0.99697973981141141397 -0.051837940083029866722 0.72951702665684103888 -0.077647961556915487402 0.67954080222165991199
6.0231605266577137314 4.7115542704313444489 -5.1270047104805156479 0.77597661032437426076 0.0077573079669085547028 0.63071397986949240266 0.11751555628678904408 0.98063923344683545658 -0.15664222883823961108 -0.61971799575321695475 0.19566940996974283018 0.76004150396024572345
-7.9457842583347861876 -2.0033629847330236551 -7.9318455823566669238 0.99740935004767139471 0.0069669003755403330347 0.071596443601472797846 0.02456226500874138241 -0.96846463027041063132 -0.24793740148029869141 0.067611268105742167167 0.24905365328424894367 -0.9661268002756026041
-2.3850772887264217736 7.0612743023138557774 6.4349758562051659894 0.097251655337330919493 -0.0071504385190573997721 -0.99523413665516091697 0.057848338971598634028 -0.99824300301602575392 0.012824843394593398588 -0.99357721653242481175 -0.058819878942937699196 -0.096667143480988954041
-4.5186909232605980691 -4.2902052829886763163 -4.4080224808424981475 -0.51190278388908505569 -0.0010948508497528406519 0.85904268878115142005 0.4373140278069974074 0.86039173609053809511 0.26169161536154839087 -0.73939974366360738944 0.50963208471283927281 -0.43995813130499034083
-0.60902886626015739768 5.7830658108579751087 8.8359931456849132303 0.612687030152241352 -0.0012007477824408857928 -0.79032471888966038254 0.68177665431552658681 0.50659889482072950617 0.52776713936809527272 0.39974391391669039653 -0.86218102389869488711 0.31120521415183372005
-1.9922221696857318474 -0.95880433064726877657 4.4781380556622307765 0.26297185062927647126 -0.001328312205300316573 0.96480259191352379933 0.90414518465800786107 -0.34864397430628824015 -0.24691874015488038396 0.33670059524204204449 0.93725429567780538243 -0.09048256404992355284
0.93971689905925614994 4.4711455843715297576 6.4912679096664724909 -0.023352587240794100976 -0.0039625125287664373849 -0.99971943822427933313 -0.38463552138917134204 -0.92298194320037507676 0.012643109256100010587 -0.92277308822621506579 0.38482285667625387715 0.020029893277867336782
0.47522548721634078062 2.4920607944164103742 3.7142306100201567531 -0.27714783368328638202 -0.0046770052047215753335 -0.96081590531519900367 0.81217150070254151561 -0.53545201158904565109 -0.23166483706445278878 -0.5133873116190530439 -0.84455270345151400857 0.15219789538936634443
6.6689351318163616611 -2.0927414147156806479 -5.0680531191271187552 -0.92941775362717127251 0.0026452374773896949849 0.36901983952299804992 0.29887953104735998089 0.59193858991187775498 0.74851835761991747376 -0.21645707464466146241 0.80597872707156004157 -0.55094884185769621432
-5.4752684260093795743 5.8389879372474773334 -4.7347643492226616502 0.76405681286595861224 -0.0049105766338503661211 0.64513027595226324351 -0.42278589877283245801 -0.75913141442909937151 0.49494603688221339155 0.48730818843105938587 -0.65091887502497192131 -0.58209565161084175777
5.5696016714396927583 -3.1923138519585099182 -2.6301000432357808378 -0.15009968763235534417 0.0054758088347933364312 -0.98865570310918582386 -0.19151885476945490483 -0.98120414431723290694 0.02364223852763419273 -0.96994361281485375059 0.19289490063890429861 0.14832715620255884637
6.0734410370209115371 -7.5748084014654377683 1.1956132317009846577 0.76005248476439057903 0.0034778812975737429317 0.64985238688903090853 0.17754220388926852947 -0.96305474976913230112 -0.20249522163606195613 0.62513917349772241128 0.26928322132834847658 -0.73258962623645562662
8.5162348260703453207 4.6005274134937597097 -0.81969858216952895535 -0.3905024248724118241 -0.01136624995612501958 0.92053172923630888214 -0.50412032678964524557 0.83931754087300669553 -0.2034914290592970687 -0.77030549283155758111 -0.5435226526510424927 -0.33348549259105864095
8.528019477532229331 -7.6609850618070849393 3.6177703202879838429 -0.96878957854852276732 -0.0034405073808124724682 -0.24786067740711167917 -0.20973530076694490987 0.54434861939096401695 0.81221652542860500734 0.1321281805971900869 0.83885203908446492882 -0.52808086541364895883
2.8786777476916913798 4.8475792924735801037 7.0077006551930711709 0.48132896033768418631 -0.0020818407907588452888 0.87653756216109657284 -0.74995661597679452726 0.51667881190954356718 0.41304730900533137561 -0.45374828494777863508 -0.85617677570862815717 0.24713118509068210393
1.5125464688160006332 2.3648760924447600473 6.2437398465519597934 -0.79396499632052464079 0.0030009969660806136427 0.60795606636905086262 -0.55904826575694643864 0.38938192778108127179 -0.73201554004780067242 -0.23892388154389920807 -0.9210715001207562258 -0.30747791870864760178
3.0221383265127528261 1.2841263237396598473 -6.6757542195381365246 -0.88032956541202889156 0.003554070811239552416 -0.47434926461637200168 0.47433254729286417062 0.017847290785680033215 -0.88016481910516575216 0.005337681167063195245 -0.99983440768566300694 -0.01739730920221900165
-2.2522740379659396126 5.7175566441599796619 -7.4198766981981414403 -0.099956093793231157174 0.0071460900266780390255 -0.99496618671741177131 0.86592931996509714399 0.49315552079664826124 -0.083450854596396117913 0.49007672066601198901 -0.86991181490139601884 -0.055481908368524297803
0.80872865508389635281 -6.3582047001515844542 4.1760495539980428958 0.31053224011656871406 0.0084336816864383646469 0.95052543409477097125 0.51402921747766772143 -0.8426317655723476463 -0.16045457683535899185 0.79958970192663758603 0.53842416426225325754 -0.26599948855446564622
2.6816064803837513786 4.6846654854377698385 2.8615154197768273292 -0.9930373467698987433 -0.0058756183463080239107 0.117653325619952287 0.081132785580009497695 -0.75822549573108410925 0.64692470097148913055 0.085406668500801197208 0.65196593065278196644 0.75342293981753649668
6.7258461414417656243 -6.4179489556038866738 0.38864390973116519357 0.46411833108363820255 -0.0063804589161800488034 0.88575022692395688484 0.032982559444707050533 -0.99915609185381959456 -0.024479683075427992323 0.88515892670433249378 0.040575779167101588829 -0.46351621397774850353
-7.8444471366143755375 -7.4385050936659640186 -7.1762379229955532978 0.82957397890123418804 -0.010924067578111651411 0.5582899589619987335 -0.33967614494859094121 -0.80342299634680103271 0.48901084394309385361 0.4432010041538588796 -0.59530845255938491523 -0.67020945698204792418
7.4146796762484177279 1.2437220566818338874 -3.1595809451349046171 0.32532019958499502899 0.0031885314848746938721 -0.94559854114135621916 -0.16445731493075263496 -0.98456380037946067407 -0.059899203233203135444 -0.93119308379504295292 0.17499701782939244832 -0.31977411471724742631
1.7352494981946744446 -8.7915556548717006535 4.6616064492788504836 -0.60220566520635054886 -0.010363639371290891272 -0.79827371983069095318 0.76739562951765649679 -0.28321153239961960324 -0.5752348874267423362 -0.22011879654048061017 -0.95900147178965133854 0.17850460082218980173
6.1842277234674609687 3.4044651983341940316 -6.633343832142737817 -0.9743464744349307205 -0.022310499532703378933 -0.22394461227472201026 -0.20068186396217937983 -0.36424941561193902029 0.9094224280845218944 -0.1018613628073319205 0.93103415879173256897 0.35042782128431626543
6.3404339666809432785 -4.1032715296387403114 4.728478893022693974 -0.58827096736975004188 -0.0077325681812349042477 -0.80862690799855274637 -0.053801633662144271453 0.99811295586490722531 0.0295958029100047669 0.80687214177036037377 0.060915800281576226727 -0.58757689889149067319
-4.2231326013333561065 -7.760543904226916645 7.2771791555964719933 -0.58776140394692799607 -0.0015525580459539809614 0.80903283097392619805 0.56827814528712194964 -0.7125582310076353787 0.4114859864101996223 0.57584414698700903124 0.7016112577393245342 0.41969651105782274092
1.9126073211573602073 -5.6325593091211922925 6.3476756787529051707 -0.96562608031542529474 0.0053834931822393256723 0.25987937781931141901 -0.13912663685766207822 0.83381720904143608042 -0.53422152785453491664 -0.21956787545384767735 -0.55201438378685185882 -0.80440665596528482251
4.071350462990548813 -6.7172306514253472542 -5.558383640381536317 -0.86944912942537255773 -0.001505857382776599248 0.49402018555370430519 -0.23371819790840292486 0.88226260965273950454 -0.40864225378108293141 -0.43524018117309853926 -0.47075515929450445496 -0.76743440416098407386
2.6704369551544511197 2.4024074754485225114 -8.1760484349970052875 0.60382610445859641324 0.008508885282982452461 -0.79707065837712121059 0.16142672825670648096 -0.98052900594202530016 0.11182253758022253631 -0.78059941517956898949 -0.19618987582897254307 -0.59344257147900758564
-6.4133240058267571015 -7.7776616425581313052 -3.4502840888796351138 0.5356754663760501245 -0.0030349520074161298253 0.84441848854048773276 0.3705542772592693157 -0.89772191679475432657 -0.23829579876874318334 0.75877620042235871534 0.44055209586646382203 -0.47976299200744593199
-8.0648712800762840658 4.7040887693807427183 7.1130099749180830671 0.69133085075427969102 -0.0073670796534517045406 -0.72250078265189121574 0.70634576673042093198 -0.20361920788785348169 0.67794902168297332956 -0.1521095415056223088 -0.97902244321383169456 -0.13556453469254378663
0.48423617155692738612 2.387462036481583727 -5.4392872716032236724 -0.87723419754590370445 -0.0013338277170960965816 0.48006081235566594456 -0.47958042879557460925 -0.042376172359875979856 -0.87647411389746676669 0.021512205194095142258 -0.99910083621219780703 0.03653414988678086589
3.1976284844625562087 3.4035036071233268906 8.9146473796939211809 -0.93339760385183478952 -0.0053835113371012190131 -0.35880347117830235781 -0.31313827669513066843 -0.47610552211593931693 0.82174689015483637355 -0.17525219768160699152 0.87937167888012768291 0.44270997006102441595
-3.0262389228819275289 -7.7237097625661190747 7.6721215032578502502 -0.69239684235192577866 0.0014521119916372105668 0.72151542192238582452 0.17309317388562911466 -0.97046089832051296575 0.16806069732477546541 0.70044654746453871574 0.24125409053912036383 0.67169271094950944168
1.1193934853799065721 5.8718018072730853163 -1.6674206743198050074 0.67253216055603903811 0.0053544502652380279034 0.74004852738191850836 0.14656097790817587678 -0.98113246288689426322 -0.12609111794298852316 0.72541048570607047363 0.19326256784976647563 -0.66062788852401632678
2.7501571761638001767 -3.0521237059742709619 -3.0770153975182692463 0.096727333608759263894 -0.00031263958415758631628 -0.99531086861824047407 -0.96397708302225026955 0.24891197117051694354 -0.09376040750505973409 0.24777410345005831949 0.96852606204699431824 0.023775213880360600294
8.6327085032963442046 -2.1358005269915825153 3.7440896020783793752 -0.63251407109487967073 0.0059701619253967400103 -0.77452585949965246925 -0.77409926412918295124 -0.038939231074264335497 0.63186554389193250181 -0.026387101804174865199 0.99922374543929515234 0.029251109525324406335
-0.28699749438784027955 -8.8365533817449275489 -6.4132711231397205864 0.96114895080486451029 0.0030006005389388310314 0.27601393219038905524 -0.2759363347781568776 0.036525589173761599526 0.9604816606706920723 -0.0071995497048691018543 -0.99932821321718978691 0.035934506426493005582
-0.55439437069819774706 2.5077185016720862087 -6.8702069592675014675 0.98516042797804181941 -0.0012459301289031061988 -0.17163152042731025237 -0.018990444295024930255 -0.99462521159232175627 -0.10178433814269086111 -0.17058222114730373087 0.10353326095394983775 -0.97988905989655572526
8.0406006597649675172 -5.6618963198683722737 -1.6044626721451842322 0.67656322458452855528 0.0084978047693249018218 0.73633551486669934771 -0.17387918435428009745 0.97350140225371495362 0.14852962350402051928 -0.71556148050894552437 -0.22852309976058732266 0.66011283920826357985
-7.4961737881091883295 -1.2700484348001674917 8.9427531902543613285 0.54819786098410827613 -0.0021472652362668339862 0.83634591794581203406 0.71841556214103063915 0.51319883822494438697 -0.46958069862206464062 -0.4282034391341816848 0.85826705732932850879 0.28287713413621329295
-1.2818653404494309012 1.3816468795042879947 -5.9478656676120245095 -0.98825868467770427994 -0.0041204473846228883982 -0.15273439060196553063 -0.14988548850488958575 0.22013034717531823614 0.96388638883847976846 0.029649831278915132066 0.97546176355895619636 -0.21816332262615500959
-8.2603782296484489223 -7.9666185820928649974 0.031150235422096401311 -0.99906666621104633919 0.0055621319506791687404 -0.042835255974449815142 0.01241036466165731586 -0.91290098739832903352 -0.40799236519319093119 -0.041373654844606255754 -0.40814317328022936548 0.91197991797495103761
4.9602693587150357146 -6.5621533116095198679 -7.1517386174011807753 0.99964099599781974792 0.0099570270207656429162 0.024874419258064370264 0.024301413369224051514 -0.72791759116431631327 -0.68523384459723968298 0.011283635441667112798 0.68559232644937073697 -0.72789823566543809807
5.250532220733168387 -1.0822267572887103171 5.454527466463625629 0.27333565512404911502 -0.00268848739968932356 0.96191496072846283116 0.83190698539339913431 0.50270416620719760026 -0.23498784847579581858 -0.48292689642589170518 0.86445433269386928732 0.13964354405171219842
-1.2993789504819239777 -7.5763816070423688487 6.5012531960845620915 -0.027009224661821186475 0.014065756441480139344 0.9995362205936121347 0.99923371242020475602 0.02871567399885160965 0.026596955271894075212 -0.028328249965516034969 0.99948865154258581533 -0.014830566117461925491
-5.4450787588289593089 2.4782564869343635117 -0.87578866477623495967 -0.43657087339317718344 -0.0018967137407830923779 0.89966786926144726166 -0.53176014980172270352 -0.80608075286815705773 -0.25974018352633782003 0.72569760616060452474 -0.59180251970786967863 0.35090278152224652075
-3.5286330530742309186 3.7025763106938587299 2.2909587196771328266 -0.99857600042974214993 0.0031694856330512165797 0.053253410469397473304 -0.053312899751780933044 -0.023266102283970271219 -0.99830677810209977885 -0.0019251196956714699583 -0.9997242834130287692 0.023401945834054204559
