1125 17.292696884352682929 17.968806560800352656 18.477561601407678893
-4.4404116679587675165 7.3266633033705037548 -2.716118578588932575 0.40838269178066766152 -0.0065510221809290357375 0.91278730335293645215 0.13349873147307772525 -0.98879352237044082496 -0.066824088570967443701 0.90299593894396013027 0.14914574826867002533 -0.40293160713009185114
6.7448637834238676092 1.246145385475661671 8.4239622169216143988 0.91808479231792672337 0.001091022865198227167 -0.39638254727428701152 -0.043711658523618343586 -0.9936185705756380715 -0.10397801265654482705 -0.39396650241322955788 0.11278717070651025911 -0.91217840859133858533
-8.4792298404691202052 7.2363803944357707465 2.4289673690653592608 0.32113675451245893289 -0.0081041770612111825589 -0.94699815586696289849 -0.57741624797095802979 0.79091930167021795572 -0.20257624447261154965 0.75064083387509150658 0.61186679968739543511 0.24931377410823113427
0.89414409759633695085 1.7506358363183454063 -6.7841968487086887762 0.047675933644977006032 0.0064867993075385507393 0.99884179267093675669 -0.91147219849672678205 0.40932862608207298827 0.04084736512420791138 -0.40858957000731277454 -0.91236396098534477961 0.025427661642063458663
2.9482660287043795933 8.4940486370062782129 4.7236763271437727241 0.99852976766463674707 -0.0088301265087966426121 0.053482071327828971385 -0.0097347048191466570288 0.941390504134442474 0.33717822327108004643 -0.053324840456795488675 -0.33720312512189248855 0.93992048269967043428
-7.0895071024656060032 8.3154416333892022806 -5.3944342525897264196 -0.71150086229746334343 -0.0021252838932330321911 -0.70268200924608237301 0.1595144095142896068 0.97340018347708290314 -0.16446043890303141399 0.68434032184810211774 -0.22910164987437836581 -0.6922360564990792664
6.3645521621542435753 2.9226876691928493912 0.32404625374695322781 -0.36509595431642538621 0.0094671658441848709209 -0.93092175660073583909 -0.65980412495778273385 0.7028143865148976932 0.26591437493320102536 0.65678265874670405111 0.71131027750112141295 -0.25034821407636220769
7.7687228354061712565 -1.9052116956016704741 -3.1632349346487971253 0.9235244587861753951 -0.0050860244363728933023 -0.38350581009846745895 -0.22720187034404315529 -0.81284115793647671033 -0.53634742665248447135 -0.30900143063760471263 0.58246320426263364922 -0.75183424472685334017
-4.0967796063530848016 -0.55224911233059481575 4.0540883334982336095 -0.47134880028433856491 -0.0037219312187445189634 0.88193903173541265961 -0.86740214165461637652 0.18281736726725597575 -0.46280809724814225836 -0.15951123196676900151 -0.98313984633603157537 -0.089399157842844606536
2.9256833557201713525 -5.0811299575446060572 8.3779032922843974518 0.99434200144911544239 -0.0083592253715175299233 0.10589668316540935822 -0.065065360835263805206 0.74007764911783968653 0.66936654539627671312 -0.083967154135507177104 -0.67246947635376075336 0.73534639483655317438
-4.6713400727962568482 2.6867698869820491048 -4.3399542724574606822 -0.98549977116561426893 0.011345470819405272661 -0.1692970210150220034 0.039034947464134640838 -0.95584012052813627225 -0.29128325881368732908 -0.16512563068519095499 -0.29366808522641552059 0.94153735019403761441
-4.2631089425970900564 8.3899335566618375992 -7.0180759271204040672 -0.18023311266530900321 -0.010674413843031424834 0.98356600286288409229 0.31777354882198632913 0.94568948159236465578 0.068493620686749800974 -0.93087915261226850117 0.32489607768444123126 -0.16705251251386665778
-7.1851945366411884564 2.4381722825277845068 -6.1657601899887026775 -0.78484489333550422341 -0.0046018758169089832299 -0.61967516986257875633 -0.379100603294418248 -0.78745901929346695525 0.48599488219073844197 -0.49020528963595272343 0.61634983221606265413 0.61628861610486485034
-7.7396279757866119908 6.2081803972716800288 0.13078100467039119326 -0.85522415870290591222 -0.011342639669732127242 0.51813413600757551869 0.33776781561516194818 -0.77046270999098631638 0.54064786621950755574 0.39307065663272999778 0.63738415185707975041 0.66274950158856216209
-7.5518392941187757472 3.9475100240974008159 7.5511831383281471375 -0.86826897475736697363 0.0022650972675755396205 0.49608855742503393804 0.49570261948516980421 0.043661402336334857732 0.86739414050468699457 -0.019695190002709566518 0.99904381849854306807 -0.039032655691795606345
6.8481029078200466031 5.1596954247945774341 6.0898207565308837275 -0.1979567744649869121 -0.0011597881767516165195 -0.98021006439163449464 -0.79860890514624016667 -0.5796467030747387561 0.16196763947043280041 -0.56836338029865685062 0.81486707781437317522 0.11381877450404392915
-2.613252022516140638 3.0296870753259494968 -3.1529322492263278654 0.23956830441075346871 0.003580579285159136288 -0.97087290979489648812 -0.84734986485115126875 0.48890801550721274538 -0.2072852115061573075 0.47392534650304163346 0.87232799555235607247 0.12016086766130938679
6.1300163198997834613 -8.5064412454929865248 3.8662265815716589934 0.94693869227750471218 -0.00063688262392125934847 -0.32141360806358520996 -0.03938689189760403303 -0.99269125685589421071 -0.11407340316032074656 -0.31899182719100144245 0.12068000224737530923 -0.94004284542934524183
2.4068981398496931412 -5.0822608378386222583 5.8403321634982638955 0.9566920989030867073 0.013335470777897616423 0.29079613669253057129 0.22283691610360620294 -0.6763152789709998558 -0.70209782242316598477 0.1873070653167113464 0.73649155368488206097 -0.64999711894212275354
-3.7264933888657458816 -8.3574145727480786405 2.987309676139566772 -0.99754260292963570222 0.0078881447071565882062 -0.069617041831964640575 -0.00038303230849321117518 -0.99424099713840574655 -0.10716665944070892513 -0.070061463206323129627 -0.10687664282950415373 0.99180077363910201793
-7.5975999988125053619 -8.4614204553838074929 3.0094395628213623795 -0.99953393817754776496 0.010106912933578992772 -0.028805498468711256133 -0.028245755309470522987 -0.6641184591029724027 0.74709360162271254424 -0.011579453271946826137 0.74755904287863728097 0.66409441623334197757
4.8148465343045856457 0.54952799581529676587 1.6204433424065081137 -0.98589152109669453417 -0.0051513407329599227025 0.16730622319060531322 -0.15274695972820231948 -0.38109292547469042489 -0.91183142545494588749 0.06845637240941772339 -0.92452238796144903255 0.37492943233996833818
0.62094189603942362421 -7.2571330596442535921 -8.3889838597238277629 0.93130527980371091701 0.004792452649931257247 -0.3642080562090242446 0.042025104280624968334 -0.99464950399281648608 0.094372955962510926553 -0.36180708453545612491 -0.10319591370050976153 -0.92652373794507969507
1.2233604859696063372 -8.6326482285436512143 2.9651475888837679484 0.96788744361538614491 -0.0097769583331301437856 0.25119376500527035301 -0.21070935252658676284 -0.57650727845766935875 0.78945609545012840336 0.13709655447771645909 -0.81703351765465859202 -0.56005425253207197223
1.9410236566803984459 0.57363003762744269043 3.4499752329145652041 0.7345547705541232153 -0.010510185085633358057 -0.67846799855679285063 -0.59539099098146108791 0.46963315226987573103 -0.65188516638064741837 0.32548249862969369506 0.88279909282845414609 0.33871360289679358635
-5.5544567935091979649 -7.6620279183323560801 6.5161818676488367785 0.28093246774963448464 -0.0003570535991766665869 0.95972747229446453421 -0.84802984445952445114 0.46812142490813879458 0.24841037508180668913 -0.44935768767250849898 -0.88366407873975016951 0.13120771499789149472
3.3454468919889550627 -3.9285030267621023903 1.0249779343035325674 0.63784014323631810228 -0.01029950945075557879 -0.77009991025923718588 -0.11017749180639675732 0.98840579780967607881 -0.10447439473635364293 0.76224725120886360763 0.15148563945568030431 0.62931012153237764206
-1.5701456450597530701 6.3552964309573338753 2.7769536244322816643 0.9439251717939971531 -0.00067356294640439197483 -0.33015877448114727688 -0.12838415493437815851 0.920548230334586437 -0.36892880666798655298 0.30417557235211262201 0.39062834246965594254 0.86884217165353350154
5.1062195684080498026 -2.7569004065012308047 7.4452517654843299866 0.91002522222224779824 -0.001388283662066557532 0.41455056095389264392 0.40179937568997037278 0.24908761464751474901 -0.88119953581699639322 -0.10203605546022186112 0.96847995998755109781 0.22723382338125489022
2.9405641795470192079 -5.2807738775178032498 -5.131022208844719934 -0.50248447257743500405 -0.006337903592663689592 -0.86456300279206044213 0.53375817070869124858 0.78438812953407499595 -0.31597069080503059624 0.68015554840082992349 -0.62023793275168459527 -0.39075994773718414343
6.9203233931191183714 -1.8239050571099082454 2.6142763823842587456 0.42403458292395573848 -0.0092811569996022955098 0.90559843893916036617 -0.48579561046916303058 0.84158359747323019384 0.23609251007394424504 -0.76432800376105758389 -0.54004713552502958684 0.35235180441979663257
8.3243155639557073755 6.1762041622610315272 -1.5853169896656391646 -0.18122453667822704948 0.0033499530129059013062 -0.98343604017772412451 -0.81373340030002794254 0.56104853601098458871 0.15186340400498318792 0.55226408586991504457 0.82777612798071331657 -0.09894979233652594075
2.4015968147534647592 5.0626564618109908267 2.3826468236926854338 -0.77116329744322131834 0.0068348250680652089528 -0.63660070204359731072 0.42821825668986324143 0.74550954031423843915 -0.51072952718397401917 0.47110114976874917225 -0.66645990912162356157 -0.57783639225981831
-3.8691684573091165156 -3.9557039850771729128 -3.1380299674572946778 -0.16027697893118911243 0.0031107599502682736249 -0.98706717765167539813 -0.16668623827436451768 0.98554824824503350911 0.03017197957128845559 0.97289618562034285709 0.16936638850075605434 -0.15744217494521395295
-3.2702629099984497074 -8.144734717397474455 0.93549128700158590277 0.38539724646601358771 -0.012778112292124563579 0.92266227963542279955 0.64941594474967312411 0.71410330440938740715 -0.26137215103341765454 -0.65553634004605487728 0.69992370332564557422 0.28351175707814646465
-2.1676368296433436988 -2.7388966979660618328 -2.2594966289727231867 0.54642025392868742717 0.0054681533130257874847 0.83749328677665613174 0.5111752155330672176 -0.79429219267681916428 -0.32832881639794625483 0.6634190268006932012 0.60751132660378903694 -0.4368125260642306551
2.4927171003774648561 7.3133151145906820645 -0.73278090123221073515 -0.26832726334828782555 0.018091581045380174253 0.96315791770603187416 -0.82477756840823712725 -0.52090867106634963779 -0.21999117950144725375 0.49773732268588671834 -0.85342067651507647064 0.15469552838493000335
-7.9863807903160184409 -2.9111762448420064331 3.0886457800882349822 0.46033392210473295103 -0.011000337512362250506 0.88767768516179523797 -0.68337710093080750173 0.63385828664319698866 0.36224219850429978385 -0.56664664305271250644 -0.77337097503616958338 0.28426909239056036283
-2.7299763330813853202 -3.9178850486240386353 0.77204015320752039653 -0.99579333846758921744 0.001226085408115300257 0.091619450873348828868 0.020764959580911179771 -0.9708755581268956325 0.23868277500674495162 0.089243730969590776003 0.23958119155288198909 0.96676595364997897075
-7.6203700078310987465 8.4111080753933755716 3.421833773851058691 0.63367737166988769015 -0.005411335534262678125 -0.77357850673439498834 -0.70169406169993431277 -0.42502622355436153745 -0.57182003555826133034 -0.32569684126254261347 0.9051648616349999843 -0.2731266022430895446
-0.46792869998335134829 -6.2533383339176564775 -3.9730613596443942193 -0.13130633869621111121 -0.005188407435992119926 -0.99132826341552637839 -0.23872018280982898464 0.97072568260581215682 0.026539092849969227184 0.96217010956335635719 0.24013481538164951901 -0.128701012833043138
5.8611146375213962756 1.5996796570416356165 -2.7526787291789265311 0.52212751023393166872 -0.0029774116680316752362 0.85286223862749221958 -0.84866231957926607787 -0.10099390391502102715 0.51920371599059633727 0.084588003778575060476 -0.99488258924936057159 -0.055258512692458405802
-5.5034794064821985771 5.1351794266045462933 3.360534913640105259 -0.98945328632747797659 0.0011597077760764934896 0.14484767603819942439 -0.10745976100665373398 0.66465943972814123253 -0.73937827189106297698 -0.097131837932694628512 -0.74714555761123258026 -0.65752484500718222371
8.0270000180150606894 3.9061272605144683467 -1.8074402565499474438 -0.54534472978286319123 -0.01221499285572493973 0.83812285474585657141 0.49471821523356473982 -0.81185692886910509891 0.31006808052979750734 0.67664836748060341876 0.58372863643717065596 0.44878487696112345784
-0.88510506984650638707 2.6882714143893582381 -4.3379358775364362799 0.64527867372968861215 -0.0097274172030175371645 -0.76388533863667507084 -0.71155322289331346397 -0.37157803582827725331 -0.59634031750334215438 -0.27804216266533832158 0.9283507637980434879 -0.24669295720771075575
-7.1871377496703265919 -8.280986374827728369 -7.5888802000644233203 0.98584106066140431146 -0.011701617316328506019 0.16727365383129175203 0.074061252928419626929 -0.86460191975194178315 -0.49696926582599437738 0.15044046639333846782 0.50232120452275019762 -0.85149343717843739565
-0.92831246826343949419 -7.2921574325338252009 6.7262641679755770241 -0.060007176606100741389 0.0012140464723140575315 -0.99819720739299377943 0.20409770887222519753 -0.97885798479156727048 -0.013459971882386140979 -0.97710964788440235473 -0.2045374579413019589 0.058490719862209064606
6.6164172105216776387 -8.1686541588887795484 6.7868838025222268939 0.75318723764019956946 -0.015120353027252585176 0.65763238969846193882 0.58416367613620778787 0.47500326595912123473 -0.65812209871059046407 -0.30242649443960756273 0.87985411987033679271 0.36659915876650750466
3.2306594859363024774 7.2901420113064050454 -6.4303468068163454063 -0.98556485481598721243 -0.0011025434525805621021 -0.16929471742917401311 -0.16360392025855799436 -0.25096729766810116358 0.95406979449991691222 -0.043539341147932349163 0.96799493795116464678 0.24716416785877290407
0.32065520308546768824 6.1675123638272806303 -7.9384702293148965424 -0.98152898710362534995 0.005911620689370422968 -0.19122212271566671471 -0.13902902537418296292 -0.70865914872248236822 0.69171752980188583315 -0.13142213504028757431 0.70552623173950679281 0.69639138331043803909
-3.6375769283468937232 -8.5169946942029195469 6.9006637147588980596 -0.98968406472844216992 -0.0079492144223272179215 0.14304636315821162018 0.14312081797779332981 -0.099959856773155067455 0.98464433096192693906 0.0064717450566035648191 0.99495971628199686432 0.10006637543127917811
-1.9286627463567160845 0.58554373641882118129 -6.6678193213313292631 0.77968129777231631738 0.0020002568448643622337 -0.62617335688832720386 -0.37663843733324975371 -0.79737877396652767636 -0.47151943581392191662 -0.50024050358517002657 0.60347584027871614687 -0.62094794369004358003
-0.78533425208590601496 -4.9668018719513034043 -4.6192301795061405656 -0.99246144154049575903 0.0080196934854378371105 -0.12229460974152711605 -0.011334256230849822783 -0.99958636837651704266 0.02643154917243151214 -0.12203205190083066256 0.027618411836324983921 0.99214182536408856983
5.4542096957522616663 -1.7061722916207453515 -7.0189464459116273076 0.97515690445518632412 0.0052817928352971435166 -0.22145228460756091748 -0.089530641817102907254 -0.90502453251955605751 -0.4158303256300365236 -0.20261607998689487586 0.42532657829265096971 -0.88206803928520183256
-2.3935895708253820402 7.3546962057134832591 8.1315103579624654628 -0.10043005298458357322 0.0015922806765676271804 0.99494284715235847827 -0.559610958493421351 0.82673666900589559692 -0.057810511628485147795 -0.82264778586701159391 -0.56258683308716972427 -0.082138149757166545317
-7.0801055207542722414 -1.8807450688554117058 7.235586094825829484 -0.38807928949796166584 0.0096535410812765842792 -0.92157543055766466544 0.031751854306172062892 0.99949157236581753772 -0.0029011234635972602165 0.92107887002711896773 -0.030387594735659096551 -0.38818849709294478423
-1.1581028069062460073 -3.7503833038044747106 -1.9503142214773487861 -0.24420307399088417299 -0.0037125582593169506422 -0.96971700797949589301 -0.96824706554982820084 -0.054238630665203686754 0.24404055195365120801 -0.053502137412271111305 0.99852110035529806353 0.0096505666972077040755
7.8264202732462626599 7.4709297836122825487 -0.76072567617010722341 0.6084938029868646181 0.0032057418379208540288 0.7935521501110573972 -0.27347917969837748364 0.93958035445102583427 0.20590749330987653809 -0.7449459242107510093 -0.34231342472764458851 0.57260552673989650874
-2.9788747567657787307 -1.6651886870079766201 -9.1624905194220964688 -0.079746421254102722864 -0.0036593202636091047911 0.99680846589111915534 -0.33991067792281287607 0.94015798883819001741 -0.023742094635662056024 -0.93707056262108567868 -0.34071918848038784677 -0.076218077054856309127
-4.2403774095521882259 -1.6566211766080660706 9.1784607299582319229 -0.23599593758829101597 -0.0054605814435110013039 0.97173869918411470703 0.9698776214072656332 0.060789822237542978645 0.23588555912978506623 -0.060359895091812151846 0.99813565188446740084 -0.0090500553528972509099
-4.7563981424733237091 6.2787879012213876351 6.2023156581299181411 -0.73243760721383466272 -0.0074271123639540245071 -0.68079364681318910169 -0.66454947425085519885 0.22519193817653415657 0.71250444718125283128 0.14801739023517015981 0.97428611248573759873 -0.16987472797861039031
7.2685551109376742573 -8.3950312436239116209 -0.84414433200768257404 0.95168240050647412431 -0.0063426344885521594372 0.30701853291602138052 -0.090154368965516998302 0.94995917437376664605 0.29908152196275183954 -0.29355203682233121931 -0.31230968286429328096 0.90348761124135357203
1.1058334022046005796 7.3867347433382830602 -3.4656584320954570977 0.8303779161646154261 -0.014238251215106485087 -0.55701866086161644365 -0.22828862445251280056 -0.9206130747794707414 -0.3167899469532978185 -0.50828812723829808196 0.39021639989558443151 -0.76770719741405257786
-0.64955484277647390634 -7.2551143306749956707 -5.0465513694203876227 0.78608422316246995276 0.0092616010676997428952 -0.61805001160135186744 -0.45727090494740546545 0.68148923203353328759 -0.57138056154448924051 0.41590252894562146357 0.73176953295965407875 0.53994299425826719485
7.1979319205488101474 6.3562039364695008814 -1.0505242742339557793 -0.24428663119709859153 0.0060621702474480234149 -0.96968411965464473834 0.45950107849268845284 0.88130799060749176466 -0.1102496465086372085 0.8539220108899336914 -0.4725034135146767289 -0.21807733383932040305
1.7119243832892103718 4.1514582434429394553 6.9129564355538635212 0.081578075973234909224 0.0056133639899934306694 -0.99665114642244756471 0.65431358391812710629 0.75401091473713666158 0.057803757295519404835 0.75181031611746262922 -0.65683790283581577896 0.057837859376975837844
-5.9540657867645103707 -3.6917740941620884598 -4.1265594268246177379 -0.90952641123244648558 0.0023060057397209874491 -0.41563973535760756484 -0.39347781134438736261 -0.32699025218531996284 0.85921626320460220416 -0.13392878424817777905 0.94502489772150499725 0.29831363266934235456
-1.7443401424395874599 -8.4619459355576633897 -7.2774406703867660084 -0.52698538499262259638 0.0058496249452452148826 0.84985421449345877054 0.54766718266736558185 0.76699979587986066853 0.33432315227878256492 -0.64988234399277911013 0.64162067844515835446 -0.4074013303343664294
-8.3806749031218981116 -4.0288576483596880706 -7.7487972816484838035 0.85516808919084574825 -0.0017193384853702855727 0.518347936336780446 -0.37336632794750401754 -0.69570550735979530543 0.61367045894664595806 0.35956240680070072901 -0.71832505935967372324 -0.59558709246532903769
2.9409153071868359142 3.8708100651957004779 4.6329463108810831073 0.99716407170461651699 -0.0088559345850714073223 0.074735443558030509315 -0.031383384715748037508 -0.95151950724054679132 0.30598318663643625515 0.068402465342730811582 -0.30746089143671345711 -0.94909899534859332171
-7.253854514460188696 -5.0233184344513936992 -3.8388315527918219772 -0.84107902809586121418 0.011202144974755426365 -0.54079624670074932791 -0.049142174240173454314 -0.99723343736306480078 0.05577201911736393708 -0.53867533376655141186 0.073484579018087761715 0.83930262804202748761
-0.3124103642977898998 -4.0305096881892854555 8.5030231986482469608 -0.13888610228429015825 -0.0017757284326052977935 0.99030676932993022543 -0.95322868014730532948 0.27131708263527637426 -0.13319956461840815054 -0.26845061731452307674 -0.96248838302522476962 -0.039374847360489316495
-7.7515955862488894468 -4.66413343974407546 3.3618494867569279627 -0.098342344954940597024 0.006115247836837875775 0.99513385377660745768 -0.22958999209875113889 0.97286516307552750593 -0.028667228712078274278 -0.96830636614491527592 -0.2312919761207031244 -0.094269841759235153966
7.7188446294474450937 6.0575047550602070245 6.3193557433577476345 0.27362192874096846751 -0.013167716413600502254 0.9617471868204341412 -0.94768193151971391597 0.16722439097533461916 0.27190983750902814053 -0.1644080192184603495 -0.98583092582232723089 0.03327745346662263487
0.7439481306113086001 8.6559183935901611306 5.3681450820148297609 0.90700950088377441105 0.014804333935803267591 0.42084985090111776129 -0.234777872559887274 -0.81187216393238403889 0.53454928677141722027 0.34958992528814997192 -0.58364751445411033881 -0.73290003616348198268
1.9477200479506158182 -7.0004012125604129224 -3.3236464360327349077 0.40350449267974475287 0.0026380899974026076997 0.91497386021044457838 0.68614789373678330975 0.66066840003026328088 -0.30449685240098478545 -0.60529760639521346111 0.75067323495831972391 0.26477254768854818767
7.7563017676436265546 6.3605031848508808423 2.9854870293994197894 0.070231888653516649779 -0.00090901321355603458343 -0.99753027799196192227 0.99274026296672746028 0.097948855386046820848 0.069805386706736721747 0.097643494923331533575 -0.99519103463799607479 0.0077815471218743836185
3.1927638801912610056 -0.62303262400820824674 4.1856855151749918775 -0.0543069364785516151 -0.0028092518893224217164 0.99852033767671544151 0.40970842163880427655 0.91187804156749996398 0.024848471687282200349 -0.9105985756021330868 0.41045163589744237953 -0.048370328721977558228
6.6817059743224147539 7.2208620442425459629 7.3258008874638855801 -0.79106354819799717948 -0.0027239519618226645456 0.61172791566055517709 -0.18608145769608513964 0.95367442138858615763 -0.23638694780111699223 -0.58274535932450566289 -0.30082831993457309627 -0.75492394856107480905
3.8299077641617418344 5.3802622979018250859 5.6085144368789894287 -0.93270035816813923191 0.012365774646413514246 0.36044018850612652427 0.26727248168572192988 -0.64732142139885129328 0.71382098451332753886 0.2421476045854100978 0.76211683160502619039 0.600451890310887193
-4.2097709626655737125 -2.7733009711007770015 -8.262941877299059712 -0.79161595744761048543 -0.00025547451699582278059 0.61101891185719492405 0.16907745274061924956 0.96086067168913180669 0.21945292109285424731 -0.58716010669086382556 0.27703195543873931905 -0.76058944561218866376
-3.9305957846014734081 2.804870070549494443 5.9793966292634257442 -0.24891947445639245329 -0.0074926705197945735887 -0.96849520139485612003 0.75280440370093171243 0.62765207807670664319 -0.19833910016597278148 0.60936411529146949917 -0.77845791715063028526 -0.15059431005343504317
2.6205770751669548169 1.6509125495115375415 -4.3483796167637125407 0.67912791909392333789 -0.0043439058695168390745 -0.73400708442696960265 0.59002339433851125339 -0.59162514311395131283 0.54941066987147424427 -0.4366436346044108574 -0.80620147637992189971 -0.39922614624094704405
5.5637038303532193595 8.5244107787822152034 -8.2787229168596478956 0.3188146658323394167 0.0038833964211367043989 -0.94780912006711737217 -0.45584189037044792192 0.87737510110352190384 -0.14973677887098088557 0.83100263527464546254 0.47978938212034238919 0.28149026443355157356
-1.798699275813938403 0.59812070944904238701 -1.8071967668490380721 -0.66301259036288373583 0.003881077871796612469 -0.74859818477927853042 0.26979829917810094209 0.93402418639754491991 -0.23411043758255442593 0.69830020963822858615 -0.35718868467407255407 -0.6203169034937180415
-3.4652337535233384003 2.9160188889577121074 -0.85314681807036174543 0.98918104752847968442 0.0021785007726338500092 -0.14668370510994679923 -0.031932149364771345024 0.97911225834226778275 -0.20079721960369253941 0.14318237687426643712 0.20330873000928675887 0.96858885356702340008
-0.95482659926197199773 -8.4644959180562704404 7.1074474893693029287 -0.29138967326363363064 -0.0068813412755076765887 -0.95657969111701801612 0.48086482959261789283 -0.86550453454139641973 -0.14025304399326898874 -0.8269589312514064039 -0.50085381882405788367 0.25550807852787021934
7.4248628400747485045 7.3691632274584417672 4.4252226646387446962 -0.78344519679865043393 -5.7325958388698260854e-06 -0.62146087855984044612 0.1419261363621989458 0.9735715893801690779 -0.17892828778399755274 0.60503768100066801505 -0.22838204903001629864 -0.7627391718343177196
0.70537077529803382525 -5.1747965913796658555 7.7914940360757594107 -0.016262660505611779838 -0.010457762307979864488 -0.99981306306759476499 0.94825913620752988464 0.3169439246066982907 -0.018739243688683522582 0.3170806466381398403 -0.94838662151150210367 0.0047623172077713672376
3.3134623859346685748 8.2835880258308485224 -8.6789330962257036362 -0.96973392421792592444 -0.0095458040784727107159 0.24397744536270590809 -0.23300572431687505137 -0.26244309184418873615 -0.93639305634919389743 0.072968819757625077993 -0.96490025451738137274 0.25227574234434241296
2.7068793332207743418 -1.7492431960715728589 -0.48886817916284319718 -0.9792846435829416496 -0.0047355701830971638766 0.20243310306767456352 0.15497649876204508401 -0.66095547173647473116 0.73424801614512580361 0.13032218412086271631 0.75041018033922768371 0.64799744565031669463
-1.4235387172510964859 -7.2699288891333120333 -2.3624603976481770573 0.59913960996017023852 -0.0048940435101084301533 -0.80062961231461060585 0.40286473689609980653 0.86601088933330105935 0.29618430633931575047 0.69190442370494709134 -0.50000118789284397902 0.5208330640073722817
-1.7075683792997207178 0.54044517740800168681 -3.5423996196744336196 0.76547156310139297108 -0.0048145566633142006588 0.64345171235069509308 0.51677450491891940842 0.60041898099021906443 -0.61027957391085818628 -0.38340239585696883617 0.79967109945967251861 0.46209169603046418295
8.1628771843519523088 1.7004206156028420782 2.4419738249823970122 0.808586676977036789 -0.0044666579274870339689 -0.58836012337887577672 0.21059711888634272126 0.93591906563279347875 0.28231959921658783541 0.54939643185247355461 -0.35218681342731533723 0.75771235249012736102
3.1304784604348983024 -0.45760693641826982736 -7.2592976754607985157 0.86728637848639611452 -0.0025631613938603735672 -0.49780294082636372677 0.0030304183284349563154 -0.9999410315639942759 0.010428324864921977022 -0.49780031564520771381 -0.010552895261764394519 -0.86722746851391652179
-7.2884146600853378928 6.3366338373722408406 6.6868548602335566855 -0.63533262110944976886 -0.01368151321900385603 0.77211739829559156156 0.69948957062018013442 0.41345489607606450422 0.58289740907346110355 -0.32721063727826160683 0.91042180614635148661 -0.25311130702736239773
-0.4327852769714536918 -5.044562790616168968 5.0021654265756172464 -0.52783641569743544597 -0.002005864952851172528 -0.84934368471754673191 0.77862639451700965676 -0.40063443722431713034 -0.48294201046458962168 -0.33930761268377179762 -0.9162357907305720417 0.21303126474567937731
-5.1267915206571759157 5.2411518738917877158 8.4468409681366019015 0.72699634012049818566 0.01006998471340310973 -0.68656748893264241129 0.66206838041542015461 0.25482068400633112182 0.7047920818629209716 0.18204884263676465728 -0.96693588950362219236 0.17858668618956616281
0.1887185330260982008 0.8511485788030093147 7.050356443668718498 -0.95571966826185128507 0.0090224465739323043978 0.29414029162133253914 0.2318937233557152866 -0.59228629033243640478 0.77163608738349487304 0.18117730753463229254 0.80567707286603618133 0.56396740818277024676
-6.049619658393886823 6.1493015862815774142 4.1338147452434110818 -0.97280040836659464887 -0.0021473378336309897896 0.23163495941210945905 -0.21930265582048316664 -0.3135093849916519293 -0.92391461221919024549 0.074603690469847716571 -0.94958267384261052513 0.30451114085679442667
1.7065196223826770705 4.0141666789575776164 -6.6439011088927948379 0.95860429639004440805 -0.00035077160188456317849 0.28474142638808735972 -0.2105276075911905187 -0.67417896550614087037 0.70792714943795642668 0.19171835953866456226 -0.73856793826172351114 -0.64634469997614751868
6.779423183789592855 1.8115022233734030532 -0.58011400529290457762 -0.9668137375693433011 -0.0061237942918835261419 -0.25540888001565359433 0.17967619966871922754 0.69440838364938994864 -0.69678795913113211746 0.18162505366812350949 -0.71955506798354096354 -0.67026326470967878546
-2.2211274882608624814 5.2042063313074482522 -3.8962411005079728987 0.88039495947307033763 0.00019090902293727421597 0.47424116110705050176 0.097459952891660941998 -0.97872837049261984799 -0.1805334716192676936 0.46411881336226185057 0.20516027965060595895 -0.86168613005944894034
4.6024329691845800028 -3.9007183619964544974 8.0238580393301663918 0.99602679781684644311 0.0024347426522799268424 0.089020728254810874147 0.088953639968658723691 0.020247668279668055991 -0.99582994625878418216 -0.0042270518203111678499 0.99979203035304053948 0.019950640978766222972
5.9216052402746139904 -8.2832122505400889168 -0.017218177456613848603 -0.96750819521788489208 0.0051927394145094068686 -0.25278632803970790821 0.0061059655241930002947 0.99997735875991067278 -0.0028282773262050305701 0.25276591813668541908 -0.0042798860955146292989 -0.96751799632005930363
2.1208958222389036052 5.9553215197726467878 1.2165278575539906214 -0.75957468224622204378 -0.0058065197305907411199 -0.65039417772551899599 0.20851515308649917757 -0.94935577025226691728 -0.23504266085593747415 -0.61609068571432246131 -0.31414949596906721618 0.72231735487834247689
7.5349816672262317496 -5.3353743305162195654 -1.4360135070132442614 -0.81352990410673742261 0.010194158664348092203 0.58143372300984641488 -0.3154042079184418701 0.83227175126190655607 -0.45589902136183513282 -0.48855836985097506053 -0.55427412999397795978 -0.67386267745592820511
7.2279526313530926274 5.2105727770455381176 3.5663373154592621361 0.99998017252864312976 0.0045860946728423250193 -0.0043153546111886487147 -5.7495651290384759691e-05 0.69190377305391193019 0.72198972674698069785 0.0062969233774189670161 -0.72197516340216394415 0.69189031803214007255
-3.0903367859950354735 4.0871720651681542336 -7.6645953609251842309 0.97247341055877900562 -0.00971580850675840893 -0.2328112300152721803 0.22423361171063344033 -0.23266699002469379276 0.94635371776726284754 -0.063362079633074191998 -0.97250793046536576636 -0.22408385048158097064
-7.9998667817834565597 0.31852850800612508841 3.9038786580047828423 -0.87377344158688918796 -0.0036009277159040108465 0.48631985986283526868 -0.17155773578915833877 -0.93340687524908361183 -0.31515004129590129534 0.45506913328456927159 -0.35880167022672271315 0.814968370781314011
-7.4847143857260123312 7.197805128873314473 3.2176297714854826815 -0.43265983627591614313 0.0040979143424093641274 0.90154793171066172075 0.56652430548226384577 0.77913090629968129175 0.26833792528569061497 -0.70132423127345810965 0.62684785869216341769 -0.33942021843390868252
6.9568675138171398586 -6.3909573443894132083 -6.6498078432048970399 -0.99999660331536632807 0.00067514973503822548612 0.0025174451748619696215 -0.00026658130652039511294 -0.98729652913175613982 0.15888830195605505025 0.0025927382784944243838 0.15888709115894791846 0.98729335557935360423
1.9003209732152923639 6.0808512635965916715 2.6083941260805172391 -0.91685407551466513443 -0.0025827016370516195365 -0.39921414537139071621 -0.38283847680211724462 -0.27784686757166671134 0.88104246143993447671 -0.11319586958933680609 0.96062190680435943779 0.25375627534132366714
-3.3058034613208300279 -7.4983162869080643986 -7.3442687484602817705 0.93400125598660166393 -0.0098662864152526778827 -0.35713346273851648283 -0.26360134483726482824 0.65570747755245173405 -0.70750408824356048054 0.24115551997653508765 0.75495056809953464683 0.60983084122621811218
-4.8370744509848790926 -3.8825287076813919107 3.7773124010878031953 0.73193767027547040893 0.0065808020971748534128 -0.68133981233719320691 0.42230392367433927658 -0.78911638880039558508 0.44604340705341649631 -0.53472108886875113765 -0.61420844830590992647 -0.58036310974122662376
-7.4434927133219579432 1.5832877211095317538 -1.5512778868349261785 0.72259528342158740877 0.00024495276597600310672 0.69127128999748532756 -0.60726019872082515061 0.47802488478671090188 0.63460795817108095473 -0.33028942978273367892 -0.8783462583303038862 0.3455672771705585733
5.5537913265153600051 -8.3657772016128610915 1.458046935272707012 0.96618891161741549123 0.004649011564914619192 0.25779327717957012389 0.082977107055455218143 0.94103961565239191422 -0.32796225617787627682 -0.24411838679661804208 0.33826443570687131368 0.90883628050578157964
-0.37147135022965449558 2.9897412192392982533 4.580114752347825835 0.19300150576727975738 0.014776244679857993697 0.98108719355865758871 -0.95806736216490429037 -0.21299147722739966704 0.19168088110951242431 0.21179553424464292455 -0.97694231826740485225 -0.026951038057300005096
-5.346350195009324402 -4.8292210845491689852 2.4983001268468707501 -0.99487932476065010778 0.0092829105484985609265 0.10064271824469911421 0.098260812330534977321 0.32197276967215249233 0.94163599567444589145 -0.023663092023535527847 0.9467034187967482417 -0.32123619801388686446
-4.066828463470236521 -8.3872056363513163291 -7.5730903821866979442 -0.91676808846418245125 0.0075773021508706321289 0.39934803926617179481 0.12575738461984753425 0.95444642179865468723 0.27058660005437362717 -0.37910599070335004868 0.29828612506709717422 -0.87595892335491731817
-6.5697685351633836603 -5.0760196065494316287 5.8757323271466868064 -0.28720092705730948524 0.0055878612900807748953 -0.95785406158956243328 0.84567194822208402449 -0.46813629714265359016 -0.25629546091977323252 -0.44983839708041306604 -0.88363860435363883461 0.12972368098485895227
-3.5701836674026692364 -3.9992577569196479104 7.350489071024651544 -0.085101665044434782192 -0.0033581523637209662048 0.99636661396241366084 -0.42013067616033544782 -0.90662776225912922179 -0.038939897921720457996 0.90346439971683334402 -0.42191802937739780743 0.075744669320630800269
4.4434736892819213239 4.3694172531047881236 6.9972631659823978367 -0.43336536805718578469 0.003586071931232571227 -0.90121118382810316838 -0.36420058505590885423 0.91400174610289808275 0.17877008129412419457 0.82434967799690761492 0.40569440248675675553 -0.39479065360947340757
-5.0612969787718924408 -3.9506444306626788965 5.5221017688412112889 -0.99049613342766629209 0.008577565647801830076 0.13727284885305768292 -0.11945235121035351067 0.44109757282020833902 -0.88947403955485015992 -0.068180242409500699252 -0.8974181615163718817 -0.43588082995850946366
7.2361623039876681318 2.681069446238948828 -2.0612395648919239477 0.046303763035731478059 0.0034057565682496780159 0.99892159970184657425 0.70361508990776788774 -0.70993949383471954828 -0.030194707278693690838 0.70907105905035194837 0.70425443975571810906 -0.035269211806260601649
5.9633321741841651686 1.6505313446150704504 -7.7246515882146509213 -0.52291000614037674854 -0.010205482526375792007 -0.8523267997690655573 -0.051079220541358168195 0.99850651502672427284 0.019381761478928654502 0.85085606227336318952 0.05367110559260653696 -0.52265033599661081531
6.8678122923316387016 5.0056983908432233221 -6.6383387127387987192 0.17505502757356822263 -0.0033376432544911997617 -0.98455299372809856884 0.93677202010033711055 0.30832321644748694744 0.1655142790112272555 0.30300811817238854085 -0.95127580350657892083 0.057100139970820994184
-1.3718342616294458836 8.4991894757885368961 5.0116964625831679214 0.48361330503147376136 -0.000887978465054995586 0.87528131631538352853 0.74083365404001300103 -0.53214092496422282785 -0.40986770185027959768 0.4661369629605930931 0.84665532979617907916 -0.2566925871332907394
-5.0462879395977857655 6.2069777487425996654 -3.3278691613109803171 -0.12934843135363885414 -0.0028563240901094827384 -0.99159509111279475757 -0.99104192633360421727 0.033893637742035742644 0.12917864207983434377 0.03323978873767464981 0.99942136395679204153 -0.0072148258032919401414
5.1388864378422551837 1.8188183568207640928 -6.0949194496417291589 -0.80505875145955330119 -0.010003555772105061222 -0.59311072791723207231 0.18328243534659205416 -0.95512968765343220223 -0.23266892499005026318 -0.56417014773185714116 -0.29601893289875863546 0.77076898988832354132
1.4704236639618621929 -1.7894072981758333274 8.3413269746986227204 0.53351424381776701988 -0.0040048634794873421913 -0.84578159870744973325 0.8324093081821135609 -0.17469214370585656182 0.52590626406137741533 -0.14985758337550006414 -0.98461495824299039015 -0.089867061311781987198
-4.4677655179381501327 -8.3568699138112307878 -6.2455433513953453328 -0.97955598451439596097 0.0018448157011893753093 0.20116329152502274158 -0.19282002775626086444 -0.29374220595913741461 -0.9362349883091733993 0.057362968004310038728 -0.95588289716531205098 0.28809265316659138367
6.2342448928139173603 3.9625431418063459255 -5.2466315114594932467 -0.012162499792818819502 -0.0076120438701409616489 0.99989705989511445949 0.92453203221610857909 -0.38101296457272737506 0.0083451923038295391932 0.3809102190882279193 0.92453835919116522657 0.011671648491299821751
4.5777418200168664697 -5.2610615156863040909 -2.0787668809685628801 0.91973794466972247363 0.0034285014979231918583 -0.39251797221573175856 0.20215370153019227017 -0.86129576935879725852 0.46615821202915930233 -0.33647584473865815857 -0.50809235682287123836 -0.79285948493131908066
6.8909699607789036691 0.20014088038385063895 8.2281103959127062097 -0.95846798995503534879 0.0076849812736506581401 0.28509656836701324778 -0.1179824995831854767 -0.92077443488304422381 -0.37182599405920119251 0.25965215582378609049 -0.39001971889739522892 0.8834395151041755101
-8.4296890143592797529 1.9227911141134685913 8.537186777513291247 0.33961154160410472747 0.006468106002614860961 0.94054354732474487744 -0.28178659161058483562 0.95474433705938699379 0.095181761075769200087 -0.89736297984573198949 -0.29735738507342296399 0.32606482169103212509
-6.5588298514940568396 -6.3927929515437780239 4.3338142484135735444 0.27912393605947166675 -0.00088328008211133179906 0.96025467878849535275 -0.83946480239873988438 0.48532297450948419515 0.2444595180121719169 -0.46624958321945042528 -0.87433450705634518929 0.13472377636560728398
-2.6112564512308935605 -6.2588108841828846707 5.8655817667369181123 0.99173296674733579792 -0.0060229004265145305932 -0.12817740571965172136 -0.12032174960719035917 0.30347432589677997283 -0.94521215083844412064 0.044591470462338952951 0.95282058027298643932 0.30024080763629601432
-6.900394899405847049 -0.62454433870405845486 4.1914186607017311914 -0.97179325214240508402 0.00772733946248398227 0.235707792223988577 -0.11433503425347105176 -0.88958673440786717457 -0.44222499014359206715 0.20626530254163416567 -0.45670091984797550611 0.86537789131539233356
-3.5201123378960632593 -8.4119267558878956237 -4.1146420110284420701 -0.74156400964041824242 -0.0055460646045129985415 0.67085919593692344698 0.31007645743285955353 -0.88958290687769903116 0.33540250794660164679 0.5949247096498139209 0.45674007154863432989 0.66140237139716218095
7.5147384751902261968 4.1130169548353681108 1.9901261165986703361 0.7103060429723800917 0.0077333537210022432543 0.70385049588453918457 -0.20431565909016885518 0.95915365360591786636 0.19565116975086083162 -0.67358773501837887476 -0.28277988615605792466 0.68287268155798908076
-7.2827609244145037337 5.0458515441958420311 7.2823473220532548567 -0.38188988254222661078 0.0048598246038758646792 0.92419505501641152634 0.67000351004240055186 0.69024884435736799659 0.27322486964806430576 -0.63659674374200159175 0.72355574420248025547 -0.26685514963929507504
