1125 17.292696884352682929 17.968806560800352656 18.477561601407678893
-6.8316095471667281913 6.1765348820551437825 -3.4712188582429588379 -0.23395814828925418083 0.0084948937314465074178 -0.97220955643809081614 -0.5899926183615223918 0.79355755313726283884 0.14891312950092566725 0.77276923795410323859 0.60843590183318174702 -0.18064733109754421703
7.3736481057043290477 0.34547210058293348345 5.4841960001769791688 -0.35730024610931865325 -0.0079551464003052158036 -0.93395570011430162349 0.91033223057548762203 0.22067079227830535548 -0.35014230165810128481 0.20888217756783195034 -0.97531590629953557325 -0.071603902222996576588
5.9594420011554456451 7.3709661226221037111 -1.274328028310288019 -0.82017565293679306482 0.0021009008383743978457 0.57210793085351463461 -0.5268604663133252819 0.3870114319777498979 -0.7567299389839533541 -0.22300212412856604272 -0.92207252303423770101 -0.31631047232098258304
-2.0989505322785944053 1.5499324551704847241 -5.8779212183820979121 -0.98125935537958997035 0.0063555825538832875707 0.1925868221106916689 -0.18228359705620955644 0.29341449669197922079 -0.93844585532440971676 -0.06247213558487073326 -0.95596419373410912446 -0.28675720143346661306
6.3948693500924536082 6.9061995587549569464 6.4802481509082010547 -0.1544802001823506743 -9.7157045173254519277e-05 -0.98799587970406055337 -0.10839008193768794042 -0.99396229691323922939 0.017045305897635011638 -0.9820323100027454899 0.1097221166224942035 0.15353696374057992924
-2.8545490456057649453 -8.5798844816783859102 -7.4955467135031028647 -0.73930241578940003588 -0.0031605510069024995642 -0.67336613289134805704 0.54233314738765270313 -0.5955237254373747513 -0.59264344228706533624 -0.39913242821438471575 -0.80333150277981146825 0.44198620045075853735
-1.3402042817443939882 2.584098914260990032 0.63162120198021987072 -0.41537036786819753198 -0.0055536948977719449716 0.90963542915277484369 -0.87194973629243921476 0.28734086901600019992 -0.39640747012686994299 -0.25917390855640193292 -0.95781228926462091966 -0.12419542526841180485
4.0135366965924870186 -1.6144937037633479981 -0.56955525517553706738 0.53222258184481141541 -0.0019727471108248600951 -0.84660216846132940738 0.42023953622174975431 -0.86748603052015915704 0.26620803716005092543 -0.73494071568445384912 -0.49745763148368932205 -0.46086662854659249389
-4.0114634979573189355 -4.0111977318683278426 2.1161107713472722125 0.97445210783460645132 0.0032138245963975542799 -0.22457239560564340453 -0.21801333685931428841 -0.2267601857781824104 -0.94923653695868448477 -0.053974757878479120987 0.97394532160560098877 -0.22026628438026951695
1.5967351670735416835 -4.47006353937776435 -8.092980985813039041 -0.24150157811330982827 -0.0020464731673241112059 0.9703982686074654751 -0.6179952643862686168 -0.77066528281489832253 -0.15542482124841996982 0.74817032884563905437 -0.63723687417761398777 0.18485217127087763545
-3.6855630648407782246 2.6741862576808235197 -4.2194748826826220522 0.5566831841450116114 0.0017172688943455837948 -0.83072310879009969575 -0.58795012742085839275 -0.70564146569041985568 -0.39545514229046024868 -0.58687177488446617968 0.70856698546140572947 -0.39180906952011590461
-6.462851319381868187 7.1746350784384347321 -7.2621903570416854734 -0.59580217067068319547 -0.0003736905391115048769 0.80313114357437120905 0.68711448527871787917 0.51749209411146579463 0.50997609419700917766 -0.41580459057611313112 0.85568790624121782162 -0.30806614479426752684
-7.0744405801955014823 3.9000405173226422306 -3.6853964255388738103 -0.24217032516614503401 0.0010705705407770384555 -0.97023316140385607032 0.85932572134157092503 0.4645146848720649313 -0.21397526067135519412 0.45045847561131735493 -0.8855647697471340507 -0.11341164108214003836
-6.0076943461626042264 2.856195086092927049 0.071398001083563727986 -0.92731957387330721243 -0.0012304289897281574934 0.37426847844306965207 -0.36963341685130529646 -0.1539144708373981485 -0.91634135168806174487 0.058732827774462009751 -0.98808340827660723349 0.1422730938381180088
-6.3752504573089767703 3.8049131180756026183 8.5974774399562132743 0.57290181414842500374 0.011072942277487413804 0.81954920614607162932 0.80761979543571837947 0.16287924186360575041 -0.56676328267686582052 -0.13976329048086735818 0.98658387505526301542 0.084371085773830914456
-6.64761670045973041 5.0289079339857298834 7.9389834626666822004 -0.99720102605213567504 0.0014323934034656436113 0.07475334032329879197 0.0060372468334874722015 0.99809429821781658898 0.061411102543909329432 -0.074522917891119866418 0.061690518835050923985 -0.99530930599220923671
0.27662132358960084266 2.5124427381120746361 -6.7655694128284462607 0.97572140385799888129 0.0026003774173598594166 -0.21899995454457363286 0.11823759816474756212 -0.84794979367526379654 0.51672141216126499241 -0.18435729557977964532 -0.53007017030108394273 -0.82767022546607316169
-5.4467718761586869647 -8.2469508947365337548 8.134586455993202847 0.99615202981543160554 0.0040089296499227706008 0.087550339678493502293 0.081244156336296308174 0.33243039712632682647 -0.93962195489872235576 -0.032871272502701762153 0.94311927111555382552 0.33082551276235921955
-0.64148010719318293571 -4.1526770562936672349 6.1771323484569986562 0.73627607362351543685 0.01200100746367423199 0.67657484377499588213 -0.60260749757108156288 -0.44321714304547193963 0.66364355491578563839 0.30783396057016310099 -0.89633394442595937246 -0.31909828076827950749
-3.852562259109653553 8.2142623497363711493 2.4115368833794583736 -0.8691435866119121556 -0.00015626997072243180298 -0.4945598057172454487 0.13738734368721863821 -0.96071598202839303404 -0.24114211508986696519 -0.47509382615017969886 -0.27753338079434430874 0.83502160385171897428
7.7843820295990617808 -8.519124920058070316 1.6326393974057815672 -0.78456419614453143385 -0.0019494991269095544167 -0.62004453193382791376 -0.56796309907536346451 -0.39891857282186943268 0.71991797473487673109 -0.24875075922829945063 0.91698428105987717096 0.31186998584737180007
6.8882044043104961872 0.54495769780797709281 -2.3269802520853208883 -0.86118915032460163772 0.0063370123760764516044 -0.50824510783412690795 0.50563235384452542842 0.11269683647085773637 -0.8553568528955203254 0.051857208841951260569 -0.99360921157354353817 -0.10025749132859793078
4.1874181000914978412 -8.5624275398423659311 5.7364846920866394697 0.29883674160003781406 0.0047401967586351446277 -0.9542924773908566527 -0.27059241483507512349 0.95936668886104625731 -0.079970627967915458578 0.9151373377280578314 0.28212246780171351679 0.28797667658640763166
1.7319361027176594092 -8.4635260150359119535 0.2983573764731762834 0.82111487546224304346 -7.994543302961140338e-05 0.57076295859442649494 0.56961628846227285727 0.063470988464645758387 -0.81945635487316148549 -0.036161377367830364882 0.99798368084456823279 0.052162511009507021853
1.1162704762797512892 0.55521438975898063095 1.0423291030063621676 0.87815048287469665844 -0.00031640650378930517371 -0.4783843949313584254 -0.47265125250167944193 -0.15492915695929546094 -0.86752391888201629833 -0.073841200799164077861 0.98792553171334929196 -0.136200663925468618
-4.1825173937633977062 -7.5129088806261519196 3.5532800853529242779 0.83608051193512333832 0.000478647093391592433 -0.54860655160068971803 0.049449314841139777044 0.99586332038282521228 0.076229996577515432565 0.54637362932724387043 -0.090862632657294009619 0.83259824595219611432
2.439923484308427426 -4.0785776735240339974 0.60072720822996739098 0.91072721768102793405 -0.0066511811045157362768 0.41295483622887224628 -0.34761060802207854881 -0.55228966405386914484 0.75772223945839123349 0.22303093992876091289 -0.8336257486240016279 -0.50529725020567051175
-7.5608313447737502955 6.1212167488179680674 1.8100037839536982087 0.82788107944696887053 -0.0031698853879121957448 0.56089470502102167782 0.045052961126125459779 0.99712884385136646426 -0.060862956330117637394 -0.55909136014397009529 0.075657257325963303551 0.82564691631848730058
2.2245111246189148702 -5.0593631213450729334 2.7909303860612659776 0.7445932865393691813 0.0073323579252569130379 0.66747814508573855008 0.34799390700244814401 -0.85757076096485929106 -0.37877781168787461041 0.56963240631937783753 0.51431374322024647761 -0.64109304722904869589
-0.57268959007659792082 -3.994365713973132781 -3.310043079104460606 -0.70595836107437182072 -0.0060935797519783667375 -0.70822712509138840975 0.053640966152061722583 0.9966309107262113498 -0.062044133770378796788 0.70621911555805050309 -0.081790562235746558373 -0.70325305882707622729
-6.9334736267388921149 -3.850152910887575608 1.1003513953480381637 -0.69742455114892920598 0.0035849006814571786859 -0.71664924749951119942 0.61723594702416817448 -0.50513718925109762914 -0.60320494505334387725 -0.36416861637941100316 -0.86303161501925762522 0.35008234791492109927
5.8059762718254290803 7.2127305368246013018 1.2177490077077333108 0.29227064940495656176 0.0029075058073323332627 0.95633122604369302788 0.76913678638031890422 0.59356829453758241932 -0.23686553897977155603 -0.56833658278591381308 0.80477837081381109474 0.17124632123763061653
3.0925843479683816639 4.9446771864473113567 1.1038415640221932446 -0.97228359505237826887 -0.017750944702784023088 -0.23312982381887309424 0.23326170983533797698 -0.14155955512120535489 -0.96205502289535793636 -0.015924368633081293495 -0.9897705776167347036 0.14177664887983615349
-5.3276831274110829639 -3.811638845761433636 -0.42970467886133312252 -0.79859373564526037192 0.013654351938531601729 0.60171555078900151869 -0.097422160980285235632 0.98362625178776807999 -0.1516189940080916454 -0.59393347096954141051 -0.1797024080731097484 -0.78418752642126143826
0.4726775786665205481 8.4414761170589613926 -1.9027898411816051016 -0.99989243015261375369 0.0076068943047768282362 0.012540465777172389583 -0.0083780362722586602248 0.40557330185524814725 -0.91402412732365356796 -0.012038963040630344323 -0.91403087036540942023 -0.40546594356062665154
-1.0531249408101635012 -4.0350788298052142622 2.9018700427396852959 0.86527142279239233069 0.013620520222537412652 0.50111859507290135163 -0.49925094466695507656 0.11378328957230805785 0.85895393197956859677 -0.045319522812382107002 -0.99341222281723340348 0.10525348644614854199
1.441549598340875038 7.0313777887847628278 -2.4837553804945402547 -0.34142257606386894331 -0.0094416695152460955454 0.93986247899956099072 0.81248501245685844641 -0.5056949363389355856 0.29007022579723140687 0.47254494927687334949 0.86266070168866548773 0.18032688284108641663
6.1127003213792345804 -2.9547578932890483649 -1.3005731545482968059 -0.71784712897931168829 -0.0014596465951701095842 0.69619923071478528875 -0.64065515468154510259 0.39279476476956115549 -0.65975241231059378322 -0.27250040769901173743 -0.91962500085708220876 -0.28290172428305582208
-2.6399894342742395992 -7.3239183232069473561 1.0066162073625815054 0.75596562206672357487 0.0018079541136371778641 -0.65460882178243151586 0.319368507212085595 0.87189153993451351532 0.37122621026980828773 0.57141905363260403483 -0.48969569519464278828 0.65854262675506458624
-6.7495380599753564965 -8.7309738885954608634 2.00310073729901994 -0.93121156757174639029 -0.012087682113861793892 -0.36427860815840629183 -0.091724397633547352648 -0.95951165333786048173 0.26631564352716841082 -0.35274870843070404991 0.28140944378187365826 0.89239961544748902522
-5.4734230070124256784 -6.1551695837306219516 9.0248615401810834413 -0.99926827234117610033 0.0021730662284987186175 -0.038186354570699056199 0.034136157893006710551 -0.39966469681280880621 -0.91602557434081177679 -0.017252322062043887879 -0.91665882852058644392 0.39929807096766506413
4.3129830327038698456 2.7829963046686900796 -2.2663496970724343882 -0.10266938943600420475 -0.0041298470377443344259 -0.99470696229407062905 0.90523666020770376939 0.41411629767827523585 -0.095153985798656415263 0.41231733590635588627 -0.91021461005658921284 -0.038778578498511670491
-2.9421145058109412496 5.9583336825748345333 3.036475735502153217 0.35762867414279259082 -0.0059094197643632211114 0.93384517463493688094 -0.93210813117972990405 0.059031330945384999365 0.35733700305933180363 -0.057237777904093588288 -0.99823863916648203354 0.015603078405804070294
-7.9465874377887102398 4.0110504117230423304 -1.8525866330406064453 -0.94787573834332172762 -0.0015762981285392728241 -0.31863631297145150745 0.12750550937787838435 -0.9183125794861757285 -0.37475905784358976014 -0.29201700248121975623 -0.39585290404611384041 0.87064720100631198818
-1.2747011586782737158 2.5849404066059866736 -8.6915813464289506385 -0.50776007738148454251 0.01346146510873050782 -0.86139334381830368059 0.85793762948655460931 0.098717812887913231057 -0.50418034206961559462 0.078247860854700465594 -0.9950244129545871008 -0.061674061775806816865
-7.7522759891398855814 8.3885009152226217566 6.216076028481618998 -0.74407152660057185312 0.015169760308334202803 0.66792772189391214077 -0.66677806745789380827 -0.079720156028015312644 -0.74098023285354885914 0.042006809679085856113 -0.9967018486462498883 0.069432361658948713035
3.3313348978776602394 -6.3381366439173474348 1.5080372910655155394 -0.97397043587727683001 0.0011454796779937906955 0.22667218160507929259 -0.099722130648845344614 -0.90018381249765111463 -0.42393938290302485283 0.20356101467657028437 -0.4355086584599098809 0.87686664990190688052
6.2317014921045519316 -8.3089336442626624546 -8.3890937146676893832 0.092953838889113044042 0.0027804080782804826283 -0.99566653713328279185 0.08185831362784490306 -0.99663213175927733989 0.004859057009630407542 -0.99229975326307007233 -0.081955251668036341317 -0.092868382123704004694
2.3832923392496141446 7.2803903239487546273 -5.9655844399796054134 -0.60635196838776661554 0.011750554692786414901 0.79510956156787870874 0.44187730567715360896 0.83628224556183483607 0.32461739399712474796 -0.66112157517331016088 0.54817326660687748507 -0.51227368917203497389
-2.8851369079348381241 5.9541241449829023225 -5.5184994344470021943 0.64941020490683742938 0.0049541457306776495381 -0.76042214736460256308 -0.75628813972776753882 -0.10012297147916485174 -0.64653201025858997308 -0.079338738771226338664 0.99496273649934063865 -0.061274117765673340175
-0.56083086565400097623 -8.4849853181459469198 -4.7325179102527012986 -0.0055001212882167509893 -0.010104910396505271258 -0.99993381753584931193 0.020872128486871956154 -0.99973226054579467093 0.0099880667098951672611 -0.99976702432027775291 -0.020815811539599174407 0.0057095596768257424886
-0.10386257083673983148 1.4135060524103366664 8.1166489294281163325 -0.99999279034187682491 0.0036115135107442405266 0.0011731302670562899354 -0.0016283797036687891469 -0.12875600305381607047 -0.99167496694059753537 -0.0034303999770888340959 -0.9916697276048367371 0.12876095568258449919
-4.6240891672232473653 -4.9966223260284090557 -3.9400006623315881882 0.16473106489983857514 -0.0039564652878740051711 -0.98633058486465463588 0.38432674364318786253 -0.92069816023654371673 0.067881159814645278261 -0.90838132432250029424 -0.39025535757960755356 -0.15014701296664589858
-8.2013099956374553301 -1.6684974124698692677 -5.9176332665544526535 0.99969533301263935332 0.0066956784038681230187 -0.023757294532299681744 0.024227924488581221996 -0.08225476005325590978 0.99631679807355433276 0.0047168663070497416495 -0.99658884317411722265 -0.082391922134026282509
0.18215471276888375862 7.1394601096298151433 7.77125341825943039 0.51038909225058870511 0.0079973494216347557062 0.85990640008882579526 -0.81274589939785801818 0.33120871317586303428 0.47931710936290328195 -0.28097522581812134357 -0.94352362488648111594 0.17554512741182301538
8.3935269244487979989 -1.7945823064879478093 7.600320108662959484 0.94223813993789329313 -0.0025377232488889376466 -0.33493409442345184468 0.31341885753064280262 -0.34601114931747878334 0.88433302793218582227 -0.11813512344167040324 -0.93822696854666698396 -0.32522953140924831805
-6.4030933012840565155 -5.1670639125317876506 -4.5753404462859599278 0.68732195901532522342 0.0034549097482023654465 -0.72634467593152973741 0.53515865143430529915 0.673721648207144308 0.50961196859199753284 0.49111479559308113263 -0.73897713383825769373 0.46121475823500712732
8.106372726047741395 7.0292786570870759988 -0.39383898023969465818 0.40223407738559768809 0.0037360210975532575327 0.91552923991326629061 -0.73291450339042041318 0.60060199874672048903 0.31955213944111721114 -0.54867483786843795901 -0.79953941819497820198 0.24432077488930342701
-2.7539994289275724348 -1.7589157398923151998 3.9819281944359876668 0.19945885279417488456 -0.00058460595742214002679 0.97990602828932615864 -0.92453364963873319038 0.33128300970027735328 0.18838550413848761944 -0.32473634956324831657 -0.9435312531757698018 0.065536841185609928662
-3.7060822840301712588 -1.989139813481789254 4.9937778169149629193 0.25037683506441948955 0.011516597715881279548 0.96807995973476779206 0.069967052313674463204 -0.99752985599822863172 -0.0062288026886885604697 0.96561692821418343424 0.069293249090121078471 -0.2505641506220052106
-3.2073944843723873888 6.0255580348930939394 7.006196019428503341 -0.99967964011876908614 0.011813671012666044843 -0.022384242439839774352 -0.025254303130971211822 -0.524424234392414923 0.85108251218972563734 -0.001684430400317624317 0.85137515794125862012 0.5245545759357788107
6.2957058622677175563 -8.5011062211455374893 6.5777366526995413309 0.99992411289349814041 -0.00022420837425360853738 -0.012317393583213265273 0.0022397755414897391711 -0.97986254310516129884 0.19966066218704117685 -0.012114118193226870376 -0.19967309871408686628 -0.97978768199553700757
-0.0853262028290051322 4.7413320561369394213 -6.0816682339366021637 -0.28763566195041617712 0.0093555129532648592661 -0.957694210252589051 -0.12489154738593871707 0.99104745815685235666 0.047191493644453158529 0.94956191339269213625 0.13318186835389456135 -0.28389216716205956104
-2.1060858410462057755 -7.5016713773341408 -6.3578828230594863768 -0.75628070419216308906 0.010106255095138048233 -0.65416921363988933535 0.01838796815850866212 0.99981403383123867989 -0.0058120892189852972273 0.6539888218413811849 -0.016424413598015701748 -0.75632589506403902213
3.3599985144387702896 6.1705009744649430559 -4.7141286385242553436 -0.6600302616796708266 0.011726923041681807519 0.75114747749240162733 -0.069309956349955362254 0.99466296886700311664 -0.076431069044627417131 -0.74803488128418815784 -0.10250881737926124948 -0.65569486710012370168
5.7850296204679843015 2.7092738008575554254 5.1336039779941406991 0.28222051193330877084 0.0010775581680839097995 0.95934895711232248683 0.27026577947154412085 -0.95958602535238457509 -0.078428747249033481381 0.92049334114406233809 0.28141339487795596908 -0.27110608641722433454
6.7237980895895894662 -5.0829633542619374609 -5.511322544602456297 -0.99794487799900433167 -0.0062440163326250176096 0.063773291710265314625 0.047743046389402181429 -0.73626090085880424585 0.6750114720416862113 0.042738998549138984551 0.67666897233936484923 0.73504590324434015969
-2.5254656510339987818 8.4592098300846192416 -6.5793653282918675984 -0.88414276853688111846 0.0022670821311645142707 -0.46721132818315924684 0.15084783403133358859 0.9478191132467933544 -0.28086270584098221859 0.44219508795562051384 -0.31880054721233835879 -0.83834939928721274871
-7.0858138739520786231 -3.6035887177743015641 7.5334059017286421067 0.94667211253702288065 0.011781475002475928771 -0.32198308680926640557 -0.1770860189290480724 0.85388314015417676739 -0.48941201952941493225 0.26916993376723019615 0.52033141343458277905 0.81043369065495041159
3.6283476443977367154 3.774161277953653304 2.3054756320030778127 -0.32796993315293071491 -0.00063089097780910435506 -0.94468795108436520724 -0.031869157647696849667 0.99943797530350519942 0.010396649063316000874 0.94415045397345043199 0.033516197539344351475 -0.32780571191485191607
-8.1006818371089206465 -5.9792464860317373621 -2.6550888699742976051 0.1706692186210520823 0.0012888091932164074185 -0.98532753782004323106 -0.91012996323564221424 -0.38295375272999704341 -0.158145102014214195 -0.37753869713752313819 0.92376661676053828387 -0.06418543388269302985
-4.5589737115781376886 -4.0621831228204188236 8.7477625486870902449 -0.30480173452337439022 0.0017702911441761998504 0.95241417917871651344 0.78150524490076844764 -0.5711082215379233995 0.25116717835727569996 0.54437620706991840525 0.82087286796476377493 0.17269128471116643175
-4.1653796752126375225 -6.4367020901975706693 3.9466087655545578627 -0.94995237423374778718 0.0023077470103159171411 0.31238623687835753717 -0.26338188002934986853 0.53181627124275787644 -0.80486113020420591013 -0.16798949955124187206 -0.84685661593039751605 -0.5045923107770601268
8.5550473379771787563 7.0891571346390929165 3.2227894429389136732 0.8291252216155973187 0.00067146288723286123856 -0.55906253319192311668 0.075706018103379194017 -0.99092297794876160744 0.11108668055306285261 -0.55391331966674062226 -0.13442916689064321467 -0.82165006747709889989
-7.5959787076187197385 7.1525921918761428131 4.0838951136053536217 -0.93921058441637517156 -0.0018075142781630686162 0.34333687686089581215 -0.23101679758837004308 0.74309719887925029802 -0.62804282676396083751 -0.2539974750906176526 -0.66918105614973266704 -0.69834232059773360124
7.7964036485167831358 -6.0877752441327386279 -3.7689608894665238559 -0.29386173359465239674 -0.0021205135388421211817 -0.95584558635325500564 0.0033338141395966372493 0.99998918302440964467 -0.0032433805711876775857 0.95584212462729567505 -0.0041397169682832087034 -0.29385148550149570168
-6.7899260764303130955 5.1441148375165610673 -1.4363786347759981421 0.77516397723056351676 0.0059523142130041761452 -0.63173204632916335477 -0.01945164341332999286 -0.99925665275616160077 -0.033283261424843425813 -0.63146056248392323784 0.038088211799314347639 -0.7744719789312909386
0.2032364917841206764 -1.8468763311774587521 9.1432726386243476924 0.29824666088003881637 -0.0082074085572101003472 0.95445354403373516838 -0.8959631087434418717 0.34235946307236031494 0.2829136013265400873 -0.32908819037550407494 -0.93953320137700191417 0.09475403139646486339
-8.5247723557276735562 7.284180801376842318 7.1628901570527787612 0.86725572149556862112 0.0044219925381782662979 0.49784330819595218331 -0.45167531429092949713 0.42761046473974306803 0.78303173684410043442 -0.20942044788787678167 -0.90395228658754311901 0.37284492698643162401
5.7063435057192943844 4.8676496177790946618 6.6282541604127862556 0.32028723356496974217 0.0033983862999835074206 -0.94731438233871234633 0.72608000424301066822 0.641411353753519764 0.24778882685548000997 0.60846028256050499472 -0.76718962861003714426 0.20296836773175513935
-5.418973590749174285 -1.6785155569703114065 -4.1420914868805738251 -0.98033243213753884504 -0.0069614002656949464792 0.19723047788236414135 -0.094419223728596513023 0.89412468122938770776 -0.43775114460987363252 -0.17330127723096361292 -0.44776399288355012152 -0.87719671339281124478
1.6142926163097639503 2.4420296664824552302 -3.1694667807918142088 0.95474365341631084458 0.011993921040050141424 -0.29718799120988875773 0.14240018259037887094 -0.8956595895473167257 0.42132658075450857282 -0.26112591648384403387 -0.44457850320286190771 -0.85683324528771431794
5.1017299838346961138 1.6083045233098880455 1.5172897833560505809 0.8450233378944601581 -0.010433751128576662995 0.53462762297801635913 0.31554851376639064808 -0.79744019294077173043 -0.51431340070271458487 0.43169977284415395058 0.60330777843492666701 -0.67056321894833292863
7.0420862377650079722 8.3217704695302625595 3.641898447277141404 0.74329223211454453768 0.001639758311709008055 -0.66896484875577899576 -0.49546185465278275162 0.67325234880361750633 -0.54886138998293954039 0.44948215566577609525 0.73941097234401387261 0.5012356788128762286
-0.47767457449339939535 1.473844700533298413 -1.2856402370166613025 -0.68437863599392201319 -0.01001171772968776838 0.72905805537226564539 0.087885599185237001096 0.99148273472657666439 0.096115077875701698806 -0.72381075154416962825 0.12985280993201323008 -0.67766971579218282518
-4.9329757236824418598 1.7535483918056331554 0.28795983230233918038 -0.38656521961397255494 -0.0088577797025911064743 -0.92221953499338904514 0.12541169830700629739 0.99016064817580073942 -0.062078955625674059338 0.91369537424252034175 -0.13965468321030824472 -0.38165079921956357456
4.6912418443054697548 -8.480522214102071743 8.1577977284408778047 -0.92978869534236419092 -0.0025013895168498074401 0.36808521440560448834 0.010144185890829229835 0.99942297875957486486 0.032416122842594409514 -0.36795390676861078338 0.033874069404366248526 -0.92922681295572140403
6.2119609383232186062 8.3776735321107036469 -0.94578027626028271513 -0.75549313465002299051 0.00046274629668886617384 0.65515640068815417241 0.50585640148936095173 -0.63507030430146993449 0.58377650660751545519 0.41634051516664272174 0.77245420217678817387 0.4795571717434208292
-0.60591666819595790816 -5.2895772985610598482 2.3969751632280607012 -0.87280864024282400759 0.004522874128212493218 0.48804161823236424933 -0.46568663562875056705 -0.30702222527307504452 -0.82998392188362157817 0.14608571084847499222 -0.95169159752401688568 0.27007789300079376726
2.3320583464175874688 8.2531621666742793764 8.2209294992790891143 -0.94800025278176736077 0.011642890591916171816 0.31805654186744641843 -0.046163754483626646963 0.9837324981446443628 -0.1736066815138011532 -0.3149038400812507188 -0.17926186207028932396 -0.93204117736775615732
0.46560291051849478361 -1.7410180365799097224 -1.1256129044435341235 -0.99121033075313647043 0.0066402126877927935764 -0.13212867888406515382 0.074440219988273464979 0.85362570971026696665 -0.51554030043220744339 0.10936514004143921275 -0.52084455963096787379 -0.84661692095461127394
1.5847003459152122495 -7.193213422819246361 -2.6398807612542687373 0.79076789503115862967 0.00067658394607287382014 -0.61211573940087593559 -0.51606113605814885048 -0.53705534349766981261 -0.66727240454774805478 -0.32919149448074103148 0.84354673863088458496 -0.42433696481304700177
-2.6393822931069990112 -0.78105481976148583012 -2.4546771050027493821 0.087468158601420528675 0.0022589042124842267749 0.99616475473810606189 -0.39874933072217955132 0.91646839835560289789 0.03293396521012968009 -0.91287912260042602952 -0.40010070253323015699 0.081062539763476645915
7.0569894706886797664 1.683599333468145165 -2.0914242861454663824 -0.30094097692456761584 -0.00061893262423261090344 0.95364256686155857157 -0.62833061705407378117 0.75238167058982718949 -0.19779397724132349867 -0.71738076645550363786 -0.65872713522606340941 -0.22681136928516792972
7.4237599982606861104 -0.51027410612868950857 -7.383709026223654881 0.85979546815976259921 0.0015187643400658180914 -0.510636315087908077 0.48561615978221339684 0.30676434882317787922 0.81857961106384791172 0.15788824620631899953 -0.95178428629904754388 0.26301706040485284266
-6.7697378571531805491 6.1364133116317400862 5.6024119346496279448 -0.14948622378013159961 -0.0063477624163340929178 -0.98874343224761795934 -0.93489592988623004821 -0.32464998319246540781 0.14342938574613081637 -0.32190599432500610622 0.94581292776391512334 0.042596202790726428455
-1.7900206921050580977 -4.0604433867507943035 -2.7761234899350100136 -0.72894688305860677602 0.0071937910175665017998 -0.68453246164810754859 0.10704375496509196952 0.98884237501640892543 -0.10359725814453146775 0.67614944812683719366 -0.1487918235082740237 -0.72158361750724364647
-4.6890962140306298167 4.8697454565895492706 6.7312313605717601916 0.38642560334751696605 -0.0077415403152007681437 0.92228809036605163829 -0.81660612779591945642 0.46197591223191170062 0.34602411558109130718 -0.42875364152820505392 -0.88685868382218691064 0.17219753135622692386
-1.4743348701846086257 1.3971144793218190916 3.2244507689831043429 0.7625465730456868485 0.0071687239764151224758 0.64689360279153274025 0.4415529278648908651 -0.73657779312938731486 -0.51233208621227011026 0.4728146950234168866 0.67631484093218208198 -0.56484024299322865836
-3.9819608392791483453 3.8664773893685513428 6.8737064974382589 -0.31394809667173390055 0.00080884957198416027914 -0.94943980238793346249 -0.015353338796091117735 -0.99987320404789892248 0.0042250224494227691177 -0.94931599985655801266 0.015903508709013323974 0.31392070786554376882
3.1819713905993505243 2.7602198917755456087 -8.4061445131461685065 0.98812393070183324184 -0.0073897273688267057362 -0.15348123502061122858 -0.0026521894638787358797 -0.99951434324537291598 0.031049050519439035101 -0.15363613984065405127 -0.030273248529247190342 -0.98766364059733668945
6.0285508540641785657 0.25819996548772472522 2.8553469775032169764 -0.15160971053793981245 -4.59703680725492142e-05 -0.98844043500735334629 -0.44464021206864567937 -0.89310590396512401501 0.068241674321836129358 -0.88278512531778541295 0.44984646512926634854 0.13538308730562112481
-1.2922248109349114831 6.0107222291512432122 -4.1141592991404998259 0.55948830862648968321 0.005200938052603819306 0.82882192463376169744 0.82877786843243572701 0.0085589867710742922879 -0.55951227738247455434 -0.010003864582855133414 0.99994984573664136285 0.00047823067909045537116
2.0555145858813475002 -3.3850342278754772529 -6.6393717684024347037 -0.99938891198937840343 0.001123226266839737978 -0.034936241290683608951 0.024697599110660436311 0.72997038776918621306 -0.68303240155827027458 0.024735221667616654612 -0.68347784992870952436 -0.72955205260890898522
3.8258658059169241561 -8.5143153399086966004 -0.99617641779767773791 -0.85800091059626859558 -0.0042583137267365057249 -0.5136305132878408175 -0.51346600996193692001 0.033739248890968083494 0.85744639464989047539 0.013678231973706220584 0.99942159764941529421 -0.031134805629696456208
-4.7848325324960931937 5.9123919375055109526 4.4746027530424763441 -0.83498862267296736217 0.0043609328016536857975 0.55024992709850129025 -0.39177213415713796341 -0.70690215552486734829 -0.58890061760238399113 0.38640470352297418 -0.70729790384226298716 0.59196374915673333206
7.1659612950454354419 -6.2730291002599711803 0.14502923357544378336 0.19730649390090107542 -0.0030277258241181883962 0.98033717686354948651 -0.84506221185550189912 0.50636750673541675027 0.17164441795866877682 -0.49693058424524139127 -0.86231246134969519179 0.097350980697617828241
7.1706629439013500615 4.7989683025206906208 6.0806972089703057449 -0.04224940077548040851 -0.0043455253978983993807 0.99909764514949739311 -0.24918065434116307144 0.96843636596124815785 -0.0063250759693192805388 -0.96753500693071647909 -0.24922303563857817199 -0.041998677012951790566
-0.8162316150365176437 3.6233754206441433077 -6.146016074950643393 -0.97042103051885020282 -0.00091304968815382470115 0.24141704551870837858 0.11065621613955829716 -0.89044355989337864443 0.44143569007718930219 0.21456520071146592543 0.45509277404120535016 0.86420619163438050503
7.5389183636439067726 0.28267539757962967251 2.5007796938307507162 -0.16323693553084622776 0.012110913375680262133 -0.98651255879269927895 -0.50239326695942476686 -0.861589844359378354 0.07255305238801020018 -0.84909051825599357599 0.50746060524345160125 0.14672772721454102607
-4.2623424897573185532 7.0785214954453010705 3.7973849392924883261 0.99111168730028420537 0.0015014012458139116245 -0.13302394179666909846 0.089673029908410611943 -0.74616122933280148999 0.65969854293290242087 -0.098266835727562937275 -0.66576359590710898484 -0.7396637502006826459
5.3881813123144359778 -6.2072512639841903592 -5.9527647037260171814 -0.99263554323816849401 -0.0062419339325554294359 0.12097816563622973418 0.11966354346412136356 0.10487331071300527718 0.9872599582001658769 -0.018849792187514397002 0.99446600090738657141 -0.10335404381853496858
0.16028797320273377447 6.2327228117218833603 4.1593467886715398407 -0.060689478638349773909 0.0089397747272675805175 0.99811666032115198277 -0.56997658263910810916 0.82058646393923584395 -0.042006552375230793439 -0.8194165500070385022 -0.57145247888789629798 -0.044705502425447130044
-5.3656340167524652074 -8.3588298118383566049 -5.5288044349501950236 0.54918687078088079812 0.0070871960370930660658 -0.83566952356416546177 -0.81502073499274485524 0.22561431878298285336 -0.53370345763499227321 0.18475654925676943119 0.97419092112996785726 0.12968063345891353566
-1.8708850083125330155 -6.2325715736477285134 8.0868498351286444148 -0.87516241332328781333 0.0070712599815742280263 -0.4837775807007360096 -0.43953957868756099447 0.40630711481004122554 0.80107395864667818586 0.20222687525024574118 0.91370921289923079378 -0.35247661651440431729
8.2205198337003047016 2.8450765838777734018 0.70312779564489769069 -0.98259694470645897457 0.00090058578728863507984 -0.18574830604483211216 0.083353024456021579391 -0.89151583838882619837 -0.44525473968929474289 -0.16599854688333048891 -0.45298862993133226507 0.87592567240930141459
8.4405634284825072911 8.0803446833353138601 4.1386188422609793136 -0.88944513835224980891 0.0075310188898042923142 0.45697990066956123423 0.019816029333890844422 0.99955944196949908509 0.022096310797737449966 -0.45661216677059673907 0.028708983331303256081 -0.88920252104511832147
-0.64989024466616684972 4.9395554674081738611 3.5548798322133814409 -0.43794826336676817569 0.015136313226957798239 0.89887274440601894199 -0.87608465537339907936 0.21712659474541304294 -0.43050170554085304131 -0.20168538676218500383 -0.97602609282547891922 -0.081829523342391685681
-8.3115355797190240139 -4.1455577157704563973 2.9637362677593483973 -0.96888630538741238318 0.00030803822060149871863 0.24750602486673869973 -0.13304830837666661858 -0.84387597598566332913 -0.51978022739652707251 0.20870427612031264286 -0.53653820205723190551 0.8176608605419751763
-4.0068723969965356346 -8.4666128608391684196 6.3418929194882789346 -0.28657326453656684073 -0.0098612463629659304759 0.95800757819177506658 -0.93811779342263579284 -0.20006345921993351489 -0.28268289291792464413 0.19444991570163616679 -0.97973331478772196501 0.048081827944678669218
5.5077439503877103633 -5.0949573267652654707 8.2733432648875080417 0.97133920877359891666 -0.0081354148406361827262 -0.2375583223641005437 0.16767970275122009993 0.7318135164562167283 0.66055468692420105103 0.16847450484975876051 -0.6814563758286238393 0.71220330598667069832
-1.4581970911260950796 -5.1167085094982454052 8.2102958506128498328 0.72229816140894886889 -0.0044971902595252457799 0.69156716326367928538 -0.52993731753059414302 -0.64610605438385593224 0.54928444905810103194 0.44435549452388217739 -0.76323439503746226542 -0.46906444409926817407
4.7380337709548197012 3.7942327053185356256 -8.3261867544818688458 -0.8482331402582876656 -0.0094092747926043506651 0.5295394275363941583 -0.1438212664758489745 -0.95817906119530726894 -0.24740317297142522257 0.50972147598161476889 -0.28601460143657975177 0.81140598019011778153
-7.0074893963193103374 -7.056075372668622947 5.4589470576079275332 -0.099634065891197734488 0.0081187227700136657682 -0.99499102471049860608 -0.28423479139574453489 0.95806804701116277112 0.036279479820808507862 0.95356365087704109129 0.28642573843218244178 -0.09314859145123398354
6.8561575814619688529 3.9967456125324565264 -0.41890721752556819846 -0.056442821328516849799 0.0025675746002297248488 0.99840253178821491975 -0.74360760947469384252 0.66718309986968127312 -0.043754249844401377212 -0.66622963837685023059 -0.74488933326279915814 -0.035748428488774221246
4.8699843931868134206 0.31208257713774523179 7.7741688801102268869 -0.85615068503786673215 -0.0088215418811221010809 0.5166509313917173607 0.37798408820856510548 -0.69243617837997784026 0.61454061536372917018 0.35232660071330068607 0.72142520005162724672 0.59616411092959908924
-6.0108373049846344216 4.7464458107463709524 -6.0201754011922385956 -0.45693141809230120032 -0.0014795143222508218631 -0.88950069713169965802 0.88504824748457611161 0.099187657102701637379 -0.45480919988821966182 0.088900386864935801445 -0.99506764579899997791 -0.044012515259042782334
-0.75514573704310006264 -8.6563054422630241191 2.5840950669721665101 0.0083118777968121965866 -0.00406209274464082188 0.99995720512929797685 0.98172698897744492541 0.1901513556863978216 -0.0073878984841476954062 -0.19011320785491694907 0.98174638340698416883 0.0055683809105862864391
-7.9822359994390588156 7.4541834450451762706 -2.9078939348535288723 0.59384665933229929813 0.0068380687167373535931 -0.80454918185033219569 0.39464990785756870473 -0.87388233872888432252 0.28386811776901410553 -0.70114021096200851435 -0.48608939391217709236 -0.52165075069262112351
3.7031755126228360631 0.33907709509999983677 -8.7964243224830269696 -0.95304826322613078737 0.01284622450334364091 0.30254583533387263694 -0.29690357057995486745 -0.23614592937786549331 -0.92524773429320295026 0.059559027348476227537 -0.97163268499677990508 0.22887255778502241244
-1.2805150749115055131 -1.8560594005667714335 -7.2524252701809732713 0.24302325020661794119 3.6541447929556471197e-05 -0.97002046294077226563 0.7212803601780946039 0.66864871993458141475 0.18073054902527499466 0.64860954501179879372 -0.74357843432562076291 0.16247082853620509191
-3.8163865197651807293 -8.4109258881400066343 -6.9878863314535140105 -0.74318568759149716829 -0.0080020930619423332603 -0.66903736836285632172 0.39877988708017864106 0.79762384765215965654 -0.45251607630761858658 0.53726123573127926303 -0.60310211752516273975 -0.58959155388888395688
5.5283346923747673785 2.627767866732165114 -5.0433954599527748286 0.29583550261608160259 0.0089058799753580393521 0.95519738310661550518 0.71012481429250384757 0.66676738022590575916 -0.22615041187988346727 -0.63890852515701557213 0.74521268505646565128 0.19092917669351552878
0.63687187014861457168 -4.8730173540723473735 -1.6690366596495302964 0.99998950890092497268 0.0012075127643173212341 -0.0044185971975304570714 -0.0014576765547081298874 -0.83059387254528094235 -0.5568767314847674621 -0.0043424955190473745609 0.55687733012154427836 -0.8305833985394367458
-8.373979237126755848 0.39564078970146443481 -8.8331919676828238863 -0.83176429858444711485 0.0050749471993918578508 0.55510575254762983821 0.46357935608875239231 0.55644924108729187928 0.68953493218391892494 -0.30538882135534695106 0.83086610654450143709 -0.46518725346567652013
6.841965598849265362 1.4679108897470876105 5.1776137626889919829 -0.7826862424572385013 -0.0066689003731104350842 0.62238072884379225247 0.038799010099699500487 -0.99852068176817421197 0.038093108253703260313 0.62120599054056757637 0.05396270794683406119 0.78178714716170183419
-5.3972951324804645523 -7.0688547788335327482 -0.71535546999517363176 -0.18718486594326402828 0.0085551842978493705671 -0.98228745018130225741 0.85987083097660499398 0.48491153557465521695 -0.15963382067114620377 0.47495681908716635977 -0.87452136136755753704 -0.098124454212251466245
-4.1503670776923762276 -5.0822455903382302012 8.4738030642945485482 0.31810762281557319886 -0.010153069729581701286 -0.94800024023294837683 -0.25368908734089085089 0.96256625744554924484 -0.09543608851549847949 0.91348201255996708259 0.27085626299211529311 0.30362394096517081321
-7.6492822527712061031 -0.75148818713639897737 3.7269466434452702686 0.048398531691783278075 -0.0014857765936917531613 0.99882699933363072731 0.79447996848824631311 -0.60601101936171575257 -0.039398275124548499948 0.60535870506717504025 0.79545486162334777536 -0.028149623784975007224
-1.7715048685997165645 -8.3686157920511679009 -1.6807578744816580318 -0.54908506970064308028 -0.00015410613912554375904 0.83576645211616751308 0.18502357894959239881 0.97516475604680108447 0.1217373147266436334 -0.81502874885754239553 0.22148064207856762997 -0.53541989477428286737
6.7667765484830120215 3.7925324278542476009 3.982396437807778522 0.9746011147617235082 0.007260798248456862454 0.22383017650377240448 -0.20543817565607727649 0.42686355016977856058 0.88067171268271238205 -0.089150564148540931142 -0.90428689603740730618 0.41751333699283704748
