1125 17.292696884352682929 17.968806560800352656 18.477561601407678893
-8.5132440214278553015 5.7493286260915832386 -4.388765889793335262 0.61140287587314123829 0.010297481708634918796 -0.79125247882361759988 -0.77615447926973701875 -0.18701592014824719445 -0.60217046583234468127 -0.15417764975434108954 0.9823029102480835828 -0.10634963485933447702
1.1560793442001184861 0.14230591405970449692 3.3310894958094903195 0.21221580457738734027 -0.0061903443022500266243 -0.97720321935873333263 0.15103464335130858953 -0.98775659855948871879 0.03905686251708472001 -0.96548070348155567988 -0.15588002322102703645 -0.20868260484596881654
5.8465528396554544699 8.0128866235677413954 4.1977957473516953613 -0.80184609415011975919 0.0034035846670705718203 0.59752092591617467221 0.31799736273956907828 0.84904449622180344637 0.42190179038034109071 -0.50588587506178406272 0.52831038135450025806 -0.68188534400334510632
-3.8100891905212259658 4.4702110685922376021 8.0915811526230143613 0.21538323511430351731 0.0090512453561794534163 0.97648765327035369488 -0.27470514174102933502 0.96013803145485498991 0.051691833545635904046 -0.93709505768239109713 -0.27937973353819878231 0.20928405900941857154
-7.9020990669935322614 6.7156297416519405985 8.3099723009878374569 -0.82353621138956389913 -0.0086342304249686536999 0.56719798888502626077 0.28558199144755014309 -0.87024192597202654209 0.40139994574236165237 0.49013369063036138495 0.4925489217794044583 0.71914151942656756589
-4.5908146686597364194 7.9575967796797266729 -6.3648071316131522579 -0.84752971423106449045 -0.0037127511280681609225 0.53073496113799745189 -0.5090707518951316235 -0.27717983433551041106 -0.81487318584103340946 0.15013444994427366241 -0.96081088405397307994 0.23302809277648497965
-7.5487066193796010793 2.271171706221010389 3.0447131833229557074 0.19172180603645133656 0.0073807831517368367724 0.98142155729849456236 0.45008989502149354678 -0.88928033666017058945 -0.081237732790169686625 0.87215929479076814701 0.45730297054518698197 -0.17381644813121258086
-4.7765235359383471092 -4.4221030088846946526 6.3563832257748753563 -0.99402258623932437942 -0.00067180972051312376481 0.10917255478346592212 0.082179100390517956232 -0.6629202491853436463 0.74416620366627850292 0.071872759132121391557 0.74868971669957495862 0.65901290928404165914
-1.1143769288609073342 -4.7382952859156031167 -6.5434374837077715625 -0.58040364676521039033 -0.0024808524918375303089 0.8143251513937803665 -0.81237491669205330602 -0.067469524244001446989 -0.57921917960980162654 0.056379087889481427354 -0.99771825114580614535 0.037144175580335440923
5.3854184972836893763 -6.716590953001603026 -9.0432402994518348294 0.81811218267825858153 -0.0028449022432248693461 0.57505161775678703684 0.50536070367123242519 0.48074391738522798123 -0.71658624399452008902 -0.27441394960599985176 0.87685642634844929155 0.39474015736081879968
-4.1677125240469683476 2.6314676652056099293 5.9032241624143484415 -0.32420877779140322428 0.0040563592637141944117 0.94597685719722146569 -0.54135324856293498552 0.81926652638390706773 -0.18904766334742986733 -0.77577401907607346221 -0.5733985565873248591 -0.26341747593948861006
8.1945930662199888417 6.7122597076244625569 -6.2443573884394867335 0.76711755327323394305 0.0014304995054944488232 0.64150495955285569138 0.63016125483610052616 0.1855570717206251885 -0.75396642235446087454 -0.12011433038339233703 0.98263244746225042459 0.14144264148753574184
4.2316860445609432162 1.9928780933318985813 1.7027468459236334564 -0.73085379759289725854 -0.0024113799023408608382 0.68252978820793530623 -0.59592599580531979697 -0.48526919899485587706 -0.6398328000585469244 0.33275356356866725438 -0.87436147545175679774 0.35322383297072046382
-1.5889596265564103206 4.1934522776530762656 -3.2271543606305592711 0.88036701200129796607 0.010124421544284474897 -0.47418500637248589547 -0.46108344001461237793 0.2525803581622015348 -0.85064988333314095481 0.11115748073909346993 0.96752294999094634598 0.22703161831936624626
6.1337804312531210016 3.1309145054280582698 6.1153580603222783552 0.33401981200426017482 0.0053931618879419652296 0.94255062410108036985 -0.62231769785050339294 0.75230620306745210613 0.21623149578301487095 -0.70792050975419440473 -0.65879153806881063371 0.25464143660859261953
-4.860610258119707261 6.7050203843839000228 7.6451294662063578045 -0.12103792958668674329 -0.0029054619050094413271 0.99264363086267115577 0.22719404035772694517 0.97337014909138375174 0.030551937476957616996 -0.96629844645792251079 0.22922066038826519052 -0.11715460393832480279
-5.7435895634029892065 3.5389814994051471686 -1.6328916029662805531 0.88147332443682979708 -0.0014967761322763968763 -0.47223144533946687096 -0.47205888186276812046 0.024423698068115597126 -0.88122862812481161932 0.012852640216841737519 0.99970057648953214446 0.0208222718637200363
7.3505548104142972576 -8.9534920177656367457 7.092056471126667816 0.90508255121439840085 -0.0023316175493531057783 -0.42522951337715042541 0.33090759099278876931 0.63190093646050560228 0.70085759803522007516 0.26706879583836501402 -0.77504565675820202841 0.57269406163289027223
0.28150478624186586751 -5.6343944855247487524 -7.7552948249419353388 0.31579941069386918695 0.0064460642701834047763 -0.94880407907038233351 0.83128293880222570156 0.48020703264950709288 0.27994621170823308365 0.45742694264908423385 -0.87713149188083505692 0.1462905946716828165
1.0878430995120513813 6.9681888613790379239 3.2359700213970494787 -0.60538886638111555349 0.0042521203685239299802 -0.79591848824747024604 0.58849090099526291109 0.67567514741372791676 -0.4440062551512298783 0.53589437383461524522 -0.73718723173969435969 -0.41154854568150694982
-3.8106909291983632748 -6.9199291498980812776 8.6766957163824276478 -0.17262063344145034405 -0.010016251678019307686 0.98493745568554413872 0.74492267668112210899 0.65289181443535360128 0.13719505971212320183 -0.6444317827950502009 0.75738494396547784149 -0.10524126556623845941
0.39307183413069157751 -1.1368835851250924662 -2.2682315249506843635 0.28623363894139175478 -0.01146440265146487017 0.95809126465604621536 0.93080542113261655057 -0.23389597371764420108 -0.28088065342611440167 0.22731381816490414671 0.9721940346200178551 -0.056277767552962161546
-8.6224066122885982821 8.9367142414019902219 7.849578167830304487 0.75086680699625762969 -0.0013690766052231273606 -0.66045224186213924433 -0.028551390027776849673 0.99899571416115029443 -0.034530873363450217961 0.65983623443938854702 0.044784916177270310544 0.75007363305489060945
1.6814058340610447129 -6.9141956607626804399 -4.9355136090480371536 -0.63006680091804356802 -0.0096024636565992943504 0.77648156389752243101 0.11863198120724632867 -0.98937650671091492693 0.08402726345467526059 0.76742574847069855437 0.14505833537086701424 0.62451244977479336562
5.4632691476816139797 -1.3148098382739621393 3.6628691328682734252 -0.8334045198709908453 -0.0009500702551324053443 -0.55266264902298600781 -0.069792885338561552744 0.99217351246843132895 0.10354068916175657167 0.54823887076244859351 0.12486319923215015437 -0.82694819793198337532
-0.42853261694632788226 -7.4566398825769217851 2.6544515932790502255 0.97271601672038354724 3.3682877929475584997e-05 0.23199902948306214134 -0.062678799840399312959 -0.96277492899314387476 0.26293688245126667358 0.22337170560804206487 -0.27030433767908440545 -0.93650448272601416466
-3.7713719980023996392 -3.2855048024068675971 1.4828212163352862962 0.66414706993412719882 -0.0020493381384390132322 -0.74759913704539004975 -0.67578806295953131045 -0.4293012321399504172 -0.59917522148748714184 -0.31971731804719594194 0.90315904042218853043 -0.2865040736956588896
-4.0092110056873231372 5.6675590261861117369 6.3855403960179044631 -0.019386286983680604823 0.01042581995543859566 0.99975770772496497241 -0.60416401622075377453 0.79660839515378623066 -0.020022644038615811102 -0.79662413557510447504 -0.6044057966703425544 -0.0091443737053897647393
-4.9624251090076842985 -3.2082742514915274512 3.0334150128180139561 -0.80887650798219035142 -0.0028088760291365266059 -0.58797185736167556502 -0.43256600259622440818 0.68016075905783723865 0.59183443228269816405 0.3982529952578945931 0.73305760486675419774 -0.55138108392922080547
-3.5364097107955676513 -3.1710113113392206508 -2.5327637874816124608 -0.71585783086755971905 0.008847321937883401155 0.69819001058478635802 0.50225739202324692911 -0.68810596066438367568 0.5236866420448251791 0.48506193227644317512 0.72555627748139317479 0.48814240756529958531
-5.1341838062741542714 -4.3938700406544821675 -0.41997767396860757882 -0.85296752286443022761 -0.015556054982836697159 -0.52173212867495832867 -0.10299198074199575337 0.98492037710868840517 0.13901259892198708501 0.51170211729213244123 0.17230745749849082915 -0.84170724319639433908
4.89864407263987367 5.364450092345195209 1.1942359750058848533 0.37673925641440902945 -0.0057505821029875002146 0.926301497074109359 0.81861731434017959153 0.47005266993581340529 -0.33002451446626945852 -0.43351265879870515274 0.88261963398266118919 0.1817948194242179627
-3.6318980075200677504 3.7888025435804189023 -7.286788714425942004 -0.12717073569318196324 0.0016872635885698157587 -0.99187940654317396927 0.92554730269123830499 -0.35935369501412822713 -0.11927745956480648171 -0.3566367822643028429 -0.93319991160575699318 0.044137631505454175129
-2.1737847737846958118 0.288175108970831928 -2.728089068780403359 -0.14530176165628169715 -0.0029946182523468787423 0.98938285325809227633 -0.98667400490507994881 -0.073570868470878264533 -0.14512661836193910259 0.073224354584790762868 -0.99728549551965828268 0.0077352648110707716844
4.6688458111545649842 5.7910212119588653223 3.9013338031075837087 0.70950165333932702083 0.00078627117479444612325 -0.70470333168341303676 -0.24029499328960834958 0.94033727309260828342 -0.2408819815428024369 0.66246941069621156917 0.34024284652227781978 0.66735978698281250843
4.7248948412899665072 -5.6954624804837195029 4.9597298165095038414 -0.769451264807291202 -0.0029081133310699556691 -0.6386989071256717887 -0.50531196740423711677 0.61438737692743372598 0.60596036724378532501 0.39064634477316600991 0.78899917233720495702 -0.47421064872719831396
-8.5408005728407090373 6.863091977170061142 0.61178344174107146536 0.56465386896306235531 -0.01389873337224769613 0.82521078124089308758 0.72646635783681112741 -0.46613696485797639912 -0.5049385714363864297 0.39167925550957849445 0.88460338864582988005 -0.25310907846228225537
-8.580800088749906962 -7.9758371899742801503 -2.2038538216703349448 -0.33654985710006746213 0.00016732647240594658578 -0.94166563369789335614 0.45293459195229329728 0.87675318117882516944 -0.16172233830204393867 0.82558127952296345153 -0.48094056939999213496 -0.29514694578524647284
3.7554946446088837142 -5.4540075796578850742 1.1618690642852058659 -0.20267067490940729457 -0.0034283060307378271023 -0.97924095311096881478 -0.16620574613000216324 0.98560531555962771488 0.030948536209186663232 0.96503898754669115156 0.1690278339739192115 -0.20032309866054184844
-3.2632448128470574744 7.9488754954597835578 -4.8985787010269312702 0.18563939483626654137 0.0035846252834873314035 0.98261140108717848207 0.94140757975455069406 -0.28721242623601872523 -0.17680721420775225017 0.28158441694319069626 0.95786020518500836207 -0.056692534408313684235
-7.3811899148395125891 -5.5860826827172713749 -4.9278595386075121354 0.53653947640250509998 -0.00074169400152163111883 0.84387489603114784753 -0.60380240677510665925 -0.69893812301435009893 0.38328599474846319906 0.58953205496753868786 -0.71518176017535628475 -0.37545573118276370783
5.6857339533234680928 2.0100953114667379218 -4.7476104529163745127 0.14173902827204065691 0.0015756240159197579948 -0.98990280597311497424 0.8028896334952040359 -0.58511993456045052753 0.11403025302990334178 -0.57903219624680923872 -0.81094523834156262421 -0.084199383135853456128
-4.2749347922393310384 5.5773299107065561486 3.5034774448960988025 -0.50752909123695622018 0.0030920307484334132869 -0.86162907384448805814 0.15652028202978460203 0.98368683140501678164 -0.088665771488521380461 0.84729901620482239721 -0.17986288407061654104 -0.49973364912938877946
3.6552915899194386995 -1.1598742712479401806 -4.5830870788540272187 0.15846633834619647252 -0.0024468600927602087228 0.98736134848725465307 -0.55718833886887397799 0.82533277245899039354 0.091471141535264838263 -0.81512549625179042678 -0.56464132649042275691 0.12942410045810265329
1.1492542329259909373 3.2661147569915480737 8.7670621006082338766 -0.83193377082414998736 -0.00077359012440084899513 0.554874402473593209 0.3085667955782726013 0.83046856947488745249 0.46379789540352400756 -0.46116454073219603771 0.55706494834314368436 -0.69065614432844124604
-6.8026340410075629705 -8.7531925318223766652 7.3866655692373326403 0.25803775856276861544 0.0029528295923008322094 -0.96613032037776069849 0.54279219568372005789 0.82681374120400963346 0.14749803273537243076 0.799245361238141383 -0.56246805967399982062 0.21174639167110706484
5.1108060668789132563 -4.4117122493963814023 -4.2850536690588674205 0.79419723060262126246 -0.0060102598423167168107 0.60763034460115994406 -0.60761588996552529096 0.0042029188291709453779 0.79421991018541648888 -0.007327289048630033011 -0.99997310576327658183 -0.00031398288848175429089
-4.2888197838335138101 7.7158287890886434468 8.5240890797414685665 0.043867890605810103133 -0.0050688321302802021029 0.99902448173948843468 0.17947815253299659322 -0.98367774440533717328 -0.012871982171815956122 0.98278339471999986987 0.17986773502343458842 -0.042242123056717290064
-3.5481569001772386152 8.9109090890798015039 -9.0186291092001997782 0.26073530288513885322 0.002023223841175886533 -0.96540820816620653844 0.9525833620018570036 0.16193064183330627137 0.25761095798247024558 0.15685037541146612527 -0.98680006779528528504 0.040293745576068892844
3.4531131204333069817 0.18321902995127767322 1.9163705480009101123 0.9924971255645012036 -0.0097584864778472099611 -0.12187792124688860695 -0.11216402305730255318 -0.46945090649687354345 -0.87580538838293131576 -0.048669165571580082219 0.88290464849308047945 -0.46702322639442300778
-2.7846725915859602551 -8.7900602301751185053 -1.1312010314167777469 0.7570552577904907654 -0.0074310518316949014661 -0.65330859180068368008 -0.59477912641988306408 0.40596982031685741044 -0.6938488998097638305 0.2703795987626605446 0.91385627122680501699 0.30292175245822910989
-3.0423768371142174693 4.5975355349618789447 -1.1440780641849941368 -0.84718491583296384739 0.0023883877152570251109 0.5312927761501571311 0.50862880761557671683 -0.28534096570971606566 0.81232830145874301842 0.15353974875722778415 0.95842309492840804808 0.24052175922264740215
-3.3011020643081332437 -5.4137059013109567474 -0.64003819400056549682 -0.87676902873428630425 0.0075314821653357901313 0.48085272904364828594 -0.046364365248618151505 0.99389591529995879871 -0.10010621951298541432 -0.47867151146427172614 -0.11006446441286373006 -0.87106796393069085838
-2.8115121434129761724 -0.84497456840934559441 -3.6927910530603678119 0.07999711100423624599 0.0073958154440233493665 0.99676765805525868736 -0.75975876116483698208 0.64777437492787737217 0.056169244431813723784 -0.64526512927958834531 -0.76179633833494453388 0.057439114156402612532
8.5902892227259624036 7.8528710759692490484 -6.1297107503020731301 -0.76164104266193854986 -0.0028664791462285265852 -0.64799282822425630091 -0.4415048047955599797 0.73425969678523894668 0.5156900280390814828 0.47431680285992627866 0.6788626377805708767 -0.56050788536009843455
-2.775675585475980256 1.5023827882595692795 3.4474140063415728008 0.89662569052822826965 -0.0014233578960399905639 0.44278702006406145397 -0.02380208986926215381 -0.99870393540815771694 0.044987886342769477233 0.44214910562244519321 -0.050876551102015478423 -0.89549748461106948305
-7.447357628152506237 -5.7557061476320221516 0.098203806903976093023 -0.87196992951922625004 0.00082010963642716689856 -0.48955874972724983119 0.18464670927306131576 -0.92559215740661182625 -0.33043115909714992906 -0.45340272911502138564 -0.37852144664180170652 0.80693709771164179312
-8.2567863460619275173 7.8092783272246677484 4.4584225216861810281 0.79466462854123431914 -0.00096976258679696246412 0.60704792867278778434 0.60539748558496797592 -0.072441071357392278207 -0.79261981783700452553 0.044743855363391718538 0.99737222276398718179 -0.056979265229914685675
2.9446950272336596122 -3.3938164079889769909 -3.6310029328407407156 0.83698747049511001972 0.00058111627802124102282 -0.54722174348061380922 -0.49498481099445545972 -0.42558231987827743747 -0.75754189711969144305 -0.23332811900608113609 0.90491952753296578393 -0.35591942567137929698
8.6162945346841439687 -3.7209939101950424423 5.2641711811667688536 0.84561999874590176862 0.0076624093752704191401 0.53373036751099733888 -0.44444068197055058844 -0.54367977432909275759 0.71195841395070125213 0.2956337225868563845 -0.8392577616370909821 -0.4563410036381777557
-1.6953637001245025484 4.7273091117010235251 5.1190760775265617966 0.86632265692031673598 -0.024019724166553152456 -0.49890691211675841643 -0.49832493281548173591 0.026466210847059294664 -0.86658629173190371286 0.034019339223088432278 0.99936109216578949965 0.010958650668198392786
7.6560911651413059431 -8.9498287387579917862 -1.9513234750027295128 -0.19385076108126655936 0.0046220923509485830824 0.98102014183729158159 0.89565904095642312477 0.40883971389919948614 0.17505704982024156147 -0.40027086426710306588 0.91259450173723499766 -0.083393708501763169627
-1.0740186359189989318 4.2812078715182000366 -6.5086263472437000388 0.15607885632057993952 0.0050406251196661831793 -0.98773173620556231622 0.17070348006634794569 0.98480268797032588513 0.031999807181478601148 0.97288216784104908363 -0.17360373804967413336 0.15284642499017900286
6.5059428196801780686 -7.6895469445160404831 -7.4004210958526872588 0.91073970953109706361 -0.003975092888175921213 0.41296171749864890588 -0.1477601261855612802 -0.93689554207898517735 0.31684963049075232089 0.38564248546094770376 -0.34958681592565710172 -0.85385533408088942764
-4.9625684712728617143 8.0878192187100808042 -2.3252214132142201564 -0.17759003373185835994 0.0010874445812978977485 -0.98410395659375082822 0.96843681992717700613 -0.17753730188020888647 -0.17495894447061849375 -0.17490541937931991523 -0.98411347105159541204 0.030475734057335637089
1.8896824146136002032 3.5274604717246482721 -6.6538394763422745726 0.96819011554758793725 0.0082123024578286511754 -0.25008090339794236678 -0.068895970283176538596 0.96957682228630082122 -0.23489174307314156231 0.2405436455920457739 0.2446494303561012329 0.93930049014759464665
3.464275934031425308 -3.2750440705935184305 -2.4757901543414519985 -0.89032288664223591113 -0.0095682718940427041732 0.45522917930860723468 0.38762630065505904176 0.50862145172524353409 0.76879780819494647481 -0.23889539250816591021 0.86093708656192524664 -0.44912840527043834671
0.56899937092104324599 -8.6880312494202307505 -5.5131420569440683366 -0.11086644743240142708 -0.0091920026646747851617 0.99379280432136629653 -0.0087385444619320074011 -0.99990955545144699634 -0.010223441580714514448 0.99379689508201662917 -0.0098177392550689336626 0.11077609544269757802
4.1914774384985253874 -2.2124243596532569001 5.7632963532321177524 0.15604991791567499049 -0.0063511077732781046762 0.98772875150431849178 0.65200655474464563888 -0.7505058172786048809 -0.10783538751514155918 0.74198104806538178746 0.66083332366080205222 -0.11297540728357879924
7.7572578043154312155 2.3297045450792293053 -2.1453227357337762982 0.92656101643786792366 0.0085551540518187911555 -0.37604719405476827454 -0.35195744886308821808 -0.33299328613917905662 -0.87478078715511931041 -0.13270507528744979187 0.94289038637857802705 -0.3055275474774530875
6.8661767804631663736 -4.5707489853736253949 -4.5477491527793763026 -0.68191737646412065033 0.016424221161755011428 -0.73124478571531903448 -0.2467432441247053021 0.93597852927215441365 0.25112141330581561061 0.68855389270225986209 0.35167376601193850449 -0.63420745749618057108
-5.5345673374764929875 -4.105901090791446606 7.6847121009780119394 -0.99624163130193665872 0.013101275026008583208 0.085621075988380201949 -0.037533242977421908682 0.82557546545243176705 -0.56304210012589062107 -0.078063229066628631037 -0.5641396169702044272 -0.82198091512644599899
0.064294346879582311982 -7.8255998360821852344 5.9728117651098031615 0.72490837461014723253 -0.0065232412735510298535 -0.68881441313537672411 0.25248957530561477736 0.93287665815301168415 0.25688549012193345744 0.64090316178175632533 -0.36013690174221535401 0.67789715239231496113
5.4456801318203575946 5.4079915448489641605 5.0743933721384246738 -0.82580005033008352378 -0.004725975567940068553 0.56394320816037757371 0.33087592477712068906 0.80571739846642187466 0.49126428346827583082 -0.4567005575628528824 0.59228130053507554997 -0.66379775666883555907
-6.9145145124885516452 8.9401763588372364921 -3.8879953444774315585 -0.76898865309416530867 0.0055961890579185056063 -0.63923793229176351094 0.31436172586160704423 0.87400958197991041043 -0.37051849605710396318 0.55662658643467233244 -0.48587645886070929269 -0.67386267888860740261
-1.6101793611228192304 -6.879088825581072264 -3.8321048394958134864 0.51097964170750620472 -0.0019782332455032212992 0.85959053761285908468 -0.81170892300698316291 -0.33021069968916227921 0.4817567001315963271 0.28289296575082062413 -0.9439051755362567464 -0.17033669459222092191
4.8573434069691332482 6.8723966551829915872 -2.8502050885065601804 -0.61684834559309109636 0.0018670037648026043854 0.78707981351045219753 0.55552258553495614812 0.7094417710295226609 0.43369001657761852009 -0.55757759594495392985 0.70476158225002971669 -0.43865514551295387013
2.8056907362717975474 -5.6574049333177933718 -8.2716187197488579841 -0.23293033706339294486 -0.0063778995718597984721 -0.97247250885176717006 -0.96698697269887778916 0.10778209364456187158 0.23090953839171357576 0.10334240516968638823 0.99415408397639060123 -0.031273065201208219421
3.4509698341499350782 8.0103874238150503118 4.0379336951159787716 -0.95142954006534041778 0.0070916577559293828004 0.30778489027502975439 -0.062993801986354597267 -0.98306734974096443569 -0.17207663055859284684 0.30135296780128867367 -0.18310732990088626759 0.93576604690159648214
4.5505118067772025725 3.3909190516892038225 -4.0686243503599657245 -0.44153778833759782518 -0.0042507866186965942781 -0.89723258538847194821 -0.15126613111106887444 -0.98532254174774047684 0.07910781442022639387 -0.88439976201295444902 0.170649991318008315 0.43441413583652921382
-5.01547850143674534 -1.028234030937088761 -8.1053602672167937016 0.95838267864176152067 -0.0060210347945678088788 0.28542317428598990015 0.25117206233134525828 0.49301576314785855448 -0.83297542124138290731 -0.13570275009627824625 0.86999954277452484774 0.47401008342489797664
3.6518384642920955763 2.3545799857064109162 -1.3290184697343161435 0.28371081126337199807 0.0097044041102280452493 0.95886078244606043341 0.1032136727514610941 -0.99444845412228810577 -0.020474614796716632259 0.95333892888590987535 0.10477641258790498791 -0.28313740486877186919
7.4912542600752907163 2.2617387003577547055 2.9413330234451731116 0.86799962751663195526 0.0072316929365016432291 -0.49651218439056693521 0.4958120989858946781 0.04241334863169728131 0.86739349222655393046 0.027331467767425433879 -0.99907397647782336669 0.033229209959847516576
-6.3107561423455864613 -6.7026599937679423036 7.5473560855787926727 0.32896176930598136634 -0.010847474927317782636 -0.94428093628046883001 0.050793098583447195138 0.99868981293650449516 0.0062224330139676008178 0.94297625392747208561 -0.050009897260608227043 0.32908174471475570844
-6.7380368165835173855 2.3581506323884147136 -1.846306824908868327 0.37899544616306385381 0.0020870708511093261431 0.92539618322258498928 0.62544964830249205612 0.7364407430757329287 -0.25781343909199122555 -0.6820375277257638702 0.67649883671235144789 0.2778023302648613968
-7.6853633247672021866 1.1276598966880444497 8.4592760842483514239 0.93413233084866897915 0.0020274123759911498108 -0.35692110901741685991 -0.31758228136817828746 0.4611259144436180013 -0.8285556019901243463 0.16290574889833089878 0.88733239579496747673 0.43139649552160969082
-0.71047379709010793913 7.8760517505535894145 -8.779650919930173103 -0.14303038295598363705 0.021203157071761263852 -0.98949114987532105214 0.98959106916351624594 -0.012966375531464183896 -0.1433226741918606495 -0.015869007007331997067 -0.99969110190892951362 -0.019127869218613618996
2.5619512761864804418 -7.854116812849604834 -0.35871785691575830413 -0.87690203205514627438 -0.0040614991586173940577 0.48065198470647263473 -0.3012296198747536069 0.78388585963621781882 -0.54293984489323043885 -0.3745711444942723678 -0.62089166791577621307 -0.68861454706196778552
5.2744410084011619233 -6.6849310056166393323 1.5609894745704950836 0.94549224344373872242 0.020418699539345781802 0.32500383735689952758 0.0089404824394008278188 -0.99928370141145594907 0.036771617688487412412 0.32552186617988998485 -0.031861588202877599851 -0.94499754170879812776
3.789583786541889765 6.9983814038297689208 -3.4617264855084854958 0.67936756882947124669 0.0065000110580783962422 -0.73376934814649485972 0.089701529602804558339 0.99172564789060158041 0.091836130705857582646 0.72829481805773543801 -0.12821072175267569926 0.67316318141878028758
2.3253478066311110695 -2.2180591613359910141 4.2571927331128769367 0.84595870786204019343 0.014037762320460275139 -0.53306360391728446757 0.49777453182286685029 -0.37930424553887159833 0.77996718186384872418 -0.19124429419129876373 -0.9251655152162203688 -0.32786337000964232979
-8.0522401749117467062 -5.8474668460190128982 3.0332536343824845204 0.5769686538709116741 0.006135262766156513066 0.81674324668240927405 -0.71505782008619778178 0.4870455067771364277 0.5014768073020010597 -0.3947144365031858837 -0.87335504399935770525 0.28539705803836762366
5.8667704275223302446 -1.4436967377202263307 -7.7587603495291306288 0.96403292912959692718 0.0069904410313385732453 0.26569088295954285117 -0.025302711098849076793 -0.9926998838769144351 0.11792672878558065064 0.26457566850472302722 -0.12040794942695735859 -0.95681849969066312678
8.5947093717181086703 4.6850663125796767616 -3.3796460792668923112 -0.86454246272957790964 0.00016688348235991638108 0.50255974996773289387 0.30070245797360184437 0.80141279541131815733 0.51702568903259871202 -0.40267153103544661708 0.5981116145846274712 -0.69290557408134678674
6.3247929999334102646 -2.0678961237593598277 -8.6767218014578197938 0.97225508744977640063 -0.0062695059327611928068 0.23383912893937328081 -0.05709633698933409135 -0.97576660501146961213 0.21123338004856187511 0.22684808403464576387 -0.21872408609883306485 -0.94905201170952202538
-3.9993390946320963586 6.9751414426043885086 -3.8227018972082382753 -0.21814038747311700894 -0.0082388310180006307792 0.97588262256131352856 -0.3609161382485825964 0.92975040205036008079 -0.072826719267530926061 -0.90672725364629302991 -0.36809823627790377865 -0.20578964003108196623
-4.3048072479652139677 -4.7469741475910023354 -7.5004745143484017333 0.16472850729118987401 0.0083747654500947749795 0.98630339256712562523 -0.091534268912679073171 -0.99551888802105326093 0.023740707827721120593 0.98208247947927140853 -0.094191331327079616531 -0.16322376237117974807
-1.1650068209709365519 5.5924305247204531 -9.1054176657714904763 0.37129761662389826338 0.0090480483910571687933 -0.92846982326285854015 -0.54812979439894671252 0.80925944683459327678 -0.21131227177141723161 0.74946101191558844867 0.58738171620269596929 0.30543560874429259711
-1.3988537235547340298 -1.0924656252410711588 6.7083818468191580564 0.4288820435195305758 0.0031417929530633999236 0.90335503645205783574 0.55651635668259769041 0.78678241016292893573 -0.2669512760841600274 -0.71158255845061946232 0.61722246248433576543 0.33568838870823225484
3.7145339847069362982 3.1696161197080279237 -9.0213878489061354315 -0.61589690122910134562 0.0011255006093673705636 -0.78782595813072975321 -0.078603823806430966892 0.99492142376902126255 0.062871292402440603908 0.78389568562359590587 0.10064836696989995501 -0.61268055321409986558
0.84524116356482237311 2.3778374971107050229 4.8679372335960602314 -0.72515903273368953474 -0.0068885288716162519293 -0.68854696674548432345 -0.27255150607442890642 -0.91541248329477942214 0.29620206272898275124 -0.63234488515422959676 0.40245811409179199636 0.66194215201976547291
4.8776710331111168273 -1.3151705508544364598 -4.5175458648593886934 -0.014354993015966568265 -0.0059328504599936177782 -0.99987936045365022331 -0.70779861971355029215 -0.70626845014549965995 0.014352360804238302461 -0.7062683966504431643 0.70791925924808063453 0.0059392153026251032211
-6.4766582442026203736 6.7859428498997251822 -1.9690517660245243636 -0.82312084831382126282 0.0046068559826119631281 0.56784755520220087099 0.11695048908759497763 0.9799061323100466403 0.16157523004175952663 -0.55569294774484812027 0.19940598972655623755 -0.80711994095537276106
6.0413234157061772578 -3.1631148288616768305 -1.8869921947260757111 -0.56967267990887526796 -0.0027283289839518218463 -0.82186713888952833695 0.77183223804669398582 0.34182436886684292032 -0.53612600865910864378 0.28239694417157457096 -0.93975989330778297859 -0.19262219200455640844
7.6265922823932319474 -7.8931175936323896281 -1.6974428125630707243 0.4546693323576892487 -0.0092676801281821978573 0.89061209755911885377 -0.21444965870430532373 0.96938904242971268843 0.11956683611673786516 -0.86445771561999529276 -0.24535483390876666743 0.43876401787557051115
-8.4191085707856228026 4.4183250307775008281 -0.28849157395302860163 -0.74815903880578915608 0.0035714162774782703957 0.66350983236050342651 0.62630926561056532442 0.33397065711483042705 0.70441486639399453207 -0.21907705599553758957 0.94257670519282787946 -0.25209997692213037546
7.4144038233350615386 -7.7523632375606439382 2.4456703732673146234 -0.53077169869594553742 0.0053824555374916514122 -0.84749774810073075226 0.51246235543291152048 -0.79442578434474953042 -0.32599080881580699831 -0.67502869429956124936 -0.60733738757024446908 0.41890041720166809602
2.6309607383242052947 3.6286434480587663742 6.4044873999957676602 -0.059299536185349867312 0.0049601537014634881212 -0.99822791079172734641 -0.29814200702563559142 -0.95443342404681286162 0.01296852764087631435 -0.95267775698561929509 0.29838270046652459744 0.058076289545260402492
-1.4109443344998815473 3.4637309387533110616 8.6160311783793268603 0.13950781600244910319 0.0054049917137413434204 -0.99020621859225399497 -0.96575180841388030828 -0.22018614414704631987 -0.13726436708326689162 -0.21877160194904832213 0.9754428983750308424 -0.025497807561982867297
6.816865965804381311 1.2343633835152709732 -4.9611317976644482286 -0.12461304580314501445 0.0097916867387302999881 0.99215710030540282816 0.55997353941034344604 0.82617403016112378467 0.06217802704930136537 -0.81908560234925886778 0.56332991644168839418 -0.1084351477418671883
-3.5329442993674704532 6.1810715300005165673 -8.5658461664672032043 -0.99521200086656480543 0.011620092962412915255 -0.097046621635142021889 -0.0058989532832322173761 0.98395668987564466335 0.17830994027101018662 0.097561650669870214614 0.17802866591898305892 -0.97917695971142981737
0.16238761105705115662 -5.5210426310481670598 5.0756395112356740285 0.95723199367364708579 0.00094556939564875881754 0.28931992013299207001 0.22268583605467170972 0.63601482897953243167 -0.73884785696275157019 -0.18471039144552794942 0.77167625544414897298 0.60860317783888728815
4.9629770566118036612 3.1540867508423144905 1.2787144370838383622 0.56236713721228015483 -0.0017303678295635411405 -0.82688584992790736816 0.78826552682737005551 0.30317094570479941051 0.53546693352221796935 0.24976121035711865148 -0.9529346165961274373 0.17185736613070573542
3.5695977789331121421 -8.9007989379005660879 -3.5709621928087025289 -0.72698500017650746763 -0.0031380506723920325446 0.68664616954878121557 -0.68660153397570766742 -0.0089614401949486537785 -0.72697869716479679436 0.0084346345728610241238 -0.99995492159761023565 0.0043602421964101193558
8.4656900337413532043 -5.7151668435573830251 -6.9837202992201170559 0.65537274737281714376 -0.0013138647357394152293 -0.75530446560360398056 -0.084343030000558219528 -0.99387143563710156347 -0.071455039814926499253 -0.75058165131535725667 0.11053435295899687041 -0.6514670686415947598
-7.915363423224693662 1.006159277960898546 -5.8191676058753252221 0.13001955816329163751 0.0097477970249477911141 -0.99146351165734425415 0.71284707290278526148 0.69410927412304701534 0.1003063618628496495 0.6891617844519100089 -0.71980365102541254974 0.083299092561929563572
0.60837908524503891972 -8.9167113703929512525 5.3199420695308123896 -0.95348266664269698545 -0.00096524753237794535393 -0.30144630153498030989 -0.29847952356590873313 -0.13696488551632537978 0.94453723809450329529 -0.042199270417423322133 0.99057543298454342473 0.1303055376550000255
-8.4554454637557778796 3.2790487034769633112 9.0246757168709308417 0.073650344620205740465 -0.0023499654823987883162 -0.99728135668907036404 0.82638216304619827035 0.55993504664917104208 0.059709832801826540072 0.5582724669339775847 -0.82853317446937213564 0.04318137870906272463
7.6033447419219220009 -4.7389893949560990549 5.8669447722914638277 -0.7093583678308784668 0.0050828878683804069871 -0.70482967463022117016 -0.3419624172416573793 0.87192216825931989632 0.35044748207429310405 0.61633790341209770958 0.48961811317495074203 -0.61676712952989121153
-7.0295884790279856702 -7.9947264638005330895 4.3080609271545462491 0.60380876049953990936 -0.0052939096514314117059 0.79711163287486253015 -0.64706863715895301947 0.58073881555019613021 0.4940087113789322637 -0.46552890302221844321 -0.81407272564172805662 0.34722966148796197139
-2.9828937260187435854 -5.4223116109899054393 1.8989346362293879622 0.70461987378084023348 0.009982330654194231101 0.70951475428472987605 0.67132115053055052556 -0.33329132173626480062 -0.66200061004943899778 0.22986680126430400484 0.94277104746067619256 -0.24154503875382307698
0.082898296898097814656 -7.5946572619019860895 -3.422212717113262137 -0.283866612517248873 0.005415621243345946495 -0.95884848508199971295 0.58913381703415079738 0.78996075296865164717 -0.16995103528971258755 0.75653228082123358256 -0.61313349265542149702 -0.22743400858160084388
-1.7315849900637709791 1.6391634009343682976 -7.1187998661881417561 -0.022137185241711012512 0.011640980342896820737 -0.99968716737104745818 -0.43997687012482361579 0.89778194772582997629 0.020197229834142682581 0.89773620779424756488 0.44028634082203482736 -0.014752603187145009109
-5.7169841529303457861 -7.8540762222063831288 -4.5990553302050347639 -0.98500803178439366725 0.0046801394008253397599 0.17244498721408654807 -0.10116705955312839393 0.79401783545861215341 -0.59941713608690039283 -0.1397297512395261343 -0.60787644572599874859 -0.78164046936535758192
6.981331497661420471 5.6135898013971381459 -8.8293770884624613871 -0.96888077876741773853 -0.00018788153478127241937 0.24752777871465178605 -0.24108627625440201547 0.22736579497330822175 -0.94349467548986754029 -0.056102084957729801695 -0.97380940639145119331 -0.22033564415855377838
1.985881447177671344 2.4708862717679105359 -7.298382299419227337 -0.87382800066581411969 0.0041161079916616737095 0.48621773199600892834 0.46699957077652004545 -0.27137332470993363875 0.84158654904316709811 0.13541058358484003854 0.96246536368386625959 0.23521138909987440724
6.4390339584357674241 3.3621893393296344854 -8.7352899098810148359 -0.97014224530723192075 -0.010372089777599589888 -0.24231476146567992869 -0.057902309875919294457 0.98010077061840017443 0.18986785389919327849 0.2355235580182991062 0.19822941049934969526 -0.95143773019130328805
-4.5683653169929465676 -7.9090217805472846635 8.3078576604947755868 -0.21689118163626441849 -0.0042911061052592885251 0.97618635604930070748 0.95879260295020929394 0.18704393337550367926 0.21384880527033361952 -0.18350738365689123199 0.98234217734726680948 -0.036453898935442062557
0.87553856695401921506 7.1291565320618897061 -1.7282677663392775891 0.97653864184645144952 -0.010246682516263427853 -0.21509831816654578773 0.084736015589173291351 0.93657003761620993831 0.34008289033943306379 0.19796991852985038052 -0.35033065828867221425 0.91546509557721256201
0.44693644184583386503 -4.4243237839279681012 -0.60116309422678537722 -0.2351553697311976332 -0.002403647134950631474 -0.97195482125827070696 0.94357649801474108298 -0.24045466391569639275 -0.22769485500346825502 -0.23316377180104344569 -0.97065739428565789293 0.058812230342863550114
-6.137539281499434729 -2.2290482399280691084 3.8620133466448565152 0.99013638435323469977 -0.0034449054141174164159 -0.14006453157980947033 -0.13730995232334816669 0.17489531039385219913 -0.97496543907720412125 0.027855293445554245996 0.98458100887068433771 0.17269719047529033529
-0.49314173884981488127 -8.5050003123840998143 -5.2601140159064101454 -0.094442062039526750161 0.010945079490572988401 0.99547019149380455705 0.55273373743139109227 -0.83107987146803863343 0.061576478835756551233 0.82798919825238770365 0.55604536908040813614 0.072439182087496445384
-3.1169200219058930124 1.2197367070794646882 -4.5583283048013001348 0.85205782238785898741 -0.017354214393360319763 -0.52315991680403739483 0.15405941589140589865 -0.94686843846981294526 0.28232225666017768395 -0.50026309446417716043 -0.32115259842213939034 -0.80411307963749667493
-6.2452013960868759668 -5.4368659608949929662 -0.61411028599905781444 0.77228662958472815703 0.0037807027068626581842 0.6352629912499518916 0.30655243944794818844 0.8736343171625655657 -0.37787389661668641105 -0.55641617844326729525 0.48656837768455146742 0.67353711865344512155
-2.910717716911606523 -1.1496331107163995089 8.3210656022370503848 -0.99995595497106093408 0.0023018171405691052397 -0.0090988876189029583436 -0.0090032970750383925496 -0.50910188828351410351 0.86065917062922370206 -0.0026511808369282822626 0.86070318285937252867 0.50910018881955687586
-0.66550191255021096115 1.0045935387247695303 -7.7295071447595171676 -0.069671856237554771751 -0.0074743169372564633585 0.99754196254336624516 -0.37876161747354686327 -0.9248919636102016506 -0.03338401980074082176 0.92286806726475079099 -0.38015653385878844794 0.061607955551169449326
-5.5322971690278608392 -6.8844801050060837611 1.656331689150887021 0.8990657590361520457 -0.011531933421697527012 -0.43766171347358423516 -0.018001360614379218611 -0.99978138876792599365 -0.010636056089638504588 -0.43744338141645494611 0.01744102017260142079 -0.89907680365490549868
2.1250991079016054996 8.9290149698906180475 -6.0710077408552978184 0.48725737219968867642 -0.0049432410002676280616 -0.87324442031167848199 -0.23682491904006841565 -0.96325650574085930344 -0.12669199607430542409 -0.84053209989782873279 0.26853764822846548643 -0.47052451639120213001
6.9898809091521094672 -1.2102870990595127054 6.4714209645941753735 0.095412148402454016738 -0.0055466175874759725967 0.99542240128016779011 0.79232463091781135667 0.60576837889021184491 -0.07256962434335816059 -0.60259289838016349972 0.79562171046908103378 0.062192384196895725279
-2.1916647667247093345 -8.4268488446677558557 9.2045959084911626036 -0.33477001965414343587 0.00072119828858335354588 0.94229958814248471199 -0.91682294685253606925 -0.23121006409364988632 -0.32554199481239715075 0.21763436784023526549 -0.97290358522045650158 0.078063408840942885569
-4.613914353299272797 2.2093317665418239493 -1.3056798832248242004 -0.62700845211897959786 -0.00018610225388654855899 0.77901243015566679073 0.49130290753925393021 0.77595337709904466106 0.39562331783152143716 -0.60455095237260036978 0.63079023608062623207 -0.4864378933128105098
-3.1301767577906893791 3.6647008708659645215 2.4145584081507838192 -0.29261749899853151113 -0.00044105395449494451572 0.9562294728522735543 0.6837250153802336694 -0.69919856178873118768 0.20890542007311932449 0.66850213359678845038 0.71492739258202198105 0.20489929407589274613
