1125 17.292696884352682929 17.968806560800352656 18.477561601407678893
1.6585867330687844579 8.5728831399339249231 6.8480477165379456395 0.084807674046015746327 -0.0022751628932378186246 0.99639474208600387062 0.4573201019711747306 -0.88835869507142284363 -0.040953061229690571055 0.88524910774105491917 0.45914447892223403391 -0.074299156921330364312
2.3304052683311207161 -0.008532417934425030881 3.3579870402462135281 -0.10072156650357459717 0.0041586325393938869746 -0.99490596129305564066 -0.50365951600827474355 -0.86260181741134323019 0.0473835048581684945 -0.85801063977975189356 0.5058663957743825268 0.088977141170643939128
8.1623125235472571148 -7.7124815257951784275 -8.1529764040082266519 -0.25212475204372403192 0.013566208338798013688 0.96759964210318105682 0.26837942549100590739 0.96165800040948934413 0.056447978011445812396 -0.92973415199211906224 0.27391576851241372648 -0.24609867610426205964
-3.460637253392939261 1.1510476988444480195 6.9900411460157849675 -0.67443942544872359512 0.0010307249222997680316 0.73832946508104324579 0.3278376950298127479 0.89643116222452345898 0.29821739907422845084 -0.66155416038162839776 0.44318180129492279473 -0.60492642848769950792
-2.7189898475257288091 -5.5394248946130009159 1.140959764871491533 0.87890567936412578032 -0.0043529411796962699452 -0.47697574223923117076 0.25633236610231013852 0.84760936275471610024 0.46459884444484472743 0.40226673348682012721 -0.5306028835900326035 0.74608448251908265902
-0.63877499129829329316 -8.8803896306365164293 7.8015280368151982415 0.97646954140935415811 -0.0030249251950984754923 0.21563414508664432989 0.21020783942421797375 0.23667264919750055641 -0.94857720896432595747 -0.048165329276265309022 0.971584739973413547 0.2317394962155599758
1.4276770604942659038 3.5211909154456897397 6.9700124445038795784 -0.79808847126814319584 0.0069424047987123992803 0.60250028634380736747 -0.4600336078857066302 -0.65279719704445893225 -0.60185122675483226917 0.38913220329911091255 -0.75750090597088515221 0.52418365656443410838
-2.8810017296661176722 -0.93719408222075473169 -3.1667777464465811654 -0.19667112392619298666 0.0049336269100475910881 0.98045710173329725379 0.90999039956038030308 -0.37136550159994324849 0.18440481807535338832 0.36501772795526221671 0.92847365258628211659 0.068547317463785825686
1.5982264029086201695 1.1376683616483260764 5.3758755698782829668 -0.83678272812064968811 -0.0029500780883111379915 0.54752713444916811802 0.48013490396920954772 0.47670770587584615496 0.73635605324400621452 -0.2631827120259199182 0.87905691522111184533 -0.39748433917927789016
5.0875071729474390381 -3.1367466089404056895 0.4201584599472091841 0.61489810150376755793 -0.012461492084230394589 -0.78850810774662749569 -0.78806143939246942054 0.027461337477481369274 -0.61498377432811690557 0.029317102686208941498 0.99954518965338257086 0.0070655028906555610024
-2.9373801548500444447 4.5925121055861080066 -6.3216305773905512311 -0.82905573453808267814 0.00069058534603895580656 -0.55916554983441524307 0.55597326677322422839 0.1077275845109584157 -0.82418959843526484743 0.05966838076628355747 -0.99418021033791192931 -0.089696118697603369196
-7.977032341272968452 7.1426627907326585287 4.657018054664706419 0.66656075358456268187 -0.0010594086698831146551 -0.74544995769908151129 -0.55678251373187281903 -0.66563514501352127883 -0.49691356001361736139 -0.495671256159789686 0.74627657833826865907 -0.44427612409485128797
0.71799658431368240663 1.1823279649560116678 7.9048107856045124464 0.062554038799380359825 0.0051101875201010988833 0.99802849569213447634 -0.88149956671643714401 0.46921810349959269804 0.052847755178149997957 -0.46802297604811993192 -0.88306752705106672519 0.033856115536532539745
4.1267375059164477236 4.3544986486944052828 -5.2151845761969291004 0.81400383884047444738 -0.00032496991638801021873 -0.58085940187583740002 0.49388523273815687631 0.52673993821321818398 0.69182542189062212756 0.30573702300504679297 -0.85002643011008272023 0.4289288296191485772
1.9679643932822783459 4.3959932260019680683 3.7416908030134319318 0.083884823676721648189 -0.0078450825642609484795 0.99644457499458594096 -0.30595849846809131112 0.9514641249424156122 0.033247799370862606005 -0.94834209733180652169 -0.30765967175970504455 0.077413130673912020074
-2.0269088282023268732 5.3894390253813408975 -3.3867832378041269337 0.96897710361101418997 0.00062385392947211619485 -0.2471497187613538038 -0.095113546402857504503 0.92392138859850458932 -0.37057075030396469106 0.22811572933088941628 0.38258185855646203999 0.89531800804803884919
-4.5905048386145628214 3.4887730701446226789 -7.1323502922963228912 0.53359718926858423771 -0.0071760253619248927717 -0.84570830920865724956 -0.23079541369571943132 0.96077449190181163363 -0.15377208045505652567 0.81363844342634095153 0.2772379490085665199 0.51101037465771392831
6.1718737010799067377 8.9738253906372218438 -6.3544457619915144519 -0.87648865124969688178 -0.0030240980028187671586 0.48141302336129715433 -0.23452974416109192979 0.8759777414726706013 -0.42149590217256482916 -0.42043244800346091239 -0.48234204800708502248 -0.76849379007906493122
0.97162609214116291145 1.952934250609546396 -8.6442126422679468334 -0.96177893160857685917 0.0060314422203671079481 0.27376067726830927151 -0.26230847546840702078 0.26662337400435937029 -0.92741912862067144019 -0.078584670331266440191 -0.96378192457582056996 -0.25485064537819046571
0.95685066549824615567 -7.0013509944721112888 0.17047673745928240696 -0.55442681802069393449 0.010438854967589252659 0.83216701074143906158 0.83205167805815438697 -0.013889179060613543459 0.55452420663653489985 0.017346714389538456236 0.9998490491130165303 -0.00098513344127704443459
-7.7769819433000453301 -4.42982653730949405 2.807474372232388049 0.44323621833258697311 0.0026754953152605112296 -0.89640085702931027178 0.72798049361434724602 0.58242561982950680211 0.36169710848043440388 0.52305454369035575546 -0.81287959692135358658 0.25620442079297384153
6.9820379914205563665 2.162393704128726224 -5.0117501825371153501 0.31625423579191752621 -0.0044660491427345946902 -0.9486639619742534002 0.7140946164371368976 -0.65720273742171297915 0.24115024507773771822 -0.62454154154820196165 -0.75370061452179826222 -0.20465396783405093162
-0.57009543743917023839 -4.4924276111248140353 1.2971319663753653195 0.96028255156122688252 0.016204042122673699422 0.27855852201328246132 -0.21565066233432819698 0.6766053067198247728 0.70405969260668543885 -0.17706556131016365496 -0.73616756783880188397 0.65322668275296291718
-7.3538656775610560246 8.7775124349845956573 -1.4689000039054438407 -0.69192990281292310328 0.0048224577001281946145 -0.72194858092193758825 -0.30429491433147159984 -0.90876468946120569914 0.28557195993426226499 -0.65470421925124333562 0.41728106006670245831 0.63026891261130080224
-4.5438090496996776935 2.1150096104273474751 1.3517220623464905049 0.79302091397979856957 -0.00095943316543330332824 -0.60919365515301548974 0.44569179646513412685 0.68263793554419416321 0.57910644230537244859 0.41530308517321051776 -0.73075613472896749911 0.54177377105377122479
5.5165199871054655389 -7.9660528450082139784 5.1949034397433502264 -0.47890245110046009147 0.0046172929465755126882 -0.87785598074843040894 0.06031958362167692822 0.99779585158725681016 -0.027658387287411847349 0.87579334900522631813 -0.066197576703866070624 -0.47812539221112337895
1.1134082157843290251 -2.6161838984249263795 1.5375327291193818802 -0.85925003515886599903 -0.0043939442136729078142 -0.51153696868710618606 0.15179931846206723423 0.95273286738518525585 -0.26316734280393055956 0.48851442557390595267 -0.30377751177192763299 -0.81796875206061914199
4.4480607642530811674 8.776557340474790081 -3.6750501111030424717 -0.5289884676965509458 -0.00059446298098200962834 0.84862880440042076646 0.84012367222894368535 -0.14159161728725971896 0.52358765194983103441 0.11984747141514721924 0.98992497722188932396 0.075399755090019268677
-3.6221904415948089628 -2.2135860055611913388 2.4336423424128628135 -0.5821096228524867966 0.014254982861897844137 0.81298535192560683615 -0.20971489348204078174 -0.96865071245214406925 -0.133174549811762577 0.78560043943089674645 -0.24801732344601470914 0.56685038311394908561
-1.4728037525237112071 -1.3778548290903915863 -6.2229873385820093645 -0.87540722256298486581 0.0077401252860948366666 -0.48332420293767830444 0.038758866781109208022 0.9977763820775008563 -0.054222150586452966259 0.48182978833878847835 -0.066199560639921356531 -0.87376064985813006736
-1.8749143537760060152 -2.2412803352272816504 3.6787757664077851416 0.92457558851644050524 -0.0050945965227946398909 -0.38096459967503448762 -0.34706492531108457111 0.40125154073209134964 -0.84766923895998458338 0.15718116534130491257 0.91595373581120465012 0.36921922365377285447
8.0255337157355803868 -8.9619110243517248193 1.7294216465715070985 0.99984905309872040835 0.0094805770310867308603 0.014559865265671441403 -0.0066766477940351518297 -0.56400469650544715616 0.82574458805000050532 0.016040367565326944799 -0.82571715555569258349 -0.56385626327048665729
-4.3616991174859922609 6.8091862977873542917 4.5057172832913803262 -0.99981592477172942512 0.004473531066276452417 -0.018657547861150418356 -0.011048814234221857739 0.66076363105207924775 0.75051272313165318106 0.015685671053563738503 0.75058071611139798307 -0.66059257362228540611
7.5115625597918098677 -2.1355022557199752065 -9.2044829135269310427 0.53027966747524102331 -0.001398641353937128684 -0.84782163104316654589 0.80035003177093744231 -0.3291012255062106262 0.50113093100965688809 -0.27972004023096891379 -0.94429361279871459889 -0.17339628577500010298
1.4213284311909195612 -7.9722294227603800465 -8.6950485559527912471 0.93053985610632228287 -0.0047723695791205902883 -0.36615952901102016837 0.34024553135081514466 0.38094293443427751367 0.8597182440194127695 0.13538299225814867666 -0.92458623458979471987 0.35610636081637414563
-6.0342210279414469909 -2.2972012682391032001 0.56610956006220358727 0.28521430520924273555 0.00027412083167070808859 -0.95846373168831677791 0.22156068400054920731 0.97289630781237046442 0.066209044323491131334 0.93250397500976678344 -0.23124164655789591905 0.27742321007421599788
-0.0085563764630325889193 -8.9401825997653148193 4.7120170011777995356 -0.98707704184798583658 -0.0084188796062266944842 0.16002511029014376831 -0.085381121671738988144 0.87269594170475683903 -0.48074094624253360664 -0.13560596417291775895 -0.48819147452433048207 -0.86213694195460066627
7.9044173498265095645 -3.4491155857974100662 3.3121004666169326924 -0.70833104383485778754 0.0029049169678466678357 -0.7058744178656436441 -0.7012442058676543466 -0.1173185225171088919 0.70320191126837061635 -0.080769400622725792682 0.9930900894338103857 0.085137407707871287643
-1.7196947444517078907 -3.3230506902453407214 -1.5764569574911628802 0.79903755589969283069 0.0014845586337130598636 0.60127928647808626117 0.48097072717924443941 0.59854019274243419613 -0.64063780505681633404 -0.36084088440531952857 0.8010914016249056635 0.47754206347112532205
-1.0498093548789242391 -6.7621815835664795813 6.2420852004959197501 -0.22805043861217397239 -0.00034973278099633547944 0.97364925673253044369 -0.10139743098987108461 -0.99455388176634007547 -0.024106788501023778543 0.96835507869652237556 -0.1042230970091424791 0.22677298695484415791
-4.0678436724174833472 -5.6155410317225369354 6.2398935455261632654 0.30617310409093517753 -0.0029942460943907286269 -0.95197114705306973281 -0.77043546677948260282 -0.58816995140562622346 -0.24593759328804837283 -0.55918442562347847602 0.80873181138967686898 -0.18238869314233072116
2.9092521507128967784 3.167059720199944195 -7.9943496853672924018 0.74729574283634225829 0.00071536762942040767708 0.66449120459780119941 0.48250169032211520648 0.68698174150837887364 -0.54336746835859683902 -0.45688203244928776714 0.72667432532264264466 0.51303336474500804698
-3.3724170999967411078 2.1509282022740081608 -1.6782618544889609247 0.75125447553149005131 -0.005256200726162443479 0.65999173127238230929 0.63453743559194419888 -0.2693872573782825075 -0.7244258059971587782 0.1816010898271907259 0.96301758961934780245 -0.19904312662694592651
-7.3050522151723766839 3.2540900889664636786 -2.4126459265718018798 -0.68149916140300204059 0.0023169835913754866646 0.73181522571875401439 -0.67701247028026523278 0.37770291094129820886 -0.63166021415916762116 -0.27787228737669777967 -0.92592393999374933422 -0.25583559028124902568
-4.1661414223756425557 -0.98152815698697670754 -8.3254063579713708521 0.20667383800640898306 -0.0034364939091545833143 -0.9784038609864382785 -0.97798825617731977022 -0.030080177735164109754 -0.20648039540459819929 -0.02872099341415918633 0.99954158163475370635 -0.0095776364660682088148
5.7405521172763123161 8.9839212161158510384 1.9372454563853673815 0.42148296816918878749 0.010133559594129020603 0.90677969679143177739 -0.14580163232651535687 -0.98617129276299630991 0.078791277060059630721 0.89503854193779519566 -0.16541914127384169109 -0.41417691406676693244
5.5016658951862309479 -6.9067477648439314919 4.725434209547147546 0.49040895715799842636 -0.0099764540476375354605 0.87143532468232021149 0.63225622854832475017 -0.68411814531068604328 -0.36364051578274930732 0.59979256097522992697 0.72930297793264231565 -0.32918999100409790382
6.1807157186365779822 6.5510306346340430039 -4.3270373102063794946 0.026500152500072121642 -0.0087980023788604890672 0.99961009252201160624 -0.69360805124874558292 -0.7202518320180097966 0.01204863965655804392 0.71986499648213375657 -0.69365689907120109403 -0.025189148671823247821
-2.1689889769176766698 -3.4136684225111619817 3.6202171225427290935 0.94646695333242636394 0.010220801057419164753 0.32263887161241794344 -0.16619838920354634837 -0.84141282157686925203 0.51420089372938537764 0.27672802835215210004 -0.5402962140453275719 -0.79467074906062984407
-1.4211916929817989264 -5.936047572790628557 -8.5969847315421663581 0.32030717142971737443 0.0044352234163457151389 -0.9473033541182482864 -0.13950531486191869446 0.98930720859097498465 -0.042538384489014618994 0.93698536971286439101 0.14577920229908253313 0.31750093089804404256
-0.33063593875062835536 8.9218191745283839111 -7.4702583873846206686 -0.78916943074300871519 0.00055457786862677868611 -0.61417530235622730395 0.34737087906169994422 -0.82428395846171120809 -0.44708995538117368707 -0.50650279561011901652 -0.56617634025643115425 0.65030705806795685575
0.54344681735520361521 1.1184487085908927373 1.8329209130292012375 -0.94188193252409591061 0.004674952249608716956 -0.3359115508676147055 0.24219845190579489258 0.70237086920479663288 -0.66933928017593047333 0.2328053587852460804 -0.71179583232407528381 -0.66268269783287903074
1.022831716928338075 -4.5641084296574145895 -3.1598762147644507969 -0.015240787634910331338 0.0028762919906792261578 0.99987971543422049514 0.83015815402329395933 0.55741845169263604109 0.011050295080878130491 -0.55731961898100756958 0.83022671401079506381 -0.010883273495469478545
0.69451798124056751682 -1.2735219249273892483 6.2897594221231285516 -0.90084701738116113034 -0.0032636356916046320442 -0.43412440608387203866 -0.19768316458638635069 -0.88720482043876747191 0.4168800463315173177 -0.3865178103460855108 0.46136423276221094625 0.79859065046670740795
-6.5061115036221206509 7.9009376764096259649 -7.4759328860885680967 -0.77489836650793531003 0.0089911056812560265217 0.63202189962204569085 0.0077472830365673947192 -0.99968861823790677867 0.023720163800930869208 0.63203837002920382204 0.023277168724205165445 0.77458742064887331491
-5.573668479553375299 1.3400184269700383677 5.7253191488265251508 -0.18626871436304162644 -0.01615504621697162399 -0.98236601149036606451 0.40325066285667787724 -0.91302421677129819155 -0.061446582445926142824 -0.89593128584437076167 -0.40758532121559853945 0.17658238013569158009
4.1316067452793339143 -6.6734474591056871517 4.7337778267630872264 -0.41111698779669408887 0.0075683733506103764363 -0.91155117358813697592 0.75212102217291076922 0.56782473310719527859 -0.33449819203919478605 0.51506969465365248784 -0.82311468957654887468 -0.23913472657210582684
-0.020692121550879453984 8.9256526598283727481 2.0151183013383811016 0.96091258155520697937 0.009654342839054835812 -0.27668358150286614938 0.075838200204060735032 -0.97034362783974958955 0.22952518663663892817 -0.26626223539715337951 -0.24153682447035815239 -0.93314756840820378692
-3.7909000387266820198 -1.0353678178379894792 3.1162138412440598678 0.72550811021476635521 -0.0070805265634434379207 -0.68817719241190389301 -0.43289041848463111206 -0.78205442933784607984 -0.44832661658342876088 -0.53501763297727711333 0.62316990917115566706 -0.57045192322116888839
-3.2267717612861894771 -1.1939145518893174991 7.8431276466250690049 0.38594631186266792344 0.0011409385260189798712 0.92252053777615439234 -0.67036334665938235311 0.68733894011947960223 0.27960358519020261925 -0.63376527817115979602 -0.72633592755347287095 0.26604077230732914305
4.4764295719150988262 7.8015588799265573883 3.2106584051751361208 0.33723190632714333814 0.0018135627854193973885 0.94141985975720388069 -0.92684699393674629952 0.17591992644249757061 0.33167277444909609718 -0.16501300307925359512 -0.98440280905270627354 0.061006707371083220004
-4.8906829592112917027 -5.4240177764965116225 3.7102936524698804099 0.78429726851533621002 0.0075577572462549157811 0.62033916118900211956 -0.58944639342760629663 0.32091002534455909112 0.74132968705465396297 -0.19347026612518311572 -0.9470795298910674731 0.2561437490682918483
4.6342304125828457373 7.6310272484978138863 -3.0320279944249883819 0.02408898712331241504 -0.0089112755841418977987 0.99967010051633908851 -0.86528716806767180802 -0.50100864198596906096 0.016384670665180706139 0.50069735117816716041 -0.86539640039868481747 -0.019779603139502985321
8.2572714150083630358 -6.8261911571471509674 0.77014627700658622178 0.90647186356590325751 0.00028922082549041059144 -0.42226612096451016098 0.37728113343552244219 0.44857307181614147762 0.81021055633394811757 0.18965154077082074791 -0.8937461136098260317 0.40650975079393303346
0.63926900315830725852 6.778439843471010029 4.5040692870030412109 0.61184584093652294445 0.0016713606613307143561 -0.79097526730126643812 -0.1757120101153189784 -0.97472414262616269287 -0.13797874938832865865 -0.77121330151254063878 0.2234055781197658852 -0.59608723458477952395
-1.1695937283401562912 2.1497501608821045771 4.9888135360072549673 0.44609905479300715481 -0.0019473130178097913974 0.89498147538635863807 -0.88126565456619931904 -0.17536932619047418402 0.43888090128580842242 0.15609765979900952493 -0.98450079096121534405 -0.07994819073454739744
-3.0336471713230390712 -5.7092857097880118644 -4.0304162256983477874 0.035306696744345951455 0.013317886079680051753 -0.99928778191039191459 0.68303160085545289171 -0.7302468471600170874 0.014400501575413162877 -0.72953496790635075087 -0.68305356753551149662 -0.034879141030270711943
-2.4685230944955725008 1.0583883549864290252 9.161054388588999231 -0.80231475127148876858 -0.0012006040400695718734 0.59689999031847940092 0.024737153967213532796 0.99907198521256546098 0.035259630985992287955 -0.596388391156274289 0.043054929027950737674 -0.8015404917910591287
-3.8809608662136163559 -4.706663930615552438 -2.3237879078799204002 -0.46903584514305257658 0.0051425829116422076132 0.88316415790707614164 0.26127260876356495078 -0.95441585601624134849 0.14431561833084252666 0.84364803080468775409 0.29843580151404158762 0.44631163159149533914
1.3994606754170209051 4.4861475293699593081 1.4686095965997381096 0.98566758466467463418 -0.00087820239602954403013 -0.16869689179602576079 -0.16866892613817210944 -0.024067005289535571555 -0.98537889799380973255 -0.0031946668780198144919 0.99970996194733896534 -0.023870192428934386419
-7.1252508039794602013 -4.4002745336942581389 -0.49535219906248106891 0.57201742468351135518 -0.00090129362290520447301 0.82024097284184593892 -0.32642018460875310559 0.9171537267979428254 0.22864580578054569115 -0.75249314212069007279 -0.39853259476599550704 0.52433371241088400083
-6.4383721913874554232 -3.1932858227235181303 -5.6034655838488420798 -0.57228458855685704343 0.0029409410672745113502 0.82004981590502201705 -0.20352701601697120726 0.96819653967706398312 -0.14550675004365190568 -0.79439732089888992483 -0.25017356259737588697 -0.55348539739161373152
6.3815444036085082757 -5.5025035274156852694 0.3407463624018477466 -0.68718130005350364087 0.0082988544390050628108 -0.72643856579303145438 -0.72522113377423180758 -0.066815638303756849647 0.68526635522631951236 -0.042850530728015395754 0.99773082516926192564 0.051932961818741185667
-3.3865279650203206074 6.5763763746781025432 -8.6608793588201873348 0.73038546996810083112 -0.0014181698945913831164 -0.68303371370233856297 -0.16559563803176188812 -0.97053175252133949691 -0.17506056669899164313 -0.66265764156512951821 0.24096909789921633349 -0.70909713293266063427
4.1638971405348685906 7.9957010392777156937 -8.3674792393892545306 -0.29146158420059153915 0.0068724590909728317314 0.95655784678265243226 0.27992967849271183089 0.95681226313615408419 0.078419820269424692083 -0.91470734119393837247 0.29062529555813737536 -0.28079782326001728743
-6.0206236715466685538 -7.7241371222631016735 -4.9882224837491051517 -0.58259558178778880766 -0.01357162380306370722 0.81264887811934938266 0.77221314483512226712 0.30262992006403599543 0.55866089036720623096 -0.253513800462887684 0.95301151226489744239 -0.16583066804853982545
-0.59234516785709201425 6.6454366476498476501 -6.1392205784679019231 -0.24077319552681658577 -0.0054461879475539345247 -0.97056612724340685094 0.94291685061262298095 0.23573590003078070954 -0.23523689818431772758 0.23007842390487520667 -0.9718018956936571584 -0.051623583563435528065
-2.0422480519766890161 -3.3075810038614532615 8.001165553260580765 0.31676564795674427844 0.00043870978719193925478 0.94850373315456870671 0.38518403147557439548 -0.91388962596051004361 -0.12821471622996019613 0.86677147286407496551 0.40596250947026446543 -0.28965782353279101446
5.5974407172786246889 7.942611228564609327 2.7165313009478380124 -0.4326504067104887663 0.0031474640542925509147 -0.90155627613784605767 -0.21301232043366921665 -0.97203830640382227202 0.098829561503106039266 -0.87603617329239769074 0.23480124436083577022 0.42122321722552874546
-8.3407014152433252008 5.4446107671762788982 -3.4171828598403206634 0.90059958409307350191 0.0067794255750087484627 0.43459685746695292385 -0.099561166639302658976 0.97651135794122168043 0.19108412259788190579 -0.42309332685436629173 -0.21535925148578785593 0.88012069034349904584
-1.5649392387042992958 -3.3374105788551120533 5.5859876564774681995 0.90094214426472518653 0.010086067951324845932 -0.43382199566303469851 0.43379015194993669757 0.0052693938752807981812 0.90099852250700751544 0.01137351128907952702 -0.99993525026453700111 0.0003721820677794241989
-8.4405237831374808621 2.0821112109057144934 -4.2709283784968743447 -0.3361785025992557463 0.003861949188753464185 0.94179036931721082926 0.83892485126542559737 0.45568022816291897659 0.29759137015530012782 -0.42800596762142545382 0.89013516670779269102 -0.15642978191673262423
4.7266065117477751301 0.0048706956893327449376 6.3531652367130400094 -0.42758003776936570617 0.0032759306213001083974 -0.90397155905465853554 0.71003259981918431798 -0.61769910118214754746 -0.33808508927891517404 -0.55948996281903928818 -0.78640771148137222912 0.26178978747764330981
-7.17898550611193631 -6.6503940932784271212 -8.0706620150068832942 0.172403731942684324 -0.0017715165853378865568 -0.98502477884632055893 -0.68717960224283314297 0.71624505349624023598 -0.12156157946949076865 0.70573447377415554627 0.6978466056883737556 0.12226597014566989441
0.24906578304871357377 -2.1507230457579926686 9.0944118133800433412 -0.99972627902629607188 -0.012221341725029009201 -0.01995008347405647503 -0.016083613366413274798 -0.26025801690848687775 0.9654051387972213405 -0.016990715266428577102 0.96546175659190891505 0.25999021549534673259
-2.6911815467319293305 2.3899419293113592921 -5.7286046572915125807 0.32725647697128645852 -0.0052084539022741096342 -0.94492119792509221554 -0.36107601072127581965 0.92341061016668113393 -0.13014207433755070609 0.87322809893043540352 0.38377821334618539284 0.30031145532389785791
-6.3364137275033227681 -6.6800706544730008574 0.29905087687364512172 0.036397870289735567706 0.01193690751168825781 -0.99926608332185262729 -0.11208760887748583923 -0.9935702863645464733 -0.015951614019317189586 -0.99303150150161645371 0.11258595068999613376 -0.034825862986561456625
-1.183660120814578276 3.3491310493498933631 1.6608813941217275278 0.91389907864388675307 0.0056001250420781266415 0.40590283646893943192 0.097873622450776645576 0.96736750138518246001 -0.23371108508648677504 -0.39396602402032643298 0.25331552629771880714 0.88352816370187226003
-1.1110628106129936121 -5.6557605092419782622 6.8468458709953248231 -0.16120753880621294107 0.0034643580289186325268 -0.98691444799204330884 -0.89731680771828958854 0.41582341305689973776 0.14803187406833223649 0.41089496957046128811 0.90943877604656986335 -0.063925242309463892187
2.4484546473155157642 7.8603108216111436946 5.2324372954586051421 -0.53831282128141877408 -0.011706721525506573814 -0.84266378770866856573 0.050645455332220853939 0.99764691597792276578 -0.046213297805334910273 0.84122193522180288561 -0.067554301942736760811 -0.53645323374049203036
5.538079657879082518 0.88684471540003606549 -5.7926057800403283338 -0.54218569728176757572 -0.0071362381359341819226 0.84022838786147824308 -0.37850618994393342431 -0.89068818914102521056 -0.25180868511402348942 0.7501784679909504483 -0.45455871329232389044 0.48021728658280005142
-0.92676825852466437894 -6.7433102169633540868 -2.6211014025849497244 -0.98098250347280047112 0.0046695151622133043712 -0.1940400049179840658 -0.087907260610963253167 -0.90198907361403835026 0.42271506314863027676 -0.17304808988345826704 0.43173360618450734583 0.88524598382521046958
-6.9904534707414516248 -1.1270024209558813233 -8.7639437634681165434 -0.075289799497180759369 -0.0051974429857998922719 0.99714814981412780437 0.30247755688813549035 0.95275087494363996932 0.027804637623589659179 -0.95017828520277358706 0.30370834180310907202 -0.070160312488860496205
0.19254693195033437125 4.3719214697616939347 -8.8636909281799134419 -0.72744729453414946896 -0.0062829089808506821679 -0.68613479632640961281 0.61185990736834505732 -0.45852498422049975391 -0.64450158463798978836 -0.3105606018644964661 -0.88865930699033324203 0.33739701935461086091
0.69275554258322746826 1.7487986420380150498 -7.1081959589931269505 0.97521772565079456463 -0.00019903507820104087908 0.22124725526265187625 -0.0051374900918738069383 0.99970958996788061857 0.023544466904966504517 -0.22118768901492016909 -0.024097637048353586636 0.9749334900991309949
-8.3531967822762975828 6.6905203311014345147 -7.8460901307713211139 -0.9809440751320754881 -0.0084901003298733668939 0.19410471313221627776 0.044936639222633696644 0.96204232518041177258 0.2691751530456120145 -0.18902227360584747395 0.27276818501821925578 -0.94332820233614500527
-5.8478938345855224767 -6.5622907358603299599 7.6721872182301433796 -0.95127798398593166329 -0.00323548100088195522 0.3083175779070863598 0.016151738031644824467 0.99804914101398733983 0.060307822708808356271 -0.30791121860413678268 0.062349368753840554713 -0.94936991614101629011
-6.4214285814800016183 7.7775971349145347489 -1.2190047049435510651 -0.56290620629354470861 -0.00080682780410556119433 -0.82652038810008598979 0.25337239067583133822 -0.95202159976218847515 -0.17163130608799984089 -0.78672678520518091183 -0.30602977406638637303 0.5361032949211922416
-3.9944592786846118138 -2.4034595607653557181 -7.3128447441212864888 -0.1465904838756397488 0.011751409492028004264 0.98912746115550354009 -0.81491955613893340971 -0.56824750503868248774 -0.11402144552517165521 0.56072929926961323499 -0.82277377048137512183 0.092876130131995526806
-6.4824441489726973842 5.7527517272603549969 3.8089706932966143071 0.98934742374534312415 0.0084562371400126543769 -0.14532779218600552773 0.0089392982225881163771 0.99289827330635704872 0.11863013028897903545 0.14529887843847905105 -0.11866554225441837411 0.98224575591125939944
7.2813816090376528578 4.4313949316638678866 -6.9486336965153867595 0.032168134415893195888 0.0095338421148437914321 -0.99943700000675117501 0.20173667869349834469 0.97931178124092799209 0.015835011611960339573 0.97891139721505804339 -0.20213248372682923737 0.029579307370782782077
-6.9116696240241966009 4.3770483422313244404 -8.9220630621169352281 0.48745483725574623168 0.017639862636726257733 -0.87296999769886951537 0.37108990645749800885 -0.90919293270161050113 0.18883985927441215846 -0.79036704319025929966 -0.4160012576563851816 -0.44973646801989669575
-4.1413633085472625339 5.7530893361350976534 -2.6446556558797222891 -0.65578583214647889754 -0.0051354714450572323467 -0.75492951279501996353 -0.33487801111313397762 -0.89423617034970304118 0.29698213634981990294 -0.67661041968680846193 0.44756597119430735487 0.58470765464463692052
7.5000168977496297629 -1.2083532034620023676 -2.1756258138978519234 -0.83128652729860263992 -0.00039355848446078530584 -0.5558440020757855482 -0.25153229336465449117 0.89201882317786351795 0.37554483685888012667 0.49567551374527757391 0.45199807987216178429 -0.7416222224726891632
-0.82006270792116287005 8.9188566555131441049 6.22379991354558193 -0.99985265907002007779 0.011115864726948108954 0.013080432034972146182 -0.0096902972332285151197 0.26347448395299244428 -0.96461769341298819747 -0.014168919873379684851 -0.96460231901900606033 -0.26332794734416165028
-5.4331126447245567945 7.8617379048058797508 8.0224488989958082641 -0.21967845494327550848 0.004834443915522285487 0.97556035414818353946 -0.0032441333853804564524 -0.99998581253077145625 0.0042249657846972479489 0.97556693877572575602 -0.0022367139587016180748 0.21969102184288552548
5.5693398454996430047 -1.1101192994166846351 0.67965328407283209788 0.87205631333599420429 -0.0061834066607448605335 -0.48936648010743111215 0.10471642732145887422 -0.97440552493650001153 0.19891792986604026061 -0.47807139238786927615 -0.22471234602311040973 -0.84908898551638467556
6.2008690214794484064 5.5167854162102729632 -6.131155003201188336 0.55862262961630959612 0.0032122818566888249048 0.82941572141241415306 -0.53823485266443904518 -0.75944043790330284516 0.36544967458560834173 0.63106576603254838087 -0.65056890682137025195 -0.42251165240643023813
6.8819075427879097262 6.6791070798399552189 7.3045268545472206156 -0.90997058661289376147 0.0058836504755579062398 0.41463105787733905983 0.410072840851018805 -0.13575292637435437682 0.90189323546473731952 0.061593804036345026209 0.99072525234696784402 0.12111844478228975253
5.9278223215841592264 3.3460353690315667308 5.4732643869169006479 -0.21467284864277805245 -0.0014103612181929996421 -0.97668499473310543824 0.70800125047327200356 0.6886270003658476746 -0.15661125022047145405 0.6727925366590125078 -0.72511438080370527182 -0.14683098231456340188
-1.7869241465400929059 7.9823766861880258716 -0.86982272863782095218 0.78842713690658439152 0.010589060402619336274 0.61503700830849261649 -0.34606300844703502539 -0.81898009390042203481 0.45772480813204363681 0.50854994245764517657 -0.57372421736826417771 -0.64204164851779510492
-0.5200081268992592376 -5.4325349953327073393 -8.0468687102375398013 0.34730218842848131766 -0.0029302037720566262435 -0.93774868905176955725 0.83821564839778739398 0.44932356121573618912 0.30903537680504911123 0.42044704386329145862 -0.89336428809425172393 0.15850719877751001663
-1.9792224963013915762 -5.4528080904734244072 -4.3098452554627835198 0.071680469264316315492 -0.0069891456506874271096 -0.9974031592938166213 -0.99727944052168748801 -0.017739953519531795334 -0.071547268023201951448 -0.017193831409120268611 0.99981820642148455658 -0.0082417394573504228206
0.065996858332534158453 -4.5425264557662412557 7.3318665545040415665 -0.31070252270364856484 0.0067445786535264076744 0.9504832734163116692 -0.95050529456700871833 -0.00020097876115395332808 -0.31070829504075031524 -0.0019045695834472820777 -0.99997723487378631368 0.0064732023279621027367
-5.8665190554246002819 1.0077168930998030572 -0.34509601159696579042 -0.60987424481716734359 0.0030735092781445979421 0.79249224541923524168 -0.46527708625654362606 -0.81089569709367537165 -0.35491604843898277855 0.64153771402257431244 -0.58518263984474983008 0.495974434331994396
2.1993540862717213535 2.1036074525960839487 -4.4060481817507968216 -0.97907932118933205246 0.002396611121141863348 0.20346483498229078757 -0.042212865464332359478 -0.98056889117234435904 -0.19157954915424235676 0.19905214595296580327 -0.1961604086455957241 0.96015589217145469458
2.7896967685323623698 -8.0005219106872971224 -6.6198267050167780567 -0.91450881650824777935 0.004746115129592312111 0.4045381303656667149 0.37356728737019700981 -0.37395934893906357388 0.84888272873683379149 0.15530971101463250661 0.92743295161001293447 0.34021612826600688972
-3.4312126835725713647 3.3105763065762641162 7.0983711447956991947 -0.51478606039257490679 -0.0022096550531522738542 0.85731582829789898526 -0.51233963459791498352 -0.80099360212948489401 -0.30970526015514326934 0.68738883526399796597 -0.5986688289632728921 0.41120824697739494225
-8.563790741507531834 -1.0134796632342095712 -0.77885965403623791392 -0.87979142232649365507 0.01493423766754889935 0.47512526953020733922 -0.045180860542462668306 -0.99760860297711151379 -0.052304541931084413964 0.47320792791476362638 -0.067483655882647652913 0.87836223344776165334
0.57048808561980868248 -0.94865636347124271399 -0.39777399207209279686 0.49038820029730711969 0.0022655629489702049789 0.87150116479187156315 0.12139197470345247654 -0.99042582862685801803 -0.065731776684455470172 0.86300834381051805266 0.13802733502113648245 -0.48596816078857024701
-5.9455698910823242542 -5.5773804777134818877 0.45797548241854135753 -0.64908945089410918783 0.0061064255869911340455 0.76068758127408020453 -0.71938607446557778502 0.32017695836970361256 -0.61641738391646117012 -0.24731874292746577892 -0.94733807423530647096 -0.2034306085650881557
-5.2218308854566277688 -8.9362538994450453345 -0.50150525468558226905 0.18185341279278138815 0.0083889675939148901362 0.98328986645744609341 0.58008983409830472411 -0.80834281405724961456 -0.10038764534497587877 0.79399314898264539142 0.58865229141218233799 -0.1518662542625762446
1.2011384727503948699 4.4551197787389975602 8.7771858535970821436 0.81441630898372197045 -0.0065287151943624948877 0.58024430332348153616 -0.56218996619783345725 -0.25661310961663003072 0.78618837048099032838 0.1437654950532506748 -0.96649215612484307147 -0.21266027974513140864
6.6349885384750217909 -6.8104347431009557567 -4.6799030123578182483 0.27554625897359397158 -0.0098736326137415578175 0.96123710422796593278 0.39471031226394892588 0.91292698005976924414 -0.10376944864018859682 -0.8765147052719632903 0.4080034809381192229 0.25545083868372342462
2.4890048052899653719 -6.9689849553603258059 -2.6638182406571884187 -0.08067048930607570445 0.0094660194347175319329 0.99669587469352094455 -0.082148822225779211115 -0.99661609430178610403 0.0028163070640845827911 0.99334980906118197641 -0.081650199354567437604 0.081175130325326472214
-5.8726430119339774194 4.5274223682660226231 5.5327668675893493244 0.62707206509992330368 0.0034334335207148684171 -0.77895368071888404504 -0.77819733947819502706 0.047037088920429681593 -0.62625586871091176722 0.034489505652770958977 0.99888724278590634853 0.032167533316766847018
-3.1311264712007198519 6.6155436709794388506 -3.891826240964148198 -0.28062340269981550511 0.0057667744194023901061 -0.95980063042803887008 -0.34573674190305575538 -0.93346144683339360437 0.095476869313186898958 -0.89538629158338034486 0.35863138678648587288 0.26394491329866975882
6.7790302207749233432 -8.9653076487094693903 -8.3279643515159786915 -0.87921281221248803739 -0.0031256840536534498398 0.47641899724989733578 0.0041720337105731891691 -0.99999064881873434008 0.0011385999918951499044 0.47641098326544478736 0.0029887078177933809262 0.87921763099314054202
-2.7829180081546383008 8.061883956427646325 -0.12598860371713010986 -0.76186410852976271801 0.013076963244701575451 -0.64760487426088819696 0.6251683773592616733 -0.24676969903926701533 -0.74045203462884645607 -0.16949212395901619432 -0.96898591768319408679 0.1798296728782566023
-8.0297557459000952207 8.1436618914818819093 3.4118931520823978509 -0.25036944450069620327 -0.013365398460961370325 0.96805811157418975021 0.5951572402604728973 -0.79078225028047666179 0.14300801378405211817 0.76361181278555145813 0.61195163106660066532 0.20594222638666906389
-8.2177956911701475207 -2.2170916349125215916 3.4942385363018004796 -0.87142753904909642237 0.0085968757982291914288 -0.49044891468267920454 -0.16308553725884611385 -0.94804599671437128627 0.27315178134274931132 -0.46261987821965888656 0.3180171093511928726 0.82755541593043646653
-7.3137344720118102614 8.9157358790936047654 -3.0776015742368598715 0.76717913910282342638 -0.010844616691754599413 0.64134122182688169111 -0.30882983067457586701 0.87009310887436031035 0.38413814907509513663 -0.56219240853203100716 -0.49276807544552153617 0.66416814106867516632
7.1111342239573023249 5.7179472451909258979 -8.5077968144132221084 -0.32179045288439939165 -0.0014681309487315444967 0.94680977446577252454 0.81498870599583672636 0.50855993485155248646 0.27777725206324899165 -0.48191733059960789598 0.86102534065829849919 -0.16245322161250011495
-8.062464932043345911 -6.5735882202929554197 7.9569445085601211431 -0.33627489784787079063 -0.0028785592550417248708 0.94175947405598137152 -0.27681137091614799184 -0.95552078967515563512 -0.10176190559334137575 0.90016368400928259419 -0.29490970549466238859 0.32052083800579028727
-2.0117195398721907651 2.2282394562837408714 2.0583693082143597053 0.67963832893251108214 -0.0048692602350389061275 0.73353120734625132382 0.6209799109483059576 0.5361265964212188484 -0.57179736166636796479 -0.39048135940757822127 0.84412354718650861596 0.36739589687510443294
2.6037128842280257146 -1.0537133070388922107 5.1461414468932638044 -0.64293441678437313058 -0.0025829542962340504633 0.76591687803664010303 0.3658263826426575438 -0.87959209536537075191 0.30411971908001744769 0.67290890429296335018 0.4757216351163009449 0.56646494366839905688
1.3686428159325210174 -3.5512690570906531029 0.95165494333755551448 0.93532950898613120838 -0.00085901405425399502639 0.35377672579574948042 -0.33564650165408566052 -0.31818268101784619173 0.88662348684628333739 0.11180400505934547095 -0.94802903098751478694 -0.29789397586641008786
-6.2478043142931971587 -5.5787233140068943626 -5.0248505405301839843 0.49097413985309706908 0.0011218213537015266773 0.871173424475535918 -0.73584556695631608836 -0.53476940735479472355 0.41539497174117789857 0.46634289485958352328 -0.84499729140039880892 -0.26173246252579329685
7.0948688543402962381 -0.028243743836103542277 2.79052502837327987 -0.96948421082482083566 0.0035848961562213029972 0.24512754533255143308 0.13406436572117058637 -0.82938295385391636039 0.54235658168781875066 0.20524889964400158671 0.55866901146933201083 0.80359307165931115335
-4.617626575537077116 -8.0159911927369975615 -7.6741264066396839283 -0.36765257149365415668 0.0065079318255042012398 0.92994044620998339568 -0.71888406427332640636 -0.63634988750956011927 -0.27975797182632972104 0.58994685252803125142 -0.77137310524152846725 0.23863412099321540394
-0.056638207745486654487 4.3299880341504044523 2.9797752409950444275 0.94349885270062094911 0.0018926405260780284831 0.33137038622090464468 0.30697654046602917965 0.37161694134789186039 -0.87616565357620423971 -0.12480111600403805128 0.92838422369999451522 0.35003916156472841825
