1125 17.292696884352682929 17.968806560800352656 18.477561601407678893
8.1491228967734894439 6.8019321297146859706 -7.5510949179063997505 0.99722794280968574121 0.00064350156096910904584 -0.074404408372789332393 0.07396134635141225766 -0.11787559591495880285 0.99027019703395735561 -0.0081332235581689765053 -0.99302816163180496201 -0.1175964322634746595
-6.1649689471069288871 1.3279206121353350767 6.0121379493061759547 0.91497983001989890983 -0.01564071255977303454 0.4031963278198604228 0.33895481788597064954 -0.51232679803439662436 -0.78906963155823739431 0.21890989490799672712 0.85864813522548677494 -0.46346719170299349733
5.4365104192638655789 6.8227604113603144143 1.6655910783831213706 0.77846163435556958721 0.0013346995112206634128 0.62769076973756465776 0.59280180831029050115 0.32719217698785640902 -0.73588809976925428913 -0.20635769891289063027 0.94495687620944601726 0.25391534456258540997
-4.0849954225211169145 2.5741361129227611215 -7.4524322571918988345 -0.98271500217775420438 0.007661028407367527146 0.18496630271153494118 0.1330725834600204327 -0.66536148574425457713 0.73456502831254588681 0.12869697753372782989 0.74648201715273576617 0.65284124106971830326
-6.7675054970085710693 6.9971759641248905126 6.9666753985904010804 -0.43051851049464562315 0.0012268915173201128815 -0.90258091430007825196 0.68417471428505138853 -0.65178749484916398416 -0.32722778288502912813 -0.58869242602131377495 -0.75840065684026214399 0.2797671732879778439
-3.8654545370966353346 -8.5710811707075311716 8.9485147363417478772 -0.57555596457913960062 0.0083503233531566131015 0.81771975868083057737 -0.80216064608642534406 -0.20015950714516128617 -0.56256063634927033767 0.15897682066108709265 -0.97972773962925607805 0.12190129898045692913
-2.6860418799570839887 2.5222833416561765141 -1.9443517269594983166 -0.853306596209717938 -0.00037670177488553779899 -0.52140935066482496651 0.50131295298321509879 -0.27554697073293032972 -0.82021898910651602765 -0.14336378913850286732 -0.96128753503624619903 0.23531489317117107452
3.6993589896894962799 -4.0291984186764837617 6.9531744877401928662 -0.76893205111056384116 0.0035730278727012666079 -0.63932052543840989234 -0.54811560398715752918 -0.51844760803079015243 0.65633936526239478049 -0.32910907833236169306 0.85510193029775571905 0.40060941496710356091
-2.4378578971918525298 -2.2386517998942694341 5.3560305131216328078 0.99254029476913507857 -0.011946521077648793521 -0.12133030904777200587 -0.027673405251208416794 0.94713509019964958746 -0.31963933355307994066 0.11873477123949410794 0.3206125411562252836 0.93973914069396691229
-0.55517297393145592643 -5.253755990101938167 -8.7563629652480958754 0.046168775115784981 -6.5539854106594081905e-05 0.99893365140477385911 -0.0031294860805625712707 0.99999508104423062704 0.00021024826876031132549 -0.99892875147398996205 -0.0031358558624228413669 0.046168342907623741156
-6.4462527494921362248 1.1393970883771780134 -4.9612833641837559284 0.66567718558703992127 0.0080532685802989709134 -0.74619637459202392549 -0.71641142235722921061 0.28678305058413411377 -0.63601112868696885183 0.20887450420102118831 0.95796170422567417102 0.19667438758510380481
8.6324393851682987844 7.9939694440315465229 -6.8378063655772010065 -0.40641489195912311461 -0.0034691020894242769607 -0.91368205680321401552 -0.37028009390237875964 0.91482089183374948327 0.16123085289206975923 0.83529610776876161982 0.40384489744856066906 -0.37308137336399938011
-6.6245992552263066599 2.4103345246463097062 -8.9217004704711442287 -0.99403937776853745767 0.0085851984526183078988 -0.10868307049954646637 0.094908309171499435908 0.55870426700885267302 -0.82391865792487573028 0.053648190052568239805 -0.82932251651213861887 -0.55618884860304629303
3.5704397349730414568 4.7604439061603214256 1.469989928429963566 -0.87206797352255793765 0.0035865402683860079028 0.48937162390698341063 -0.29202542518525992365 -0.80624205366952195195 -0.51448508427350203576 0.39270676159432482688 -0.59157492139507805717 0.7041452348590149235
7.9737514075841424699 3.7317263219684737585 7.6114188904586823625 0.61562109117521712776 0.0018473286909023358543 -0.78804013823969076835 -0.61156546777266918014 -0.62954151657205237314 -0.47923392778527273972 -0.49698928633135880384 0.7769646493173075763 -0.38642927293729734117
-6.4979760682220817358 5.890763457969479866 -7.5281947092424621459 0.98030193174601509831 0.0090455724949822513548 0.19729749170488058985 0.10894304328447772245 0.80847030466042735242 -0.57836595664168355402 -0.16474081441692661754 0.58846745373084463626 0.79155954922204441182
-2.6639263349777961842 4.7441967248163416926 -3.3198885578288082066 0.99503336465206637662 0.0033244738336928748162 0.099486436778057435459 -0.094183728989342047067 -0.29204342313118719643 0.95175630504826136402 0.032218448483915800018 -0.95639928214067304602 -0.2902798386001121389
-7.30737786681658541 -8.6750563754817235917 7.7084744341843292048 0.99613073078898972668 0.0076863499696324831187 0.087547057072631273567 0.07049326314754834899 0.52499413270280181898 -0.84818150208460174611 -0.052481111161446658553 0.85107113724518823616 0.52242095317794956522
0.33416554599781245205 -4.1570085002967180898 9.0965230972422332911 0.40929889780159728341 0.0046410006399369985175 0.9123885539457431415 -0.20424875665301889249 0.97507506057153858769 0.086666439044352699961 -0.88924510550463520264 -0.22182670570516624386 0.40004506617611657049
-7.6929537743602365296 7.8294618916301237377 0.60211425898213200014 0.69822968371616733751 0.011280812251363021848 0.71578492024670592464 0.50415926477908112879 -0.71760558202970714525 -0.48048482221343474796 0.50823099523271664246 0.69635836457605004846 -0.5067408445842792597
-5.5558189832615640924 -8.4097617969433340335 0.90009878279125821177 -0.637333834884506234 -0.0068817853560217759346 0.77055708675054657153 0.19218048207175655873 0.96694382362091368943 0.16758969023154013378 -0.74623873205697521804 0.25489661235794486283 -0.61494347039903718422
5.5471775792433106744 0.17455123957493370868 -4.7144647037113953658 -0.87388933190830797582 -0.0088832100522569235057 0.48604374716274917345 -0.24233673694252919062 0.87470152596969219516 -0.41972627555892305651 -0.42141469066098313778 -0.48458057023131678731 -0.76654506028646285376
7.6997108698506924185 -7.3322106122283763341 4.0091950256510981987 -0.75607675626206283237 -0.005191937899468346794 0.65446236134805724216 -0.3856693736786779847 -0.80437391572279126617 -0.45193112075974056774 0.5287788506044558412 -0.59410070483522792184 0.60616604958377084955
0.28466133509468516394 -8.5477316303304444745 -0.72963841207069901618 0.9302885421394471166 -0.014574704890816242778 -0.36653895610359815693 -0.049002713600608746591 -0.99519240065463676626 -0.084798701282837313231 -0.36354086761176457321 0.09684866368114884716 -0.92653028764273215323
3.5212947542095456299 0.29408128311759812457 3.4848438589290666734 0.45440810017090421669 -0.0057521615287337993574 -0.89077505080507601853 -0.0061173546674223736389 -0.99997572191803840713 0.0033366969158362914591 -0.89077261771524929301 0.0039329648083056513094 -0.45443225602600501034
-5.5679907021919223808 -7.488993557582304561 3.6312892290858398425 0.52388375788447560932 0.0024259889193152203192 0.85178631287580630627 -0.85098018457534529979 0.045079418848236935125 0.52325956413312058046 -0.037128610062802408498 -0.99898046055683997757 0.025680843847940091479
0.91337959329166051869 -2.9736671075937728403 1.6806609662465996635 -0.98386933904076756541 -0.0016058951788334564856 0.17888137073522841769 -0.069104815268919414506 -0.91892374869285864403 -0.38833448030656098071 0.16500196423701440906 -0.39443195254547186446 0.90398992616564155522
-2.8441768657389143726 7.1332376925264044942 1.3931576057639667443 0.65083442613054554027 -0.0073806157350949745666 0.75918382245338134062 -0.74927291139498242156 -0.16757774270429429131 0.64070882965636777318 0.12249348559468060949 -0.98583123639971426133 -0.11459545944498540637
6.4902922855209181918 -2.4498682187045139891 1.3702575177369478165 0.95208843179812874258 -0.0040878302304593648955 -0.30579553247148766326 -0.11110618198911426102 -0.9362115105175496943 -0.3334117932796445416 -0.28492636655698216908 0.35141328548902217577 -0.8918103320898902453
1.8792111941405731379 -4.3646070036588575647 -0.89472388955481685358 -0.68688059558461367349 0.01396085832380995588 0.72663618258686524243 0.6780384144198833285 -0.34763653052169640745 0.64762083908551415501 0.26164662424806667262 0.93752543276527455784 0.22931878888992351939
-7.9750921965187275831 -4.4246444893840886081 2.0493760305927848364 -0.96069718182586594235 -0.0041957105943240535773 -0.27756678627725517305 0.27715507458037458299 0.04199551224027879559 -0.95990699632107556738 0.015684051324617365175 -0.99910898953234483777 -0.039182107775966402985
5.7271357662054080961 6.8760443587644015651 4.6630159795748529206 -0.79815000683264747394 0.0070387040591838676701 0.60241764851145096493 0.10891345931997352403 -0.98177034536397767006 0.15577177967377078827 0.59253221429041846857 0.18994063706565483818 0.78283339825219988573
4.6490870374677761845 3.5588630662771567614 -6.7121411039121223752 -0.65579878486334508558 0.0022670798313085245915 0.75493232419893796514 -0.16618849100664362384 0.97503127485155960397 -0.14729357935036441196 -0.73641655279371998066 -0.22205601412698075525 -0.63904756267522955238
-3.3888170334698202169 -3.1776451591064622804 -4.8326266106601307726 -0.2297057625645225476 -0.0008275385477554460939 0.97325976893356858088 0.97102040701947855972 -0.067997508241186430111 0.22911941869882535006 0.065989634007739952914 0.99768514775597483268 0.016422976300316274173
3.6864873514731777426 7.8510935614976480323 -3.1727358501623523779 -0.99223734297843901864 -0.0043751712551462242085 0.12428158783543113985 -0.0060556198301764284017 -0.99649548470552973267 -0.083427084506423165866 0.12421104889212279676 -0.083532070710752109877 0.98873353766090443795
1.5316917933778575467 -4.2401376601030058566 7.9960819107415055385 0.75169339921820343964 -0.0082375751067827844565 0.65946127704990298302 -0.65951220354986728189 -0.0081323250810244555181 0.75164986440326209127 -0.00082881872859384437408 -0.99993300157803466366 -0.011545796394286886657
5.9274918774880829275 6.9504424875407933015 -2.5027444836208716517 -0.8191678600924742204 0.0064179967845897677517 0.57351793896033753661 -0.065234789349895599964 -0.99449115725675907296 -0.082047305845688672798 0.56983193947894861253 -0.10462383789253255906 0.81507386983915586232
5.8044170975400888324 -4.5160372993233135475 -0.2710926778658991898 0.7054618578902119852 0.0075712808848263438155 0.70870744511944516741 -0.70674777538505673125 -0.067554811951478804799 0.70423286586934263909 0.053208543019566664767 -0.99768683618047393491 -0.04230635722660262138
-1.4253056909825700949 -6.1324025062012790244 2.4909155960316993195 -0.15489110294838615012 0.0014068025544651460712 0.98793054772801647267 0.58025165785627608184 -0.80920997877592326653 0.092126129865546649289 0.79957286083406897692 0.58751785603133355185 0.12452312661490511081
-3.6114010739589428312 -8.7342111817437739774 4.4118982503178036936 -0.60179341715640999322 0.0036340690636400916486 -0.79864352286195461339 0.24189573893216220757 -0.95218942089872160572 -0.18660589008574576808 -0.76113805223078390139 -0.30548666136239199798 0.57214225956132336304
-4.4813802064881853582 -6.5617570436174377235 -5.4333416702737471482 0.87177078385918438386 -0.0041073114074026400439 0.48989675483968297964 0.13442424635941244149 -0.959581204995143211 -0.24725297371590654327 0.47111126329170116556 0.28140192077076464638 -0.8359827370143363412
2.1769917910973548558 1.2751062301964388723 -1.6227925921810744114 -0.12672055310879723478 -0.004888326620755016963 -0.99192641142507920193 0.98576737004170933432 -0.11199148280691989532 -0.1253818166238844789 -0.11047440237882572012 -0.99369714301758582664 0.01901037552159020802
-3.7509100333977611896 4.59699027807095284 6.6489680026531914336 0.91429566496721514923 -0.0065778756099905385038 -0.40499403523339227995 -0.27605906167103999582 -0.74179699036720658789 -0.61116987781746345831 -0.29640315702010283649 0.67059224319599941566 -0.68003765474710264893
5.4143437777971188396 2.1232661886362009795 -1.9809628059814903267 -0.9727711317234618571 0.00089754704538314022955 -0.23176608831849182524 -0.20480472512619890546 0.46479059050572285594 0.8614085741060053536 0.10849585176936096809 0.88542018352115381408 -0.45195104686475295885
-2.5169296123700495293 2.3200742180431626061 -5.07486800764162993 0.65324031483797317943 -0.016942219449042929258 -0.75696106390639084083 0.54456316416642247535 -0.68408822033279248487 0.48525690828139056432 -0.52604947609820440491 -0.72920248765481299191 -0.43764789579606061531
8.2204762330518157398 -8.4350230664057903596 8.6282833746206932801 -0.96402047283328706762 -0.00061285779324300954443 -0.26582729800297932865 0.1083521214548854722 0.91225119450549618794 -0.39504123316340333805 0.24274337423361233568 -0.40963078806210501126 -0.87936242342797621419
-1.4744703511846839472 -5.1755555474822410034 -0.23550458542646623972 -0.69589802994347915721 -0.00028202962200385948976 0.71814055196765391731 0.27560461652208378958 -0.92353132839189322478 0.26670579452009068877 0.66315007899616096321 0.38352288841497306215 0.64276136068461098283
7.8997299831009648585 7.9598057096509320374 -5.7051552109793011169 0.4026118749718674561 -0.0050927567701669661585 0.91535662009970297781 -0.76733149714017145904 0.54336311883908572362 0.34052737714041969586 -0.49910525105287500969 -0.83948233150788043044 0.21485661138937062198
0.79415848874939054536 7.0432413104056559305 -8.7719844134066118357 -0.99890881269414644184 -0.0035171630306772773585 0.04657052164398375188 -0.042283265454275936746 0.49154167920135383163 -0.86982693857478154964 -0.019832029258742205763 -0.87084694819015773248 -0.49115403229883275449
-0.077295128785384165093 5.9919658075791382146 6.5978295678338731989 0.88308219267386378615 0.0086765415781031897391 -0.46913810185083021365 -0.16088338159901932611 0.94481928788585900492 -0.28536476790909776069 0.44077474803723942776 0.3274770692200094091 0.83574899977672689744
0.5155931690213586549 -7.4844697942340774333 -2.6930447371354842012 -0.96879302889005769472 0.0054249742944866268662 -0.24781169631007765597 0.24667704808988630272 -0.076911145781562995083 -0.96604094613034441341 -0.024300228801533766548 -0.99702319196119137956 0.073172765232187533813
-1.0776704754232759864 0.30664393137171785941 8.8359898772776919174 -0.61987125262211173471 0.0010459772196892468468 -0.78470283299126830645 0.75727717727610710519 0.26286750357062449446 -0.59785613013731686571 0.2056475308603633867 -0.96483137464450219323 -0.163736103388279014
-6.139053315288152568 -5.1815179357889133982 -2.2430291799212822568 -0.6373592672662617975 0.0064583096141296305812 0.77053971647591790184 0.48048987345149385408 -0.7784220126294284503 0.40396615175614702942 0.60241401539180905456 0.62770810134259125146 0.49303133122422304613
-6.5782529910325102662 -2.1878211927326152164 -5.7966109994225494262 0.34854990216816639226 0.0053002048299625632855 -0.93727523893856923287 0.92957318257299936803 -0.13001097907805411746 0.34495049436156688394 -0.12002776320364509643 -0.99149838786947741553 -0.050242242310534292182
3.8031508760098082789 8.0836393575793739075 6.5330155148517246033 0.3569988873829976761 -0.0015842324087271229816 -0.93410346569043078979 -0.78431980584004634682 0.54262085127327486234 -0.30067433201086485317 0.50734035575153502151 0.83997625083780969035 0.19247249532035445863
-5.351806088026051178 -2.0158828495977445527 6.412752999214832883 -0.53180911525968266318 -0.0073026140056237113726 -0.84683276788014782976 -0.3472956041011938666 0.91388911415144180594 0.21022000477351371339 0.77237609252116323777 0.40589821244214507878 -0.48855072698499163453
7.6580065551456542039 -5.4872317568439630264 -4.0453517126413807148 -0.80705565552524649586 0.0055290110503692958821 0.59044948888250814445 0.19830770250853951842 0.94441424686085362339 0.26221324423493092004 -0.55617912942736336124 0.32871136330098765788 -0.76329130456610660982
-7.7348394694580271391 6.729988909970709976 0.79795446762191746259 0.9494033605623227734 -0.0052244160126723475021 0.31401586652637636377 -0.18411212444024024903 -0.81928861879030323578 0.54301830977853693394 0.25443267201183000781 -0.57335753644497500225 -0.77879724628089452843
-0.53908741979947860656 -0.22396139445841872773 2.9731608418112407399 0.99845045355538541987 -0.0034443321599229989247 -0.055541231269011177851 -0.010695272695550456232 -0.99135260597257590653 -0.13078846192707460627 -0.05461046545191471091 0.13117982774505407284 -0.98985329713832337362
-3.4098321144260008708 -0.5896698195205317683 -0.2704576254577964467 0.80215581725283147119 -0.0086307666907829913572 0.59705238858381426414 0.034787490354643485491 0.99887268035363696583 -0.032298590653833156305 -0.59610055809593442966 0.046678456591011760479 0.80155177395361976167
-2.6059957480188846723 4.8787260878943943254 8.7081724275201022323 -0.33722206329241349865 -0.0041247173868009020387 0.94141609649277913086 -0.79523019337237754733 -0.53397280839381178197 -0.28719676085368389673 0.50387520238443872511 -0.84549158872380791863 0.17678731238352582422
3.0274579589279704273 -7.7161172318426203276 8.5884522125049223007 -0.32152923095879998305 -0.0072405184125436151954 0.94687197050715221636 -0.056369675010231316825 -0.99805092514529636372 -0.026773317983094960942 0.94522029886058034354 -0.061983269595204636138 0.32049440074994783867
0.90267428597749055363 4.7311111882384597749 8.43191577622480537 -0.35855989499087964623 0.0030374193943472011306 -0.93350178135187855677 0.23208106829991326236 -0.96830795344261944013 -0.09229347233992092614 -0.90419753341903219557 -0.24974082842664199755 0.34649147056734103112
0.69300266135093324671 -8.814374980032150475 7.5967614462352219817 -0.96440666988924106384 -0.0030745849263077405789 -0.26440560130294776808 0.16838888927148767949 -0.77810536821193077017 -0.60514231212966917983 -0.20387485632792320955 -0.62812624757072244019 0.75092773292102754645
2.7683538679586607856 6.8068991312970910101 -5.5441864952906803055 -0.70747958704064639601 -0.0073739940377647887268 0.70669530784692680125 -0.69383561507566171578 -0.18292064979257824375 -0.69651430360896227079 0.13440525723863863683 -0.98310002547617214574 0.1242962860876597464
3.6181838820719018912 2.4058591416015233655 5.9882995134870480314 0.79991589160845533168 -0.0035317021103425231578 0.60010173590191906445 0.59782198281463150291 0.091968254984822986331 -0.79633580664105874103 -0.052377888615367698688 0.99575567643625528813 0.075678197844078795575
-2.7176128314250367346 -4.4407806204426583108 -7.6603061858619430069 -0.82878065696730673917 -0.003767597906231269847 -0.55956092415647096239 0.55882061825611550887 -0.05743174409884405085 -0.82729747454074009649 -0.029019635571124476059 -0.99834232604646511167 0.049703729996479928399
-6.9118207165546916571 7.9968327855918479585 -4.9365602178625191954 0.99295921004420695244 -0.011346445084690869043 -0.11791210867617088476 -0.096433454334034898747 0.50065231219293548914 -0.86026033918882116591 0.068793866541465478748 0.86557409878069402343 0.49603314752797755816
-8.3517011476115747826 -4.2197296179025709506 -7.152134634310931105 -0.64251400482278597792 -0.010624519333398434531 -0.76620028269066908777 -0.11985041340080056227 -0.98620442756416126784 0.11417839314006636431 -0.75684320173594810122 0.16519063726893687405 0.63237680329409751145
4.2355276753668453793 2.6359801359427876832 -0.26911545731255648306 -0.46556208661936460125 0.0076655017503973856344 -0.88498202444189177918 0.086637611200735722972 0.99555427509541516429 -0.036954156252719527753 0.88076436566646565396 -0.093877182647485665767 -0.46415644641662856529
-7.711359661219461259 -5.474690760258412503 -3.9230375603437757093 0.56250366222775338709 -0.0098394861031955820063 -0.82673624239775322931 0.5364488192045359094 -0.75653656063707608315 0.3739987925032108862 -0.62913614929900485429 -0.65387737147940827587 -0.42027620526579917426
-5.9230557305617814734 -4.3556372139367187657 -5.8261321456683825559 -0.8102058999909953485 -0.0049563990998744197197 0.58612441830009798238 0.51955956284177939875 -0.46897534489225134458 0.71422684529666402575 0.27133790792898992983 0.88319735053431558391 0.38254173593168744327
-4.2697087290546811289 -6.6829372375699183095 2.8516672453599540837 -0.33223710020296381984 0.0050973311963792532209 -0.94318212793872813204 0.71811612964668825043 -0.64694724347561971545 -0.25645367710461897115 -0.61149630709429014797 -0.76251772528505235016 0.21127940040635445618
-5.0397269297688467304 7.1567729602914651466 2.7807678256852694787 0.65872255475431029659 -0.0020157330824871972155 0.75238323524553141208 0.26511170959685431692 -0.9352388301541647575 -0.23461481625566452114 0.70413093760523592923 0.3540116769152028553 -0.61552851706080624616
-4.6084802747226918385 8.0634560647728115157 4.3212047374199888949 0.5751293827042223139 -0.0019367686838223339973 0.81806017020604493428 0.8047126362127307031 -0.17858053747414018297 -0.56616831839553460881 0.14718616195052114382 0.98392339161254904756 -0.10114837204729217046
8.3373311191918144658 -4.3363115702944909913 -1.52606403859559836 -0.40955067262771460701 0.0013160972855448616406 -0.91228642127242709492 -0.15393988510252201718 -0.98575917211097097148 0.067685791520656360398 -0.89920562627518696441 0.16815802831577655874 0.40392093185188987503
8.072936461905884542 5.8636935741802940214 -4.8250400295004700624 -0.47526923781137658809 -0.0052731910605401579456 -0.8798246103888350822 -0.58434292606616788923 0.74948082075363642307 0.31116208650616611342 0.65777085398077095313 0.66200505494940231621 -0.35928653032799673372
-0.22671015400100788528 -2.190615533422606287 8.0634227499275556994 0.4002552475177080793 -0.011243185492611999093 0.91633472465818366359 0.38650276941725397739 0.90871020830006810076 -0.15767487613456651618 -0.83090995063691031053 0.41727610536831838406 0.36806155167505910653
6.6163503083291619333 6.9982258254135114584 8.2661404184361000347 0.99773309315262315167 0.0042583322327109408845 0.067160564582092519004 0.033657114250316012838 0.83263314644168495704 -0.55280126818489760954 -0.058274123663453830657 0.55380855000012940703 0.83060232148599266733
2.5726203689844329148 3.691388558754363558 -6.0371320602968792102 0.64692752950192566885 0.010703475503104957489 -0.76247636500065318899 0.64657150332622648214 -0.53779480550881653134 0.5410379268166792821 -0.40426484222481801067 -0.84300781893158516223 -0.35483482715378783512
-7.7617301962036533425 -2.0347452731041557605 -2.2673582954062880823 -0.66273376011035378674 0.0068353084321442075799 0.74882390571393264711 0.65026160695186263627 0.50119972833695325409 0.57092790686709049552 -0.3714078697800805573 0.86530463472337371122 -0.33660671917200823966
-0.82995907202653296242 2.5232858700132312357 -2.2660199811871648556 -0.7222899481508727737 -0.0047257423054354779149 -0.6915742173909286139 0.48306389879078559524 0.7121628676430232785 -0.50938523696284265796 0.49492070120916092923 -0.70199837415067611879 -0.51210524524196165963
7.9621117631837030615 1.4640138943475813349 4.1594077190813347755 -0.17245958389106078035 0.011149122992939275098 0.98495349584669134035 0.97461561008443331477 0.14685969109624957829 0.16898711107899996864 -0.14276590805866781753 0.98909449911910718445 -0.036193470524411096301
-7.5780146165553219362 8.3461992462485881106 7.0700734731996464077 0.99123870581954087733 0.0093617686994632402786 0.13175046630661133018 -0.12664971220356285864 -0.21577428427800787736 0.9681948712127278478 0.037492379010998846955 -0.97639838976249215818 -0.21269815698534894066
-5.018935265848968541 1.4128539475286461258 -0.39206599593202412501 -0.091328850816082524089 -0.0049335624092402144761 0.99580856642760273711 -0.98479030678264156684 -0.14797865511009855588 -0.091051465111014459608 0.1478076204928717996 -0.98897824930266153842 0.0086561960779870904259
-4.2633162940136291041 0.39509534893680237078 2.0449186533439940305 -0.94015502754321855772 5.3504226531862070226e-06 -0.3407470090205965696 0.10005612765233659611 -0.95591248717157328851 -0.27607985835335829838 -0.32572579803318457703 -0.29365169306600941157 0.89870539536311577766
8.5820168484633239103 -8.5353054536711550071 3.0657543734246082145 0.40836768232238268572 -0.0071029006495263126084 0.91278989084947537158 -0.49722264524649784079 -0.84032869342474592056 0.21591046306588509984 0.76550994578061071216 -0.54203065947368700428 -0.34669480397260121762
7.8355560887859709851 -8.9124702142138740868 -2.9652046343366382786 -0.96060196699895505912 0.0022942860639942686332 -0.277918328379553492 -0.11408299748918378225 0.90858485767401708788 0.40181914599671669786 0.25343427290267162011 0.41769401798100463941 -0.87252666243587451156
5.9835332185949425821 -5.6858211599470642739 0.19252032743732644393 0.86975230562382632726 -0.0018821005454627887012 -0.49348493853346819815 0.15723074916463580797 -0.94682187802857809 0.28072552930531680104 -0.46777068995293941134 -0.32175268294799352908 -0.82320458735140211726
2.9520290305609231396 8.0474671783459381658 -8.2239542758985635373 -0.34456380823459142881 0.0065285977098915757774 0.93874019806715203185 0.80787839939261585354 0.51136905705007307255 0.29297470758870980401 -0.47812997589539252274 0.85933640962293722509 -0.18147358277865216492
-2.5642683412412825561 -2.0633790353856729105 -8.6294734002511361837 -0.81055234190229508151 -0.0086042632834300598194 -0.58560299494620193794 0.41065413523817495545 -0.72126257228945955813 -0.55780236914711767149 -0.4175740440311506152 -0.69260830811342000146 0.58815444339378353256
2.7319477151543218874 -7.5589489927268056491 -6.8340789524870517724 -0.70490248609604566621 -0.0063345921406791801112 -0.70927593927764653881 0.70918306358839588999 -0.02477611842791215685 -0.7045889058699360552 -0.013109821324176606366 -0.99967295496982544467 0.021957132936517610722
-4.4457862822701654792 -1.9359777632138510661 -2.3538021162441267187 0.12822747885199733964 0.0026617870684428101072 0.99174121047614027802 0.075947803840905117601 0.99703349439009081312 -0.012495685509666541041 -0.98883246546580283454 0.076922857163610081077 0.1276449344345282344
6.4084581902636239548 3.5482281862964399899 -4.6911743895670872107 -0.99303770031049154454 0.0051229648811092765026 -0.11768551734641254092 -0.055549643709724351448 -0.90135946950194234528 0.4294942884636280267 -0.10387667132698918948 0.43304140907090549195 0.89536851362127556353
-6.2781683895495765668 -1.9640018114526291981 7.5339720882314180628 -0.30937596439040432328 0.0017873580612569051063 -0.95093812522604581616 -0.7125644885335815637 0.6617637132462244054 0.23306788176708417848 0.62971292057421157651 0.74971033951906629333 -0.20346017910140348772
-5.3416420749604798246 7.0840434399272949051 5.3477901975615811381 -0.32969877920037782282 -0.0039929443140055472655 0.94407773588304155776 0.20178812667968523686 0.97658399829678654847 0.074600577759404720912 -0.92226908596401613316 0.21509939717870887876 -0.32117282327179635937
0.19004732200710588996 -4.074722716708087944 -4.2140606797348603152 -0.69493126370062063835 -0.0018712956162794253112 -0.71907373542932284671 -0.71183924758893202256 -0.1397264028341319575 0.6883032892143035042 -0.10176160535164630039 0.99018838137182207948 0.095768184030338404655
-6.8174180830818373877 4.9085478704781815296 6.3447108947421888558 0.13743226037964803576 -0.0066572316604363484041 0.99048879603636807989 -0.85420882202729897514 0.50543322266188450698 0.12192024360367323399 -0.50143759549682243026 -0.86284004235781119885 0.063776164246760275178
0.57178843724649619507 1.3735742569383280198 2.8241112589598236227 0.66265057175488328856 -0.015055852988904798104 0.74877736413665652027 -0.74695577000568824655 -0.085809706634949800552 0.65931310612065741061 0.054325844752034856133 -0.996197779327897881 -0.068107907426161684583
-4.2611205352022514248 3.4731728420119734047 5.7556462420170664274 -0.24437596981912729222 0.001475963793719768137 -0.96967943512571119768 -0.90880580090649698555 -0.34908194389542551717 0.22850341941596671869 -0.3381603193951887576 0.93709104038875401521 0.086648603043567862247
1.3359013248623949899 2.290061380608900965 7.472837020683686049 0.79927046629973264036 0.003681533837848637112 0.60096020501300440042 0.39641604782586903344 0.74835070331933573051 -0.53181344649029083094 -0.45168688128721462549 0.66329305073242239565 0.59667519650371536599
5.3539479735768873425 0.36789650588494554606 -2.4613165061975226244 0.79613073923278288024 0.0016058382087779103815 0.60512252257914644904 -0.58893959874721157899 -0.22767741119318943288 0.77544383772124514387 0.13901796673882138577 -0.97373529139909209551 -0.18031524396934278665
-1.8955243845483362719 5.8778481844508432275 8.8639356763262995287 -0.10791301648536620605 0.0040629260961471532973 0.99415203741909341506 0.69810974843545825497 -0.71165383799545511856 0.078686682516252243191 0.70781181115618685418 0.70251854601693564106 0.073960344036647474031
5.1294941413885393189 -4.4803008806565181033 -6.1584987019835901734 -0.88302052585182366773 0.0055985059972758601313 0.46930097768386941359 0.44381300550681418438 0.33520430631772651919 0.83106443141866814805 -0.15265898947541001185 0.94212882864103308922 -0.29847697260563016419
6.9073661874400400507 -8.6671081408660626266 0.73389902215624647219 0.90419365243807636734 0.0041242548918617900899 0.42710283236291979314 -0.36990069547156123608 -0.49240928251551685513 0.78784933456992767287 0.21355869071613028942 -0.87035400212431057732 -0.44370778289931783744
-7.1061672069214036895 6.1267474121515128616 -1.4548335861313286266 0.78629892621681074516 -0.0032732056900850060172 -0.61783758768378183035 -0.42598118372190363345 -0.72718424463241904121 -0.5382779072872013737 -0.44751986519632958039 0.68643452745538069415 -0.57317851475069547806
-7.2067808687735510631 -6.3393146397944599713 3.9060991408251295454 -0.55725802508426058868 -0.0021888812952195694367 0.83033649942526488452 0.80188136445968649646 -0.26097678953518421707 0.53747315528884131997 0.21552208891750812558 0.96534259417198253761 0.14718663344897670031
-7.8545513661122603466 4.7616347895237218779 -7.4770366708498352537 -0.61066663274823784757 0.015149831301671298073 0.79174285362078933304 -0.78817231239825713551 0.085110774696527946581 -0.60954127177697503548 -0.076620295071091595873 -0.99625631172015338688 -0.040033632624900075681
-7.1869090943853057851 3.5073704718898413013 -8.4532247176950043865 0.95160321563069882878 0.0088404940525369773291 0.30720215765226627225 -0.20121438449304548945 -0.73763761557911722289 0.64451805215655211256 0.23230172507825538886 -0.67513894403127849841 -0.7001594923858996955
-8.3832788247138392279 2.5957025635284658449 6.4421863117711248847 0.025619689170297076097 0.0079572665331995029447 -0.99964009195116010353 0.1474296445866647709 0.98900391942275200918 0.011651062769427067423 0.98874067956351752162 -0.14767508007753857302 0.024164836027108362732
1.0572911954936037304 5.6354778516063843696 -7.9077823626244594379 -0.75005612312427749622 0.00084106518553635342336 -0.66137364989330893472 -0.60981786893256328952 -0.38795788145283083281 0.69109395088470526591 -0.25600386499930871675 0.92167671926108862834 0.29150308107726263795
3.314395206746619138 -6.6589519175717537536 7.7727429892497914565 0.20346643165798664055 -0.0010681184401091705239 0.97908133998713986479 0.49535852437597976961 0.86267937556444618252 -0.10200111422656636673 -0.84452432973621915924 0.50575009055691833026 0.17605539578534792899
-4.2359998021200979679 4.8542543552158194942 1.5464775756433353227 -0.84106572478198060594 -0.0045328829256053703584 0.54091394839620943191 -0.41707424311278001872 0.64221347484170709929 -0.64312590405248826197 -0.34446701196046813909 -0.7665124302342856133 -0.54203429039776995779
-8.2491636156069301222 8.9143567061477817504 0.35285665600764437588 0.73108534949744663489 0.0034522898285055557063 0.68227728486651428863 -0.35241404023829758785 -0.85435374549345710626 0.38194766893361697946 0.58422474784346811738 -0.51968043955481002527 -0.62338887121203268027
-5.6092591880449331754 -7.5589661785797073179 -5.1802947165401080909 0.47312880283317304553 0.004595293282756199825 0.88098128198591152405 0.6122055379908306616 -0.72080788551773655737 -0.32502364749163165092 0.63352467606486706497 0.69311966892805343399 -0.34384823594402430524
8.4600497453384733149 1.261000129752667176 -0.54942030810869824098 -0.96102300371471505169 0.008516001787473361298 -0.27633722884266626041 0.17677036152238931321 0.78744734865344923058 -0.59049039990991547544 0.21257240088520787391 -0.61632308963088278109 -0.75826039298508240982
5.6800301537509616523 8.2195146987564502439 -0.14611067030344934703 -0.67831615866450412078 -0.010623568958292944897 -0.73469335690285142437 -0.7078171813764531084 0.27778271479271166022 0.64948564349836246379 0.19718525969944716847 0.96058518786457169902 -0.19594404867778519863
-5.427611663435213174 3.6543121327280028154 -0.89503259331426154866 -0.37455124169002673717 -0.0012090152753286495524 0.92720542795574889539 -0.90889175039954084312 -0.19729487050739813458 -0.36741056071814459649 0.1833770798224595433 -0.98034344612159862731 0.072798174717787517141
7.6164282248507557682 -4.3654947279996960674 6.4681609618096507219 -0.5617750382772431772 0.0040092811304662401978 -0.82728032252288563608 -0.15557278473997476764 0.9816357428378986727 0.11040098292752258125 0.81253056251242539165 0.19072281994551715245 -0.55083472197676996984
-2.9881205253290978874 -8.4076463465462456526 -8.7320362526346197996 -0.7052240433594020308 0.002153666915577862051 0.70898124826154051981 0.43131597989374714786 0.79496278621379634632 0.42661539356092215147 -0.56269492103261364857 0.60665437462672611169 -0.56155578137013328899
-4.8182894963056810411 -5.4276442118107404156 -7.6159959255131433054 -0.9876132720933699094 -0.0016250704380090491129 -0.15689927957477162179 0.13000416398062877854 0.55142637647619685559 -0.82403147310905600076 0.087857510394501972528 -0.83422197913536288993 -0.54438474206664488886
-2.7583397453453391002 -6.3595108251048211301 6.7563014250731674437 0.80506017561231046908 -0.008205598069081788612 -0.59313639392888894974 0.52892700032660289189 0.46259089971525946261 0.71150958379081985505 0.26854113645462573956 -0.88653388410200029135 0.37675367333395703984
1.4327618122731182737 2.604019116848288018 8.9773174927549703739 -0.75526447214812020281 -0.0086166234787238681764 -0.65536351051216601427 -0.59103721310731105465 0.44113599880288850708 0.67533254273927467715 0.28328535054489561995 0.89739889924165627821 -0.33826709240868174655
-7.9801859831889458974 -7.8558098985024775729 0.66340397056000610654 0.17678742410836839616 0.0021179536172122414954 -0.98424677848062191998 -0.40209917016347063168 -0.91258559036663622344 -0.074187583925131694862 -0.89836655326799164101 0.40888024472615136506 -0.16048202840741485065
5.5409763679151469162 3.4985295817632717785 -3.5151875315151466239 0.96982725998653807054 -0.00039255928744285576576 0.24379280482434526056 -0.079374667147583399807 -0.94602099953855178782 0.3142354700651951438 0.23050975684797223031 -0.324105097659946495 -0.9175081131349975827
4.5886977055764326394 1.4576815908075917427 8.9497816550931084123 -0.10337387272188641729 -0.0058187474692524745329 -0.99462554995148111381 -0.99044166974337111142 0.092411389653455022763 0.10239840769391859998 0.091318898780307064533 0.99570391042739203602 -0.015316053191354934981
-4.4378570895784923422 4.5790102773182503881 -5.6262955373495442402 0.96736906395112531865 0.010866233368569167689 -0.25313833981236866233 -0.067926965086845494945 -0.95138443900777402984 -0.30042233044161337219 -0.24409633656557536141 0.307814187759824609 -0.91960176396587378633
-1.4188657873311159019 -8.9768297467016573421 4.1770758792439917073 0.7846166780348550196 0.0084677134481886840583 -0.61992335524520836287 0.605351977198565816 -0.22639616762928296834 0.76308175118048404695 -0.13388671424482617711 -0.97399849748923295056 -0.18276015604339856946
6.7460897315004428876 6.7167274123182441059 -1.5062902069884096523 0.74847811171531530849 0.00082749330039811122561 -0.66315897908259568982 -0.024854809406425457802 -0.99926161907251076499 -0.02929940439557169457 -0.66269356020141445551 0.03841265290766893159 -0.7479048825646653631
1.5526774657975113136 0.19522831597147380367 -5.5904083079843429616 0.89937434830441742584 0.012412911434753703954 0.43700309065490816618 -0.29007235699069766621 0.76481024074166592541 0.57525935313225096124 -0.32708379556625805096 -0.64413602234784972378 0.69145135432050663926
-2.6646830489038353385 -2.2214500867354289859 6.6353573450258922506 -0.99283875507673990946 0.0084570619074360725564 0.11916242915326799579 -0.11808236044314923685 0.081693425367481226074 -0.98963768137825225413 -0.018104214150115132548 -0.99662162446708046915 -0.080109768907568365548
-2.9177903417244475115 -8.6994657700949229451 -5.5868253602038402406 -0.82592411381545183247 -0.0072379136794878569383 -0.56373484088162073569 -0.20148214172821085621 0.93767285186974169697 0.28315114237996458213 0.52654943242112905999 0.34744385945342587396 -0.77590492957903478555
0.45597406740454393681 2.5941491977885737796 -6.8492585207367460143 -0.99103036581566861241 0.0010081689840404171182 0.13363307085642800454 0.10828921639079247541 -0.57990656924735128896 0.80745390986605003469 0.078308745646245125904 0.81468236420054274127 0.57459584563076993025
1.456350579100573972 -5.2110749311708737253 -3.4380856448689982585 0.10814817343551043349 0.0036865703637118680397 0.99412795040763923815 0.81980818821823120413 0.56531614385796291611 -0.091280841493479147886 -0.56233309267111808438 0.82486609015778622478 0.058115627801135390229
8.5240858455618777612 -0.91686818091304378431 -9.144400888166567043 0.041170545708861118472 -0.0072297739063617106128 0.99912597630904786961 -0.50595398130356761257 0.86213505719842442598 0.027087117836941215082 -0.86157736447125321533 -0.50662695696040971338 0.031836637887759561272
5.8314719034924467067 2.3448557426646039481 7.9197925507324660188 0.1073243557367596912 -0.0061213574921756986474 0.99420521606370282353 -0.83449166627474968827 -0.54415168603580277296 0.086732932051914971017 0.5404675213030868397 -0.83896452342553962112 -0.063508950940436861843
7.506765852028615349 -7.4051893135585888928 -5.5908046117737990599 -0.81212515792782324908 -0.0034083718361400663563 -0.58347331632424070946 -0.17454631456866875894 -0.95277213671104676873 0.24851325835331949943 -0.55676414389882367129 0.30366698620080412319 0.77317530325301864202
-0.69852292604563492873 -4.1127750804701701526 -8.5320511128333915707 0.20138069752930368161 -0.0014131709716566538421 0.97951203035514011752 0.6278494848152437191 -0.7673695209343991408 -0.13018848934470053647 0.75183165607711865963 0.64120357242339787174 -0.15364615072206586066
-8.4587824187117490737 -0.90414139648603719657 1.7984515090266126602 0.99043743200548084449 -0.00015000305824437558389 0.13796257021852925684 -0.08168071429574425002 0.80526358533804098805 0.58726384108025908581 -0.11118432530896729671 -0.59291697195107384566 0.7975509451928467497
-2.156552186877601418 -7.6019211476657453375 -4.4791172214486856262 0.83113627076745788536 -0.0088455874664325369328 0.5559984307503027523 -0.26066778394672429631 0.87701137137933637966 0.40361288493261338051 -0.49118713931350976853 -0.4803881868380396325 0.72661020094640471623
4.290147228454505246 3.5916333019402606475 3.2804756980648521747 0.99997802836537286186 -0.0058623215859258635818 -0.0030945067192888831356 -0.0055248582345761455131 -0.47908014799609849321 -0.87775377398075704605 0.0036631581594149193251 0.87775158500647598725 -0.47910201031804899863
