1125 17.292696884352682929 17.968806560800352656 18.477561601407678893
-7.3638719994281265357 4.3326967948397507868 -6.6578476183405070898 -0.30834986132053726626 -0.0053187521133250606487 -0.95125815313172745746 -0.37976701229215292788 -0.91615265347604180057 0.12822375717328837741 -0.87217967151189623731 0.40079424447571537771 0.28047565704874782844
3.3477678398882000366 -0.73856919490368755365 -1.4534521173039736119 0.69680078104228426739 0.0084991067839374368625 0.71721435897706020679 -0.35898841561404093436 0.86981024127973072257 0.33846338298196038119 -0.62096375819679128227 -0.49331319600076539711 0.60913553636081496645
-1.3023685261691066994 7.6958664026793321966 2.3031739805997442083 0.026986907785265291243 -0.0047177393924622019333 -0.99962465442949977046 -0.86666046186367584614 -0.49845437096219347151 -0.02104480721938524479 -0.49816799440596915005 0.8669030989702114498 -0.01754042034505991221
3.5240665106576702925 3.7022634764985657974 -4.4288149706231729752 -0.98264402406413209334 0.00036915126328696673541 0.18550090484603043439 0.0090142337514061594839 -0.9987216154413450786 0.049738098479952391751 0.18528212423554296651 0.050546993757220819166 0.98138449950109174491
-7.6168692738245180607 5.2150759501805001861 -8.3278441410737045203 0.85355651083220984709 -0.0018458469068453834533 -0.52099700158946127271 -0.275690146114908885 0.8469193647981475559 -0.45466749704121711684 0.4420816962409457318 0.5317181418566944151 0.72238465616963176696
-7.2767102968983898847 6.1771700847099397791 -3.7635140505801372157 -0.38327395647685008617 -0.0063450355763891141264 -0.92361291394709588154 0.69197048101155855804 -0.66432115059815632918 -0.28258496470381705423 -0.61178258204610114213 -0.74742032979538686188 0.25900757308086597153
-4.3822491351981041063 3.2902529866639498302 8.6519931282470210476 0.48842622127047247149 -0.0037257652440821536002 -0.87259724102749181007 0.2119683067645422303 -0.96953232097200447992 0.12278646308862418979 -0.84646870190400125278 -0.24493508785772660774 -0.47275526378184323795
-8.2384118349108383939 -4.8488911638678979799 5.8726195049474565479 0.99893496486228483544 -0.0012253967070055965527 -0.046124119272506723666 -0.032679031866789935712 -0.72450030531641906872 -0.68849937434443586604 -0.032573253629473247761 0.68927338988187725199 -0.72376873181195577889
7.4273783924728702388 -3.5633668976125689731 6.7094372323588409301 -0.9912144710373204104 -0.010828514131921339325 -0.1318203917755115806 -0.031619027210509298431 -0.94834544121299957364 0.31565988222896246285 -0.12842939509482984017 0.31705467574573298339 0.93967133778974043512
5.782303293649181164 -8.1705402477991082577 4.225181824544238296 0.99609242593890623407 -0.0094789369479881587649 -0.087806769338041240625 -0.065324063287821768076 -0.7481746700342910561 -0.6602782972919698512 -0.059436064328045601357 0.66343410590164519913 -0.7458703247776380385
-1.1267228087429572714 4.0776411378245631667 -6.9399459409511194963 -0.99831367099596057813 0.0061180761495098759037 -0.057726800075532783141 -0.057730380049969075296 -0.00041002296477565987332 0.99833212664941328729 0.0060842026595233147934 0.99998120033607473811 0.0007625303924033207531
-6.8223439825522467217 5.4093253002482226677 -1.3459901265206286602 -0.53898214887058326639 -0.010159308796771175654 -0.84225591814084244113 0.51397343875176415562 -0.79616425043803173978 -0.31930203660829159507 -0.66733016375440523671 -0.60499526838574857468 0.43433993343281762645
4.9671393475357277225 1.819517724694126759 2.2768571471790184368 0.090833440415794997058 -0.0089389028969740005892 0.9958259798365554083 -0.96423200243081108596 -0.25082290772390297695 0.085700142646617807896 0.2490099025962621837 -0.96799171741096556865 -0.031402283883456678926
-3.158161820462058067 4.068148780305920198 -3.5824610795396107932 -0.95326033405584353897 0.0072200489344957444193 -0.30206391113354391642 0.2737117442117844579 -0.40277922701336477118 -0.87341329012490098727 -0.12797115532957079043 -0.91526868469319100363 0.38197724830644042004
6.690078626317084165 3.0879415053807250935 2.114507086582899209 0.28443195008255917067 -0.0095015350836848075367 0.95864914677018808753 -0.60126249572877155103 0.77707871396338146219 0.18609697347176984428 -0.74671405303650806307 -0.62933170358412726664 0.21531309728270750514
-7.2711151132877001046 6.5748794596242667865 4.3003494001462501117 -0.81899392702611972794 0.0028901397387845056963 -0.57379490637891661375 0.49013739464639433097 -0.51642701523745260239 -0.70218834531910401253 -0.29835261330052348372 -0.85632633091894483357 0.4215340236699872678
-4.7338004161542928117 2.8997561289279487617 -0.66356943387169553539 0.29503005946928484438 0.0093739745747501435069 0.95544198809247704585 -0.022326912941007852342 -0.99961120664307712147 0.01670163200634983483 0.95522707926845029647 -0.026259553572430042317 -0.29470606182788550154
-8.4510202555490323562 8.8253809612689231301 -6.2303841416392371499 0.78229539355690425051 0.016179096545787283873 -0.62269748197242902332 -0.58819183888723325371 -0.30987964134908557723 -0.7469973015639647107 -0.20504701384420370713 0.95063812500454114574 -0.2329010034356022163
-2.8006655197131764545 -5.0168779131260663462 -7.2862638711125971014 0.7159727283093177963 0.0018926868936727711795 -0.69812568356524618007 0.49466536205472455556 -0.70702389737837045836 0.50539428975668565514 -0.4926349885060793965 -0.70718712252971804855 -0.50714607543342815621
0.87292648602578692962 6.4612173001216097745 5.3287673485386219951 0.53670357133054902299 -0.011979074045947899277 0.84368582914850842602 0.82357366909346851891 -0.21002805754901043844 -0.52689147518089951561 0.18350936787304478193 0.97762197030723541058 -0.10285715860177997716
8.437459710373724775 -7.3558499455144250589 -8.6746980965540032571 0.91419406743201114818 -0.0085429276934355542761 0.40518665508407841758 -0.38038330698576672262 0.32690691234420971023 0.86512450573776233931 -0.13984901443493025219 -0.94501793054307481334 0.29560677278032615467
-5.6374542155591678139 0.73496807085111159896 -0.28699249450480923684 0.76207757039314694136 0.0078088207727740471809 -0.64743864498636849447 0.61415511915141585142 0.30796747855052397647 0.72661511254277466598 0.20506405419719389571 -0.95136483773238467165 0.22989928056175340521
-6.5901468313553346334 8.7787543058144095198 -9.115796122335746432 0.13450715793254958141 0.0054450689662613547398 0.9908976615620166406 -0.96329331777252569236 -0.23373114750215215341 0.13204444184517816208 0.23232263858661453271 -0.97228601857247276552 -0.026193313820674749698
-4.230931527129539127 -6.0376688693497166938 -8.7068715563821204029 -0.72794770579313272663 0.0095755903158300428174 -0.6855657851006661252 -0.32886461834767088952 -0.88224999869943698805 0.33687238324657720057 -0.60161466108267680486 0.47068380879869153866 0.6453809353437347518
5.0897047786076861087 -3.7333611429548496652 5.2017874815729143734 -0.94644672552863751136 -0.0020393517168037908135 -0.32285358412238263082 -0.27417711631250568649 0.53311580296949034885 0.80038393881601588298 0.17048608338134230156 0.84603982274417000031 -0.50512484962099757357
-4.3460780954937714426 -8.2103169099091637406 -2.1287392127496511662 0.64418637996107652732 0.011902884751691156229 0.7647759339879761642 0.7587387005514324434 -0.13627906377582607589 -0.63698006331620338205 0.096641047999540957703 0.99059897946204622521 -0.096820296067532840567
4.8472941934978210909 -5.9054919938533503299 0.1563490177422843519 0.31067764956035881507 0.0082436480905830229748 0.95047958438344792853 -0.77901276824982745861 -0.5707508624020597443 0.25958150930128448541 0.54462694109599552039 -0.82108190537434300182 -0.17089762929610197162
8.1656950931256044868 5.2758088700787375558 2.152393842395429413 -0.55276514530929032887 0.0065212613611863017721 -0.83331156675137063594 -0.83332680956267690675 0.00063976213501337861507 0.55278026300536953208 0.0041379457575290885807 0.99997853169685591013 0.0050807037148884806599
6.5057036335499276447 -2.5481010344928893829 3.0109933609113763708 0.76654145522504590904 -0.0015465427864366689675 0.64219296603609676843 0.13870262336155850247 -0.9759957772159598699 -0.16791016981952047726 0.62703730327120577037 0.21778395501424188674 -0.74792671381931297159
-0.59395320748238611408 -4.8576012770223897519 1.6546775660949644138 -0.49690962306822622496 0.0057034255007274679838 0.86778355448809607608 0.28507693536016209812 0.9455548528355923743 0.1570259889468630099 -0.81964136512739593776 0.32541280124892812964 -0.47148122057562619203
7.0106216493390149935 -7.3498951160417922424 4.9790115217270747294 -0.96882948403557711536 -0.011552439976981441344 0.24745903093997120847 -0.17123084544642128146 0.75310241700819069433 -0.63522968055987083513 -0.17902354155520780465 -0.65780186274214258457 -0.73160596016031431699
3.122200446339316926 6.3532110010040732107 5.2363320663961854251 -0.99706772070104243699 -0.0091180488225596715429 -0.075979086080662269764 -0.036198058647550351852 0.93096823460336086686 0.36330131669142207151 0.067421516492387284503 0.36498631117520946576 -0.92856843138697153783
-3.9999148485431379463 4.020065266037753382 1.1614543793537068783 -0.50074696313414779336 -0.00031939088682385752965 0.86559365576521551944 -0.65448989871640195215 0.65457642231615775774 -0.37838165894436120995 -0.56647634671702773446 -0.75599577071361501179 -0.32798619372310783282
4.0417914183704786169 0.61442978617607724168 -7.1392319292816202037 -0.95974690871247914092 -0.0037701561340055351687 -0.28084098194448692265 -0.21795551754059777627 0.64065906412190398722 0.73624137070134221261 0.17714757573994219242 0.76781622116300440872 -0.61569228266103293024
1.155504430106202074 6.5562112614642851227 7.5387937947866090482 0.94429263929538498346 -0.010011174578601903656 0.32895468951734319063 0.18502891460479978236 0.84275776713235339699 -0.50549346850137899523 -0.27216853626396381172 0.53819989067335216593 0.79766231297872280948
7.9668477332619742626 -7.2359338426009403022 1.658524526937154242 -0.98683706513645397251 -0.00040827371774117542525 0.16171716107348446667 0.15145988544089009076 -0.35281344926923724481 0.92335398039803540104 0.056679008241916808974 0.93569359478791036544 0.34823122590790872577
7.0411764064927666595 7.3265300636048147354 -0.60074290300598809367 0.58508636603898767081 -0.0049832010498163416268 0.81095567818659997084 -0.29092907518602417749 -0.93470901393619576503 0.20415516764893340551 0.75699023605791715408 -0.35537899061956751412 -0.54833525834055030224
-3.9279920330538606876 -6.9749882189055449899 -2.7101255570196052247 -0.3483573410341546106 0.002781614061781938034 0.93735768283548037694 0.076497772276686762383 -0.99657561690697349377 0.03138679058566269664 0.9342351169722883375 0.082639593475476502693 0.34695164476612183613
3.6689065850202129404 -6.9570572212651367039 0.51799014321653547022 -0.9923355415258413581 -0.01135902583184632969 0.12304936227762933165 -0.057295876547815330349 -0.83996701498281778342 -0.53960411068765301579 0.10948678256024002575 -0.54251855845929330968 0.83287829733516627329
-5.8254620321766266144 7.5099881678265356655 -0.81115236702513215938 -0.64889794381438048454 -0.0078026141019569370677 0.76083544720703111253 -0.23318945385050085517 -0.94978921291122508919 -0.20862197786907266117 0.7242610973442130673 -0.31279317487816510335 0.6144967799942294695
-4.962310017811239149 -2.6132331484515192166 -2.6629294411792394648 0.74218036608241078067 -0.0070020103900013510104 -0.6701636188664380489 0.66183571239147231946 0.16514592564130778363 0.73123205143641967219 0.10555469674735087904 -0.98624428773724970299 0.12720224408412603156
7.6607881938411095391 2.0002641192960446404 -4.3896437560382608467 -0.87673290608473775087 0.0036839695540539100019 0.48096344950164265919 0.35169185709694178454 -0.67723059636413662776 0.64627514032343080785 0.32810402167579039157 0.73576161065689948959 0.59245472674580346162
-3.8963574732735861694 7.2996742361740682981 -1.241275011822250196 -0.76238025184479507601 0.0018980179597721160561 0.64712653254597751751 -0.62699767855955490514 -0.24965381279921108892 -0.73793420088493344444 0.16015699384736939437 -0.96833329555616343143 0.1915211895304150258
0.97671070621933464562 -2.7434588687743519664 -6.822136113551218628 0.85438379258722640941 -0.001954692452086722286 0.5196388304788190915 0.068645479128222705589 -0.99080464611422991439 -0.11659310199925326801 0.51508847119620571053 0.13528611316747563009 -0.8463932504603024487
0.33043371900801971064 4.3000794762070482236 -8.8012542586480044804 -0.0052763393257493768074 0.0032344022467796764916 -0.99998084925925900812 0.19973166973105827005 0.97984834803032094808 0.0021154121464850069584 0.97983642530258252545 -0.19971668308930751179 -0.0058160249333833180518
-0.79128265327332514278 8.6182172936477616787 4.4072068153249341904 -0.95141733678314799327 -0.00099432379570096852094 -0.30790268363338707536 0.3067400612021642381 -0.089939448395208287934 -0.94753439540513006989 -0.026750441529006737523 -0.9959467390088683203 0.085874949405855646734
5.5218604345377926279 -6.1685714519376499965 -2.2421698196394568292 0.66354642531675700479 0.0045454599128907906963 0.74812130048803981985 -0.25686090882557716109 -0.93781154063186955572 0.23352085083621576533 0.70265824905624696406 -0.34711504296425993443 -0.62111394444261502912
-3.1103277109770632869 6.5641355337752997912 6.6113621256683670069 0.87473583579701519319 -0.0092943826717563939044 -0.48451092043782861829 0.22440421560908807574 0.8939271115866852524 0.38799106585997666929 0.42951131019989069459 -0.44811598233147587056 0.7840357777484496804
-4.8074269020295758992 7.0864835493228142127 -3.207926524151130554 -0.5856184159083973606 0.009350232381498759654 -0.81053293832106898531 0.014782237153487219616 0.99989037178914597082 0.0008543231173930290398 0.81045206916493695015 -0.011481182764281857786 -0.58569243296175921287
-6.7346984418789945792 0.62245542078067972458 -4.403001254717535673 -0.77194183883161970883 0.0040371790922795001283 0.63568034313309540462 0.15691469584191333753 0.97024675583652675304 0.1843882073701927915 -0.61602238245847595888 0.24208455955189267517 -0.74960755755041719173
1.240103566234649346 8.818513734758580469 -4.2048498104699740807 0.9809935401941266564 -0.0045789078337044146483 -0.19398635957330329083 -0.11077737898189211896 -0.83400782917100990677 -0.54051763448335410356 -0.15931116220563057428 0.55173360826088369002 -0.81866353229640653755
0.43196509906734242845 1.8581507314098939521 -1.9852246893306810804 -0.10478025604617698108 0.013747164434594186244 -0.99440037882784304557 -0.98978748105571734417 0.095737344623077799688 0.10561772194719162843 0.096653195952184800532 0.99531169806979136183 0.0035753877746018468235
-3.2703088170073777441 -5.7855577372576192374 -3.6099917145001567675 -0.259534823077597121 -0.008079809338311979422 0.96569994941033454605 0.66989977806333789179 -0.72177471974689355605 0.1739986818486912723 0.69561193417088584834 0.69208089889519541771 0.19273833667391016
-4.5724185847115421666 -2.7055869389679956249 -5.8450912049665717518 -0.92304062105344297784 0.0034611096599001297397 -0.384686928040560705 0.20245665032749068923 -0.84591391647624547545 -0.49339735573872089969 -0.3271197282701148179 -0.5333082285430442715 0.78011218215365896178
-2.3667892690696730185 7.2440621535202573966 -1.0539577271427809091 0.75629461461204516848 -0.0094275686042831000067 -0.65416326468165841845 0.076675700695195150858 0.99428253125238419408 0.074317460726996936726 0.64972247370066682493 -0.10636432200783677016 0.75269338921803652376
0.17438216800302719367 -0.46380579885175760024 7.3984449301046959491 0.57607177100365358768 -0.0043949118781987407678 -0.81738730073476273397 -0.44599916022344437971 -0.83970276525813691837 -0.30981287109692673409 -0.68500077644653600828 0.54302849903750971539 -0.48568918610585398721
8.0691785675810976386 -3.8822897165192733482 0.51662005812199651711 0.9989838493742166925 -0.0068637080740492264347 -0.044543890725600117364 0.042947520821267314017 -0.15472548299130012284 0.98702357386674266504 -0.013666716680050327443 -0.98793365891873952123 -0.15427347934950230712
4.5240782912557637729 8.4860950488320803231 4.7745571864341682655 -0.99789721187635749278 0.0038790295986667940736 -0.064700136465742782987 0.06481603706610439275 0.0568036981181594125 -0.99627918839003970497 -0.00018938944027319624952 -0.99837783078831954242 -0.056935675302926411212
-4.0311960594797247026 -3.8041820869903686386 3.3465452223223088879 0.72484475170883333472 0.0052406004200039784172 0.68889231526221783586 0.37715973473036695784 0.83378147347823849955 -0.40318604760394566311 -0.57649858665751607667 0.55206973345008014675 0.6023855816583887357
-6.1411156138833318252 -4.9276835303629500373 7.7156524310284657631 0.04144123516115797573 -0.0021381844548914084002 -0.99913865514022959236 0.32060007022337455584 0.94714759603372655761 0.01127059450520418761 0.94630767671048299228 -0.32079099035825070496 0.039936468345984542372
-1.7510589872168029757 3.1302637441424812081 6.0935288295616425458 -0.99705333378076121953 0.0074549971208164493922 -0.076348363538265212602 -0.041750634562404270733 -0.88768475104713262525 0.45855497737115519241 -0.064354752044241861353 0.46039136153533205542 0.8853802912384050039
-8.1693527218785089161 -8.4981706047014977656 1.1842421465927694957 0.99645465327713511616 0.010150836272430928398 -0.083516971241467355402 0.076830907708000231726 0.29468963256892927172 0.95249936067017404451 0.034280250628294109405 -0.95553910489270710293 0.29286495768108639082
0.32343796847188266419 3.1311255844994305697 -9.1861088470072989054 0.28336673876145296314 -0.0048532611973022884294 0.95899934161553590517 -0.95647560975719192466 0.071244901615143324536 0.28298157525437639404 -0.069697197241120126265 -0.99744704613816048688 0.015546409461129255189
5.4819030677494788861 -7.0942463634311048182 -6.9614785851313882858 -0.99887575667085259923 0.002150854126068377746 -0.047356061506615532153 -0.025235719216421599598 -0.86978250466601403357 0.49278956264565404455 -0.040129555324162818897 0.49343061153858680523 0.86885893583828688325
-4.8407491739496224525 6.1951416906646157301 -5.196624644582324315 0.81868427436013102572 0.014608590171070041236 -0.57405805282106214804 0.40617726310949842095 -0.72139089727982330658 0.56090569996617634096 -0.40592621231976910856 -0.69237400472213705971 -0.59652506044303210686
2.9011266698903948047 5.3968365573703831473 -3.0921911504940449156 -0.9451418414228598408 0.014292900135157798891 -0.32634738025240872528 -0.30380642075729241691 0.32865031047091269878 0.89425423238250345559 0.12003565428017086425 0.94434352141207622555 -0.30627888479025994206
3.4240800119518710609 -6.1149822845527719295 3.8757877516694989595 -0.6868487563542547969 0.00015738337552797382335 0.72680035850644530981 0.22442314770347787656 0.95117861961251459757 0.21188082585943987524 -0.69128361521862213834 0.30864090594467502582 -0.65335117242421048012
0.78644051673780768219 -7.9592140305598224614 -5.5778805213254498696 0.83341282781073078301 0.0057085346341733582756 0.55262145368510950938 0.29655200444970714058 -0.8484116635099006043 -0.43846842289660836745 0.46634747463416892366 0.5293062080241824896 -0.70877004102152918463
-5.5604207045638736062 -1.4672480323780652256 -4.9750874317659237178 0.99919125259577279419 -0.00073508726474446652033 0.04020323845775074928 -0.015468382200453592232 0.91586451302953142406 0.40118938535909681731 -0.037115628620307983265 -0.40148680354330329445 0.91511243937146569127
5.4169813384944136558 1.8707388852955859626 -3.3543713341901431058 -0.75727852306360243784 -0.01619901930484536276 -0.65289113202723769724 0.043453733638570281317 0.9962273429995155416 -0.075118932984272662745 0.65164485077315004169 -0.085256511970530884925 -0.7537176630722974835
-6.2547061240912222857 -4.6249364458687871604 0.52214018557367436468 0.97547858424403577349 -0.013803081145654020126 -0.21966111770735768927 0.17962803836635193866 0.62664399457447794717 0.75832121946889374797 0.12718215092592000115 -0.77918340524875329134 0.61375721704192776063
0.32399984584041913172 -3.8560762106996531173 -1.7195952536444809589 -0.97866963992511712966 0.010975117140025804699 0.20514697826778299783 -0.20520866601122131345 -0.0048135279079108512709 -0.97870640814419940234 -0.0097539367699610076551 -0.99992818579763997899 0.0069630427720110922227
-0.83176045785512342512 8.7687929325126727775 7.6270257979623803379 0.80609915941317233923 -0.0027833036037230732621 0.59177394198636878997 -0.5768245465166996766 0.21970046723347655404 0.7867688016394521755 -0.13220282799189631007 -0.97556340538088348602 0.17549488412060015863
7.2873678320757422355 4.2308011298724901295 8.8962435075051349287 0.9546416159050821193 -0.0037003008280351162851 -0.29773426567394079001 0.12920319268030822091 0.90602909570034551034 0.40301093377959962272 0.2682646457955240038 -0.42319922674622312275 0.86541117065697914512
7.9240014717715467896 7.7356139823606921979 -5.43506270790246937 -0.98707188006111157286 -0.0016006470739700388254 0.16027021408162789307 0.098618988780901029045 -0.79432001070093372075 0.59944141969978570472 0.12634634400993846604 0.60749745557383938444 0.78420880052857855347
-6.2916920324596103953 -7.2975205824486044648 -4.6108315725749502434 0.66079241784287057193 -0.019006550896962848274 0.75032801596653952991 -0.67471953405381290825 -0.4529644442410321048 0.58273215341158235425 0.32879618441760349867 -0.89132595792814917068 -0.31213956147194882318
4.0641946739370480302 6.3597332718654282502 -6.7259527432996089047 -0.98510271490642298264 0.0033274596685481001856 -0.17193478151836721901 0.14734695372227057941 0.53182999277812514904 -0.83393389067139667148 0.088665192225759872913 -0.84684460604883060597 -0.52439746080035742892
6.0546611274362058808 -8.1559140454600917991 -8.9151236730463967461 0.50280118293512376937 0.0093791198625655866628 0.86435120324412395565 0.86068762083089778159 0.087168219750506092947 -0.50161590965010804943 -0.080048671367508358876 0.99614945343379335263 0.035755791644906373405
-1.1701184566502140783 8.583492619777301158 -8.0430386680626320128 -0.87622218468743728881 -0.0039400257687632255985 -0.48189123177209913784 0.37899239121444944223 0.61200890865240320515 -0.69412525031980498724 0.29765659821910112059 -0.79084105351631217573 -0.53476254320003524523
4.0633907667901727478 5.3153539979159925011 -8.8196340582470895697 -0.99537601462438118904 0.015945971063781663735 0.09472230738903364422 0.058251902972165432726 0.8843036051072995507 0.46326434116406389752 -0.07637607812918008332 0.46663996828474296752 -0.88114348132911568534
-2.8403491927262858319 -0.25380058040296588073 -8.4126512706974239109 0.99357617207570581019 0.0049953569227665327313 0.11305501622035904474 0.1008980808708880017 -0.49148880965145019806 -0.86501926410009533086 0.051244195378121297491 0.87086956336569698589 -0.48883559203829912709
0.92794115646184660573 1.7254425742774002206 -4.9521044593752696628 -0.68008111436837515029 0.0092547685948063552336 0.73307845905990753899 -0.35135213607509202527 -0.88172559350315460325 -0.31482003468185720818 0.64346045282901631612 -0.47167184251321997435 0.6028966069113189663
7.6212579510206071021 1.5389949762819459256 5.6376695429718211017 0.2457265911611770659 0.010021805346401584449 0.96928737008892473792 0.89534596565197377416 -0.385523843483729034 -0.22299544366682177987 0.37144857542736986478 0.92264344658337826832 -0.10370644285593555445
4.2704474888021506374 -4.7140465625806537986 5.7275631856004745046 0.84134317168164618472 0.012200173859168546991 0.54036360279205086776 0.46025781898722623042 0.50798669729749279522 -0.72808808219156240238 -0.28338032310956468018 0.86127850961590046719 0.42177591366472089174
-0.53597930828309814366 1.8549080744304229373 3.4261205247343919922 0.15534252993350211591 0.0047275760022481650227 -0.98784935512403426738 0.95937371837393103924 0.23769183505033975035 0.15200217118147468787 0.23552232778927370549 -0.97132911084536222024 0.032388138833054830323
5.9359042983266698812 0.61674993554438062304 -4.5750122789400764489 0.57486519699548244144 -0.005171753713856233961 -0.81823178760470649529 -0.78448833901830372639 -0.28775760690108409534 -0.54933924456067040332 -0.23261137381320612372 0.9576893090317974977 -0.16947901385898425652
-4.9888897469488382441 -7.6671438117896464348 -8.0328106669649894656 0.53809724003926173719 -0.0047917408840169031445 -0.84286914730661244288 0.035432042323788714988 0.99922851309375126938 0.016939568983321016959 0.84213771477066157178 -0.038979710618293327007 0.53785188622997015528
-3.5474672966951321662 8.5877271440357301202 -1.2182012278520588655 0.4300714883812404854 -0.0019338781731916094772 -0.90279276414737708034 -0.21030612423876887673 -0.97270107109185965921 -0.098101785939900154609 -0.87795777175756239963 0.23205362831069822893 -0.41873770381786779016
-2.1929849018048424014 -5.7635848237427866891 1.0000868361643251436 0.91949291462972226885 0.010456184111689355992 0.39296748995231223223 0.27932301418505128821 0.68601651895526072344 -0.67183330482145586782 -0.2766070022472934542 0.72751082736580241495 0.62786667563505038636
4.1680757959643175425 7.4701776215025121886 2.7431420273653515096 -0.9833116811334191576 -0.008304723534340970742 -0.18173928940651784547 -0.15344912571117536038 0.57449735418704095391 0.80399387799330701565 0.097731794035866695336 0.81846430685715965136 -0.56618431171779082245
0.19589546918612329995 -1.5645789764978488279 6.3316063582583401725 -0.45119087455918566176 0.0052862778454972423475 0.89241181636111821529 -0.025693659762954561276 -0.99964487039461125129 -0.0070688713122652865536 0.89205752648721858833 -0.026118735807557257739 0.45116646714644381699
4.0387273440432389648 -5.2061643058106001902 -2.5026112935466349185 0.85359647608794997353 -0.012274145097353727704 0.52079017019570905678 0.46847901612086145784 -0.41911451374253366753 -0.77773416783937554531 0.22781674096677267949 0.90785041153956980153 -0.35200449258889415782
5.7241727195304790143 -1.5755307630627601867 8.9962076002687734189 0.53677464073884606499 -0.013056169709534758486 -0.84362463305190593665 0.19848634451600827289 -0.96986450034397198028 0.14130117484794083027 -0.82004643533180998638 -0.24329485692312410872 -0.51800719733850353332
-6.445288213205521366 4.1573450490364747267 -0.82116486053554715863 0.99993080587725069464 0.0074025617574893448972 0.0091425126382767632482 -0.010824378550677429822 0.27467972476266383497 0.96147484711419950454 0.0046061140788931425813 -0.96150728072344937569 0.2747408466708077257
7.8269879427849060605 -1.7339631488954603267 -7.7374698874020868544 0.99994289566811522807 -0.0053939148473668881156 0.0092255669361319524863 -0.0097031450876203847317 -0.82000489666737508276 0.57227425105175866449 0.0044782114826333874191 -0.57233108872765614539 -0.82001040877391717654
-4.675687275940177301 5.807962291855809589 -2.9271111294981633222 -0.30747968986312768092 -0.00095355185995088910869 -0.95155416612043697278 -0.81950180082704060514 0.50849048595436230347 0.26429949703986077569 0.48360421706514511442 0.86106708010054922031 -0.15713193438600009388
-0.76759562873483289103 -4.7440621332338483995 -8.4981831220204497868 -0.28662192537671304926 -0.0077834755173893481472 0.95801215514330895218 -0.53936794306808666377 -0.82512624475358686826 -0.16807409737847087139 0.79178917262368697649 -0.56489476695023677078 0.23230111577026565928
3.6648712399328298162 3.125325382452322831 -8.5629916923112148197 -0.9989930549542530569 -0.0020041135125130130068 -0.044820304352348024068 0.043076748574270407044 -0.32208790197847708692 -0.94572923034633582517 -0.01254072906518232354 -0.94670764596465772911 0.32184990785514416833
-3.5833501217968732888 0.70489873118795132179 6.6272226361313935072 -0.99799118909770334618 0.011165229087146073816 0.06236123910318422392 -0.054028404337567496885 0.36403859141898614604 -0.9298154846432902243 -0.033083500537084767346 -0.93131693940195492409 -0.36270406721608683398
4.8133056964722076287 1.7678581775542665522 5.8016422055164396099 -0.23029500175645109539 0.012835644736064149088 -0.97303620610440566541 -0.45554660788435807905 0.88216097984867047899 0.11945414884978525216 0.85990784402220088456 0.47077303645860413273 -0.19731002998410476779
6.2378710832574890688 1.972314525546186248 1.7700878395350156946 -0.001754633323140042736 -0.0066108063054689187102 0.99997660897718743112 -0.35602748727255645322 0.93445898409026217912 0.0055529595403763058747 -0.93447383567860708986 -0.35600941601767893685 -0.0039932616305642341936
4.8573240479654185009 0.71893455573934383906 8.7073984080595305812 -0.99610624165994665624 -0.0018338542787204891761 -0.088141887345535199771 0.084215878283211351163 0.27593829773442740683 -0.95747884660099413789 0.026077599032805140467 -0.96117360181281674691 -0.27470942103763684727
-1.4093082469130608914 8.7805271229595938109 -4.7787793066579613566 -0.57513341985534294221 0.0026816156331001782254 -0.81805522937217733936 -0.53900277374553573484 0.75100221133191646938 0.38140750971749137754 0.61538407459088095841 0.66029424313100693045 -0.43048107185797340746
5.4429597916102379074 -2.6178247525672255769 0.51715280344324821016 0.81954507427633060956 0.015325204505184986115 -0.57280974968686593218 0.35544126277653848023 0.7704876285085038301 0.52916001647066923663 0.44945231109099370581 -0.63727070576205868679 0.62600213069315846504
6.8791188700192122951 -8.4334772546773386637 1.2885144154753880308 0.0041400810873793367217 -0.0066344238466914846886 0.99996942160702861901 -0.54536218756440069111 0.83816403553039886543 0.0078188182301807563485 -0.83819027917489052903 -0.54537788180645818681 -0.00014809683086253189188
-6.7619593936973014792 4.0028368531356308679 -3.2378897687621885915 -0.99567888643992896736 -0.0077323114625063790739 0.092540620579814505953 0.08371769774328645386 0.35649902260837745827 0.93053736838671163856 -0.040185845548166357344 0.93426369844858980773 -0.35431121853356078999
-5.3461580315813952424 -6.9884488376777413876 7.7106718780198582053 0.34316344771406465108 0.0057152722354815452613 -0.93925831580893948125 -0.92698253578681621967 0.16331702651578372532 -0.33768465644186673735 0.15146691552691252114 0.98655708629228278106 0.061342391438999659126
0.59399858260524240894 5.4827916453639824468 7.2844879048956538981 -0.061726340235246472676 -0.012703852440041383393 0.99801225997205444962 0.82784090709112212458 0.55792486994193279948 0.058303276468451972758 -0.5575565365663563977 0.82979422246340350799 -0.023921891620013104041
4.0757920720082223554 1.7803803826889970097 -8.5323528480761154924 0.86184725404461737241 0.00087055978841738511365 0.50716718429074858498 0.057842787357107260104 -0.99364220605526032415 -0.096588706877201530032 0.50385863359335258949 0.11258067538922701678 -0.85641816239640122799
1.5932100545967493588 3.8452863580290825851 -4.8738492108396371805 0.83485520215731623406 -0.003264877628374014077 -0.55045992770134288818 -0.20074773406734638947 -0.93292053927446527695 -0.29893078574622006238 -0.51255940016536616355 0.36006750474608134605 -0.77950898219838993253
-3.2235609906071407416 4.0735661124653601561 8.6643471905257225529 -0.57255483539338336563 0.0059286589878555697591 0.81984499234326513317 -0.19780534678364528056 -0.97143272411718961656 -0.13111638836674488484 0.7956469099114045207 -0.23724104517814936788 0.55737122389952054036
1.9652872808873591559 -7.3472114634034335623 -0.77539871719929265304 0.96273536045280250217 0.0062406170964169373205 0.27037322432472221667 0.086043868361445327575 0.94071783627605598532 -0.32809511613128006235 -0.25639243056491389794 0.33913272801370036857 0.90512535835590590683
-8.305420351969297954 3.1200228176795206103 -1.2106873295645448341 -0.14810229874231925495 -0.0024461031949815810471 -0.98896902160105570889 -0.53464606371621115066 0.84147016960741194413 0.077984230542183216595 0.83199717286750274337 0.54029803834529821494 -0.12593146588664869134
2.8830768790369774024 8.8046742762335821197 -2.0074757154612274945 -0.1730969382980368787 -0.0056739273381842961555 0.98488844875958569958 -0.46408350410734028335 -0.88154385554744574272 -0.08664255283396232743 0.86871396395300448656 -0.47206804307718985836 0.14995936628969547266
4.2297737083002111547 -5.6654744939758510114 8.3219507231444058704 0.98853755960180467177 -0.011974396211912761642 -0.15049952522226853202 -0.1093253859509021042 0.63071757045120913077 -0.76827293738018409552 0.10412229945336823334 0.77592007330616807881 0.62217890240422557557
-6.2574739489834696471 1.9065467727828580013 -5.7321307796315350558 -0.76005318694058598972 -0.0066887353539883988296 0.649826449015816765 0.30581111171452696196 -0.88599223133426352472 0.34856467114019706877 0.57340972870462303401 0.46365183795016357005 0.67544670862503208841
-3.0004937870364969399 6.5124207646727869658 5.0881986261183040909 -0.88407029150121196892 0.001809650612575293329 0.46735045185556906011 0.21868039954053591911 0.88537034538942449569 0.41024167799188249184 -0.41303583687339007202 0.46488286338556994437 -0.78312535445390984989
-7.6264201110955278651 3.0031493842208303313 4.1549984642919213229 -0.053372768194140461639 0.0059426719754307813504 0.9985569749719362953 0.99691962921867793845 -0.057232162975985295672 0.05362585570145132069 0.05746825640224517695 0.99834320960826905544 -0.0028697273744985370841
-7.6002075109396916019 -6.1071703181386629566 -9.1314856538528204055 0.97065642924033557204 0.0060404665942770038867 -0.24039469448776246141 0.23947448026067419402 0.066615113821804308736 0.96861468082742119279 0.021864804557838016935 -0.9977604619214993642 0.063213850917665057039
-4.1175717364128479048 -8.4105839597989628942 3.8159297433872807481 -0.75619264847184086697 -0.010533827294347035408 -0.65426425615303196448 0.1981695095047004973 -0.95660147431281605801 -0.21364097183090985377 -0.62361969492599911291 -0.29120895903929833182 0.72546248578102690008
-7.259505415651265281 -5.8815809690874294446 3.9085043028110906249 0.12095315123046278261 -0.0052630945002471200486 0.99264426409650363681 -0.92867235824584926096 -0.3538133831911178806 0.11128225781846524944 0.35062513634605901869 -0.93530122939693904893 -0.047682534025553516277
6.666309173828287804 -7.1570036691593710287 -2.7164197859870942153 -0.89234190455568263012 0.0058890628950562136368 -0.45132166390694750113 0.45105680537259607021 0.048284081011665418159 -0.89118819889407385748 0.01654338842768666995 -0.99881628263611221819 -0.045742210705747014809
1.7239486629976894516 -0.31577654118044889975 -8.1524768864477188401 0.99949096234773104896 -0.0039566912449058742537 0.031656923092883010318 -0.026449503245925948952 -0.65761973235349446831 0.75288558984584852407 0.017839281469838656063 -0.75333965262281787911 -0.65738963166669228677
-3.7643286689769079878 -7.0579087739283510317 -7.0234651939622096961 0.936796909583599402 0.0066898926399458994579 -0.34980965614308312528 -0.14969141307771285931 0.91135094794237281324 -0.38344742864565406482 0.31623413959468960055 0.41157586787928823746 0.85475217106118739352
7.5937321412596521242 5.3040631436687588618 -0.4883785454967727313 0.79203573239348434853 -0.012403125001216723858 0.61034872089808089868 0.54650527416245209267 -0.43113963322847548287 -0.71794888534773493305 0.27205033343896600773 0.90219996627663157085 -0.33469962193887792257
-5.3384715835403708795 4.615447259127831714 -6.5550910528036059333 0.92384852653058158189 -0.00020235680693642815742 0.38275822535769316035 -0.36608125960514820152 0.29149661794990722186 0.88375009651467062444 -0.11175156103191996593 -0.95657183774966514367 0.26922464194681816618
-6.8169933842817691527 4.0145355551196679755 -4.7746000204892355967 0.93480743405561184112 -0.0026919788858147438576 -0.35514477961008883433 -0.31544059878825847498 0.45319441727775450213 -0.83373379971329697469 0.16319402522970347102 0.89140763593209693116 0.42280035091205148134
-7.8476567831956201005 7.484088971562400161 8.6125953348583816904 -0.22820554150599170473 0.0028237649420045311116 0.97360888306212156618 0.65137875322220450958 0.74367280493002829722 0.15052069312338831053 -0.72362141391518164379 0.66853779665690071798 -0.17154959563953328661
5.5177347731955963539 6.2696337978504486088 -0.99912130639330942738 -0.85058629516138717364 -0.0043415992828685773253 -0.52581755866391000076 -0.15449853389380735491 -0.95376617295313881328 0.25779893396781111692 -0.50262626026523371525 0.30051828204945341128 0.81058966477852656407
-0.36173693693351866019 -5.1078427299220212632 -2.5285546600698527442 0.84397862835873160847 0.0054369908362238861949 -0.53634924629809432872 0.19820401793410166724 0.92601223235164131786 0.32127326812159107128 0.49841272269924763449 -0.37745434778985031965 0.78045690027441316783
-7.1268554299053077372 -1.2775203896232807388 2.9455376313723999893 0.029889895991047778223 0.0050601431133387234085 0.9995403889135122677 -0.80374394300465823449 0.59460376371549761298 0.021024705907654216847 -0.59422408921297831252 -0.80400295965042389845 0.021839704031521849081
-6.446033951184161559 7.5525607456287842112 8.7348673680697981325 0.15571928079400496059 0.008928187088338226246 -0.98776099997135291542 -0.98751044217272598846 -0.022859481215205174065 -0.15588640325067015802 -0.023971486996528974106 0.99969882044236968444 0.0052570160054322499082
-5.2135534343599312379 -0.23858473905530019898 -8.4039801081054914533 -0.26432505507362069608 -0.010138914868163744626 -0.96438035425116019894 0.86878728878667066393 -0.43665868566014942598 -0.23353337894395748142 -0.41873728291564754622 -0.89957011657974361718 0.12422839149497276467
-0.74223846144918992351 -8.0476153054381498464 -5.2266473059758480346 -0.71840388137963062665 0.0035005135590480645873 -0.69561743050588320525 -0.39275439236398829168 0.82330934090971674699 0.40976300034214990786 0.57414270917401366567 0.56758213112746136453 -0.5900937840098287035
5.786756884721402372 -3.7760911602235340823 -7.1113337370900655543 -0.57744862488234260933 -0.0082275185384888694512 -0.81638556672710149709 0.80408959019205006324 0.16744951464671500863 -0.57043894589133303796 0.14139666391537064616 -0.98584632067248423315 -0.09007782996003514675
2.2845025179482587596 -0.32511550726512661313 8.5615881317262214623 -0.43882712349276314923 -0.0051230692476615102837 0.89855690406822885663 -0.80904071798721577391 -0.43287948749781834934 -0.39757825134470503592 0.39100367303363392502 -0.90143724322043083941 0.18581448869517677713
-2.2175153537828156125 -6.809535156622271046 1.0242177588147085565 0.90606571820619064006 0.0031979744563140795333 -0.42312490738694913395 -0.19119928704541949704 0.89515693550866026751 -0.40266225728762378155 0.37747549182049344729 0.44573964796743992256 0.81168246211483152663
-2.1947256673110433489 7.5159396284135464583 7.7891872102175945258 -0.19781698321315335787 0.0073527510577905026701 0.98021139465133455548 -0.97667763629665904634 0.083684069672281272134 -0.19773156359253879488 -0.083481949606904901073 -0.99646520939509708459 -0.0093728626822510291428
2.3804285756246548189 -1.3775526060812610663 6.8826350334882198112 0.73091789827472630758 0.013268581407259040505 0.68233640583576082861 -0.37605329897399275563 0.8421634820089600737 0.38645127235004667066 -0.56951114327323160147 -0.53905900819663898904 0.62054205608461510124
-3.1612652558797673663 6.4600009311820443259 -3.1954344911033700782 0.63551788151035515373 0.0014706237731292232974 0.77208474894018308543 0.14995333196992102764 -0.98119163607315207365 -0.12156056733657275015 0.75738432813960410162 0.1930305948955479689 -0.6237853548479186383
-2.41365486934505169 6.4430674097660833866 -4.3718383765139998687 -0.69260429827899838706 -0.00053710159118345928916 -0.72131754278338366948 0.46980633572386276686 0.75846984659275051843 -0.45166967877338348725 0.54734019852278437135 -0.6517079125890540281 -0.52506714213490035537
