1125 17.292696884352682929 17.968806560800352656 18.477561601407678893
1.1108039794413084866 -8.8616049880892209245 4.6784232325433627864 0.052233159150294354578 -0.0036150153760491051183 0.99862837369510837338 0.69446027011126010287 0.7187404052030292867 -0.033721849972571493748 -0.71763265695075828532 0.69526912889377845417 0.040052566527148135422
3.5762276022494479122 -0.15044430820482387889 0.12836863635315978738 -0.74901042318810018283 -0.0011584779571791200235 -0.6625572004622797273 -0.6619987193891004873 -0.039778830502600934227 0.74844862226523556359 -0.027222811806413498015 0.99920783752560915492 0.029027847744686648135
7.0181978353006702065 -7.8319190091343511284 -7.69323902987626429 0.16869221223216718242 -0.001345712360538725387 0.98566785815022273098 -0.34197248752533593308 0.93780483435932815439 0.059807277383660921444 -0.92444456583849843323 -0.34716031125502994081 0.15774017554666300289
-2.0400096769803166552 0.66618396211570829468 6.4110943966164652963 -0.74158836162545516135 0.0048948849148847221879 0.67083734392451010997 -0.54032350493129299718 0.5883238758046688277 -0.60160246606642464595 -0.3976144010478896984 -0.8086105720680545339 -0.433649317789462585
-2.9956029276649354109 -5.4565769576801974594 2.6509991393759690936 -0.82750273533524387748 -0.0047612121950753932484 -0.56144149639229812276 0.24076818913701528158 0.9003464558707654497 -0.36250094965555057502 0.50721780539750194183 -0.43514777979423435728 -0.7438928065439734949
2.6178133833538193009 8.6351473291534226462 8.7134962177577488518 0.94208360182226902335 0.00018795869716851449282 0.33537807299969324415 0.037790151569635471729 -0.99369075154329711275 -0.10559637655602213679 0.33324224165271748577 0.11215460297695534209 -0.9361468652989645145
5.3616258383915100794 3.4098373857124135711 4.5834755469507308945 -0.84327041939112501456 -0.009980583442959748211 0.53739686241541817502 -0.40463847838336036711 0.66988928933594005244 -0.62250786488550402531 -0.35378341056560541622 -0.74239391699227397226 -0.56893635006196885406
-4.3103872199624158057 -1.3069972968230023636 -5.3066558680800088865 0.36135782920255238304 0.015441222892677568257 0.9322993553090854757 -0.87336956856852976383 -0.34458023612991989237 0.34422384805111366779 0.32656716915876349283 -0.93862986821446436903 -0.11103087193816592315
1.0509490953840718852 -1.1886393569647923929 6.0827916178523597779 -0.6519721689146442678 -0.020248094157909159174 -0.75797249662742804954 0.67723447865460761896 0.43402258457303433126 -0.59411939625129239761 0.34100696749793968365 -0.90067441995627783857 -0.26925793833133815358
3.160414888271421141 -3.4180546818587949076 2.2834922522435614489 0.53678892685872481305 -0.0066021952401323904733 -0.84369073659722093605 -0.54235457552966892525 -0.76869721511378263923 -0.33905177462830288215 -0.64630423362697697609 0.63957876957763870607 -0.41620888397731092834
-3.0781977775921527396 4.5321753845962691187 -7.133249562238828112 -0.35870332792806625122 0.0053714622260312133023 -0.93343616274874208205 0.61352729358820223826 -0.75228832066425588287 -0.2400969442004832477 -0.70350279498796286504 -0.65881213557867790431 0.26655278550147171179
-8.0853940613073245203 6.6788960292885057868 5.4989017263772081989 0.312134616568048473 -0.0089774766008337159723 -0.94999546633303622034 -0.59782182124426630487 -0.77901535847712011229 -0.1890612104613469957 -0.73836376616413768037 0.62694056829244326767 -0.2485245916305240943
0.86927851435723579865 0.95143471833034798379 7.3384190120371197708 0.65799229144517257239 -0.0013166638708144873943 0.75302351277705359411 -0.16263868929171143574 0.97614768538087659522 0.14382055858396675108 -0.73525152236793234195 -0.21710357602352328699 0.64208351180641920486
5.4512918124431548605 4.4627355301372375607 -5.725146149600752743 0.98389149371590278736 0.0011483297038434783083 0.17876299933830641642 -0.17834179567636887498 -0.062598768135984639294 0.98197535516051515092 0.012317975015442364506 -0.99803811328370073408 -0.061385600304664160454
-0.015081374390996660217 4.2038052947779487312 4.8256478797000834646 0.68226389664616537978 -0.0083558182780524847821 0.7310582436673207507 -0.5472533848800832379 0.65722303237213508531 0.51823895883767290282 -0.48479862630820613756 -0.75364982984164408109 0.44382679719577478039
-1.9062510060187423111 5.6057251692973171231 -3.386529739475773404 0.80566639891213565061 -0.0056624142405484988172 -0.59234246068371598781 0.27385856637034888816 0.8902380616732075147 0.36397483316001344456 0.52526482776726857171 -0.45546035020966968432 0.7187855939689646867
-6.3099797009201239462 3.0666145100453325867 -6.0307283285572701459 0.13368373105030306736 0.0017370094799276278828 0.9910225238865335573 0.36315652393738606651 -0.93052386306197620858 -0.047356936066060228985 0.92208784786144726286 0.36622714682266216402 -0.12502670817031119599
8.2066518825757057698 8.8165928606796644118 -5.9581262519970366043 -0.99656271444499433532 -0.0070411633343343913577 -0.082541978393041059991 0.073573004404681341395 0.3827319199094444957 -0.92092523611061005706 0.038075834869789583481 -0.92383261443900266396 -0.38089832146873020546
-2.8796095574608302492 1.9963306991142779623 -8.2843334485163993008 -0.76834686971679677647 0.0079300081628837955361 0.63998453322461557047 0.20803852812291334651 -0.94253226347468888058 0.26144388140728164194 0.60527932280289309386 0.33402102819943252365 0.72254196702176043399
1.920120580959207679 -6.3926649536317317057 -0.69847038048072696004 -0.93338683459198257264 0.004290307590710117254 -0.35884622092345586086 -0.35755338174229667203 0.074517636989324551045 0.93091498053389098999 0.030734284033023785698 0.99721046677143709847 -0.068019767323038424212
-6.7762700659410670667 -5.6834111320387750155 3.7344614423833895067 -0.55968865465213302191 0.0051474385042771676063 -0.82868698175508614945 0.32737654995545933945 -0.9172698555703844292 -0.22680521731440830835 -0.76129705397627045471 -0.39823299202680545461 0.51170038075855783788
8.5271900073806978781 1.862666803411140215 -3.964679475757272975 0.3247765111522969983 0.0077152516445005894091 -0.9457593207025550841 -0.6040763291569116733 0.77112260946581079324 -0.2011509625209543517 0.7277444650124289538 0.6366399265383726469 0.25510311166497501301
-0.085646371437011883931 -4.4391992773014861129 2.4154736630144069132 0.66181511145514004824 -0.0067442961798022602049 0.74963676051733718619 -0.62355252872389088648 0.55014176419431237708 0.5554514229086955357 -0.4161526188453192332 -0.8350440430051960794 0.35988671004904948525
-6.0822683748170307538 8.694336100945772472 -1.4902249048643403384 -0.31037313677553457492 -0.0054003530869522545221 -0.95059946988982679805 0.41250909793737755571 0.90016246280713041461 -0.13979908680715028013 0.85644892438900799281 -0.43552081091461286588 -0.27715855240856024366
-4.6662374964908606145 2.1195708717430519208 1.0211393471782468367 0.91860007019960110419 0.0064612051304135647428 -0.39513562716819861098 0.16454739767071069334 0.90281701830740379577 0.39729785473153272912 0.35930219168428040311 -0.42997637642406433267 0.8282646019046919772
6.21895264091832356 -7.0656522039726574747 5.6202571060379877821 0.064792799808631867942 -0.0054047600563585981165 -0.99788410231933455385 -0.92991913493718802997 0.36244139837297340012 -0.062342884305193690953 0.3620114577895773289 0.93199089121865474894 0.018457603170835223949
0.67675033040859533529 -2.2968558613644600719 1.4701729612726956997 -0.17617625772256065297 -0.00045273860937697189832 -0.98435853287433283665 -0.82415247877082531414 0.54689086530598640667 0.14725173405019553741 0.53827002326976991498 0.83720378431557029852 -0.096722311679403927265
4.7009687476186066135 -7.9007762254046944861 -6.0954654966131762706 -0.18955563724477195175 0.0060812948943527143919 0.98185114871929590752 -0.71605157060980473283 -0.68506557221037023275 -0.13399742534514699766 0.67181754116421166234 -0.7284560244958615538 0.13421256185525842763
-3.9321658811723505522 -3.2834333133092443724 1.5923586917457972501 -0.28045007602320887186 -0.0096851249675391840044 0.9598197503762918581 -0.89937452147490293264 0.35202548963998858689 -0.25923642638582911069 -0.33537028040670358031 -0.93594030418500218094 -0.1074361299647452056
-1.0862329054934589667 -1.4793069106310139382 -5.8639848766882325393 -0.9592157827620815258 -0.0056407913918863576003 -0.28261858320502747377 0.24972045982100835038 0.45158016082219187837 -0.85657168427319951842 0.13245668743827143654 -0.89221272117372385502 -0.43175419642277379495
-3.7153365924840482393 -2.4653617202163751188 3.350211776393873464 0.9828499530297979403 0.010753354979885668824 0.18409327849164494606 -0.11847489337201627668 -0.72819035009795596292 0.67505741508761207825 0.1413140809317972868 -0.68529058025120048736 -0.71442784880589937924
8.003008110926300489 8.9283166604886456952 2.4927695133744713907 0.77726071542597630071 0.0027290157260546621387 -0.62917273679688101584 -0.44853836152775672375 -0.69886073002585613612 -0.55714182957803126683 -0.441224566964917575 0.71525256553240768032 -0.54197292276080066831
-5.1788246785255456217 6.5535020161410626471 3.2601796979728359105 -0.95711796092879197762 0.004745832378995489681 0.28965960357300019057 0.10720756243067525171 0.93468323507306350084 0.33893035955875805421 -0.2691314686632928499 0.35545003467155111831 -0.89511090118864933274
7.6228706678695061782 -3.4791060070660160264 8.549038755780582477 0.25656217374159923095 -0.014580246104940020047 -0.96641774995521723124 -0.47814485219218666456 -0.87087745787539394549 -0.11379786327800679724 -0.83997223247374130928 0.49128389937804800569 -0.23040568327368063373
0.47145291396634375625 -7.9216592153530562825 -7.9919269389229956602 0.85137776426087963255 0.0025948118137321838847 0.52454663231512299593 0.43784035997611231439 0.54719462395110118891 -0.71335395330397322056 -0.28888011648010719634 0.83700138020792658189 0.46473322221684182365
-5.9891476343622409573 -2.4174003916159447769 -1.1133864936865820461 -0.027256258193043739202 -0.0055185001058789843673 -0.99961324648387039904 -0.74601518253269694103 0.66572034934357970926 0.016666250343508413195 0.66537090695333744872 0.74618091816005449601 -0.022261930589971636735
-0.45136400212701999202 8.9051309863298744318 4.9658353002805251108 -0.30180909900694080639 -0.0060192664133183609865 0.95334937781960049641 0.93161856974614132287 -0.21424151360921095399 0.29357693088972741657 0.20247989594271398328 0.97676217283357180676 0.070267698559265442948
7.4399505364865499146 -2.5032907007534652699 2.2995435903438097291 0.11215841995159581135 -0.0042477587912991762731 -0.99368125944848595399 -0.50823122098325046458 -0.85954543421795670533 -0.053690525541918658614 -0.85388612522493045898 0.51104168426885632215 -0.098564101415448870935
-2.7944713647781656007 -3.506049198824280122 -0.52110900336287069301 0.99931589053140945644 -0.0020208576538489784677 0.036927863001411057042 0.018036219001305371645 -0.84508337012317569226 -0.53433022780382577466 0.032286928247178048323 0.53463072646008136246 -0.84446879195689805719
-0.48623195961847898161 -6.9227648351416046779 6.5387766272814920043 -0.29751753504751476953 0.0021087348776288447269 0.95471402502346169872 -0.77397001206636117931 -0.58601998100833352368 -0.23989789970041966449 0.55897561374445292603 -0.81029385724942193381 0.17598331779696502197
-4.3330355529166597606 -5.5745558011720408587 3.1612041883115238328 -0.65325547728455779506 0.0017922975666422305205 -0.75713543640953351321 -0.28265093027730053832 -0.92827927169345147984 0.24167342708329692114 -0.70239998078811860527 0.37187952540305307947 0.60691011325774368856
5.9092119195781922514 3.3923140222796686061 -6.513577172912732749 0.99941272549599735608 0.0048717028051932995125 0.033918588243922138947 -0.011164266484701422175 0.98212594377194128992 0.18789355955955694411 -0.032396963909313472585 -0.18816189062046817515 0.98160355523362763375
-3.2366343237220607243 2.2824081042935357999 -2.8659543374191311926 0.74663578988143053383 0.0024930877169920865298 0.66522836814274621808 0.65959378924678135903 -0.13270562271738056692 -0.73981433541550145616 0.086435122811024195366 0.99115236074629653462 -0.10072719261356627429
-4.051658224339154124 3.1449076749625146654 -5.637161982974876473 -0.33919527805326582515 0.0017838268872938200897 0.94071429313462362476 -0.77786749909768526656 0.56183261760318603528 -0.28154264977940413051 -0.52902619707720699438 -0.82724901194189626175 -0.18918338998772551984
-2.5436774700021027584 -1.2269992302713903509 8.9527325183637422867 0.99905794788683821572 0.0022511172480273876524 -0.043337619167901277051 -0.039640404609336814257 -0.35904844440716560117 -0.93247673048231138893 -0.017659419197889839048 0.93331620956658234434 -0.35862096686297773029
4.8748775537341195729 8.9699567223213598766 2.6058708541123096758 -0.0082520876216396719938 -0.010607760347008094934 0.99990968515673384065 0.55590018482638992037 -0.83123828494047269366 -0.0042306215715475353756 0.83120808920485989013 0.55581506732848817709 0.012756307099465669791
5.0171200262565012196 -6.735784212090615064 5.7594616955838473515 -0.078129369325882672137 -0.0090520763746747921058 0.99690213238932334772 -0.68702344412471616497 -0.72411903231836394212 -0.060418658190657240081 0.72242272173006971681 -0.68961560810907773789 0.050355974624487355451
6.1913700966262252834 6.8536032038878076378 -4.2846268891709229365 0.46271955695245725604 0.0094615724513256848488 0.88645422344344437793 0.80349704216024409043 0.41799487323967149388 -0.42387827165951175168 -0.37454387573868846983 0.9084001126113655511 0.18581205707492487456
-3.8834797967703154065 -3.5010855182476583458 3.9751768725737739452 0.99511806658286383609 0.013719930573265818469 0.097733295582348653219 0.0025897977689273042265 -0.9935790177611656393 0.11311069097204190514 0.098657622654504964488 -0.1123053826391107457 -0.9887639629974444011
-2.3109093351183989107 -5.7624502901385152853 -7.2143189293872351797 0.20093335055074751372 0.0059097518723028805154 -0.9795870882514764455 -0.67458178315626404764 -0.72426840389032376422 -0.14273996272806110941 -0.7103275346417486924 0.68949282371804776481 -0.14154306613578054863
-0.90838026512985292626 -8.9312199245527175151 -8.947284133243574189 -0.13054201232438786273 4.3248792889576115339e-05 -0.99144277754595611096 -0.72491130682938942353 -0.68220153001303340812 0.095418392770660068192 -0.67635965303179579333 0.73116418852233433512 0.089087312077567454294
-0.46768426329451145973 0.94664269118828670013 0.85483517437469491718 -0.88722137298694059293 -0.009875153291787910903 -0.46123824284505016147 -0.045571143589575847932 0.99675731586413152119 0.066318354493741904498 0.45908768899557078624 0.079858215721740691273 -0.88479441634458566579
2.4637485573248816273 -4.683782571126401173 -5.1116456204625766446 -0.32917315851656009373 -0.0050475769408092757695 0.94425608479872080725 0.88795532183775194301 -0.3418249220318667625 0.30771913996058652963 0.32121702652929234878 0.93975009691153188474 0.1170016120518416608
0.79692750106597642912 -1.3348528322981927374 7.4239357699642454236 -0.80629801105019016649 -0.0037692360638104712572 -0.59149751498729785659 0.10935902336424979664 -0.98369081875839958773 -0.14280398138457084389 -0.5813124128947146918 -0.17982815672181728939 0.79356015062779794444
-6.5090045176236097646 7.6059203135198210077 -8.4792763727527216133 -0.43409925600350285357 0.0086654785939186945026 0.90082337082131203054 -0.76737033013482136568 -0.52737541419308997526 -0.36471625811451940935 0.47191165737435680771 -0.84958818376066147504 0.23558290610506160689
-6.4702822778690851635 0.97834767905228559037 6.8268634052079413266 0.51165059452102978899 0.0063455543226541332238 -0.85917018283157864378 0.75528517057633415277 0.4733711392603208723 0.45328145298739380697 0.40958269034892064164 -0.88084022300030662134 0.23740792175259686769
3.9259425093658397721 -6.809868534095340209 5.0235276499367982339 0.15213473603917579413 0.0014511472882285858174 -0.98835869817691135442 0.71602524722469229612 -0.6894799063433035835 0.10920304064366648245 -0.68129499295626205768 -0.724303356971647605 -0.10593290165167996986
-2.4494352238483259043 8.8135759513383469255 2.8975126506248596314 0.38465441916268633404 -0.010654928797942291377 -0.9229991605147362943 0.9137196691501253687 -0.13749944460301966043 0.38237451398076222064 -0.13098604516024081601 -0.99044453414932087654 -0.043154150982851739726
-3.3359956518003062165 -1.7933181300605016695 2.4672282106895577769 -0.98607905334006895615 0.0037605525075756541555 -0.16623464984330721395 -0.084599208942075981854 -0.87202043401650186638 0.48210303515321817347 -0.14314703772717396468 0.48945502439171334474 0.86019922383560232237
-4.1804124141714282814 -1.319700138114419774 6.6770285601939409759 0.48827495091625139345 0.0072912341868903336739 0.87265938957400568388 -0.77005746244734929462 -0.46689257228052066795 0.43476755913772113793 0.41060817921356640436 -0.88428398371419036916 -0.2223572785174250388
2.7242944588282487217 7.7107424267105146853 4.3796053198195403766 -0.55651487127355347972 0.0014178179671549273611 0.83083643868325951498 0.13237966903914927252 -0.98707217811549274877 0.090355621935201968498 0.82022364101308031792 0.16027010008877259906 0.54913265586843784671
-8.4793151519335623334 -5.6829451990583477183 4.841597275927060906 0.99835638726945863386 -0.0020142123256323743972 0.057275360730862957814 0.0092062150242396521838 -0.98076745533366382901 -0.19496267376927875481 0.056566506017976775356 0.19516951992306874608 -0.97913691018667203814
3.5189950171924659905 7.8952030573184250883 -1.5467382658911736915 -0.55632796495548031412 0.00075069908163026728698 0.83096247319533544928 0.20628888096798500551 -0.96857010470604865127 0.13898507063245238435 0.80494974563472865281 0.24873960022606930731 0.53868777439455561851
-5.604402610120456707 -6.8257662235621658908 0.71199763561861306727 0.99687748235035023026 -0.0079946445209923069908 0.078558073051452445568 0.025559429785317815814 0.97397200060705901858 -0.22522268443135814997 -0.074712788273765165514 0.22652732217642149171 0.97113509440031076103
0.10593949039391190037 6.5685242332187936398 5.3383080621165364121 0.50646014597843536098 0.0081539767367175379487 -0.86222481592620892066 0.3844360537669156419 0.89293471765966714315 0.23425735967521613135 0.77182060162942045523 -0.4501123222720914141 0.44910116481597051052
-0.29235885147593937416 3.0305960420581876669 4.0750220632745053351 0.73845928182233699921 0.00049000440341960809637 0.67429789335730139221 0.55194720099370064847 0.5739947879099552841 -0.60488368366767319984 -0.38733987195426633487 0.81885880550176015635 0.42360132229068608867
-4.0661713060101405404 -5.5512019598490711658 -3.344630473244853075 -0.3101605761207160139 0.012939350651881030563 -0.95059612361149214976 -0.95068133565749513014 -0.0017739364874033453773 0.31016423259580438998 0.0023270266169841203122 0.99991470953984984416 0.012851404323080569542
-2.6667836401763218568 0.85832862494842232515 8.1084918782055481756 -0.980147666558228714 0.0041568723614708522063 -0.19822530653959674618 -0.17364633679881691375 0.46454810402675972281 0.86835592285751916908 0.095694835058686908424 0.88553812987217050967 -0.45460391450778181444
-4.6323609852190354985 -4.7186251030656967131 -2.8694486816430351261 0.34584263660558162146 0.014695281981486818176 0.93817744557890914159 0.41328163729519995506 0.89527568154886916219 -0.16637230028265675985 -0.8423723398712033017 0.44527014577030904485 0.30355121199793710929
1.6317737943528838329 4.3885839819053460431 0.63190578922292495179 0.99999027267121287643 -0.0040003270336905275006 -0.0018579414324964502181 -0.0040460568985258519442 -0.99967174703941164005 -0.025298766658785356437 -0.0017561282175856968851 0.02530603790609474435 -0.99967820845459298695
-5.7032368203642889171 -4.7870975657031378248 1.5936010962944544556 0.99860576863138161841 -0.001214622937524226275 -0.05277351179848334406 0.017597986292532386693 -0.93488484421419637549 0.35451465264137765887 -0.049767757985154786882 -0.35494908472904257435 -0.93356002352034572755
-5.9228392149391257959 -4.0097921249142425282 -4.1385502101867146507 0.3275647588745166372 -0.0053521134440068177801 0.94481357083027917021 -0.40086127577933111654 0.90473456009991026772 0.14410278741601828534 -0.8555767448475002368 -0.42594216818972086003 0.29421370300130961217
5.3013828043334951801 -5.7935757552269819826 0.27852697262238190756 -0.9029317303853066079 -0.0020643976387411857448 0.42977904616841999808 -0.41958394833793805079 -0.21233367986708140407 -0.88253255956431164719 0.093078464534742749725 -0.97719504023320402641 0.19085662886930140902
-1.3114049989042739774 6.5063156842263740742 7.0386620250014182432 -0.8139199104086737302 0.017166948880016751761 -0.58072340688736912018 0.57940810769550332715 -0.049425966422796084598 -0.81353753360256642058 -0.042668772861190570889 -0.99863024674282541149 0.03028210879738105557
3.8925871256414961152 7.5529674560115891424 -7.6404010052478144033 -0.065918680419400660364 -0.0015413360483977857004 0.9978238080217859407 -0.84628688361324577727 -0.52969866054904268804 -0.056726004941336304055 0.52863336840921737458 -0.84818450427708924622 0.033612624242275103426
-4.2520388642060211737 -8.1897887817949630573 -3.3164500709561943737 0.91085521367966593154 0.00065252014578496197669 -0.41272551887416486505 -0.35529381791819086844 0.51010352988679785735 -0.78330115009881173815 0.21002162427142376244 0.86011276180193529939 0.46486229608758428133
-1.4799134190785632192 6.7077140119091831494 -6.151913987645485804 0.19473430753349244005 0.0092107568572023720832 -0.98081278102764768434 0.82590329624847735879 0.53787813176790222336 0.16902917088980606852 0.5291146328682222455 -0.84297228739988161461 0.097136131077972670544
-2.4066048356210059112 -3.3856680055430303788 -7.7302199143628396172 -0.16227607983341618691 0.00034322778559031392326 0.98674533498186844938 0.91028150501608995349 0.3860276295049107631 0.14956687763139298042 -0.38085962707985954179 0.92248715517001189657 -0.062955484328595864851
5.1388538573280104771 7.7547275230736474327 1.1732353506106547592 -0.90380840172945131616 0.0065034630619316569772 -0.42788792683566773123 0.049895440549915653916 -0.99146334321088469554 -0.12046113099781045885 -0.42501860897582077747 -0.13022343889325679878 0.89576840644616284592
-7.6237764144994244475 5.3654533470298062525 -4.3022967170658006353 0.99104389993111186019 0.0011887176464655518221 0.1335311774814261776 0.11766431283414033326 0.46506339319109901709 -0.87742301645138809363 -0.063143470719418393067 0.88527658235363271277 0.46075836925845992109
-0.95621188232164255894 -2.3586754071771451891 6.3051205469531410586 0.95332058685715581614 -0.0088561009082324428088 -0.30183013128432245598 0.28898371941943412633 -0.26311790651077482384 0.92046584791847063656 -0.087568650697014582818 -0.96472303629086375576 -0.24827644806740806205
-7.8547742233695245773 1.9865981674098383003 -2.7334657751108868418 -0.18973435599709290167 -0.0088693685257002722461 0.98179540050684166452 0.60756424096399430645 -0.78657354890322650487 0.11030750322563399879 0.77127593457617882322 0.61743290037692000194 0.15462873690152142969
5.3478546580181447467 -0.15995616166795725843 -8.869228890882999039 -0.16274895210435511017 -0.022330200957595358613 -0.98641479141085153248 0.25589429360561460891 0.96458018735989370374 -0.064056011839605186964 0.95290654793065365791 -0.26284296505320170478 -0.15127024371346617371
-7.2133229267525127426 -6.9364314842476382239 -7.3102419929282840272 0.16751792695127287747 0.0048004441676441182707 -0.9858573425631880216 -0.042146774726981847681 0.99910879024993493047 -0.0022966551724605543949 0.98496771192249377158 0.041935438243351476351 0.16757095658029935725
-2.9409421683267651382 -2.2633356053622897264 -7.7184805196228012392 -0.99089086993066488596 0.011289649224891135787 -0.13419324762590115196 0.019996044940461723399 0.99776810893715939255 -0.063709959777565106087 0.13317447981782981614 -0.06581295167769725396 -0.98890505778706105922
-3.4315667877571502942 3.0961782967363458141 -8.2417008286878292722 0.98257531721892865662 0.0037418065430382587561 -0.18582719089467811258 0.092963046779204069892 0.85586098631622942179 0.50878270807391501318 0.16094600934965846983 -0.51719239262125960011 0.840600030388248598
-4.7743821902474570251 -6.8780228344097054105 -2.2592313917163653336 0.80046641914693716924 -0.0070476561276308254123 -0.59933616807359413325 0.58412265827127451967 -0.21498787516983097756 0.78267549701282457253 -0.1343660370489985767 -0.97659128814110263139 -0.167973878965489265
-0.57630263649306157081 3.3697079752430236788 2.4812363110154693757 0.97580779364325220815 -0.0051988745090094353254 0.21856834530441027198 -0.00052506152093326902142 -0.99977007594712974381 -0.021436407143296788702 0.2186295363752622789 0.020803051330264374363 -0.97558616168945988534
0.63334602272421824942 -5.5982548153973787919 7.368328137304207992 0.36918871135325942445 -0.010275988572813841287 -0.92929763771792006644 0.49928125366908249205 0.84557445422494192933 0.18900283621423349945 0.78384815184055822712 -0.53375860313529954748 0.31730715156592298465
1.8932539672871020464 7.9744532315263896294 6.3564918721235947885 -0.9372128551067919755 -0.00050586064468797651769 -0.34875752081917282821 0.18337630192301765386 -0.85132315662704050041 -0.49155062291052387113 -0.29665669740606898097 -0.52464142716303430181 0.79796376909504651564
6.2026456655956350161 1.1614398252004642931 -6.2200801227408293315 -0.99801667624164103199 0.0057796623960384031077 0.062684204119733341609 0.0080667673214359081335 -0.97582430289099275633 0.21840754829527556091 0.062431091681262394777 0.21848003430517640155 0.97384230417541373104
-1.5408674228515639726 -6.7990216083264938263 -0.69477311235337380069 -0.97654349438000320749 -0.0040682731650684899813 0.21528179843574984931 -0.1228983191703433564 -0.81043224395757129663 -0.57279628237180912897 0.17680160273402659166 -0.58581825433089185218 0.79092235153865675379
-6.7312302785515294445 -1.2110789735054765526 7.3285697844380264243 0.58665940316059039805 -0.001659734913394589513 0.80983207516306143781 -0.42044003987217598572 0.85404600306353717354 0.30632596612713758333 -0.69214226684663127109 -0.5201948384321604113 0.50033629941585844314
0.24325447734667662858 4.6160101291804567225 -8.1470667644948999708 -0.99702889092675273108 -0.00048986440505206872015 -0.077026947819847479959 0.067540722062239641477 -0.48635476348191691853 -0.8711471143852950183 -0.037035679025779838502 -0.87376129696359317034 0.48494283622706069181
-0.03128277270930843873 2.1311311702356023901 -7.8213281448156024567 0.87550510230694922331 -0.0025894046039279276436 0.48320193585912840639 0.37755240703329184804 0.62775727531995217934 -0.68071652192836207274 -0.30157088018832639564 0.77840484213985450257 0.55058233349391760836
-5.2368300519477850585 6.4800375392660871654 -8.7869400457844566432 -0.44426960283542954455 -0.0021657362760490583148 0.89589052321325679529 -0.7703878842350632139 -0.50951988469727205189 -0.38326491480720842331 0.45730408681810391647 -0.86045615616634740785 0.22469573982364646203
-4.3144528598129250341 -6.8243076010420304911 8.5322730157408983587 -0.63569823120570523312 0.0052768188278438784775 0.77191962925236734527 0.75637381907931711122 -0.1955313090489920469 0.62423245108934555248 0.15422841713916005113 0.98068326301847930093 0.12030765969824500083
-6.1866993768268470077 7.6098151185495161997 -1.9396742513065368119 -0.49124739038298809168 0.0042330200901951227366 -0.87100980647914050259 -0.43365665720945245631 0.86605157686456590849 0.2487902125653513874 0.75539255033372365578 0.49993674374988483766 -0.42360989972949830706
-4.393944477091659806 -2.3159832608763486483 8.7319924295011563942 -0.40713614263101693957 0.01270754911109031951 0.91327908087231901568 -0.89875021957406653339 0.17259790548679387889 -0.40306079670085270816 -0.16275197135229252376 -0.98491039248095113567 -0.058849932912238132887
-7.1751419142211032565 5.4789165665690342522 4.8473501329461496923 0.98768052274283657521 -0.015268254111320765307 -0.1557371677237268659 0.012541368166476066226 -0.9843037023273513153 0.17603674522383813694 -0.15598044453955955957 -0.17582122170221006763 -0.97198611045635552319
7.7608232562005419197 4.4141012687149734361 -4.9723341216732306336 -0.2403448885604838603 -0.00097137037662380423808 -0.97068707160557399227 -0.97060830024123334603 0.013019176566280472526 0.24031235620478602621 0.012404114072031076355 0.99991477510873782997 -0.0040719126909581713353
-6.26939586741653887 4.2121646467843385508 7.3493303453225822253 0.98953533477498134552 -0.0026625224437029264626 -0.14426618524876594352 0.14124344858735207731 -0.18652323182457880568 0.97224450228367997884 -0.029497617923620746139 -0.9824469425694335456 -0.18419526479479061964
-5.8207191143984191584 4.2135375979271287861 -0.64725508608928983278 -0.98522513377225728881 0.0076435353638237748392 -0.17109357717497220008 0.082780754984603896474 -0.85330101926365375942 -0.51480551388606443641 -0.14992925794382078175 -0.5213625867766789046 0.84006087322398115269
7.5151483353152483957 -1.3574528173656772445 -2.4826381458164732408 -0.60203438006964593576 -0.0034464956864825911989 -0.79846272729647072008 0.34253273529928274233 0.90218783035571858964 -0.26216110315355950489 0.72126689267052124244 -0.43132961923099000234 -0.54196755355976644619
1.4901310387426769388 8.9283824505376490066 7.0724755370632124141 -0.90393953828676931739 -0.0040010559890943132866 -0.42764155863657049572 -0.29708084387091782119 -0.71342665290233620023 0.6346379937678522376 -0.30763010796567624716 0.70071849017956311378 0.64370592213619348687
-4.3082847682834044534 7.7928171034404609685 8.1489530427019598591 -0.50207773173235903386 0.00533522368166739272 0.86480603992265603353 -0.16338592644842311885 -0.98255815344450303517 -0.088794786662569444302 0.84924848562534538399 -0.18587902110827705937 0.49419226944057548234
7.4574291790403872682 -1.3254742130987697823 1.1052520003773556034 0.99415284300037820575 0.0047447936239235766198 -0.10787776271112696491 0.072766500664575003987 -0.76756833748301500631 0.63682327507285496626 -0.079781959960336046311 -0.6409495566945621059 -0.76342550693439781284
6.9486733048750624064 5.3530514145386076663 -7.3864353575460741652 0.01987109658161577419 -0.0030753512092529565816 0.99979782042960829713 -0.16326134997814950589 0.98656287166482570239 0.0062794789560854588628 -0.98638272041037433624 -0.16335312200131077431 0.019102000116803095897
8.3072273960564704254 6.6053622726575520474 8.31409648470618734 -0.58065059339628155577 0.00088160665922272420797 0.81415238816713553227 0.63948278807951264291 -0.61842088146130658188 0.45674651298346791162 0.5038915083016786145 0.78584657290227588611 0.35852267950479310699
7.4693127178807401378 3.4276018474549934112 4.5269881630134811701 -0.11525859588721165672 -0.019845545208644600754 -0.99313725658112450567 0.98174570216814582846 -0.15455769591992568612 -0.11084807128002349685 -0.1512971656994338554 -0.98778442636396313059 0.037297381731241752156
-3.2597904851614942778 7.591979904938416901 -0.055687400933205503939 0.90513105086256628873 -0.0018235887444835547841 0.42512875142539896522 0.34871014864924704257 -0.56883192170919172348 -0.7448701075178891795 0.24318514139125521623 0.82245177327825658153 -0.51423153115878661445
0.018601860990341348434 -5.6069304913136814861 -7.2579205303948857164 -0.52979504391166420962 -0.0077145371692464263791 -0.84809061860309276071 0.47989713296636060669 0.82175931600104601404 -0.30726270248069637026 0.69929675618936382175 -0.56978251331674978353 -0.431661828635917455
-3.0953849936641533169 -5.7578175499898298639 -4.1073589074077849759 -0.22735694443730633529 -0.0006974551105713950672 -0.97381124114105221956 -0.065964470701959654342 -0.9976918279427383629 0.0161153672308090197 -0.97157475699036233152 0.067900883737426129261 0.22678615823381689798
0.11491456369875931165 -5.7703429528990968223 5.2703558637603586945 0.99972132746495967481 -0.00087160395465051866692 0.02359041580955494391 -0.012343807382027199848 0.83251263504119898951 0.55386852493673088826 -0.020122073223954223958 -0.55400537253966231077 0.83226987772349081407
-4.535426524272408777 -0.29863343091447697164 -0.18501772123181756124 -0.06358420363063728431 0.0036791706249894810116 0.99796969530761425737 -0.76959963222876570654 0.63645617911530893984 -0.051380328329618009386 -0.63535301614301409323 -0.77130408774318204301 -0.037637070934868607774
2.9662492220298828371 2.2588509578833786406 -5.5840892753449624664 -0.37908588736667342411 0.0051524975699110920832 -0.92534714662553740894 -0.76613782350161807599 0.55906992743251682221 0.31697579030681904966 0.51896697910313949187 0.82910449764152660546 -0.20798799626713659894
3.5610712163966184995 -7.9122243963444462977 -6.2122894332365268255 -0.25550168238746451266 -0.00026667503711884973233 0.9668085742180180242 0.14576763541279541547 -0.98857915631902371079 0.038249812515634376564 0.95575660435234999213 0.15070229120934108824 0.25262251020236309307
-0.85502887332259125408 3.2133631828543602893 6.3403968716762086899 -0.5856086169556529164 0.0023637330763619326425 0.81059050112452379899 0.64949298206575678538 -0.5969513175336047528 0.47096495702152352258 0.48499630307320262812 0.80227397892546614688 0.34804460740616688375
-7.4020892807017864001 -1.4270566145329617314 -3.1211246858234962254 0.34353589600560557882 -0.0049966310225586264837 0.93912625446964448361 -0.2760937018019018474 0.95525891989049183106 0.10607857368427280054 -0.89763876697755828893 -0.29572864191337888684 0.32678619060645852645
2.5503312203536245839 -1.1046546289416698805 1.7549812774702593376 0.97434232335542758641 0.0091718345592262905119 -0.22488422436680077787 0.028540679454231811241 0.9860684938478535555 0.16387298452346232835 0.22325426431427816687 -0.16608673303780699393 0.96050649689326150771
-7.1289802156666910449 -5.8554986507356518999 -0.2767113539995511573 -0.98841078690335348877 -0.0075355939246797643341 0.1516157351905443873 -0.13968016304360808544 0.43624991514673944204 -0.88891814223068321699 -0.059443825459750174178 -0.89979399106619006865 -0.4322466949047927276
-4.4967774633941077767 8.6852012290972133712 -2.1115542429220290899 -0.28226843321285360888 0.0014383010389687469685 0.95933438534291348709 0.69289590361835429189 0.6919196954249695608 0.20283589877540189605 -0.66349061663337005612 0.72197303715103899879 -0.19630368123474964404
-0.81479436367821700404 4.4020220169246888631 8.869071478984933421 0.99957436159876988935 -0.017396327786974367241 -0.023419295763256863657 0.026418045330768358259 0.88031797200934025494 0.47364792308045211566 0.012376692426787036169 -0.4740650123527379578 0.88040285185112621136
5.8076560488555886153 -7.0183046896802103731 -2.3534366196887659406 -0.17460913705780370386 -0.001798938189194874103 -0.98463618310380007781 0.5824111289400207836 -0.80649394557966702646 -0.1018076255974583455 -0.79391997464637154014 -0.59123961264822688655 0.14186893350168830463
4.8469914194490524295 -6.3017680018858843738 -3.5500847721679948954 -0.25569638398690214265 -0.0049227578470780967296 0.96674460209049806192 -0.67860528958647792219 -0.71131313102986359898 -0.18310786594149655593 0.68855952550309695859 -0.70285801985867069064 0.17853958597230520922
-5.5341261132502914677 4.3697878878461455798 5.2246718405942083052 0.53244234671406653892 0.003804908801404418596 -0.84645771902354216554 -0.81533101959004461445 -0.26641540480742259556 -0.51406046392954729551 -0.22746532904966648703 0.96385079485915381436 -0.13874858316394828028
-4.1563953506399364812 6.4629880508260102445 -5.5032145051964711513 -0.076493281341527719075 -0.0086474160166750777684 -0.99703259731360827089 -0.95433281229983502048 0.29025921937974402676 0.070699851009873138086 0.28878653236841972385 0.95690898614306851844 -0.030455392976178309594
-7.4348378196643132299 8.9748220828945655114 7.7260874048872949515 -0.80075836874051609104 -0.0026050478252188226207 0.59898184331235626576 0.1990250123604222765 -0.944332874909173281 0.26196271837961926376 0.56495582070350813808 0.32898120780936834784 0.75670092213575612661
-4.2449153585633743191 7.607932756471359248 0.83857660672606038066 -0.92491856194056820684 0.0022858774350225652405 -0.38015842558353152292 0.30941090222389727726 0.58554157771328008142 -0.74927028124300543155 0.22088582426858388574 -0.81063915247992579527 -0.54228554941451578841
-8.5414737597111276557 7.7538274066688170905 7.1552131097368558699 0.36926363519151417236 0.0034810634420609069296 0.92931816399049582689 -0.80523007666856805109 -0.4980306698125994691 0.32182289470130492903 0.4639492335948141033 -0.86715242842478856833 -0.18110155858961834996
-6.585795106442460245 -2.6795153511043299233 2.6821767388702086876 -0.95527663215498614946 -0.0016247021749946992906 0.29570917537595947655 -0.10891496350731763587 -0.92775503588557639567 -0.35694274626750716051 0.27492560226870216278 -0.37318621857164047118 0.88608575176742343515
-6.8561948706480153604 -8.2020880824901833961 -5.1623736179915526989 0.18854010559853132123 0.00058489626997305552668 0.9820653168081054929 0.76462351395263516984 -0.62762388231264620853 -0.14642111958839335029 0.61628200565278767886 0.77851648681791663087 -0.11877949848873756156
5.7355787106163118594 5.6225688112688292364 -8.1427086009113551768 -0.22648308612676748552 0.0030387035787088848698 0.97401035825037718396 -0.49464289747995943136 0.86108895565852960896 -0.11770392693669043394 -0.83906722953023893385 -0.50844525440216425949 -0.19351901096436485705
-5.1975236053806685987 -6.7193752340494006248 6.2819378730845238934 -0.81768293998804819633 -0.0049130410016917421684 0.57564787125532723699 0.57379805321865584578 -0.087506928890072929739 0.81430849898462742686 0.046372446292076527352 0.99615179537278675248 0.074372016246027891628
-0.38733007044866812896 2.0288998495668773003 0.9918544360666400328 0.75581668346153441096 0.0041566389715720917022 0.65477008434558992001 0.64257001231497956617 0.18752924430509898546 -0.74292433114286959839 -0.12587660733866051777 0.98225022518856774933 0.1390667999275859712
3.1467714341499180009 -1.1189050907325674977 5.2339998857346472505 -0.5675613314834714318 -0.005568201288913384589 0.82331229198844879669 0.80691368298899746048 -0.20246041172377596262 0.55488745695839580829 0.16359842056026621671 0.97927461767309231799 0.11940175866018364059
-0.12136642889028423364 -3.4680577190963020051 0.9968830110140213252 0.90562932316065469784 0.012067247635180251841 0.42389846728459029679 -0.14934407196641932836 -0.92648217819927236594 0.34543757995823348717 0.39690285612500669776 -0.37614512493651547365 -0.837247256063724965
-5.0080326760159161736 -5.5507340219104506218 -8.2453330750511550917 0.064775396459822692785 -0.0031830737706494338299 -0.99789479207725473309 -0.99224915851412509582 0.1060631960681659991 -0.064747246022525017928 0.10604600624808005471 0.99435429625511051466 0.0037118833047337638532
8.6393035052145901176 0.081924365128382858892 4.4694170835567827993 -0.6383018382056828699 0.00071482854834756899207 0.76978584837812646935 -0.76960588650280303824 0.021049272716738995359 -0.63817216139383570184 -0.016659615935503489792 -0.99977818396797257794 -0.012885653209315497611
-5.6023190901162953637 -8.8482493766295728932 -6.50384703375959905 0.059737880357229336536 0.003304437613964878416 0.99820862866548365488 -0.9579492564913207886 0.2813406765353564376 0.05639721371052681953 -0.28065032983801957434 -0.95960226365850032071 0.019972179229832770497
1.1657082752081058263 4.3092724005473987958 1.8842377688759435195 0.99908059271973614912 -0.0017279917853952843007 -0.042836704995974216048 -0.04179768600432853809 -0.26149630554422959028 -0.96429903848924136689 -0.0095353392808416211068 0.96520293007783586337 -0.26132810999542577246
