1125 17.292696884352682929 17.968806560800352656 18.477561601407678893
0.27773566666495430599 8.7327396156172483188 1.0610271928921373163 -0.98116697343979131229 -0.00066125237686777459459 0.19316038148704051114 0.06509929858726672125 0.94035996413040723318 0.33389402388201444571 -0.18186107762341896521 0.34018039421179235848 -0.92260709288400843953
3.5506727457367968093 3.458700291539248628 -6.5692771883545910683 -0.81153107070646313126 -0.0028454600968128773361 0.58430234009017423258 0.57950573179861208928 -0.13187960339276846855 0.80422688155842925184 0.074769165372417456528 0.99126165746775130039 0.10867335618138150577
5.6296528390977824685 -7.9691596008649243643 9.136306782499300283 0.87136934069536109426 0.0035010116338270889577 -0.49061513940527362587 -0.30865952327239565278 -0.77338346389840517681 -0.5537213346637441802 -0.38137222078890592458 0.63392882935418326529 -0.67282201846007561041
2.0319383102665189433 3.1555569829202640975 5.6007218445228739157 -0.12975687081070955142 0.0012349597442278814619 -0.99154507177040074328 0.49963639932857129011 -0.86368198197717094278 -0.066459780877049082215 -0.85646168796025223813 -0.50403562263246781683 0.11145164051703057573
-4.4239018990484453298 -5.5419647657493662507 -1.163799210180498811 -0.99891675164783499952 -0.00092064607367826618682 -0.046523925976235953883 -0.041912762307014440888 0.45213719925755335716 0.89096311562480345891 0.020214935895023371237 0.8919479275486780212 -0.45168600920147344846
-0.62919197722875230827 8.7110550018501236025 4.0739158948995290999 0.86803787449557789913 0.00021776693147891688224 -0.49649793657034596572 0.4282551530931393291 0.50564058553412882802 0.74894934549003278068 0.25121260376465848196 -0.86274419780024413917 0.43882191931525038608
6.4018655949851082099 3.1901918356062086701 3.8478719853473974943 -0.39295806058985882636 0.001158186781812650494 0.91955566510174058248 -0.65107252443634822114 -0.70653330110870360414 -0.27733600982970740834 0.64937549271704575471 -0.70767884879231091055 0.27839201933770868491
-3.5351501829234335261 -1.18898661910484571 -2.9427507274523936331 0.64365997407236041905 0.0034174820154091460796 0.76530396483619944625 0.28926904292789257234 -0.92689275780678792582 -0.23915107427934187423 0.70853740803204023901 0.3753107197270110218 -0.59759234020968154955
-1.2737895926083797615 -0.032106372659802442926 4.9560674499243786428 -0.018701293883815361951 -0.00026149486621818238824 0.99982508131541558694 -0.98832687792531259685 0.15122732104181368928 -0.018446672896970318228 -0.15119604484759566199 -0.98849897773902772879 -0.0030865889787713958817
0.72224074879665622895 -3.4207483698205294331 3.7422424483131506712 0.9283872289259647026 0.0029860262772132073819 0.37160225620184711426 -0.36835268448722918722 0.13958877645709089066 0.91914703574483569426 -0.049126907070550521195 -0.99020505812407944024 0.13069234815945429684
-2.6101371341304582252 3.1522605349066146196 -1.2731090065795203081 0.47987176056116881417 -0.0015933702208394337485 -0.87733719548840349844 0.86868463387011174426 0.14097181008345618936 0.47488309681400048268 0.12292314791672513674 -0.99001232817239626094 0.069032526921073422699
4.18864523171857428 8.846560770495704773 -8.2405565251347958622 -0.65394849065314042402 0.0022067873667060240381 0.75653585616384344537 0.090544679506868161467 -0.99257966409071518576 0.081162007409324429807 0.75110121327647438871 0.12157606887562842635 0.64889616033031005671
2.2621131651141985763 1.9169635199133261416 7.4461468356275783975 0.64682547512509958043 0.0037141684831001539613 0.76262901182801379196 -0.70716283348598052427 0.37733765046935613396 0.59794399777464701806 -0.28554777475165510348 -0.92606830336161771733 0.24669812695594298124
4.3339099782136427663 5.5344983267167942032 -4.6180016369934975273 0.69929813837767751394 0.0053230370938038076845 -0.71481030975891723944 0.36727651050271797883 0.8552133710828763169 0.36567479370859445886 0.61326183518486454549 -0.5182487387317046279 0.59609409182511086112
1.8965930657062881615 3.1795060189895867353 2.8705596735271128317 0.99940985977658458594 0.01432715529481745978 0.031219622072604202856 0.022520913398722065824 0.41297352779311635729 -0.91046453736654886502 -0.025937244280823119891 0.91063033002594007126 0.41240715487935075689
2.6192998028114415909 5.3690246476644487572 -3.1443233187141643725 0.80077647355383352323 0.0074170508511583283992 0.59891737890901131092 -0.53182748526383127885 0.46878022926539636428 0.70526918447339392859 -0.27552960879116655812 -0.88328369395470684999 0.37933277036516932501
-6.5468224651368904787 3.1810758515300103788 -7.6954322097279588277 0.14872135410149939228 -0.0068030127866988742216 0.98885574167880097018 0.45839269610761612661 0.88652524534114285348 -0.06284206813627880861 -0.8762180636057287364 0.46263020695745882271 0.13496368630517366349
-7.4783068847850886485 8.7153047202983717767 -4.1648247684595043339 -0.76613012614017395041 0.00044200433812704650882 0.64268533082118062261 -0.6377002427055598055 0.12378970109425965762 -0.76027265527331333583 -0.079893868811770824001 -0.99230837673329508331 -0.094557153040639010944
-4.935711947923913101 -0.41279223753430810406 -6.9542106609650859994 0.99972755629768594865 -0.0034995694429038669108 0.023077395706350825599 -0.02223600830437511347 -0.44342687698645416594 0.89603468945140851698 0.0070974018879716507802 -0.89630371960599075631 -0.4433838845816608365
0.49997835711558685778 -7.116520913786659186 -0.11749099179030098039 -0.52620246500800627043 0.0089687839259032665212 -0.85031201728208105628 0.76324522223082735817 -0.43589433768039892447 -0.47692017898201549686 -0.37492358763012323397 -0.89995315838839617939 0.22252329348977373247
8.4913988731141554211 -5.9434040725944772277 1.9982893385433497802 -0.96330067914937933526 -0.0020071165243894777824 -0.26841716233025636473 -0.11674832593125671065 0.90356765489252965917 0.41223212080593196749 0.24170566799810169756 0.42844073629286905103 -0.87064166310971047302
7.2682638947841367028 2.901983724339410653 -0.75310500085157627836 0.089603586660822687193 0.0037480317964991329005 -0.99597045614572432548 0.57831456838179806645 -0.81434315198793338908 0.048964178824167543802 -0.81087820124549880862 -0.5803715905074295911 -0.075135608581418975027
-2.440645624154617277 -4.6661691684416339854 -0.84763392642141766053 0.18895754590830135533 0.014683962686605845152 0.98187546414216630986 0.92503380097598408849 0.33290313052548153872 -0.18299719325263785752 -0.32955653975658966148 0.94284669322551339921 0.049321396752084509241
6.5195523621014466187 8.7475339495917179278 7.9308245768204663761 -0.54285285274385952636 0.00071610245709339366213 -0.83982752245047476158 -0.47022296862729384692 -0.82881634736617515458 0.30323888621702632662 -0.69584562946337147338 0.55952028518726371065 0.45026204639158912135
-2.2960254111181512826 2.0665695374197965428 -2.6916184486040766188 -0.069715577891843502623 0.0016315688582064300904 -0.99756557487832797637 -0.9614078639015645189 0.26668670545490519297 0.067624850179251239091 0.26614781123913000549 0.96378189395573399256 -0.017023614656007907131
6.94774143596680549 -6.0318276148674945247 9.0471984076512139694 -0.77772727899630555992 -0.0045161590416836726314 -0.6285856217035836746 0.6246517010372792944 -0.11748051569521963944 -0.77201592005838592936 -0.070360016318700258076 -0.99306491869353863411 0.094188828234105709258
1.2918229550609257039 -1.2429006145889551771 -1.694884507020752773 -0.031087022618467862606 -0.0052123821187671486727 -0.99950309058916575466 0.59600045035154136652 -0.80285586153679600052 -0.014350218702729447204 -0.80238211608031073663 -0.59615039769209188236 0.028064980417183214845
7.7119972120541619987 8.7820749391637953352 -7.5624908841737807919 -0.29448055252958404981 0.0046296804215872492186 0.95564625790162760488 -0.95284480047626463062 0.075242829994773649527 -0.29398180681734603636 -0.073266570733684102668 -0.99715449284129720198 -0.017746183233127547224
-7.7451289784143826367 -3.5058119644287435435 -1.1976884870884119128 0.99736376987172470354 0.0012750364080507826242 -0.07255263488561980445 0.033225948975533527163 0.88084937346468994424 0.47222920026326803411 0.064510052405526360775 -0.47339492556303436332 0.87848488751349129711
2.0622410219502205209 -1.4290386405204529296 8.2533094929473893586 -0.49250372925501678667 -0.0055837361370074702072 0.87029242129348627355 -0.20443544264777069319 0.9727418991926429781 -0.10945020486314623043 -0.84595876167779449073 -0.23182325044284343707 -0.48022052652374180859
-7.6110778600629496182 -3.7171398076332868854 4.255568163045925445 0.93461440199803180739 -0.014983296250225840163 -0.35534690150765985139 -0.16012528148233823311 -0.90985310268085939356 -0.38278874823099523494 -0.3175780436487887215 0.41465989964725902261 -0.8527610179978785121
2.6474194501666898915 8.828989029633001806 0.92651474391607002712 -0.54607997092638749237 0.0043207291173577959398 -0.83772190890102304905 -0.81474088270269862111 -0.23541211138811524162 0.52988530066845596078 -0.19492039248309558919 0.97188603710085896825 0.13207411359761758729
-6.6534085690479756181 6.3115740085531282233 6.2068975127023913174 -0.70491375648431398027 0.003960943452900442599 0.70928196568479318085 -0.68179253167264852742 0.27196561823252157764 -0.67911239589217031742 -0.1955902340971832909 -0.96229881711761466878 -0.18901176391818064193
-6.8096911798239849745 -3.5347065813411999713 -6.4072166500947869139 0.98715338986419542966 -0.0028579323157937814096 0.15974985791078913366 0.10980888419057446836 -0.71415025470923421125 -0.69132584405010955031 0.11606116418705374194 0.69998660410155955081 -0.70466201844975717705
3.3687913222423837567 -6.7937236929343960412 -3.6972919331236733242 0.99621505213057381933 0.0046150406587234273081 -0.086800180342736857342 -0.086485164923469984299 0.15270341400203685245 -0.98448056537429495805 0.0087112660374320353973 0.98826128566860427238 0.15252457209335090749
-3.6960225843464216133 -2.4370640501319580373 -3.5643676062376457025 -0.89170071519302684937 -0.010032530973675561625 -0.45251429021263578356 0.16756706673694946041 -0.93603647652484955888 -0.30944626796917928946 -0.42046535251972716463 -0.35175995072930049679 0.83634551735098683345
-2.7349033969013514245 8.7485495568674078726 2.3945352742857997086 -0.70413140567439291839 0.011267697015867446375 0.70998028321040052013 0.40718646087937848677 -0.81273299221249462043 0.41673045178614709361 0.58171999245339034434 0.58252735761790941371 0.56768277057440641453
6.149394259227738857 -2.8155183799062450944 2.8783485218229327707 -0.40516732771386521073 0.0091744559577987428584 -0.91419651383659628063 0.85319889681778937618 0.36305489250116423916 -0.37449003658293639196 0.32846777470852167591 -0.93172258445780176128 -0.15492561631023202273
0.97290074383415514614 -2.4574375491934192794 1.258049425110898234 0.78816574995901689249 0.00028088083654552627177 0.6154629734578981326 0.42320626264900362834 0.72582092527096075951 -0.54229184365336280393 -0.44686822425204064668 0.68788364244581889917 0.57194832337312428994
-5.1061959095642448503 -7.1058563909199223829 6.5985479485408626843 -0.98079352968126276568 -0.0059844122293069039117 -0.19495701820059679887 -0.093395366636929599835 -0.86308484830601983617 0.49634851678534541719 -0.17123480261381399115 0.50502349592323581007 0.84594911841032949251
-5.1792522245086489718 -5.9092852214334365968 4.551998219007296953 -0.99134520314348995029 -0.002423610623561009772 -0.13125857806582508225 -0.01501913795353117427 0.99535871236189421563 0.095055032591388963215 0.13041899286307528927 0.096203741285824859175 -0.98678048544896590499
6.8581551102771936002 2.9554252109924674663 8.8927885574379690325 0.92224892783072942581 -0.0059419729427485981632 0.38655091265269314604 -0.2475518933666605581 0.75892706548195043581 0.60228545505397912407 -0.29694271367660718397 -0.65114852548125357057 0.6984487257900331425
-3.409416502713110031 2.8778352797301933741 -7.9905731198021880957 -0.59587713219429638833 -0.0077615429265871192788 -0.80303810730214109093 -0.15100109868338409957 0.9832005609152734138 0.1025442597726420324 0.78875161586181807838 0.18236341592353808028 -0.58703873211928392362
-4.1065971621834558292 2.9556032209056870563 0.80483111665288953329 -0.78776951376249071402 0.0091580016683287506635 -0.61590204106790824579 -0.079153783617897890967 0.99009450026636736109 0.11596361102250569985 0.61086321850745484152 0.14010357435788933778 -0.77924137257135728252
-3.3363342513522806776 -0.57194548800781941367 6.1958736717696876184 -0.9822759907077783792 -0.0036253275285930593175 0.18740526961427689256 -0.026994990160584448474 -0.98665366019733846681 -0.16057965414467115228 0.18548624904588650875 -0.16279254227183956316 0.969068335874953668
6.6997591311667790137 -8.3609193516169746374 0.13526307675876392267 0.1294481352047582301 -0.0025477952973782178048 -0.99158292090527488938 0.50162434517067788775 0.86276884852232704759 0.063268715422389362746 0.85534565914833560196 -0.50559215060983753176 0.1129618547014959451
1.5834555303161479412 -7.0738215579058945082 3.6836247439434806061 0.63164103257572590255 3.67888842762158913e-05 0.7752609912884618204 0.71587864761353836585 0.38380318734876422981 -0.58327769996134826158 -0.29756909761941818804 0.92341491867278235883 0.24239950518605901664
5.4315700919928699975 5.2844431940157079453 -7.6544136090571157638 0.95162927318598677928 -0.0039077559193684326816 0.30722378791273496912 0.25252827801804950125 0.5795305707374719395 -0.77483790974753330438 -0.17501769972478639636 0.81494113101785770059 0.5524850746929982348
-0.42272424362135541109 -3.722860052956221466 -0.96694152006202127581 -0.10866535622849561593 0.010830947520468807432 0.99401938156731517449 0.37630137540597718981 -0.92508060265920599718 0.051216730188203919705 0.92010277427211450973 0.37961634469479399456 0.096448512779125458727
-1.5291192380041969123 -5.8051852506203562854 -5.6379286899624778684 0.28223888551628406596 -0.011485095211490518527 -0.95927540575700276371 0.86192256206591577605 0.4420805797679209781 0.24830275470390400505 0.42122524675536859862 -0.89690180821531728661 0.13467159283241611489
-0.44899388668672646219 8.6458361084556134557 -7.3191262784968991184 -0.94236759041551887428 0.0049489133838352319245 -0.33454272192194650648 -0.0099922901500934038777 -0.99986087470816042977 0.013356098440758650339 -0.33443008039380794916 0.015929202250048731665 0.94228593422777351396
-2.0529688834099260042 0.89343324566935466979 -3.1331165166790873045 0.23771707771115077601 -0.016676094873636783389 0.97119127818591621804 0.43972937985395782468 -0.8896806133712936715 -0.12290841583875194987 0.86609968448071705804 0.45627876791580734839 -0.20415930664977985365
-0.55739866277461114219 -5.066367467955688042 -6.5341321000660528284 -0.16100980227763284081 -0.0083050540455968119985 0.98691786367860190321 0.89634003057541578041 0.41731425444053482643 0.14974432419622435431 -0.41309852718058404086 0.90872429213611127796 -0.059747533197978423825
0.048363662235413253099 -1.2790352408149354702 4.4099649637058471185 -0.95190312442233482315 0.0045003507781888017758 -0.30636610216864873513 0.12723992849019061246 -0.90379162476246677205 -0.40862048358726466013 -0.27873005276249451789 -0.42794911596140483567 0.85974944712675449576
-7.4205725818688810236 8.7803720827934945703 -5.864668890407036983 -0.69601998126209640994 -0.0041968804656637498027 0.71801014747577207586 0.25989987337213382723 -0.93364785808924066757 0.24648272334204515688 0.66933417775084846912 0.35816764689086977302 0.65092833339447919716
-3.5412020759646529733 -1.4049258524626475619 7.161887093823787076 0.99993042398921938574 -0.0099098075856183572702 0.0063986635001871943612 -0.0011435779460832109101 0.45844751280364909318 0.8887207492981756829 -0.011740502989730231681 -0.88866623302410185925 0.4584042832171561499
3.0212880911375976645 -5.961021161705164495 6.3020297653043053643 0.13482190921151324114 0.0038910901270271065419 -0.99086220647188116839 -0.99070911705725228646 -0.017481468991659129819 -0.13486972833705701547 -0.017846517205740805578 0.99983961596823989204 0.0014980534388401396326
-5.7958909163555354382 8.9105685369918852246 3.59783141833365816 -0.95418054960395126685 0.0043718315241898838414 0.29919954185565633686 -0.23955184639799065316 -0.61035307505360547609 -0.75503909611351893716 0.17931645670376103463 -0.7921174223951860105 0.58343431292073411054
-3.3327725810526391825 -1.1112534247511005603 4.5775664187455857856 -0.99101450275136437895 0.0057743575219886614236 0.13362975765690293661 -0.036302278985197493355 0.94995470277005944482 -0.31027118336294723377 -0.12873383345769420782 -0.31233430724161481695 -0.94120926506432811554
-3.1786476298810995011 -2.7386168250462525897 5.2384754703802753895 0.99982040444367548115 -0.0011439547048132745616 -0.018916929603699068896 -0.01894952577986990655 -0.045985385433318426429 -0.99876236402832274663 0.00027263660625642758412 0.99894145759117980443 -0.045998804061535343568
0.0054825552620668127624 7.4416305195288696694 6.8340407785097925242 0.72715329540336526293 0.0035039510150032156244 0.68646617346494154255 0.29176276113802845913 -0.90675162728131930567 -0.30442729449848687784 0.62138762153539617294 0.42165057660340587997 -0.66036975631303351797
6.0820582640718425793 -7.0126443551828421263 2.6576725824442291035 0.99760637607412672168 0.0029969440480588152576 0.06908354900061910997 -0.066512033180566795809 0.31483122648450467818 0.9468143684336823851 -0.018912108775581869952 -0.94914293821139239515 0.31427697177027352771
3.0273463712769483891 7.6423131545276286047 -4.1811971842154038725 -0.2268671876527597886 -0.0082351136481096116199 -0.9738908881744773316 0.88950645190690957875 -0.40897866862366288876 -0.2037516150287740635 -0.39662268112469029058 -0.91250678436611465383 0.10010902708278357487
0.11257880612257673003 -7.1171055758548398273 5.7102134968516029545 0.55025543036405000219 0.0011127739924314283305 0.83499564255667657608 0.73076205421606799106 0.48317708683130400349 -0.48221024758818359368 -0.40398735310985978142 0.87552193832892177827 0.26505764284776911488
0.89892593484941996085 5.4432048047463990059 5.1553141014526655539 -0.98453016358652256645 7.3964249858575817353e-05 -0.17521515778511426165 -0.052921999481958241496 0.95316962326132004257 0.29776993008448082723 0.16703179026521555728 0.30243621446684421095 -0.93842033077910791405
6.3801826907967162938 2.9655096319631137902 1.7634837261073292858 -0.99457915095871707312 -0.0026085357468115175084 0.10394954554717945883 -0.014062265585974655091 -0.98712722223911297803 -0.1593176066887722897 0.10302701182119194945 -0.15991573611039708314 0.98173947266024186309
-3.9369954340946979876 -5.7008096857414489733 -4.6584694836590188061 0.90880130453385565836 0.0026995075692626876313 -0.41722044716967066069 -0.40644571661908013294 -0.22014961645626049402 -0.88675589979208258029 -0.094244725685542971028 0.97546238217230729628 -0.19897505533940101907
-0.11696038047455833975 -0.4130372570800626697 7.9188369741857762563 0.51810216184727619915 -0.0054915283645210043878 -0.85530111247764117888 -0.44121725042738441092 0.85494455537567892733 -0.27275840071214813021 0.73273288981367579176 0.51869032220575939096 0.44052566535400122794
-4.462888495195450389 -4.7167538161965980592 -3.7764517498551106733 -0.93015531446403820759 0.001082278233051852008 0.36716470370650283739 -0.34133929073772784069 -0.37096958585958716981 -0.86363710837676521681 0.13527224243266172676 -0.92864438567235640942 0.34542875587631050038
1.8554197166314838618 3.1347420101731704456 -0.38752691930749999516 0.9156827249212716735 -0.00092400302144757294823 0.40190085033368028178 -0.020705289895524128796 0.99856095551099177676 0.049470285010292908146 -0.401368207822806633 -0.053620558996245279437 0.91434588499200886158
7.8489672345327923253 -4.7860266816404299917 2.5605668775049172936 -0.64738589941422008955 0.0039687631503031112548 0.76215204923887736044 -0.71178956851055097399 0.35436020751789920613 -0.60645235055018398285 -0.27248322406956043684 -0.9351005786797682573 -0.22658287745018546033
-2.5544038536547821749 -4.737584863432725335 -7.48145155560552233 -0.99013799670022428767 0.0051259747055179064046 -0.14000168525302866818 -0.13770268696752230309 0.14829967947033706466 0.97930851883897040988 0.025782115744807779234 0.98892918323409295667 -0.14613128705173961119
2.7057000412335656669 -6.0628194022102626093 0.36730332162324164091 -0.86057916527139610707 -0.013727873538799263697 0.50913165859972719929 -0.092741438446095988968 0.98714833484904018768 -0.13014296215935314271 -0.50080188287930738067 -0.15921592411803614509 -0.85079243274236593386
-1.2759712553367950072 6.4114874884155756973 7.9512637542778730193 -0.86128444008724280856 0.001141555224676060569 -0.50812184573746588256 0.13764477513999762159 -0.96208410556962875582 -0.23547418051068089162 -0.48912475825772316895 -0.27275056491616461729 0.82847094107008867336
3.4535480371135913735 8.592385181457782295 7.4378782089893888951 -0.98976800753297367041 -0.014274654998371926265 0.14197015703671023168 0.14211023094705030334 -0.0093254627214023905896 0.9898069094551021907 -0.012805214740434011506 0.99985462441778782949 0.011258619175742513516
-0.29341041176507437482 -8.2960344013884252945 -0.7356172504462046291 0.99527605234476657081 0.0022134359613930191558 -0.097060189213517666929 0.05339406166196005582 -0.84744683404249343539 0.5281883543307230866 -0.081084238962659802019 -0.53087565792067181736 -0.8435617238940716911
-2.3150997011975578133 6.4336321289749145436 -5.6579904945721617437 -0.53887035532315208375 -0.0052032048121275556452 -0.84237264130146649599 0.46038957457168649956 -0.8392435200411533236 -0.28932983547259311097 -0.7054503382802445044 -0.54373085320646485918 0.45463895509727014765
-0.39296936402930121579 -2.5689680308731026592 8.6227624462960399399 -0.3235306718132291981 0.0056901892107241777014 0.94620057394967327369 0.25445627376438245681 0.96366848026304063879 0.08121000486015632347 -0.9113615688288001504 0.26704059971145238661 -0.31322421516827364529
2.3570189303226922739 7.6398656662139394768 0.44291275390638124021 -0.67870692859127701446 -0.0090013043316791337134 -0.73435405738838743783 0.64636482918111071161 0.46740293080758782418 -0.60311442353005761952 0.34866805514693038903 -0.88399857284536786928 -0.31141148104626059645
-6.7703346206075298852 5.3015543548238710514 -2.4626011806579404251 0.97107198376963488329 -0.0014946970879998432158 0.23878226110450842534 -0.11493728622002909179 0.87359196517297998952 0.47289163517811028115 -0.20930509447678505297 -0.48665680336950078999 0.84814888619876815934
1.8167376357479636528 -2.5710011133718846388 -9.2292437434060339285 -0.39161435450519394008 0.0039890138564850257177 0.92012079919652023374 0.54617794404785957596 0.80576917640198753023 0.22896656480040594728 -0.7404916277591369056 0.59221627985834601748 -0.31772948728359129422
-4.6129388162527016348 1.9429085581355196588 -7.5568618241241054534 0.063982022483368788945 -0.0037992121266338585092 0.99794381945389609712 0.11044965562131388304 -0.9938223322499678547 -0.010864874348960726694 0.99182013206631425284 0.11091770782293618181 -0.06316714113555606247
5.6286561800696892632 -0.35376467156462743091 7.4681858656057524826 -0.64750188167761990599 0.006791984397040699839 0.76203358336225057723 -0.63292176893025786644 -0.56173520006059840526 -0.53278851285201811461 0.42444239613669060285 -0.82728920817382800568 0.36802339382308135729
-6.6537728247859657671 -8.164438193028171753 -7.4434854750265131429 0.86762905280233315608 -0.0037309283554068702754 -0.49719805601684219365 0.084046100537065529523 0.98668283687674640525 0.13925958637358662462 0.49005722086087333267 -0.16261322082180942883 0.8563882651553579306
-4.1781535093040655937 -2.4693996314375956658 -5.6707161716848215605 -0.52706664279935577788 0.0014769544352639621832 -0.84982267129899702329 -0.44906255403594014242 0.84849881733529108896 0.27998674887124630484 0.72148705921258204921 0.52919521500685651194 -0.44655217814127734499
-0.6685259767009256171 3.083052869291405429 8.8882678001641846066 -0.86618214322073594502 -0.00062121934268951468049 0.49972803488697770113 0.44667254303228043355 0.44744204821959937535 0.77477690517064345954 -0.2240806418824438373 0.8943127124061153177 -0.3872888306703028416
-4.5691230245221392536 -4.640236255199634563 0.44240088552970951996 -0.99569519020439756218 0.00047448410086187945561 0.092686908830966377448 -0.07568296745361867417 -0.58145230307139184056 -0.81005265735668119387 0.053508659497447555453 -0.81358035504663706039 0.57898517186627174169
-2.8384359312187275037 5.2021698666342990336 2.1460313030676334556 0.71919340751460802963 0.0010732201147295461225 -0.69480910384526062273 0.062653109119604477595 0.99582475528805303178 0.066390094692334422621 0.69197935699364321316 -0.091279269027458614927 0.71612335846608843326
-0.4459197353731890745 -6.0030466271660714028 -8.7472608473033020005 0.54819240494766008354 -0.0033281046450286707987 -0.83634562883840246617 0.13529051826152008187 -0.98646901494662997401 0.092603230067476241527 -0.82533724187514068138 -0.16391402096804194577 -0.54032456070746925914
1.0777843152152246642 7.7136940961840378961 -8.6448631262361139704 -0.20335929304343061674 -0.0042276849489284980613 -0.97909505392132545332 -0.23338972544254510399 -0.97095588468647797686 0.052667884433477411832 -0.9508807674943724475 0.23922122956124150517 0.19646620405669612541
2.4544014249043271114 1.9708328111712054564 -3.8431297622956845927 0.99997394216253965293 0.0061134177278002171246 0.0038394165653322194151 -0.00074695434501347718337 0.61660909565776200747 -0.7872691186699606325 -0.0071803241627811818446 0.78724573627036953383 0.61659759460218033222
-2.2560661553182721484 -6.9264054020853738081 1.8061947965053908316 -0.92801005735253960793 0.0097937127107979599777 -0.37242639090706519678 -0.37173160752763373393 -0.090772474031721311905 0.92389175227568609561 -0.024757734499752527546 0.99582349899445532504 0.087878401401777120339
-0.76277393398520465517 -1.59496533734775503 -8.4261238860237401838 0.97809000926108224938 -0.0011748389469727158353 0.20817913809210303322 -0.19229237061691339949 -0.38827555536892610633 0.90125786393559548237 0.079772037619142574516 -0.92154257246021831218 -0.37999435411293081
2.2304056678267571989 4.4517195552827955041 3.3065998811996553108 0.89343348555107726661 -0.0039606526897777143831 -0.44917804947097045298 0.23521325158599529215 0.85603625453572795845 0.46030061611826400547 0.38268960421546793782 -0.51690061341708537501 0.76574305264549702432
2.2650755253262464528 2.1041537146539091019 -8.7313268363402709582 -0.99989393201106480102 0.0070632257546508168955 -0.012737172727308163078 0.0042710775787063136322 0.97828762499211829873 0.20720782003490520462 0.013924174067483119019 0.20713144046545847732 -0.97821402757636999326
-2.7744275494843639862 6.4852175407959853359 9.0574689543909912004 -0.9962814562642462457 -0.0026378861271422852919 0.086117950865581147091 0.035272243754650017822 0.89944486326884409699 0.43560854762055267742 -0.078607434285942467955 0.4370262915389818148 -0.89600719404401540924
-2.3303067952949256814 -5.9197225314198194113 8.4396566910080323964 -0.93537070767672447769 0.003222092210935995852 -0.35365414933551847509 -0.21643203866779689437 0.78563905799361322124 0.57959334295096065492 0.27971201593539218866 0.61867672388463035293 -0.73416639766789359989
5.1080205858052130097 6.5563493396259842072 -4.6470302175004514211 -0.50979606875729976956 -0.0069401253621466400465 0.86026728575456035131 0.84863983015165644908 -0.16810287336420681736 0.50154946181493675894 0.1411325864562387733 0.98574502718828194148 0.091587850796399222775
-3.7417315482350841371 0.39934764601610228674 5.4812437021449369468 -0.96991380263073956325 0.0066962205524828321765 0.2433564794628017558 -0.24315686572799180554 0.022275618499212349044 -0.96973116659712932375 -0.011914449863982986416 -0.99972944212453973556 -0.019977197842760786861
8.023201493413674612 5.3321834450182743481 4.8251631423803447163 0.68295659022997956544 -0.0044763116859328332814 0.73044524674674449205 -0.6106645656555584889 0.54521847394646705265 0.57430445228993509676 -0.40082300846383722703 -0.83828203982966120744 0.36962702496533877961
-8.2800230647772590231 4.2309208056363321049 -6.7787464276656175244 -0.54526059681352334607 0.0051066932738628740412 -0.83825103832095981815 0.79173820848928433414 0.33165839490611048745 -0.51298471547095114698 0.27539333830176210283 -0.94338572745823978671 -0.18488341852840833868
-0.60813226128727981834 4.2585824128350004969 2.3333141810552393558 -0.44083664013942491788 -0.0025366409217447540361 0.89758376888378010872 -0.70304049197578422081 -0.62072129016519472788 -0.34704343615468669082 0.55802967963447691613 -0.78402719684246524601 0.27185332673781176238
-5.8796299322731231385 3.9584926886512397104 -0.022619675613174829165 0.82064970045234020279 0.0085898073403899016798 -0.57136703121313714426 0.53564346429399212202 0.33672950350227648375 0.77440255722070139299 0.19904810550843829442 -0.94156224259521315023 0.27173589202116910091
8.4391184302032513642 -1.4778012186631435121 0.38075224676233687671 -0.98119981071942208306 -0.0073868047175120413878 -0.19285322543403141116 -0.17202383407166949025 0.48647769021021802782 0.85659048409334914709 0.08749132502988880844 0.87366177210848161572 -0.47860252402268393945
0.89179901020143281798 8.5502503286687563389 2.1853018147519618353 -0.97629842371169572868 -0.0068210276081986940047 0.21632119970238292139 0.19593582385156349535 0.39667726758135601894 0.89680337773448259853 -0.091926823016360542651 0.9179327965414034729 -0.38593890739792857669
-5.5424604150607947872 8.6466583421358702566 -8.6948661710735777319 0.90955613318495132091 0.0045858695977169993893 0.41555578492623757025 -0.015481235022602304885 -0.99887116799305186721 0.044907918171901248239 0.41529263411217803847 -0.047279589173396037449 -0.90845840218455153892
6.7787301554803800485 -2.4841593604576126531 -2.2337081212500700111 -0.90347960215692713071 0.0044841746478349042704 0.42860763019798520101 0.2834799174920255016 -0.74377554198726614221 0.60534046578780598136 0.32150232482029583725 0.6684144188445735324 0.67071485730962954186
6.0755276987288180379 4.206388207479430541 -8.4486364625099579229 -0.63183007954489267544 0.0058266681004821175432 0.77508502793005373821 -0.1277869838687569759 -0.98707153361319244222 -0.096748510502350643092 0.76450064573943476987 -0.16017439704758854035 0.62440605794196779588
5.5207209150981082502 5.5704197274477245116 -9.1966316145091955292 -0.94022271056437745074 0.010710505033767860408 -0.34039174434890473453 0.32843668856284713442 -0.23579539366452406668 -0.91462007081212393089 -0.090058848231296645404 -0.97174369944374661134 0.21818246136369656707
8.0738183759501129799 1.5899485076582025034 4.5239101005446133996 0.18557682629903521354 0.0030173119671953844978 -0.98262512555362080402 0.41426000917240629606 -0.9070257747857771724 0.075451233753431531937 -0.89103865591857389639 -0.42106429402518741334 -0.16957291633917426221
-5.6017995153093806948 7.6882687940487279832 1.7124922957790367217 -0.52075586839558540841 -0.0053539542502890283965 0.85368885473894495775 -0.67753940239125365341 -0.60577693926754849763 -0.41710269485946355195 0.51937817025642674107 -0.79561651253962573094 0.31183438109892158696
0.35896619542183072493 -5.8302290863867316517 -7.3209427473761445881 0.25390158353014996573 0.022968890060766182504 -0.96695729790404860715 -0.94328534527449725555 -0.21518882785253287682 -0.25279740061442690369 -0.2138848832217390139 0.9763023089477347316 -0.032970566758099832672
2.086679516072375673 -7.0112245667699486518 -1.7042385963044177632 0.53446808765385234175 -0.00033377461514371657009 0.8451885895315164321 0.61321899078890385049 -0.68802579025415944169 -0.38805023035768121398 0.58164106854258945667 0.72568615843155814815 -0.36752315144097519317
4.5516799500426170511 -5.8997346104465862027 -7.6174632842878846617 0.98101493443720377829 -0.0042023585916184606065 0.19388666429969481086 0.16157793011266458061 0.57060278247302076426 -0.80517391732103060775 -0.10724864060454367132 0.8212154436053183959 0.56044885964032975512
-6.4093393419908775144 -1.8426063034931148277 5.4725861782554527935 -0.7344403272892134904 0.00033734097041423702357 0.6786731848633569264 0.33146521782538473921 0.87279707564280262222 0.3582681595136681385 -0.59222311253730119951 0.48808313938349767724 -0.64112918669026830454
5.9620069252109786362 3.007491379479231064 -5.7042264307227688036 0.73778769629636353766 0.00031258272246398191921 -0.67503275289838549078 -0.65183713268346910041 -0.25956209919129691333 -0.71255587087487315401 -0.17543565101915961635 0.96572636857211746619 -0.19129797018280964016
0.97770455863087735171 -6.8868725029641240098 -1.4024850353876845421 -0.53789479616388924388 -0.0013290807334622812066 -0.84301092626614670955 0.83980932200343150207 0.086239429212594503893 -0.53598793225688012853 0.073413152335288195394 -0.99627355399675610048 -0.045271565808009346654
-2.3925039909478109657 3.0847453339458965615 5.0520422414832060198 -0.23498444660016579166 0.0014943487295291761618 0.97199798187960262386 -0.47582815291035085448 0.87180544391686054517 -0.1163736948580725572 -0.84756703496189345071 -0.48985001263535987714 -0.2041496665859921511
-6.3622752322134834557 -1.3982547776729898903 0.051582456942086275797 0.76248110839806404471 0.0050517774312497463335 0.64699075641077874455 0.55492993813025226491 -0.51926912471095820756 -0.64993256564707779788 0.33267900911064696157 0.85459584346438388636 -0.39873628030388363896
7.8063367058511730079 -2.8413475515216144451 3.804366607311506332 0.3438274429221722106 -0.0036426825769127011562 0.93902578258383295751 0.90112665922032253452 -0.27997409308959075869 -0.33103663126721644128 0.26410875323566962436 0.96000064482381475273 -0.092980258130329396238
-5.2161975210705415762 -5.7004009145198200059 0.090404856180672982235 0.99373404419017075107 -0.0055976477238854913457 -0.11163026362725300689 -0.070379857862073971764 0.74454046908615068023 -0.66385703694436248856 0.086829286677164024821 0.66755386017405649035 0.73948124975694184968
7.2088632128788177056 -8.1214553313540633894 -6.0818069668404586281 -0.25468146996079488176 -0.010349599090713323263 -0.96696961413315551948 -0.81112646813475342 -0.54214465286644641928 0.21943798226296820642 -0.52650850092837298 0.84022143579357766452 0.12967936336626803562
1.9168090541269118265 5.4009254030152487047 -8.0920877905524974949 -0.19553644248673007766 0.010658326712295858665 -0.9806385163409734318 -0.67284299504858291474 -0.72893462685707011151 0.12624030173810629751 -0.71347586061045720207 0.68450033589509262644 0.14970466420819850129
4.9114385672331160038 -8.4424656426241124763 -6.5512259989475527533 0.21536462384050028551 -0.0035010600943536770643 0.97652742991485896873 0.80814194043224096831 0.56201007174652417575 -0.17621374341833326294 -0.54820131604382782431 0.82712297866365003252 0.12386644119450919421
2.5611046192285069623 8.6881472235412910976 9.0374200237984450013 -0.96376834385764686974 0.00028441209317404264612 -0.26674050777411262292 0.23647765964339642619 0.46355269326532932972 -0.85393045211886819956 0.12340541263440038544 -0.88606930861868604676 -0.4468246685853115574
-8.2023851483255256767 4.1169789214778491626 8.655867244384984005 0.53310852679372344731 -0.010677042954835600647 -0.84597949113052972603 0.70808839583312332966 0.55288554319455684993 0.43923615494726292452 0.46304008719151584783 -0.83318880026105857084 0.30230828763615225085
-4.1413183896614977897 6.1524621782818718074 -4.9322922903010431028 0.75756013689231838093 -0.0052287744194982697238 -0.65274443613858124102 0.65221179487118552398 -0.035110837619859752712 0.75722321921111013232 -0.026877753303077858704 -0.9993697458897633501 -0.023188302604476948576
-8.4221526076468009592 8.805882672577324044 -7.3745493040973748577 0.21784902665244620934 -0.0019760800338218509863 -0.97598047966869339032 -0.67961446402818492807 0.71740461881322703519 -0.15314957782918092732 0.70047553980865351342 0.69665393705409417446 0.15494292535125472887
-8.1019950862162986027 7.5030977168866419547 2.0105354082939728144 -0.93683488289609073707 0.0054313042770245557184 0.34972975727398358803 -0.11045136926301822589 -0.95331142677297386889 -0.28106550590909662457 0.33187482160749876003 -0.30194010087741640636 0.89369529385865908999
6.4200589929814126933 6.7105610191475735249 -8.9633201624752025793 0.86227368600769882523 -0.0093455319196743807247 0.5063563482884346767 0.3185239304412959549 0.78732599405667702541 -0.5278828324718218834 -0.3937341694024790173 0.61646608999634255888 0.68186726254405360947
-3.6137892340588773088 -2.4278449882513903901 4.1204321102822252243 -0.99985705103630106994 -0.005052955276188259362 -0.016135214161433937552 -0.01634405268748831408 0.53323692551456725042 0.84580804749619431515 0.0043300617556290303331 0.84595085490279986473 -0.53324328561570033536
6.1257213361292821574 -8.3711593406384672278 -6.196728683122652015 -0.21103778780694459893 0.0016196720051122230968 -0.977476561754975104 0.8618065259362072128 0.4721864441247102806 -0.18528214657273103794 0.46125108560431044014 -0.88149721420295557017 -0.10104502650420735255
-6.5456260664217618128 4.171751871872153572 7.8520340389097595946 -0.16697480827158844852 -0.0087363075879644987165 0.985922456551435622 0.37648331859201183969 -0.92475546631001603881 0.055566521867903791165 0.91125173482683430315 0.38046156765194583116 0.15769994075818788426
6.7978692323227782879 -5.0633134310708909354 -7.0875341981158346272 -0.097357939504463586466 -0.0046676005614285382556 0.99523848655516666817 -0.98128067739389868152 0.16740304136503739163 -0.095207425734478212664 -0.16616155929877354791 -0.98587749505039146136 -0.020878241414910181373
-2.2596396696793377146 2.1255361524753433322 -6.2325676695508152036 0.97410354635011631164 0.0018298999344968664565 0.22609496335525972044 0.17379038769717458646 0.63360597238296023637 -0.75388352741314568206 -0.14463465052499033248 0.7736537489258548117 0.61687980566774225366
7.9921132399294769755 -0.54171829230310608594 8.0459814480258291525 0.78874156284892016355 0.0049608191726176016287 0.6147049188903057626 0.59454230639921523682 0.24797332936486218835 -0.76487167147514312227 -0.15622481536668100799 0.96875415776996109951 0.19263745447543315081
0.070905989199110452947 -4.8845578235217113061 2.3279159280585304259 0.87960189307178093809 0.0073524278271847017321 0.47565370965625830557 -0.41401929920175617461 0.50426370366572270676 0.75782988661944516995 -0.23428301174698185072 -0.86351841843136212251 0.44659535536828548485
-8.6128939122386789506 -4.9152583288695170793 -4.7499870791942475634 -0.1259205129614009433 0.0038803416988341370847 0.99203274510668126851 0.86496664229364472742 0.4900976875362040297 0.10787476252840096091 -0.48577436339775548202 0.87165887801348440611 -0.065069718345990179564
-7.1345361682212722343 -1.693084689049362046 7.9606493297150811017 -0.62149887156175165348 0.0091491866812889351135 0.78336163106854506122 -0.57063761988865202568 0.67982111353520902064 -0.46066903559853561445 -0.53676052333871016042 -0.73332090245330028289 -0.41728718481439525112
-3.1448632546852621772 -8.3987551079151145927 -8.4934517305183891978 0.78150832879851506174 0.0040188564247188732562 -0.62388186446741922264 -0.41296949398494070538 0.75288966361071696376 -0.51245814606265316371 0.46765471135891911736 0.65813448718424960582 0.59004920788223547135
5.3278874214485671956 4.0494571317651804065 -0.054749578814160718143 0.2688441885991263991 -0.010663756846729663744 -0.96312464746061698939 -0.7860517910282831533 0.57544973409103683526 -0.22578792119082879974 0.55663756976816614053 0.81776762458811125267 0.14632405167266429591
-1.1990795091777644021 7.5007303465392212161 -5.4207789234174317272 -0.23256736370809333314 0.0041887765598987419108 -0.97257127013339328414 0.76592549675498744488 0.61707341499492751602 -0.18049524627275811972 0.59939182073055696787 -0.78689443679409876164 -0.14671942810727214845
