1125 17.292696884352682929 17.968806560800352656 18.477561601407678893
-5.3388466466570907443 5.6071345608536100613 -6.1192312018007148922 -0.086533710359624815833 0.0036798272073959845986 -0.99624212711726445324 -0.47174869494283755422 0.88062305905577742404 0.044228912252944396766 0.87747654429696342326 0.47380321519721796397 -0.074467627045525980334
0.75096577434648081883 0.10439966066268507872 1.2286778052719886656 0.9926314429533737993 0.00029410267982500279405 -0.12117232342406565604 -0.11347172914096252672 0.35306559698021594551 -0.92869201079503405083 0.042508647898030889334 0.93559852379778629672 0.35049738532721524953
5.411525719046285765 7.9378178188057209042 6.2598149086362964155 -0.29854368987996648954 0.0008668007277405683636 -0.95439557516235173917 0.025881882317015901529 -0.99962445784202880183 -0.0090039686678338535369 -0.95404496403524186032 -0.027389631989807584206 0.29840913970415972045
-2.0093795132084122379 4.5816149855372110267 -8.7933843525544101993 0.32896217676922295814 -0.0032101934927562551444 -0.94433764137264319949 -0.61777595012310060341 -0.75706097187107423974 -0.21263010210075050654 -0.71423858878162049812 0.65333634486975489253 -0.25102760558864894991
-7.6453970399318817996 6.673500925150052332 -9.2350425981124431019 0.72004858567539697933 -0.0082778232163322439108 0.69387427673158508235 -0.50077286038204815721 0.68600592714541508421 0.52784695720142782438 -0.48037129032828912445 -0.72754886129018003782 0.48981228839610441161
-7.2819693515463166378 7.7202020235741191101 -3.9565439893843916686 -0.51294030065322160361 -0.0058729328670303632826 0.85840419187293048875 -0.79232832700953426119 0.38802244717882949931 -0.47080187202653817069 -0.33031510741105135631 -0.92163121102995604339 -0.20368564178940185005
-4.3529823487790890724 1.8099537711483582036 2.5539348213624548656 -0.87867641849808819643 0.0067297930749358799568 -0.47737036089447937304 0.37369694764327460179 0.63197438223798441115 -0.6789395934225694873 0.29711671595103888999 -0.77496005708687820679 -0.55781588989799679723
-5.0384484808195857397 -4.3737922700413509602 5.2790795085164541334 -0.68180923266582171838 0.003174371467467932903 0.73152313266061974595 -0.39477083378943728098 0.84028434597353651725 -0.37158876019203462837 -0.61586699785006437935 -0.54213664447036802319 -0.57166047587843893396
-0.070367266495554400829 -5.6722187699180022236 -8.8352192306960528612 0.10563791148752081639 0.01200599580176290801 -0.99433218177896209866 0.33901722164265274406 -0.94045686907521042208 0.024661728223292572748 -0.93483044189116570877 -0.33970094711984988312 -0.10341813883299107169
5.250418874357621668 -7.8123280952290770074 -8.203316378822465893 0.98066473016904254223 0.0054484926233747833085 0.1956195310562527101 -0.13499433429678986407 0.7425359136575305774 0.6560616942305635968 -0.14167997992055528234 -0.66978409271719963058 0.72891429704247423516
-4.4143118064528916733 3.3079141564159462163 6.510950186814057794 -0.87931531109503224819 -0.011780345475841960678 0.47609432587936550973 -0.46276258757749172412 0.25728026032033357584 -0.84832638482365996246 -0.11249609420985816344 -0.96626502115630086287 -0.23168197529706563431
-6.9666489593616525156 6.6326995007552964623 -3.6553251492598746175 0.28178798966225232503 0.0092570957900996175827 -0.95943203774904706194 -0.93678390952783940904 -0.2135369213351840656 -0.27719648279971992322 -0.20744019796514440168 0.97689113487858325602 -0.051500241396479427836
3.7875334912989839786 1.5096298580063070016 2.3128806286665137826 0.54927094303834333999 -0.0055619333113060588636 0.83562581101338395673 0.57023937383846590166 0.73346233206905564472 -0.36994602844274504516 -0.61084244094390671709 0.67970734315143788162 0.40604118018746099272
1.9550199820841740461 4.4649025412720639849 -2.4843761402144690642 0.74138066737643659732 0.00079180503955568210667 -0.67108425632361246027 -0.64310908110271503002 0.28655923123733789692 -0.71013697044699397587 0.19174309855547666537 0.95806220050558077439 0.21295869110914827926
5.8149352965919192116 2.9463492984187888979 5.2864877424170773068 0.99974665704127274601 -0.0045028761326051328778 -0.02205325012701875656 0.021776361152763441809 -0.054322184402160154926 0.99828597624979653613 -0.0056931388158823195353 -0.99851330706611085564 -0.05421036600226501051
-3.4693604226111594002 6.7657137861700036296 5.9836821322095188336 -0.99579466702497532182 -0.00012799491396659162627 -0.091613125378799883936 -0.053342857646650011783 -0.81219062563996113902 0.58094829990326635194 -0.07448168004580969781 0.5833921247664989318 0.80876826600562923275
-6.5392550918825209649 3.3566280925358422671 -2.0677045326119278812 0.42045612091370282437 0.0017982725629192590142 0.90731109141347077163 -0.76603479345528924238 0.53658975557708310511 0.35392390343861657165 -0.48621738512909773444 -0.84384133604907618498 0.22698998650327945059
7.7174069310672228639 8.8768338790195269183 -8.8203552394628719213 0.10136412867461937204 0.00084319581971700036625 -0.99484903499927346271 0.083754449987669371547 0.99644229209701340455 0.009378199598943707388 0.99131756038373963769 -0.084273646777873162383 0.1009328833109687934
1.2772243416190358634 -5.690641127765071694 -8.7683896366003875045 0.3400363719780780114 0.00010916176761573180912 -0.94041227863926080133 -0.24230784681177552908 -0.96622512454016706851 -0.08772637049525992825 -0.9086595474132527217 0.25769943110250964624 -0.32852523510981768151
1.4661910975671532675 6.6461118614509588909 3.1982611181908815468 -0.017023544719575105927 -0.0064313251791877044938 0.99983440477991214479 -0.95795733738055577344 -0.28633587232597979 -0.018152354620809434127 0.28640520016955678395 -0.95810772164508728466 -0.001286483617107047478
-5.4383953441489003566 -5.7955244464574926511 7.2285366430607860266 0.69510446937238634657 0.0078207309573540377545 0.71886619952918495713 -0.52309206744570446723 0.69144237893229687497 0.49827916431623842097 -0.49315764785077770282 -0.72238928064002816409 0.48471565023487273027
-2.1385253180001115858 -1.1645921445157585428 -4.0688944939669751122 -0.53500850384227216505 0.0017618258440390641845 0.84484483592323000867 0.63393975591376827694 -0.66018997574349780333 0.4028269874276633189 0.55846780273229845726 0.75109659292114894225 0.35209035972857299912
7.2424423690029104961 -7.9898165276293111603 -7.2658495688298332382 0.7361765241353616096 0.0037002667910555325087 -0.67677945694137631172 -0.38893474628375557245 0.82068181301336606825 -0.41858227975199996385 0.55387172562388953256 0.57137349414798732639 0.60560584685076479516
0.28261673906027434677 -5.6315095023015011577 -5.2434690737960405471 0.2814335767577769154 -0.0022701418577659761289 0.95957802618097509662 -0.88250717742938300514 0.39205528756046731376 0.25975706589396224677 -0.37679732437910201659 -0.91993885555071175375 0.10833410538170840098
5.9127909022404487871 -1.1996870852777035132 5.9063098959218480744 -0.35238917834434102527 -0.0019902554624144372722 -0.93585143365225698098 -0.39624177188028991692 -0.90562280440023312789 0.15112840357567669525 -0.84782918397703743718 0.42407944424770482872 0.31834305358170844613
-0.92844013344365106111 -8.0270683423897537523 2.9481267963672626031 0.96724907742743826411 0.0026991608579098004192 -0.25381476857428991734 -0.10334554342730320475 -0.90912368773904117525 -0.4035019442900703579 -0.23183813506289299711 0.4165175085428393098 -0.87907010198739732321
-1.8110353001124550598 -3.4293929752981777703 2.8418323750732179533 0.81786115525926916803 -0.0021229703658445834256 0.57541169932034563761 -0.39868973922364253637 0.71896435796565161258 0.56933008335487811369 -0.41490917386300341096 -0.69504370004482285417 0.58716661389434854357
-5.3525741551529781859 5.5545212794105784937 6.6107558253248335234 0.14689046281131445948 0.0090454489509837095185 0.98911140514534245938 0.54057449231851573135 -0.83815652868206880211 -0.072614404094434148451 0.82837335193102668018 0.54535475910715147663 -0.12800693938089940938
-8.1257573116119026224 -3.519855153873236997 3.8428611564070549456 0.0092766852532244620244 -0.0018742458869080423113 -0.9999552141533221139 -0.67104250534444687126 -0.74140311037580652886 -0.0048356949540613878083 -0.74136084272868496559 0.67105731135810331445 -0.0081354619563195687548
-0.54542361943985251393 -3.6081266297443290725 -1.3492998376548621664 -0.52125336048662540556 -0.0012687081664417452706 0.85340103384121712704 0.846071272476320968 0.13002214498797134978 0.5169696738717343143 -0.11161691660195784126 0.99151027840985939132 -0.066701062479860753762
-8.4250087838990559419 -5.9668169797740899796 0.24026546329820325232 -0.64141800427056550049 0.018339204515408387419 -0.76697237067258394738 -0.0390661652516947136 0.99763655055123034998 0.056525637872266179529 0.76619630547925388075 0.066219231210400478216 -0.63918560284784420311
2.0639034281194241771 5.3196921578906675165 2.1405346806767830969 -0.21361507374203952958 0.0022295698260590976827 0.97691536444489146529 -0.96748713399114560918 0.13813142465326977426 -0.21186872134620210462 -0.135415087164725223 -0.99041139863265104104 -0.027349874342378854147
-6.1872348601378792665 4.4295008674480103039 -6.1930385184399261433 0.88978454252068017727 -0.013078269976365814592 0.45619340936199670455 0.41767369732556230977 -0.37952898836362525259 -0.8255340268902460199 0.18393518003192316224 0.92508740443582992974 -0.33223657790879224105
-2.39028020315455203 -0.020666934246151593552 -5.3592988430951358225 -0.32449298787438396463 0.0067495118885545204654 0.94586402030612082292 0.94319833337157832354 0.077667428133729982109 0.32302426307066006705 -0.071282569717601843018 0.99695647582845281498 -0.031568664180169424271
3.3948248224351731395 5.5451800230938594893 6.4136021688077127223 -0.4652784318088907245 -0.0050168643422308740673 -0.88515016351176301068 0.74983826105488182723 -0.53363095630310597439 -0.39112732547410861139 -0.47038129549455987011 -0.84570256801459553486 0.25204881134789847152
6.9498642205982781306 -5.8183493041843803439 4.5821209193793626113 -0.99521819458899940525 0.0030895737145466631302 -0.097627863304972917202 -0.058809375487754306233 0.77908183924349494465 0.62415778863653570419 0.077988476802460987569 0.62691462121648167116 -0.77517472558818323325
6.2532136707625767258 7.7082532630648614713 -0.3449866704007891749 0.3618680141626292035 0.0075776530926170461433 0.93219854081632769205 -0.59762820107022118776 0.7693392198319247699 0.22573811843349814166 -0.71546633296882145014 -0.63879554162650564741 0.28292787488413656538
7.7105317104616766244 -8.100301308852166926 -3.2339268375243905851 0.64241200500356809844 -0.0014354659645415246937 -0.76635811163231470911 0.76350290073091087173 0.08745976055291206086 0.63985475762830812396 0.066107007214229754344 -0.99616701898900661405 0.05728118256167374911
5.221529730699013605 -5.8926943332791656971 2.6446136817981384937 -0.75888231295948782584 -0.00068949499191894685068 -0.65122742546216672022 -0.43752079354232753516 -0.74015620042676000256 0.51063132903048735756 -0.48236209458791201588 0.67243462400904718823 0.56138978093530822466
-6.123545713365761145 7.8839499649450628382 -0.65168751020201487467 -0.014759724191581667305 -0.0021283752146576758076 0.99988880409815539263 -0.99742330730890083057 0.070244930196052490778 -0.014573805897148028182 -0.070206100720534292403 -0.99752750328028838567 -0.0031596868412822852468
7.358735725840167774 -5.8077468467586310652 -4.3811973555463863406 0.9117066706449489244 0.0040394251147207859559 -0.41082189540736402389 -0.28369834314601671821 0.72945916828497281426 -0.62241832548677689108 0.29716358592125591276 0.68401243033304870433 0.66619876790044152415
5.3097649948871845638 1.9382193932901035094 -2.7054051722133234392 -0.75848039190922522668 0.0051171860647866301841 -0.65167577022322242808 -0.028638817937624683196 0.99874142814651434286 0.041174965830481149998 0.65106628940243349568 0.049893627957783362459 -0.75737923967633280498
-5.1297876710444478832 6.5371618786368932419 2.0493403936226251005 0.90550267403698492252 0.011790168068522819539 -0.42417673114974163706 -0.19610762282833821279 0.89808827781666944468 -0.3936740345983007483 0.37630666693588332716 0.43965718143253462724 0.81553347891698069194
4.082554217024092047 -1.3964477453100589965 -3.5917892764381780246 0.28386552386714147822 -0.00061083381195919462039 0.95886390652762298892 -0.64366671498825256403 -0.74132470136922035131 0.19008115939287884011 0.71071339116117060453 -0.67114626872384608447 -0.21082969810305954295
1.9502139517846854844 1.0817427371667074354 -7.3564909447510125062 0.50305263341617167949 0.0071126962674471407716 0.86422650825155666876 -0.54496868110991381062 0.77872144318661928875 0.31080870407780486486 -0.67078102583647636337 -0.6273295174571250632 0.3956140693968184241
-4.857785264783358592 8.8744386628677904838 8.1070755823447839816 0.62167701118074991662 -0.0029681059302998575103 -0.78326807934225284313 -0.68395658110737045376 0.48529695164214159409 -0.54469281607754760355 0.38173431720116784982 0.87434435954823075399 0.29966790284744981854
5.8786659601509247963 -4.7474103204929472 -4.2638442807656877775 0.9625239826126277265 -0.0017551398250374382858 0.2711908965656723014 -0.18259564270233058503 -0.74355147681640398893 0.64326513397704110364 0.20051537138579070274 -0.66867639468459771912 -0.71600660962700568568
0.12967491134608949421 6.9617375231041114247 -7.8851485017549336476 0.99591134395681779612 0.0061811912489603340615 -0.090124291137971934695 -0.073669632746452079486 -0.52181861576356880494 -0.8498694708328111691 -0.052281738584182911589 0.85303407031447231468 -0.51922971283766994333
-2.8367647883760640504 7.938646867032721488 -6.1796599572753105889 -0.086765830842483904206 -0.0060973227422168171583 -0.99621007486052193247 -0.72854802952518105119 0.68242511236937752894 0.05927676342856629671 0.67947734272247861664 0.73093008466133524426 -0.063653374331744810855
2.4992204395369386205 -0.01291409925164817285 0.25406131835215811643 -0.83935782189293917099 -0.0034373368964795230317 -0.54356842397419957713 0.52346528740083464459 0.26439502985542212565 -0.80998725982190167283 0.1465009887791341725 -0.9644083434431006685 -0.2201227098325881093
-1.5725819949598909275 8.9201623197319115377 -3.1107021417796176799 0.95141126885278592962 0.00053161988067778709159 0.30792257936099975968 0.078879205460615789414 -0.9670523162035665754 -0.2420493517267236494 0.29764856533496941715 0.25457716925466800095 -0.92010640495991935506
-2.363064048754927704 4.3540779963573683631 -2.3752675156374389864 -0.39641957501456875912 -0.0031267927312216684844 0.9180641283224995064 -0.83498890709866235849 -0.41446225613638293384 -0.36195933923570772217 0.38163470173363139848 -0.91006113058707438501 0.16169011419187315215
-5.2430105906941486538 -5.7243859579794476033 -0.079346362533483746904 -0.76084997594675396471 -0.0069052272739971122181 -0.64889107863964112788 0.63009338489606614431 0.23130189636617351501 -0.74127036838635629312 0.15520837738967840913 -0.97285751812587584197 -0.17163510426008454779
-6.3390403085648356907 -1.1708509804538349552 -3.2491136767804573715 -0.95703703819888363835 0.0010465395523442575475 0.28996381200168241943 -0.21373623469141758702 0.67322375329806805055 -0.7078747064100870956 -0.1959513447147885612 -0.73943808581249714784 -0.64407638347808571222
8.5497642358568697318 7.4245785511515229871 -7.582842965193348661 -0.65669956175927135522 0.001194747268910989306 -0.75415134964016117269 -0.69374319529175199062 0.39120017255531486233 0.60471712724111770232 0.29574662224839703972 0.92030483948100094693 -0.256072134089194825
2.2181536620901782797 1.1343235095324584183 7.2324117777718077704 0.99866942542883097023 0.0071493994520697287318 -0.051071173877795673912 -0.04160745989474166906 0.69678845937802169619 -0.71606889484055635808 0.030466342000604166446 0.71724105359674317217 0.69615879872341335233
-7.3980457413297431302 -4.7507088294573058818 -1.3225160450235455833 -0.38574412502418126136 -0.0013014029184773910457 -0.92260488637327020545 0.85578451721822024201 -0.37414555732415621936 -0.35727854962826105512 -0.34472355605487564612 -0.92736907878421781515 0.14543817110994544661
-8.3697002052404165795 7.9044604407983154459 4.4908954408367955935 0.8993727198305465631 0.002005031700573959956 0.43717809948857871971 -0.35499165531592369316 0.58700280000160676153 0.72760472610223714263 -0.2551658979579794484 -0.8095824186813465051 0.52864607430818222333
4.8505760947687148743 -3.5953118271019222085 0.74200919754005023599 0.9926706570265875218 0.0067565416620351398391 0.12066198996811457189 -0.017619003992230857641 -0.97967687577134310306 0.19980688120561426735 0.11955976487351080428 -0.20046837212787727012 -0.97237744441109830174
7.9814365219501084425 -4.5224326539810579817 6.5812729661397968428 0.8396692023506244773 0.0045896750484307746731 0.54307878388562158545 -0.53718335660258764719 -0.14016016862678348787 0.83173864195424418444 0.079935424018850356753 -0.99011820608127321108 -0.11522267994405431535
-6.7564083189980532751 4.3535931336163509187 4.6040973802769942225 0.9976860744567649375 0.00870028457449716075 0.067429977634288665311 0.067926900224630826219 -0.16991482262703117012 -0.98311489118885508898 0.0029039733666672631895 0.9854203458932568882 -0.17011263574093560269
7.368780686284856607 8.7207068123228221879 -2.361424793358560148 0.54423770991875830561 0.0051198148697694590217 0.83891543232797238794 0.15546078562030543613 0.9820466804623894097 -0.1068469069604998517 -0.82440115188932638901 0.18856856813486791435 0.53367090596635058386
0.39172237982077795504 4.4599735059769960444 -6.6922695752289955706 0.39663468297464765655 0.0032562855977858224006 -0.91797076471163907563 0.74771975908765908603 0.57897127230693068434 0.32512678713567011446 0.53253740726027376517 -0.81534143918207502288 0.22720529796019373059
7.3924464206004660838 -6.870802061553829887 -8.3470366672533184982 0.95980722945387297873 0.0026080164192492983656 0.28064796549790649305 -0.070706973887284294 -0.96545645821418013544 0.25078746207933899637 0.27160744859342977886 -0.26055138752818474135 -0.92646768336820661816
-6.9549143046789172473 7.6543428906894090957 -2.3871900303901592011 0.48717604797704944231 -0.0058291217160076338674 -0.8732843291949923259 0.3369454404923640789 0.92380463022695535891 0.18180422245507316115 0.80568434787381881801 -0.38281983557677612406 0.45201958484109378
-0.84814983619312567242 3.2763421586153436138 -7.3161741604139249873 0.68258446807340922291 0.00089568973403550107906 -0.73080615876228327554 0.25410648218547854382 -0.93789349030310265043 0.23618995863156816428 -0.68520678605523632765 -0.34692217943939401836 -0.64041912975539061481
1.0303549161128939815 -2.3373780432718072042 -0.011528569398574294025 -0.95318316139262793119 0.0054782212624333009171 -0.30234392656269654109 0.30169814394459476548 0.08499682671649101684 -0.94960716582622395343 0.020496116167910229111 -0.99636616188031668084 -0.082670313184746019308
-0.66905176944050592791 -8.8865875209465361451 -7.3922956615471759889 0.99992298912666344179 -0.010344770226238487673 -0.0068557672928415830382 -0.0059071935899180187668 0.089092877979981860426 -0.99600580528293081173 0.01091425123860048467 0.99596960035056902871 0.089024908299273480816
4.5956684766479449777 -2.3990880824466684906 0.53070322408928360947 0.14631032246621789028 -0.0069331786020330465892 0.9892144462016410067 0.95071295557862445236 -0.27536448244592925949 -0.14254570460666055043 0.27338281883542248085 0.96131489785679258286 -0.033697203502178724177
6.3428310101911122842 2.1635318459681069925 -0.62629324898231764074 0.96628825530190587401 -0.00291673090161706592 0.25744611153818525162 -0.23536903871819689349 -0.41527369596696966925 0.87872019041929039229 0.10434760791752303866 -0.90969184349348120033 -0.40196060329728744431
4.7704695924954840791 -3.6668931025453379569 -4.338350318023791452 0.15617926401224041522 -0.0030536405076480423529 0.98772400637656243561 -0.58738834197174316643 0.80366715661054288766 0.095362660940073104565 -0.79409254700474896094 -0.59507123663105299105 0.12372247219537362006
-0.75006029946553920418 -3.5101262428886692568 -7.0435804645090609455 -0.77106698775712945171 0.00054260267473914616798 -0.63675380326570263367 0.63611921353150047143 0.045298677230861325582 -0.77025994055043622843 0.02842615990569104592 -0.9989733406969347751 -0.03527347458851667894
-2.2962324568916541168 -7.8540721917161482324 5.2557466180556291491 0.87411643982386899587 0.00188876546591676517 0.48571275687832948798 0.48018046688941268263 -0.15390866877665665413 -0.86356171805681236631 0.073124338268274510777 0.98808327292812470066 -0.13544104589236150016
6.0371084002634241017 5.6390086666255854198 7.542817524179143085 -0.99626195631311009748 0.0074933886474185936941 -0.086057908005144401198 0.036668115851625930623 0.93870823220078869475 -0.3427569168938764399 0.078214855900491125906 -0.34463125790531290438 -0.93547406826238477251
-6.1321073571125106483 -8.097483601844819745 -5.9191529005346366077 -0.24698060776999319899 -0.00010207074992362873307 -0.96902041720869580566 0.52434900246381244138 0.8409361724789824466 -0.13373285845830285012 0.81489797091463178624 -0.54113431179113358205 -0.20764140627869737132
-3.0974204082248433245 -6.7537363805896388769 -6.5946004899581671665 0.52594310455177351038 0.0030692147235730025262 0.85051421545751493269 0.84271757104786593207 0.13325817216335267279 -0.52160267924819947449 -0.11493888037369026645 0.99107660625844595792 0.067499735597603124915
5.0220255608527519797 7.9936441013567156588 -3.607137176253804256 -0.91716310144033685869 0.0093718824336057188207 -0.39840182376038596468 -0.21124546869199226085 0.83627619415528087199 0.50598169833132955464 0.3379159619092617084 0.54822832370175911265 -0.76502190019526239428
0.41779970914616365585 -7.7870136151703430727 -8.0942473607168210492 -0.99964443417547488302 -0.0043161582543448867924 0.02631303858862673109 -0.0071975643076859037103 -0.90650494744130527547 -0.4221338358062718954 0.025674896102628710221 -0.42217312922843219791 0.90615155943577074815
-0.092299605082369215459 7.8678967126281893485 8.2452567692637988017 -0.87511322431573834724 -0.0076123200513160647895 0.48385834415812800646 -0.46984305305175722012 0.25276387375936321122 -0.84578834800497404434 -0.11586349781952752502 -0.96749804997500254977 -0.22477360424996942201
3.3480191945577559842 3.3649068051310857541 -7.8342706188045587723 0.12954246479995615293 0.010182592360236735265 0.9915215906001098034 0.449199737557301082 -0.89205755573650469259 -0.049526892005409169084 0.88399001441861313477 0.45180707394445629443 -0.12013335232939169328
-6.1023913136358611808 -1.184790235632065869 -7.8265273463542532895 0.99879502723602553438 0.0038835280656994816857 0.048922507891407222835 0.012812531407599116184 0.94165748080998656899 -0.33632874969864962056 -0.047374387674603411769 0.33655030388440571043 0.94047305136716474738
3.2248549505503110169 3.0304119858525786491 -4.1614817311629250796 -0.86587910872697626541 0.0086474570450074707273 -0.50017855867351435073 -0.32441275388546286784 -0.77081001705173024519 0.54827755993587123928 -0.3808014366916843696 0.63700638858602309789 0.67023363591666396122
7.3757668980964687933 2.2347711399263259224 3.2868826888944626674 0.38177320226610717002 0.0018502849267882028224 -0.9242541849930722142 -0.20056765076051191743 -0.97600281192824478449 -0.084800522265393349364 -0.9022315886178183808 0.2177500575288072171 -0.37224061162971183725
8.0263734465351177505 -6.7383743589600495483 8.2322539208577154568 -0.85188634390398643159 0.003042667539511201974 0.52371786225416416816 -0.16469117855671666639 -0.95081096714485546784 -0.26236486133275377375 0.49715839807378042758 -0.30975675445553901843 0.81048397904800095759
-5.7130299385259917244 2.2729189411118695396 -2.6622112921247391704 0.31486893527109266477 -0.0055057739259788719688 -0.94911919170075431662 0.87858602212265624054 0.3800161047271645165 0.28926521028074242414 0.35908794929925508255 -0.92496348392877347777 0.12449256229359731418
-8.3869491270892631007 0.91010787327498787747 -8.254374560142723638 -0.31445652447194016865 -0.0077679728497481760618 -0.94924009229212902294 0.32240441720386558977 0.93965245679304121307 -0.11449302253817834896 0.89284516349929754497 -0.3420422766857142971 -0.2929754170152798487
0.27616440528091307227 7.8152377899274281248 -5.182937345248025629 0.86421637741077772521 -0.0017090602828882727957 -0.50311741385868513632 0.39019930868920782441 -0.62899509999235769797 0.67239100505896198801 -0.31760754479918207327 -0.7774073856727690135 -0.54292099258383708094
-0.70028302064226455315 7.675761090705634615 2.5940533607766917967 0.78408505873188538704 0.018485678171153780563 -0.62037803021714021945 0.13663896006527675997 -0.98017381987569163204 0.14348894529812941667 -0.60542581318100074927 -0.19727534699765028603 -0.77106551096610553842
2.7869706658229000951 -6.9608747483106281351 0.30685585993926034476 0.52009798744350543842 0.013847165843298264373 -0.85399434392457995724 -0.83127218732715157934 0.23786090310613930421 -0.5024029670992226082 0.19617500868758433463 0.9712005183130073549 0.13522174083585428161
1.8856626192789014418 6.7353285542915122264 0.066634469892466879903 -0.85733123475126005175 -0.0045730301963300638152 0.51474483126600123484 0.083659312684068148913 0.98542862007905918098 0.14809305902191466364 -0.50792152279786528801 0.17002800394071171386 -0.84445615904829596232
2.4890212328546308385 -2.2435624384578809476 4.7865872041882395749 0.66107898924540065 -0.0014101961089870696485 0.7503149880717272513 0.1288811910556585949 0.98534890888522175256 -0.11170123701509546144 -0.73916453416697425194 0.1705448301930297117 0.65157520849418648634
6.323710867812764036 -7.0365379334585087534 2.4778582270452118586 0.46484770215681497918 -0.0031528056214416401784 0.88538504257548422682 -0.74639195409542757886 -0.5392920641409050253 0.38995271561597610877 0.47625168205620882489 -0.84211289585860649165 -0.25304190555588068623
4.6335979514612795072 -1.1516186516873223589 -7.2137488300816725584 0.93961140907235374264 0.0045446075819435211365 -0.34221301331601877704 0.24155758277565406167 0.69953553406768487211 0.67253250537089059868 0.2424465593579634981 -0.71458336330954819182 0.65619378443939557766
-6.725046381254312422 4.3562336712996083676 -3.4538131182168076982 -0.6884469032313835779 0.0054089241325525495158 -0.7252665751095219715 0.7234796943785233303 0.075665777987278276528 -0.68618643375073007373 0.051166329292869613954 -0.99711856545838628563 -0.056005117314241986692
3.8680691041895101101 -2.2770940864477791088 -7.8130889228293041171 0.93455236953461606753 -0.002331926401760403382 -0.355817974133205428 0.30272400980787483871 -0.52032423997954280193 0.79851165249827404935 -0.18700278736642239608 -0.85396560083471784175 -0.48556432128815513183
-3.8424944067298811845 7.809749855836169985 -4.8446215947304649418 0.086058799842171435079 0.0056247393080914743352 0.9962741817783197229 -0.79307953189984270459 0.6056306451456502371 0.065087462251714744976 -0.60300807544470180765 -0.7957260106143464462 0.056580712086448270437
-6.0400907877428018367 -4.7418385658446311481 -7.2672786937864657375 0.99553944976654062948 0.0092173806833309498282 0.093894855301266885728 -0.031436680725142447657 -0.90593560062923217391 0.42224687401776200835 0.088954702313389449886 -0.42331516321292006477 -0.90160486552054186493
-0.43738325645344749981 4.5074210338915206009 -8.072397508441962799 0.72359311014535365736 -0.013682270446377889361 -0.69009115805498222329 -0.67532032601999603116 0.19262940419299315331 -0.71192441305560949516 0.14267259097178716654 0.98117618607234402539 0.13014539434689978425
0.30492214462027372734 0.0041331835815252571109 6.418980192204363 0.30680326555923737031 -0.0014844032312103594765 -0.95177179659253674515 0.75940837141929307119 0.60318656394862046888 0.24385424845625131018 0.57373398161555255736 -0.79759874976007227865 0.18618687580125420356
2.9340609708671494538 2.0922940107848617686 -7.7704982916379163882 -0.0074565731100389737868 -0.012407441517342989584 -0.99989522196693214617 -0.99950051710777887415 0.030801156384718836323 0.0070714260629346700759 0.030710190794899182992 0.9994485200149564319 -0.012630915286916503948
0.65748785773193585413 1.9030491213666205219 4.1029562257520311164 -0.99784476825752932427 -0.0014862143423954726762 0.065601902622433122536 0.049734487681698941186 0.63503757760014500899 0.77087856097509110942 -0.042805364100683612749 0.77247981604855908699 -0.63359500834633841748
7.01228047752483441 -1.282350775498102724 -5.1008826493334602503 -0.83529912155446117694 0.0056035151470848459238 -0.54976720359495367951 -0.3927508212993935377 0.69366282585022631668 0.60380350810683847129 0.3847364941088513568 0.72027806064849164702 -0.57721516391139116031
-5.6515532667178627335 6.5115616088981829179 -2.8699648450933139543 -0.08893121503494463842 -0.0013476500601869003185 -0.99603685816931142316 -0.92108041614594082791 0.38069950718469375284 0.081723633188243396952 0.37908060618373384809 0.92469782581585480141 -0.03509736381541656014
3.7757032479700525229 -2.5478982927402733516 -3.8725959040531390265 0.81966719319297254298 0.001729748535319992897 -0.57283741181352121341 -0.51448724250991817453 -0.43749641368289748922 -0.7374956035863945436 -0.25188999523177657558 0.89921849179426538434 -0.3577115238810438802
-7.7439542468538657971 -7.9996264507391323662 -1.2346294042713592543 0.70755098739850641465 0.0062303613300331165195 0.70663482990108228421 0.39599672718212869382 -0.83170174941304464422 -0.38917707034779935871 0.5852847104548967172 0.55518770035101239202 -0.59093859671402004796
-8.4358286021147215195 4.2026122390253171091 -1.7408013457839781601 -0.68245429188699446854 0.0052124667199931282863 0.73090968640167930381 0.36012519411462468044 -0.86778171694774874911 0.34243939068882384147 0.63605501652689666603 0.49691822458220213932 0.59034421656269753242
7.5524766472007254237 -8.8978983295310332124 6.2683676940660948418 -0.49143483987221409093 -0.0024643801736942173852 -0.87091085938236090236 0.44470350974159444934 -0.86051500523081525529 -0.24850093399444844744 -0.74881946194225679214 -0.50941913254507564801 0.42398297231572462662
-0.38119759562358945804 4.4359352690144495668 4.1941180802289803609 0.82642031367156099098 -0.0018261323759836344763 -0.56305073518441683955 -0.37428416010694381955 -0.74885280001573961695 -0.54692856151581925594 -0.42064335564004134982 0.66273384487987752056 -0.61955065830551347972
-0.90593412260028660654 2.4664133163700188156 7.9794315988633917058 -0.42245600449216774708 -0.0017476384575527824806 -0.90638174630137380294 -0.43644264131657273253 -0.87604070734201022752 0.20511094539316895857 -0.79438576592814880151 0.48223399386531307087 0.36932591305177886465
3.0951073016360819423 1.7171195577748774586 -4.7505797098513466992 -0.10428642119721268089 -0.014708356497887316999 0.99443853837378093363 0.93865694104082064708 0.32901617319405551676 0.10330297581773317805 -0.32870577936798728302 0.944209734129965228 -0.020505818300520704117
-4.2376880789114865777 5.5821352817542697622 8.8030749806835579818 -0.99673575349504683896 -0.0024661088120282795288 0.08069545223911532561 0.077144052129661980222 -0.32380422969271399625 0.94297381514782663281 0.023804052717049203891 0.9461208903413993454 0.32293749849450942291
0.41369648340199616232 -6.7547307783257801717 1.9562450853679527185 0.99354815441646104901 -0.0035596007620996052145 -0.1133551679356602504 0.10277561225973602665 0.45085315474527593027 0.88666149481104583607 0.047950374137699924848 -0.89259103854934152 0.44831015995773682015
4.4846662565224910679 3.4367921869540967172 1.8666530956325684265 -0.52280821249736764145 0.0091202654852678942399 -0.85240154487362607139 0.5603806938677924343 -0.74984228413671061286 -0.35172436205150248156 -0.64237454096917201429 -0.66155375418622441863 0.38691288352341829393
4.6308073505207598686 8.9480787279185900474 -3.3222737013621874702 -0.96857460178505483395 0.0033079765449058650198 -0.24870122248946741061 0.23010049380576599876 -0.36770755863242332584 -0.90102436930112550506 -0.094429886830659837127 -0.9299355937995960053 0.35539103513929898304
7.4919292936512524861 -5.5273256010760842827 -7.4898843010984927915 0.9207758898135137704 0.0052429998345964014608 0.39005675444875065327 -0.23230079778314108307 0.81065051983730551655 0.53747751026141710184 -0.31338171626242811163 -0.58550682800466724576 0.74764540677525936907
8.3064687905863827666 1.0811428001237701757 -6.8222538024156369474 -0.49558724240113527504 -0.0035936392241736605721 -0.86855073019719764016 -0.16164377997461354397 -0.98213967890682440931 0.096296103307266373017 -0.85338418872442778351 0.18811894342084750642 0.48615500569412906096
-2.8596203737618783869 8.8430143041886406508 5.7731718606294926133 -0.92555886867497527692 -0.0029500786620263565532 -0.37859223136903735751 -0.21491786808575380485 -0.81914476020458282246 0.53180087608677950595 -0.31169069699714746502 0.57357925247083230147 0.75753267291930859173
-6.4013116711188713381 3.4633883329424008934 7.5956496285421550851 -0.47763976849221639887 0.0085632014220206782718 -0.87851404265163834939 -0.69618762104240405897 0.60625412010904211613 0.38442000228690703656 0.53589462384138630835 0.79522488230206467286 -0.28360948274983055484
-7.3315565931382566944 -5.6605449475847873231 4.2985180190236134123 0.71534899450629263473 -0.0041838170530713886947 -0.69875482948873945954 0.39555712915957985665 -0.82191204016032537449 0.40987212128973904424 -0.5760298374474336347 -0.569599064179807546 -0.58629901283878693707
-8.5884713125149829693 -7.865813758447010251 8.1499051613704267538 0.99919805040995579581 -0.0077979946330006448887 0.039274003315529201763 0.02144148110000039173 -0.72416476000663243529 -0.68929359728086836423 0.033815956957591389309 0.68958291136306493208 -0.72341681581985772809
-5.0696861400158246269 -5.603713145950639074 1.7173521087865015744 0.73283254433021105534 -0.0018880856703970601979 0.68040642053329458694 -0.5139752369562395895 0.65373503760263707019 0.5553917143842336257 -0.44585414404978779279 -0.75672117437220476344 0.47810788164446316184
-1.9076509748582446413 -6.8351836018044025423 -7.0195749686894899355 -0.62926380153638405979 0.0075756244728031997895 -0.77715486100865593944 -0.38847275458309632468 0.86300983063331437872 0.32295967422723981244 0.67313890618681826439 0.50513032194088447469 -0.54011792308112149819
-1.0541947263164004323 2.2037691306535989177 -7.913049781783712433 0.99784995167487455792 0.0098242758011983719046 0.064799363789725575313 0.045095837282396827872 -0.82036613206458364189 -0.57005769429191432973 0.047558799421217434755 0.57175422426646016483 -0.81904533917921329422
-4.6455887133772222342 -7.9586566786987917865 8.6952964011515856413 -0.93976998593783489522 -0.011687540932258249499 -0.34160763299030799667 0.075673841759410206964 0.96750016276579153818 -0.2412817952544140665 0.33332543137845149772 -0.25260015129606905315 -0.90834317323422186785
6.6406345550317551485 5.6636304408480881989 -8.6803848269711281205 -0.16974704289969710924 0.0057211014352255475796 0.985471060166150159 0.34831635655827108966 0.93578758750564772217 0.054564703097650497921 -0.92187941574834686431 0.3525178861683568865 -0.16083992896880947021
-0.65858675701608127007 2.1809216144730787512 -6.6690450971537371672 -0.99732633434498607627 -0.0023841956446942593265 0.073037650791029154473 0.071380786483588615221 0.1822803379313626404 0.98065216143370015356 -0.015651394280162569256 0.98324371038665359102 -0.18162279549213958263
4.7053378546203896704 3.3505054832482548122 -7.5704653415389895343 0.16729554877350921727 -0.006603142380595439058 0.98588467777501165301 -0.0042044974115065195802 0.99996369969523835053 0.0074109036796704700137 -0.98589782511282597621 -0.0053849607736975915045 0.16726171299891787192
-4.1094929568616844762 8.8481371107522104325 -3.8297216977302221963 0.49967193412314842016 -0.00080184173380089696775 0.86621435874698793356 -0.59631387128350277216 0.72499976752537997893 0.3446521492798207964 -0.62828156519537858848 -0.68874864365596133453 0.36178388672972272566
-0.075595335926773435387 6.6262830548038991196 -1.0836288218023462093 0.96859505478708163295 0.013817175012762947933 0.24825935131769025221 0.17095875834371340729 -0.76200848927854314407 -0.62459279952060520191 0.18054562522412911929 0.64741960731977477028 -0.74043982150493137251
0.96891120067905556201 -4.7222500447961603953 -2.1782556890874662514 -0.88149785991315066092 -0.0072254031326179878059 -0.4721327318861160971 0.46145200505733363627 -0.22518661645757603873 -0.85811015306693039228 -0.10011778062413058399 -0.97428885928030473096 0.20183569725142375129
-6.7011743654403765902 -2.5745901519038438821 4.8352641189325211712 0.70978897383145955757 -0.0022707935890756026504 -0.70441071550895351105 -0.25863034584172844843 0.9293142348775310646 -0.26360082902673726002 0.65521748819535419184 0.36928294890290341845 0.65902970100925595265
-0.75892507021937527512 -8.9174098279527118649 -6.0694441882899408114 0.99538541671450031512 0.013173066674539449239 -0.095049158368440925249 0.018847546654688188822 -0.99807696927712763468 0.059051954952426696788 -0.094088480577026484264 -0.060570898234773726254 -0.99371953996571549261
-5.0007949505195412598 1.0349830911122519517 -4.249528669136914516 0.74648918193844659985 -0.0035573918366837431471 -0.66538804183135624726 0.65926338509656923215 0.13942401211335600508 0.73887261007430160564 0.090142611013005330411 -0.9902263831113710113 0.10642377492945898076
-6.7045302407525042554 -6.8747745661335866174 -0.57327488701596962528 0.51463249530974397583 -0.011099105116827306244 0.85733902549515206282 -0.49698132233772862598 0.8109498676439841347 0.30882013764565757752 -0.69868659642115249486 -0.58501036062103572988 0.41182510601881183732
1.0551849602431258024 -3.4755472934407780627 -4.8618424900295966751 0.23119136376559143442 -0.014920567023531439849 -0.97279387847580678361 -0.9061505864739082261 -0.36729937846067406415 -0.20971952988602615697 -0.35417745263264294175 0.92998308762165271535 -0.098436724775478628979
-2.5683061016493722306 1.0854505658789583844 -5.6950916169461454075 -0.50594993283087785763 0.0027941386213712260042 0.8625583216559458144 0.63731235196856450553 0.67506743592980411606 0.3716408521346765137 -0.58124661848181602419 0.73775073685923653333 -0.34333106292150583627
-3.5438454720226717498 -7.162675233026932986 -1.846659847306823643 0.79915115050540497244 0.0056081948518024084954 -0.60110397336628262899 0.49200291458079764562 0.5684317506436034062 0.65940767125058363796 0.34538467060658578633 -0.8227113059941708606 0.45150363929806386354
-0.07071739576647362302 8.1619982399205799339 -8.2500686727707925883 -0.85391586265833596681 0.0017715396236778358646 -0.52040807175507242111 0.063453340213139905468 -0.9921786143777111544 -0.10749544542468435215 -0.51652819198583677096 -0.12481369643837772476 0.84712464730116110445
7.3899780499711438253 -1.2481787921478599834 6.7776873752849651211 0.089369173922402359023 0.0080205109203935736478 0.99596627561219430724 -0.49033286313975221749 0.87075009106315570673 0.036985973534854645062 -0.86694107878066695161 -0.49166040141344996561 0.081750936414461794488
-5.089371561989421977 8.9290288383197573552 -6.8508151149659468615 0.18131939495498675119 -0.00030676229696532323742 0.98342421309919225703 -0.29703927550286524095 -0.95331041722524190174 0.054469415441569787872 0.93749183773603905756 -0.30199197722255266552 -0.17294478850611672005
-3.668843126806188959 4.6481138466034215284 -2.4163888769527543943 -0.40446918192892389321 0.0069734215174895638339 0.91452504189978700566 0.57980622574586426765 0.7752832797215560845 0.25052061146831083871 -0.70726898804897464501 0.63157517967112919433 -0.31762142712262003696
-5.4343030299562791186 3.1014049480808223436 2.4478065366528589664 -0.97779138148743782732 -0.004827550017149051173 0.20952496044582269441 -0.12415754834149506092 -0.79208043567940966678 -0.59765666281218010614 0.16884583938842440132 -0.61039763939174140894 0.77389004667757543832
