1125 17.292696884352682929 17.968806560800352656 18.477561601407678893
-4.3907624042073774007 7.2541563549508003561 -1.0790526149392773991 -0.47201095234390594291 -0.0060570717974843830272 0.88157187611027931773 0.47595435163343091656 -0.843472889961118244 0.24904003505836896926 0.74207352467861276146 0.53713759483198364464 0.4010113317469920502
3.9870518024125418677 1.5379938533853974025 -6.1082135949322253765 -0.48129288243795870228 -0.0015067307111813676643 -0.87655854971423174948 0.71372650376268542693 -0.58120689477932063749 -0.39088748162014480547 -0.50887291059845707331 -0.81375443176885964292 0.28080613532383502662
8.1313302408435887969 8.1430839130162286921 2.4313585750319530732 0.76818314207017457385 -0.0039110647830418576038 0.64021821577609316911 -0.61859007124169429481 -0.2623247434462939176 0.74062949761471230659 0.16504842925775675688 -0.96497172629485694628 -0.20393279150630858054
0.6138980954158734793 2.6722009252471727869 8.7299100603971773182 0.99972740219861933042 -0.0034267502748592578582 0.023094992444948333338 0.017865759788525562707 -0.52454350371817592968 -0.85119617441253181411 0.015031164979988392155 0.85137674979412314435 -0.52433929281481617135
-0.098647434220496654778 8.3785185904019829906 6.2695895748435832573 -0.8424854889694727289 -0.0044045858969223488158 -0.53870103072018149515 -0.48176123562632922059 -0.4413493965851985612 0.75704479522833589833 -0.24108984367658789494 0.89732452867244005823 0.36970850344410133292
-5.5351397376934237116 8.2730441974122275184 -6.5654544108984866924 -0.83759826174157525625 -0.0019134913348810150824 0.54628334266953659792 0.54612766367143705803 0.021194363514036598795 0.83743380271404121995 -0.013180550071076387042 0.99977354311156330091 -0.016707351485844800648
4.9391445303444410087 1.5379756549417920031 0.20817813457228265261 -0.96028827037670894118 -0.005616150690123500322 0.27895321584140864157 -0.15033062053154266913 -0.83184788513490537376 -0.53425630602447438111 0.2350471065711001728 -0.55497527408709501628 0.79796948741469053701
7.3309558737215327895 -1.7643095750979236325 0.32152460720993225607 0.99052520346916483884 0.0022165481822388980598 -0.13731317564844472412 -0.13656096510294091217 0.12163722475941773915 -0.98313553916185114634 0.014523226316366761104 0.99257214975385843481 0.12078743076314589489
-6.3557613693891381601 -1.6808782583607084771 5.4099759508079081627 -0.91471485135857077964 -0.00020146614305026171177 0.40409986403776809727 0.20238242953646570776 0.86532136788638025493 0.45854147303616399345 -0.34976862769389288621 0.50121740760948663151 -0.79148153319616754153
1.1041819058685626853 -5.1899740075872502487 7.9480320655276939235 -0.16083563002437528677 0.009801951823261125657 -0.98693253156191085296 -0.23857255343817940219 -0.97068442375888874807 0.029238437338566489881 -0.95771344193392160538 0.24015759661611260634 0.158459117525207277
-4.4400623395971203777 2.62868692901251233 -1.1553641818566466881 -0.48948354548085359905 0.0025727441838170233071 0.87200873831115544021 0.84465368764843351546 -0.24712451102671195713 0.47485747755679946769 0.21671641987964185283 0.96898031818882079946 0.11879030397040633849
-3.2641745403473318987 8.5958982316160579273 -8.6790951253984811586 -0.29126224275250722773 0.0086979074661490060616 0.95660370705538599889 -0.32594794298901463847 -0.94102807507599162129 -0.090686825835602447032 0.8994021594415793075 -0.33821665885131035889 0.2769210126865810917
-4.087155150659902425 2.6203437057113250219 -5.524111008168280712 -0.21050602595469844469 5.1555472704772897785e-05 -0.97759255847150872132 -0.16167312409618259106 -0.98623194925558499424 0.034761231464482789111 -0.96413122238728576896 0.16536789171420174238 0.20761610344161876562
-7.4278118867917370949 6.1237111982135683519 0.51145894150328563565 -0.30339888038436135798 -0.010988881052390772966 0.95280027491328045386 0.26708334376096065643 -0.96083067950237188715 0.07396548392497361013 0.91466693767034057405 0.27691812837012269588 0.29444989949548361352
-6.5202887001642935161 3.788579619328744208 -6.6998823197203076774 0.99897811963275251479 -0.0019499062670282328071 0.045154339331226540921 -0.02205827868705603767 -0.89303550965941802531 0.44944522561600769306 0.039448052376035380728 -0.44998197336468576113 -0.89216594578044772224
5.8324261731940154618 4.7475123977588387092 7.2150152049324187686 0.67050662765518243003 0.0023022940714000307214 -0.7418999674567544611 -0.058262313535832326028 -0.99674348227120779242 -0.055748841882321216457 -0.73961230728802340728 0.080604776482269421822 -0.66818897395586374088
-4.9335449375391400295 2.9286958781848477784 -2.5808237220251886157 0.74530231324446538643 -0.0080900132395281109526 -0.666677593412368652 0.3793641385033639235 -0.81713477466820838568 0.43402028805711473369 -0.54827667494599552356 -0.57638989556843933659 -0.60594337688956212418
7.6746608933533781993 -8.5204651799051447369 3.0868893934940486723 0.9956040417833771361 -0.0011031015941091082584 -0.093655619968211659132 0.042757828745957335292 0.89500873673986303114 0.4439945148763820848 0.08333282705905745158 -0.44604724450012411818 0.89112148195864149258
2.2852294871307408108 -3.8082705310678237609 8.3974172638698654225 0.73175921194705784156 0.0024821290098605728811 -0.68155872437081244097 0.13003553284784827304 -0.9821327857102415404 0.13603658121831815886 -0.66904350824700997702 -0.18817287335899793299 -0.7190074782671943554
-6.1384786069223542526 -7.4669102149827679682 1.5117438815182737688 -0.90183244732837997137 0.00213015483409100502 0.43208066305503295412 0.30725984918837967452 -0.69991244711906397402 0.6447588320021263586 0.30379207037445904449 0.71422547476859865601 0.63054924404793000203
-4.702283977735739029 -8.5299094854027828205 1.4576741738838834284 -0.88429959909956457054 -0.01032892713595186425 0.46680566866347356081 0.2374951049574107742 -0.87071743538128509865 0.43063583553185663666 0.40200782847277860554 0.49167515799275268717 0.77242814867106124321
6.6420180438707081549 0.29203348459933492487 -0.021983473217486657059 -0.97747074714870729739 -0.0021436399653600632896 0.21106004661302676939 -0.077768285087550015344 0.93325876560652598624 -0.35068528662236392313 -0.19622189557518554537 -0.35919838700444539636 -0.91239985010436541746
-0.4984450044512622191 -7.2702246104183299025 -7.0498839064426181977 0.048700322894972163101 0.00470192384217493764 -0.99880236807003330846 -0.17782583307066307521 0.98405369117491192643 -0.0040380660938632677304 0.98285617037435180077 0.17780951829756119764 0.048759856030305283314
-0.10725779600599388841 -8.4049490917300619941 5.6777665826642813585 0.76361938427912701144 -0.0060215042939969487534 0.64563858112671790312 -0.52902099515933787011 0.56744696975001285288 0.63098393260238494484 -0.37016512887354413586 -0.82338792680469308216 0.43012800345753321452
0.67537757201374803984 0.4493875886798668895 4.1804934589612008367 0.81227019672826983321 0.0010512580761658004563 -0.58328039771925632717 -0.57076709828886607045 0.207464989547459705 -0.79447038813471138052 0.12017506820420129077 0.97824187856010391684 0.16911765139571652283
-8.5617875462770491879 -7.3944939171448424986 7.1482784419755649452 0.52796345970132185776 -0.013834868654121170589 0.84915439210396093106 0.52082914966225424269 0.79504388894446853531 -0.31087330460258832954 -0.67081411887526021243 0.60639410539831761771 0.4269597250984114023
6.1558508261709157239 -2.413856925595949221 1.329779348802019312 0.97902452354313429517 0.0087391997592546726004 -0.20355492794005278223 0.18660952688549295453 -0.43947903112381664359 0.8786552598591097496 -0.081779378676163180795 -0.89821033594018373503 -0.43189156698574743265
-1.3873410569351176669 7.3813120501235163218 0.39893665917566789592 0.60685527998267951855 0.0063610225637868913345 0.7947868937956588109 -0.58098217106548089017 0.68594032536510318732 0.43811595148077253636 -0.54238951507308985622 -0.72762999349255330639 0.41996214890010724607
5.12927021435798558 -2.019707950229628679 5.2866468051477282231 0.46307049655159254753 -0.0043182630969389769471 0.88631093179911946134 -0.87816727019498874718 0.13309746586757101317 0.45946415544375374118 -0.11994982609998283696 -0.99109354613138367363 0.057841352293254474914
1.6437239345546645897 -5.3256867595685086769 -2.3007589891424009565 -0.89921270044145940048 -0.0027071692690614958948 -0.43750336067227219017 -0.33993731370275181991 0.63383791549246226715 0.69476047644983918161 0.27542538393818394304 0.77346116135128373248 -0.57087537148113309815
-8.5433194690787761516 -1.750525698242181516 2.8200350548000732154 0.48530412183856397323 0.0029384914512891290028 0.87434047978705919935 0.78690291448685190101 -0.43737412255977364817 -0.43530182642305553786 0.38113476946980318072 0.89927484240528510195 -0.21457177195101459488
7.1510546970462005589 6.2336114861142233323 -0.63164685555280764007 0.059355222905674479006 -0.0035471218781885855212 -0.99823062237144311037 0.96618906388005287855 0.25155535372658865967 0.056556138923824453291 0.2509096457937438629 -0.9678364127980403353 0.018358314460541074603
2.0942198509413465501 6.2692406682184529387 4.3920542700242952705 -0.78237635383344839024 0.0013208367899132794632 0.62280454104966509465 0.4686921468244393818 0.65978315452925317963 0.58737880494969763046 -0.41014011321398524679 0.75145488513231828431 -0.51681780459195947319
-4.5596785792376861579 -4.1508968919622208915 -3.8502327122896322642 -0.64664430567188990739 -0.0017402452442805160272 -0.76278969151965203555 -0.62334757675484886441 -0.57515786782991729087 0.52974637858823059311 -0.43964638119287763329 0.81804058494667786228 0.37083778243859083501
-4.1849754995283738879 -8.4076420090790833228 4.6164452065972421124 -0.59814124907381049923 0.0099873403722852208131 0.80132845899048377181 0.18911015948734402614 0.97344211311857431479 0.12902635384015365139 -0.77875823830933776915 0.22871533713069583382 -0.58414458897274057492
-1.0576477874379206501 -4.001694116119929312 -4.3321089415072444595 -0.92992558837066552346 -0.0012381882546860364588 -0.3677456552883059393 -0.11721664520694205502 0.94883413212322242902 0.2932133145072428615 0.34856657639529786685 0.31577247601345914685 -0.88249027485411635219
4.826792291258170664 7.4010629230353961461 1.2183199434845408682 -0.23755950465680633621 -0.0042430784986999892441 0.97136372077227839394 0.6099726017611741824 0.77759552922073249537 0.15257332019914882082 -0.7559754670940082022 0.62875049838624563758 -0.18213704711357958654
-7.6696455773493559249 -2.8245134855535543039 4.0654959402632835364 -0.36593540883396796781 -0.0091485131273343484049 0.93059528328321994284 -0.66592734852991941619 -0.69594521603973469315 -0.26870247998739144046 0.65010156363561655279 -0.71803660142002467826 0.24857875206770019272
-5.9250362511751610839 -4.1332489180150320252 -3.1765869226059542108 -0.59329760983803103702 0.0026479029940266168158 -0.80497884119423168681 -0.80433621148544309776 -0.042034748805332859678 0.59268569983225749542 -0.032267709144120491904 0.99911264054791604217 0.027068920258989229155
-5.6476876729259943843 8.4628760325994392133 3.1061338200206463078 0.47305687815960700826 0.0018852134307640292139 -0.8810298723632065121 0.8249067438596540125 0.35026301181018998365 0.44367182296400609065 0.30942859266830824438 -0.93664949075298797876 0.16413920162902195798
1.0267300774340015757 -6.1937094546183084631 -4.4712062123767557509 -0.81062076124936566224 -0.0071008146254623264598 -0.585528444964982131 -0.42932856865914842404 -0.67277896935691994251 0.60253252071957541514 -0.39820969546818607565 0.73980945980881551716 0.54232001771304194637
2.9495191377621732265 1.6652315735275486919 -5.2131784009214179321 0.42426257679408874157 -0.012238726275881257194 0.90545650337892014115 -0.8893632808035131232 0.18252005467246612547 0.41918896025642665704 -0.17039430944271366508 -0.98312595491181165031 0.066551754958364267578
-5.3878080507150034606 4.9237928202439684711 0.56216090748318525705 0.27758384424016890879 -0.0046455436341008510617 -0.96069018332720368392 0.26421185800742619243 -0.96105818495830630521 0.080989253687459808462 -0.92365540300770287985 -0.27630704668708477856 -0.26554681780404459923
7.1542490487883787509 3.782809015275061082 -2.7034572331354040919 0.97118523859921168651 -0.005681908933868321486 -0.23825815460885546582 -0.17021208983755331534 0.68320734138576311167 -0.710109550104656706 0.16681449817050472695 0.7302023312668378674 0.66255375526261361951
1.5944345173882654709 2.7365777903901782331 -7.9546530176749525864 -0.72417365877615458292 0.001906552576703508025 0.6896150208571947271 0.13564365951537249444 -0.98006737870188964656 0.14515071766108830764 0.67614592327977141029 0.19865623136840121488 0.70948036771328670813
-7.7046773146396407839 -8.2606539088626984579 -8.3142740449277283687 0.79933240903907643027 0.0010490189693226304943 -0.60088817546934258917 -0.56286553852868992376 -0.34876863394662432905 -0.7493616119815142973 -0.21035704265882421149 0.93720826902775666856 -0.27819161574286249694
-2.3144059783239199213 -7.3106145672544071701 8.3411173479686357979 0.13866577404332047774 -0.01311624944425202749 -0.99025237546280719947 0.58722756705326595306 -0.80407528067572497932 0.092880178182127196007 -0.7974556963253397468 -0.59438279501243163061 -0.10379549793396024293
6.6224313715570657379 -8.5930672300843742306 8.9047202392660853576 0.99982317459776115509 -0.00057426253012297793013 -0.018796003831710639959 0.01424362715702568935 -0.62946476628331349268 0.77689846639913229254 -0.012277565837984316319 -0.77702881428602088576 -0.62934528134124179122
5.0529044497207094011 8.2939067645500017534 -5.494876417005145619 0.56987009202540983566 0.0060521293270340958265 0.82171251052026550443 -0.82156482391047092051 0.024534168578393224236 0.56958696850000156697 -0.016712819259735299526 -0.99968067216623823779 0.018953505470406323968
1.1050326118601574432 6.721960175440417018 -8.315992633510084886 0.021172434811069361371 -0.014658112016710713593 -0.99966837889171755727 0.023649908054651332806 0.99962006534236802491 -0.014156511353219009691 0.99949607795795025744 -0.023342337431999211905 0.021511053670743948696
-2.784024997481929109 -8.5684491713509309818 7.8174558382138208401 -0.80749549075022597489 0.010929484462543418224 0.58977248052752628826 0.5770344288559474677 0.22210618438545454145 0.78593899939680400557 -0.12240220722315596491 0.9749612244736117761 -0.18565643118348498786
-3.0157831741671894399 0.44496800815631559756 -3.1312549651096173164 -0.58228360700867798361 0.011971478875313294743 0.81289758561745317778 0.2348279163666116276 -0.95479502323642695405 0.18226989136259943991 0.77833260930267589295 0.29702381604193694997 0.55315025264399741989
-1.6129609186655193831 -4.933688823719802663 -3.9804865351313694077 -0.92328256732280711283 0.0033877760459105053271 -0.3841065266971736003 -0.35101444543019272304 0.39868266247972716787 0.84725497563458251893 0.15600692285074629906 0.91708268853565111378 -0.36690759383140997274
4.257814857951779608 -1.662563839253136555 -8.6168991222396904561 0.42288462982239033439 0.0058935406436494471721 0.90616436480295781131 -0.86836186917326985135 0.28851863632345758903 0.40336665784366582121 -0.25906804902554797509 -0.95745614138328416498 0.12712782268792552354
-1.4031253058622450425 7.3781895740587293275 8.8340680934608073471 0.5331728442365926135 0.015360953777359713165 0.84586686852458470298 0.72370702561773614381 -0.52609914810580793443 -0.44661821216057639994 0.43814935722881320768 0.85028449795436988889 -0.29161860931523642115
-8.4336748326884762861 -2.9940060416457510151 6.3159107583417570808 -0.9793651944182187874 0.0016586983702022472294 -0.20209172343782036418 0.18643720143144618118 -0.37855350375282037501 -0.90660819250567681316 -0.078006319518238984023 -0.92557792406460592805 0.37043288271831331659
-3.3000201627572232077 -3.9938277196596505547 -4.4369977109019069772 0.42241970434691999969 -0.010541132346872324199 0.90633905240171519502 -0.0032200679760996213374 0.99990861067488390201 0.013130173670463388125 -0.90639462958566419104 -0.0084649174380945768625 0.42234715653247417722
7.5260860376788807358 8.5944497451258516918 -1.7450954493660777445 0.32582006529831092356 0.0034108166584279025861 0.94542564561086550601 -0.2115222689400088063 0.97490760723200486915 0.069379298811504286348 -0.92146601391021487615 -0.22258374534255737087 0.31836592392673379592
-1.3072609165146091836 -2.7944706417714821889 9.0454960221347811 -0.31604814537206205038 -0.00012099697885655240522 0.94874314499049594573 -0.67723194577784684434 0.70035786331042393371 -0.22551220569434016205 -0.66443243556043740661 -0.71379188049365371871 -0.22142874681546478866
-5.9868338092356641056 -0.45601816402421740948 4.4230198832608182968 0.27425017985035249346 0.0077571561793512173316 0.96162709268196155943 -0.61186344040636331254 0.77285827767455039794 0.16826530517096346951 -0.74189619836355802374 -0.63453125152216072191 0.21670284191872243862
-5.6853187983133004479 5.9649740785549969502 4.4659978621113749497 -0.38398603986174018043 0.0015053993053375574682 -0.92333767114995302094 0.57971280128553692723 0.7787312132279659016 -0.23981402288032641068 0.71867084901024647081 -0.62735590482405079182 -0.29989461393249322585
6.2211117704967406894 -7.0956279312955308214 0.22529393171600481383 0.99351127350863133181 -0.0054592035758102060855 -0.11360258142968060469 0.098632938555792415425 0.53869540764389911569 0.83670711794225771651 0.056629434422615386457 -0.84248291073444248056 0.53573841777248609741
2.4775779077215012158 7.2205914594124580574 -3.0525973635542720253 0.87623149845281034231 0.0061838721188452634714 -0.48185072464859973751 0.045630259304316467261 -0.99648954681556545232 0.070188763510504542653 -0.47972517190018110211 -0.083488578937063101515 -0.87343770048734215017
-0.08876301588258622699 -6.350582505217058582 -2.3957187930462460201 -0.94876754799399676266 -0.003177423649176957382 -0.31595892747654602539 -0.18250286829876327666 -0.81077754055736406258 0.55617666508983365503 -0.25793961102530937879 0.58534578131788739253 0.7686595301935947866
6.8413982165701616722 6.1420496309831200676 1.7336531978298137524 -0.98074915017917030369 0.0041099321864149643627 0.19522861696068144477 -0.18572204038435996543 -0.32846362333709450132 -0.92607719541060151691 0.060319384433428546721 -0.94450767948258096407 0.32290372444402376528
1.3344969888524143009 3.8283222476805418566 7.165214352021362032 -0.22179650004707529565 -0.010550752816678107132 -0.97503589379152000305 0.098772800910603725244 0.99455501551660974169 -0.033230331190236002403 0.97007744348938496071 -0.10367739737145818812 -0.21954669413836896963
-6.0595269547298631352 -2.8630909252241298901 -3.8917204935071851857 -0.99976487740219488476 -0.0028560855712803923101 0.021494945642633676852 -0.012991905174979764825 0.87255920890839722137 -0.4883355786228819051 -0.017360884565463297752 -0.48850002018881549803 -0.872391156513366961
-1.2822494895608100851 -8.498106446452554863 -6.4393469536273926224 0.55201730834228601719 -0.0061307846633134408659 0.83381011313730291068 -0.67889832056214527434 0.57727806146291804623 0.45370376909575421687 -0.48412184584928291686 -0.81652461887760807713 0.31450530224218437025
-7.7133407353459304545 -3.8975471259903038401 -8.7715043876981013682 0.84482568124879309224 0.010913993250321048917 0.53493032541968088545 -0.36213410203055801384 0.74764692331624105215 0.55667133050108985604 -0.39386350484496734925 -0.6640067490671310857 0.63558365046961395883
1.3624231941196376372 3.9730478065043084435 4.371599356613939058 0.55893801604523940529 -0.0083647096105510174158 0.82916724841991873429 -0.82353467905112032188 0.11118611119236260221 0.55626278059723588409 -0.096844858506812889209 -0.9937643987941795487 0.055257515957172022303
-6.8175928088389099457 -6.3840943147897775134 -2.9518506637099104495 -0.92876418216449818654 -0.0033638713468662779366 0.37065587584468934201 -0.086641095987694871638 -0.97028871037191044557 -0.2259051549019954197 0.36040312764276888347 -0.24192664775655994824 0.90087795105153356534
-1.3287654599646989695 -3.8909269960756307505 -8.1961907979335446583 -0.33712966956056167334 0.0092774717434427993179 0.94141251023125682718 -0.94066659662866547453 0.037678553703843369049 -0.33723386629678275828 -0.03859973948974257385 -0.99924684393224472156 -0.0039755505894933963751
-8.1327803578049238098 -5.1315453646674713539 5.3072272831404250226 -0.14602578022435885874 0.0054129548483510016299 0.98926597607987076799 0.53194976999061782674 0.84354454659147581896 0.073905616312973460014 -0.83408987148670299394 0.53703193372041990727 -0.1260586706565423043
7.9692021583935774842 5.8692550195566486337 6.8725938573990204006 -0.63616460192062995738 0.0067133499123519244436 -0.77152416047497063278 0.3872142260781420986 -0.86213630461762680302 -0.32678147955956438064 -0.66735278705222322859 -0.50663194055768323576 0.54586109443763841664
-3.2582730456604931391 8.3863000661412900882 2.8913922437788506237 0.9807662008306960999 0.0019464156694899616834 -0.1951765118408596289 0.060602136692861324763 -0.95356806406854544012 0.29501750493257095087 -0.18553986185334434 -0.30117131114120793134 -0.93534528437833475145
-0.90562706228054590252 -7.2801420750810041937 -4.1613731878930426689 -0.91567211720923702423 0.0010538320686682913115 0.40192469842429723315 0.35643734233958218605 -0.45997829949323343346 0.81324804640482650786 0.1857336661766221253 0.88792953179475053727 0.42081367826555649003
-5.7708907648827176828 5.9272994237756861935 2.2292853933295595503 0.91806346402838923115 -0.0033348845313020077964 -0.39641941748727183015 0.28574012016053756957 -0.68757593807274575148 0.66752671340852909321 -0.27479457735995221901 -0.7261048188303421691 -0.63028543718320106937
-0.025752265117810826944 -1.9067594084391248366 5.8831664970465356035 -0.30053565130518550275 -0.002601890633507403152 0.95376703259213047037 0.13905262747689378644 0.98919197516213241972 0.046514546826989563999 -0.94357972057823635836 0.14660309150869452188 -0.296925654792219329
6.6230864562910731763 7.0616396921291180178 8.6657504910067384429 -0.95604304319089472575 -0.015531088815999972638 -0.29281476200283484967 -0.25626597612842311191 0.52958394003750841605 0.8086214194128028554 0.14251122427921264491 0.84811534341421246364 -0.51028513129406061211
5.1300598314318213156 5.0730012805369835149 6.2861390341413931893 -0.69537563238224719964 -0.00072329644216973312809 0.71864609282397495793 -0.0071823695303144417454 0.9999565440152475837 -0.0059433701597456228827 -0.71861056453194271931 -0.0092944565836377592005 -0.69535060913178303732
-0.0021806432608322025291 -3.1686260194783759658 8.777262295661669711 -0.33069890510583577203 -0.0024504708213395243362 0.94373313460674157493 0.588131324785513665 0.78152908872058668432 0.2081197450747212796 -0.73806488804715619789 0.62386399052727314896 -0.2570096152976185655
-6.7424583418659107537 2.744427898285590306 4.4802421417426749883 -0.037679135837726057678 -0.0053288753998163539138 -0.99927568058545390706 -0.87643628706547693774 -0.48019943732034853223 0.035608076503186487927 -0.48004137054788992289 0.87714314879850796558 0.013423080058422839911
1.145962139710191785 1.5666838732991310579 -3.6344672987154811317 0.88564066948855291184 0.009392670028922828207 -0.46427619182725249347 -0.042477709796223846184 0.99724239489026045291 -0.060854334307234296542 0.46242431674646161666 0.073616462718784664299 0.88359740136469755445
3.3878110806498140661 8.1576752868324042822 6.9074966197946663371 -0.9984425780495697067 0.0070185611607151525415 0.055345805052629863663 0.055545488395225176004 0.21766039831006289695 0.97444273804364456293 -0.0052074040180616829043 0.97599932930634392125 -0.21771125863553089652
0.045025448834995297764 -1.878742709935086852 -1.7100235941850507881 -0.62182494213169481334 -0.00077550874684952954274 -0.78315588482056375241 -0.59630551368057305162 0.64873540822367525838 0.47282354475118693049 0.50769427384732590536 0.76101364554314032684 -0.40386229781921223481
-1.7577500020003682391 2.6286650479642346134 -3.193676345957991991 0.45688639873473441133 0.0039568234446970646997 -0.88951625179046056591 0.45684090779944191985 -0.85907791312057468769 0.23082791024715981765 -0.76325041998801801402 -0.51182954461057705853 -0.394308652772793089
-4.5124928477090060497 -7.1704074183326413916 8.9081544765033076061 0.93979013661465871099 0.0076016403669189854322 -0.34166754921344127949 -0.24976556102090027855 0.69765902249041078509 -0.67148272715376933206 0.23326307819667754795 0.7163896309980446464 0.65755169602762475467
-8.3409230021475941896 5.1046857136364263141 1.7503971737034302869 -0.73242487333656636217 -0.0055126784264086427928 -0.68082553954341917812 0.61955274678606286898 0.40925887047522357953 -0.66982204419338686741 0.28232640483682652777 -0.91240165898258795973 -0.2963359813084443517
0.29601782433003920314 -4.0596225662427078973 3.2452845229062390331 -0.0058447220011384817817 -0.0025344013128009868635 -0.99997970781138079133 -0.96681817997998520386 0.25541646633640158193 0.0050035571931963647788 0.25539860235515332576 0.96682780552381597516 -0.0039431435046938688102
5.2537411071657089678 8.2476284574268632355 -9.0400859398924104937 -0.24247574078500805372 0.010477627897280576003 0.97010088879700395736 -0.47674809290293129749 0.8695889444977927818 -0.128554749117973377 -0.84493595677079402773 -0.49366515668104299364 -0.20585903437738911625
0.33007111248958626026 -1.6490132788729798818 0.57852492423685830669 0.6080019880864419024 0.0078455992747072725302 0.79389673702244334397 0.37218547816158464858 0.88045232261584083222 -0.29373742942635733266 -0.70129277219186170189 0.4740697777462488105 0.53239674444833695599
-4.4868342079076475315 -7.4596007601328704339 -2.1813926154897895771 0.9992130164291632699 0.0019374817445256976162 0.039618101458836020579 0.03104499773582527003 0.58349266691501622262 -0.81152480909206625714 -0.024689186181072266674 0.81211609627000935774 0.58297331865609824941
-3.7476691920354063825 -0.78404489460686332958 -3.3701750538530830248 0.99825792953129932616 -0.013751847072248465226 -0.057375890666516042582 -0.028011752928431350035 0.74540521429245221174 -0.6660228285906243384 0.051927332162920940284 0.66646976916287414827 0.74372145253895716177
4.701213342968411979 1.659404114432418087 3.4211672433334872068 0.71085057826619502119 0.00021964050724506117146 -0.70334302238445522981 -0.68291686089286318673 -0.23903275744448346241 -0.69028103115813221891 -0.16827363574569600968 0.97101147914274654749 -0.16976657764822514207
2.4538534848903537089 -0.76115646226955613329 -8.2036878022935120214 0.18212650379231212772 -0.0073032847608570528736 0.98324798430906878988 -0.44793385093101883987 -0.89080039351644613177 0.07635393965651705861 0.87532005678286717298 -0.45433613211229945117 -0.16550974971530318935
-8.6084096547553876633 6.1536034459933537377 5.3118402231075849684 0.49128301008197267086 -0.0080998891800260243434 0.87096233891058116861 0.75792702580279758262 0.49668776442780954161 -0.42290411233003349922 -0.42917086057043074554 0.86789150039795015523 0.2501533848944708649
-1.7911031304134523712 -5.1410872668220646275 1.6917449407009303997 -0.96692383546995896992 -0.001765873995414102976 -0.25505916585998189561 -0.22655679756740856878 -0.45344074681923923764 0.86201131465902181006 -0.11717642201482290909 0.89128467439598280109 0.43804259531538097816
-5.8832151151948295364 5.0064910173304877361 -6.8451400173253764692 -0.58416496194117339957 -0.0018725885684556223178 -0.81163279298725943267 0.39002787767650576312 -0.87761489041786877596 -0.278694023531190882 -0.71177914543440523598 -0.4793626993507244527 0.51340223080501157238
-0.55043755293154983388 1.8629924503445496331 -8.6532510914318336859 -0.79059754559344430636 0.0040184860755353010373 -0.61232293168810825179 0.16502045486429720023 0.96437976074880571442 -0.20673636964621724954 0.58968107513966938615 -0.26449107513820008242 -0.76309940426806022185
-5.6844822703514781281 4.8489634772899057324 3.7064620092859925649 -0.6118220213436862398 -0.0064386544650299852577 -0.79096925220101621523 0.78205685102009425691 0.14498177539473350306 -0.6061083785725236428 0.11857864888477270826 -0.98941337596162470813 -0.083667649044139161263
4.3943113988194966169 3.638683176466580349 8.8510058766909924799 0.37007059790925866949 0.0015345962727989557843 -0.92900236683071357735 0.66866892682732870234 -0.69465168593341142245 0.26521859196860225749 -0.64492605689239124178 -0.71934461855496067972 -0.25809630159471852462
0.31692885990350638803 3.6429909073235440253 -0.82254606408838559783 0.97116145399166076135 0.017188228611719529038 -0.23780242866337400476 0.13344503387135195349 0.78735378504621389428 0.60188573675454948297 0.19757999194279099453 -0.61626178039084489324 0.76235396294202872891
0.21172256877337625181 4.847157732152374443 -2.4170051157617757909 -0.4161095439487563219 -0.011836648249624701079 -0.90923745039069536755 -0.87117425767316158947 -0.28136723073512076576 0.40235294734318605148 -0.26059213380703927232 0.95952716231829160431 0.1067678068110720635
4.3043984740523208998 -4.0406773936443602935 8.2748149083695548001 0.33967458348805329438 -0.0092086380236348196887 0.94049794168729006216 -0.70526579798647837105 -0.66407038442154509017 0.24821498489202245552 0.62227110773611848948 -0.74761335295717823435 -0.23206236867927237943
6.1678512031082899369 -8.617731242713599471 -0.35932342227404062696 -0.99529485261875272339 0.017507854842222680264 -0.09529759372437261733 -0.095496467200588699975 -0.34360855800832001972 0.93424492699492733827 -0.016388444192222195034 0.93894975045634210264 0.34366376738698745097
0.79915907649096218357 6.4787802586146341355 3.0750632472807302165 -0.99951834018720742137 -0.0056166700000344670432 0.030521150823637734767 0.00099155712470502029715 0.97720354396407937969 0.21230226206690319679 -0.03101780849705797205 0.21223026806378172959 -0.97672729503871325019
-7.6136303491809202981 -4.1467192035225091118 -3.6167153825425852887 0.52700659982908593104 -0.0029736564289316348708 0.84985598844975973609 -0.7808320573890453753 -0.39647107749995236237 0.48281671766784295396 0.33550758842412853333 -0.91804239666450815349 -0.21126480075115139368
-6.7306108758084928212 5.0968915527440339375 4.3991572508097016581 0.55973125548467161927 0.011938590769374124098 0.82858819185660081974 -0.79617993938127784581 -0.26950864944970442938 0.5417218769800336009 0.22977908033740920835 -0.96292396268992608288 -0.14134714824522795484
-3.4018843697062632891 3.701728831704441891 -7.6566871679068801981 0.98685802681209833231 0.0062441711820890232962 -0.16146902254847894653 -0.16090146296700705286 0.13010025360535937278 -0.97835813648518843433 0.01489812510136205928 0.99148118203937185555 0.12939517583892082286
5.3976816104105607153 1.6264931164129619034 4.581977830808649621 -0.87250134696406367318 0.0030448475131199395985 0.48860221903871825511 0.14994443253060624199 -0.95006168494264287006 0.27367766068350279918 0.46503555423123105195 0.31204731004717833898 0.8284735418786698391
-4.2381229176219328281 7.377361295943431152 2.2948297981350380681 -0.55999380648131669158 0.0014276683680774565274 0.82849556333492291316 0.36578373493446869613 0.89768453448991503141 0.24569236006678318862 -0.7433768868883039449 0.44063640147057830943 -0.50321999735633682338
3.6079196590014648294 -7.3705466574192044504 -4.7400902551209833646 -0.10769603567214394713 0.0018115846504962618713 -0.99418221773535953023 -0.083347204321519652304 0.99646156067474411788 0.010844428481524967176 0.99068400988015337116 0.084030210390884874094 -0.1071639692682602174
0.35218871542092433646 7.3080755136967674446 1.2572641243094251351 0.36025217563311034974 0.00060584560310985181159 -0.93285475981148713309 -0.91590301379743266352 -0.18954377853526344078 -0.35382880794958282422 -0.17703118162686981574 0.98187208381197565998 -0.067728662781393750292
-2.578767223297985911 -6.1913044720146572786 -4.9663549958622841274 -0.94241144475675264758 0.0026318947970749694693 0.33444542442835217821 0.13361949984044313444 0.91966185103171405046 0.36928025809522929679 -0.30660479130904561007 0.39270237188778589488 -0.86705152618495329175
-3.6916979719280993422 -3.7893804611685890649 4.1483814764054178781 0.9683510614289575491 0.0086109704218845159462 -0.24944352671098080076 0.085782091165427412638 -0.95000650307903256042 0.30021505115965413379 -0.23438782960056592231 -0.31211135079636503908 -0.92067847267059987892
5.2725622030223640024 1.6779700743495942206 -3.387536695127245423 0.029179575358796790152 0.00028576744093718187134 0.99957414468294081278 -0.46021497352856854945 0.88770966218257374436 0.013180812101789358276 -0.8873278596561964271 -0.46040359903520583496 0.02603450543980311005
3.6147906834400997944 -7.5532181541719900508 1.6769974683884165678 0.19043123694777133736 0.0016158061382823883743 -0.98169920707160196471 -0.42487838512776904265 -0.90135387711350645201 -0.083902002738019731964 -0.88499395582434836616 0.43308033594557721058 -0.17095941264374439617
-1.2788515394910346945 2.778812091555455055 4.8638443356156075836 0.2262927392699495277 -0.002231465938613338279 0.9740567831053624781 -0.71659716690092145619 -0.67770754770745134099 0.1649271965746316182 0.65975760438459685187 -0.73532815826689501559 -0.15495935956422893232
-2.9816646799736412632 -4.0566494362119058792 2.7413298500900049604 -0.9532087715842112452 0.0026305300182086531827 0.30230136964112847009 0.17793270221848556112 -0.80353284061947050088 0.56804482880072204587 0.24440333724468801813 0.59525461305035642923 0.76546649462007199105
-4.270794549295637843 -8.1445728160234338588 -8.9086891330030422154 -0.96843624794234262065 -0.00082809098972454252361 0.24926000067516715375 -0.15923247022279962692 0.77140953477200135957 -0.61609443276925313082 -0.19177135890950347541 -0.63633846648454239769 -0.74719281445549878828
-4.843921201772482199 -4.8275996463265249403 8.4725145647191997256 -0.16841832316724469898 -0.0054494060603655749067 -0.98570054904880544111 0.95147981086148758489 0.26035871525552739536 -0.1640106975587178606 0.25752948946632986393 -0.96549657863931526158 -0.03866417839779339588
-3.8248443155846518771 -3.8026534899446771121 -7.8567552346120139717 0.89896850404626404973 -0.010299241742053264967 0.43789217206053715481 -0.25514721212588303834 -0.82491170249641121437 0.50440121255699010838 0.3560274271413470526 -0.56516777040448451519 -0.7441974619810607372
5.6278027376167907292 4.0612249396051884887 2.3225591333696256058 -0.98292740075381823672 0.0036273762118692060713 0.18395805769048895195 -0.14620890001748523823 0.59156397222696843752 -0.79289029778328190545 -0.11169907073545459752 -0.80624990474724400613 -0.58093408291471559934
-6.8720655596188828795 -3.9093571022191015985 7.5492773242531443501 -0.87836365748307543289 -0.0059416756750833611689 -0.47795604578558131825 -0.45052820871925830515 -0.32377221508719966625 0.83198310432685285143 -0.15969226143139744756 0.94611640363511939622 0.28171285453672967325
8.1267069242122165207 2.4964406513068584381 -3.7247606278730831519 0.83370327726228676823 -0.011313695565546951632 -0.55209677211041185974 0.18357687516135751116 -0.93724855963831343875 0.29641975028964562267 -0.52080550725586893801 -0.34847831747256452495 -0.77931026290131188983
8.0725567927027501725 1.6857577495511439913 8.3647021879985210546 -0.87097083037145739404 -0.0062214111775110748914 0.4912953355008694567 -0.48985962837581553675 -0.066428639824180110707 -0.86926680616401530433 0.038044147113449860997 -0.99777178245043185445 0.054809789420791912851
6.8999077798822021634 4.9280447267389666521 -7.0082588142534962827 0.084139754422627055508 -0.010452454694506046334 -0.99639914086513203806 -0.78172299139659906508 0.61939613183230990412 -0.072509286254306276609 0.61792367364234612737 0.78500903056089532672 0.043944914271604067213
-5.180988959512110803 8.5769524909266525725 4.9357337773652059099 -0.49590965602012315738 -0.0011857191210109131047 0.86837331093037595231 -0.58279605536030443247 0.74178913382165201362 -0.3318096424166553926 -0.64375645311117690728 -0.67063214582529873109 -0.36855142661925371916
-3.9657861581467903633 6.2680839996079713572 -3.0352554882843469919 -0.5925550482792817375 0.0032037752733611365302 -0.80552358784996713759 0.65551751280782066811 -0.57926218624904335375 -0.48451223925118241942 -0.46816162290491264431 -0.81513499213684248446 0.34114460194040041596
5.4004419119391924298 1.3597583601036098422 -7.0745909318055613113 0.12985498473738940617 -0.0029875077168789211657 -0.99152849567559231403 -0.73422240079301626103 -0.67235167909460691327 -0.094131215820970115526 -0.66637463120396456251 0.74022584014339642966 -0.089501712115194101416
1.9786534463808063133 -1.8016142737703371157 -7.7812270008577160141 -0.088991814497263607708 -0.011651590406352718698 -0.99596420487564563118 -0.94868458643653252871 0.30562303620735403742 0.081191841935735975522 0.30344359016113281458 0.95208129914432826357 -0.03825163277031911474
0.57592044194319802486 -8.3317704427322993865 -6.4834373063837738016 -0.82908129373960104402 0.0013973909166038059673 -0.5591263324775868071 0.55909879804090301114 0.012305891861740622661 -0.82900970986754241032 0.0057220975461939726364 -0.99992330322086486749 -0.010983864326951682175
4.1395673149409395464 3.8560900290493331788 -6.297661813082163107 0.32236674788765451449 0.00037727716472993810468 0.94661477778359259805 -0.88150440553670650345 -0.36434403396281550558 0.30033882189257632422 0.34500675772554634246 -0.93126434624010245855 -0.1171198298579567143
-1.4630730157687272808 -5.3131509861586483368 0.33862413257862344906 0.93902908572369037099 -0.0090092947494560728788 0.34371966596810488159 -0.16279857920397428073 0.86885515534294732731 0.46753325191164385455 -0.30285474864085287772 -0.4949843953522983786 0.81441356176291823665
6.1417176433026146043 0.47124136428747087635 8.6324788960873117816 -0.9999984072603949059 -0.00032832226504737643986 -0.0017543321940927942941 0.001668935204172660846 0.17635436939672402556 -0.98432532785159920774 0.00063256006895208525403 -0.98432668794431898984 -0.17635354056147725665
-6.4375617362296670976 1.2267654773386791334 -3.8309681339682710721 -0.11585302921424488198 -0.0064007454661967983986 -0.99324574304627033516 0.21273122150934373198 -0.97693527372791688634 -0.018517514447017355966 -0.97021827596513898762 -0.21343969031936518843 0.11454254920928264028
8.2246903051468489565 -7.3443115070177995563 4.5831207017298920547 -0.99846535640559130886 0.0055915134273551887756 0.055096887713111233897 -0.051888158165556946821 -0.44213432344359171466 -0.89544673715140832293 0.019353322718603949842 -0.89693142157619376587 0.44174593816927826273
-0.22190178236287674829 -6.2675145785147741151 3.5160879706151666468 0.58551212089570425778 0.0014897639962168874803 -0.81066228288201092056 0.40504693305969086126 0.86568912281052934343 0.29414167448045575037 0.70221972224011364183 -0.50057978709745165613 0.50626804999555230502
-5.8855808653112031692 -0.60992733993489223199 6.639209947742415352 0.9652982711231548052 -0.003599980451356419274 0.26112504266579239509 -0.0067646994019351777347 -0.99991415184392962168 0.011221754940235863576 0.26106222746386581468 -0.012598773062525211314 -0.9652397548324486154
-4.7584404325106230971 -8.489134572993625838 -5.9429370497089557546 -0.60613250433086907076 0.00051867980704491979671 0.79536351322182630152 -0.79315907313196953865 -0.074798248905772440898 -0.60440376129621420365 0.059178306006181430332 -0.99719855241163568582 0.045749045523667014601
4.1823012265088141959 3.8898540519036624019 0.95888790928192579877 0.48140231792381737996 0.0012067349165182437824 -0.87649891733428508811 0.3683724713773135484 -0.90767366108394897939 0.2010727413294455812 -0.79533233973513617343 -0.4196749560854812211 -0.43740073228782094805
-1.2495148854081670198 5.0458444397109447621 7.9917577870512905847 -0.94124573686165757813 0.0099302411762057212624 -0.33757644045461587812 -0.31185791412618735219 -0.40919398150206015563 0.85749922851239268606 -0.12961907358346699826 0.91239337777785556316 0.38824891493836294343
