1125 17.292696884352682929 17.968806560800352656 18.477561601407678893
-2.2083757190735782139 -8.0328183459070885419 -1.4094032157595957067 -0.73593179252637341836 -0.0056470916207438902334 -0.67703213151601437936 -0.66493433488088349304 0.19439777029772359329 0.72116006350867334351 0.12754107983478241151 0.9809065282991448198 -0.14681844466906784907
-0.13622869938149495539 5.3521018864837817119 -6.2617517374501474592 -0.62335266041154602235 -0.00065228389596365746184 -0.78194055738499645969 0.56747506368683608979 0.68760586653014432734 -0.45295719930987932145 0.53796237122260426311 -0.72608384284376847884 -0.4282507913707570002
3.5819844165630638777 8.9376139640970500011 4.9864182028184744766 0.98406800372235214702 0.0037358704194089386447 0.17775322028635071048 0.16457850215151728634 -0.39737087558187211833 -0.90277921103051295137 0.067261286632862765655 0.91765049474842763644 -0.39165480822911336034
5.9891062068264657725 5.1663634743734174748 4.9262523067202810267 -0.18969332887178833036 -0.015366048618317917906 -0.98172314097799273647 0.6586328418676514751 0.73954467096459841624 -0.13883968907145322058 0.72816153468506294999 -0.67293206506908342934 -0.13016610621481519705
-8.2469304470940052454 -7.9010999412193090308 3.3309566398684324895 -0.39957056047786598807 0.0067244787097522455699 0.91667777794899818478 0.91615681050147956821 0.037425743139602805909 0.39906893179345892531 -0.03162381652383607078 0.99927678604906144955 -0.0211149021294832831
1.0216176462960819826 -8.1148200059538151407 1.723369966699070277 0.62311045866208103483 0.00038061186202842703895 -0.78213375546665320215 -0.47984350763050104272 -0.78950423282572590455 -0.38266600911911513583 -0.61764355779914403843 0.61374499711576946392 -0.49176571050070461144
7.4791761253729402981 1.7501638389516847027 -0.37848224426826448941 -0.89387497340091093267 0.0091024332079584820837 0.44822391461980887195 0.015887222896204103439 -0.99852273246204126256 0.051961032561938180763 0.44803473980947428057 0.05356769983806840274 0.8924098685347935378
4.5077111202174400262 0.72032495332771362406 2.7049737332328387396 0.83744681065481785254 -0.013387304407206456966 0.54635484751663609959 -0.28359134115458611847 0.84393073778943228369 0.4553645364281218022 -0.46718175322506799718 -0.53628508267047425573 0.70295058116390507497
-4.4287269248391645249 -0.385956144137508117 4.8932797375245584703 -0.78513765050934447576 -0.0019555606766575380114 0.61931821024007993604 -0.57817219597249069896 -0.35611081599566557498 -0.73409944730619325348 0.22198148922143978723 -0.9344416849186323315 0.27846535858101106875
-3.6803518777679244955 -6.2126812809516929192 7.0031739729267545869 0.99578397880106106488 0.0098137580362425650554 -0.091202838313478404308 0.04071443021570846782 -0.93824193612359518823 0.34357590787402048083 -0.082198556772188402508 -0.34584065615905090763 -0.93468584979781665911
2.7645784706041327539 3.0550099712884395409 -0.13559005206057059278 0.78934572728672747211 0.010664607638910335655 0.61385632599024930744 -0.3010901790100524722 0.87808142796175903122 0.37191088982743231162 -0.53504955557219169293 -0.47839238289558538852 0.69632083199459882117
2.8049808374702975833 -8.0320072666973150177 7.2647963612910446685 -0.42909706297280897358 -0.0053203345051989359843 -0.90324271632183994463 -0.41798095893413383939 0.887644093588303984 0.19333877284815345621 0.80072943527557793875 0.46049935630638405559 -0.38310927204225481146
2.3488072967085238396 3.0468374350752345237 7.4556721225567228473 -0.97690654880128535709 -0.0063843103179803944308 -0.21357161677300068314 0.21336532506128139119 -0.082246954217644482887 -0.97350432797385533235 -0.011350461261284595579 -0.99659153072056327893 0.081709778640494501456
8.6209537840157128841 5.2027292359676300393 2.568567512561963806 0.82502547315494378921 -0.0025772374116701346307 0.56508966234826008002 -0.45177204893477013181 0.59770313179105483137 0.66230882679321856354 -0.3394627880150361543 -0.80171336779079604984 0.49195598528603695643
-2.6858303216472498853 1.5606513919933489021 -5.3778591409311804483 -0.14264601846447158562 -9.2843046975216256961e-05 0.98977376445138331995 -0.33222804587927196041 0.9419874855409192671 -0.047792286154039201329 -0.9323500624483225252 -0.3356479829592727282 -0.13440160931966843583
-4.4173361368637937829 6.5018620522203836032 -5.1799720046035817589 0.50757434231653808521 -0.010570967361799040937 -0.86154311654775317386 0.4715290599558146778 0.84030353285928083285 0.26748891244561645575 0.72113010798257481948 -0.54201312466861650829 0.43150103134038908514
-3.7439222328851538002 2.928118466444319612 -2.7683785009345682759 -0.99128633178013181304 -0.0036338449852928757233 0.13167461257332774283 0.050895612891465609462 0.91142326183049870991 0.4083102672996145599 -0.12149504110904120469 0.41145404720883893557 -0.90329647515137057034
-8.5664167890998719201 8.6136388836517614465 -8.1131265478432652571 -0.95458511630890607869 0.0013963898052783084956 0.2979350698007307563 -0.21101543282010726266 -0.70912064210566005951 -0.6727706905413340932 0.21033245786939971933 -0.70508578558588508312 0.67721067042041138695
-2.1952605614729376882 -1.6957995007950943389 8.7094709484255456999 -0.26800428770936218781 0.0016172300238964337597 -0.96341636187904866606 -0.028876718576259487181 -0.99956277863519327198 0.006355052394047637325 -0.96298485808108835737 0.029523484443961117013 0.26793381080534545147
8.2395722847992303173 -7.0624723538440923321 2.5411436891936047822 -0.2715388907778791272 0.0085082866152721651348 0.96238985855728498287 -0.22685475135858632068 -0.97235104709714403892 -0.055410856294856300486 0.93530933523693016163 -0.23336891452836994176 0.26596127002010067075
7.9021283455971982335 -8.2715578478421694086 2.8380479612977174142 -0.27370619005264018586 0.00023003719676179185723 0.96181332316075851541 -0.22317556105468150385 0.9726919222538187304 -0.063742398213794473905 -0.9355627132773187693 -0.23209991698622947642 -0.26618046145461227159
4.5650254924379538579 1.9025047263049110757 0.81309309736122237222 -0.96480996307870059425 -0.00037149006883915262206 0.26294789814564739627 0.0086724969050959617445 0.99940999930452245614 0.03323313238049056817 -0.26280510448143157287 0.034344072057830701827 -0.96423750278299158456
3.6980252904126666991 -5.5703777610026703471 -0.67736446101067704362 -0.4850730924627416063 0.0019149410487548654616 -0.87447151352664920232 -0.69362845884080182035 -0.60980827566497863845 0.38342330134809926578 -0.53252573276304837613 0.79254665473492058592 0.29712984369442030363
4.7364551661787155368 -7.9867886938761518678 5.3240918543239272864 0.89791831859579629427 0.0079342434497122905218 -0.44009060534294480727 -0.43749259235478943353 0.12603764709603249017 -0.89034529433773890172 0.048403768086948878446 0.99199372946376140892 0.1166426848953988904
-3.265604910612835976 0.71712167006364291311 0.53939296830795901982 0.69826543516283023916 -0.0010426528885590863674 0.71583817649793168858 -0.66862629940254236782 -0.35810303783134839195 0.6516909436559319424 0.25566433815467159985 -0.9336814912865829541 -0.25074811868696667005
6.1062219066875931262 -8.0036943995664291407 6.0249231776795673099 -0.93921780442608959749 -0.0048621208625884322629 0.34328745335314669873 -0.18329918369818332113 0.85256500352650599339 -0.48942243922587086447 -0.2902952378263907729 -0.52259857877997639708 -0.80163545352784126852
-3.4846588257967741065 -1.4217002532166536088 -4.9354829269750446485 0.69287862995580840053 0.0031596887923596855829 0.72104730809931483204 -0.5502471405751990785 0.64857375643641057561 0.52590889586583466908 -0.46599065273811013377 -0.76114525475024785717 0.45112150550792201598
-5.4162136982838786636 7.3289570833596267008 8.6500496746006536597 -0.34722327819002335447 -0.0028327211675936020407 0.93777820979913018018 -0.18493308022660595591 -0.98015146335051617221 -0.071434338588617099508 0.91936703819579312924 -0.19822987812751166614 0.33980754037636973219
-5.9454652951553494944 -3.457706679920409254 -1.9272945685239561975 0.26371560134129096165 -0.0062640050196980916891 0.96458013863528557774 -0.1022140721134259661 -0.9945303427167891952 0.021486760512389842942 0.95916962267942973419 -0.10426005781903277536 -0.26291343684259071978
-5.5120203649308070482 -4.8183385419583544262 5.805146410776263366 -0.96839710554806834875 0.0084510857754730647762 0.2492701849711728701 0.22993447103164513234 -0.35695266643666828665 0.90538109818751866253 0.096629110508880747266 0.93408424302790737936 0.34372873305756340701
-5.970859769897921332 -2.4714038328568297409 0.87229658465403525636 0.20343632078211537628 0.001103521862567288965 -0.97908755769128130719 -0.13190672999482006 0.99091341772778462893 -0.026290932832429274313 0.97016198542755927026 0.13449676875911945051 0.2017333418765330233
1.2656603786640119313 7.4616404767256190311 3.6891233466167099309 -0.71694747708380457407 -0.0015279645520412526993 0.6971255126785773637 -0.046393963424677657492 0.99788525791779447704 -0.045525950708900982111 -0.69558170998151014341 -0.064982131040126997479 -0.71550220641492534579
-1.4703064751294094847 6.3767752965568584855 2.4899765125769182106 -0.99852543394523629594 0.00011979997095884443656 -0.054285756990172233383 0.05427825963654931557 -0.014561764565203322991 -0.99841966404068838159 -0.00091010705954502738903 -0.99989396470839997377 0.014533789747543216647
-5.551082446885946986 -3.7812723315485317066 -6.706772865392975902 -0.83566522435094026111 0.0068112090060185219789 0.54919690480047900216 0.401111828869083753 -0.67550088990477374917 0.61871467453038664353 0.37519719288898079057 0.73732771219438830723 0.56176054621008886247
-0.28044051886757953573 -6.9291526226082931217 -7.841152348471251976 0.71924656567498246318 0.019010700155735769934 0.6944947595509510796 -0.6878694436862873296 -0.12090035659019575387 0.71569458026345400548 0.097570519148412873656 -0.99248259282239670309 -0.073880286526346955478
-3.3589270272752891344 -2.845392860912981714 1.0487160366647960696 -0.48288573726066907899 -0.0057332268898052495681 0.87566460180813832093 0.52038046106789659362 -0.80613716205203089782 0.28168608715628201677 0.70429080676143918094 0.59170094310221699185 0.39225559708302976114
0.53672511477621553944 8.6762483600826403318 -0.79253892989312069162 -0.74715717665834280314 0.0097807295713283337601 0.66457542137632374946 -0.1451292524946877216 -0.97816447574559595157 -0.14876746438539451001 0.64860901430565631731 -0.20760201279957696263 0.73226207797703057878
-7.9038127409831320236 -2.6430317258569968608 3.3755171777801717958 -0.42779966712606398715 0.0070018295920992804082 0.90384645775104199839 0.8459112765760895547 -0.34922434794181339557 0.40308369722191683682 0.31846751320681659925 0.93701298240039920806 0.14347513319319707414
-6.0724442208237192631 -3.7566783493854347675 2.1636586748380226553 -0.94608768700346856928 -0.0013343890388352536505 0.32390786947295130416 0.27544493526964569652 -0.52948977918424489086 0.80235320238235474655 0.17043525496480063652 0.84831526754217667641 0.50131131118292759918
-3.0366952426449675961 -6.9327306941903561466 4.1000267400168191045 0.26023680515454439277 0.001965644301433957554 0.96554282219150533439 0.36623724509462540766 -0.92547019564666055391 -0.096825602373118171973 0.89339077986539661147 0.37881532863901229424 -0.24156129913457691227
3.4991632601472701936 -6.0833072766226248262 -8.0708072694364858535 -0.38267664892880709493 0.001501374339750906426 -0.92388112235271580008 0.09226232514650319072 -0.99493770784851220945 -0.039832409672001418965 -0.91926396955554223744 -0.10048235355942282399 0.38060090764458859303
6.4609181423686772305 2.9465115076836494445 -4.594716202545549244 -0.97061124283125765899 -0.0097139501427686032048 -0.24045676214696301565 -0.145845935320467468 -0.77103984828204441548 0.61986007736565684745 -0.19142303529117876693 0.63671280145268227546 0.74696320526912107773
-5.1789572792344644725 3.1186787617128106653 2.8732226884303875281 -0.97882694751517651532 0.0030096889949138456999 -0.20466740969290944663 0.17036064838655382014 -0.54230494126319039871 -0.82272875248336063692 -0.11346830526400103478 -0.84017634604514301877 0.53030995771047539922
-6.1236966117187128233 3.0042585128303782582 -4.9427166871582413066 0.42158567855394268875 -0.01128689452998795674 0.90671832541855312826 0.21887186070102002122 -0.96909130562311063262 -0.11382947754898452286 0.87997762711981430961 0.24644400454798304212 -0.40608463205461375889
-0.3023651944615922682 0.56904419186877530645 -8.4093950231530083528 -0.9867969239111828994 -0.0042040014805618990471 -0.16190786679719090801 0.13782240491135219762 0.50326878332934055216 -0.85306829529087480068 0.085069475510856293332 -0.86411970125530768172 -0.49604468169577214942
6.4627977468219262036 -8.349804772848322898 -2.1505090339666259602 0.81684435207653161015 0.0083300372590846688547 -0.57679798453168584782 0.4415824887157164258 -0.65240320169592991295 0.61593422382276086235 -0.37117409680654050996 -0.75782628147607589142 -0.53659026916612417857
-3.9636338905749992634 -7.3357286587066301564 8.2534598030426327142 0.7214062482737721993 -0.009402430144408908258 -0.69244827912214146348 -0.66788366423213496592 0.25484544204422665548 -0.69927477555062300674 0.18304217001450417968 0.9669360862934909262 0.17756736473725739933
5.8977965329119408366 -8.0417496052388237615 -6.8824070082168873341 0.21813424065422759579 -0.00037691420055059165345 0.97591870101466315912 0.92732929429740917904 0.31168555403658265712 -0.20715331361764274809 -0.30410168199462833671 0.95018523106858376881 0.068338815232190722182
4.2515329947287510137 -6.0565296499180636403 -5.0705105889136801167 -0.10931976249031397086 0.0020042145953904138764 0.99400461399979289645 -0.83068775151781937272 -0.54937481457298098508 -0.09025060992085882916 0.54590021891120521502 -0.83557363304302900708 0.061722400763095472409
-0.15026762203686089281 -8.4594079593884963231 7.520989922433503061 -0.41355136144164367229 -0.010784840866484454031 0.91041691474677322038 -0.85832580564747373852 -0.32895188429512423056 -0.39378607031999574017 0.30373027970387966867 -0.94428509732301590951 0.12678159237351452338
-4.7045435436362179615 -8.2104937885905524553 -8.3032202515384323505 0.63626786143384805872 -0.0031518502519105170631 -0.77146177763162349095 0.66296222135344695658 0.51361529777188619228 0.54468377885981933417 0.39451780893224275282 -0.85801479692063697957 0.32888646475727417728
-5.5106962554744596261 0.72242662589125794526 0.46076030988105876052 -0.90804252746256219897 0.0028290062110179524726 -0.41886843404994950069 0.41418992922738384621 -0.14312576818790453959 -0.89886690728200191458 -0.062493766456697491529 -0.98970046539572364974 0.12879253840824098076
-2.4634184942853494249 -3.8902135336715386593 -2.8591802585789132252 -0.96743169799907902107 0.0033609652977062867522 0.25310988447515975208 -0.082511118183403550641 0.94111303481643504565 -0.32786913711865695031 -0.23930696831245085177 -0.33807537563556472326 -0.91018526427660240152
4.7735711704164609515 -1.5842897663036286104 5.2652465262356322739 -0.61647630923234375544 0.00056452621359439529927 -0.78737325422285608933 0.14725461249399576791 -0.98227318451810596844 -0.11599771582215390175 -0.7734811175811191486 -0.18745418716816461546 0.60546501836067168068
4.3819271919201874255 8.6598306848536772407 -5.9709791638308589157 0.60423535538594630445 -0.0051049852233120036893 0.79678954211722929912 -0.11069759406801282786 0.9897445295085907091 0.09028736885632890341 -0.78907900616455450837 -0.14275750569864048556 0.59747352794712060842
-8.2807529056684394675 -2.5952122930774770282 6.9965157615740523056 -0.68369401717574462829 0.0036446582059219793936 0.729759691504564878 -0.72915171869301476093 -0.044526042406167996857 -0.68290204471367887962 0.0300043664290357108 -0.99900157558120428192 0.033099697596541639844
0.19507979216434520597 -6.0534346847289075555 -2.554699575806339773 0.81399110791218209915 0.0048378171435561594799 -0.58085718706523903343 -0.57898384257630808314 0.087431478024982800523 -0.81063767904414851806 0.046863485525710978086 0.9961587886354615895 0.073969463623450693035
2.7689043782234197266 8.5839919113141345264 -3.869984691010316169 -0.99342730990761740628 -0.0028556491998571152668 0.11442912739922070364 -0.053111025812908399524 -0.87406274042939968716 -0.48290117491064965538 0.10139723303322178971 -0.48580466348200362914 0.86816613045684287719
4.9479395979048996779 -2.775593434073635013 5.3470004145432490361 0.77976871619076859599 0.0070043824767184216518 0.62602850404445975485 -0.0011457859726180102955 -0.99991977288844513527 0.012614870634888083328 0.62606663896462111385 -0.010553976158399638527 -0.77969813207580285219
-6.1298326682870092341 -1.3913377319309001567 1.2236943242724922509 -0.73502327349372376109 0.0067949989736469443291 0.67800782842931295313 -0.039094970239721173189 0.99786150825041353141 -0.052383142845853755687 -0.67691385768394796152 -0.065009525005264856556 -0.7331857820049929586
-6.2401884969482832588 5.2593051170425617613 5.3418038770447218155 -0.64157353006837258835 0.0010061506423026372187 0.76706087970699565748 0.76045224771886477111 0.13182469309618743969 0.6358731235311823049 -0.10047778090188741462 0.99127253464995079835 -0.085340363217445980304
4.1965102076008378162 -5.8521787365276844994 2.7442046079332191866 -0.15778649457280946589 0.015560500556101430208 0.98735064336474243074 0.48413851829569426455 0.87267571644055774716 0.063615949552115219623 -0.8606470340579832623 0.48805221519576608147 -0.1452298798790372103
-2.2857903222168238777 7.5460427052285110605 -0.88339296534033528996 0.83481774793935170642 -0.0014109143985124538139 -0.55052460167151973103 -0.40076279255420560466 -0.68717177209051483189 -0.60595720950094911217 -0.37745001235832720266 0.72649360971908771845 -0.57422863321871242537
-2.102921305246392869 -6.129151442761535229 0.43629523477210963023 0.87779397842623241299 -0.0066186005329894014027 -0.47899261535573689486 -0.29837512594492709983 0.77470240683120561442 -0.55750198660386429683 0.37476661491609430943 0.6322913687351245926 0.67805428202126061255
3.8734998101333211196 6.6362789438754594684 4.7334225646097198847 0.91991100600975839185 -0.0098800290753234543129 -0.39200271178615325729 0.012710775795621482437 0.99990851098214517112 0.0046266450041749299094 0.39192113645587761672 -0.0092387602409227005673 0.91995242708966862288
2.0125240774443033942 2.9481349609067906137 5.0950937752964398086 0.98039767345574946322 0.0044393234675299819703 0.19697891838887238158 0.058375038411460827836 -0.96140440261167181557 -0.26887530479627491653 0.18818277491028279069 0.27510337519907490655 -0.94281778524848958156
-4.3051758342313934946 -4.6630613303353767307 -6.2029515764384948184 -0.9837852597286708134 -0.0067622769132610217185 0.17922286224587188896 0.10948748616109676979 0.76883454495561864839 0.6300047085990303497 -0.14205299403674720438 0.63941200652915508584 -0.75562770779775567664
-3.4306353343621038832 6.3797202614576518087 -3.0345201441040958734 -0.39727348382297961171 0.0032641851253944679893 -0.91769446121611741862 0.10827085874142700073 -0.99284289971275074826 -0.050402357460643996967 -0.9112909525496060148 -0.11938308751938045416 0.39407674153110722193
8.6038837378285624169 -3.8432926851737394536 -3.2774078420307257709 0.040002058838173135125 -0.0082935511236345519498 0.99916517768494261809 -0.70189477918094422826 -0.71193487443662684111 0.022191293764474942507 0.71115649068740327543 -0.70219651919554493258 -0.034300060970765648694
2.5193207743007968169 4.2359437777132278313 0.22235001280037874904 0.22687618696318442857 -0.0054456098699508740518 -0.9739083843575586652 -0.96452928342298127617 -0.13981340865965516396 -0.22390951783737952918 -0.13494612705902292449 0.99016289371591004187 -0.03697278322867032091
-6.3745448018950492397 -5.9797031257359840595 -7.9043096506828112169 0.99361799986791365935 0.0069057279658286162619 -0.11258588392894594565 0.070776481260589607647 -0.81535378396601387863 0.57462065458273792196 -0.087829152558561884856 -0.57892185819313801698 -0.81063895913487815648
1.9611278203856254976 -5.3049500971607530531 -5.3041284084927271536 -0.97135139125782032909 8.6124324990919948891e-05 0.23764777988444618639 0.19388621558578689186 0.57854325825579600018 0.7922725754007944321 -0.13742128695083383194 0.81565169705522055921 -0.56198549712906442632
7.8912419714731116827 -4.8069212073694655984 4.4119385404951518836 -0.48859677204055679267 0.0056699223803658195531 -0.87249128725240443494 0.12549124834546299123 -0.98912515097638831207 -0.076703209154169796347 -0.86343797747153994138 -0.14696696120576044353 0.48257183027370115225
7.8400514789402837579 6.4974296471194241676 6.6461910486930655395 -0.03037423209141687161 0.0013526863528974678377 -0.99953768126315178932 -0.61462500255212548783 0.7885722907443578622 0.019744581742844047323 0.78823442722523373583 0.61494057640544452781 -0.023120882926835534255
-7.7399383594875654779 8.8140053326208143147 6.5560387551702854481 -0.80218210556229063712 0.0052543842653940790732 -0.59705632980634792961 0.23457190283786644169 0.92233370644725509724 -0.3070448767690187597 0.54907184585883461736 -0.38635854513260753373 -0.7411121255843082789
-4.9005174207821804444 -8.0742721616335781931 -2.2559914339812250361 0.51440837811631501264 -0.0039226327581303888775 -0.85753637443313535105 -0.85498112093783273924 0.074928300402737041397 -0.51321830894730158246 0.066266910020495534139 0.99718120858299119647 0.035189968532524401601
-4.5329528665814704524 6.7708394529361122238 5.4459019831574080328 -0.3507626063414295281 0.0075645247123314390478 0.93643385882722063318 -0.50967741453775672333 -0.84043318201818573154 -0.18412224111403074911 0.7856172904810615476 -0.54186238523142216117 0.29864800077822251101
-0.1730278207108914279 -1.4842493234422033943 3.4291167632693735356 -0.70818001911896566458 0.0040871237825380263634 -0.70602008182466913233 0.48691759404158219127 0.72695437685290331675 -0.48419891634232531397 0.51126540772211315211 -0.68667359741988331923 -0.51680465697723876328
3.1971586893449956968 7.582183888186632359 6.9059773221374980423 -0.82017258651087565635 -0.0061687758151849209076 0.57208292628017864967 -0.46265453032024478341 -0.58107372231377385496 -0.66955516188766106556 0.33655269113534291847 -0.81382754649951583037 0.47372672570597296193
-6.3117463298557350271 5.2699841698795095724 -6.0539826547925272848 0.86795411483653728268 -0.00038093398038771542069 0.49664424835843756778 -0.28556634506599570811 -0.81854187708139869439 0.49843862012244238846 0.40633424308556043147 -0.5744467341304507757 -0.71056557230348149634
-4.3997249100056929905 -2.7498639142104055466 7.8993347158496955984 0.99989078196610114979 -0.0042263456034799060795 0.014161996404883529094 0.013988295620882343351 -0.03863155289490353278 -0.99915560885525145363 0.0047698768279960564176 0.99924458523622339268 -0.038568214260979123698
-6.9488727315172464927 5.481920187067176542 7.827570466417656192 -0.71468636927279260984 -0.003114739572155762054 -0.69943812590759724124 0.40989161413029195913 -0.81215072468712823373 -0.41521086818150643172 -0.56675590710759082835 -0.5834393702757016964 0.58170975835970573087
4.9633936448837312483 1.719352881700971114 -5.8455518715857115453 -0.030785283390277109333 0.0092985097386213289711 0.99948276825727067063 0.24958943384858686687 0.96835085009735388795 -0.001321221735483062501 -0.96786227369283583943 0.24941966408514346099 -0.032131765122682454106
-3.2757747618283907798 8.6742200302799084 6.2074649040184777249 -0.62045261992884170876 0.011043128024361381981 0.78416617865529913978 -0.37347812084672288302 -0.88339587993238655184 -0.28306503239866515065 0.68960324801441519327 -0.46849735179776486049 0.55222965484132191527
0.26760625002837207242 -2.8917702977224895022 -0.13603470992383523419 0.99918427195016057407 0.0059544403186803677649 -0.039941649038019166884 0.027611619870031307855 -0.82248190865685533169 0.56812068117647696042 -0.029468443045851243356 -0.56876010283119804445 -0.82197539883622794399
-0.38676193720891760552 2.917764742208070583 -8.7938600421900243731 -0.79968823491060403441 -0.0031566384178988932466 -0.60040716399738547349 0.18611675946345673793 0.94942670313484678335 -0.25288235846142642638 0.57084085242041771036 -0.31397288259990613346 -0.75865786109381794233
-4.0474802211866389712 -8.2123383472607009992 -6.5814714017735811424 -0.84644433487508075054 0.0035932586789133415597 0.53246509411407505485 0.26717518891272834525 -0.8621217848852602561 0.43053855397156409746 0.46059679372222944727 0.50668838206396726864 0.72877807122214910418
-7.9723606413228420564 3.9417949106580012497 -0.13889793169327924183 0.41289924963216223519 0.00454736486403439083 -0.91076535459254071014 -0.81307425125588295156 -0.44875346727234716182 -0.37085116631322434522 -0.4103955063084819832 0.89364402705105372426 -0.18159262462457051446
-0.61831567487383232162 -5.0242755954667810414 -0.59618425719898493487 -0.97657036817370046489 0.0094017552402294399944 0.21499284407467977864 0.21449238984137755648 -0.038329321236964281061 0.97597329770533669535 0.017416391850386896134 0.99922093159201241797 0.035414674402183432544
0.93448234140071961829 -8.2405796933431840756 -8.2063368144806752014 0.79132209396672825719 -0.0021607264289343194527 0.61139567782389858674 0.16599891719987081018 -0.96167131406170336394 -0.21824903940098000499 0.58843326137184615021 0.27419630736434641438 -0.76063307970327997953
5.963030759162826655 -1.7105114541582917553 -2.8601326054548907862 -0.99475027172472041403 -0.0078873750362583195522 -0.1020278698128244399 0.10229978503097220122 -0.05152056356874713805 -0.99341853491475928806 0.0025789312003118639027 -0.99864078669193701021 0.052056971380120373172
-5.751234415588966975 -7.0998258521371626628 1.2512261143420151388 0.99183552810145658718 0.0051991139011208836393 -0.12741763775293260541 -0.018063932190636001335 -0.98336556664467078548 -0.18073698207987998199 -0.12623778970531626675 0.18156302363695253632 -0.97524298966882083661
0.53802384295911176437 -1.426556720517295096 -8.4617955413783434437 -0.25705864876840661681 -0.0048753804866411738772 -0.9663835065636267041 -0.92124293419191738419 0.30332987044025305767 0.24352093524065931973 0.29194572662581347311 0.95287313970121911844 -0.082464976451315896711
3.3572278486413895671 0.73525987912218471187 4.6231754857481686116 -0.32585605047255317146 0.0021437381049139309086 -0.94541696555416088188 0.82164001875721481838 0.49532185155584834702 -0.28207081193918087658 0.4676809959227077873 -0.86870689404347400941 -0.16316500327747301968
3.886343120749901292 -0.023028651634334120629 -7.9287287020212930955 -0.99389825495045025505 -0.0061216049036326106864 0.1101307620948658722 0.11024233834231929319 -0.022637235644591271327 0.99364691032538643434 -0.0035896577855095549749 0.99972500294618171779 0.02317396904321491341
-8.059408752556585398 5.9620095068307490394 -7.2397573051554431345 -0.40002669860197354046 0.00012728288660148606715 0.91650347746486782174 0.91648120388072140674 0.007028663526579020937 0.400016000708185826 -0.006390879372800924163 0.99997529053874412153 -0.0029283054391946524049
-5.0741945851743697204 -5.761007650309820427 -6.3321192756943807112 -0.74171059271425099357 -0.011184138739866612139 0.67062680508331140583 -0.26215957036815390468 -0.91548679466156179796 -0.30521515110617708499 0.61736355279532251217 -0.40219254573019735943 0.6760942240834093564
2.8791025392799256544 6.5744983376313461676 -4.757284427107643765 0.59942900914266339374 -0.00098340451053330899325 0.80042732081918666065 0.20231773381695294933 -0.96734161696907927652 -0.15270144289710516072 0.77443682607506114657 0.25347431624376293158 -0.57965366679017982232
-2.2527951013713476414 1.8239256612113903255 5.0021456327554183474 -0.99958682524134601088 -0.0096297481094571035776 -0.02708222212269197765 -0.013960226231910087547 0.98626636238778220278 0.16457148752426598026 0.025125502727480909793 0.16488156468732464988 -0.98599329548369940568
-8.052809698589538101 5.0529595853870254984 -0.5168084417364142702 0.23518406170369121622 0.0033224847323659613928 -0.97194517243286338015 -0.57932990701869380157 0.80342288603685418913 -0.13743553043450915108 0.78042636805403886591 0.59539955264275012947 0.1908770723750425613
5.1637521326123829724 4.1767271334554667561 -6.3499865513348590085 0.92962605552088017902 0.0023044364731412683364 -0.36849706439671697789 -0.34301563851557259621 0.37085104053837414373 -0.86302362509127761303 0.13466873664786449538 0.92868950424982876779 0.34554324774986294733
-0.84624263716297354332 4.1157669804866587882 -0.38158854675842962534 -0.47687938353074788012 -0.00053464127363724370245 -0.87896858176060688184 -0.27877015767948826186 0.94846522318675674512 0.15066824347770194081 0.83359057861200147599 0.31688078920015427808 -0.45245255296579123261
-2.3388780903984613957 5.4785307569629244639 0.80466368349688677242 -0.37868887807837620096 -0.0024610971865198609521 0.92552075969174318892 -0.92352133680336323529 -0.064744618453952018644 -0.37804295371008472815 0.060852888907220223369 -0.99789883123582223678 0.022245191160309374379
6.3074179460047377077 -2.677002052240969654 -8.1335944272331293092 -0.32143470390570888506 -0.0085384023453680211319 0.94689324995509116523 -0.94669761786816630789 -0.019337398146735258059 -0.32154266490757954511 0.021055912421246294336 -0.99977655539541165908 -0.0018675743130827371363
-6.3361055295739090454 -8.2506545568335400986 1.2842628682119567873 -0.98497008743503222661 -0.0055749964363137278003 0.17263500882853255458 0.080929603805989194787 -0.89787464885072898468 0.43274878876682537632 0.15259202497613702509 0.44021589517647863321 0.88483085363665858747
-7.4621013498318546908 5.8851037964223724686 4.6824224508201357509 -0.38386297410005781883 -0.010590019236207941222 0.92332933918922166505 -0.89648452624866559191 -0.2353485268697869115 -0.37540187146189735179 0.22127971283376460243 -0.97185334407658896527 0.080847797096352480573
-8.6002408124164926306 -2.6529596234841150704 -4.6846311134128679754 -0.46564061862823469262 -0.0032551354092075820285 0.88496791940547869793 -0.33725677813752619194 -0.92387801653682388725 -0.18085153071021478621 0.81819110230054836741 -0.38267324789352280545 0.42909731467688611017
8.148807318508437092 4.3637169806175855058 5.3975485772669795637 -0.044881138672397284661 -0.00059700043800102356277 0.99899215561592136225 -0.91682507556593406672 -0.3971342152604314113 -0.04142699461926610538 0.39675869770572741446 -0.91776034925257132802 0.017276490815167574316
-4.5458236196879804325 3.9302698692978612627 -7.3519248993696182382 -0.57268912398752125359 -0.0051013926118265717768 0.81975675847155737852 -0.11409972871439294506 -0.989751250732221588 -0.085870330040072676003 0.81179333526073738092 -0.14271102784064398916 0.56623770923436633762
4.3048446479023638744 1.6080632325024575291 6.0869126271410785023 -0.55274573641836499682 -0.00067743379299478286622 0.83334968167918821447 0.82976431049217869163 0.092217922116258510545 0.55044258908097964955 -0.077222664451487982307 0.99573861827482801345 -0.050410952887080529017
-3.048043541348838037 7.4856932316173780961 2.8452234939811704706 -0.81401072592472589751 -0.011642687650538680738 0.58073314517411567248 -0.45664191253130814729 0.63072385012824516703 -0.62742775568133823949 -0.3589772998385920566 -0.77592001694992496219 -0.51873251825680277705
1.9566048044393611338 -8.7260100592934133346 -5.5409392626382674152 -0.55471310250169381106 0.0051050767979879188574 -0.83202602850121420985 0.70649005122401842272 -0.52532559913827170384 -0.47424131242557898691 -0.43950561024192730253 -0.85088598124575842707 0.28779830695328650902
-2.1208799954807870947 8.5676220002937402143 1.139680497118750635 0.43669005600724536409 0.0032432833739155959851 -0.89960617833446654412 -0.038813685949267498487 0.99913025728102744516 -0.015238988425492738452 0.89877432805304346974 0.041571746393037060929 0.43643613179277751524
2.5459290997231733833 -6.4055552814030010111 -6.9310827398820000766 -0.23523112282793096073 -0.0056945697401731987936 -0.97192278022919820213 0.2158325372608786985 -0.97532146091960036927 -0.046522722714537882716 -0.94767221902526810329 -0.22071615197972882516 0.23065503580584723053
-6.3323731253536594821 -1.2058380571107893964 5.218437040508061564 0.11440123847864440421 0.0028350846899758580001 -0.99343058083067525832 -0.71331300140473086202 -0.69577787153438219736 -0.084129159689249013998 -0.6914455283400703367 0.71825142936004982008 -0.077575547440183301173
-6.862206137439997633 2.9913544822807764945 -3.277249617826694994 -0.85057990201975641753 0.012807196085959081724 -0.52568983822051773558 0.50275705809811710445 0.31278593405465682231 -0.80585377084798948122 0.15410765981091861798 -0.94973729798613881758 -0.27248833736819377815
2.0922503423002947187 -7.1018849156771812758 3.2198111608572483888 -0.98857925894351073026 0.0070374043223918993431 0.15053744958315917746 0.15034797121748363913 0.11447157925239488663 0.98198357679446390822 -0.010321644122625183923 0.99340159677933126403 -0.11422228844990191254
0.67514800369923533285 3.2370906332387803239 -0.81387121269391804468 0.16676275312628960346 -0.00065493493975127313814 -0.98599683327588849568 -0.94019964991296012258 -0.30133340493743149269 -0.15881686740534980973 -0.29700976831306552528 0.95351861551262517835 -0.050866957817397272235
-5.3710932100798114419 -4.8550475622524871255 1.2406190193408557221 -0.30839390242301967238 -0.0039559136770442697439 0.95125051994488007967 -0.093888272081048024242 0.99523531064039238991 -0.026299597337610475245 -0.94661406777738532625 -0.097421903088793490588 -0.30729591517714011095
-5.3222428686109042317 -7.2239472249512193258 7.0880911751332407178 0.2923865103133242993 0.0083914708468317694701 -0.95626341130660130752 0.41050074360203264723 -0.90424787326565303491 0.11757943356043956684 -0.86371249156695317772 -0.42692548168413957388 -0.26783458514492869407
-3.8415419673320547744 -5.9571245387915174874 2.15707464815758021 -0.20946085822807253285 -0.0063999131717164623595 -0.9777960881399270221 0.26412721305852498999 -0.96317656689685093863 -0.050276399064876485523 -0.94146851471116466126 -0.26879349339677077735 0.20343818155715101548
-0.10572929500851245554 -5.8473706372773905926 -7.5424985009109768441 0.62904603098311617781 -0.0010331991769673353702 0.77736736708162101905 0.57046783670344980433 0.67992964360197449825 -0.46071914116770373848 -0.52807910221021669983 0.73327662737244525548 0.42829645055512738372
3.528623941379360307 4.1979150973469181451 -6.8534123555614261392 -0.92381996981733782714 0.0036738614252286748083 0.38280956898827234181 -0.25009207330028326854 0.75129273704899479647 -0.61074804799516679843 -0.28984585254789785314 -0.6599588820522960253 -0.69314043004364267464
-8.2246137176847557981 -8.1997270039786709361 -8.030019423093975206 -0.9954107687016086059 0.0053125679104916142051 0.095546732936903328026 0.093680857132812017651 -0.14964141075184961283 0.98429230678424439738 0.019526867632957928961 0.98872606156113029829 0.14845698579066698986
-4.4417796569383218852 4.1894185222063482499 2.7564486222644171143 -0.965720824165115177 0.0021962388148117012801 -0.25957362406236295094 0.24026180633745689019 -0.37100380941227523168 -0.89701194965110431223 -0.098272855811181211716 -0.9286287470978773495 0.35775843228913895011
-7.9277132097697302626 2.1895915335549602787 3.973083623526564967 0.99188493230485696994 0.00024538178346794788098 -0.12713858916269413224 0.0021656179594229559016 -0.99988566570781822751 0.014965480642580849396 -0.12712038060578950693 -0.015119368366010781796 -0.9917720572465952289
-0.5554558993764764363 7.475783067315963315 -5.9816383228188243493 0.90567851575762658989 -0.0078556692717948947702 -0.42389233840157253264 0.36602525973890243094 -0.49005124376941566755 0.79112280191705308674 -0.21394376674336607058 -0.8716582282870207754 -0.44095350971653951566
-8.2371677415801940469 -8.3857586525831315782 5.1403756749873128484 -0.99833355288674940908 -0.0052740831456770049038 0.057465652589500482161 0.01560648976566157177 -0.98338244800777308008 0.18087398493850395664 0.055556769684257226172 0.18146940512748296892 0.98182600309044165687
-6.6381504270885409724 7.4937047383817327884 -2.8838645433931873185 0.97356866008669151746 0.00073756793967341260226 -0.22839334510987194249 -0.15300553817082290786 -0.74032528962390942162 -0.65460504950103481914 -0.16956818506432649873 0.67224840761191517746 -0.72064464826790108898
3.270996296661525804 3.1723203896010518932 -7.3639340057706403897 -0.88944395174311918773 -0.0017330954499549487691 0.45704097528330983602 0.40269526109947106907 0.4699811720294141959 0.78546433695325756918 -0.21616193789754439836 0.88267473868788515201 -0.41732400157006133146
-1.6367007312657870788 -1.3912076541348887826 6.6459619647813523713 0.4272502746767278814 -0.0037273521640198052987 0.90412571561401855469 0.85035890346003761842 -0.33806854340530323455 -0.40323615322270922601 0.30715946688146766874 0.94111410934346040325 -0.14127029093047580033
-0.2788191693452007347 -8.5767997439815779614 -4.5039845771584481326 -0.6776798503509164906 -0.00011795522923982535574 0.73535706055971494788 0.27589533998888177146 -0.926990506387928348 0.25410699014206589164 0.68163904069593705959 0.37508477328910860837 0.62823533094356653894
5.874652902092666551 4.1396728658501196207 8.5064332971831522201 0.88854857402215303708 0.002535241957152226111 0.4587755487724035075 0.12829101217685134895 0.95871909498632723601 -0.25376980337303411961 -0.44048024677374386648 0.28434357643098534529 0.85154323598088699221
-6.1796189984624483316 -4.6416306406924183747 -2.9450841879978373328 0.97298735585428608452 -0.0066429787038111819814 0.2307628136892647952 -0.20222778912844369126 0.45761864477039093657 0.86584588539912321625 -0.11135316184145856166 -0.88912375223734418928 0.44391376026798162746
-7.6726701094879681264 0.64442012956845584615 7.3905666885191010351 0.94427030077722262646 -3.5025916231940304457e-05 0.32917107686363039631 -0.0038957524510589199712 0.9999287686740652159 0.011281874445058293066 -0.32914802472928988974 -0.011935508005135930798 0.94420290269924878057
-5.9727030637425544413 1.692571822028078099 5.6271301807925357963 0.49798037531228328545 -0.00031577831089839910467 0.86718824143784845049 0.77762890779214022263 0.44275194624766206486 -0.44638995940759568226 -0.38380832139225312671 0.89664408456073252385 0.22072733870552446733
-6.7572528304045453851 -7.1560005679759868258 5.4301940011201974556 0.59748406834160638912 -0.0075206765573719762744 0.80184551348890975575 0.13142303429165569373 -0.98551624740773491329 -0.10717141481204839337 0.79103778300129146128 0.16941418334757629705 -0.58784186678479311006
8.0743454198123956189 -7.1800224638048026904 -7.1917809371129353124 -0.5120552005417138286 -0.0035666708734573152398 -0.85894513821147167043 0.26394075324623889056 -0.95226361387758462484 -0.15339259584566636296 -0.81739510053206920759 -0.30525610320409068965 0.48855292556967322426
-8.2248496446284189432 -0.4155088162382442607 8.022070442650987232 0.92159536906332129025 0.00062362572880942344911 0.38815149981905816556 0.23502090266826425324 -0.7967508756486250121 -0.55673442273836404315 0.30891285345493124659 0.60430758165367803869 -0.734428482376813907
-7.1229028027532486078 -8.0968961287679288574 -2.618319328904620491 -0.97828088501227017382 0.010369128330658901327 0.20702413191948557114 0.20121007244596544883 0.28750044423162168794 0.93640696351151420096 -0.049809805919049612855 0.95772437357744311104 -0.28334256208687286227
4.2717681543299255154 4.1928739257097724646 -1.5111450016578791278 -0.61284044746843158169 -0.012270530710211009773 -0.79011139722353829207 0.45456863386339974031 0.81240272573224681096 -0.36519743746402488771 0.64636981910827229214 -0.58296761942546648783 -0.49229545158082715917
