1125 17.292696884352682929 17.968806560800352656 18.477561601407678893
8.4403267191253412705 5.7648047213612034767 -6.7452203061311433174 -0.99525172159315578035 -0.00053143390981799307204 -0.097333078877955697683 0.092273259995262549293 -0.3234131169015007079 -0.94174816235872116366 -0.030978317509443645261 -0.94625772038830457955 0.32192649852130345023
0.73311609419092627071 0.072088283378429929282 4.0998718291556794924 0.24602353794038592238 -0.0014956869201417201734 -0.96926270004575809658 -0.92165046096017422261 0.30920835717208183802 -0.23441548512546153682 0.30005473932422183081 0.95099314128733025697 0.074694033452851277266
8.5012640062332724966 6.9172662062701224528 2.5059006421950349441 -0.24792405322339428064 0.0037786942554878183778 0.9687721018397940087 -0.85997684420303022179 0.45957769817569171789 -0.22187421385579603195 -0.44606444743768391969 -0.88812952929723965045 -0.11069077614185779401
-5.090371306307086563 4.4310560674405836679 8.7630603095822632298 0.17327304524735628877 0.00084425716237458790087 0.98487346345649329216 0.8158145145589383862 0.56009626500393761006 -0.14400990161741511475 -0.55174552977445945334 0.8284271006904887491 0.096360828221781019698
-7.9159163879246667861 6.9229422567331182492 7.4998709480194900578 -0.06663241013008565361 -0.012361004985303881976 0.9977010210860347561 -0.28006870810335771083 0.95995579326347513227 -0.0068112936972053944942 -0.95766468070078358821 -0.27987868896411449704 -0.067426098820414240298
-6.2459782330185094068 8.3071228029599968323 -7.606602590819246501 -0.86064163363298296083 0.00035512268946071359754 0.50921100964642040942 0.39026400360209484441 -0.64189271638409894916 0.66005132235724972567 0.32709323739551826593 0.76679437565794150711 0.55230100444336738263
-8.3885687438573484087 2.3386496385204984527 3.989314886909431479 0.14424386978828365735 0.00059141537537403467313 -0.98954199317480628917 0.72002867835944783792 -0.68602372621056317836 0.10454735489666362735 -0.67878745448659516537 -0.727578928573515471 -0.099380553066283031094
-3.5003609017213515031 -4.4524214198150593447 7.4389654370630786673 -0.99764234379080851678 -0.0024035196343677525666 -0.068585544899244621497 0.006132857127513919801 0.992265597126224419 -0.12398134062516381892 0.068353068250324264254 -0.12410966059543078466 -0.98991143553735927441
-2.6970584550593468265 -4.277225786397935714 -7.5070843508424598411 -0.44155321766447463983 0.0017057858607908982229 0.89723344022872397741 -0.89131984683152409854 0.11380427762942878223 -0.4388593362769681594 -0.10285760358096389389 -0.99350172455212049094 -0.048730244179103709978
3.6860946310510027679 -6.6014267390461771612 -6.4396721321584351472 -0.12840188814412592522 -0.011861505065189474964 0.99165127934101260365 0.79358960431344605091 0.59844326841787509608 0.10991448681174004198 -0.59475078398159708648 0.80107737403022194478 -0.067428078500664762052
-4.3229525217537521087 2.3489703869424229943 4.6647035242549410583 0.97354925005558179407 0.0039054056148465493559 -0.22844387827955800474 -0.22790787735897563571 -0.053944540349554509495 -0.97218721756878623275 -0.016120085427527002658 0.99853629597209925262 -0.051627594097985216037
7.3171242566506551341 6.9801282273155784708 -6.5666538396471221262 0.9315595048279702306 -0.021500955149637922259 0.36295261108301046793 0.33643178969522430366 -0.32757885884144294364 -0.88289622386933541698 0.1378787142632002527 0.94457916564360622225 -0.29792559471323482034
5.1369080117976873012 2.3020481208011158714 2.0384424828425853349 -0.70808534440129122789 -0.0082112981263919287284 -0.70607911711603577043 0.69978182819003587056 0.12558672375478824312 -0.70323066468406392193 0.094448599669533339629 -0.99204866281850612175 -0.083180001327427019464
-1.406931560155951777 4.5350324924460849729 -8.961447722937098348 0.014216698539953602498 -0.0068560090020240377698 -0.99987543255315980417 -0.096099866350730631104 -0.99535672953248444106 0.0054586318361174671759 -0.99527016491512765306 0.096010291712472425885 -0.01480954811208864616
6.4827978989051722181 3.570784110381348242 5.1931791583385962241 -0.65889595984732451939 -0.0097947986276567724356 -0.75217031051256577623 0.45753486381844954423 -0.79890826980973783655 -0.39039393543000133757 -0.59709125139081253852 -0.60137312739232284819 0.53087889312224745275
-5.5297055627001707734 6.8623827959171626034 6.6250308772157024961 -0.1910256273405840366 0.0030666187758834726092 0.98158025935130499562 0.9205604797750887025 0.34765135119186901802 0.17806442960506591033 -0.34070164774350958359 0.93761886385866555216 -0.069233325508942261672
-4.7913731290871464097 4.7495224462418228484 -0.79856074468337800987 0.89195422904605869974 0.011859679862559762906 -0.45197013317289808088 -0.12901553917306357588 0.96476898087503659696 -0.22929414338971568221 0.43332740963218591146 0.2628310513134275439 0.86205985553589259407
-7.9227544159718759076 8.8538237521580249734 4.853745368110410574 0.99924807242742064162 -0.010359665870870659113 0.037362642749755044236 -0.0052611292732665203287 -0.99095925940655527064 -0.13405993702516211252 0.038413672942878521188 0.13376256396850422226 -0.99026863335739245819
1.2903162998664570171 -5.4036555101661623013 -7.3457398909779509921 0.6433996747382446646 -0.0018824878878928267157 -0.76552812801742819993 0.6964247993534740111 -0.41376321765199591818 0.58633821175431632966 -0.31785115603358543579 -0.91038258768353630401 -0.26490410840631151146
6.1025980642369566098 6.7975641270484770118 2.3315641333207741681 -0.98258629336502889551 -0.011790550248245258019 -0.18543235698227519825 -0.13098993757252805348 -0.66384255461340291316 0.73631155018735816586 -0.13177940789796258048 0.74777940972550294152 0.65073815167456494635
-5.3765371572019935442 -6.6510594154424564906 6.5826849475730107031 0.24635082985749562345 0.0035668340538430351287 0.96917415685887775556 -0.96774803136812825866 -0.053447899961350471554 0.24618503157726454034 0.052678424535097773118 -0.99856426918077989541 -0.0097151378757410998543
0.31055894306812359407 -0.92737848652894327994 -3.7216552398603073293 0.16057853936040306086 0.0091888939372147069445 0.98698029206519188872 0.98622455220849969404 0.038721066070071898102 -0.16081608024023177905 -0.039694651003702972891 0.99920780785119800438 -0.002844540576568323903
7.49731684560619005 -8.9771404747064114105 7.731078053414456086 0.41711520566688342626 -0.0079958060311306582146 -0.90881844847450954372 -0.80261390828509415751 -0.47239641911755647641 -0.36421496047300272458 -0.42641038850963064455 0.88134992499638586949 -0.20346127464516469696
3.8743741602050816297 -7.6509442045574775904 -3.4366451138493090411 -0.1512783863991397082 0.0054972428731738156443 -0.98847591277146140687 -0.59990873685875445442 -0.79528156503149993739 0.087388441809497063861 -0.78563627541574920787 0.60621531871283163007 0.1236067559191199039
3.595648108124637865 -1.1380586027006904803 3.155346383299805435 -0.85088204805482570148 -0.007215174190149084392 0.52530722587777611832 -0.48855340997388213564 0.37852878959262525882 -0.78614980827596048218 -0.19317170056948684831 -0.92556139543047777352 -0.3256083496905361474
-5.0789886247186259993 -7.8106215427922638384 2.4994695090115244263 -0.018150644530414667549 -0.0028071299967780604864 -0.99983132283615683278 0.51504112582173344759 -0.85713734480456227338 -0.0069434036350345153255 -0.85697327427152703017 -0.51508027739663697631 0.017003382653043117023
-5.156900495445968069 -3.2651243741166289247 -0.065601213678198891377 0.94600554288423832627 -0.010418367779093357095 0.32398297863469738278 -0.28854658763234558583 0.42834220590146193652 0.85630825139621724595 -0.14769691803817164288 -0.90355653517436462785 0.40220791656251175805
-4.8361280029807591774 5.5866292360994371791 5.5809948300574028224 -0.29086123036377820039 -0.0011104538917142219544 0.95676460614075298228 0.76902657422429532286 -0.59520069014553667053 0.2330971183581647399 0.5692081102794647185 0.80357632203943007987 0.17397477360124477541
-6.5163931964831451893 -3.1542338699774683519 2.4848753787132902282 -0.9457352106513998713 0.0045553366264403840485 0.32490638688972517389 -0.24202366335029323885 -0.67706440562222924839 -0.69498801213944960686 0.21681664537582254204 -0.7359096680621487474 0.64142614753413551565
-3.2725875603043959039 -3.4104055455233432959 -0.64874607779989457157 -0.93703479242508447289 0.0042309007813018627286 -0.3492103911164601282 0.34418486915019547157 -0.15826271544692407933 -0.92546728129493782689 -0.05918254500383153538 -0.98738797459662086542 0.14684145868556339187
-4.9004241626787399255 -4.4297493373252265769 -0.62078928881587303046 -0.9562090171625602375 -0.0064724249427079681707 -0.29261309473804825165 0.22285328767196274646 0.63201059780341373173 -0.7422257179848474884 0.18973857718070899492 -0.77493271448532208279 -0.60289183138434754294
7.2856719175051045667 5.5682652694982133212 1.9310056139292786082 0.99770746254684572474 0.014041576372115107882 0.066201611092789700019 0.063275675758941621329 0.15336771714018368473 -0.98614123339229109444 -0.024000167406676375936 0.98806941935884584627 0.15212762567077572906
-4.3845718677921379225 3.3025374637948790024 -8.8125943358707399256 -0.97900591697460348506 0.00056776368163606767692 -0.20383103829570028975 0.20381606547122349538 0.015163204327251048747 -0.97889176556445844923 0.0025349524889405556163 -0.99988487081195731587 -0.014960586116431731987
-0.70314578036311636833 0.23296533339019237507 -3.3500927045372201896 0.95608817295677872572 -0.0016509549781817582995 0.2930745295651733251 0.21457081887410847654 0.68510173878467617303 -0.69612855939264850491 -0.19963659288816168469 0.72844552429250830627 0.65537191648571391234
3.2835195990728625048 6.7675475229934090038 0.91379169669834381384 0.54358247721630625904 -0.0049072500549806018222 0.83934141406199769264 -0.0094996574355426383063 -0.99995483042293087372 0.00030597671060380552017 0.83930199986148612545 -0.0081397794831781136032 -0.54360454102041344537
8.469378709816192341 -5.3318535363794978821 7.6869932171638462037 -0.95877633181427646125 -0.0067039442095593940185 0.2840827391535730162 0.1541912400234730085 0.82747227408635004586 0.53992101007307358174 -0.23869019052522977287 0.56146655532648348519 -0.7923271421556545846
-8.0860462345313663945 8.0421022248098754659 -2.4673396271355949594 0.5810170555373633805 -0.0015436272794006975634 0.81388991785745801177 -0.13489095859114563769 -0.9863510466623059969 0.094424795675991796129 0.80263541565608231831 -0.16464880796097519644 -0.5732950022212400798
-8.6021204546976708372 -7.7107457847731968315 -4.6854765944405674105 0.98374500914157592124 -0.0084819652346862801223 -0.17937060309505561961 -0.13880574586940908066 0.5977978300018348401 -0.78953829505528383415 0.1139241936664752014 0.80160202763635568513 0.58690328622919729629
3.921325610900231684 -5.6081152354141794447 2.2152497302706479765 -0.53556854329522551872 0.001988334022263751194 -0.84448942086955458564 0.81618314587441009866 -0.2555280688436743497 -0.51821856240689645468 -0.21682114247227363135 -0.96679959275996030232 0.13522995088434763833
-2.791228634715540835 8.0196003525259733635 7.8435459536295439875 -0.32819061278648364866 -0.0047769766795536690307 0.94459944006587315268 -0.61181108683049734154 0.76297309772693910901 -0.20870851965321002286 -0.71970696516713272839 -0.64641258700494952372 -0.25332321577664917989
-6.8208449420452490486 -6.4552637155864855956 -6.4322820153465940507 -0.12901038658677516091 -0.01093031705471088702 0.99158300122666176435 0.93288506246866309546 0.33775185743377900138 0.12509653481792348817 -0.33627634525178640157 0.94117172235947110792 -0.033376768189371505691
7.1642032576572640679 1.1477730928811680222 -6.5627816910633161029 -0.94751924067669934804 -0.012515379612927745104 -0.31945368024267734031 -0.27611651472682702257 0.53569528743458327824 0.79799137170500800131 0.16114266611485650316 0.8443186153895967383 -0.51103729498316674551
-6.3272942888827534702 5.9044234347517381423 3.0422370021308786647 -0.40587338402944439508 -0.0064106370630066192989 -0.91390683325434807216 -0.72374043794450981792 0.61289053194952558545 0.31711981068751443624 0.55809190517384221764 0.79014182244648956122 -0.25339559151730151054
3.3391948617762117202 -1.1681277585482838788 -6.3039947893050527483 -0.70952065866441282882 0.0046556189401537589195 0.70466925585014594802 0.6863645237339464078 -0.22196705486462484092 0.69255639995183793101 0.15963763806752578889 0.97504305123771872754 0.15429475929278679835
1.3914173952558177572 3.5437600900343202426 8.215950376782464204 0.62220581980414657597 0.0018842586766015831205 0.7828514337796675937 0.18182680021625938216 -0.97299838725698151176 -0.14217296901409628984 0.76144529187914022916 0.23080421998827510555 -0.60574786793731638657
-4.1487650920087952855 8.9518553430345519928 4.5231361102652982709 -0.99184621974914155551 0.0010587004048376717248 -0.12743608406855380655 0.06613734002247374788 -0.85048897102091047806 -0.52181832319908172391 -0.1089354332806412029 -0.52599181488403057294 0.84348425121683145989
4.7449583445319039043 -4.1800421126677775874 -2.9439933996759592993 0.86747559226288828427 0.0089997480863681939695 0.49739833269011551886 -0.40757070060282502011 0.5861697577597090314 0.70020792561798628206 -0.2852581652442999216 -0.81013827191558773766 0.51215599141179768417
-4.4677694537365848504 7.8561050611276792566 5.2514018103740554011 0.30498797378862735341 0.0068592366532138305743 0.95233150043304648502 0.55942686227738469551 -0.81055632450467951511 -0.17332060052968600861 0.77072947368518895939 0.58562052190636737503 -0.2510471722907979264
-2.1896402840148145863 -8.8847974440816113173 9.0804045652548168732 -0.26053939760172728501 0.0014830387452561388101 -0.96546207739787337498 -0.79163881060501417597 -0.57275187757339107719 0.21275168690279747108 -0.55265469856078108801 0.81972744697993893404 0.1503984601865992754
2.1110152878646104568 1.1879204927377220447 0.46950024538983348155 -0.11091356528840032314 0.0088521341926884183904 -0.99379063225353225786 0.96187854846243914242 0.25247376585022873741 -0.10510307114888241264 0.2499756769021143632 -0.96756324717174102545 -0.036517443500330704076
-2.8463399255126060616 -8.508905205420568052 -2.1269539135505155514 -0.78805707676332881206 -0.00080361600358945604189 -0.61560165526475785214 -0.60764003080020434489 -0.15929834678381787905 0.77807302336041384017 -0.098689597894613359519 0.98723016106340177878 0.12504788024643564981
-3.264318417739711542 3.640457637058491791 -5.2059464767355132508 -0.55501608108325917179 0.0075105687434355045823 0.83180571114669399346 0.48415457764456315548 -0.81021841544507011701 0.33036413882102078077 0.67642552781852982591 0.5860799524217579215 0.44604797352399672139
-5.273698171712223548 -5.4834599962891532599 -0.061514979500104517707 -0.94694832335280088031 -0.01105184556102860316 -0.3211957808082293031 0.2980015095425251892 0.34405419745143667187 -0.89040541863045596926 0.12034937976420642669 -0.9388847458160376469 -0.3225080787587360498
-3.3410574784701392304 -2.1706582959684128653 -6.8935055962829299148 -0.11732244883522979784 -0.0046340222844827765394 0.99308306240557342459 0.24681096366117319385 0.96847828245450451323 0.033677360802072203727 -0.96193544025352983873 0.2490548980675484636 -0.11248051623558601164
7.1186940318975358011 7.8693738622738313992 8.3807726910565545353 -0.49596564137225068736 0.0095564999465097329873 -0.86828955762862525258 0.26914695934438603864 -0.94900182479625938559 -0.16418115241622488476 -0.82557737181561752227 -0.31512570482589535859 0.46810019579626260811
-4.1094855739049860333 1.2477859510457054437 5.2647115935499542161 0.7272136239880859776 0.00030660297398041596196 -0.68641113851749058217 -0.401727059503931061 0.81103778158475059445 -0.42524473718540911626 0.55657498573723873658 0.58499369469782813713 0.58992089504857037063
5.9333839297275945412 -4.3860932436556527847 -4.2987420706059484843 -0.63176894628003854582 0.0045036662125381892244 -0.77514367410625151233 -0.36029385979093631054 -0.88710616947680132061 0.28849779665257957451 -0.68633543775131322651 0.46154345523150930308 0.56206877321171222484
-7.6593731063453196484 7.9527840142621792907 1.1723836786711976377 0.1914253351644035761 0.0072652260631360576423 -0.98148028892455652095 -0.3882100599720620937 0.91899073654345120321 -0.06891281073765706533 0.90147062647296782867 0.39421217971765731836 0.17873854360149435405
2.9923727227157850272 -0.64180047834660169936 -2.5618069683153432692 0.40162104629276584866 -0.0031500533070152811344 -0.91580053086835955245 -0.91305872952467592718 -0.0787755867410662447 -0.40014767695475095266 -0.070882237643959303264 0.99688739790279456976 -0.034514117239736012699
-6.3474410478881377884 -3.1863498737691235974 4.9926639121824374357 0.99389280087545550657 0.0047618896493793368141 -0.1102471077842026026 0.067617004911354985919 -0.81582026773070104309 0.57433895167123438785 -0.087206886279890497016 -0.57828592855683791374 -0.81115987562174429737
-3.8265724173458908197 4.7900598136725820453 5.6148042161107403203 0.39173607809133237367 -0.00048718740248570972795 -0.92007750095872209428 0.46944355038743029729 -0.85993697566122062614 0.20032760890622391958 -0.79130626063596154474 -0.51040000052796585805 -0.33663963126736162756
7.8459465073004919233 -8.5815712977724984967 -3.9806711241031256243 0.99600077728847902225 -0.0043672749446743057769 -0.089237764148729553648 0.07999670398724559317 0.48837674428889632505 0.86895838967634342342 0.039786668519472677408 -0.87262195855201818429 0.4867729845223791596
-2.6039831056183624369 4.8464575199009276574 -4.185110430330307274 0.52694887297633730139 -0.0045716395504968839261 -0.84988468946109940738 0.493407729813581164 0.81585835033544507056 0.30153600837730604178 0.69200700677755033752 -0.57823373500669883462 0.43217132050979867319
7.4143831969020563832 8.9811226192963360404 -8.7920731243738270422 0.99817649899146931869 0.0062199293255292284824 -0.060041563437454092966 0.053716243972166281828 0.3622204207396240716 0.93054335306460411736 0.02753619426050057592 -0.93207171359199991745 0.36122580019602840151
-2.2478469306870030309 7.0879930274086877517 -5.6268661510783291035 -0.98867950519417946431 -0.015079171317160853724 -0.14928313569009976636 0.12414216482835793709 -0.64101079521968473696 -0.75742582694506799257 -0.084270747717096999851 -0.76738372344229366373 0.63562619681292598095
1.7840150288925482602 3.7078960728994281304 -7.6229683426321788176 0.32663318604472063589 -0.0044821862977593371347 -0.94514055662653484458 0.7334610224816660029 0.6318970148663974884 0.25048171810152519701 0.59610879063674104827 -0.77503940068149423936 0.2096860441628788374
3.1983094674965024673 -3.2258196923296895697 -5.0709169363894428528 0.35883580661267333589 -0.013193763059458615827 0.93330744586602842894 0.11188427876401522976 -0.99208273805467983575 -0.057041642852747348469 0.92667080026197901077 0.124891014369649056 -0.35451863487223417293
0.73383443866731445926 -8.7351735518593667251 -7.2532479120143227291 -0.61912238450456302807 -0.0069965843778546747689 0.78526334488031346304 -0.58371379343818430296 0.67302560482050044488 -0.45421882678527580879 -0.52532435728381932094 -0.73958608901418609882 -0.42076922009731415608
5.6529046198197843154 -2.3392404566927558207 7.4840817080606480971 0.61025304977642114146 0.00092427690642856059899 0.79220600916081740372 -0.25621927212113981831 0.94648349562059408413 0.19626685178881683735 -0.74962850788376422795 -0.32275089191133438105 0.57783125732180784517
4.5260977460435016795 2.211762725352969472 -0.92406363060994778369 0.57135236435710978764 0.0056911678953934057013 -0.82068513228351602784 -0.77380335751537066002 0.33693894432749993406 -0.53637721026636364652 0.27346816933803153038 0.94150929809708006069 0.19691470731119339876
4.9568429931967443736 -4.4180867979286526648 -7.3582850387264935321 -0.1759206564964255759 0.00038351661005668787052 -0.98440427443871425517 0.96121864148668934025 0.21582445521159204782 -0.17169312097891015201 0.21239266907480069957 -0.97643210590800022519 -0.038336623163629658662
-4.2152771176539411968 -4.2816759681287992478 8.7962386762803710383 -0.98196946885049940512 0.0088436513132800174952 -0.18883260332052695385 0.17380932312331634493 -0.35057754135171920185 -0.92026393317069477007 -0.074338963140311506428 -0.93649195262478190926 0.34271933302337831417
-2.9082814768630549374 -7.2713372647304126417 6.1432021150138407251 0.32018343958629241763 -0.0065941006246189697027 0.94733261468784901727 0.49117103522729288478 -0.85392244617698420672 -0.17195194116033454823 0.81008245208025997375 0.52035850502513714133 -0.27017299472671030269
6.2050857501934189031 5.757274493068321064 4.4014025031818340139 -0.98459201139504581857 0.019907145944840630436 -0.17373047124166637878 -0.084306271234494883915 -0.92445099998737179092 0.37186395530231541873 -0.15320255783778893854 0.38078084794671779312 0.91188536675902776008
-6.0649153286741794844 8.9642313928841037551 -3.9344481195997769163 0.90318327249358698605 -0.0028114638192090349658 0.42924593412073624998 -0.091090367283688661315 -0.9784593770075082908 0.18525601888742135315 0.41947886868831751883 -0.20642030718209375406 -0.88398423939949721806
-0.87713908783501537414 -6.5788101339155016234 -5.2649449697066748044 -0.96003586172315236169 -0.0012720785871133365175 0.27987412531610189603 0.24935823979421972707 0.45019634183755485868 0.85740522627451709603 -0.12708899422114314226 0.89292868450526985402 -0.43188742970315746605
5.6715542357050798827 6.8744772167888195114 -4.1909408940159353918 -0.84065721580167784843 -0.0058607936093828571014 -0.54153586826585564662 -0.11394150099840663626 0.97947389698578790629 0.16627753748994705818 0.52944572891898356026 0.20148582139136556046 -0.82406958681168707148
4.9975493116966802631 -5.3945395889279428303 8.4316480156428230686 0.73280468307649582194 3.1354489610656635645e-05 -0.68043904611501748736 0.64302762543033986642 -0.32704819640784882351 0.69249906148659123861 -0.22251464984270682979 -0.94500765935710373533 -0.23968261172239221923
5.6366937369482661424 6.6632927201718015198 3.4579723486073206118 -0.98326996280665823758 -0.003550802918487004807 -0.18211966407040755533 -0.075938967823958231085 -0.90079183088776060284 0.4275597625730519491 -0.16557008609135109856 0.43423665115258430758 0.88545190574497778524
3.8696208941653114088 3.6078938266368520971 -3.6964788094856806389 -0.71517899785313010508 -0.0041213303900467651575 -0.69892919216860238674 -0.20788137740449350033 -0.95347488907691135829 0.21833682426034295432 -0.66731127216473229424 0.30144427434536702481 0.68104846780997374545
-6.0782331622510499258 -1.003171635472741352 -9.1649899867044393176 0.54834622431749147076 -0.010862556915894876208 -0.83618085551752785456 -0.6912707032460282397 -0.56858588775191720721 -0.44593150043858903464 -0.47059667775140945345 0.82255218260407247932 -0.31929089210731531612
4.1484279835874158238 2.2373055742979790494 -2.7696270034168097851 0.64967612117894291135 -0.010055290016097093858 -0.76014461039495628825 0.75399584397558971904 -0.11907692980286280204 0.64599609291110293707 -0.097011364475581049471 -0.99283411299740176315 -0.069779790994082893651
6.6698878188529162614 2.2885532025068626716 5.1889640424702001553 0.77122170076675811146 -0.0042838586419245983095 0.63655222631107177822 -0.4719197159826047927 0.66725396283678917175 0.57624988567932744488 -0.42721056861121259329 -0.74481796274916478584 0.51257909870881890324
-6.4797066196091064327 -8.6834508667487053657 7.2068483220801438094 -0.28020028365454235919 0.0015367798767511823416 -0.95994033113910537391 -0.90881397306425582006 -0.32242666771624384214 0.26476065853528601979 -0.30910348332349202316 0.9465931978694022142 0.091740690777319486293
8.5066247745939556069 2.1836533666796111852 -0.22391972259357847963 -0.75062850865971952885 0.0073603116125418727167 0.66068348533944787349 0.49029475493795815488 0.67650092705822473249 0.54950664142461536077 -0.44290845021023034223 0.73640499828705319185 -0.51140960416307956748
6.802348422974894504 2.3126891955955994895 -5.797655364584652915 0.99991931066507877546 -0.005826175856360325811 0.011288393769588381602 0.012638092676816266302 0.3663718151952757851 -0.93038270171134973552 0.0012848239179829466436 0.93045029351656705074 0.36641588464767049782
-0.8896796177556873797 8.2011912094901493475 5.0861509261930448744 -0.72128737187297331523 0.010541140278445715328 -0.69255571006105653975 -0.16597666780966174871 0.96812126545873322669 0.18759787074886830061 0.67245540589639518636 0.25026006418978563595 -0.69654405987889167484
1.8835817990159198221 -8.7284011852799210374 -2.1960783126597429593 -0.191696527560483998 -0.0034503690057493814451 0.98144818318395632417 -0.96461833842234279146 0.18508960271427679634 -0.18775862202991927541 -0.18100801778014075083 -0.98271559157322863065 -0.038809323345150470441
6.7358040101550287204 -6.6499258962664713479 4.0855934067398873566 0.93297185385525527312 0.0064310364999434800615 -0.35989187498923375097 0.31908543238763692473 0.44792949886346256072 0.8351907871176400544 0.16657732964521879127 -0.8940457515234693231 0.41585356488892505356
6.5890215112963081978 6.9493956351625527645 -5.5105623078908534396 0.95335226199627731702 0.009978967741309775763 0.30169501943140519806 0.06909294803928749118 -0.98013382427686068787 -0.18591355797737943445 0.29384626776273153892 0.19808610933472178828 -0.93510227473280882471
1.8778687459133778237 -2.2873692502548408356 6.9198586358847693489 0.45087044898070671728 0.0048866435681310695094 0.89257602418530035404 0.15608810417422550043 0.98414493064237074105 -0.084233361716952795395 -0.87883578783026217174 0.17729883306294680345 0.44295911981060820395
7.514387278127702352 -6.7042554297068299718 0.19390052595399659419 0.54060353489480050815 0.00531484617142010448 0.84126070303417543883 0.093216308708226031099 0.99344409685781531749 -0.066178139964820734131 -0.83609720598148840054 0.11419535379583140022 0.53656396014034390962
8.5171824025700111349 -1.0663769868419896714 -7.9301749750336352207 -0.048631593772901077211 -0.0013675335437770812924 0.99881584786133026377 -0.87359680955599305907 0.48484578826136287555 -0.041870943852365782867 -0.48421439716406960985 -0.87459858875798868194 -0.024773496358008410129
6.8264307460794295679 4.6357656121170887076 -1.0388769177323242676 -0.36922078710837669124 0.00066059646740638893175 0.92934147329149507932 0.55056404022881799687 -0.80547088846378012139 0.2193077414143734527 0.74870237609764855868 0.59263497319165336918 0.29703289477144434461
-8.1912873645700639003 -2.2340054015093135931 -8.6421308827008012088 0.96808832244451836768 0.0040815230570760167514 -0.25057601863670408981 -0.21583035950645645951 0.52173912282965428933 -0.82535176962565759418 0.12736661988774455878 0.85309532226974726932 0.50597046876246476454
-2.1935913685876244905 6.9823366966821147628 -9.1621603265321915899 -0.52050114680734749228 0.0043073835863765841392 0.85385010547489215149 0.26363859767149416813 -0.95031697569776008017 0.16550630054109735645 0.81214114905608547623 0.31125406366433139294 0.49350548311265818313
-4.3688007235869417144 -4.3024591892493058154 -4.2757818266779876737 -0.48824703167066002552 0.0033515890510283693343 0.87269903341058419066 0.87264052750870968467 0.014074166683094059549 0.48816024785075068371 -0.010646399118605331252 0.99989533686428544446 -0.0097964025438910355692
-1.0877010700406704036 5.8210252496407433043 7.8587411634585375708 0.67444463923047526244 0.0066800768825245240151 -0.73829520192546171931 0.73821687491014442717 -0.023247346139669340659 0.67416274481418381193 -0.012659945145725656074 -0.99970742593523664876 -0.020610393460634802293
-2.6703681079929393327 -1.2005118664591776234 4.7252955441375501522 0.1476452751624552362 -0.0048679005885508639523 0.98902840013106529948 -0.9718050663620093621 0.18515712869421910303 0.1459854468323570631 -0.18383630140788898011 -0.98269687149062467935 0.022606924759861177915
2.1675162913206085236 4.6980810617468620194 8.1513152745806678467 0.47233896864995011944 -0.0074757366427530991954 -0.8813852801449493235 0.83445447082031298791 0.32584098499475078192 0.44442478399113632959 0.28386904519955158399 -0.94539503164502192156 0.16014555666058391536
0.33161331081662909215 2.2268245977924130408 2.3484552827862570368 -0.88615333381406236057 0.01397607737856865727 -0.46318132327526673198 0.42776436150502999967 -0.35967653472582433727 -0.82924691220051571783 -0.17818507231608693431 -0.93297237881320294051 0.31275009252594204723
5.4505482893506123077 -1.1768829744732574039 -4.592247773189093607 -0.95959923478601527602 0.0022429616913362711295 0.28136147163605929045 -0.26342626243373462591 0.34422593861894207334 -0.90117429359812517564 -0.098873216082969783702 -0.93888416341135816356 -0.32972809227713650859
-4.2606503188230853141 6.1728449925560830991 -4.5757497705519343256 -0.5880188026721588912 0.0031431566207003086739 0.80884115144475698944 0.69630366481581418281 -0.50687218177830040133 0.50817496760769853559 0.41157635265879727315 0.8620154940055936299 0.29586178196306262
5.692727350443114176 -3.463304394492051852 -3.5159271081535417025 -0.79197625813616112644 -0.0073366413541684771804 -0.61050780522637959624 0.10136046005588836283 0.98447220369740129353 -0.14331970305777497199 0.6020794496459207501 -0.17538715415056296831 -0.77893496678028184554
7.1663741472811697264 -7.7853231125646402688 0.67788399157588274946 0.95718941203119312089 -0.0027375953201823751901 0.2894493652911410142 0.10519544780453479738 -0.92829513809580510575 -0.35665397004528165414 0.26967081276371962506 0.37183415948470344148 -0.88826629485943442432
-7.6798216611316609814 4.6288895997905852298 0.67593936508056451373 -0.86124977478290465349 0.0026807550092077404164 0.50817481144685883176 0.086153083281020004236 0.98628120012271713879 0.14080852433666776746 -0.50082578974893687818 0.16505213672449700613 -0.8496654167877020214
6.4098077575502427905 -7.916288117804648472 2.8793844894656386302 -0.9417709774186431293 0.0021308699299096046931 -0.33624824978765216477 0.0040470794094021739218 -0.9998356597547293223 -0.017671293983183122833 -0.33623064589695156323 -0.018003135174934403739 0.9416075827454503111
1.25737310407891556 3.9551807553179600951 6.074854498419794524 0.96004861260209795049 -0.012796397418961538359 0.27954054026925978516 0.12153376996468077953 0.91888910430974257704 -0.37532966408102375055 -0.25206388912135091473 0.39430833898628497858 0.88373340414803625009
0.062824878577391232715 2.4737453926222707778 7.8454783322372332321 -0.78292618461331930924 0.013163821451600983201 -0.62197532366774399559 0.62210406029834708352 0.022388991040618325123 -0.78261438220896295537 0.0036232039562594004108 -0.99966266654561475313 -0.025718194106942954269
3.4376396466055512136 1.4479054594328149008 -5.7615911780195112613 -0.97970936424554844191 -0.0010722485806066838626 -0.20042058749673022366 0.034014930929303507923 -0.98636856665480232564 -0.16099700366584421274 -0.19751593880841827877 -0.16454756454739105642 0.96639099381048165771
-2.3324432593306299033 5.8147020515082994407 -8.0850088043934729143 -0.37031220737154996181 -0.0089500346863086548133 -0.92886423440177923183 0.75229349660404476463 -0.58947279155636256309 -0.29423854775048802201 -0.54490674802098726381 -0.8077386488797878572 0.22502202351558941995
-1.9108382085756745461 -6.5051452085729959407 3.1753959523916388541 0.1690005240573438372 -0.0013827760931060574263 0.98561499115946005212 0.37182817508127735673 -0.92601921995629765672 -0.065055457011297987413 0.91278838242156423721 0.37747382982349242386 -0.15598357834870210659
3.7149239057126881569 4.4797628346683726619 4.6409722531783641486 -0.73063316262850308558 0.0005933026382300352064 -0.68276996833458858394 0.62237047955286206591 0.41179613355607014302 -0.66564174340937309893 0.28076710606589072583 -0.91127580478130643105 -0.30124116546586343635
6.5930621023988109641 -7.6152812809462480104 -3.4624968740635040376 -0.054464829124852398579 -0.0023354865537147146033 0.99851295829880726274 0.16226534680214901862 -0.98672546656971160672 0.0065430000411813840286 0.98524288356487155216 0.16238041484401391501 0.054120802465572326323
7.6623011321268119644 -5.3479718299046918872 -5.8611512898434634522 0.83480615598123664167 0.0093416351447016543474 -0.55046472710694871466 -0.30386447097853763744 -0.82594895590444761257 -0.47484176892648816137 -0.45909156517285559795 0.56366750491137662671 -0.68666868189392460398
8.5170211604790200255 1.1707054859321701645 -3.1533008658791672474 0.37352347791485829287 0.0072457114930980833639 -0.92759242726052693051 -0.53525864464309380608 -0.81501933302229578882 -0.22190464198521508976 -0.75761361839736407475 0.57938845903659008663 -0.30055052612526927946
0.65469441668742611729 -8.521621831503802369 3.8636444206262385848 -0.51100394020105199822 -0.0015861242039127332239 -0.85957690598861846709 -0.54550163788866357084 0.77342522290157489362 0.32286434866709262659 0.66430635715725960821 0.63388556442748356101 -0.39608856970472461345
6.1544816579803649503 3.5756699410597949651 -6.5572555873826416928 -0.9633580855129877385 -0.0032017425175156948372 -0.26819945548351353803 -0.21655043763578529781 0.59929393777260620002 0.77068325796586178988 0.15826277843059460837 0.80052265738949646146 -0.57802799929547876712
5.8140611825643251365 -4.6301716552267784266 1.8778512083402643107 -0.96769714111995019934 -0.0022740323958663089671 0.25210527928834219891 -0.024249059895383635183 0.99616276289687222256 -0.08409359614057256016 -0.25094665999489063068 -0.08749044858898814836 -0.96403900089315652799
-4.3347608158319532734 -7.9905991125766950844 5.6101934950650891309 0.36203708433581666126 0.014934702574304731595 0.93204404628990833448 -0.88019452318050617201 0.33466727577174637531 0.33653442006757794402 -0.30689860040147010078 -0.94221800512745923495 0.13430740815422390066
1.463194322667092484 -4.3724207433705366554 7.3673994217646594507 0.42885236485475841661 -0.0092139354898539520267 0.90332759979489007929 0.68696572373098174769 0.65269604531189362451 -0.31947764687562940633 -0.58665470557832655185 0.75756384274020416303 0.28623990042560309988
0.85017748648024127345 -7.5467351268026128253 -5.2207756123361424017 -0.74866322358976267193 0.00069104520805638109185 -0.66295014903100857317 0.33932901622808453457 -0.858676910151459305 -0.3840960592332406387 -0.56952541329574102313 -0.51251681575265262136 0.64262533188553105923
-0.73270651688285570735 2.661735409515439521 -7.4378805904504350366 0.17671113464294335715 -0.00064162764983007286416 -0.984262547904412477 0.87110977136258327391 -0.46541706246614999998 0.15669947096973307898 -0.45819312645430676501 -0.88509126437868257398 -0.081685449075351967974
-5.8382891976340580698 -7.598933662762918928 -2.9293298545722614712 0.75570562316318068419 0.00047374106399113982344 0.65491128154035127551 -0.5653599026309957809 0.50522857055302761164 0.65200634352254183135 -0.33057100843279552116 -0.86298543850173137226 0.38207190595141499179
7.7688021635388961883 4.5561721098506904326 5.9990381584040406437 0.68444224712794865528 -0.0034114414809623778632 -0.72905910076846092149 -0.16524242946651540587 0.97323993421790999658 -0.15968396897401640477 0.71009418378848754294 0.22976595159067525476 0.66556281269255057609
1.7074067598751627717 2.4779768982687926382 -5.8697076983710791964 -0.44986683620401152206 -0.0061029545641365758393 0.89307479173321824284 0.056705979197030367822 -0.998154125398425629 0.021743363892662414399 0.89129358889606236094 0.060424298884363639162 0.44938251245158605807
5.5818817110384557623 3.5647147879765186396 -8.9673750180372131524 -0.9447025474146798496 -0.0096846720177126630058 0.32778545427825556136 0.28149129070754524973 -0.53671903288544831057 0.79542148135083035054 0.16822529585154011311 0.84370545030031685041 0.50976598843911558046
-3.2993683551987942337 -7.974150089698597732 8.3382891821089746287 0.089390306906765831796 0.0016549950188098558335 0.995995298193011247 0.27432271213613701466 0.96128023065066625641 -0.026217699491373730458 -0.95747398013575124587 0.27556773967891418087 0.085475132119193691915
0.1219662811249666301 5.7107216498263007054 -2.5532075201941477616 0.95711796799336790187 -0.015248418221302042358 0.28929687361941469614 0.28659735705217620483 -0.095885191383691684153 -0.95324078018307045745 0.042274700175481932929 0.99527559791997688432 -0.087403283176326729276
2.5863631537320501685 -1.9672173154114425131 -2.5340409863489119502 -0.41787777925023272818 0.001125587627722649843 -0.90850255622180287052 -0.81164592958894188346 0.44882303653830224466 0.37388335995847982174 0.40817771447054296274 0.89361994993663773634 -0.18663959516846004294
7.5862405169716158326 -2.1514210502391928337 3.0774972715014961011 0.96312973605387963705 0.011483251930328980395 -0.26879219939202869671 -0.24846558779261679328 -0.34519765332804802638 -0.90504333145960969009 -0.10317927704597289196 0.93845975676188420067 -0.32961693179583406721
-1.5332154051450821441 -8.650748828246285882 -7.4827720120632195133 0.88468689112820986242 -0.0043540020248611218875 -0.46616536479272102644 0.2372511950735261832 0.86498134061300224751 0.4421754751538379824 0.40129910927136475118 -0.50178513634608179483 0.76627064529450650276
-2.614468105162546685 1.3358240785034749543 -5.0802591001154109307 0.90210670143014282107 0.013854256780010171593 0.43129057351610516902 0.063013731548352033829 -0.99299968551946660167 -0.099904425304100624716 0.42688730230733556992 0.1173016799881198835 -0.89666467924247039711
-7.5192256093054465893 -5.8985996992371401149 -0.37599356223347252248 0.30116706574269275221 -0.0029516343236054946864 0.95356682323100927512 0.18641314601308014987 -0.98051886798194487493 -0.061910326479607230565 0.93517299870410897089 0.19640274281751279872 -0.29474976693541077299
-6.9857438637436359841 -0.86625957794949703938 8.6534229450791322336 -0.61690001642295566597 0.0068212007256178161865 0.78701197002217215815 0.78186882383373979 -0.10914596968030151891 0.61381454823067871374 0.090086136859815521549 0.99400232822836354085 0.061998866299775787225
-2.6798097023381419746 1.3271013648281710928 -7.5787144424122390163 -0.5821079049162927177 -0.0016820399202045850304 0.81310980671481469795 -0.7763801888019992159 0.29831403431714864638 -0.55519594681983175377 -0.24162820503776893943 -0.95446629467511667766 -0.17495685999433219227
-7.4244741065015009696 -8.0847404264714111122 0.76406388662239266285 0.45299723406275582693 0.009832825292129667577 -0.89145769472172309289 -0.63838124238930959997 0.70156794068522043695 -0.31665724998489658271 0.62230450367722611738 0.71253472908309645195 0.32408542786364930022
2.2587269485157301929 -7.6466048901040855057 -6.7400392221539773274 0.64276214967415734591 0.00684301421362753029 -0.76603524207620421471 0.22932879544599260591 0.95238364546295328772 0.20093206671338165181 0.7309344173901388686 -0.30482546647373093274 0.61058685906555343337
5.3439754365086162835 -1.1589285149501831196 6.1988224503271949217 0.52430296061768633109 0.0090370847269850076988 0.851483843996466927 0.74652274166756971141 -0.48592105972752902554 -0.45451569817344356084 0.4096464349413491135 0.87395597990578754999 -0.26151623950880559244
-1.6734632802540718721 -7.5467238839078731871 6.2493674548745259401 0.38185559157923881779 0.007747871214653469403 0.92418952475722038198 0.19772485657214500243 -0.97749807707077474017 -0.073500955207801615954 0.90282400736413270792 0.21080199196047877397 -0.37479505321222289504
-5.6441429704394838751 2.4074738527662984389 -0.94064312396404936578 -0.99524615462358101414 0.0036560009476792176136 -0.097322789539570520034 0.095821735515490710777 0.21544840489283753615 -0.97180254158541123921 0.017415128752932104023 -0.97650838116525440213 -0.21477452084544854105
-3.091219401873781969 3.1565024466820368332 3.390573085609736026 -0.98067958439300917384 0.018921211314277271154 0.19470372497008808788 0.11488672340599477562 -0.74987207714111958623 0.65153120317383250715 0.15833064624351478322 0.66131222254437471708 0.73321044098806076317
