1125 17.292696884352682929 17.968806560800352656 18.477561601407678893
-2.3089691664181466457 8.5986014849607457222 -4.026963662906521968 -0.35885082948576380035 -0.011955742782260400658 -0.93331834997060691972 0.93125329612373985988 0.063111048667957775349 -0.35886528669501865929 0.063193200869053986479 -0.99793489554722658585 -0.011513627290590914415
1.7537709277378401573 4.2865595347860718789 -4.1501394375373443779 -0.57061649260873781309 0.0048307516384443159596 -0.82120246115164907685 -0.46469858249768830616 0.82258357216386757127 0.32773692838991519416 0.67709086966779830075 0.56862371621712459735 -0.46713490938688828624
4.3155298328905127292 7.6409658931470261223 6.7714554322547062526 -0.70802668774833987797 0.0025564447253483505579 -0.70618104904230283303 0.46419796690459069755 0.75528157794562222893 -0.4626769775314260591 0.53218272891734597074 -0.65539545513122221543 -0.53594621039423895326
5.0177952751053229719 3.9900449022034885083 2.9407393952346727595 -0.29935490990839358494 -0.0022592488149999990707 0.95413915846109043084 0.75416897385897174733 0.6120084570085407849 0.23806471267032608408 -0.58447908156123107304 0.79084799066877342621 -0.18150388115050825055
8.319172645678913014 -8.2847971467832177694 2.4312004759931209463 -0.9438095662613291692 -0.0093109264834026674723 -0.33035860709487741005 -0.15356281169421218125 -0.87278665071399386122 0.4633162259197473043 -0.29264648553902999906 0.4880130827999595855 0.82231457819846609514
0.43549037708502341681 -8.2806059572493833087 1.1124866992279718314 0.908071156825245418 0.003053455778526864995 -0.41880478811695387442 -0.22665408122834743154 -0.83730268040307886945 -0.49754612736144598895 -0.35218560675372911906 0.54673110191155405158 -0.75963833539240543935
-7.8778572603669339003 3.1652606866018033749 1.8812787292991415278 -0.8126914590684681805 0.0040841163882467451315 -0.58267993989014865708 -0.47378169554118454432 -0.58675800548111012311 0.65669319166083850448 -0.33921010793787254034 0.80975203797040551379 0.47878819918201698247
5.689037110098703387 -0.36482731819024866171 3.7826796276272465214 0.70485076042480687697 0.0033019957412313630241 0.70934794167098380591 -0.65528321423720492511 -0.37990668193736015779 0.65289725237463314134 0.2716418868059519709 -0.92501892404616359311 -0.2656137712713458332
-3.3194705318119797077 -1.5518163313243427126 4.0909862155060343625 -0.70239397043518059238 0.011975274516975272648 -0.7116876443331310309 -0.42518542352030641585 0.79480958890844466413 0.43300701265116403604 0.57084154186793867325 0.60674072731244066414 -0.55317775072615193999
-4.195898892561769955 -5.974668203880873385 1.5092116756289508661 0.94001742764528350982 0.0074897535038967490151 -0.34104418968177169225 -0.2992013139274024569 0.49829801596069767111 -0.81374299446076781006 0.16384690862932979605 0.86697346607750758185 0.47064976325334451079
-2.4456010503696190561 3.1582359467957896726 -1.5885240469022730014 0.9801912143262836441 0.014259475843036795509 -0.19753949151098565418 -0.19518548775593932976 -0.099574594055076570687 -0.97569848087826349659 -0.033582863595142432855 0.99492792079005831773 -0.094818899515326043881
5.6980686964639239989 -8.131328325515776001 8.8159954640873632314 -0.97319580421473439458 0.009686950653790410426 0.22977399688703323277 0.16569434673295294069 -0.66332752013421547588 0.72975474270021045697 0.15948451372840932727 0.74826650601228195114 0.64394248645440044232
3.4791031900443756264 1.6981902988473285276 9.1692324111425591582 0.97670316990691552483 -0.0036576504459668456211 -0.21456360242853012021 0.16579469062983215322 0.64766951980802045519 0.74366411347532157539 0.13624624197686999172 -0.76191260306234853683 0.63318729207255686209
-8.0682834117640638283 5.3221838290987042441 5.5422074249323491912 0.98670305585276929516 0.0050651417110760491719 0.16245437485755384599 -0.11393681862531018778 -0.69125360401468971538 0.71357330127888229931 0.11591152200027253494 -0.72259449158998712015 -0.68148493731816650598
0.328653542038830071 1.9529398370389923212 -1.9883678333942591543 0.80862588240916133397 0.0059975911842078191705 0.58829262378329505445 -0.026784424251988039195 -0.99853591442664568767 0.046995980869831130433 0.58771317572044490252 -0.053759245720374937427 -0.80728134289345820918
8.6425950863921574552 6.1928155814127681111 -6.038203352863116713 0.96570594643105267529 -0.0041187187232484155294 0.25960558773574393676 -0.17754787819216633071 0.71907580166156559454 0.67186809897047683471 -0.18944333183581710256 -0.69491943966233227226 0.69368450782912005614
-3.962834058515700697 1.947574956244494615 -5.9127627192650855648 -0.99730102402780063109 -0.0020922747910121640598 -0.073391347304370482818 -0.073239750943240464198 -0.041875772287984447395 0.99643482404853067624 -0.0051581348107841273193 0.99912063439855780533 0.041609512900236948763
-7.6928151649834539683 8.602008070327498146 -8.4649394300378020262 -0.6810885928903120945 0.0024268326298847306063 0.73219699474814126106 0.72053421953359086949 0.18002333206747539451 0.6696432172377386749 -0.13018743071420840751 0.98365934672255805893 -0.1243604538801810766
-4.1347819939909120635 -1.4533862661805161398 -8.620281946153731667 -0.76508778725161408207 0.013982479347839709208 -0.64377415921235947582 -0.64337426943087805409 -0.057976326514443066173 0.76335332251699183903 -0.026650088788793130368 0.99822003377764412235 0.053352946801237498275
-6.9432144177630359394 -7.1432001901295105739 3.3874740683004911368 -0.56077167957513829322 -0.0041857086675769683212 0.82795990436093658271 0.82215203459211172454 0.11552767070571451358 0.5574220925991278941 -0.097985485673097685866 0.99329544303014827289 -0.06134335704179375709
7.8393928689685647981 -8.0007604358771811093 4.7614518270012329282 -0.50248440281263562213 0.0016741669869320390668 0.86458465293732778001 0.15399074351562952456 -0.98383558837932927332 0.091402330111071433683 0.85076217349003413482 0.1790662787996051275 0.49410423187362373376
2.9590645465121903079 1.7280628584935762149 3.6794462668624596802 0.27668921605117496876 0.0039051158209099413876 -0.96095152208182954556 -0.39726203314850433435 -0.91007652054335996805 -0.11808303762456212604 -0.87500054556547712803 0.41442185852869278806 -0.25025700476495199576
3.7733850965146409351 -6.2699855352173647915 0.44624859504112995845 0.94470210264529153044 0.0010471459870121917896 -0.32792810300900382403 0.30543684761134332062 0.361161898796254488 0.88106209484871778059 0.11935773698843933632 -0.93250253959086870648 0.34087056821878214397
-7.3276770004504241385 8.5346156973350275621 6.7597466867335338492 -0.60203345445589495633 0.0036908325296779080985 -0.79846233315749004511 -0.72723705611555322648 -0.41540621433710456234 0.54641004868382436754 -0.32966950712546355673 0.90962852574301877873 0.25277254840323948315
-4.2459425597461004642 0.74113035974696894748 1.5370480659818845925 0.92425442538546120907 0.0062018782640710133983 0.38172672667950530156 -0.28843538676202556958 -0.64371037887062787508 0.70883141563956242326 0.25011754200541375104 -0.76524406880442763512 -0.59316332518208381153
7.0561064759651594969 -8.2328385098338809911 -8.1924459623812317943 0.45089548289735553732 -0.00072143506207335240596 -0.89257646341038776594 0.85401015796351620324 -0.29042495442339144596 0.43164800004598558036 -0.25953788470692734647 -0.95689749993403283579 -0.13033518719894646165
-3.6584978844029194534 -1.6856309929584947227 -3.4904158508129357052 0.66335979091886188019 -0.0067352055333010285229 0.74827028859792421578 0.19296315412978623516 0.96768053640185081044 -0.16235639998886619573 -0.72299309052042082246 0.25208930258022005377 0.64322000480717944626
-6.6079024815340510202 8.7504968501470283826 -7.6603962693137344075 -0.85518247585574447278 0.0096772179684630720009 0.51823670696117651868 0.084246570689297681223 0.98912580324778431873 0.12055148558353312449 -0.51143469604300717535 0.14675318327611822089 -0.84669832578180881377
-5.095372221885395625 -3.8615852099352383497 -1.8529898043560975029 0.85623023340770276768 -0.00027094931398848227933 -0.51659434180452279417 -0.095769739918655436006 0.98258225382519992497 -0.15924908597361162044 0.50763958111443441279 0.18582798781123366361 0.84129068378997107214
-1.2147231349981129078 -3.6949961399430613085 6.3955956928243660187 -0.98886699006450473615 -0.010123461733413932281 -0.14845737261429159393 0.041253337432695706688 -0.97722692490750140415 -0.20814826299199062909 -0.1429693607444219583 -0.21195530839894163866 0.96676507442599990405
7.2173691732563280965 -2.7999240623067125355 2.2834984914903371234 0.92647234641253051191 -0.0077072760818354662388 -0.37628392103305635663 -0.37636219616396238141 -0.020829475993950765517 -0.92623843055043697525 -0.00069902159820919287578 0.99975333499082474908 -0.022198660851354076046
-0.36357415463839859449 7.5961757311112343416 2.8497229335807734429 -0.9688981423610780741 0.012737041493711728779 0.24713186258169148046 0.24507828899922681765 0.18761076267499418591 0.95117760380992044666 -0.03424940861258540109 0.98216086742573627255 -0.18489729177888084011
-7.3659189653977685808 6.3797407730328954401 7.7726418303682063282 -0.051361799277338214542 0.0040731361508525272888 0.99867180551793310883 0.99865399981413505159 -0.0070217983379112077977 0.051389522306548550412 0.007221788545192966112 0.99996705141197816946 -0.0037070015117845449976
-6.1757444735660174118 -2.5716987478381083676 8.1101989501880940026 0.25353040048118602456 -0.0053745159629739556323 -0.96731248860441232384 -0.045922774627074204601 0.99879018976022770904 -0.017585664882300146988 0.96623673848707958278 0.048880174068346271543 0.25297686412136655143
-2.1846443573647498226 -7.0918211517366493979 -4.9245170960169470931 0.49337500878312173791 0.0011665807021940394206 0.86981592293836118568 0.86921013014218562187 -0.038000639686958839758 -0.4929804266306972993 0.032478460029131420161 0.99927703389622257735 -0.019762569703172062907
-3.2441288275184647638 -2.5310380585045542112 0.42186313164275290877 -0.56791695502208150437 0.013885643370009515679 0.82296872425798062167 0.78122208557553496355 0.32390908257435635509 0.5336431009905124867 -0.25915706667462878876 0.94598630811112405237 -0.1948012311526038931
-3.1682672566287002347 8.8734831215198344267 -1.4261461240003172612 -0.89621134221885045967 0.012443804415309379918 0.44345279547038407575 0.15746493628842309076 0.94344093145475571571 0.29176018010596893593 -0.41474091179737021529 0.33130704880452060967 -0.84748192635252916904
5.5473439163723758938 -2.3641311465108780787 8.6071131527341240286 -0.37268287972711705569 0.0057425591053645568679 0.9279409971399610324 -0.15587767271296332217 -0.98615909234524312676 -0.056501289670638887852 0.91477298949398611061 -0.16570234639179062808 0.36841974715308284383
2.5631638539077643557 -2.8982173182261279365 2.0171282144148983129 0.77956410817729104856 0.012800545708417689073 -0.62619162184705390306 0.49260053831624273091 0.60493465968345616623 0.62561870749178605244 0.38681327652002034378 -0.79617221977600050042 0.46527979277508846323
0.81183227466330099009 -6.8906638595236247014 7.625699746020011105 0.4582033366564501331 -0.0035174735829973770643 -0.8888404410559593849 0.037544483698989404574 0.99917628161306004664 0.015400324845988133671 0.88805411660593513989 -0.040427535680185755496 0.45795796787265313776
6.7552419413427955419 -7.0289898841449769407 8.8706622597367381644 -0.51912765171922792273 0.0087450763237518838733 -0.85465197879636412015 0.35204266314237497859 0.91337281935506220432 -0.20448974593263627431 0.77882760900469105714 -0.40703024028170281534 -0.47723572681430687092
6.975564484511875385 1.6558391183212519682 -5.4302017554470882743 0.99961109946694182149 0.0050712766329303760743 0.027421378080456110249 -0.026982406213926415223 -0.072447029043357868971 0.99700721047431672961 0.0070426967435324432792 -0.9973593686008431769 -0.072282019108984421618
-0.20793921595080125386 4.2508744985715143372 8.6693731621686840327 -0.96983321847225334444 -0.0016641415392965432443 0.24376373598381839702 -0.067975231776024575003 -0.95846593319115480636 -0.27698812750192219889 0.23410018413692570971 -0.28520218362586818861 0.92943898037591354822
-7.4536486761153639691 3.0749153197522831604 -2.304898064033777505 -0.57462104296078075905 0.0034388200669464913037 0.8184123847443698363 -0.25371854274353822234 -0.95147329069249997335 -0.17414212059984937597 0.77809868143746596658 -0.30771212458314889382 0.54760906706317491466
-3.6842316833349659788 -0.6181382910710963019 8.5991163443606577488 -0.449890534323919844 -0.011713199845079968336 -0.8930068913927527996 -0.72555718119376677588 0.58781914977940330491 0.35782037947910749764 0.52073533003214200754 0.80890756462155422035 -0.27295286764250037415
-7.7592061585206861807 -8.0874733703456964662 -3.3072807043443650521 -0.51911206421268285549 -0.013044843118472895099 0.85460663281814164272 -0.84852217947389330099 -0.11219600320967830498 -0.51712877294176251564 0.10262931223366737743 -0.99360046745739472041 0.047173460108976612848
-2.2776652193447795014 -5.9732417867713998305 6.2022972711209556351 0.99959982553765847069 -0.0053988899538685818091 -0.027767620939310039274 0.023530234469223438448 0.70353610658496723573 0.71026986054408580706 0.015700855110139043391 -0.71063900731572182679 0.70338160654802628358
3.7021273046960843089 8.7200560673722247174 -7.4798137201001280161 0.99350029690379093594 -0.01084784519775124946 -0.11331144826060238207 0.10599805012783471148 0.4510153519166513747 0.8861995067165194806 0.041491847650256347135 -0.892450265611479443 0.44923373647657266483
3.0820604157942779189 -3.6862188757040352804 -2.5396636499241140861 -0.83430923985715410574 0.014628728707705396586 0.55110261529533910441 -0.55110976727354732407 -0.04816363376528775414 -0.83304158887664947475 0.014356765124278865475 -0.99873232884437035395 0.04824539994910609364
2.7160154825480189444 -7.0845230152549012459 9.0370859720343315047 -0.53015873993073181492 -0.0011774025767574765496 0.84789759063109848558 0.66664307306777537132 0.61735469860219438498 0.41768431769023139921 -0.52394534410153259518 0.78668404702085148461 -0.32651108182927107704
-2.0550512703408538862 8.6357116689672217547 -8.8026153695808933008 0.43444839175612037785 0.0032593152573915746759 0.90069083028793672785 0.34591759343494493661 -0.92390771733113064013 -0.1635100865647034496 0.83162227811238920161 0.38260149858601039119 -0.40251767641551283727
-1.0075159187989031206 0.83444431867299140304 2.3004838068747006652 -0.84058770342603716941 0.0089799495114533164214 -0.54160102783865071707 -0.43120504496259293159 -0.61623061910704157729 0.65903113224884413146 -0.32783307039991727017 0.78751456150456233818 0.52186808042887589121
0.57635791273161940396 -4.826659321596422636 -2.5826879418339587779 -0.30935250558950766475 0.0091064056001753275471 0.9509038335513593232 -0.93676063875592086028 0.16916289535624010054 -0.30637137678393583373 -0.16364758771009374483 -0.98554603556203235204 -0.043800443204455197233
2.2231726695612952227 -1.4977215485178139165 0.93205224844398315565 -0.53841555004035046572 0.00017370464361886892371 0.84267945584398784575 -0.42211936589751170024 0.86543497847748385166 -0.26988430662419643502 -0.72933115688901495322 -0.50102122495395617907 -0.46589032586695955374
7.9128293174593364867 8.6427009218442414351 -8.3344309288057960572 -0.62086172175477682966 -0.00072445178739527146816 0.78391976479050595739 -0.020136352939262965739 0.99968435244603848222 -0.015024072830901801651 -0.78366143821810529957 -0.025113156785329378978 -0.6206803360882745535
7.7614421801338391305 -1.2947170629348079274 4.4115508783221200062 0.98494854311998958352 -6.5049967066221989903e-05 0.17284780349928929866 0.10728585365050337386 -0.78382161978955666726 -0.61164811285283915421 0.13552163300555783443 0.62098604180643746098 -0.77201698353638625871
1.5027702832810605482 -5.794449628284034759 7.4150352931592946604 -0.1989697162882713144 -0.011631079854187140188 -0.97993661528782027847 -0.33697489898316906887 -0.93814648223420615825 0.079555611537019496615 -0.92024940611523076139 0.34604319940319161475 0.18274335744799005687
-1.0437464969912140234 8.6106239112188447393 -0.1249976416878534613 -0.14664069337006749305 0.0030694392800335707459 0.98918506134619343939 -0.45465431441205195195 0.88790075124836120857 -0.070154902316538383933 -0.87851349530593225712 -0.46002481941181982972 -0.12880684799535918605
2.1750127459577566214 -3.5721223031053708219 4.454084653472675015 0.19740210235550229023 -0.004523304609644156031 0.9803121695158187876 -0.79000344042093895158 -0.59283289933944061101 0.15634486746866638196 0.58045411025199944444 -0.8053127921348960383 -0.12059988687881802172
-0.66720216660166153932 -1.4088393662384868232 5.2150129995856451259 0.83163404026156018123 -0.0069781823944836500473 -0.55528022479522276544 0.32960480659434476802 -0.79854130581686644241 0.50367891992265489964 -0.44692895917378933079 -0.60189956626909402182 -0.66179409001374833732
8.4471886384150209892 6.5077312872467611982 6.3758243424983165326 0.4451766141412111244 -0.0084819162230149649367 0.8954026129732213235 0.7607498573614193127 -0.52385433148969617889 -0.38319224144535707355 0.47231074172243214804 0.85176563471238164738 -0.22675508103897204504
-8.01231444791122982 -5.9974256059012649445 7.4854532252120860036 0.35791948563095438152 -0.005741233622552339641 0.93373480177300760552 -0.18009894969455292335 -0.98162894511394205299 0.062999860582523881103 0.91621941156289044006 -0.19071353478720198815 -0.35237811726093315468
-0.29741586032352268498 7.4756090014222671414 -0.70370448871188251427 0.28809505957914405272 0.00058170329304848070184 -0.95760163860913893874 0.58962233498272731413 0.78785080404305551927 0.17786683968144126333 0.75455068665778513015 -0.61586587191538588737 0.22663293907635873037
-2.2883852248915736993 -5.7969592397675615558 2.8299917933476677057 -0.18444703107864235392 0.0011171765930894760749 0.98284182076386439331 0.5760929694824138414 0.81032502050879340327 0.10719259139659889635 -0.7963015655133911519 0.58597961829221101304 -0.1501056418226453526
0.40950009411046545127 6.4762080690444614461 4.5399783566089428888 0.44097760475078962017 0.0042082683504640191682 -0.89750824095705872274 -0.73549843853470064925 0.57479540091979142158 -0.35868132652026335494 0.51437418191531347755 0.81828634203369210454 0.25656707392003025303
1.7174825934654185389 3.088187926029327901 4.8712027561270669906 0.91704194088764290349 0.017982625325316581311 0.39838512000247155997 -0.016693176510847868022 -0.99637622166684192138 0.083401215547705270792 0.39844123344716025903 -0.083132725705844026654 -0.91341859703291072847
-0.10252691276489045435 -5.863787539639708335 -9.1079743138978255246 0.84192101423001841631 -0.0076643469537101722999 -0.53954634980111948472 -0.52508919826084587967 -0.24196794964457332688 -0.81592453401921882783 -0.12429939528265829263 0.97025397145839575863 -0.20774236737290488475
-1.0477276713029997079 2.8547161325223235906 7.9218996722562282642 -0.49104983226563131415 -0.0070389110085305331768 -0.87110304554846706981 -0.21831076888142661452 0.96905191332195483866 0.11523366468915748062 0.84333295347831427335 0.24675664736555619205 -0.4773894495678201455
-6.3639265307737211685 -3.6414791461073541257 -2.9122032713743437604 -0.98916472985978665111 0.0018743246433371094084 0.14679790226116920526 -0.10288696145192618991 -0.72213263506159819372 -0.68406047286896420889 0.10472540457959157723 -0.69175208296456980328 0.71450097645112897737
0.0012196580999126530043 5.044260796520193324 -1.1161255764245177069 0.53483834492207749101 0.0022091973487602910298 -0.8449515159154692423 -0.64511720369111325013 0.6468809432422963912 -0.40665567593655987944 0.54568465096828788763 0.76258780787317548278 0.34740192426144295146
-7.4640567866945772835 -7.0656166244118390196 7.9314468392178536504 0.65864648585623519761 0.0090252334629368265867 0.75239839967299049217 -0.60127665037908684109 0.60748217388605374456 0.51906820180009582977 -0.4523839037571266708 -0.79428203654117701671 0.40554266119563403548
-0.90032651358689474996 -5.0983598376120760065 -6.2462969618708408248 -0.98017701368535248285 -0.013933109742848014817 -0.19763322163973987 0.16419328965978005619 -0.61537280433452434814 -0.77094544250278673747 -0.1108764423739672933 -0.78811305035388090623 0.60546200077967471387
4.5987878249212208459 -4.7710573957703115155 2.9938530459867016553 -0.99882380675506587941 0.0031571255242055181779 -0.048384249682692427597 0.039109504430421833387 0.64230740159186550109 -0.76544865831970620995 0.028660944194965700532 -0.76644062680591595882 -0.64167539757975233794
2.5267170620906402867 6.444297640737713273 6.8053394427118645282 0.44081393760245851654 0.007640508773789975519 -0.89756598367001116934 0.29564526640386057377 0.94292956128685723183 0.15322440701332060153 0.84751221163391976532 -0.33290458854963439483 0.4133976125406229607
7.3704368809179667821 8.8643559996558192182 5.800013210460556401 -0.65816963899358582601 -0.0072228292470298306738 0.75283501316351064681 0.70490841332978748657 -0.35710934530589527602 0.61284340929138236831 0.26441795537380979875 0.93403466008102975504 0.2401299619855649381
-5.7490588470448669156 -7.9932239020324846734 -0.67759149235127069666 0.18187386844850039758 0.0009972346093257596078 -0.9833213622710730295 -0.42973674963846997255 -0.89936803618011385009 -0.08039565602527733168 -0.88444797585037537857 0.43719119504014614108 -0.16314299553943270582
-7.6565313324988499843 6.2548585286317130993 1.1078493352358775859 0.75703322248445026332 -0.0029423206377084082201 -0.65336975963359966713 -0.29859228308576452049 -0.89101620634101097451 -0.34195433689202958671 -0.5811569052642765465 0.45396196182831533017 -0.67540742420922383893
2.320640083711698054 -2.320169586881792867 4.9552961830284809608 -0.44140227439966034373 -0.010624388764699474116 -0.89724642909185203798 -0.15137527907973324925 -0.98471682740097321584 0.086129522910652081547 -0.88444873058791584342 0.17383869591275380451 0.43304797744012263339
2.6189716700600391697 7.5972142732571450452 1.2290446862866712952 -0.81372873164701442494 0.0021564218172858296702 0.58124082886301509099 -0.21478544480817099438 -0.93032932249179467465 -0.29724495691325464319 0.54010440101052581419 -0.36671883174562741603 0.75749886762435325593
-4.3440373303986916653 5.3370942829117948847 -6.1576840105617351995 0.91365364796424053395 -0.0024971768036876240866 -0.40648588618737147016 -0.39314422920422464891 -0.25959270767447423234 -0.88207099553578616202 -0.10331808459754340812 0.96571496324241956621 -0.23815957500128603908
7.8172648097304326953 -2.5882584717102368188 9.077526444566155206 0.76593200902370284222 0.0014266750786969375001 0.64291999669574340093 0.55767289018384158528 -0.49907723313234686469 -0.66326681126325204296 0.31992046684625202735 0.86655633398373810294 -0.38305484584544491344
-5.0046303743188929047 2.8658050198008169218 -7.4233796165741008366 -0.7114618606685184643 -0.0036393107088629481419 -0.70271528817275241696 -0.49492951861479062003 -0.70729719592224626901 0.50475285857985241478 -0.49886550533970397403 0.7069069472414253319 0.50141377675922293999
0.0017027527357112962232 1.8125192996048160587 -5.3875065097347079046 0.59939850570395192264 -0.0077039518557211437988 0.80041369333969125677 0.74270700675543288583 -0.36755632302551977109 -0.55972194125326968361 0.29850918491123706877 0.92996935354339982371 -0.21459093176048565921
-4.099421874918868447 -8.2797178221679939014 -7.3833780189709612429 0.68260097602175762166 0.010900121584544385581 0.73070999369351075092 -0.48136035875146893082 0.7590424745436065157 0.43834544238638578628 -0.54986190316880412254 -0.65094985151528816925 0.52337002040192370789
0.60851833519701448161 -2.7604096752082734056 -0.59232526227692716692 0.99424047828238149016 0.0060396403473487016503 -0.10700184152279644534 -0.038428948054235710641 -0.91192772961479950933 -0.40854746592186769183 -0.10004542616348260919 0.41030639612898317514 -0.90644336502591460469
-1.7954271387125906312 1.6282924637025251169 9.1030881598833346402 -0.8409083397811121241 0.0052094322122371305994 0.54115249782527397038 -0.24709899853028025052 -0.89332940586580833475 -0.37537269152201052647 0.48147196077414944337 -0.44937226709169386663 0.75249539304688828345
-4.000510608015519054 -6.0441593112486717843 3.4988601469666100741 -0.16446060068679724253 -0.0050178147731514983337 0.98637088985665055674 0.95129595526700416741 0.2635356005527220713 0.15995309541910737727 -0.26074645983141625516 0.9646366200680034364 -0.038567796271176492395
7.8347029619806152212 5.1256707032526200862 3.8732527455685028528 0.997665742889090712 -0.0061009768375743129998 0.068013554143801405183 -0.020793819228247634179 -0.97584293752264816835 0.21748144373531735907 0.065043697216180154652 -0.21838804767878600144 -0.9736919318160960346
-4.8190383991612595338 -5.8462752302154914474 -1.1066438192484124858 0.8844677376062218821 0.00065501653364216129438 -0.46660089164827112107 -0.18422798450546506999 0.91924372673340248863 -0.34792387182617517949 0.42869204664717164288 0.39368838161019509281 0.81316209166826336485
3.9496143941095835928 8.6003319903380344158 8.5649797724737002369 -0.50449960547074967909 0.0058945273928495706822 -0.86339180134339887918 -0.43547263734790037093 0.86173472961844532758 0.26033985075445953417 0.74554928086694494116 0.50732485678937067064 -0.43217792572307855981
6.52187720920309566 0.11498207639086761855 -6.276542561552862054 0.86741064740381335074 -0.0014434365434676629976 -0.49759088140900059605 -0.024096964341259713427 0.99870066616591901543 -0.044903404206103302021 0.4970091599559151585 0.050940120638853191026 0.86624880896272338227
-7.8032479037625428475 -7.0065053285489913293 2.4109915763594655935 0.70095514426382443673 0.0028526233851357413185 -0.71319965526497852704 -0.2674534866399647659 -0.92596519266700916262 -0.26656536619227932938 -0.66115846679464107538 0.37759809918610209856 -0.6482971211387983379
-1.8155262632850683868 -1.6697285819919931438 8.9232780993539453362 -0.92235165433904919841 0.013290000230075248513 0.38612278051368376097 0.13947914439749350968 -0.92055339838066929659 0.36486574107229469144 0.36029570357688994742 0.39039059494816341633 0.84722027204281480373
2.4380317486077611733 0.78788281544835614412 2.9365286733378903605 -0.11139058796725692657 -0.015143850721770603721 0.99366131085892439589 0.54573779408005629321 -0.83655541027924551489 0.048428355797696887031 0.8305193537932722414 0.54767299487753495768 0.10144897070498973268
-2.7524609818798864147 0.59154725968256227642 7.6912734736302388328 -0.97589733157381419737 0.0097503913838350095289 0.21801222005812276317 -0.18760541685521253674 -0.5478271129012046714 -0.81528501883507864534 0.11148365706853015367 -0.83653474777697034437 0.53645224388409418204
-8.0897039019773959723 6.2644458067658153055 -7.1927227124652679535 0.9657664090101325538 -0.0031350952320150270516 0.259394322231732255 -0.0047191555254971441144 -0.99997382582993321609 0.0054842708188334119562 0.25937033908930789972 -0.006520646683790981904 -0.9657559258774878197
-2.5466392528197761003 -5.9294947499054835305 -5.2703574889839206463 0.11486399357863352755 0.0022052445012144448154 0.99337877965856402618 0.98701332272072894725 -0.11329985611595430606 -0.11387643907299366264 0.11229854741276112939 0.99355839259739597846 -0.01519067964799313171
3.804156649259038403 6.2642670591702902527 -5.3281013650597266462 -0.94223419069004343829 0.010400756408528492869 0.33479330065102713698 -0.047728133873068200044 0.98514983390923294149 -0.1649297728902036908 -0.33153695892256546118 -0.17138153055316615592 -0.92774544776755241138
-2.7746140116298985134 3.7614707429201472699 8.2470829211216933885 -0.98798446744990087165 -0.0060767983959160547236 0.15443368997345283122 0.14608014087585005636 -0.36302218078343895247 0.92025838148911121017 0.050470630264145249777 0.93176068213912810467 0.35954797551958889157
-6.4813987397458694417 5.2417573333412441627 4.4516878630526726113 -0.99976942399335289036 0.013589194378848052508 -0.016626263678450728389 0.0075528976514242559398 0.94734489727212156662 0.32012591171200488471 0.020101059296544602356 0.31992652188971848481 -0.9472291000631057889
6.8589598532288462707 4.1255947367240866086 -4.750443712898551496 0.71678394419564916973 0.001428847389746489005 -0.69729386612692623171 -0.69100098467545645331 0.13551536541047820572 -0.71003748134556066152 0.09347949786476170142 0.99077421450722469309 0.098122573071506097309
1.204310128098698085 4.1382258392462851759 0.96555867128845762615 -0.96920434326658400082 0.0046180818204171305077 -0.24621456966169869007 -0.025013930451854637232 0.99280662174960543354 0.11708678445275486069 0.24498417148199197468 0.11963981415264757224 -0.96211697344597046921
-3.6502026510233460677 5.3228266217968558394 -0.50021843321004511029 -0.4897759512131095172 0.0024124857974263287652 0.87184499627258937871 0.044611244501811093965 0.9987555531330217784 0.022297577214657506028 -0.8707062389102832034 0.049814907386428110281 -0.48927407505888204087
6.2603059181519915555 -2.5067168749455728261 -1.6052036449659565776 0.47546516561248758359 -0.0074333712538603487902 0.87970314383941683456 -0.87703936633536583312 -0.082219231108175694356 0.47333069616733125518 0.068810073299646945522 -0.9965865456786794363 -0.045611739549713051223
-3.6180731211753531795 -7.8889568906392417702 0.22529355921604543589 -0.97383188366159945115 0.015502609109421135875 0.22674022906221727447 0.20519221858532518676 0.48891147477681656808 0.8478571361165584408 -0.097711902020039750894 0.87219564258378856625 -0.47929859718258710499
-7.5752755264118514233 7.447568091936268786 5.879302599869832946 0.76353058636900028588 0.0013828876681816230573 0.64577018458635615517 0.58350543330500181938 -0.42989885749176720564 -0.68899084292243462091 0.27666306761584924523 0.90287599367180504384 -0.32904784920812574223
-8.321410638049709263 -2.6036000919215571692 -4.6573700633352244083 0.9971629808046660326 0.0038991925985285536514 -0.075171710168790775719 -0.071590195020920191493 -0.25941250567586660036 -0.96310954510676327622 -0.023255831300559248742 0.96575874223127256002 -0.25839740345918754683
7.7754258779232907628 4.1954012439749419627 4.964238633603846651 0.93367579916779341875 -0.0054505442748532433386 -0.35807791556542700739 -0.19550729742870390226 -0.84549312974202173177 -0.49690870812588677774 -0.30004399460852276826 0.53395848071389484524 -0.79048209478348718804
-4.5305834429769111793 5.0031033777818656461 8.8913704539108664449 0.19733221492512625916 -0.0082095145055315829619 -0.98030230073396962265 -0.021716221327108306549 -0.999756169084395796 0.0040010134779207518971 -0.98009611910469485174 0.020498932878603222385 -0.19746237886449077847
4.2798102410020506525 1.7867486965572716429 5.8133272601577239413 0.67694323635608910639 -0.0013493414638816401269 0.7360339897242419438 0.22576957884438927926 -0.95141189882193477612 -0.20938838565847364692 0.70055403219161760386 0.30791813531811140781 -0.64374720964222564845
-5.7653435239948507274 8.490939447761325809 3.1142500551145744225 -0.99120871542600674786 0.011551529919923170242 0.1318022936830418046 -0.063988980007834136976 0.83007129244495947429 -0.55397388015722581756 -0.11580454611607322868 -0.55753763246547605181 -0.82203472887928530355
3.1567581361262093687 -6.1819061238952492943 -3.41971831498851353 -0.079081557320463513605 0.0044478029316422293404 -0.99685822680084168468 0.98612408686257813084 -0.14607174255298494003 -0.078881755410181816912 -0.14596366877022654007 -0.98926400069770004109 0.0071654952772164754934
1.832032365184227185 -8.2053220814614089562 -0.3663684950782953309 0.80494677998351771286 0.0093051470351000632047 0.5932740476651519046 -0.58796286491662608231 0.14690253587669277469 0.79543655588090511621 -0.079751807962285398146 -0.98910720308326571804 0.12371980413471934945
1.6181414462863670245 -5.9233702009018855961 -8.6146845842913375435 0.80296563772241125179 0.0011697939989881661962 -0.59602417419000874865 -0.55821951006475856172 -0.34900358509507706239 -0.75272005166158872935 -0.20889510099497612949 0.93712065881205286466 -0.27958488444039253373
7.2767791435271931277 0.96095036659352195407 5.1420829584313230143 -0.95483620844318051191 -0.0032881281747681734284 -0.29711446154500675831 0.29388099734218031678 0.13707715178279014645 -0.94596184587974085911 0.043838047939696853095 -0.99055491653522020901 -0.1299199094851263836
5.3862659198057265542 3.0832097689992856715 -2.7289701821698106876 0.73762606311788569968 0.0070878889380565366155 -0.67517223938744275191 -0.61724373514897168391 0.41242870345277027333 -0.67000950440083006932 0.27371145834336452207 0.91096230789136378725 0.30859311588706400675
4.2223392720882362283 -7.1463931569125138665 2.9269169760526807522 -0.90625929875084010323 -0.0085712886850877866712 0.42263532322537455954 0.29230748375888904178 0.70953255741077614349 0.64118631060905495467 -0.30536931470946354628 0.70462052410089393018 -0.64051502609187771498
-2.1728571937311373929 3.0704372200590817066 3.4513527988898888843 0.96397257404201353026 0.0054455559920063281373 -0.26594590129366219022 0.21214616639676997512 -0.618882420148618273 0.75629263788178624495 -0.16047080911523298186 -0.78546476429629863425 -0.59774093340757472603
-3.2035156492916074811 -3.7807546034285515191 -0.46288210399297397002 -0.73145645587289798151 -0.0073997089904196521742 0.68184800173414883417 0.67359322922841324832 0.14765316747232501426 0.72420349603750644452 -0.10603591231121541061 0.98901151987339952498 -0.10301746870337157025
-6.3894727996188178665 -3.937763057186136173 6.6015339741332947909 -0.38308700580465243624 0.0032771042116767701638 -0.92370645043301202737 0.31965128832770972611 -0.9377395870107646525 -0.13589525680834760313 -0.86664144826675526545 -0.34732366395126634817 0.35818832002926526137
-1.3940465586887822447 -5.766165597383935193 -1.1555877818174005167 0.97499241028169325585 0.011601011835537106132 -0.22193516264329171683 0.020581311201830720242 -0.9990583805658225236 0.038193740987992746971 -0.22128309813968882747 -0.041806324232642556871 -0.97431310251483105311
-2.8239670751316285902 -7.5386943142344842173 7.964677864814435182 -0.93319038218353811409 -0.0023626433289942925207 0.35937463532666874544 -0.35341368080774054894 0.18752490278782912858 -0.9164786855418015632 -0.065226381301538280399 -0.9822570074837374543 -0.17583142617675115438
3.5720372711498153961 3.9701627847918410374 -5.7742323884278388135 -0.89625845480006405275 0.0040223638802779175527 0.44351392626195040858 -0.30050820063752886613 -0.74096811699956888209 -0.60055063977970390976 0.32621404560353833846 -0.67152816037676776872 0.66530769293010427745
-6.3635792547616718551 -8.344478361556452839 -6.8550220041607383692 -0.91270303382015627314 0.0028758627139338849635 0.40861338875397534842 -0.14215858139996714882 -0.93974454883041991238 -0.3109197978216418079 0.38309804200714647759 -0.34186534243291166746 0.85811652929734261175
-6.7624869866775938476 6.4041308108809831268 5.0784801877133229908 -0.96193133543804221208 -0.0024651670775182391027 0.27328012890367814336 0.19134947494945916957 0.70787492092740733618 0.67992534498901657791 -0.19512427921429878475 0.70633350428337682292 -0.68045535958478631233
-5.0739487752767233886 3.9103078308126386631 8.6317233143542058116 0.23447730624826529366 -0.00570625988105102986 -0.97210484591562540402 0.32288459521587292711 -0.94275520395871292845 0.083415607538490130213 -0.91693289341539918613 -0.33343674663551287063 -0.21921223726393984643
-1.6781180837344891188 7.6605565033528257857 -5.9307671844788254489 0.27971663351745479353 -0.0054514189239542789472 -0.96006712628102819362 0.81147669784410847438 -0.53307460382381166575 0.23945153082420050916 -0.51309275359304351571 -0.84605067743597750507 -0.14468613416813030925
6.48986645306171539 7.6216370238062722819 -8.6764634550557406811 0.94129636769702429433 -0.0017433568810930261724 -0.33757681920894005989 -0.2000929361719900601 0.80251277481952720816 -0.56208190074549002624 0.27188961924753485278 0.59663238845885324668 0.75505352657073643297
-3.4694103141055627759 7.3176796114824842476 -3.1118357277111017289 0.99978549457536225464 0.0070528531891760355005 0.01947362571714327667 -0.0083551971467209149025 0.99767568191465005878 0.067627098094724016897 -0.018951398822261641963 -0.067775297697375488926 0.99752060304773093602
4.9376739241211025089 4.0610082980556345689 -7.5297800544413675539 0.95304090348583869741 -0.0083624227749422991307 0.30272612402695825429 -0.17212534444111354803 -0.83741846988231061211 0.51875155141988904539 0.24917042778786291368 -0.54649828561933755378 -0.79953344003294413156
0.54237540517560944853 -1.3348795859790802965 5.7849565798602435862 -0.78352330810678594286 -0.0042317151941708031765 0.62134798482008291032 0.059409436039462963641 -0.99590582704237406997 0.068132977127834212783 0.61851575934874791773 0.090297708992560399288 0.78056683198029164217
4.1467796302383375107 -8.1983853296806366018 -7.5840899070062395282 -0.76754050582956490079 0.00039378741597746258832 0.64100032515008609213 0.48550471537714878778 -0.65257404739130564497 0.58174933091308922428 0.41852926212810520612 0.75772485613376161506 0.50068582877841583123
7.2448440114971663917 2.8712702687322084749 -5.8462109520636129645 0.93856819329723073508 -0.00034320298540864565759 0.34509365213297887864 0.32208893694885742942 -0.35812929521130137944 -0.87635730419012414227 0.12388891486338589332 0.9336719392395931294 -0.33601822368849521006
-7.0291579032181363829 -5.0095847625435991901 -5.2874544193990962171 -0.21630724507210488672 -0.0098757577210699942771 0.97627539410707153689 -0.62171745102229725166 0.77238840469517389131 -0.12993676687777805379 -0.75278057016855559613 -0.63507371359714981374 -0.17321313886260450432
-8.4740963058359053406 0.90737025958477468546 -7.8429925844355183884 0.87182362079436093172 0.00097261624453348193703 -0.48981897497228099603 -0.24673721877641532907 0.86473121624828874765 -0.43744790377416953309 0.42313628903190686481 0.50223398696577148392 0.75413308059053663079
-6.1874977079591815254 0.58038908713526216054 -7.7360304553866550137 0.59178195337639505347 0.0066107052139694954737 0.80607097592877896552 -0.78366983806037404658 0.23895861421585185003 0.57337628622612157869 -0.18882718176267221377 -0.97100724985364361697 0.14659200578117367875
-5.6940641229693476078 -6.2254058133116920715 4.5644712853307591871 0.56229269340431287105 7.065693521460594817e-05 -0.82693828182756501377 0.44396936518858876042 0.84363071404252820695 0.30195764785478862446 0.69765186856926997283 -0.53692384313932006723 0.47433601692288912544
-7.0631065332433928816 -4.6780857184467121712 -9.2219747233874294068 -0.61481529366547593707 0.0024697425636267655163 -0.78866726510406837125 0.68354594980478711186 -0.49714830867968151651 -0.53442351527795306509 -0.39340448546023504273 -0.86766206529291822758 0.30396620086985531861
-6.8397588634357235904 -1.238868874583261892 4.420544586822350297 -0.21460676555522056885 -0.014601489944832395096 0.97659138469942519123 -0.86002567874861735042 -0.4710904024921648281 -0.19603485550391114289 0.46292522946023806352 -0.88196407476212301813 0.08854153126231487092
-5.6259779512338834451 -8.250525460531028088 -5.7865376263128966983 0.94626772391399749385 0.0021870133115711662408 -0.32337688793593233338 -0.19698894863450067128 0.79693653573462552853 -0.57104072720528264995 0.25646198313639206878 0.60405908236210470452 0.75454613922645463742
3.171612756233325392 2.8963599689819554683 1.3489657529093406207 -0.99634714789677802926 -0.0081044420372308294265 0.085009875290959255323 -0.051318223140787322389 -0.73885502514606116176 -0.67190750240638252855 0.068255408953257518112 -0.67381567942261033632 0.73574019144851920959
-1.6010842839876673338 7.6934653156509895666 -0.82461744594541264153 0.31771929515442837166 -0.0031251386791990402869 -0.94817966809822762375 -0.73189904938167149595 0.63493836396819092194 -0.24733995931823077319 0.6028086188840174886 0.77255647526242066103 0.19944488343793057017
