1125 17.292696884352682929 17.968806560800352656 18.477561601407678893
-1.6934948224072012835 8.4672365827174136399 -3.6984396744820866587 -0.79194967892043821589 -0.0065272894286169712633 -0.6105514724824467887 0.51054587482465385584 -0.55553828327462162484 -0.65629271328867633262 -0.33490090438408970375 -0.83146533921103848996 0.44329084575896732234
1.9012514124491934897 2.901811643623052106 -4.0528746807441304867 0.040060353065531600913 -0.0017545100984530167133 -0.999195721471318965 0.91905268182248889275 0.39247262683198674837 0.03615805888289663067 0.39209352984578649259 -0.9197620120888788664 0.017335079210817557621
4.8923337836111420174 7.7434578342998490186 6.6390922993174203981 -0.80571527451541480325 -0.0026331907482599128945 -0.59229719121319468478 -0.10247389588185212839 0.98553018033587935776 0.13501616314326048141 0.58337123435731563781 0.16947958565442844403 -0.7943265531073100405
4.4348923335217085295 4.2685281070020675287 2.8444607540326574124 -0.55022068223575093526 -0.0039551315698431750018 0.83500991477623287551 0.37605562903726397206 0.89166555126722313318 0.25202124623328547859 -0.74554635315971040654 0.4526774807936354561 -0.48912547845392012613
8.1942227858303677834 -8.2813124520958751873 1.7591078418785852655 -0.95212159850531719041 0.0045806784398466316929 0.30568526141236423976 -0.043241442802583449079 -0.99185327532373657178 -0.11982177537673707746 0.30264606272673399978 -0.12730317205427560401 0.94456300112851621087
-2.2014764228677048408 -7.9649732799012875617 3.1979959692994284204 0.76466166737795693287 -0.00052984182525049605683 -0.64443172928575687131 -0.64343175342140612738 -0.056320612212458542878 -0.76342882269998157962 -0.035890293001787698657 0.99841259402479232143 -0.043407130296820375936
-7.9790998205682610589 3.1319564289609576058 2.0717120662783510276 0.79376705546871495489 0.001484829739908946622 -0.60822007278045475687 -0.60299002301555060246 -0.12895935377387338083 -0.7872563224374160562 -0.079604609138650639366 0.99164876864504580833 -0.1014683490013255085
7.2683992720674401866 -0.57435011850674599909 2.2638839971503190718 0.17988758632608217725 0.011138178516797629311 0.98362411380836034525 0.0073795528873052892993 0.99989247570622985517 -0.012671985847079472731 -0.98365949316063472363 0.0095382391171259118395 0.17978604926279909137
-1.8013409588806419404 -0.33450023295979491866 4.8686852601718610956 -0.44331324802410099206 -0.0084788975777309351367 -0.89632665497690067191 -0.89052833640145478977 -0.10977809093127127715 0.44148392135794350954 -0.10214032598569276755 0.99391995605660843349 0.041115383498229456094
-3.5265799769089882787 -5.9910490199904620212 2.4011328855963771645 0.60602253514741089013 0.0030086045248550810638 -0.79544178617446592572 -0.099234150078977290121 0.99246673261196627358 -0.071849621549820455457 0.78923334341108508649 0.12247747938945269253 0.6017557616598540049
-3.3951079578579532736 2.6190153085153955459 -1.503248741078598405 0.9735176339950828428 0.0061735306429450548249 0.22852856237282323515 0.1908884956000711508 0.52811440178246882304 -0.82743988354284947473 -0.12579745048390761353 0.84915079117282510346 0.51295022692508374096
4.2807096172788341448 -8.1503191319259915559 8.9023304475756219745 -0.97491687969619589271 0.003312040099882544112 -0.22254462040989050897 0.22232608646138243835 0.061219937224592277381 -0.97304842149046755218 0.010401392300126023616 -0.99811880539176933702 -0.060420703087695114275
2.5423463698456263415 2.00452861559308948 8.7640135939063945614 0.87574693816702964266 0.016024403601846422956 -0.48250442358634992868 0.47989666760322297057 -0.13778437814924965332 0.8664379109675250934 -0.052597421176815456478 -0.99033261262439387096 -0.12835430518036508585
6.5318400084692989083 5.4599361312945040581 5.5205877947004582396 0.93486188642328538201 -0.00089894965567961153223 0.35501048604613322235 0.34204136044110999837 -0.26555179331261963283 -0.90138224567373936846 0.095083968473570049107 0.96409617619720144877 -0.24794677247627894268
-0.064817654199831153949 1.8548532683303644575 -0.57392145011530448784 0.46565887513599357739 0.011250306810682118505 0.88489278593713782683 -0.20619292898940419501 -0.97101987851396909246 0.12085061673727892639 0.86060809201498023047 -0.23873379762340524168 -0.44984429064994463365
8.1265753037147625548 6.0778389413926321438 -5.4342023975069047026 0.99958065645714566649 -0.0039851356225082843962 -0.028681525946496026769 -0.028868934242206739649 -0.059930724939457731548 -0.99778499329460035305 0.0022574038779237886286 0.99819458368701663442 -0.060020639995295291258
-0.69229808334064391051 1.8507197366062031474 -5.8969206450911588746 -0.99082659651743520968 0.0046416908427738354931 0.13505965474430736695 0.13512554088230643856 0.048338213088391965289 0.9896486777418839198 -0.0019348991655398113665 0.9988202400137192738 -0.048521998141792567483
-7.6991976191464024382 8.6821098918505263953 -6.7541352759262913708 -0.88162577964383415097 0.0071922847700321181075 0.47189432684375298699 -0.13001277147181386495 0.95749379583835969587 -0.2574923497608252454 -0.45368784854963528641 -0.28836418288485654582 -0.84321612538391310654
-3.9721626236764349116 -1.5561808542790322996 9.2261711521229248234 -0.98852060837378286084 0.0079954294090450184207 -0.1508743846010695 0.12175624096162240839 -0.54910141193261308157 -0.82683919670033589888 -0.089456272038684475634 -0.8357174836761177561 0.54182456835294168229
-6.8375999075588609344 -7.0214440167274156934 2.8790802691715264849 -0.48765629199079857381 0.0040655478814663019438 0.87302623798036771419 0.73000974329293333298 0.5503572145457706899 0.40520699783571473285 -0.47882890010869993969 0.83491940192931912712 -0.2713530480810661949
7.9784338026352203954 -8.1512466204219098387 4.9704531900838899716 -0.68168464262069983217 -0.0038398676902267189423 0.73163604574339735631 -0.63522553204914034009 -0.49307662670485563616 -0.59444424770550763348 0.36303522067126980932 -0.86997741097885872286 0.33368358206348486261
2.3002163066413943149 2.15025395885954973 2.762496623382887595 0.3965038667152929186 0.0084502262467989631284 -0.91799415976147091811 0.89298062661583055277 0.22846113973553511256 0.3878029243311190144 0.21300301445936839495 -0.97351635903426214647 0.08303983697045869139
2.6174343996905942156 -6.0563521236242623402 0.013460869644618178587 0.9430877256095987482 -0.0021218148296417681242 -0.33253727566481133815 0.31879048609824378602 -0.27884238511112274805 0.90588053861360040564 -0.094647597845312389508 -0.9603345365899991215 -0.26229641639717016233
-7.3090611501526039362 8.6102523675245681289 6.3580729206355295346 -0.31228620492653819118 0.010392591172518917189 -0.94993121870031582699 -0.18261636582718651645 -0.98194786282453594417 0.049291557355863040157 -0.93227066302909600282 0.18886606032640954056 0.30854662874857213817
-3.5928879574524628104 0.83644555508145357337 3.016480883168554783 0.99831705352401511888 -0.028136683225040717837 0.050708852287187008989 -0.052270298117660367321 -0.8153004758784972994 0.57667404134996702592 0.025117256575352367443 -0.57835409663063597208 -0.81539908163607155434
6.4666268730324603098 -7.8224391101006709448 -8.1735268227483093284 0.087989060858299009138 -0.010315882626931860769 -0.99606802364842306208 0.98640955927856743823 -0.13838964360997402236 0.088569113723461101451 -0.13875916738544960549 -0.99032413335608149296 -0.002001089538286848421
-5.2486593346189920339 -1.4176513451496559615 -2.9149055494716149539 -0.8220142748968339852 -0.0068865299128997381831 0.56942524318079024148 -0.33328143852052760643 0.81661015428598804355 -0.47124445742602122378 -0.46175319663574498907 -0.57714853514750097396 -0.67356035644444500754
-6.1257237461128424272 8.5158168393796991325 -8.5397474042840713082 -0.99360392772719829946 0.0072372126145195210187 -0.11268920781954665233 0.0028276495747196640079 0.99922577150774649635 0.039241074813475509964 0.11288595662569973765 0.038671440472261495169 -0.99285511555739580647
-4.0226986848168939659 -4.5968651517272816065 -1.6368539439567770799 0.99961589002899509104 0.00015301576927621070995 -0.027713696742263350947 -0.026971469088204694936 0.23531455817284677168 -0.97154495447553557153 0.0063727746056711264203 0.97191925348656083017 0.23522829856494473222
-0.37281509516466526666 -3.7448703350497689613 6.0715672975450356574 -0.95314863431287011331 0.0055359168153690180639 0.3024517061164508358 -0.30137047005243411402 -0.10378979411114935827 -0.94784150490407947931 0.02614422858105248243 -0.99458384878473826696 0.10059546236537635078
8.2738491636073661084 -2.5590668306921795505 2.7289922338229422039 0.86836287035533188394 -0.0003193028024692434394 0.49592925244809160645 0.47319972884353855846 0.29980613718017756764 -0.8283708690747044745 -0.14841813235108233804 0.95400009337260538445 0.26049161183145530529
-1.0582982924612487352 7.6251312895505964917 2.6315209740341676259 -0.99708626783596276955 0.0012691639905074705505 0.076271644243263950202 0.0025954144517250669552 -0.9987182535098872993 0.050548134781088153999 0.07623803720344576873 0.050598807582584531817 0.99580496200538537455
-7.1735042765549676957 6.3912854074227354317 7.4383557825579034173 -0.076340695802839378392 0.0058901919740574557038 0.99706439300699534201 0.98312454707350205307 0.16717579547435545972 0.074285788335368321822 -0.16624747548589863255 0.9859095085481273113 -0.018553108864328621275
-6.9577594070358266265 -2.5811212742968674405 -7.5559265924240657242 -0.2126099141609551213 0.0017198795813729130313 -0.97713564381550788163 -0.93760178652400960608 -0.28193239239053052847 0.20351170980561392176 -0.27513617411652846467 0.95943273247009819293 0.061554183913527522887
-0.47419396790552348353 -7.1102533939213206082 -6.5137820303242941478 0.95947502681139096303 0.0011605382844639901448 0.28179128104955519785 0.23028330100751259746 0.57311250848616912545 -0.78645511880409646466 -0.16241081922631417367 0.81947587259594412146 0.54961988685901419505
-3.5562864827932960665 -2.5996545378625599554 1.4467545583404730625 -0.89414204622153792279 -0.00010395233094246942966 0.4477834190463382269 0.10696237409278144814 0.97100175579975811502 0.21380982382044300127 -0.43482071214159906392 0.23907233095355445718 -0.86820237782718856501
-2.7057079653647755357 8.8177023048962759333 -1.4440628614682378128 -0.18002676425735281152 -0.00045691137945897504144 0.9836616061347329687 -0.96947659430332533415 -0.16913192180314101654 -0.17750922828185108915 0.16644968383574434978 -0.98559331585572085288 0.030005307726838251203
5.8040772463632483991 -2.6023236105880203084 -7.9747362804423138627 -0.38190283277487380165 -0.0033072368350538844037 0.92419656378009573672 -0.13616731204802207111 -0.98887897274179570317 -0.05980669192319314903 0.91411634349682913125 -0.14868570695823243866 0.37720534341147754498
3.0159306124179234843 -2.2964812670759036095 3.03196671887659841 0.46244894309697420764 0.0061851284004137852685 -0.88662433939932794313 -0.28602843882811063159 0.94755440450367312 -0.14257763740057946555 0.83924293694378371278 0.3195346533506323583 0.43996465551006175287
0.15050127937263421685 -6.9849921563403887248 7.1768408026382122245 -0.98473155575378379378 0.0178526056876361916 0.17316191143824471999 -0.16178620171735988431 0.27332231295177095154 -0.9482194567589573575 -0.064257202216428055408 -0.96175682878405033271 -0.26626080119034473137
7.9131216924110994171 -7.0589700603787601807 5.0340768472626145069 -0.24044422149740102279 -0.012782188814646714553 -0.97057879226654131255 0.60792728600394851934 0.77753059822951720026 -0.16084335158563670132 0.75671063906920577047 -0.62871518549022886724 -0.17918209802650414408
6.9028523834020374395 2.172683112169407238 -6.2098931411917863699 0.94175891608328310411 -0.0032848607729271395161 -0.33627273702663063037 0.19028832608133308679 0.82967553648289549262 0.52481316401083966117 0.27727332532150894551 -0.5582362527205584346 0.78197940459671388957
-0.65574995688716231079 2.890788052579572831 -7.9580596003511958614 -0.96136945724738620545 -0.0050895292901511580627 0.27521421359293540831 0.25879985944785760532 0.32386004201385937273 0.9100204975364897253 -0.09376246275370798966 0.94609131159655479593 -0.31003198335009968245
-8.0558175892903189919 2.8527045222056268692 -0.72112347060093628937 -0.20326977608964377775 -0.0019233440033365680095 0.97912088062509972097 -0.16918448076927858348 -0.98488745955021339551 -0.037058109607383545037 0.96439515220437010967 -0.17318485144117046204 0.19987245341968909451
-2.0837000273198671429 -0.32415410870948785371 7.4088261084973607851 0.015992824438359809491 -0.0035910341439074713356 -0.99986565799615212402 0.8935095325237841779 -0.44876251758122931435 0.01590339910522005698 -0.44875933957453506551 -0.89364383693276072673 -0.0039683569190441993907
-7.8849379031137711848 8.4791697257994282921 -2.4954203810852506606 0.28621779785938056273 0.0017696870493538901549 0.95816295085761149508 -0.94342573679948149579 0.17524322648511680978 0.28149190168644161458 -0.1674134144338429997 -0.98452358010288176793 0.051827298682969313859
-2.1574323564703594691 -6.0182115890895442334 6.2006136648682961265 0.80977738609652261115 0.009650865062336467376 -0.58665786091259042312 0.47702667525851361052 -0.59299175447092311586 0.64869586881800778144 -0.34162279792018412916 -0.80515069392819116345 -0.48479503298620207907
5.6210125722491888212 -8.956548567391301674 -7.9073635127744088535 0.99089890435406935421 -0.0024111103739270015045 -0.13458658141480794868 -0.032204442123181305224 0.96655687332713935422 -0.25442225636055165738 0.13069902546572514934 0.25644102084288561416 0.95768249831116147863
3.2851072404156891338 -3.5565178131722823274 -3.246842956658878343 -0.94785478585118720929 0.0091756997695231334172 0.31857041838924982091 0.21866958496504779186 -0.70845867122111716441 0.67102155239808569664 0.23185106760609730525 0.70569265102119504984 0.66950949563436656931
2.1864756298916363519 -7.0771346180139147464 -8.1753501437777735816 -0.21924287215398075013 -0.01319188838598843623 0.97558112788751139011 0.97566983538284290933 -0.0019731952595686947337 0.2192361257281742748 -0.00096712644375726315032 0.99991103633342370838 0.013303536566010708275
-1.2875915286604484589 8.5663031900246284778 9.0085981128629342152 0.92897909965614478001 -0.0018140924180520636745 0.37012773669500004248 -0.23940545706426119565 0.75969642189185171421 0.60460431167234807148 -0.28228152530771899453 -0.65027536908112082426 0.70530779439646285045
-0.40169879549597969914 0.86612329604282123352 2.3914100815288734658 -0.96561275953422198715 -0.0035415757188042903264 0.25996048904844631933 -0.25480036681493722917 0.21157775445450283103 -0.94356326067221929499 -0.051660155786543336676 -0.97735475190001663837 -0.20520457412702450273
1.2395920769664332539 -4.7530502417175091168 -2.7928241011853214282 0.25687486066536296958 0.001292716685136605613 0.9664438084244003635 -0.35385760884781547464 0.93068330312921476732 0.092808307479345625302 -0.89933314106557349366 -0.36582361618723502339 0.2395265814499688839
2.7477375150294101047 -1.4307414605616486369 1.8941031685899205605 -0.46163406068103435276 0.0064264779704624706846 0.88704717709945990478 0.18112991421088975308 0.97958870309132439758 0.087166088324946280896 -0.86838122284919738725 0.20090961439616322748 -0.45337553820863313314
7.9013586560973658734 8.4555364175559759587 -7.322488544895619178 -0.94660110055496660131 -0.0055481370121217071442 0.32235938733611813056 -0.19989847348562184148 0.79457062995554739171 -0.57332199880149425919 -0.25295643246631527301 -0.60714638448030566753 -0.75325049690448164785
-6.8183188127383411725 -1.4264907494688170431 2.1356762402166666881 -0.24384006603887678488 -0.0037996426391466277608 0.96980801445965347796 0.064703999984089557995 0.99770048589704474207 0.020177532712200844933 -0.96765459466683167999 0.067670548661262222567 -0.24303350029078601979
0.48464622515406075021 -5.9251031911907707794 7.5644717782482953083 0.76721653100950193416 -0.0076706086598985600417 -0.64134230821668225531 -0.48859846956420160957 -0.65477589686412773773 -0.57666286548161060921 -0.41551212988956243155 0.75578415347816452208 -0.50610273983247999752
-2.087455896074138284 8.4294488501076880738 0.70076136742677841429 -0.26176000352868289411 -0.0023278782444988675715 0.96513018890487778378 -0.14152607261490907087 0.9892797889898712338 -0.035998192542280635364 -0.95469999021837714803 -0.14601397220447528968 -0.25928333652229829109
2.6153607070538438251 -3.7111601123187774043 4.2391043072486178644 -0.70330723101450975943 0.00026749585722203421401 0.71088597345034509889 -0.70998310373216633185 0.050120740424328763529 -0.70243284646583181718 -0.035818029223059349997 -0.9987431300514694188 -0.035060361625380460915
0.49134889105186391189 -1.5760437075324194023 4.6773415489542253809 0.88634638760147343994 0.0052542758896531524537 -0.46299295218245922756 0.30187850328271731426 -0.76475064391184921497 0.56923266059884936041 -0.35108325286404973298 -0.64430493186180082255 -0.67942012358861902932
6.8688320444245691831 6.3838060340154338945 6.4686687276321599427 0.94224626386586318727 -0.0027914794006575613036 0.33490922034769526894 0.26477995676432958261 -0.60613564531642938338 -0.74999410262519372594 0.20509400948595307712 0.79535639000379410035 -0.57038991940029870609
-6.4081702284286068405 -5.9430624802132685502 8.2353773586567147191 0.54078375231419273383 0.019821801025574181665 0.84092807625681664785 -0.2692472290346847319 0.95120319392570806816 0.1507262867674039053 -0.79690580553168044453 -0.30792788127999581871 0.51973219742512488661
1.0192814353308812247 7.5989884696475664683 -1.9791464184358675826 0.71746104774079000332 0.0034262408514778644464 -0.69659019936247090765 -0.45322008778712119526 0.76169133157778790011 -0.46305276959060137631 0.52900018620109690026 0.64793099653666275106 0.54803670198849696593
-1.6543596648975604779 -5.8643034465942802669 2.880804119922779627 0.031954664848481570405 -0.013431053422635133576 0.99939907254213666832 0.31245184691850708125 0.94992954348098057604 0.0027759285283588553545 -0.94939598837975702761 0.31217538215875789698 0.034551237639483402264
1.4525522845881853051 6.5160145326602938454 3.7717548822072175518 -0.53850634456430190866 -0.0078719005107416271938 -0.8425846841988265945 -0.79191747604921569614 -0.33691071682192913483 0.5092719116721625694 -0.28788474775826355945 0.94150369201221406623 0.17519466297618477291
2.3625713212616576975 3.0391052912146836462 4.6309524218609263713 0.98525228521909946622 -0.0061124966456994941216 -0.17099874811017662379 0.17110408904322904622 0.028471987561808961148 0.98484147792268517119 -0.0011511660010948172872 -0.9995759017247188849 0.02909796398044987506
-0.20505736666016483039 -5.880338435621174753 -9.0084097145796544481 0.84389982358243142979 -0.0066559199405700859506 -0.53645949193515185538 0.15639000980058181955 0.95954907179059523159 0.23411053726877228964 0.51320098654640555758 -0.28146274630150758256 0.81080421178750183842
-1.4112654265841646506 2.8162007837873681559 -9.183467523986440284 0.81988899739801401889 -0.0072740391472226684569 -0.57247630544877448067 0.24184918333036709015 -0.90192323525146622654 0.35783159479873849484 -0.51893256254377206904 -0.43183511444558564385 -0.73771771665301955068
-5.1824716982625638195 -3.5694342551799440599 -2.6107336689258020535 -0.85008472383751665369 -0.0025091781807497241449 0.52663997790017369471 0.42775877404165557616 -0.58661740194092504286 0.6876790348483778903 0.30721066636455179877 0.80986031373602274108 0.49974781510982740906
-0.0015667036704301827432 5.2691647570006452383 -0.61372649641931098508 -0.13087434679882350985 0.0093712546360401900031 -0.99135467161672619074 -0.40140516540753296004 0.91382472036674144977 0.061630135733283214483 0.90650195726974014399 0.40600068969516361905 -0.11583454334932415108
-8.0119699895788869526 -7.0995570807531080959 7.7029252752778019087 0.48076871001085513813 -0.00017389357663920995689 0.87684743099117379295 -0.6347462937730432575 -0.68997819646182201314 0.34788968215378851534 0.60494511322628152783 -0.72383013074094582073 -0.3318303057518422472
-2.2568889716178062166 -4.8531186359402100905 -6.715875709597357357 -0.40045289687166102377 -0.00089228760530286107405 0.91631691090466704797 -0.82394990765951003908 -0.43719292962652334111 -0.36051198586471217 0.40092895512128512436 -0.89936730322329727638 0.17433997487074373578
4.0809632664030921489 -4.8383681641338007751 3.9650174230405696996 -0.91471740183137340008 -0.00068261142751651249401 0.40409356444779481743 -0.11176447020002830413 -0.96056208016951627471 -0.2546157759080241445 0.38833075848737363955 -0.2780647841456746483 0.87856655856602960952
1.4806639166253063866 6.5448181000187322098 8.3530904040871352123 0.32684396508099300416 -0.00068685663291950544568 -0.94507806593874066348 -0.67984137626725249515 -0.69481927779072272244 -0.23461004736721663422 -0.65649731576398129285 0.71918405115715300369 -0.22756444132637887456
7.3152389913228006435 8.7300633387296446841 6.4792684463325374011 -0.77538408419050663944 -0.0069818054215879180036 0.63145132542206672266 0.31491884066825293065 -0.87100154491698444925 0.37707085878413870716 0.54736244461636829328 0.49123066185346980772 0.67755943730313561435
-5.0955280449944719834 -8.0623222800339355842 -1.6900527836889713829 -0.28328618882708200832 -0.0066790553959877206266 -0.95901216125697485992 -0.8656386101190239879 -0.42866008530543509014 0.25868963631578117957 -0.4128180372647906049 0.90344115551866865932 0.11565183363855796594
-6.0949207916444532174 6.4421421742280164935 0.70524585559446029137 0.93628774563591055102 -0.00072116641653226514104 -0.35123316655835473687 -0.11261329204314858565 -0.94782162647842316261 -0.2982489075168053283 -0.33269130410475494797 0.31880032041832534473 -0.88751498684503604686
1.4592120466659588285 -2.6298192577675334469 7.2524427993855438146 -0.98083299023782233306 -0.00097657951554292344448 -0.19484786771598672228 0.12047367943096047582 0.78290204125164630788 -0.6103691394298065287 0.15314286736682855561 -0.62214422772891075919 -0.76777849805686548823
2.4609762997021409348 7.5031438366341438595 0.13718592700537121654 -0.67154404342814244533 0.00013427633110420222895 0.74096462783747185643 0.47001297095682798011 -0.7729886425395995353 0.42611778376049497252 0.57281445937466368701 0.63441984558681774331 0.51903280691774300593
-5.6050947228737255656 5.2135057081779354604 -4.837936182434453336 0.95213347102961487511 0.00057114933118406537721 -0.30568206871424891125 0.29094813476834413546 -0.30841781400779855193 0.90566419542637754958 -0.093760525914791989499 -0.95125082170319030794 -0.29382109861136140871
7.7935318061361789077 -2.3981561992077087275 8.5698951435998917958 0.85739837786029504674 -0.0021844781648214812303 0.51464866627419159073 0.27310347507943411038 -0.84564892018940818197 -0.45857648836632736167 0.43621383923744211364 0.53373507645450446457 -0.72446142383150846644
-5.8323981819375676494 2.9961894450129422651 -7.8148860765069958489 -0.99990348930058836618 -0.0018274689041469513798 0.013772161848382952209 0.0077290075275781239608 -0.89691436740943142336 0.44213672091045891355 0.011544458723341467082 0.44220049512878206732 0.89684193009728652157
1.846439662455780617 2.0695175613805867343 -6.0515031270670229802 0.65777153109403807552 0.00011193477886596472741 0.75321749870327703302 0.1883022561797469685 -0.96827099016823359179 -0.16429713909935617089 0.72930026271762482537 0.24990253513973756383 -0.63692216928826672628
-5.3747466623225363946 -8.1989359871713798356 -7.0046460760221798125 0.83609022306941072067 0.0020851310994827389374 0.54858799760477938712 -0.21237681634255078933 0.92324842170807408515 0.32016939218683460044 -0.50581540779981482014 -0.38419787094857288379 0.77236181235907119813
3.3125080430935036624 -2.6155507913368376549 -0.36943725648185671284 0.83774886094936407144 -0.010069557911752881341 -0.54596286502059088175 -0.41656697224284017222 -0.65823262837077789467 -0.62705802329980464549 -0.35305637455561816873 0.75274724240735046976 -0.55562827990829943836
-1.7476672681194247438 1.7845683220232135824 -9.0868862923971196466 -0.69755207146170306043 0.0087175225859634896536 0.7164810621359037901 0.65527628024588724376 0.41229854696872708653 0.63294778988024680277 -0.28988636419532232136 0.91100708722108625359 -0.29331209127171159468
-3.1365411512458294396 -5.8732369708081204607 5.1736862205287419414 -0.54996855072143169263 0.0014024314677469696191 0.83518418711282915723 0.8056575899569319299 0.26444228078837095364 0.53008124648626786524 -0.22011460869810978158 0.96440049425403340244 -0.14656481747098476509
7.0515362751345485037 5.270737463765364339 4.4686304721571827869 0.88151887588956756581 -0.0088946108349480627886 0.47206499271665480766 0.19116456628041772481 -0.90748295834717396247 -0.37407324003247660604 0.4317181720164990355 0.41999472164261109075 -0.79826302290869943779
-4.2768021734161090208 -5.7248961645353766414 -1.5237072242143692158 -0.0021146225070899117571 0.00040362555311438622768 -0.99999768272628897225 -0.7940060014266598909 -0.60790822853496317979 0.0014336589886088228242 -0.60790624118383629337 0.7940071931447406639 0.0016059775339332515304
4.5913703489643991063 8.5437296220676408609 8.8842202281661659669 -0.85866103989851083611 0.0034372240177981822074 -0.51253234439573025494 -0.5114182125416336655 -0.071983255775173088375 0.85631175559423899912 -0.033950411506588021315 0.99739991797620275449 0.063567076222511398331
6.3411692471718943409 -0.26574617141674644616 -6.1075062850832413375 0.35335432783298331705 0.0011907440650107980508 -0.93548880331633765817 -0.91119494053332494854 0.22685669653042872529 -0.34388925482746868223 0.21181241547242979362 0.97392742099602647166 0.081245795484390953556
-7.7449340275189788585 -7.2103987464913252836 1.9656886992821132054 0.60956083564495422422 -0.0016878788953934367734 -0.79273749672437876512 -0.27554135501770965488 -0.93809883554869466504 -0.20987504953456406764 -0.74331187890604732971 0.34636357459611283316 -0.57229339055261818636
0.37619810112268198266 -1.4925519238423736734 8.1147255376635012425 -0.30302114722391487733 0.0052078597932444748927 0.95296960210239045619 0.69430289834758696088 -0.68376866027541338688 0.22450813921012566232 0.65277995502425378849 0.72968027068148899605 0.20358053172381940232
4.219098444824454397 1.144251937439110467 2.7267843806647693583 -0.59877020712156459048 -0.0050917268955847682158 0.80090468432958084044 0.60928947962482449263 -0.65194391383837568821 0.45137064949739791331 0.51984667843734411186 0.75825009563249412547 0.39346692795123955344
-3.5898153179305882787 0.73670387693604078017 7.9937934250084241583 -0.99427492476604117932 0.00083300729371603269863 0.10684886560016998436 -0.097248117988059587513 -0.42138934712639797286 -0.90165060953574416303 0.044273892182252083671 -0.90687944305034284831 0.41905786980282022647
-8.264964541530270381 6.4234142879818856287 -6.7563590290695589857 0.98669992516744053912 -0.0017458494048962708636 -0.16254294720138781627 -0.14170470062992079896 -0.4991640856458957054 -0.8548420868329511535 -0.079643176069285684382 0.86650572278038995311 -0.49277256102017885642
-1.8058029747623385308 -5.9672590766424757902 -5.0366381135999525043 0.66062630642320341323 0.0038746560054327269448 0.75070491559770513579 0.16363704636230794187 -0.97668459034964194565 -0.13896088669638495539 0.73266349732968572006 0.21464435239366672081 -0.64585757072751859287
3.6149278361391354863 6.3786956937549454949 -4.9036173728623539958 -0.37445859097048567188 -0.0068297560437452055696 0.9272184845443796064 0.43855404879362247517 -0.88236166428085405222 0.17061137035452991761 0.81697681113665165942 0.47052231385968840138 0.33340312269817917734
-3.8264393756559131887 3.0006075689996860589 7.7192054402106373701 -0.99900201527784282529 0.0070315676268420217176 0.044108168487846460826 0.011777301051322807551 -0.91111253312778217595 0.41198937748133607206 0.0430844362918954768 0.41209769355600589513 0.91012044385075585584
-7.1020640852885676964 5.3785488735125630555 5.1891756583937045377 -0.99029151875418786055 -0.0039961762410481013394 0.13894869002171947314 -0.1385652041613046892 0.10793299318607217641 -0.98445424128170289091 -0.011063095363809123672 -0.9941501393436609213 -0.10743885872259227587
7.529437385321804399 4.1070966380685085539 -4.6810541871828634797 0.9983725555297247034 0.0042369671824096493545 0.056870805110509875524 0.054300634412290875452 0.23410359581429940334 -0.97069405454528645549 -0.017426458826685215647 0.97220242467066642078 0.23349253520588558741
3.4866262409866890515 4.2669398451595865751 1.9686226549045997558 -0.69929172516239124224 0.0017968690189005395372 0.71483414466668115939 -0.70214917728297920885 0.18584108761788914466 -0.68734970938659412099 -0.13408063230935249321 -0.9825781706381953029 -0.12869546466314787936
-3.2474992781619795856 4.3803612307204655707 0.4033018242976186829 -0.94812362025768770479 0.012106703292782721587 0.31767125844937610379 0.010016227722115619847 -0.99764080546772637703 0.06791537710733283606 0.3177440414730253182 0.067574040879614313826 0.94576554869984863494
7.8816476919231197584 -2.6597033668273253326 0.65215740289132007046 0.33314884964205127016 -0.0022120512319267204848 0.94287165129278915909 -0.53279637168285332027 0.82459437142154157208 0.19018977086509802898 -0.77790736614568678498 -0.56572009814892176838 0.27353409338996126365
-3.3124596333502740464 -8.0301756102772898771 -0.6877062432332552433 -0.83235260035841984738 -0.0041803056007270094144 0.55423070442005117897 0.42329152061660202389 -0.65031870843166883489 0.63080097181126859596 0.35778965503617016219 0.7596499868418414847 0.54306395593889522644
-6.0242537508278024561 8.5157927048310906315 6.2619703923535805501 0.4570007153310489123 0.0035538098690253770544 0.88945922707132119012 0.80033511768336562664 -0.43795756217594139503 -0.40945924478001705094 0.38809025443809092026 0.8989886229359173031 -0.20299115803879252962
6.1724520145269892168 -2.7201815516165854802 -5.6956713867259365358 0.95440354660677961807 -0.0081293194211667849092 -0.29840875387631327076 -0.096398633338997535835 0.93768154246168666788 -0.33385719764138094279 0.28252641241965364971 0.3474006895391963945 0.89414293443108905368
5.9212532557381001297 4.0164673388698313161 4.7437863355446774349 0.87084703694618315062 -0.0023858428235465313147 0.49154831501720913645 0.45811536207084779804 -0.35858306181021837311 -0.8133563197133620859 0.17820144016507702411 0.93349477531317903711 -0.31117800562749298177
-5.3495598123965075743 5.2179971947868653004 8.8479337652995972974 -0.1886399405130471385 0.0092790696864105490921 -0.98200248050041905046 0.32664035287532638963 -0.94242882725662813215 -0.071651834792147872655 -0.92613230842936833387 -0.33427803460804289548 0.17474879931475961747
4.4222776070291578421 3.0882305096834801184 4.4089789446781768589 0.014686449054829023991 -6.6955657975421487525e-05 0.99989214604932785679 0.76450428405732029358 0.64452158627999545093 -0.011185905297337463138 -0.64445132312081865322 0.76458611047816371631 0.0095169213288166625009
-5.8730376597981672759 7.4921429349759067762 2.5450329303973222572 -0.94143810398293648056 0.0034622150911698809303 -0.3371680729780729413 0.18432262334021054517 0.8426013753343588597 -0.50601194927568049486 0.2823463598031666355 -0.53852663383648968765 -0.79389520577632832765
3.4234525354449907297 -6.062262296715677401 -5.4828514615883081618 0.13812591997403597666 0.0019034298266125001219 -0.99041284684008301653 0.73395606195671825311 0.67124156157442893544 0.10364972325926466445 0.6650035558911550071 -0.74123622615864814822 0.091318824357641534273
1.7997350517794825642 -8.330865695143055305 0.059291060854296029348 -0.14874330215242506648 -0.010934945754620332969 0.98881538065824226003 -0.32504584363002819725 -0.94383516526611033193 -0.059332793172122755276 0.93392752909588816479 -0.33023568518284157625 0.13683480050145457874
0.017135081792268518075 -6.0597577459441396286 -7.6770382709338242933 0.65134608796677917475 0.00072442298202046360132 -0.75878043523904803447 -0.68813689626679608313 -0.42078573187117274124 -0.59110657232813312856 -0.31971219195741495955 0.90715976711080492656 -0.27357863814420507742
8.3042041785963309763 -0.39172052398624679359 5.8055211357426470542 -0.90064543260973650707 -0.004403162768053764213 -0.43453241176817791747 0.43455442500130309069 -0.010291109057172774868 -0.90058677804312736725 -0.00050639026795161262099 -0.99993735065347388868 0.011182054233613927113
5.4450304776614979474 2.8828462534842964615 -3.9570816000632165199 0.93730557833465910633 0.016936811151258238106 -0.34809682166113981028 -0.32591790531441644507 -0.31115870235344950112 -0.89272491896720684856 -0.12343326868391787943 0.95020703342891843501 -0.28613077745029219523
4.4795741736468803751 -7.2178480757670886447 1.1147576880081162543 -0.96413918926877451021 -0.0040457667819216039731 0.26536626667158053072 -0.22322100855018667254 0.55320498526218397917 -0.80258122680678822825 -0.14355488517600323295 -0.83303533901749948765 -0.53426970613158053514
-3.5182549871525585772 3.0661307938428370434 3.6362213655161630399 0.99111770871633420033 0.0057371472914668581941 -0.13286373700140438614 -0.048763007119760296004 -0.91380558642283593596 -0.40321398705788297212 -0.12372492313857315349 0.40611135832849315497 -0.90540913847333659437
-4.1637685447968992847 -3.665349741006981521 -0.70876645568179408308 -0.95471190868119171213 -0.0078856999368797642269 0.29742728045517075053 -0.06187843902026438081 0.98305347984582602816 -0.17255988684320694437 -0.29102616756381843865 -0.18314931476637247298 -0.93902081888195632065
-6.1290201946146520839 -3.568586493435539353 6.8778029304057817228 -0.74198836912256682652 0.0052364834681386789733 -0.67039230255700599237 -0.60233161348487040954 0.4338576587542321561 0.67004787839130308669 0.29436352947238181299 0.9009662097886489418 -0.31876323711409015882
-1.9670940066250615086 -5.8180662316368074727 -2.2023047890027140916 0.97402963303892953206 -0.0016899133053389168296 -0.22641426226079292006 0.22640579656517853535 -0.00415318696073822477 0.97402421238899972167 -0.0025863572378858959433 -0.99998994756512926685 -0.0036627210032117961391
-4.3047455661670088745 -8.2340872832212994581 -8.9067146808413237835 -0.79229791517396030986 -0.0089462271023347632315 0.61006883106020426411 -0.58867296928605783446 0.27407317101865380504 -0.76049196718953393503 -0.16039996522037172633 -0.96166723036008139314 -0.2224140040753470049
3.4669541132885188794 4.0774906473658507622 -5.5153949741513148552 -0.8340114529844481206 -0.0061400500336002278301 0.55171296529665758701 0.0041106240694874342581 -0.99997947303195555691 -0.0049149043336398946791 0.55173181806062321364 -0.0018312019099963588314 0.83401957269544602092
-7.2329376882653431124 -8.0098141208172339844 -6.6095431268926674306 0.38304059968764947453 -0.017658992783444564523 0.92356269898945042574 -0.60133735624366813077 -0.76371693056264466914 0.23479743175222561602 0.70119418350161477616 -0.64530970079917893134 -0.30315360310869099436
-7.0002210481129285569 7.6113265429108469817 3.8217775808462892684 -0.99998571713391315452 0.0043391763541959825837 0.0031204289254211804022 0.0051907326165657151351 0.64935928299241585382 0.76046405430258201541 0.0012735081530448506826 0.76046939000860924729 -0.64937253178487996941
-6.2678612505505100216 3.9212670045476416547 8.238356843084305936 -0.47315490346767169472 -0.0056039982764639175231 -0.88096142510765929057 -0.81166409874577138961 0.39156947886305365492 0.4334451914949428164 0.34252858002192920761 0.92013147888026391996 -0.18982158318285988208
-2.4291340220883355094 7.7647278114100881652 -6.9218744295931093902 0.52651605947963919796 -0.0088595418267296745934 -0.85011901968417014075 0.83177650983318029976 -0.20148103641223458204 0.51725547813041328205 -0.17586550770336253913 -0.97945234722519858295 -0.098713842572156110244
7.2871257260214274964 7.817860430181112541 8.732629923129863414 0.64481573424848170895 0.0070111260631687544187 0.76430590274899645742 0.52947243386604236903 0.71707878769096911054 -0.4532735973115386563 -0.55124550849998565916 0.69695685401233242739 0.45867148701812038292
-3.4877064030195290556 7.5588421098576521473 -2.935886325756003945 0.8327502101025139325 0.0017061226085787048121 -0.55364625594313454648 -0.43477002393596830832 -0.617121226516902599 -0.65584786198395650381 -0.34278581338926966682 0.78686624081091360861 -0.51316606007329734762
4.1028693773926807609 5.3366527885522234698 -8.2382153564358908682 0.90219210484249379167 -0.0050190527985368663805 0.43130524581674245521 -0.33304899839008539342 -0.64351977756678735432 0.68917389717784316439 0.27409445567401774513 -0.76541302901703267558 -0.58225005313826772024
1.4213559766924526162 -1.694152967701986201 5.4029788240667393495 -0.87247477745566670571 -0.012064332679199998855 0.48851019905500997487 -0.39281656905111916878 -0.57731341376769895746 -0.71582425591941767351 0.29065943263985771772 -0.81643350872003872531 0.49895232242808373879
3.711327961535993758 -8.0022635500573873202 -7.3006998461036438641 -0.98652996295258355008 -0.015827034478122795069 -0.16281319718178335898 0.083260302691939347408 -0.90531916643411725065 -0.41649121105087760775 -0.14080608719979981203 -0.42443693508749508192 0.89444224740391209405
7.1508566602731908901 3.3465599526649598694 -5.8282826234041875679 0.9970008649131484324 -0.0084008660835229211072 -0.076933093084005935158 -0.077382870628375732824 -0.12209018207067495743 -0.98949779119310588005 -0.001080136908092894487 0.9924834572380610842 -0.12237410025519794565
8.4495469704102674768 -4.6957997120573491401 -8.2786786160054095518 0.85849512556093621196 -0.0035074661096132684311 0.51280972793987844582 -0.044376713700374215144 0.9957174569835407496 0.081101498995213391896 -0.51089805897997353501 -0.092382052042907086831 0.85466293343683008565
-7.9182604362554656063 0.79058941012022243555 -9.1610574266448399072 0.93435994440274305894 -0.00028385556963854787806 0.35633048385164545202 -0.35519271029940147066 -0.080594861955735300207 0.93131230356776029122 0.028454047972239198544 -0.9967469025046084008 -0.075405434165256468582
-7.5672150572368188648 0.59816814238887827671 -7.7854283944483242408 0.99746342986247615858 -0.0020879830663732860604 -0.071150168052440440625 0.013267807876932661421 0.98750571831214106755 0.15702363381021172684 0.069933335122127002204 -0.15756933910986964387 0.98502854375438997359
-4.9487502233678650754 -5.8030181849041548858 4.6578699742382001503 0.97937396336949122944 -0.0013626822367331084193 -0.20205143644936918168 -0.19117141470289825134 0.31752841970659256843 -0.92877833355380723379 0.065422703052211303443 0.94824777657306469347 0.31071856099939365592
-6.383641688736077846 -4.8528671760744970243 -7.4959119663389373045 0.86801974597251296828 -0.0099351075464793759534 -0.49643027127671757182 0.46191097648903156614 -0.35062280926614669552 0.81467901373542150889 -0.18215369993719496278 -0.93646406191597619806 -0.29975838660308579131
-5.877209935556423126 -1.4646431692462718033 4.5709967237263313677 0.9710658314133738811 0.0012875403054044905378 -0.23880848666083076548 0.23491170737670899471 -0.18513911536926092039 0.95422219513975725658 -0.042984192426708790757 -0.98271147861428220782 -0.18008472728483723713
-5.4181615908774487522 8.3489965962453762671 -5.6501825020012805822 0.56126683501900598294 0.0059162373931636192542 -0.82761376139029785293 -0.79975638712182106627 0.26123101415848748452 -0.54050724185672827105 0.21300061306383816229 0.9652581806837254863 0.15135185316847163395
3.6739411811645110717 2.9996127529313159066 2.3202050537633107652 -0.67682484636970718928 0.010306146866806401366 0.7360719466690367474 -0.72329153658100109325 -0.19533974308462700997 -0.66233808427556406517 0.13695795138187982776 -0.98068148147515754598 0.139665140406651761
