1125 17.292696884352682929 17.968806560800352656 18.477561601407678893
-3.6942791836799955263 7.2475336032277732912 -3.7511753415072939255 -0.83553977409610424854 0.012069827134107093472 0.54929737408469403448 -0.09279206350718020857 -0.98849735911440883562 -0.11942614443224107423 0.54153755073276976795 -0.15075573056061930544 0.82704884429507385946
5.4532641187368202651 1.659075673391001704 -5.744210981324626708 -0.74326664716530754795 -0.0028263774046845217131 -0.66898931441570652634 -0.66855877068208913183 0.039256463360374159455 0.74262244796946219605 0.024163223202693609459 0.99922517065730076524 -0.031067619304466352614
6.6939726768832530368 8.5817517634929707526 0.93108097441303372399 0.98426324384103092147 -0.0080346258277975597661 0.17652566842077854758 -0.039837554205195635504 -0.98333808990693005736 0.17736733130186060903 0.17215933346329703735 -0.18160849574281323626 -0.96818361800641661308
-0.20243587356920419995 3.149352974676428385 -7.8903101654511242913 0.47833251365126111532 0.0082391258615617298661 0.87814015008390189365 0.72034127021924809764 -0.5756364930627438925 -0.38697684979030699814 0.50230116544070624318 0.81766420042695342474 -0.28128063306463491067
-1.9351940070581263864 -8.4426900208971140671 5.5711355974187588558 -0.86333127917324448131 -0.007046279394327347595 -0.50458839894297846662 -0.38578280889253613317 -0.63537502386424959955 0.66893213662757688986 -0.32531634875053899725 0.77217156707339862365 0.54582079865018917619
-7.0581430536365479256 8.6452995792214206716 -4.7784439930516464656 -0.55686970388657430764 0.011746547790054722576 0.83051679784824805619 -0.36981256607307083639 -0.89883035070561179136 -0.23525022130697201272 0.74373032670956962242 -0.43813926925758606146 0.50487541222228360382
4.3743892703490736551 1.8365044786335533722 0.52870205545649240353 -0.64317438966388773558 0.0045923608210972476779 0.7657059583825219784 0.7656086043621113113 0.020892664295536614305 0.64296730982614191952 -0.013044899654602004971 0.99977117722060926397 -0.016953577565625412016
7.7300121928768206203 -1.8770515119715531771 -0.43058148894595033029 0.48625219079996279126 0.0058865361973473879359 0.87379869285434763615 -0.40771602224310887763 0.8859814281231037647 0.22091752811236023413 -0.77286897476137017549 -0.4636833593224356509 0.4332104455559265821
-5.4523349342100084769 -1.480785622144795477 6.4427187571565633917 -0.9974609343735235667 0.0056714391960072853965 -0.070989570896161729996 -0.022101710051376101396 0.92295094394844157115 0.38428253860605321446 0.06769932652091348313 0.38487581093417910783 -0.92048216242716318636
0.12503499818089713891 -4.9615688493758085542 7.0346699069903166901 -0.53083627019237400457 0.0034166415380032628089 -0.84746751017897170577 -0.61684962525960451707 0.68415382563225812795 0.38914018385407089795 0.58112769170415434772 0.72932973985271531969 -0.36106611098410823502
-2.6882319226391637734 2.6437484000870092871 -2.0266738947838205398 -0.60641505081832070001 0.015398971252085884298 0.79499915586467562179 0.44261264063067495833 -0.82405976030429983759 0.35358105407539691667 0.66057159831092326918 0.56629354855198699159 0.49290646209345972961
-2.6901492827010557995 8.4642384637547962711 7.3031294253043688158 0.027296389539991885304 0.014169185464025232241 0.9995269587664850075 -0.99935364998636444511 -0.023011642141496931047 0.027617867133576699118 0.023392079367550767249 -0.99963478256277371603 0.013531892462874870603
-4.6689259854178146725 2.9384887749702861548 -5.7674920018142099565 -0.93444938385694498173 0.00029437581721470078983 -0.35609586118396879817 0.34763759098080426746 -0.21590689774253682409 -0.91243208889466809186 -0.077152150629059723652 -0.97641391061902871318 0.20165173146606141241
-6.8057777953408100657 6.1740447253046806253 0.25409755335092581996 0.82907333543840744383 0.0019078992077402529611 0.55913662407835051926 -0.55904548564738687499 -0.01554556385000235505 0.82899124266884438583 0.010273725825408738799 -0.99987734015995777259 -0.011821810033309891608
-7.4295192844180517611 4.2399319305977627437 -5.6259850348061997138 0.15525076577851767978 0.0026616745757703699077 -0.98787150744087826038 0.41814209460994633538 -0.90617536956373012647 0.063272334488005593789 -0.89501641797239683829 -0.42289373970866445118 -0.1417973782368016078
7.6063084176344162302 3.9191423389223523088 7.3636048854310169887 0.90178364312262004887 0.0068732908908900620243 -0.43213310318544528865 -0.39779706737161635299 0.40406653136599191001 -0.82370366723737886705 0.16894896917959831284 0.9147037750562452274 0.3671147636787029378
-3.1398556156588042221 2.9580869980291319976 -3.4364373122505496028 0.81393588014825613008 0.0078467392547958026566 -0.58090172291895703083 -0.28750089161472369703 -0.86344355944043094109 -0.41449783712490156917 -0.50482830777190279559 0.50438442515948833655 -0.7005317489794726793
6.509841138759544954 -8.3806557959413634507 2.7491717499273211622 0.9296651135166840163 -0.0016842691576627070657 -0.36840187288826597989 0.20760430527791726152 0.82848829823355596425 0.5201034436727093313 0.30434064654613357526 -0.56000384188629226401 0.77056632935292912467
2.2030111467533552982 -3.8873437378362347694 9.1531443424850831292 0.99324317049864041529 0.014497140291028200176 0.11514268183858079875 -0.0097836618393374145952 -0.9781746962121965483 0.20755371268843939014 0.11563859311920607342 -0.20727782470186661978 -0.97142350144933398148
-3.4482418829855721043 -7.3565497033253555159 -0.75696588406265752358 -0.3302139597001192417 -0.010251787984324732886 0.9438504339471821547 -0.29833228111974990915 -0.94754923752934960834 -0.11466600411474446586 0.8955202905916064271 -0.31944536825705022176 0.30983554644051697347
-5.9506954611933737809 -8.1967514913892198791 2.0837864770545104776 -0.98573824439948820597 -0.010264187330559480099 0.1679724977085866322 0.10175637949796782766 -0.8313518026363215796 0.54635136998521316443 0.13403638595348615903 0.55565171349661957034 0.82053971295044747514
6.5125986578970538332 0.5294157805304046116 -0.2534658722253510521 -0.76610578789991101711 0.0058992756718076449357 0.64268742036299797427 0.55950031399980115765 0.49822135837361281041 0.66237064902873388217 -0.31629309252731896418 0.86702980145266250744 -0.38499091289617864975
0.6837263009730913943 -6.9604209200940898583 8.3655468137468833589 0.46445450372726937438 0.0027253672573444207537 -0.88559278810352060063 -0.80509709049881861276 0.41787322847338703724 -0.42095206353645314712 0.36891826850684944494 0.90850125883164001284 0.19627728820083437111
0.68748562372600063863 -8.5883891544249788552 5.8153783457927721301 0.3860941225726278736 0.018098097583868589383 0.92228183728122437035 0.20841276411865156115 -0.97566707393721452402 -0.068101986662889871238 0.89860750512521647693 0.21850908379029648776 -0.38047119737742879364
0.50259707804071707127 0.50341045405638518151 2.1044451470001339644 0.79052918565584950894 0.00058256807999915172225 -0.61242409100295092106 -0.59933448160778157732 0.20638339189644544502 -0.77343653566738446159 0.12594358174264283501 0.97847102980313760412 0.16350124786711098257
8.2188391537781306795 -7.2936282913517480608 4.2959392080911857903 0.43631436451271837784 0.0076835372372704678623 0.89976148982678438859 -0.59897752408161542004 0.74868786538141085529 0.28406408762119766953 -0.67145789217581330899 -0.66287815131170235716 0.3312655363129887176
5.9839066385025043715 -1.7168288598045011728 0.66840848831135535324 0.85516558746264870194 0.0070713131915030123104 -0.51830668001617530294 0.27028767705612510852 -0.8592955100046448802 0.43423012115410225542 -0.44230802575944938582 -0.51143056519477070321 -0.73675123843342116281
-4.370071030126982059 7.3519817955313921942 0.76335389946324117005 0.78766669341195127974 -0.0029988749285364910829 0.61609430028114109401 0.29957407285869203095 0.87567843554742930134 -0.37873823729314914921 -0.53836470441555439592 0.48288537383750007592 0.69064112299612712143
6.5763868674155316896 -1.8466940988495488263 5.105780324938026915 -0.63557115709131817294 -0.0012222786062432190735 0.77204132681350057243 -0.48513951816781497595 0.77853410573792303229 -0.39815109457900632606 -0.60057385239873473104 -0.62760110917497857752 -0.4954067980731508003
1.4871998603313112408 -4.9885370496813594698 -2.2228820652604253105 0.019986093699877079816 0.0048253384871120219221 -0.9997886137415840091 -0.99569307826006114848 0.090644028260828846122 -0.019466742042001092261 0.090530933739173952146 0.99587166655611358834 0.0066161761740078945532
-7.8017012551986368862 -1.4256014493326825132 4.3219040804103414644 0.6210171468277577711 0.0021395807495742484583 0.78379405811725244568 -0.74718234357194523998 -0.30045341719823498439 0.5928290559244928648 0.23676200877683353796 -0.95379409008875093434 -0.18498806694430053321
6.2193363476623524377 6.3611138446975399319 0.4059760586922665504 -0.59664460395817320304 0.0092960267178933148752 -0.80245174338071945108 0.79625627182729419307 0.13140387936519470902 -0.59051585081467306004 0.099955820957166055529 -0.99128532944605496358 -0.085803435139654174457
3.2858174831207449529 6.1690839952867690954 4.0346715893487816729 -0.85835112983006067733 -0.00016916752183470783882 0.5130626758023180134 -0.37256221604178818563 -0.68732719026652000505 -0.62352123355822142159 0.35274740693159173377 -0.72634792276312065695 0.58990504490162476436
-4.947803908970236364 -4.0095294173453144282 -3.7946556939815745402 -0.35108821422645924981 -0.010008581300504554301 -0.93628889458951658487 -0.66881348384183392231 0.70249751568177376537 0.24328124525415384394 0.6553057222875772192 0.71161581542371055153 -0.25333247240702044811
-4.9837739213277769679 -8.161664051717643531 5.5040380824537562532 -0.57067316774234921883 -0.0054779598995695812785 0.82115901479166053534 0.6641069586319051643 0.5850945299104728381 0.46543134677940117827 -0.48300526199530330329 0.81094659689986781093 -0.33025979752457162997
-0.7059039889746141494 -3.9479405601145818316 -2.7040315090634732265 -0.99572183200953157112 0.0051395498880597205796 0.092258432062613096591 -0.060650917630227917099 0.71690522132073875028 -0.69452744354245055103 -0.06971011010132917296 -0.69715169702864532297 -0.71352646193358448823
5.1035774343081525828 7.3276173162284345963 2.1982928445937246487 -0.68149776547545337646 -0.011321028897817234093 0.73173262190308352437 0.069553964399206788527 0.99435211185284311242 0.080163106789262167373 -0.72850740674939951091 0.10552588288412717565 -0.67686131988243891655
-8.3753718962582066609 -2.3327372420787679808 4.7907565082494061315 0.40379658729708395315 -0.0050976383632642440283 0.9148345916996426519 -0.77658661978409726512 0.52668539626929322672 0.34571045012989171097 -0.48359232630324033853 -0.85004500318497167033 0.20871500784732716083
-6.1461216002562935046 -3.8950649917613620055 -3.4170190971289176041 -0.22959789146754172595 0.0080843244180422036554 -0.9732519981652075769 -0.46738553524482823187 -0.87803681663468879925 0.10296654834204291284 -0.85371867127144929199 0.4785248084816023928 0.2053738980254781743
-5.601837718889001394 8.8663089340627347923 2.9788527733940557418 0.89686406933670703712 0.0059136573471374213537 -0.44226674054207182341 -0.099832106576212123472 -0.97140140945689734675 -0.21543642264339579739 -0.43089255230204043245 0.23736960707215745692 -0.87062464817451079568
1.5416097159897792501 -6.0226258204121361217 -4.2423653798152249905 -0.73888963107746696846 -0.0052851434337454657186 -0.67380574377564661503 -0.62417526085209018571 -0.37137105111907947608 0.68737819730589266864 -0.25386483968214856866 0.92846949850240756419 0.27110336317277222706
5.4819891921895385067 1.6605177196293825492 -3.9839990015749995322 0.73936548362081500052 -0.0081282494941239125108 0.67325523628882555371 -0.05118161447852474788 -0.99771246590132434129 0.044161948831091445145 0.67135618264033758429 -0.067110110604538197876 -0.73809017679751853791
-4.8504024222253807608 5.1895957042455069796 -2.3233037443337272165 -0.080625189074823050417 -0.0012869328949752741921 -0.99674365946839449393 0.53538271263419978663 -0.84355382655008204207 -0.042217208873974926275 -0.84075259731929263829 -0.53704309465481625541 0.068700688384845276513
7.7173423349641927516 4.1578673569461059856 -3.7392217138050303227 0.992990209452330852 0.0070743571723891288811 -0.11798473376745242935 -0.11517566465781668705 -0.16632626246530143876 -0.97932126530830454492 -0.026552028212874591306 0.98604539849081485059 -0.16434555641350270805
-0.48335882328187823598 2.7260608001831068137 -5.5558753838224861354 -0.75868656174319148988 -0.0035931864032552234337 0.65144592257654454492 0.3485917427032365068 -0.84701726625200735032 0.40130480633793280676 0.55034398147815011271 0.53155323315941527262 0.64387317258017939814
-7.2281353562010401959 -8.5137718885053121909 -8.2333318358625717792 0.75899234841956253472 0.0008977326326502180643 -0.65109892421702997289 0.41164828559400079566 0.77411385433428370195 0.48092975526052861301 0.50445644411405266005 -0.63304576027614201106 0.58717694214606608316
-2.1208275001363086076 -7.2915663132754353626 7.8698290132385491091 0.030621996524492288427 0.0072193602703165583867 -0.99950496455315052113 -0.92301091093586917768 -0.38351902775683965885 -0.031048569080966391398 -0.38355332304946104793 0.92350475699138312446 -0.0050805700355649810462
6.2210365639829303674 -8.2897892217217545863 -8.7484413152334781216 0.63982934228834420498 0.0024015679534422811406 0.76851326938347341855 0.072328979087873460085 -0.99574464766237746893 -0.057106176862514991532 0.76510583028175382925 0.092123987772312315725 -0.6372803459592416564
4.4063710175279116044 8.2713941296090336408 -5.4857813621206936716 0.77859654838950642652 0.01097976537636521574 0.62742876853727325148 -0.11594808663894870526 -0.98011410639127860556 0.16103533667332081691 0.61671991701310291401 -0.1981307225167435182 -0.76184037747700927845
2.1983674130380306266 7.292109713778150315 -6.5308493242322365191 -0.79374103532031770047 -0.0055829632337899039174 -0.60823021905350804772 -0.60778091775766873717 -0.032227832812862837464 0.79345051692061119297 -0.024031746875307478939 0.99946495552061909162 0.022187334865104033077
-2.4628770077433155272 -8.3863455737267571521 8.3765848466561791952 -0.1035981489525250876 0.0013948174981743832745 0.99461825743242060494 0.94697238520641113801 0.30593922422909841652 0.098206378279643041784 -0.30415575810810530077 0.95205002261552074128 -0.033015590975210111491
-5.5807710844988624999 0.70291623723441609695 -1.8365754932588143067 -0.24644017137339871426 0.0088426044234462038846 0.96911766585932812568 0.47323251932527687913 0.87374167952554515626 0.11236752249821682637 -0.8457648754746009967 0.48630986603846171334 -0.21950965720717588447
-0.87014450238475427035 -5.0277327593566960573 -3.0407744989482874409 -0.98772990679284489168 -0.00088773019189530236878 -0.15616927726736662407 -0.046655019048644177926 0.95599591511298565027 0.28964654233222836277 0.14904006315317319675 0.29337863286636717275 -0.94430717319792489839
5.1345655233793126015 -1.6712558592251085532 7.8241918771105121166 -0.11280850481371616778 -0.0081603279971040210833 0.99358323772533163609 0.032933264685221855239 -0.99944755991543843265 -0.0044693462897035596618 0.99307081384899031917 0.032217759482328092724 0.11301493111566214556
-0.13337726465186347524 7.5108046473136909071 -8.8521972800218478028 0.91704500052623549866 -0.011832437273401268107 0.39860815400326476965 0.39532328823414913943 0.15836822524596858019 -0.90478671686305589539 -0.052421033845103950921 0.98730922139982901786 0.14990842721465358345
8.4340997586543764442 -2.9194268045135225442 5.9872420315603314123 -0.45240096289205317115 -0.0019650354398361388232 -0.89181248444403715681 0.15705409080842375191 0.98419323588455565055 -0.081839397596499760534 0.87787663218374945018 -0.17708702119105509953 -0.44494135073166141137
-3.6056274690127287919 -4.1033797724714560218 -3.6498510245068973568 0.4691710035697738701 -0.001452881351867981851 0.88310614228712802642 -0.63399980174421521895 0.69557125076247405815 0.33797172441076417382 -0.61475427676240324004 -0.71845565224908924939 0.32542073528541087812
6.2209155000653764134 -8.3576546046308983762 0.04566724531643953644 0.88421800632600988656 -0.010196984645657932583 0.4669631021750928479 0.023779989972090839756 0.99944789436469749777 -0.023203847242200870138 -0.46646867994084623144 0.031621637434908755893 0.88397230877454402442
0.29176348386168382554 -2.5852044659313140329 6.6362726988240030579 0.085763054811900760188 -0.0085762710504104118503 0.99627864877454797021 -0.97156247187499222839 0.22079389727191311987 0.085536063572909798447 -0.22070582609764202719 -0.97528278078822394637 0.010603576012651201241
-6.4405778920529224152 -0.84769269983162565119 4.2220425596487096698 0.58315828772557021242 -0.00092217150067493060955 0.81235802516907695825 -0.62847752565995285146 0.63310614903565232137 0.45187675730651116757 -0.51472556882038000836 -0.77406443766220311975 0.36862153375714623582
-5.8590458812887611373 6.452345257229347375 6.5083834404816904851 0.15753472315064362408 -0.0021405316633993586549 -0.98751112860890799539 -0.047214791714509575515 0.99883768918079496313 -0.0096971189126872636699 0.98638409073019106543 0.04815276519622321838 0.15725055408088797759
6.149508513756359207 -6.4151354821897585978 1.0619758319534116087 0.95378552553988882323 0.0012837157761004013359 0.30048547942339920436 -0.0094462298432758679684 -0.99936854491873006179 0.034253177499266138084 0.30033970768502415982 -0.03550863980585441948 -0.95317112654905367108
0.87706670986472412554 7.382149078914123308 -2.3569963440631003238 0.97526914226723682155 -0.0016506260471559446035 -0.22101442390622885736 0.092673462329189562614 -0.90476944140533943628 0.4156968694601765324 -0.20065325694059768513 -0.42589850120979827475 -0.88224074783847206138
-0.55443329175028654987 -6.2487509163598051742 -2.5811539559119118792 -0.86798211997097163284 0.0056052771100031269225 -0.49656381289713824589 -0.34804072152911974536 0.7063932247446720325 0.61634103237761039829 0.35422407536477062973 0.70779742363430964147 -0.61118582405728627549
6.5851689831203135128 6.4050480884310339036 2.3698131406619666883 -0.96893285574815324335 -0.00067258146159855560636 0.24732300476509339049 0.12291626585029825913 -0.8690654814331321143 0.47918345189568090081 0.21461759629918303327 0.49469661067701942159 0.84214876995887899547
1.032196710726099198 4.1481208008249410568 8.7667346002448596209 -0.46335672096597863012 0.0030721115144373700723 -0.88616652569732101696 -0.88461277689911077537 -0.060895442955240658423 0.46233319151247515011 -0.052543163993351682528 0.99813942270497724163 0.030933941867310299489
-3.4321685451258190369 -3.1219828061702554756 -2.2943776758748377631 -0.37916551701362788407 0.00047482450927333053059 -0.92532874441977142066 -0.57492569536786508611 0.7834356240724884568 0.2359853125510288363 0.72504755396713294058 0.62147276487034219805 -0.29677878463729423508
-1.2302243496070683904 -8.3569366453530413708 -6.7333851272627187612 0.60846317090768242686 0.0066128795695512537084 0.79355455985890532844 0.58233663161953685972 0.67561307850263530028 -0.45214048218488822606 -0.53912578970324254168 0.73722672088046992123 0.40723475403860476263
-7.7589959605880132187 -3.8178027360762487596 -9.0621116863816784104 0.26252868705383741732 -0.0055130340991119165805 0.96490843862439912293 -0.40009871278864511668 0.90934753788561717425 0.11405294983387008478 -0.87806589074989571664 -0.41600079542707879554 0.23652405735015294419
0.73025461898019439211 3.8872007686129417259 5.0288992600158497481 0.1146594908026494497 0.0067645043598307764629 0.99338182117923723435 -0.96970795264396891788 -0.21634897149089848956 0.11340021654986126576 0.21568423156912461258 -0.97629266309613138564 -0.018246869233437209429
-6.790520585983186308 -6.3713628146772363081 -3.5146471801432315196 -0.98974974081063682441 -0.017041925735894636329 -0.14179218360973122603 0.13375881812792719816 -0.45850726135875380374 -0.87856682719913081758 -0.050040275165773265287 -0.88852724440427499619 0.45608695093468681891
-1.1936733712765850157 -3.8274047902576060487 -9.233339284812963399 -0.9526343349751906775 0.014954827619608004191 0.30375018840672379783 -0.17508434405344427964 0.78969424735732640652 -0.58798679250282359643 -0.24866301754299921511 -0.61331830954346855389 -0.74967149798086485379
-6.7295806398108055646 -5.0872789193415615117 5.7391725803471560496 0.35771644598701907158 -0.0057274664047546946719 0.93381269021071744429 -0.29620099452472015145 0.94764848839050885854 0.11927830185591860312 -0.88560934678493685723 -0.31926405776354166433 0.33729296806695552302
8.0385401411086849777 6.1908901989916378383 -8.9506698264084434413 -0.12366937619725662523 0.0042003361601602477379 -0.99231458850891329782 -0.13133660158977733534 -0.99126310029143904767 0.012172225911064394124 -0.9835937080289088863 0.13183255734823876026 0.12314054713717199896
-2.6760881490927173054 8.6415431402438347419 2.317804169835264716 0.99674296724303157458 0.010460097147495425393 0.079962763955609375555 -0.051213554445115667957 -0.68383659596752910392 0.72783561458371281994 0.062294695543496099444 -0.72956020751080008502 -0.68107361901911611657
-1.2405129525558529213 -7.3745113244500073435 -4.0247478911990892669 0.60992011596207429402 0.0022753441401886652547 0.79245963616690917597 0.35849225929267064528 -0.89261516970134868743 -0.27335226146186941687 0.70673952215234647767 0.45081368837695828811 -0.54523964107524058864
-5.5178147864358821906 6.3766402567219158115 2.9282785836403979474 0.72470229167950750426 -0.0054015736548578491619 -0.68904093596542337341 0.39677488953570660968 0.8208234503048041919 0.41087534662426478116 0.5633615850128286251 -0.57115644654672792502 0.59699584429059793234
0.17926363092398264754 -1.1705249229612539885 5.7685421324209542604 -0.5564034771666566126 -0.0026707201907259009097 0.8309079599151864004 -0.68325677381337746041 0.57052599885479315933 -0.45569755942817741223 -0.47283755311435443636 -0.82127519862981035459 -0.31926743723810757647
6.1772389228075130774 7.3948046057221370475 8.6812444281225982223 -0.99974702722682640132 0.0075274805280718610004 0.021194777382594408993 -0.01632878850587425601 -0.89095895151514326038 -0.45379016888958512155 0.015467779974323367723 -0.45402145736951848853 0.89085647779576648819
5.9758377642271058861 5.043528940355100687 7.911629079185576785 -0.45630179900630563061 -0.0034061761909019304569 0.88981855801465603584 0.43334091563230109356 0.87254738422687216914 0.22555866890378545309 -0.77717714780006663666 0.48851761507889118752 -0.39666890563168105688
-1.9302201093077711036 -2.7430044976596730244 -7.9114996682473224254 -0.99451375186525092786 -0.0046876675200458444576 -0.10450082834231827489 -0.10221771866184710398 0.25579667468020589327 0.96131139555009670339 0.02222465618562497261 0.96671923897060818565 -0.2548724733305416934
-7.7571780087491895017 2.9323129792401072535 3.5910726026297203894 -0.37854629584984184065 0.010082818067156133421 -0.92552743810122317658 -0.14930692243210874626 -0.98751020795732047386 0.050309363880899654609 -0.91346053270630744869 0.15723207675302208752 0.37532376587122379119
2.1188207188705994177 2.0826346833548954329 -5.0899206742173754847 0.53422876724330392584 -0.00080645024585863749056 -0.84533956129339793417 -0.83693761302199964902 0.14013810904791734746 -0.5290526838619165062 0.11889094229015079174 0.99013163772831325193 0.074190860696675436925
4.7137431710492752046 8.3832888026043441698 6.77821029795843355 -0.92731445063192718958 -0.0035947675566685953485 0.37426593125128432282 0.3337255495006099526 0.44478466498455060396 0.83114009613581663061 -0.16945550229947087262 0.89563032521261998209 -0.41125558148149859994
-0.13877663768199255401 -1.7909629477580071288 -1.1424694988233830006 -0.99367502107278438128 0.0038403416340449568825 -0.11222835770034877978 -0.0022520668880310103221 0.99853251256765385158 0.054108682668669326465 0.11227145982270327063 0.054019192159048178004 -0.99220816676129452993
0.086754610176845325942 2.7373543127609658576 -2.9370815530175629071 -0.18164795146003706594 -0.0026500483427962483185 -0.98336005561242600947 0.098495655073832968918 -0.99501656177508834844 -0.015512824518631037132 -0.97841843178757181843 -0.09967456564612009462 0.18100373836266503424
-4.6304436433647468974 -7.7127726399608373953 -8.8889238246081347938 0.91541578407295542963 -0.011022798672123530761 -0.40235859650256389219 -0.35859851003693732352 -0.4763497700686928904 -0.80280633103819842855 -0.18281425236923376509 0.8791867801924413417 -0.4400108574406149109
-7.4772101923195499751 5.2916421176190455711 0.6424828795363297651 -0.75259231575373608525 -0.0056765835273384608953 -0.6584622864431837197 -0.64122769689853831299 0.23375909054374069407 0.73087873708199246892 0.14977265103691617121 0.97227797670621463055 -0.17956527786223652754
0.38480050786696107235 -3.8280140249760967741 2.5172956096607217447 0.71945541702018234176 -0.00082011753433378249689 -0.69453814173691608147 -0.54381961143760759736 0.62136357585144863513 -0.5640634156024643131 0.43202330161221513816 0.78352194226605542671 0.44659739458642017107
4.3556666276159088369 8.3390901158290056117 9.2204825013069573458 0.76536765014085261782 0.0099583689819581766578 0.64351627097176378189 0.62190814016669782038 0.24592132457492044129 -0.74347358212237457664 -0.16565815800198113728 0.96923863573758051171 0.18202703557664476341
0.93756045303843915661 -1.9535233866934211822 0.76469411976802725839 0.90578595412113382945 -0.0068454780352439513133 0.42368023879722366276 -0.41565441003685310584 0.17998785776949263737 0.89153563163368321209 -0.082360286144310901335 -0.98364501243392954422 0.16018512034578957781
-5.3515685829942718499 -7.1791628992322591429 -2.1314033211219172159 0.91081130338075000363 -0.0094389068918033398881 0.41271500659744259076 0.39332527965252328528 0.32345507910231946491 -0.86062305116067305821 -0.1253714242567655901 0.94619644833384353166 0.29831910287520946312
-2.3533278243084518877 -0.42252595241477980403 -3.6015949526673236569 0.96029103572359431062 0.0020176591342258194672 -0.2789929313805665223 -0.26516194629259048909 -0.30442059159435141957 -0.91488646599020317929 -0.086777122256376973408 0.95253558068201593656 -0.29179735877474555217
3.187047262089828692 1.7627313991433186668 3.2100764827403596158 0.26958720615844311563 0.0046593741174029553939 -0.96296470782098153585 0.16410514142084184352 0.98513863038817395257 0.050708790916088590517 0.94889000460292138861 -0.17169790083105221368 0.26481614379665574521
4.4200862519779295923 -0.47992111042117369113 -7.231514747890464001 0.65541113176017073982 0.0072478223927482003999 0.75523752385272169274 -0.72949426240905179686 -0.25294345318451411098 0.6354980177808564612 0.1956383640215875741 -0.96745391547178671843 -0.16049471007240684317
-8.2522307831680272727 6.1544199536400139294 8.2027257180535535497 0.25889248049181806666 0.00024519127884755145819 0.96590611522371017106 -0.26020315405148508603 0.96304950630272345702 0.069497964228810743537 -0.93019836710586234485 -0.2693243180470145659 0.24939007506719962359
-2.0274646330635097691 -5.036961184658559354 0.72024021724768827468 -0.99918084402333018357 -0.0023074944856187611271 0.040401935672959819745 0.030611517550769760942 -0.69609424736066372041 0.71729752110598532511 0.02646839492976309563 0.71794670711743591163 0.69559467350537551589
-4.3618447338950376846 5.0321759458335693083 -5.4013965843178226578 0.16940708948779084619 0.001889297856871072212 -0.98554435140427820716 -0.020214669520685391718 -0.9997811264074986104 -0.0053913278080652349625 -0.98533882759544655361 0.020835782514066557292 -0.16933181921769421829
-1.1509909854826319009 1.6951424083791639674 -8.8512934013941642064 -0.9874194321086523507 0.0083125082665019747047 -0.15790429791609392196 0.12897012049378572818 -0.53543284856044570663 -0.83467261408428505831 -0.091485371037546781015 -0.84453689492450945142 0.5276247340651403217
-5.2688571810298405751 5.2880277648953448733 1.1562987121923564704 0.081809357447990838086 0.0092102071197185889778 -0.99660543903723086689 0.67512784432796935086 0.73507273098059522365 0.062213133514512845845 0.73315047762839025136 -0.67792569818041181762 0.053917760520635432675
3.1505468796443381052 4.1049187612425743765 8.9757098186626524949 0.26004918265496917984 -0.01081054162771039398 -0.9655348542594954786 0.7582805185482558441 -0.61679228004175368216 0.21113488217593404106 -0.59781692665134167353 -0.78705172350384644542 -0.15219890518133483148
0.3245309669965745214 3.9589795429614453859 0.66337861940441844588 0.96859021652425514315 0.00028946878942067745533 -0.24866223810927609583 0.24304720274182303741 0.21021115060334019664 0.94696321438663499936 0.052545691479921163847 -0.97765596626307371686 0.20353810929927776407
0.22647693190780965322 4.9092533664721234032 -2.1488626625440065965 -0.11603102132992534901 -0.01001573065239371764 -0.9931950902157276051 -0.83473500359935093318 -0.54093795968125979456 0.10297377113404597437 -0.5382882832227362524 0.84100285904107696666 0.054405102975716455871
5.6223733333594676509 -4.2358863568146514211 -8.1088825847503365196 0.30191685932443224072 0.0069122194608408869809 0.95330920024819953973 -0.9496218682126419397 0.090343195632707443132 0.30009400929613289088 -0.084050683925118399586 -0.99588670451265626227 0.033840128644591238594
-7.2923361587560391328 -7.4140708652400313383 -0.31078105197067923404 -0.95844397898789202017 0.0052880684451316311429 -0.28523179253757008356 0.016956477013112813967 0.99911647556092209044 -0.038454468532786334478 0.28477643341649427899 -0.041692980164032875101 -0.95768683731964765471
-0.017770359166710714138 6.4143559036681709884 3.1276137379372528358 -0.71767577014495531618 -0.0093177140848230231157 -0.69631506457289660261 -0.6962451508465276051 -0.009885744435012855727 0.71773599741122184881 -0.013571251587027299487 0.99990772187298060381 0.00060734600240096737328
-7.3898524976534867292 -3.6876535643002079645 -3.3896461745744779215 0.34229136156947354008 -0.0063101140408262264281 0.93957267215239703706 0.029450191157126114766 0.9995581818349854597 -0.0040158893757228381755 -0.93913221115864708999 0.029045199043179998483 0.34232596509309121124
-6.4153943717004020542 5.1161049102180067294 4.0249909949125406428 0.087805748603125954865 0.00028199690227491934491 0.99613757633682087356 -0.90895168796244274478 -0.40910749176128707871 0.080236457643515862737 0.40754997173680862499 -0.91248615368277818938 -0.035665668012731348291
-2.4168450870456585911 4.056838250043662164 -8.0695627267596883314 0.98641774517361124897 0.0013670934013188073934 -0.16425030612520738482 -0.16024464098291624214 0.22765222603059670492 -0.96046661525502796675 0.036078900243712297424 0.97374154427089509856 0.22477926487611715745
4.7725199251769394593 1.7913611205740525012 4.9978586035761303208 -0.69661557303877597036 -0.0027941420745940075132 -0.71743915154525594868 -0.14740521139639262138 -0.97810095742840374999 0.14693611105169759878 -0.70213848139294732231 0.20811225299785876541 0.68094848784557737709
-6.7869470242887466327 7.4235387286604792578 3.5325703793318208312 -0.5335719735981305778 0.00061318088192950301329 0.84575444013014733358 -0.67672585008453378652 0.59949773947761586523 -0.42736937675592046038 -0.50728992974253994674 -0.80037621427070537727 -0.31946023666725681389
3.0949323551878418215 -7.2250420568930433518 -6.5305314617993550641 -0.38019477710534982373 0.0099130676423771508371 -0.92485331947902682526 -0.20874805952359051786 0.97322204113141530524 0.096245032603225255663 0.90104171884931671954 0.22965319450320756389 -0.36794460336771639408
0.44167635440312080775 8.4743630238877560856 0.71931573065424059266 -0.51315576812253249628 -0.012291746217698852964 -0.85820747527490237605 -0.59222806184130294405 0.72880132686151533061 0.34367797242803949098 0.62123834428490987136 0.68461488366787492943 -0.38126812173349433621
-3.1295931769970306568 -6.1876691393798752827 -2.7377348749649814685 -0.70305063891815577914 0.011271725152551067065 0.71105045343397255131 0.093308962786841781467 0.99269214678034323196 0.076522801725050826338 -0.7049916570997094567 0.12014678494368855044 -0.6989646010257782871
-5.0790350429781812025 -3.7988897368963723267 5.4124492243749644516 0.97303055127813664615 -0.0018199671645427401359 -0.23066910065955426035 -0.074141752623562734437 -0.94937796910855076771 -0.30526131803618078431 -0.21843659674475418564 0.31413079997152199008 -0.92390870420820914166
7.0729699679162347792 1.9789551050944027555 -2.3201121614420978645 -0.77280512609441009975 -0.0080502096413868125951 0.6345923346580254476 -0.62089540719656743928 0.21659017953838435866 -0.75337745350495211039 -0.13138162125760718957 -0.97622942398411227671 -0.17238033920224549167
3.2580555779337081468 -7.3043081098067608181 0.58662504099594869889 -0.34118032663658698356 0.0050014351326736483649 -0.93998455857673768321 -0.45541325136162635889 0.87390864715355853765 0.16994836543561456232 0.82231061965668650338 0.48606446288190474636 -0.29588271785120490165
-0.53109049597876145654 2.9186917977884583308 5.4766950113291503754 0.22162402741737202705 0.0018031599214646961381 0.97513052412776946021 0.92977502495049391129 -0.30182711107711640564 -0.21075767601010195196 0.29394079922610066857 0.95336097236732264548 -0.068568673001586893934
-2.5206933336948997848 -3.9576069082620271011 2.8355763103787015034 -0.85900608198866501564 -0.0051767094154056836341 -0.51193920809629700486 -0.12421680386462853607 -0.96796255903850991764 0.21821702485662439197 -0.49666763206825093047 0.2510412037478977898 0.83084269105321695292
-4.1479805034400465402 8.6895845360273877844 -8.8982410437236474365 -0.94901011519393241311 -0.0089923860546591294352 0.31511734045045292074 -0.096659132316877213742 -0.94314596313273857398 -0.31801368581530942148 0.30006134939254452965 -0.33225717331481013916 0.89418586288389234618
-5.1278213528931555487 -5.222818932991284413 8.8453445498667271352 -0.54497438717805601893 0.013257695330912477871 -0.83834786982159170687 0.82166727626987789979 0.20751335302436649255 -0.53084940936582525328 0.16693053773157176534 -0.97814234231590646562 -0.12398287680800611221
-3.1749301733597112829 -3.8468593227188576655 -7.7746230463420751278 0.20677751309914971234 -0.0029275065604089725579 0.97838361074857105315 -0.46209817039107925485 -0.88172311700993410977 0.095024343468423574932 0.8623852625119345916 -0.47175817389380492184 -0.18367330880266832804
5.0714746192114281698 4.1028614812757036034 1.7375145982696851288 -0.75050463546664802905 -0.0059246782598501249867 0.66083862654257885527 -0.31716286562324874643 -0.87404758004161398066 -0.368033346985264187 0.57978488149720464051 -0.48580420542750141211 0.65409767250486106072
-5.1096102645521259689 -3.8294929144039810964 7.0308919284304023378 -0.98777188273824345632 -0.0021496641485212100026 -0.15589126536038561133 -0.095066615353629715934 -0.78419945135219348842 0.61318313670854407427 -0.12356798257169741839 0.62050511637105520979 0.77440580720980889406
7.7422937337899169208 2.8775759360870210024 -1.8102232339787576176 0.79784242351720136011 0.00091085910126876244719 -0.60286535608862756863 -0.57019432501074673869 -0.32359170971891543234 -0.75509392602947544848 -0.1957700154819758398 0.94619637271376211274 -0.25765582722183966169
8.3096587786771731743 0.60891105756755015133 6.5116390868766416133 -0.41536204074614158088 0.0027944176016705991883 0.90965189294441362033 -0.58580521407354946284 -0.76585595826124719387 -0.26513563012155388909 0.69592142248365240764 -0.64300609828058363782 0.31974447814241230281
7.4659169057231595801 5.0623777981811617366 9.2215003563454516211 0.75986580352903354552 -0.0033197126789253090379 -0.65007148848039297828 0.17098211420003855965 0.96579920330558055586 0.19492823171099984969 0.62719141994362526127 -0.25926989490107321679 0.73444539915996009949
-7.3847057519029775108 8.5691906882136947843 4.6612127278074542147 -0.99297424949513490855 0.0048712074366946602616 0.11823033103949173728 0.073318944511302205913 0.80957156483506609312 0.58242442753231382646 -0.092878803907977897092 0.58700098189735328003 -0.80424086879228884328
-2.8546523595375705717 6.1522088646797374878 -2.4281932437363829003 -0.19699886111501954677 -0.0082528412374598889012 -0.9803689812161768824 -0.10684596923210121222 -0.99382782357885435243 0.029836151550361827284 -0.97456420392818932097 0.11062616187862010786 0.19490116656853370691
4.818115148805177661 1.8120409276818114641 -8.4699047489489078799 0.26544627564486689142 -0.00099748827478074453268 -0.96412513698358315306 -0.38455328219712514581 -0.91711992331675340484 -0.10492768655806905542 -0.88411370756110596592 0.3986101494846992499 -0.24382965535409095725
2.5903898462762082744 -1.4164864255523061942 -8.5954563426929482262 -0.3410933216486333186 -0.0014975299426017016011 -0.94002824602820111988 0.21580738561308948631 0.97316495910990175044 -0.079856963849362971875 0.91492213780267905854 -0.23010371523373113201 -0.3316168903931707157
0.10066978632664375093 -8.4773380204124677562 -6.9234252458168903388 -0.57866770962326452565 0.0057645566502360599814 -0.81554304100159291657 0.76773488143122137206 -0.33355846205159972451 -0.54710319339911839265 -0.27518508984530426487 -0.94271179173714714228 0.18859386004473421838
3.1934629078216283382 4.0508244826808796901 -6.0651617768178640588 -0.023919763635213014269 0.010558101981428749325 0.99965812725660030402 -0.093846753139319324943 0.99550488422708505176 -0.012759796470332006313 -0.99529926747341390669 -0.094119880807886593943 -0.022821397938092922997
1.1530192209603333797 -5.1417800405141091957 0.51745448013268457998 0.94269546328944409108 0.0014505963744591899613 -0.33365125395212658077 -0.034644112694134608643 0.99501096946409062216 -0.093557234363155869494 0.331850943872694093 0.09975503203421885734 0.93804258146131502816
7.5485545783782059814 0.55531930306229149163 8.751223105085795595 -0.86665759133632469524 0.009001812386498282692 -0.49882219953922296574 0.10053229645306419049 0.98247873133021035308 -0.15693565513880974871 0.48866949643824292293 -0.18615721811886654091 -0.85237762370517666799
-7.5188413412428767302 1.9445268935824882028 -4.5827909272293458898 -0.82410183257831015613 -0.00036843184921956317023 -0.56644155373632332218 -0.082376873759819252419 -0.98929057303901191123 0.12049154644907741907 -0.56041968221200233469 0.14595898860329215019 0.81524582392984545898
-8.5237511108177557162 -8.3223104165299819357 2.3690098819018148291 -0.39851194867239048136 -0.011804378727648124833 0.91708717328747391129 -0.90598202073473099727 0.16072427023458801809 -0.39161752650107795048 -0.14277536506899554669 -0.98692875406504143587 -0.074745097023343365361
0.74189918694517631437 -6.1779464276610474016 3.668261857710597873 0.50813676284342323974 0.013647102119254961305 -0.86116826860421535894 0.71512404448589295125 0.5505506777306277133 0.43068730216734640859 0.47999440751426697416 -0.83469018674829953408 0.26999566830031213049
-8.0558985620615892742 -0.53357858454239148749 5.3963544550147632961 0.4976114488088751453 0.0023390032089856101563 0.86739689593527580236 0.72837175309255874911 0.54189341358761278222 -0.41931625011075168707 -0.47101744692862085317 0.84044396444625146803 0.26794870276751248106
-4.9594791764193226768 -8.5929101130304843537 -4.3352601461977808839 -0.70371951943157118325 0.0011176822277357278956 0.71047701493935622175 -0.56359145495507123602 -0.60976458118810350495 -0.55727177160705088088 0.43260086670316366675 -0.79258179787011617812 0.42973315419291435724
4.8989709881662637514 4.2227977002591785549 -0.18791249798782047598 0.29544434130328739441 0.0046281125261614141156 -0.95534874353089926924 -0.77391097969498146014 -0.58516321285249528472 -0.24216896958860645306 -0.56015572540090430298 0.81090233376051756853 -0.16930141287705835484
