1125 17.292696884352682929 17.968806560800352656 18.477561601407678893
7.4682423289752151163 5.5094084092661130825 -2.1915504003657599874 0.49014014291645230381 0.0076704275572330379851 -0.87160989257979737399 -0.72585424006577226042 -0.55004805478846829914 -0.41301665777798945989 -0.48259534030151118866 0.83509777988253353076 -0.26403301981936960763
1.8551453849796002427 -0.24776964051519353993 2.4573226954211127016 0.74834644012302498073 -0.0081623573068018342308 -0.66325785444163665172 0.65315086632692409552 0.1833859836737037341 0.73468600558891317132 0.11563542438020740777 -0.98300709911736616764 0.14256749879698898953
-5.5758849963705765518 8.6373440534232379662 5.3828831285194320699 0.66705014504641380046 -0.0027387881890064379176 -0.74500778722970073531 0.38311707166598901741 0.85890019809742035317 0.33987020920682703418 0.63895650352099830904 -0.51213567416035954416 0.57397877823232457128
8.3187276730330612651 2.1356081099457395744 -6.1275032843363499424 0.68693484904268664604 -0.0037570668813443662895 -0.72670929374780723897 -0.64317640839984258072 0.46236296904256335427 -0.61036431132258250898 0.33829664622771465909 0.88668278956262236434 0.31519677955941999281
-5.4004994331282762943 4.5362458244438812471 8.2705079274253154864 -0.79755819380941317398 -0.0061741377382864854467 -0.6032104172763500527 -0.54998694823089777639 -0.40335150945753533991 0.73131519647458742561 -0.24782107308202003249 0.91502428374430255786 0.31830060618036304376
-7.3514037838780552647 5.5499164143358168388 -4.440541526056779098 -0.15344005286136791488 -0.0024204486218147155605 0.9881549937160903907 -0.89671162645584467921 -0.41980095978302933712 -0.14026907408334343685 0.41516792886335829316 -0.90761296574780847557 0.062243837039842611625
-3.2474632360613053805 0.90190540298321009161 -5.8200428695097992104 0.65777382970572595422 0.0061768760711060763033 -0.75319017197269988451 -0.50176446145253628117 0.74937431675301224843 -0.43205388392421634203 0.56175262721014795897 0.66211779887955479751 0.49601815110913255458
-0.80936601920308026692 -3.4390134794860265366 3.2835141084803098899 0.89252256568588217434 0.0009734822218207608846 -0.45100168744030760815 -0.36927023422819060805 -0.57253435120330120611 -0.73201360015047522989 -0.25892656073627240421 0.81988015528154556399 -0.5106403500711010901
7.2010710726398645676 -3.3565187584562696799 5.2501116775248215518 -0.88897236702459592195 -0.0079960906014623685939 0.45789102764935762924 -0.30649125567253920899 -0.73253425042811992629 -0.60782948443294659846 0.34028112034466567737 -0.68068321154925537364 0.64875197468080270102
5.4425972708199124028 -5.6083162509894757264 2.035635311561793781 -0.91231140725926662682 -0.0071365314987388728946 -0.40943493512757228592 -0.39503931177157664001 -0.2479962508149834155 0.88455740443279951002 -0.10785100064357588945 0.96873470542767292635 0.2234305980843704631
-2.5554586463348538672 4.0661378267780285967 5.4791983993643569306 -0.89065111513627048812 -0.0018573801178431888215 -0.45468356166217710479 0.43586903718102615324 0.28122354551207257023 -0.85494531981665278231 0.12945568173546279089 -0.95964048871902718485 -0.2496624899292770039
-3.5294740902024321905 5.5093475358214201165 0.12493888895287330598 -0.97573526128464993512 -0.0035034960513151327394 -0.21892561613663619191 -0.14389430933597086026 -0.74336721023361373994 0.65322248774080915457 -0.16503068692253172745 0.66887436508294473292 0.72482546596321273391
4.0104138744400827932 2.2487647179787937368 1.3484050123860356063 -0.73315950764818604846 0.00091816924220748403346 0.68005609570868708058 -0.67500792321362956816 -0.12260902219582775485 -0.72755160042120614605 0.082712997431487841893 -0.99245462598637768092 0.090511741859759256568
-4.3070139263775075733 4.3256744965009765735 -6.0936433918361005979 -0.67692219173597334425 -0.0071339166171347353704 0.73602000894626462557 0.29844041683654765063 0.9114098776987897832 0.28331140540274085682 -0.67283702628033048576 0.411437895759032779 -0.61482452293297606971
6.8899782285266937265 3.1061113589186213346 -0.60408728695048419244 -0.99979094764733889011 -0.0032816729651309302709 0.020181467361761750573 0.009608958443890060902 -0.94665901367794558219 0.32209374371490062661 0.018047961656100102584 0.32222033214104767174 0.94649264584295045299
-6.1824422647923515939 5.1198959074337535569 3.4298570260517093899 -0.99713546205991798743 -0.0070092955000154149453 0.075310955902353982072 0.053966902933416008303 -0.76356770319024891425 0.64346867525337947402 0.052994751533679808342 0.64568973386685291072 0.76175870450466431905
-3.3895873285074569203 1.9407181398629023139 -3.2932528677581474064 -0.12045563988514310094 -0.0063420563933227983716 0.9926984522705959435 0.29550427882964136472 0.95441974170373367059 0.041954473410158302227 -0.94771707804220417515 0.29840029317427235744 -0.11309113590517755332
5.0368255191880431099 8.7466286174256939745 -4.4163237299514133127 -0.3726017619399131231 -0.0021509255825513783761 -0.92798884719514385111 0.75616262213395069036 0.57898344294058790016 -0.30495288437433887285 0.53794610872002712743 -0.81533646203247323037 -0.2141038014450290794
-8.1242783904231341552 -3.4230951460026766142 7.9038627944804096259 -0.32349875599784783109 0.0058897579381974552934 0.94621026501463434411 -0.037495147714091833779 0.99911543836026506238 -0.019038243815129245184 -0.94548541435891930718 -0.041637141845902433945 -0.32299176406408564022
0.81069211140053720754 6.5480051055040853214 4.4318696252973523997 -0.68774903847712931526 -0.0012085561210799997123 0.72594751839637561286 -0.72580157049892679577 -0.018975366437655152158 -0.68764236033716163998 0.014606174559787087758 -0.99981922108992393738 0.012173118091546123246
4.9564399219432031529 -6.8494071662896409691 -7.5734492155706725214 0.59718053589264963321 0.0034092143566984379685 -0.80209961027798892808 -0.21814115156751287539 -0.96160951182226883649 -0.16649800228707423155 -0.77187424205214483219 0.27440029888876871222 -0.57351079364396073679
-3.9675281357333775922 1.1956079345487140575 0.21106719938963336425 -0.35638950924692286426 -0.00097526482381819941392 0.93433696627994466954 -0.52060305048142341278 0.83059217730581791361 -0.19770963261317323068 -0.77586015590971024736 -0.55688031376332769451 -0.29652206429669897281
-6.2350542417189034339 8.7143940464815425884 7.346653730258259074 0.99222628289018277581 0.0025372435489144033044 -0.12442092242589013196 0.1062478896806561407 -0.53782724088978173249 0.83633321403335003641 -0.064794980365084908769 -0.84305125665776281529 -0.53391590083789153276
-7.5206069388594647407 -5.8763091200832793248 -9.1682723643008880998 -0.056411034344901619941 0.0056739230874106594271 0.99839150727609116132 -0.01607589106288954614 0.99984905396064083227 -0.00659052508584956169 -0.99827819816459961721 -0.01642181144608848356 -0.056311305953173615424
4.8688803297633116429 -3.7132393965618151199 4.1674994952190749231 -0.90272110484657275276 0.0046073962338276253786 -0.43020155597637543821 -0.023194575050934661264 0.99796720412672268452 0.059358834014831801662 0.42960053369713485649 0.063562814501417541635 -0.90077919051236321479
-8.3376794213494704877 -6.9665020898874221444 -1.677250371542967855 0.46376460526644991411 -0.0037945142478561094679 0.88595033301174030971 -0.84197645781141616794 -0.31304772973152478199 0.43940501066972975641 0.27567741183058386278 -0.94972981451143978493 -0.14837534847387007231
-8.037462893089063698 -6.8575254505637301961 3.8275840111083239137 0.12554772964404786739 0.00968037937024112706 0.99204035091140585489 -0.1387312678389222842 -0.98995598901817327686 0.027217184478910354251 0.98233975940348194911 -0.14104407134771468346 -0.12294375556554158757
-7.9063009366133201183 7.5716809463421270721 1.0754223336480845941 -0.93589704885163682579 -0.00362734491278423948 -0.35225495925515493134 0.28176094499361148404 0.59247957879200252584 -0.75470439152726698229 0.21144144302214462616 -0.80557730298419993886 -0.55347784516576581382
4.3263841155813596018 -2.5133117941870914969 7.1933704219488472376 0.99052782309006137673 -0.004660253434315184129 -0.13723306351514860668 -0.13580666941196514741 0.1143409090180280141 -0.98411518892238103451 0.020277579418612256407 0.99343064104279776849 0.1126249582023580581
-3.6539146517879292908 -4.5685626095914129152 2.3649336054842979848 -0.80144343669900708349 0.0015377296061278951031 -0.59806860238602455038 -0.4653141202835443524 -0.62983392951986971742 0.6219260331344385051 -0.3757275438892418995 0.77672830295619699204 0.50549179632292828845
3.9886661341616971299 -7.0295066062103757076 6.9966952648027627149 -0.90335800339649363622 -0.0066178902743275576023 -0.42883624057163349796 0.23718908729811333247 0.82535094285881593912 -0.5123837994988261757 0.35733129525124801562 -0.5645812825895354381 -0.7440176884884752706
5.6734025970019947849 6.6424939549298587238 9.1021952644813755029 -0.93036302967477402248 0.0053934973835784308718 -0.36659997708714014975 -0.35264604359192008864 0.26044434853250830741 0.89878223683857294546 0.10032647184724802214 0.96547379638361230381 -0.24040579764882960556
-2.9421955189660136121 4.5142026692060621684 1.7195553999680739388 -0.9647825712496381767 -0.0042782803377816635074 0.26301385235370744464 -0.096972672788265823485 -0.92366100285256824698 -0.37073798367744426052 0.24452175965504144295 -0.38318670139541055608 0.89071716101611586591
-0.90203852111753946019 -0.30862845309681297135 7.2301542740747031246 -0.85341915616481811568 -0.013821163838185752601 0.52104195543262943335 -0.36174146925067218739 -0.70399561196434623511 -0.61117369688118083904 0.37525838207223177756 -0.71006982316175459857 0.59580365299274118396
0.95705079593199238186 7.5900540299190293325 -7.5845033968087056664 0.93970748137890314222 -0.0039867949344887156776 0.34195607160275509617 0.32302625339116669556 -0.31791579896414418061 -0.89139418014051818862 0.11226704351624647304 0.94811056857028686018 -0.29746001530435695059
6.6747138113994974873 -6.7017798046406804602 1.7389432945802854036 0.45753841388103416721 0.0077623445792573027291 0.889155973848291592 0.85222755929651161644 -0.28914002098668922791 -0.43601173773110818432 0.2537061035899584871 0.95725534434145753693 -0.1389079505668575909
2.060149338405496966 7.9236831123487583284 -3.5025474669166167807 -0.45761649760015277177 -0.0016223974696682147249 0.88914819290774460558 0.26097238173837378206 -0.95620015889513410023 0.13256949912658141932 0.8499885629196771708 0.29270911150022910219 0.4379963686501197051
6.8150665085058044212 -8.1025883055214631412 -1.3340713500169887329 -0.16883910604247892584 0.0023654831510648960911 -0.98564078687933365241 0.97315128391473448843 -0.15830662404293094347 -0.16707959599926150429 -0.15642868945920768153 -0.98738716685679139839 0.024426375918480208727
2.667194613616193255 -6.9864908476421199168 2.2656702085584559114 -0.72691221585701559782 0.0064977048698844266233 0.68669965069850047445 0.41429668920696205436 0.80163653317977356938 0.43097229839417555697 -0.5476831965196810037 0.59777642016281073989 -0.58541136626080059191
-7.8635677749841237372 6.4788821709185233644 1.8639085337739849102 0.36485562444101621304 0.0042005013872225523477 0.93105463271600175101 -0.48052100044650430943 0.85736990979542859748 0.18443537054172012835 -0.79748350543661550294 -0.51468358587103846258 0.31483466294443690492
2.6861395070746203473 -2.1684723387951918561 -1.821801916990236192 0.16216321008247305824 -0.007390782167813602678 0.98673627157137389077 -0.061341686679265088056 0.99796241726474821387 0.017555944947690110824 -0.98485546694471348683 -0.063374995594354763262 0.16137942608136063294
-8.5493200745587270006 2.090609221409066798 -4.0007426570474393657 0.2482943185000044406 0.0016854460709183843956 -0.96868317352587451907 0.8660556639129530776 -0.44834623608197954336 0.22120858843070673183 -0.43393261965993673579 -0.89385838467988731892 -0.1127815132559408795
-3.8172286482536676999 7.7161457467084773043 -0.27902889241439382539 0.34219690590353607496 0.0062629130309601859644 -0.93960739328217690591 0.38469019270575555147 0.91139788826628431728 0.14617573293695593217 0.85727167993935238233 -0.41147863271871110147 0.30946825619111967276
-1.4688383017778332551 -2.5911920348067782882 -6.9475567888310783005 0.35636441849738847987 -0.0058991008275577350162 0.93432842289964557203 0.6904965974241223936 0.6753381515003304969 -0.25910003873775089289 -0.62945917276240714866 0.73748463152635757023 0.24473979669774728607
3.8754829305174118836 4.3378007149877513271 -8.6089242676550803424 0.55198838379755810202 0.003385220201510527431 0.83384492829096124034 0.80540054922863268949 -0.26115336000092870261 -0.53209856028962099206 0.21596013394755184112 0.96529138753244247972 -0.14688007931976446163
1.8290930016491562249 8.8354948681923062281 8.1786261301445879468 -0.56769617352797430154 0.0061401494504232526431 0.82321525321535515829 0.14006437863904053209 0.98611317273837251207 0.089234412577533006594 -0.81123549256564031484 0.16596116749502962118 -0.56067269104650296896
-1.2621917894462937326 -5.9544669913811940631 -5.7497571188832381495 0.97481211083803454009 0.0062602709966368269567 0.22293980705767876827 -0.097435640571516088371 0.91112090574914872398 0.40045597892096412851 -0.20061815598359969415 -0.41209162101911694931 0.88878166687636850352
-3.495608342963955284 5.4938120855206999948 -7.0142428698278678212 -0.41545777269424361 0.0041911957472695474461 0.909602810564250297 0.70126466724863589786 0.63836614909828326425 0.3173586711499751245 -0.57932953107582008112 0.76972143894003697273 -0.26815331595878733051
-7.6747605447995121963 8.8464078777302663781 -3.6863829373298346859 0.24793779809865845731 0.00015380202880873987403 -0.96877594139145861707 -0.16510316462868160348 -0.98536401522967409505 -0.042411113165175519379 -0.95460347438274661958 0.17046329175293797875 -0.24428359106003860735
-6.4712885241094904032 0.66450514073761390854 -6.7640957168442668035 0.2070389660793527653 -0.0093838256205096715751 0.97828769303363438681 -0.095086715111862327166 -0.99541281665019676339 0.010575493248395330392 0.97370086943268241431 -0.095211702353075994276 -0.206981517534886722
-5.425512710633378255 -8.2922480535953422276 -6.154597393478907108 0.95451013881824775531 0.0022649918331306547956 0.29816985881413327064 -0.23550643408802138246 0.61905141098757499041 0.74920762813626140542 -0.1828855226537061951 -0.78534719733777025308 0.59142426838716866122
2.435729051130459677 2.0699665781017930755 -3.0541080062632395276 0.0057684032789470859881 0.0032219547408943822672 -0.99997817202742123044 -0.40939540544070446293 0.91235687528936748603 0.00057802737759016621991 0.91233882276694133751 0.40938313487398853008 0.0065818958584713095974
-1.4440876569491176706 -5.6899712014521179881 -2.9782693820827539355 0.90260304729750417962 0.0049966474504894008851 0.43044485421887201948 -0.4296802564261045787 0.071146807569432313212 0.90017387709842355825 -0.026126925704402087502 -0.9974533399048618465 0.066364286075451778268
-4.8279761160654830476 -3.3425389551566566659 -2.777101415709483323 0.93716306255167591832 0.014807856310282068585 0.3485772820772455316 0.1780053846160107589 -0.87957295393295109598 -0.44120913607641248921 0.30006578818082568771 0.47553353835559303286 -0.82693916140319201347
-2.2561192318494098785 7.7412556229144051656 -0.2316432915688497185 0.42062681929507683698 0.0057099719828239466762 -0.90721578199985630775 0.0013607425262760694529 -0.99998303958993961515 -0.0056629419819555753407 -0.90723273048866404089 0.0011474981784397510903 -0.4206274550934687162
1.7503858462236174809 -0.049287680573250128302 8.272269633131079658 -0.68581365613729283748 0.0029635706896002397652 0.72777114967864098283 0.45233507922317955918 0.78511990580969481801 0.42305993618518783483 -0.57013384845988512861 0.61933670224650283487 -0.53978648009207108593
7.1769099865010783645 -3.7031616901533337405 -5.8100830974613426605 0.77032330381700697686 -0.010859618734999677142 0.63756103729556312665 -0.24014593506111692189 0.92129727978148889811 0.3058451440535231991 -0.59070461101135052218 -0.38870733328353584968 0.70708887106327256156
3.7139751370291431698 -7.9370904617538382553 5.619676103716282789 -0.75611297671682808907 0.00094108346020995272199 -0.65444043334917534338 0.4469897248162708614 0.73115103461091068837 -0.51538175219547699424 0.47800978269196703341 -0.6822149800093105787 -0.55325343984636798922
-5.0006038702534656437 -4.6367343714065158977 0.14642032676391486534 0.98468386192060297635 -0.0038501529316034843742 0.17430682257296384319 -0.10260406312650552363 -0.82109896321395370311 0.56148811103960449831 0.14096133619893502775 -0.57077286982767994061 -0.80891793945082313133
7.4986023458240680384 -5.7219553569754753042 -7.996441869843621042 -0.086686664357371490119 0.0008697963225216646943 -0.99623524615266234594 -0.99557781215626572902 0.036258393776636178851 0.086661114827142865513 0.036197267368260094278 0.99934206973151373798 -0.0022771692916296448067
-2.0814508403146390059 3.1539192251565939529 7.2642745078176025331 -0.45237784533057878722 -0.0041712223317559998792 -0.89181662126173155691 -0.53786794666523241037 -0.79637445376760718219 0.27656066483915436871 -0.71137357063948192248 0.60478949254325442553 0.35801859268110264312
-5.8344108508630014853 8.66659972835643444 3.4732440711211403084 0.99901410765706255557 -0.0035098387700289550295 0.044254872431976233216 0.040509859839915368651 -0.33569867522762225631 -0.94109794958126569142 0.018159404117741220069 0.94196288699820263091 -0.33522552939761590673
2.1418716064117551134 4.1571940937691413964 7.3107033439028281663 0.31991892308635244691 0.0040178229828815798311 0.94743640406591678182 0.8574884754117265695 0.42406574760930720869 -0.29134473779463510024 -0.40294589858602447574 0.90562249243443493363 0.13222142038901191219
-7.3996094545889938843 -8.3038736305716742692 7.3731630546783328839 0.98651712392565005239 -0.0015832451930868941814 -0.16365041257448262324 0.15586008904896100913 0.31407579651889266925 0.93651696550709684352 0.049915897696012109797 -0.94939659119651820252 0.31008791621336245781
-6.7879262450275650309 6.9866124878562105849 -4.046616918038011157 -0.58644003928126164915 -0.00020987482802750645483 0.80999261495423569013 -0.43470039288133321964 0.84387245070132888003 -0.31450732165719974542 -0.6834644458613935436 -0.53654379401835461394 -0.49497182580782839167
3.6559385793042942225 6.5604501345404155899 -5.7116629351192802488 0.61795964367734002032 0.0054990752530237451551 0.78619058691745669076 0.16330927634995401343 0.97726719162891539927 -0.13519954298654698888 -0.76906173942285394052 0.2119400772319717241 0.60301363551630149384
1.8459898456359260521 -4.6026974610081765604 0.69850023542504580121 0.63817240464379076936 -0.0020035191872013816128 0.76989088049022769145 -0.54501359980614549894 0.70512682025908057781 0.45360372945736282535 -0.54377951228176990561 -0.70907838301735670594 0.44890053325906065229
-2.2080491798327690489 -8.206498436206807412 -5.1953267466914132555 0.78300755912693331684 0.0076656943115650235873 -0.62196495036374466192 -0.49418544510005490977 -0.59955812485849269144 -0.62953220788744457259 -0.37772994083266386856 0.80029450332184681738 -0.46567026934479860412
7.4713716234636207147 -1.4134277923882279104 -4.0810126204697700913 0.9118137079757607788 0.0028248466890637797741 -0.41059442542291957334 0.24437351275193866518 -0.8073246163950299481 0.53712991913263941068 -0.32996567732494358482 -0.59010082528619445252 -0.73681996972378538402
5.498323615809703746 1.9408253485879320976 -6.939919451895685043 -0.57712377099785439061 0.010098622436248556183 -0.81659425100457017077 -0.35490833521533970973 -0.9036624976035690926 0.23965425933880979414 -0.73550542251135020422 0.42812627605582864732 0.52510919360327601435
-8.2927924195871298707 -3.5339675258284786175 2.9250362499066313582 0.65915695560740794612 0.00079926279781100673105 -0.75200496610971145905 -0.53811465426301197112 0.69903901653315059228 -0.47093213123779353868 0.52530441340448441601 0.71508308226637262717 0.4612065250128974947
2.470127243996151023 -1.2602669498195628872 3.0309110252724207335 0.42899594884196262656 0.0061325703161575970124 0.90328559573275724048 0.85558081677737196635 -0.32349596627769472423 -0.40414332329530905374 0.28973080926845240501 0.94620967622565399502 -0.14402536851992592259
2.3096533345381167202 8.7588807714939402871 3.0970412375986584586 -0.84792148343787243636 -0.006680845405100206344 -0.53007973384092621494 -0.51749590144847990025 0.22736306817979531902 0.82492667990059687089 0.11500934704703549838 0.97378714385250353391 -0.19624334016538627634
8.3267263624156946378 4.2606140749732119843 -8.4727116997045968105 -0.47009577364104215835 0.0019657155697543511608 0.88261322195376856747 -0.13533605405966475654 0.98801123755159525608 -0.074282884593986048261 -0.87217780072452599782 -0.15436946082173114148 -0.46419387489409846825
8.062732664486370382 6.490689870675153017 -6.4466013944428670612 -0.16976329817738336492 -0.0079513816270005924919 -0.98545278837820626805 -0.47300896460630076357 -0.87659568987163483111 0.088557980444198880488 -0.86454782516294703676 0.48116189793913188844 0.14505270069014716827
-7.0200149197604027052 -5.7951135620034355256 -5.5490968572393928326 -0.92848996984989162762 -0.0095637773964267445981 0.37123430613287317081 0.2984966651167802465 0.57548366154696950492 0.76139234052277859899 -0.2209210646413163337 0.81775735365360713303 -0.53147605189999147512
0.080861557586475146797 6.6059797278072789339 -7.1715508240479355351 -0.95977075807544365293 0.0023545183234867156016 -0.28077490661804177519 0.26765969962818930705 0.30982602779307683027 -0.91234100954460706223 0.084843250397188291201 -0.95079034952278773662 -0.29799217123377952365
0.38712823692322867464 -8.0241431664518181321 8.7693818259187263919 0.76781996123523299502 -0.0046848511635350330307 0.64064854584883135225 0.5240369479528679264 0.57985659254016885811 -0.62382017382256715887 -0.36856177814454232911 0.81470509035942373366 0.44768050151157073868
-1.3757692844628619522 8.7577733377533277803 -3.9310369939393678962 0.98555417079471285824 0.0054945989737209188428 0.16927133783246270382 -0.130321368765884682 -0.61371737153505900864 0.77869591543747740392 0.10816338230845011503 -0.78950667967934773372 -0.60413565154626103215
4.5311385325812247871 5.4476957034507531574 7.870352912442424298 -0.83001469026723673217 -0.0088342869631621613602 -0.55767156043162557921 0.0097814855131174126279 -0.9999513379900774046 0.0012822608344924945473 -0.55765575087292207357 -0.0043905609598868505089 0.83006071253421764844
-0.44733672236716021109 -1.3447941937051521855 5.3988818255748096675 0.96285244326774999113 -0.010540764560027213181 -0.26982228369020677672 -0.255397501064210386 -0.35999831317265684749 -0.89731451061670941538 -0.08767718599207613428 0.93289340591273706149 -0.34931734033855371679
2.2892276061217673444 1.8575483417773765993 -6.4629524552970343265 -0.78838085217052422671 0.014461372730209394802 -0.61501747993822741822 0.54679709189878700215 -0.44163804566311659627 -0.71131482264463441467 -0.28190170666729813531 -0.89707675553519783396 0.34027154223712413605
8.1030587107387574974 2.2371969559220530321 4.7612510151569091832 0.98742136716381889716 -0.0039995120191241365082 -0.15806026563291836196 0.13119214479831323161 0.57868480823798684742 0.80493012979865474765 0.088247746779289773511 -0.81554147449303193707 0.57193044906720025278
5.643078557222624525 -4.6080599873338234929 7.263896476389904322 0.98973447399212555187 0.0012521063546965189098 -0.14291292181313422494 -0.10282423064442293426 -0.68826762562309706794 -0.71813289376757905025 -0.09926151612691988535 0.72545579310409469276 -0.68107344953935189391
-0.90478069173341935105 2.0151659653000031369 1.9757691712761928926 -0.4211561180161759177 -0.017264249554258530306 -0.90682383622445505988 0.25597612935051489158 -0.96143647015626942931 -0.10057899908171130665 -0.87011708721317237991 -0.27448471640649235725 0.40933408726722636528
4.6995692374880739806 0.80096504113579414241 -7.7893706450060911095 -0.61672088516495049415 -0.004556669458202241077 -0.78716871543825805979 0.78527577205182064191 -0.073109124857295468281 -0.61481462058950109295 -0.054747708896752726726 -0.99731353777319375897 0.048666166322359011298
-5.9239555887613537521 -7.0744856891390597298 -6.1631735268855400989 0.87868984565904706407 -0.0065532620902165501786 -0.47734810138052002904 -0.049603489659593519301 0.99324022816341162034 -0.10494447566036618769 0.47480906578265852369 0.11589177673151852821 0.87242503811890959042
-0.86704022843283823363 8.6873394851781089443 -5.051613030418818262 0.96211418664204317874 0.002292744074990470636 0.27263718599422698263 0.26402514043994113058 -0.25731420915513836256 -0.92955910139308695062 0.068022180778307253513 0.96632507009380830265 -0.24817099312909238207
2.0314324844313911278 -5.6334658767709022698 -3.2003620819870279846 -0.24691455000121123597 -0.0058276159018626465941 -0.96901973348866432545 0.76003766060127464499 -0.62150680402107560951 -0.18992642529011213859 -0.60114553933740189073 -0.78338708915102750474 0.1578882803945821367
-1.8242539480525841178 7.7296250457132966716 5.3757683588983598 -0.22789805915393218649 0.011800042869441151189 0.97361349293367394075 -0.88928200425335179879 0.40469943214822157174 -0.21306310457274729719 -0.39653498148986854321 -0.91437362637336205839 -0.08173664935410984711
-0.48288001092776700052 -2.3290438193937852418 4.6684270988045639683 -0.9359049278331941224 0.0052390684541498509091 0.35221373939581285262 -0.34924376082161540102 -0.14421274742525719281 -0.92586795981237146602 0.045943025418186400621 -0.98953283707104333633 0.13679913294183512762
1.5996412308318348483 -4.6986152778709513456 -2.0160962044343877508 -0.25903694236953589414 -0.0038254453156073039803 -0.9658598389290645736 -0.24547491016104158734 0.9674180528932491141 0.062003059744541871856 0.93415305543003424038 0.25315544020300789763 -0.25153606525984090192
4.5170284330506413895 -1.2396821956578916168 -6.6855257738035529513 0.94637172550616366351 -0.00080931856028590345303 -0.32307878631339131958 -0.2892909257695780445 0.44310570742428245783 -0.84850933543220907751 0.14384476851691299637 0.89646900507024396276 0.41910858440126674829
-3.3041080972438323649 4.4727742959826040092 -0.42540535481095148596 0.90722607046722936186 0.0025757184896008232695 0.42063549866729860183 0.39778364524284504089 0.31991141053514804415 -0.85989816896344750674 -0.1367809513128244725 0.94744395880924647813 0.28920739318756871761
-7.2237310522603248586 -1.2852316431214769743 -7.667370057899011826 0.91096358930930620978 -0.0028496806539408899885 -0.41247693059452061881 0.37026208535399490751 -0.43508227389065040613 0.82073710961268353525 -0.18180023955370552824 -0.90038619173456357903 -0.39528898116664440421
-3.9424022182588518426 5.5333676622793870337 -2.6688946201587264717 -0.13199707437957941547 0.0091931075321853347043 0.99120747531976693967 -0.88799288199188541881 0.44327849810704311739 -0.12236345307361504164 -0.44050586135416913702 -0.89633680047727648521 -0.050348050833427242245
-2.9756498231319050696 -6.1562084203240434732 6.0511962021774756693 0.76452523365116731302 -0.0022922181719727870858 0.64458972443453732559 0.58718373484804187168 -0.41006839989554338954 -0.69789624510901782095 0.26592560734297054914 0.91205189169427780538 -0.31216168601572591434
1.4448474715772883226 2.9432423100800328974 -6.5566975893743189019 -0.78755324202229248787 -0.0071022987541315080531 -0.61620568670907449604 0.60541373169920997821 -0.19558249355655418777 -0.77150612550020603031 -0.11503957775636659833 -0.98066153466238203951 0.15833145607561777135
-8.0685578939648383567 -1.4335482575691671503 4.9434818445998347514 -0.99806781685972778551 -0.0069310651861932571355 -0.061746200562820950652 0.054373898967441193497 -0.57833878964613116835 -0.81398263095827483316 -0.030068456223143778111 -0.81576724911337594737 0.5775982022256306303
6.5031452038834487439 2.1398415809701063495 7.6832989762950338886 0.97191452796330690678 -0.0058813349065227234214 -0.23526062193530131172 -0.23320039419088270383 -0.15838291041173127582 -0.95944381275750634241 -0.031618451620635694421 0.98736025015641215585 -0.15530618122870520903
7.0322730267473607668 2.0399510456995395558 -1.1456146956180996987 -0.93544897846477315095 -0.0065742750497629317066 0.3534006049746076239 -0.01543253255186807435 0.99963323687961758157 -0.022253733728955178706 -0.35312468849932326931 -0.026271098824015317458 -0.93520734799209037647
6.8313446380525979507 0.84776469802564224931 7.5447791074356755914 -0.99448781134003072513 0.0017669779943732815027 0.10483735443605504689 0.05995670610014997709 -0.81067872382646821716 0.58241325545410360665 0.086018524109529509447 0.58548858616006205224 0.80610416757778458052
-3.6761928265680916539 8.9627527088747385164 -4.7648204165711964819 0.31791541634855879916 -0.014226779572065605117 -0.94801233472513302125 -0.16665389868197647005 -0.98515837107696713204 -0.041103064980665418582 -0.93335752319355191897 0.17105724959713630717 -0.31556798199162294782
3.3102545339066318242 -2.4124042672244287999 0.11342008149583940324 0.90163814293230226671 0.0056138603649375359503 -0.43245478813569210308 -0.42731764625929113954 0.16576288422145418755 -0.8887757284096514665 0.066695490141790506056 0.98614965942608601157 0.1518570406943402229
3.4875371023142074378 -7.9841892143910762059 1.0782726716529720257 0.50856804356442386617 0.00094490752740174991514 0.8610212844146789557 0.78817832076750349302 0.40203705041077225646 -0.46598406063862946036 -0.34660276937356826465 0.91562291214583813037 0.2037184405393727693
-3.2939429805047111266 4.3442473566197996604 -4.8782573309782986115 -0.31033476816030203249 -0.0023200387156255102006 0.95062450478165549939 0.93093295580835244696 0.20175532746629687431 0.30439878388239133278 -0.19249977522316200074 0.979433206124524669 -0.060451892275140022004
-5.8452310228191137753 -7.0257857781620263182 -8.3073090288814004367 -0.99968430439863420478 0.0023856720292824264498 0.025011999278577529138 -0.012774672276880625135 0.80894971758393230399 -0.58773902556242474393 -0.021635602306560454411 -0.58787299903118050981 -0.80866385953814001741
-3.3989321588573253585 6.5436440299232030426 -9.0021370163336715819 -0.10266082236281889872 -0.0029839761859652728579 0.99471194395064932436 -0.12539371702526341812 0.99205700724681533664 -0.0099654454584350172369 -0.98678121753639191915 -0.12575368884734139385 -0.10221956006001962913
1.3499470656974099647 3.3413259317015961969 7.517636355844527607 0.25443543842265053945 -0.0030293495314090341554 0.96708501731547058533 0.75610622174031416609 -0.62285713394374186969 -0.20087899875500883629 0.60296433486592004858 0.7823297346622761772 -0.15618641792114612565
3.5934618439640022558 5.4333165027052725549 -6.7429748962258448941 -0.97333260560709355946 -0.00063918021161744019432 -0.22939753771737797505 -0.1908970005579117557 -0.55227133613032197701 0.81151383627574902313 -0.12720838824559035918 0.83366417863400188448 0.53742168101258236401
-2.8218663947943043446 4.3735918942214917493 -8.1233997735571534804 -0.66754982422086628358 -0.0033130205028675087722 -0.74455775872519947001 0.40377552021462775889 -0.84178927494532018727 -0.35826825963613895265 -0.62557378578226063848 -0.53979611010321015829 0.56327399909771747044
7.8264889160975945614 -6.992678929714602809 -5.6866571441347604221 0.72983223989106260632 -0.013248562474930183908 0.68349789846611841426 -0.67036669510291946317 -0.20983219109755704701 0.7117435954581660118 0.13399028215516733953 -0.97764764980610219247 -0.16202369307136801901
-7.8244665077321489122 3.2967883246276095122 -4.3944462949180058686 0.95813765424709340657 0.0050294387879548686782 -0.28626375994785480117 0.1095252457792900147 -0.93023355906526139503 0.35024241051788657098 -0.26453063348295580148 -0.36693355029755292396 -0.89184265070403345721
3.3537604727799195103 7.5891703557818033232 0.81743221549562650186 0.81777175045821171029 0.012544985186563627211 -0.57540593279776230951 -0.56388892709752513888 -0.18270479356245625246 -0.80538701026631542845 -0.11523299027959861551 0.98308777927286805642 -0.14233684061147033884
4.7616039593251082707 -5.8333138021946160379 7.5868407481806237058 0.70437560858381131901 -0.0021121366847768937441 -0.70982430284619002503 0.6698011075157214167 -0.32907662642072060821 0.66563882873087831804 -0.23499250712089334026 -0.94430085927213913699 -0.23037883751505838781
-6.0395991958670078859 2.1815322080962893381 -7.6172387838922297476 -0.99054208164163737305 0.0019072827878376151858 0.13719601586460755671 0.12518821306243199665 0.42184770382215069917 0.89798241969986880573 -0.056163117853259190981 0.90666469935272420155 -0.4180966720038533091
-3.1663721512045235329 5.3179565954632508351 4.2363054390224146317 -0.85572149180700063376 0.0018452654780449623522 -0.51743340001868431965 -0.40393216778683777024 -0.62735827558025381023 0.66577803950551195378 -0.32338758833108338653 0.77872857213280777255 0.53758932156176386652
3.5621615874441139304 3.8846009910926189157 -0.011876895455693167389 0.98076981282224129366 0.011110701893790975864 -0.19485155005824822405 -0.14031683854177329218 -0.65378839101702335146 -0.74355357883150485776 -0.13565308355616173541 0.75659585782296212564 -0.63965689931937463886
-6.3133756559022939925 -5.7261731986515078674 6.0948117332541169588 0.34127268156630086171 -0.0018186263669975324606 0.93996257873112720738 -0.76877826907308777216 -0.57592743248497324515 0.27800641271793247178 0.54084464480802596498 -0.81749879823128113188 -0.19794641970212162319
-0.43800186602326690588 -8.1457031129662684776 1.8571821645215764729 0.96217416330919069978 0.010904540155121152795 0.27221677109257014227 0.27057600302796835923 -0.15478084002494077454 -0.95017446721443399316 0.031772724866419826961 0.98788864886944827148 -0.15187663213737584433
-8.5853763798817084307 -4.7499906906316304855 7.316942950812819646 0.50046192754094631638 0.0041705923476295656341 0.86574849999374259291 -0.45889601089579967752 -0.84667817105578335735 0.26935204814848912047 0.73413371415982642265 -0.53208897828974432986 -0.42181632130188390084
5.0248020370398771561 -6.7678138177776956397 -0.50427673070755063556 0.0058230654916975425894 -0.0041927790970229875112 -0.99997425592428246244 0.3962197679095964542 -0.9181350597713843209 0.0061569096484264292102 -0.91813723779507427913 -0.3962454196859881983 -0.0036850986226350879518
-0.17185195245747245107 -0.35505236383765276242 -8.6221919924803085422 -0.92905735609641615369 0.0069963002729021544351 -0.36986954573980757033 -0.21148915944990695492 -0.83036673303265318147 0.51552247682135332596 -0.30352061629905768836 0.5571733486584508066 0.77293796324559393973
-3.9356399262999475219 -7.0402635745008517176 8.3086994369613389466 -0.62789619597809642748 -0.0076254733120209982483 -0.77825973764088707263 -0.28758788827412312683 -0.92690931240483054321 0.24110647667546739048 -0.72321474929232687501 0.37520791400718073172 0.5798098375088377443
6.3372492016813746218 6.4588525568975132529 4.2055566058355910997 0.19343719340371040571 0.0022088184400306347388 0.98111017389945243128 -0.6670755469858528075 0.73358296969789327235 0.12987009348795919284 -0.71943885551285513547 -0.67959631229871475533 0.14337567955617364079
-7.4476689723639148966 4.4063440999783720642 -8.389122723948194249 -0.56045296666030708366 0.012372962601782784564 0.82809382436901257662 -0.81751466763320546072 -0.1682627812798572764 -0.55077890722189848383 0.13252260322820524907 -0.98566452012467409283 0.10441845335591018462
-5.8551093397388305206 4.6496577889446983889 -0.82386738902023881614 -0.55863141172724883887 0.0065630243883540231864 -0.82939006055215536151 -0.80153110754547851613 0.25283805250792906749 0.54186788319743650622 0.21325765981214198086 0.96748635438176333601 -0.13598281000388617867
-8.5872963406966391631 7.7282361994665560445 7.5024496274934922013 0.84203811543376527737 -0.00152006571714577432 0.53941588923287608903 0.22453089344143162265 0.9102358631533880029 -0.34793181993024036025 -0.49046680830298122755 0.41408738549928481021 0.76679459252335480102
2.455694301739395069 6.7362357518959354863 -5.0711106677313422253 -0.52802309375430445115 -0.008225255970661805166 -0.84919017753758718747 -0.78345657592162520899 -0.38114298189841872011 0.49084195113570194824 -0.32770017715471816411 0.92447951438295905557 0.19480816558591446119
0.38153840142219219711 -4.7265830362863123781 -1.7485558676419450386 -0.11787468039729723235 -0.0095086045675998737137 -0.9929829536102798837 -0.593772678437931134 0.80217808526888378928 0.062803868150164504636 0.79595198728424665369 0.5970091338942807857 -0.10020243502501084698
-8.5385817070503939874 -1.2398226238720089221 2.1660277744505576081 0.89362921066407718929 -0.0054791403442030562135 -0.44877256251803471221 0.11902988949656062578 -0.96122416408235611396 0.24875689295065472884 -0.43273400519743621118 -0.27571377442055611251 -0.85832580955041892778
-7.5222258643004895617 8.6521033030789631368 8.5180699807206412544 -0.99688939271126197905 0.0078619382280861009604 0.078420205477778365255 -0.020986356432141820005 0.93260834232086753381 -0.36027940917746748006 -0.075967832294721190922 -0.36080447580510194294 -0.92954237057563982027
-6.3827774223597470993 -0.25842489916801386629 7.5046072169239081973 -0.18424047274673471808 0.00028409786366990780887 -0.98288115634109674001 0.87856617783060286797 -0.44828235410299843711 -0.16481626792496431588 -0.44065510251753792215 -0.8938919679070421731 0.082342154069691572693
-3.7134690927174647257 -8.0206483278141966764 -6.7479909071656054564 -0.94806156126304330645 0.01078015063146598243 -0.31790417488287181502 -0.070405475932092315139 -0.98174815723729957906 0.17667378051016902063 -0.31019726790261559213 0.18987981491842692572 0.9315166723532970483
3.6994690821083811016 -1.6289191551195509877 -7.578748290239397889 -0.88284022186434407686 0.0051773016186452656962 0.46964490650556101059 0.39550938733046148155 0.5474923800908275684 0.73744451877834804598 -0.25330903495952872273 0.83679465180569834182 -0.48539596569958831651
4.6743617830389432299 3.0312016525482250451 7.5496628793304614291 0.8414314971750005423 0.01766197460450465509 -0.54007507831325451964 0.30997441852833168552 -0.83444623619827851257 0.45564826209756986719 -0.44261596832917921018 -0.55080625772361613279 -0.7076041061442763791
-0.97918350648442986639 -5.9842716212742494974 -0.07221412497175856704 -0.82432591035681679337 -0.014942912939553276361 -0.56591828285330059156 0.39520300270442509927 -0.73094420292497264136 -0.55635884001574054114 -0.40534106647127871037 -0.68227361195001523519 0.60844172955891595578
-6.37048191480864201 6.2556605213550176003 0.76422101113391760485 -0.87261143900275917051 0.0072067174668175894292 0.4883618942391759199 -0.0060196947871603949387 0.99965649563099590047 -0.025507920673726938721 -0.48837796817227452362 -0.025198292914080665933 -0.87226831092156875691
-1.0175109642894732964 -1.4831526551792366675 9.2330546247383917802 0.48252912743894432746 0.0032525039920091700259 0.87587388498031115702 -0.57648684869631394712 0.75403455934828955698 0.31479326007437785639 -0.65941531257093144447 -0.6568266929154198408 0.36571866375776562741
-4.9095253685580297898 6.9976835273456998721 -2.7486820989613747201 0.89756004192286686916 -0.00050677976967545765308 0.44089195311025269897 0.34472430695762718011 0.62423668692434486349 -0.70106612447780947139 -0.27486564597211088357 0.78123511305631210266 0.56046460619039950579
-1.3302522261423981309 6.5746065382223166651 -6.1749203532120269244 0.92715322830881397032 -0.0015305711857389915631 0.37467926095278325516 0.084993984976431055656 -0.97306412468409975158 -0.21429473108443292118 0.36491494043711475426 0.23052953521072938603 -0.90204945520804102888
-7.6047406850124392719 3.2181577774173386608 -7.8890029199496920498 0.69725127592830760115 -0.0059128371663846714459 -0.71680241111001863352 0.36858555569383805173 0.86060410268498166442 0.35143316089354753595 0.61480512876065296357 -0.50924023485821445778 0.60223669503903076716
