1125 17.292696884352682929 17.968806560800352656 18.477561601407678893
-4.0425757505253168134 7.107220679185733303 -3.0976879692307557335 -0.51869830358300539341 0.011640589533829296537 0.8548781003952409252 -0.70608829934174976994 -0.569632868863422126 -0.42066341443384458465 0.48206989471737976549 -0.82181682349906159946 0.30368688681178074296
5.3229129746370604792 1.5594853079541368679 -4.9023121805146194774 -0.14072873950384245934 -0.0045024227406237965141 -0.99003795385182558064 -0.78370718945834993985 0.61155949946984744514 0.10861868991640921678 0.60497806825426114763 0.79118563358896187854 -0.089592578563708821782
6.9169406105448274502 8.394301331850739345 0.69320386467387751228 0.45425856996211694261 0.011173198008759724353 -0.89079981548173692296 0.27871901121053577199 0.94794155363376542134 0.15402117933650807946 0.84614707019880441852 -0.31824828442708363863 0.42749639186043486561
0.12018034188428361464 4.0504759313275835453 8.8211991810656407154 -0.79656275344637905711 -0.00035371323048278988316 0.60455574987682869637 -0.03214848902045236434 0.99860971277006926883 -0.041774588151567752792 -0.60370046751332084867 -0.052711634849445618278 -0.79546667376821711404
-4.0647298502687920774 -8.2220195077221536195 5.6651083265729216265 0.33889568721863583267 0.0053259887548650327108 -0.94080887911862309814 0.93187956664054560907 0.13566049425062493006 0.33644717799102841216 0.12942251142313723755 -0.99074106816240004036 0.041011576334496771534
-4.9152251519084462217 8.5442252528993840599 -3.9602907443088919415 -0.69618036512467595944 0.015745060228070956176 -0.71769421921394327413 0.40214867957844485646 -0.81960454506590907364 -0.4080745388047502531 -0.59465060222612553531 -0.57271326402119682175 0.56426073626118988802
3.2943554512196246975 1.7731620449702316655 1.6727726122330490721 0.55096164335660224864 0.0077381066890325356927 0.83449469096848916116 0.7761329062025744685 -0.37223590522860161567 -0.5089775464280397177 0.30669036414474193375 0.92810589512388552702 -0.211093505294275674
5.7576086301196944817 -1.6597258136370109938 1.9243558133890836803 0.35255451516018759817 -0.0039694230361726826062 0.93578285810388883714 0.75606374193074254997 -0.58805042762075454554 -0.28734006457992727901 0.5514280841396549393 0.80881452648660967508 -0.20431869656570528226
-5.1229127221905468303 -1.7325881025915914613 6.7348217382625774619 -0.88032451377968856665 -0.00075313858450771565059 0.47437135581812228668 -0.41902508402815991095 0.46999316544366048776 -0.77686833079452266571 -0.22236620560182754347 -0.88266973280984606376 -0.41406208880775641212
-0.47341565657857254124 -4.9619564113598029209 8.4412812928695242221 -0.023192860537010102223 -0.0020751872990761484339 -0.99972885564930680236 -0.86743602592961144282 0.49718230649075156879 0.019091752987369293992 0.49700787935367146675 0.86764361791606725571 -0.01333117211973089411
-4.8818578209730079109 1.8725363447006002637 0.6942014840227844763 -0.47037344467559172312 0.0061567727370766597156 0.88244598514222494234 0.56077699822942927987 0.77419645418158788974 0.29351151355502336227 -0.68137946901928914123 0.63291543233051095196 -0.3676140295432512306
-1.1816993250384377756 -8.2794206402630354802 6.8585848659833477114 0.1983329464231468886 -0.0021290865581523512468 0.98013239378828631576 -0.66537034836904851431 0.73397720635920982168 0.13623421030157481515 -0.71968489068089325222 -0.67917076463564352018 0.14415523087967760385
-4.8285437116741221075 2.8730111313651245375 -6.1753552002905278684 -0.97550916430884759833 0.00048884477210686184175 0.21995824917547260324 0.16206915547000630418 0.67768908768579727564 0.7172664004937350235 -0.14871267328264123342 0.73534839461486301015 -0.66117114224893169805
-5.75952147963513017 6.3880212087288272826 1.0489649641597480478 0.88448183573471939045 0.011877918252276300007 0.4664234099114525911 0.23161731737951837817 -0.8789785556300261371 -0.4168334403958532941 0.40502506162605533824 0.47671334552366356752 -0.78019169801696353073
-6.0035067020921841774 3.9532275272784085374 -3.3950969319270214442 -0.68368628460546199133 0.0087258117546562697503 -0.72972386863214755426 -0.62399747338465605395 -0.52549272961839110785 0.57834638784044611892 -0.3784180458860090801 0.85075334341232322632 0.36471705638797558002
-7.7165345483119525127 3.9497161587388460724 7.0833856984267544732 0.46287830477476232804 -0.006313228422629260303 -0.88639935588626361795 0.71896508055224639389 -0.58223702934953158739 0.37959090426487840375 -0.51849097187432713341 -0.8129945785803766034 -0.26496589834084022241
-3.8175732398328414696 2.8304807369569706665 -4.6330483986254025197 0.96531274223384166966 0.0014429199717252167573 0.26109237381202660133 0.030304479617510385325 -0.99384548267213534967 -0.10654949594884043085 0.25933173387749142158 0.11076585463842729407 -0.95941543517387828377
5.3016552830282783759 -8.2663955027660520614 4.6020717244593916107 0.98852824555300455867 0.00051048721707076935225 0.15103525133837128469 0.15103458141720740859 0.0011638404710046421596 -0.98852779459738360224 -0.00068041174104650780936 0.99999919243873680585 0.0010733879556277525769
-1.1004161337411677568 -2.5593659157241135382 7.9756596181225720699 0.78014292329738121889 -0.0026768337909572129107 -0.62559559924095686778 -0.52544341746176415064 -0.54553774228383566935 -0.65291483884923218195 -0.33953826628953531763 0.83808198065848282798 -0.42700393372950246063
-4.0931994393698021284 -6.9205507612130690021 -0.56362901599588299817 -0.81410677762619054754 -0.00079783553049169733066 0.58071466150042061471 0.50922378483140906535 -0.48167009845330333029 0.71322160176075244387 0.2791438546431649903 0.87635225777919101287 0.39253716855924014606
-7.3319146297797352929 -8.4417197349265364892 3.3302343695268730173 -0.4655966335869923256 -0.013854810320660066597 0.88488859130584163193 -0.75850153492218108653 0.52138942889724348984 -0.39093283944283685472 -0.45595525692013094687 -0.85320636874392252746 -0.25326605777666283403
4.8528342254258625132 1.9070716830122240726 -1.7489643138938741895 -0.41599748916382972563 0.015179948317974263639 0.90923905447274089298 0.89837047631131916603 -0.14815402866020571659 0.41349833262563850944 0.1409843122541315219 0.98884779059318372862 0.047994486531275561136
0.70186306420282862373 -6.3331923989650862339 -7.126719359072784421 0.10179800708375391638 0.0015768920055938512141 -0.99480383954102569177 -0.72124473787470944064 -0.68861932012814064397 -0.0748963285770570808 -0.68515924706731079485 0.7251213314736261184 -0.068962749367349002183
1.7347397917550688717 -8.3693460619007815637 5.380786484155652083 0.43369229816754217843 0.0055636677616802141313 0.90104385914966544924 -0.42227110675963908104 -0.88211871055472701464 0.20869521529127579851 0.79598875802762292242 -0.47099429517823426794 -0.38021871469360329909
-0.5875377054137265187 0.84089321965991581376 2.4432872873101763034 0.60684672949534468334 0.0044872425192968422997 -0.7948062100634735172 -0.017626763105350370942 -0.99966214637056405312 -0.019102102925249289656 -0.79462339766932699181 0.025601909466131705234 -0.6065626085643854859
-7.9254415502264539128 -7.2642826267451097166 5.078255859618797885 0.95330497397689184513 0.010303333908365540361 -0.30183351023572896343 -0.077595682792819892226 0.97422321673392053842 -0.21182075910762016013 0.29187075325024636197 0.22535076056543371092 0.92953133250581798652
6.8753951674259381477 -1.6900126655023797184 -0.39145582224835645535 0.76347248914420173804 -0.01225469605808400704 -0.64572407477532967057 0.56581463339257176415 -0.46936808535951501931 0.67789925585209209746 -0.31138972198637798749 -0.8829175628960013178 -0.35141573409693477315
-4.2210874993402729416 7.4566713587298867338 1.9631339769120543792 0.72663630389311717472 -0.0003860796818707750138 -0.68702222147999703061 -0.17064405371036356351 0.96856055598779555726 -0.18102777775185455167 0.66549251595945779769 0.24877761218993219017 0.70372538029761355638
-6.0500890727093006305 -1.416410920849621391 4.660824733607949355 -0.72778772555192305926 -0.0020034721336200603942 -0.68579954260315711956 -0.51613221619253890626 -0.65687958487616315839 0.54965147719334284115 -0.45158893027135144083 0.75399283622071633371 0.47703484252623729045
0.83392638861026258112 -5.0569610480764675131 -1.8571207337198720744 0.98952460940038522441 0.0068355084185349164819 0.14420236896768925949 0.046882889931648769055 0.92952198195404411862 -0.36577435625802295904 -0.13653952549675898998 0.36870335079712257542 0.91946440773321702622
-5.4861512531682548044 -1.343972552870762005 3.6009998375613925248 0.67883645355582789005 0.003601235257262485126 0.73428066870110708653 0.60244536047415220281 0.56898472558928481213 -0.55974634406071943626 -0.41981026305572943791 0.82234020523799145064 0.38407802577377453401
4.913508385639271836 6.1951068758637140022 1.5935495211573511565 -0.63853343545414609217 -0.011340395632805313 -0.7695105244464980343 0.51474280008365791428 -0.74961021474311362311 -0.41608217423331878004 -0.57211441300584520153 -0.66178238219198415315 0.48448857267354628053
2.6560469063882807816 6.0185659278433378816 5.5888815260906090643 -0.96562957915325253744 -0.0083468222396026678367 0.25978807983127238934 -0.18481321728915936498 0.72484443575442125685 -0.66366001738139446253 -0.18276649194868618831 -0.68886201413199110721 -0.70147383052144685056
-4.9275205283299081671 -3.9119211652996357387 -4.1044691652457476749 -0.72398232139933271778 -0.0033313958658335515728 -0.68981048129385691414 -0.42295966800363415938 -0.78781637736801168881 0.44771695834883912246 -0.54493551686728736172 0.61590117498871588264 0.56895608363384442274
-4.5010133313276288192 -7.1507808051067183186 5.2559375516711179799 -0.38227023315282782079 0.012575308682025179707 0.92396500499542888463 0.50508714894084538738 0.84015908175356379672 0.19753402066777570045 -0.77379353888474100565 0.54219422623057322852 -0.32751943487683865541
0.16077399760348159985 -3.9777775955982148659 -2.4815917163323688577 -0.99862129088881745886 0.0055885867799625879929 0.05219468441776865808 0.00023098600393030711657 0.9947748201058206341 -0.10209311401285620091 -0.052492514029543572984 -0.10194030106484448794 -0.99340460588290802058
3.3223884223396122906 7.2409399013111634957 4.0403528811463740311 -0.20263411962461760907 -0.001082296033865795537 0.97925392120723897538 0.97838002989613737093 -0.042475752752258788547 0.2024063426094015461 0.041375483857124022158 0.99909691174761328103 0.0096659335904097695019
8.5661093376454395809 -2.767669260987736024 3.8620137094694779734 0.56389228126814627817 -0.0010084585497700110368 0.82584773302191472055 -0.53955069392948540319 0.75662366429806793278 0.36933139496180378281 -0.62522839331413604391 -0.65384984028103754206 0.4261101296121415638
-4.1391291560243637093 -3.4545698158838575864 -1.7121355972746057361 -0.90514988889653691384 -0.00068799892036705025383 0.42509199626465127286 -0.16736742407869273364 -0.91865244753900565655 -0.35786285918967397635 0.39075801205860166698 -0.39506607964709794523 0.83140301221748469374
-5.917946608962189714 8.4927525902184459738 3.4032865200919490967 0.9429947759153555209 -0.0082081583268161662642 -0.33270629500109183407 0.26732724889899356358 0.61414398151226490263 0.74253842457344632066 0.19823469573364446705 -0.78915131382322256659 0.58132883061003282066
0.85401294941864192012 -5.2310390011593943527 -5.6899550691894900112 -0.99977184416843678516 -0.0018087692188521072283 0.021283513853226174173 -0.020165266242897258997 -0.24867571534099530695 -0.96837686395203714795 0.0070442632960482269924 -0.96858511084646203848 0.24858250421320546297
3.8228228132412338525 1.7965341224377007201 -3.068892896957928329 -0.25265038998805267045 -0.00077596025791506909389 0.9675573256012144352 0.92169787881944764685 -0.30441055189536891934 0.24043135418365171874 0.29434809430104924566 0.95254061004253443024 0.077624645576600537211
-5.0510585960586036336 3.0349246889889922585 0.94434290845057822228 0.49215647942777845936 -0.0077064604363400067075 -0.87047263611492931012 0.73965991267545050381 0.53096577365722841257 0.41349553901521285404 0.45900458967010726585 -0.84735822275599304021 0.26701840571331203478
-7.1895673961767538884 4.0111376948903822992 -2.1134241380778329145 0.18142131171826161862 -0.0030798221928769213204 0.9834006418288822049 -0.91133131890771046368 0.37524982105969384438 0.16930091249820053423 -0.36954233158391308622 -0.92691859755317163039 0.065271576337608841478
0.80203579731893936966 2.5954895515576921206 -6.9953715255672479501 -0.42347763107198654886 0.010497392395713770266 0.90584573782426869304 -0.023288902334329647514 -0.99972853311629217288 0.0006979262408191005268 0.90560715711038719533 -0.02080059676712078115 0.42360714366554619303
-5.9033997894181107213 -8.2621900190063879421 -8.171905134000176929 -0.33417944818009542862 0.0034977165871358968652 -0.94250297739191191138 -0.23153045982424208526 0.96904645675748957157 0.085689035582393241475 0.91362888668613495557 0.24685366236728839562 -0.32302558225055877372
-1.8722229308662867719 -7.1248035096163802038 5.5013277614459967779 0.10369980139823975485 -0.005017299211405139292 -0.99459598727263887064 0.098554334432323198456 -0.99501412354390361692 0.015295002875104192486 -0.98971379416195981449 -0.099607834315146373538 -0.10268829041549525083
6.2364021600810550794 -8.317090492182270367 -6.3045193183061334352 0.65251165545086309283 0.0033023980346146221583 0.75777149172309543612 0.72331281579666317771 0.295438613733420119 -0.62412706720634281155 -0.22593607504132179331 0.95535601724316909777 0.19038847210982967617
4.4289319427909008553 -8.4942726428908841285 -5.1008800148963215904 0.47256915315851094617 0.0018625349165355782263 0.88129162395129445606 -0.87558310448357568045 -0.11266198258676540789 0.46974621320709736283 0.100162980315464889 -0.99363162622939349422 -0.051609773599741420869
2.1123288577710157554 8.4506720619318791421 -8.0530303902634354785 -0.47919054215734013802 -0.011275516213425675754 -0.87763847171873665687 -0.79010302558693545905 -0.42992832150392240598 0.43691972641088311358 -0.38224813049267086784 0.90279261245474484721 0.19710876599510104845
-2.5080336778180432056 -8.2127047642035115871 5.0768550747710028404 -0.024676788758330271689 0.0059585270850659229763 0.99967772409495925245 0.9871802780452615389 0.15788053210592353781 0.023427253800413237739 -0.15769005908826369544 0.98744024302075206201 -0.0097781249643340735489
-6.1679068584040042111 0.72981057005788441128 -0.46493174410382026585 -0.30261981203300847287 0.0059565366747727386751 0.95309273894838575369 -0.1780549780728530318 0.98202271877239244446 -0.062672199561059890871 -0.93633203199967196539 -0.18866875598594023966 -0.2961189395601236396
-0.95847693653683374571 -5.0292274508582215375 -4.5747211423419464893 -0.99967404763879363916 -0.0041601207824079299014 -0.025189122109614922596 0.020688962488995141231 0.44608601271190284621 -0.894750935229521982 0.01495878700634277296 -0.89498042585197290499 -0.44585454133989882441
4.3410464049489467797 -1.4235964161891898616 6.7743715640498649577 -0.43499635375234180223 0.0053137410039962428704 0.90041653493191686763 0.8785620298152060359 0.22156057941492698915 0.42313079469155984169 -0.19724840174045704666 0.97513213146000277121 -0.10104649526305793661
2.2259435088184362783 7.1936270487837656873 -6.1649086267110231319 0.42652874810925417437 0.0073743188655761432448 0.90444394323667787194 -0.82933454415193785803 0.4022356884452964465 0.38782813824795386859 -0.36093966381185821346 -0.91550645566400801201 0.17768086201223606824
-7.0425383985385634489 -3.7604589628872666651 6.1713671000901832997 -0.97612292840679315553 0.0062015019133905844098 -0.2171303065275553279 0.022802203400993890925 -0.99114427325030973748 -0.13081700624421563339 -0.2160187217784809155 -0.13264452863451345332 0.96733724257057296381
-2.437174308340495088 -3.7446921874729870439 -2.8464912084431746031 0.49727293767735714081 -0.0020494326820047785095 0.86759173882625650887 0.7632296861506776553 -0.47447925218294156879 -0.43857711457215192707 0.41255311371045572111 0.88026430069253736033 -0.23438150373721547415
3.3901739687364300657 -8.0331673743479274918 -2.9684854786833092533 0.12593630789431689565 -0.011243347995866379702 0.99197461332424496927 -0.80529011062899558127 0.58280475276467269552 0.10884143456411024542 -0.57935126139267223433 -0.8125344345198595164 0.064342121835060883672
1.1750449842852539462 -2.6319155530890503414 5.7286180986987051966 -0.51004504877748524372 0.006258981118200821793 0.86012491730723283911 -0.76006194349213862527 -0.47143189328479595535 -0.44727822666521244166 0.40269081225219233167 -0.88188026123115048627 0.24520871635860166937
-7.1864657237555960023 -0.45195886442576233 2.9942492641495306316 0.75999757810199186636 0.00052338961206593046308 0.64992569370836184017 -0.62301578974587923376 -0.28418580634776779981 0.72875905016545261539 0.18508108224924918472 -0.95876908248753289765 -0.21565444456284921237
-5.8718405156466007 6.1364091298193379487 7.1451543237171390999 -0.56850632744473406088 -0.0052821204133731130409 -0.82266193230245399093 -0.76678157777854227817 0.36571274347101223601 0.52754165830030186335 0.29807141364936823313 0.93071278516367594857 -0.21196024131509294541
5.5638846379090693972 -6.2496005204731082117 2.5388317992996021211 0.74652138499315956466 -0.0081903296768620504481 0.66531101016561033923 0.54318718744043337221 -0.56997054464319174549 -0.61650730542282139446 0.38425707690096599922 0.82162430388761609201 -0.42104631825094629427
0.37799715705671821375 7.2258421366479712589 -0.62586922486351326267 -0.24917202167603907936 0.0069143043109424059608 -0.96843455948731616001 -0.012670654200737801326 -0.99991220021811733076 -0.0038789659833783126514 -0.96837635149573708659 0.011304169623221683658 0.24923775318585067451
2.2169003410033321089 -6.193447354083054357 -0.51461318848150638949 -0.60493598716180285724 -0.003620652309412554417 -0.79626587413573157725 -0.65979616162528242906 0.56210809917137027902 0.49870182469134705094 0.44578187103227528976 0.82705584800714559979 -0.34242831036015825008
5.428137639524399205 5.981630868616873542 3.6784101512620908103 -0.91746586166639265691 -0.0041256621196162608992 0.39779312662353966124 -0.054337866583156639588 -0.9892746136874221996 -0.13558442008077606356 0.39408601717389030172 -0.14600930664019601268 0.90740150619352455408
1.6331015845931691199 3.9723117745598242045 7.3833900518157591364 -0.65421691152144756387 -0.01081446745326900688 -0.75622964764216804578 -0.050519268753709080377 0.99828942478815596573 0.029428350967870619409 0.75461780800864408647 0.057456693690217282289 -0.65364416327702978826
-3.9625729187140485976 -2.6668461392398614684 -3.7334527855747778879 -0.47913888197463755381 0.0075896630939148619632 -0.87770628845543463559 0.46194637895023099583 0.85245304456475046173 -0.24480471765664629791 0.7463454124966004688 -0.52274870045419141729 -0.41194941609234991819
-1.748989794880496218 -8.3429933919888537019 -7.7110801522684804254 -0.79598512234528095988 -0.012702367722251185073 0.60518289372662037451 -0.35136809665822388293 0.82379796268613902921 -0.44485658062470856411 -0.49289770303375635141 -0.56674118125348960096 -0.66019412888608186574
-7.2903313871607142715 -3.7136330464816582619 9.0033830985845586525 0.385382496401468988 0.0024013739137177096163 0.92275379428667347881 -0.14257327900122646058 0.98814315825050924591 0.056973317589124897187 -0.91167603433564181614 -0.15351655352304471869 0.38115544888164609727
2.1546926232767682485 3.7090862010639993329 5.0432722056393473054 -0.90577682224356748097 -0.0032071520194995751379 0.42374292025001675244 0.23516718510948644849 -0.83565749689151369584 0.49635969108738681177 0.35251204707605987565 0.54924153344824644396 0.75767340893118240164
-7.0389529397512875519 -6.2135717648766659593 -5.490978888427865634 -0.44306412458660637821 0.0026697136170385519713 -0.89648594753840904481 0.6642334754352323678 0.67256033392244352065 -0.3262767036517028596 0.60206982287431376477 -0.74003747868862113091 -0.29976066873511897359
-1.766729201034276997 -4.0309251964109380495 -7.1366522837770007825 0.20774775402920603318 0.0082670708058489514314 0.97814749717820925756 -0.3420547532272974478 0.93744820985265020497 0.064725571749573690417 -0.91642752931705961927 -0.34802659292643350897 0.19758055098000645855
-7.2684782017600797488 -5.1001297642578702352 3.3384258582440669016 -0.29815001126933032838 -0.0019605557287017253733 0.95451701242089603827 -0.9435744672466149785 -0.1503930560741874034 -0.29504093520191843059 0.14413117476850004217 -0.98862433962845952529 0.04298976103618930289
7.8973062729881053912 6.2823310244386396661 8.4646245693459096771 -0.40360396683203758617 0.00025794282384704542502 -0.91493375247795682981 -0.87982330332258484873 0.27425738976149044435 0.38819304359031864271 0.25102747436928085634 0.9616562887159210149 -0.11046442633345851525
-3.3182869421875875737 8.6241290124742118195 5.2574976126913579577 0.54924469968743538928 0.0077124284722068911155 -0.83562597991715614754 -0.78534740247491208187 0.34649842999474056437 -0.51299931329085701748 0.28558661959391684615 0.93801884653678646586 0.19636936179195882413
-1.8650664564506491683 -7.206029405952696365 -3.7072688805540678914 0.95579090501420993498 0.0070092304315925082342 0.29396363139135550657 0.011958356133243031039 -0.99981535344325001002 -0.015041832926136696619 0.29380392034596841677 0.0178921688998461767 -0.95569824038836026503
-5.2976104338769101076 6.2908828840434392049 3.4397669901356699995 0.76315094362273572237 0.0042393746109782104795 0.64620636405888520759 -0.39483586921013780202 -0.78856027592203958854 0.47146296527169695434 0.51157137687006581928 -0.61494285827278116763 -0.60011666151413001202
-0.32297124369114460496 -1.5985451647943174081 4.4236471989225938373 -0.52309830834590775872 -0.0051574078832326191238 0.85225674591021249871 -0.64121811182199051071 -0.65635521151280074026 -0.39753889041369766533 0.56143342693243869501 -0.75443438247741345659 0.34003127747167072314
2.7512617180733167643 7.2542314893359378658 -8.2668223916752072711 0.60650246661799800396 -0.0083016913191946636874 0.79503826317216097497 0.16838366715896957437 0.97860488409445500757 -0.11823460348151555721 -0.77704678020085271584 0.2055810369358994083 0.59492414527551984449
6.9762262018205971614 5.0642701992743210937 -8.0986049590272219945 -0.39156146597898805473 0.0017330011222079721132 0.92015032199495694343 -0.75374022577841770509 -0.57418591616723557713 -0.31966577189074502074 0.52778337450501622286 -0.81872310971544037805 0.22613531173614642711
-1.7400100882238869193 -2.8342094892946838591 -7.8689769381107730339 -0.34949288175819376301 0.0073894816392766791632 0.93690987888994547994 0.79123194484647185742 0.53788860401425364621 0.29090867832782801861 -0.50180348250597295312 0.84298353793709046577 -0.19383503221054457222
-6.3397753628103137302 3.7837138886292067674 4.3639625616917099293 -0.36320603938460516158 0.0035082188314336766946 -0.93170224071599627713 0.047086251935243211841 -0.99864596812806061266 -0.02211594945857612432 -0.93051827377710671918 -0.051903012845059368074 0.36254905795548081349
4.1248040267498868872 1.875827044885750805 -6.3248092497056136452 0.83311207754633676004 0.0015779422594504616956 -0.55310195836270370506 -0.16871846376814136903 -0.9516109124555609533 -0.25684772001945693765 -0.52674315015010153562 0.30730145036065464881 -0.79253231629774856248
-8.4177538722454468001 8.3968691559126202861 8.0065059720362388163 -0.82442459773448650839 0.0057506451121889954822 0.56594258784004947138 -0.53046892785037702556 0.34073251313994717959 -0.77621135721797085427 -0.1972987562951597218 -0.94014269372783765277 -0.27785772653331214377
0.25118276742576906013 -1.7509023763239588423 0.22110083077858894152 -0.96337342638155354368 0.0043890418265197230982 0.2681275399016224692 -0.24423045385818001329 0.39853769980796954764 -0.88403573866675888571 -0.11073900284064014388 -0.91714144936527908225 -0.38286869172872978195
1.38042718530890407 2.9014672227284021844 -5.7543786609419464995 0.66270592602832600893 0.011867412202163956508 -0.7487856970685945468 0.64031652652495718581 -0.52748866591197907105 0.5583461768411174253 -0.38834984416856638267 -0.84947917682639495496 -0.35716876497287025627
-6.4989455905237862865 -6.9934884388530820232 -7.6733567210767139599 0.653600709264697044 0.00084292120509588293331 -0.75683908615537942577 -0.26008981835373912173 -0.93884613772945413324 -0.22565729781999691039 -0.71074566424092899819 0.34433591034715449464 -0.61341126628732423054
-8.1492860793379051643 5.206666646487503769 2.5620257166667412818 -0.18035724209761999637 0.0090720606919205554197 -0.98355933371496329087 0.9067285256318859954 -0.3860070963913701525 -0.16982903856864503545 -0.38120158188103925312 -0.92245120155518789407 0.061393279119656724019
0.75580785138336237239 -3.9929727587366738994 2.9473133351189875206 -0.60313695166060388164 -0.0058287209086625184004 -0.79761635110743867028 -0.78072594870351164076 0.20913752493977524893 0.58883655515198529695 0.16337934558121236517 0.97786886732036903958 -0.13068920293092045615
6.2404470500037785285 8.4673940866665429184 -6.5468955773680033161 0.54074070761504222649 0.01107887328904205021 0.84111636869993400278 -0.17635279285385968562 0.97918540720462143856 0.10047701612975906693 -0.82249570186153686535 -0.20266523353628698723 0.53143920022412671766
3.352001450092636059 -1.8283273591641955313 0.17516690084346558942 0.9993883939847999498 0.0057218828733448939827 0.034497797390593540334 0.016438345706369816845 -0.94759799847493941805 -0.31904202556515642852 0.030864522657213094847 0.31941398426290634749 -0.94711250012790992869
-6.0409533077360038078 -7.241488040146573546 -3.4589051235140555463 0.52176862085893183085 -0.0013530624032451841338 0.85308597193323254526 -0.84345677290755494138 0.14901493193191461817 0.51611551255279020101 -0.12782088453536843975 -0.98883402008804854866 0.076610065873375890466
-0.33445044965058401409 -0.38536578953476507969 -2.6243223627919860519 0.98723277593598779411 0.0007962272467431493958 -0.15928217772152258869 -0.024645217620157297556 -0.98718169696836255422 -0.15768611359118864246 -0.15736600448000381824 0.15959844358016320176 -0.97455850385753306497
2.8110306183273201519 1.7284300397358667301 3.1018855339401407711 -0.58068795776981385615 -0.0014547506467168860866 -0.81412491633773920174 -0.74947605923577265141 0.39148621735724697945 0.53387655712885950798 0.3179420266866642697 0.9201828216828589202 -0.2284216328341348301
3.1670187476665430104 -0.56671122855549227459 -6.8752919631256901312 0.83611529814431939656 0.015083113142612136065 0.54834633937569154938 -0.28009356253381817448 -0.84775234738669225099 0.45040376744372428996 0.47165538737089157673 -0.5301777599998162005 -0.70459402379352686907
-8.1686371144067706496 6.1227842821107119065 8.1486622123550755958 0.38249764706464040032 -0.0022304620819708098102 0.92395377321023630657 -0.42770130893702273944 0.88597944780776161089 0.1791982377034039009 -0.81900374866271896668 -0.46371914247877915605 0.33793108258203907734
-1.8524020068610234091 -4.9369888278048827956 0.46570046843441048612 -0.6273897936418928456 0.0091165744275938358915 -0.77865199858781308784 0.62925894967908013733 -0.58309216908318028949 -0.51384501223890322041 -0.45871038911578598807 -0.81235485498919279834 0.36008938958638836425
-3.0495101044599222107 5.2818880771534288954 -3.5711000412500943924 -0.72374405657651075252 0.0014108207942875351792 -0.69006706207066470515 -0.68648650823929258102 0.10028546293119480759 0.72019379331546551359 0.070219759152858648998 0.99495770538705896602 -0.0716124983166643303
-0.69030209187078550581 1.7717789604232450085 8.0217996353908755935 -0.44599008818425273093 0.0016279212972543843571 -0.89503641887551077527 -0.54085604631574191181 -0.79725874675835151084 0.26805452408239405226 -0.71313924194720845762 0.60363551965529915755 0.35644996984898652537
-6.7842921064659833519 5.3184647494143320046 2.6598650355234632059 0.1473553270958125605 -0.0041136305576803880446 -0.98907506571540448892 0.98606317780966845632 0.078701482618900836519 0.14657928230612710108 0.077238701078305715964 -0.99688974048132461547 0.015653382334391178349
3.6419102535751326499 4.0444778844879767377 9.2253974054599634513 0.99453781799296370192 -0.011678227576401113696 -0.10372149045477069285 0.071271009610475832829 0.80197640323412899832 0.59308877231414747211 0.07625596219670281728 -0.59724154883644098302 0.79842818122390835089
0.6346043441015284392 3.9178787055018480245 -0.21723476760240251204 0.77378200438950262008 0.0020795238019183431497 -0.63344856560255646816 -0.056993559301282400997 -0.99571029060114901732 -0.072888623180825645731 -0.63088282896369352049 0.092502393329850884918 -0.77034418498943324494
0.53134781143329223863 5.0422491489242817764 -1.1978357105397707816 -0.43424331277459427003 -0.0062646214442285096113 -0.90077383389433163252 -0.49619429676946480434 -0.83292713541799090482 0.24499715699887272824 -0.75181378356870942614 0.55334721613316495414 0.35858456915170705548
6.4192810776175246446 -4.0513839954124177822 -7.2138058424131044077 0.62636622256636431683 0.0015262100425996088029 0.77952743756131714914 0.53051711050168359751 0.73185527848677056628 -0.42771421161358724738 -0.57115405162967602948 0.68145837879791393288 0.45759974570922440362
-7.0801397945506234777 -7.0947105801202132724 -1.0400482505831234459 -0.59019128051643343635 0.0082024280768572422479 -0.80722176170878956469 0.71969159786061787099 -0.44761143243257678348 -0.53074288457276364017 -0.36567506938704752439 -0.89419054218273630319 0.25827314591227062968
-0.11687241858284563856 6.372405543877039058 2.4951621708132347699 -0.15759661927201426557 0.0064825313597754591344 -0.98748229471785620159 0.36081130893052087982 -0.93046148312599130659 -0.063691661675721628066 -0.91922712369785453124 -0.36633236985887907 0.144298613478302723
-7.3407632727854750243 -2.5407552823560362043 -4.4195657596978028536 0.37981724983095793702 0.00221126652938671538 0.92505889922268214054 -0.4568500551970461343 0.86998784335039291982 0.18549711450298383975 -0.80437981314626250118 -0.49306821305261389066 0.33144660728385355597
8.1360479687313667085 5.2015905437602105721 4.2338218335583164276 0.95402823513440448977 -0.0018254113907365809855 0.29971118504283522643 -0.29803641074361059138 0.099962174999319905466 0.94930598936309196212 -0.031692655894602884958 -0.99498956348441836006 0.094822698335844515793
-2.3163354260433859366 3.9839332475038822245 -8.0101390103904890339 0.69030760025418513859 0.006040575200338562864 -0.72349079364048773932 0.6594649543348302112 -0.41659975933361970135 0.6257400534784449686 -0.29762626066181824269 -0.9090699378895613636 -0.29156552778071109788
5.5074185418519601143 1.6764710484246880817 4.7936461351862043045 -0.85609416002200255935 -0.0038752728270333570808 -0.516805351594561313 -0.15176666691935078446 0.95776968805241236016 0.24422142301683016918 0.49403407573619323445 0.28751035965454302401 -0.82052917382785739431
-6.5353333305845859869 7.3732693472251344957 2.6622858132651252561 -0.55088857142423708346 -0.0046132397913293673661 0.83456605484098500547 -0.14863246503202645621 0.98454097699909592922 -0.092668521884811422273 -0.82123697689073482664 -0.17509363959998183735 -0.54305804952968372845
0.46941177110009396634 -8.3622253652207856334 -6.8637925799467414123 -0.49548626199935891234 0.00140521145005811335 -0.86861463811654249234 -0.66628531580971839254 0.64095292455330454828 0.38110789344038398241 0.55727662978648806469 0.76757890401377659728 -0.31664709694974330079
1.433268879034454546 8.471708014662215902 -0.45472194673937660347 -0.093957117425163355628 0.0051070980632383876363 -0.99556314598059147958 0.86627651388368320795 0.49324268947030669441 -0.079225316517490998458 0.49064963220046969861 -0.86987675381803319929 -0.050767820400056680452
-1.2406256588655653061 -6.142581270432121876 -3.9787930796357882102 -0.9731733309157631906 -0.0058136173321511721082 -0.22999971705992050541 -0.097228905367509763091 -0.89563493418497397425 0.43403295338958858274 -0.20851908295218138378 0.44475191570195066193 0.87104278053597172793
-6.7943627814221736472 -3.7947496860618326053 4.8249562794459794901 0.94092416604113060519 -0.0084296598932363971113 0.33851241423925659824 -0.33858934069063684191 -0.036280968225903285906 0.94023451846612204896 0.0043557009345674899126 -0.99930607532354875921 -0.036991832756530319826
5.7676217901841448921 2.9856951531762843111 -1.8809395645180218004 -0.17464300133639085177 0.013225584470916543905 0.98454299347432849832 -0.8441934968940769668 0.51264340541946940011 -0.15663358095096627243 -0.50679104361257787392 -0.85849975119119037448 -0.078364630534674115103
3.9335174573841471535 -7.3319515267386874413 0.8615963268818979115 -0.98649069032777658705 0.012577411666908108745 -0.16333378894862929376 -0.12033147595287356502 0.62092080024568718777 0.7745822717549321057 0.11115958704285158753 0.78377239587642466567 -0.61101913036372323962
0.92068121666100299905 2.7285343918652693596 3.8641794250918271025 -0.19861356006648137051 0.0095802534929694711796 0.98003105690626313162 0.12751174939431303423 0.99170561218633768163 0.016147214142726101782 -0.97174760484613298406 0.12817253021294361393 -0.19818777705670861944
-3.2857623552271637557 -3.6954355402166996214 0.43979421112431427154 -0.61136089412533045628 0.0025242247292857726559 -0.79134789152680529156 0.63761074376505377792 -0.59071776342916693103 -0.49447453261478813147 -0.4687114214202757756 -0.80687431007491683399 0.35953226721858666526
-3.787499975208072911 -8.6559994835967319915 7.4098065471028258244 -0.71078609056680808198 -0.0076023728791158890622 0.70336714266679312146 -0.10174231978728923154 0.99053742688375323588 -0.092109208586687474352 -0.69601123110253237947 -0.1370321490336390835 -0.70483370826753044547
-5.1035547602494135688 -4.7348879742380267643 5.5961904529975265987 -0.19584024274244046793 0.0064167114044465078243 -0.98061481996618882206 0.15539272519669158901 0.98754713000070604156 -0.024571670344738165415 0.9682456817764312218 -0.15719253112761508162 -0.1943985799309664031
-4.1006298500986240185 -4.0395503224011379828 -9.2207614121925285389 0.8502167451081055205 0.013094619144712965619 0.52626990915950389027 -0.32139703739661962256 0.80466838114628391754 0.49921211998127268394 -0.41693576326576609059 -0.59358009344400741725 0.68835110370865548735
3.3477227772632511815 3.8650731691924264943 1.0851405867396659577 -0.33649518662035854399 -0.001237727060134940528 0.94168437250128000926 -0.92683285297834794303 -0.17646959889628127671 -0.33142019145717044326 0.16658887124136420588 -0.98430531274454979851 0.058234004511172145213
-5.9769806433821051073 -4.9350469520240363153 7.1733118820342376409 -0.23203944020208880361 0.0030362677985125985369 -0.97270163938816334159 0.38292342725686495664 0.91953332196834358658 -0.088476655945658844171 0.89416293092940912768 -0.39300031916954503153 -0.21453065534822016169
-8.6430838155187288407 2.8498465899484841657 -3.6014735038177305704 0.23420521036791419611 -0.0066398769540366451083 -0.97216450844007040732 -0.3175621956865296025 -0.94564680550417079541 -0.070045493148373424996 -0.91885916837525161149 0.32512771532677287034 -0.22358398292140724273
7.4741802122826799248 0.70456311198283005925 5.8185140255022549383 -0.27885290836354320598 0.003791202057465213604 0.9603263415548065618 0.90128289878764433762 -0.3442161975751085734 0.26306718852763144589 0.33155722258761294308 0.93888275951482125237 0.092568742219404212546
8.2586736538499341265 5.3277809569542258217 -5.9963049012748266264 0.055673029488876091264 -0.0095651830761597552572 0.99840323570212174964 0.74086521845482178339 0.67074711204202375203 -0.034886097104199167984 -0.66934239509495885301 0.74162444603729349435 0.044429035197426032522
-6.4870822377384760316 8.47849327423098309 4.9206528829246822809 0.93541974127462479416 0.004810785655624608137 -0.35350638463133721157 0.27250272621014570706 -0.64684721424454683092 0.71227167965053372889 -0.22523803373693546126 -0.76260444384043613031 -0.60638460599915866567
-2.2667217816737394998 6.6082078287994452381 -3.4590790830259217081 -0.47729443547463162867 -0.00031179103877465672717 -0.87874337815499548032 -0.24304655506687897204 -0.96094278580642811249 0.13235306749998226872 -0.84446337631361811926 0.27674693348416284921 0.45857686473703968
4.6092181243330028195 1.716514861271001724 7.3459330783170324608 -0.59705702119483905488 -0.0071239526403887466072 -0.80216716633188078767 -0.32564381882987247785 0.91601647785272133362 0.23424328284870535311 0.73312960429914986182 0.40107737607677523828 -0.54923394077507525779
1.9344098952452359885 -1.6008528594668969269 8.7881262279933434201 -0.98418365083928793791 0.0099997527741359625714 -0.17686872636279205029 -0.052302793680617271077 0.93749637730470991581 0.34404209090388981895 0.16925412607644022001 0.34785132957189379699 -0.92214559225808157006
-1.1264204282281014002 -8.3801192843090976936 -5.0001027071231129995 -0.4281803785698736764 0.010742917695983605214 -0.903629433521981551 0.71210492029815153359 0.61965035457880046632 -0.33006063163833271323 0.55638848468925228286 -0.78480445194324899294 -0.27297220795393117854
4.344046058475979244 4.0379682492586557174 -3.2793864671930812449 0.42775053002740748287 -0.0041725770328139549087 0.9038872018466627134 -0.5619593258796180546 0.78201364359054958975 0.26954846928873699152 -0.70797683586299176017 -0.62324734322709252066 0.33216193195794546655
0.33608483721921389442 -5.1284429036381213862 -0.23235872771118520896 0.91286771548865608406 -0.014334639362041049632 -0.40800374034199421436 0.31664533894589436125 0.65568844550420102291 0.6854257011201371208 0.25769800802946846163 -0.75489547657067057607 0.60309581005901113926
4.6887812994640505337 0.48512775721153728048 8.8052969277624075772 -0.55412453694478891464 0.0056499689220775566739 0.83241460547443835161 -0.80358839667666925877 -0.26459014024009952504 -0.53313951871396192406 0.21723647548852104139 -0.96434440711766422627 0.15115613840809957735
-7.8148348162232146308 1.7237580808903232299 -3.3050446460666176307 -0.30297803390830252424 0.015071976202440294512 -0.95287834821796013607 -0.53455593891069141943 0.82507830808029580805 0.1830183971918070418 0.78895770428096256843 0.56481733424944002842 -0.24192378921228846478
-7.2380871094659147147 -8.4085764011597490253 -0.16074416089123780282 -0.91699377798092762681 0.011395534332782300546 0.39873870258824062329 0.24325651997656497216 0.80819432218155085046 0.53632844701941484455 -0.31614660623417573104 0.58880563804259644645 -0.74388120286497649847
3.9872711620581378078 -7.1520727733436819662 4.5331541939006063657 -0.99522556446186583035 -0.00097622164915391572426 -0.097596735769588036091 -0.095364328798098987883 0.22260019019771346005 0.97023440472729161055 0.020777888114406031089 0.97490933030463300391 -0.22163049666121109604
-6.9731473723778680807 -1.5117402234405030725 5.3646421284674650209 0.70205541672157867339 0.013986169453359677609 0.71198495694484864593 0.55517892940380242361 -0.63689197407352537983 -0.53492520010416666487 0.44597595024561853538 0.77082618042259865021 -0.45489828684853295115
-4.5166645885309737452 -8.3626809162972541856 -4.0555615052651052821 -0.73545763204397263113 0.0012550503777497236044 0.67756955090718329338 -0.49357860501947831144 0.68410195944703933169 -0.53701458988346462142 -0.46420063780122472474 -0.72938531238920212285 -0.50250854115707621617
2.1814598444346611217 2.926737616239782902 1.1517702361862429683 0.41081188630207887691 0.0059493710817215420331 -0.91170071792030915603 0.36519491371151102665 0.91517901675742596712 0.17052871396357185962 0.8353839052030130885 -0.40300368766352268057 0.37379373811931243532
-4.2633120195215221671 6.2645969601805200355 9.1267262702472287117 -0.81032297553880505703 -0.0019377036701418775752 0.58598030736407835661 0.20263010418483515251 -0.9392315674622113697 0.27710125145965031068 0.54983426247565603262 0.34327876133971935158 0.76147355556267892762
