1125 17.292696884352682929 17.968806560800352656 18.477561601407678893
-6.3261114983936028722 4.2978666507799392349 -6.5154375860032098799 -0.22440008649627690707 0.0047726636789620262638 -0.97448541439154889865 0.33737002799981669066 0.93853028764559520702 -0.073091472685983607804 0.91423523525857264271 -0.34516390433150201389 -0.21221643140596763155
3.4393992074916184265 -0.33806688042351479284 1.5201838254782549242 -0.13928297924495916527 -0.0015854079127430309448 0.99025135100867245352 -0.58295598301414441877 -0.808223506555299398 -0.083289166878099590852 0.80047646658753845994 -0.58887371306007241234 0.11164755486052922728
1.1843373901501368373 7.6395543877861413762 4.9992970479489011737 -0.69667190725911409821 0.0032477488180882802329 -0.7173825379556122428 0.00094175521888915231239 -0.9999847502831467061 -0.005441718314582358329 -0.71738927140936292748 -0.0044666910259545901038 0.69665822462562054795
-0.29601184771113081551 4.1094081155599324617 -7.6291576613579632493 0.297858118527105864 -0.00039814704008137805774 -0.95461006840841577947 0.55883709476314313847 0.81081098835570863947 0.17403057972267937936 0.77393904330003293612 -0.58530793830342653372 0.24172913480785146456
-5.9736570899075562835 5.4862606660568609129 -6.8221782548718419292 0.6638387773962490801 -0.00048034343969139141513 -0.74787555575464437219 -0.47622237442309045541 -0.77132783714626018678 -0.42221513206277561103 -0.57665442660565147115 0.63643785000107755412 -0.51226607867615781
-6.6573509115674713854 6.6691494159087287841 -3.134908796891176852 -0.93921615288310689174 0.0045602401229273611255 0.34329611470736842715 -0.2800839337860395184 -0.58846744491597213766 -0.75845834184157745472 0.19855983530943266402 -0.80850805220727017808 0.55397537970342913827
-3.7154220455867559281 3.2703871985093972974 8.8783459863231026787 -0.1397544349470184466 -0.00016603072738080799139 0.99018617963817423533 0.96732053164092546282 -0.21368457669928389575 0.13649135777249865598 0.21156485289021706442 0.97690269429198672846 0.030023972204963656624
-6.1320747492595923944 -4.6855992143014466578 3.7946676383851261072 0.81702797162605966808 -0.0010927906506791433289 0.57659699911582040777 -0.5647828288297009891 -0.20291790855580085773 0.79990291826350012894 0.11612773070939801101 -0.97919514306184451957 -0.16640679662900195734
-6.9338550678673689376 -3.6339961195438164054 8.7630352390890848824 -0.83107695933373326724 0.0055407872028213249818 0.55612982957373024995 0.040361288448950913277 -0.99671282835218588669 0.070246026171944586647 0.5546909536483752845 0.080825970302723870731 0.82812143340543653558
3.347858123148098386 -7.8797462317393476283 3.3352340674694032074 0.74141297777592807261 0.0027961499800901149122 0.67104320124028282724 -0.54520301692202333133 0.5855166133294376074 0.59993663486611936708 -0.39122942977830721389 -0.81065558473413690255 0.4356340852308594469
-1.3565439995549160024 4.3853034846067560082 -8.6377921929801804168 0.40111321464597782249 -0.00034805533078199196728 -0.91602842089863034669 0.90824772777977180738 -0.12990994295201827025 0.39775554264517698488 -0.11913964083833311625 -0.99152573621658990355 -0.051792474368757598913
-4.9362129061636563776 5.4081582730842230333 -0.79070679548284117377 -0.99320185846073893998 -0.00023155484339465372962 -0.11640453054827064328 0.11553842533974886808 -0.1237371519635061673 -0.98556582199975273362 -0.014175352546073039656 -0.99231500220763435571 0.12292272277294111205
6.1594726016948966318 2.2214894218838057149 3.402593332823147243 0.97254406505208890188 -0.0028420615641559891784 0.23270144868095540835 -0.15564698506477200879 -0.75131261644137736777 0.64132937591904393138 0.17300883668897984458 -0.65994035720087895758 -0.73112698443255697001
2.5100961682239106842 4.3318517202740824956 -3.2135373826128259545 -0.14814381711507951245 0.012027975685492683228 -0.98889268237340266499 0.56562456741722766385 0.82126847773679079179 -0.07474581064989438417 0.81124734710491119838 -0.57041512539259897618 -0.12846916571206407065
7.3523380586611928322 3.1341382016147378842 5.9241259613964896147 0.91505628613429557117 -0.0035569823213148481916 0.40331047727870306119 -0.16623665118893865555 -0.9144002617549196188 0.36910369424370903513 0.36747431067704600105 -0.40479563878531354959 -0.83731900839083928112
-4.2945718988830732243 6.439478348486477266 2.8080250577636558518 -0.98987423746372860123 -0.00053052065121181389389 0.14194616075536425903 0.05652943484330438112 -0.91874696501657759917 0.3907792692415356095 0.13020528791746310837 0.39484646740271117649 0.90947394145059967663
-5.3053720866673259593 3.1841148892980144502 -0.97409434108416992348 0.11531211756495503284 0.0083388466324668744645 0.99329430642654714667 -0.52246006457923610533 -0.84996484123822257928 0.067788270211817880373 0.84483051345351578565 -0.52677341646608211168 -0.09365453134885863562
-6.6405859548852887997 8.7696808922890827631 -7.8807899487504480263 0.8584763252367437758 -0.0087512933448487123522 -0.51277852321739425534 0.50319251787434415846 -0.17878113210623627904 0.84547891562008303801 -0.09907415890809931347 -0.9838499487561731538 -0.14907578397916612656
-5.2422088084954410192 -4.5328454547722039081 -8.6413218089410470668 0.78081429603725849287 0.023552112934751529699 -0.62431909555928533084 0.33725583967089833859 0.82529669481416567667 0.45292810040467301747 0.52591589984653253076 -0.56420799666852361476 0.63646037015958822902
3.4199505515209325246 6.6734962713010146373 4.2695614105033454777 0.76926311437321137632 -0.0033921753308560399255 0.63892312057971301087 0.61250006417553137794 0.28856329068090147416 -0.73591772546704958824 -0.18187339621273265755 0.95745481377353891528 0.22405880329085631208
-7.9388740348383768364 -6.9424600611236018111 -7.4614268356250619263 0.91983154457079741029 -0.0026141811686144680177 0.392304850427584062 -0.31823976995787384148 -0.58974547845222957676 0.74224235897864088152 0.22941965571724229345 -0.80758494085879661828 -0.54329843076214778819
-3.460800893834722558 1.0839503580738101274 -2.5746911314640774648 0.98147868438554308756 0.0019526744256508094671 -0.19156142398558964612 0.13797543046630220132 0.68649415030732008347 0.71392475946818023669 0.13289985961024272654 -0.72713270360826276484 0.67350995438752914168
5.7628196861945131246 -8.0651718263932608011 7.5874632925730374211 0.78855390922463086678 0.0058545237354431824139 0.61493776660617305296 0.29441631297801779121 -0.88150418509082861807 -0.36914686280647746042 0.53990903576368609595 0.47213991169922692182 -0.69683723844356237898
-4.1393041427642751628 -5.4499806968561372855 -6.6941211088479635194 -0.075227629621477679067 0.0082605421626597667906 0.99713217137188037142 0.83782212988698723244 -0.5417298800319182428 0.067696497343559564053 0.5407355013436946356 0.84051204662631318065 0.033832189741237472802
5.5385064627891864575 -2.2371646201500730022 6.4909840938165332958 -0.66736053988570243067 0.0026947112950114256863 -0.74472991636866181508 -0.62677180458435188815 0.53805924445352426577 0.56360389852810455213 0.40222756591467129228 0.84290271561394536359 -0.3573905388078163492
-5.0292030152975684132 -7.8995813316817962146 -1.2381137281751026791 0.099349668387790135426 0.00072854085624435424226 0.9950523165238227552 0.94003845481662462458 -0.32796891079295303895 -0.093616756083853142067 0.32627802080079626457 0.94468823575915161772 -0.033268458949453821871
3.9805154901246764254 -4.5411364723902609697 2.9553587254315658583 0.6899850108890062117 0.0067194904908088569362 -0.72379246555623188986 -0.60847127997977257241 -0.53619463231715236429 -0.58502821958787454282 -0.39202472650104280838 0.84406763041942911574 -0.36587764223808233455
-7.6868289645976686231 5.5848761361348095988 4.5822907886812336287 0.98638048711903802968 -0.013865787845078383217 -0.16389409555697176391 -0.16431176659962354325 -0.038066978466333944997 -0.98567365213195379248 0.0074281887386111709881 0.99917898550650430245 -0.039826836858807959652
8.5260648486410577362 -2.1304297318115787974 4.5485407927828704899 0.75814066268632851475 0.0012141386176396191596 -0.6520899182231828517 -0.60900313875197253921 -0.35615405274268618907 -0.70870972034027623909 -0.23310493896804435066 0.93442646397788398094 -0.26927545533581859205
-1.7967587890541192319 -4.816312355849846405 3.9803216438252762011 -0.3569321646887276267 -0.00077667773040572454096 0.93412998377235789693 0.67604079502689284897 0.68988769064755761651 0.25888958602536016329 -0.64464585104536542559 0.72391599724329780408 -0.24571804098457514232
8.4388924452107865193 -8.2413605070811701836 2.2807827609244113454 -0.99786983575672172364 -0.00936094705688332758 -0.064561316257204195979 0.053659511352426914055 0.44504625704458000701 -0.89389847630036212145 0.037100508460974693237 -0.89545865441172534105 -0.44359593157644994221
4.6380420551907617366 6.2478223531666650103 1.7845141588649864328 -0.92211820987226555957 -0.0048758216072717257619 -0.38687754313939537454 -0.2019157920345589774 -0.84689292156884854457 0.49193738658867425251 -0.33004245173764990007 0.5317411078336469199 0.7799508794089001773
-3.2014998080535734815 4.6605182244680616321 -1.1021425526139558837 -0.74732049461616190111 0.0021382817998565014674 -0.6644603118901961647 -0.12735525215524848286 -0.98191602826945556526 0.14007695447690943213 -0.65214470639193355961 0.18930488947200749261 0.73407829333572915953
0.21985166424580301903 1.0719987528280978673 -6.426563591757410876 -0.61081397994903297022 0.0089599263767716104401 0.79172343758295671279 0.66962492581951227333 -0.5277355481694926409 0.52258745671860440396 0.42250294746903538368 0.84936147247076843048 0.31634846050236531401
4.2180853948999263991 6.0915872664237689094 7.8633801558633331652 0.72049606565157386928 -0.0021629474913696369529 -0.69345565181782431452 -0.64221367932568917958 0.37519057239186903718 -0.66842622964283504583 0.26162379377072719766 0.92694517423939970513 0.26893425681150201489
4.0975775256220368092 -7.0387926663839435193 2.4791084676021677424 -0.89340750493789711228 -0.0029912094157215404072 -0.44923722328753257216 0.015925576600452222981 -0.99956019019025998951 -0.025016038788323341491 -0.44896481613902494701 -0.029503878608467544453 0.8930622122876030744
6.403846800406897799 7.576093776491138243 -0.94983881587128993207 0.82069876694354781943 0.0094899414628279877421 0.57128230757555809038 -0.43057929626722868388 0.66751205659762780087 0.6074776736002527322 -0.37557290046511876414 -0.74453851163508122379 0.55191249408637499396
-3.7874506157771445913 -6.9811375440554117588 -0.50918388852698437397 0.25173078731531517427 0.0099438238875675412365 0.96774621212586742214 0.4086214957116264257 -0.90753849640923300868 -0.096965719600988820037 0.87730273221954324647 0.41985116160598462409 -0.23251864041006845008
6.2720152162205238255 -5.8342673387787984396 1.2351516333267480441 0.059051132865800937122 -0.0036390826918678825103 -0.99824832621175796366 0.93613401201763291049 0.34745532726885514085 0.054110138567742264992 0.34664978761089321191 -0.93768947558859094826 0.023924299775960302522
8.3862012168548503155 6.5125862406268311133 0.052336762772856870729 -0.45502906093710715485 0.0015148882876021821289 0.89047529938581815312 -0.71630185086415953943 0.59346074985888863651 -0.36703677857283817376 -0.52901815862146617242 -0.80486150578226900443 -0.26895677042705479209
7.8581566554878756747 -3.367231809922724306 -2.0003804550534356466 0.64447211500456480504 0.0059506193936226491059 0.76460465804901178721 -0.49830126277686259684 -0.75519280373386932226 0.42588693417866829716 0.57995822650984363289 -0.65547571985376962278 -0.48373550230012302142
8.1360551268926659674 1.817741943549695538 -4.2686218692364823468 -0.42954844388951241019 -0.0082676858229538997824 0.90300596881927697179 0.55629719980634084742 -0.79011652563063083932 0.25738939646596636912 0.71135192404295399804 0.61290090658801965606 0.34399261454817353645
-3.773591210993422429 6.6774254494904496937 -2.3778619910543952187 0.87732798067484973892 -0.0036167699957077269202 0.47987762325398936047 0.33041657563479293058 -0.72064050071857999047 -0.60950976634489739681 0.34802370734024085097 0.69329949350831887589 -0.63104303453115762057
0.75511956257014989369 -2.1874062831327161227 -6.880498329607374508 0.77202536257693288313 0.0064288361061496128099 -0.63555921014804150904 -0.59646747069579231226 0.35274089999862207057 -0.72097185372941430259 0.21955271790521802 0.93569895133771208151 0.27615951282895379038
-0.68803650639341562556 2.1815280304720832127 -6.4617912960475170081 0.22968050286890914768 -0.0034781758038029595391 -0.97325986709348333292 0.6008554813839763753 -0.78616906144917619859 0.1446060071739623254 -0.76564976137431295378 -0.61800170639986506949 -0.17847782437677983669
0.5200900239745084308 8.6403780019171190219 5.0451034681817503724 -0.72869067072071258551 -0.0057272816080886166518 -0.68481903058395188211 0.52735656660139307306 -0.64266576663517016588 -0.55576592559937842974 -0.43692671933271992613 -0.76612525780081197624 0.47132486810335411098
5.8341156867435346456 -4.924988163551698328 -2.2333737301050979873 0.61923993238496954916 0.0059294031852100102797 0.78517943701939074685 -0.71294286824564012672 -0.41476866425358871471 0.5654020001478968771 0.32902032271241132833 -0.90990757625768203809 -0.25261399389389777026
-2.3954475371040424569 6.8245678270293472778 8.0246059125079547414 0.91624388784485244486 -0.0059170488679070321059 0.40057724164000335643 0.088331234318973356201 0.97826754338933874511 -0.18759052906448836495 -0.39076173178916590034 0.20726215786725643575 0.8968543175374081855
-4.0176735406397590111 7.5411864891360123053 -7.3085585098451595343 0.080865903769351779595 0.003330815223981556817 -0.99671942455114037607 0.74918757315094663962 0.65935625724909563417 0.062986556204956106741 0.65740298587987777701 -0.7518232715847342762 0.050824034274166859926
7.3719879674775361522 -0.18684909293519974538 -3.1920842546816570184 -0.93870913822388879488 -0.0015137913131304386871 0.3447069222548397871 0.31812088510498331972 0.38131648583164129418 0.86798435475110313764 -0.13275637941220169713 0.92444331685014691224 -0.35746370117314918424
-3.041418626007332815 8.6368936936572104912 -3.888370151696145971 0.81701823213235924559 0.0081166378574213833563 0.57655470560328359042 -0.23816725289702223023 0.91537022004742596426 0.32461318503401620505 -0.52512624007065000775 -0.40253134094168552259 0.74980727627095677956
0.42911379214538941662 3.1901443920225869277 -2.76229719613856739 -0.9026333063957143743 -0.0079789924227729111528 0.43033643799371640304 0.14678165078477042882 0.93418544251121904409 0.32519641140764071752 -0.40460877545852019788 0.35669860481839060773 -0.84205572508158088585
-2.8884285514271552664 -5.8195265082078933006 -1.5890955856778907762 -0.13867237236396309785 0.0031089157621068735579 0.99033343263050599425 -0.93947223162704618371 -0.31677601852531661608 -0.13055604194759387604 0.31330799406460768664 -0.94849527607171912891 0.046848822025855399453
-4.0984465401041809685 -1.1335483861424651142 -2.3556623402783909427 -0.55557833909026621555 0.0029344036795173784882 0.83145901787690823515 0.23498280675255506234 0.9597820961574685672 0.15362749892596036516 -0.79756867394870767374 0.28073068441233484105 -0.53392367728436684882
-3.6934364336026050957 7.6314571562000059757 -3.2494267128499720876 -0.94708899519791189814 0.0098881966079595578351 -0.32081873190757809189 -0.2288458014738138091 0.68004939069370873295 0.69653601871301262793 0.22506006825464081045 0.73309961791370759077 -0.6418044218392572331
1.1407663046063305501 -0.23180784151890776457 9.0565389315589985841 -0.40567090862441784749 -0.0025479175716598234484 -0.91401565742170765017 0.81015056748956237875 0.46199151875114713439 -0.36085993764593132793 0.42318692311052880095 -0.88688068234545580637 -0.18535232232201184766
6.0408695889680892321 -4.2935951068343509718 0.41195097674161346157 -0.14355625987478154437 -0.0056294867978784295104 -0.98962614614265242974 -0.79544782434349270428 -0.5942698658833162062 0.11876904163327561825 -0.5887736058946071438 0.80424600426829462307 0.080833196276935859181
4.0844395462403308983 8.5351751449147030826 2.8706049779506650488 0.54832433266719216025 0.0035506282678649885541 0.83625822521749049177 -0.47638740819297498152 0.82319905428887840682 0.30886624019637903826 -0.6873103109371224706 -0.56774176353033845022 0.45307154669334509522
-7.1713107785523995119 -3.6048329956647271466 2.4199231259570139763 0.84537952521471704248 -0.0090723007654379492909 0.53408908592713399965 0.53385908829172279422 -0.019546648156932137225 -0.84534750392609103731 0.018108898254029833635 0.99976778399000776343 -0.011681005923222078161
-6.1152239221456552443 -4.7214324874061581738 6.7841334317494759176 0.35133882913041153406 0.0016334333646815355108 -0.93624695408881619674 0.81906952037526370436 -0.48494366390613347084 0.3065204130717957276 -0.4535263475672386968 -0.87454386667154537793 -0.17171743455357285635
-3.3614290475499091215 3.2402497526651155013 3.8417803800176124618 -0.70721824873391547772 -0.0054406044489280214194 0.70697436196890073301 -0.17345395636869201383 -0.9680732714238236003 -0.18096371507742434193 0.68538753539748176191 -0.25060834179611157779 0.68369538929583317799
8.018152149927203709 -8.3353250138539110026 0.064453818067287643734 0.18306893467541562881 0.0098481033578215228241 0.98305075149611209628 0.64677288837262092436 -0.75428168944601603485 -0.11288916614317313913 0.74038543747355667346 0.65647707334415539293 -0.14445503158568490099
-0.78568972022743488459 3.0004019852745149599 8.9256932544785172468 0.2864382471647952122 -0.012398448582956946018 0.95801848052814841949 -0.85151049048473081982 -0.46164764649790146489 0.24861885503192149294 0.43918448874660581671 -0.88697673529569398543 -0.142790951704715674
7.9276468039813634547 -5.8622108647215167565 -7.4380867350994419596 0.69506077497211349314 0.0034282068004123675102 0.71894281169851370628 -0.50220930645815087257 0.71788712388619280169 0.48210360905638133255 -0.51446703645797664528 -0.69615107897384342905 0.50069685803049779338
-6.5865720429304879247 6.5403078412065269731 -4.3917478029247360993 0.97235170654422031777 -0.0013887642082423766986 -0.23351708741458976348 0.008271028987943114183 -0.99915007293708280045 0.040382196933017040774 -0.23337469627203960565 -0.041197124701118623125 -0.9715137920050808118
2.938733909115552656 5.3890239064968161742 -7.2819033686641443381 0.57420509086715565417 -0.0065964400707560974513 -0.81868492144457627457 0.55817717513475517688 -0.72838383023947372852 0.3973603364759255574 -0.59893802248702987523 -0.68513756489046662157 -0.41455972114408379259
-0.40968256173877903858 -4.7645051740838937349 3.9048246444011196488 -0.54267906137330812477 -0.0040161921072915020975 0.83993053673976691975 0.82094870825929977531 0.20890806008418968953 0.5314138131806858123 -0.17760251899824378019 0.97792703850178686054 -0.11007294223730512694
4.1195633050124778052 -8.1912185571373772319 -4.6443194374592797757 0.91751915594130961651 -0.0004402055401722683968 0.3976913435065305702 0.001728898034566310948 -0.99998552252230843429 -0.0050956508496497049387 0.39768782907275429528 0.0053629250487153556914 -0.91750511150760871715
0.9642095715560402569 -1.6015604690231390883 -3.4719157133665010662 0.31893634327359421388 -0.0018410742322252510172 0.94777435045723601448 -0.93786439214386785324 0.14363100444957957458 0.31588054151681177473 -0.1367113414732587795 -0.98962959990400278798 0.044082469374137123186
6.142978804631650469 1.949978851663894952 -2.1291051846850845841 -0.85491463122837807465 0.0079968016819355457886 -0.51870707000596749658 0.5075665550445735974 0.21956037347271431526 -0.83316831108749855872 0.10722483626205488172 -0.97556614002491948145 -0.1917642848009079859
-8.3759253474784944871 -4.8183247343648192285 -0.89040497331030521444 -0.37202164775173246491 0.0018578453840257802554 0.9282221943128350361 0.72994162694375552825 0.61832079666541617247 0.29131531656630560434 -0.57339786785378066281 0.78592362276607763416 -0.23138484029689629362
1.2510806431264076544 -3.6573824221615400809 -1.4381008488366078257 -0.47132981814254776287 -0.005371676453789028631 0.88194067125946296049 0.84539987568943109064 -0.28767092772083285857 0.45004942787217472322 0.2512911711812715887 0.95771424884252298604 0.14012910065385494884
1.7990805797205007277 8.9432931689265160458 7.0326431676150278349 -0.73601205560293159191 -0.0075936963546654415863 0.67692583772704684186 0.33007345090149847744 0.86900028112572846872 0.36863264697167258399 -0.59104802767370179239 0.49475331952301576655 -0.63708820567006441138
7.9675232416549981451 5.302193302066076086 7.6006461219135719176 0.62399060218235768982 -0.0078305970038435000757 -0.78139260947306565797 -0.76554990455511395808 -0.20670297375637247672 -0.60926777715238122912 -0.15674524561885835872 0.97837240475760678393 -0.13497542585590555086
-6.472214875325723149 7.6542855827456799389 -5.8134820851466564307 -0.94368925697126493368 -0.005410305322402953962 0.33078892797905118384 0.0095471249180231459314 0.99900449940520996694 0.043575940308265045942 -0.3306953865462173292 0.044280229948375562921 -0.9426981608938244106
-5.3403116841259947734 -6.7753693326247210749 -5.865792873249917605 0.8746679636092168364 0.005020734073548352959 0.48469655008571344013 0.41423263557799305801 0.51155495004083317845 -0.75280997383860015493 -0.25172857815053806263 0.85923589619978013587 0.44536097451855771734
3.8993917826137391991 6.5371834012877254594 -8.8283674876863766912 -0.78032072760240656084 0.00079349904640178391818 0.62537903101473168999 -0.44851259119198744196 -0.69759272504135660942 -0.55874935839925532477 0.43581649534637084686 -0.71649407557125810442 0.54470195708806823376
4.9785308742533054271 -7.8520217022840368415 5.5551601430374688562 -0.93425618693086975863 0.004753083479734393664 -0.35657087006477422575 0.34434644850556633822 0.27191857312571432459 -0.89860214388292392051 0.092687111201279370754 -0.96230852525941812381 -0.25567831669992963084
-2.5567027807836049114 7.8827668646481123815 7.351451057509530429 -0.80832003388592577053 -0.014197123189873419799 -0.5885721404484850483 0.18238134569589689593 0.94449327164325569406 -0.27325721319417101141 0.55978189284852031271 -0.32822385884259597244 -0.76086354290725055627
3.1076021768971173742 3.755752086186733063 7.7514182027698863564 -0.7153955049511654396 0.0016399204904672028821 0.69871781296617885282 -0.39995611862762003863 0.81900223008440253825 -0.41142490236847978347 -0.57292615114673517418 -0.57378799026956750495 -0.58525461771315245851
-2.7810088601559614929 -0.096519950069498164358 -7.8888096104835607747 0.93936327036652778055 0.0069576898156427178371 -0.34285308346106802002 0.16997076819800543968 -0.87778914046095524171 0.44787962986422807932 -0.29783650589621191163 -0.4789966758147242154 -0.82574548155840166164
1.4669283964598052172 3.1917496929863249377 -4.4995294393122007293 -0.91795586358729119869 -0.0046902247972828124689 -0.39665480495889349211 -0.35605719200302943239 0.45054801779881437085 0.8186756132196514324 0.17487226346262899068 0.89273987557902845236 -0.41525318303722597024
8.1738894675692783665 2.1577295559987832441 4.7075907973637773907 -0.85642410482917818992 -0.0061754468815372661611 0.51623600854973550334 -0.3974669137214305592 0.64603283261340083143 -0.65166067219233736463 -0.3294811150346277917 -0.76328464090494829719 -0.55573262617398666574
7.0053253090477927145 -6.9901659925331003365 4.4730709319404322599 0.43109945691683632107 -0.0080649558023122933786 -0.90226837179070129569 0.44280231920418566816 0.8731588174826019344 0.20376404383320470548 0.78618023655722879539 -0.48736909620920010333 0.37998947315239139932
-1.5163008629343632805 1.9409198654440942278 5.6052662328998925645 -0.99256736440015991274 1.2978800342241993832e-05 -0.12169645417691692113 -0.044121664788285025471 -0.93200072926191801503 0.3597609197115075319 -0.11341651477630695921 0.36245639804953966312 0.92507408010869485171
6.7121178412902517962 0.95319669760984271356 -7.6139659881934331764 -0.25812797494664718734 -0.0012517981064253634604 -0.96610992208514212543 -0.781307606823180123 -0.5879306154356768177 0.2095137583866973352 -0.56826786999605460871 0.80891039332837078035 0.15078329978867532901
-1.8538343837143649306 8.438612358178541939 -6.3435031282923137752 -0.11387415679967755056 -0.0030850450162983227356 0.99349039195672328439 -0.33289749416333591636 0.94230465118491757437 -0.035230707276052500299 -0.93606192893049022796 -0.3347423290423962583 -0.10833115135724602496
-5.9787171814556607785 7.7151918860002881573 -1.7388190215154306628 -0.45398047310528405474 -0.0081288239706023800168 -0.89097455197109542979 0.55773404396765413615 0.77723341190137751333 -0.29127471504375490596 0.69486291183145332262 -0.62915987288230679209 -0.34831507018240071005
-0.89818665476765124911 -5.6262437890583036904 2.1124194506129256865 0.87144803457855679607 -0.010879664489824253035 0.49036716440806205064 0.16689630974849550826 0.94667518251048210498 -0.27559339725640358276 -0.46122006116540331666 0.322005794543571644 0.82679400303742911493
4.4285125985243327662 7.4395664167928794441 2.1079786588040905215 -0.85039790627760103447 0.0079568445726759529091 -0.52607992702961525744 0.49278282204017720414 -0.33831503825029929367 -0.80169072914433414656 -0.18435967916278300782 -0.9409992686066055434 0.28378140386715627885
1.5137234415759128758 -2.483245525570842549 8.5282370489029375449 0.24268109235148857539 0.0020482431437092666476 0.97010395943682870001 0.69749854465795868563 -0.695385196765910929 -0.17301794218750871091 0.67424154990264906218 0.71863428308067289763 -0.17018548576801884042
3.5102294235091258123 -5.1730434355328762663 -1.2873738092604709582 0.33624052378023050469 -0.0078871707783020814087 0.94174311927682896606 -0.47781921686698353158 -0.86313287975109664885 0.16337205356244666188 0.81156090724037399653 -0.50491526460355906636 -0.29398889334390704287
4.0442331216578990549 -1.3576061448597243064 -8.2664308861646365045 -0.9976826242683910495 -0.0032115671395943146474 0.067963718771476888669 0.010892335907297491862 0.97846357365336278367 0.20613197726758242245 -0.067162029832515304784 0.20639457568032906765 -0.97616112444550418026
-6.734693909432185599 4.1028140873434759683 -3.5123024116644452342 -0.15720579826020367187 -0.010517591819636910172 -0.98750985678925418121 -0.26869661296338681611 -0.96176462191266953727 0.053018319655951898217 -0.95030966909518121977 0.2736753410512109963 0.14836893382776841777
4.6276871059424822263 -1.5703829329459817465 -5.349141401884710767 0.99028948803383531896 0.0068831253996966138345 -0.13885010793735688694 0.13893781009076372479 -0.083467619099945655758 0.98677730085816273142 -0.0047973760178954879402 -0.9964867179979841616 -0.083613432155347458541
-6.458362276313257766 6.5683802957447277038 -1.9557827431082817071 0.93626241705700075091 0.0027614730321733702706 -0.35129056445328493696 0.2199178141124571717 0.77518459936742023508 0.59222039135778203889 0.27395043610707459081 -0.63172874809558787756 0.72516890955576762678
-3.3640839718295580951 -4.5567113915650772071 -7.1226928211880267128 -0.091079134100109551686 0.0027045075678869836232 0.99583998562547337841 -0.89296385149522228275 0.44243399877240702223 -0.082871687887576830911 -0.44081759408457699134 -0.89679699061115758507 -0.037881478010511532295
0.89566159202051487398 3.1511549081517640225 8.7410827620997686438 -0.68978424231496704433 0.0068222860010725191321 -0.7239828419705514051 0.5396912824842198253 0.67141662785046873907 -0.50787107759405192287 0.48262927663432764191 -0.74104869493143810111 -0.46681453820080609507
-2.2174837153204025597 1.0404279814726020703 7.4870885398057698268 -0.9861766526600929117 -0.0052901457703643968433 -0.16561287421438877776 -0.11599498644446662454 -0.69169734821114015055 0.71281129452152425241 -0.11832486157850927166 0.72216811950913650797 0.68152214512586706263
4.7137254373752837111 2.0086468728536828188 -7.0562896791623366255 -0.26440210836092559177 -0.0062572036688518534869 -0.96439222959146231329 0.95161574026281947614 -0.16405286152308573566 -0.25983483505884474862 -0.15658546541192944201 -0.98643170368150168148 0.049330375970774560657
3.3917284807373149214 2.1632770293803775807 0.82596032291140275561 -0.36610319809384739287 0.0096971925950608446609 0.93052373038030011809 -0.38604287442190932111 -0.91142592457438798004 -0.14238568439996343584 0.84672270989584696999 -0.41134991001524484622 0.33741947791533255518
5.6823089405635736071 0.95086206285746555089 8.1904363042408281359 -0.94778856953783408024 -0.0031512190227923385713 -0.31888383037141843079 0.11374483937613924511 0.9308407234103398542 -0.34727173676554512483 0.2979243846496862913 -0.36541157269503871108 -0.88188176280702257337
-1.5482290932335571743 8.9224531944213971713 -0.12896762669191136341 -0.94585297636924792197 0.0060497521613523102396 -0.32453897700012646066 0.26361973017366652217 -0.56903194123126987769 -0.77891417224329706492 -0.18938528178467536889 -0.8222931657001688599 0.53662572123047125316
1.4968012724331560825 -2.2810721058623073532 -0.082617238470277215567 0.045397272204451423472 0.0030585818409724855466 0.99896433007067386711 -0.98967797069035379209 -0.13593061093465477751 0.045391445683574178915 0.1359286651401819257 -0.99071363879168761191 -0.0031438678759902012258
6.1364728205135303796 -6.9191502357078205065 3.4191235396718182571 0.52954412813601214882 -0.0042132334280096184545 -0.84827192870035816874 -0.8481918080757101519 -0.017243309867035313404 -0.52940846704436295145 -0.012396494267705716191 0.99984244605266536787 -0.012704723568644535336
-8.4522406572682413639 4.0467476258799504052 -5.1293949524673960738 -0.94799003396750303185 -0.0015131127482297347317 0.31829641215103282592 0.18160562558834247859 -0.82382572937560294424 0.53696421144584971508 0.26140828650421665813 0.56684114009887587304 0.78125337096126601377
-4.3702976032375691062 -8.0217788973548795894 8.2979756506913933123 -0.40177271298014483047 0.010818369831414339707 -0.91567551565974614203 0.75289463600180028813 0.57310289143972992232 -0.3235780321701857698 0.52127569882380675459 -0.8194120079042978011 -0.23840219612702390206
-1.9000452770071500908 5.7959447078138524034 5.6875694778675720542 0.95484486888058039966 -0.0017695345530568534764 0.29709955422398087732 -0.29175932899815149035 0.18325103784303542476 0.93877342904032068382 -0.056104993674224390432 -0.98306455834655626091 0.17446003498769974138
2.7071796842412236828 2.0884969743836561129 -9.0806993720303470496 0.97934440987698589964 0.00084316396951704777104 0.20219746763302962056 -0.1585520812849885719 -0.61737890455295063585 0.77052224220523513054 0.12548212766302843657 -0.78666547991350932456 -0.60449289354770940896
5.9699537579343679994 3.1288007618907585083 -3.944586421002058696 0.91800129207573677448 0.0015758366589361996052 0.39657426099799447661 -0.072514869112441010524 -0.98246573644630907918 0.17176341422669366699 0.38989129447164455611 -0.18643656682105125277 -0.90179054388872281756
-3.9213253090907809195 5.5477750752019145963 7.6598989759157989354 -0.46315090341508552418 -0.0078227357876180791951 0.88624491280382089453 -0.78657897378422225731 -0.45714865968636037019 -0.41510073590369594987 0.40839289742417111961 -0.88935589487672406239 0.20557561524052136992
6.3836171120199685092 -7.2831284839050125512 0.050034575176790635487 0.37235128181205096043 0.0081642600205474331193 0.92805596156206704439 -0.92624929327346405827 -0.05971062049682307471 0.37215170093658894723 0.058453140574264185469 -0.99818234138762185204 -0.014671186005810405231
5.7805626516338382004 3.1538877729239498393 -0.088600733312853119372 -0.12930318343238908496 0.0041704914429235885598 -0.99159633609424469025 -4.7394269181169623728e-05 -0.99999118043956625179 -0.0041996186144389116568 -0.99160510512388111426 -0.00049602807250748170986 0.12930224069246162855
1.87110541245659312 8.5536851590604854323 -3.7972410804801444151 -0.87596512626850364658 0.00093369561873672506092 0.48237353345054095888 0.15544615839529876689 0.9471985178008454076 0.28044867572448040072 -0.45664164221109282416 0.320646372329357221 -0.8298580086439117931
5.8799860037269322532 -4.6060448328235059634 7.0329405362650465605 0.99763097034062930835 0.0036170847059368892509 0.068697625255239910813 -0.041159427101976293895 -0.76877189850851745945 0.63819720277060942859 0.055121217132065886135 -0.63951284956742027177 -0.76680177794516923839
-7.9855342042431542993 0.78556543040586312987 -6.7249010164578120197 -0.99785836533166905049 -0.0071262064909951954028 -0.065022303237522935393 -0.045648684233062120086 -0.63609773440335437567 0.77025701549192726603 -0.046849550318734514698 0.77157558895283917533 0.63441014349318947119
-2.2227096279496194597 6.5666347038389734081 3.7607653267905640782 -0.99950935289025022445 -0.0031120347835276243598 0.031166788804471115548 -0.018729871808076697937 -0.73815864611523818173 -0.67436711446151187399 0.025104688544711425274 -0.6746199881449808089 0.73773818269638369305
-5.075005601088368401 3.2766679854049383103 7.583894335425250155 -0.24236703846184481925 0.0012521122429262727341 -0.97018382324288454654 0.49835280836503287327 -0.85782764194376281974 -0.12560340406223260978 -0.83240777090438011765 -0.51393595800669866769 0.20728515143590695025
7.5060453333554182365 -5.905653649861124066 8.4651946944798872607 0.99140871922837769947 -0.0044959832190737524654 -0.13072313327395834737 0.017716033381623353532 0.99481520430599279514 0.10014415331338023807 0.12959511410273161225 -0.10159968216729080293 0.98634811855866222352
-3.2624672616732657282 -8.0019105555198866142 4.8370702351928072105 -0.58836783387610280815 -0.0045621924731744575854 -0.80858053306989163822 0.34437848759755329553 0.90334284722228241904 -0.25568566180370089214 0.7315919281538596497 -0.42889496006815069906 -0.52992675332368011087
-5.9314371979114159927 -6.8464484208911766672 3.2232014452449888608 -0.23506309419925675019 0.0051090530312997818954 0.97196668632344751515 0.27021187751979108826 0.96091087582815859491 0.060297843764439133796 -0.93366529494938022005 0.27681074092706819956 -0.22725521053369346358
6.1252635794986565188 -6.7893498085210515214 -3.070392981533415 -0.8812825206718932769 -0.0099468526713554442781 -0.47248510969099305479 -0.45006314894326737708 0.32265561351337684881 0.83266831153329157189 0.14416754392432443166 0.94646416476809069884 -0.28882746422147526077
-0.93614257074238527156 -0.074762898972176139445 9.162747306076997944 0.98904390206611114689 -0.017132106511771483942 0.14662418188151465914 0.014197800215974380744 -0.97759902528471354088 -0.20999659099993886469 0.14693734125476143326 0.20977758862429807252 -0.9666451163979832284
-1.1791122272846379371 -8.2852554646697313956 -6.7871441264506700008 0.095046393068388426717 -0.011506773350077251564 -0.99540633779958898053 0.41405051392654534936 0.90979123748475321243 0.029018547736933637815 0.90527805401513417038 -0.41490661402621847875 0.091236760987412776625
6.7951843624734848959 5.6529376208655115477 5.667972568977146075 0.49011565504163506768 -0.001075746943533834217 0.87165674864100850527 0.46212239353689094079 -0.84757306509219565438 -0.26088846797388770549 0.73907343212609233341 0.53067762539834728575 -0.41491170124104864714
-3.9982557552863680073 3.2436183116762915546 -4.6983674910860608875 0.9219726996068697833 0.0049835303593520046544 0.38722281131764701989 0.075826053930604306319 -0.98288501066751143842 -0.16789123071334410842 0.3797588059873487909 0.18415270899536570481 -0.90657102813014711629
8.5895768666618543818 4.1155732442585870601 -6.2062526922319847245 0.95360986209342302189 -0.00058956454118077109006 -0.30104465338559532883 0.17169407379994125473 -0.82035140673591910865 0.5454765938959934557 -0.24728399855309668443 -0.57185944241580322078 -0.78219396710760669134
-5.9419938586413918458 7.6962726104959671147 8.0606311588268440005 -0.83450352234460278833 0.0062180836464211953346 0.55096751867074011955 -0.48722623644051865632 -0.47530398784095639897 -0.73259587336174181171 0.257321716375340237 -0.87979966729810521464 0.39967246553061064329
4.1952606242064112152 6.5587690662972750744 -3.08744260475003518 -0.99339345065375828092 -0.0097822050918085160648 -0.11434054688396430577 0.10812892223248937729 -0.41352780398493316216 -0.90404805818507161241 -0.038439411741305551384 -0.91043894017931958906 0.4118535514355277094
-0.15853751452758976792 -4.6964044934065558579 -0.72171730183936977365 0.23291281414635217617 0.0051925490010941146787 0.97248375741781456494 0.84005198771527334056 -0.50488685443660397123 -0.19849917418558349347 0.4899635485846974281 0.86316991470498938277 -0.121956629202100722
-7.72705979180261604 -0.99749731693230192509 4.2287315531616256337 0.99984423499481056563 -0.011249321548099294743 -0.01359994530961559922 -0.015395229889318101657 -0.17906244864163955999 -0.98371724920473979648 0.0086309121402729539752 0.98377339476676328722 -0.17920774286993468305
-2.7252087966148108578 -8.9234229014334829344 7.7240250107158301418 0.81040342136467391487 0.0024382048024354273721 -0.58586717760756323869 0.055096053841441984533 -0.99587686281464982141 0.072067322425519553253 -0.58327585197034126363 -0.090682574223429235349 -0.80719635234584097283
-6.3808708163505576394 -0.44210932308942890723 -7.3628087895361282733 -0.87645569153242630644 -0.011055731803198420166 -0.48135557706824128044 -0.22726264869523196688 -0.87186374251702947191 0.43382635119707052551 -0.42447274269211099362 0.48962371805199067509 0.76163738447680318089
-2.1707681569074863681 -8.2594234336027891885 -2.9753742248603196607 -0.92529357145598234435 0.00875763346995908111 0.37915051164195595623 0.3452281322039206235 -0.39441574740783963415 0.85161831528656461998 0.15700109349093652189 0.91889037542725615637 0.36192697411182539469
1.0696678961707679623 -3.263929948085804611 -6.9996848863122345108 -0.60543709136889645173 0.0021440560150397100156 0.79589027599205774965 0.6013389654830979536 0.65631817055712371456 0.45567302705833351295 -0.52138026140874282888 0.75448118732046276502 -0.39864866862065567732
2.3411384959508509951 -0.11550122253585509702 8.6851263395155360314 0.15006131877885886539 0.0022191043241383996698 0.98867420123238047847 -0.94614580137037351815 0.29046887650551406201 0.14295437849465003621 -0.28686185378243039823 -0.95688186698116484141 0.045687738911646805229
-1.4655993431225406987 -6.9263564101115653315 -0.9220919227137255314 -0.43660498040798306763 0.0046630182588555555909 -0.89964123257218875374 -0.85461883324924103889 -0.3145705865511883581 0.41312467359436372272 -0.28107426231978221987 0.94922263054434730112 0.14132818800196134124
0.53676996189030690143 5.6558419113373838982 -9.1578971194023957025 -0.8482921023150210571 -0.0021787883286777023212 0.5295240901331665917 0.45487689921800633641 -0.51493198927870642567 0.72658932897131756068 0.27108580875364446383 0.8572282655738349133 0.43780382021347463706
2.1421458087114726432 -1.2977580356184950094 4.0949549282949684326 0.97484252364136547708 0.0040368689528782640205 0.22285815621006546672 -0.0020811942099651123232 0.9999572470802855495 -0.0090095861123931052228 -0.22288499889190280245 0.008319116558187605176 0.9748092477858015803
-3.5870549091467798242 6.5610498262709118222 -3.6560962648769259609 0.93061069795823947448 0.012905902150419961555 0.36578295003328492596 -0.32920234536174852735 0.46629906681078059361 0.82109134455289178867 -0.15996732370662403167 -0.88453299428617537803 0.43819155327913522635
-1.6363983139164632874 5.5786775520774556369 -4.6500643389951008544 -0.87487292586471865352 0.0012364276057037250356 0.48435094181328802732 -0.14571925137089866698 0.95299529123982051892 -0.26564238113409421871 -0.46191261442907710633 -0.30298258385812509852 -0.83356960747725861172
-4.9516758284467492501 3.2127617002752781872 2.0994473293489614996 -0.74161352863125762358 0.0044781171745186384645 -0.67081243326117989678 0.30009948621015619663 0.89655013573135300398 -0.32578850884666260557 0.59995805897393239547 -0.44291963219832747312 -0.66623759041795505009
