1125 17.292696884352682929 17.968806560800352656 18.477561601407678893
-6.8342827645154473615 6.8088728320128746319 -6.9002338328763084263 -0.18120189670536790416 0.0038253486869234470599 0.98343847765773761971 0.77161513249673618908 0.6205461511649450479 0.13975894095355065327 -0.60973433553675160379 0.784160596422781353 -0.1153958365182996687
3.8648565482331500576 2.058473204226899167 -2.7953594702476469713 -0.048822554380916587113 -0.0013613304625696642184 -0.99880654030852267233 0.96185093898685125602 -0.2695675571130869419 -0.04664872261790986574 -0.26918233477235137263 -0.96298051845891596834 0.014470373700274621193
6.0337122431897789454 8.7823302288338744859 -1.6572072587342965289 0.21036914900390393801 0.00094096175635056391803 -0.97762157082298528632 0.88529835615302565621 0.42402819540307989943 0.19091073855586690455 0.4147187501670056009 -0.90564849919528989108 0.088369418724582204927
1.1370951611482054133 4.211860294205467703 9.0361263792304420406 -0.78987389544011488152 -0.0099115352326555224149 0.61318919655506221034 -0.61202626126751547009 -0.050888944883199040137 -0.78919843563440905676 0.03902671932695128687 -0.99865513404686911958 0.034129729277984258151
-4.4362463887680014807 -8.0748578365104908272 6.7192585512401006298 0.97619247010149168275 0.0056380937837022249148 0.21683282319722912979 -0.11606730178899712924 -0.83092288494829114054 0.54414661693817156785 0.18323930466100477044 -0.55635903081381277158 -0.8104862651885845759
-2.9809087405904164392 8.43047545518421515 -3.2449178477402722542 -0.64293071268284573971 -0.0013859071970431765045 -0.7659230887955982281 -0.48219889288415362927 -0.77621441917037914404 0.40617164250274812032 -0.59508346170117465412 0.63046748903734617375 0.49838380679593574651
4.1666196643627158025 1.8717500101462816176 1.3970317918757322317 -0.036859280875812611145 0.0088508125538433232021 0.99928126997876887128 -0.29449929906220717601 -0.95564868550254855606 -0.0023984888651137695192 0.95494060352748366682 -0.29437604014971824329 0.037831081410800007636
3.4735834412828214823 -1.564641420282281592 2.328113067434927963 0.7608577651584780277 0.0015308146532098346627 0.64891688050528151255 -0.14109409971535433193 -0.97568304005244665955 0.16773508988759347482 0.63339396604599462748 -0.21918088867556292931 -0.74214002844201221176
-5.3479974902415055027 -1.3845960539264641209 6.2896909126144091573 -0.37556666560383306086 -0.0076494390506156844517 0.92676381336849167347 -0.79455043706775485557 -0.5121264108810579252 -0.32621487126361259357 0.47711558624997518763 -0.85887602444154520498 0.18625974336126840947
-1.3828941364973135197 -5.2693646565575420482 8.2182155564127530312 0.79715861036423818486 -0.013464001204923877961 -0.60361980632993761375 0.60166588098347950631 -0.065677003950455031811 0.7960431513508670065 -0.050361866353759381087 -0.99775009487539378927 -0.044254159055461608774
-3.0921874716502681935 4.2078787200265956869 -0.77839708775548333008 0.32372977145630571494 0.0040692728423521173919 0.94614083311711194568 0.82216782770435459238 0.49366474864742121431 -0.28343461156091614983 -0.46822974933323696645 0.86964277548974555643 0.15646835104261797023
-0.6216067221049068614 -8.1266085330054327329 6.868771813597277287 0.61077886971690076301 0.012031245210191813047 0.79170980886032249479 0.62241614047625570816 0.61076286986414052294 -0.48945568223289898091 -0.48943571629178306281 0.79172215197884743265 0.36555261411187073284
-3.1266515927984794843 3.2107817184001108402 -7.5374384799079665598 -0.75642619214762640834 -0.00070531199405362947352 0.65407867903496863526 0.5977881051399496215 0.40510674778598021462 0.69176434155849819696 -0.26545959614721531539 0.91426912090123857446 -0.30601172752058486415
-8.0029150394530059742 6.4605701027512676404 2.717422930895755151 0.72433058968883745621 -0.014746188535672189249 0.6892951086180511 0.31042009011876753322 -0.88572748846346094354 -0.34514661208046570895 0.61561722238056770795 0.46397129879302501099 -0.63698200084846046121
-5.8284688859008468853 4.3332165894257537175 -3.996903122751478854 -0.8506041499351159052 0.00098311196242357621819 -0.52580568045989595216 -0.44553919591904561637 0.52969546249039167751 0.7217461755473530971 0.27922644039004751448 0.84818733220201236733 -0.45012314368279993104
-5.8358102897212020821 3.9496271888088614332 -9.2328952737821090579 0.056639684327692681187 -0.011930820326366404355 -0.99832339534114078461 0.91237608339695086546 0.40665702577136592089 0.046903580203897600465 0.40541562451944829215 -0.91350299338146279116 0.033918320690542611007
-4.8177903472224095083 3.3031200105761375774 -4.1905843753282479014 0.60134651178638165447 -0.0011178863612975572031 0.7989875612875823041 -0.79784797746771130011 0.052568470182614304709 0.60056237044371929557 -0.042672914274946967261 -0.99861669637168248848 0.03071996280184991629
5.215453060263914864 -8.2892177146047245628 6.4789578621101124867 0.017909772514079214112 -0.0015380938787164085899 0.99983842410455203709 -0.60335563119518564879 0.79738143734808042407 0.012034354069001291371 -0.7972711096945995779 -0.60347367601236301393 0.01335290254668079768
-0.0087834540520047577061 -2.3172772847053288992 8.989995157471593501 -0.00080669047461184514858 -0.0039623993482852211054 -0.9999918242874128449 0.62966239019909975294 -0.77686463929762328284 0.0025703263023174605095 -0.77686847253505830757 -0.62965516880278193934 0.0031216631492501610567
-7.0377987540616508966 -7.1395292785301842642 2.5584532567466382602 -0.96479531740449042676 0.018249946348339603219 0.26236793815675385488 0.24588578701832183859 -0.29141152629214012171 0.92445632784176479113 0.093328319692842220956 0.956423683208761366 0.2766650735834503827
8.4963496406283045559 -8.2162151702311057022 2.8067743135566565194 -0.23750427173279725634 0.012155448190505518599 0.97131043749553580557 0.96539466816725982845 0.113844040894413287 0.23463305186396718471 -0.10772583526173290513 0.99342426960093055399 -0.038773250895994954002
4.9764219607655642008 1.7382863683631193386 -1.7006661998035987882 -0.37050515167856995502 -0.0020578511337696440975 0.92882813147987319802 0.88968512139249433801 0.28646421527450127709 0.35552586142255404589 -0.26680764110628030217 0.95808873212038547784 -0.10430562799507527016
-0.2699897787408173655 -5.7104124539335945343 -7.8565084714943562716 -0.63725372087601428461 -0.0058058418302449786227 -0.77063219984016517738 0.75919640670438670593 -0.17652059485771287584 -0.62646731410206335511 -0.13239528419497442746 -0.98427982392809121315 0.11689618013966718291
2.7884399696687109937 -7.9967651819775991129 6.536042257845993575 0.82836254912270834705 -0.0004899033955130548991 0.56019215203867656072 -0.013101162251442517379 -0.99974304884645381897 0.018498535916627360798 0.5600391475234137717 -0.022662662642733935603 -0.8281561187138943847
0.55201550906010532493 0.95417297557514979545 2.7972453626776077051 -0.17060965924942594896 -0.001746688334615567606 -0.98533714699626318012 0.75409830676746925082 0.64341884087546930004 -0.13171157480207232315 0.63421454406321742248 -0.76551234104125820412 -0.10845629448075229384
6.5265336957151909303 -7.3225974226821248791 4.1004695188892439361 0.92400611187431880289 0.0086091389223825684485 -0.38228077109089902974 -0.35686518542604650506 -0.33964470518380762698 -0.87022336998717852996 -0.13733151368023510663 0.94051441082416209483 -0.31076148149781290808
8.0502234937425125594 -1.5171540898754458659 -1.972949361684463998 0.54938237421985258724 -0.00033487494256189548336 0.83557099923064370728 -0.61486604857469950858 0.67696809168208593732 0.40454164823229893377 -0.56579037567510748197 -0.7360122897772981565 0.37170843424659233412
-4.2910545715014949408 6.5493154939302096196 2.3478779433027154866 0.82119408227415136015 0.010518670165382531384 0.57055204566818162881 -0.20183022385833998547 -0.92985181212570333642 0.30763642213448655349 0.53376477963186275133 -0.36778385644875327687 -0.76146581995531115172
-5.8175172703194064638 -1.4222128677179712852 3.7062005258865347024 -0.32951675555713416665 -0.0075612455262554969376 -0.94411944973743522347 -0.94413938216504889045 0.0073200390850831137043 0.32946508779002919853 0.0044198248519963295386 0.99994462076341616985 -0.0095509452094766997959
-0.097222285229531357764 -4.8206373945079246113 1.060749626502785814 0.3254258938080490382 -0.013049786623349660802 -0.9454774934965590738 -0.057320102172403769591 -0.99833812231706908769 -0.0059497407893077886368 -0.94382858270254021971 0.056131066243134380978 -0.32563309088024822158
-8.0469375128263891384 -1.3300546267934607592 1.6909578695509936974 0.65813990727926741098 0.013903067049076081596 0.7527672729156272835 0.2510814629430691558 0.93854071213157275189 -0.23685318371933075654 -0.7097957180856484527 0.3448884405112778162 0.61420029484610294546
3.5063444739811227002 6.4477063206499680703 -0.38839053306646048602 -0.97669417595882435101 -0.0029074381969159774838 0.21461601396715773715 -0.087040095973658651585 -0.90863500508756522844 -0.40841945255133677017 0.19619507725966245371 -0.41758109910848856261 0.88720545384167093239
1.0090485990149975493 6.501052150125717688 5.5593672879548847732 -0.38039656624746753799 0.0033157193188009699558 0.92481752707879660846 -0.9155085964478024696 0.14022113851961243158 -0.37707034110630405221 -0.13092922598455075667 -0.99011465917705332451 -0.050304070068182993314
-6.0713458112915619225 -3.8357317621619952952 -5.0642277835426208199 0.28086284227101043776 -0.004275112001734405337 -0.9597383952144808994 0.47761118192239787605 -0.86675114251017060241 0.14363152808539086935 -0.83246839143253492654 -0.49872254849230401863 -0.24139634813091209731
-5.6878398246409327399 -6.9606439807961351107 6.4758069129993076629 -0.74142689398947381196 -0.0060038994503447094819 0.67100679136644658662 0.12713885054344958858 -0.98310462606098714122 0.13168525695523092267 0.65887925566908100983 0.18294602321000183465 0.72966353824224383651
-0.21863196406041537911 -3.710878002056802849 -3.4249670576122324128 -0.97730773972159756813 0.00049982434605524896781 0.21182382315501877001 -0.1710928677158961575 0.58771459525627511855 -0.79077100676457579009 -0.12488719909257564589 -0.80906817061248714751 -0.57429250631040340558
3.0650633657638803875 7.5655619622571093075 3.2093610951726381231 -0.80497554161512507864 -0.0029509301447334483626 0.59330065684542998561 0.59184119028289294828 0.066278981086168198278 0.80332502895817392563 -0.041693919057434671027 0.9977967672214995698 -0.051606476688101345085
-6.2850832315626261604 -2.5244315583847507511 4.4210338874884591576 0.99523365233450744594 0.0038503191865628004151 0.09744307211379163447 0.029669695405454714343 0.93989589789424055066 -0.34016967868430231237 -0.092896105598450212648 0.34143941799932464587 0.93530178947799524902
-6.7970807800493737716 -3.6179970577164413115 -2.2023997555044863006 0.36449048964188995869 0.0040167712135488762085 0.93119844743739410564 -0.22479390400848511811 0.97079607473841811327 0.083801443857637103463 -0.903667186347557716 -0.23987256371046503101 0.35474888230646672849
-5.8975606188940457031 8.5612646021747984548 3.5970292503647831595 0.91594253830487348811 -0.0041739137173244494211 -0.40128773338844475616 0.21679843890749012081 0.84661989168074591738 0.48603826587775744716 0.33770949558917523481 -0.53218167711269637188 0.77636007054356548363
1.9401173317943465335 -5.8472675713073911652 -6.452735935959523772 -0.58338514759359194617 -3.3469109500772545318e-05 0.81219564665602461684 0.3955306078211103249 0.87339621495803254625 0.28413832894245794058 -0.70937811345131873697 0.48701031875859318587 -0.50951314171338302206
4.4766051693876685036 3.2384259642664741108 -3.156944617657463148 0.056597833866094043875 -0.011185301007775764331 0.99833440000986051199 0.71086811913946079677 -0.70167436500557978096 -0.048162253739060779945 0.70104436549533866163 0.71240997644282599843 -0.031761975249282946299
-4.9797936574499983564 2.9940316179111499117 2.2970247703533042127 0.77392674871334776743 -0.010438046815646044932 -0.63318909877282492094 0.09347292077863890436 -0.98702955236888090251 0.13052002080744498635 -0.62633872681431224105 -0.16019896981298031857 -0.76291289762567826571
-7.363983791408422519 4.2704656547858164117 -2.6743841096047176187 0.92040161511041984621 -0.0062858556835754322845 0.39092372007876630136 -0.045533847337846711234 0.99134334160185511031 0.12314644862286362736 -0.38831370777836649033 -0.1311444511983894945 0.91214779354624753172
1.8916457041016547791 2.0457117791434376031 -7.3079244258720237326 -0.905936779387956026 0.0016096448786432258037 0.42340992052074011287 -0.32513082543455390505 0.63794317793506571945 -0.69808197804997407232 -0.27123513434719803694 -0.77008175589949945383 -0.5774128428830613835
8.6348046870649692863 -8.3981779735203456738 -7.2127151027182403453 -0.59209852522865158431 0.004304386738086096037 -0.80585408646775247288 0.1905074935277351611 0.97238933986143871735 -0.13478080958837421188 0.7830237744356360885 -0.23332476074848634839 -0.57657031200888375633
-1.5378845508629350736 -7.001274612352781368 5.9732640631775746343 0.040316506085888624555 0.0038602832368332469677 -0.99917950216694906285 0.8933719538138548133 -0.44800551256752885187 0.034316364145085855031 -0.44750545412994607863 -0.89402245996525120386 -0.02151068575150776388
6.7382841196702427666 -8.1716789351872556324 -6.1411329688365050572 -0.16906493079011936098 0.0049141066296984597245 0.98559266471154982625 0.65810020085461129469 -0.74384763057307401457 0.11659686156136893354 0.73370373776638686536 0.66833117093751592819 0.12252457362118898687
4.5729534242128773158 -8.2631373212931116257 -3.921663178273976591 -0.043317323953184910801 -0.010760409249505994284 0.99900341492824551448 0.97037550865451915882 -0.23834939537044083635 0.039508707013897893801 0.23768673006479476562 0.97111985836933512051 0.020766295572144863324
1.8796633122495918222 8.6463440838526306464 -6.7914305431593984252 -0.92532939201276065422 0.006022130134678272545 -0.37911640722301559459 -0.28898802823000607765 0.63609257415487541198 0.7154524139623347212 0.24546167891690473528 0.77158925021919155807 -0.58685483139325367308
-1.0175687114085569807 -8.5352958637685496512 3.7097611557075853561 -0.99723613199238325677 -0.0036912510484808300215 0.074205604334860203464 0.060458008944940556939 -0.62084097394003523451 0.78160176191704100468 0.043184791343815524811 0.78392784090309952649 0.61934821712310705877
-3.9312229716533724222 1.037383439533446472 -0.4805632133417656604 0.026165412288624668308 0.0055596965364058713657 0.9996421664647697769 0.88930964212609620034 0.45657622845415191115 -0.025816816837045564181 -0.45655638383564728366 0.88966692496959376424 0.0070022135215346012829
0.65568889030161592313 -4.8040668987515475763 -3.9990216387196366732 -0.94926004577532940854 0.00022718197503444209368 0.31449215233940291947 -0.15653603870553636779 0.8669835197688093853 -0.47311314189719461121 -0.27276699595284464861 -0.49833675846547992316 -0.82295725349575277185
3.5371317407134696964 -1.4811899115971804974 6.2864166570420119129 -0.42583610529927967692 0.0035011614644575713914 0.90479354180499893534 0.6642521535722137882 0.68020030937979270025 0.30999454123312558673 -0.61435550611856493131 0.73301792678488297827 -0.29197950461233090902
3.7004345520416124238 7.5620744026749768807 -5.1197087111429748774 0.28551464537621934481 -0.0085460592103776059081 0.95833624169575448715 -0.94695832792128620259 -0.15639854948879727825 0.28073015316842625522 0.14748326161254313171 -0.98765705515138058068 -0.052746838334975197637
-3.6585243321806877326 -3.4974262665483868417 6.6914934296045069928 -0.97160605189491355826 0.0084672188697080558867 -0.23645292581395987996 -0.23561609243904413358 0.056625393576537036422 0.97019514623892155747 0.021604094635959830706 0.99835959003078456053 -0.053022562065957755395
-2.9327909211201328432 -3.6019926232801946497 -2.9750367900508747354 0.70392134911141912568 0.0092553599725414582855 0.7102176233923522819 0.41806533575042714723 -0.81375903600580001829 -0.40375438866094265355 0.57420911635843396859 0.58112870315522502374 -0.57669170365109534426
1.3063270176552708168 -8.112931086189847818 -1.8384884476848384338 -0.82228074666151040883 0.005022677120741128598 0.56905987943651670236 -0.54247481067892322493 0.29526762479846468956 -0.78647193816732319238 -0.17197515357941944858 -0.95540138290683507272 -0.24006820716428239892
-0.17994016370281318284 -2.6050319989956007838 5.9754491708465486965 -0.40466851419604166207 -0.015999601875229339104 0.91432346921537543949 -0.60210296986736000502 -0.74787192200738783487 -0.27957038818478124886 0.68826986516553900763 -0.66365020983402955856 0.29300681168183612124
-4.9614596724746498069 -0.30351828031033384336 4.758530338918858682 -0.75034403078616651595 0.00080342336094214525377 -0.66104704066682351549 0.51564879975719668526 -0.62500785675517067652 -0.58606441139478959723 -0.41363045194069780752 -0.7806180458491703833 0.46855663021901355902
-5.3999532145642428205 6.4615472440849117675 6.0445332538084057816 -0.19629468052496404362 0.0092673379916909034981 -0.98050115494297629404 -0.936433766705116577 0.29477698412081959622 0.19025858773512643873 0.2907923640195373971 0.95552113847862885088 -0.049184905701243383791
5.1172740121990445417 -6.0816681366039864187 1.6893481433384502921 0.51528168301800292284 -0.0071014192543062924778 0.85699145677809107635 0.83508701005617513857 -0.22062353367885648159 -0.50393942296918636803 0.19265116864840270416 0.97533318729117057799 -0.1077529627751355884
1.022974997168155431 7.7300208454878100994 -1.3946494760307810434 -0.45826855294972779209 0.0079604237417488094009 -0.88877813037383701644 -0.51154134249307825488 -0.82010820127957972936 0.25641371475480750908 -0.72685307201511617503 0.57215310000724572959 0.37990188451030953987
1.2168091409532026947 -5.9698915349746979331 0.23861066110405179663 -0.51962952779246784907 0.0049214369769057658699 -0.8543775121712700038 0.45522566169301581507 -0.84462813163530747751 -0.28173199354419559137 -0.72301780806707827143 -0.5353308310833099215 0.436653352797733596
5.9938568797313687142 6.3910864540076346429 3.881817783805745492 0.95542720680984938308 -0.0027456190383862901644 0.29521401400296476414 -0.18223751739695162599 -0.7921945480561890518 0.58242363042968159359 0.23226781899480686278 -0.61026245141421142648 -0.75738457909646739186
2.3252692043225979823 4.0683790992331783087 5.539591622156409656 0.74055031804425242026 -0.0018439139576769212475 -0.6719983827553660527 0.20209237880052541292 0.95431609543005990748 0.22008966453206102454 0.64089304636197552689 -0.29879322278849468342 0.70709172894347604998
-4.9524254450337359401 -3.4999935613951436153 -5.283049607116748092 0.26317995748469080741 -0.0013686528079761800351 -0.96474578867588189901 0.95022982578209980176 -0.17245679625823162606 0.25946470206628657884 -0.16673208501192160469 -0.98501613195614834417 -0.04408663758802359306
-4.2651845197780682284 -8.6000683420785186684 -5.5901077631536164603 -0.99998909855773221445 -0.0038982791822837490128 -0.0025702500308002135601 -0.0046678137657301266988 0.82049662704004744374 0.57163230885834659389 -0.00011950084867391936629 0.57163807469017346996 -0.82050587888463499819
-6.9691571847336328815 -3.7175159509141568748 -8.7481469309720516492 -0.99999125219088591532 -0.0015122840855761165296 0.0038998125983613178558 -0.00063258576547066446352 -0.86694892597574835236 -0.49839658865634972607 0.0041346555730244170801 -0.49839469574420147691 0.8669403854228165951
1.7763574454634467603 4.2075490321477611033 3.6957289559995087913 -0.62408324770728507147 -0.0028576619747449883389 0.78135263082612971264 0.61740458963748501287 -0.61468872578971900378 0.49088628324821104165 0.47888586596952714691 0.78876460630197409163 0.38538126993880728044
-6.1892731875000404074 -5.9955558058237059527 -4.6954204546144699961 0.18346055035243813425 -0.0089626222973065647337 -0.98298621448435063996 -0.81614511659467148252 -0.55877660479617241585 -0.14722722095986273683 -0.54795015751741238397 0.82926978561530007017 -0.10982826385970693994
-0.37398591708395312327 -4.7628029097207047471 -6.0176617567494172789 0.1822566139867045909 -0.0051193679489367899249 0.98323767153713670375 -0.93670814177731187566 -0.30492406658122073182 0.17204409535722195446 0.29893207219338846503 -0.95236290650733301799 -0.060369781536689072488
-6.5489797320345628506 -4.6751069090340129364 2.8410987458235634762 -0.99223306744964567816 0.0046804586012827026353 -0.12430459833145041104 0.01247071062107375089 -0.99051458126293501216 -0.13684058492280642971 -0.12376599385811810905 -0.13732792000425964041 0.98276295267552915558
8.5541583143061821204 6.3453372936349756728 6.9127877710518133014 -0.9988773380419597725 0.0067125260913915435479 -0.046893555421964286389 -0.042639766245920078525 -0.55866219064723743326 0.82829850119138537234 -0.020637681098563558091 0.82936813221580840683 0.55832122240160964033
-3.955820660119967247 8.6134800449779618248 5.5504359129461375844 0.99969776045250435814 -0.006970725531887581386 -0.023575341609782987651 -0.019894657552140801449 0.33397813903974715721 -0.94237084273880011853 0.014442657212037888353 0.9425550443497003883 0.33373851744061117097
-2.3992533021090114431 -7.0524314756769888035 -3.8137911969201407913 0.50876984711578832066 -0.003514611646009113341 0.86089540024946142882 0.080819006505308141342 -0.99538051408273786613 -0.051825865857614367149 0.85710065386354072903 0.095944148802082504512 -0.50613554455040110636
-4.2537775979082486089 6.3715845804886654946 4.0875544509642036672 0.71199387436798722284 0.0062146492054942310476 0.70215817377374789565 -0.061866641289843329887 -0.99551691250005780454 0.071544361216044863316 0.69945496034978571487 -0.09437931479697429793 -0.70841746405691197186
-1.2638909304946608358 -1.4093951166639389072 6.0803629559472627264 -0.67980153979811852594 -0.0008056569073554920371 0.7333956758837119061 -0.5240034927625989436 -0.69911263813276558476 -0.48647904248340984035 0.51311812096309183939 -0.71501109789998140709 0.47483568086166111355
2.3193949485789979725 7.7841247005359868183 7.7802675139300037088 -0.23562750275519833698 -0.006295121513895667216 0.97182305559745008061 0.78851257733644797288 -0.58577619763952759602 0.1873877308178323875 0.56809118575067540924 0.81044840534353479455 0.14298876511274213885
7.8299623089525898223 5.3884033669013513546 9.0700337378375373021 -0.61057651433814108533 -0.0037249785121625401257 0.79194851137792410256 0.073663304556632544506 0.99538664162970114102 0.061474801559373612458 -0.78852396139908786932 0.095872614442419151759 -0.60748531183849119319
-1.2332331083781347125 -2.5891991514587440193 -9.0650866609547904318 -0.064095896269466823281 -0.011908335571673141912 0.99787269109111986776 -0.81041408699586880982 0.58412021038344552615 -0.04508422585129761434 -0.58234072816556126106 -0.8115797997521138063 -0.047090391313486565372
-4.9383232830408658742 4.4388080212609617448 5.4597477979062301046 -0.64910140074121114306 -0.0027733634717111666987 -0.76069683843886959362 0.758257971251989904 -0.082452799551447394921 -0.64671971121897497969 -0.060927995115625487033 -0.9965911118914919653 0.055623152643539681972
4.4901591952235131444 0.77200429018481897536 -6.6794670405712901484 0.79300901691403169469 0.0051930958339638563087 -0.60918776321319179079 0.34583001311493122287 -0.82706384694882828512 0.44313315730050023555 -0.50153594200418294413 -0.56208400157431648303 -0.65766501659452503148
7.9800415638099959637 8.6536117571754047617 7.6649822647818899313 -0.97138273286011966867 -0.0012531687431585379969 0.23751634863578960366 -0.13486267563123963131 -0.8202479480777647991 -0.55588250772566405455 0.19551891218691261343 -0.57200675978691395418 0.79660568773706552648
-0.76319925013706935157 -1.3081742951764281369 0.7945575754798719359 -0.96840709583993056508 -0.0021772195192462573052 0.24936510670503247988 0.21710794774874256352 -0.49931655171771360813 0.83877715765580262985 0.1226859231986958676 0.86641689785931963463 0.48401438341518593367
0.25844199869415818149 3.1680648083011644367 -5.9726478217803959936 0.74325928203584734622 -0.0024142270801075166667 0.66899911149053115089 -0.63993774710419126794 -0.29411994197080648661 0.70991065604483205576 0.19505209431992726055 -0.9557654687434072871 -0.22015233194023520191
-6.6064767883259101211 -7.3959185418172808113 -7.1478059407448011342 0.33195818228187107257 0.0021683733119972452286 0.94329161099485359099 -0.93453215805386569137 0.13673745351257682312 0.32856127947510521681 -0.12827084929729473672 -0.99060494999985970743 0.047417531108702781761
-5.9556909167460325705 5.3654349886186176732 0.87387870625616781428 -0.34141896408743238611 0.0086377199958411095271 -0.93987152353650194048 0.80309634057564083243 -0.51684968525107710668 -0.29648384544539352348 -0.48833324555648421894 -0.85603258854405273048 0.16952536280778054967
2.1666496159678403366 -3.7598348010992088675 1.926783919893364283 -0.79336551600132076967 -0.0020331685198973908912 -0.6087421656543686721 -0.30447642173575995006 -0.86459691120467552228 0.39970775541952419108 -0.52712926937013915296 0.50246198598601143903 0.68532232271535542534
5.9604980738305908261 8.6793388721660189589 -5.0261083929316763275 0.41796703897595860466 -0.0068329026825111067317 0.90843649517780411529 0.87759618783711568213 -0.25540856390042498969 -0.40569865242596198085 0.2347945600384836462 0.96680906953085232747 -0.1007558318365750355
5.5942025153297549878 -1.5939437384091685868 -0.92749659071738121963 -0.47401522073516111355 -0.0025743626403836169722 -0.88051288642944669505 0.15384531640557128074 -0.98485580292311469819 -0.079941641643898914138 -0.86697242697307641546 -0.17335633852165685531 0.46723269444986431642
-5.1620993331816249494 -6.8990046403161615629 -0.70155799474294688878 0.85711899625424581295 0.00077069706957509989675 -0.51511788193221208498 -0.040070739934010300709 0.99706845592150261659 -0.065183050000539574653 0.5135575547701464183 0.076510785071460904461 0.85463719653796688114
-0.42422302760542462963 -1.2203359794088022294 -4.2208914226840130723 0.99628476612184446726 0.0082043654648213341224 -0.08572836858744539712 -0.086109724391181363679 0.11032343451198850515 -0.99015850002064453861 0.0013342258554316626523 0.99386187580822138443 0.11062003279953179502
4.0899036484400630442 1.8224570466432985505 4.6415248613703683489 0.26361391120041954839 0.0085037772630867352469 -0.9645907897104030182 0.94935684661945818341 -0.17951507739838393207 0.25786801810896942122 -0.17096573808343085155 -0.98371846722492239934 -0.055395790839292330388
2.7287805340998407821 -0.21895373988271443766 -7.2265395151731945944 0.14920355499232440533 -0.015935118180574615876 -0.98867809280168006403 0.856522783067286686 0.50168280341339543948 0.1211737877841908978 0.4940718786416108399 -0.86490487151345796235 0.088501649520302774765
-7.5563984019618679611 6.3496876383121581 5.8010280831062974727 0.99914841942983401157 -0.00036790982987060759368 0.041258945620636255924 -0.0048661257069247607077 -0.99403238362030044151 0.10897679172619902099 0.040972634428092909176 -0.10908476042368345227 -0.99318767525137852115
-2.6933532845941363654 -4.6473843790411883958 -1.7830378670357924786 -0.75751878312436360385 0.00015923544688281349863 -0.65281334840670590669 0.63973505384873530222 -0.19898265058224093305 -0.74239138306189056404 -0.13001674542505992083 -0.98000299969503423814 0.15063122683484067577
-4.8986003454668418655 5.5961363423934651351 -4.3513228626457856052 -0.93250925011139640386 -0.0068213805205239418095 0.36108166281942427611 0.27864151240314344316 -0.64964728610419164578 0.70733111851746821586 0.22975074759917768485 0.76020515153814083309 0.60770282338673153877
-2.8308478972292170361 1.8456374569583315903 8.7039122517538114465 -0.74613449179778879028 0.0013796001828453117316 0.66579382458299185554 -0.64674056587408401686 0.23602621115296532062 -0.72527116866845275922 -0.15814537806227688121 -0.97174570971629514737 -0.17521505370665707568
-7.8095131296737356763 5.1716920255460943068 1.9972063671193656109 -0.9633138466836453917 0.014295865088072649482 -0.26799638249192370143 0.12405507559362333181 0.90921456166362324414 -0.39741567543089639791 0.23798481255509651433 -0.41608233452060539026 -0.87763245148108426363
2.0015952938304759634 4.3559681511234717988 -7.9919597906170798396 0.52258753741112928815 -0.0045312032916148001563 -0.85257359444156466388 0.54840776242685929098 -0.7638765966964874421 0.3402079821663449577 -0.65280256728397034749 -0.64534642883959825177 -0.39670744249517236879
0.41744076101345140017 4.1714184088909345149 1.4907311962579936626 -0.89806616978944442398 0.007096850396738276813 -0.43980312572148572148 0.23946588272120322705 -0.83081948976769715021 -0.5023893574059370426 -0.36896239062054203561 -0.55649672967304231186 0.74443142341709966914
0.5728403948962861314 5.3973203936842883977 -1.9445523663232693323 -0.46075723930964890274 0.0019623630980302010987 -0.88752403660680345698 -0.87673368733292800226 0.15446858663954415869 0.45549697829609314681 0.13798843400476068499 0.98799575144460194398 -0.069452049705338483876
6.6655014128233762705 -3.7126058761359970184 -4.9977597388373631304 0.88783209269413698728 -0.00079262464344477361056 0.46016686856900201885 0.44223928440344228985 0.27787965475030224072 -0.85276451192952285041 -0.12719508839835091951 0.96061556786361990135 0.24706100514936071844
-5.267825779668352304 -8.0431427146450165111 0.22825337638771453497 0.91370926550912112685 -0.0058859799816098432729 -0.40632589551080838808 0.33885433725558833373 -0.54088284567102062894 0.76982042411332785026 -0.22430585423956084234 -0.84107734632331654367 -0.49221517779859053077
-0.12428632807197224908 6.4142714035305203879 2.0326999810118575596 0.043021066824490174219 -0.0014612564489705384511 -0.99907309669458888024 -0.92649866287675908261 0.3741184048768544379 -0.040443130691694195722 0.37383073107612152519 0.92737979483171217865 0.014741120750328500638
-7.36538657674744357 -2.4767375579111159389 -5.150376667916878759 -0.58403570996249176694 -0.006762218782448085018 0.81169979788443069602 -0.74159948013064858063 0.411031744018619416 -0.53017272325054898285 -0.33004923959695742219 -0.91159595095976875267 -0.24507207436853351012
6.380431834490668308 5.3694244315080634777 3.0719830310122802075 0.74417811541019196486 0.012750216511776045133 0.6678595395168416271 0.15393361649735176622 -0.97618123008479373848 -0.15288769650421152324 0.65000259557711259628 0.2165817120839589327 -0.7284153950419177681
-3.4075296945862927345 4.4331496624113784222 -6.2514295029308506457 0.9998867072781328913 0.0094693876714010190992 0.011700568601281435832 0.013115563101153984715 -0.16666004231473655062 -0.98592718407601076525 -0.0073861094635965752683 0.98596894524769584933 -0.16676535729653213513
6.8159324346067675648 1.9400598707101979201 5.0806417205681242422 -0.92895822075616651947 0.0013780572713483815045 -0.37018201610522083467 -0.24961407836397489501 -0.74078764408056596569 0.6236397022802965262 -0.27336685236494256968 0.67173787100006743245 0.68850475429891688783
-5.222042699796960008 7.6082430347420881844 0.93466904495558311705 -0.91534122513296989343 -0.0014657789857545643931 0.40267641235129186805 0.35089429703448749009 -0.49347446144316692296 0.795836759776910041 0.19754400492249701848 0.86975905134422315523 0.45221185159608628945
-1.5796335414703797095 -8.1242280789974241628 -6.2880183987288784664 -0.75846023615602520263 -0.0047381341968938256448 -0.6517020947136450415 -0.65171235136826932699 0.00089028720786564052164 0.75846570025439652429 -0.0030135102330952302438 0.99998837866892453796 -0.0037631480245162128584
0.016150377700702430589 7.8071759464360743763 0.18952728584251612998 0.011430174493562150762 -0.0053973728764689504755 -0.99992010654717788931 -0.20438802538144293375 0.97886029113406647362 -0.0076200735736411187582 0.97882321498383695335 0.20445879488707718874 0.01008538554791085784
-0.11658258098396115376 -5.7633807079836802956 -5.7876181239836066439 -0.52497287655592006494 0.0092904700110994237888 -0.85106824993497598442 0.19144140353672214894 -0.97302815591369062886 -0.12871051554041462728 -0.82930915097579538386 -0.23049922985939103048 0.50903480936145006908
-8.3557561319316508985 -3.8066766857822296188 4.5917180354076885251 0.98148927934824237163 -0.0066757664947687004806 0.19140070184396928976 -0.17778112652376504288 0.33990235131600471385 0.92350433817157395744 -0.071222647918786352594 -0.94043703973811565433 0.3324236885541045905
5.8793184045007595984 2.8188308148132343867 -2.4406629908559049902 0.12296230155738761824 -0.0096971504969639785165 0.99236396431336271196 -0.57089755283112231243 0.81723825987518172731 0.078724905636350539506 -0.81176120661629536102 -0.57621835433133783422 0.094953417867020648013
5.5451992599270747419 -7.1413602577009234196 1.7643537995286076026 0.028523146484840042336 0.014456553994616091335 -0.99948858830959763644 -0.83347281269541928506 0.55233462809490541101 -0.015796490263255850983 0.55182379489468780243 0.83349713056117946675 0.02780346622553513114
0.56082247306227928085 3.1123417966650919197 3.2945720600289325475 -0.044353630663984261462 0.010619606723014402005 0.99895944832614036457 -0.64668158014555576774 0.76187126779243397046 -0.036811753732433630248 -0.76146942771687564644 -0.64764140947397264014 -0.026924252768943977149
-2.4253760022826194032 -3.5748140685870866129 0.26488776806810665487 -0.91578642394474818467 -0.010405046332658492159 -0.4015307718337708387 0.30566162468303920141 0.63049828093402071616 -0.71347241638016856147 0.26058817493278008115 -0.77612090085885721003 -0.57422134263301938262
-2.5979462093996876781 -8.1959865219947474202 5.4058557485037068702 -0.91640697040651952765 0.0013092832608705487485 0.40024561255255658443 0.010061379460973430069 0.99975400163317851288 0.019766255625285340802 -0.4001212731579408266 0.022140957419314863386 -0.91619470898429133943
-5.8274121809246599568 -5.8779665109422811753 5.4709272377800477472 -0.35912479964556281997 -0.0085903546882737640694 -0.93325001156488485154 -0.45141814951664416267 -0.87360624485740800971 0.18175198274938514365 -0.81685435211351120621 0.48655763764696702278 0.30985582563638569553
-1.0472120512123379577 -4.2144174156548954713 8.1861020441386873614 0.66718081949593843749 0.0034270599286372591986 -0.74488791731138881413 -0.7441644695999252157 -0.041234452598015516878 -0.66672255256898960152 -0.0329999436605249441 0.99914362089697417169 -0.02496053964173601189
5.4503249290268707128 4.2048050012220281602 -0.43460251497589974523 0.30856447762430566639 -0.0016464753100692511995 0.95120200392322651339 -0.13302022412421674047 -0.99024673697104126369 0.041436938741252593577 0.94185645568869569288 -0.13931507110632765367 -0.30577398162726904252
-5.2446503959924886118 -4.7971394397758206907 6.6380271246379107808 0.48613539936526867224 -0.0058572655687586308582 -0.87386387150623956455 0.15622731184282406813 0.98445064276647109569 0.080311636707619440956 0.85980544341039921719 -0.17556373314656228968 0.4794913712312988685
-8.5691756902502191906 4.1674603479544467532 -1.9150443316023015861 -0.94648153005143687011 0.0072857674767095956941 -0.32267573640379026978 0.3157233772334384625 -0.18669019008565651552 -0.93030399439859212674 -0.06701837315099370973 -0.98239182128006541372 0.17439852964429600202
7.162070737534143916 0.80370325180395307818 6.5215330975773175837 -0.65374902507501286841 0.0062822386993646485431 0.7566853676993358091 0.28972427764351255108 -0.92169118841558927979 0.25796355583873947781 0.69905082444513433337 0.38787354469471990726 0.6007345987778691665
-5.0566313257807014026 5.3376580555115031856 -6.9802853545367131716 0.98754576300860474891 0.0084979563147197165196 -0.15710235740571901197 -0.048021699941459154715 0.96717086651646522188 -0.24954845480689089032 0.14982417127636915577 0.25398484147735195249 0.95553357764194069013
-4.7295087517319647219 8.7914154381271920613 4.3742631128962186082 0.95693765909461558916 0.0085642476936692440992 -0.29016714195096265927 0.010302535883317927301 -0.99993696523315578339 0.0044635540536729695002 -0.29011062435012935357 -0.0072608003594063627237 -0.95696557222134537302
-5.3825546873490148769 6.7825656973778958303 -4.6968712791671487494 -0.94078867703692292679 0.0046885861929057571357 -0.33896118113818979323 -0.29506710993537038634 -0.5035871320053634248 0.81199470510154247993 -0.16688938190745813972 0.86393172047220434528 0.47515251926976254104
2.6544896703347311551 1.8985501084141798156 7.5280553661996458814 0.46129277969228033029 0.0029177980177063399594 -0.88724317853601231132 0.66633261459298398499 0.65914731663317238652 0.34860530934642691703 0.58584112021362988454 -0.75200817909763628677 0.30211567393448757191
1.4363130831953128119 -1.3773845913850513156 -8.7487468857322880922 -0.70303999001046491024 0.019038218159838915522 0.71089543443144287416 0.18314106870252166992 -0.96107757794007464547 0.20685559730188371463 0.68716382428100075686 0.27562190665801494793 0.67218929117438686038
-1.6897523108138239323 -8.1313422495971483528 -4.2055830600558037347 -0.56129139506197067711 0.01211667788036982496 -0.82752954989331939384 0.23610726560700651122 0.96068428218953116904 -0.14607898234019178751 0.79322463965578760003 -0.27737861502146426984 -0.54208465664664984285
5.1132582647672926157 4.1430378732544959064 -5.3439952821924086024 0.33898511075218273891 -0.0021821454609890706192 0.940789207489926671 -0.31992154208415468641 -0.9406701610149735826 0.11309224149916825841 0.88472555156900578588 -0.33931532004607273256 -0.31957129405373518871
-3.2878446917436598973 -4.6540146211641788554 -0.26489792049917265659 0.59808080231793603332 0.0050903802165213826725 0.80141964159119249977 -0.71400728544118319263 0.4575548084860430742 0.5299407453367883658 -0.36399581073909020867 -0.8891668489438484535 0.27728931552374336267
5.9289002727434274576 1.0371860216410435651 -8.7196115778312037747 -0.97984985188311157778 0.01312170067743407588 0.19930401083835846965 -0.10195658472461108235 0.82518604170873932624 -0.55558334334334325 -0.17175308613309911432 -0.56470861295067231733 -0.80722057695734816818
8.3183892800682937008 1.8826613778391934062 -1.8943326967748665979 -0.93462651292747989107 0.0020705469371757891615 -0.35562479408583180795 0.26715668335952558188 0.66412948901122448309 -0.69825448681839885623 0.23473514408692516819 -0.74761469665925939232 -0.62126618889918827637
-8.5953333949975139205 -7.1418514834452029305 0.53262247850782240555 -0.84626181554751245262 0.006363435176505346548 0.53272924289848411217 0.30150890909268401874 0.83011489484126221861 0.46904332326586556379 -0.43924175266492793135 0.55755606718554040491 -0.70441317041946638344
4.9030848473965669143 -7.1905119650629458761 6.2622235048144325731 -0.15170295094751840015 0.0074460010638327592258 0.98839808363938885805 0.41710568820718746386 -0.9060926275690752707 0.070844866644329484995 0.89610772764149759784 0.42301383822854965455 0.1343511560358434942
-8.0833725106726195264 -0.59372165460006487425 4.422837838905090635 0.7086902879340507555 -0.0015975500587720251056 0.70551791162351684683 -0.63704451372557169275 -0.43120695205367148839 0.63893258801882979458 0.30320350149699737408 -0.90225163470855707093 -0.30660988951075135445
-4.3961360888846208184 -8.1463432813760547901 -4.6538059078170901373 -0.99996060332994618491 -0.0075041665839323742904 -0.0047412310241056777882 -0.0078191977218121655469 0.997491722882111298 0.070350003046298487108 0.0042014205608549674842 0.070384304113413592718 -0.99751110159220091056
3.186078639921611888 3.067126882548596889 2.5888248624450245217 0.15600878147526489603 -0.010141599618260041527 -0.98770360334441420491 0.00032805421295778111612 -0.99994670258392959195 0.010319126507876228566 -0.98775561374402187642 -0.0019338946808147156053 -0.15599713961599059875
-6.3776625755896914072 6.1302770192638735836 8.8767424251923348066 -0.79982638462830879522 -0.0015465146201454425118 0.60022942509094523444 -0.4292005924258465166 -0.69758869606616091819 -0.57372193838304996749 0.41960053135532843216 -0.71649676859949251728 0.55728607974108157475
