1125 17.292696884352682929 17.968806560800352656 18.477561601407678893
-0.80022028137728773434 8.1857822573191203475 -0.29574786684571358064 0.12357975467755548393 -0.0044398464075901169362 0.99232471096796492915 0.39809254566475538173 0.9162172963752798216 -0.045477366996466948856 -0.90898315128509665772 0.40065715217226993694 0.11499337847607327134
2.2546330575729260914 2.9216074589229625857 -1.1442529738522551064 0.16237372151187495772 -0.00098430322125023055058 -0.98672884102449465171 -0.97180144078480501513 -0.17344660082059806805 -0.15974428425468395476 -0.17098752659387744801 0.98484278329633090365 -0.029119717347320724088
4.3641298401761394743 8.8094558976454546695 7.0791991278740384885 -0.64676737603603740023 -0.0051097661121685469809 -0.76267021155000058741 -0.75735155793350850129 -0.11377535609577101028 0.64301927345996523488 -0.090058752995651969453 0.99349336114344632964 0.069716299193888539576
3.1808584956059338111 2.8847520617108060037 3.421691234890278821 -0.96867325770325940493 -0.00035609152872916722231 0.2483384646197481227 -0.14381190555959910693 -0.8144543252366719388 -0.56212301849583179436 0.20246050387718642072 -0.58022756337678316196 0.78888891427616514296
-6.0419041604195768969 -8.2688542297801035375 -0.28574082976461623318 -0.98777264187693247788 0.0077145660552979510721 0.15571028684742505011 0.13429376646957200125 -0.46519637217472126212 0.87496143892368538619 0.079185808367941479258 0.88517389296466342241 0.458472231402155872
-3.1876194239509016981 -8.2745857236458792983 2.7232066423433081148 0.96147883796815392099 0.0053820441423491089533 -0.27482626828616668613 0.190953409656634987 0.70610159007704675904 0.68187780417843713021 0.19772516147350083227 -0.70809009179005666379 0.67787401663488466852
-7.3584280854739629874 3.1016758242491886399 3.1965047043306507035 0.6652954381095139702 0.0041255196538861251682 0.74656879128325726036 0.20715441473744175549 0.95969924000091577643 -0.18990633795692651864 -0.71726496393282934694 0.28099884133056823865 0.63762890672060357211
-7.9547389359170086465 -0.40936623463713728288 -1.3675091849331111327 -0.19736426525144995514 -0.00021939953958565166364 -0.98033019879313232359 -0.53655866553407272068 0.83694469161394535739 0.10783497400927866128 0.82045849696502703985 0.54728743366094334544 -0.16530069484049692008
-0.43264020977754957809 -0.16016273035952191539 4.4047478793408094688 0.95819054667790581892 -0.0016115657581526503846 0.28612633418262534146 -0.16253890291359207598 0.81990985048175790695 0.54893436959501562544 -0.23548244371211041193 -0.57249038414527997354 0.78536792572958535885
-3.2863476582017390193 -3.8623900464081479811 1.0283449673919995426 0.91243999602800174298 -0.0056008001258055876981 0.40917219441995295037 -0.3858078581413391106 0.32152461218529831966 0.86473939447426373395 -0.13640216363724541604 -0.94688465759944007161 0.29121108316496846502
-2.4323475268800573978 2.8805646224342318362 -1.3773007267644576945 0.46559349810471606368 0.005510786409867953102 -0.88498153978257743102 0.8675331086143208692 -0.20052689166224135775 0.4551651032078156689 -0.17495427968604593261 -0.97967269889162067464 -0.09814480661823429819
4.1178064483410281582 -8.2416691995119446545 9.0903622009812430349 -0.89849539874890815838 0.0094508138734488225663 -0.43888119183185314576 -0.12672615926211455717 0.95161920995142601498 0.27993099115716335579 0.42029334872857093686 0.30713443533511897154 -0.85382781615850189549
2.1095827051921371975 1.8872195152911630522 7.7633970348682330709 -0.034069318271778725737 -0.0021141508887318697513 0.99941723615245214862 0.097249653615764569681 -0.99525928342373348734 0.0012098061334119198686 0.99467672458157463389 0.097234197303694397396 0.034113405731554559408
7.1515738654812910369 5.2203695039007467216 9.1731739056756289585 0.41607850733988138714 -0.00044147991085312452558 0.90932858792923210167 0.82749567831167536447 0.41477617919642478794 -0.37843311634491683115 -0.37700076671698062869 0.90992336285361874459 0.17294477623830234458
-0.54018182379378698599 2.8663364183412869401 0.31444894768969650078 0.91990153565879839714 0.010116638551544886865 0.39201890045869869361 -0.37880828988174569671 -0.23560845837781249634 0.8949820857748930214 0.10141717906399107252 -0.97179540437534317476 -0.21290431612669211137
2.8181787293247060333 5.3493452252383333345 -4.0255489481331965251 0.86185825632719836875 -0.0061751849725112106793 0.50711163770029499265 -0.5070768532813847429 -0.027385930250070213837 0.8614656555490426415 0.0085680141684049034023 -0.99960586128469297584 -0.02673408345745874326
-5.0582531990326051741 2.8174257748758626541 -4.312937626094066168 -0.60145095002870208045 -0.0084095861501551818357 0.79886546650249312673 -0.6772989956134869427 -0.52495272323123176594 -0.51545194626918666714 0.42370133968430295779 -0.85108984087022332421 0.31003750985447131594
-6.2525014485344598825 8.7082066502268560271 -7.1769239932966542028 -0.49580494189719148679 -0.0081039352821616200684 0.86839609961318497966 0.29699160441874328242 0.93808213935729256594 0.17831961957034767052 -0.81607196159098360777 0.34631809951535424963 -0.46269895985730857824
-5.5130477065338485687 -0.48070646647686288144 -7.0942150036432520821 -0.4805976387160925678 0.010234427342751487716 -0.87688150063581493665 -0.30345053320381881745 0.93621762397671504097 0.17724089385143940167 0.82276587408491863584 0.35127171399351653225 -0.44683833697342084657
-4.0647977703721478449 -7.1691904166341258176 1.177059965394066543 -0.93730528141192126501 -0.0085475908248089319669 0.34840457535509372633 -0.32811211380995969344 0.35863072482594077206 -0.87391443744923635872 -0.11747872236508524746 -0.93344037940414326116 -0.33895104054939922955
-7.3773853212736666407 -7.0814763380528908954 2.8180465092984676723 -0.9496319218729080136 0.0040139644391854476316 0.31334182780036234917 -0.31254686343953769212 -0.084451186950912776608 -0.94614082206434246825 0.022664313664855113839 -0.99641953268294414237 0.081452094964110724473
5.4115173088145631652 2.6249156748587165744 -0.5266209681624106631 0.99657090799071135212 7.0714213124377020558e-05 -0.082743098479819726654 -0.054141660465516862344 0.75676249711321774694 -0.65144393739231232221 0.062570807478988174632 0.65368992493581423719 0.75417131746640453382
2.6106364430809247956 -6.0679151046823420756 -1.9689074094624070543 0.34235714139581580051 0.0003268935689641522431 -0.93956983821114714583 0.027166886471608326509 -0.99958528143171587743 0.009551200164214882285 -0.93917705892702696424 -0.028795108711862180129 -0.34222404021291341625
-7.3918238751176748025 8.7377067091283198152 6.649723203467235777 -0.87317083171020148935 0.010896517724722956655 -0.48729248357856780327 0.23043352701789548975 0.89019570733737896084 -0.39300380693371067542 0.42950330415117710103 -0.45544798664583757697 -0.7798038491720223897
-3.7960723125404491896 0.5473654488255852435 0.64701096167512606172 0.30173465244557501341 -0.00066601894621040212338 -0.953391711696903843 -0.74964823299330296535 0.61768414413714356481 -0.23768429660266118808 0.58905324571174588755 0.78642600065134848908 0.18587743062629230595
6.5656652077240886811 -6.9959011815471914275 -6.6739603633452730946 -0.49112243766925661737 0.00069050788170661389631 -0.87109027914254943958 0.56383932610361364723 -0.76200025247723723876 -0.31849777010840407687 -0.6639909378576547283 -0.64757635721505890647 0.37384608600235280651
0.54104390483818676216 -1.7239635279268317181 -0.97166526394365282382 -0.91659142103076274299 -0.0059418526167590883166 -0.39978101665814680388 -0.36103199880760056262 -0.41734639886248781071 0.83395316366900607008 -0.17180239442356437518 0.90872805488989771838 0.38039092986841543942
8.2694167124259365664 8.6319552428490986529 -6.5097730688513939512 -0.9885715555358195461 -0.0036106420562401313201 -0.15070913326590978931 0.14855204723919260279 -0.19351280255249425633 -0.96978610245208951568 -0.025662596261496910255 -0.98109110612225880477 0.19183762050477143335
-4.1384212402857922797 -4.9777222032003640706 -2.4951059561563990741 0.8642659125532710096 0.0069004824623437720915 -0.50298788826336748858 0.50301544474909765103 -0.0029892237085879444503 0.86427225275674790517 0.0044603522020991524105 -0.99997172354182095599 -0.0060545334111608102232
2.9707718817541124423 -1.3424197215720834464 5.3080559962967761578 -0.75632101102957105532 -0.0068362457801684241299 0.65416495933296647802 0.52907650595319255515 0.58174612169692008212 0.61777787329998978816 -0.38478120942130766835 0.81334169672677258944 -0.43636991789302398415
-7.0845695087241029597 -2.3375333278343433108 4.5890554231951377062 0.0051515071048367222506 -0.0068177404393747857714 0.9999634895283069369 -0.77369240518822279817 -0.63356132358313932418 -0.00033378692089601653958 0.63354046763296079092 -0.77366243780800203478 -0.0085386296582374704434
0.53808737208369239458 8.026538836119957665 -1.2121794659269058414 0.14970362178883306337 -0.0052776329864596882233 -0.98871683115702913014 -0.074425101140872473859 -0.99720888016188713454 -0.0059458932296961933273 -0.98592582375322357358 0.074475471909719259678 -0.14967856940901916318
-4.4232253615870531505 6.2733427617774175644 6.5808317580849653439 -0.99953996006914735961 0.00059394846674802994138 0.030323513149784864923 0.018346603936738765939 0.80797965018313755436 0.58892468704708866856 -0.024150990632442463635 0.58921009166065552165 -0.80761884421817764501
-4.995097078760887932 -2.4930264222623081949 -7.7884828751380892342 -0.75888590735828376221 -0.0022561029068531787689 -0.65121969381515520947 0.23286921918733752279 -0.93481428097047014614 -0.26813091363883861939 -0.60816453889379273878 -0.3551297933056111189 0.70994276074808626564
1.2967161551834478495 -7.1053469258694770261 -4.3016037398565023508 0.41956775578681321237 -0.0035460156192529974223 0.90771709473635719956 -0.30686628027508494609 0.94056284888935282051 0.14551499344968343852 -0.85428097505067612794 -0.33960116763922293392 0.39354169106221503771
-1.2136911021299221503 -2.7240697736548571406 0.5574661422634888952 -0.87933007063467027997 -0.0019981646425352782119 -0.47620860367683420789 0.4762083133201255869 0.00064919912706884463915 -0.87933225851506935378 0.0020662048376904563682 -0.99999779293668067393 0.00038068229988886051474
-1.978634822903831525 8.4805657999755617027 -1.3982201474621243076 -0.52233483686335624441 -0.0021043149007128241282 0.85273787886916896372 0.77458508245405199855 0.41704310034870817336 0.47549237900435309401 -0.35662903448659050154 0.90888427443247732374 -0.21620616885460597345
5.9114300001348958347 -2.6730412015326412423 3.5745733600632911831 0.1549287009670412274 -0.0058886390624438410962 0.98790810379638116512 0.35384370917480062468 0.93397118959306513197 -0.049924407733842268708 -0.92238372009375246829 0.35729979140782375246 0.14678260103216697607
0.44206130551680505869 -2.8244997815586798673 2.3831333393751106264 0.74762405340598780956 0.0015908965314595183843 -0.66412027812524798698 -0.57890416873417704924 -0.48850721541513658641 -0.6528634343482692115 -0.3254661859410210023 0.8725584046557812723 -0.36429876787270076832
-2.0003483526127059378 -6.9674574988971018641 6.6260531320771214325 -0.93343515115844677421 0.0024423502961624255631 0.35873786182513867082 -0.0034675848528714454597 0.99986868596691180766 -0.01582992980898126345 -0.35872941674357144981 -0.01602016689980657882 -0.93330410896730808812
5.9908944943399502492 -6.9402413546907260056 2.3334838723635558111 -0.88954019436299036627 -0.0027438777884225690196 0.45684867707729115427 0.44152858114256898769 -0.26201997749028960172 0.85813637810710408083 0.1173488587368703151 0.96505854875770735735 0.23428880217057732049
7.0478671318959387193 3.0882271500201543546 -6.3105366480158213704 0.76434998754397109888 -0.0031929814424887749055 -0.64479368902856804002 0.34098496823982560322 0.85072421540497711323 0.39999695093606696394 0.54726442235541084003 -0.52560262004015212423 0.65133980212379816166
-2.7857225855184748475 2.8821032107787587506 -7.4918697122386648246 -0.95857168040570128742 0.012501396753530083505 -0.28457696428822371049 0.28050675091451343635 0.21524902121402678112 -0.93540569891238556366 0.049561035255648866471 -0.97647917230515124398 -0.20983834215597862993
-6.1145966020173387889 2.9885283644396141156 1.1821673818030979941 -0.88242032380946644476 -0.017354975905932379376 0.47014165624740089644 -0.10227445753953152974 -0.96834362001143925447 -0.22770719997016206082 0.4592105262979396807 -0.24901694399091489629 0.85271111998296544865
-2.97296200036678826 -0.082762865601264917759 7.1369981509721780455 -0.99029187332319057457 -0.0069835024079442711842 0.13882808189987336234 -0.036847925868399834803 0.97619567165357556959 -0.21373872134885996132 -0.13403072777948504823 -0.21677924563650580181 -0.96697596799096530162
7.7313428191367838949 8.4553204041835705596 -0.6295365695466298428 0.99367573287454202813 -0.010520825030361849461 0.11179378398125676408 -0.033043200780806379624 -0.97891481343211672606 0.2015786073098134179 0.1073158179317078853 -0.20399779480057195213 -0.97307153639285093316
-2.348004977371061841 -7.2583806223349824904 5.5265481936153317832 0.9644029132805658211 -0.00013289350974612652422 -0.26443714412992247453 -0.26154203045202611966 -0.14804900271410600943 -0.95377002422106427204 -0.039022905622960353533 0.98898001756084730207 -0.1428136467640470364
7.4951881160657398695 6.4525613941613251257 -8.5657875874805551319 0.55322013823699078827 -0.004460561951877837876 0.83302315816331284903 0.73778750612963561739 0.46694748203952068932 -0.4874727118679885729 -0.38680366395366383436 0.88427379945598338917 0.26161569744161078388
2.8444856315140909508 -3.7842554244195194535 -5.182221036945858117 0.50300205813839626856 0.00071678240644078576767 0.8642849158301005863 -0.36302969953355124222 0.90768299614773073625 0.21052557032530064274 -0.78434582090109061792 -0.4196558884696285352 0.4568266285011996497
-0.58358591075548826854 -7.1767330816184982112 -7.431913458897310143 0.99474946315249901385 -0.0081957125789549924166 -0.10201144961669469935 -0.10036529937436729221 0.11674972542720887803 -0.98807707608969708168 0.020007804454662395099 0.99312755067419078436 0.11531416154522099171
0.043938395058181554942 8.7254102427737549874 8.2795491830254395182 0.90845215239292564924 -0.011406980490403270667 0.41783318155566284702 -0.36527871026028124746 -0.50759768297682683613 0.78033073505236150158 0.20318993735772852838 -0.86151870149910170227 -0.46529493477137623403
-1.3772917146382319675 0.44524210768768784918 1.5728272090465162947 0.48113669666247482759 -0.0025991603370797821543 -0.87664173040669524095 0.86651543189622015628 -0.15017305946253906024 0.47602422049389470082 -0.13288523398129201136 -0.98865630862157560799 -0.070001557215511475696
0.44807294343993653296 -4.8737507902880121691 -4.8426800592216476815 0.11919493469874407887 -0.0044849374249516446578 0.99286074193643514274 -0.96517582973161242244 0.23401574188818613509 0.11692839796465674673 -0.23286945966393185481 -0.97222246316628868623 0.023564737872370240812
1.2529221182224197229 -1.5091582026040382125 3.5292015538594725399 -0.72813560889388073694 -0.012126279615200154932 0.68532582645303119495 0.062748421503327878046 -0.99682430019056167403 0.049030094314424454982 0.68255488472317926707 0.078703671403108410587 0.72658417368399530467
-6.7058009081172338384 8.6251399737621206043 -8.6797822966858007021 -0.48384868073855513693 -0.0023494130850557296691 0.87514852134116138949 -0.28610296167747678586 0.94547389640558476831 -0.15564127516381168204 -0.82706441675791475543 -0.32568940951988323285 -0.4581384714908048883
-2.7880771021084651551 -1.4969972173395713622 5.08476028571623484 0.96093162576415036558 -0.012921688360951182756 0.27648406929939350896 0.20650007936382402951 0.69861686455456906142 -0.68504904480055228699 -0.18430444332424394949 0.71537927460152239689 0.67399136911466583921
-2.069957420312366736 -5.9142238095274279885 7.1834077055168821246 0.93517783570685075745 -0.0012719854181581519842 -0.35417622401271564581 0.23387848642512432118 -0.74874350280586632334 0.62022900657231294641 -0.26597606883006402745 -0.66285861920861355312 -0.69991083842913182078
-2.7464771141030630552 8.7585380558939522899 0.94103263460708208576 -0.97027617361875706514 -0.0011698484211355420458 0.24199747594222684177 0.087558310444319484289 0.93054364028895708572 0.35555882184229498089 -0.22560516213039311095 0.36617914327904632632 -0.90278189273355902156
0.5464578989745338955 -3.7863723408373402002 6.5307616743596010878 -0.87294659101129490342 -0.0011193620897348081737 -0.48781451010608151142 0.21428605841139580779 -0.89922941699306768726 -0.38140259671998916202 -0.43823022991571419782 -0.43747594521616689489 0.78521911779130892928
-0.35467116552679328612 -1.4870597653265351656 5.1879710641516378899 0.5371686690874712955 0.012726856028041754615 0.84337882833657507042 0.81670298931547280485 0.24206867050336230984 -0.52383106628389897175 -0.21082231426982217526 0.97017564693026059341 0.1196376441994034534
4.976440664145426851 7.6942221513794626375 8.8907194264564441966 0.58520824993289488614 -0.0065407710596209304998 0.8108566596660192749 -0.68636679193794547515 0.5284654253433532789 0.49962478035157298351 -0.43177764084687053625 -0.84892962754925460622 0.30477295866621445519
8.2494529005807653022 -7.1867501941259819276 6.3571345413357818188 0.18489031279477752268 -0.0047392191109747261804 0.98274773570676277057 -0.96673240261204007595 0.17898161141110549566 0.18274037462105699459 -0.17675982002326104392 -0.98384100472529734116 0.028510409440771759815
-0.1944362106694721426 7.5134910365674949517 -4.3644384894084788939 -0.98674417308097628343 0.0041180685070012958832 -0.16223124977040948025 0.13337331639630517488 0.59009373222363903366 -0.79624176332559593039 0.092452665530782740522 -0.80732424013049575162 -0.58282079229739924831
1.2058428324255234809 -5.9249659665896645677 5.5721512302998608135 -0.75587172994670714932 -0.0042971678144686203255 -0.65470563020021677048 0.32067219886398157236 0.86939436116020152312 -0.37592922958787677867 0.57081281410197037829 -0.49410017115108584296 -0.65577263752416792286
2.0500170408380848919 5.0165894867887645958 5.3508636775504712091 -0.99995755819385812035 0.0025341227239471433158 -0.0088577668220677190092 0.0091875118827435507673 0.34592977962616056065 -0.93821542152803072412 0.000686612305096480054 -0.93825698280884850533 -0.34593838002423055178
6.1710003322149864502 3.1017862170145682477 2.5143806824612635609 0.47336112496139964856 0.0073798538486633796091 0.88083754639115785512 -0.79117212077965937134 0.44318907138894908515 0.4214618871290354285 -0.38726724709989185369 -0.89639778266028258269 0.21562721202373932861
0.97124416962606963111 -5.9596298191327266025 -7.6818313971033891363 0.99632933405341761457 -0.0063738557665096295252 0.085365286079039398581 -0.043160237304215871845 0.82379132815151223657 0.56524777007794579919 -0.073925990155838297579 -0.56685732034191982365 0.82049236824871840668
-0.41366504508280055319 1.8705734557478452817 8.0987075682361506779 0.88268296769708853855 -0.00061262153487394704204 0.46996851302231135161 0.1444064884182586217 -0.95126861255427230812 -0.27246062627842665416 0.44723321057400028389 0.30836285681676628423 -0.83958013548182475194
-4.4140947957383342981 -4.9594282189257503646 -3.7309535841299963366 -0.85779107571691737277 0.014143453921472886117 0.51380388586631020598 0.35877177754062139492 0.73230029277869301829 0.57880833860277192127 -0.3680723869843915419 0.68083496084373207324 -0.63323492799458813707
-0.24818524632014052345 5.3291828941670829067 -0.4176446365986217768 0.56024617336191906425 -0.0095511920027813203282 -0.82827109086603745158 0.82514965724753519538 0.093922200720443604904 0.55705176003295031606 0.072472535331718546114 -0.99553372365928083365 0.060500716354829078836
7.1439317432280757814 -5.0823196846579188346 6.1456401144510941492 0.14145429576936008331 -0.0059867468161258867443 0.98992668469501854389 0.92285829874694613739 0.36265178874770992445 -0.1296774481255856537 -0.35822233688408522401 0.93190548822332386347 0.056823572368532790366
-3.4263509287740925302 -4.90375036633750927 -7.6101002018782937242 -0.99874360560747077464 -0.0072706186459450643234 0.049581734163121504722 -0.045481458732031722347 -0.28388552329952954079 -0.95777891320085539739 0.021039181774014963783 -0.95883061474130482083 0.28319817277801984101
3.1323391607935850978 -5.6190114570318172582 2.7136693376567384561 -0.99973304656890704667 -0.0018473752034397477456 -0.023030909720136261837 -0.00049165981047608921239 -0.99487171216813896635 0.10114363350303812172 -0.023099650826639030882 0.10112795623575596138 0.99460521947110980268
-0.51119700507910370568 6.4303702526030104281 8.3413740115433565592 0.34432223930194461037 0.0057734049464072175611 -0.93883377832171055477 -0.046844412451428445177 0.99884121026341210481 -0.011038011679242582669 0.93768214046367071024 0.0477797496336599542 0.34419369398745364164
6.424702448395811949 8.7869652071025861062 6.6369715898805790033 -0.99811734738026969271 -0.0030847192379099795667 0.061255574162545595174 -0.058364588275110325377 -0.25918436312207221439 -0.96406277842696641578 0.018850349976181107053 -0.96582293947712627435 0.25851637063342258749
-3.8981940891663966475 -8.2705981608773342373 -0.37966966470014840151 0.23978380285618922096 0.0060344933854882369662 -0.97080755702524179629 -0.71934017313628018098 -0.67043556673097270959 -0.18184022155290208156 -0.65196122829519320696 0.74194321598867774004 -0.15641873624415814081
-6.3523210081002590144 6.2655816926612795115 -0.28494085589512491152 0.076196961266695728554 -0.0043276367173127709698 -0.99708339403169232718 -0.8913443554776050437 -0.44847160914105954621 -0.066169900654265936812 -0.44687723487768865605 0.89378660056811909396 -0.038029588391468555075
1.8127958075534711391 -2.4251103308441623874 6.8537976264934608039 -0.87356784503333462233 -0.015655154086740025871 -0.48645054864212500245 0.077335407234167319324 0.98231949980833399572 -0.17049233145260742073 0.48051894334314165791 -0.18655646986024479461 -0.85691203086538836331
3.8800919242408360432 7.3330268733956653904 -0.11913953321160426768 -0.99806231916779353242 -0.00044507198413328268732 -0.062220647446122073765 -0.041388258934306421111 -0.74192570526087375793 0.66920345179578522021 -0.046460941446252776443 0.67048195336179627901 0.74046966928840929345
-5.9675921103872830997 5.1222132900890020579 -4.2176370419161566261 0.80238632624071593025 0.0075766337846299245534 -0.59675688356508416188 0.077136335370698458358 0.99021568127733949893 0.11628796291047609202 0.59179909532494545665 -0.13933951045136361291 0.79395108892157595371
7.8034094149608081992 -2.698594937640192537 9.066533810526314241 0.64226330588970526048 -0.0014091753908402038752 0.76648278528122770759 0.34302672364280267781 0.89479447941493717167 -0.28578926935035564583 -0.68544183763068955439 0.44647603948435887755 0.57517704525821378159
-7.7250504080848267918 3.0934241569082048251 -8.9909235124979787201 -0.83796535441433406266 0.015628147911118082242 0.54549961117694356627 -0.39365232949145773089 -0.70960686910901160651 -0.58437653512055587335 0.37795754826079908106 -0.70442448304010396587 0.6007780283984713865
3.6446392745767686172 0.90597207582409888804 -5.6193066947678156353 0.55460703373634423485 0.00061525920464663335155 0.83211216767110784964 0.0055222660522416811002 0.99997498379915195077 -0.0044199947443431470209 -0.83209407082843733772 0.0070465049493898162039 0.55458976195049214386
-2.8817159272885133348 -8.2993662179099061404 -6.0467696632035909943 0.98274066598876963496 -0.0023146000825936632363 -0.18497412261824713875 -0.012749417664378205964 -0.99839154746999958512 -0.055242830206412726901 -0.18454873546329569889 0.056647688094537754222 -0.98118948408151063223
0.9315669773099526374 -2.6988334985458508619 -5.2640009434136976196 0.96415388112136746201 -0.003683339500700863467 -0.26531816094776256021 -0.10291064755281197074 -0.92682907982869155994 -0.36110560145791975595 -0.2445745124472705756 0.3754654308911706817 -0.89398490930606799854
0.42270900238464431675 3.2199702636224230012 -8.224507647133160404 -0.62088840714750348493 5.8464781034583621078e-05 -0.7838989618896448075 -0.46848588940664936953 0.8017402121234479262 0.37112478183328972969 0.62850501771778344295 0.59767267701122561707 -0.49776381332657204659
-4.3001897678585851992 -5.8734116969577732092 0.89232698393881626497 -0.34985557980246390075 -0.0013115112270224334179 -0.93680272908405737287 -0.22936269097262701466 -0.96944379098580257814 0.08701432128703641411 -0.90829170934834668749 0.24531004067831302384 0.33886450783682708909
7.9607727415266200666 5.1872754625141030971 5.3045273400565191579 0.99563950637864706561 0.00093711942252867495504 -0.093279660941605779811 0.074788496123191355869 -0.60568057504785999257 0.79218540876328080724 -0.055755306346609315171 -0.79570733490218592543 -0.603109594516041847
-2.4279243755275614625 -5.9594859894811476053 -2.1082921975910156043 0.99240078229662298526 0.0027070902506498737902 -0.12301771807076522514 0.063502458486501003887 -0.86760024677489389067 0.49319088552251683089 -0.10539509031805799344 -0.49725494814906179286 -0.86117907050615150055
2.8906857716885050458 8.6925345635765438601 7.3362419013105180099 -0.7074284468695368755 0.013701281021550087286 -0.70665215449926355173 -0.52842769060594108055 0.6537152399358728827 0.54168308158606726099 0.46937103485500553113 0.75661658716549240467 -0.45521662059404377487
4.7923764121863063892 0.76434208612112308767 -2.7128850097442716027 0.31063241568068100662 -0.010523737652910066312 -0.95047185822315183312 0.93452108172147874132 -0.17936636038239675561 0.30740536199185930499 -0.17371773123813033513 -0.98372605928130552044 -0.045882351122354045336
-8.0754144782428216587 -7.1003333642044275109 1.7156915140355297744 0.96810987177311058627 0.00064001320738357736495 -0.25052518148625857464 0.053205052956143895904 -0.97771064875430413466 0.20310369187269014524 -0.24481114867484274344 -0.20995589464329031393 -0.94656538273331891631
0.55568996464943520852 -1.2552231333906131994 8.7410428543169764737 0.99951435585379655446 0.0096328952559753128204 0.029635447876988251642 0.024457880838150730662 0.34680497293690787375 -0.93761832469903660936 -0.019309699810847059248 0.93788779610112815721 0.34640094892768641399
3.3454750720732127078 1.518825506133098191 2.0954486842213828623 0.10862642670915817478 -0.0044374866134442381496 0.9940727378482836496 0.22778317799982267244 -0.9732728870262836729 -0.029235444240206798217 0.96763377537219175117 0.22960878923123376194 -0.10471237112741782482
2.4046805367664232378 0.73988716628457618096 -7.6543478414457624126 -0.99187682623087880529 0.00092401675481713300281 0.12719869409271941652 -0.059107761320466759014 0.88210926561713454142 -0.46732164091139088979 -0.11263495965975769963 -0.47104393606682287698 -0.87488912220753911608
-3.9739456725418591532 6.4833007861556248841 8.0098288715387226944 0.95515462729045363943 0.0032157482095042959 -0.2960900149103586898 0.11524834084231870557 0.91705692480798894906 0.38173867579153447638 0.27275897400317550279 -0.39874334555622847898 0.8755605555730258116
-1.5720628833245295919 -6.0481263252690764531 -4.3166908536697379262 0.46527239852457635827 -0.0019793596988943017861 0.88516533896582250129 -0.77570843987577253742 0.48077864432298239583 0.40881329658968468266 -0.42637778023324768295 -0.8768397671742331756 0.22215762697942192938
4.868905862297181919 6.2582963662659425452 -3.5674194293288281621 0.1945369806520116096 -0.013537831987968179659 0.980801758901269638 0.066378163848654955781 0.99779435325504695076 0.00060661059288880190415 -0.9786466688865085306 0.06498581166219404015 0.19500651722367812191
-3.5008768157663658904 2.0434228089188857247 6.9805775731571300113 -0.9928760359656398915 0.00036347936500859224715 0.11915135369658369502 -0.11180326358904132955 0.3429097738645278115 -0.93269122288089501005 -0.041197177765186693277 -0.93936827435826419919 -0.34042625878924515082
-6.3666496144914619393 5.2248984579473427559 5.1603676400371218946 -0.87211153512858474723 0.0025173379065707504609 -0.48930065737264916148 0.27815287089055473757 -0.82014757377531577465 -0.49998893752328604778 -0.40255738809606922413 -0.57214650242754472309 0.71455995483154444159
-7.5467457380552707136 4.2479892368882818943 -6.1908492306868749822 0.57968271767877699308 0.010291771809833941131 -0.81477728629199253074 -0.062376613723912580078 0.9975466438425192317 -0.031778159468188078851 0.81245129385362657715 0.069244297901263796025 0.5789025153887238373
2.8995068783793724876 4.2242792878167163551 2.6061683674094515695 -0.93312790463903627636 0.004285175009184525978 0.35951905493216929077 0.35795674807574290321 -0.082798821899740346342 0.93005984839634203709 0.033753223418306603498 0.9965570692976742917 0.075727983874836451994
-8.395234719284381697 4.2028527952985328398 -1.0364614567776879728 -0.89131893529735972681 0.012998425420162752764 -0.45319046384158767626 -0.30753121811123695917 -0.75180522902090918258 0.58327819049193330159 -0.33312926240027473934 0.65925711111315188351 0.67409565788493985838
6.3964441513801881811 -2.7148786051685771525 -2.0028064747299452186 -0.55493115276763993471 -0.0048017485025966507098 0.83188241891470116052 0.64252756118030140975 0.63269442967631417396 0.43226854128017855317 -0.52840301741387651902 0.77438666173157699735 -0.34801659345522140132
-6.37840570035726806 -8.2174142988049236891 2.0035265989340245163 -0.52760976223331823576 0.0095208461808719922065 0.84943351257434396295 0.67927837265332824401 0.60517879632281967872 0.41513794927334990437 -0.51010668613689558182 0.79603264880851787311 -0.32576554573656524294
-4.6509915856929771039 8.7458805929506127086 8.7869478976017454386 0.056851496325479415617 0.0099661269429894387695 0.99833290223216641923 -0.33733801947854119563 -0.94094893696451920029 0.028603472512587074794 0.93966534892999975526 -0.33840179423181343532 -0.050132401507425483622
5.89093018977035765 -2.5432844175977060708 -4.1243109254534271457 -0.29937139294850312332 0.0049152623869433056253 0.95412400099756056182 0.77507188599020504505 -0.58194037176708213188 0.24618890156764933197 0.55645335890036673465 0.81321660331262135557 0.17040661802062243013
3.7883041215972714788 3.9745385521976341892 5.065478770101195849 0.98778134807357953484 0.0031795725866071468391 0.15581366665441129249 -0.06960378184627631637 0.90353875068797639969 0.42281560940684392857 -0.13943931278798446516 -0.4284945931088590676 0.89272003546796108164
7.2494130245122923029 5.1920005560745758899 6.5258912591413675841 -0.99963908869526407752 -0.0024773454953489924477 -0.026749861902314216178 0.019560461648846377142 0.61540803384901721085 -0.78796595117688750243 0.018414143818684881176 -0.78820480500524403578 -0.6151374681111196896
4.1604486695672218133 2.9748037704214049803 4.341606181374426221 -0.9577236471932288886 -0.0039338186732757133429 0.28766289416182694305 -0.24333364498821383193 0.5444958904548723444 -0.80269107538000528113 -0.15347362256608898523 -0.83875428484648517635 -0.52243382052467113308
-4.5547411865066340653 7.5863837809032723669 3.7294719942849781091 -0.74822806372882710857 0.0015940746395774977456 0.66343969098534716355 -0.56346959969617804731 -0.52941491855809375 -0.63420962955987170151 0.35022389248450619403 -0.8483615402258299909 0.39702131202071117011
2.0420205936978770289 -6.028939320715384298 -5.4253541979320178967 -0.37400239096545156992 -0.012126070347973614411 -0.92734846199779530362 -0.62024396059543018822 0.74666830904270986569 0.24038274816590526894 0.68950680989888735173 0.66508600548257923446 -0.28677685473921871173
3.0283082037262949449 -6.9455221520517698153 4.5768452338298439841 0.34719858383910195965 -0.0033759561417040801629 0.93778555453813716714 0.46945795942703233417 -0.86504774525487482251 -0.17692264626031892205 0.81182656258005048144 0.50167818504409400493 -0.29875848262421594859
0.4035243422840407157 -6.0289333231678208236 8.8149276523260482463 -0.77609337560168134562 -0.0037627954396994931635 0.63060678216897414483 -0.60026656130827704683 0.31090355723713120062 -0.73689825177700041259 -0.19328509441298077909 -0.95043401636689994749 -0.24354887150222703784
7.9020561246147078549 -0.45029247269319988556 6.4993197679928984556 -0.29953234062723721465 0.0089291622556239066272 0.95404436321378316421 0.70425478904959526449 0.67668078504162887388 0.2147750154373392617 -0.64366572770265684245 0.73622237484122698969 -0.20897618468162032501
4.8791915695677703368 3.1151495443164520793 -3.814715972917343656 0.53590189949370603539 0.0048269617513132245801 -0.84426645945406486593 -0.62744976581032463336 -0.66680679932937392262 -0.40208890031001026655 -0.56490348335219897624 0.74521499770757448911 -0.35431435433570340754
1.1971609602624488922 -6.6369732361422046907 2.8435299145680890121 -0.82393518471633042655 0.0039802275085945842265 0.5666700708307633727 0.4370025400435822438 -0.63216620124994837848 0.63983956894872062726 0.36077637309252069686 0.77482259375034145954 0.51912460626718093248
-1.4437462659227375816 3.0205495583351535949 7.6559095771680647502 0.56987354788523925109 -0.0057335772793750761425 0.82171239829542230826 -0.82169514993899406274 0.0055454353287406298045 0.56990027962251221805 -0.0078243202583274714529 -0.99996818661330888478 -0.0015510557368575766599
-5.498400281397562317 -2.7722748588479428911 -1.0056734225395096427 -0.99920694852918856554 -0.0019725236408161903739 0.039769123219055006746 0.037209039008529030956 0.30932895970316887091 0.95022685823171249009 -0.014176086455721968044 0.95095305028141019488 -0.30901025020750477745
8.4154761260544930224 -2.7090689008682606875 6.5118662485588663102 -0.68612047756668503862 0.011169773137316202707 0.72740217653762428984 0.50391921059834576813 -0.71385907585257679653 0.48628247861968360022 0.52469431048318038169 0.70020029705132191822 0.48416466677737030055
-3.5323479671292301596 -6.0773911805896148053 -3.0168005845387968478 0.94225199062706110897 0.011984408821840732834 -0.33469024500960731228 -0.33025153180682992327 0.19926123945563858908 -0.92262066104661610844 0.055633729864912100094 0.97987312056002751071 0.19171216890297637647
-6.7241636530453092746 -8.1788421116184828463 -6.0627158414069288739 -0.24932062173805880079 0.00047061235003904953057 -0.968420882725946508 0.17217628473070584194 0.98408974213973643419 -0.043848676054892066212 0.95299242103614112409 -0.1776714888199015796 -0.24543489464241802223
5.872130167071072826 5.2768404413947349596 -5.1418738755393871287 -0.60681967429663408176 0.00036278054056834534158 0.79483945000038747075 0.17977954519044705983 0.97414726674867424538 0.13680795962713573899 -0.77424104645633617938 0.22591363632261018957 -0.59119694764580532631
7.7607690948760277294 -8.1341926797771773039 -7.7636280083915298889 0.70019075864697832845 -0.0077660372202030571176 -0.71391357332041260886 0.6511413132817606142 -0.40317732196853345306 0.64301091529428588967 -0.29282740930952233516 -0.91508892229987137679 -0.27724424726390078932
7.3006947694125212678 7.642816055624917837 7.4134535220133042088 -0.96963103796821592528 0.0034427916378258708457 -0.24454814943967045915 -0.22586895516628549552 0.37089234161201289908 0.90078970133185198854 0.093802267033767483539 0.92866948809529792364 -0.35885110642152390215
-5.9977868434596208758 4.2333163133229350095 7.7722836367777912159 0.96352239542453199661 -0.0045794755334745114797 -0.26758853099321211477 -0.2631595860254760666 -0.19815201599789711295 -0.94418367431279504043 -0.048699340838573558499 0.98016060263616888726 -0.19212903799804753602
-4.6829401737010263318 7.1479325164943334769 -4.9716222290386342664 -0.17771187217061398811 -0.0034011919770687753031 -0.9840766852145592658 -0.92574538650157844888 -0.33860646484157091995 0.1683482739396476302 -0.33378731231219910258 0.94092193823964831445 0.057025751014823017337
-8.5762989420562973919 8.5453391971470065158 -8.2336291674600996515 0.71454004556354955291 -0.0077787470707703920692 -0.69955129503139046321 0.43539991391547078203 0.78762706618267985803 0.4359707783544408688 0.54759422773467480994 -0.61610315346574662243 0.56617794556199174671
-7.4798517591571584973 7.3932504631979343301 -0.73688578868605103533 0.89015369186578818805 0.004507323241504542638 0.45563811176733493014 -0.37824164349714589628 -0.55028478730252550211 0.74439231053788823544 0.25408593818287811272 -0.83496487165664512453 -0.4881331776443257886
3.6160577616831757197 6.3201829098482429359 -8.3882296718333737573 0.13846246243900214856 -0.0043477018945644952189 0.99035813925252591527 0.24815365165201649922 -0.96793757480925035619 -0.038943760009738731531 0.95877417135986520158 0.25115323760646729445 -0.13294412199398322749
0.1965597278902365963 -1.4787835183253987825 7.4079582113190136639 -0.98320350859220684292 -0.0041980777746642439219 0.18246434401005204307 -0.18243247285616503994 -0.0070212739023798945159 -0.98319331494887662881 0.0054086541402704095896 -0.99996653836796223214 0.0061374754257194283347
6.4141479122617717223 -8.1610669391665151551 -6.0523928213643829466 -0.68781373132443035523 -0.001090107590194808922 -0.7258864116837777658 -0.68439794879609505696 0.33420979071998796472 0.64799943168999341037 0.2418919566365992091 0.9424980782220067077 -0.23062015059895385471
-8.0199142499478188739 4.0535101219737823541 -7.6167986576540807064 -0.60457383232738115542 -0.011791781383627722782 0.79646182278674904076 0.79042982492476865364 0.11482060496767400315 0.60169503948848146457 -0.098545284691255397025 0.99331625506023524252 -0.060096957480757037806
7.8079323164360516785 -4.808940058305952725 -8.139263973055147261 0.58121377185840794599 -0.014377138651495516633 0.81362389916132471512 -0.17048550998882971985 -0.97980614729268111773 0.10447298507845571847 0.79569167539066465444 -0.19943222310210353965 -0.5719279203733539374
6.2534273158700139916 1.8913657004934412154 -7.6810204033205167207 0.99969768291844862684 -0.0090869210642913790521 0.022846676635958997059 -0.024324805593114687263 -0.5009706393913005984 0.86512237417658377492 0.0035842154772150209424 -0.86541657387271808677 -0.50104022499795419776
5.5732729532651879012 -0.30705935589785204876 -9.2154660300757562652 0.99977998107188315036 0.002585229295659153062 0.020816004361915455001 -0.00029704404417844193498 -0.99053151369943504001 0.13728522183080771324 0.020973822087002064879 -0.13726119975357686798 -0.99031281009032656737
-4.3858020426476613807 -5.576054157090781338 4.3120339833422862696 0.59259413131280347375 0.0025548217556763813674 0.80549715605930316542 -0.79721123583085828912 0.14495898377096660958 0.58603851280352037278 -0.1152668252306539437 -0.98943436665088013715 0.087938575672986338261
6.8423979804678189964 -4.7354799024649700812 -7.256615115357264223 -0.72950824033372652089 0.0050325732182702588927 -0.6839535075515044138 -0.13818506549699849373 0.97826772147687590664 0.1545870395268678088 0.66986761002364492157 0.20728467942152736803 -0.71295893761013207079
-7.9984002239110987276 -1.5863928320506202052 4.1444219194156790564 -0.10048691987471475295 -0.004292471816753818184 0.99492911989730670186 -0.98604817783219977922 0.13381138720668578346 -0.099012643875975914209 -0.13270783672229222172 -0.99099752135899377148 -0.017678878158000024823
-5.3090339436210314261 8.6910765459748464679 -6.3336455378625693413 0.54647896379312321802 0.0020238908119220803267 -0.83747038514644089879 0.24086251702356784032 0.95736607731612910488 0.15948492686576190569 0.80208851757427657159 -0.28887038247320506734 0.52269294246741104804
3.5818297280138184924 3.0796555690730609278 1.638439582066606004 -0.99980014093584990142 -0.015674738977749957947 -0.012408897711352659399 0.0096006739242324706102 -0.9208865655325118027 0.38971240740042828454 -0.017535827457977180843 0.38951538606255403652 0.92085300606324915762
