1125 17.292696884352682929 17.968806560800352656 18.477561601407678893
7.4276775685673452898 6.0342324043813881929 -7.2956337614003006209 0.21142157995765009648 0.010020174296193676972 -0.97734359957759286974 -0.35137059631976297336 0.93387638815676887738 -0.066434898097448402687 0.91205242150345899876 0.35745557451312287567 0.20096241608705400772
7.1761235052319873873 1.3689300373736725813 5.2617573583029368933 -0.28054482300540906081 0.0021735075081394010857 -0.95983846461267663397 0.57563600724569052858 0.80058869923679487624 -0.16643593907650616748 0.7680740780986494709 -0.59921032244039740267 -0.22585216411117450819
4.9698046331488345828 7.2977807236004759162 -0.77814261739697720976 -0.90767380946002240716 -0.0046449054394493123968 0.41965066480811169525 -0.40759716056396455564 0.24793541234472932233 -0.87885868375162723432 -0.099964045139148235974 -0.96876542886264038756 -0.22693773049116899854
2.8173083596576029564 2.5933121854061522704 -6.9868921066238014461 0.89280482433143681931 0.0061251675056146152182 0.45040207367839302233 -0.21751297522011611707 -0.86973980823480590008 0.44299071275018370164 0.39444600550854097554 -0.49347254056820671897 -0.77517559329722529604
7.5934336848318153557 7.3424783546447569549 5.7940969344982926614 0.98172670404619033491 0.0017480376160037593147 0.19028826271519855284 0.18875534328004309192 0.11805232934739660899 -0.97490259406749157911 -0.024168139067227079747 0.99300583679063214593 0.11556517275498263964
-0.52992133194776303018 -8.7980573797927270618 -7.4775542088343458502 -0.96694828755447359558 0.00295814038902267578 0.25495540512145353773 -0.11630288719529005559 0.88473161615551276782 -0.4513575143995699479 -0.22690228651382854386 -0.46609142534502551181 -0.85514568091892850799
-1.7477607557707939279 2.1935345377964585722 2.0077022032883737879 0.14405117629456681838 -0.0094549252423950687352 0.98952506941297913023 0.67575902718283475945 -0.72955610627802092161 -0.10534526554665038511 0.72291008831611358598 0.68385560769874476073 -0.098704164198407634556
4.5348204048811204814 -4.0009681231270350921 0.01252008603729692568 0.6299283498305834339 0.017296332951312977377 -0.77646063064800430187 -0.46469895847776787612 -0.79265332025096690849 -0.39465882973130494982 -0.62229024744860583773 0.60942723171971024954 -0.49127721010529828982
-4.2814842784270110698 -4.3115852962586824759 0.97996482255616390589 0.88948815511911016873 4.5701486314417977264e-05 0.45695822545839553941 0.078324290755961006871 -0.98521613724479017993 -0.15236294953180257172 0.45019565455517468466 0.17131596780163582672 -0.87634166384805989303
0.64142025921873657701 -5.3899167453481400258 -6.2652992824328359589 0.78466215418671370063 0.014892827610945864186 0.61974471153278420932 0.26006575691438893472 0.89957953966297199422 -0.35088809313004387658 -0.56273537819090024836 0.43650298453244967822 0.70199290496902078118
-4.5558115083431367509 1.8253726318062475364 -2.9367961932727171259 0.87892058867607647521 -0.0094825746189519544843 0.47687386128837350174 -0.44301118585576343412 0.35426165240886708929 0.82355313783574957132 -0.17674752617273797872 -0.93509826350564229092 0.30716697345366955618
-5.4844178866109221104 7.1750154018850782478 -7.1772404294132936542 -0.56010034471275671475 -0.0038266865559430946614 0.82841593437248284282 0.43005097300195171961 0.85334982195518027659 0.29470365112985141831 -0.70805632860148337571 0.5213246952131327383 -0.47631585916109020484
-5.5596470476291273144 4.0579154496277629605 -4.9580433312322060857 -0.44143122477867297038 -0.002648805372818880538 0.8972911777236030062 -0.87104212417458803941 -0.2388584486379003724 -0.4292228552024134336 0.21546250649252990383 -0.97105078412237788577 0.10313235647254673233
7.2903472673308389318 3.7833011356191321717 0.64067133853884450367 -0.99960850285849567332 0.0045055957165229089736 0.027614138052688370906 0.013168072502652009709 0.94657044128282785689 0.32222818243599621324 -0.024686896923463347298 0.32246565599569604332 -0.94625919167199235016
-5.5160243588348114585 3.6600400804928665544 7.5078132881562229528 0.99256703278862723483 -0.018153063430108709597 0.12033765707033522441 0.11290666805348478774 -0.23166350622985756869 -0.96622156061158237517 0.045417724845886478513 0.97262659133355144903 -0.22789195707713222339
-8.5437368134909377204 4.6358994824114168054 7.8253945507225788347 0.30518515437973875448 0.0057270483191666507819 -0.95227581218025458831 -0.089796379198659653786 0.99569937166725419608 -0.022789724529393703273 0.94804990998827065596 0.092466005531139816576 0.30438693466076299776
-2.0362480566916363323 2.4983683570119716855 -4.5552998446852148717 0.60592035540640409863 0.013347176262294410676 -0.79541333644205558517 0.1677265534518440071 -0.97952691290322413398 0.11133207159250392559 -0.77764280114400818888 -0.20087030587858689668 -0.59575397106921268442
-4.4693487992314606672 -8.5740159981881891582 8.6553605235221393599 0.47470265711207937365 -0.003220149932808407181 0.88014033992613505131 0.80220512993769965693 0.41300153247457982442 -0.43115735372985553031 -0.36211091785847893121 0.91072463720275376176 0.19863614565210957474
-0.92342381609915125118 -3.4375273388531160101 4.1926494713917019652 0.70495563024195551094 -0.0044395506147261766527 0.70923751295335324407 -0.037398506715574576786 -0.99882194376835020666 0.030920484177420999583 0.70826471822707903758 -0.048321993301819410327 -0.70429118543243873773
-5.8492274063872891077 8.2400785584854716603 2.5833284775946974143 -0.20695290397211726918 0.017897884147681012573 0.97818718110622704387 0.1902002131292597209 0.98149243338209324339 0.022281879173825628465 -0.95968451819509736911 0.19066270992768205583 -0.20652689069450930193
-7.5352524329618777443 -8.4459629302967069719 0.92313770831541008821 -0.042329739415672189284 -0.016736770817394240607 -0.99896349966522879349 0.91604438357494510914 0.39848854585240550685 -0.045492484490614007453 0.39883690962811241265 -0.91702058827869725732 -0.0015362913996473299451
6.395847475146251071 0.45109223985154178749 -2.4683397697261191261 -0.98905211294639250319 -0.014642404917340440945 0.14683840728668218212 -0.13889094954832681417 0.42852941128806609772 -0.89278880357836465365 -0.049852001061326658982 -0.90340917841229106955 -0.42587161721673455483
6.2488149983623015871 -8.6836943427255466332 4.2070234475845689204 0.096481317017272610892 0.00050201266203963874468 -0.99533466906871004287 0.70391935256338333815 0.70696036798758976616 0.068589964146979293114 0.70369659694607644695 -0.70725298590984753133 0.067855090954248131752
3.6328216671383559699 -8.3826567941974179377 1.0747102359741507183 0.29813627422676813872 -0.00053184750344385453569 0.95452316846083717916 0.7092509469782233289 -0.66912121371724142538 -0.22190064345170332216 0.63880971830487964791 0.74315309223063186206 -0.19911209231820295451
1.7833359952829870299 0.26619084201020049019 1.1140709591917792309 -0.62175344290012724002 0.0015452244010715431542 -0.7832115094426024271 -0.60238407676769900601 -0.64004773372758316796 0.47694058603443040267 -0.50055577141673690544 0.76833359345529106399 0.39888270063992414816
-3.1597282362648995147 -7.4279291672215652653 5.6323775381238352367 0.35803721805796506761 0.0053316246054312781133 0.9336920928573484435 -0.9032021960925386006 0.25549776085691727756 0.34488648447150194176 -0.2367174337881856605 -0.96679494618892614088 0.096293242569762266259
2.0640881529682055806 -4.1736800169493513124 1.7378964170365436281 -0.99988330914558665174 0.015247040198543670986 -0.00094649733724553892361 -0.011628549548012902595 -0.79983961274211279324 -0.60010113374664419972 -0.0099068121731288143195 -0.60002010104124170464 0.79992357973675742855
-5.7459008941562235151 7.0313996571528303292 3.954620101484923822 0.53001685492663375143 -0.006059627459887121162 0.84796545590547622862 -0.64444975771392742914 -0.65281303515756494704 0.39814526357933283096 0.55115029100625312353 -0.75749483301419973102 -0.34990703719768051494
4.9343817713126973956 -4.113232202172426355 2.2613419097751186193 -0.93161817270619462494 0.0018821232872565053437 -0.36343367743625359934 0.026529804813366461569 -0.99696663608892466257 -0.073168955041271965811 -0.36246896382941246051 -0.077807352719342498526 0.92874230339911334475
1.4805502733766970902 -4.3070008932012591174 -2.2849158336598374142 -0.59648910421266143622 0.0047832502621700592749 0.80260692064841565596 -0.75933742338730536581 0.32058756952707645471 -0.56624225178651110824 -0.26001428037562190898 -0.94720680465338902287 -0.18759489123943837163
-6.5786699944245770055 -3.847000754603691508 -0.6507202067390565059 -0.976432416758533539 -0.0031929278977270011616 0.21579976995899946557 -0.17278118362332869906 -0.58761245149877083804 -0.79047977167632066386 0.12933057677400441876 -0.80913621353589715302 0.57321216827294252383
4.0553154768513834938 7.264475562930138075 1.7642514135391282881 -0.43640980738761336877 0.0078567105048787944099 0.89971370563962782541 0.89144031070691798213 0.13934870029353940701 0.43117990696822955377 -0.12198627981249993146 0.99021220545218613385 -0.067816927908402879766
1.2370224476535813807 5.0071284701880323098 -0.96933481168254587157 -0.45791768288434686607 0.0081070395485638713229 -0.88895763206759392805 0.34071083717475442176 0.9252049676086967489 -0.16706852888397241697 0.82111358601170714167 -0.3793811326642074766 -0.42642987119239206262
-5.650558050621796724 -3.8608001134652281117 -2.1185993549292696514 -0.99986330967406833459 0.00056042350207420599251 0.016524160890646722583 0.0050553808472116601447 -0.94119787071020410973 0.33781801505429004395 0.015741826200756071918 0.337855374526264296 0.94106638491206817676
0.92081798292239591675 8.3936544632955065737 -2.4712224876642214788 -0.85865194437760083979 -0.0035795493421471448296 0.51254660787329830995 -0.03284134352604696494 0.99830507887187525107 -0.048045974371853129858 -0.51150589886274555607 -0.058087488536425119223 -0.85731415426534685054
1.9032713582901670257 -4.2534551248694292269 5.2801045299783178066 0.81868716397252838668 0.0015820000610793881479 0.57423760310742288926 -0.28667250572555352806 0.8675974199793020647 0.40631710683430705133 -0.49756426922309393568 -0.49726473243231966714 0.71074438715419685497
0.90674500135335867057 7.3095384170603763252 -2.9683727492211415822 -0.98844056646743760908 0.0026422323597163972948 0.15158583433228578485 -0.021582027569954302659 -0.9921178233335230523 -0.12343597818246289377 0.15006486146993858188 -0.12528065785300870894 0.98070652802975388784
6.0274155377980438431 -3.039759904623263953 -0.011977691373454387586 -0.027534832557933743014 0.0056608346992684226845 0.99960481588795169205 0.14927619644548670297 0.98879441945209900489 -0.0014876945992510796565 -0.98841208520062384668 0.14917624144254926222 -0.028071316646433260023
-0.92832615874954105273 -7.4745405533811428711 3.1123456799885431678 0.16140370286861283056 -0.0023116507800287787108 0.98688575882477425072 -0.68654474094395490091 -0.7186264256240795234 0.11060008624084979867 0.70894651658799101579 -0.695392491090627618 -0.11757601776095831514
-5.3350726804646297907 -8.5364662235473378615 3.2060750427627890957 -0.9589994900761410479 0.0084727747523952144648 -0.2832811150109409426 -0.27434515935348041671 -0.2785042447538323418 0.92041844787742388423 -0.071096494802433241045 0.96039762481067236788 0.26940989344265431349
-4.3199530218563717554 -6.1892104876624483012 -7.4149580846915910115 0.69612192469427025543 0.0004449877659903973999 0.71792344156307352776 0.22734922427420475866 0.94839692275526399357 -0.22103304533671391807 -0.68097473975296385351 0.31708528646854450272 0.66009872361892174553
2.6452494048544310523 2.718445024515496744 -1.2858024588876451055 -0.56167363686451432514 0.0038114463246190347957 -0.82735010638080164203 0.25180330753827545598 -0.95176397404626911225 -0.1753294955807479516 -0.7881102841379462598 -0.30680744871125736895 0.53362099794802142494
-2.1114942560207010658 4.642407581766109459 3.6528516361492098241 0.58785140674545377504 0.0072408553587657211587 0.80893652013066474904 -0.80502292098410288546 -0.093410148593739153466 0.58584352930614735921 0.079804888806807972035 -0.995601383161679232 -0.04908223272394621195
7.7725339123405667863 3.8129777261186399429 -0.5613958174067588125 -0.99898148646618867286 0.013330903610357094577 -0.043107733719569121811 -0.045059686040911317573 -0.34490205772749837898 0.9375565024409442394 -0.0023694707005009613132 0.93854400940190951808 0.34515145664525836988
-1.3200484992669871964 2.7488045921666186544 -7.1468273662044250472 -0.49719951203485945879 0.010270167623996784984 -0.86757545429146443183 -0.41311111582326254243 0.87650892551126780017 0.24712610036611459829 0.76297565571603132017 0.48127604049645694717 -0.43155708965167466351
-5.1787073349855115012 8.3953508232276661261 9.1377115677974938279 -0.10710571201955552956 0.0014268290012540109021 -0.99424661458398011504 0.98211909098937422158 0.15587138313639106735 -0.10557557971934662666 0.15482395669488935308 -0.98777632897228928588 -0.018096031476207447009
1.9758290535164242385 -6.2815584497909684458 1.597271357884248566 -0.96943208351188603356 -0.0025550250204887502842 -0.24534650457105527943 -0.047411941269527739518 0.98305014722862826826 0.17710029886758249518 0.24073542174581288866 0.18331906578708034861 -0.95312149112048338839
6.9498790262947229834 8.2514309333732143159 8.2091245603677212017 0.70315349725818687698 0.0018185670571214764858 -0.71103576007659596847 -0.6088721332157633892 -0.51491324223256851322 -0.60343937422650728575 -0.36721912353141328289 0.8572403664010186386 -0.36095577225699287949
2.3464548027397458263 6.7405691402617096131 -7.6949927183067838854 -0.86044249294185504162 -0.0010608416657162424157 0.50954645613030780105 -0.41460234333361117853 -0.57987154715529698468 -0.70132295392488908092 0.29621548447442513918 -0.81470722558150210357 0.49850629217986058839
-4.2296228682537542198 6.0702487716224551306 -5.8092577498667470337 0.37878333400490549199 0.0086406926309386591217 -0.9254450412156552952 0.79769172968252510803 0.50397887503583005397 0.33119963453093015371 0.46926654502108172684 -0.8636727574424758469 0.18400618950381597561
0.66773297758106509026 -8.7327974318492405104 -6.5200531571747539772 0.97096953761626769719 6.9863600141901321949e-05 -0.23920316080782649815 0.16884454071820526044 -0.70854905298922288281 0.68516403917448420735 -0.16943930503586226988 -0.70566155813335562641 -0.68799134244681170447
0.63667286214351492823 0.54941684252326394855 -8.1502924565542382851 -0.81091646536548966928 0.00019052305420865986441 -0.58516190058846462296 -0.049999541932882286821 0.99632022023361865859 0.069613680836500727023 0.583021896677888396 0.085708706990837546513 -0.80792294529875885445
-5.8483120408567481618 -5.1091994597216947582 -4.3600197984201223278 -0.18141732762241347121 -0.0041126650526804482688 -0.98339759976550611409 -0.90428686703612282116 0.39367748550155068354 0.16517657072142211128 0.38646217841406943494 0.91923942658895685387 -0.075138946360446975947
-6.6208151646402866319 -1.605868376733396552 -7.7056921648956677728 0.99888051039092484729 -0.00029381877063125851155 0.047303695751401489411 -0.035245147643549690208 0.66235310694550708632 0.74836230616407328764 -0.03155163274367862869 -0.74919174807923494264 0.66160125383874857086
0.8551836367353415902 7.1228599023250982469 6.042555374657004208 0.97890925559018338031 0.01454819026324528225 -0.20377688652011882731 -0.19808040832265860764 0.31175107548383135248 -0.92928758668834576806 0.050008210910806621952 0.95005242860340255451 0.30805772469904302291
-6.9924052130349139134 -1.9115869996044465573 6.4435840193919879937 0.99954456787351564362 0.0039466041797588278725 -0.029917906847774792395 0.018283004718014743417 -0.86793928057445624002 0.49633369518284981003 -0.024008093909670815552 -0.49665463810466831118 -0.86761614892501293106
-6.4163968647316238503 -5.2982955992965496961 -6.6633646680005886864 0.73221222955606701799 -0.017892315364838529829 -0.68084147636548009164 -0.38410693634293346932 -0.83635841976162694777 -0.39110926241553406468 -0.56242965101587494292 0.54789091865521732938 -0.61926442568043538195
-8.5902020188469521145 7.2407758528497643269 0.44526844049876190823 0.45495599991599444678 0.0051755943447540433966 0.89049887780034087115 -0.69081720761915244022 0.63307948938964619945 0.34925913842216643745 -0.56194895123840271633 -0.77406948870051583977 0.29159870175470326004
-1.6717118185245631867 -0.87830773126948313845 2.824027752798479618 0.79136679468524318004 -0.0012460622958452216222 0.61134036640665945228 -0.58573487598082474292 0.28484162825471803782 0.75880162221285007984 -0.17508069947664958721 -0.95857378127174663884 0.22468434420061347834
-4.8689234890193002769 -1.7503714677357051777 1.1303512950594014619 0.39399086324809623472 -0.0032975206901949064009 0.9191084408459149202 0.9060200211964573036 0.16958982958043858358 -0.38777185418015691631 -0.15459275813689005163 0.98550921662881485474 0.069804463120135731846
-2.3866168636590341379 5.9249839493460694229 8.8892363814045971537 -0.73155174382222487584 -0.0066448753827978521841 -0.68175354178926994564 -0.60336172630793316607 0.47193113293094213212 0.64283406334537296356 0.31746916911363798341 0.8816103739191785138 -0.34925130674178589407
0.41381887171830195049 -8.6205856747902060988 7.1797225630519934114 -0.97253418087201182196 -0.0075888838267873931498 0.23263635975009239187 0.20760913015353049671 0.42362210018302282055 0.88172714901683635347 -0.1052412281971657898 0.90580722291155113535 -0.41041145063055667341
-2.2289930611415154083 4.8443909278810179941 -7.0049839130496760475 0.21528413274345692408 -0.0051131086932790503763 -0.9765380680280574266 0.97465086170982084823 -0.061233330831369080227 0.21518870082699231849 -0.060896961805880361895 -0.99811038233001769804 -0.0081990687291811064491
0.84175685390040699829 -7.7193753484574170187 -8.3567435702821377674 -0.97816697172915934022 0.015713719335027853674 0.20722561241935472109 -0.021619862742882283574 0.98403258309775154533 -0.17667047556660378516 -0.20669290494081402065 -0.17729341337622955832 -0.96220844343649813979
0.31262900732379572677 5.8849340724814904746 -5.1569842378092003443 -0.99515913608843808991 -0.0066783756457400016843 0.098049442418508991892 0.053549946159720467065 0.79972055795768759445 0.59797945821405951161 -0.082405686248797696547 0.60033526339746112743 -0.79549159291294158081
3.342777971959076222 2.3752576984874749222 -9.2063228661172882283 0.93010512268992062701 -0.00022315030045762414279 0.36729335816199226716 -0.20918264503862002424 -0.82229596125483617186 0.52921826604780020098 0.30190574979716688908 -0.56906001643758430397 -0.76486836510030697944
4.3095019364986102417 -5.2977649587674990883 -5.7420166830621841569 -0.94090095109411642227 0.0062884326978800784286 -0.33862347208125576081 -0.15406202557565149003 0.88244866186473036596 0.44446512962046597073 0.3016128188682954403 0.47036668120421354367 -0.82932797656136048037
-5.608869809609509538 -8.3077006295703323957 -5.4557169408672567812 0.99991780376971495237 0.0037948989336004444566 -0.012246813730900717176 0.0099661282552774219101 -0.83098091052873501727 0.5562116527227951579 -0.0080661014173491075302 -0.55628798753802199961 -0.83095042747990865983
-6.7238024430372336226 -4.1843476189077826177 -8.7836940592434693542 0.90179877575706712811 -0.0014011758116658666259 -0.4321539132637213787 0.43145051294507791306 -0.054204587260941773652 0.90050670047415981578 -0.024686492708645649957 -0.99852886759768388902 -0.04827709240961992887
3.182101192992697225 2.6308530975329729173 1.7140564639065971608 -0.74010100568701520096 0.006873231865942355627 -0.67246060112434102862 0.30099949085815869143 -0.89080869620429392608 -0.34038092377456669047 -0.60137326834825788335 -0.45432656256295306241 0.65721957264346275718
-8.0087582138243256225 -5.3141261061243829644 -4.3629220539898492248 0.91267374049443938944 0.0026181997166386094394 -0.40868054571084594384 0.40263495903164381318 0.165720550764118707 0.90023429662528675621 0.070083758301986195938 -0.98616927760144190707 0.15019461620691343384
-3.1399773476816332796 -5.1110943998490530049 -7.9722030549982356717 0.13920263172129115903 0.0072665806424233253882 0.99023725648327198812 -0.98812755238942762137 0.066668743710247835299 0.13841682997583182324 -0.065012056807578086359 -0.99774870354092448643 0.016460773122457729445
-3.5379819074951242008 -6.4169535438106670711 2.7019674806602536066 -0.99119254556583369364 -0.0067920511585162941792 -0.13225432187800575945 -0.11270128343590544995 -0.48115535290379057853 0.86936065420736585718 -0.069539616954917421454 0.87660903167432158156 0.47615212617467833622
-6.6741769813258722266 7.295606207573651858 4.7144546534219333722 0.53092269533606295528 0.0097623431557633082167 0.84736402344781003304 0.34433935810220461793 0.9111767728827011581 -0.22624609393537811752 -0.7743071083486318118 0.41189996991409733029 0.48040286921063307668
-3.6046038211542610341 7.3433991339896689254 3.3946353273952385443 -0.85281450744224474025 0.016398452685259488903 0.52195642217121784867 -0.45098353053526885059 0.48080329708270103106 -0.75195880518827096228 -0.26328932960159057153 -0.87667512811969927622 -0.40264059489097125955
8.1747793331278639783 -4.0785197577509650912 -4.1871341003360447175 0.95293682439321780731 -0.010009556056215399705 -0.30300365922353583725 0.24679655731192468027 0.60608177609999036584 0.75614571345642767053 0.17607631304157994601 -0.79533935490894780429 0.58002796701431547088
7.9909756529025610661 6.0923040032183255477 -2.7145656098254256072 -0.58146552785372607186 0.0029875636331226276127 -0.81356555628969007277 0.56139933972757705138 -0.72228969319156965945 -0.40389154542110422552 -0.58883666773677711959 -0.6915841767802740625 0.418309341464063289
1.5748654370841714822 -2.0724861348496323998 8.5766433833294453137 0.66412154115329913306 0.0025405235168052837241 0.74762030758687403331 0.57508272022830619896 -0.64072447908671315009 -0.50867672130132557395 0.47772632696051026135 0.76776668828451377635 -0.42697993968065028891
-7.0682192754849593186 7.0671508564960063836 8.1979356216297532001 0.46111431531654850646 -0.0021933548876046080923 0.88733802882823331615 0.29113760758626311409 -0.94426570689640454415 -0.15362671716930520471 0.83821982895844704409 0.32917694933504404453 -0.43477586681792440571
5.2734206194013353297 4.7812294319421946298 6.9210098955773027285 0.018681165340939834968 0.0078265164326601008304 -0.99979485880951646237 -0.19187486837940312401 -0.98135471761754566877 -0.01126734636157580155 -0.98124158541406814038 0.19204599410100361978 -0.016831137927544832095
-5.6304545338051914527 -1.9305625161857506988 -3.4433157491808032979 -0.84507956862965893929 0.00481680550232667197 0.53461885588660651436 0.38632335220679941967 0.69675535217435891067 0.60438915175273133507 -0.3695873242206314524 0.71729267220664039151 -0.59067455690433801063
0.17318063417546938898 2.9952653009849026233 -2.94636665033247791 0.9418957325671396541 -0.0038837454115621334108 -0.33588293420984927096 -0.28142461838754534442 0.53680273902016795162 -0.79538858650725829946 0.1833919658471269698 0.84369884194657318588 0.50451922754305456031
6.7381055803143743432 1.2184344698332445489 7.0145826471485657194 0.58303690850169076487 -0.0031387510412451968822 0.81243960487330635356 0.65562397667823690828 0.59239781232158006397 -0.46821152608751304136 -0.47981784515535624847 0.80563948525286710467 0.34744762953874097633
-7.7913614113627716051 8.3199541578151912091 4.2235014556772538796 0.627161180571862098 0.0032935195095785854517 0.77888253691613562602 0.77811923159753315637 -0.047111102284993933154 -0.6263473520812062878 0.034631127640863325345 0.99888422590929648592 -0.032109005397082307498
-1.0262040341374341068 1.3591315741261078553 -1.4920277724197901215 0.31297368616052195778 0.0035151543145493977481 0.94975529241023692872 0.75717269417525501218 -0.60460321374661685212 -0.24727406884416847088 0.57335589555390720218 0.79651905037964332301 -0.19188647533352468089
-5.1509849665413405262 1.7609147478435978051 1.8651693122538932634 -0.45858717186601155591 0.001067325845611079467 -0.88864878698805549462 0.25848976455539485197 0.95691926731926724159 -0.13224430971875725249 0.85022399837903539499 -0.29035215971033079274 -0.43910679331066670983
7.1398417754631919863 -8.5045924449711343129 8.5424162461467645358 -0.97037533887952431844 0.016440190471838169589 -0.24104236522173855262 0.047804618376004484603 0.9910224262582884025 -0.124856994658942691 0.23682571683897526982 -0.13268108678563439451 -0.96244963974912978166
5.9302895309915912847 8.3162384330741385696 -0.22885858539605039019 -0.75125144248788022772 -0.0067426663225859610057 0.65998167142038433042 0.21511680313019376776 0.9428443502415916333 0.25449811832065516448 -0.62397598605327053711 0.3331652257793279448 -0.70686271733668593065
2.9761631311576879355 -5.125100888436823432 2.3567149623544936254 -0.99966842282301204836 0.010801017352682308267 -0.023374824801353173698 0.018312047503902043055 0.93639912186960283513 -0.35045877571869316069 0.018102854100049539654 -0.3507706124891165067 -0.93628642203501000196
2.4843439941396154858 8.4140211880269948352 8.0714227289039772728 -0.1110281858413303957 0.0070215285172334426789 0.9937924532247010001 -0.24056963093917563268 -0.97042538896088903488 -0.020020417829319625547 0.96426085403199590651 -0.24129911437373233185 0.10943373695462187134
-0.28401990164330481736 -2.0861754629232165392 -2.2065902276064663923 -0.85785454975461350458 0.0050380775327552593593 -0.51386787138329081959 -0.094674713129337742523 0.98128640575109560285 0.16767137078807620165 0.50509629790675247829 0.19248794160371507367 -0.84132402924091698182
1.5003104655758006114 -7.6337350099465002273 -4.1250767242626702469 -0.67061478525744322443 0.0087034781240305902211 -0.74175471637381451551 -0.63399981714007414002 -0.52585913475552148455 0.56702416373599484611 -0.38512341094829988242 0.85052714234336679322 0.35816691426875163495
-3.556656329119130433 -0.73764204295684709933 -2.4129797805088344376 -0.24616674348820791196 -0.0013310289044281115554 0.96922657968210268464 0.96796451463440880136 0.050696224380738744153 0.24591582145613335997 -0.049463449225758314431 0.99871323271287071321 -0.011191335715498008235
4.2088415443122944026 1.5559771788122611635 -3.3102799116560230885 0.39161529098077424438 0.013164279299404252344 0.9200348719590907276 0.23363261345301766791 -0.96855073032891192408 -0.085587877123336902896 0.88997374444502563851 0.24846767300788122346 -0.3823748810643928242
8.3726036453219414568 -0.46018698340640695754 8.8363070630795768068 0.74887368841521795293 -0.0089200045393724967935 -0.6626527237687527272 0.34008600615261658229 -0.85303506823418684402 0.39581900002629261115 -0.56879671871262083016 -0.52177735278736581126 -0.63578194917742614223
-6.7780429642037196558 6.0003286865829634777 4.3781253093804251009 -0.96992198319465439127 0.011894326930996698341 -0.24312521774419226794 0.14190612516773826179 0.83914741607070386653 -0.52506596322936316401 0.1977725920245261837 -0.54377397794379589424 -0.81559540383390449758
-1.0213911898834802106 -4.0211820501083170853 -2.7299856073208590423 -0.6419386365529917704 0.0034890102336060015847 -0.76674807708148928764 0.11291927748965487066 0.9895164388099751962 -0.090035848950360805598 0.75839569069963985726 -0.14437812899680094181 -0.63560281009099950378
-5.9501127974462137971 4.9511052172594869347 4.1540680431805556694 0.97767832533376064497 -0.0037244054066060587951 0.21007432250738644619 0.18759215984462573878 0.46577729948833185292 -0.86478938987836850849 -0.09462702435007519508 0.88489413834959751437 0.4560790393965353795
-2.6423029401952335959 1.3822847544001288789 3.3482417264938715284 0.86714080793002268344 -0.0075119247798637088856 0.49800641583048094185 0.37766909679526317056 -0.64194284485985286803 -0.66728962022432036783 0.32470428477021406888 0.7667156936695944669 -0.55381781528989892927
-5.1491004245981573106 3.8195589336920923174 4.263273598866843983 -0.68442736807645476738 0.0091591707584386273383 -0.72902351636886852937 0.4730831581239139938 0.76641333593913885114 -0.4345145843283687026 0.55475355188349850799 -0.64228242081312336698 -0.52888731180357595463
3.2814196134809918703 2.1454712531361117556 -8.0135632902971707381 0.91981712086531830508 -0.0036125264082025390633 0.39233074543762069819 -0.0044712769233905286931 0.9997961573628427745 0.019688865013113867469 -0.39232189824873187067 -0.01986437453801701003 0.91961347031150153519
2.9277782626780268771 0.41099458674053035434 -0.72922802263479935547 0.85165549296536702251 0.0059673484755616750322 0.52406804143575902444 -0.25435984997454125223 0.878983223453532303 0.40334793864382945117 -0.45824009866333670349 -0.47681535591813145603 0.75010874434158181234
-2.9808354001797159327 5.9278474996513210726 -5.8870547437895126563 -0.37275663246706264298 0.010166963203531876464 0.92787344277709826734 -0.75677817775543609891 -0.58197427951622204834 -0.29764530511066106255 0.53697232947774897749 -0.81314363481526419353 0.22462890850148195532
4.4820099659513781276 -4.0421448025345183552 -6.3434435189127960086 -0.94788332110233963768 0.010544888709803648674 -0.318443110929085893 -0.19331422378104431981 -0.81350772177570729315 0.54848409046698343161 -0.25327222599393711677 0.58145850405141763506 0.77314887803471965544
7.7471425695966775749 -8.5227813212344738503 -0.048508078112564467776 -0.83283922747450767066 0.0017793273858085680711 0.5535121093290248373 0.14221903060986093581 -0.96573500942213941212 0.21709361784460826095 0.53493230273761560589 0.25952403659494083232 0.80404894497594292524
-5.9821614989966080955 5.8438034075088580721 3.4415603703239656674 -0.96982153281363736586 0.0024326148790099217517 -0.24380376714880794276 -0.19052290040977987173 -0.63153410847059610056 0.75157547475813457627 -0.1521421010455412115 0.77534427980289843951 0.6129388459433916525
8.4161344505424864337 -6.4074288226352607012 2.1882799805317043607 0.95689969598111079829 0.0043984072910804436138 0.29038530583428523446 -0.23297305872822510198 0.60861610592662140906 0.75849191789594627711 -0.17339701767315612857 -0.79345263854882253085 0.58340927713060553028
6.7526762951200032248 4.5828234332025052922 8.2155375825040124482 0.2677492748937230771 -0.0073826849474430134013 0.96346033740729908335 0.71912554493755009855 0.66703536002922425574 -0.19473643492963751966 -0.64122443528935790802 0.74498947941151716368 0.18390731131241028207
-0.40041822425464296265 3.5955642495184263474 -5.3905215459264352873 -0.99428982264594023555 0.010793506683760676138 0.10616613770950905637 0.010455226262256624159 0.99993833944438914596 -0.0037423993425363963686 -0.10619998505881710071 -0.0026110385873665676974 -0.99434136273770390435
4.8220023730989280963 0.2877373122874600786 5.7651000942368808566 -0.64557141239106452524 -0.0016839033059695828354 -0.76369805288023762113 0.38946877901494353358 0.85946049980315253336 -0.33112191025501136465 0.65692588750650338092 -0.51119938746818271991 -0.55418730098748214541
-4.3854591888112031128 6.0596853246421922279 4.9455078881613161457 0.67034684370830077693 0.002608467056986709786 -0.74204333096524044411 0.66880145653265410388 -0.43533435742763815224 0.60265131625433221441 -0.3214649605638160712 -0.90026506826760588353 -0.29356955902617765108
3.9199451222894348135 -6.3462412973874258171 -6.2097731480169997553 0.82115316191693210612 0.00096969365943581648654 0.57070705652522957241 0.51298796093461618284 -0.4394840772424817299 -0.73735818825463039783 0.25010165255277971852 0.89824985696880377262 -0.36138118081294112738
-1.757361464397496853 5.4842667832461744482 2.4229303946975528916 0.60757026420554649526 0.0057781602311575532352 0.79424491620518655743 0.054500257803347808283 -0.99791995302831226766 -0.034430934449181917201 0.79239390201625647947 0.064205764632194406438 -0.60662140073947845575
-7.79819104335021418 -8.5683427732483288253 -2.4979737246484954305 -0.20199528384535606063 -0.0050562007605601541962 -0.97937344263453463 -0.24709009883418406317 0.96790168939197585019 0.045965233925533019455 0.94770480022101266648 0.25127824121000336133 -0.19676091362891967584
-1.8163381878436855033 -6.4074178043899756574 -7.1399331149539895236 0.92353370076208751716 -0.0022500681403077038567 -0.38351067879560335472 0.33411755120937103314 0.49565270870048672158 0.80168189098399877945 0.18828426787908172924 -0.86851789247604627153 0.45850376761596722819
8.6391320115506591293 2.6650930252949280863 1.0653400840426971996 -0.98987667074288432367 0.0083751104168449819892 0.14168286503407645505 0.0054927995763434595347 0.99977018179621579552 -0.0207222765125774748 -0.1418238550865815184 -0.019734262503419676416 -0.98969518186762339695
8.2745703524212395052 8.2599145228881702963 4.8464081484196919192 -0.76768814920980044114 -0.0032205065101822967326 -0.64081552251843976187 0.25161432608292561008 -0.92119458166003354016 -0.2968008989707400791 -0.58935993796031083125 -0.38908889865668716546 0.70800048903187295934
-0.55878059864585638561 3.6844445933181488861 4.1279315204093851577 0.64996759275167326209 -0.0044509461851884625505 0.75994889134121801355 -0.60952201908901904037 0.59420310725004976682 0.52479098275417546127 -0.45389980900884602244 -0.80430271441321665726 0.38349981351924655737
6.2166236227846587425 -4.1006470475894598593 1.5559666695065628161 -0.93940242810141305618 -0.0053292714721295507407 -0.34277496545530067307 -0.17608560817828664002 0.86540069670876740293 0.4691220445987354104 0.29413761519000308775 0.50105212603248405756 -0.81389792377707292914
-1.9541472948135467647 8.3202478710735690015 6.5610283497304386913 -0.90468351311913230983 -0.00022916589789677269985 0.42608413320993437923 0.10873415686266543756 -0.9670138858448279473 0.23034979425713361656 0.41197648503482614535 0.25472356009197300031 0.87486643764190086259
-5.4413912557729338104 -5.1684104866291988856 8.0613578907476064472 0.83274249598947402973 -5.7778767238162625011e-05 -0.55366048444403792583 0.45254860865429769046 0.5761760750423433608 0.6806033259940220681 0.31896660041197877344 -0.81732559436892582294 0.47983245056092593828
-4.6741579845954719374 -5.1705787602160961924 6.0272620778730630065 0.91018240871199707076 -0.0046521121239742882145 0.41418153112319805453 -0.38802622600911013118 -0.35944237099801168434 0.84866767928353803452 0.14492629437061091413 -0.9331556889308502134 -0.32896326453862700934
3.3970183323479075099 3.7529763046455340003 -7.4623998903123895943 -0.97561849092240071624 0.0018734578240235282617 -0.21946537386616662979 -0.1927172539459070244 0.47116630599930592327 0.86073362437090683574 0.105017237642128905 0.88204240388252752592 -0.45931751278525945192
-6.5163718009764872718 -7.3927156266940015072 5.7182024324365965384 0.14671187723752662779 -0.0058262622010193838851 -0.98916210994259290423 0.91253382833285145992 -0.38515466834270983831 0.13761501953502233708 -0.3817821855788091634 -0.92283364487985908298 -0.051190103068202381931
4.3629902711066135268 3.8455765578188079168 0.6243592314460467696 -0.86146238974177136161 -0.011940213484505867586 0.50768098483425738721 0.014108334230182123514 0.99877491749349567307 0.047430149598391882493 -0.50762535985264523042 0.048021823035297395155 -0.86023857071552178866
3.0782302343635512543 0.3750671977737642937 7.6982409377195688549 -0.97948719235673664674 0.001527914443703614223 -0.20150063396047146469 0.10942653848837011199 0.84371425580917669418 -0.52552077715233747046 0.1692060066411863184 -0.5367903874157262667 -0.82657450196266035736
-6.3950750036445676017 5.1655956422385873594 -5.2871435668702231325 0.24951246844840080374 0.0059609835112087406969 -0.9683532386296950234 0.20496232847253878506 -0.97765064678062363335 0.046793768351601171263 -0.94643223317682523277 -0.21015156322290778901 -0.24515780321869581893
1.2733118357048578417 -8.7426062939122690665 2.3867489026292934007 -0.1657265839545762065 0.0086422113159536802229 0.98613387101056837469 -0.37123782396998944444 -0.92695077047274809789 -0.054265524729024558481 0.9136285773904229135 -0.37508343245672887134 0.15682870040777585618
6.1589097213828241095 7.2224470352004237483 -3.6714870190383113169 0.96633342349908635249 -0.0042007980908753059235 -0.25725875674869935761 -0.12707128102862708108 -0.87720754017013324866 -0.46299008737378999356 -0.22372439331963656084 0.48009299595396603966 -0.84820876620655349942
2.3991969685572596127 0.58316431678141578132 -5.8010957103945992586 -0.97967313998815419573 0.0019206989073303044023 0.20059125031183064336 -0.050119621675557599061 0.96589707751445952333 -0.25402924865398796017 -0.19423841615140080563 -0.25891918925477996893 -0.94616715813140539471
-1.1027760327724163147 -1.93923884567712701 8.9739841653735332727 0.84560167529021101895 0.0049373281098773966202 0.5337915600097491442 0.092315834696196794051 -0.98624344852521439453 -0.13711909752183348843 0.52577142696316336856 0.16522555199461616549 -0.83442490588248630079
-2.6345067846258021227 -8.6557307970351793358 -6.0858334911004661194 -0.99990393093174068095 -0.013136299753420680597 0.0044234077538685932784 0.011664775802443936442 -0.96985570344712068724 -0.24340059058381069423 0.0074874503569637013145 -0.24332560925591020795 0.96991576230481613141
5.5427537547061627166 2.6294340776138067639 -5.7809902711641054651 0.68668616998744935742 0.0096914248334114046907 0.72688938651806755953 -0.070980312999239833505 0.99602714525684177271 0.053774725278223509117 -0.72348040686292813817 -0.088521196314229028124 0.68464596594792548334
-0.17798883470542567475 -5.3180902443209365771 0.63324547743346937256 0.23098299779305664359 0.00095073726356184259934 -0.97295732220348285502 -0.92837590227654687158 -0.29902086613503092716 -0.22069142640332783945 -0.29114436076028998857 0.95424609913513991355 -0.06818609449748561091
8.2735456805984917139 0.32432412311870484345 6.4691658432899332709 -0.82850357749761083248 -0.00097454777881121612548 0.55998292146324202267 0.5111729070397257324 0.4070113348109318796 0.75699671891240427613 -0.22865712580707439616 0.91342258762972250441 -0.33671218455179247053
7.6537079322039458518 2.3639142198965137354 6.0042058144594943059 0.34678199535420367594 0.0096453080821359334779 0.93789616468471870281 -0.91924792526462850706 -0.19517098536353352789 0.34189404552994506759 0.18634779203068702058 -0.98072180280848142431 -0.058815354296617654295
-6.1324722606188659668 -7.4203334514666607902 -6.1323981890806775752 0.93821300229068071985 -0.010350813599362332709 -0.34590348797144981896 -0.040366966789495417611 0.98945553450372780713 -0.13909799866284169867 0.34369589803368999492 0.14446662554947878321 0.92790221671101391632
-2.3231570813727517866 -5.3020246077121333528 7.0610580318447171422 -0.3072752936722469852 -0.0042128311074497480984 -0.95161134185796858453 -0.65439134256722375493 -0.72509044699758373742 0.21451297034360328198 -0.69090800015018949409 0.68864075955953896191 0.22004553983578506449
-8.3469775424526915231 -0.70843628810968484188 3.0575338866731089915 0.9955723025245674096 -0.0023989692174151569862 -0.093968268008136887626 0.015790708780923798371 -0.98119961746687456294 0.19234854873049622714 -0.092663066871224941679 -0.19298071310149852997 -0.97681728097373687891
-2.7272880945699986555 -7.4625674227799265736 -2.6574657979180851264 0.49578110942115161119 -0.011306628566825464161 0.86837391237374750297 0.75590952404868871906 0.49789576253410788853 -0.42508893316934009965 -0.42755336859080661505 0.86716317368827311451 0.25539410174367244144
7.1548209841371059881 3.781252054461659462 4.0747082371077016916 -0.071887376751470916103 -0.0063302412727497710254 0.99739266746298882449 -0.95222304481035990875 -0.29715067684382662216 -0.070517715386230903074 0.29682230036792911498 -0.95480961625691873618 0.015333581039223193043
-2.7245417532312901088 4.9498009350439815535 4.5855566230469557709 -0.64492918423473444278 -0.00058593738301932190432 -0.76424211085217386152 0.71032889817438849001 0.36847568580740608368 -0.59971537031087751579 0.28195603157384202531 -0.92963720108779135387 -0.23722451520254583812
