1125 17.292696884352682929 17.968806560800352656 18.477561601407678893
-3.5164191444093781946 -8.5596147140301166445 -1.7445512231308624163 -0.97404388783331585788 0.0028288253051630372903 -0.22634156119001486163 -0.22616582968281287447 -0.053488594984855419856 0.97261913804452659882 -0.0093553224646848471419 0.99856445358037460025 0.052740022636092440123
-0.7843287982412382453 4.3907290618976002605 -5.6684615635015385138 0.14163787293620211383 -0.013457381405288237897 -0.98982706157985578255 0.22174848429308915976 -0.97406619887211742803 0.044973880511272344707 -0.96476231407725843159 -0.22586265539102060029 -0.13498051057803958641
3.865432263682276659 8.764175967043744464 5.2801507281703683461 0.999996548121505624 0.00042254220877646544302 -0.0025932996772917906586 -0.002455333748666852986 -0.2011145906339431022 -0.97956464450813196532 -0.00093545781158915547113 0.97956763058646301179 -0.20111285892860203406
4.46096368400651766 4.2064854916442575572 5.9579126006011078331 -0.83911098811115891749 -0.0066521839574115821866 -0.54391956949535735788 -0.37053730555550401515 0.73904708267986318759 0.56259356090725309851 0.39823969518765089948 0.67362093051730542737 -0.62260741012778220149
-7.7002092370403767418 -8.4312548323774141323 1.9032866924670788222 -0.24254999596988627286 -0.0068142771130550242042 0.97011497518720390953 0.90783717382340123336 -0.35416840942796068425 0.22449143321777856319 0.34205433088865877522 0.93515683357970424971 0.092089800355482448468
1.1851097804775481137 -8.4678387137360786596 1.1104143643725397084 0.67654591256990026515 0.001015676648573162269 -0.7363997532493695708 0.52414322223102927101 -0.7030823310344453958 0.48057165789971395542 -0.51726154967680559871 -0.71110773036727981111 -0.4761998372926234957
7.5572287401364706128 2.0234565798511607859 0.15669512319525141786 -0.99550096074009664093 0.0050644654281897221598 -0.094616004752657967281 -0.061215759642273437358 -0.79656674498522406225 0.60144330701636150582 -0.072321974093974589204 0.60452938057088478896 0.79329298502514911107
4.6642462498551129357 0.66430794022971118018 2.1161104420393508363 0.99510486762694305707 -0.0013114557811628319017 -0.098815902106147796014 -0.09337307233408274898 -0.33999122423250521807 -0.93578172498069844831 -0.032369303177745306632 0.94042769393962377666 -0.33844937683972897702
-4.6539154480504816291 -0.35361019371570345804 3.9721633273109206996 -0.99308617952933952999 -0.01225888136183667966 0.11674570594008387703 -0.11269550169607475687 -0.17880552658385170939 -0.97740897661139503061 0.032856718113267097126 -0.98380806232264905731 0.17618777648852346207
-3.6802741528247073788 -5.8324823701140626753 6.597400130498140669 0.84142261366742987505 0.0051039577374890265568 0.54035352763222532779 -0.45439738867561346725 -0.53450124703871226828 0.71262292278528138745 0.29245683164183516878 -0.84515227416707927599 -0.44742221122386854892
1.1667766244845410029 4.1135928886077950395 1.1729323583917681262 0.99624379233189619409 -0.0052577072388880641968 -0.086432995753444999409 -0.0041331228666632406632 0.99413012976116832409 -0.10811199006728826333 0.086494066476891839912 0.10806313717235684069 0.99037423979470495805
2.1079604588706630786 -8.2605333082644527565 7.7962217306872636513 -0.016485631717126067453 0.0065077892854200972139 -0.99984292397610952108 0.99967048565216398703 -0.019570955426477631978 -0.016610172178816100252 -0.019675976799243950072 -0.99978729056854642732 -0.006183005311889199461
2.2557975024859011626 2.9747312664858149844 8.9626634204807196227 -0.99505123911505866108 -0.00033658893815531566382 -0.099362559566339894723 0.098438860908502789915 0.13273827624421538629 -0.98625064800138784182 0.013521175938363917679 -0.9911510665523675101 -0.13204825282307372514
-8.082244962021350787 6.3439430637724365525 3.2091180164849197887 0.57467355621633053886 -0.00084403031842263716994 0.81838230149398216717 -0.73753430017150500841 0.43284933600635239204 0.51834796072632893793 -0.3546737371955726581 -0.90146588395331384014 0.24812456591831905106
-2.7977170770672703526 2.0330665783403296665 -5.773479928788249893 -0.0039406720304134747884 0.00092525289842281248798 0.9999918074718822103 -0.74478436350380294861 0.66729576077897267972 -0.0035523973497127549551 -0.6672935808055725504 -0.7447922606696147918 -0.0019404798493322980135
-5.2222986515876108626 5.2411305672374401965 -5.9212382562281744569 0.48810785357259089956 0.0013704217020704548627 -0.87278224387585667809 0.17309354051576708589 0.97998338873760626466 0.098342178285945311411 0.85544687123879836754 -0.19907455825045655695 0.47810037726921145174
-4.6771843114299125332 3.0677454346226613602 -3.4359932431571404976 -0.98093991632224286636 -0.0011234411511681678068 0.19430805038783233174 0.15589945438575242287 0.59233652594634622623 0.79046366149979674365 -0.11598379493588485689 0.80568987700566396803 -0.58087139833389911381
7.860150451742231148 -8.2151260144739879365 -8.7810814858650036996 -0.081634436057038933798 -0.011544873221490219162 0.99659547197049436207 -0.32000227201372466457 -0.94668698928738170828 -0.037179163789911102989 0.94389319562945583897 -0.32194791537825800942 0.073587872831871542489
-2.618124271855698737 -1.3078317596947528489 7.2677156119285468705 0.53940100335806429044 -0.010540932272181207513 -0.84198304396404444194 -0.59796896745757910363 0.69921472353486979756 -0.39183144890290344531 0.59285721007143887817 0.71483400810161290551 0.37085397305076595043
-8.2936896373950776962 -7.2323093488186174227 3.208193199529376205 -0.22060660187552003086 0.0018026916035269058974 0.97536120361220546293 -0.90401243414934295828 -0.37581580354624050111 -0.20377438678226095226 0.36618881210731563103 -0.92669263086961939369 0.084537102976011288535
8.1554708195641065771 -8.2062928536229460263 2.1535612511101964728 -0.29734515690102603092 -0.00029525789994644673249 0.95477000921167398673 0.41365430689619531179 -0.90131349050062337103 0.12854612490370451172 0.86050913536910855761 0.43316729408431492443 0.26812333595196297109
3.0503612030020388346 1.9549164912725389698 0.22307970283757178054 -0.99211921006496328612 0.0010409556668514040496 0.12529321382816382968 0.0054467968608354396659 0.99937851970435809257 0.03482681090395538942 -0.12517909339835628368 0.035234794806832066272 -0.99150829739901169546
4.8132000478887784212 -6.1883996610398241955 0.097687780432200832514 -0.6345366453151338737 0.012131761464832573061 -0.77279755830110996584 0.12378237597033932282 -0.98537517814837494168 -0.1171054297982620368 -0.76291622682425164204 -0.16996640448287217429 0.62375496166012733834
4.3769579949725025969 -8.1921419393069321302 5.7134068766111010262 0.99657191114865062431 -0.0054660665290111390413 0.082550275749732407449 -0.00015517204092071754996 0.99768971617537471896 0.067935308637840099988 -0.082730900099577203699 -0.067715229858452657963 0.99426869900141967573
-2.4352430855956690436 0.60727801325002106481 2.533638825525496685 0.83881281200014312649 -0.00039893704173151411062 0.54441978956842229653 -0.52367688471454365562 -0.27399689586252740092 0.80665247874986767407 0.14884752883423651992 -0.96173049338532690111 -0.23004102080504248984
7.0753251870849505067 -8.0859956119306737321 5.8468505207226471043 -0.41754473450607110241 0.0084719954345154127595 0.90861687194303875081 0.56086013413931834481 0.78914274198034672914 0.25037899814749864369 -0.71490720000554441871 0.61415141298668363135 -0.33425400118326248355
-2.6555480125965376104 -1.41450467573287475 -6.9419271464618077516 0.97388883321304176022 0.00037607363379009027711 -0.22702510678675449918 -0.064398553272968311889 -0.95846529918374612222 -0.2778436549518709664 -0.2177001765714899062 0.28520892137059278282 -0.93341443329917173077
-5.419823803616387714 7.7347786889398042476 6.7848190021495531354 -0.90943282364088118275 -0.00087495042335737020084 -0.41584994138105413342 0.41285659169901361976 -0.12168607828371964807 -0.90263056287855336635 -0.049813391528101345906 -0.99256825095992018415 0.1110265428211102412
-6.2210596579351857827 -3.5973940506345236656 -1.1129435775131835129 0.828938768671449 0.00037170653437851655654 0.55933923483613168237 -0.23785963170207508055 -0.90484099381520033401 0.35310844158385229496 0.50624432184427026193 -0.42574950116877496864 -0.74996936527753477186
-6.4711731730597232826 -4.8637185103760121052 6.0400127256064006787 -0.92913020753383690487 -0.00040570214728054667178 0.36975247511560754843 -0.22242671507014824539 0.7994439024501360791 -0.55804641675984389959 -0.29536996101747076127 -0.60074061144647517008 -0.74287771799103063941
-5.8889918920979917871 -1.6356232393815268722 1.9562657425648701803 0.73664153663569087449 0.0060549106940063837645 -0.67625630093865440884 -0.5893485843625126952 0.49620848496220471002 -0.6375306938191194206 0.33170392311917534789 0.8681822835718984166 0.36909623390016438327
2.7163984840841028934 7.6603020900348948174 2.9477226082458214407 -0.99203431960874766116 0.0040798016123453906268 0.12590180275551912659 0.118860598054910796 -0.30065819105756586005 0.94629636498291735958 0.04171410970302025234 0.95372323415584026041 0.2977783163411116818
-1.0064678864001592729 6.1729106640484010526 3.5802246652729721177 -0.50117664350042201438 -0.0062307891180394259223 0.86532256949427799331 -0.78998331695873635905 -0.40485282602192146362 -0.46045689069497452994 0.35319729746413558447 -0.91436063264370759374 0.19798056100285149617
-5.0587375424509204436 -3.7631869909003610175 -6.9844013345680986404 -0.95783372022134760648 0.0090266902067660213793 0.28718127249333291751 0.027086123525852903032 -0.99221841568702617842 0.1215275996798867858 0.28604353920227043595 0.12418186033212387509 0.95013575832348251549
-4.1588000802664053523 -6.9491973576156693682 -8.3502653527955565949 -0.21239826186275259645 0.0069205543386892777805 0.97715867917382526198 -0.06186159978410395166 -0.9980643596195378775 -0.0063778153628049564366 0.97522311335890121686 -0.061803236033953573569 0.21241525177323081208
-3.4683399465703281805 -2.7688329641413549354 -1.8208848975086704414 0.39994316958536019202 0.0072165838674167533812 0.9165115285796783251 0.75597001773453653684 -0.56799188008924839099 -0.32541443796963187562 0.51822272565805405087 0.82300251826456449766 -0.23261999385571516252
0.65989056952324498528 8.7072770880205627719 0.016341232143461954796 -0.46781388963331704822 0.0033314054553279298307 0.88382072073717077298 -0.33974941411843889716 -0.92383493997690702138 -0.17635004758726952057 0.81591696898181054198 -0.38277657375505680371 0.43331465970137517107
-8.6186182748196920045 -2.6322696736602333445 4.1337114499834513026 -0.018846776043821452523 0.01512033010732222009 0.99970804470609997416 0.91869554639765471649 -0.39427959663374340105 0.023282884432552500981 0.39451652951659843538 0.9188661356779344036 -0.0064600806732154226336
-5.1548361339260244662 -2.7591420546854434903 1.7333584102008849914 -0.25610204862981378326 -0.0064382207269809551761 0.96662831015942496382 -0.94762305400259649879 -0.19575406913292817124 -0.25237054491404559142 0.19084624232593874749 -0.98063188492511310645 0.044032011744885399263
-3.2758856239344655847 -7.0904417091545033358 2.4096206494742586912 0.20049352388622648791 0.0054941524713658677556 0.9796796216970162785 -0.74696081761028265689 -0.64618890153126185005 0.15649102368021786114 0.6339178841414748744 -0.7631577280132616492 -0.12545277334200230501
2.926310855771342645 -6.0864311066444738429 -8.0532894496202978019 0.78744782044240801966 0.0014317073841144771496 -0.61637965597062061018 0.10765611026232382863 -0.98494591115512830637 0.13524686326322296614 -0.60690698793428154989 -0.17285688390505260514 -0.77574764304050825015
5.6924373950923863319 3.0667547206393233061 -2.1190770113822501308 -0.95257564907681135935 0.00824086272283094598 0.30419027099414264192 0.22683305923441907104 -0.6471197606338816577 0.72786178539305945723 0.20284574440747774049 0.76234382241779330425 0.61456122591401440847
-5.0853498628331008646 3.0127793899108841202 3.2911642164696131019 0.3081354038312800192 -0.0019094972107369153486 -0.95134059449087338134 -0.59701475871990583588 0.77818676776978157328 -0.19493263538622260245 0.74069288559855506193 0.62803002180505629326 0.23864689592650950578
-7.4174489896636579545 3.2250185500655708104 -2.9623586490260369608 0.18375262140448908599 -0.0034132127096567089347 0.98296659358582627597 -0.1401934886145790593 0.9896802656141232557 0.029643845974031982071 -0.97292382018176115643 -0.14325265035260159596 0.18137783296169607272
-3.8377323890692673913 0.8327922219663151937 -6.5357979933488019597 -0.63841594624055253426 -0.0054645845246551923158 0.76967214962060215289 -0.76732296483061435133 -0.073870480663684845446 -0.63699185216915232832 0.06033694746351331295 -0.99725287184465871704 0.042966991613119190352
7.1268296447901580137 -8.1845982572131958932 -2.770786662794217925 0.64082255671686860765 0.0053225707862198257808 -0.76767058107170538239 0.65140087883268482649 -0.53291766951561447829 0.54007004413657322406 -0.40623065598093072159 -0.84615035765400137269 -0.34497279078658399376
-4.4549390683204368457 -7.0156158052289958604 6.8308900854702621075 0.23202074028153729657 -0.0071853913160915376668 -0.97268429936496247912 -0.93436067715586856863 -0.27966344266350351422 -0.22081323289746798699 -0.27043761029886326241 0.96007121037410780851 -0.071601466092170301669
5.4210621681703123897 -8.2283552733464802031 -6.1335911311741195817 0.40248088366766399115 -0.0056763495131920494244 0.91541079157860183457 0.54631746075458575973 -0.80089349554223743244 -0.24516696529669607107 0.7345382021086438451 0.59877991604110725188 -0.31924323295718459725
3.0264580356661965332 -6.0000654431440727521 -4.9874798774517312694 0.046480151648352896476 -0.001206426565537179179 0.99891848518167269955 -0.8654254461384269792 0.499367896848931625 0.040871760087981018339 -0.4988771318458796733 -0.866389201301348999 0.022166623325155242891
-0.52309878706480450461 -8.1038324488422617264 7.7883937604956612333 -0.31407378735289026572 0.00040254477255967369143 0.94939849065358139502 0.35533459055937727245 -0.92726849755914331208 0.117942622432133562 0.88039478919968705561 0.37439681007162495252 0.29108769083959301627
-4.1176531919416961003 -8.2336911174825555548 8.344638621843744275 0.77141794403001684444 -0.000823802932187581681 0.6363282776817076325 0.43795536243789850994 0.72615727150819842084 -0.52999124289733190452 -0.46163779756479994543 0.68752813643121024612 0.5605315383410126584
-5.2645540719958514586 0.70239549658274325061 0.45202686698156996359 -0.29965524158949002898 -0.00010547524208261768036 -0.95404754863849772217 0.88454453277998867922 0.37466136301508745632 -0.27786657336243952843 0.35747406299812700681 -0.92716171833115823553 -0.11217594369974344393
-1.9036657233722484861 -3.6501664623416290034 -2.7819008607865809424 -0.76742602770310963667 -0.0056852028512175082492 0.64111229162487703981 -0.59858132424789078918 0.36459381720687528139 -0.71328237516172976473 -0.22969042266869926783 -0.931149304313434234 -0.28320184111546292671
4.0605658984001289369 -1.5185726124683129878 6.2333163562109143996 -0.89000823775084625389 0.002623467708923542252 -0.45593689711723134339 -0.16366212919764683287 -0.93517881048397877297 0.31409441237994634166 -0.42555850855343368977 0.35416621781155838145 0.8327462074117977231
3.6953590524505481874 8.6132342200524281139 -5.8329527318311393813 0.1286543693096370844 -0.0016827236050449914401 0.99168806673202380964 0.93552165098973816271 0.33197217595761102649 -0.1208044490862202891 -0.32900956488621507789 0.94328767766347032531 0.044283895291163631602
-6.1931702501818257645 -2.6507794791033227888 5.830387082954359812 -0.56335838021395479025 0.0025118326062701784585 0.82620882719798027782 -0.7618936973007238711 0.38524640361440987135 -0.52067571723198158296 -0.31960182955640853431 -0.92281032677284136057 -0.21511804049200256017
-1.1842641356378853512 -3.8405642992866977359 -1.6573081475256097317 0.84686599767164649766 0.0078578373500543894498 -0.53174828291206988062 -0.30085701262113306864 0.83158181511993434221 -0.46685837544020447609 0.4385237051111883777 0.55534668375174300881 0.70660244897786872453
2.6155152125276144304 8.328768974412593451 -3.1175424346529050368 -0.93296930741757644334 -0.0025122400928106127134 -0.35994716288153022488 -0.017414960850657509872 -0.99848960536911812724 0.052107841140508232014 -0.35953440802702557599 0.054883482209542699959 0.93151640502208721273
4.2602454702936416453 -2.8796753952865792314 4.8391095817717388883 0.75274837739162170358 0.0085032312536992976648 0.65825342793816388198 -0.13575964050054639687 -0.97641782113319330882 0.1678617245967379823 0.64415774492368349513 -0.21572188955161394897 -0.73384253489616135813
-5.8590265744855756225 -1.5790140276258897156 0.47994441413701444121 -0.74764967860938391642 -0.0010077790993465937652 0.66409257069815708086 -0.55899496294097195115 -0.53892502788996898833 -0.63014636848962446436 0.35853115552479269956 -0.84235313182492654871 0.40236378045624782152
-4.76212637638895675 5.5669207692283260158 6.1951054567848693466 -0.67721944513668608234 -0.0044616830162010128955 0.73576756962630185388 -0.15928233352068418838 -0.97537997702047640747 -0.15252225626319834695 0.71833346111493989739 -0.22048581317639776023 0.65983561955305747304
3.2983686669876055575 -6.0599481601541276277 2.7388977032708923254 0.54512384579260930728 -0.0023064396123245820697 0.83835235616325831653 -0.32057827159425422714 0.92342429562898364903 0.21099085767815115022 -0.77464157165094715829 -0.38377369709029568456 0.5026412089072741507
-1.9409080954646000805 7.6385761955031021841 -1.7690616658288496055 0.4235565781025584231 -0.0011265175018936087609 -0.90586895084439267301 -0.89172780097738302274 -0.17652686095967173863 -0.41672508482666364982 -0.15944075423187042961 0.9842951784491424938 -0.07577366014607797573
-2.2882072051055786233 -6.0533154793507417679 1.3585827941561616772 0.50445744407768589035 0.013151218940884825889 -0.86333639594000011197 0.011750284195285440325 -0.99989596831427363099 -0.0083656063836176075554 -0.86335659952068777301 -0.0059243555940305323015 -0.50455949507945807575
3.0415425720775708385 6.3710398118294317982 4.5618754218996713234 0.99108367595696222896 -0.0089282012295277268787 0.13294147010827811473 0.037633556289573572018 0.97588421074689335466 -0.21502028428912420277 -0.1278157372655594759 0.21810615405720232274 0.96751891085883046095
1.661854349625390137 4.0904641687092899716 5.4807006474432498067 0.96802287760432015329 0.0093268774556717268243 0.25068848755283024143 0.11356006760337546135 -0.90734891077028234641 -0.40474938563244045042 0.22368687820361629615 0.42027486658228263572 -0.87939366442936373058
-4.4521380770984038122 -3.622831756527543412 -5.465491717074147715 -0.72332750861786887508 -0.00041100684234229856173 0.69050499371844509255 0.4904264231940937413 0.70365067779899326261 0.51415722018268716909 -0.48608562898929447149 0.71054595537952514039 -0.50876832309413377864
-3.4923765016191556931 7.6440318503473765333 -3.374906768417699432 -0.9327173676114821621 -0.008944110052072355016 -0.36049731628876635625 0.34395274030372946505 -0.32237500459577789202 -0.88191318668542562076 -0.10832739539730744383 -0.94656978575667205522 0.30376111683227208227
-7.449837726424139106 -3.877270319209475069 -3.7999679745271417453 -0.63295851401269109804 -0.0064424550878046469432 0.7741589076610865261 -0.77415869463051933952 -0.0030872629187782617104 -0.63298403165889849387 0.0064680032841240514899 -0.99997448146433831617 -0.003033373271613297624
3.9394769241010454408 4.239225703113763899 -0.24673109071156135164 0.11520839262220229637 -0.00012308058398778371628 -0.99334133666143953345 -0.40384117177516970498 -0.91363511482135240094 -0.0467245646773213133 -0.90754577529094360155 0.40653519136253507549 -0.10530813802900711174
-6.3356121557703559688 -5.8022864736493708904 -6.4327111578039639639 0.98836431187823259314 -0.022063517457102475167 0.15049647239452276781 -0.12468296687992844185 -0.68423294874160622836 0.71852587262171863092 0.087121436947692337815 -0.72892967634330352311 -0.67902237236370821538
-0.73279824978789698253 -4.8337323272193133405 -4.9336559797723076315 -0.52274129368670596563 0.010322228551527010826 0.85242887766216912659 0.28271417705405899046 -0.94124028096356138207 0.18476857845400199154 0.8042476198082174621 0.33757989437907409691 0.4891069217906603428
7.0622525718636977032 -4.806728258069157711 2.1386799907497882067 0.48860339321688878167 -0.0033860092399290685206 -0.87249943213619474136 0.040035383640352091572 -0.99885217637107259758 0.026296346047908460142 -0.87158699634259106936 -0.047779333399792713044 -0.48790700251818830413
8.5700478134670010633 6.4945109049073792562 5.5411758531256234406 -0.92290592094568080217 -0.0026240940747812480267 0.38501659082970668413 0.24301864187486127422 0.77165206140796660517 0.58778825764584952118 -0.29864125767412685875 0.63603947224615486888 -0.7115245526051325875
-6.0127459378143317537 8.7770781682421006309 6.7255103411271681679 -0.93752707363854170808 -0.0046761201095633806932 -0.3478808992969673608 -0.2616295118099134509 0.6685812061533648043 0.69609566104697018218 0.22933160433084540109 0.74362443792496712991 -0.62803639271598910021
-4.7319601434809239748 -7.814086557604106531 -2.8251018281267796795 0.99831207412438038862 0.016517268156339103002 -0.055679282593049751748 -0.052762689348420224733 -0.14271857818504993243 -0.98835596120711821655 -0.024271408491180736233 0.98962547829645930442 -0.14160618431546986851
-3.0998178943938641261 6.3827260610820264475 7.1288329752721484311 -0.20379983869052584189 0.0074929849924099322864 0.97898390228094356313 0.36130735547538284091 -0.92880554899476286401 0.082324036805047628995 0.90990253358770678549 0.3704917102075021007 0.18658315046782950053
1.3705521296554783461 -1.3662270274033421202 4.4273743032602013159 -0.96556660266875604659 0.001218006970572247348 -0.26015313234634102058 0.24091493521233861563 0.3816066916949638621 -0.89237678524555386073 0.098189255023929861155 -0.92432399585466995529 -0.36876011292613042336
2.9031807318563598308 7.5784542562632806195 7.5242938624878865639 -0.99887778966987950113 0.0063971277064391145195 0.046928009350747618145 -0.032376211058932402587 0.63094978193144490852 -0.77514782695817463498 -0.034567936906659074703 -0.77579729919454609721 -0.63003460881163941831
-7.7094841221003536091 5.223345541151021898 -6.3209320755147277993 0.68450447007302839264 -0.013167168965383908158 0.72888974208132106813 -0.72871883938654413715 -0.040548839214687999732 0.68361147208141259668 0.02055440519743764044 -0.99909079532332900619 -0.03735102578528208539
-4.9934282887711267662 -2.5561507408360570892 8.2554539785499247984 0.95075256920396766791 -0.0039522948448068896676 -0.30992568708906503838 -0.30354884707571094804 -0.21405296956391678398 -0.92846078197209780392 -0.062670962903258214949 0.97681405885996619443 -0.20471112530210483493
-6.5385418600468900863 5.4569656454875365981 7.1546819265489558504 -0.26788773753062422589 0.0027947728402933011416 -0.96344608013398636004 0.96281421428675995067 -0.035550289107590032911 -0.26781517080241257212 -0.034999269253866704954 -0.9993639808343505182 0.0068326395013332055783
3.3218949764329561702 1.7968337534713108017 -5.4414546904873581923 0.047118603189421209843 -0.013090379034829697363 0.99880352382747783491 -0.99748363665758010832 -0.053644845373857844018 0.04635326488147926971 0.052973878787873657226 -0.99847427234839036814 -0.015585109067147289233
-2.7848926476639039862 8.7845030639198657951 6.86353031612054032 -0.063191883500976500643 0.015364353635478290513 0.99788312065940332207 -0.19895828955154695739 -0.98000479570555110165 0.0024898619282322943108 0.97796849891906867391 -0.19837977979386597904 0.064985214400101937171
0.65787540343784656205 -2.8886580767477849641 0.58565652046776139894 -0.80237633433900368285 -0.0020217879316772480874 0.59681498847316705181 0.51031427776154358877 0.51620545070380374764 0.68783084444977959926 -0.30946979821200987226 0.85646240141476781549 -0.41315929005356322179
0.58190806186466026428 3.0608766964569520397 -7.8566495584226387905 -0.97624039094361469981 0.0091209578764501388765 -0.21649828456041697589 0.14813189195174064627 0.75729069589008224384 -0.63605640041180377953 0.15815069293845618326 -0.65301424949646336149 -0.74064886976034916
-3.6315464580210781165 -7.9536231014705247588 -7.675837402913692209 -0.40819093681229506876 0.0080957640367207879539 0.91286067814805049725 -0.26392055957851784376 -0.95830707360005562556 -0.10951479772201443141 0.87391423911966104043 -0.28562564887089586518 0.39330890070154828075
-7.6583624931644020961 4.3570840716095888823 1.8330955978650871341 0.36669923313625346628 0.0089478450369216734617 -0.93029651643256572324 -0.16493969735333957605 -0.98348789860313223787 -0.074474489178045041871 -0.91560175221247908084 0.18075256393900160368 -0.3591684033641794338
0.11563435301080399187 -5.1142350163943870456 -0.13969081347190875908 -0.99790042144618251729 0.0088192118452621003077 0.064163621934785405876 0.031444915286442998159 0.9320609737978564624 0.36093428546731287643 -0.056621252017021554692 0.36219409523852585941 -0.93038135793558685016
1.5288387290866662926 -8.2441823793471460391 -7.2982528281529868153 0.83950852008585430397 -0.0083254456914420797015 0.54328273638836455106 -0.084546714450576293531 -0.98970519209407081807 0.11547937399290927885 0.53672832772174705607 -0.14287868874057449431 -0.8315698302154982402
5.1847992757182455037 -1.6271606732133407913 -3.5641382434383133138 -0.3939388831868311236 -0.0017429898493684136199 -0.91913498372099800005 -0.91869758076134822034 0.03165191930790330066 0.39369139069501846162 0.028406186240055253389 0.99949743270836000075 -0.014070202300845213728
-6.8026240700951259299 -7.236898504178757463 0.41262465166621586921 0.98710074158168381597 0.0032961063200044110263 -0.1600664288731306617 -0.15974036939113869793 0.08728491359926060511 -0.98329261069361606484 0.010730347425912809683 0.99617793568273760307 0.086685524183849296809
0.54621294273289455745 -1.2731072524479583041 -8.1520957681694188324 0.022546216035261718025 0.013751971293453858422 -0.99965121488836961028 -0.55650038528310008523 -0.83050132740251947361 -0.023976370925061132183 -0.83054138326906934431 0.55684686267276084504 -0.011071685022001969204
4.1923818414054743187 0.87657385234475737601 4.1443666300785455547 0.58927473618214676332 0.0090694840625205018492 -0.80788181670128378364 0.47597320908533580219 0.80409412260471402334 0.3562052024123891214 0.65284361797498913216 -0.59443282753535786611 0.46951552052950018545
4.1746985037320332168 -0.34926692247611523801 -8.3757590403741968288 -0.81254524126531113559 0.0026310742894116029289 0.58289219272941916739 -0.29831037716708280749 0.85723613483261995594 -0.41971076709045695985 -0.5007805405279177613 -0.51491677636795363249 -0.69575826523540340585
7.7350875668241014793 6.558377134529726149 -8.5170773231694347771 0.86054321426795754579 0.00059265612301567663703 0.50937709522182172961 -0.45954714271902347145 -0.43046848775266743914 0.77686118751737276433 0.21973119941547161749 -0.90260541202159194629 -0.37016438266361634257
-6.3800047890975033482 -4.5852849846877745676 -5.8005608058985336228 -0.97630882951750785903 0.0086604056976248844357 0.21620838739383613225 0.21341836324167137717 0.20334141254161736123 0.95556521084482892725 -0.035688536499509072863 0.97906959268411941633 -0.20037230608002171151
0.91038801464730978452 5.2847124096364144208 -5.4816157419790911831 -0.09187287629005903844 -0.0077602650842131084066 0.99574050479428499738 0.98159403257316479863 0.16742938828662520812 0.091872494005281996055 -0.16742917851734898105 0.98585352777354284814 -0.0077647895795452046008
-3.2706609983849137535 1.825665552184974505 3.2545013042872352749 -0.99979434820738244394 -0.01055468706369474402 0.01731646249691547873 -0.014702010322140496301 -0.21090625928607742434 -0.97739572368947746916 0.013968256330239941371 -0.97744930731717338812 0.21070771091761955618
-8.2453623754510019239 5.3703158687441812091 -0.026606312808824972294 -0.88582021957715317839 0.0038453101640441773347 -0.46401266381190853227 0.45520765069180058049 0.20125010851724639549 -0.86734329338119953157 0.090047394963854193728 -0.97953234117677323578 -0.18002182992254195382
4.3289622956117295161 4.0203512094159039592 -6.0583557378377612679 0.99014322092361939376 0.0055468858081509477345 -0.13994868386870323862 0.037139236491410182461 0.95304713220561110276 0.30053592282424496096 0.13504473026195665253 -0.30277119389537809901 0.94344715007004498197
-0.9379946039291492399 4.0491490801798182275 0.49668627109102336803 0.35759358877086516726 0.00099546108428384509625 -0.93387677684340952844 0.5847796492529800938 0.77943565267978509592 0.2247505843178269902 0.72812058554185088433 -0.62648150203237329414 0.27813906687398287643
-1.709254849324280956 5.3290830871523784396 1.0556706897013772295 -0.91245758213322070151 0.0091803262233507536283 0.40906831020993572601 -0.29847881612366627957 -0.69877292891541464837 -0.65009752356093253312 0.2798777539085859356 -0.71528463944446085687 0.64034079008121547183
6.9913992383994321145 -3.7238467561594754685 -6.1463725658488845838 -0.5494783393230366908 -0.0012022856078419347572 0.83550709699211078707 -0.43530401696461495931 0.85396455607422550038 -0.28505253863739693498 -0.71315073261485406597 -0.520329791073540604 -0.46975838586690282783
-6.2792328356066864359 -8.3098282367036251372 0.54141145897085385386 -0.51538765410151876623 0.0089027434636281908148 -0.85691090969763061835 -0.77120880138829983608 -0.44081166560900347795 0.45926251765671438632 -0.37364762900494941089 0.89755546715602574359 0.234054764354469369
-5.1752726842975045329 6.2627425521741892922 4.5439567991687397353 -0.83032628892272697385 -0.0098813457432960424831 0.55718992536665501447 -0.52786561149756827671 0.33447345372812842257 -0.7806954623600972365 -0.17865091693619727931 -0.94235336671409397624 -0.28293812419050468066
8.4835380924346921461 -2.7734735336969489339 -4.8052333386094119305 0.18842078287695127048 0.0078289944944282350431 0.98205718541493824958 0.96005524376116668783 -0.2120956059653569814 -0.18250858296754821075 0.20686115514196684595 0.97721756061559017503 -0.047479487338391239415
7.3190223065201376329 4.3362037401612241183 5.2566842050494306804 0.33650085644032345922 0.012511607940777767431 0.9416000389134755455 0.65052903686233420899 -0.7260561133465939232 -0.22283288013933910676 0.68086646694793617751 0.68752162143380657344 -0.2524576682279781048
-6.2695405877339567269 4.3087809170139781401 -7.4036375823304281241 0.6685192180305747911 -0.0043939726474889855001 0.74368188637893428705 0.05793657072352559334 -0.99663578377868611291 -0.057969546009314566748 0.7414346963129114787 0.081840133773677312123 -0.66601560312604635161
1.6205923526564920412 1.81591704548666244 6.9547478392894159782 -0.99580054197083645029 -0.0022066082061681325729 -0.091522737562014094825 -0.052408832523534024106 -0.80595046985300433651 0.58965850660989704846 -0.075063938639674629427 0.59197886028468127417 0.80245026892125337348
-4.5650877947690711167 7.7483263467030507599 2.4472161497925757345 -0.90916850782311708912 0.0087052061152251315745 -0.41633741576902305592 0.10310973140723758701 0.97335526077625655894 -0.20481191276017479685 0.40346128398141256621 -0.22913698022309342273 -0.88584154148601812473
1.2616945667455374824 -8.2971061549208098285 -4.1628646769467927413 -0.5861329027707045114 0.0090882750643830664122 -0.81016394855956641585 0.26931504683381685128 -0.94089390577684484107 -0.20539733109397215194 -0.76414502932246253231 -0.33857947564478618752 0.54904126696791455409
-0.69303971393790975153 8.6381940920476889545 0.26820310256073343069 0.47491046873790332405 0.0051240265128586030829 -0.88001919924263150019 -0.29880679223261830124 0.94151455841191700191 -0.15577174716144054356 0.82775270920642429751 0.33693334748945041879 0.44866621418443014546
1.6425187182945018005 -6.0425344985770452766 -5.6807874972843599437 0.31547390427807719959 -0.007775915957040302473 -0.94890239268875375966 0.9418450924032036875 -0.11943624958006833492 0.31410635810478515495 -0.11577580764242767497 -0.99281142087352658443 -0.030355311684356664492
-7.1488733512940099146 -1.4606649108776101897 4.6679733661639595255 -0.79291177215004882139 9.5940125360661609316e-05 -0.60933645252977919338 -0.29461902816176815945 0.87527959061279536623 0.38351697029162112873 0.53337655538178163628 0.48361723403138745514 -0.69399122553298109306
-8.2154578405313980483 3.1290659828540321463 -0.55369475144287827462 -0.27591126843587626682 -0.0053081934351615457993 -0.96116845299478803621 -0.53761440298104257174 0.82978761821080082584 0.14974398943272612672 0.79677081124834814307 0.55805405808618568919 -0.23180151551765867945
2.1878920973907773906 -7.065952129406401383 2.973015438661195553 -0.27901631148816891104 -0.0096952859630241305933 0.96023741822193664497 0.83039165651923729783 -0.50464160156504267452 0.23619176690330040413 0.48228580189201825101 0.86327449597435412798 0.1488541228635066882
0.86344148658363528703 2.9904713442048116434 -0.64092252527357984615 0.78345055977212341158 0.0038085701770140412831 -0.62144244720332630916 0.32573763308484210421 -0.85412418756089991678 0.40542183786249208488 -0.52924494781253794695 -0.52005515766767729247 -0.67040466749437588323
-5.4619692714367529263 -3.8787798978693595053 0.92981444166577131849 -0.79758678665790161411 0.0092381745591510570914 0.60313346274243317957 0.58589090599180604357 0.24970351368931628655 0.77096044096133309331 -0.14348227773856375711 0.96827827166684354854 -0.20457278556266825231
-5.5231629251778011636 -7.0211585065779642534 6.8008499508414388401 0.22813313799686793515 0.0096795475299922047879 -0.97358182897342004924 0.40537060964574578303 -0.91010388516819651361 0.08593943819256674721 -0.88522875020129454526 -0.41426709326354138607 -0.2115486593098849788
-4.0469373202710707815 -6.0379533297705778594 2.4136670967242621622 -0.42439862234818181985 0.0054882506682035403153 -0.90545882758608187135 -0.29849704588349601497 -0.94493114593243787702 0.13418138114446348519 -0.85485982649089353735 0.32722317850597049116 0.40266570315907140865
-1.3556626171249777091 -5.7282051744883766276 9.2311589682024202119 0.3404590183806298076 0.0038915823218926334087 0.94025130278552537799 -0.90034912226565411153 0.28960071872222820089 0.32481207143695361994 -0.27103342015098835782 -0.9571396341718574341 0.10210095914630354375
4.4683007512324115496 4.4514846204419962206 -7.492138370910391032 -0.96383146531287922087 -0.011079477212534176792 0.26628209038082484295 -0.21125767575237300311 0.64087921005093173576 -0.73800002205983372683 -0.16247800130681686048 -0.76756177817113591111 -0.62004017271635381015
-7.232895054118913869 -8.0509655367327130904 9.1935210682701420382 -0.99563206769581247269 0.0025408502745659783395 -0.093329147941487347606 0.079711981259749500883 0.54357662558212505033 -0.83556594722618626747 0.048608495340048379907 -0.83935570302487394478 -0.54140485588898534797
-6.4975965088825873295 3.965823125727311993 3.5398790733184926083 -0.42862507873626659594 -0.008790362234053560736 -0.90343968886145642472 0.38478329363942348484 -0.90650864003197406671 -0.1737351503962861754 -0.81744868879588272748 -0.4220957416026706599 0.39193472174154431187
-8.3360238830434312263 1.9253231525508713862 4.1625263868679818202 0.99950996946448100733 -0.0033678135415555099548 -0.031120391594142184089 -0.0047053269085618838405 -0.99906373749326193856 -0.043005910345671943817 -0.030946418851077683865 0.043131267752466936893 -0.99859001241884060018
-1.1539068051828582639 7.6784786266988067638 -5.7717397128335585776 0.94755056839758244891 -0.012170616186587775165 -0.31937406975402066189 0.30517346587140498082 0.33134848191498667003 0.89279187902927548137 0.094958285881713455634 -0.94342994421121284532 0.3176835914997457877
-8.0174180514122372898 -8.2933037038597277046 4.6615275585537281344 -0.62473390113797833134 -0.0093084200157689828831 0.78078223986319783556 0.11187330127932522406 -0.99067984586805724057 0.077703329734365750303 0.7727819338141239669 0.13589259107015660977 0.6199526485646804641
-7.2997297942718484265 6.5678268838891797898 -3.8804359349811150537 0.67418628086946985611 0.0019696834624223858237 -0.73855871739110057206 -0.73420587379319512955 -0.10665433725259064468 -0.67049726862433112196 -0.080091157907084667422 0.99429420831673098746 -0.070458737803271387357
5.0405045150883793781 3.1504339063135260446 -7.3397455313193198378 -0.8403468220516664422 -0.0046130369820838804107 0.54202946281327157863 -0.48273248978581817514 0.4611994063994876436 -0.74448938934110475696 -0.24654930941464170413 -0.88728452450515182814 -0.38979431832778377309
-1.2300356119186801607 -1.3268700862495441672 7.8756740539226104403 -0.16714948840210086534 -0.0094208243306480171642 0.98588655361350641115 0.094850394313627350851 -0.99546986601493947511 0.0065687559348187674405 0.98135847233582274018 0.094609692552453134029 0.167285847726722392
-1.8033242959858333254 -7.9337569727197889691 -3.3488534387971227169 -0.74231632946842240894 0.0023194706677564687347 0.67004558580775563925 0.20177731604460324988 -0.95280108179235833976 0.22683917929921257328 0.63894630583055578299 0.3035864268890116624 0.70681178518347020923
5.7808898559016030916 4.140968225835840677 8.5844619257379655153 -0.11004957818643225365 0.01384761719928334113 0.9938296301876328176 0.47077614830596103968 -0.87989981009376005971 0.064390545764999626566 0.87536215849645893083 0.47495743777251481221 0.090313475058866790612
-6.7734965702820320033 -5.0715574849151563441 -2.6623869050307802375 0.79471804084155373005 0.0062525111905468644044 0.60694657233149340581 -0.37981758375135327155 -0.77485881925552235749 0.50530427793072740794 0.47345732504032994603 -0.63210340635484574268 -0.6134194690749851242
7.4227540938203082632 0.82048127795017000707 8.0598507316878755802 0.45736429246245940972 0.015336581245222779754 -0.88914717187667813292 -0.8077612717258269015 0.4253516296100666727 -0.40816383853561633011 0.37194036064986985002 0.90489821552699734042 0.20692894349490417727
-6.0575079354811398602 2.8863165294068044986 2.91036326334469031 -0.2891709963231578473 0.0008729698955120424736 0.95727706167504533763 0.70317952036931552495 -0.67834772693061129445 0.21303268176799905476 0.64955268994790549275 0.73474049792527140745 0.19554463349752082557
-7.1225244700956240607 -7.182358731816441022 4.9436951788918683803 0.18428399582152990566 -0.0014643302217639193093 0.98287194721453075008 0.95014385481114438381 -0.25564473363172313114 -0.17852850005209799922 0.25152746181791629798 0.9667696860696751715 -0.04571990866276517268
6.409655990105061818 -6.8774349277519739587 -8.19164589453034786 -0.67251398250617278052 0.0096224283384813789205 -0.74002185927620611761 0.1323985283483867792 -0.98222047965154801741 -0.13309229520869675367 -0.72814529664397364961 -0.18748423460548938047 0.65928301111852483096
-7.8294819767223975404 -0.11366133875626786842 7.7891665213393634914 0.97076818552714116972 0.0028563453097790927199 -0.24000202344900856133 -0.083019994328237131653 -0.9342129836455581593 -0.34692042564470815247 -0.22520393093813381724 0.35670427875120763739 -0.90666710925823790213
-7.3943253133757886886 -8.2757590604750479457 -3.2792206911515733303 -0.89782834784278719997 -0.0058744224579951095228 0.44030642621976290307 0.2580965609340385436 0.8031299369658718712 0.53699950612934033156 -0.35677783429423021166 0.59577495374516564741 -0.7195566561753297119
5.2022634831999754468 4.1600650339610831807 -0.082412858598432961466 0.19862170392940595165 -0.0086290081614453506553 -0.98003824361403979459 0.66029723530908601692 0.74013598059738894275 0.12730393265031711425 0.72426305978661420504 -0.67240186677534463655 0.15270477983807773104
