1125 17.292696884352682929 17.968806560800352656 18.477561601407678893
8.0343896849523783743 6.3847374353926324986 -8.2002611313374309532 0.92735248866282282698 7.0225216773188089969e-05 0.37418893201067587873 -0.023281823025439019048 -0.99805164801468160274 0.057886653141098580455 0.37346394536482485638 -0.062393132344027581182 -0.92554404462954953381
-6.4409410937197657532 0.75100326258433114379 6.4289837289903211115 0.99719616751232631469 0.0058777873836420770765 0.074600637492112001348 -0.054037725298643604632 0.7461895363983717111 0.66353681134799580299 -0.051766086807028925676 -0.66570761403544442825 0.7444149681943790231
5.7796055683649747436 6.6451684563590012189 0.58507767087447837273 0.62667115861678279742 0.0016350685167637376422 0.77928209623275335183 0.75995223693452762515 0.22007289942592453413 -0.61158851895410870636 -0.17249885952140109335 0.97548205800497711504 0.13667076488655885425
-5.5599640331438777707 1.9862041850715423941 -7.5591545720067863101 -0.5340713016946073699 -0.0037419456880849414487 0.84543115778219457557 -0.77647991106000413541 -0.39340050355033284735 -0.49225500660421117605 0.33443503468819940627 -0.91935958234461179206 0.20719837336339202993
-6.8448705924753108221 6.3857137572294657701 7.0422518183190145891 -0.97579792233861872841 -0.011067092371717702354 0.21839398853019781344 -0.042752668774280806752 0.98910043717862194956 -0.14089902230447842735 -0.21445424703756535423 -0.14682589907820783881 -0.96563529931726599376
-5.0480873717613317098 8.680039884735016642 -8.5503268457890655441 0.50628496236264108887 -0.0018048332891333999928 0.86236435423897395136 -0.42224136512753301931 0.87140894855219186432 0.24971718795165173677 -0.75192271309001001978 -0.49055395927445794024 0.44041917144830228237
-3.3070419710826990389 2.0618812276551587992 -2.0265643077093020707 -0.99117094144738393524 0.0082125386419091995355 0.13233563027139058632 0.12794340614793442423 0.321157443859681202 0.93834342384681268534 -0.034794391121775562759 0.94699020610719053526 -0.3193726661502053199
0.79150333220143853641 -4.6448932793415238507 4.1659299379632610538 -0.99609178155005029254 -0.0096107029957369517065 -0.087799755788392441769 0.088281839120656263598 -0.077554098758665535041 -0.99307183962051459591 0.0027348875728019274994 -0.99694182185002000463 0.078099450934673672609
-0.33864835052106639912 -2.5670722072124827484 7.0903195977784969628 -0.95196353314467918594 -0.0036861994230013919727 -0.30618922825011707367 0.035714288959743267782 0.99176655125103208022 -0.12297803618403932435 0.30412155649788991107 -0.12800593639900426091 -0.94399394019247051535
0.52681999101417331666 -5.8846956461832222729 8.8243057465197001221 -0.94135025537476868518 -0.0062162978361832536833 0.33737376060849044723 0.28132137362292602978 -0.56655922464396690774 0.77451205911456144637 0.18632761858836258129 0.82399757439700349604 0.53507944824975972598
-5.4735665499837953263 0.88220810109043978908 -5.3810405810285368844 -0.1277114231945053191 0.0092341628685619608213 -0.99176838153973312373 -0.93463400292578902029 -0.33573327138315234297 0.11722820079314538733 -0.33188713888978998989 0.9419118327755743314 0.051507536507513829172
-6.8424117271021378528 8.9091247859552478161 -4.6748378565229717907 -0.65917037895454899665 0.0082340496018192387701 -0.75194854340949868199 -0.01852615359591994193 -0.99981437054104460582 0.0052920782965028227013 -0.75176538437310080898 0.017419095467721034537 0.65920056278154059992
-6.9665494937119838426 1.9652739202934597085 -8.9616092075090882929 -0.0078895911023637421006 0.0013655543560226607314 -0.9999679442930526907 -0.92839152957749337958 -0.37154096632396005351 0.0068174887058315581517 -0.37151974666414072646 0.92841555652883300809 0.0041990753993367208388
3.9834731299089241041 4.2863924695740074355 0.53861113648595015935 -0.43759932974800386241 0.012022961780279152466 0.8990896924079982977 0.75443408220541530174 -0.53912129555656251867 0.37440278348866928848 0.4892198301490164325 0.84214231402267514248 0.22684858545219441228
-7.927389678823646868 3.0539199366187932405 6.428244669023385427 0.63085721676030015459 -0.0099478063862280582258 -0.77583517141816171758 -0.76178641458083495852 0.18190220784142469013 -0.6217660696297550027 0.14731133908019664047 0.98326630570275441734 0.10717621680127109585
-5.1172503010679104563 6.5916562234276820931 9.025533045771542362 -0.14244588919723474851 -0.00189367974861536989 0.98980077926196319282 -0.56766631726602589936 0.81935008064155046004 -0.080127383547486386028 -0.81084161270394317089 -0.57329037958910566974 -0.11778802900992624281
-3.29206492558952446 4.2225842624598142194 -2.004434768113768861 0.99698530631063431162 -0.013408864891985273343 0.076423172813327625019 -0.039211193803829536009 -0.93699618855558508557 0.34713199926313420551 0.066953575565559558802 -0.3490821464559328291 -0.93469720965898994702
8.25230911451202509 8.6730115037582606874 7.6009023226213594526 0.78593636024223412218 -0.007619648752893177189 -0.61826044560703985464 -0.12356880307032530597 0.97781644696285996421 -0.1691323356331494443 0.6058339612112251249 0.20932495551624888397 0.76755994843473607236
-0.65213037030586995524 -4.6439597430084376128 9.1344003914528855148 -0.33266747681889308197 0.0036192068471140583993 0.94303724804936062132 -0.032490077427232540164 -0.99944296759467998736 -0.0076255749840647979454 0.94248434720986851154 -0.033176133995147349953 0.33259975856480378242
-8.0738187837142998404 7.5532369232774021484 2.3687277122955650022 0.9763710830006189223 0.0051704507649019890159 0.21603882687870817891 0.091711813625884278101 -0.91513263279391809935 -0.39258273986180403092 0.19567435069964289607 0.40311974751287993346 -0.89398323118707201385
-5.348523810844754145 -6.8451491875944521226 1.3902446603169733574 -0.3187367805928288389 0.010842824324382108886 0.9477812500032704035 0.70819160043952544825 0.66732379750003023577 0.23052897075402584148 -0.62997739782006934028 0.74468878227802792757 -0.22037943593970682477
3.2453760693503355128 -0.096237968235778820203 -4.5560348321100354596 -0.69584497810702594656 0.0053893853128310596767 0.71817179070830572396 -0.62494084240652725271 0.48821446949507296686 -0.60917614469718184278 -0.35390494477406436724 -0.87270704494798034823 -0.33635353983987081872
6.5137616686845136726 8.7869464247857163031 3.9893774129374683923 -0.77347483645631454063 -0.0072518969459511480047 0.63378552157630341224 0.29834084053280846005 0.87807134501091166356 0.3741436300953859817 -0.55922215642752748366 0.47847478832373796509 -0.67700255294891265034
1.4127619380748568378 -8.9460374941850151487 -2.1648373036158576888 0.92255212182215751149 -0.0072497883132652601521 -0.38580438448905357562 -0.048883709049251398981 0.98957229060857276881 -0.13548824542943563309 0.38276358958395734211 0.14385451758413375645 0.91257761985461860466
2.0767762767768238596 -0.17958464235588106339 2.9157816791988659944 0.26240616486309276123 -0.0032895844621266424196 -0.96495190723469181915 -0.5974466222624135181 0.78471989528509245027 -0.1651430273760288725 0.75776021153739825387 0.61984180609079697621 0.20394998708811071242
-4.5336990788004829511 -8.0440904736958280807 5.3617751008479661579 0.51245278972037711096 0.0040360362203309451193 0.85870591515337391098 -0.083075637794336479325 0.9955313108481893547 0.044898190679847162221 -0.85468741462185016111 -0.094345744646347484696 0.51049809378140575955
6.8217621281139484424 -3.5920530235689223097 1.9224021866189098251 -0.79629092881170882023 -0.0093309880844340414852 0.60484187136266109874 0.56496148133606172159 0.34587988148531012556 0.74912324232418903147 -0.21619269483228739648 0.93823240204377722495 -0.27014936323482535707
-2.6980359008187999592 6.641788588397825599 4.2119649880167315814 0.22522191628586477052 -0.0017520480138168968189 0.97430591641050301455 0.93162782200654137288 -0.29234315836171814729 -0.21588209518681375498 0.28520990460992240445 0.95631187804338069203 -0.064209829664076942257
4.0903580008524311751 -3.6317523316378723663 3.4888574378246475227 0.92448432303606487004 -0.0047810128847555226003 -0.38119008168590234886 -0.18691559764901619078 -0.87716494921263565843 -0.44231686744685672075 -0.33225185600007556275 0.48016538170544964537 -0.81181889014484176492
0.65289708268312540707 -4.5773065942359245639 -5.6446109093783629618 0.73215846906061221588 0.0062764204910350195055 0.6811054123473651023 0.68039229141011170476 0.039924038135126571625 -0.73175979731649887228 -0.031785310642938859049 0.99918300512212709918 0.024960294519928927226
-5.4846902825370396073 -4.6650567769231710002 0.97880983869390736363 -0.87059790801607661592 0.0057620487187030576537 -0.49196146327981804536 0.37421384516966349487 -0.64141561857787765533 -0.66973875677597638489 -0.31941083363147221297 -0.76717195141577831929 0.5562588572956125299
7.1067881009445823537 6.484114936537812568 3.786802631232986549 -0.94901554002872823279 0.0035663811365497189929 0.31520911425504738457 0.12194183312282631804 0.9262431526102410384 0.35665643352839460078 -0.2906883109422970235 0.37690967507907524592 -0.87945403672573685405
5.1339791869100128707 3.2655365992952662957 -7.1709741824526842535 0.55229114734269635356 -0.0034830565008644623175 0.83364402288021322018 0.41932365180307651364 0.86544159868309311623 -0.27418700608699492216 -0.72051520706011740192 0.5009977121562974034 0.47943626146650913933
-1.9142496122538545933 -2.4824626388215484951 -6.7506746915619304517 -0.466593534174855884 -0.010187796612633217425 0.88441318548878378181 0.69513677872060086749 -0.62249296337626469633 0.35956552868312569027 0.5468778042086854807 0.78255908361438708543 0.29753310390004306107
4.1726435899517806405 7.8088707463035325063 -1.6515978422926034241 0.30789898603565241109 0.00074553925267532741676 0.95141876088752941332 0.37484222964328189898 -0.91921281827727474578 -0.12058647349552746586 0.87446641860831997306 0.3937603825747907349 -0.28330415429440974906
5.2253443801800543156 -4.6084979845163340784 -6.9225134511761909906 0.079781865702694354514 -0.0024585077393663688772 0.9968093145857195303 -0.0087010916557834355745 -0.99996057850749231477 -0.001769868589143275793 0.99677437011027347769 -0.008532125791373988688 -0.079800112283549440306
6.1988810499827522449 7.7743728888188723403 -2.4421742226739340254 -0.54286243966956038154 -0.006846743407996623218 0.83979372092273107953 0.81388997746280444812 -0.25086094730082370008 0.52407240883763817063 0.20708325905747598794 0.96799891902018231349 0.14175548170767823808
8.1293149731106577605 -6.7421947566785407346 -2.5967598264871494251 0.80465558680856041907 0.0010879704627147828919 0.59374085503518492235 -0.28619005346674786239 -0.87545304031885717855 0.38945760679850877084 0.52021595507477680354 -0.48330196618331427993 -0.70412681355622186441
-1.4082324110201140943 -6.9607897231333772936 5.9886071657448773919 -0.12422965084327486363 0.00082639911770415394598 0.99225314860474378431 0.72114304451830213427 0.6869526836280187565 0.089714657657660429324 -0.68155682315851917608 0.72670167711418132139 -0.085935844008759768031
-3.2987784840106497697 -8.9351568256879811969 6.73969324747064924 0.52603623270845478732 -0.011056208580832463384 -0.85039028812059569429 0.49819303184849667021 -0.80638771740046144565 0.31865742144654130019 -0.68926742625440406975 -0.59128386539575517045 -0.41868103089014313545
-5.3239726665269193617 -6.8735461427759902975 -5.2490472680736059985 0.16805077293213649403 0.0084449330844289030584 0.98574216751745125098 0.98565857613227592093 -0.017026424461581323583 -0.16789065539077555056 0.015365839203780940966 0.99981937567493039953 -0.011185124510479994495
1.9932628307631607978 0.90574544996482631021 -2.1059856778423355905 -0.93183394722825696466 -0.00016635512910791617341 -0.36288492269444966309 -0.088923932328556956617 0.96961573386118660167 0.22789879970768589512 0.35182101849120278603 0.24463299240891622777 -0.9035356495305619795
-5.0873806094934490574 3.1009106199916676161 3.6208317089262993527 -0.80545136524319316251 0.0065137755226422119209 -0.59262607853210191866 0.59096791719342400828 -0.066721351287736846425 -0.80393108046048600279 -0.044777439361688015085 -0.99775038562299811495 0.049891371132003252409
6.3982399728455181531 2.1783405650708589363 -1.8472037340561087149 -0.98987621055999064357 0.0011311573036938680527 -0.14192888448172044646 -0.070471837748160445769 -0.87191843367215549065 0.48455336662445747109 -0.12320230457040948213 0.48964983968730935171 0.86317102977490212101
-2.9482997718677133037 2.0962914038435140895 -5.8246801338178197938 0.78942412740997069953 0.005203350142976135087 0.61382609280647304484 0.23749763391912828703 -0.92467768840256392426 -0.29760048127175464661 0.5660427730708360583 0.38071524492410857565 -0.73119866065013350287
-7.5518461807315748757 8.8071037417677651149 -8.8067960516067458343 -0.72340715881955697242 -0.0038814841922839675437 0.69041075936651075118 -0.25552421028690081029 0.93048289495893510281 -0.26250516213183500147 -0.64139649244911245418 -0.36631477757399749651 -0.67410980055531166677
0.98583863115889158735 -5.5323702928693423431 -3.7680225997568190799 0.45672646824052270942 -0.00264314536052425407 0.88960325257469730076 0.56432677605477921112 -0.7721776278786780523 -0.29202226084918336824 0.68770358660997965572 0.63540123133843517955 -0.35118236313531864257
-7.7377738583599668942 7.980391369882502417 -3.5237281093662029541 0.98966056179714601004 0.0086453306603625316995 -0.14316853942596602378 0.064758615889952284017 -0.91758108322930898026 0.39223880145619249848 -0.12797770935443852913 -0.39745466906014809139 -0.90865366997048468978
-2.3414519086074641052 6.666797362116853698 -8.1323371557139587651 -0.12140156150926466327 0.0039556902882112755793 0.9925955940751847173 -0.17122880832734449497 -0.98508432392463274319 -0.01701675517571581836 0.97772304670696641438 -0.1720268213746544983 0.12026810327693138181
3.2274021357345565875 5.4175953749830947359 7.6783667835451634431 0.9685108504224200221 -0.017499300209028383762 0.24835560614946253222 0.18061180960439648935 0.73597392360029667557 -0.65247356882213014551 -0.17136541904672328296 0.67678368647048903206 0.71595931091254239043
-2.4605313197062885777 -8.0315369896904851288 -3.5109107101802949913 0.14170399744103501227 -0.01327277906910619143 -0.98982008993815973064 -0.41026362576022040729 0.9092047647926718712 -0.070925686859925909933 0.90089052303117367337 0.41613763229754824335 0.12339261119866595795
-0.84030732551299369693 0.99058468334669103061 8.6657083264623349095 -0.98512730918963609117 0.0098248072895066353161 0.17154491496592025324 -0.16340954086691916736 0.25506236892096317836 -0.95301653181545420424 -0.053117856156297438286 -0.96687468739352788738 -0.24966343792225137443
-5.8206980902162275271 -5.7585186163458130792 -4.4253896562131016523 0.23238931436703727518 -0.009815710020568219063 0.9725733177528942397 0.81572828755692960989 0.54654955046478592706 -0.18939627706565209664 -0.52970045067729965016 0.83736923798513207551 0.13501922762634807618
-3.2395614090310460575 -2.3713211522645796236 -6.8443038334781123311 0.27149776487684695869 0.0011798510637614136737 -0.9624383469180674 0.7004549914150447476 -0.68604015910237803322 0.19675290366483491611 -0.66003921752309724358 -0.7275627176059936696 -0.18708480237879784869
4.5843875346317313202 8.7463603483938658911 6.6973573825195806819 -0.0020651906628815280484 0.0037494608816633773207 -0.99999083822328171944 -0.96858551642788159874 -0.2486784207093326593 0.0010679135382337329521 -0.24867213827341594357 0.96857884790913140183 0.0041452418570849733359
-4.2609876284490262321 -1.3586215419075002853 3.0697412239410954982 -0.87967733498058908737 -0.002984232417202072659 0.47556164761098390636 0.36527662741481220499 0.63610135737334971839 0.67966760156103001034 -0.30453369564962085025 0.77159973918103519352 -0.55847387647883639517
6.4859672051922876435 -4.6087461956487549841 -3.9422965887274212804 0.25644134491503234319 -0.0069293636371861311307 0.96653495567303071567 0.94694127776736414237 -0.19864955139404760764 -0.25266691946399061353 0.19375255631512103283 0.98004609057459901589 -0.044380257669523470732
-6.6907114349393532748 6.5382140133561552631 1.2439096407523067001 0.99165545259176768322 -0.0018645307550689202425 0.12890301342515611549 -0.12626094494206813179 0.18785692104790632784 0.97404720162664193417 -0.026031464180189228808 -0.98219463485573565986 0.18605392264952771986
0.35800901696357467774 -0.3810644510172750965 2.3572369702611628561 0.84846687505554441167 0.0079647534732775610022 -0.52918855300872336134 -0.089138718256538407303 -0.98345225672022518193 -0.15772110720946283524 -0.5216878864233924773 0.18099232429543260503 -0.83371669510986501361
-3.0491350353585979782 -2.3227272884141769715 2.0430118990487575736 0.98646836552701389067 -0.015457854366141271854 -0.16322137896953201053 0.031133114232570851393 0.9950927945154046661 0.093920495643521423323 0.1609686087797800591 -0.097731187663724641834 0.98210881369912916838
-4.2111763504714776474 4.1025345031488447134 -8.3319607521292269325 -0.21886831259480715728 0.0069789488102529181543 0.97572944816470974505 -0.93486983313678917451 -0.28792801542652102231 -0.20764357207292913343 0.2794907097431338916 -0.95762662463321679418 0.069542727594892939091
4.7678119297551901923 -8.2061755850758810737 -8.7045445024426388869 -0.37648357626152362254 0.00090316173186404894585 0.92642285221391773575 -0.21168741867223800357 -0.97362739335715708933 -0.085077233619863357195 0.90191382824579080513 -0.22814224335586358317 0.36674591097301795228
-0.068791770972925408989 4.3118645674347444441 -7.4519261438880750603 -0.21160349674944117782 0.0056443022785731648827 -0.9773392972835921455 0.95449499828234818377 0.21620940798969703889 -0.20540883659359582269 0.21015056130638087861 -0.976330698968712829 -0.051138125054523891899
3.3091406020475271355 8.6995075676950968102 8.5062741372719177235 -0.24485102440334460816 0.015529555297926976934 -0.96943633558918473891 0.51658546530327953406 0.84821990512189848754 -0.11688648164931260409 0.82048000151496813803 -0.52941649527302558909 -0.21570985523788333005
2.5952693759207048352 6.692148688133304546 -5.0272535531469033643 -0.69813324357744366289 -0.0029574952431998761254 0.71596174997974171283 0.034474778891821288018 -0.9989703918384996717 0.029489758395695550575 0.71513737409836930503 0.045270403706555571721 0.69751639888661087774
2.4512087288136545915 3.6430880447695503932 -7.0233239011095767168 0.59356269863273602994 -0.0085407753718396532683 0.80474242956855179809 -0.15615771072533979336 -0.98216144947883921024 0.1047552220114627286 0.78949230026179595399 -0.18784552779802532463 -0.58430810837550783976
-3.3945038597736445496 -4.6605609562766918685 -7.3731692364692831276 -0.99789121417222970134 0.0029535346712040817449 -0.064841354942607426493 0.054414212633260600205 0.58267835678545498723 -0.81087916855544350803 0.035386694411159935747 -0.81269748933227670129 -0.58161032718803851171
-5.6430095781421441004 7.6473824781670174389 -6.1567783043423727207 0.95185632335373882018 -0.0035645771624274917924 -0.30652378942146196739 0.2215907984885754356 -0.68293987282287305085 0.6960536244673168893 -0.21181845461823312071 -0.73046589509609916036 -0.64927075891715668732
8.065535692812435542 -4.7020387985679450438 -8.0149496389257990359 0.15879150118756971133 0.0074490311994967646492 -0.98728403769358208386 -0.83607987025111962787 0.53287219305597233188 -0.13045181649994661011 0.52512447068385592619 0.84616294991071916431 0.090843560515300778024
4.6292558580263793999 2.0117335139442262815 0.27543098434851909229 -0.90855161162120234852 -0.0094152183612140304125 -0.41766652090329048352 -0.41454951069828122057 -0.10362849328564217866 0.90410720523554455319 -0.051794519016299417347 0.9945715102707854971 0.090248760419846973946
7.7261438917729279297 -5.8052635320110441697 -5.8035483913761911623 -0.22075445870984874985 0.0022567625424596347676 -0.97532680470851962351 -0.52940350474602149156 -0.84014050881835955487 0.117880679525772053 -0.81914552926964989688 0.54236411428645270316 0.1866595012637618789
-7.0230122285257454706 -4.7790327184469845179 8.4964957790861408427 0.5834846402257682918 -0.001466218067632282622 0.81212285082065560626 -0.36654553455718119626 -0.89282518755547402023 0.26173948032786997775 0.72469996944705150632 -0.45040097099224918331 -0.52148721903074779505
-3.1743001345332046981 -7.9089781304528878891 7.2946975190096141617 0.63280626965482689172 -0.0025849048712071904382 -0.77430584613056674392 -0.11174005343472785678 -0.98983199137191268946 -0.088015846954189805307 -0.76620518501490353369 0.14221795640306733599 -0.62666072745365897223
-4.1069481261240401437 6.6053082195534482679 4.3499928205592288677 -0.016462124802935920731 0.00048948637348359184084 0.99986437022754426351 0.96441212089379979577 0.26393412672448385292 0.015749216599679160405 -0.2638906203721401722 0.96454058346625881626 -0.0048169831254645210927
-3.2887849105844999542 7.5869285978351035382 2.9885836793865161454 -0.070241584504277101986 0.0070990788431989602925 0.99750474830254887149 -0.98840824995046761003 0.13442744471556491992 -0.070557731942826898419 -0.13459290930815343001 -0.99089800947760331429 -0.0024256086220492446837
-8.4011084089195158242 -3.6397042951113300902 -2.7188292654203354282 0.63169472319069874811 -0.010393253291322158971 -0.77514757109789766965 -0.072251784251698716877 -0.99634707008961731489 -0.045521375158798359217 -0.77184289616829115932 0.084761407550261569366 -0.6301381177366726094
5.3143653368131751336 5.5972654742767753433 -6.9431399717306900854 -0.6864758995303511524 0.0036892123998943046094 -0.72714319709084518362 -0.68808818016596673406 0.32005546909210669249 0.6512289559134432082 0.23512867898147413181 0.94739162251749431398 -0.21717186259824039496
3.7268346588434018152 -3.7664433780778105998 5.9272464608197603653 0.058438982056699617651 0.005242850045798012372 -0.99827721495557142362 -0.99805159455725034334 -0.021591208462964424364 -0.058539169099460414136 -0.021860923537443198439 0.9997531356493745136 0.0039708666042420053682
3.7376583752258087934 6.6343595882993122714 6.4534464353876339615 0.48765038376042108004 0.0010882053099197245075 0.87303832620785815077 0.65449995622558143626 -0.66225556674632146681 -0.364756592283241865 0.57777756145348979633 0.74927723849216243401 -0.32366141159911715475
1.98932943712977095 3.3190459511865024744 -4.5510865095755255183 0.85390515591118365535 0.0096080571382081980669 -0.52033995613085726184 0.21931368783333085593 0.90007243111656232148 0.37652506566332683002 0.47196132366668391844 -0.43563436960599666303 0.76646931118008343464
-6.3817823424789867914 -3.3968149965723557493 -3.5700491370182305673 0.19413758595424382425 0.012920924948654719314 0.98088921261189687684 -0.24737732347242541442 -0.96695283446275182015 0.061698263803484747203 0.94927080306495992268 -0.25462770003126811158 -0.18452554518350788859
-0.23714996663408235977 3.0270150510402924482 -2.0801464974013361697 -0.13122738956865065418 0.0062825482987907506002 -0.991332387150689609 0.9325210837938164854 -0.33857361455118195614 -0.1255879604497562585 -0.33642800196650757272 -0.94091893227659362253 0.038571522865880579489
8.3628910955016593221 0.86291026199750309189 5.2024796258190759701 0.15005164340247120758 -0.0072059789818338920026 0.98865189939591857637 -0.30735301533573300414 0.95008633769254247081 0.053573079937104091386 -0.93969070883788352599 -0.31190387108351513845 0.14034723697660356212
-8.234021917679186231 7.4760983786827663877 7.4351499741844548907 0.97258152893897664715 0.002923391879034172719 0.23254380952119343973 -0.14109497685248942322 -0.78745240842754204991 0.6000090932379310571 0.18487124458300496777 -0.61636852470027347906 -0.76544919144565604086
-6.4013894689489267975 1.0410348860980866981 0.28349314556484145333 -0.96685313452067955797 0.0057051637896827472191 -0.25526940156177696517 0.22360068031946225831 -0.46377784886463668812 -0.85727057727609012883 -0.12327916299275935852 -0.88593315662554761314 0.44712938839149418691
-6.0207891988907578096 1.0445833074958545961 2.1573155064387576907 -0.7956586242215610838 -0.0053260759541949205531 -0.60572187232811669499 0.45867139237448106837 0.64785850605863970486 -0.60819397394619234554 0.39566135459355916693 -0.76174207514234226757 -0.51303128894709137953
-7.8749640491989705282 8.8008770185035896105 1.7348301706228430596 0.96661292055952274804 -0.010586260295255422656 0.25602225079147622466 0.25494228185544937082 0.14020045446253204258 -0.95673834745505204058 -0.025766154732740270683 0.9900665450673186152 0.13821845610795996384
-4.8436032191198590269 8.6568046254051242983 -4.3477637565445075296 -0.85815420454644175674 0.013193496744680871524 -0.51322245942962241294 0.41033599080096516687 -0.58315446679344828951 -0.70111000742565976473 -0.30853806227573582488 -0.81225414711330279349 0.49502269102000728829
5.6420784789240494561 -7.063036046716804961 3.7332122100222151495 0.95144582449339043517 0.0026881314548928194469 -0.30780451101823652627 -0.21528866258743212247 -0.70888563252495528921 -0.67166357036929091873 -0.22000371545796496009 0.70531832100741786995 -0.67388755088340968058
1.9921766451810014598 7.858574425067746283 -8.7460955513897662428 0.53432603006462364714 -0.0051905510629028364308 -0.84526253423144181998 -0.82666473864343015254 0.20548973044166748969 -0.52383144289623306822 0.17641174416425975391 0.97864550725101340234 0.10550766634813728284
-0.84015360449055420666 -2.4394950629378486795 8.4872107768837725672 -0.98807892020174536984 0.0077340413577261114125 -0.15375380339076002989 0.052058214983460374126 0.95668806442552301039 -0.28642257180335028988 0.14487922454782578563 -0.29101225402037222967 -0.94568593005527590289
1.7350482997908911464 -7.8283386211099044161 -4.1875482945099768983 -0.99055687195759933861 0.010053522481998325433 0.13673335402691053075 -0.13438435420422711886 0.12640589464204154968 -0.98283385938054113051 -0.027164844244623041064 -0.9919276568810432293 -0.12386119146734955732
-7.8887611258315279983 -1.1797298951441583803 -2.0584438341903319447 -0.67471125027303913146 -0.01002459243186277528 -0.7380137101039598857 -0.47592139781555781175 0.77018263431455646906 0.42463811993495642616 0.56414851932474530116 0.63774463333463393688 -0.52442180617969824663
6.58193142148607091 3.3945936950574213675 -5.2178733858737862406 -0.87175574442477077319 -0.0036229648306094121984 0.48992733766187579469 -0.36679399746397522986 -0.65812154626865149165 -0.65752429138499779437 0.32481392440434542213 -0.75290298476164596586 0.57239235673662747228
-5.966923182015448468 -2.6267033758251976394 8.3184737324052306917 0.044057903186079008795 0.0084631626503441637066 -0.99899313112983256779 0.87912575953446336907 0.47466481292304230077 0.042792689745345051378 0.47454904919288104503 -0.88012595135608018282 0.013472552080518450032
-3.8120125009236471847 6.5418596198742031689 6.4154421946906268204 -0.97769236677707738181 -0.0050296601557610629354 0.20998175745795441549 -0.20428248803202830874 -0.20973498409763405292 -0.956179847899603641 0.048849780243850504657 -0.97774533441192124084 0.2040288215076763445
-1.5161952330044772275 -4.7647246741361710676 -2.552113359563060957 -0.88891832625904465548 -0.00093164152233246068369 -0.45806477848117216345 0.32417506901026238442 -0.70778681189060610457 -0.62765305188940656578 -0.32362746155570093487 -0.70642548153202699979 0.62946668312883757856
-1.3572238175524238279 4.2234257433334603249 7.4076140920116833044 0.38582291713510424858 -0.0056266095751605019887 -0.92255569906539725 0.90292792662125676006 0.20756446607021253326 0.37634844459946287243 0.18937221533452219813 -0.97820515930422224926 0.085163550710383700837
-0.68082932005274587883 0.88157729536857276642 3.6380601813252635424 -0.026860140631664822242 -0.0081896369134552126495 0.99960565359155761911 0.15460991828000528181 0.9878996681995434459 0.012248213776645594172 -0.98761040193718818703 0.1548779371585800313 -0.025268924923880945604
-4.9982189802422150038 4.3342441507110667231 4.2581967025863081133 0.13348472412704026624 0.0018510079624469127479 -0.99104914216910111602 -0.784173994664769336 0.6116824780742580181 -0.10447818962980355562 0.60601400521448622882 0.79110120704380393342 0.083101779147301158002
-1.510238489850320498 2.005321431032137891 8.2190305675505452854 0.94599896191780619148 0.0056740819546067973456 -0.32411999142922043315 0.32306440196850361168 -0.098995760763012558003 0.94118501450670644104 -0.026746144223482391789 -0.99507167789287387372 -0.095482980809520598409
6.0102642468905127515 -0.13010313404647069757 -3.166743183768204517 0.94535352555447327294 0.007893882706945892086 0.32595152758929191172 0.079292081201618333508 0.96412767890464656784 -0.25331913593067001411 -0.31625856127644552673 0.26532151323598257564 0.91081557794841550013
-3.8063959729006286992 5.442898500765253722 8.9514058372265736807 -0.91372782150523212952 -0.008807560716395490541 0.40623133197909516712 -0.39665364064659708321 0.23618435485518241013 -0.88706416897715634207 -0.088132613537882389942 -0.97166834742922536527 -0.21930176705879861343
5.4128078451775065716 -4.4155498918576165934 -3.573003818121592623 -0.25612310696433776558 0.0081420226178256401017 -0.96660988074129661207 0.49076595678293788438 0.86259820573119627696 -0.12277259927366446224 0.83279633148913712049 -0.50582412253403530311 -0.22492716003386248325
6.609876321615189454 8.7542326068336038247 0.82061336071167123585 0.47375156177826788229 -0.0062708041722035062771 0.88063621020705806774 -0.30284849264497837318 0.93782655186022467753 0.16959996795028817185 -0.82694754864815578355 -0.34704759852373689988 0.44239769002937318065
-6.375200573040054941 5.7753126388465050312 -2.0483784612202082798 0.99969432589377849041 0.015409849353941743738 0.019333683528927850248 -0.0096760378768779471692 0.96347761364867023914 -0.26761401736288598086 -0.022751462962009614405 0.2673451412332816246 0.96333220977608213786
-8.1719767870927633169 -6.9428684663832438417 4.6942427202957768273 -0.16079204950351033698 0.00034284806648693160955 0.98698824677480068157 -0.10469858443430217487 0.99435173622309136476 -0.0174020426257318582 -0.98141944306909445483 -0.10613438238999764462 -0.15984795788732228394
-2.886102323760687316 3.9644771695495255592 7.2650968795430586056 -0.54279291810456720135 -0.0068861079743004587062 0.83983833537926921853 -0.6723432004523032246 0.60282756788510483137 -0.4295969555332371792 -0.50331945011225653897 -0.7978417793740983921 -0.33184036256015675415
-6.0918410952227981525 3.28049177828626215 8.4496857086122858504 -0.19356437204075843672 -0.014440982177614875709 0.98098129029568936765 -0.93263918877922069584 0.31303919144878106229 -0.17941741323002041719 -0.30449462627384044078 -0.94963041371413081659 -0.074061460420232053115
7.1344968956449008601 1.8256624952462510159 7.6079754185699632885 -0.30862692366983857095 0.0099684748216446704416 -0.95113093288767835976 0.1675196635668688705 0.98488479526030470179 -0.044035240247926876744 0.93631542991907013018 -0.1729235946161159776 -0.30563188007857405859
0.19871732011047879563 5.4108884545779849518 -5.9291884788439999099 -0.82948634909164487006 0.0085325309606978667204 -0.55846180942483703014 0.55627806442561122946 0.10225887797396765455 -0.82468044533302342636 0.050071066590799483131 -0.99472122616885993995 -0.089568803160403179242
0.96132838336911596855 -6.9266220853334354857 6.5170324559233803186 0.0053992883870835079591 0.011864630666587978533 0.99991503550236437992 -0.28549835383469684968 0.95832878993678227708 -0.0098295643672967284582 -0.95836399016362805447 -0.28542102395795865277 0.0085616260305681687881
-3.3852095496721115175 5.6758909582265104632 0.98473383511939915902 -0.92378443844468915991 0.00082891086699252896144 -0.38291203192697947921 0.25949465575611541102 -0.73399465072888436801 -0.62762598443268058368 -0.28157562913305489438 -0.679154743492201729 0.6778377383047078375
7.2203880210178219556 8.8846062564086967228 -0.3239209773589834529 0.54899164740704686771 0.0054438407048028759211 0.83581010742594130658 -0.50000198288703445737 0.80346010944023227296 0.32318705055574081797 -0.66978070156268343371 -0.59533370233530691351 0.44381482025453161677
-4.3991087948790710271 -8.1207660947715325506 -3.9213321225195172381 0.84031766273775343468 0.013910073658869643101 0.54191580115550541663 0.48241313382096140394 0.43680460356042888348 -0.75926234374253409598 -0.24727271181459253846 0.89944885800091778361 0.36034422131144105972
7.8445697683639297182 1.0339942358317226745 -0.86505339159043348474 -0.42455908773322453831 0.01417908852559050803 0.90528919935646301465 0.7733563680242224736 0.52562621685527399773 0.35445311141343255334 -0.47081791497293506987 0.8505974568519990564 -0.23412487552070210262
-8.5516800138124065001 7.5999184451766108594 3.5534232070370168621 -0.92554081118676279072 -0.0016971472587569585468 -0.37864406309739606638 -0.32325576250719034732 -0.5172007043231592327 0.79247027922396096056 -0.19717991488383984633 0.85586246040970415105 0.47814174679446086458
-6.2534965558634842964 4.5301694028393910685 -2.5270310877901600577 -0.97726054089451264151 0.012213631515232480779 -0.21169001491769118273 0.10853532982122308936 0.88645664617903374705 -0.44990520848921899955 0.18215904422020876008 -0.46265045298832174758 -0.86762471204923341528
5.8200207044550493762 -4.7363873699716343424 4.1490074629696227504 -0.81356674919473004337 -0.0023567931029511383217 -0.58146675754607524134 -0.21150378765968094741 -0.93029388111492117286 0.29969891986088320612 -0.54164129496415092113 0.36680749758743025346 0.75635769798633167849
-3.3623432677085043352 8.6557390626207570961 -8.9353581548047831262 0.20035308072527768797 0.00086201097867523533008 0.97972337931724939875 0.36532363086949393161 -0.9279432107206960767 -0.073892099749290063304 0.90906396242070297564 0.37272061200599376773 -0.18623119398664353397
-5.0305213289830694734 -5.7855551075317013243 -5.5899300069964201754 -0.18731645657700521368 0.0097746283746374482831 -0.98225098713899861025 0.82580957708190461108 -0.53992270900526151411 -0.16285579725783638771 -0.53193146879594621623 -0.84165784315294978057 0.093064426952013223904
-0.30272727746263167203 -7.0307901472345877281 -7.770688099229849044 -0.042163652011902925942 0.0021776001165227758249 -0.99910834472857668054 -0.87617673566690168485 -0.48064903348295856533 0.035928185147929156407 -0.4801422230184200779 0.876910351558030432 0.022173881149227209902
0.027485358612013635615 2.2634214775281540355 -8.379337806166676117 -0.12883222406648994762 -0.0060247390767125819089 -0.9916481031905097776 -0.027258501721469652335 -0.99958218244309993139 0.0096142928178839983516 -0.99129169880825374062 0.028269472254432825853 0.12861417034074285048
-7.4664639886305552707 -7.8963216867224392814 1.4388518408235568824 0.34805252491412963511 -0.00010469600951233974315 -0.93747502843517960258 0.87748128993293672551 -0.35195040325703830231 0.32581820002027828131 -0.32997882616660878519 -0.93601864441131765737 -0.12240535770870814014
-8.002169344441259824 3.3197217190781365126 -5.0140316522185255366 0.91769701346314735968 -0.0059300040144687655996 -0.39723673864977165904 -0.039716343554387509296 0.99351017024360432917 -0.10658402167759968571 0.39529078351935903468 0.11358862916119043251 0.91150579800117759177
4.5332138314889611763 2.5441288723229047442 -4.6319365705429893509 -0.3912481076684968806 0.00080138643767154425779 -0.92028488851308620777 -0.59753983599522053627 0.76031215142718022726 0.25469899252048888716 0.69990789582975043714 0.64955738019974151864 -0.29699183016276670122
-8.1105975752454586569 5.45395944347049344 9.1621588030678591252 0.8809325083551017288 0.0047414680566191316768 0.4732181676606527776 -0.082461190600533876283 -0.98311453768880419091 0.1633583723892948758 0.46600221862995805377 -0.18292983426884945608 -0.86566656858542112563
-0.97903905745428132512 -8.0119694953566291673 6.5759202514097383485 0.16218089262977553044 0.0023797715059962697669 -0.98675817440412438852 -0.35750634580069495794 -0.93191600829538512318 -0.061006279964755993905 -0.91972092004999050907 0.36266636206088420646 -0.15028818666640977875
7.164727087435299957 6.5412813824268161156 -0.52912677333991298134 -0.010731780128576649119 -0.0045666707326959500232 -0.99993198489379886418 -0.53996675971412699813 -0.84163114828901086639 0.0096389124662649445369 -0.84161792239648702818 0.54003347650689881299 0.0065663500346306779773
-0.53368491575263221627 0.028115557061713175591 -4.2465203437883065618 0.97974605751364529649 0.011336158053737473497 -0.19992287089593308025 0.1816272058007516732 0.37008349526592626555 0.91107066940186243187 0.084316195951125397223 -0.92892932887928969521 0.36052889072582972041
-6.0237069455376319738 -3.4577365853075576752 6.2912272978538448243 -0.99466172245892114923 0.00060287059688450290312 0.10318766603734720599 -0.021117507309071192889 -0.98000817864485945119 -0.1978333153795606425 0.10100548876283764466 -0.1989562925271620708 0.97478935411884770623
-1.5812213601497191462 8.8319369916722703096 -5.9883405246081720108 -0.71093921753171218647 -0.014983666754961180029 -0.70309381927739766915 0.31960836291393440733 -0.89744334982924145461 -0.30404922003309653444 -0.62643110022637449319 -0.44087517913538704084 0.64281657810875403314
2.7523962599567202147 2.3232926214872486881 -7.3293231876602762398 -0.79889065455363095225 -0.0056937248720216240144 0.60144933582465132105 0.53687478782190833915 -0.45758920546519321615 0.70878599114516838142 0.27118109128077588776 0.88914548896064071748 0.36862055720333763986
5.4871754331231885615 -5.5341481018711791151 -4.0459695435397229346 0.56347263104517575361 -0.0025567416777494932079 0.8261307748384550953 -0.07206853200403763593 0.9960307931454606134 0.052237781352987913697 -0.82298524941697781543 -0.08897259228517945262 0.56105183099612621067
-8.0388515402901994378 -1.2723285770574677134 7.9820208933499472437 -0.77749332959800310228 0.0056246557392891447652 0.62886603158274378966 0.57067990231043730365 0.42647877405288148189 0.70174090972485880791 -0.26425096315754598164 0.90448008188697603948 -0.33479428002907551942
1.8131772215512866886 0.8970933749914498101 6.8852368609263878696 0.71048534034687471639 0.010815252108867967618 0.70362888760635056151 -0.12682594130351440564 0.98547731279187500419 0.1129143329472621915 -0.69218910838343494785 -0.16946237427303223466 0.70153883851201048749
8.3179694470611433843 -7.7645017744637643275 -4.7950838124219457015 -0.29078445035981442812 -0.006591871547618510449 -0.95676588079777191709 -0.31291844196266410671 -0.9443291340564335945 0.10160972026197206963 -0.90417169393246643594 0.32893621539975748114 0.27253351003104858696
0.86246691907174577452 -5.7990269709429265177 -8.0234955104024265893 -0.69305319898901152076 -0.0044405092063973588754 0.72087276633891939071 -0.72023282767661334081 0.046838353041358013473 -0.69214943662551398074 -0.030690997182078603306 -0.99889261212717983529 -0.035659670912776095242
8.3813491067117809052 -2.295708926349646628 1.900961143707396328 0.34273310468029916098 0.0092159267894285998995 -0.9393876120374577976 0.69217334288496190631 0.67360180458179486074 0.25914604427481163773 0.63516146164197750945 -0.73903699200896788568 0.22448661894911603465
-2.3681249382756837107 -7.8634003241403886975 -5.9301274724037833508 0.7694618242590200996 -0.0060248320423571333562 0.63866438949303883099 0.28163848680499270483 0.9006870965797041384 -0.33082097394966741843 -0.57324363385728183129 0.43442658235170306114 0.69474116100041627409
4.6421398103650926004 3.2333746450387548244 2.1689816558433778759 0.69820913471213363888 0.0033608453895766689928 0.71588596083629829625 -0.66934400043380459788 0.35777016690365914808 0.65113678805373875758 -0.2539342696203428229 -0.93380362624685309125 0.2520479603577688299
-7.5004332719343773661 3.3228531534349476928 -0.1373081676179747912 -0.91363496886860129376 0.0076392278605199731567 0.40646375712753096687 0.38675176319112719581 0.32443475677416244718 0.86322949571098905874 -0.1252765633675572976 0.94587722818288277882 -0.29936942374966274416
