1125 17.292696884352682929 17.968806560800352656 18.477561601407678893
-6.1700070907652566632 5.6047098102938939235 -5.8684329051112342768 -0.93750237345478970585 -0.0069567978954419547669 -0.34790933119087991132 0.34417199524958191903 -0.16602170441492378195 -0.92411169852416419346 -0.05133164182657918434 -0.98609755938577581258 0.15804007694618490976
3.1229770375956031891 -0.051997953062694099446 1.6743264155169408358 -0.37523291378902801085 0.0015820313289531314632 0.92692920850859017445 0.85965338165055105168 -0.37342858362161179819 0.34863613747129751363 0.34669341474287102001 0.927657582360583155 0.13876269694263743126
1.0801537966226268939 7.4035298688735418082 5.7323517450715080201 -0.64876531313481045071 0.00067153603889256595523 -0.76098825057455332654 -0.18614466276343547002 0.96948137872974005091 0.15954943065057233809 0.73787108155706948587 0.24516403760660043787 -0.62884088740056554023
-0.88275020748794397196 5.3201671497470046646 -8.0627307429152992313 -0.16810496729922697057 -0.0065539799164892869471 -0.98574731311673979839 -0.64795808875944627125 0.75433635354610717449 0.10548450564069003499 0.74289369036286723169 0.65645541437787613415 -0.13105439234588561748
-4.5701219842572253782 5.5385036806642995444 -6.4805882603583171431 0.59980130250049901175 -0.0016563043807075305408 0.80014727030377696959 0.79690365981092525782 0.09121052523303654902 -0.59718104211984890384 -0.071992739212012102357 0.99583025498456889668 0.056028106859414103513
-6.0300306133618875037 6.7851450486563322784 -3.578261918649715323 -0.94256077893129075473 -0.012687697864292569322 0.33379364934498423345 0.28222441069826803561 -0.56479386097440853476 0.77547229261379879706 0.17868564583157550696 0.82513448414680434784 0.53593331958853951402
-4.530150125013069129 3.4081595284963732695 7.743837438978598442 0.082428318973728820218 0.00063601270935779129212 0.996596792950392385 0.9798370731457280991 0.18257213679647943394 -0.081158640665014658566 -0.18200242394035714977 0.98319225503142482214 0.014425925495909727378
-4.3001137439245686878 -5.8410414535417061188 5.0658849413904247783 0.99911702956400672004 0.0059314196075191897434 0.041593022212879783572 -0.039069526554757948167 -0.23290821502601330439 0.97171360774056436682 0.015450997706789931438 -0.97248063303842346983 -0.23247082620190412383
-3.7343361627346056686 -3.7110514718309715043 7.4861179704196105789 -0.10786947678305770781 0.0080534055722569584251 -0.99413244521902810469 0.61421631193343229072 -0.78575290744790349251 -0.073011578479577773915 -0.78173045107218575023 -0.61848808484560191534 0.079812221938080962769
3.1739039457078361828 -8.1197671746338766496 4.3936528901201903352 0.51405426046025470832 0.0056764513090919836713 0.85773888521116115058 -0.65017234665989431797 -0.64967245364065806523 0.3939563714669764849 0.5594856002986681176 -0.76019305500729450475 -0.33027622102922798986
-2.8592795022676344985 4.0891254174680522482 -7.7662444990177679216 -0.2071987839787897967 -0.011021851582548094009 -0.97823677231312733404 0.95514129012537984931 -0.21855732535672156569 -0.19984446810066122668 -0.21159815645541923956 -0.97576186353062599466 0.055812237583598087176
-4.0085624350661852588 6.8803571693767819895 -0.29836384556589579109 -0.96780555286654923464 0.009268632905741239561 0.2515283369411669967 0.22827139514718225444 0.45333446678822297837 0.86161478131440227823 -0.10604047339516810278 0.89129229418066990842 -0.44085537802815294439
3.9160164437847200247 1.9558184848649713405 3.2641545940526026648 0.87624254720130978491 -0.0062418640036110807981 0.48182988451122382711 -0.28847693863308093709 -0.80773033545558203805 0.51415246869205544211 0.38597934446210530046 -0.58951907884215959399 -0.70956832041038675474
1.8230202087699969304 4.3299029987501640448 -2.7209161263260472907 0.99974957499632965963 0.01194527823785829744 -0.018923467511425325072 0.018384340229968258729 0.043734733217969758157 0.99887401064618930313 0.012759440784720590956 -0.99897176308359736385 0.043504174888015424705
6.918399723502892229 3.2632998841781351018 3.5779877369461501324 0.96244155723495317112 0.0057481803942255518119 -0.27142808868867968064 -0.12009275420766347964 -0.88762816022225521362 -0.44462791136812035431 -0.24348301643803393901 0.46052492614703655072 -0.85359991395459433594
-2.3375908195211332341 6.8686505885092019597 3.1854199355778263225 -0.99461019398972261296 -0.0036064188163612807825 0.10362217790987857113 0.065178687915920463514 -0.79898707836948701377 0.5978054760873136031 0.080636844265125434683 0.6013373781344442115 0.79491575465901953557
-5.9878749967226125861 3.0800605028793315299 -1.4022995067948953452 -0.68823492844672617963 0.012136890056580449532 0.72538636543952561553 -0.41720792190505590069 -0.82460936417591479408 -0.38204312114291122393 0.59352357422885182459 -0.56557235824672813518 0.57258857342903268783
-7.2762672682609705888 8.746991711387035906 -7.9371269802548338745 0.92912113596495482515 0.0036304716135186800019 -0.36975766980449448207 0.34888216410752037611 0.32275762699626331376 0.87983450136001084552 0.12253632225142765955 -0.94647468740131701637 0.29861432624297651328
-4.7015425393469900683 -4.7013704065788868292 -9.0325537827147890368 0.94821131413664150323 -0.0028146701700469201404 -0.31762774024778128723 0.30903196096248464197 -0.22304527840301704988 0.92452693356402315672 -0.073447606133524745431 -0.97480402205454030895 -0.21062423350439751779
4.3021654343692761202 6.6229094319577725969 4.9549758761339210977 0.072517758323777117835 0.0047657203028198353786 0.99735573525079701529 -0.35490130733979657895 0.9346602163785913131 0.021338743351948265964 -0.93208703283350624602 -0.35551029215672008688 0.069470824052097285284
-8.4608109698685485256 -6.9050924575700411978 -8.5057758853464111581 0.72638058463930954556 0.0068845280031780264202 0.68725821168823686413 -0.10218191780576503513 0.98991854501393261589 0.098082260939000173727 -0.67965439889134193763 -0.14147041214167765943 0.7197610857472471757
-3.7145586810068973449 0.86549725019293743955 -1.958614233593496845 0.94932177588813637659 -0.012468925566974386338 -0.31405842087064289592 0.059230030768077784886 0.98840730352802275149 0.13979558572395545113 0.30867453616998086208 -0.15131268363197486471 0.93905511153100906796
6.2968877828034264255 -8.0519663391260305474 7.4543747405322093869 0.95584464733744944898 -0.0066395575024889279953 0.2937974241424083921 -0.00080132472302412577347 -0.99979990809326457768 -0.019987537503801819372 0.29387134606034798212 0.018869553596996407885 -0.95565871100096044799
-4.2184842515971370247 -5.6878920064839242343 -6.4213667330793908761 0.67442206935484849684 -0.00075808017946012704914 0.73834564919260881055 0.6723075597581735785 0.41400964000657036745 -0.61367626895131022202 -0.30521700060647527497 0.91027218088666139728 0.2797269011816479467
5.7995124969047022745 -2.5120972001486974179 7.3789791182341595288 -0.99681861489233125617 -0.0057987678752166923329 0.079492284501274462771 0.026329950225480496656 0.91739983097187682848 0.39709480461698254405 -0.075228868961412176386 0.39792452101357145278 -0.91432854754253778395
-4.5211293887494932164 -7.9728434322559262881 -0.86079863003529788479 0.095202536973618773208 -0.0024114987684288949343 0.99545500231172467931 0.44390893135479425613 -0.89496017486101997473 -0.044622259877656715588 0.89100018945994730046 0.44613951863371364981 -0.0841319932957523553
4.0309702915833431902 -4.5162376738928733388 4.1501917609429543887 0.28319479590110524514 -0.0016299064754677111862 -0.95906102568050899393 0.40978904086504036597 -0.90391198162904196067 0.12254008101214584892 -0.86710648109756516266 -0.42771541107637689461 -0.25531525133873028688
-8.5695604511173613105 5.7242449615965078635 4.2974065741051639122 0.94860213665188619636 0.0012861073965416223303 0.31646853282347409131 -0.11823098426568938446 -0.92614539897366165988 0.3581565779366117086 0.29355650341839034656 -0.37716448121135137672 -0.87839144657337908662
6.3366875921627245916 -2.4746326995924721182 3.30013433253570998 0.62346686856616895245 0.00035345623589075662006 -0.78184969071321452905 -0.78100368816666576599 -0.046227997379879322282 -0.62281314318813363329 -0.036363482642957252466 0.99893085212478638368 -0.028545574142668547757
-1.1301524071402246907 -4.7471431753974826506 3.5075303566958657697 -0.98666260198938615655 -0.0093197910230291211575 -0.16251169598234119218 0.14876927580657239858 -0.45682218100108235026 -0.87702975862932197604 -0.066065213325402535882 -0.88950921099266822001 0.45211586031407979824
7.7873994320076738163 -7.9208935773506059519 2.4834468123359241254 -0.9238980807803676143 0.0084200295353187605552 0.38254599649295178976 0.37436285511459310715 0.22669495733180750063 0.89914506562114671073 -0.079150420343388649957 0.97392941193039039849 -0.21259518229839075021
5.3773848218647559705 6.5520514376951082269 1.7630499031864073078 -0.61079637765730998566 0.0053214734928170547013 -0.79176983206012518934 0.36999678139489378115 -0.88216432909087161285 -0.29135627372191608142 -0.70002154738121158406 -0.47091164606495722333 0.53685384864251395332
-4.4457056581815228569 4.3713764948335995797 -0.76934629590033498658 -0.98853151298227537325 -0.010637329045641148034 -0.15063961985940102495 0.1394485613493595122 0.31856267246958264172 -0.93758835447447064215 0.0579615957179064889 -0.94784211287510344857 -0.31342588036413721042
-0.33524476549615972454 -0.23010846227242637285 -5.5368826742930092877 -0.12522728590227560908 0.010017229927460107736 0.99207750804570093983 -0.58743190241800702367 -0.80657733625946514966 -0.066005762281145199943 0.79952603890513340712 -0.59104370036157782842 0.10688993112315511858
2.9506503820516685188 5.3797309808686115673 8.1526950087744491924 0.83671879429590023669 0.001072073320430114076 -0.54763172838152518462 -0.52329470596887361911 -0.29323843945868000027 -0.80010866032564365025 -0.16144444857678347249 0.95603873785646564798 -0.24479710321204253831
4.5114608449278525981 -6.8305912130566337481 1.8751953788303277193 -0.51941785418347652392 -0.010827531124492190476 -0.85445178759564843762 -0.77188133886335408285 -0.42304707675160496683 0.47458441774497467369 -0.36661190852175523647 0.90604300969737194826 0.2113806356038201717
6.8670425419528573485 7.6274255439466056572 -0.28545611157442912775 0.56230057296227420327 0.014354971431944033716 0.82680832146391292081 -0.81926436596274432311 -0.12618016281477381635 0.55936076478033802672 0.11235641641741041241 -0.9919034737853572592 -0.059190661278469253181
-5.0127412229296606228 -6.8944815261226448655 -1.7438943413766949675 -0.2652112058522713145 -0.0026236461856820395 0.96418677276289888045 0.57457070259168951942 -0.80347827185878806233 0.15585626190237497624 0.77429421024151623421 0.59532829861483915757 0.21459891158801305822
6.4712118813399035488 -5.7114030717539030491 -0.62136918394507190122 0.19929136734301439171 -0.0080920126047197508262 -0.97990686814344729605 0.92797270945918286511 -0.31975664380428892031 0.1913696403339479879 -0.31488029694007657611 -0.94746514873902254461 -0.056215571898922393757
8.4863506104655215267 6.5472985860004406788 1.3027553707639512037 0.21115158963401320369 0.014384337638745190932 0.9773474801859458605 -0.29671273582538071345 -0.95176686960424572437 0.078111320065520253864 0.93133053133347709629 -0.30648477409839131047 -0.19669907130403568862
7.6973625327404118224 -3.7495997865531704996 -2.0817590120199120918 0.52055004562823781189 0.011546104326813019098 0.85375308928938775654 -0.71307532066606760246 -0.54409630290588628654 0.44213436896680408106 0.46962882902719826905 -0.83894332385401282348 -0.27499611325825557007
6.4242719965754266909 2.6246747884012329166 -4.2991094270717304937 -0.94367059509859396726 0.011876277670992089336 -0.33067319512616782928 -0.12685563734280907999 -0.93598040087805778331 0.32840270468834287243 -0.30560342802499435022 0.35185173468502550786 0.88476375467026446842
-3.0615851385038115318 6.5463347733909520443 -1.7684721288610207868 0.99945619570386867725 -0.0046943095431818621446 0.032638571157177213855 0.027986313304771321536 0.6442046195242115969 -0.76434100665295034993 -0.017437865032515251218 0.76483878800800908504 0.64398567470214507225
-0.3390927689385467847 -2.2261925874658508029 -6.4310809212500048559 0.43166947683946210734 0.011590168075273805937 -0.90195738855493534647 -0.19039249687779127851 0.97856080945990664421 -0.078545778511094510588 0.88170979346816225064 0.20563173440221052535 0.42462151371434009306
0.20397449158013936099 1.059681475040526788 -5.8938050369599181977 0.1875127616077943149 -0.00073520276293917614929 -0.98226189161087640311 -0.90922792373682759237 -0.37851826929739745831 -0.17328734086818287086 -0.37167666987763137154 0.92559352811312833875 -0.071645472876724264344
0.5196311819890648831 8.9406869975559075669 6.0262971997156649095 -0.62428911041897694467 0.0034282318445581182187 -0.78118586382413357505 -0.2518561236764254585 -0.94747795098504461464 0.1971142444461766452 -0.73948062826491989252 0.31980271984986147205 0.59236358834536195772
4.1790506822822397481 -4.7690432620615350601 -2.6610590903990973821 0.20917907269012578353 -0.0051925664072458568507 0.97786356553609654618 0.95086891786622596001 0.23447786189783506594 -0.20215942549386156646 -0.22823763183293419021 0.97210759154214276823 0.053985311718729209196
-1.8504281671843214596 6.4405867633751414658 8.7550186246996446471 0.6728332444365846543 0.0027376458543525179073 -0.73978911216398213213 -0.5299837556412670958 -0.69590794845277292868 -0.48459193765129893183 -0.51615176444297472536 0.71812577768473540019 -0.46677909495525243821
-4.458742716232631409 7.6756204024400327413 -8.1915859161744020156 0.54683820579983588583 -0.0021496169572664961325 -0.83723554381344422737 -0.15408749714616312709 0.98265663395865787688 -0.10316483393184436301 0.82293682619071462092 0.18542200215698367849 0.53702296153451856142
6.8595825624108188734 -0.4981761099299769624 -1.6251132272281016977 -0.70780659504284382244 -0.0052655933177010623425 0.70638664875579537661 0.65429206195437150662 -0.38184431014664632631 0.65276092137304964069 0.26629254904553412153 0.92421166208580951551 0.27371715691084969047
-2.773031762587750304 8.7782168206373558661 -4.3465890862296179264 0.98158768577006638711 0.0075154469909017715054 0.19086417474522743287 0.18066320910027913738 -0.36096605030832396022 -0.9149121899955763304 0.06201951323796680432 0.93254867357220549984 -0.35567759473483490096
-0.62035516118311140321 3.1663303760981440504 -1.3363989512141909444 -0.9628934660329576678 -0.00097814170914488785674 0.26988000353839819434 0.15580257048874227022 -0.81854191660620356785 0.55291472198445623665 0.22036726639891562884 0.57444597134739416866 0.7883210601669308204
-3.5589732267196221294 -5.7756198713818811541 -3.2334440173281993047 0.3507687728422981821 0.0058236538389171135441 0.93644399354935703439 -0.91947075622930651839 0.19176713278895143877 0.34321843659844025742 -0.1775803942945528846 -0.98142317673786094723 0.072620601239134510707
-4.2903112704305499392 -1.3630261588156058483 -2.1593223825025473772 -0.9325020891770721132 0.0046120442964775135858 0.3611351308414900152 0.17646416503242259854 0.87825628654183907074 0.44443930250276203475 -0.31511942520240387999 0.47816798742402993883 -0.81978968257886286608
-2.6397228453016676752 7.626307635839809862 -3.6799586583438173015 -0.99619680386757514245 0.008934985972058171258 -0.086672336934288718435 -0.068460417944371548815 0.53506610700778645118 0.84203172880009513612 0.053898971593725156226 0.8447629413969324208 -0.53241945278508795436
-0.56897448826318774984 0.39252907075398385528 8.4524243406947050516 0.67174008494889636545 0.0016151050348172883014 -0.74078515759207952396 0.7371986572668286497 0.09684915092788121127 0.66869902174895734515 0.072824432689609239211 -0.99529776117488599763 0.063866803608427183403
7.9259880522351906507 -4.7953021143524008352 2.1750594117253410076 -0.45598981010492495303 -0.0017058763675495539937 -0.88998336111766696011 -0.21462766506805791566 -0.97027312263117249103 0.11182590436586739568 -0.86371769604884685023 0.24200652364268585015 0.44206852867677198793
3.5297971886838634958 8.8647848861710851764 3.6691602539191268129 0.54910900156266695404 -0.012161833912335839186 0.83566224887729922965 -0.64389562722984805543 0.63128896749552776413 0.43228770599298638189 -0.53280176955162450447 -0.77545233851867412245 0.33881550296391027555
-8.0132677243178651594 -3.4698899165336514194 1.3418142601689198035 0.98657898274741018252 0.0098181511356048144917 0.16298930857350510393 0.16326570872599760476 -0.044069887053661584153 -0.98559735866588737974 -0.0024938234064678481416 0.99898020449005575649 -0.045081391742838539116
-5.4185641305740395168 -4.6753366433922565193 6.8040257152360501536 0.6675517269629009931 -0.0068390245174367956388 -0.74453201379952094197 0.19151714225934954317 0.96788910007553630166 0.16282467311789730613 0.71951085888234855847 -0.25128453533561428968 0.64742583069546244534
-3.9668383915525979866 3.3169184306720791433 3.4904065813477540559 -0.080811469632938545682 0.00013601377181165098113 0.99672939551133332703 0.35268028842124982125 -0.93530298536336342607 0.028721764035142038907 0.93224788577671613421 0.35384785864913653741 0.075535239422980335333
8.0908390226203614759 -8.1216096288534380676 -0.18018935249838125001 0.52795169305681644012 0.00048360963862728980137 0.84927426425164143087 -0.29609402493967035275 -0.9371504356535401703 0.18460062120510187245 0.79598702137247423494 -0.34892524568458793688 -0.49462696522769733498
-1.658227933536637666 4.1365663976782665046 -8.6925940653630124899 0.091869384449861410391 0.0017849408416133263899 0.99576946638594532324 -0.55923426795886743701 -0.82730876082851645403 0.053077752372042701079 0.82390354395489218131 -0.56174462902870858638 -0.075006146522338001947
8.2382308720630792465 -5.8084539158236578871 -8.3869796689217217533 0.8248720005039890113 -0.0013344066900197655047 0.56531796552294755198 0.14017364485525454776 0.96925170966966711639 -0.202243597155462973 -0.54766552938118029381 0.24606776030431878888 0.79969564539665194403
-6.7600253908920571178 7.7635675924751810228 -4.2231378534312815631 0.9392806460946475644 0.0015860553963078878256 -0.34314625497065798232 -0.33992567695612757595 0.14106081758440283669 -0.92981308868405287971 0.046929756210321221799 0.98999966170223097084 0.13303483683346833955
3.2172713722154964167 5.4995173467241817988 -6.5400200816125089176 0.57682422430994817475 0.0083405927716643634556 -0.81682571504667245144 -0.15685049543993295762 -0.98021005075000289253 -0.1207732523737394259 -0.80166809611546252512 0.19778445571091407551 -0.5641006760760992611
-0.44190101261069197891 -3.3353250425051328421 4.0792152486262738265 -0.76689226075524585813 0.0074032151853391601343 0.64173316323736495637 -0.12932395948243688433 0.97763872681907848516 -0.16582470662526088701 -0.62861082865122019925 -0.21016115775424534795 -0.7487861603114726039
4.6520713885226641082 -7.9395801701426726993 -4.492769396187172859 0.22241093220677618514 -0.0038109492805455066379 0.97494556458332759519 -0.73402105098557046681 -0.65880916131859956764 0.16487445427633143358 0.6416747415515101638 -0.75230044904179427245 -0.14932367671131202558
0.82021896559400342408 -1.221761847015412128 -2.8501439844152445247 0.66178287431233251414 -0.0017370330274540848187 0.74969354404507393408 -0.60281129149890733121 0.59329365281629387052 0.53349900503079727976 -0.4457151266313110205 -0.80498423850641276367 0.39158447574944343916
4.7405591351703657566 2.0727366534880662385 -3.525484777280150972 -0.61896834372299203153 0.0017709375726891792707 -0.78541393751868093798 -0.35495093070513283884 -0.89268321154940588613 0.27771661925258295245 -0.70063401734438079949 0.45068120395423455493 0.55317124486183189003
8.1909316271591361414 -4.6494784406672415855 0.4102224079171444826 0.52163361765688776028 0.00034432076026867392687 0.85316953202380763077 0.82003167410372790336 -0.27619743330850166085 -0.50126144006975070777 0.23547064020167102205 0.96110085801507560976 -0.14435622025369504451
0.46197027007727820003 -3.3664627875572969984 0.0056455730186490069022 0.12564022235929919735 -0.008537378478625455222 0.99203913617055594631 0.9788947456536373215 -0.16139649198013539255 -0.12536446588945832081 0.16118192037804809913 0.98685271725061529668 -0.011920696206030589881
0.62046181843296821512 8.718874527277757025 8.366913794391221515 -0.89479030220670596751 -0.0060321828964455901506 0.44644588456608208515 0.1368582448742022839 0.9480709794183825867 0.28710840948080329493 -0.42499427747505547082 0.31800162067849646608 -0.8474991642233177247
7.6754879882307767147 5.4985722899842208733 8.2120222414994579196 0.51207363631436686457 0.0058138071049769861343 -0.85892187691266452809 -0.8466580548421154262 -0.16509368808205335255 -0.50587964213505787203 -0.14474366709140673581 0.98626075345354002888 -0.079617818573910842384
-8.0075053718206650188 8.628791012461132226 -5.8924812956902234973 -0.80427027188946720315 -0.013128218282764961278 0.5941186578788343331 0.55718442434806103591 -0.3642772027789527578 0.74622224357041755383 0.20662731430992328785 0.93119802911088056518 0.30029216366881222866
-6.0422112867351263077 -6.8536620240928458614 -7.6351393394045166119 0.55629724003710689928 -0.0026247628711080816036 0.83097923641141613338 0.64213071292825474323 0.63608228278117906473 -0.42786385339987448306 -0.52744812848395561389 0.77161677026353214792 0.35553625920136172622
4.3134953223301559788 6.5955737855335634379 -7.3637790596744894245 -0.60628652815904460205 0.00099299815302170612794 -0.79524565998635987629 0.42383288020727466483 -0.84573755010184692438 -0.32418156332972125622 -0.67289102789989374553 -0.5335981730688439395 0.51233841771792099085
2.6014453599172568943 -8.2404414965218091282 6.1225990269355508033 -0.94390799074307729644 0.0055860730761446066722 -0.33016132541359116681 0.31805275594484944124 0.28417232362761302156 -0.90448246800038267779 0.088770205852423705872 -0.95875694848689652083 -0.27000919295703679213
-2.1730168177290254405 7.839818661978840808 7.2912848757925514676 -0.94366170198182042217 -0.0041513488873544703017 -0.33088571821023127217 -0.32911776982239837608 -0.092204668163344077891 0.93977645892833261421 -0.034410547804692270812 0.99573142235807221567 0.0856437314022998053
2.9615287784670272231 3.1299112789179068805 7.6355999773148175436 0.44000028159030374342 -0.011783272240688705962 0.89792032313316205716 -0.83918556779381481281 -0.3613081049929858235 0.4064775960280911371 0.31963625421240532409 -0.9323720329147155983 -0.16886401994362226775
-4.2691092775816210647 -1.4009945619221857438 -8.620079164006135386 0.88649513595352547046 -0.0023998481160179508873 0.46273168754666677005 -0.23322719833639005138 -0.8660000726478326305 0.44232222206262467035 0.39966416888061262469 -0.50003811345062376681 -0.76826456199009485193
1.2896554316587229838 2.6414120599467847406 -3.7405703185845400327 -0.51400071324884499813 -0.0051868000898896843287 -0.85777407508295389071 -0.84459237806400655479 0.17779666699667304175 0.50502679148849216606 0.14988989857848453169 0.98405357695078532476 -0.09576834547197166092
7.0367356340971118911 1.9583989966653647663 3.404051809928847927 -0.9487357154245568136 0.007463963130859813111 0.3159823278796476953 -0.13015373667093069199 0.90180017035349246957 -0.41208792457545234678 -0.28802872618640618096 -0.43208881263552173513 -0.85459856709846160339
7.2556386916407609178 -7.0259286782914589509 4.6250202483749305316 0.99645345782536531853 -0.0061096602151142175019 0.083923646488057598858 -0.036360003932395051907 0.86817859300310573634 0.49491805459557214331 -0.075884494475510280709 -0.49621427095831138754 0.86487741373855608895
-2.4114460282197489605 1.8208627056224810925 5.4240115921009364186 -0.98417066463190683301 -0.0036410801173635248124 0.17718590636255565629 0.16532599704648284766 -0.3790043333370077816 0.91050701810170542316 0.063838997317297821454 0.92538773378920591295 0.37360691183917332792
6.9433907365896825326 0.87197262361878380421 -7.6904556396655685546 0.67857328200743938229 -0.014765801967201267267 -0.73438428090328378151 -0.35973139388360986235 -0.87837183469117829926 -0.31473201978105108667 -0.64041519750849584813 0.47774982063129628473 -0.60135138121285158785
-1.6572625857736429378 8.7580003586314294495 -7.956664864319041186 -0.39604478178136220956 -0.0050008206621930586383 0.91821757912620260988 -0.71742702299297922419 0.62581394421132374717 -0.30603165507875268458 -0.57310295541315192658 -0.77995634430630644829 -0.2514380708509377782
-3.6678390465298207346 7.8877807349501818379 -0.91203683875581331719 0.99240576855396112066 -0.0033553969935315236181 0.12296150556973534096 -0.091661811514597832384 0.64644954777391161471 0.75743058724411371774 -0.082029889984388287827 -0.7629493584073729906 0.64123269852313491413
-0.96485129166633076814 -6.5694855030826717623 1.3888348130561956051 0.86200492648562954123 -0.0051975038055916966684 0.50687325108802971929 -0.24453040287342209247 -0.88016670848441869168 0.406830981301218364 0.44401845545513918267 -0.47463623042301722466 -0.75997898654158424492
3.6955090779939645529 7.7784045266797265938 2.5556464219771628521 -0.6003263468011615922 -0.0055554442172509503964 -0.79973584037248268697 0.53148066411374683682 -0.7499932787306857751 -0.3937491403573658566 -0.59760905365434646708 -0.66142211854340715593 0.45319333632776359622
0.61389873633328073677 -2.6016975793149192953 7.089879807740176787 0.41099239978780854887 0.0014915063894179875215 0.91163755008513991385 0.67672391131115505747 -0.67054837435826131209 -0.30398951545268659835 0.61084367490903623832 0.7418643090580649968 -0.27659962358889833567
5.2508390576061465538 -5.3073183546050808346 -2.5279582265833879795 0.28964816966725431824 -0.0021088163324277306443 0.95713086393775281824 -0.90075668465416813824 -0.33873207252593556804 0.27184182550359448083 0.32363765673878291951 -0.94088051097681657531 -0.10001265522276100994
4.9182742920796647113 -1.3956606215471867305 -8.3372021662556505817 -0.99999229027164782124 -0.0032799254426823637974 0.0021590475156219529965 0.0025315944803083237878 -0.95880989275149575146 -0.28403728732600602713 0.0030017372422808342655 -0.28402963164291034071 0.95881080402888563263
-5.362364130924482275 4.6207519392887661525 -3.5472146683043490611 -0.41664145392213308705 -0.0035875938279045812944 -0.90906381956626980401 0.89425193609212705326 -0.18144014340371369953 -0.40913683427074182264 -0.163472853003863966 -0.98339544616223484308 0.07880369787410711202
5.1593757683262664315 -2.5411406104562472841 -6.7530425299518652693 0.023837651184003261912 0.0020422772933603545661 0.9997137567770512101 -0.74775685837355099217 0.66376825165530350947 0.016473883869516550704 -0.66354460825284533598 -0.74793551673767788568 0.01734980290279489884
-5.3115704850286276084 6.3621510153516744879 -2.5776066282151597342 0.92892807632930340933 -0.016200634989961871374 -0.36990562098148205283 0.11367752012581860965 0.96327027277278309825 0.24328543526211973691 0.35237770988787631143 -0.2680446250505433281 0.89665044948166705563
-3.7755865455929020769 -4.5954072838498127851 -6.7695450290645311497 0.58903088553174420827 0.0080907612986000146393 0.80807001891634155921 -0.43629706835696818734 0.84487237370365753097 0.30957315822877778944 -0.68021135247278863289 -0.53490673180870595971 0.50118589787908840449
1.0131559707064754505 3.0549906399867903239 -9.215604653529540613 -0.50723214039892783322 -0.010152772573031255271 -0.86174966025840360473 0.61731727468299280037 -0.7020206051205591935 -0.35508654207702261552 -0.60136090505150763263 -0.7120842584941416975 0.36235489603464998698
-5.6657612268515054055 1.1062255850210511721 7.5305212353831851857 -0.9934512478518604528 0.0081832519709146810116 0.11396338240177908419 0.10510114547969204302 0.45667243962877202001 0.88340479515473158134 -0.044814811838705968794 0.88959727813804601038 -0.45454187416468833094
4.5633388157621137537 2.097145021710220103 -8.1042595309675924398 -0.97963749354715801143 -0.001070196124400808052 -0.20077160137018473796 0.17794990008473457466 -0.46769976603449614494 -0.86578909782408453033 -0.092974266850073913893 -0.88388674813643253181 0.45836666782410873111
2.7647057879108269951 2.1247283455216354753 0.033654066438664614891 0.21394936599293606916 -0.013862247693349954991 0.97674638820921588778 0.62872507431860902294 -0.76330690663972677878 -0.14855082362410215735 0.74761651246739957433 0.64588730004936611984 -0.15459348602251407612
5.8407669297714939205 1.180188400223581846 8.897682452340013981 -0.83132260080808650926 -0.0038985333333494973443 -0.5557765151783479185 0.55164274325927475928 0.11614703224130822068 -0.82595408511057344381 0.067771802360003866039 -0.99322437965412968541 -0.094405055296402473619
-1.8589282121993353503 8.8637864845980924855 -0.9829282964049649296 -0.64143282267119727802 0.01012041953121918525 0.76711245010666095911 -0.75263717556712728118 -0.20206538475043755998 -0.62666327660053611215 0.14866477711369879833 -0.97931974216499950714 0.13722837407620763761
1.108555433384062594 -2.3763671218772066673 -1.0207084737917275774 -0.24094862440901451683 0.016709528159720259122 0.97039401897585331191 -0.297147640874663721 0.95056630096655936324 -0.0901498030473552453 -0.92393021377036244068 -0.31007176449277662478 -0.22407244575464069225
7.3428375196412343229 -6.9774759886169119838 3.4824910246548435033 0.9971721730087781399 0.01036499004373038664 0.074432683403382521314 -0.022790100716788469493 -0.90209385602436908957 0.43093768253957737135 0.071611931174356435736 -0.4314153936805071865 -0.89930667150235399365
-7.567918702757402194 4.2001914874934067612 -5.0302730156678006068 -0.94463115198744895817 0.0057855607077333219557 0.32808309005838415251 0.0061569232956579702382 0.99998104162698886466 9.3179208147808542662e-05 -0.32807633104280536918 0.0021080024029771528282 -0.94464886457103913742
-5.8800105020848825177 -8.3551781197562036141 8.0738721412917264786 -0.18565815357181841838 0.017463399361427881656 -0.98245920001545949951 0.63793214911116824517 0.76262337132762236802 -0.10699610570146783628 0.74737783158368220615 -0.64660700830389983285 -0.15272771087698958081
-0.96220045054888247993 5.3495796919360207866 4.4232742359430501367 0.51417967188843272108 0.011348789738631782226 0.85760741017575614631 -0.51271353536306518706 -0.79751586787745987195 0.31795168051025490819 0.68756388479367247513 -0.60319121798589026007 -0.40424776916184768094
1.9058565389066248752 2.0636765917641657353 6.4149500258265339525 -0.31846970970319582461 0.00087094668923004591246 0.94793263761378032672 -0.94608526086641453468 -0.062699853579489442379 -0.31779145289361654392 0.059158458167778364689 -0.99803204848996374121 0.020791993993576472766
5.1268040798086769172 3.4293173287369351776 -3.2555700106021645546 0.99813623104808757436 0.010805239443136264998 0.060060894679475756996 -0.053779055926654842357 0.62090926260451884122 0.78203548561157587571 -0.028842285151894651862 -0.78380797036806415523 0.62033312677513796629
-2.8866156195583547728 5.4293767394283074523 5.5110168910799410824 -0.91713994748766747289 0.0093502931907524424598 0.39845562957453090069 0.38798050165221303898 -0.207923234401210133 0.89790815729344042317 0.091243887795722886103 0.97810045527713396218 0.18706697283755330252
5.9583985548674007759 -6.8056651699612595863 0.43605361673987158566 0.90324656104593281647 0.00027173107183808831167 0.42912186628110599029 -0.42507795265884806835 -0.136396820629583998 0.89482101086485965613 0.058774008895718134193 -0.99065424517549094396 -0.12308445228376976854
4.9599064762190545608 2.9786210433653335095 0.2590205168630590471 -0.19400599642585600324 0.0086172049256355472135 -0.98096249527198386975 -0.89745179423227439131 -0.40537510875280580169 0.17392900342544873049 -0.39615899633837270422 0.91410982107321470114 0.086378727921548562052
3.0105715636265890645 8.7703560053660289952 -3.0385028499429935778 -0.7247833370625913485 -0.0073831826750350958155 0.68893729970852291 -0.375082375560392145 0.84300274192061364076 -0.38556398776065708978 -0.57792934331131284864 -0.53785859268725666471 -0.6137636421391321484
4.9621455739272670726 -4.7404337789883914667 8.1715664910506529139 0.98593098926259603587 0.0051050440502455633404 0.16707490217616155492 -0.16602748749979864828 -0.085882220419356461449 0.98237422482999803286 0.019363827266871639493 -0.99629221754509755815 -0.083826364900780783729
-6.2945722320700054908 0.89758285678978400046 -6.4370995588376827001 -0.99523655649075726259 0.016436715215530459111 -0.096093865657499333288 0.015860291966814720616 -0.94525457998784345737 -0.32594820163727905582 -0.096190684386954675156 -0.32591964255747707391 0.94049122209216751145
-1.8037082115330944632 6.5224298885922777913 4.3268771463831949831 -0.97702748066200684196 0.0051936043769414642554 0.2130500610297993147 -0.15562325182290595582 -0.70037819928201860975 -0.69660015895944904507 0.14559775246638345658 -0.71375304163553243697 0.68509699315688199484
-6.032899064832486502 3.3389358968323450405 7.2584923448154627934 -0.34802418907058074726 -0.004671874609349402005 -0.93747391292207493674 0.65324609115596765641 -0.71845869151385999274 -0.23892813349996355754 -0.67242003852599385727 -0.69555393908448381879 0.25309288732168949698
7.7478616403448823391 -5.793105014065376146 6.8224025469243398945 0.98639100850580241353 -0.0084864673066078651076 0.16419731487348385168 0.053291671886547008208 0.96125517911591229492 -0.27045975362404311992 -0.15554027146210006038 0.27552941856648377472 0.94862572359067032224
-2.6848277355531768862 -7.7798036805375234692 5.4753826222641004406 -0.52672310048375181601 0.0056471280998460085879 -0.8500181676651474838 -0.55874362538160449176 -0.75589776962417631889 0.34120979319509825434 -0.64059998166714526846 0.65466531282874429465 0.40130411369285295953
-5.4126236911739091795 -6.8490612448337344631 3.2899369454498099685 0.32564417363666026128 0.003553420126700855379 0.94548571929029279204 0.29157678320887620016 0.95087711115188822131 -0.10399855278443294326 -0.89941027994465538864 0.30954820738159610771 0.30861149628123601962
3.0670598874437109416 -7.0212531620123197484 -4.4994786340243084766 -0.60899547947029630812 0.00025690069811475785277 -0.79317365058753497298 -0.2814975539021216111 0.93483411490632850604 0.21643545170454711601 0.74154139003270980179 0.35508465414516859893 -0.56923743311460062166
-2.9720341111759389641 -0.24161367150247625712 -8.625015951469858777 0.99936012435403154264 0.00083936703011547363421 -0.035758038455701267322 0.033649376187252694193 -0.36101352779994727582 0.93195329938137816406 -0.01212688473687046492 -0.93256020084956492422 -0.36081076821254759457
-3.2405427962352120197 -7.8699235479849676267 -5.695083122473198145 -0.34578664784605839255 -0.001325368714564766244 -0.93831222818898107896 0.92896494466759005348 0.14032229638320292686 -0.34254019430734483631 0.13212011864089906465 -0.99010499268266749517 -0.047290355409786669072
5.8117440950798826549 5.5052202336653950354 5.5526409907427280999 0.081393892397595396515 0.0048262679300413134642 0.99667032734903704405 0.56344534112166066997 -0.8250840954249895054 -0.042018841545478614885 0.8221340412904520889 0.5649893296463921466 -0.069876144262246378536
-1.8806686053515133672 3.3299789851449941303 -5.7180953335080859645 0.10060140258166330729 -0.0020423708093901329907 -0.99492471399600967974 -0.30274212358509861032 0.95251593149310276321 -0.032566959621655774959 0.94774815452525640325 0.30448190253814211292 0.095206127013630931222
6.2003830237565145111 4.4704299815594774614 -6.5038910830314229372 0.99994869008186537673 0.0065436561538057182869 0.0077329016503134874461 -0.0090149886547048543872 0.22666398408314106239 0.97393129547166545912 0.0046203012182858271828 -0.97395103515717451614 0.22671134495868303094
-6.5280413857497778807 7.5043577504370500009 8.395674738017326888 -0.90221507439268888717 -0.0049593758394816988069 0.43125788587557384313 0.28681325721649442162 -0.75367717076800577747 0.59136188391555855048 0.32209643745841681772 0.65722608503800183932 0.68140131943058868114
3.2264853057447497875 6.810658575141416371 -1.8867348567785571234 -0.88258951096470916742 0.0069146408138716416308 0.47009354694301280775 0.42682540266622981395 -0.40744295655045975613 0.80734770253973742182 0.19711882399674982014 0.91320448142778132272 0.35665353541816602334
-1.1508649688758443297 -4.505500922188858226 -0.20083690253539579484 -0.82375484280668576087 0.00060791929379681256679 0.56694584343378262581 0.49621721000392221557 0.4844513493481415467 0.72046885471220001307 -0.2742196919414032763 0.87481799281260563816 -0.39937080514573625178
-8.185322150176469691 -1.136346726791428452 5.5544677730411331495 0.859282977707844009 0.0035606012684744137511 0.51148810967629065871 -0.15861482907416957211 -0.94882699155238781064 0.27307265717979506414 0.48628602716854629762 -0.3157762850820139966 -0.81474611846898215006
-3.2763992706729077042 8.8288143848549509585 6.536639607204211444 0.98859931090897079642 0.0062808507239177479436 0.15043920162173965438 0.012880783383666778719 -0.9989947476863265674 -0.042936924838448117803 0.15001829185062329208 0.044385189076528490382 -0.98768642144194329635
-5.6515086574737374292 -0.30235109927107578498 -7.2739536169847269775 -0.8900453488413843095 -0.0040728762997429219031 -0.45585380187560120557 -0.052004909079797947968 -0.99252502489234684102 0.11040636030039263638 -0.45289597750199611648 0.12197330298799051451 0.88318047245225628217
-1.7479613443158339425 -8.3465664144844264882 -2.7047266328445016548 0.45941034856727824831 -0.0033646824316205122506 -0.88821777202527374406 0.054690713254680604904 -0.99798826015356056907 0.032068028925765858228 -0.88653880767459591894 -0.063309647823919373844 -0.45830211758102790132
0.19473048253726646384 -3.58347453263757032 -7.2021274668941330788 -0.17742894749465623616 -0.0063892600570929717479 0.98411287256441681848 0.3913573404058542371 0.91705245005345303877 0.076512979040478337756 -0.90297198223510932724 0.39871541380671787769 -0.16021116718725203487
2.2355551386634648914 -0.53992032415607216222 -8.6475328880280102339 0.34807374025080539681 -0.011572737314472609019 0.9373957238535973735 -0.55548011257073148794 0.80293885455903790671 0.21617363478874815352 -0.75517316946914680997 -0.5959490478139389813 0.2730535048727533165
-2.2337362926452342116 -6.4740171734315170582 -1.1484102200134307381 -0.20968229941169552744 0.0064259924109072268095 -0.97774845432520052224 -0.82401019415067722207 -0.5394630571174885425 0.1731670001505305756 -0.52634640043341707205 0.84198474845266324529 0.11841093751820369606
0.35142908584941712213 5.4239389586438226942 8.7883146902720081783 -0.99819104985662476803 -0.0036196752614398360753 -0.060012714795321601968 -0.056476181034109819434 -0.28584920646782091547 0.95660894420719622122 -0.020617200632361720736 0.95826777526564721477 0.28512769406945676076
1.7938445022514091232 -1.407312502906590046 3.4025697995359514003 0.83827074701793147238 0.01497696979042005376 -0.54504847955907198553 0.38123274693442449346 0.69857344723865322234 0.60552186705153598911 0.3898252779879323171 -0.71538159690412406189 0.57988397412982783941
-3.6024863890639458042 6.3493198658571392556 -3.7321481005541268239 0.54107376853787714222 -0.00015593089376457393985 0.84097512013462893954 -0.63083525696249931336 -0.66137294821832348646 0.40574955568431037012 0.55613492569075351213 -0.75005719718608521163 -0.35794992020699401003
-1.2835950124412105477 5.0516445606091471276 -5.7940668368691694567 -0.9463876797605045299 -0.0072920242302471904861 0.32295074853587202313 -0.16616618421569268049 0.86832480465204209263 -0.46733374888738321573 -0.27701833661430619316 -0.49594239585699889661 -0.82298358499480339656
-5.3642017072133461042 3.4465043985399130833 1.4858729962722803108 -0.99657379836962634023 0.0019366326466394652613 0.082685632713642195912 -0.062204110242993292113 0.64132945475824498782 -0.76473994215577267841 -0.054509752082789499072 -0.76726317513200570364 -0.63901166422422728264
