1125 17.292696884352682929 17.968806560800352656 18.477561601407678893
2.3938739859988724668 8.9070552908445765894 3.6563461582297023256 0.94255286265233240162 0.0043218960222979781183 0.33402907406475379481 -0.33259630236347498267 0.10554776117991296336 0.93714426304814768542 -0.031205780873898154165 -0.99440484277026508497 0.10092179108301116419
1.1677117296283325842 0.27349130077667777039 4.6082150927023750597 0.96112971642327715838 -0.0035894866630347922395 0.27607387379757558632 0.27002177604646271369 -0.19638871337794502892 -0.94261323654939610517 0.05760129051329575256 0.98051955046451644282 -0.18778578883392657572
-8.3755892232453383883 -7.8833003902685225839 -6.6913354381066740828 -0.82411303400349522619 -0.0023263804021501190492 0.56642059914853004621 0.11344061495663329553 0.97905366475281241367 0.16907142991167120605 -0.55494948784908959549 0.2035890701592709684 -0.80658698008846674288
-2.3841463343791442497 1.3883093885521968769 -7.9599367330260193398 -0.68184820462887474335 0.010648033288334695853 -0.73141619152969672424 0.43765631563910051272 0.80712196805367941721 -0.39624623413559478813 0.58612283288209610088 -0.59028869892000601638 -0.5549948438514825666
-2.7239224110889423969 -5.4019689713949263776 2.600696976099092339 0.35872921313559064105 -0.0085289430415408148262 0.93340270450315709905 0.8360801653704117431 0.44758380438459960393 -0.3172360243215043285 -0.41507024552208116042 0.89420131692100279786 0.16769226606782677846
1.6799515700396738804 -8.201921236503926238 5.9251681179027206881 0.22104245368726987975 -0.0034647832244104398089 -0.97525803198178895315 -0.97125486702879115786 -0.091363590092930158093 -0.21981054951562964406 -0.088341479164407765712 0.99581157338236470089 -0.023560419701655520991
5.2531560381341080301 3.4401072809468957736 6.533336781680155525 0.59282526008152025554 0.0024568840283267097922 -0.80532737115413632889 0.67527070760795759874 -0.54641447497255790644 0.49541971396671152794 -0.43882534390777244715 -0.83751130455749733805 -0.3255873650543025799
-2.6641187767998295577 -1.0154172262309741903 -4.8500028907714494153 0.88164481245079406868 -0.002652414338978864583 0.47190612347891153222 -0.43946928017705766401 0.35976178627344318484 0.82306634539266232409 -0.1719569029127451798 -0.93304041811461124745 0.31601645796569471925
3.5851590574931750943 1.0278979027403685187 4.4919518810559129207 -0.98322863263208570839 0.00063036205379139211014 -0.18237614596219101082 0.094680799927342879085 -0.85291490687672966153 -0.51339235264328730857 -0.15587495660773276196 -0.52204958028073100706 0.83855067445648212576
8.4726947848870484137 -3.3148884711422743621 1.1797436256574866942 -0.16946180939208266292 0.009500459718120399244 -0.98549096212131304107 0.0005011105475088305141 0.99995423660322124704 0.0095537211467412765098 0.98553662745023196123 0.0011251509564998690011 -0.16945881502467163848
-5.5116454427656504933 3.6250886833843840584 -6.3302560706692752035 -0.073241682964505644415 0.0058581331678361709195 -0.99729701601506104414 -0.18251443802710812236 -0.98317357699146812333 0.0076287231820189082068 -0.98047138448217985296 0.18257984494885493021 0.073078481308026882468
7.1578071138737007217 6.6027680267953234861 1.0539557079597370315 -0.2646100003208839424 -0.0086400073000437883214 -0.96431680375463013632 0.9507208041097231499 0.1652192971519628184 -0.26235955572796249013 0.16159053302486442449 -0.98621900920765526166 -0.035504443584501090003
0.24224340303036226429 1.60575012053380628 8.0476916272563858712 -0.017265209228368369465 0.0059238205543077661341 0.99983339657188174954 -0.9557748847410485471 -0.29372842984717290049 -0.014764118603087355783 0.29359203369458869437 -0.95587055496535000554 0.010733121705192248327
4.0856938843765373548 4.9331792388817943262 -5.4905655561173567492 -0.97450847110493388215 -0.0039252150324190640887 -0.2243163668386818077 -0.063431698789651519421 -0.95423077683178747499 0.2922670767217737664 -0.21519679210742836961 0.29904551030534481937 0.92965699235418075563
1.8418238872597854083 5.7422781868558621099 -7.30751125109962274 0.97066099332750122031 -0.0005646714340059666784 -0.24045148612241681874 0.20433867218236229091 0.5290245994124138651 0.82363746895559164507 0.1267396665734628336 -0.8486063011564848324 0.51361892737133840736
0.87375944727451726468 5.7422065604566174812 -1.5978042688920788272 0.80473216373071743135 -0.0071008432106877319295 0.5935955884968434626 0.51168153305238694983 -0.4986738089473786717 -0.69964736903890267783 0.30097865936037587753 0.86676064187026313768 -0.39766548293018361138
-6.4890102745864242095 4.4937198856950661963 -7.6358761738618188275 -0.36599936907457863988 0.0024953917755642712403 0.93061175301883347633 -0.20119263132950601647 0.97613492559034975571 -0.081744309533374637233 -0.90860661836422351723 -0.21715059305063394435 -0.35676271246028468109
4.7111611465082088301 -8.6979911000815892663 -8.2087974530615550606 -0.95158450199018407289 0.0025384504447910939684 0.30737679131891926243 0.013705911688457937669 0.99932176721177057299 0.034178261536063916926 -0.30708155847733742405 0.036736383139699110845 -0.9509738979577098128
5.6452099052292146197 3.3745030242587721325 7.9893856378715595312 -0.79444223032014782415 -0.011428276567808339642 0.60723219379282000752 0.56589982424561791063 0.34906056674244129168 0.74693648301832782366 -0.22049701041605571095 0.93703047722042376311 -0.27084119545861851108
-1.2225989060945132714 -6.5822549621201673631 3.4322703842881758796 0.29995690249022383123 0.0012358708230580228021 -0.95395195333503279844 0.75689848073579624188 0.60834754971702997839 0.23878431400196439838 0.58062943992579540975 -0.79366978736555371388 0.18154261790221121187
-6.8836314274395506985 -4.2315780907717384096 -2.4071778320839043452 0.17518794109377988644 -0.0083581172828084068782 -0.98449953132068313 -0.43711174075542508222 -0.89666577179202189285 -0.07016993508777291666 -0.8821805435334705292 0.44262923036328255533 -0.16073846160449148379
6.1284188996386799175 3.1092040495872899086 1.0521716627454584803 -0.3363065820119225946 0.011708314825687432537 -0.94167977479576503441 -0.71998554139325743328 0.64135758599825964943 0.26510614302065965697 0.60705741333118623526 0.76715276330498771706 -0.2072629602058724263
-5.2053390324221382457 -4.4989040090570346919 3.9849325586079422656 0.087506124884665636987 0.016536419785651956804 0.99602671898329453448 -0.13651706171751026853 -0.99022957176711756677 0.028433906836598188406 0.98676530642699611384 -0.13846278207024004248 -0.084393649130926645663
7.8830398439512272546 -8.7980789183958609811 -5.2887626855164899808 -0.62703210910089490771 -0.0039954679702351829362 -0.778983164383130533 0.76878825793889549178 0.15815978172414343894 -0.61963706950153640829 0.12567954730995584134 -0.98740544847629718728 -0.096099592648934320516
-1.843787951210943854 3.5173912322309832668 -1.3792750970557201562 -0.39826029003579144216 0.0033395895455614319804 -0.91726636726872456951 0.40628160826578973985 0.89719565028460768197 -0.17313353197835548714 0.82238919993261239139 -0.44162066556267920436 -0.35867421371269037067
8.0463424862562291651 -5.5275773105727132872 7.276621871260673835 -0.44869852015335620621 0.011479023662215693397 -0.893609461693388063 0.57184810782971084997 0.7721010572548395734 -0.27721778254271123298 0.68677462066098471372 -0.63539608859511231831 -0.35300485976021755974
2.1505549271801052136 -2.0986075803464654399 4.2167103203310327686 0.68495155025122422821 -0.0011755675779897591104 -0.72858766929530516254 0.58911757785223295425 -0.58750057347921602613 0.55478243990515507811 -0.42869785779014979443 -0.8092228952533093711 -0.40171688105395614299
4.3978350914798118865 8.2069561836338849048 -4.5600886294726725723 0.42365231457396484993 0.002899035641215774381 0.90582024262474747367 0.89182113601902790467 -0.17649200327376246555 -0.41654007505876494699 0.158662464703111461 0.98429780471806715969 -0.07735666694958273637
-3.597509811865356788 -2.3153053139249615278 -1.0801122016108850588 0.081606756276275588258 -0.0021646509149123634858 0.99666225553893994515 -0.51585833477472864406 -0.85572170528725277627 0.040379964630029602235 0.85277811637808564882 -0.51743180940723121353 -0.070949325860044265557
2.4183082000231452824 -0.9793247528717127226 -7.8149961550955167056 -0.88180641073498822191 -0.011106734946873629902 -0.47148074661192895807 -0.16198222167593717691 0.94603764036302373519 0.28066802966732018465 0.44292122758770219315 0.32386636666266388485 -0.83602114967080898289
-3.8274013092589829199 -2.2241633738767383477 -8.8953744147580025015 0.85128114425492584783 -0.014796532924273107096 -0.52450116877777019919 0.51997615797674789917 -0.11017867876566377061 0.84704513095895495045 -0.070322176955489187899 -0.99380165091377115072 -0.086099187390759363003
-8.1579878992508820801 8.8721187085536588057 -0.81658314950361088336 0.59012426827522457273 -0.0032253272751825946482 0.80730597994587560695 0.55410911227976966664 -0.72563543885601911043 -0.40794154184711178823 0.58712557403087595187 0.68807180376758692031 -0.42642789915633805276
-3.8297358032500921077 7.0538631221414460626 2.7723403997921876041 -0.29947496773960391447 -0.0036212464231063978479 -0.95409728553812023222 0.90716173010500034124 -0.31088546123742344385 -0.28356273631014078385 -0.29558812413543888997 -0.95044048554612947655 0.096387469644877418751
6.8512258332094422286 -2.1890292372415367517 -7.8280170273290430316 0.029716811111777711313 -0.0033876758608990323318 -0.99955261731916023038 0.99845998891070042447 0.046967182990896458317 0.029525146340042905668 0.046846149060993609592 -0.99889068840088823809 0.004778173708029007094
1.3519508062832203965 -7.8565068517258467296 -6.0920402321669326895 0.79032737249211137964 -0.0014922436556504834262 -0.61268296654787735012 0.13079559744473392979 -0.97653373368241025432 0.17109757061030089753 -0.59856090415111695702 -0.21535932807393481925 -0.771586160991051484
-6.2596417825476384778 -2.9130968058843738078 0.51639102093412481143 0.27081318452748198711 -0.0067719772880584028565 -0.9626081027135739987 -0.77378987249786257419 -0.59637933646319618575 -0.21349688583073217485 -0.57263378550831456337 0.80267417260256190836 -0.16674747473633397266
-1.7463764047392111856 -8.8832235774962828856 5.4374376710813754343 0.73802806469723214455 0.014191116312156996579 0.67462077342582738027 -0.55926836881941377477 -0.54651489085035309667 0.62333006161822313018 0.37753604775940108329 -0.83732913856917667861 -0.39540668475070461785
7.4763795757043949308 -3.2190958196226708843 -2.0073142476351906183 0.34239884019793542791 0.00021237090948665257595 0.93955467596600872326 -0.47733433979747541542 0.86137090966888019139 0.17375869482217110029 -0.80926816462836803634 -0.50797648653731963808 0.295033772378741177
-4.0862894039430619486 -2.151504468533053771 -5.1139577352234431018 0.34427468048424253455 0.0051147651238983102978 0.93885503862699359878 -0.15656418067156555041 -0.98567041324583981599 0.062781317140740811045 0.92572274559292722085 -0.16860508779107249988 -0.33854057757213601443
-2.6156058000920405782 -6.625597320712931726 7.1357331691078913494 0.95535633630326100008 -0.010877324601483192093 0.29525574421970252059 0.20753632188972034878 0.73597883132207875256 -0.64440967942912430466 -0.21029252431239081611 0.67691716159006998232 0.70537947982847792883
8.6262849147662876703 -4.4979055712387374655 7.12400475840433689 -0.46947323614785424484 0.0034710545740985225202 -0.8829398803547823249 -0.46957595056387002597 0.84586418639848137691 0.25300633355899981858 0.74772542232603667056 0.53338703579014523637 -0.39548067317887131145
2.6772071180163377058 3.4583432182855231574 8.614328276453045774 0.97880114685218366777 5.3245115998492437148e-05 -0.2048128708988083968 -0.094243257768059196522 0.8879617589112520637 -0.45015788683141311211 0.1818420283820114669 0.45991728808141224549 0.86914300597628069145
-2.1715625938863145628 1.312598613002891268 0.76452929205451802819 -0.99785298760609419944 0.015951679259886022283 -0.063521327556072496034 0.053385576181172449128 0.75994510241214163759 -0.64779118670730095886 0.0379393645374036248 -0.64979149367216992861 -0.75916508044686992207
-4.2597058820654414291 3.58034702230481372 -5.7408185893482102102 0.08069591082877478061 -0.0133310918743791227 0.99664961343731384158 0.9726655015212662958 -0.21737801896869823892 -0.081661612889841028728 0.21773835703904068084 0.97599645432692294644 -0.0045748240710462677316
-0.60648591502325999159 -2.1058547985930338164 -8.510254497999458323 0.64050098800191823667 -0.010010468813054222703 0.76789209846342931787 0.71921288348777112631 0.35838445885956743409 -0.59522551009925650511 -0.26924210776472590201 0.93352041764601734197 0.23674525812417651638
6.7578643654593033574 -8.8807122917169571963 -0.38628309550727296662 0.73282929091310000658 0.0032811724408038276356 0.68040463276429974382 0.67812622588521487277 0.078386061339533422143 -0.73075334221199972351 -0.055731967006964790168 0.99691767929697761019 0.055218552665288619941
6.609033548536446645 -5.3402729009442699848 4.0804474992477492989 0.11855753460150073031 -0.0007650864023526470761 0.99294688963324218012 0.51124962020544562069 -0.85721438336956168325 -0.061703539480006383555 0.8512155642544330103 0.51495913972597895381 -0.10123807378456811668
-8.5449276838724053107 6.7556728654960132019 7.6750216692987356382 0.32659425243443557241 0.0006880506725501509338 0.94516438827504589693 -0.94182109866413543653 0.084275738721851442548 0.32537765438635218862 -0.079430550721727985475 -0.99644223437651269215 0.028171992526647645499
-3.5811751851213120545 -3.3038904491576017719 7.3495686705870646449 -0.529436759011220337 0.0087239418480309950665 -0.84830455088152290077 0.63570897838507522959 0.66622108786411038395 -0.38990198369037154524 0.56175689849624910188 -0.7457032619773960036 -0.35826782170343163259
-1.9645394337263397677 -5.709354478114883058 -9.0986344063224038337 -0.30257925963879711562 0.013683248625952292021 -0.95302600192398412293 -0.75914668592544243264 -0.60805921124291784086 0.23229357475138120992 -0.57631770828664996564 0.79377374882861861938 0.19437369880159716118
2.3205754757530487886 -7.9000766308396821458 9.016523147575018271 0.97966726590215069681 -0.012426539354467308271 -0.20024392435141219471 0.15029678203702256933 -0.61569815560348173378 0.77351577779379987465 -0.13290193914795284114 -0.78788410461577018662 -0.60131165984415813064
2.4337970523303384951 1.1853392635588753112 2.0318086277470501777 -0.42215315233869538103 -0.013616104691553453793 -0.90642226233896128207 -0.09429284665240554586 0.99512299371730661424 0.028966988879925770206 0.9016072177178127145 0.097697641054353828727 -0.42137821003425746103
1.5357407256146968777 -4.4232992666978834251 -1.8127535609397944505 -0.35880016010359128131 -0.0043634460922013585185 0.9334042026089410804 -0.22223019393187742887 0.97163350940858439486 -0.080883028501235659791 -0.90657387234295083722 -0.23645144053855657318 -0.34959194820909877954
5.9935974755466689956 0.028226460760739820188 5.9153090174311833138 -0.80263528722988275454 -0.00059516239822962266337 0.59646981606390248043 0.22766959610740877817 -0.92459360948790458856 0.30543937582187080659 0.55131039415350879818 0.3809544632575521117 0.74224695770500037639
-6.7363540513662769627 7.9733305590773539961 -7.8822425558528683709 -0.96165908458713533769 0.0087572094717029373007 0.27410785525625080972 -0.0032974607535900118949 0.99904858569883525643 -0.043486206610245908832 -0.27422788294308142465 -0.042722765535827322836 -0.9607152718271891878
-8.4689249326147795216 0.91353598380085487829 4.3210587239545832361 -0.23203724242666937116 0.006062559446995205957 -0.97268800933301124978 -0.71646690730691942051 -0.67741321264772003108 0.16669286146631062673 -0.65790112392419120013 0.73557772172810564904 0.16152871706344071323
4.1231550328593380428 -6.7170508420703276542 6.3766366223095678478 0.94884346285856924208 -0.0033301569101062099276 0.31572930343195099168 0.10289583725206694065 -0.94209707383417085058 -0.31916382963840150833 0.29851051851964849337 0.33532374435497031007 -0.8935599906021574057
-3.8253347605503837947 -8.6390895018530358129 4.3905926801548416094 -0.12973845330745170656 0.0049127494046173093845 -0.99153608034537743521 -0.11291876585217060225 0.99340896962897762279 0.019696989088217251029 0.98509760229726450742 0.11451848738983405607 -0.12832860162173828633
-4.4139142043310588548 0.24356782424243186846 4.8907268838559847524 0.58713330824730591839 0.0017075632535412839375 0.80948845734456398304 -0.13945378977321720715 -0.98483358635876216969 0.10322522800908917606 0.79738768416885608126 -0.17349320277001795132 -0.5779904754649342058
-1.9463799958331740036 -0.96326853849819427111 5.744953166115283949 0.42730184633956741491 -0.00081421561392353318173 0.90410866004461098999 -0.87809480010913920633 0.2377831535012865094 0.41522125900831435841 -0.21531988792550560419 -0.97131792373258329931 0.10089022202275392537
1.1287846585747172146 7.8323580916360864279 4.5657230557057548737 -0.21255483821876355877 -0.0013284953256811841277 0.97714823637473868789 -0.39521314349902070262 0.91467380470040249296 -0.084725451904166013128 -0.89365933775439687636 -0.40419063088481110846 -0.1949433813948442118
-7.6489271763516688551 -4.5886365833113949009 6.8403478092764808949 -0.44577816155819116606 0.010891555333605574402 -0.89507720599963147556 0.021366578553486545444 -0.99951161312020342375 -0.022803608460117502643 -0.8948884287992358022 -0.029290088089782184005 0.4453277340801128914
3.3077477549846761029 8.2191171389932815572 -7.5453495034181816692 0.86644094966878537623 0.0040909459306238422222 0.49926280143623247287 0.27040852542157856053 -0.84445476216868675667 -0.46235850163051389616 0.419713366615953265 0.53561125717456092854 -0.73277641274266702709
7.8621157870627325082 -6.7401118250153277955 -0.66602058500149452502 0.31959964823158437675 -0.0055152746274646745339 -0.94753662018718898263 -0.94315252168199925631 -0.098109180409720775362 -0.31754985366735621888 -0.091210666563949355234 0.99516037424380476839 -0.036557404719826741557
-1.6199025920899563502 6.850835703911537955 7.2080251259553032028 -0.61523087723637104318 -0.0096993148232483242244 -0.78828731499816528938 -0.78278515070750642746 -0.11105133497555642885 0.61230303676513475608 -0.093479278595739706548 0.99376733911509140817 0.060729730619675265091
0.54526038614678506988 2.6945254620842722382 8.9509730664289151036 0.40076613932235960469 -0.0011316324642458314848 0.91617968815105776947 -0.87039571069394949809 0.31169853811978964764 0.38112377010560605228 -0.28600316148294080421 -0.95018037274069622189 0.12393325171169176924
-1.2443034139940842842 -5.3613159888830139721 -5.7773684849615367654 -0.28101633037103501689 0.0064523163885583266139 -0.95968129588841888378 0.19696463370624059386 0.97907836397905434467 -0.051092957019675554198 0.93927352519582718582 -0.20338123020911813565 -0.27640788712516289882
-6.0872046414825025096 -0.1275662544936945475 -5.1922009634861874261 -0.95095038787542807146 0.0035031051060171337214 -0.30932359763564043487 -0.26150466082690720926 0.52506901358897328791 0.80988754980844357423 0.16525335750132186252 0.85105244211125441467 -0.4983985038212571661
-1.9076599712233095474 -5.6259519455097404261 -0.45170907852971814433 -0.35328066040805833348 0.0036268966111430863374 0.93551035301722318405 -0.21426768298363949028 -0.973724200956186281 -0.07713974656836317112 0.91064929309273157099 -0.22770161635967089975 0.34477505550245246546
0.25022974461874836205 5.7286924503920984009 2.1696048777564556076 -0.089871645982562822774 0.0091309189088732665984 0.99591149886325092133 0.58594789376898803734 0.80907267989861586521 0.045458381285119149606 -0.80534970853398901713 0.58763766468913902763 -0.078062936164897567259
-5.2309378369786116991 -5.0055598529559510723 -0.45966961341234746641 0.7053003083655051686 0.013921046728111030957 0.70877195167263129516 0.27629884809587562655 0.91534395977093707675 -0.29292384992031034185 -0.65284793142098895835 0.40243215548597982556 0.64174600791152736079
-4.3518440904879280851 -3.1697377559483306264 -1.6324858692209278654 -0.10711237914160946783 -0.0024537806088242735715 0.99424389220916997711 -0.85552021842086822812 0.50972605275847804318 -0.090909334020574453228 -0.50656894309411193422 -0.86033326687958888712 -0.056697229143859668998
4.675817469282042893 -5.4027883712761326507 1.8474054641116102182 0.98677663280665584011 -0.00080039867285506779461 0.16208404088130662357 0.14596444527105417732 0.43916236093483346226 -0.88647098173306237978 -0.070471679865944145127 0.89840735755001577267 0.43347198552702276286
-2.4867830058856523756 6.9180394117078547467 -7.4761902725383180268 0.47521556886167692912 -0.001620974341985700895 -0.87986790801462189116 -0.79569431194646478289 0.42603667651993049059 -0.43053839805082527725 0.37555389100366248778 0.90470443941777367591 0.20116946152466991249
5.825842371927080876 6.9744689373993926651 -3.5624891326320473617 0.067082481337464278104 -0.00097528218379325237741 0.99774695665905832609 -0.67892927558168125746 -0.73282758133648029375 0.044930777764338521163 0.73113266884708294491 -0.68041368655929557185 -0.049822040175152251806
-5.3097467304450418624 -7.4667528364235513649 -4.5895576454238860009 0.73032949881858655328 -0.0083238344424669541421 0.68304431549901434284 -0.48863107440059461162 -0.70511176782255535755 0.51386483437601371271 0.4773452589954996772 -0.70904732469590181498 -0.51903120817162551326
4.3612927108761203598 7.1443382047302268489 -6.4270975713363434068 -0.30235217701900013454 -0.0075577205897037012111 -0.95316632436893122815 -0.19829390263339261025 -0.97759288246691233848 0.07065185297191109437 -0.93234258147443715981 0.21036881187444728125 0.29407868634152806164
0.74237956826454420955 -2.0859688261427455913 8.1269059223195672104 0.69824359122958357116 -0.002228385162683287242 -0.71585677450608797834 0.12156257115719290574 0.98584057895236598679 0.11550278864357625686 0.70546327232575745114 -0.16767047202872115141 0.68862775445752411052
5.7681383850359981835 7.7108235206292343733 3.6949016825083162985 0.062489404978561390036 -0.022545861328746096691 -0.99779093922656814097 -0.95847651684297185959 0.27735865551852328936 -0.066294365291052342881 0.27824061695900720315 0.96050187940781850404 -0.004277701286538773684
-8.0178011154851045461 6.7172657536582303095 -4.9858567387056522691 0.86201773359919897644 -0.005074470819680890199 0.50685271697633560439 0.24705410536286465106 0.87733939135094973771 -0.41138772636907033897 -0.44259427920364108333 0.47984356005846817705 0.75753578257833520393
-4.6693764400246253743 -4.4411273474099504099 7.4465189079346796319 -0.10336102149168469033 0.0062492571723967420966 -0.99462427379441209485 0.17690675270265787677 -0.98392098648704151564 -0.024566098569802231194 -0.97878521652331240688 -0.1784949274784596307 0.10059354243709520138
8.3257147693869786309 1.2306876787387917016 -1.8175003394606334961 -0.024007372509172730801 -0.0047323064468122091192 0.99970058084457547043 -0.9304174696136611189 -0.36570991126813101602 -0.024074738590771273955 0.36571433975591943755 -0.93071685601798270771 0.0043767134803274080138
7.0428266124517859836 0.0040583750365374669788 8.1016186606477269549 -0.37908802812693159767 -0.0035186489317019804118 -0.92535392474476407809 0.15584549161164584774 -0.985951657048564023 -0.060095862648668764427 -0.91214277921575093178 -0.16699385938663227624 0.37431083507152540513
-8.0061841790327168411 -6.8068557278706780522 -6.5107189263190807793 0.76065029046354826203 0.0099255368606972847051 -0.64908598762859304188 -0.167448099543068607 0.96904659069915743963 -0.18141069156282454977 0.6271939648761803987 0.24667831029889603078 0.73876758297227940187
-1.2104283077646806888 -1.865346389535192051 7.8732667093855761564 0.81679855129633738287 -0.0062252703905988126046 -0.57688939373917247355 -0.18885745180989202407 -0.94773228895898320445 -0.25716992701442531466 -0.54513575327256680314 0.31900588470030244448 -0.7752820493411864966
-3.5407162893666059844 2.2149335877385118998 -2.7687304947015136669 -0.99994103846722748319 -0.0060851377827524331943 -0.008993925013541714461 0.0017717597633689951067 0.72571679177031467312 -0.68799127829473305518 0.010713564127894488476 -0.68796664834891751994 -0.72566322099362434717
-4.5383933645436353999 -5.705434123301133198 -1.3724741774603759215 -0.68464907110502604137 -0.0051084416939505637029 -0.72885496037169617001 -0.18626128247481121836 -0.96554664464558448422 0.18173170242071631786 -0.70467182722595333999 0.26017990090969694839 0.66010910846367243376
1.7363909754562205645 3.236913834479952623 2.2288724348483279769 -0.0019781323132717480197 -0.0026019051681126790024 0.99999465852683389055 -0.84370552058932879458 0.53680622240299835646 -0.00027224372313769981506 -0.53680264671466570991 -0.84370155249299771949 -0.0032571154889119214616
-0.94305028639123977818 -5.4738803419248620585 4.22615476711411997 0.20236573567307700183 -0.012818878133372334574 -0.97922611555700422858 0.26792264539618360075 -0.96104127597188804266 0.067949407373679465705 -0.94194775073201797433 -0.27610748313287458711 -0.19104735708358214219
-0.83233374233861345814 7.9733730630762780223 2.7363846302201073613 0.49531745512416702759 -0.0065234476393271701236 -0.86868755216163917598 -0.69262293586686918268 -0.60653355386350593648 -0.3903722796882274082 -0.52434157508309120477 0.79503112685515442415 -0.3049449458029033222
5.4952237610371401644 1.3766202809890490943 -4.085722748367471624 0.29919573797296056261 -0.011029063216688301391 0.95412801559504356597 -0.33608947685523715698 0.93463502948992727148 0.11619477267753507144 -0.89304298548619687192 -0.35543736637420836333 0.27593206529697800189
-0.61902631317342216022 -6.5564689324359486378 -3.0961430450925075952 0.2472841148027113134 0.0047943288644293627701 -0.96893115388925965537 -0.63314172830511639134 -0.7561734439004538233 -0.16532777933097486667 -0.73347264328331607253 0.65435367894628249097 -0.1839541910490481158
-6.2844354351772899747 -0.040806638009843916592 7.9359593623502160398 0.98247921969007978582 0.0061912727405668901981 -0.18626929703708053343 0.13509631963284449152 0.66484297541253367658 0.73466509544590397063 0.12838834564905557412 -0.74695748619761226372 0.65235798953872692341
1.9916015374713385011 4.6145297718973603551 -7.5375964080011774726 -0.98335367284952679423 -0.0047474084228644863187 -0.18163979797069135236 0.068194566953613228177 0.91694012857126427907 -0.39315429751410901904 0.16841928372839165551 -0.39899656982133269167 -0.90135269575211030002
-0.35659991499193716136 2.3694753931086154353 -5.3471648790048460498 0.84684573826135989272 -0.00096751039247591503339 -0.53183771915120203744 -0.48724590788094640503 0.399415052525129044 -0.776568761327470658 0.21317532887666537644 0.916769698310368919 0.33777151954867129513
5.784233695812763365 6.7486965771264122438 7.3789958306146177236 -0.80396671675932951384 0.0058358603592081606179 -0.59464566010150055053 -0.2828911697773053846 0.8758078224006716761 0.39106680284074274434 0.52307753192575789924 0.48262469990241729789 -0.70246942612370288916
-3.7433445285751214548 -7.893689297866288257 8.7806327733916802458 0.92848002684535979601 -0.0058851031429545440712 0.37133570433015650192 -0.016926937715307118631 0.99816474259525533874 0.058143145936448280275 -0.37099638614004659676 -0.060270326038673271984 0.9266764102264094527
5.5100119334879567035 7.9893898115569230711 -5.3476026520038768552 -0.31893560442429352841 -0.0042778721315614113424 -0.94776673292563651252 -0.88429385473037314114 -0.35847901051877745227 0.29919421368663712268 -0.3410343952103865317 0.93352798502632328148 0.110548823855972006
-6.0364816420876952208 -1.3486151018890859543 -5.8142936963887343893 0.026053665525600348124 -0.00051653969226591461839 0.99966041218970802529 -0.12951428132355566336 -0.99157342317728225378 0.0028631070117613472564 0.99123521802130176717 -0.12954489428478599411 -0.025901021578550776497
-6.4508064333005155078 5.6679567002913424645 0.84034221693223098981 -0.42524560171928443841 8.901613179166593514e-05 -0.9050779912771665936 0.34396915331910310476 -0.92495264994602066633 -0.16170286615464224411 -0.83716868060328897272 -0.38008234296498843996 0.39330142738478340858
6.2007209635597417829 5.669123435739540362 -3.7907015094612193096 0.76153443007536769649 -0.00071501499710147770061 -0.64812406263240229798 0.27762162800742073987 0.90397403506837292753 0.32520328347822730075 0.58565479889761484777 -0.42758675456101447043 0.68860585522621509114
-6.3856878163432826412 4.9071147316493526347 3.7230042183908800268 0.76787610985016507836 -0.0048462988015042854362 -0.6405800444203512134 -0.55359250422746830722 -0.50818805039280767755 -0.65975771666658689085 -0.3223377408629620744 0.86123249986616789986 -0.39290833789781981489
-1.6713219823284233279 5.893791821657640817 -3.2317155447864953643 -0.83177366462545165859 -0.0054105348603173154809 -0.55508854874519908407 -0.49388963652486628231 -0.44929737517066098418 0.74444939089089168238 -0.25342769731970593572 0.89336587956851387649 0.37104151715669869693
8.3995349014827382916 -0.99888961506951623459 0.86990114797847217787 0.98596486309644437718 -0.0026267087027973951008 -0.16693228908953408607 -0.1013893968657604977 0.78495886393131752978 -0.6111953633161146815 0.13264041217711558529 0.61954231682509097734 0.77367553840131653153
0.68354376265005689639 -8.9613082797962366755 3.9174186110828275176 0.43020379856367468863 -0.013022963023103264341 0.90263785325885859123 -0.32912758293503879825 -0.93333371543505505574 0.14339877887805657641 0.84059486427917806672 -0.35877371429130777702 -0.40580992605010429708
-6.4426581836915328694 7.7194823487245258775 9.1376019291691576996 -0.98092519713757120314 0.00042149741152987252324 0.19438513307485696946 -0.14770298586058158707 -0.65171853678738156379 -0.74394003573925493455 0.12637082570130750425 -0.75846079077815065084 0.63934939060246320786
4.4312550817840277162 -1.2380782965281897923 2.8665132254413685509 0.98788612221405636138 0.0070086785303210257653 0.15502221763986212544 -0.10915469829885189601 0.74144872196031530454 0.66207178201659566685 -0.11030077686026305839 -0.67097292875999503536 0.73323193294849497992
6.4918991990760828159 6.7864661355750470761 -6.7075113249474576094 0.99886805154506930204 0.0015684966995445331472 -0.047541091919615904859 0.047297723965079210839 -0.13893902013857845068 0.98917080122235423456 -0.0050538015904281839014 -0.99029969630473857478 -0.13885593465330992036
4.5549440775768772482 8.0244081893522025695 4.8212888598205188018 -0.15886710381031840522 -0.003310958042060492372 0.98729442461900218664 -0.28887921729876203658 0.95638691165411016115 -0.043276703079883176162 -0.94409217830670366656 -0.29208408510807309932 -0.15289488574431800427
-6.0685715462077736149 2.0328420518852876597 5.5858797890792581953 -0.99560542707246790783 -0.014769304869228396318 -0.092475408717970150607 0.091205861738835020125 -0.3769412118764748354 -0.92173576125360756617 -0.021244396163893591867 -0.92611942557248094765 0.37663176340926080021
-3.6099728120158371958 8.176542920081656618 2.807675887420525207 -0.41290404735623054133 -0.016407486151659711471 0.9106267303758444065 -0.40687024920902992164 -0.89120070716769439478 -0.20054400976456790429 0.81484160913969794215 -0.45331235802937286383 0.36130466101670344337
1.4365781535006252323 -5.1868754469185160971 -8.7876731524479261282 0.99785490689912914597 0.0063370831158841775532 0.065156934815585570986 0.013300059727256390019 -0.99417072858200761232 -0.1069937887987856967 0.064099088825212466314 0.10763086828546883367 -0.99212242339526590662
-1.0404797719671594614 -5.4845801491917374193 8.6506276220735305316 -0.37025935237007329137 0.0006633319830390920456 -0.92892818450800129781 -0.28873394711665406609 0.950384816148772682 0.11576445488997577637 0.88291603211433244969 0.31107597339604681208 -0.3516973400679389572
-2.0051336737254672471 -4.5034898705603527702 8.045638205430954315 -0.42275142452824099326 -0.008248907906515541219 0.90620813755864282335 -0.65949455587290295444 -0.68304394724721861909 -0.31387560737091224627 0.6215691142849127937 -0.73033069334843125908 0.28331769185798449939
-7.4436633619439520615 1.4628033703685043854 0.14141076184528147963 -0.055321408863354820662 0.013079230915352010184 -0.99838293026286228926 0.55292287379011906268 -0.83219631875524024966 -0.041540133483561079986 -0.83139391227077930058 -0.55432681765259772533 0.038806466859675030345
2.1659190654290685352 2.4801449382405533761 -7.0702438571219206054 -0.16725308198110683255 0.0039813457170810940058 0.98590595669866776252 -0.74614281312462804596 -0.65414868779486246009 -0.12393706741140123051 0.64443565155115145604 -0.7563555005039203083 0.11237903660111200899
-0.082135245335234127739 -8.7304189093858450832 -6.1448771852272416893 0.92728557660826527176 0.0072919503074218381539 -0.37428369838251590584 0.33453078619328063814 0.43259877166948523808 0.83722604823231316917 0.16801967891605823491 -0.90155705876586755831 0.39870321955836646177
-3.6744374625957108016 2.0852400351847548698 5.6369417938825039371 -0.56046966499142691909 -0.0049519340192965867475 0.82816014935152715282 0.30574082931730772739 0.92810641086331624461 0.21246419793189735836 -0.76967285252429107345 0.37228210870784045339 -0.51866148075911966409
-6.3750770415715969364 -1.7487360073675952687 1.4946349453513125827 -0.18932625392280025278 0.0019215159348015342991 0.98191235726627501545 0.15477548656457157383 -0.98743854831045885234 0.031775180080534419502 0.96963916914193148955 0.15799183867189853236 0.18665063776694321152
-0.82770055774355788536 -2.1798888079168077248 -0.93188441502771668379 0.12260162288638126737 0.00054048625351286842811 0.99245581762622303579 0.51342382898686922399 0.85575340847356995422 -0.063891123906839653035 -0.84933198096736584048 0.51738362146497185456 0.10463925814760741129
6.4389089376372021789 8.9042263584151104538 -4.8260199014078999369 -0.51199390534804878339 0.010650382814851332147 -0.85892305256783274547 -0.68615957084524514809 0.59648099478804950113 0.41640781235994517306 0.51676617945064573512 0.80255653520666203615 -0.29808677188585563922
8.6241453235956271328 -7.8336597231639846228 -2.5967721968647521358 -0.80446433246736592793 -0.0029704262950980206415 -0.59399353056665138428 0.23827835330998714536 0.91439095908416634373 -0.32728061398308883057 0.54411447704625626187 -0.4048213809977307398 -0.73488712422771595989
4.4515030011153848832 4.8590448571923170462 -8.6353712754811517982 0.81949692010522900976 -0.0028328655434935452566 0.5730765854674094717 0.51308318536586627889 0.44907998819416050651 -0.73148671149826749449 -0.25528502273538611345 0.89348706710082748117 0.36947316288277276541
4.3816274940470449906 -6.5790343288702395341 -3.8843466407479776414 0.99970272787882041854 0.0043295871866218787333 0.02399396895686125436 -0.022805850354503668515 -0.1819808685932026715 0.98303756624825255894 0.0086225901625714626575 -0.98329253945133399117 -0.1818280308369410736
2.7114900447368239789 -6.6222575006345820725 -0.28428056807932272632 -0.98653983464625993882 0.0010294671666258214861 0.16351787319251634423 -0.10129555510475982127 -0.78885638999777196734 -0.60617225808807528864 0.1283680847097769806 -0.61457671299603955362 0.77834253299612721211
-6.8130994024069329029 4.394200179476221102 8.2643684117056697147 0.73926005246081938349 -0.0010672374122900390916 -0.67341921255626324694 0.63846208173063823121 0.31911577080909858672 0.70037939362391998799 0.2141512200008776623 -0.94771513959919950754 0.23659093208934481312
-1.2419284016754690292 6.8360301749904968105 -7.0898920808434064966 0.37504686320977126401 0.0037298163935096020211 -0.92699834890159560352 -0.38305150970574652902 -0.91000317762966387303 -0.15863718862846787339 -0.84416313074475679556 0.41458449702501759537 -0.33986512548037539627
7.2074221719491662341 -8.9202266680522157571 8.5851507632451991014 -0.32255367779078247814 -0.013984605591538431732 0.9464478621403713543 0.12301009098708361178 0.99079222461672222799 0.056562223741017499112 -0.93852418320396291396 0.13466699092800954451 -0.31786342837023251473
-5.0850507169115850559 7.9968609275007693782 1.2107392785640929134 -0.2881252926182183427 0.0055558906619479894382 -0.95757660154820412046 -0.73232944596417426375 -0.64558180598449255161 0.21660497306287856967 -0.6169905982487964291 0.76367091332638392664 0.19007718908860957163
8.1264736941251154434 8.0105695159912553294 -0.022697542086313159115 0.20528894915575124358 -0.000626631882327885123 0.97870120807485827541 0.20428628048373229098 0.97800011913950546383 -0.042224194116521993059 -0.95714343907300825087 0.20860338994159285941 0.20090062902876820727
-2.5619338488328824432 -1.9352718829563315683 5.9578528821328315956 -0.52290276859877860005 -0.0050722726067972860944 -0.85237724432459005541 -0.5687263919867434625 -0.74277858978363220377 0.3533132570632543934 -0.6349196686586753291 0.66951791507716351681 0.38551624575488985247
-6.1814757774098412213 -7.6761034280943007957 -3.54911566698090164 0.74106659320741807839 -0.0016585827338469923131 0.67142948515491618355 0.23188767701203483185 -0.9378340569194772991 -0.25825450031292634945 0.63011777445315542145 0.34708000631748914255 -0.69461288465790016478
5.7916340462398565592 5.9127339178619928717 -4.9989614929039527524 -0.74619121547669042815 0.0056127777913963297629 0.66570801908256405088 0.423834374023574878 -0.76712485520366946457 0.48154322747346645084 0.51338396287924514816 0.64147326776315494179 0.57004293996497679142
-8.0704103781035989584 -6.6805474692091797451 -9.1241649604249310812 0.47335291499530113279 0.0052643457372273947184 0.88085714195300779394 0.45656739900827508771 0.85370978911974504388 -0.25045120507566476231 -0.75331482663528126498 0.52072246218575823917 0.40170248859907586869
-0.26372094691079289719 2.3785548144026553707 5.7569083104221512315 0.82456037822927730208 -0.0011445979361061290464 0.56577281001318202591 -0.42238547817551830299 -0.66655959442778178747 0.6142384023348702593 0.3764182387730321544 -0.74545086824818962423 -0.55010209284020494813
3.709567766671460376 -1.1409321851817788573 5.9884678828298119058 0.64109503940631806795 -0.010646585293707207936 0.76738764693624716973 -0.48043082519347113379 -0.78531546661878537385 0.39046874406696119308 0.59848422924275523904 -0.61900425532531411221 -0.50857679777648723274
0.53992875743140245071 -5.5760493998769753432 -4.3868876788716351101 -0.46265007070208219453 -0.0025212286943758844063 -0.88653739655209862214 0.048543321249008175577 0.99842369047267454096 -0.028172331548046904842 0.88521096809826516072 -0.056069400822549561592 -0.46179840217335876851
-1.4404482558880087328 -5.5206676192180861307 -3.3410053101397800823 -0.60624471462328721749 -0.002023581480548100435 -0.79527558186418323416 0.78020239015597248056 0.1922741551869994181 -0.59524354649316124632 0.15411546446086310524 -0.98133916377824748078 -0.1149863872329218023
-6.9756100422453171106 -0.45631077284982468623 5.1723581446147175456 -0.16204427504328475229 -0.007352346902379788135 -0.98675609748332993032 -0.062705418831931244994 -0.99787453346117938047 0.017732623001499192572 -0.98478915681213785582 0.064748424416743041721 0.16123882336710640417
-1.7551123548143896524 -6.8124795117362655361 -7.9654622789108611158 -0.11224816766423975634 -0.0027370763241921121367 0.99367643489667900614 -0.98606014313308643082 0.1239115380046304643 -0.11104649870066167494 -0.12282403258464626161 -0.99228949362694052194 -0.016607764965591888251
-0.38597206297787833851 4.5266916885077508326 0.20889933316302777833 -0.40011549312124006228 0.0011813951966080232792 -0.91646396354109116444 -0.85630475843520714729 0.35585745094806159328 0.37430954474313465896 0.32657273744952836081 0.93453950098970872684 -0.14137244513855934391
3.3844697664954042082 8.0556655484636294773 -3.745143206503562805 0.4776541255641133521 -0.0036816353371385739449 0.87854025627337173354 -0.79769299407038363192 -0.42085437530874980627 0.43193458068836187991 0.36814728512193484189 -0.90712074187787028468 -0.20395964334299920839
