1125 17.292696884352682929 17.968806560800352656 18.477561601407678893
-3.0465858127012817036 8.6344428024360233564 -0.54061389735084530717 -0.60137183612247535613 -0.0062251039754309860433 0.79894503114990467196 0.40313794200259811529 0.86097891472903176346 0.31015336224184159031 -0.68980556277591964509 0.508602552562108845 -0.51525889520805223665
2.1006133530507375973 4.0254476850205005434 -2.5438230481150649887 0.67304437677264239426 -3.797149190848739253e-06 -0.73960210037581797238 -0.53810126838407157379 0.68604675499113798587 -0.48968038038017158708 0.50740348033687887597 0.72755745474265254291 0.46173786739920175126
4.1591975767689843835 7.6428571805655467486 7.1364346282034167857 -0.84742522015888555043 -0.0031172857710558346533 0.53090562133783014698 0.43794990832631630617 -0.56937800856689413376 0.69570723810907286744 0.30011726714020992013 0.82206992761580921503 0.48387049928110931196
5.5886777994535954406 3.6603878207053197613 2.9002710885173024202 -0.75907633797673668141 0.010866683352211426936 0.65091092195248678731 -0.65019392298111988726 0.037136358489261694915 -0.75886016722243410104 -0.032418754487846188073 -0.99925112262699200549 -0.02112387952910871336
-8.5536382348487194349 -8.0556893303021777086 3.2794175935369929142 -0.23294728154999541636 0.0010065690613692626632 0.97248884355412301694 0.65883448029265623269 -0.735384666915282037 0.15857654064808518468 0.71531300253526852728 0.67764915589482876968 0.17064269664712330976
1.6583463486095373352 -8.0852746270905111459 1.4686453378637027711 0.48886102560948585527 -0.014952087722108858142 -0.87223353106414036606 0.54357617062119067963 -0.77679932856452538203 0.31797444846173272825 -0.68230480312879282501 -0.62957067769589680761 -0.37161931786787710807
-7.4905162482878200336 1.9810104961358816489 2.7310655217711805598 -0.93569824272461876724 0.00026340503067917055147 -0.35280126017309965114 -0.3459159899861748988 0.19591524729223797063 0.91758342604367204576 0.069360842222296867354 0.98062079648384692376 -0.18322643660231754947
6.7491898264200953506 -0.35889838120029415869 6.6526805694378250422 0.19822055856615827807 0.0078958249003107904007 0.98012563792149265396 0.42625551288882840284 -0.90115133171772709986 -0.078946279679850725475 0.88261817786266749675 0.43343273214247624026 -0.18199235921843037733
-3.8233634601245678475 -1.317048309839111031 4.1635691232373677195 -0.99992061010233490581 -0.0039196143603260451271 0.011975396265298546283 0.0064396710670982385341 0.65793688971043551295 0.75304553633544091262 -0.010830703070074616801 0.75306286974040292925 -0.65785941514094725679
-4.7395462371645962207 -5.9147113891217824033 3.5399241866476822693 0.90671186845595230785 -0.0037354404585758452934 0.4217340798249238909 -0.39871841785955264292 -0.33352348423696903668 0.85427496084236587137 0.13746712647321007728 -0.94273439098578615258 -0.30389909047597124525
-0.36514714702136563673 2.8782845649137018817 -3.4692334774533941655 -0.69866925601610685437 -0.0067411533148138197066 -0.71541304681285988742 -0.26556576891735372836 -0.92607224711181845844 0.2680765105497218137 -0.66433131273289691698 0.37728603205156402423 0.64522798834330785667
6.3725955854084928021 -7.9983489580626150328 -8.9921416403546245988 -0.1449761008953886765 -0.00063044725910885407276 -0.98943495627807731552 -0.89807328453343382435 0.41978437974458859827 0.13132193316382650972 0.41526654786617778203 0.90762364284911978274 -0.061424890432813059049
4.4651256446498326369 1.7939606055292887099 8.5944349400993509391 0.71993023782069631711 0.001041951932027131416 -0.69404565196226275514 -0.66099891014133804745 0.30592930215196983967 -0.68519172709337805571 0.21161496512260746794 0.95205366257433865496 0.2209364843460538963
-5.3518267581253251564 5.2891135348309088471 4.0263572566358138971 0.92765652536544673801 -0.0042118580562634164166 0.37341080755476951936 0.36748775602159566844 -0.16744420262012191247 -0.91483068826035651711 0.066378611925050082232 0.98587255731192102726 -0.15378290092953098012
0.13995901246421574293 1.8767276028188364378 -2.356637693935051292 0.68118019610377711359 -0.010159680513069119234 0.73204530005167034457 0.14665526877704010422 -0.97774322296778937158 -0.15003473624719218527 0.71727663601704771956 0.20955899129513300139 -0.66452934968379007152
-6.8370481972143712923 6.4995980072348498169 -5.4211882492802114797 0.83439113437202339085 0.0078939500396894308337 0.55111624947373683003 0.23593602162199070471 0.8985413255433492008 -0.37007793772655356301 -0.4981221020818903944 0.43881792561789428886 0.74787244873289948632
-2.6895595911716192461 2.0647859912120880566 -4.9481917983406979999 -0.38844800999058992641 -0.0045203937614666806627 0.92145955395472545213 0.84184168928784253172 0.4049021768725955539 0.35687084125832813086 -0.37471417602071593889 0.91434883562217728059 -0.15347798892667854909
-8.5069160909726715403 8.6601426720782619384 -9.1047877405219299618 -0.58926049669076652204 -0.012303341068080760404 0.80784942584521479692 -0.19398459712318213977 0.9727908261236061227 -0.12668064054449718059 -0.78430991522394954973 -0.23135824257699971751 -0.57561386403821634961
-4.1762002252463066299 -1.2149437714027355728 8.4319465940594806597 -0.76739886621872965833 0.0060981697990111806418 -0.64114100824323638772 0.26583809242103551007 -0.90693004116362863076 -0.32681494618887313441 -0.58346301403250011575 -0.42123712177305416837 0.69435595950226469686
-7.877780932365879174 -6.8755604742217748537 4.2485652145929098111 -0.67768017269259617219 0.0045260378037029445897 0.73534284420332818311 0.61600103406247952442 0.54962966806966606637 0.56431370177570350233 -0.40161213822956026709 0.83539615929185573329 -0.37526117234173556048
7.3225580536656558195 -8.4654426243985820832 3.7086837677906374644 -0.31970266460125973396 3.9031323987604457995e-05 0.94751791789033168456 -0.37167526968977238067 0.91984836879501696849 -0.12544509685956214962 -0.87157770746383256277 -0.39227410939500767517 -0.29406346755501344692
3.5427522532827997459 1.6509409996997745917 0.98615755595467258221 0.22059786239393330831 0.0056733348146532332559 -0.97534834617140153679 0.30747056798825295187 -0.94940159284089475911 0.064019257512057614612 -0.92563407074742165559 -0.31401342134288440233 -0.21118034541187968856
3.7246098074055256077 -4.7374997922473420786 0.28790530568834660219 0.8436630008819172577 -0.0048174046373055997433 0.53685150046888840958 -0.39553759811657407397 0.67056813515576840778 0.62760527769446883273 -0.3630189380999766513 -0.7418323049898136734 0.56382806054192613487
7.6844674200434095468 -7.8725472560714644388 7.9578960413114776529 0.15935196938586079773 -0.0051356774636617721214 -0.98720847578917725329 0.072950153637866888001 -0.99719132175682811958 0.016962986094724054331 -0.98452284124701250345 -0.07472009522226616407 -0.15852975251644274568
-4.2691831881437032337 0.72310264115355926684 1.6451970533679844966 0.99949469486492070747 0.017006622171518846753 0.026853858926830280474 -0.031718015546546719785 0.58887633154507557087 0.80760054088374777503 -0.0020790446684152107115 -0.80804420729837267423 0.58911818561734052846
4.7334875950010335544 -8.0619422579528858819 -6.6575215040730908456 0.51604512765622823078 0.0035616111909855313264 -0.85655399196311787779 0.83214198164574937344 -0.23915754270213326893 0.50034327431448677448 -0.20306931970433708678 -0.97097424512432783938 -0.12637985084807515368
-3.0162559071684942325 -1.3637791581261169416 -2.7697878879137185493 0.069190921072235817002 0.0013098636243946614952 0.99760257652953998608 -0.66257537040642788817 0.74764385514067710492 0.0449727072922838228 -0.7457925281012759422 -0.66409859970322626666 0.052598050347288219375
-4.7854191940533121752 8.8159736283557581515 -9.1177073386403666433 -0.4019878812817103686 -0.0014737926518184011476 0.91564380150699853367 0.21379953211518004652 0.97220540094686613841 0.095427555962357413222 -0.89033448959931904554 0.23412493738346207284 -0.39049969311782650738
-3.2599968033409609802 -4.3871077454044851152 -1.5719074607507774743 0.37425305472224679182 -0.0057230473366259165813 -0.92730895485789377464 -0.16008582888423208979 0.98456898190314368069 -0.070685552019999486895 0.91340417035467424967 0.17490330643841850433 0.36756177028549574803
-1.8444630692236407832 -4.9645459106616014466 6.5951859234093195283 -0.99810345127479516147 -0.0043225272625693495626 0.061406972825831962481 0.049874202350910459836 0.52794384719079912038 0.84781357511739430244 -0.036084130770040058478 0.84926827915071267938 -0.52672699336092487776
-7.7539705667608771478 -2.5747082600988568934 0.015357099512945310282 -0.26526920728225727997 -0.0047227112457894279696 -0.9641628201015025601 -0.88254418561530723064 -0.40149523906846978916 0.24478017371113414136 -0.38826280803683910214 0.91584893350587415206 0.10233632244498024055
1.1119391882871429988 7.5477968828083614738 2.4375180394304232223 -0.42082003796985550936 0.019048850455054753411 -0.90694412007534674913 -0.19959309435333685845 -0.97722373863873202016 0.072085791438159449451 -0.88491417229551361245 0.21135492882142814519 0.41503734980527434706
-5.6180131114411375748 6.5067643862160124968 9.0465706107942551739 -0.33611057330879795524 0.0056859978793488818311 0.94180536839503037339 0.34570652582950439635 0.93092466667740081387 0.1177550974269219175 -0.87608029341416471247 0.36516699522171019998 -0.31485930999681821518
-4.8998207177179891048 -3.5813066207055710422 -5.6340052854850375397 -0.9376056401934803608 0.00083621062746253070966 0.34769953153437771487 0.17676791404355193804 -0.85997732657761238872 0.47874011983244618706 0.29941404115726327761 0.51033155744507097129 0.80617177662912542502
-5.1890739555267471061 -7.0165066119641963382 -5.303476671412043153 0.38388313294349690752 -0.012379318519025161657 -0.92329870178284800808 0.84967854278355658959 0.39619310076083003036 0.34796178072044409157 0.36149704587177561299 -0.91808375401279374017 0.16261029009052319072
-2.6432057708762131121 -3.4267661465846579461 2.0988839128690903735 -0.76444340456416048912 0.0037081227834324347048 0.6446801773313122208 0.23371491028606514173 0.933553598371754223 0.27176280039224159912 -0.60083576951473860461 0.35841865017379581637 -0.71451553466589701191
-1.9279763665438318654 8.5541770940409342927 -0.086408424494608615518 -0.60964679049648951015 0.0067449376880814627955 0.79264449575672712989 -0.66716156879300070326 -0.54435393152137812045 -0.50850195512198337333 0.42804933356221885887 -0.83882853018545322499 0.3363635904554931888
5.9380982953807270874 -2.5014229348200807124 -9.0978523939764652795 0.66380465262701215945 0.022766321035441149101 0.7475594142121025909 -0.70872393575623671147 -0.30013101801320446471 0.63846045681202157063 0.23890116374110759168 -0.95362627200213712086 -0.18309332950793416606
4.512017224399061277 -2.7136972293792607225 2.679544048430277936 0.61783110392087925433 -0.0093321291394667400115 0.78625545364962212691 -0.5847194258196919403 0.66309853918265859729 0.4673366242896103695 -0.52572608846905555247 -0.74847393989325416985 0.40422622527949636506
-0.37364438232270946738 -7.0137680503532999765 6.3139466999744495723 0.68848157014642352713 0.0056589926764357371264 -0.72523175838533537885 0.20189392180432852442 0.95894721505670899031 0.19914588389708531846 0.69658594007295715489 -0.2835281547510845046 0.65907496808488719164
5.4686598715896632683 -5.9964290616504607456 8.9286136324606868442 -0.56816319735612319519 0.00064673831235036866039 -0.82291564749955070646 -0.21130255892002200446 -0.96658610672113742801 0.14512934537203911467 -0.79532497116837974627 0.25634133498846584098 0.54931531037473102508
7.9587333714950778685 1.8896426184535808357 -4.2445601696147692294 0.81100595135499131683 -0.010406431302054368337 0.58494534193748193296 -0.05779384205767306576 0.9935261329273104014 0.097804371123172056945 -0.58217627801803184528 -0.11312616575369552341 0.8051541789835616747
-1.1580375657678949608 4.32545727545571701 6.0430708978893639127 -0.78781222382054894027 -0.010329968029679141225 0.61582886564331495993 -0.4549897528228251109 0.68367716450845861242 -0.57058729354578208159 -0.41513398418488700603 -0.7297114679722801478 -0.54330925694732257192
-7.9862867583422145756 3.0121633927610562687 -1.8908107005370125009 -0.79970129714067794691 0.0052692958321488743423 0.60037494107658373466 0.59366168332263413721 -0.14243268885220045084 0.79200930228185772997 0.089686348492634571095 0.98979046452658880906 0.11077542699670077375
-3.4097451871190402883 -0.33942513584981692798 -5.9327203539692376921 -0.86621090952749091318 -0.0056517961592677176674 -0.49964659251870102707 -0.42137579224009485968 -0.52915633621897750771 0.73650255502145178799 -0.26855372261337712159 0.84850552681716406855 0.45597946119439253243
-7.1004805927095446805 -8.0817215884371602641 -2.8894421317232401591 0.46366414620383455958 -0.0058097694075254962057 -0.88599198986469029915 -0.79746834464863558534 -0.43848089503321313609 -0.41446199340089218133 -0.38608263209824666973 0.89872173183362824567 -0.20794097701466976447
-1.9237298218123284332 -5.9614495969815104459 7.251691491057439265 0.99996220969999793926 0.00056721097765650464739 -0.0086751048338453255748 -0.0021866252500731498884 0.98219948634619980155 -0.18782808014650986816 0.0084141453628340107107 0.18783995127017563687 0.98216360901052623955
3.7935302979720475491 8.6237976638820708075 -7.6529116018823790668 0.96617476640177590852 -0.0045170724710575857475 -0.25784863161359755646 0.1191129412990828973 0.89462371955443020788 0.43065125986775809608 0.22873221894559231382 -0.44679748932459345534 0.86490090504612116007
4.7954105597729279609 -3.8743792968724322101 -5.1036605411885966888 -0.64621154443416917168 0.0042219931490839130231 0.76314665341193954617 -0.026410096737546542162 -0.99950944622340442969 -0.016833707268953983921 0.76270121714227556708 -0.031032912914360971657 0.6460060461680834365
1.2608033041329369528 -6.6203944592748342757 -8.1610956433906363117 -0.92663903386282364671 0.0067949150429758593123 0.37589084858656618415 0.15883119488422886567 -0.89914994869013253886 0.4078014483814090263 0.34075321341597181179 0.43758793276301888309 0.83210819527689949826
-2.8238536932903595122 8.8590014045500016238 -8.8265687051629662108 -0.93838868618939041966 0.0039197043522700173931 0.34555941536837470052 0.097005121309512845618 -0.95674586925136573257 0.27427604363198021531 0.33168762423642494941 0.2908985692444618909 0.8974192678675689816
-1.8532203117324101971 0.90610832520329698259 0.68934991369807541162 -0.15172794839826930779 -0.0021306083620232451302 -0.98841999685511106044 -0.34722907477846143287 -0.93614727500281302852 0.055319518551182757238 -0.92542455084315777825 0.35160167805692627008 0.14129989626460867647
-0.3397335733242906608 -4.9920589314745473786 -3.2060793313619293521 -0.48241425225046807856 0.0027779574866928589266 0.87593879476705494014 -0.87479904069795233479 -0.052622663762998941883 -0.48161965663024208784 0.044756313743189723997 -0.99861060389471256737 0.027816077535109232782
3.488786714253627963 -1.595462612860732321 1.0750905217866737473 -0.98426769463864915988 0.0031229357383823833083 -0.1766560289465720357 -0.082981268204140909428 0.87453856754044578814 0.47780372854510710923 0.15598466084201345616 0.48494591570270234593 -0.86052091457741930469
6.4653492170607238521 8.7738780586729827604 -5.7008566619642957463 -0.72851865481690425419 0.0063013729894395228981 0.68499697976129980681 0.29480231044676424856 0.90550693233897139311 0.30520287226846853912 -0.61834631666963790764 0.42428467823429261152 -0.66153635159164603241
7.8540315735737022962 -1.3292359944495801827 5.0578580466840001861 0.84565801904838544534 0.0030681412938400086723 0.53371631165664457086 -0.4130069224424883223 -0.62963391871210006023 0.65801702897517244661 0.33806478200761802544 -0.77688590855788675071 -0.53118780883023430928
0.43157712128487496495 -5.8168113150363343067 6.3425029062350546383 -0.2167476205300525316 -0.0091496240711482768049 -0.97618479468493712936 -0.72660517905310639808 -0.66630531367387790809 0.16757727394647309316 -0.65197038488554470703 0.74562290291370214579 0.13777192704879653862
-0.22668051752308501778 8.6344676624454965719 -0.22120067678142124601 -0.62295413283304768015 -0.01467630817806180217 0.78212067762239145807 0.65941627675268155162 0.52802183568508653799 0.53512906386525349589 -0.42083051498164902871 0.84910396714314229083 -0.31925558827073496904
2.8284857700704382211 -2.6352979153312245941 5.049244998184217792 0.43307166808103564337 -0.00047302348295385565971 0.90135936593241305914 -0.65187884454418365543 -0.69078473745911239678 0.31284248197647190892 0.62249731111140749196 -0.72306031749934918107 -0.29946765253784396466
-1.0031357557659281721 -1.4680196643458927053 4.4656885773063548228 0.71430658184772799491 -0.0038650214790803983506 0.69982224081397548243 0.53054749621035579565 -0.64913076356370247311 -0.54511338826007171843 0.45638302049254858561 0.76066701874373643388 -0.46162779942484949425
-6.9891723801093235124 5.4686601517264037398 5.6151123244562128889 -0.8345301915255705083 -0.0022640093902671974517 0.55095756070148316219 -0.10719336764637067694 -0.98021581771739696443 -0.16639270605741526832 0.54043403053962957294 -0.19791873321630243376 0.81777700730524027772
8.0270423044135483792 -6.9609261897487213488 -8.8483334705427694189 -0.25774659924640486164 0.0050351014115326865606 0.9661994298956124716 0.95365844828934920319 -0.15935001292841705078 0.25523153681720728292 0.15524900831667259871 0.98720930968740550071 0.036270156923187545084
-2.5701322120655292203 7.4970281887987804126 0.0021078600721149316766 0.48933810962665796884 -0.0011983074719303255656 -0.87209333131595379029 0.46636265894489664641 0.84536160135684967898 0.26051800953726628185 0.73692203441674553055 -0.53419315515146936768 0.41422649381783749334
-1.5533432077185518327 -5.889016557438835342 4.4173133397374115816 -0.95260627405302222837 -0.0026165666693339414278 0.30419474060770324009 -0.16118790972626720337 -0.84370951501483881785 -0.51202803832550380925 0.25799175256715500826 -0.53679363618833264571 0.8033012185693413354
1.7402725179934168676 6.4498485625319013081 4.4260836213576677522 -0.88960794223486061583 0.0020315537996328856922 -0.45672046363384494194 0.45625463835163160287 -0.041418095458327079672 -0.88888483300767107131 -0.02072230912043214468 -0.99913983713872711601 0.035918960827725138207
5.0074180084688952874 2.9746996211116338849 4.5348841910637940344 0.90902788592129080136 -0.011356936411322475847 0.41658051156140052385 -0.41094660084895878738 0.14160637326821404192 0.90059454045672038269 -0.069218450344844792421 -0.98985789638962085046 0.12405704771075660997
-4.0545031767187644789 -5.7158091523417109414 9.0528251331156059933 0.43330247617016776074 0.00011666549629732285431 -0.90124855091923317119 -0.66984355962425645714 -0.66898371141825008213 -0.32213413275663382862 -0.60295818244261434327 0.743277054836534945 -0.28979415104372763246
-3.286651129894693657 4.293421114783206427 -7.6054651381637423668 0.90250764219581502967 -0.0077994382048853149944 -0.43060321009247320978 -0.42757457400464449204 -0.13596028987944516753 -0.8936972548021426821 -0.051574600754420635296 0.99068358638860687382 -0.12604004211928032664
-5.6333881703957198184 -3.5521008671819656044 -2.4981137560982400458 0.39746578437477403378 0.0016730454575841508663 0.91761547021068901042 -0.91740090678951036196 0.02242521793551062112 0.39733195922534764177 -0.019912972470990442098 -0.99974712328629544711 0.010448110256392577344
1.5079560686003954384 5.4284633962710104882 0.48462570478876815239 0.6779798746930179032 -0.0067211676329106250644 -0.73504973669585138563 -0.69913583225212905248 -0.31476280425766151039 -0.641976218497743778 -0.22705148661048621395 0.94914656558469223668 -0.21810185571540810501
-7.1738633954677997195 -5.9725765433583823949 8.8888090892371707241 -0.1291447153172755602 -0.0073040509949795348263 0.99159885707124439946 0.988155441647249555 0.082638076386998104983 0.12930495533580857459 -0.08288827208369028976 0.99655285819182848339 -0.0034547331126611197788
0.47251101463090838806 -5.0407574994544397384 -6.5435563108532459609 -0.77247354881954632955 0.0033250219713621253365 -0.63503823554410010477 -0.63460815582621732389 -0.041208707646695055815 0.77173462470760467724 -0.023603070409816132719 0.9991450278326475809 0.033942722699474091319
5.310151183113752893 -4.9813883637553901806 4.0709559959643089044 -0.99027149183425966505 0.0011508321680365400479 -0.1391439831444601094 0.12687852127789503442 -0.40310962743826378452 -0.90631367037292598354 -0.057133294131896189549 -0.91515097325622463131 0.39904195625238142453
4.5937497394844211129 6.3225434038318910623 7.2912298649225730784 0.96599067016413975306 -0.0081543366145208767692 0.25844831582085187049 -0.20238280702396177491 0.59827289285291596066 0.77531332059930158085 -0.16094478735691805649 -0.80125092977932910188 0.57627573517430819017
8.6309114410170426623 8.9067320868556105751 7.1659735614791246761 0.26906571310342042302 0.0033579468342271401662 -0.96311596717393255229 -0.93059600563414146546 -0.25677782274710025945 -0.26087587861438782388 -0.24818282843474884225 0.96646462632532459391 -0.065965216075547963848
-6.1181195202867790783 -8.2155973065209657591 -2.192711237184365114 0.43603255550365205284 0.015737064910868622108 -0.8997932847764857911 -0.12319277554493128501 0.9914783770529865814 -0.04235761903082151808 0.89145900107324882455 0.12931733303945910918 0.43425554317829262452
-6.2834043854539451956 6.5846142459092824595 1.8634815311644441493 0.97803541402823301887 -0.0018195234649011702687 0.20843084762237820695 -0.20843765793541726983 -0.011832241702402554809 0.97796407950939323594 0.00068677557681428354902 -0.99992834112799033885 -0.011951608621933302451
1.6227146348334939852 -2.4022033769173938289 5.6508538748211094571 -0.34642020635317394284 0.00073632876011106313668 -0.93807915361661731168 -0.63603898970688088621 -0.73522526666500842563 0.23430367225022458166 -0.68952697133840012977 0.67782244362169319363 0.25516522239483124812
4.0147257291731319739 7.2371672475262469604 2.6102945440513134479 0.41274099818349141433 0.0066246809281622250076 0.91082434202286033376 -0.87591398883237858719 -0.2713986527524276382 0.39889529384509880838 0.24983905336440134781 -0.96244422429916465234 -0.10621470014617537259
-4.0054523996551223419 5.4341409418748618521 -7.1498539464435859614 0.82799672860542794517 0.0056327254329630229573 -0.56070463688362526256 0.38729129797042260996 0.71737197284151210663 0.57912252857032919806 0.40549582973807390962 -0.69666758571483344831 0.59180014116196344442
-5.5943531468881202429 -2.7016148926172296463 -8.2492380464064574142 0.54812502781283467534 -0.016228866919666913582 0.83623894776780438587 0.12171159024489007494 0.99071685490532201968 -0.060550823338242396043 -0.8274933490278199022 0.13496939388392348302 0.54501194485026871472
-7.0749402294400915991 4.2574339231611348922 -9.1746389503878411631 0.10436795733514869777 0.0056340642211523605729 -0.99452279350556282989 -0.99430191476685336749 0.022413197929856812363 -0.10421780485966991581 0.021703266410993498486 0.99973291727284896435 0.007941180528380838155
1.1414644174054924264 1.8825700914842691258 -4.8872669828303747508 0.70777867972965302634 -0.0093485985269044467871 0.70637238353842257688 0.084560151600684585471 -0.99160201883940812806 -0.097852015793578939196 0.70135506077990339424 0.12898852638589078379 -0.70104424880269600173
-4.2826301182601849149 8.5165918735215697666 -5.361035179599178413 0.39173726033224121057 0.0042369693851802663065 0.92006737087986445456 0.50519333647190722836 -0.836753311537093869 -0.21124296062977937494 0.76897438946403651183 0.54756364353536879364 -0.32992793853564289508
-0.84588862581793411444 -2.5302582949779175436 -0.3980128927009870532 0.3478377587289770978 -0.001053975994940017924 -0.93755414922924684706 -0.92313974005989551941 0.17429690808826558968 -0.3426858738745445776 0.16377397206103744276 0.98469257992811309865 0.059654078736902919899
-1.040756326261150333 3.0880890796794875364 8.0914158133257778616 -0.28979185302960219772 -0.0017754092564396233705 0.95708804706753503044 0.82209195627685727192 -0.51252074211339637699 0.24796633708651419359 0.49008723442071577825 0.85867300925622980223 0.14998388524206621164
-4.282243255783421354 -7.2081005573558698529 6.2473762585160530492 0.56577590847971126475 0.01558190173816297909 0.82441180590900164926 0.003761177842687327133 0.99976226022359937495 -0.0214773502566078002 -0.82455046839179257923 0.015252126770698849756 0.56558279473825112671
8.3269445461286561994 4.4774265733104714471 3.733511394502266878 0.88070831350546552319 0.011741592866184504679 -0.47351346498216700942 -0.47187523581039675369 -0.064928534320519870615 -0.87927131606803021757 -0.041068581074566692934 0.99782083583588243592 -0.051642533057326432677
-5.8438188708014333628 -5.9757434777541575954 -0.08681953456858260143 0.76114543438662773944 -0.013400459467638417554 0.6484427926951972232 0.64296276460809786979 0.14690266776940452687 -0.75167711787039592775 -0.085185157391960308892 0.98906017708128524113 0.12043029133799093566
1.5931559254469873643 8.7972583635943699676 8.528972100941757617 -0.85795801274024097172 -0.0011756705152379024436 -0.51371846976138690888 -0.51370522288506403896 0.0095005747461877638332 0.85791414667217780199 0.0038719963536495384179 0.99995417738924818885 -0.008755042313144414251
6.559966449528887189 -1.4824860445753871296 -5.9422880329270686417 0.98217416693930914562 -0.00015289960343300881655 -0.18797308961313896614 -0.15001100828672872534 0.60196027112391303771 -0.78430895021109925391 0.11327225251505534942 0.79852602250030624287 0.59120689119808111922
-8.0036369609680590997 -6.8651475585849084382 1.8601078527839858268 0.21920177159920950505 0.0036117108457763315299 -0.97567286467992198062 -0.89439769412475089716 0.40033547451575263176 -0.19945995234262181572 0.38987606758064424772 0.91636153530636288433 0.090984551100074084751
-0.60743181884950070426 -1.3792266353689968117 9.0950713329397565587 -0.99946909386646842766 0.0066201105368410041729 0.03190148181425565832 0.030373647267474660622 -0.16495507958000246718 0.9858332837111614122 0.011788636780445459901 0.98627886313024792919 0.16466642701419015316
1.6981227696375520431 0.84217930934038609525 3.6585432431020041832 0.64383503546661480232 -0.013453244262504228043 0.76504604915310303603 0.74821986509665061593 0.22031989497857581983 -0.62580042933150670237 -0.16013581916786959192 0.97533489330373901449 0.15191565200480533493
-1.3452080330284637011 0.68646601937824214268 8.4960874340540630811 -0.86909990996452513023 0.0042922047082359898046 0.4946179570922519253 0.24159859370132172329 0.87625014665818345971 0.41691222098070712665 -0.43161958484411239167 0.48183737657054970249 -0.76258591418841081833
-7.4563511593891123042 6.5474840984259126131 -7.065457015166762389 0.96059638765276511574 -0.016915960293237084638 0.27743184805697646 0.19827628609218500566 0.74120346942688741798 -0.64132981474687367207 -0.19478473862806916506 0.67106725981603343456 0.71535140902952909503
-5.168275259610421557 -5.744119714485504069 -4.5772385982009744509 -0.53585632122504689434 -0.013197393280019911743 0.84420603635242108531 0.51073016099874513074 0.79113068357472249303 0.33655154754191057842 -0.67231890174923281123 0.61150475903064260841 -0.41719207091399546083
3.4987142763796725831 6.4448534630386102862 -7.6024700084670824296 -0.92375401487337716055 0.0041071882468058790172 0.3829642946933976555 0.32467141530529741722 -0.52198931848665497402 0.78874306556033069171 0.20314278744033412161 0.8529421330843007798 0.48085624205197968761
-3.0026857943674150064 2.31867959445836469 8.2654046881688394421 -0.97056670171157155558 -0.0097817006416587807399 0.24063373799428178224 0.12870641505855373588 -0.86558704552043685965 0.48393566240772578624 0.2035557325435288778 0.50066294546304457302 0.84136893143779611925
-7.179383094062229631 5.2046939696080922744 2.192124326097054432 -0.95618271507911434259 -0.016538881933982414046 -0.29230306322047766576 0.26162581338746887516 0.39983702344151716979 -0.87845448855058583248 0.13140224181151735627 -0.91643702460645126706 -0.37799025222488924491
5.8287878160792843119 4.1030208678485688978 -3.1034771376786078889 0.70688898883490747238 0.0072884602625801851034 -0.70728695436204724878 -0.2206807158639664812 -0.9477612118199982838 -0.23032304924950045 -0.67201784136260589442 0.31889741879926275514 -0.66835354205176211728
-0.66149829356366496302 4.0521504047093044321 -0.51096763350632667944 -0.37849733086647269209 0.008558662946685027112 -0.92556281246370653015 -0.10953969996338035198 -0.99334436177252560807 0.03560945192885379279 -0.91909783193033089965 0.11486395528303776359 0.37691570293336745801
-1.7754083523239230225 4.9843230376296476791 0.025033188007013505716 -0.21889829578193559234 -0.013265108199136359593 0.97565750804685624775 -0.80394312264038658711 0.5690980697681805589 -0.1726349980306229881 -0.55295478265654030015 -0.82216265050808068349 -0.13523899011278442406
7.6232307082686343591 -3.9013656233880524837 -3.6876394381228072561 0.90945063697364636468 -0.012882034221955924666 0.41561230985451325104 -0.025805172959303571828 -0.99934189756760483103 0.025492446228758808974 0.41501039981768833576 -0.033909069000348790457 -0.90918454841836349178
-4.3455288626461907597 -8.1454557337256900951 2.8491347942991072095 -0.98574466117721470937 0.0026924409768060695615 -0.16822667363551396802 0.012039673446416532948 -0.99617982523838344289 -0.086491629950537218807 -0.16781689195109994461 -0.087284056675728707853 0.98194652819072036909
-7.9858895819394746241 6.4279608368602243473 7.7325207575249068626 0.0526624928410831597 -0.00074018888615286736188 0.99861209384232008102 0.97752496632203245142 -0.20438162739943349644 -0.051701939990976067407 0.20413623408174752516 0.97889100644651738659 -0.01003969287372388948
-8.1510687303996185449 -2.6115432441178816347 -4.3663512066123928435 0.98898183778502857244 -0.013777212993747834507 0.14739441282946993961 0.0854692909554473218 0.86609202842657084798 -0.49252370359146668832 -0.12087152201727532908 0.49969469348591993851 0.85772681459034738616
-8.1889040821977641116 4.5372872634432859229 4.7054592242391839463 0.92455305453365477231 0.0061437072235331451064 -0.38100381128569149602 0.37918840607048137636 0.083968386913512993441 0.92150174318936983742 0.037653712357875783467 -0.99644947933195149314 0.075303606055657598684
-4.8806398972899778244 4.4576853190339766897 8.1300748498360011496 0.82511645147911083509 -0.0011504913644710488413 -0.5649615189268364368 0.023565517405055386169 0.99919770614925385033 0.032382254637126919872 0.5644709982700357731 -0.040032741544473518513 0.82448157754830064814
3.8630545214448579472 1.9603916341468357043 5.0652133627034094943 0.90158092531931810498 -0.0046381710035711936485 0.43258562443766385153 0.39666907728907102593 -0.39018572700590653524 -0.83090838337550343429 0.17264263153374539983 0.92072448963328357152 -0.34994418978814734178
-4.0512456704220811687 8.6574437177281478029 2.5211844254018482836 -0.95140776803158799702 -0.0063260222017532691946 0.30786886879372021841 -0.29508776552195825627 -0.26703107662368735786 -0.91739719574270939262 0.088014030521040287347 -0.96366715496605825919 0.25218870884924288189
3.7917105440158724861 -7.7669926488833018752 -3.8605203274507471356 0.97251991104264834398 -0.0038803020161346565148 -0.23278738342430735364 -0.029231149174514983735 -0.99398417959542206823 -0.10555089119267131725 -0.23097740699744018222 0.10945498604416672994 -0.96678283160524258744
1.1469829944034006797 8.9368748667094664029 -0.38850205471753396225 0.52602737193565407559 0.00065989838049569594838 -0.85046738238968844215 0.42185949015906543114 -0.86850621955273199504 0.26025279472200757436 -0.73846447073424070773 -0.4956778299784050934 -0.45713642857542324816
1.3722601215925009921 -5.6617805817866040385 -6.8481557036401232708 0.73038099158425640045 -0.0021983051153719960352 0.6830364372322067501 -0.0091025030081805669707 0.99987469410174190099 0.012951468392805172772 -0.68297932001709549255 -0.015676847551764308553 0.73026946045922114248
-8.2751856931061205103 0.85876572057324718212 5.6704609130036667253 -0.99328841290813008058 -0.0048385309254521981226 -0.11556261247109199386 -0.069579939377294189318 -0.77312422247373924211 0.63042649742895651155 -0.09239459301784824774 0.63423617465634984924 0.76759866723322633941
8.6442437473058983954 3.0536040434225282247 -3.0608217593471978013 0.72837916486862963605 -0.0042688548250531289929 -0.68516098040065820385 -0.29054421044273787134 -0.90754822326468242988 -0.3032165632467319627 -0.6205222429238960169 0.41992618318872082517 -0.66227950799443058294
2.8628549488094368058 -6.9765703142051558316 3.0427646981469504972 -0.34959363759996125998 -0.0082408962857461638685 0.93686518570066457112 0.89594835465285271869 -0.29535311966577010301 0.33172741897275281886 0.27397232404806698414 0.95535261675043081642 0.1106369889486093494
-0.46989319563273390656 2.9541753919917899118 1.8186687285422646898 0.01894477894992610198 0.0038453718088560257665 -0.99981313677423222508 -0.55246706353732433215 0.83350308843552967097 -0.0072625942287695699484 0.83331940998457920688 0.55250141600196200908 0.017914973035882075791
-2.6964065311607496866 -3.4535755236766041421 -0.77867818418231249389 -0.13901334638110082742 0.007324876470107578863 0.99026341733538547629 0.69210870285074399533 -0.71448646569936546946 0.10244331979504642249 0.70828019382607310117 0.69961091795153662609 0.094253543788684723825
-4.3412033451598626144 -6.0999077845315499147 5.6585521523957886814 -0.35674813855157005982 0.0011567359464975269373 -0.93419988632084138835 0.055454369482250936985 -0.99820964000667866678 -0.022412663892035413621 -0.9325532577526729483 -0.059801141789726203202 0.35604528489410408598
-2.8807170639683055136 -5.9368127296455766029 0.61707549394916716423 0.8273982051415855743 -0.0096709232068564847384 -0.5615324419593449301 -0.0077906259396889792138 0.9995578832601365038 -0.028693974283991473262 0.56156167628863562502 0.028116032029353876104 0.82695705599930291463
-4.7503045487605293218 -6.9394557948023249949 -8.5127711050387144809 -0.93548886598013036853 0.0100486771602214843 0.35321325812328951965 -0.34065373463108095109 -0.29125296391325233847 -0.89393889281859517659 0.093891504986934534727 -0.95659329659943714841 0.27588702432745693116
3.8098177132628152641 4.117624509524006271 -6.4817803194930005972 -0.99881030934373138397 -0.0074501006397502287856 -0.048191928257985683359 0.04573132627924160476 -0.4862005174641044758 -0.87264981671601171698 -0.016929611498947397946 -0.87381551417798442039 0.4859627922345125528
-6.9183447381634044504 -8.0491377166847488667 -7.0933908173934678842 -0.66310540317237853802 0.011954389417931293033 0.74843056916263783762 0.64751450819182598817 -0.49245586430673371492 0.58156012878344542916 0.37552121906003321783 0.87025531557313728914 0.31880950386108164452
-4.1212180735677845789 5.0726641552553539682 3.0820538470005129916 -0.81279193770139868125 -0.0092688778058161100382 -0.58248034637382872791 -0.070534734168577015168 0.99408309376735914942 0.0826054112122679568 0.57826820531938238901 0.10822610863386314395 -0.80863650185141444648
-4.2507336597163085656 3.3460321681313347497 6.3334157908407897608 -0.71002431594853054886 -0.0038900021012012956506 -0.70416641402823665352 -0.70321766294555754229 0.056101386826993365764 0.7087577533385156503 0.036747643234323335015 0.99841749898528042717 -0.042568866992137480154
-0.078588297446976151939 7.6015943559886549608 -5.3277387084749641133 0.99476180445789941231 -0.0075787607098656804838 -0.10193877955867713947 0.09750853747505328073 0.36962853836433651189 0.92404914844723795575 0.030676334710545007795 -0.929148699623912111 0.36843134567518098788
5.4795560699936052274 7.6775304377381461407 7.6079273472122395106 0.75594291980224692651 0.0033781175080690294815 -0.65462881873853795422 -0.21959368438328177864 0.94335642812451914185 -0.24871120460336124114 0.61670812851774081675 0.33176382840549495379 0.71386542596030200247
-3.218791485903886862 7.7045351332056828397 -3.5092977338622302064 0.51025970409103149628 0.0028557191812097551531 -0.86001562732829761604 -0.81178052819610924118 -0.32860603550525996353 -0.48273227307806054753 -0.28398487358055324314 0.94446276702550702176 -0.16535620121411309658
3.814353153994275214 4.173954419684442918 -8.637606595925790387 0.59723320126002332753 0.0014240767106006955046 0.80206637837425043269 0.15655842419956614298 -0.98097017871861069693 -0.11483452562900089977 0.78663966536444340782 0.1941532396583558473 -0.58609091138256463882
-0.8852308985049912593 -1.4644077308679042115 6.2960602500698072959 -0.83889569383477402553 -0.011802730539162193182 -0.54416423110799749807 -0.13738094877313009046 0.97198617667544440213 0.19070749137311956978 0.52666924134559367499 0.23474149165318033972 -0.81701648839953822101
3.0848872134860774175 -8.0867159580088685544 -5.9430612647260110393 -0.39698560650232339597 0.0026338854602199150007 0.91782105602208974293 -0.58105379102163168259 -0.77480686258616726647 -0.24910001531255776541 0.71047795192365337247 -0.63219252473952269877 0.30911760139758959198
8.0080229631467787499 4.2257649272555219966 -5.8883775652257437372 0.67795226762868898707 0.0079736894528630152673 0.73506267970398697642 0.58967903764444140613 -0.6029611442453041148 -0.53732345109243417891 0.43892978411153232843 0.79773070569414072928 -0.41348079255602249171
8.2535878133686111369 -4.8952931614224342027 -4.1151604826669725412 -0.95928893024643469012 -0.0030186896453551440717 -0.28241040317175369889 0.25298094641753215983 -0.45373572850920129707 -0.85447324675719460441 -0.12556030047943278483 -0.8911311778783181925 0.43602733257987685844
-7.7917949621328030929 1.0575813409898169315 -8.0419978809356198468 -0.65769982179168517966 0.018643003348847862061 0.75304938937732179838 0.71924747146368428474 0.31263346009030656969 0.62043806655074529299 -0.22386160726749759764 0.9496908750000019328 -0.21902790400666072301
-6.2029318122909771205 2.4010826314148867588 5.7642496054174765518 0.99945641177713018255 -0.0015535277715653088987 0.032931254291402617396 -0.023242924180293018238 0.67519818186989311037 0.73727008733239640659 -0.023380492580152664739 -0.73763473464232831578 0.67479504356178432456
-6.6728230037207465486 -5.8989101127201806207 5.9918968810183566021 0.43116848434141108459 -0.0064960377666745342667 -0.90224804771430155981 0.81104640474557687657 -0.43536433053379347546 0.39071937378120541462 -0.39534474507670597232 -0.90023091548348088686 -0.18244679045679085272
-7.9381420597484595447 -4.7399618911026628609 -7.1742054263613157516 0.19932597590908687768 -0.0014874951759267416272 -0.97993211126385704191 0.1371003480414691722 -0.99012105678935324882 0.029390261463255455687 -0.97029513545863776969 -0.14020727605964594664 -0.19715290980631672291
-6.9196854024084926138 -1.1222491162200607384 7.2693213608070879062 0.92177808851835352222 0.0074552437837210171895 0.38764619805616490344 0.28190317906453959962 -0.69930950665103552844 -0.65688416904388668982 0.2661874398997993163 0.71478012930389978052 -0.64670983724697206352
-7.2285561544622360941 -8.2773271961457410839 -4.8393547869517172799 0.58013395900221054191 0.0022492219464000998141 -0.81451797439515793986 -0.39045047958734202531 0.8783818373811236313 -0.27566967687602206283 0.71483775264197924049 0.47795427475822249708 0.51045734262331476927
1.5268041864510546457 2.9027695786122817978 1.6607518744692635337 -0.99976758747999161514 0.0027453179428530483965 0.02138303658492603232 -0.018385957404884793742 -0.62650114078738794454 -0.77920361726720377415 0.011257335142195904615 -0.77941566819094887375 0.62640600937712997975
-2.3404249415485880448 7.6466696939237870367 -2.6351896493884723327 0.47371464684436326298 0.0044146430680857013523 -0.8806673289567094054 -0.25677213023241440837 -0.95584764218861195673 -0.14291031473740578583 -0.84241468796625496029 0.2938295353585194114 -0.45166547095173148474
