1125 17.292696884352682929 17.968806560800352656 18.477561601407678893
-8.2843111331971570621 5.8641275774987571268 -7.4230359325645185464 0.95902313213986289941 -0.0016007933764831021664 -0.28332325968971672214 0.012027554204980561367 0.99931262101031903544 0.035065986787650674228 0.28307237583427952154 -0.037036778344028853382 0.95838317341750578482
8.2567735887169462217 1.1731054215792449114 6.4743479009928464052 0.86877009387497738935 -0.0022638931580540784007 -0.49521045907401206598 -0.49068210686836316592 -0.13893568000019734798 -0.8601906456256332989 -0.066855022157531793225 0.99029881935228603052 -0.12181401562093314983
4.2602141899005205872 6.8375709161621003318 -0.20536436080001402305 -0.93413869799353665968 0.0065531793589521823359 0.35685003678198623511 -0.3351872730420842883 -0.35959495510727934597 -0.87082774430538645305 0.12261478255762700562 -0.9330854859561525938 0.33810810548817793464
-0.37681980727538177955 2.5222686628898451922 -9.048357220657649691 -0.68657382994745297378 0.0073484211954480691334 -0.72702295475279399284 0.66042073126521982918 -0.41189909197546786812 -0.62784042219758051662 -0.30407373077386312676 -0.91119983468817755679 0.2779460874300422879
-6.8419846820876690785 7.0292433007627455055 7.5121033103142682563 0.94360880357794096884 0.0051937358351404599305 0.33102182846204170064 -0.2704058910938292315 -0.56478450216491093983 0.77967885707945261409 0.19100544461367827132 -0.82522208600026847325 -0.5315312116004382581
-1.2064235297482839293 -8.8124218275285599589 8.744395210998916923 -0.75761255880189604106 0.017736952350225199809 0.65246349420232874206 0.64326306400379607009 -0.14912034869475329635 0.7509831902870194309 0.11061573682813501118 0.98865996284167656505 0.10156592262920134673
-0.27811583532869854629 2.8091722444089621824 -2.0062565534021628011 -0.96849394390598086968 -0.0034043585294997527613 -0.24901383688539557859 -0.14838144328314070708 0.81093080525297367434 0.56601605664567478104 0.20000606967440170969 0.58513215552968322886 -0.78588671744655957951
5.0463079763084390805 -4.2170117977877472626 1.9010389235840254862 0.23805982696867408754 0.0040794836686127780578 -0.97124192485537930164 0.84393140795587962 0.49409304088982319847 0.2089302410134868393 0.48073620359754798415 -0.86939946213304863942 0.11418089942466391751
-1.3621955247721446725 -4.327873331214430408 3.8169124970844299227 -0.031454879687525756637 0.0068240425213304846397 0.99948187726812010023 -0.84084950464261620784 0.54042848403583931827 -0.030152349576319025654 -0.54035423666905746387 -0.8413622799284775633 -0.011261120171325607678
-1.0873299146990109687 -5.7106358265799492813 -5.427946434786321106 0.41747908776037562228 0.0034608125931072653003 0.90867994038550259361 0.082931058406980215358 0.99567432946540623817 -0.041893545985655589181 -0.90489427605351036021 0.092847468570595226289 0.41538620192040037749
-6.368645900865595344 1.1773722724928503691 -2.7346153266794868131 0.99993473283607614555 0.0070557338634700764862 -0.0089859160841996542357 -0.011411119620325434199 0.65550593012240954138 -0.75510380870665783082 0.00056250976733011881503 0.75515706458592224415 0.65554366093257676606
8.3938699626041159974 7.8980472246098187838 -8.6815859415324236892 -0.87560575395595785508 -0.0044698493637402789136 -0.48300578059221399574 0.3033739656476147073 0.77303523799726436838 -0.5571182619353786114 0.37587072326288389901 -0.63434733487373784477 -0.6755180664737903129
-4.2539375506684704575 2.2810540692555973941 -8.9781355672487137554 -0.16703651063527949483 0.010775392586489605101 0.98589182724553137138 -0.21395670832382782112 0.97571593556062208297 -0.046914177565880045562 -0.96245588526348757608 -0.21877455064076134494 -0.16067471771851921103
4.9562779997457333536 4.6854889210186412285 1.0559904523993939307 -0.83047591691398559011 0.0078728497116756987473 0.55699889556755211029 0.43116147373151908484 -0.6240350265870092672 0.65167481857290099345 0.35271735851213625867 0.78135670716386662615 0.51485159140708924852
-6.3220660280780229812 3.4223577709559087623 7.0936137462424753153 0.96936329776985341589 0.0080640534064907315459 -0.24549901828581097152 0.097491442694125143853 0.90473548155698202411 0.41466748969942746061 0.22545557331356913533 -0.42589749876546806329 0.87623119381069780598
-8.5571422640827456974 4.7154081113188812679 8.4074420507683598203 0.26408275190026508916 0.0063970487749461599908 -0.96447881154307180118 0.94905513224588389232 0.17651487077432936879 0.26103037438801413028 0.17191467682090269542 -0.98427718563535981922 0.040543380854453220374
-2.9625171699096592981 3.579477922553421454 -6.9019245508993636307 0.020141621226865094596 0.0021985283966240712003 -0.99979471971355748927 0.2007159609930912747 -0.97964765776306583778 0.0018893495123811165047 -0.97944240162274887052 -0.20071281252543429763 -0.020172971798287069739
-7.1812636731764456499 -8.7816745770953161809 7.8477581874899096093 0.6464771378474347685 0.0061176271944227292657 0.76290883130178077653 -0.76018254086476266806 0.090004380332239120044 0.64344519275960632143 -0.064728778802131514691 -0.99592258040393744079 0.062836287575591343035
1.3177942748970421505 -4.2471989781488543869 6.9677963189354716889 0.40455083506150374406 -0.00079449526014318053169 0.91451516697541268552 0.88300262880490554274 -0.25990989357091448531 -0.39083654479474327914 0.23800205749992497939 0.96563254709077306348 -0.10444522308170044178
-6.8011844133573076121 7.8877081848554189136 1.7999255288653785989 0.45844191501211545292 0.00022772762228127560458 0.88872434348348827715 0.81454375844256232675 -0.40007048293481051182 -0.4200738914367435628 0.35545671486489033297 0.91648434619730767547 -0.18359457244977592238
-7.4943002729342280688 8.980314893568754897 0.90379460784768761439 -0.14167266925674182332 0.0099964525427571251232 -0.98986308433136815932 0.92810665326622043825 0.34913820258111777362 -0.12930798761595113655 0.34430639690330533398 -0.93701792215248624895 -0.058741115213216774094
6.1391946497595260013 0.053182184076667332606 -4.5320708840046961541 -0.99416783040060840992 -0.016265282775503868418 0.10661034458608241449 0.0069281956416230808943 0.9768860780272574651 0.21364828728984047723 -0.10762121120706175104 0.21314087156841368675 -0.9710760236796877054
6.0771437125264622381 -7.7788084062415236986 5.6862365046132046231 -0.92214917894593606551 0.0030998692842186580457 0.38682202959494804695 -0.35042456971491492412 0.41683244762719673382 -0.83872124782034718216 -0.16383989962644590621 -0.90897805331913494875 -0.3832954289772324552
3.3579605519386648282 -8.7361303919934236717 -0.063977174602672270964 0.82529192812069462892 0.0012156609446511107246 0.5647050164000558814 -0.17666540461549540275 0.95035788748637306522 0.2561429688761718837 -0.53636048343529085791 -0.31115656486907333766 0.78453745860092571895
3.1119028818264129477 -0.52274716329838688544 2.5685566209976231633 -0.47334709228406801618 -0.0029854532328659482039 -0.88087094247408637138 0.73352231654721888887 -0.55502831706845423554 -0.3922863474291558572 -0.48773716421182572445 -0.8318260962012272719 0.26491093659112796566
-4.2110538099456471528 -7.7564328223685237162 3.8896693531865342841 0.11565348989890275599 0.010244163952020277422 0.99323679320647717539 -0.16140593937758510035 -0.98646284512837223435 0.028968567711457809954 0.98008795166972062507 -0.1636646335851344447 -0.11243440178875285795
2.2284329476360853484 -4.3118147548844278916 0.15350968177663873449 -0.70264668524405093919 0.0002500277851521992209 0.71153887680267757787 -0.71152741870890889864 -0.0059328223591705257084 -0.70263328560803539613 0.0040457559136532778715 -0.99998236939699369774 0.0043465795895260787157
-4.0450028492983101103 6.8793085225061236798 2.3720602827457977213 0.58522555838214729285 -0.0087520670085189569004 0.81082331437843657707 0.39395958769486638662 -0.87092367418902938425 -0.29374784594991459885 0.70873612090786652917 0.49134036579557072155 -0.50623883282526482841
6.3410176760594101353 -4.3308745123804452959 1.56686452693721745 0.12469028997220701904 0.0072953408817128320707 -0.99216889166482058471 0.99054674090036565204 0.056712323823454813265 0.12490342836742174271 0.057179416558873819021 -0.99836390676336117522 -0.00015490003162893332955
1.5264192608893338843 -4.2059719496541152495 -1.2807225376079607315 -0.46215230933948941994 0.0083653958057688885402 0.88676110826164200596 -0.084785948418924561576 -0.99579150983054864898 -0.034793848595865935203 0.88273811853967554253 -0.09126493906442351145 0.46091661390609967031
-6.7923826392111594785 -4.6027991605822116128 -0.29086115203722706646 -0.99765986416958818417 0.01108263524019989163 -0.067468293450049163229 0.068311467033223174927 0.20324496043640646881 -0.97674204861319291471 0.0028877147843883086385 -0.97906519765200816785 -0.20352641069407947927
3.9550239996460385683 6.8501007794198320866 2.1822665878144547058 -0.34462636664345419613 -0.0074597351930303177486 0.93871029597253008436 -0.90383795568495650663 -0.26749704941120239221 -0.33394951477642648152 0.25359340937257141002 -0.96352980281209021918 0.085444144419559386883
0.49319313133657582959 3.7012509517870371134 -4.1639470114541161649 -0.59095179996741042938 0.004375675960217072398 0.80669500034076568884 -0.52430082703591807114 0.75790191995300804084 -0.38819237821028740321 -0.61309429363233125532 -0.65235384048160194315 -0.44558933327010868952
-5.2551852463989439102 -3.4253986790348913694 -1.3171002961560760447 -0.22274186935684509026 -0.01292715735460137072 0.97479174608640162258 0.37949105243009917388 -0.92219225081719091719 0.074484855228396165683 0.89798251695720454624 0.38651564151492157073 0.21031656640266496727
1.8549843253376765428 7.0951807502715951159 -2.9016336886016942387 -0.97769085495607621628 -0.0028433099595559637937 0.21002977818176318814 -0.055899839983310078972 0.96737154106128842024 -0.24711841176621376914 -0.20247419594718446545 -0.25334604226751111788 -0.94594924961252035978
3.743452872546598531 -4.4444022189590963734 6.6026132489146629467 0.99211589104304120923 0.0049747656869660863629 0.12522503921493408074 -0.072150365143592604111 0.8396812976510805715 0.5382654021805182154 -0.10247137917304871557 -0.5430566914064053341 0.83342008997191818764
3.7947609853511368172 7.1354517740654683777 -2.2685890616289858812 -0.95410221439477371774 0.0030468019889878079041 0.29946565994309243264 -0.19184118810372041697 0.76163508553018022251 -0.61895795902171524272 -0.22996939586483708395 -0.64799900731948190113 -0.72609321955159222828
5.2392812390591636529 -4.1949073352065555653 -1.0572269530602136367 0.62476763005811863927 0.0040080017390074045014 0.78080045104591944138 -0.61751998831903553988 0.61451212238014885081 0.49096223426489871144 -0.47784356483877704624 -0.78889719695910698327 0.3864023035284201435
-2.1558951043074006115 -6.7085029494466157374 2.1604452141452936687 0.86352628824617061465 -0.0081746084729005137615 0.50423756829920451938 -0.10713999571986715376 -0.98001705834136332296 0.16759351621286500134 0.4927914070121676704 -0.19874541789887142929 -0.84714632032439773912
-4.1707727074919631605 -8.844969708321857027 3.7553726099142505923 0.33612908874556557404 -0.00050712335232863670065 -0.94181578799949416947 0.69534844775197435229 -0.67433206058859007648 0.24852929056938988239 -0.6352226160235242558 -0.73842807021953804636 -0.22630999360177275759
-3.5755077960326238085 -6.8467657699013519945 -5.1361134195251860746 0.83369049789891191971 0.0023507958626677208196 0.55222697097461892479 -0.045751015990384898136 -0.99625919029987808351 0.073310778739751822353 0.55033353364018722242 -0.086383444608457163327 -0.83046426909798898297
2.8139286368154956541 2.627878227922546106 -1.9522027263980363809 0.43554996047265231995 -0.0047271193304010486469 -0.90015214618147532111 -0.10893600558543717338 -0.9929134378197274069 -0.047495807017647911907 -0.89354864367820063809 0.1187457760932559836 -0.43297836209284107367
-2.9299461301461109386 4.7492297037551676198 5.278624848734614794 0.54111099992772249134 -0.0081255643712634158943 0.84091192223733546296 0.55349410809124022226 -0.7493875101710055775 -0.36340422659613896839 0.63312175611447107926 0.66208181881349537079 -0.40100437295771218515
4.9043806799443609989 3.4192596885152406472 0.698833006808587065 -0.46510750313262638755 0.010291311866107913722 -0.88519438510957404453 -0.53224145424789859327 0.79577111648448362047 0.28890719019985872107 0.70738535813920855322 0.60551004869380398166 -0.36464165425941108545
-2.3421764614241080693 2.9014722854686314513 -8.5312683685364056885 -0.58607872528665383438 -8.3733826713937439465e-05 -0.81025410875528214305 -0.30078382329170222365 0.92856678482306798106 0.21746911911629857039 0.75235684313507189547 0.37116535279021378724 -0.54423842337328875995
-8.1691046633278272537 -8.8835550458900769399 8.7614031270188394984 -0.43556673254540767548 0.003773133847343503218 -0.90014853494334157169 -0.53748205179886532346 0.80107074051666204983 0.2634363541387162444 0.72207663408644251479 0.59855779349099236253 -0.34689177326279868607
-1.0691033277698442916 -6.6472905114829439199 -0.42227831021409212298 -0.99448936921378205955 -0.015502475355194831816 -0.10368494480365283983 0.06549006058407999542 -0.86415846802310258834 -0.49894007065861456507 -0.081865416909448873728 -0.50298092946143813098 0.86041166781504829775
7.4421679495555226325 8.0270559517057158416 -7.4591283982502050165 0.94134600531443668459 0.0002551744041243732275 0.33744278502409619236 -0.18491612428495496356 0.83687317788191517565 0.51521773176134855188 -0.28226534547880205439 -0.54739676563508443685 0.78783440881581867643
1.362816091060347734 6.9634169001423122936 -8.8815260684951127246 -0.93993355982523785208 0.0021089964998964615996 -0.34135092683045759054 0.24765390968227254942 0.69242493225007140101 -0.67765422910029027292 0.23493072198676626106 -0.72148684349210456812 -0.65135573271031987908
-2.8986061095536235221 5.719359511184368472 -7.925533393273545002 0.47748342518871572659 -0.0032438294800857941924 -0.87863476839925680473 0.42428001687480970672 0.87653055928550849263 0.22733377645883423579 0.76941279294710396286 -0.48133528460790220294 0.4199051057569784251
-1.5763971752935705961 -7.8467928924313312677 -3.9317911876963189677 -0.44967532359269635212 0.00080050504551361237673 -0.89319172776264366131 0.82812074831026249999 -0.37432293018881818147 -0.41725096782760695557 -0.33467615626152591446 -0.92729806595643393674 0.16766086992342293938
-0.19556021404227905136 0.10334932777423656847 -7.5357865050122905259 -0.86724059212231285887 0.0079901684786434605534 -0.49782518275314935341 -0.33548083131597505879 0.72943535355541222476 0.59613478073547165881 0.36789450552456554044 0.68400308638980777953 -0.62991539956902165009
-6.4740508918094317181 -5.7060739843441803387 -2.0106077942674143166 -0.98951213218694689111 -0.0061023231611854094128 -0.14432082977492022291 0.010782023463900612323 -0.99944035583764334607 -0.031665803215396338965 -0.14404682650063724281 -0.032889767030016538174 0.98902415289016720745
-6.0459726749416118352 -2.204829680850611151 -6.6080888155062647016 0.99474974787694747658 0.0050982653684219173679 0.10221030666727025371 -0.0026345559667264916229 -0.9971515081018806903 0.075378571258669674338 0.10230346139623146262 -0.075252093528206095985 -0.99190277961390904693
1.6465601685195565551 6.9433970414759045298 4.1816000325015298955 0.96982866567683756465 0.010021982095400550766 0.24358144245049975773 -0.020049714086377221078 -0.99249090961949026912 0.12066400990929553039 0.24296165993094029356 -0.12190715400365292886 -0.96234519669752860427
-6.4607586486359460665 -2.0176233052203165208 5.5895592839013286124 0.033750762604334495764 0.00092867196546968146936 -0.99942984926014566405 -0.22435007963134379061 -0.97447170357215218139 -0.0084817867270365714105 -0.97392398460689810769 0.2245084330376707904 -0.032680815502616644697
5.5045697719527151293 -5.5295125414205203995 -5.0119758134144101192 -0.6920640811863688624 0.0077389245145062859899 0.72179458059694534544 -0.15040472557063275238 0.97644910976494214694 -0.15467887562761284403 -0.70599272379943944777 -0.2156090097532170069 -0.6746013851568156694
8.6178490912364100751 6.9334677881960189438 -0.33106421282725922994 0.65156769112072121519 0.0019435701200035057634 0.75858800835686446273 0.27393724273916048029 -0.93312165593916418516 -0.23289989750487885556 0.70740224125191109028 0.35955555586353332709 -0.60852433913482562033
-0.17414787096000050592 -1.0189277892152792671 3.7474015910143858576 0.43092923114384218408 0.0034303313501743513264 0.90237920552973727162 0.8037959109140311309 0.45304022569003160603 -0.3855731934464960986 -0.41013672274434126441 0.89148347530023974716 0.19247098982141644385
-3.7946843594758346008 -1.1847530263950807328 0.10873307371026977308 0.59770489679263250071 -0.0073375717302062264114 0.80168261574707455619 0.79469899327356907648 0.13743531153757407304 -0.59124026015894559638 -0.1058412322308648762 0.99048356633709733199 0.087976919565336236806
-4.56435663700076244 5.8590810114961175969 8.2722779727965729535 -0.9831577925919884331 0.0059525196580969483295 -0.18266177042767564598 -0.07256466673035406878 -0.93002361743179895459 0.36026440312813740041 -0.16773527955790104582 0.36745154582452471681 0.91479190937789200966
2.4727815966317518992 -7.9719604969034723041 6.7271093102928425367 -0.83756588062754633306 0.003468382061202139599 0.54632532975729208857 -0.18737440214538561567 0.93750552009395726749 -0.29321363067561750926 -0.51319998931144483745 -0.34795311482888724441 -0.78457275051550590117
0.60762803355334271682 4.8544667989208525327 -9.1232129903042373797 -0.81168343515411578437 -0.013647713992605827946 -0.58393813113957482308 -0.17438669118006519532 0.9597933554655587729 0.21996817211462790786 0.55745787557035486603 0.28037556010995318134 -0.78142834748799816502
0.51817228570734708004 -7.7621705740793682793 8.6373420496607362651 -0.98247046209839539177 -0.00150788624140292646 0.18641222433881579623 0.18354995794257369934 -0.18256638968184102367 0.96590834259664037909 0.032576126889941520171 0.98319237163312422911 0.17964285769058951914
1.3356368864749610381 6.0321074314396909699 -4.1619493532851832285 -0.28639928822849936019 -0.0092637321941926014518 0.95806556715507840138 -0.95663398421385581472 -0.052725424457946083734 -0.28648115097278953334 0.053168298347983700136 -0.99856607837508359893 0.0062385229987002837476
1.8617368462688341779 2.5415841793803237714 5.9903758136090008435 0.99597006966562950936 -0.015474394037348682129 -0.088341176466317783422 0.039613036084211475374 -0.80781433948884995289 0.58810441274353419949 -0.080463828534712705798 -0.5892338551419098458 -0.80394591624804256913
0.97346092724546351427 -5.4930279577484935061 -5.9258057940363499938 -0.97200179375153550332 -0.0033327240366793145498 0.23494979441207866633 -0.22453936783332231752 0.30782861290120527853 -0.92456671872407780732 -0.069242943588289807 -0.95143598735283096968 -0.29995829165618281831
-6.9726932623565156533 8.2184275715044403654 -6.8364233887319718619 0.84891864016056961528 0.0078271345978864394904 -0.52846558861673820218 0.082283224781325839392 -0.98965568690316008116 0.11752060372549240352 -0.52207912552373503257 -0.14324928392281460754 -0.84078120182851334707
-8.0904094513959154966 -4.4416723407365097387 -8.8346258385012976788 0.36907423871429484441 0.0060363014121835121412 -0.92938031471646975756 -0.91448332463051529295 0.18079758586962302314 -0.36198409069458953313 0.1658446721776173638 0.98350180274805953928 0.072247828350150991583
3.2190689538385610646 2.4164342764680375453 1.4513943847199868298 -0.62585713717327329242 0.00057932947556377061005 -0.77993750276953066614 -0.75732673890009705175 -0.23949324848719441561 0.60753534421931609799 -0.18643780302296600326 0.97089785678317441775 0.15032730057307194804
6.9621687957457369933 -5.4388371869635632194 -4.4479151413207169696 0.41244470549354528277 0.013186254489074964238 -0.91088719806750206853 -0.85954085262445389937 -0.32561507583619209161 -0.39390905683700172535 -0.30179278914580365267 0.94541046380978677188 -0.12296408963091341737
-3.2591894263459737502 -4.5654169046348158645 -7.4604086478030966489 -0.98986487398123657044 -0.0090407464776977655707 0.14172436685742062501 0.13659135942174757683 0.21249304738744284604 0.96756886335955993861 -0.038862987395926584799 0.97712075492994887593 -0.20910451572248103802
-3.0888200517555723934 -6.7277295716475000731 4.3870823371115106326 -0.83749407297263278593 0.0008329973789645266774 -0.54644577393434567991 -0.42224756757089021431 -0.63573837334366167795 0.6461762239039218203 -0.34685828434079135629 0.77190415646867394095 0.53277885075369679768
-5.4759609762813292733 6.8787975901900875186 2.5524233715579907056 0.47136985233564798747 0.011295265031110597251 0.88186329966576604278 -0.19988353460241475856 -0.97253004439944701343 0.11929746575446502355 0.85898605047131015855 -0.23250318218981888552 -0.45616360592177679356
-3.7648470598164629486 7.959551571264865899 3.0106224470550246863 -0.80053887930928646632 -0.0098288275442091777717 0.59920021433870218619 0.11562064327580101608 -0.98361322392231897993 0.13833615786717273766 0.58802157236183272282 0.18002338701961465017 0.78855704331583498234
7.6596878551257461254 -4.2622400623452056934 -3.9318108839025840417 0.57790714694731204482 0.0070186284746357966574 -0.81607234260295213879 -0.69613516965220501032 -0.51765267952377802541 -0.49742489780389187448 -0.42593327538545028288 0.85556206217676022963 -0.29426926900942068643
8.5313075998239007447 5.5748132292110810226 -3.9189104665116580861 -0.94330123486236538977 -0.0058000248960930998743 0.33188723991434160299 0.033954810367930965409 -0.99628852038388182599 0.079096491730978754631 0.33019668556740255916 0.085880986618030355495 0.93999713030311882189
-1.1216948858289330637 -1.917976514782968378 8.1135734457669119735 -0.0060886201886366534894 0.0018727016573064770959 0.99997971064046298206 0.84547653519552457002 -0.53397718292069973334 0.0061478901935381009489 0.53397786202998731575 0.84549681318656788598 0.0016678589475731375041
8.1866055190047806178 6.8435399334496631596 7.3969661271610718245 0.70998282059763473395 -0.0024233372466550577237 0.70421482652177458395 0.62939129791149883708 -0.44639172973375740305 -0.63608255575706629248 0.31589711706453027507 0.89483437074225968821 -0.31540523199300796175
6.0896064229759971909 3.2881420089353481373 8.6691212799502181952 -0.18201634182796605499 -0.016133983377625730343 -0.98316313289700441036 0.76731933702934485009 -0.62758343160194740573 -0.13175762368626769971 -0.61489111745780633544 -0.77838212399755668525 0.12661035784102520063
-6.243760135567189451 -2.2538442393174817902 -4.109298166488511761 -0.49293966840396380436 0.0039379182321515326937 0.87005458226126519694 0.86639736952351031896 0.093924049520736685448 0.49044252568946467008 -0.079787727106327796522 0.99557157739746937608 -0.049710691823538995238
0.75781876167992900939 2.537898124556359658 -3.0344370417072128454 -0.95441230330135629067 -0.0015742090319816907582 -0.29848731492806906962 0.26939096774759879738 0.42612414017866928617 -0.86362417963670301546 0.12855217541184688068 -0.90466332910252755806 -0.40627404442556852571
7.8736877486873630971 1.3481775930830874888 5.3461338693364091057 -0.93116419761628910212 0.0046632919374171126481 0.36457028236806671151 -0.15100349490848066769 0.90519619115238481033 -0.39726288531475134613 -0.33186018381714899039 -0.42496836262428999698 -0.84218211163939815656
-7.7249008950188358114 8.1509725121365068645 6.268355402524215414 0.93579278946084731849 -0.0054570039371427247338 0.35250826415999930719 -0.34625727483762180903 -0.20230603555883042155 0.91606668294293969179 0.066315569928514409015 -0.97930714746915970004 -0.19120605665238177284
-1.4911323127116795639 1.5742723624550725159 -2.929497707034705023 -0.7276095700935077959 -0.011888668441576306575 0.68588845526882546988 0.070075179814867452621 0.99333130774235500748 0.091555350651376932181 -0.68240294744547325134 0.11468030616288045487 -0.72192426520804275913
-6.652268130483819597 -0.14165437945129480402 1.712705958352930935 -0.84202729443989654534 -0.02188782137140426326 -0.53899068516414738728 0.36114632563556470224 -0.7650828336315824707 -0.53312436556769082774 -0.40070358982422521477 -0.64355977263775066 0.65212533468964284378
7.9468004827888352182 -7.6419212660316322427 4.4645696502245808546 -0.49674510413602945835 -0.002965601114948736728 -0.86789141413363557476 0.81319522643101072035 -0.35099118648368832218 -0.46423992796912161296 -0.30324548673796059006 -0.93637406639699716226 0.17676476615075126242
7.2003180553776156003 7.9902020285478760897 -1.3202703487466536103 -0.91845503456805221987 -0.0081863567765264808052 0.39544068207434851514 -0.15284753585486599015 0.92946236104773205522 -0.33576383095687944991 -0.364798547502270476 -0.3688261148000518963 -0.85492064940674961093
2.5150425602474300035 -5.4203988799447300195 2.960482622311136236 -0.17973499241150145411 0.0024181739786875997358 -0.98371209453642449727 0.97546867681808047124 0.12964894150146163976 -0.17791012482297099973 0.12710701416464120772 -0.99155701016219033317 -0.025661304488115117134
3.5645329299719961114 8.0798627690372910592 7.2038069402338225089 -0.060140746721118507057 0.0038552836557298082731 0.99818246196378956903 -0.99401486142001949098 -0.091596588336535722519 -0.059535873903019995157 0.091200580371619932585 -0.99578873351377383827 0.0093408964683830870979
-1.5051850316401875762 -2.2363408750409941028 -5.3813424097219719755 -0.57332882054660938564 -0.0041345354998809950506 -0.8193149389256544346 -0.74140328422998036384 -0.42301181330960491156 0.52094354390229125062 -0.34873375756232449785 0.90611473413515997155 0.23945950580367406091
2.9431640662457057012 -7.6419443401556526041 -6.8572150922578485321 -0.96299333415245214063 0.0015607233299243848754 0.26952069033895376116 -0.25459391415629550881 0.32294654837619862775 -0.91153028790404966308 -0.088463423247268843652 -0.94641591862914287159 -0.31059802271226860659
-2.5959037056858345061 -2.2373056326091029788 -0.72164172734987852564 0.93412263842929232904 -0.0037848202522227456651 0.35693216653780690528 -0.27203625878749115863 -0.65496158436586648932 0.70499758645699184267 0.23110856816377609024 -0.75565269677335977772 -0.61284405159927657358
5.11258809447553908 1.9855814250594010506 -2.0299735123278543902 0.84334127259314239922 -0.0063249385361302552094 -0.53734113288830909205 -0.39155989663212054097 -0.692073129996434111 -0.60639560526638536242 -0.36804394478198521057 0.72179967989030846542 -0.586130426458152054
-7.8929254821029850575 -2.181087382527325147 5.6812457251564199012 0.072268201957745636932 -0.0049811500029493865557 -0.99737279646588172799 0.62343319746053971198 0.78078648614242773807 0.041273615802838399536 0.77852961105534834729 -0.6247780815631900353 0.059531449739757984208
-6.7137816859869996478 6.6662542574299736842 3.1099167838644081741 -0.46283794784910964326 0.0068536911052398804753 -0.88641641509486091 -0.60116661844818886085 0.73244828238038794943 0.31955940058437276585 0.65144434213102386799 0.68078817598162366664 -0.33488464961681413401
-0.8635226336570818173 -4.5688136560790857388 -2.7626448086062014298 0.17513740541612113355 0.00079864234895115054219 -0.98454367673283482709 0.020646185373541698499 0.99977679088944715335 0.0044836847028014645278 0.98432749847475387028 -0.021112332163836886045 0.17508182423373105929
-5.7529765384128843664 4.5478095228473316425 4.6911183152953199738 0.96441061195301125419 -0.0041573119110814189814 0.26437641405785622384 0.14298658212400544576 0.84926153692639416715 -0.50824175274167837646 -0.22241180023744583361 0.52795601962190785716 0.81963127835620541717
-2.2292464402453049388 1.2568771544843959642 3.5809444969303534378 0.61172680332351647703 0.0016544367042047609245 -0.79106736813911238126 0.35119153029526145593 0.89548388538358070221 0.27344674082392805836 0.70884048074607419743 -0.44509086022685795392 0.54721047047551285569
-5.3912454067879291841 3.4945111330754201617 3.7521641477041152157 -0.86333157073712119001 -0.010641541791126252203 -0.50452488199964240501 0.11949045945634513555 -0.97565684040425360024 -0.18389061931268194106 -0.4902862725665726451 -0.21904448717225977195 0.84358691524464712863
3.17735167015719977 2.4547667735529858923 7.9868967289225949457 0.62846644511070204331 -0.0026581966664341082421 0.77783215500521085684 -0.40911880448035131685 -0.85162776987713983967 0.32764606726616957166 0.66155251582186880288 -0.52414032049116598966 -0.53630699533457160122
5.9780561471683890673 0.17664144933010267335 0.27120953330268854353 0.52500807410300420752 0.0088681265170844798817 0.85105104339220749576 0.77348349092769064228 -0.42216474943001475184 -0.47275809205243052302 0.35509127191361877784 0.90647574742553604921 -0.22849925150885416758
-4.1729107333860033791 5.7032948945679429187 -4.4229539570885458843 -0.99935730257757737771 0.016716944863616162165 -0.031710022694483044892 -0.015945138796239589213 0.58496488346788244606 0.81090186684818266194 0.032105051528094036284 0.81088632302169616484 -0.58432237403908038331
5.4037438826296195771 -4.2109520533380413454 -4.2779419089735766235 -0.44737148725170922114 0.0041695494198602401498 0.89433850820140203819 0.62174257935472565517 -0.71736757745219303928 0.31435636439855713098 0.64288017344723935587 0.69668240517347368446 0.31833741361977208051
8.5965876783562436003 -8.6622369099315292829 0.39534833994374118937 0.075254363973183732717 0.010127910650266847697 0.99711293549377422174 0.36210595894083602575 0.93141065398935973807 -0.036789511205265641725 -0.92909421223161925418 0.36382910694573949995 0.066425339565558697008
-7.3412230520031114267 5.6864861098618817437 3.6373507802611251272 -0.40049487929500626748 0.0065500946866467978091 -0.91627558513702045406 -0.48889467697885191644 0.84421709589567128784 0.21972594252716196039 0.77497473925294613206 0.53596137104961105724 -0.33490231749347015855
-7.5351335743453580207 -6.6350149783391652036 3.2474606033147006556 0.7029391361097264701 -0.0027194128454797201339 0.71124480716486349063 0.45535216590207655551 -0.76647038731156180713 -0.45296528606802333172 0.54637988243863211402 0.6422738903055924542 -0.53754374138126481686
7.1878083827577468057 4.4790505832064217984 8.7300929245746683449 -0.53364684535571382806 -0.0026702609904168065486 0.84570320689249778301 0.71061118610799811623 0.54077055003186447202 0.4501099359007277867 -0.45853329935826581121 0.84116590630188259325 -0.28668298075595594065
-5.0685035872719508276 3.5216578170638563883 -7.7437261261740264473 0.99988244389621150354 -0.01526347853842677238 0.0014576045571431835157 -0.010157716122994785157 -0.73061041309291963053 -0.68271900887788616874 0.011485608007424978616 0.68262394515795199457 -0.73067956746153750469
6.7145275983860575053 0.051300469701237631781 7.5485350491200779999 -0.65335798672350264837 -0.006421283802989185413 -0.75702186778119640032 0.70982648358724642623 -0.35283790098876599561 -0.6096324948886898687 -0.26319138356512966626 -0.93566242990732761964 0.23508745793181848316
-0.18664888566518325619 5.9182321795224339667 -7.6412183768485926194 -0.90112476020862575243 -0.0044750184233725079364 -0.4335367813105409085 -0.1687230638035248087 -0.91750261449029923977 0.36016868290349862702 -0.39938289182151892609 0.39770457203006437386 0.82602928465439129369
3.8102280009177138531 -6.5383024048756537283 -8.2556746365458391068 -0.47478602069670144958 -0.0027205325267660304331 0.88009705899600731982 -0.72864624487685114573 -0.55964052235076822139 -0.39481278546861842127 0.49361207884104996158 -0.82873100849756864417 0.26372719081788875695
-2.5424452503163705863 4.5073116062212248423 -1.6692210372138662766 0.051185596501372269962 0.0031259721641513369197 0.99868426592646530882 0.4785666397941998329 0.87762750823311108661 -0.027275044790615203538 -0.87655804484725952097 0.4793330627970165958 0.043425901520317417015
-7.7251531174599223917 -8.6831323610000428204 -1.9303254232909983212 -0.99996006697432449073 -0.0021587041173461640406 -0.0086720501000107433343 -0.0049111458664497474602 0.94346232300166854579 0.33144339746348744358 0.0074662643056653795262 0.33147275162886358224 -0.94343524940746315011
-5.3249445174165188632 -6.831711245993398407 -5.0451908827120988121 0.37193062591540843043 0.0048151738686711392096 0.92824803991552806703 0.9275772914957615134 -0.040288031446008412684 -0.37145288102739365543 0.035608676015723171593 0.99917650523951861974 -0.019450798687772517803
8.0671571750196733319 1.5065472833282407272 0.29310853325198776842 -0.99448648890772728404 0.0088645472352849273567 0.10448944052900735469 0.068167327673977665126 -0.70252399221496364401 0.70838778631483023673 0.079685875897312657967 0.71160484832850945391 0.69804634589543501644
6.3648944747194713401 8.064539769009963166 1.5474232682171396025 0.18294426197994675953 0.0091530636262108985846 -0.98308067748014138498 -0.64703073105120945119 0.75398571416241233489 -0.11338772382468512157 0.74019094163850385204 0.65682704288506121859 0.14385967347025502283
-4.1427972504876686699 3.705304879307103505 2.3353637344046997981 0.0069492315276799684551 0.0062525480096510058226 0.99995630595773554727 -0.12737323875635725434 -0.99182953860421985137 0.0070869175901619122643 0.99183051285484868931 -0.12741692193585127391 -0.0060960458092474377467
7.8993206405883080734 -4.4590373163667278433 3.3467182086324513968 -0.44950550852189591344 -0.001886831792978108796 -0.89327556648236694503 0.7588680868744637209 -0.52834213081908854015 -0.38075427709359715989 -0.47123669692847058865 -0.84902946513499499837 0.2389245546202367898
-4.5349141085736315304 -7.4631745527557900033 -8.7245307195448695836 -0.27162335725728720126 -0.004668791944476086142 0.96239230783184137596 0.04768234405821474009 -0.99882542208479141443 0.0086122158531153382433 0.96122169443747540463 0.048228400124469453236 0.27152693340444727932
-4.8779146422781600734 -5.2196921680403711719 9.0168667356991978323 0.14442484381105546998 -0.0060877640756435312183 -0.98949704578572883484 -0.2274937859214450353 0.97299057838769476003 -0.039190709819526617363 0.96300988668728038089 0.23076454124852352479 0.1391390838158061416
-2.9731619777032403107 -5.3658936972282509359 7.416352122287666937 0.97179144194678834801 0.00073049927688683367888 0.23584075078184696395 -0.040683862054253810969 -0.98448470204760563096 0.17068888306697546642 0.23230629936992039375 -0.17546890837149325959 -0.956684088645727293
0.75434562980274999511 2.3996281992549413076 8.8980574716101674682 -0.67223629534734219426 0.0014058341757648140646 -0.74033532054610806661 -0.69506898187669330369 0.34311291337724542094 0.63178527927361294303 0.25490679404587612833 0.93929311309311391831 -0.2296758020453646687
-6.610407580378625525 -7.8411651009605236595 3.6245364204729937363 -0.1952181529366368018 -0.014092584010445993042 -0.98065859086626827601 0.95001644939625373709 0.24567298590220157384 -0.19264872144414618704 0.24363624246019827124 -0.9692503201307293148 -0.034571639909834701865
3.2671651372028933658 3.7979652027216377341 -1.0893047548603371766 0.74824444205825935139 0.012488478963047458525 -0.66330558027355979167 -0.66302814026477741027 -0.020419564631171276126 -0.74831592699681237502 -0.022889738878730331306 0.99971349859513169989 -0.0069986127629688005269
2.9006576017844265536 0.21566283385684367757 7.6735457101891126896 -0.82123442578017247229 -0.0077023280463188520048 0.5705389487634359158 0.53222176958128220026 0.35013678348973797938 0.77080751217875942416 -0.20570368469508648612 0.93666691357721643119 -0.28344503367111523184
-4.6449005501890878733 4.3729442056397900274 -6.5574674535195862646 0.89540547698776618013 -0.0019413886612280736518 0.44524741750024149356 -0.44507616559909962684 0.02417010717078630147 0.89516647207932764641 -0.012499543837450837955 -0.99970597523947968277 0.020777980518801964643
1.1336228196266298074 -8.7598258766175707279 1.4395472636320292281 0.60460437257781418641 -0.010235364936783536427 0.79646016219544002457 0.39949324713283640431 0.86895696843149217159 -0.29209404737128041862 -0.68909991884690280362 0.49478179465181543195 0.5294641418697744184
7.0018444628001645924 6.6907074550667617885 -3.4879625735772652462 0.69162795976683044685 0.0039027429850400901373 -0.72224340347690973996 0.67885091370728878335 -0.34494064129198515056 0.64821091547724840609 -0.24660130216106129764 -0.93861638733945151891 -0.24121997261878075358
2.9256900388524669232 0.16296274227741791574 -4.6419577538937204508 -0.98923834693521517369 -0.0094183264897843843588 -0.14600954790431711072 -0.13065115681820235749 -0.3923471720412464725 0.91049106080888309034 -0.065861735287913392156 0.91976898823409425354 0.38689435264359545164
-2.0068536737854336671 -2.2365281191748369594 -8.8285990009692678626 0.43253842705189493589 0.002030083511136320136 0.9016132141248601739 -0.86112696896698626148 -0.29537414073031426076 0.41378069107360349044 0.26715323775124044658 -0.95537950352135370125 -0.12601250656241097525
-4.3873873868248276509 -8.9497300988981063341 -6.1138959354482347308 -0.97163312677907709425 0.0064551331349833145079 -0.23640515688500091107 0.14639615574468220482 0.8014928561120799877 -0.57980804339407532311 0.18573430627863479758 -0.59796950830095807472 -0.77970201655084758752
3.1922948623811375768 2.4022242257683270594 -6.774646220925570006 -0.96036200370148483429 0.00034232248915881105175 0.27875563610753134602 0.10963584031938744534 0.91987156149781090786 0.37658504068237635964 -0.25629046873402178131 0.39221957264212631289 -0.88344722676158204955
0.86326031431593519549 -5.3391617173119785278 -1.2769575256950946862 -0.64380653083267913583 -0.0042666512065272586135 0.76517641530881863599 -0.028448636515517683465 0.99942656654939987515 -0.018363364493329904781 -0.76465928748530520576 -0.033590679698508936479 -0.64355873104157168552
8.5778867731178607414 0.2081132947778218667 8.8162315826294452847 -0.89648647472328435448 -0.015269459526732765894 0.44280790896754157471 0.0095246024966557235603 -0.99983918881682609658 -0.015194685043222008747 0.44296871513200980486 -0.0094042603135757307092 0.89648774520482166217
7.266553424194657218 2.2732544726839583049 4.1844307646794201005 0.0046916548664216279826 0.010686783063333432295 0.99993188820166167829 0.39692888904495837732 -0.91781496270861473441 0.0079467773142023190314 0.91783737416597621639 0.39686456996794011731 -0.0085479639651323078425
8.572119946744216179 -7.7518405714964941922 -4.7219093236950584469 0.50613804355228331211 0.0065862326518614225032 0.86242733166847496129 0.0010333856259464322194 0.99996549143380064617 -0.0082430610538927404085 -0.86245186125564277102 0.0050633468027527503766 0.50611377133594370736
-0.69452397857192371688 -4.2263885613659617491 9.1139191253245410707 -0.96325312305590449213 -0.0094611084559751527923 -0.26842859078320346899 -0.19528563463866788208 0.71081413635726864442 0.67572685639847218653 0.18440971185624926987 0.70331625246488194136 -0.68654155532769634007
8.30802344793120362 -1.3418620023049043777 2.6229429322834780791 0.90589660282202255637 -0.0018406185429825586836 -0.42349493163286988651 0.0011950086212536622371 0.99999768390700483067 -0.0017900096857364697356 0.4234972455042094186 0.0011154835987494775285 0.90589670423659740539
-2.4155847218905668328 -7.7461878265548032019 -2.5487736251236401408 0.50703845753105614147 -0.011761733725350064644 0.86184317842864865966 -0.62820373158439390959 -0.68966381587366554218 0.36017203208743509002 0.59014580758298162966 -0.72403417232507005785 -0.35707484243179793415
4.8968322459406286029 3.3980918517403124746 4.9824295353134431252 0.76419510868033402318 -0.0018879313606591932931 0.64498238083217040995 -0.51980587654292309541 -0.59382581586431348875 0.61414391727386030695 0.38184772695442714685 -0.80459140942988449652 -0.45478014170723790599
