1125 17.292696884352682929 17.968806560800352656 18.477561601407678893
-7.5966585722782085099 6.68792866110726969 -6.8463897690468673574 0.089484537881290099337 -0.0034867425504142672554 -0.99598210832653255586 -0.9935113556748932373 -0.070792411785803616153 -0.089014721134777041733 -0.070197604128278842661 0.99748497585692508238 -0.0097989445722081024853
-2.2994399118922133063 1.1345070169986546382 6.4339693956115295848 0.19109264987105267775 0.011501598321576073092 -0.98150461659708287954 -0.86520997858296799787 0.47421227919940039941 -0.16289385260571556668 0.463568001619442005 0.88033540624726103196 0.10056977867114455516
6.1816976211426100107 6.8707448409548819157 -1.5319718249592617632 0.50512409391595780583 0.001734715884062363201 0.86304498173991617271 -0.34401838213217655893 0.91752372287030503628 0.19950331006124005784 -0.7915181630898413534 -0.39767726705356060135 0.46406011331314450663
-4.7794177052646071857 3.2976695120641092984 -9.2122684882650247573 0.16863523443945777069 -0.0022521199413176361606 0.98567595367928839689 -0.085996500520867630302 0.99615058160377312202 0.016988839540210104451 -0.98191993543459044069 -0.087629599602910043799 0.16779241243195924804
-5.4657232331638443412 6.7039353648968527111 8.4439878977342033295 -0.23957568604178156035 0.0039534819082205924917 -0.97086964142385401288 -0.26325111326233402442 -0.9627943357248048839 0.061040301956927313365 -0.93450646976036033653 0.27020628615496111724 0.2317028720117943752
-4.4021322003728142747 8.7476250553850185554 -6.3661130041717957084 -0.083981451935070450254 0.0052795082949412333595 0.99645333183384798836 -0.97501016541164586826 0.20596610520668051647 -0.083265484145637655433 -0.20567521259235876929 -0.97854488415085894015 -0.012149758308832862147
-3.1792265277557092418 2.2651698236198551939 1.4259675278209011928 -0.91854501632608831496 0.0058182468340083962066 -0.3952735773945068587 -0.0669541465467760194 -0.98773575366178978374 0.14105042785521479387 -0.38960517866515342877 0.15602637258395321562 0.90766930972458659266
-2.8209129637076881814 -3.2666829156333396789 7.0745347826169542316 -0.072253825450721953505 6.0873840106941828898e-05 0.9973862747212093316 0.430142785508854264 -0.90222100789147130495 0.031215973379227490714 0.89986475027221557443 0.43127398392860444298 0.06516273477884101939
-1.3309209083634923054 -2.0605189093124307576 8.2878355609079967792 0.75043021909106732981 -3.368384146513938443e-05 0.6609496842727577981 -0.15227341167195301841 0.9730905611680475964 0.17293804631550616091 -0.6431697243906487893 -0.23042299935341317707 0.73023143385946942541
0.64967135496848171794 -6.5795318226597254707 8.9857597679820315761 0.98906802462111620411 0.0096277739488549174407 -0.1471453316994091598 -0.14096700069963905011 -0.23111144965886923353 -0.9626607930888642084 -0.043275251424815336376 0.97287964507719582041 -0.22722774656454405862
-5.9342286621192688045 2.084664519280307271 8.7058937817765897904 -0.10731594530235002982 -0.0029569467332279030999 -0.99422057127686980227 -0.14086094510902577581 -0.98986303426908894831 0.018148485625325696396 -0.9841958555221831384 0.14199447120762534458 0.10581156893088004833
-7.1278504384804781679 7.8781496412961393716 -2.9258640588168689511 0.98309087960594021549 0.0046654216122195462171 -0.18305888745547599372 -0.015981432189778835284 0.99804692538308681371 -0.060389805088796877364 0.18241961588712116149 0.062294209800456384896 0.98124538988216236657
-8.1542627141034405014 2.2510957985118542624 5.0712566028864314305 -0.94725491144498064067 0.0064478213372060238021 -0.3204162267169368139 -0.19424052419876372544 -0.80678562428735212109 0.55800320357743815602 -0.25490930054137972416 0.59080909103002021698 0.76548407328574641362
-2.4175077284033199554 4.2846460191272894846 5.8699549670572910287 -0.94885542530863054012 -0.010925272136371946483 -0.31552182221089769554 0.099785577780318684971 0.93779069596019504207 -0.33255292667073294011 0.29952666046562592683 -0.34702917600543348176 -0.88873760507332111303
7.6932260663612233031 4.5847907366918398964 3.9858278021179436301 -0.97316735443849977649 0.0097289042513707905263 0.22989268948164906514 -0.053423217265760221395 -0.98135740808261340273 -0.18461743541353717313 0.22381076853437925633 -0.19194526830264430073 0.95554474194779648322
-4.1159691672848737198 6.7200374944337060157 7.6941747637313699926 0.27737383938263499017 -0.00747400238496829291 0.9607329975150483703 -0.35332004673477007684 0.92910312486080093297 0.10923519556029342992 -0.89343645426039419721 -0.36974521316985109465 0.25506818605301156966
-3.134361810146120142 3.3106072216481270409 -1.5716654702279320155 0.99531888454868466809 -0.0048553559324229621924 0.096523279986742621661 0.093202233918510221655 -0.21598627002168649391 -0.9719378965522014191 0.025566807646512663271 0.97638432836689403871 -0.21452268333651577925
8.5865471178802064145 8.8403528554471151324 6.0525099008636633613 -0.095015857892441060728 -0.0046844286049078252485 -0.99546473713423888618 0.97285497359440331611 0.21152961563170799564 -0.09385319420965963777 0.21100992180865013603 -0.97736036232252576639 -0.015541398232045415539
-1.6123064826365378632 -4.5389594768288885618 -7.3863287992028627826 -0.36548852989014124493 0.0032270295393391551161 0.93081024962066338801 0.61786065985177163196 0.74876092232132318571 0.24001101268811100842 -0.69617981838454590093 0.66283230721242092365 -0.2756573833391034456
5.4479741869555313727 7.7774418572963703866 2.378407110902773347 -0.72260324689910016005 -0.0022931615244467444363 0.69125920534999818479 -0.12098719525605856895 0.98497841166633093302 -0.12320562948018905225 -0.68059286372625704686 -0.17266230034888058187 -0.71202604157667037654
-4.4582741324691541607 -6.7542598693689805955 2.7031860538966343555 0.98920843945618486259 0.013791902870895249994 0.14586448067857701871 0.14451357821629054468 -0.25583947228785464123 -0.95585667865555257183 0.024134809291884620763 0.9666208914743459335 -0.25507168236750354939
1.6925841876476828141 -0.50709381054783253528 -3.7125314284492554329 -0.91777855861204471477 0.011495887542133275544 0.39692614164554174128 0.14866348694941822206 0.93683395228888810546 0.31660908623584005372 -0.36821418359432628309 0.34958545508734867324 -0.86151513311811356299
7.1745702859468254431 -8.9148365400903681888 4.2215561256037741344 -0.93927323157238296059 0.00080209755122386330872 0.34316927760405901981 -0.34313758099257885004 -0.015985790267516123558 -0.93914911223944919083 0.0047325428947469034766 -0.9998718973695147616 0.015290254697377752419
0.8671956203328979873 8.9636863882176616158 -2.8725394188099273585 0.96690558287502725854 0.0021393611834566407179 -0.25512549253053251608 0.20939652796003876967 0.56464180125108354158 0.79833121594892852979 0.14576243646247794006 -0.82533330201430576967 0.54550733515029570242
0.85697458349045763093 -0.89087724592423078729 3.5822144883467652576 0.12601708211251849701 0.00087746007350250187357 -0.99202768362563020776 -0.89315822527781252305 0.43529639501899541898 -0.1130726894612865685 0.43172685767096474763 0.90028677572623605485 0.055638492236480152631
-4.2292729596571740913 -7.9821944724600566445 4.1964095113438251161 -0.9142405716282319128 -0.0032560525940305441034 0.40515870385612468008 0.29952941791505299785 0.66796120493292010512 0.68125616071227190762 -0.27284850190616077859 0.74418897252410620702 -0.60970195028504603485
-7.3852335083560785023 -4.4093134829390683294 -1.2944884957679962945 0.91282535578875023674 -0.012182733577807103656 -0.40816840988938990487 0.3131215187506903308 0.66248683629700055864 0.68048960772998856594 0.26211597495050309448 -0.74897448069737593279 0.60854945808842497712
-5.3853485955737614432 5.8205201082321353923 4.1711460961523698643 -0.4629341637986454927 0.0053612438841816843771 0.88637645334941872477 0.87812492866903535393 0.1390351024214157849 0.4577836278684844773 -0.12078315130028217939 0.99027294083933181668 -0.069071940781550253408
5.0337280551150707097 -3.3660169509089215012 0.29902620914211525127 -0.92810530966858684199 0.0010052015233930778476 0.37231642957875416 -0.27932284669393930843 -0.66305783997776335248 -0.69450201451001392083 0.24616921310183390026 -0.74856749222340190908 0.61566827765203280265
-0.32887318444915136784 -4.4943961523232713873 -1.9844733669504210916 -0.75082665928994529736 -0.004486315866301025107 0.66048406541694659744 -0.16812863718620688069 0.9683360428120223462 -0.18454828514254112415 -0.63874258434645792004 -0.24961005821292422957 -0.72780679426713124069
-4.6015831581073483036 -3.2561064257034653124 -1.6033710083028853699 -0.96266692645831164477 -0.0017571731088661837576 -0.27068302688896317409 -0.26257696533766483604 0.24903048780926945183 0.93222162247809436941 0.065770251461275214266 0.968494051857973548 -0.24019480747621946293
8.0205009160498139664 6.9540970843678291402 3.4889949749910269539 -0.99996999124362506706 0.00014300510126937469868 -0.0077457189248936568482 0.0077463001331983180608 0.0046492214621083535753 -0.99995918895424051875 -0.00010698770239956755662 -0.99998918208611664582 -0.0046501897052873310268
7.1998374679708430079 3.4161220888672323426 -7.635396559131398142 -0.99710847615675379796 -0.00081672819216216038796 -0.075986970797611977368 0.065472347829292384946 -0.51683206534908876506 -0.85357951468874615486 -0.038575360603316274921 -0.85608641455271361487 0.51539110622160211328
1.8394568301220737272 -2.0538497845417458265 -8.097994222940398501 -0.3647802160368066593 -0.0062969943883966587872 -0.93107236123182746113 -0.53874229854070765366 -0.81415658618324193707 0.21657744327995143152 -0.75940248205484228716 0.58061123054617203021 0.29359575816508182156
3.9331117581871994915 6.7929998476474287017 -0.2654827977769115277 0.74448166603059540147 0.00024459022562753340857 0.66764286045702703198 0.39277276753369744222 -0.80880484896369742032 -0.4376805563147941891 0.53988573052779464945 0.58807708378068968003 -0.60223644983014434917
-8.5371698878226354168 -4.6553603987415197452 8.4486563232547684521 -0.64282451815886509916 0.0024449637352847632815 0.76600956978770318173 -0.15620579517705152073 0.97856408181025378301 -0.13420911796098042301 -0.74991758774342287541 -0.20592804554774515879 -0.6286630668725946558
7.7314841401754925698 8.1793419978110595281 -2.2507602158639148371 0.63381262767879231745 0.013251036601694068592 0.77337310725445251869 0.54428652444061664806 -0.71805414775406672945 -0.43376309225828268978 0.54957595681358606399 0.69586108593749873563 -0.46232414686078593391
5.1652250721390906563 -7.475112349948382473 -4.3622605044536504337 0.50413759069121355516 0.0026324062548277499425 0.86361933749149122352 -0.86260223348515430164 0.050148680198887553294 0.50339099779475870999 -0.041984240358101693191 -0.99873829420499926623 0.027552554326621979397
3.9794277283363301834 -5.4127412211446497281 1.3784461010384205792 0.6662611403049926162 0.0015739792135373610604 -0.74571684673814764288 -0.59248442459766714752 0.60836067860271925145 -0.52807148317126761938 0.4528336333893437371 0.79365912539283234306 0.40625963761131911323
-7.6023570770906720995 7.6304985293451386141 7.5979662347674556955 0.67930310776859970101 -0.0071440793793932574895 -0.73382303718667218906 0.047895955859437337743 0.9982522209842119576 0.034619080173321180316 0.73229315522430227237 -0.058664004547488463048 0.67845800856209481644
-4.5458158286587666552 -6.7802549294111269518 -4.3094628674341706187 -0.84233748248582707152 -0.0033993621826490429821 -0.53893970899912257977 0.091615361208337742216 0.98452331020142813678 -0.14940039244012834341 0.5311065723466739108 -0.17522070655961358154 -0.8289894527692566184
3.5413214108430359772 1.5212403334767072849 -4.6467522275528034825 -0.55354816805760609366 -0.0091384662159948986532 -0.83276702268718083566 -0.80460299327323592244 0.26393849773497718436 0.53193090963895839351 0.21493824428423866091 0.96449621971700494338 -0.1534555091723403264
-5.8526530125503217761 4.5588714573213460213 3.131034126844637111 -0.75248210257745995477 0.006065218667905452124 -0.65858476935254228746 -0.33101728635824356761 0.86100086861325719756 0.38614124407945044082 0.5693840895501764976 0.50856731842471936123 -0.64588005171040430152
2.2637692228795356364 0.026204789211544229216 -1.271757508865320796 -0.75566792335419574744 0.0061146480615071781284 0.65492640860813244874 -0.25575810075866356463 -0.92331889738837902293 -0.28647863379639348924 0.60295421344390098817 -0.38398544868865547297 0.69928634455821492288
-2.3014370183354415644 3.3857496562701814291 -6.8677156446020557468 0.0079805209199752761423 -0.0055522557996979813102 -0.99995274075386586521 0.059003574421418458762 -0.99823965773480438646 0.006013645389491813556 -0.99822587097872828021 -0.059048777979848462993 -0.0076388695334941797768
-6.4850604614765190448 8.913267753277530403 4.9917560262230100676 -0.99580823440895149812 -0.0044017504873917513708 -0.091359645773842243499 -0.070918592208186886916 0.66794778249727160269 0.7408213773481009401 0.057762561945363874449 0.74419512525236475309 -0.66546006791386780321
2.5437488104862149285 -4.6717926706662540326 -1.5520947898489900751 0.70208465418912546774 -0.0099114933522908271052 0.7120245084630227872 -0.6168257992166958914 -0.50808850979753150678 0.60114224575601660217 0.35581325407161784602 -0.86124783222438006103 -0.36283481050706306581
7.9973488230391263087 8.1108941088322783486 -4.6480904145556740659 0.42525829039751400495 0.0042960126842945586118 0.90506183806601936404 0.1866440622426270568 0.97807834278826910612 -0.092340399599216305138 -0.8856180782243823213 0.2081929385057848525 0.41513409867007028398
0.48492574263936566448 7.972710064091661053 6.9093538275737671484 -0.9997679294791410598 -0.0030609405279063569248 0.021324113769859074502 0.020270179154144949557 -0.46882613930963512594 0.88305785254253810201 0.0072943143635739874156 0.88328516445320948147 0.46877938439621635869
3.5078121378919528972 1.9144533299559058914 4.2440400598615228844 0.28523207634200953287 0.0060983671740352084906 0.95843908128950627834 -0.46198850409752262314 -0.87527209588407506313 0.14305726212996280888 0.83976739916905207561 -0.48359235734698724496 -0.24683830174512885747
-1.9595405528116518479 -7.8556768107307499704 -3.1327654750208959733 -0.6463599145877276797 -0.0028401768397905884436 0.76302738758830024324 -0.10944436613925540014 0.98999820246926251155 -0.089025220180383488056 -0.75514289477864993128 -0.14105138249345483548 -0.64020599494384045069
1.1128910788578518787 1.1243690922184579328 -6.2983044565662718028 0.9988203339000174541 -0.0052092065042951283052 -0.048278408793163057888 0.036517667029181161142 -0.57474203352907526909 0.81751945230012679211 -0.032006258493687884947 -0.81831806717326049938 -0.57387380176757118999
-5.8740925570135047451 -5.6984685753517334561 -3.1240166946636906964 0.74724252400587354295 0.0067973110552817656016 -0.66451667163416805462 -0.11131528358914713484 0.98710001177375805703 -0.11507595055358127434 0.65516220736309893624 0.15996050549670207119 0.73835974885190225336
-2.3327464088042901835 -1.0600666759083561264 6.3612752478363967512 -0.55907176153831139587 0.010955759832291253955 0.82904688454693298283 -0.54682837517700166874 0.74674109000087607324 -0.37862444797657318629 -0.62323149274707312362 -0.66502459791398416122 -0.41149093625185473311
6.3802322549141337049 8.9415949637069829237 -8.5452820052660527494 -0.03776862705691300115 -0.01472685154763571716 -0.99917798747452979402 -0.9991647903028968436 -0.01504945684907952122 0.037989941658213163822 -0.015596558238340087199 0.99977829226910641669 -0.014146154215089645073
-3.2526945360501788862 -1.2328204256931434291 1.2664321282967510029 -0.3729667028268944251 -0.0032274403027756008548 -0.92783911440059085862 -0.35307287062038894554 0.92525660573003554177 0.1387074676587529698 0.85804159958234249572 0.37932808646547538922 -0.34622942712048238034
3.2123961808513428196 -4.2248490287117004272 -3.9783539774536937905 0.38488420908867554404 -5.776735216305958244e-05 -0.92296486512607789354 -0.90656260647849196133 -0.18771150693018548439 -0.37803257888857078051 -0.17322928773527887514 0.98222420395191001319 -0.07229956460300186738
-5.1980303356555683791 7.8885485749752630724 0.77485014368253568584 0.90912957855235876359 -0.00099858329256270750296 -0.41651219938029321321 0.25678737233067433499 0.78868351431311412014 0.5586041171188906862 0.32793849242312106407 -0.61479859879626352903 0.71727193455862681137
5.0395799559992413563 -2.3974782535012053586 -1.1331318964991514697 0.79964908383822519422 0.0050403672271052517295 -0.60044644841548444614 -0.59557630729775834499 -0.12071632831847260714 -0.79417657373078354155 -0.076486632179444985491 0.99267424806688997485 -0.093528778043713803325
-5.0059112589870773391 -3.3287706129651843945 4.6491479540356221989 0.68930274025229265611 -0.0049995735819479865392 0.72445616606150298189 -0.46405086737888356918 -0.77095729881809760276 0.43621283324107729129 0.55634389074178880463 -0.63686721352505204496 -0.53374303515013954424
-3.4726468945024100421 4.4744705175506584993 7.7387971160461903608 0.88477420975178477924 0.016425411710510248731 -0.46573039798644544351 0.40786757146367769167 -0.51072736088138426247 0.75683657879048538142 -0.22542990464173570664 -0.85958581229420238934 -0.4585777899072266961
-8.4652443910367498603 -8.9682681075979431284 -5.3136786148715335898 0.20455542349359895349 0.0044059659953802187554 0.97884506750709809886 -0.37570095893487526206 -0.92304652635637041147 0.082667403714023229844 0.90388376917313906223 -0.38466309628698985845 -0.18715884745352434626
0.021625784416970182666 4.6338276573750256659 -6.6747985840706673955 -0.95722066472967803907 0.0013250837947158117247 -0.28935591089006423848 0.17219881972885728305 -0.8010312509085416588 -0.57332059229710030657 -0.23254282508421461606 -0.59862106479886623145 0.76653548859862463694
6.8840638894463790365 -8.0124912119608282524 9.1080398210331079412 0.06630220775574288683 -0.0051227749007659176619 0.99778643728192295548 0.15892532168416517724 -0.98716689823328385156 -0.015628728676176220636 0.98506180484993188795 0.15960974973277380906 -0.064637206127321378268
0.27789931086400782023 6.5543828595865400999 -6.3798874779282153114 -0.60292954322442771087 0.0011173783010151004669 -0.79779365588667172648 0.30754346934072779307 -0.92238469262365163637 -0.23371669448137277758 -0.73613380602507771933 -0.38627092859704942329 0.55578933900140226054
2.4626886228766196041 3.0462472191205574035 -4.8319112701560955614 -0.47730506440938846868 -0.0012896839701965210137 0.87873671381389839574 0.19181597476771763966 0.97573091541283574202 0.10562107995828347307 -0.85754679599008276636 0.21896921569691013554 -0.46547392543940757648
-1.8627776431032325721 -4.5807102566231563401 -5.3412181024621823155 -0.89589824741045409606 0.015501670026268461744 0.44398877070627723596 0.1865483454904523497 -0.89388698731161819744 0.40763435663553410082 0.40319479793469992224 0.44802427628592450537 0.79793997441975206275
-2.3797984782563399442 7.8390137935379904377 -7.6962540406415484995 -0.17905023864425198554 0.0075649587213338417152 -0.98381084738945701051 -0.2148060100954764795 -0.97614577786038625451 0.031587946948031631056 -0.96010384337766807583 0.21698431225572650805 0.17640413307688160294
6.6598959551734262519 -4.4421079668120873052 -8.7425066549570402685 -0.76421290892646287496 0.0012335800018629177691 -0.64496287343557190397 0.5577823618805993755 -0.50080488167827030832 -0.66187106543619667054 -0.32381702642792636881 -0.86555932712164695975 0.38203348626499655794
5.1140679647289593035 2.2567473033134337612 -1.3396839261342048388 0.1630650943910658679 -0.0070911976761291227803 -0.98658982860481092558 0.56151389522231742735 0.82289227950266141676 0.086893278260668282975 0.81124097558204200098 -0.56815315826821310985 0.13816681325974206063
3.0178789099148866093 -5.5590854611928701701 -9.0610987232535986635 -0.19178587328600732453 0.0046620195634707829388 -0.98142572025695784532 0.63335809103892881655 -0.76330093709501845023 -0.12739390858976884502 -0.74971708485527532861 -0.64602627268837731211 0.14343760898972229834
-4.31044083584206561 -4.5835454334651677399 -6.92101741048896546 0.52832547265030616046 -0.015989841833175550551 -0.84889134752739148215 0.75464509405829061084 0.46701964023482345212 0.46087247438774270325 0.38907965375005504338 -0.88410235866260156179 0.25880502785825876266
0.93353468891896107529 -6.7255719417013599681 6.7139311855861238953 0.27756253400537223008 0.0027094358160157771404 0.9607037517745709021 0.70466954097521317113 -0.68027155120598981064 -0.20167165056476274443 0.65299301507613238815 0.73295516614406652778 -0.19072715245727026034
-6.1000018426998456889 6.7544672898901145786 3.8146887036580960917 -0.35983642040221552882 0.014128834616156767806 0.93290842347195757078 0.91420450274590281392 -0.19442860555300200964 0.35556665268558290682 0.18640782631491142896 0.98081491290427325058 0.05704584922130048058
-6.4368643693177460818 8.8164489766605544929 -0.44099785882957776018 -0.12434163414834088768 0.00029438720992921172184 -0.99223942239445839242 0.8841091273794365879 -0.4539234094160923827 -0.11092605315373532671 -0.45043335678149271084 -0.89104065660342046673 0.056181308085716731571
2.9560844157423380452 -6.6511718161325292797 -6.5287998983442054879 -0.2755271999827310081 0.0011142145150868114009 0.96129263005372167505 0.072147356247469096591 -0.99715495375654594756 0.021834770100229751455 0.9585820366855537511 0.075370794906396115787 0.27466292472595915664
7.3016073485046755209 6.8198923605492582922 -6.6280127660091965325 -0.9338736730750883952 0.00052298282693115979297 -0.35760269745324202439 0.17654914451539557851 0.87030483179105289082 -0.459782447829473917 0.31098289713079896313 -0.49251317368193009427 -0.81284710213064104156
4.2537742809191243509 -3.4720671784412422411 3.6648279023118601749 0.33360722834170375428 -0.0095952952491326348738 0.9426633267010746664 0.15552624380746063459 0.98680644349916846192 -0.044995894876013881047 -0.92979449594279350855 0.16161984215334268544 0.33069808275389922514
6.1456520729572332584 6.745244320979182362 4.7078604379263122581 0.13610756562747347576 0.010913257435146114446 0.99063395428957456978 0.95493685288995422411 0.26477813476963885098 -0.13411989539360522072 -0.26376189560168922243 0.96424760313938695511 0.025616835644888695522
2.972923766710207083 3.3626521694056656919 -3.443636746453925479 0.4553120112599582936 -0.0085849527098381950285 -0.89029055425139813629 -0.068970298493961690323 0.99660855962598482449 -0.044882923320169673675 0.88765650469543333489 0.08183933936106282947 0.45317574097130147726
-5.5507851916980461837 -1.2134189563583270832 -3.5866512057499413402 0.14665448742441380969 -0.0082078305761684976216 -0.98915372558341974063 0.76227544610632025357 -0.63635045648776744631 0.1182972560608527568 -0.63041938864683100263 -0.77135642088805889127 -0.087067022304555291567
1.8798346722195540259 2.2078782480236962549 -2.5889983822441879902 -0.84505927416438653133 0.013525361791577209664 -0.53450153202507577621 0.47645453718595637271 0.4726827156982808531 -0.74132457417463204496 0.24262295263182745431 -0.88112888663834021408 -0.4058891326306051095
-6.4668230566458300146 1.0696649893758962691 5.9774761445030826224 0.99992432817555676472 0.0077893137338535707592 0.0095217915463395377818 0.0039245557511764280617 0.53158332177353317949 -0.84699691255298692472 -0.011659150262786946786 0.84697018755311581639 0.53151252629779377479
-8.3632945494734105552 8.9542502098082934481 -8.7478390904341516432 -0.0054258576792073111295 -0.011559887943178682318 -0.99991846120527994035 -0.45951677756226827487 -0.88807741983572596745 0.012760388560956377815 -0.88815251573524833795 0.45954854517034759986 -0.00049338076858222398337
-5.834845905379344444 1.0069752706295891365 0.41792539997623551207 -0.7386493060998822191 -0.0089586022090276020563 0.67403037471958748839 -0.21951249564086533494 0.94860608547329161588 -0.22794902689115228989 -0.63734721059691612499 -0.31633248023194715515 -0.70265375192526047243
-4.9484561429474940297 0.89847657557117865945 2.6274602910167055292 0.72296751245628931848 -0.0013314323045574109894 -0.6908807445722359164 0.67743051029816991893 0.19773543673396865028 0.70851153891554563558 0.13566827060805411453 -0.98025452018716252578 0.14385824968541355284
3.5124675795698570013 7.803574302777632532 5.6541664279239283175 -0.97151638054920208543 -0.0081979969397892645672 0.23683056215515693732 -0.059287909407726498145 0.97602614776591878343 -0.20942278451846169096 -0.22943597390707509698 -0.21749885453408110414 -0.94871143249874101411
-1.0201108821686635242 7.8102944455855656258 -5.3943991781993041457 -0.45318622993603607796 0.0010665554262598714308 0.89141522505282744238 -0.53582602302742654565 0.79885073513057180961 -0.27336418205046431051 -0.7123992658917484011 -0.60152835796916936939 -0.36145666478306748282
5.960971089715810578 -6.359892039637870198 5.6006548133340130491 0.57574206239096081816 -0.015003152643909880778 -0.81749372046787072144 -0.052533628327097556254 0.99708696550188902208 -0.055297388015049873944 0.81594196821109976625 0.074782943491580392004 0.57327673585647098697
4.1683551377941689964 7.7002716072165444672 -7.4291200296105177614 0.90323562211425567625 -0.0076785625349559362071 0.42907627599481018565 0.10917846620031879112 0.97105341387296939537 -0.21245077058923583779 -0.4150246660890348771 0.23873899363783004923 0.87792836806563612218
5.0472394361198551493 -2.0141961662445471148 6.4308113839943290557 -0.018599289134418377223 -0.00069299425469735668331 0.99982677809834630267 -0.41071223588413119376 -0.91172749757199544884 -0.0082722104720057629268 0.91157529899556322128 -0.4107949487639944719 0.016672862119391413521
5.0099644452448748311 -6.4835534570121575726 -3.5438684667804403183 0.46794055447253363189 -0.0028616558880733538456 0.8837553102560009588 -0.64985641992693676805 -0.67881835535658296976 0.34189512121518789156 0.59893094005894764731 -0.73430065460721760662 -0.31950630304207289223
3.9797330702212168063 -1.0269459820581039455 -4.8394430254248410606 0.78740697788164848436 -0.0040647669154763909141 0.61642009121463470223 -0.58918675090072258893 0.28905056855044319875 0.75452550744425406215 -0.18124354815103232985 -0.95730520028401366872 0.2252055278252073911
3.8486029947997986156 4.6866042873301294591 -5.6803783610346352262 0.79830445381522396886 0.012427064039304479628 0.60212587313479670748 -0.28501026472648149923 -0.87295100236135902971 0.3958859639805796804 0.53054608472747577519 -0.48764958274946729189 -0.69333883233603010865
-6.3834213651479645435 -2.2279448346579884266 8.2830272334803556333 -0.77435064077475601607 0.010118474073753276621 -0.63267582663944710308 0.074423978287177686153 -0.99147542318101145042 -0.10694651319184848848 -0.62836466847482919107 -0.12990035300355284864 0.76699657215789784903
-1.9173626469052151844 6.691962723599020002 7.6158256754073150319 -0.92765845562670290469 -0.01946565184802705531 0.37292208047129554727 0.16772569703279632813 0.87052312511733564993 0.4626635702010015172 -0.33364334289732455741 0.49174238889316557177 -0.80428324780882065603
-2.8517313241176749372 -4.6897317677886567466 -3.1071917387865157778 -0.99091323763102701072 -0.0066150649857176415519 -0.13433985411243504204 0.039998119379314009403 -0.96809707606231876209 -0.24736249062025308931 -0.12841770101429017537 -0.25048810797102810666 0.95956479814093087466
2.3803353274726886113 5.7307951190906685213 7.2093043821786348957 0.27984492830561924492 0.0094009348554867245423 -0.95999918673168560534 0.3433247273619319806 0.93284510526570518785 0.10921602979278607903 0.89655727518280237121 -0.36015501107948388881 0.2578243982070771434
-1.6122580958354286729 -0.064963228955154855848 6.4320545470432417545 -0.52333735800890557321 -0.0016768487136557415872 0.8521239334101613494 0.57064411115897917259 0.74196646268959787207 0.35192480254097663339 -0.63283750529793980633 0.6704349009577728058 -0.3873418844714354714
-0.31276072867903853547 4.5805300055548947569 6.7392839796162995469 0.67131209479819364816 0.0075899990978902853386 -0.74113592767534763883 -0.68697232566759391936 -0.36899213942862768567 -0.62603021077790643734 -0.27822490029544222345 0.92940152407524734279 -0.24249476675165665407
0.36781284676468167794 2.408291970407856919 5.8539382949580724969 0.69841219928853504051 -0.0037803427660057244662 -0.71568576127599770054 0.71564548642245739973 0.015539480705760548573 0.69829081499245670983 0.0084816064474895827563 -0.99987210859569930488 0.013558348133151787787
6.7430961978114032362 -1.8905802675212799446 -3.9036642855652474715 -0.90121876383689358825 -0.01649308929681000957 -0.43305047940629498582 -0.27828460234741791979 0.78804930950903850917 0.54912290598614543757 0.33220839815519598304 0.61539114698529584491 -0.71479459735454675684
-5.7945402795848179878 5.5282105710427540401 -7.1982983017849759833 -0.97408626154791055907 -0.00034152178797354710085 -0.22617656471544367314 0.20610962672753022074 0.41045416989844701883 -0.88828272311404532502 0.093138482024535715342 -0.9118811642839292908 -0.39974737696491746686
4.1118115010913118823 -4.4606264631860037539 -2.8498477117520351065 -0.57210026703290628447 0.0036248247224096035064 0.82017567941672075982 0.77679117226659311068 -0.31855809810281504602 0.54324599660003924928 0.26324277606380425132 0.94789640719806433911 0.17943144114458212113
4.2896115987499827682 -7.8124888522467736962 1.5273770090056135729 0.81130245315329563294 -0.011425581642183964617 0.58451500031374803434 -0.56239795322633145958 -0.28832769224838949995 0.77496818263053968145 0.15967739888412527116 -0.95746362749010061055 -0.24034668776320797234
-8.3997704341223435875 4.677094106096308046 -2.9922098246286785717 0.11970155700091041073 -0.0073110397494658549075 0.99278300043335721004 -0.90105896174328847792 -0.42065796230303181824 0.10554442767573993245 0.41685043446511549359 -0.90718985193234447095 -0.056941090938354761708
8.4516202023772990515 -6.4623359302778746738 2.6442498286393227858 -0.99133935483679924694 -0.002935169373943636098 -0.13129230111648174106 -0.11557414803605242648 0.49424078782858521519 0.86160818238472047792 0.062361044390226119671 0.86932009549267830195 -0.49029957343985058893
1.8363598580813247363 4.4807956520168765735 7.6944636181660595042 0.23600556901265865029 0.0087814480799536243083 0.97171202398897826846 -0.97175170159034274242 0.0021769944815337306625 0.23599553205830009484 -4.3029201976025732018e-05 -0.99995907259488348018 0.0090471699357016540505
-2.6030618771263198674 3.192244761088592675 7.7340513654152696077 0.1219558362273630292 -0.013920291282511414871 0.99243790712601642756 -0.88410532025901955588 -0.45596398742377874935 0.1022478599391551668 0.45109262541032124627 -0.88988935697833015936 -0.067914472958222074639
3.1045579407969920993 1.05704101868164968 -8.001931471443766597 0.83448743183808316015 -0.0063375945759538586041 -0.55099052714108764928 -0.55006769148417233861 0.04939609694862209105 -0.83365793968009949122 0.032500167533003887499 0.99875916040909284987 0.037734316067602857725
-2.4696835017942735391 5.7602636852696367242 -6.7274816115895212931 -0.20893375029643967977 0.0024363520440556867518 -0.9779267621738418903 -0.69487349181238233786 0.70326901544891262663 0.15021159171736481186 0.68811155953343394742 0.71091965516404442837 -0.14524367641273669416
1.934809832985808109 -6.805812820717068945 6.1533584936995415759 0.25637765547604207672 0.00030684351172789031681 0.96657664135820930973 -0.51949255886777101487 0.84333541561713032397 0.13752402716101580493 -0.81510611521037790173 -0.53738746041641693996 0.21637175955683443651
1.937825730896537868 4.5766874687211114292 4.805045312401640345 -0.43243706720367114382 0.016011295499864398179 -0.90152194722308809371 0.72718358224247103827 0.5973468083939602602 -0.33820234803775572896 0.5331062001376238868 -0.80182319055856277057 -0.26995805314337711911
6.5260350952432455429 -8.9255033468230866589 -0.96750346461823510946 0.7078572098249682476 0.0028367936408268440603 0.70634985885207501877 0.46844385419883183275 0.74656485718135157104 -0.47244181597814455253 -0.52867620143320137593 0.66530659595652030802 0.52713243821123800803
-5.7722316281503065483 -8.0126415221121760624 -6.9386003364165267371 0.99734891283880633406 -0.0038105247138708530849 0.072667915622575462997 -0.069323415793253725936 0.25384493711732292187 0.96475748865847144042 -0.022122614725021881588 -0.96723742059595096965 0.25290781347449392547
7.1984884439862524275 1.0279092964230092111 -0.52991448118546347068 -0.9451648880075709247 -0.0022847925785071604779 -0.3265855388718686414 0.29364487782475517941 0.43175830206742255024 -0.8528525396122155211 0.14295460889606576016 -0.90198644575114939048 -0.40741186958249209216
4.1034346394365934785 8.02858739624985418 0.84446212554844979348 -0.95269657567300647383 -0.0033277005637796057413 -0.30390485535746553092 0.014402147544209731658 -0.99931101532417065947 -0.03420632686623086699 -0.30358164115605085209 -0.036965133038152013512 0.95208810836617530082
7.4547661596556968888 3.6482565297883171596 -5.0250224336872841846 -0.85032527431366811133 -0.01234454989270832026 -0.52611266849545035296 -0.21538773467274233142 0.92032051742385867499 0.32652453041285056656 0.48016148493605209646 0.39097027674330825375 -0.78523066107184091855
7.3151057986888412543 -4.5112012541361661278 5.727228346904851719 0.68333967495422265337 -0.0070245305495959323161 -0.73006680831559556122 0.5042878207747553132 -0.71855718850444927348 0.47892521406463306466 -0.52795897800069113703 -0.69543239989180127836 -0.48747625042576836485
-2.8588996505732566789 -8.8236215265239632544 6.554516416737714124 0.090092914177333643932 -0.010488877209510295146 0.99587813022967763832 0.87052610783507688996 0.48658320160563356405 -0.073628007526950894901 -0.48380529388615206576 0.87357127435024473083 0.052968540075110648324
-1.5041083222039157707 -5.6528062896337285537 -8.2915840231953374939 -0.21676739728289481923 0.0011566795907779728499 0.97622259632091035186 -0.76339629322974345005 0.62309040161700479654 -0.17024820379697286343 -0.60847185223198019255 -0.78214897142754180592 -0.13418267971832639751
2.939483848958017731 -6.760324767300090798 8.919749683343045632 0.055770604280102047123 0.0087628979282999789474 -0.99840515389175854555 -0.65071424388086684942 0.75874206318240922098 -0.029689297201447913815 0.75727182207502674594 0.65133224484707097357 0.048017645855948441758
0.83623336749628263131 2.1803531763239623054 8.5957039598020461568 -0.33031554818789826689 -0.0015357661299126700721 -0.9438693130131237119 -0.67993568680137950189 0.69397661513443298364 0.23682043716856290838 0.65465953016768385631 0.71999590211968833575 -0.2302754882561036387
-6.2121631590335137929 -8.220824833492809347 -2.6108499261591853191 -0.84241894046694187903 0.0022060111868801180607 0.53881858009639449492 -0.33413026232230663704 0.78236856687666544996 -0.52560098303124602737 -0.42271420196495257393 -0.62281181674539132231 -0.65834500406635487746
7.3787607304125542029 4.4152191193526189039 6.3280627082870903877 0.58610559819756258282 -0.011262154139876549494 0.81015639949670426034 -0.6370923281104752256 -0.62418352765180795672 0.45222592724288601662 0.50059324128882953797 -0.7811965742962373449 -0.37301249185996793178
2.1716574452471393286 2.1781674700432813729 -8.4095852162659614493 -0.65616678796062843926 0.0043029441748788418293 0.75460362512303946758 0.62067469379352457892 0.57182733874115876382 0.53644796499988234295 -0.42919467711251729769 0.82036271206074606877 -0.37788483668810668448
6.4139099829408445785 3.2097497080802757097 -6.5761774680673941162 0.99681821024683003873 0.0060174923459814589136 0.079481101567784373518 -0.05965542488670665805 -0.60501214164252681282 0.7939782986623369343 0.05286478981456563947 -0.79619350553186785113 -0.60272814414698139274
0.57761090671979875566 -7.6879373622973119495 8.3565858104560408748 0.99620756827532752631 0.0053249967031827180261 0.086845410477839127261 0.085854887951062941465 -0.22215734171837084321 -0.97122348289962390222 0.01412158368777085421 0.97499628713671049329 -0.22177200216290154922
-0.23419370957308316417 5.0741079584701394012 -1.0831815771298389794 0.81417131683456922531 -0.0025434263598424740674 -0.58061915041287492922 0.57517398596170099534 0.14023313482758581472 0.80592155559293354727 0.079372241474809313022 -0.9901152452511252644 0.11563670872379593069
1.665525044326638282 -2.0598459042249168682 -3.5847778436558876969 0.90678659140702089214 -0.0031578026646655737997 -0.42157811367166353467 -0.39169254348258075726 -0.37616833440398711463 -0.83968704620914413894 -0.15593277084912587904 0.92654595810128792532 -0.34234128950691306015
-8.2340236209938524325 -3.2792128342891957438 3.7615525480319842444 -0.57297256926007000821 -0.0025956140946405926659 0.81957043483958114116 0.70645722350642548015 -0.50850316715450272209 0.4922831708979017451 0.41547638468525244226 0.86105620709739683072 0.29319205648816815124
-0.7157430216869337114 -8.7794150370894250557 -7.509916452085482419 0.9990588768258837904 -0.0018873844199670860439 0.043333571460374212259 0.00098205429113180919831 -0.99781246417333657739 -0.066100846512662875254 0.043363535428005764438 0.066081193394181600431 -0.99687154622583817876
-0.16381327718257912562 2.3476117732157408824 9.0227321096562089764 -0.32796901705623499046 0.00087415753361440719053 -0.94468807534535748083 0.79686030021264575574 0.5373590578566803666 -0.27615014916732449901 0.5073952954026477169 -0.84335311630912646041 -0.17693370344621572876
5.89986951059496878 -5.3165959624277494555 -4.1102717062490787825 0.080582487137057262627 0.0066793696128332451928 0.99672556342681728481 -0.62897822564499361597 0.77608146158044977181 0.045650374100445575976 -0.77323531633711239941 -0.63059729702315814315 0.066739752442502575658
-6.2534311495352703503 -0.98261008178876962926 8.3486136127201326929 -0.73919182227118263029 0.0072850528247182834429 0.67345555004984591907 -0.43357587983440726287 -0.77032161457093917267 -0.467564505229869809 0.5153711345365578067 -0.63761394129232129568 0.57257406119765874575
0.21357814824529824937 1.3124673204317047759 5.7828210155490475941 -0.96351596751223611559 0.0029442233732118205415 -0.26763466124149887237 -0.2676316740942928929 -0.022569264194504650572 0.96325693111192312035 -0.0032042738061127604143 0.99974094637668309282 0.022533813856732191894
-8.2147408454509154296 -7.8667199773061993184 -2.0452150758210412285 0.20995320729153960082 0.00060851962180161894844 0.97771124594747171876 -0.96378975446393289062 -0.16802390428005847811 0.20706829013794836314 0.16440486592011013811 -0.98578273331117183265 -0.034690672628335639249
4.3321579362866966534 -7.9593287657147087089 9.0286903724293576801 -0.073223615667275157581 -0.0029885508267099110055 0.99731107016446185476 -0.94842266395239793741 0.30947346435488892746 -0.068706807241406542275 -0.30843597813770168292 -0.95090338280185748854 -0.025495175349637591578
6.094274362643619547 -1.0027450155720931679 5.7880586522688393103 0.2102421719507802933 -0.016941150777623113777 0.9775025455432738708 -0.026040851619037512499 -0.99959213836089011451 -0.011723095740889121971 0.97730246248556840172 -0.022990309634955762019 -0.21059758422777682951
-1.0024985769046759199 -7.709310471489355443 -8.0832477692660447133 -0.12572940885081135276 -0.0019554658354780508726 0.99206264515053099728 -0.62597701354256374273 -0.77563784670817792488 -0.08086228583358369415 0.7696394573215039614 -0.63117517925483168639 0.096296411285067273766
5.0050539955943458281 2.1596622056374683574 1.0811399055354227183 -0.96182068490065242283 0.0086431730201818428305 0.273543900785771954 -0.20638791930933678143 0.63350209009325320064 -0.74570713327056570296 -0.17973590865547073303 -0.77369270218050190113 -0.60753156768379734665
-4.1885973634977133884 3.2284961410189985109 -0.52010378685776958996 -0.96737161716414288293 0.0058068229399431603097 -0.25329515414360254111 -0.083786111400568269447 -0.95082086337463411763 0.29819385189483738063 -0.23910675825178295817 0.30968688473817218565 0.92028364735000567354
