1125 17.292696884352682929 17.968806560800352656 18.477561601407678893
-3.8200725348672759374 7.1603456805044629618 -1.8055227932192980944 -0.11553571991788379181 -0.0042655730816157861121 0.99329416705693418521 0.2244954047517241924 -0.97422838582376625194 0.021928645662792116411 0.96760183477957906195 0.22552351793437452887 0.11351577947596763751
5.884857813138324012 1.8547046116433352214 -7.6758315150716578401 -0.34587496564180986169 0.0014910889805679050906 -0.93827942788698115439 0.59518574242816324471 0.77340465167407812519 -0.21817235567043677391 0.72534435970266319949 -0.63391089391349864091 -0.26838878222688850039
-6.3667770017260112425 8.5504956618961909243 0.89368082159617900917 0.99926432864233105668 -0.00060672463971405267251 -0.038346230431151956397 -0.032044902309278797126 -0.56252714313385521194 -0.8261575742397032629 -0.02106954529790231942 0.82677859498377037628 -0.56213275045854749212
0.0060064759204098358558 1.7649362902169130063 -8.3979271802832613503 0.95827345765909532904 0.0053532243532097619626 0.28580294493825331159 -0.24250241826016746827 0.54457300639223027439 0.80289029004415501944 -0.15134251710713517158 -0.83869635965488353868 0.52314802763417633802
1.1993362397345235237 8.534998829064178949 8.1880380412610964669 -0.076176835381879068332 1.6033241601483977368e-05 -0.99709432326847025063 -0.90909978528045298773 0.41074661667756018346 0.069460760805033466836 0.40955423347200275996 0.91174953612876019626 -0.031274801585945900817
-7.0109102966310157257 8.3559984170166607953 -5.9094572479400753195 -0.99114017756276695525 0.003718684765449564722 0.13276791707427332279 0.1208583972443156157 -0.38932359665768079271 0.91313765933792212515 0.055085354098750184682 0.92109353947837679932 0.38542482444013653753
-8.344448318280932142 2.8098063620301001464 1.1835706084982171582 -0.20586275080757923672 0.0032002835000778037666 -0.97857564143779462995 -0.91030542554279691991 -0.36760098475176383737 0.19029857654907156306 -0.35911636005223546153 0.92997810414828474546 0.078588585354019593887
6.5204799579509424845 -1.972692362619435702 -1.2119144998742339414 0.9423617805531340208 0.01712084073224454106 -0.33415737514754551007 -0.29049382385706462584 0.53743947244094059101 -0.7916894288566612703 0.16603497479047929497 0.8431285134990506025 0.51143591668087862168
-4.7313167038551737775 -1.5768187802866142633 4.3744212271258255953 -0.02107754329241394442 0.0019669815525487363908 0.99977590896770440754 0.98833034224016325098 0.15093466158872814731 0.020539292552123021574 -0.15086043807498616953 0.98854178410165349788 -0.0051253594149713302061
2.0119948339414115424 -5.0002695658002611623 -9.1036596491633847705 0.94721808769429449715 -0.0022150523637809648933 0.32058226383857246766 -0.30269736974247857253 0.32321791105616337614 0.89660720737880961195 -0.10560396155362250514 -0.94632197243627658167 0.30548736109491636537
-3.2957878291141926574 2.8749855536147941315 -4.9219433275288899665 -0.97914521523524578051 0.0058556706098362486593 0.20307722325214200287 0.058961810223978755596 -0.94837149760402561505 0.31163280871451176646 0.1944174694238771095 0.31710757426137287096 0.92824815320528519802
-4.2792277526715611913 8.2552068473560069606 -7.7687195352090512301 0.14789224335596654059 0.0087405093381368106908 0.98896485673215417389 -0.34548138585460574923 0.93742245560261883153 0.043379162740541335475 -0.92669870852566371688 -0.34808439095808679786 0.14165719321047207102
-5.7208058840946440782 2.7529178963402007874 -4.5511893416732025486 0.21511661378697033431 0.0073931379786185127609 -0.97656038419737767331 -0.96775140412200488793 0.13583266961711057408 -0.21214783921830027147 0.13108036578069870437 0.99070420781169454827 0.036374583589323362942
-6.5402469164117116307 6.1271352572867101571 -0.12750067994672659166 -0.93228557386077826052 -0.010692798643629217517 0.36156503264052347602 0.28877020552030302492 0.57997157252084352574 0.761737975600036199 -0.21784255134120009134 0.81456653449852567395 -0.53761136864873704244
-7.0287583693242368099 3.8831439195850649959 -5.7765011633879757014 0.20886207664515565874 0.016117377637956623732 0.97781228417189236524 0.95663317430502081695 -0.21096900859652101268 -0.20086076578366565681 0.20305073937053966238 0.97735986593967383307 -0.059481843374355664045
6.0091732290826138652 4.9446384021032194767 4.9238765496049472503 -0.65171787682317294799 -0.0035335037110080344709 -0.75845324403055203177 0.72120354128388197701 0.30667864716529957825 -0.62113900168348257225 0.2347962117851037922 -0.95180655688231907696 -0.19731958140805114232
-3.4338647610315016223 2.6868452322274287702 -1.3613690176746449101 -0.32621560303560459548 0.0056685681688758773888 -0.94527839691325443727 -0.66423986682660629555 0.71011896800728069312 0.23348758124164764594 0.6725836599664695159 0.70405888859586052142 -0.2278865984098566444
7.933426727650956245 -8.28718478305982309 3.2226874739409434589 0.302934595508935256 0.0094045533620510518569 -0.95296494438151657658 0.59180638419858078159 -0.78564015218718219469 0.1803739307471282638 -0.74699118767598859936 -0.61861224175367124367 -0.24356325643840995299
2.466618822630511243 -5.1721950738049180529 6.8408475316117982601 0.92731663550588838696 -0.0099107257106230556287 0.37414654218595383428 -0.19661424852411960029 0.83770949155522345109 0.50949548087803453456 -0.31847557958368577502 -0.54602617636317773986 0.7748733573525666829
-5.0037581045692833825 -7.3547938594697725989 3.2081690729057577016 -0.98193242575254469084 0.017665564825511112512 0.18840551763445054223 -0.11256257262824177767 -0.85486157756984826328 -0.50649911198175079363 0.15211304513104431657 -0.51855531143203914546 0.84140478396953743978
-6.5930201194600854819 -8.4315590502905592984 1.6359157735613072404 -0.98108703951957909606 0.0066917307712300866385 0.19345139344490991373 0.12281706313557895494 -0.75094622352173712176 0.64884184388886467776 0.14961346827485891287 0.66032945573984636045 0.73592174855284742119
3.5396188981246887728 0.64525921281138698404 1.3822963404707320212 -0.99963269971442469952 -0.015948116430236195656 0.021911714766026966356 0.027090124550241720391 -0.6109476638586185393 0.79120735409740572397 0.00076864394388665487762 0.7915103344924122597 0.61115529906756893563
1.2322784873926007077 -7.3907704663978108783 -7.6414040894987529384 0.9845903440624265146 -0.00713096474724444606 -0.17473123281486818703 -0.053711330697879339224 0.93854213691975485467 -0.34096004191223117097 0.16642399867195523111 0.34509101200679437316 0.92369651190118651218
0.89771599944725066766 -8.3970254613600268101 4.7675912341808741601 0.24977090442485527788 -0.0070637631339491337157 0.96827919452670518918 -0.0046251276619387101524 0.99995328079607426197 0.0084878984141246172079 -0.96829391379732343559 -0.0065984449506970820065 0.24972656452078542677
1.0935202078366499379 0.51110536290718555641 4.9691720856765693171 0.11272061221012430465 0.0035956882597394101975 -0.99362021648562337539 0.4228183165753060524 0.90476465608513667593 0.051240494411193028557 0.89917669829216395616 -0.4258966871496956963 0.10046530308320006375
-6.6252787429535073827 -7.3400294307065943045 8.6478911324737417488 0.58395615053590843591 -0.009470379197724690043 0.81172995889583199336 -0.66277815144561225136 -0.58294562956008511012 0.46999948398215812828 0.46874335858529969645 -0.8124559710501555454 -0.34669144622767117392
4.4774582320395026613 -2.6993600157933461681 0.43595851834614368636 0.84789583503184828839 0.0027184800572911923047 -0.53015588537880742326 0.10331412537201355162 -0.98166294820228805484 0.16020002379981324037 -0.51999888887784773139 -0.19060552456041784941 -0.83262878257523231795
-1.7340927871843161423 7.0858285447545856783 2.1641228758798751741 0.31379142058212144972 0.005178532164371521182 0.94947781815793086402 -0.13107755338244569954 0.99064676390898998015 0.037916541980537336876 -0.94040077592922255434 -0.13635311496675953102 0.31153524466830323503
5.1423507069887710585 -3.0786011204491297022 6.5784359083690038261 0.8272181748467931639 -0.0017785119208824145751 0.56187803667507796312 0.087746356694562183121 0.98813486856073551312 -0.12605577504032830505 -0.55498708821866593599 0.15357837878268845722 0.81755918041501018934
3.027675813310028996 -5.0449904062627615176 -2.5983635067643118255 -0.20281908284405192333 -0.0025022864105575994692 -0.97921303003852167013 0.19617699919512585072 0.97961923001062012339 -0.043136402031925653866 0.95936385413522939913 -0.20084795930294860322 -0.19819458272800291598
7.3792727190214231214 -1.7562738869404883602 1.5013835278504161774 0.50860732275007269898 0.00029247467062782153691 0.86099855151059745406 -0.73962755273183256044 -0.51176915417912127726 0.43708513595271369923 0.44076033678720960562 -0.8591229523703086679 -0.26007321704819719166
6.8943150294370738607 6.2257028667401961286 -2.2592688230404718297 -0.35481047408493865403 -0.0031367887868781118774 -0.93493298585278428181 0.70911393879240181004 0.6508122009577127498 -0.27129485969107253185 0.60931678894476015707 -0.7592322698888048782 -0.22869064491026974695
2.39727904348642884 6.4318929262062800589 3.4024360617448778932 -0.99663872535317998835 -0.007267442880509985062 -0.081599236515914663759 0.025301804971273079981 0.92005379492227679084 -0.39097421029259593617 0.077917069960051779653 -0.39172464656021777074 -0.91677736200551163126
-4.3049303791652899775 -4.0151235778541467525 -2.9539797554221056686 -0.098774053669411956968 -0.0092639975741393605635 -0.99506676392627502192 -0.023850064248751176588 -0.99964738286555987479 0.011674089495284362475 -0.99482403507198491344 0.024885503393906448916 0.098518277308402513182
-3.4436336966585447961 -8.5091819501076049193 3.952271291992333957 -0.65811276803544493941 0.0036905656314321633182 0.75291032950372971388 0.70118449840833496634 0.36728453754737766523 0.61109931080785251378 -0.27427702007284016084 0.93010131072014912146 -0.24430241107329231376
-2.9308296593538827324 -3.3902324464683153415 -2.5267578624799589271 0.29113279886335058366 0.011180012523876370692 0.95661732199770943552 0.48187493955099891529 0.86210968759836270614 -0.15672724454190856136 -0.82646127317531481449 0.5065983555725604992 0.24560103841864644458
4.1909385106959602396 7.1808779241135853866 0.83231015555066645284 0.29954053824506782222 -0.00094051365004127343919 0.95408311031190407014 0.9342481007889138489 0.20313857084516986906 -0.29311295980775786685 -0.19353540275641248347 0.9791495475510066937 0.061726909940648590214
-6.9105998184662986716 -2.8554410697978451772 4.3349869034325791972 0.47653764214700922164 -0.0018380334926971150789 0.879152146815186053 0.11192393095142232073 -0.99173414368418533194 -0.062740911146131853049 0.87200052138586359174 0.12829657003975292184 -0.4723929305341560414
-3.5606818631937411368 -3.9807315305774699787 -0.40233418961493949695 -0.93773738721774457794 0.0073251029074708762234 -0.34726781521131611097 0.091632152523438786806 -0.95914389855007087249 -0.26766869540088711332 -0.33504050686168529438 -0.28282384047520642278 0.89875387844545662208
-5.6339602997655333638 8.3812176699324094642 3.9194713004478618501 0.98474358612541867952 -0.003922990180801737628 -0.17396746745587349237 0.15423567467886600824 0.48257109231021544371 0.8621696454425691325 0.080569387743471318486 -0.87584801821685831502 0.47581385303940032516
-1.5740290258344920016 -5.9823581772529692557 -3.8569134809866683078 -0.2217510521280107727 -0.0034474753800177188739 -0.97509721863698783917 0.24558308403102493966 0.96756189627258915031 -0.059269939427866756565 0.94367124557113601924 -0.2526105536103464555 -0.2137112268615323496
5.0197417858879713748 1.762076145501757285 -2.537067981782794579 0.24996678951803302793 -0.0077992326098154027281 0.96822299916328102842 -0.81176292484246981296 -0.54676007994533026846 0.20516912250498628434 0.52778552271653200734 -0.83725300056120843806 -0.14300298969539673721
-5.8851326761075464233 5.1806511042335392503 2.643103918670159036 -0.99996055802801619983 -0.0043615963757181151761 -0.0077368511292985834432 -0.0087164668980959716937 0.64912199193014397114 0.76063438181389109172 0.0017045800535134753625 0.76067181890072543826 -0.64913440698920621408
8.0556329234043673182 3.9711673822448627647 -2.7073327155928228471 -0.45625110772210053511 -0.0004884884038543323842 0.88985093587701602491 -0.57293373333572639172 0.76530992792751995069 -0.29333879972084170307 -0.68086846300022474399 -0.64366177111484879081 -0.34945337385263924856
-0.81382156376642500462 2.6237156454997450084 -7.4159692443756908276 -0.99891953189136661884 -0.0075885652469133814749 -0.045849563610584058437 -0.038452324293766326768 -0.41910560340553054681 0.907122875883051627 -0.026099570153570960523 0.90790578083379624985 0.41836097519521375787
-7.6765220326323273525 -8.3204339563109677158 -8.2553714718118804683 0.96002946946884559765 -0.0050532971481725540847 -0.27985332218714775721 -0.27211650402866061071 0.21728187816363253582 -0.93741196581684615996 0.065544076668881123826 0.97609581989136706692 0.20722192066483760553
-1.7119265622059125498 -7.4587287138158533395 7.5227648694797171203 0.26594555442766315556 -0.016506823033645791343 -0.96384671336978877676 -0.21055835439736869663 -0.97670551697995067197 -0.04137043019575518954 -0.94071150810093384642 0.21394825985378393418 -0.26322613972000596938
5.3751466901065274584 -8.0645546852225802326 7.6713074209026244077 0.68788504243602954791 0.0079886723054329675936 -0.72577568814877047032 -0.67753669681284756088 -0.35154537394778051507 -0.64603395772038274547 -0.26030403927903300598 0.93613675879685687153 -0.23641018583061648717
4.3820951335267244175 7.3432347068901240306 -6.4273268464510673326 -0.76382169068945549029 0.0010584569242606256534 0.64542645165904843907 0.44264170169581240621 -0.72691885182856741388 0.52503076745650811841 0.46972837763108310494 0.68672255134448934033 0.5547678692236600595
0.91750678511152072847 6.4352570787884673109 -6.3697653699946821249 -0.084875132204233760813 -0.0029514088568716153119 -0.99638722448593819436 0.70415283536565720368 0.70732965173031459027 -0.062076954092089610404 0.7049574429566313194 -0.70687767892940134296 -0.057956454787741230883
-1.9591480506411091955 -8.5266125530701870616 6.4300010431651148934 -0.58453014370798828114 -0.0052773570417189667042 0.81135483026819421593 0.81103027636333058226 -0.032819370464212328786 0.584082853493041676 0.023545740992587931018 0.99944736651060095411 0.023464007673888880728
-3.8626533710219810303 0.4701635901459144673 -4.3084940432780136632 0.94987395321367862344 0.0059381814815395944987 0.31257672819179538326 -0.14168427675581454772 -0.88307319832699626705 0.44733353564893829635 0.2786844788044288701 -0.46919768157640628914 -0.83796688292376642071
0.03368241482673507009 -4.8770115002171747776 -4.4610691018634822669 -0.97358004068611958548 0.0065344547960648185353 -0.22825250333397922864 -0.19010149051993704972 -0.57696980478973458606 0.79433448097330450199 -0.12650425953246607902 0.81673933740311710494 0.56296849561831174835
6.1053880447815052079 -1.3981896717629547222 -7.4590573261278922956 0.30730509709604131308 0.0036735403640797224117 0.95160395249288953767 0.9302175450990751715 0.2096877544356114953 -0.30120817457305548714 -0.20064619629748153828 0.97776149992767635855 0.061020924037414922547
-2.2496781366609042152 7.2791149961613088593 -8.7412187684081992245 0.061965694250561177692 0.0068784976726946178011 0.99805457716784118372 0.058425153156636426555 0.99823649552308491018 -0.010507163464067765038 -0.99636677695272002353 0.058962575208541388727 0.061454540191182599473
-5.7808625524877355062 -2.7238805218491752846 7.2434500256779328353 -0.32340123523447528164 0.0019714154419249595336 -0.94625987686795653975 0.033293315366135320388 -0.99935497542302531571 -0.013460618437128115538 -0.94567605246215902248 -0.0358573091285131762 0.32312699853336801503
-0.96591026978598681918 -4.0390769603406404542 -1.7628728392721335627 0.7700848909898880823 -0.0024871170060256977963 -0.63793657593700392461 -0.24920188877665280791 -0.92171169636552319204 -0.29723049542952423296 -0.58725435656050894995 0.38786771331493019588 -0.71041604547515779799
7.5217782152435272991 8.40740725357633778 -3.6237322507075737654 -0.20194440780705574801 -0.005408777116079850622 0.97938205072666495443 -0.5752732086077936291 0.80995770054815974248 -0.11414577863757172094 -0.79264064468950812259 -0.58646335644487057603 -0.16667795275219379758
0.16383206254259188861 -1.62869379912406953 8.9972218513445678667 -0.6313442016478050256 0.012296306222198107039 0.77540524882079064906 -0.75531870291874458889 -0.23638570808359238296 -0.61124091325342277958 0.17577871334924488611 -0.97158149316815634045 0.15852837621733206763
-5.8970609042868842309 -1.6767191769835601001 5.4692779454631814673 0.38616701751042931123 -0.00062505449187645297556 0.9224286660191624021 -0.92236849532588327527 -0.011703520431886263106 0.38613389703576650458 0.010554308012981135356 -0.99993131609956220629 -0.0050960441507780550666
-4.579877161016366216 6.1055691159156735281 6.2554417227931287115 0.3233532666728629601 -0.0012627442103488031519 -0.94627748066274575134 -0.77050520895304375202 0.58016535361173848795 -0.26406416917985192638 0.54933085468443465516 0.8144977396811931003 0.18662541130916410204
-7.6042753095039294919 -7.36045187710947868 -0.043306941829248497833 0.9605261957138719886 0.0035933609740717632232 -0.27816634430546399726 0.27769722511542205279 -0.071847631218410701326 0.95797816731463913964 -0.016543231562442573673 -0.99740914656182522169 -0.070009398256537888616
1.3135682540285285036 7.2336456203492822681 -2.4844242278589945272 0.94683401647062492845 0.0098691562229480805923 -0.32157105748057374095 0.19386294831724673604 -0.81518618073163751081 0.54579176250095795542 -0.25675377801211302087 -0.57911491994220487545 -0.77375926939652517333
-1.9479163449406717845 -7.1048195110964025289 -2.6367816679912996491 0.53693619035708572973 0.0066852174194125327245 -0.84359636992616626738 -0.0011077010541678004515 -0.99996215252438036547 -0.0086293984237218908373 -0.8436221313379398401 0.0055678889029327285898 -0.53690846345531650918
6.6845396379133630305 6.1273728974687582394 1.0108725638357012322 -0.9054473266309224222 -0.0085782225096172337597 -0.42437195100008795468 0.23964263337490374073 -0.83553819293330167106 -0.49441615711739739236 -0.35033776126205506962 -0.54936539957322416683 0.75859153092124531614
1.3268409883377008107 3.9148239377762350522 7.1876144358449982619 -0.053625036609665922838 -0.006857914222059396589 -0.99853759291330346226 0.99851927424575093184 0.0087887811149310861997 -0.053684413811027460739 0.0091440914442171214449 -0.99993786123875538774 0.0063764608228409330043
-5.1263159811135672328 -2.8323105000771082729 -2.880096342316458724 -0.90810363287078321726 0.0010323119398709338507 -0.41874422539174360747 -0.40754066383643294813 -0.23196105096286578906 0.88323534698053873804 -0.096220576212053141041 0.97272452686690580315 0.21106538215697992489
-1.9039539044077660179 -8.3319236851364326668 -6.3479421141894860625 0.9515683355687697409 -0.0038660603779374063532 0.30741300610112615166 -0.3061149636814036179 0.080727469117152686473 0.94856560381475474308 -0.028483885852968501839 -0.99672871399758444788 0.075634244490309449072
-7.6274697143834098156 -3.8315596510423657328 -9.0180775810708144746 0.84705117664625317886 -0.0061934150645172169475 0.53147525412929219613 -0.48376144995626241263 0.40524075836923401095 0.77572855258272555012 -0.22017984394147777083 -0.91418902277693181446 0.34026352574996182598
0.58890696659652719269 4.0467332198990133563 4.3218774861600914861 0.91114865017525137336 -0.0015929902864086839531 0.41207475009454186399 0.40823636850091615802 0.13971412436490676656 -0.90212140584614075589 -0.056135592245690979496 0.99019060076058862396 0.12795065239504277432
-6.2006561966974373945 -6.1525121657070434011 -4.4265337174178442936 -0.93859542594835532192 -0.0048853879022677966504 0.34498515819408409611 -0.33600383837215341831 0.24003314487969151791 -0.91076095105069498903 -0.078358451925907707247 -0.97075240012297614456 -0.22693552094700938926
-0.53577952881865209545 -3.9952747517827567059 -9.0826858475888041511 -0.79579354158594872715 -0.0030861060575410204782 0.60556016639090703979 -0.45197600707525925623 -0.66249901265599686617 -0.59733805107138848722 0.40302646091562277508 -0.74905642923543969136 0.52581758968543113042
-8.6314808119727484126 -5.0828396102211144125 3.204157502464384244 -0.20601800088857433191 0.0044118483909756887884 0.97853825622877910195 0.1819465714319157823 0.98272472458376858295 0.033875667311793061787 -0.96148428403898322792 0.18502067799418892013 -0.20326170387092537539
7.2511340010307376858 6.042844213061407288 5.4497698006611532406 -0.14332441718244204321 0.0013697490172024278168 -0.98967481286907210691 0.88853341224755166827 -0.44021971127163056492 -0.12928643056334848671 -0.43585145033531530467 -0.89788904080384068784 0.061877165782044690756
0.098760892451758439115 8.4610166788176215391 5.2705661221474802147 0.31953965422473640245 0.0016019108525207716512 0.94757155046980867663 -0.94752720371018561707 0.01036137358595866885 0.31950718327824551013 -0.0093063208096416921017 -0.99994503639894871672 0.0048287238436790979809
2.7902583684592023872 -7.2735363686842608999 -4.6543032332272344931 -0.94785676146488517801 0.0033654479327900241846 0.31867888776238062487 -0.14528187547884202635 -0.89456346313607149057 -0.42266935904961810966 0.28365601774434673343 -0.44692827632893850076 0.84840696568044415837
-7.3051850145279804138 6.1758366688215859952 1.4456315642663106757 0.9119173771369616377 0.00066276043818816118836 -0.41037331543831284675 0.32907813646926320494 0.59627863063897312834 0.73222904527285437304 0.24518213102331193332 -0.8027772763301976866 0.54353874492535669827
2.2559784947121492849 -0.57891226581314014776 5.3505864459990615245 -0.63392773064402230254 0.019878186264577053788 0.77313678610660030444 0.33446046271038909481 0.90840202717461271398 0.25088235471732700521 -0.69733193760508116466 0.41762496900438206282 -0.58250970297517012941
7.134401827688529707 7.1913287463651469622 6.4789202778220191803 -0.77370194756841703665 -0.00097563419250372949987 0.63354900715497397545 0.22730742815242210852 -0.93384703724954554183 0.27615402247089210208 0.59136843797736871053 0.35767130043932904293 0.72274104034998909452
4.5399434567265455343 5.2674405696104056318 5.7075615704882407542 0.49068312704763411558 -0.005075021585795907314 0.87132331139857455149 0.51668671783443853585 0.80689767516649490986 -0.28627081133819598513 -0.70161592373912440301 0.59066943882902334106 0.39855327070438339998
0.10185996088795779002 -2.8946016422427915948 -8.5010559991844534267 -0.99981756411690203556 -0.0012114067489360136245 0.01906229202177715451 0.017771547528163206264 0.3067817997453385348 0.95161394454043979341 -0.0070007558085984078478 0.95177910243860752715 -0.30670430316408786586
-4.573798885959964089 2.7090571439925690278 5.0553977284362137112 -0.079700943043118380182 0.0064179637619146290978 -0.99679815881612365835 -0.63895237789762848735 -0.76786100351601260794 0.046144751148041326938 -0.76510627919067752956 0.6405843340424417498 0.065300019313271756571
0.82677325284378622161 1.6367044801646908336 -4.3433809942020653594 0.96696724652021281976 0.0050560475601055671069 -0.25485050625851307649 0.23176122496569767639 0.3987911977474666303 0.88727240191584499929 0.10611823010029818037 -0.91702781690762802391 0.38444623064626470832
6.4868198106754073606 8.4985430036945110999 -8.541262286389068592 -0.43117099545135062488 -0.012600546975291136709 -0.902182242619189112 -0.13298873358070506523 0.98986900721419546212 0.049732738683251127842 0.89241558111779339946 0.14142338834950785031 -0.42847853599176588535
-3.1926523611313175621 -1.0665803188120162037 -3.2814023482544607546 -0.59106694797827341592 0.0017292722208356024229 -0.80662064976369729496 -0.39810564059353165112 0.86909206293102969632 0.29358284193387301775 0.70153528915907148455 0.49464734485057709756 -0.51300316012359092888
-0.84958348799450189581 2.7899880421812892628 -2.1907641847672114643 0.97424290965374549245 -0.00032406135326185168261 -0.22550088242301460917 0.22134803420260701357 -0.1896623055668663349 0.95657370735422619923 -0.043079005837718051253 -0.9818493289863398088 -0.18470542608365664305
-3.1509562202807726017 -7.4251528449421932976 -7.6710706620768043251 0.78955169514695744404 -0.0035395723507472194071 -0.6136738483250948617 0.45332276356555689656 -0.67066928187895302749 0.58711258407354127709 -0.41365032663334255769 -0.74174806084789379756 -0.52792349967076190875
-7.9517316061519656145 7.2109388620704830686 2.2495596497156924443 -0.98580856937321215128 -0.0002497626777101789354 -0.16787317286883965406 0.16777786275593231657 -0.035191033411975568279 -0.98519651843511391043 -0.0056615651148519043762 -0.99938057254797696416 0.034733526950871396188
0.10374394002332897047 -4.0343809370556220628 6.6277150065120560285 -0.18224225514202033183 0.0053575969741564578169 -0.98323906380656977966 0.9526228950627059211 -0.24669214580025317085 -0.17791178994940501368 -0.24351053415232717936 -0.96907908931877106973 0.039853963436453448965
2.9717152973519334047 8.3618136721606646233 -8.3326584377709274065 -0.96347051139966255473 0.0053446444570245735251 0.26776110329774005514 0.032549076962920871214 0.99472619235485892908 0.097264381107497313583 -0.26582913920859813084 0.102426739765531849 -0.95856331649428561104
0.35506998979728804366 -1.624226743748071744 2.3298811430002968059 0.060087929936291056832 -0.0027209227767376244905 0.99818937945418895197 0.99800200294087881847 0.0197296011334270327 -0.060022870350233611947 -0.019530560717231422452 0.99980165003788190603 0.0039009972716632004136
-4.601937632212971252 -7.2432650537739142749 -1.6452538007607131476 0.94422096351933570979 -0.0080018682376166057335 -0.32921534313501393809 0.26904785049322449408 -0.55772498650281043808 0.7852108593080729948 -0.18989477664133988521 -0.82998723456152634359 -0.52446273868529302842
-3.0184737639473433468 0.26912026063282767918 -1.0289410583955060918 -0.45749275484979418094 -0.0071828427097075861485 0.88918433748595815391 0.032750679189479187103 0.99915279288801517321 0.024921666819347397526 -0.88861002260424781785 0.040522872985929478395 -0.45686992075694921045
5.4496253386305033573 1.3526331978643848508 6.0342339726951923495 0.59159525911487242933 -0.0019101518560797501808 -0.80623284522086058335 0.76496919196374524308 0.3171568055698459343 0.56056551448254332559 0.25463146847777989867 -0.94837118893451266555 0.18908966989300898809
4.7246284307406503089 -0.35734573928448959412 -7.6046406234524033252 0.82215111427066811522 0.0036753891668377938404 0.56925744335733374779 0.36955161049076018509 -0.76407475407596203709 -0.52879237642711973688 0.43301172326746795171 0.64511724647388757337 -0.62954315643553715454
-7.086868721455932274 6.2481131607675006734 6.1873986959413711517 -0.92291835591552273677 0.0052174133374911363381 0.38496037057437887396 0.2663706099014521711 0.73060031027000893467 0.62870492666616950572 -0.27797195271350366719 0.68278544597227364132 -0.67567420275826195475
-1.6796442106253270943 -5.2342514457608242395 0.98990151443532259368 -0.17631520260348945706 -0.0050398212483930534059 -0.98432085700384042148 -0.76154841612783430449 -0.63288338878988836811 0.13965180302163002213 -0.62366413976121648499 0.7742307255565251678 0.10774889502965616372
-4.8483814503132158791 4.9989320844658458043 -5.1396995988250742116 -0.56629253063575335503 0.0052972995019280409018 -0.82418730174890098006 -0.11771875904023429427 -0.99024704567173271741 0.074519006357118736106 -0.81575429114162001376 0.13922186306902187281 0.56139309697158412682
-0.51646465834022603492 0.47597106019502433139 -8.427304111810535403 -0.66122359375483452659 0.0061579840539788344503 -0.75016360768445566887 -0.16025031995590319212 0.97572595396112060673 0.14926050288252365461 0.73287324553147159545 0.21890852427236173749 -0.64418620288309780264
-6.474166376041295301 4.936913910033818631 4.5005936442364085082 -0.84340212667471314845 -0.0013436756940115751092 0.53728116220098254274 0.318099657397417801 0.80464808485402372629 0.50135223895410319095 -0.43299591301068846017 0.59375049816918523682 -0.67821448321278254845
2.3861384289838007966 3.8922678352987123418 -8.6834424794991349472 0.998278910527465424 0.0082237008052382862267 -0.058065372993344605002 0.023734108189931404226 0.8487556222920970006 0.52825238829213372327 0.053627501379370445811 -0.52872134851252172716 0.8470996557209349298
2.4987124528311479565 1.9347136460793759039 -2.5503686190024610347 -0.10341875347090326298 0.0068166333813692130128 -0.99461454591216424959 0.99456494081880031377 0.012820782576144426623 -0.10332572781416557439 0.012047403234992017096 -0.99989457496452827101 -0.0081054939281232380593
-1.102045518562446702 4.9190415101501585582 -3.0710159019499547739 0.98196520940835874125 0.0046590495304392577983 0.18900428770023522396 -0.12797782035347399221 0.75222222264065286002 0.64636166753823531828 -0.13916179435880798865 -0.65889302699515905903 0.73925230738086233906
6.5580957440462288588 -4.4758709685799624722 7.8142877733652964523 0.99995831478259045166 0.005538230429031870683 0.0072592493387650426639 0.0047322436049103801595 -0.99428077075193599388 0.10669280567885240651 0.0078086213705959740122 -0.1066540056295644523 -0.99426553219725299915
4.562873077097980179 -8.5483410658102307877 -0.65921216062733178909 -0.99720292281969347137 0.0054774238851329265163 -0.074540784458233214083 0.029744197218030642149 -0.88585337386402562831 -0.46301088836618209399 -0.068568312301640288453 -0.46393296696961389136 0.88321265203037813141
2.5257484296507617394 7.1969881622304860969 2.0462887345381850501 -0.94374311405004596143 0.0086956734749907959453 -0.33056515234674699322 -0.27797893260444628272 0.5205614493177266322 0.80730631764685045759 0.17909954693200424991 0.85377992641386124539 -0.48885906920248045626
-8.3469121374481751729 -3.888520157986002701 -2.5836276785919003451 -0.98447562635029384204 0.0035758988119251929744 0.17548491123104847933 0.082263102649551195222 0.89258556236796238181 0.4433100447707641889 -0.15505006631598794442 0.45086386725913940587 -0.87902289511459230642
8.4588522495956812719 4.9258104532479496385 3.1273903228781989583 0.86285489259337089241 0.0014259209564187712294 0.5054497018272767761 -0.49584601999462296629 0.19641599798645523189 0.8459063069812285951 -0.098072212085909438173 -0.98051961861281888844 0.17018554207739308715
-4.1607596229252470366 3.8552035794781356337 -7.1236881959427291733 0.89328088431021324123 0.0015141528004578201985 -0.449496350449299642 -0.33259146735903261094 0.67492180536707391258 -0.65868313511118015136 0.30237754143753181602 0.73788770418092985981 0.60339834144029069751
6.7378328172178232336 0.28589171970706600545 4.6065454362001716504 -0.94183434775479879519 0.0022518364814285967562 -0.33606991924566748109 0.25131610714135532714 -0.6591989067700821936 -0.70872915532284441742 -0.22313286553223857234 -0.75196524557031729774 0.62029024961994017051
-5.7276684248929674581 7.236616619256087013 2.3948579284620414853 -0.51372182916990238866 0.0036293961749303649093 0.85794913002914430233 0.66364837737359216874 0.63544491104833566997 0.39469050689411883104 -0.54374692039911776131 0.77213767717060666218 -0.32885056492278602613
4.5500225819314943365 -6.4044907964855148919 -4.9901104315559861035 -0.76019391471139519112 0.0079255088942011032993 -0.64964790336318678499 0.08756686353782562604 0.99205153732730155802 -0.090364770216900841548 0.64376801446308351551 -0.12558237772479088901 -0.75484555371222872289
-0.66423653093304735329 6.954056448885295616 1.8386073245296685741 -0.25634102213692988581 -0.0071208618269531648304 -0.96656017593156140499 -0.75912395385130315706 -0.61753195328666810049 0.20587644197139176594 -0.59834781110885115751 0.78651355995707095126 0.15289315532271258169
-4.0456385103108303269 -7.4022006449925656923 -4.8602434904752733758 -0.030595832961505121939 -0.0066195774505412741801 0.9995099180095980973 0.29083512706059044817 0.95665182734114762031 0.015238441917279481677 -0.95628386155609657049 0.29115882682620386479 -0.027344353862640894542
-5.6401308019893292567 -4.0034009136974670895 4.6864977402513305904 0.86539649821529296414 0.0031060583843213851289 0.50107809099803934938 0.23186122185002655538 -0.88897176207439787543 -0.39492984191688595974 0.44421759834468466099 0.45795148065653840108 -0.77003322440346921862
5.8053948565546802385 2.068887555514224541 -0.41269738525336630008 0.99928682105794508495 0.0061543763697737268598 -0.037255508467662568073 -0.01772200881290102864 0.94765554844354860098 -0.31880227713687525615 0.033343360108570828382 0.31923515651563227902 0.94708876837455147069
4.7818098471924512793 -7.1414705976018160172 2.1398815329382143702 0.99964678891900071722 0.011298254960060420682 0.024055079271081369202 -0.016637593593981574863 0.97186962580469660189 0.23493109823397870239 -0.020724089443947255051 -0.23524833659955893261 0.97171432645799238337
-0.59197323267601464902 2.5856298763507528093 4.0514753585580409734 -0.085789660263975137111 -0.0012161620661681445468 0.99631252884910737055 -0.99619687723538297153 -0.015180420623010849532 -0.085798232011070521552 0.015228787814984821522 -0.99988403116540813809 9.0786275429356223798e-05
-4.4923733184366581028 -3.9338356319302052455 3.7209023149238613648 -0.94030307355745446074 0.0030434530504182370769 -0.34032464978616994156 -0.19163478482336473996 0.82164047410682605754 0.53682682548025695279 0.28125831384000282709 0.56999795499908290086 -0.772007831691307711
-2.4104878880365050442 -8.6346308713547230695 8.5261349541786142225 -0.86198886969964261251 -0.0098379758353328659176 0.50683173020767535721 0.10721514982975192953 -0.98073202157397798562 0.16330833875245065467 0.49545948387413196734 0.19511001022646323744 0.84643486680809043587
-5.9687685974271129652 -5.0423329111670005531 7.854747167495301774 0.9386441688193628563 0.0014220297006659022524 -0.34488418660897174339 0.22350112729853305327 0.75909059976747150777 0.6114153313756269803 0.26266779482407925927 -0.65098344001695007677 0.7121981398362011717
-4.3507099380844396208 -4.0801074609993488451 9.0114908484346241124 0.58392325171927705885 0.0059470743395230053069 0.81178708317386172322 -0.43460452493200030233 -0.84231553385048130167 0.31878432888535307432 0.68567670443884976006 -0.53895192154860382949 -0.48926300008160344968
7.0848139758308477099 3.6275609558578820746 4.7162787743577316846 -0.97271682540214565726 -0.0033394187131424017158 -0.23197160572432012904 0.011647604978829094804 0.99793243785007990088 -0.06320745830179788638 0.2317030661813953285 -0.064184871810822580196 -0.97066677668129475176
-4.5337456436148650951 -4.0909083023590291361 7.1866262196391179629 -0.81665496694613470829 -0.0035087533487789864667 -0.57711554615344806685 -0.096456127784467410313 0.98674615716484792571 0.13049228610467591971 0.56900868216124045329 0.16223350446173206985 -0.80616959112519037678
7.0132207085774433963 2.5902914070186171536 -2.3891339381572298528 0.65490704304014146775 -0.0043903155235893807223 0.75569669187179788761 -0.58274627303801074252 -0.63960721049318591813 0.50130768749868770406 0.48114815414442596575 -0.7686893660085938329 -0.42144170694006827249
8.1653907086177710539 1.9960458934323868085 -7.7295654599887537728 -0.10575701304056531193 0.0049768123838916499685 -0.99437954802536721033 0.90641708433367174091 0.41171326218595111213 -0.094341183839334583072 0.40892972919648939989 -0.91129985245195554988 -0.048052632608246673152
6.7828114227239337808 5.1622293381923709532 -6.4454117979120910675 -0.44228278564288586727 0.0015019220186900596355 -0.89687439575140126546 -0.20553506064989121582 -0.97355529060235002081 0.099726801732627753938 -0.87300703111009525514 0.22844658099961503983 0.43089544353829245527
-4.1628719379411158741 8.1860472642988977299 6.6837823227146326843 0.4446097368848155873 -0.0023144651165876071151 0.89572139927460159292 -0.76268732951375484141 -0.52537091319724105176 0.37721802842063001382 0.4697129115390686338 -0.85087017036511602974 -0.23535023670247048888
-4.8792048215597860761 6.0320421774691057593 -3.2590185025841083011 -0.48590021153913875995 0.0057009021570663398482 -0.8739957002987803758 -0.81497791465427893431 -0.36423693505243276425 0.45071327223563772968 -0.31577204285991683497 0.93128886756911688494 0.18162891314396126252
6.3669593154401944446 1.8655564034480434099 -5.1613179644474564967 0.53566196705933721844 -0.00067927572846750204974 -0.84443223270479494946 0.66717925259948052119 0.61332870412783035974 0.42272892684701346422 0.51762737750881848697 -0.78982747437467726304 0.32899005877994963454
3.6531717892845070317 -1.6641767874017363571 -6.9304963652184943257 -0.51734356312836438097 0.0052288842917010561542 -0.85576182227229402599 -0.84678265247227424428 -0.14773376182809189183 0.5110125977781030393 -0.12375288748801159533 0.98901334388618344917 0.080856839248520551156
-0.48102109484967325859 -8.3718861414152225819 -7.1236140760637889358 -0.87514967632481022175 0.0070358014856839266177 -0.4838011384093490741 0.16510337268706173908 0.94422397425565685047 -0.28492448608037601598 0.45481196153588865361 -0.32922877143165429903 -0.82749894000263113369
5.4832112747513406248 4.1112269429399468379 -5.1643800845293004187 0.4385321828999110827 -0.012049752752895388774 0.89863470221199226451 0.76402567204802418477 -0.521525779764584696 -0.37983632461001654024 0.47323809759269302999 0.85315043485886477015 -0.2194995181936310602
0.35422863366425733078 -5.2511325681623510775 1.1597346843218936385 0.75532205606091140648 -0.0032123201722294002919 -0.65534591829597210744 -0.41438921249820936943 -0.77704414079710670826 -0.47379740798987901584 -0.50771071703590353597 0.62943791135601412368 -0.58824972890315130325
6.7243877496083062084 0.33522566928535463271 9.1636756054433075036 -0.96215543006011994276 -0.00035161677558227973084 -0.2725010179278840039 -0.065914489625541167195 -0.97000333330498755835 0.2339846435876131725 -0.26440916864495517258 0.24309136089768434985 0.93327079767538068111
-6.077294302982566343 1.4103085144683829011 -4.8820227970299576725 0.88989163566737572442 0.0092164218036586836869 0.45607886855079843302 0.45105324635665289268 0.1315781657023925022 -0.88274467161319591924 -0.068145768178106663759 0.99126295395282215672 0.11293321212060725145
-7.9117428233626894141 -7.346839639386176124 4.7223373505850698706 -0.48413877867066296146 -0.020224175893129511805 0.87475746678548249591 0.75103442642014839326 0.50334993609066047693 0.42730098545302835911 -0.44895092529035429685 0.86384594954597448968 -0.228502170961121992
-0.40864936021336384364 -6.3457706693112356788 3.0847651299104228428 0.35356325137810873382 0.0093768482374772098992 -0.93536362019916874377 0.84979166040424403139 0.41471116324142476284 0.3253748376719237112 0.39095672545961346334 -0.90990478941475283481 0.13865825982541252204
-6.9628359266570791775 -0.75407963528797972153 5.7177614844606230449 0.17852193318874742811 0.012785959341999001554 0.98385285414744072519 -0.1622513193989698066 -0.98584442144764461435 0.042252645521460067968 0.97046608839459524987 -0.16717444764054217865 -0.17392031316737727176
-5.6665506084403327591 -8.4801467431643633432 -6.3320371814258402665 -0.86643457085096375891 -0.0026560794578796391441 0.49928356639883769708 -0.49323376360251541817 -0.15073372706405926968 -0.85673788171635512079 0.077534436713552742915 -0.98857083143661084179 0.12929084405391474966
5.9281747175299281949 3.9823792379243929673 2.5459049130665127869 0.6393629045993001192 -0.0037708726398503009808 0.76889586859446745759 -0.65929182319100432252 0.51188524891905051728 0.55073385932996443692 -0.39566320033038693271 -0.85904555901203016877 0.32479433407290997371
-5.3199838378876584954 4.939334815243290322 6.5636270723249321435 -0.89881846529394449075 -0.0025357657016551755219 0.4383137419007322455 -0.39687560892586526418 0.42916474775619029014 -0.81136143014263673034 -0.18605138399479634326 -0.90322266865700662208 -0.3867475834935188983
