1125 17.292696884352682929 17.968806560800352656 18.477561601407678893
-8.3084539760907247796 4.5946397005241177425 -4.5581686215428272035 0.98063529689016470936 0.0063733655367593736868 0.19573909855951790449 -0.1611640350842101499 -0.54158646379984420882 0.82505166869975532506 0.11126800208743686804 -0.84062089103288006875 -0.53007164541307993932
0.43972897270390609581 0.2290814041267548451 0.62555788849389093453 0.89049541755204797422 -0.0053474045665347627251 0.45496078576431336904 0.11332923889238399884 -0.96580934275524699117 -0.23317117544524842976 0.44065223808678682937 0.25919822281568172251 -0.85944277666301338581
3.7193986506383422963 8.0333141782551340526 6.4230107160012668288 -0.95349091055730539335 0.011615677518925244388 -0.30119787436247963397 -0.045337812785054616704 0.98236208772361544028 0.18140896156246691384 0.29799256067336699072 0.18662744878250503433 -0.93614669210801559895
-2.2924088838103426902 5.7363344366865538504 -8.7573928497744955024 0.9999647306396466373 0.0045399200631702808784 -0.0070658759447786989583 -0.00142830739174694063 -0.73712947020046870605 -0.67575003078080153607 -0.0082763165141636930999 0.67573628975231248006 -0.73709698771386011895
-7.950035387294425604 6.6773494609414569823 -7.1581680228367394747 0.74963334664162895038 -0.0029055897293897951783 0.66184696354316818745 0.51240192688743557703 0.63549188152076974134 -0.57757625803344980753 -0.41892017249738089379 0.77210208267416879924 0.47787473568406979574
-8.1104171466992021067 8.0953395489959927289 -2.1098468477299845425 -0.70357911723828259198 -0.0044750165498046411139 0.71060284267147777459 0.16192961026658209134 0.97266218862762321429 0.16645440256451973782 -0.69192140240399380158 0.2321814829849812023 -0.68362016635983779977
-3.6736592254543878333 2.246967354074786094 2.4924147377125556169 -0.63660678226606026708 -0.0024576990574594723311 -0.7711846500600157972 0.65345499067988033204 0.52933713258995784834 -0.54110883860529990219 0.40954655404298401233 -0.84840801491786710375 -0.33537361299747270316
-4.4877275823290938561 -4.427446867485332227 2.8906687843286591466 -0.45405645490666735054 0.0035624449245148012005 0.89096579325130564886 -0.87413257422121104501 -0.195286445302874756 -0.44469702828599888544 0.17240933397915383929 -0.9807397785687776981 0.091785120197737629644
-2.0252886045137863391 -4.6996343453283504488 8.5434296905480255901 -0.56028337250113513512 -0.00053528879898620540523 -0.82830082455868192515 0.57607904532774178996 0.71827914205644383117 -0.3901384467352135843 0.5951600423693317321 -0.69575483293515549832 -0.40213149144839055449
3.8316734519289568084 -7.9876183673377969541 7.819043676689557465 0.97342355745166453396 0.015365604400680082584 0.22849611812809739186 0.10077465918821026936 -0.92469428147329346679 -0.36713070407720310717 0.20564786860978212513 0.38040029444269662928 -0.90166766057366742881
-4.22135065176647295 4.5703203103049840905 7.6516059945111605245 -0.49333486587408187374 0.0057645420252669145322 0.86982037235768405736 0.24907901826671960399 -0.95716768440153565667 0.14761323313508203925 0.83341487434074690288 0.2894767589852241807 0.47076836473493527402
-5.6288588952439262414 6.755883214763701794 -3.7279167973774214317 -0.42766275454642643794 0.001269320468591075661 -0.90393747416453218424 0.74274933667751552591 0.57043997182091898956 -0.35060185597648674261 0.51519704117818188038 -0.82133831480986940754 -0.24489871658832240708
4.4202328051397676845 0.98107512094658266832 2.6841875989497432364 0.43773676363579583359 0.016622700723868011341 0.89894950446756327622 0.84073267581866228948 0.34681075428775476333 -0.41580147729607036533 -0.31867709922860670835 0.93778781530328314542 0.13783656951716327654
3.2507868117909239913 5.3888685641218545541 -2.5304048761745718821 0.99684871335896707567 0.0010722151534709716686 0.079318932351637533307 0.078672219401895046587 -0.14149131847673049323 -0.98680843566005549405 0.010164869360141551985 0.98993891586831073148 -0.14112979232085876014
5.3062217020031594572 3.3562206960761606922 4.6691512771453940189 0.57061601005999940117 -0.00088597846452387460023 0.82121652693136237833 -0.72722058134455047629 -0.46510784476810856924 0.50480186093591272734 0.38150700535132497926 -0.88525358388276276234 -0.26604228440299843017
-3.72185132867043178 6.7414979237361691844 6.1819549849898178806 -0.6269570813601357262 0.0098066589710658087081 0.77899207157193106621 -0.45252271413670186462 0.80935337662844630824 -0.37439324904480497658 -0.63415141040803413297 -0.58724010522074898688 -0.50299209486592699747
-5.2662361739926994986 3.4655203284943030262 -1.7145331629277178465 -0.19689369880904517007 -0.013415324430655932095 0.9803330558741824019 -0.014176819992466622999 -0.99976288452810335716 -0.016528535764637409394 0.98032233940876989386 -0.017152369808430031894 0.19665682562712785697
6.4188380862162208729 -8.9550836921551439929 -8.3060923304535059231 -0.57469995998043810204 -0.0095818959804207983616 -0.81830809800958737021 -0.65134923756642060244 0.61072110484229091831 0.45029312988527614436 0.49544336378647774177 0.79178779945746557978 -0.3572225551531302834
0.63024187393812369784 -5.5357162181986021565 -8.5311214901735734628 0.83759111904989969055 -0.00021492917799019288505 -0.54629760304616625799 -0.52886005495760779471 0.25032074167473805648 -0.81095411001927131256 0.1369239188698332943 0.96816294087959098302 0.20955276268397027284
1.9501422390236167193 7.011385994479583772 4.1289588902221501243 0.56252349555713743179 0.0025382147928255504449 0.82677740318166503819 0.77461316145862546545 -0.35120808736774355996 -0.52595373319597316097 0.28903592690434443124 0.93629399059984641518 -0.19952893555914000268
-7.778026129403684763 -5.7078695299617612235 8.0330534712662480246 0.72106224633233662047 0.0066945660165389454452 0.69283794620367111783 0.5181716298698166856 -0.66903312211047805125 -0.53281595651502700051 0.45996456266984658834 0.74320243830656973483 -0.48588346008384436514
-2.4175699822296388142 -1.0642072283881922612 -4.0311223225110000001 -0.90870160515563314085 -0.004347372976458393698 -0.41742363749047350918 0.41266853176654422208 0.14149873660998349423 -0.89982375520302737559 0.062976786813029192458 -0.98992889031797748345 -0.12678610506167317662
5.5523245676374877178 -7.8275766776486044307 8.9606921883139616369 0.68448039926367831853 -0.0009078901726053932586 -0.72903069809129505963 -0.6521688879337108613 0.44616665084324219626 -0.61287116206158054332 0.32582560463455934041 0.89494943734881637898 0.30480022958300895253
-2.1618116464577967761 -5.5851583586964279604 -6.6901418845148734604 0.68828930556260048412 -0.0027381823456597885816 0.72543113677708015441 -0.50639984159050954737 0.71421823901898862097 0.48316819792911352982 -0.51943915166786369664 -0.69991771617119913351 0.49020216064837096592
6.0292719069838627277 -1.1082614485713822017 5.2269186555928133231 -0.9984617534953282858 0.0024518900078360928579 -0.055390568171740581227 0.047733656790294752559 0.54625253106504478851 -0.8362593319744519027 0.028206822160996750104 -0.83761695335076868929 -0.54552929769471636412
-3.4021805132307996189 -7.815352273148358897 1.0130378185139532476 -0.043635120007311074819 0.01114996355717439748 0.99898531251194577774 -0.85314330104588997905 -0.52072759411854097067 -0.031452831421420926472 0.51984852041988371951 -0.8536500752864623065 0.032234527776307017599
1.8782831776295560999 -3.1912463278579918935 3.0940640281172839821 0.97464139844656705325 -0.014549618353232193768 -0.22329902158279130164 0.11827579765265981704 0.88059849016710556313 0.45886505075578737367 0.18996046989744591604 -0.47363974465975755557 0.85998861164249940092
-5.1404517378520244719 5.4884837307786256133 5.4164707009456405373 -0.87807480777529134386 -0.0098051698311726349228 0.47842292022351678993 -0.47098950185326499129 0.19442070658017898688 -0.86044725462787596815 -0.084578490731565897365 -0.98086923057939356951 -0.17533405661221648786
7.8551473209240789686 -3.6345026619382472255 5.0108392847037981355 0.38348417023713615714 0.0084361837960006871157 -0.923508918191843442 -0.84220470608985753547 -0.40714849734863184372 -0.35344212276755804236 -0.37898697103889267268 0.91332301619391031977 -0.14903000997467155675
-2.1431145561034026237 -3.3750849327865033445 -1.4958035755735152872 -0.99925340123819905713 -0.0044085163185447126533 -0.038382353992878190385 0.00086901402208054527587 -0.99578175669210722276 0.091749320726834157624 -0.038624926262626528561 0.091647465993700161224 0.99504213832793042549
-8.0158008319511964146 -6.9133425833337840416 0.61767469498869997935 -0.45394338271877932023 0.0077101859461335799442 -0.89099717076896756129 -0.70360596035233424761 -0.61663101919141904972 0.35313572281446897749 -0.54669375142094922548 0.78721454458340667237 0.28534050352822087904
3.3253740499319728308 5.5642570778437079326 3.8027419839174796401 -0.94886242886761751336 -0.0063097558803132834312 -0.31562680187856639868 0.27771771302558873051 0.45871889181619263098 -0.84406744408417089254 0.15010983630394014732 -0.88855903870899766162 -0.43350879088340554812
-6.4750858009899774359 3.3392731531946946433 -5.1490196309266238472 0.83277635656609816373 0.0033949250486599658397 0.55359914597844217532 -0.43106072256605670878 0.63143959921234138477 0.64457015600084499596 -0.34737615549258343828 -0.77541763394324980663 0.52731138766841700871
-0.1606277238005161534 -0.20759474447032888467 -6.6981659735768346309 0.33124934062049715688 -0.012511767618307674185 0.94346029593704050509 -0.81296566365947886545 0.50374279451520220796 0.2921130375126766987 -0.47891617643296813256 -0.86376307668550578178 0.1566928310599186025
2.448979552538416371 5.430586881495787388 7.2614395888347944563 0.63469459015493989718 0.0047304550788067421113 -0.77274860078948481856 -0.25429392236306580521 -0.94300895769872483676 -0.21463621956346626285 -0.72972417958882695999 0.33273372010389978826 -0.59731975794270475433
6.0059381130539666316 -5.5988427408555061504 5.7544339349279214346 -0.48612951172545709744 0.0060462907521113898324 -0.87386585938456962097 0.033998216671948883194 0.99934986595999686365 -0.011998611119875574049 0.87322518235129409359 -0.035542759794726305755 -0.48601902548502567969
6.011735057509261182 8.0609055339955002495 -0.89992357307921821974 0.15955487741394080992 -0.0024298802114176634714 0.98718606998684255149 0.014948246660481594866 0.99988826770083205631 4.5121232052124657722e-05 -0.9870758790566147578 0.014749501561446417067 0.15957337242944755196
7.8890496372682097359 -6.6772160020755864096 -3.8079640389406259615 0.90415555155223692463 0.0037741994019558720158 0.42718672031796345312 -0.2164476709155883638 -0.8580640353309825219 0.46570002901739937506 0.36831120584687432329 -0.51352883725289533157 -0.77500644446174105084
4.3620726337783874982 -6.8391675377228020594 2.3595219290474092055 -0.6479280171288063217 0.00081891186150244085762 -0.76170113168028630302 0.51080508186367012957 -0.74134206730885332526 -0.43530461470105313859 -0.56503756774373448124 -0.671126864774020504 0.47991799134525059412
-6.628366969252548202 7.778144424745048191 2.2731144933307487754 -0.71513175314006016681 0.008108964520191701969 0.69894264453197318954 0.57499166327705797386 -0.56175200351561793699 0.59482709564014846215 0.3974558627225693308 0.82726593743507725875 0.39706410810728592908
8.4766094562879938934 -4.4878674549754506984 -3.8468354100235129245 0.67690427774848505038 0.00074646369834934465926 0.73607067701248629632 -0.52488637591011044758 -0.70058060334957805715 0.4834057411687018857 0.51603768384652359824 -0.71357288415595587772 -0.47383419868922804774
7.9993725050645583252 2.3561716419837730463 -2.4650652468656621963 0.343766082808099116 -0.0072370349027194615099 -0.93902742539107897368 -0.18651971502009342951 0.97952027073717418126 -0.075831623508354192853 0.92034519405457071439 0.20121546794645975287 0.33537599681471802482
-3.2608034803842187443 6.8329366726768707707 0.10368439995515962848 -0.79932372957665875912 0.0023607784644884680959 -0.60089599937159876575 -0.52003455347326887903 -0.50375200029038535998 0.6897811141204772678 -0.30107414125035081298 0.86384509544738219411 0.40388861402851916615
3.105768241125289375 -0.8788168949108597916 -3.9170736610002232503 0.35599841724491815276 -0.00298803010530709727 0.93448178077206089931 0.92205009052772834988 0.16372482967290935552 -0.35073894951440975909 -0.15194985184911433129 0.98650152145075364896 0.061040893656286267233
0.22158572256460859484 2.019800941668769223 -5.0361432186933905442 0.99238975910667692748 -0.0016994106336542956406 -0.12312464425745296703 0.088733143310128090309 -0.68340645635032726268 0.72462545131731681547 -0.085375613018689330835 -0.73003611377939647831 -0.67805477454221452227
-3.8125826492634620202 8.9306256376234838257 6.1567844680067986829 0.94567268541359283951 -0.0045809155287193908251 -0.325087968518519288 0.32504767088070135594 0.03444706573286675233 0.94507005630119034212 0.0068690405240619161267 -0.99939602504469660094 0.03406466507921668968
4.6922861071146098055 -4.8636237268018689406 -2.9689044111604165899 -0.91555055417866004763 0.0051670152259067937683 0.40216972125854499875 0.22005982766026641051 0.84340978358101359458 0.49013631696724579978 -0.33666133575683787615 0.53724597617256686366 -0.7733213472371976982
-0.43746115629539583658 6.7578945873534541633 -6.2655058683975255462 0.87081042950691411875 -0.0030283356772270019625 -0.49160962668082452964 -0.33589986803759730449 -0.73383340444236067057 -0.59047422736041244029 -0.35897141183469416514 0.67932272426839701573 -0.64004699966340605766
-3.6388866279737217546 7.8713164698728537161 -5.0876569766027399666 -0.54263192597443676846 -0.0057324620720813086044 -0.83995102940105237366 -0.32657977529941500938 0.92274093996535433426 0.20468221241025963408 0.77388386937494868523 0.38537812157723261297 -0.50258079960429979938
3.1511248584550428653 0.11360533770062380965 -0.0079759644621110424578 -0.92598499056897720649 0.0067498095657573722178 0.37749998319389005408 0.30015837881832996281 -0.59335916971530255903 0.74688007292978708662 0.22903437485633520998 0.804909520247637289 0.54741567327658047226
-2.2946039648905203201 -8.7190840695365334767 -2.2264775050220193542 0.98482998171040303514 -0.0032070070079579906033 0.17349242701174377723 0.0063488610885764212854 0.99982569713418745216 -0.017557542912318490486 -0.1734058796212632203 0.018392673984225647171 0.98467868386414347803
-2.3006190334224161376 4.3182022404312929709 -2.4691270549263539813 -0.92831740517308514171 -0.00059454759882837746737 0.37178816786707008513 0.29664020888557790512 -0.60400895136175580813 0.73971465657146140416 0.22412358582926117379 0.79697731033453178551 0.56088838915338290469
-1.6999363187913798523 -5.651044223459917859 -2.4973748323314346464 -0.77673540488991610342 -0.002645747070976185375 -0.62982149122823150034 -0.62762315834344351018 -0.080331017147151975721 0.7743617363965891176 -0.052642966307427707662 0.99676473036865387289 0.06073541299618043926
-8.4738987359543092026 -1.0655654569877375248 -2.8486451080675769809 -0.91046125776851238864 0.00013264436234806508547 -0.41359434293534308447 -0.39635220576939111936 -0.28600556246289748907 0.87241374772638935475 -0.11817456191748523797 0.95822794816551848385 0.26044955801435287768
-8.5193534913792792196 7.8507272969300432308 -6.4351831406589159457 -0.76808020131764342953 -0.00066723875536229843713 -0.64035330805439472091 0.57749510421992533704 0.43135283208600583293 -0.69313356494478184366 0.27668069854243931838 -0.9021830684755569596 -0.33092824299316453418
-0.34982154114772107123 1.2027917278131943224 6.8826634603682608216 0.89348789693733254857 0.0049861443080635864389 0.44905959113637516911 0.23127699659015360512 0.85203242038233650835 -0.46962932773105336981 -0.38495496993110417394 0.5234652739024991952 0.76012747492969690022
7.7324768416779292579 -4.7245498937851433396 -0.82588596400147296084 -0.94219876098436661227 0.012489945762678358529 -0.3348215883936072057 0.24765932233057647016 0.6990215571721353216 -0.67084552817447440365 0.2256686838316581678 -0.71499151314098619014 -0.66171049657237412944
6.1336415902952445833 8.8935165468877350747 3.1422656285271126642 0.37142244636306254169 -0.0030614886622478887021 0.92845893480800800734 0.55066900698061560515 -0.80440041574340492847 -0.2229430777189776447 0.74753529086522652047 0.5940796229789204741 -0.29708650334945213567
8.4249205629462906586 -3.6656799162991089425 1.4307813188955149641 0.98671404255110306547 0.0042180993344814428705 0.16241184030224029011 0.16187817082109182132 0.059479457025580627361 -0.98501657448159429808 -0.013815065832993224382 0.99822061781433801819 0.058006397285728351909
7.2756241573737687744 -4.4438195604801151717 6.8732791035740676833 0.70986963655597146161 -0.0032097525816368833659 0.70432577447096900158 -0.033885268929553791217 0.99867605091829025898 0.038703150672982716829 -0.70351751054648414829 -0.051340459783870501242 0.70882104197309547811
-3.5308599053815759028 4.5040011296699713483 2.4701632539366888963 0.78406857919179251404 0.0043584586667323958059 -0.62065889743287394609 -0.14846400152458233412 -0.96962989722187209463 -0.19436126842710754747 -0.60265653848262690229 0.24453806708039971252 -0.75960926164255571091
6.8019134519016848373 8.8808516027941557525 -0.87630535226182570963 0.24339989998022823481 0.0019972140913320180974 0.96992396600220376346 -0.6786945879087813438 0.71474825286303400596 0.168844873693219516 -0.69291424074909790942 -0.69937897177775343316 0.17532515165270168289
-0.021741486764377607188 4.3037743000504899982 -6.7013555314444497313 0.02423479555719733336 -0.0017204841917999561147 0.99970481374155062415 -0.38037253020853994956 -0.92480188720934997093 0.0076293955704126127301 0.92451577214626790013 -0.3804451463065235961 -0.023066809592584364141
7.848461519492514249 -6.9988758512024782377 -9.1732780671932196981 0.55169444720331439758 -0.0092564321673144038527 0.83399493726774343028 -0.66954208923455460489 0.59134538033121353262 0.44947083543241211911 -0.49733954967240562306 -0.80636527679729130824 0.32004439177589366627
-6.0839837387733970431 7.9752507603972260242 -2.3675659682088308067 0.74747040583304014127 -0.0070026138292730195911 -0.66425819965088350738 0.59121263708576621276 -0.44895205431498302895 0.67000721688373243712 -0.3029118851313739591 -0.89352840823657841973 -0.33143834044984388232
0.31940290910002661073 5.6802011183395384464 -5.7112678970211385732 0.9564028624530556133 -0.016056463854765931631 -0.29160890703155195602 -0.16898491723406322551 -0.84479156618343143048 -0.50771183505285100157 -0.23819668855605588553 0.53485455936514059161 -0.81067437228952554662
0.73382398833838846652 -2.0945181872214386765 0.1645863921232237348 -0.99864669082621293494 0.0062012655045002446075 0.051636529782517801013 0.024003841470528322621 -0.82582863744268542039 0.56341004355104795653 0.046136780300463572924 0.56388705064575084247 0.8245621817775021789
2.2714216303076941728 -8.0422256242726692932 -7.2227755211719895101 0.74541262043353906375 0.011808094982691207803 0.66649875783191392387 0.48463907715376070007 -0.69610018750968294388 -0.52968810997103799032 0.45769530278804915202 0.71784754498576108794 -0.5246045291111464115
2.7283213535870243227 -0.96676698666192129039 -1.8267167955316390149 0.98790076117591929528 0.010445078102061196301 0.15473521386929769972 -0.078259103157989687305 -0.82781102124239158702 0.55552176004373143847 0.13389398358632734198 -0.56090980866151252116 -0.8169777155506624533
6.3375858464979009099 2.2423547186712804447 -0.76472752053320880439 0.86391859465485065783 -0.0076387310226665337473 0.50357354139948573568 0.49363254869862172036 -0.18540944642508333517 -0.84967655260183194699 0.099857742186802045392 0.98263166393337464388 -0.15640794212779463024
4.6132607521152442231 -3.5478443046711465314 -4.7951447777302185216 0.18407874579722927066 -0.020395560542581910035 0.98269987099631950223 0.3201191097712535738 -0.94403090876803563702 -0.079557519130593321033 0.92932167246067454158 0.32922585621600630734 -0.1672470169956762065
-0.53077409586699519917 -3.4942295779545395895 -3.8854614107616591845 -0.97384771196046759911 -0.00086358299586337689685 -0.22720010592778680514 -0.21103194575580019876 -0.36706377261716727212 0.90594133623657635557 -0.084179283554111583587 0.93019537789441575359 0.35728197150695262252
-0.68108084431249116264 -7.9089107745145135198 6.9459804150295294534 -0.72038846670543876805 -0.0057166108652286166253 -0.69354724236902143275 -0.48128958291892603993 0.72413832720729887082 0.49394738631064960543 0.49940043493295088739 0.68963106327194001466 -0.52441224447863066249
7.2505784637084920163 5.638644286805771344 9.0172438321978809483 0.35249776667710841505 0.00709788794786693749 -0.93578573641341034062 0.91297233561600332763 0.21697170334173632167 0.34554998820586507735 0.20549170028899901852 -0.97615208852721035981 0.070001865522294551281
-4.0753453405277069166 8.9471366493052926216 -4.1479844264723659819 0.081331225807331847255 0.0025178711277131201121 -0.99668394791621484075 -0.60630399546792723697 0.79381487209970247321 -0.047470137062911081649 0.79106301695123937279 0.60815426427697671929 0.066088531936791566901
-3.4894834708449335992 -6.7055633080770435939 -5.4786192557574207029 0.43456404245514557161 -0.0060530308140825349328 0.90062059371463121238 0.86630012326802396938 0.27630767486119339749 -0.41614680731521919155 -0.24632943273342045032 0.96105017019450922344 0.12531712148945767238
6.0192673387274693297 7.9611902426688052614 -3.9580960487623046973 -0.72141969024068941518 -0.0019142145169434368612 -0.69249546302876463511 0.16801430988419324697 -0.97060136928220464014 -0.17234898787530758546 -0.67180713170312211791 -0.24068510076503676909 0.70053255460600594162
2.834367417439282999 -8.1707833924191515251 8.8706265367203425143 -0.91641978192441697626 -0.00027181059625064514507 -0.40021832718718408639 0.34869943176492218528 -0.49134117119689940667 -0.79811813647715179609 -0.19642680464808920382 -0.87096715185258477554 0.45036954915919902298
-3.1536083111921087152 8.0685841786257430641 8.7688791467152551462 -0.9242651993432721147 -0.00033682346353564171157 -0.38175087142427771569 0.31120366142670236043 -0.57984327261939716536 -0.75295023760702151083 -0.22110206330492199189 -0.81472797039751609915 0.53603377865036927474
2.7013160283124735273 3.3466857104903771081 8.4871704675122536798 0.92525736538916625307 0.0024946141622305918403 0.37933176072283225633 0.10919301951846638321 0.95590331675320661109 -0.272627462865571768 -0.36328458855472339772 0.29367094837619689418 0.88418418997312453467
-8.4361398186570948354 -1.1009459768382083844 -6.4869608277184598322 0.49988101734924628161 0.0008687606887602195363 -0.86609365183493713936 -0.079665183468305034165 -0.99571403474642394826 -0.046978926682880631227 -0.86242241798139029907 0.092481383338339828715 -0.49766933469831098336
1.1475885517673363179 3.151651387796288617 -5.3088784349395510276 -0.82671476250543096675 0.00071474940553851659675 -0.5626208231027045592 -0.48844664745289223529 0.49536799228052180721 0.71835257695373921916 0.27921778963301657761 0.86868293488314252127 -0.40917891514005438891
4.4270930022060959175 2.2454834347489107671 6.1662262993961807211 -0.2050937900313690998 0.0017769635294665585973 -0.97874071116469762988 -0.72817050556139295558 0.66791716571044168482 0.15379978732012231091 0.65399101837954143335 0.744233499749837768 -0.13569173051110056116
6.3244504234269927068 -6.8645701287332245855 5.3360008554898747946 0.35652128603702976095 -0.0076477708100402691516 0.93425589867235270258 0.69804456866189545927 -0.66246251795345245661 -0.27180359171264883988 0.62098820662223053191 0.74905602187548114834 -0.2308435039757019136
-4.8776160971145667844 1.0548650186029098208 2.3957113715165592183 0.71421296411662549275 -0.00099197561354125271711 0.69992775189449762951 -0.57258450886208156483 -0.57595825917156573404 0.58345442315858675464 0.40255039696774047586 -0.81747850104836472518 -0.41192484535999168704
-7.508760342393147269 1.1745858586583708405 -6.4929727035019837444 -0.69656284609785568129 0.018333936613556700568 -0.71726150614977246533 -0.6419906197390317093 -0.4623161017926096239 0.61164684760900933647 -0.32038764895515220443 0.88652562782542942976 0.33380243499022321796
-0.51388785132631742414 8.8956815622490186257 -4.7265869194640579565 0.95229495050290013936 -0.0030622280463662356759 -0.30516380847994728498 0.22722750816220915748 -0.66039510685155189407 0.71571360360204983042 -0.203720364178343466 -0.7509120624986194148 -0.62819510314333193435
0.50370399556098210958 7.8160097392159721963 -1.1128735086339469618 0.35694587746653716476 -0.0047234030152263116811 -0.9341131248535966547 -0.19657604858927263392 0.97721474050744139284 -0.080057529665918808481 0.91320725888541953719 0.21220047219347110135 0.34788426512302322857
3.0471046694714614134 -6.3817108534654609642 0.13262381731783573491 0.16731656165087777088 0.011893599590940627519 -0.9858314817888256254 0.98572985050755246306 -0.020769732702635008287 0.16704873546984763677 -0.018488645594586509968 -0.99971353921609051874 -0.015198996408803688157
3.2603246260295573045 6.6335317305806258403 1.5700801980481347009 -0.94906894931306273744 -0.0090199299943600295265 -0.31493931211114534197 -0.18463747272864314275 0.82588452367732811954 0.53275112127033175113 0.2552981259518898316 0.56376714556036355841 -0.7854867742184786783
-1.3526669633986025953 -2.251067402601310885 5.5248915354853451731 0.99888303906700259827 -0.0015615249232465264369 -0.047225373519465499439 -0.040108871927469362528 -0.55637571790635931279 -0.82996225150112323821 -0.024979044354165085007 0.83092937254867360597 -0.55581689896864017175
7.5488019815590936545 -6.8569911756089902966 -0.17637564868603378132 0.35807666581900859937 0.0059639813760643776985 0.93367313998112699824 -0.72323812172019430466 0.63421003312401813545 0.27332078804127357685 -0.5905147929447558397 -0.77313780454139402476 0.23140919277850291458
4.0371324093072118444 -1.2171386792618135164 -8.383876435691842488 0.50488321368179733817 -0.0055850337535984350551 0.86316959396177794783 0.21875556363493048329 0.96816198831369482125 -0.1216896370422602125 -0.8350083496116684767 0.25026220606131299729 0.49003049323109237889
-6.0413860693854690709 4.4329382874776612766 -5.3611295221447310411 -0.0075859961379626935848 -0.0038159363936871256752 -0.99996394499615537388 0.99996342891637368666 0.0039199962209642176536 -0.0076009512183268321955 0.0039488596318495551921 -0.9999850360178158537 0.0037860597645762010012
3.8212142482319091386 -2.4621383169279749126 -8.5503661392712597689 0.073950337270460284045 -0.0029371249098368423097 -0.99725760007864894252 -0.73756867199107722932 -0.67321173215891039199 -0.052710698922288683199 -0.67121069845092207196 0.73944393768600114036 -0.051950565966827691455
-3.8248574833734756417 7.9397541032034091302 -1.7035341315296321785 0.96750919988003514227 0.0023883442785449316217 0.25282453195789156286 0.24791867404855039148 -0.20521202948169331437 -0.94679689163748603775 0.049621358366824526442 0.97871462580651713559 -0.19913664159624511196
-3.6315163697320769209 -4.4547181614276265549 -7.1721341749479137206 0.91643829810682686521 0.014911113415848775698 0.3998981175998923554 0.39009921533308244967 0.18955450424075961924 -0.90105032718422106708 -0.089238153050621160656 0.98175697024195729412 0.16789819362164618011
1.195315698827962958 4.4804572367628958673 -7.0363917242670437346 -0.046031011426405470111 0.00059705697230885050944 -0.99893983277777498309 0.62640022883991997027 -0.77894961578656340961 -0.029330008103522348106 -0.7781413106218595388 -0.62708622978732986297 0.035481842040760269708
-3.9128261016300514008 -0.25649957661405997644 8.1656919643289818111 0.6824466049689578151 -0.0025967910854313483969 -0.73093083670216940639 -0.66262516420585249044 -0.42430655307157433276 -0.61716435475627007268 -0.30853609696018025055 0.90551488430422599762 -0.29128726572920093929
3.2228715828765870377 2.4172200349171553135 -6.5743406688411027972 -0.80883888462309427858 0.0056976421965484556204 -0.5880027173363286952 -0.49954476855667978574 -0.53418604736432251379 0.68198261782017888244 -0.3102171544726296526 0.84534774127250578157 0.43491667408376544213
1.0699282732467758628 2.252321330806344335 3.1178978667860333118 -0.82675588144735356888 0.006377200052360764565 0.56252470506757823454 0.4693364242969020883 -0.54347804411904487853 0.69595613108082665654 0.31015807795439293004 0.83939915825543076622 0.44633061714306404566
6.7775223025446429403 0.028118486978553736133 -6.5487704703299165487 -0.778768268008503739 0.0084992851625641206714 -0.62725413262492035749 -0.50518299960585388853 0.58429675591808605262 0.63512789100528144193 0.37190068788915092712 0.81149557187664334013 -0.45073807823629757907
-5.5963542251262063942 8.1296473164668405786 -0.34680133214409392117 -0.1385269730492648399 0.0041735095750842351667 -0.99034986724677209757 0.51300085627853952985 0.85567842729064513829 -0.06815093929388459093 0.84713658827556670428 -0.51749107324387089157 -0.12067555642185505416
2.2957673900242565601 -2.1694308792475429648 -2.4094140521634552776 0.97239268192335526209 0.014546464282940860246 -0.23289669924415318247 -0.13511593853912895469 0.84882214165797076344 -0.51112097881418783185 0.19025287197491119739 0.52847835547717136873 0.8273538979767679491
-7.0191037276097745234 -6.6281158696614026482 0.38734249360262223982 0.432289218606403014 0.0017615125547945399698 0.90173329125105450288 0.7983266046432642149 0.46422833068717517246 -0.38362310841024988006 -0.41928589744427752217 0.88571381047190567148 0.19927463999056310717
-8.3773789020461109089 4.506569172846312199 -2.1817760518358935151 -0.33652513574823977871 -0.0033189220497249795339 0.941668634800022053 0.94122656432565299234 0.029654182342112471449 0.33647166905633496548 -0.029041136643606215578 0.99955470797052736742 -0.0068555201399536714116
-7.9348649740145313913 8.9096722889819890412 7.0306439892611054532 -0.66153504615205893646 0.0024191040270256803507 0.74991034840724934973 0.7296409160442042241 -0.22887173732126137038 0.64439262991572532346 0.17319213708106598326 0.97345358173433660376 0.14964159803355236988
-2.2391821305703678568 4.4509923836486242621 5.3204553160705518877 0.91027498649925331353 0.00032341759958840485614 -0.41400403905642002567 0.076023198637905090025 -0.98312588714696524939 0.16638498517145286493 -0.4069642763470369129 -0.18293000142871346236 -0.89493949089020585763
-2.4230762562345047328 2.1770411147691808296 6.3278186402319827053 -0.54341449036502742498 0.0028078868234396102237 -0.83945983074408392355 0.17768816825714855989 0.977720797456259616 -0.11175400253539043149 0.8204435425565549389 -0.20989082398435651711 -0.53180657713541690246
5.174510447693029036 3.4871774112542506252 -3.9726939519517401322 0.69376354484976632264 -0.0018345964684735966907 0.72020051242225591182 -0.16228648229223194277 0.97388009877604131415 0.15881010948101489944 -0.70168029864235281767 -0.22705547221757088616 0.67534477937799897163
-4.5930610432052407788 5.529741438291805089 6.6199314624135130458 -0.8869081954384862021 -0.0075468708475404638197 0.46188407377236023743 -0.22386795745655971301 0.8816301791951302036 -0.41546523892726017202 -0.40407547622736078585 -0.47188056950127732492 -0.78361453383586954224
2.7842311839626310288 -6.716155790783398416 2.5967294932531013174 0.74106496685165845761 0.0017558854206248747723 0.67143103277343985091 0.60294920311809030444 -0.44172795898829636529 -0.6643257248571571294 0.29542337985349625962 0.89714732742975822344 -0.32840782500031956426
4.521663006832907783 3.2965824660936036139 0.32301780039432514968 -0.6221064533530040741 -0.0087653995393629103444 -0.78288359828751719061 0.77333950047858734944 -0.16293251683463894075 -0.6126981409773647469 -0.12218665105480584765 -0.98659827829190671622 0.10813999988499208016
5.2949702041969413102 8.8564891171740427467 -3.6555252418970054507 0.65135230394932608355 0.003253414407297891206 0.75876847024258020635 -0.50404803301170642005 -0.74561155332354633885 0.43588873805944333695 0.56716466441106183627 -0.66637288873780564646 -0.48401592597596004852
5.6843006156653963501 -5.4125349302795022766 9.1012778756627437104 0.58795977026696444323 -0.0008115072633022439889 0.80888976381445820696 0.79635011749928685809 -0.17481942478092712956 -0.57902043062239394455 0.14187952250635010865 0.98460017782602682335 -0.1021405449278835198
-8.5816584433239953 0.99210200173006757307 -5.7438819975968868903 -0.79606054289140415481 -0.0058826693672102822394 -0.60518840558313136135 -0.60153868436820079335 -0.10238781806933761054 0.79225497532008004598 -0.066624494442975107367 0.99472716305134367687 0.077968248845969562177
-1.9978004443970531767 6.9386248002541570656 6.9960107917367135855 -0.99988248752557373766 -0.0096110825131324219284 -0.011943124908989076124 -0.0095854242069648137176 -0.21602728432783210866 0.97634027473444384704 -0.01196372778188272562 0.97634002249147833208 0.21590977212423737019
-4.5526680492436302217 3.4387531163360898212 7.9072397508777951813 0.99937460406820644021 -0.0016354995148076876925 0.035323163573886914857 -0.023002475438124940499 0.72862206997110268158 0.68452959415561842604 -0.026856784380213473418 -0.68491401233470994292 0.72812877215530469321
8.3580888274589941744 -5.6291016852871980092 2.7990151236284268599 0.99952304888772947056 0.0099182308594587664102 0.029245571270004273867 0.030125239898018903867 -0.52146850514913245522 -0.8527385695854500236 0.0067929863365635903549 0.85321288482651846952 -0.52151857924969535762
7.9600447166541590249 -7.9940164853502970743 9.1845506861316419389 0.78422107997559664661 0.012245915582301536428 0.62036064935910117946 -0.26297507717964513363 -0.89900831270914460802 0.35018304136814454308 0.5619976926145056062 -0.43776031253540365062 -0.70180089930460920478
-5.5763833721943507626 -5.6458221510920827413 2.5118119944730610271 0.93688616184487427674 -0.0064571996578189896562 -0.34957491946090168966 0.34963372610304316312 0.01947556226546934971 0.93668402358851443612 0.0007598123539494273937 -0.99978948136455569884 0.020504039557291076079
-0.86355789151071327137 -6.7675160100386468898 -5.4196683254019761833 -0.87900005258359603655 -0.0039779226397959558531 0.47680507934485061305 -0.33894694928161606118 -0.69811011879806783575 -0.63067997241431417166 0.33537124672567775185 -0.71597935596158368554 0.61229052638958159083
-0.46167832703724820398 2.2162535459361056844 8.0978319212770610847 0.26640207346142807943 -0.0017893671741507320705 0.96386032879286864805 0.61929898480702738617 -0.76595123804117437594 -0.17259046428000190954 0.73857883984899908025 0.64289618066096709814 -0.20294284470999682246
-3.0604137982863801604 -7.8516587328142506408 -6.104614440236773909 -0.22136786628080318273 0.0094054524624050013515 -0.97514501754461690997 -0.46873465484738408016 -0.87789268008549459221 0.097940112298532319701 -0.8551515018539073143 0.47876505690783827118 0.19874589092774735954
5.4568205944813863439 5.5150044246129361625 7.8128880231802391165 0.79958922676348898051 0.0070074698947144124783 0.6005064227876960592 0.10670470302085560688 -0.98567922872525981504 -0.13057780980167776885 0.59099168758686004832 0.16848546947737486068 -0.78888622232743244034
-3.4101621880318822022 3.302727876560967335 -8.5453005121715968073 -0.64735827514562493956 0.0077875159570483147922 0.76214606093298697953 -0.57540638264814902847 0.65076351462646386814 -0.49539311949075914843 -0.49983473109450893279 -0.75924054332370771725 -0.41679615996962560143
6.1627699149684325164 3.5119078880207563742 -4.9766577013341324331 0.52097658374384558932 0.0018034951695754218581 0.8535690637529017577 0.81450437195596925299 0.2980176669065792705 -0.49776309453009681683 -0.25527637425985816311 0.9545586506950894945 0.15379127129973607646
-6.3515888367504498291 7.8300019630742196952 -4.4697084921196736929 -0.08395848723006690828 0.00015270366941136500824 0.99646924142374648792 0.69464827855127564415 -0.71695560388249979233 0.058638137482365133846 0.71443316099377274231 0.69711881250115448339 0.060088432572060375414
2.3711228403919015761 6.6123485532446402146 -1.0360883501262081463 0.20761529107536072503 0.00518109438163898324 0.97819683457507322633 0.68839055413022065544 -0.71123701733691790938 -0.14233885679585081552 0.69499232794029941473 0.70293318418657768643 -0.15123029681038546723
0.53356565872265848682 -3.2246992455962626423 -0.59439956997084919532 -0.99748973174724286928 -0.012204222024284682585 0.069751645312191190573 0.046612968928066919605 0.62834962112126657718 0.77653331207622544596 -0.053305404854228612133 0.77783533643133306867 -0.6262034199937774881
-7.560670988244297952 -1.338810955316280138 5.8069654667080543575 0.95149214354755518031 -0.0031006590595274692926 0.30765741772425281297 0.23540093824486602037 -0.63654114983457477095 -0.73443976120613141401 0.19811385373272560884 0.77123650748670313781 -0.60493400506064343158
-1.3391705584535518181 -8.9504282890350435054 -6.590964503474207703 0.93823709870009275313 -0.0041895554387365368729 0.34596762023073851511 0.2050233960021505264 0.81219553193491811349 -0.54617197382941395922 -0.27870513758228865342 0.58337026452330342785 0.76289093634357207918
-5.9697646334425167325 1.0705687079434196285 -5.2161224481149952581 0.7396850192900744636 0.0061454643288929022837 -0.67292518566776182709 0.59676633499722342435 0.45616852796447221463 0.66013651278311058501 0.31102413676778595253 -0.88987218597011052967 0.33375362018247622942
-6.1317919952942618878 -6.9062067208867787826 -0.68034369727401233785 0.67143290340749528511 0.020777363945006371848 0.74077402584686968812 -0.73687431698575611705 0.12487880657044093946 0.66439560853164503218 -0.078702586924093667631 -0.99195442678433520811 0.099158045535117964042
1.2055724561353544644 -3.0838396686309761385 -1.7109972464586158392 -0.99967286782944786427 0.0059662313945616704536 -0.024870894811394764906 0.025513587796693926874 0.16445801083197855719 -0.98605406520696037287 -0.0017928088323034239993 -0.98636604095858315677 -0.16455643129437466654
-1.7506984181883931129 1.9199969138415600156 -8.2127307789731585075 -0.47238150957812513608 -0.0010749905627148916704 0.88139352947710136732 0.85708134613311826033 0.23269510869033716016 0.45963523853395665819 -0.20559006668426835218 0.9725491405510541254 -0.10899951235605469246
-3.4434752883025758763 -6.5428708412472609268 1.3281356254849348009 0.62595449796206759085 -0.025190771418327359554 -0.77945262300973117142 0.0032345674320006408131 0.99955343021809239801 -0.02970652643195767495 0.77985287333876895932 0.016073741769855893341 0.62575644684718967348
1.4288205397577977696 7.7556086723465016419 -7.3487497838587989563 -0.87311880693860799418 0.0037812206706098021314 0.48749282183468078955 -0.40630245532608483261 0.54696716058276251271 -0.73194620023588485846 -0.26941021466544734508 -0.83714552355855975652 -0.47603099544007554389
4.3283210745009226272 -1.3537100884817070412 2.897690025001931069 0.50743470121923062166 0.0052406888834501137026 0.86167427673012231271 -0.31388805182716034148 -0.9301518950266776109 0.19050391885226874988 0.80248633316628636969 -0.36713755917619733671 -0.47034635931783669305
-7.0691091499238343232 7.7759814462757530507 -7.1320392567089934133 0.76440057914123560323 -0.0064874230180999199746 0.64470897926957948521 -0.17902048151335214765 0.9584944687910502692 0.2219009249544598994 -0.61938955577828902488 -0.28503730745187455531 0.73151234545512922036
-2.0392605216276744606 5.7266210269123156706 -5.486498381761181875 -0.43335678760513068886 0.013440241506288436862 0.90112221953767968063 0.66284611773480572872 0.68220634422317172341 0.30859281927076182006 -0.61060373307095905382 0.73103615766251928143 -0.30454756172012276139
-5.3374652276616547653 3.4468785942519044596 3.4584307445536390802 -0.44563074477383923799 0.0057891499931757711694 0.89519814848712442323 0.16529689057882523961 0.98331692842974183222 0.07592599178479450539 -0.87982394675164399267 0.18180842666369897986 -0.43915318365786509824
