1125 17.292696884352682929 17.968806560800352656 18.477561601407678893
-2.7609828977553076967 8.7891057221839812286 -1.6057478374423437284 -0.68062755349414494344 0.0023857885227018312685 0.73262571715552260443 0.04031153888566599286 0.99860174407917812189 0.034198487608114759573 -0.73151972854960933823 0.052809703039791815182 -0.67977203679458730878
2.1254366865725753399 4.1988414233181483581 -3.4911965601210037669 0.62080238436063672758 0.0058594287516373121452 -0.78394519366270587479 -0.59158020318315152064 0.65967001563101501649 -0.46353892358553439035 0.51442906486094519547 0.75153252595744246545 0.41299104064648001211
3.4342547349427761105 7.6839148379207644624 7.2854938568896594475 -0.99489742184936180713 0.00084581537074694896142 -0.10088807954292801361 0.044397390587650090166 -0.89427126958056402106 -0.44531760364009864706 -0.090597967452390418264 -0.44752450323879655603 0.88967062854456036014
4.8003299578249061241 4.21661763193918393 1.9001255567312127503 -0.34506581984523870821 0.0010515247082778242729 0.93857789994790319366 0.86244573062074159076 -0.39416991473699952708 0.31751762163784208459 0.37029304842072141568 0.91903698109073839184 0.13510768179163004654
8.3480527128225094913 -8.4069038381397191984 2.9531537839334891515 -0.18341387611617621101 -0.0067936626596081448048 0.98301230724531385441 -0.31476653478113036932 -0.94692199817321809352 -0.065274481675670015246 0.93127943101411470028 -0.32139162329425896569 0.17154021641089151062
1.798798031169698497 -8.1056886102684710949 -0.61547882671823461731 0.764422005417340511 -0.010277295773628493392 -0.64463429541495709252 -0.46541699602389463575 -0.70071199818363782974 -0.54073072357099916108 -0.44614573565798115728 0.71337022140877071053 -0.54042289899769713202
-8.1845867398010270222 2.5691198705254136847 3.0579908476442816401 -0.90980707853272957397 0.0070700293153540001018 -0.41497119723796199731 0.40028406288760470799 0.27911319509813253825 -0.87285078525486958778 0.10965285609518633791 -0.96023217973981056517 -0.25676918067145254598
5.7570359208209422874 -0.51256309054312976237 4.5895983364113517311 0.40259882993696050058 -0.0050216626803223449876 0.91536275051886839549 -0.69229682169130291047 -0.65588858148020801053 0.3008908096968762047 0.59886500382757701377 -0.75484101080153143126 -0.267536456586237259
-2.887171016634452414 -1.4633887377577499134 2.7162894872946603542 -0.7090776206261735215 -0.0030474891743124381954 -0.70512384780033399156 -0.10182724761377374978 0.98995137844269120997 0.098119722598743991382 0.69773930631042924144 0.14137532008526287886 -0.70226268539662228818
-5.14018782069657032 -5.8841152026059972968 2.4570837951268198474 0.99836237576237774061 0.0026269957853000476707 -0.057146002094047236575 -0.044632685299285664027 -0.58909449593832630132 -0.80683058832592879916 -0.035783935853411538708 0.80805988252631766322 -0.58801253063744463034
-0.69668903235173074151 3.3366320821007549036 -2.5762586236394775518 0.22284704381147246721 -7.1001855170344917861e-05 -0.9748534197628933029 -0.46206755507681968043 -0.88053969461730696722 -0.10556240215384499193 -0.85838963740828355675 0.47397240548577068697 -0.19625847555783559883
5.9183803748346779372 -7.8445253397896932412 8.9470141351716225842 -0.76188322985111656127 -0.0076440532133092717673 -0.64766929255729743797 0.23602656280317435566 -0.93445448085301907604 -0.26662011339197672077 -0.60317941420664478169 -0.35600055008978209736 0.71374939762719935565
4.876743418282734055 2.1016346445101010687 8.3000190019228483607 0.19286930473816343845 0.0037209122777664450921 -0.98121740001986645918 0.083848165592882994979 0.99627257604719432482 0.020259302639188687956 0.9776353698679117743 -0.086180676654028537387 0.19183840740302929295
-8.6171197146302116465 5.292407800065214829 4.8122888428219345869 0.99977331355716791972 -0.0022220022826337764571 0.021175084530314136622 -0.017809148448893200728 -0.63232416845220296153 0.77449918025944120004 0.011668578770906545827 -0.7747007220192501098 -0.63222040110429433835
-0.66204732303985847075 2.0730181313434261625 -3.0338200369757695185 0.7401967627610525069 -0.0051271730032515696468 0.67237077903110042953 -0.58129488521401850853 -0.50746334583842878097 0.63606384039242513939 0.33794231582028011474 -0.86165809038587015678 -0.37860312525165357167
-8.3147808426066802667 6.5460691819932224078 -6.3419870459833980192 0.93327099926711820643 0.010871725229099720583 -0.35900842262729620868 -0.081046937132744772958 0.98013668367275341708 -0.18100683771707476444 0.34990946816013507314 0.19802496536931510351 0.91561426222081421233
-3.3728392208381787754 2.0117398089709177533 -7.4082742626593764967 -0.85354445740676287979 -0.0050160862827178529302 0.52099587148887671617 0.51707057871996309206 0.11473322529071794396 0.84821831130681069055 -0.06403027293505597628 0.99338367506835112408 -0.095336237890178004983
8.3466038571672971358 8.7882942079582413442 -7.7967010941595606965 -0.59649953727085713862 0.0050079022669952955038 0.80259779650249429839 0.37747880982860659849 0.88423340858341825665 0.27502913895693320567 -0.7083064662742633022 0.46701841511865993528 -0.52933519604691503524
-4.8708469373937202107 -1.5647703528833185604 8.880990295277847224 -0.81276224749096503963 -0.012524364466550814978 -0.58246087366277410347 -0.58191551294745680334 -0.030838103424571834676 0.81266435086561572554 -0.028140093181920140114 0.99944592233484175203 0.01777592427488093943
-7.5319389556006353104 -7.0054708930442002313 3.4794832529358208362 -0.79708565707799339251 -0.010571754352016526218 0.60377371033391469268 0.58356822654841356002 -0.27053939416451938671 0.76567392613857532258 0.15525005714527215228 0.96265085789981719167 0.22181241070180338082
6.359438598689805211 -8.1436176531784347787 4.0215762023861945096 -0.35934833229077012273 -0.00065792145264635931018 0.93320327004304814977 0.90451698247939282815 0.24579244318250137447 0.3484753983865739313 -0.2296035811701543361 0.96932225911395342166 -0.087730003420219609955
3.6623351875392682331 1.9077949522243466962 2.2935047514448316797 -0.020565398153854327207 0.0071778904568188112156 -0.99976274299822254221 -0.40174143299622155912 -0.9157515861783931399 0.001689208729818356125 -0.91552219274743207311 0.40168085627846700225 0.021716451977862170908
4.0713010091746193453 -5.4727247162788970059 -0.23100240182020292945 0.99931341124767925077 -0.0062256307947247888079 -0.036523247691711266394 0.013486763146724894957 -0.85702557027045866977 0.51509734917051785974 -0.03450816310022919442 -0.51523626951510270722 -0.85635318254550185646
-8.4908122268475327843 -8.1062614252682614335 8.2464610103046283029 -0.29414698000837563585 0.00017487816478780606952 -0.95576018099194137712 -0.7776615360321860182 -0.58138819842670319549 0.23922854784992031441 -0.55562585390539465102 0.8136262853103216619 0.17114957880191022932
-4.7710986680378120184 1.0641696098628692368 1.7672586861951400383 0.99813487447522386553 0.012521226971141375534 -0.059749403608066235793 0.023831338554120548578 0.82116308253845093912 0.57019580775253775329 0.056203555573425906244 -0.5705562292632404553 0.81933311271428177491
5.3110630226708632762 -8.2966911863683776573 -6.794471668172370471 0.59833290230988256386 -0.001150132778932232841 -0.80124678795487191962 0.73847791082057134826 0.38878958616327213837 0.55090201753257783679 0.31088279663541029674 -0.92132585705919978203 0.23347494912860397576
-3.4342319182982414816 -1.2208959211359238228 -2.9811702805372770619 0.22331213918469255963 0.0075832898711402536851 0.97471748840749028453 -0.69593349718734198728 0.70140239341164400955 0.15398457717918079268 -0.68250146958458435265 -0.7127251758084997002 0.16190913434218109912
-5.9521150901279673562 8.5855826233799525937 8.9817150688604314723 -0.79973502115303041204 -0.0094847543082005394965 0.60027821497819533469 0.44254219900571356572 0.66634605439687999429 0.60011610367393131149 -0.40568497389086305427 0.74558230613749043592 -0.52870287187973297183
-4.6876052107656605017 -3.504701662482095248 -2.3614614413617638355 0.278397072252181077 -0.0028947661466909714416 -0.96046170693565446896 -0.3796740189413118638 0.9182154179281454276 -0.11281881766669729639 0.8822373317323337627 0.39607078484494739889 0.25452941655126271048
-1.6226985991945337418 -4.1252424670522040984 6.3082481065735818149 -0.83972361019210406408 0.0021995055985893187736 0.54300959536761039814 -0.10153258841677446911 -0.98299170631953425303 -0.15303084263145100286 0.53343733650307734173 -0.18363678139811451251 0.8256646659160866708
-6.3570588950098620984 -2.2590089619892159689 0.58165202166279206253 0.98365635044878407811 0.0062096542873694964698 -0.17994894946946818348 -0.17990894024387951711 -0.0064962122388482652913 -0.98366181813007647072 -0.0072771863941673486584 0.99995961889480444729 -0.0052728681005741115384
0.93260672996617655084 7.6060791430076655217 1.788642044491211891 -0.99977257482322845483 0.0059984020231007347673 -0.020465038586656294356 -0.018971412780269078513 -0.68847858795091820827 0.72500849610890205632 -0.0097408484386531657417 0.72523186161812380757 0.68843580874730059271
-6.7578378258816940161 6.3372069130543149384 7.9583147043308457569 -0.0094355186891712274078 0.0031473869167058920321 0.99995053124752752982 0.92875088503488378855 0.37062660099111133238 0.0075971168382438667918 -0.37058435548946028204 0.92877662362537238838 -0.006420192604540929382
-3.2859838750916283701 -2.4896232721604820703 -7.9269960943420816335 -0.94274906171320183024 0.00071257778364469453666 -0.33350217221457767458 -0.15909977245668438517 0.87790962712293951764 0.45162146650615553334 0.29310658307732284644 0.47882583351117846693 -0.82753510627577453462
-2.760969160250756893 -6.8715560400850108635 -4.8776279411320606627 0.46762893776357289388 -0.010640155961139636728 0.88386082821145017796 0.61944745737653639228 0.71725878656216135454 -0.31909979731822457616 -0.63056167352249603564 0.696725641970906584 0.34200198201808906795
-2.264698975301357553 -2.4616980219581594547 0.34121321248499858481 -0.76468613528240159116 -0.0048905286444160950277 0.6443843552078294401 0.14976976975543701553 0.97123957819079731468 0.18510185796767222866 -0.62675683528329173555 0.2380541209162607974 -0.74196098613076832962
-2.5800217893363890376 8.9375480161206901641 0.2335019636120077291 -0.59233064168597304722 -0.00087065989356359873783 0.80569451585061779841 0.78353840110223504922 0.23228011210178503565 0.57629291468847687607 -0.18764856758925940738 0.97264854468283434841 -0.13690443239109170714
5.3839479545142907568 -2.4741566258025016189 9.1225916040835155485 0.13578253753459745834 -0.0031886523561039242791 0.99073353380043860383 -0.98969124041137246373 0.045534009576135667241 0.13578623871725428729 -0.045545045325401226077 -0.99895770003935746573 0.003026942058835630292
4.0983431477088450023 -2.8130530452434800992 0.23849194470912343791 0.91984482419525603891 -0.002834785323152679351 0.3922721802441710981 -0.39224186287721557465 -0.021025932574787055407 0.91962178702195762625 0.0056409580680441178194 -0.99977491174341048819 -0.020452516728814013058
0.32200124466975910131 -6.8228048170976363096 4.1889744965492967665 0.73974268232346551688 -0.0056874823338425957095 -0.67286582354408508433 0.23413186859034842979 0.93965526100966278999 0.24945993379088882147 0.63084311208051579989 -0.34207549313163299054 0.69643472410507123449
6.9704789747008719658 -6.9157267721815625094 8.9375849930395094844 -0.77376861796074047906 0.013605072879850233641 -0.63332221487250517367 -0.51793913432709304256 0.56203169943460873359 0.64487163215925169535 0.36472068626781400935 0.82700379129890799756 -0.42783589165157787093
7.5848066540960399351 1.8404465717887237286 -4.8686392233643820404 0.45358814808261177509 -0.012130611831467932177 0.89112885722302181968 -0.83898863227551678801 0.33144189260987583223 0.43156036279496656771 -0.3005925262401544229 -0.94339764684864568789 0.14016066883673325427
-0.15425225904881012529 4.1143669187132223541 6.386292136099639194 -0.74178575597682372411 -0.0067517107250453563955 0.67060294260633812602 0.67063623141029116148 -0.0089115831083519912725 0.74173285541785016761 0.00096816818081333494428 0.99993749709115442581 0.011138427249079331169
-8.1921698858516158737 3.0398983714893601515 -1.7316380971498543939 -0.94797657498647069918 0.0038377862607903590747 0.31831695630816092546 -0.20699425994221604119 0.75225113898330342455 -0.62551706631347570031 -0.24185489374346430536 -0.6588653089175116051 -0.71232205853628627334
-1.3536783892842567667 -0.32514179706684609439 -6.3207464033423352845 -0.74702495243836197769 -0.011601232492793630072 -0.66469476591810183752 -0.54791590904669151829 -0.55548793312553279566 0.62547686828950510574 -0.37648622424724714763 0.83144366469193520253 0.40860684697591709291
-7.2895733612137778579 -8.2156595375212653209 -3.5396480607037892341 0.92726804880959268207 0.0081224220528185921836 0.37431002112785793923 -0.31522923961049198471 0.55634639507195349228 0.76883627332783388564 -0.2020012181921598815 -0.83091077436157234626 0.51844266114826731418
-2.1168539922195308556 -6.404582721360120523 6.6674955469428756061 0.85215098578060510803 0.0044814218906455566271 -0.52327680465625392436 -0.49395017638268257087 -0.32327030647036442135 -0.80716140406136371865 -0.17277708379542572326 0.946296056111624595 -0.27326151119886604723
3.1070577359153128683 8.7592469844865981088 -8.6898252272133156282 0.99701796071120263321 -0.0017311563081497394201 0.077150431738042341001 -0.076974618701520530761 0.048759983520897727527 0.99584003338026250152 -0.0054858085359062828956 -0.99880902434098250975 0.048481324237790050791
4.7740489566986097358 -3.6543990385242817176 -4.9887618733232068635 0.27939074982427114513 0.0019744495248647086355 0.96017545816465776909 -0.21082299394586537233 -0.97546928437631730269 0.063350931026990256467 0.93674675026727627358 -0.22012672892530782409 -0.27212083543222032045
2.7197829499646557494 -6.8258370245556951872 -8.5301679387748841066 -0.84078778473217419265 0.0023093067390857948545 0.541359924770328238 0.48440422667136634471 -0.44328741401564353275 0.75422066648828833824 0.24171976797116359603 0.89637655908531166382 0.37159200488498583814
-1.3117487081836853857 8.8127512777040557523 -9.0117341992088704217 -0.88807429013961247666 0.0033021271213196723773 0.45968810203190912933 0.065539483671618228855 -0.98884967824535940917 0.13371944478776914833 0.45500399039259914469 0.14888052186491285145 0.87795555635583411025
-1.4866330944713821438 0.95015073837680452673 1.5607063865552546211 -0.44786227319946120273 -0.0010702964027856981186 -0.89410191740673894412 0.21932997479355584303 -0.9695761654255745654 -0.10870336515083663109 -0.86678356375841603132 -0.24478748722846555008 0.43447133357072148518
0.32657402051615502803 -4.8366523316392848741 -2.923312554368734606 -0.42387516354261023377 0.0018573621924902476883 0.90571871789067814884 -0.90146895578679919758 0.095914988003966430985 -0.42208297386776288951 -0.087655960919129735642 -0.99538779643020169896 -0.038981626870196711687
5.1968891907605598846 -1.4554403393957751067 1.6628358447442157519 -0.99382771199385500083 -0.0043401781046454391069 -0.11084963566542693769 0.029863482650300404025 0.95188011837499486578 -0.30501215163738898406 0.10683937138111375409 -0.30643988496352936313 -0.94587522730341921928
6.2474961398959489856 8.770150139737395989 -6.4545513085318546587 -0.33614668074877390724 -0.0032909467568958163108 0.94180389609032388876 0.39410115785493010643 -0.90872535265681453343 0.13748640229398778612 0.85538861717902536785 0.41738160370078025707 0.30676197693518136855
7.0842492734176749636 -1.519979882292770812 3.5082193876391971621 0.96400378472130521246 0.006155799856985125218 -0.26581724769348558102 -0.063517433276520207652 -0.96545538741758207824 -0.25270819253798171289 -0.25819031490956823038 0.26049568333074057946 -0.93031164684340361681
0.053877016009556501219 -5.7487425855622547033 6.7943827498469957504 0.3400312386581416102 -0.0035999715319574342523 -0.94040725057909491102 0.3421048252608324125 -0.93100414808371945163 0.12726179624828420911 -0.87598119002061036742 -0.36499084434541989586 -0.31533892603687119216
-1.2548906695909678444 8.8143156458447489143 0.60661108815152120499 -0.73757012837392010862 -0.0029357542892143365619 0.67526416096017838342 -0.14431639319211370109 0.97757181722980679428 -0.15338227020732139727 -0.6596689202824306264 -0.21058186888855706664 -0.72145144819927631286
1.6381239987372189226 -3.6785491784080153188 4.7768675743322219773 0.45049750211284989021 -0.0026585141582051788345 0.89277372995196624395 -0.73651345667670453654 0.56406953774598689311 0.37332758365955770463 -0.50457896183267736401 -0.82572300978547841233 0.25215388632025098614
-1.6692697336806283648 -1.5723687060477031796 4.6783226190087550123 0.9738591135582482794 0.0062807309444227587408 0.22706602422700961075 0.15634951268856475681 0.70661412522202227127 -0.69010963470959352239 -0.16478245301461216799 0.70757121935227584864 0.68716061639403636097
-8.0943453293434970419 6.5359078248098381181 6.4068144808337166296 -0.32269933560765595715 -0.0042130342851003019233 0.94649214953998772604 0.90530112554313502127 0.2904511063089636469 0.30994842624877877446 -0.27621551529314597451 0.95688055951946515698 -0.08991431435220023638
-8.0562952767004265553 -6.1320536119588116009 6.7979725280017415656 0.10897604231401079866 -0.0032200226044575407797 0.99403916102733658189 -0.56628373088452377271 -0.82206580099479320545 0.059418473308405751754 0.81697427030294600403 -0.56938339481348132498 -0.091408923927995308634
-1.8795723051712653895 7.6689910356840051975 -1.0089951760644908507 0.92728741703626349491 -0.003938704330891206265 -0.37432944422520092465 0.37334384386726904292 0.08300051915115122525 0.92397255807035971742 0.027430283488225286337 -0.99654172036551191827 0.078435828031085064183
-2.8049013226906280849 -6.0043630939661722934 3.0274366494874844769 -0.085065722594272544232 0.0013362192768400949373 0.99637444635902761014 -0.51845642681308978794 0.85389753600730133876 -0.045408495866055491319 -0.85086236039426577094 -0.52043944173997414016 -0.071944639450326031138
1.3618277526356028506 6.5763791421913957436 4.608727280502070478 -0.5121693773466517996 0.0030968195372084407133 -0.85887888471960216474 -0.82051065640873233065 -0.29733145521275911038 0.48821743973420744789 -0.25385978733948971753 0.95476929959523770819 0.15482503971320010772
4.0044741857777808036 2.8219207725341997062 4.4361858477572413406 0.93994962550643912369 -0.0040216789651545820083 0.3412895070296532718 -0.23655090555455907109 0.71315287504384727857 0.65989138947099235111 -0.24604546448085756749 -0.70099700635220363321 0.66937644602525347981
-1.2783230787883250734 -5.7080775533050669424 -9.0768567737267513706 0.98839181070683856944 0.0036786675254344425312 0.15188184859600728505 0.14795202580185112806 0.20386103267414126816 -0.96775558764497171538 -0.034522841552036553914 0.97899292477642707588 0.20095030890496368148
-2.8457745573917940796 4.2952760749367140392 -7.7846392722118675778 0.71140858255520944553 -0.0050352549646371005249 -0.70276060993366618046 -0.27891682911020726499 0.9158252354996524458 -0.2889109559385972803 0.64506064141760632857 0.4015454945951462129 0.65012151530652206866
-5.7563724690333328837 -3.4106795465139780887 -3.0009657025540175113 -0.37146066917696346499 0.0019742510834912588291 0.92844659167180898507 -0.92833776231892739528 -0.016247426877999744665 -0.37138257925224327227 0.014351665648817834089 -0.99986605275521767133 0.0078680518935704841371
0.96983122567158841498 5.4210774626491380346 -0.9219137792254524788 0.69100147601217121185 -0.00068516089202993492313 -0.72285302150804187082 -0.61637369016532073118 0.52184976776361968742 -0.58970865175672537717 0.37762472670706465072 0.85303713309526840725 0.36017664463394905017
-6.6691049692668116222 -6.1541306169296641215 7.7107015189520051734 -0.085597671404450167976 -0.0030696427222594688429 0.99632505536296078752 -0.93890691671379133965 0.33483186007704768272 -0.079633078709472060464 -0.3333569264278259392 -0.94227289187962526285 -0.031542936318403373697
1.5572855314064091292 -4.4549800242778001547 -6.4765151175233341974 -0.99628516483937190618 -0.0030018368591142180479 0.086063112286232840153 -0.024979414829906787521 -0.94635040964961725241 -0.32217531095727525159 0.082412979291338880894 -0.3231282889676513892 0.94275988974547431098
4.0727969351689043975 -4.8709303343590208968 3.322914473501358934 -0.87186015979095876638 0.0013930844162674603341 0.48975291840347506822 -0.40023438061322214043 0.57430587453263814979 -0.71413248284361985352 -0.28226282494172055815 -0.81863961655482320179 -0.50015685126049458376
2.8583051459142438944 6.5044875820169485436 7.2410484562764887428 0.91416557379159091301 0.0019107131629840911485 0.40533646871448003601 -0.33637213660322451414 0.56155660834312959295 0.75598145568748231771 -0.22617490889061811488 -0.82743611523901516858 0.51399842975129039768
7.4082260363969902883 8.4228788646752512648 5.7861119382716390547 -0.98429046909396566978 0.0074165500923610381406 0.17640087084728384159 0.13269034095373777316 0.6901732942574291263 0.71137479384022317408 -0.1164712233495466126 0.72360612122796930112 -0.68031510012111207075
-6.5179356104333212585 -8.2228190470267179535 -1.118159104677891369 0.28345585642790444014 -0.0052054755966479395943 -0.95897115727245019201 0.059397474870608167608 0.99816060430450470609 0.01213869818040287131 0.9571440421565495793 -0.060401250304285065973 0.28324366105162618323
-6.9546127626501172969 6.4110433913157667263 0.99799624501035666402 0.97491317504196106647 -0.00074635204328094440634 -0.22258424043006783122 0.21543631746619137934 -0.24824251873254898904 0.94443784602793456884 -0.055959755590704374217 -0.96869762818549765004 -0.24185411078236546123
1.1889575013396374015 -2.6764562227924013627 5.7302700736619929245 -0.68041613253114352489 0.011285197622567931519 -0.73273906058423754484 -0.59578915891116235315 -0.59071021643721155492 0.54414769899407566811 -0.42669563475087890492 0.80680486148221786102 0.40865235931461002528
3.1377656697301405941 7.4016996755009580866 1.5509403017502250144 -0.31406761192678783745 0.0045474480005893878551 0.9493897281177841041 -0.87188389496393403633 -0.39714169261462944904 -0.2865256527600327785 0.37573928306874931904 -0.91774604150819183435 0.12869418967080101246
-4.4719298168892311907 5.6359198160919534715 -5.6304994462236743757 0.96709102953374148637 -0.0073170121707216064649 -0.25432538592942693922 0.23062901205173491626 -0.39692510520776397298 0.88840346670625069958 -0.10744858954549312002 -0.91782183575495013272 -0.38217519335523608692
-6.0686546235607909949 -2.620141666848050388 8.5170686257582470802 0.86201823013146494645 -0.0048399013270348225854 0.50685416667546923097 0.44243360368855133569 0.49513046032436042188 -0.74772878344123550054 -0.2473400033319622382 0.86880515802702884542 0.42895281807852980727
-7.416942882667199477 4.2159519865596886135 -9.1807568325674235865 -0.80675523942507831876 -0.0012576196641787586172 -0.59088442359993431641 -0.55269895989978001793 -0.35205419729216008706 0.75536858678060381234 -0.20897330783125980802 0.93597877142686891627 0.28332648314671249334
0.88968760510521016638 2.1241021099628905056 -5.1810769822026445652 0.84694219390637703881 0.010744800431683743103 0.53157640038356801515 0.49607410399949336544 0.34377484197484647899 -0.79732637067028611089 -0.19130970577116609976 0.93899063216249367692 0.28582720162531949359
-4.5537151022800754774 -8.2929455908100013772 -8.3425892182416010456 0.39789568365078453738 0.0022774164494445197846 0.91742783820111406534 -0.89247584068920149392 0.23261002770060562606 0.38649637617806176237 -0.21252270165248807188 -0.9725674209982232421 0.094587065156374189323
0.67382216650243054179 -2.47696689792122271 -0.32830196944509210111 0.90737349648493770271 -0.0029065359200870690554 -0.42031522685434630215 -0.15672130552531146619 -0.93020602973070609654 -0.33189633117471140089 -0.39001508979921528653 0.3670262855734860441 -0.84449981375198035494
-1.0757469176727718629 2.9671762227025486602 8.7611912956044921685 -0.266255200973751327 -0.0018458755931829527036 0.96390080438686065456 0.91394757854228636518 -0.3182337649782724931 0.25184736350443737152 0.30628090314406214434 0.94801047650893432994 0.086418428579700598546
-4.1905796690254097925 -5.9811274227010526872 4.3646495417937316574 0.36321080566911390086 0.0086012753802223174127 0.93166728433866685677 0.91996636944842846706 0.15493411734090509202 -0.36007957227240244835 -0.14744419191436530792 0.98788736065690974097 0.048360861501003563068
6.2034218038778732307 5.173740428385243284 3.8751023688770835918 0.91069409107000354187 0.0040471479303810439787 -0.4130616093077374984 -0.22618094029494248409 -0.83185018662787635346 -0.50682092424701474798 -0.34565655604613954033 0.55498548413532211576 -0.75664566189311788236
-4.869809955367575327 -5.542189640855079702 -0.32322698493460899627 0.96769738793432968915 0.0065509611053934518887 0.25202946314580570997 0.23599377362437023997 0.32819112897821639541 -0.91465705139724873263 -0.088705716814136359449 0.94458862356501982482 0.31604371222305877032
3.7406803542860638245 8.8365317074566220867 8.425081678767000426 -0.99304203265520474275 -0.0007503722965555049973 0.11775804992338689825 0.11517942368449576862 0.20202460288531798316 0.97258406330193380995 -0.024519823409430829136 0.97938015947350076651 -0.20053249484685034543
7.4139202774190264833 -0.63661609001801378049 -7.0663005625135397736 0.62560511188202272415 -0.013242577470540983081 -0.78002748549583944548 -0.52307290981857534895 0.7346950778188434672 -0.43199290925047756362 0.57880305372479157189 0.67826821890067612308 0.4527021628270231357
-7.4896949626608915196 -6.9463386656660723872 2.0076697353683705671 0.80912874153198333094 0.0037340769270727963702 -0.58761955064187576525 0.54389928549897459398 0.37378798241975574879 0.75130294251535412187 0.22245054924777316052 -0.92750665812604504712 0.30041163804234172208
-2.662303460482381201 -1.4282845897170619587 -9.1562619776405540506 -0.43999318966408829112 -0.01232687296914313467 0.89791650015563218012 0.8307885641267045429 -0.38514600202183468802 0.40181204417386884309 0.34087586415840120946 0.92277332283159296811 0.17970264301019181485
1.3669524249522526649 0.79902548087981561942 2.5438142486001362741 0.133353313211530905 -0.00308331460609752913 0.99106376536870843807 0.96319704465888256184 0.23588986080548360325 -0.12886980534511233154 -0.23338454750917092539 0.97177490538734356829 0.034426534007791741165
-0.68658549414975267311 0.61911810304913450498 7.2308880186173016824 -0.93497382553760910451 0.0084989116946697900595 0.3546148813280172174 -0.096062079146793794004 -0.9684221676481343799 -0.23006647334558791296 0.34146159741506609819 -0.24917117350881232141 0.9062658019493690098
-8.5973835285758646307 6.5986127413522384089 -7.4935489407065398737 0.93470014680092028403 -0.022714981723169824779 -0.35471067812537065977 0.34259242249492277699 0.32343314461803313042 0.88205523240429417609 0.094689321572829332485 -0.9459783457182268096 0.31009498837008531158
-2.4562822193686182359 -5.7211978643388263777 -4.8670494516282944986 -0.99643086727573992878 0.0094272155926125519865 -0.083884768262005221517 -0.071473546475572177772 0.43449617416476177256 0.89783328451914867774 0.044911678820012623792 0.90062434024526749621 -0.43227160311921347668
4.2435147888342426015 6.6914721724868186925 -5.8010174818634174798 -0.7775588266504639412 -0.0082000555222309402803 0.628756733711364868 0.40969182809168047665 0.75194765581146716382 0.51645651212328791413 -0.47702712406410263668 0.65917181524165158191 -0.58132404121792258245
-3.0159733880542063389 2.8082667199636168753 8.3818072189460703925 -0.98949297097831767633 -0.0027028778271113509946 -0.1445557153341783807 -0.144414541568235133 -0.029484137097347342532 0.98907791697282465559 -0.0069354573001809494484 0.9995615939555352325 0.02878401155088253574
-5.0951912778758474687 5.1412225192562530651 3.4953583656973306049 -0.92413381170283859234 -0.0056778003517807176109 -0.38202678001745310477 -0.35234536844898661778 0.39932691154188465488 0.84639869981637672058 0.14774789135520979833 0.91679102324424843751 -0.37103204753565838248
8.3876629222057630386 4.3139464484845788661 -4.4181714310773081422 0.95902972137012176823 -0.0096951442987762946613 0.28313953751735104758 0.11668266424550102767 -0.8971955665234108146 -0.42594045508219802176 0.25816109194250486114 0.4415270315485258501 -0.85930595891022898414
1.2928655945739730981 4.2124087199952011673 1.5038978420136972503 -0.95881379070752992266 -0.010077415227743071954 -0.28385658430198235092 0.20457792858488885179 -0.71777439151197741651 -0.66554323227385192574 -0.19703803157037283467 -0.69620282144798995017 0.69027360193098430408
-2.8889393999460830642 5.4605960427583193351 -0.032007115277852042634 0.26104465534927973058 0.0073121099898597070182 0.96529903188651322576 0.22924494383826929389 0.97089519565151349845 -0.069348934996099828587 -0.9377112794661612849 0.23939309118686311062 0.25177073748524397834
7.6541892304094272248 -3.7658203599777135828 -2.3919531923133714457 0.71403261009566953987 -0.0007035369452751934552 0.70011208870851737718 0.067151642544941284041 -0.99532015456530864572 -0.069487026269761928421 0.69688455903648538481 0.096629679457738190673 -0.7106438041835242414
-4.9059097406091414229 -8.1787661115904004561 2.4906790131097276131 -0.97640945491326536221 0.0081508397524805917267 0.21577335370146685789 -0.066726550865596395701 -0.96176649114493051318 -0.2656177402217966832 0.2053585736361248637 -0.27374948460632009262 0.93962177279564162991
-8.244139467717220171 7.6862594738559542051 6.9991449844169988381 -0.22367758490156036677 -0.0026418196504901115401 0.9746596117627495115 0.81818420512927281241 -0.54393882209085875346 0.18629322129252501306 0.52966304806906072677 0.83912071754379680133 0.12382841717037433582
8.2882969898278631149 -2.5262430193723406369 -4.9827907275730618508 0.74591301519468056203 0.0052869583961964485008 0.66602238838793292874 -0.5373858921370687769 0.59553794047283592494 0.59711888631104392822 -0.39348465877977051308 -0.80330978428521304657 0.44706063769545784092
7.0883623458638416182 4.1773082580756772941 4.2341284484504146945 0.9959616906589278118 -0.0004796752294378759697 -0.089777951923996651695 0.088005870660481072543 -0.19255565819370937253 0.97733171708844523984 -0.017756054439448998306 -0.98128593611112890915 -0.19173584464431017715
-4.8828723189482214906 4.1774921024307358763 -9.229328664396216908 0.58261309592401555602 0.0041036161509009575626 -0.8127392821762171593 -0.77794063884570896494 0.29233413360458593289 -0.55619161874473388441 0.23530903699169275489 0.95630743731514200601 0.17351006439362057221
4.6676414819629163944 1.9942792681093115537 5.858192616194348723 0.9433831522742420761 -0.0036655930523396725029 0.33168477720979111512 0.33150963948929212943 -0.023897462958607011002 -0.94314912404667461399 0.011383625553587461976 0.99970769462457309551 -0.021329284506067070631
-5.812709498027821553 8.6924179521467088705 3.3609218258900908083 -0.7612072308781449026 0.0032992534159326167287 0.64850032119174383372 -0.13858514337267285876 0.97605951878980901082 -0.16763643343951944997 -0.63352798651298347643 -0.21747857528218159096 -0.74252633596259176585
2.408130582589995683 -5.799892728800764452 -1.6961483451341488049 0.3727606481638068292 0.0049807397945631718544 -0.92791416166112627995 0.31440631268594132486 -0.94151330168130253906 0.12124921979133965189 -0.87303961520866490975 -0.33693900781566821223 -0.35252508462283999036
1.0774725943395384586 -8.1344955318992315796 -1.623822614330859393 0.86796509873086646891 0.0022642924338730262626 -0.496620036209846627 -0.0034879775889478260159 0.9999927362227046812 -0.0015367217794063324499 0.49661294928500543389 0.0030660204276354713349 0.86796669182681274179
1.3578518652728064353 -5.8594288344404530378 -8.6539017739906025639 0.91991298416532774063 -0.0023968306843238397497 -0.39211523404039588803 -0.23979212130468796627 0.78777301408203792565 -0.56737414185340373507 0.3102576995402575033 0.61596098373711904994 0.72410788311491391944
7.4391671604405091855 0.38130603661179429675 5.0540120515966533432 -0.79224412374590347241 0.0056316259144408176845 -0.61017827983291916816 0.064795400168313574407 -0.99352749085358016412 -0.093298880138724338273 -0.60675431972691151739 -0.11345223535779082324 0.78675141295388473228
7.91541158502769715 3.1200337294123832166 -4.107068490474841127 0.91847451932926671425 0.0040874628748925351945 -0.39545903705687918128 0.1491244936975771318 0.92255499594605738789 0.35588504440936469253 0.36628737723581172858 -0.38584397377964113618 0.84673371562478771946
3.2511261550457346559 -6.9224202082721122409 2.6599855237471476954 -0.68784936684451780664 -2.6763437000955781625e-05 0.72585346166785769118 -0.21943705117951101125 -0.95320012123848907315 -0.20798295468703700828 0.69188917400188576501 -0.30234008691280689352 0.65565222698041025762
-0.08106866804819941319 3.1157334205458004917 1.9482759121938726388 0.16532496787184317033 -0.010827544743598652849 -0.98617970942072430418 -0.73841615703949536886 -0.66420632748682151281 -0.11649692506476634624 -0.65376542736771836584 0.74747088157421770482 -0.1178051237318262362
-2.2958248764337274572 -3.9117533079091346693 -0.93087617729453508986 -0.74867863963659497806 -0.0091360062912709521371 0.66287014410145994603 0.57875351840922828472 -0.49664653783898715655 0.64682809260375673244 0.32330273658142788529 0.86790480459638319477 0.37711615011491206317
-5.1061276282347591859 -4.9111492436481443136 7.3553433667790821815 0.26929260640607921573 0.015478635883603427542 -0.96293400810551277313 0.494896991109704254 -0.85997509814878836387 0.12457848431508933285 -0.8261709631338102211 -0.51010120799194480501 -0.23924526595009165675
-2.2408038789451438788 -5.8944332859004049396 -1.0727490771404877279 0.68510728372269280584 0.0044272118396737076412 -0.7284287264966013975 -0.47704875370222760145 -0.752984292224558871 -0.45325394896731818761 -0.55050204030630855989 0.65802359794959952577 -0.51376302724141975631
-2.0739749491276384674 -6.9322700076295040716 9.0580531914366133606 -0.90399591630786857444 0.0028925811578729373509 0.42753130443568049257 -0.16376571992916769127 -0.92605295987679825398 -0.34000985938585981394 0.39493312379990719307 -0.3773824962523670834 0.83762179964941774202
3.6274499761317406943 4.368492163024772168 -5.8521855754484413126 -0.900877712048539947 -0.0017840183202348833778 0.43406930922710151854 -0.29757653392714383811 0.7305624317010338542 -0.61459477694093467282 -0.31601828173424134638 -0.68284357701141651376 -0.65867829396754995486
-6.2854214141875504041 -8.1341107235547838172 -7.1606489827207973065 -0.79113138502654145601 0.0034795623524246171131 0.61163634969784241857 0.60663694394802292198 -0.12325521366389775857 0.78536601055920074455 0.078120098969828424829 0.99236890567485391834 0.095400236825921663764
-3.6487539315230277381 6.4310383651071223454 3.7935187155007810134 -0.99806131541111842154 -0.00071062815688307449762 0.062234280645011061384 -0.062165767313020890705 0.059656151021088912878 -0.9962813663918362872 -0.003004672053678201539 -0.99821873287009288411 -0.059584673305241427077
-4.9610764569690291026 4.2255942385636551251 7.0075394617296185018 0.34662582715384371301 0.00035991170116577331402 -0.93800341492629701889 -0.93182912721956623336 -0.11441725479490666428 -0.34438810878193260034 -0.10744772503412973463 0.99343271652844256092 -0.039324599377556931912
-1.6360220003193239879 7.589274010965270989 -5.4924303510150620511 0.43094732283643988335 0.0059015134653724009295 -0.90235778773115538076 0.40611743202066663549 0.89171437462481517588 0.19978514833780133819 0.80582444511757445049 -0.45256010233585675095 0.38188521498587479908
3.3564921551223609875 7.5659788337592104313 -7.9700050383235145901 0.66440383429863880682 -0.013416742040177898065 -0.74725332786301057464 -0.47525981756320379024 0.7640571244409039009 -0.43628524660022344195 0.57679775552540457628 0.64500907096254067596 0.50126604472724545225
-3.6963463207287419188 7.2992491280355764616 -2.9793239571769736251 0.9420354726158167713 0.004372604385955581284 -0.33548479647275958326 -0.18277740871686212754 -0.83182638818132381697 -0.52407755035674197241 -0.28135669033498450498 0.5550186846008745567 -0.78281075142569667147
3.5644456105087600761 4.3338489651221392407 -7.934500014809838575 0.70234843401927449236 0.010504590841103498763 0.71175580840769636648 0.67137398720225449633 -0.34207326066526028141 -0.6574517880769034095 0.23656636814788270518 0.93961456880407379089 -0.24730712798507098471
-0.38920552972495386923 -1.6351075712900304815 6.0513205241543897017 -0.99248161774107801492 0.0041754434425487589599 0.12232254133305960064 0.12073517141857460777 0.19737489003526759168 0.9728649295590221513 -0.020081255653903083702 0.98031919212852391965 -0.19639507304321393577
3.5676536313374236364 -8.1119055348783106751 -8.6181380182299900383 -0.75668797852184255248 -0.0013822696078918377677 0.65377472610326470281 0.35668593353307403993 -0.83893099280215799318 0.41105952626786662618 0.54790368494859342796 0.54423605048438006282 0.63530203318806399704
-8.0362823241398562146 2.9729763492253904467 -6.4073690979489388297 0.40146507050537355576 0.014607902802363305003 0.91575783171088620538 0.91579946871968442856 0.0063815413895903600958 -0.40158512051992634184 -0.01171026291326589773 0.99987293447989367134 -0.010815943661583714633
-7.666493284560990773 -4.692123582353196376 -5.3944150501583063573 -0.99987451574108954233 0.0023965694222128973261 -0.015659157917559382578 0.015794166590208592177 0.07446545324141710942 -0.9970985109682677372 -0.0012235495104803897209 -0.99722071414938073808 -0.074493960815624787886
-7.2707682557843806848 1.0312062672666331142 8.0436287545505180674 0.46519773805261038779 0.004726557210965199457 0.88519417314390225204 -0.33471502382157097832 0.92668232458028254594 0.17095532205455624131 -0.81948576396358796536 -0.37581581787842738285 0.432672570997507
-6.5366972502927840338 1.7392775301465144278 6.8733412503470496802 0.91571538411510633448 0.0028953821512985415676 0.40181706292453595042 -0.29142266028460833693 0.69326020892935613649 0.65913816138033809455 -0.27665532412677129592 -0.72068155205835637833 0.63567281848036805147
-6.0454635239611240749 -6.3684598982730813432 5.2585921519263383317 0.8701934777854497538 -0.0019084092875952859275 -0.49270647366750075502 0.4927101579439177037 0.0035879561713443048482 0.87018608747166581452 0.00010713802165821363719 -0.9999917422381395804 0.0040625087004713938271
-7.1021139560675896618 -4.6053727650709159747 -8.3158543948656440392 -0.53525603963646661843 0.0030274987411621576833 -0.84468444183854440865 0.72602260507201255013 -0.50946031569331573507 -0.46188890835107498933 -0.43173157048893084919 -0.8604888267634870358 0.27049367840711879829
-7.4248720611680036896 -1.5218156918823912971 5.535869742942695737 -0.12536653133010738914 -0.013470654070555442006 0.99201903928351597983 0.1394662815272737777 0.98973942858663033206 0.031064768108858758361 -0.98225881983279550447 0.14224768883737165526 -0.12220149704978242045
-5.9534242616509693846 -8.2494636619163426161 -5.938472772402241695 0.80843749528085717682 -0.0054267801384652852165 -0.58855702041610435948 -0.57926518557555961575 0.16987981393598489133 -0.79724067482607985369 0.10431040697860105571 0.98544984594569684511 0.13419366647316202656
1.9672823407107160598 3.0487034472695384579 1.671824392450558916 -0.99057138430349478408 -0.007475478918559179918 0.13679345676509893637 -0.031606477281703515558 -0.95910303513959882515 -0.28128703948054312178 0.13330177490421529773 -0.28295845136863434499 0.9498237476533607504
-2.6239246732933136919 7.7028836740487989232 -1.8776411674455726342 0.92738929292130356519 -0.0080856106031601884809 -0.3740103237561128724 -0.31771611782058867268 -0.54483230298361717825 -0.77602463240707664216 -0.19749827303558589731 0.83850604322621491438 -0.50784057303588503451
