1125 17.292696884352682929 17.968806560800352656 18.477561601407678893
-8.3572596951268653953 6.7691661909931983843 -7.1671555510270028577 -0.53394143985134789876 0.0023569944245378409223 -0.84551817448637256458 -0.84382026550857958114 0.061917504925445829289 0.53304182021766843835 0.053608752331588287177 0.99807848747555205637 -0.031071442070636445809
0.19971996394802199459 0.058788302084047221185 4.1900803438093863207 -0.62929756783671875198 0.011673856806441298972 -0.77707676080431209442 0.77425730356260447085 -0.076987038498663257213 -0.62817085556632379362 -0.067158015118211844552 -0.99696374907536167154 0.039409187189026424758
5.6278693134731234693 6.6087668229795957231 0.04719265199586242937 0.59211172738951400873 -0.0082381697387989057807 0.80581377181531432807 0.72925387823457021863 -0.42003223478411660929 -0.54014970408406637326 0.34291760434195045493 0.90747179256554433291 -0.24269829486580959954
-2.397156507831537553 3.1578756859657191036 -9.2275085964790743986 -0.26163185510094605357 -0.0027492504448617090598 0.96516382755399776627 0.76116610035560028358 0.61427003629284659958 0.20808289257535128591 -0.59344329136516127399 0.78909110002253490812 -0.15861997288827231478
-6.9659361752366439902 6.6224031231644326922 9.191058970442117726 0.8502409214877898469 0.0043522266522035999922 -0.52637575319427343246 -0.26288360908200608668 0.86984982192032445081 -0.41743681603545029768 0.45605107554287810379 0.49329742086167871484 0.74072604319514856464
-4.7181882524444347382 7.8778356097937916047 -6.1965522011835929561 0.87801567245873213263 0.00019200677880029139166 0.47863184395729774234 0.40053972993228409427 0.54714819344381449007 -0.73498080189690095931 -0.26202367004219423441 0.83703573253742891147 0.48032778265767495096
-5.9431188586471819235 2.1618775575478133 0.89161887124895999879 -0.79846807379193984744 0.0054146073675731543062 -0.60201280481567132075 0.39513412316156987236 0.75915803281163918292 -0.51725052530731230327 0.45422214812624739366 -0.65088383237298064188 -0.60830294829745412688
-4.0440607305115889858 -3.2756840517202698848 7.4271821083134081931 -0.99150869632521265729 -0.0052671364811502172781 -0.12993368456605439154 0.11958863044306991541 0.35553888023705509935 -0.92697932237378355413 0.051079003322001832743 -0.934646650832827941 -0.35189000199862324747
-2.0278690376999799483 -2.2623607012284563389 -9.1267204208986303371 -0.62007937815629887712 0.0014771119548616226322 0.78453768738378004688 -0.75734618569643596953 0.25987171564775979338 -0.5990771623232816756 -0.20476405884919657296 -0.96564201935640892049 -0.16002240673446260777
1.6572792811918806155 -6.6050210119597148051 8.6861309154595289783 0.98755365463385647029 -0.0093666981520685102525 0.15700332539501768436 0.07874138105632286222 -0.83467755750745198373 -0.54508088381713981629 0.13615276026851641511 0.55065927755663424126 -0.82355132560895805138
-5.2663299152634674982 2.2681811233120283688 5.0258877581921241884 0.003254309522801200269 -0.0026824049671440967912 -0.99999110704712690367 0.7745875943824240828 -0.6324525857204708057 0.0042172792462647473027 -0.63245827380028352138 -0.77459443034346497914 1.9561138146607405519e-05
-7.9190031600631378694 7.9415902506267714855 -4.6637584927225033127 0.98615202596048234795 0.0076201501950729673418 -0.16566869047798155057 0.10607682037582620571 -0.79686256761339846477 0.59477538324619916299 -0.12748290031487113927 -0.60411255710137867769 -0.78663595676768716114
-7.7737033067447045553 2.5000738286394637022 4.1287098397544719219 -0.90906078394036693435 -0.00052624907353453177165 -0.41666319031539911233 -0.36582951719236722621 0.47967297016538440468 0.79754787069112742515 0.19944236122905947828 0.87744718630523055314 -0.43624440373804768134
-2.8729310530627918396 4.34870556127038288 8.9039566606172417806 0.90828784512908344873 0.0029873681866439917229 -0.41833511210780321976 0.21544033002999976589 -0.86051961469996274268 0.46161830218583538299 -0.35860654565635624591 -0.50940854758024201043 -0.78224310611521152836
-8.0133028985115384302 4.4710308683298620736 3.9102232322578380774 -0.84765868467756766425 -0.0096209358347325232841 -0.53045470295232410862 0.42169588303339461399 -0.61893741263167889599 -0.66263795656285173763 -0.32194306410190548506 -0.78538138304808924328 0.52870478212129135009
-5.016071929290458975 6.7936724963383010589 7.2826069501315302546 -0.080259975735704203181 -0.010558565757694732268 0.99671804086401838418 0.67899250348159967405 0.73148642781274864078 0.062424243218436030467 -0.72974482972500565037 0.68177424607770542586 -0.051539895950361368226
-2.8876888672500471422 4.3391402220498269671 -2.554590801779006437 0.98547066433111218942 -0.018898377631502656648 0.16879105742184158379 0.1688334221450343009 0.21733783930785163796 -0.96138417876070225709 -0.018516082455427192166 0.97591347717280418905 0.21737074265546821317
-8.0613653088469661157 -8.7766278444861427488 6.845810247613469457 0.9749156878465059517 0.002341241855464496098 -0.2225621714880390567 0.15129830152326717574 0.72641856569619200901 0.67039159553807503578 0.16324284225345797594 -0.68724856201982331694 0.70784262972401945646
-2.1307432658901417355 -4.774042621645624429 -5.9494657294284047921 -0.716386199033356319 -0.0060329861367506556688 0.69767787474779530132 0.59429482059582805498 0.51859305013366885362 0.61471531180339611389 -0.36551946603041163275 0.85499991311758583024 -0.36792753161674013329
-8.0126155214139664906 -8.9524331837137562928 0.0072681842123798884314 -0.99988331275912567531 0.0067886580340315999527 0.013684845192422951873 -0.0062710883878416071036 0.63445679835774082544 -0.77293288484080380218 -0.013929620105278921194 -0.77292851230886161495 -0.63434019306988120857
-4.9091456055082147714 -6.9054877767624081031 3.2581010698518730884 0.92877687509856932113 -0.0045556242018379737233 0.37061133626759068527 0.008194497257187665501 -0.99942764860328003884 -0.032821112440886549 0.37054873700591556274 0.033520463828625862712 -0.92820795730701133319
2.5068323679097885837 -1.117575662032196826 -5.6365085387485320823 -0.75077350141979581899 -7.0547884828055240636e-05 0.66055972068303714373 0.64567133988516534071 -0.21119464346922942055 0.73382923314697690031 0.13945490459956880192 0.97744402274151287457 0.15860489270573624454
7.3920025087066063563 -8.8540770590646253879 5.2839879084455381175 -0.82448845746521359779 -0.0099221122165117046909 -0.56579177724317986087 0.15524094468625840304 -0.96545201219080367672 -0.20929085323947199671 -0.54416820248884700817 -0.26039194274387689187 0.79754435836158388273
0.76629839836829727329 8.9098502216479857907 -3.537126440223275381 0.99735758001077068347 -0.0009486774549887040317 0.072642670699027633852 -0.017879848821309010654 0.96595308340000773928 0.25809872467031086396 -0.07041426418932397735 -0.25871555941110963017 0.96338366745412229442
0.72627535722493941073 -0.99649957329760652236 5.2453225880618923327 -0.89500083201548497058 -0.0073187346202328376621 -0.44600442465868106456 -0.35447702297919841952 0.6186207397377898598 0.70118073315373385945 0.2707758314020263235 0.78565566025453359433 -0.55626040002759880032
-4.6669292625613856274 -7.9664279069945180822 4.1467162256464984438 -0.98804525970276879665 0.0068663965955588187121 0.15401109497906570467 0.095948719029859450003 0.80932723577315546226 0.57946809122909492817 -0.12066651604906132589 0.58731786796759666291 -0.80031076081162566549
-6.3684700116000998449 -3.3735959874782288637 -0.63744381443969333478 0.99872356098069736685 -0.003390793605971505198 0.050395944883279975013 0.0081262758719459413093 0.99553334114498648333 -0.094060248294500770072 -0.049851904501298088812 0.094349717474169161879 0.99429015806755927098
-3.1658380554401563955 5.662232282289607177 1.667795508098464774 -0.29601641375748044549 -0.013143141245709331899 0.95509242517392389793 0.26653306588845376845 0.95905235927427356923 0.095805516325073988848 -0.91724282912121857247 0.28292371764904961084 -0.28039215826640162543
8.2364513103813283834 -3.5411597364577289682 0.0032431261085316895332 -0.98582076670324580991 -0.01160821146410463342 -0.16739971733140088239 0.15622672005483290159 -0.42758731934561960975 -0.89037199881588113826 -0.061242369949014448249 -0.90389951530089995835 0.42333797179282406375
-1.3941419114122295397 -4.3135539767989214965 -3.6809955700732732709 -0.81040285011379209479 -0.0057429418388759926467 0.58584489342037482373 -0.17245013225296049186 -0.9533143603086567941 -0.24789651533493642366 0.55991800508071731812 -0.30192507191081929818 0.77157830356881684786
-2.6393612410318434414 -3.6168594339828166184 -1.6749763730464790612 -0.78183731102064446539 -0.0017561798998995126198 0.62348001967020283409 0.50582385850769673308 -0.58643104584477812047 0.63264591410512760472 0.36451699996045860974 0.80999724956420693367 0.45938198967562104968
8.0661401938066639161 6.7887128862452223999 3.8801604560876015171 -0.6799457187556172677 0.00095854658274706697196 -0.73326182277155893541 0.71081860609551861252 -0.24465706047973492798 -0.65945419248482672891 -0.18002979968391480403 -0.96960920166107000817 0.1656721680906537153
8.0364741577704048581 3.3068796461772294037 -8.9564622142951222372 -0.53258437405597658376 0.0022325046058799223603 -0.84637397197348884781 0.64275388131884336751 -0.64953390669117394562 -0.40616887141632557201 -0.55065536641416179542 -0.7603293496777004945 0.34449665812265123366
0.85551888755802818487 -1.3760479568715937582 -7.8284398931076593087 0.51510850172425048932 0.0084159325364096624483 -0.8570836619204362794 0.83360116640944315058 0.22774304183077431762 0.5032317579988879741 0.1994300047945020693 -0.9736848971701268507 0.11029684587684362995
3.0548328156040893688 6.8234534952297307697 0.38760684651561194691 0.30230891889999994548 0.00069093356678214890368 0.95320975664522455961 0.93609540142852176725 -0.18886042251233725597 -0.29674423369655494875 0.17981856683099245453 0.98200369827148492607 -0.057740969887222645673
-8.319510267237870238 -4.270876597159975141 7.3764282812433545899 -0.63237853359046070079 -0.0022568023910945729862 0.77465624447049707957 0.73635200854509097468 0.30882146118933040402 0.60200915659183240614 -0.24058908904094078451 0.95111734920119406222 -0.1936302617945381277
8.3267293946901617119 7.8849131909966967413 -1.7437555842801597539 0.94803484897496004269 0.0097501549548470508449 0.31801707439678894573 0.31286788991101927015 0.15308725717202439909 -0.93737824550930082257 -0.05782394479818219607 0.98816457443594640786 0.1420815443259182409
8.1258042597614164038 -7.8811413805964090074 -3.6775582082154643082 0.63509475575386975521 0.0026502847203265338105 0.77242969078402501371 -0.69402389726111746171 -0.43703497131926316577 0.57212871268144049886 0.33909509174330687564 -0.89944060939825143386 -0.27571925743549896559
5.8642454078598458267 -5.7386725539741547664 2.6816668199993007882 0.99689446180373642026 0.0027262995897163883052 0.07870196513279223427 -0.066309263057470244074 -0.51004476536033394041 0.85758814063675270489 0.042479567535463738648 -0.86014353721862446545 -0.50828002294307594866
-4.6332188304150605518 7.864134175259323456 7.3297848894673691689 0.33203037320451272985 0.0018788732519155618497 -0.94326682391840244168 0.88511843685764390877 0.34505890369797503903 0.31224942868330107792 0.3260692932555561141 -0.93857915106501332847 0.11290701121654114769
-4.3909183756642446994 -6.9335559522327088189 -6.1898090385974375849 -0.73896070584544926163 0.0067648754505032996504 0.67371456246426608683 0.60238518332519319642 -0.4412506640626457366 0.66515407416263305773 0.30177668254305528572 0.89735839435767050798 0.32199184143219450327
5.8585647635069513228 1.3941174455407414623 -5.4487422618604668401 -0.81204713915445314587 0.0043565672544338997219 -0.58357558560378808288 0.19310426248233880653 0.94564915684035055765 -0.26164559231612327661 0.55071788385897924023 -0.32515948777330416775 -0.76875296416249372378
-5.2906889755584725066 4.4780231742504197356 2.6887477761938711751 -0.75679239418529531402 -0.0019344459816807713093 -0.65365245354246526155 0.23689971816868624077 -0.93282134616256717763 -0.27151953829332931001 -0.60921572175603788679 -0.36033400347756822102 0.70641036961751857426
1.8706989403171552233 -1.1989695340438755178 -3.5911995830578806732 -0.794769906207725918 0.0066386691943418870213 0.60687455397107137323 0.59916240825780586743 -0.15069093041524109222 0.78631841643276434439 0.09667059903143759847 0.98855863334547799948 0.11578697561035228292
-1.0476161880019807526 3.4497617055682185949 6.4436080100281198924 -0.6101323104796518848 0.00059780959932018845615 -0.7922993161250614369 0.79188596605924366223 -0.031846457159873983733 -0.60983802761441763263 -0.025596493255734546063 -0.99949259416464264483 0.018957155455388313703
-6.243958891537512379 8.9099869856934308388 4.4268396968550334236 0.12792449859597429529 0.00032151806560512530275 -0.99178385714078376445 0.28532436812727351994 -0.95773605361719982287 0.036491869701012626115 -0.94985542458393878995 -0.28764830649185119116 -0.122609641385386825
1.5252707830333998018 -4.6023647815007597828 -1.4995134078039256131 -0.52919268089629800667 -0.0053994284356100614303 0.84848450348766835116 -0.0030905060885096369283 -0.99996085420525704368 -0.0082908883356674224069 0.84849605494542801321 -0.007009723949335400911 0.52915527826159880487
6.9084488297304060822 7.7440030704214644075 -7.8400967985900491541 -0.17492186956204230919 -0.0019320106604005888792 0.98458042174519599943 -0.97917338284675892179 -0.10433454689479523814 -0.17416598017037632218 0.10306224271444246188 -0.99454038111041331849 0.016358620588649893518
-1.2915516581154569131 7.9730259652441262119 6.246001721736643475 -0.49563826421372375597 -0.0073884784714002595118 -0.8684976231591332585 -0.40825620649849730937 -0.88062341143134803545 0.24047718622445474201 -0.76659610023976332283 0.47375924014721776389 0.43345426687528720855
1.3892251614117616665 2.3115301943141854935 0.35678691322343064618 0.32636770354944238948 0.0019206546641099208565 0.94524093921347085434 -0.58874891620120917146 -0.78192292650724681824 0.2048688621385680031 0.73949904377998354477 -0.62337215857623839987 -0.25406360652497794739
-3.0107788012728611271 -7.9489253801967771906 -2.6914309939939262684 -0.99519294174958283783 -0.0048192166202163490632 -0.097815049164854256381 -0.056915651149463494796 -0.78433867421288283595 0.61771632064270298734 -0.079697034739113090107 0.62031412952250652992 0.780294023665787706
1.0645774756371781944 2.2567584851681057323 -5.5744138680915842343 0.39750335144902249063 -0.0089178203335859643208 0.91755738679793275026 -0.85270986378923685489 0.36576352370506953759 0.37296505590051864942 -0.33893505835598558562 -0.93066509400939101404 0.13778791314854704764
-6.5900061054143694861 -5.5046497530861762115 -2.5025864725339559413 -0.8256773691555303607 -0.0042029732713072158815 -0.56412695120873956878 0.56167546928969480646 0.087293306655327862487 -0.82273965858675401908 0.05270245973870429923 -0.99617378686108493113 -0.069715400799457469261
-2.3225172783591832015 -1.8961430723551817579 6.5133347136967456592 0.15720315767369857918 -0.0037754968653221036151 0.98755906802624926488 -0.93794336377963827278 -0.31357097193284699799 0.14810635335058777717 0.3091106817291993103 -0.94955726061380041347 -0.05283554917239999954
6.3469647762379652889 -8.9462017490128928898 -8.5583697911728897623 0.19287847602540802994 -0.010593459518680277062 -0.9811654662193716181 0.20938152925889436107 -0.97646615891909294138 0.051703149717197506574 -0.95862258928722920981 -0.21541035049646747868 -0.1861212298684231381
-4.1486693320181178279 1.168382764832089471 1.5306317177529618068 0.69875834944309822561 0.00097349732142995581974 -0.71535712856354216616 -0.62956882990863249905 0.47567029882848976818 -0.61431332007320971211 0.33967610674134529614 0.87962311197179576805 0.33299147645794702211
4.7480164826295618852 -4.3849783994092765838 -5.5139417973499398329 0.59037658949704108213 -0.0033226281402633736119 -0.80712108305765084548 0.80662135254250633132 -0.032994680181055939527 0.59014688400639836452 -0.028591540646559575334 -0.99945000436340325489 -0.016799183952349586862
-6.01011455248227211 7.933818436938062213 -0.32185663428791649876 0.99811620008955770356 -0.002113727859690553261 -0.061315440741238347311 0.032079704584074712759 -0.83391920106364336718 0.55095340878437748522 -0.05229668892532917529 -0.55188250402795091532 -0.83228045638195802258
2.8431896341710745091 -2.256651578081088072 -0.48982282637219337618 0.81382492038443954296 -0.012402561010381675868 0.58097777534214023465 0.53348845249140153246 -0.38042722584564409027 -0.75542385247859822339 0.23038895377047960422 0.92472769089898254613 -0.30298453370563277476
-6.7569028772705976849 -3.2895437024737663734 4.2642854161523837675 0.99720733927710580868 -0.0069916465348956831002 0.074354820761360046477 -0.045373922790813071837 -0.84750841422097955569 0.52883900665079186521 0.059318880824768029092 -0.53073590862446873295 -0.84545884919044489436
-5.6451838456415375234 3.4717282260755899514 5.8307775456233921219 -0.25093766050945026658 0.0043944781176400342718 -0.96799327430540127448 -0.57152574062545813405 -0.8077625172298579237 0.14449236506066509556 -0.78127371537810741398 0.58949164906781204021 0.20520959368176019955
-5.2953322212702476079 -8.8925786872691539031 -3.2008054434651094233 0.28206573599635770266 0.0065417687620252422745 0.95937277730726722158 -0.4823501110856155405 -0.86343616377725185274 0.14770362696046640538 0.82932339344336170051 -0.50441569795466634218 -0.24039033413253163562
0.22916842654436817006 4.6052578702707194225 -7.4593372552173180523 -0.99586770131942969897 0.0060583459270575484856 0.09061356362602943082 0.087175117097381432663 -0.2159105034200748674 0.97251383202089303204 0.025456245352351761224 0.97639436241598454025 0.21449015971613485942
6.4550409228773615311 -7.8763825718290769728 -7.9891339366403437694 0.19156239979867020762 0.0069878792182796216001 0.98145556013867851775 -0.70193920622573635626 -0.69794298306983604263 0.14197514975071182097 0.68599212659217323473 -0.71611923722769499356 -0.12879456636791128399
3.3213247790278437321 6.7866560957157977541 -3.7268867456328682586 -0.80322450207470263983 -0.0040367749363175182281 -0.59566274326590640253 0.33745573455732902346 -0.8271206651394268361 -0.44943857479477444805 -0.49087068203470635153 -0.56200988402996721049 0.66572581726355384291
4.3003345028211068524 3.6435668499740434534 -5.0388162471474347015 -0.92877984437270411089 -0.00848515820873472007 0.37053475245546013683 -0.092265869910026179768 -0.96297121097140925272 -0.25332480354282760349 0.35896380031524044441 -0.26947068287748920934 0.89360536095781417654
1.0581360385221050269 -3.452567599917071739 -6.9364981250960617842 -0.80209386990966602404 0.0091078039509591614958 0.59712852197873400595 0.57427055849899855122 0.28615666657032662323 0.76702521980607596408 -0.16388639203627033969 0.95813955668500228047 -0.23475485175164886864
-4.8430584965309346757 7.4289257462531068654 -8.0993101974008254729 0.9671633081462099879 -0.0067169096876722005074 -0.25406695672622686688 0.19510993578959928696 -0.6209888677619941344 0.75914750811159070754 -0.16287187704469896499 -0.78379060292920188502 -0.59928711184880012475
6.1221944333908160374 -4.3777179522362335007 -8.6595872531089632673 -0.5139515620126215989 -0.0012714826401704843253 0.85781826469039623717 -0.75610457931164720691 0.47299215941481470571 -0.45230994050056444467 -0.40516620916414913811 -0.88106571858383242457 -0.24405643299781853983
5.5391361872024047486 2.2508614898326699816 -1.5170606673028916855 -0.046686623763785517482 0.0021889403676178774416 -0.99890718673022937946 -0.90470503261159840314 -0.4240266466986506444 0.041354647338112636434 -0.42347274189556172175 0.90564706780805503961 0.021776717886934471302
3.3677712557172485575 -5.5367089725825575641 8.9172318498458196245 0.41651481484716240677 0.004426757474027516806 -0.90911815119458527779 0.080426776766586008383 0.99588799262419702707 0.041696999007963073125 0.90556443315313250864 -0.090484860422172838645 0.41444607302115293868
-3.004755760516949703 -4.5671111016202745603 -8.2625325785858692029 0.83410977225989835215 -0.0065837203538328904415 -0.55155919215141879786 -0.52911921358004543325 -0.29209862093856331366 -0.79668767623568015335 -0.15586451052377675586 0.95636554218134872674 -0.24712588712461883156
-0.66258756232010529441 -6.4785392703300122008 6.7536567486824914397 0.42366832155472144983 0.002469508519019618549 0.90581402883723505237 0.61261371323895985608 0.73583286518434021239 -0.2885384426140061298 -0.66724028030566240322 0.67715869339634393587 0.3102362201538301778
-7.8861257441284653424 5.6270590642645723634 5.920105281456867985 -0.78306192078080438801 0.0042495885036936374701 0.62192923168241087684 0.55687816986038729539 -0.4404947324817096721 0.70416695079293345483 0.27694897031109289021 0.89774513736015792986 0.34256814824218767557
-7.2575629749185699424 -8.6653925945606928849 1.0614955638616363487 -0.99745011737662048201 -0.0068097186479041758173 0.071041474347908459275 -0.036196721034430737185 -0.80962983010892397573 -0.58582363863536801585 0.061506590963406243544 -0.58690132554776641705 0.80731887958740367051
2.2828377247559776819 -6.7251351851827152473 -5.7768896111960454931 -0.53691569628973223605 -0.010905390294326446077 0.84356541390702866057 -0.79272808014220819128 -0.3355686789354974664 -0.50889670137620834911 0.28862384868834006779 -0.94195261779994443607 0.17152708179243461584
7.6120902386284159391 6.6741363282980277205 -6.5954950614536738129 -0.39934994891672842554 -0.0060700376564416262323 -0.91677847539234080809 -0.23489370055109229374 0.96727717989725325864 0.095915622770566963395 0.88619668682621499656 0.25364938772427175762 -0.38770790598803517302
2.8203928776380924326 -4.3412542160529765667 7.1046731062510701804 -0.58878412546008596085 -0.0076120449224335463151 0.80825448367342311862 -0.78494091701199253386 -0.23322646931292326244 -0.57399753554542953804 0.19287563455935702317 -0.97239265257623708205 0.13134503724678858738
5.394178219646144079 6.8825502466947012792 3.0672088814389333322 -0.71099295991771016556 -0.0097064319206641314769 0.70313213276530950324 -0.7006693174583987771 0.094518487571370851663 -0.70719782457205182524 -0.059594618213227298908 -0.99547578608747044893 -0.074002978274284716975
4.7186626469923149685 3.3534064466846409402 -2.82018864518301271 0.20082640564069842437 -0.01097393794628479316 -0.97956537682956656976 -0.86383614405381947687 0.46960788881628584557 -0.18236103472951017967 0.46201284724961538819 0.88280688910278637405 0.084829980130919122039
-5.2765470810818788649 -1.1053971925453254244 -4.0733386698197335818 0.0080892405253043253577 -0.0071012690298996447233 -0.99994206640481897441 0.93442032805806141127 -0.35602933998871649779 0.010087595321882086505 -0.35608034865722409945 -0.93444779471379513236 0.0037555631712284293956
4.3706037350813247144 2.2972010935264015608 -3.9905132567913166319 0.32323370402389572931 -0.0045209043219197938418 -0.94630837151906865845 0.65360417462215947282 -0.7220852627616404229 0.22670345436077132817 -0.684340233728474856 -0.69178929937270949857 -0.23044741216555203467
-5.9926135222503322808 1.2495857232128386727 6.8264797514270112444 0.44857432235123145814 0.003318209187386677271 -0.89373937298015215802 -0.83663533589274841074 -0.35017212537429631691 -0.42121348191433988228 -0.31436029021259948024 0.9366794927288325523 -0.15430209278811934936
-8.3269815783397369557 8.9141123095408136834 -8.8475866816118529101 0.19816160625661388694 -0.0036871509759789731359 -0.9801624267045825345 -0.96589156590792213386 0.16932637598028088544 -0.19591340256560818567 0.16668971387941253215 0.98555313571348945878 0.029992598615841678522
-6.6880417531745024462 0.80642854532275831669 -0.27155466946386208615 -0.9007289228383338342 -0.0089272022948727741687 0.43428989468061401924 -0.43159865850424045108 -0.094598764363498288876 -0.89709178558179503149 0.049091807259407996278 -0.99547545366023848512 0.081354874592508522047
-7.2366613582436905006 2.1089668208785350423 1.351850974237566172 -0.69212294835989085495 -0.0049623489153520512068 -0.72176256445368369707 0.66135117410357047163 0.39617215977419900641 -0.63691619882945571529 0.28910283441211459543 -0.91816283681753674273 -0.27091798799958932698
1.986189518751352967 6.8523720048061074195 5.9810199430712387425 0.068165649648337545141 -0.0011871420241465324014 -0.99767331070937681492 0.81489652050508298853 0.57699190540862821397 0.054990926176936016923 0.57558414248202238728 -0.816749001705550981 0.040298425978664155489
-0.017118460741767645844 7.8425314738932581093 -4.8600353861611491624 -0.87544613792545200592 0.0054040608297579685246 0.48328548055786951787 -0.10784410751551763707 0.97254271280481496831 -0.20622880556459183277 -0.47113024533104941316 -0.23266170268648106445 -0.85082596577538582849
4.5928283912810510259 -5.6714815668297564599 5.6340654411178041627 0.55209799465489517445 -0.01272935159140352844 -0.8336820544463897642 -0.63192581281414195171 0.64590007951296202204 -0.42834898667394960547 0.54392791011035479531 0.76331582643970474766 0.34855613279551972417
4.4609514115920800847 7.7863086814629740573 -6.7162055920779542006 0.94994334457228846169 0.0013870925278277497494 0.31241913846214924844 -0.22487768374922140202 -0.69115162038887667517 0.68683292363249937029 0.21688169460473161188 -0.72270845685393736435 -0.65624295572378710251
4.1917853638471465061 -1.920726299853105834 6.0614556434621444936 -0.22128262802070230997 -0.01330125585091710208 0.97511900562387721081 0.93512873425801379401 -0.28661148879128706124 0.20829811534854505983 0.27670968342504892457 0.95795455585624256223 0.075860530008630494558
7.1677378195627037272 -6.7157843520519522329 -0.30298954711621178815 0.52352879784877315306 -0.00082942915393261623658 0.85200757618138400762 -0.78347387766586862323 -0.39341419684426132131 0.48103425318435177882 0.33479289245505816641 -0.91936096380513565585 -0.20661349760590291824
6.2340366262478248416 -0.75163196718391234175 -4.0790475116637736619 0.90201509786064693053 -0.0021175849053669077923 0.43169929240786575342 -0.37930606957594936723 0.47362037753589258937 0.7948651731997651293 -0.20614477634474323575 -0.88072654883179302132 0.42640951838442325839
6.330776664365872719 4.6342003735469328163 -6.0616943194340775491 0.97750458187943434218 0.00049445837787853632456 0.21091360296536354468 0.19662230593552762481 -0.36397994168008673821 -0.91041653701102365215 0.076318157822794496781 0.93140665531544686306 -0.35588928225094296209
-7.5184155247315160864 -2.3275443507064461635 -9.2005147438409551341 -0.44781875955460365146 0.0054289671434266349725 0.89410787095657584533 -0.04488824372323467482 -0.99885710217316026061 -0.016417521544001337924 0.89299686682890222489 -0.047487006159333038091 0.4475506452678623126
-0.63839596059961656316 6.9017735478405910499 6.3844663640620096245 -0.20272863161462037485 -0.0024139566599963267757 -0.9792319820847116274 -0.93740212757308294389 0.28963981846269387654 0.19335466578978380281 0.28315782374044856651 0.95713267020521231032 -0.060981132167024165724
-4.4295821604307450414 -4.6466439385063056378 -4.8654057861769066662 -0.8454951497458575993 -0.0039770755637127995843 -0.53396828990708822271 -0.22446806132387553401 -0.9046825807127688579 0.36216504193605220108 -0.48451216827005566534 0.42606761320834840578 0.76401200761058041255
0.36617062426657548402 5.9640001430924485248 -8.2774431841001110399 0.99863112002508158671 0.0010770773146550303989 0.052294607962329466011 -0.051160529240682803276 0.22817571315577303559 0.97227488097435110781 -0.01088514424809594941 -0.97361937317930624669 0.22791847183666191778
-1.9843802054386330269 -0.84288808810973614438 4.4990528359834538463 0.41226222523531347308 -0.0026654354857420948371 0.91106133333461836177 0.38942050935476668627 0.90455809500105366361 -0.17356935115965516081 -0.82364526620249745026 0.42634205542236469633 0.37395310834428308056
0.42470505561491550539 4.8413600476487523849 6.4649326328920970752 -0.78443986935170484376 -0.0012776851562478165267 -0.62020356246314489734 -0.18884602357106111681 0.95300565711919216216 0.23689110764257259589 0.59075483134107764638 0.30294980610541621946 -0.74781691892308466141
0.34332099371309982017 2.1488869599473310323 4.2669205396290879051 -0.49887055161893412158 0.0061268270500878406135 -0.86665485328209879157 0.64851540169513988143 -0.66072919796592577413 -0.37797447098946646005 -0.57493995033537714789 -0.75059935314746395463 0.32564499775465005627
8.039258969645006303 -2.1855949968003192119 -3.1226450923339403865 -0.6833182902477029641 0.0076760345492203011647 -0.73008026456467156606 -0.12384269663267147288 0.98423661645499538331 0.1262587395785726152 0.71954089578268387584 0.17669001477972387515 -0.67159626113712900253
-6.4746267445677982977 5.8669885820106388863 -5.1536224526421072767 -0.8227264850582739486 -0.01531246841593915213 0.56823116695115583052 -0.51386575564794567672 0.44741841452870617646 -0.73195542727182383302 -0.24302904344115605628 -0.89419365388689020513 -0.37597153268892580247
5.8240051202355793691 -4.4250163809964861983 -3.2244404224108733636 -0.65759633037206444151 0.0014540228739380301436 -0.75336906765457545276 0.25424024470468603587 0.94176269160234327149 -0.2201020914905931769 0.70917484744857861578 -0.33627506378504440354 -0.61966936121018534323
5.4056248444459678026 -7.9372031371111191334 1.6072637020886035852 0.73876957634952855614 -0.0019675128372332751497 0.67395522251391615232 -0.46444087171894254951 0.72315385726639025421 0.51121734653457162612 -0.48837914547762928397 -0.69068417356557987308 0.53333027539063371236
-7.8902680374051028522 4.5523924802258246558 0.097902640661906431552 -0.18269330518247731132 0.0099414287537247705145 0.98311968967971419264 0.37363774992397280617 0.92562738364030316962 0.060073109518143291696 -0.90940529362502731114 0.37830558368843281158 -0.17282041915514992358
-8.3695658844602913717 -6.7538374511959053947 3.8509859393231375968 -0.67292670053776237893 0.0085411854914951915174 -0.73965985686241164654 -0.21150984296962935249 0.95596294297154826847 0.20346606103258482734 0.70882525493258208282 0.29336308529798638123 -0.64148644424830125743
2.1818283679248291484 4.6810630414783211961 6.3802078192280884394 0.36973018573279142762 0.0020171636348463957075 0.92913697634364600386 0.40165386439567180021 0.90138743449297165089 -0.16178648322524855074 -0.83783874520936552077 0.43300880359326981983 0.33245994200341771885
-0.985508324090086818 2.3605933061077508661 6.7834384742977276161 -0.71424001100647194207 -0.012559239626696123635 0.69978816235875451746 -0.43270062867842534748 0.79379324140386897657 -0.42739028515240878869 -0.55011941668959540852 -0.6080580197656962893 -0.57239328435945135976
2.5725769330427934456 1.1674894610460475608 -8.2510440287834221351 0.22870481108025123018 -0.0050353375749166220943 -0.97348279633704715152 -0.97213747897828584055 0.051626096152604543377 -0.22865578532357697106 0.051408475514110721361 0.99865378964453432875 0.0069120961916686223317
-1.8997158622232639402 5.5171606592420854298 -7.0070153713071929857 0.14327836860034431909 -0.0066822570756822439325 -0.98965986911244085977 0.98712290464082164121 -0.070906443338638019958 0.14338984422479991721 -0.071131429234715187748 -0.99746058755895850023 -0.0035631505105877935707
0.45676096237937391376 -6.7780126190676952547 6.2909365484628514409 0.55786209598912761543 -0.003545107757898412898 0.82992608952198776429 0.34960321929435356214 -0.90593603796572041986 -0.23886708474312323691 0.75270676290124338692 0.42339972523111274461 -0.5041479958869418132
1.4656948128207289983 4.5512237139077482695 3.7182511407046261454 -0.84932020904282423679 -0.012442802574617949779 -0.52773133238017022606 0.50340556532183855509 -0.31995771424352786871 -0.8026268733968149327 -0.15886478311628790538 -0.94735011361158050214 0.278010328810272489
6.1989981947112653415 -8.8790699843217382181 -0.72310252754633197458 0.80829635385808162873 -0.009600978748562619472 0.58869756713146059734 0.58817299705670611498 -0.032068180177565915046 -0.80809910119552985641 0.026637001950271389783 0.99943956947220646825 -0.020273556667124454506
-6.3111294559182171682 -8.0011951886720300564 -8.3068806441821188002 0.97303780543313267426 -0.0044905025478909760261 -0.23060196136420818558 0.17517163614167638452 -0.63601510333155963917 0.75153156036558244057 -0.15004108467205848343 -0.7716635430814130503 -0.61808013168949693661
7.8862043832834762824 1.2400226497463049391 -1.4564887793479264211 0.027193224133881230969 0.0020170673990231252973 0.9996281608678464492 0.069060046709663175379 0.99760491429140163433 -0.0038916487459017038396 -0.99724181546391343911 0.069140193958459411627 0.026988795262732966779
3.2692430623372161769 8.4086113300043976437 1.3619755667783566278 -0.90518321172616511561 0.0093840175856698699458 -0.42491798434874528123 -0.38486161452223588419 -0.44231696825479266399 0.81008470992916403741 -0.18034658543027953792 0.89680970099993295719 0.40398944208464526717
5.6394094701984265328 3.3735270679961510965 -7.409095652527345699 -0.017606403932335194795 -0.0064071595232612398377 -0.99982446601765584404 -0.68910760362323308925 0.72462030857146564333 0.0074912638827508365794 0.72444511536022504483 0.68911853603915362854 -0.017173180195405514381
7.1157328345289911908 -4.2383729856955447701 6.262592159030636374 0.6568150663068160755 0.0034776378463897174298 -0.75404368222768325403 0.7528445571344709597 0.053536462287075092803 0.65601746927866921855 0.042650222335585609434 -0.99855983958937000189 0.032545434302622508471
-1.8510344607417994478 8.7624971339576447349 6.9534007298653808249 0.57105480683514175944 -0.0029694297817905931924 0.82090656598488032092 -0.3359711149481426351 -0.91325466578294256514 0.23041120924526262148 0.74901256165085960959 -0.407378322830470041 -0.52251610939465065186
-0.8703046743468295654 -5.7489947765310303041 -6.9554034885829514323 -0.18530792095739573311 0.013054519678101682983 0.98259378888043691358 0.18236847828168648022 0.98299879860878958127 0.021333074395240767679 -0.96561002095040038284 0.18314732171109124326 -0.18453819656209166644
3.6102940555321709759 -6.5661735876883531304 -8.5207760406853552126 0.4981547839770048558 0.0058015328861155835566 -0.8670687132035763689 -0.86129241437663772718 0.11873580640149725141 -0.4940416836821963642 0.10008590379285875471 0.99290893363603527355 0.06414562625480031699
1.9299165173121228811 2.3080165244221437781 8.6362189341068429371 -0.16423270429714470486 -0.00080726914274099371982 -0.98642129293518421296 0.93194810256852578245 -0.32784185386248482219 -0.15489497401514271124 -0.32326514343236983917 -0.9447322727485698568 0.054594687187328620748
-6.6036997969169668465 -8.0028374936509205639 -1.2039267128729000955 0.46540967997728294181 0.0065258099686144599438 0.8850713211869322139 0.86759065523026146494 0.19452820573459100872 -0.45765186783233585688 -0.17515788517895108933 0.98087521682301603843 0.084873578230930168953
7.1519691707936852154 4.5508268760376493489 7.2796928262997209202 0.88617180920184335235 -0.0010858239579024453816 0.46335552825246761888 -0.44867037964811179451 -0.25178362166146167622 0.85749629637055846398 0.11573424299776825797 -0.96778294511178697412 -0.22361072458250147443
3.2765401355039824871 2.2547425047809204202 -8.3549518082079181625 0.093647669755787282808 -0.0025786008302750330901 0.99560206145178142823 -0.9021505977930376341 0.4227723628022992397 0.085952476126039109583 -0.42113467305707047439 -0.90623224400179336335 0.037265360333068424381
4.0586356893172883531 3.6528089317393908075 8.5949287456609084757 -0.94552082325979136534 -0.0019139997895648169519 0.32555600038579851629 -0.2905659954778402887 -0.44606470785134244572 -0.84652092631045161575 0.14683928307626381571 -0.89499866648752146592 0.42120732654042836174
-0.7405716834682491978 -7.682660874335966561 7.2853211275032521144 0.45760559917813087294 -0.014103586473739500307 0.88904342101462563441 0.36689252828914137305 -0.9077888773389108934 -0.20324671427977755722 0.80993023667852437342 0.41919022296382513204 -0.41023477264240965079
1.2033634006020403895 5.655987834951583082 -0.86162657100851580694 0.94906124839628525081 0.0044975585862688091318 0.31505954795754437248 0.1930369695157449772 0.78198425303342644632 -0.59265281270566538829 -0.24903709601712481492 0.62328195864666990911 0.74128275633041484927
1.8847315599644012263 -2.2291824269245155143 -4.9084613803682524136 0.97699086138002433355 0.00062770597966774893672 -0.21328024466722267372 -0.17281904868098355021 0.58836000990863279725 -0.78991523289078102721 0.12498973235050872543 0.80859885278498422334 0.57493083243251141834
-6.5432907299744762497 -2.7468649873254147309 2.2942193974972013848 -0.77078513531639314404 -0.010323829172011390887 0.63701153343300731535 0.12689620702668882868 0.97734658943506047546 0.16938416915924761619 -0.6243297428583861608 0.21139314717097026919 -0.75201416842462698309
-0.042809032698970440889 -8.8673023932776580125 -7.3876520265769833884 0.99985403271416373183 -0.0049166272172329631915 -0.016362763888976204069 0.01030106041670385969 -0.59058675425714612928 0.80690840487028303585 -0.013630899441222910778 -0.80695917645972981003 -0.59044990143768827373
-0.81934431799200591051 2.2357395235949040213 -7.8632890967832773654 0.26366259595166452456 0.010161405836737667091 -0.96456144507615071415 0.045392145841410928842 0.99870606896454916512 0.022929040756924885108 0.96354636037515484226 -0.049829044196465499539 0.2628601867200734965
6.7612353779764235995 -5.5578242459537090525 -3.0462516533552443931 0.058842130006800490161 -0.0061858735362733197408 0.99824813483671304137 0.95098616196517149479 -0.30375721147728879101 -0.057938555610191115608 0.30358347037799177093 0.95272939045892957033 -0.011991041195678949632
8.1064876347604393203 -0.84017172631372305514 6.0707319429670372202 0.063589861220566909483 0.010836521950585683086 0.9979172808114643578 -0.029869775622599924192 0.99951372448436581752 -0.0089504788627395841932 -0.9975290101317382252 -0.029238405559054818361 0.063882623507200420043
0.73095607462447698133 0.81871083067543204415 -8.1729259672064120679 -0.8182263965544211981 -0.0045104836181186699906 0.57487843890621259657 0.11274450965315738205 -0.98181011916294369524 0.15276637539818249678 0.56373241837303056379 0.18981186856132761798 0.80385148816697638008
-6.2727404087502245389 -7.6587778679322342512 1.4340129142101045723 -0.97995586776879672897 -0.011616653988277086257 0.19887571640582182853 -0.18558686558173492775 -0.30965217066747868779 -0.93256262445172610764 0.072415554608743742948 -0.95077893674142022196 0.30128956321060329504
4.1197193120600710259 -7.9887487102402845451 -7.1277767635014397385 0.099362797397760035945 -0.0030567476015368327813 0.99504657719496103496 -0.73871741052532002847 -0.67018997598164087304 0.071707624979567272105 0.66665104956029264116 -0.74218330107031305065 -0.068850023474387858635
4.3464099872646047018 -1.0955296088253576592 8.0378300810592815395 -0.43582579447419333984 0.0097623679141230108869 0.89997809586871058141 0.77392220471833439444 -0.50639470603704694884 0.38027466749869309748 0.45945652450979113102 0.8622465412343010005 0.21314456177659379943
-1.0256997708192840957 -7.6881891006085893991 -7.7447143132616389494 -0.77427137538871981803 -0.0046652044549573938592 0.63283652954038327465 -0.25652057089606739027 -0.91182786383945668707 -0.32057314833455474723 0.57853352017023229603 -0.41054620031546118497 0.70480549334256636929
5.8726679670065431438 2.1690897048091315469 0.89321552056037678557 -0.99640390274936008197 -0.0099084108688304219775 0.084149188823337481291 -0.043578351389602025534 -0.79178803447150358785 -0.60923939117383485442 0.072664915025905801871 -0.61071558999416297731 0.78850889548707892018
