1125 17.292696884352682929 17.968806560800352656 18.477561601407678893
-7.9556164139689578008 7.6341071056204050649 -6.7232257418106895486 -0.68070230610970650087 0.00041111362506646847992 -0.73256003265433689009 -0.51849341143660832021 -0.70670046878447922989 0.48139280189543659505 -0.5175026113497714908 0.70751274080790260701 0.48126579853654027907
0.65580496272322275075 0.39501977087851097847 4.7300869669287024522 -0.14703874072413039564 -0.0041389644843166598781 -0.98912207421497289062 0.98772372451463130716 0.052704151353539716029 -0.14705140754447043605 0.052739480059850581128 -0.99860159293034900241 -0.0036613986298232093809
5.9428803997541512771 6.8943978663051233013 1.7150940713991329467 0.7548393277760514497 -0.004500598483323997763 0.65589430082594968319 -0.57731079944357333034 -0.47920977794310143372 0.66111287203437585358 0.31133555866381346089 -0.87768885907097837773 -0.36432463075488030757
-2.1778339709511382871 3.5775879076833159154 -8.7347075393208939431 -0.81823956509202711018 -0.0012101976591347464451 0.57487611668940230558 0.4476084191778295085 0.62615881426475805682 0.63841353557075908309 -0.36073635414166482782 0.77969460350843522445 -0.51180622120151875176
-7.6579317639488095892 6.9360643168817270876 -8.7376298556805362949 0.21203724697593276383 -0.0020002475912274005065 0.97725953814968358202 0.50480999813218563332 0.85647600547449176389 -0.10777623964895081954 -0.83678376638230811402 0.51618296277236919156 0.18261455928465256116
-4.8967274732640460044 7.7531791508352307929 -6.6018355686434633256 -0.057650955165534582825 -0.0002452117491427607994 0.99833677045344737522 0.03969398325729244642 -0.99920978696932638563 0.0020467823382989951825 0.99754736983332448208 0.039745962008227865569 0.05761513206050582897
-6.1753356281899023372 2.5051315621075853635 2.663126380218504341 -0.76515699508109480398 0.0097546447955423505605 -0.64376985001114350737 -0.12661672750840063939 0.97807992740934113218 0.16531140285468842732 0.63127092218289881931 0.2080012079380763601 -0.7471495970038333212
-2.1113386888736438429 -4.0219809730972562178 7.5668910459239029365 -0.60990816075716536293 -0.011999224595931537798 -0.79238125548946780619 0.5890590307120244784 -0.67572568066072169479 -0.44317520557026190975 -0.53011460438124513583 -0.73705550883549597607 0.41919885867801065515
-2.3081510931688042909 -3.3677091322014272023 -6.9106876714718818988 -0.10042635365185620389 0.0031907891161377889208 0.994939378232128524 0.89563374562239550514 0.4357961478821391621 0.089005118917198478012 -0.43330675184510419884 0.90003974154263088892 -0.046623196474888349561
2.6716982153297843539 -6.5154727939965848549 8.3427239102516210778 0.59938789834124517331 0.0096288647528049286367 -0.80040079478076975317 -0.77867625848510702014 0.23869613152623955776 -0.58024774128486000802 0.18546544636071587986 0.97104657033440899827 0.15056934099675942096
-3.2437094887687405453 2.3451240858767730124 4.7356197252550042975 0.69024742836421215664 0.001609765352645128357 -0.72357162485293091692 0.065059028488997555639 -0.9960851856195431786 0.059846685800109683528 -0.7206426371293659372 -0.08838388792474807798 -0.68764996757560692409
6.8485720156096592248 7.8475984665009592689 -5.9999154238295950847 0.65644002809835722001 0.0035789409619760180134 0.75436972413497116463 -0.28122108586401051156 -0.92674623002360578816 0.24911067019025084912 0.70000085026772673746 -0.37567088830338946082 -0.60734684761334856162
8.1913115157043936421 2.4849841409360204914 3.9443661347164273856 -0.7812939481378911033 0.0076773721064510597883 -0.62411603453269148822 -0.62001647859967889964 -0.12461722998308841226 0.77462901588865318292 -0.071828496212072462379 0.99217518813425320534 0.10212278483775029392
-3.4218533077696138278 4.5679872377147408002 8.4051756946587303787 0.79042022200835826418 0.0096200860552448624191 -0.61248945018237366256 -0.3731732016218452519 -0.7853584566274891543 -0.49391685149905412144 -0.48577529191162627242 0.61896651649978218224 -0.61717324733050960006
-8.4200013137722855561 4.4476015932448627055 5.0308946680287620623 -0.66089212539412112157 0.0039226467552229415947 -0.75047065994239170461 0.029853139149868160307 0.99933227657765666407 -0.021066349311573102226 0.74988691725793632514 -0.036326489409887890991 -0.66056793556175819049
-5.6185981482379325769 7.1179736318041637588 8.3495506554995539972 -0.52627897788250899147 0.0042954637293254249383 0.85030111515276929346 0.3477712280679624568 0.9136134290189333873 0.21063161026834259504 -0.77594175707115464746 0.40656125160614220437 -0.48230938030019293583
-2.3032417561430431618 4.4330660442648897046 -2.4512538348974928226 0.99914411882847631308 -0.0039079707932680261134 0.041179577154773279457 0.0084714687720268133653 0.99375793927416311568 -0.11123575120441853148 -0.040487825666694295113 0.11148939812132338534 0.99294050681747092479
8.5266917342869703589 -8.7679202050099522836 7.5648323096252028108 0.8346435905735855032 -0.0068416200685393075559 -0.55074791778943743559 -0.43582363941447344047 0.60321694010152049348 -0.66797236357659139916 0.33679048686389634337 0.79754781387040973861 0.50048941302331895198
-1.3369582488405447052 -4.4890484210247469932 -6.2710720352879398831 -0.49548030420567257259 0.0073689241051901645252 0.868587915585733783 -0.11376430371276879949 0.99079994042203656246 -0.073301850317381525568 -0.8611370107855705891 -0.13513392252406308813 -0.49008353536755028257
-8.6435790936841403465 -8.9802683267786012067 1.6645330742078856545 -0.3793976428515012933 0.0082306272827541472614 0.9251971062283335101 0.39389998315874141799 0.90625117142374433943 0.15346536273986038923 -0.83719784511575701114 0.422659521444674946 -0.34707160221760852137
-3.8698401959985146981 -6.6987441743753137757 3.1732220505984845005 0.99213308295933066994 -0.014476127763989661557 0.1243478484829798475 0.015116093883822534841 -0.97217121332058420435 -0.23378330927658513838 0.12427167578774483969 0.23382380912896630343 -0.96430440052990695765
1.8960783636678650854 -1.0533522329032671827 -5.8427681111402867131 -0.40678695864822556061 0.0023930485060384499088 0.91351991964738821217 -0.91350057794863681604 -0.0080803248543060111897 -0.4067571787172840625 0.0064081480528564490479 -0.99996449020416322551 0.0054730219656607733553
6.0981185297512769949 -8.7423641211628932979 6.142938246092255028 -0.76826304307432413676 -0.0016287129842699602823 -0.64013220817296812015 0.56859522273812812543 -0.46110737172458848843 -0.68123378103311937881 -0.29406014576255923298 -0.88734285314946337309 0.35517783100715066835
0.55458901480896571901 -8.7955099468843158661 -2.2620811754390186543 0.8696130960648555952 0.0028549082782730861828 -0.49372554385138589517 -0.10747281884302707644 0.97709984016620765601 -0.18364502595330747803 0.48189486027827121983 0.21276219552861114215 0.85000564221145136212
1.6624218716431793386 -0.88210938559511808954 4.520205040966213339 -0.91863685993698995791 0.0090368349172820008897 -0.39499956351843729108 -0.37603896027276539904 -0.32679347668626335111 0.86706442895104551827 -0.1212477625446303775 0.94505256954851613038 0.30360273527749087608
-3.7447422119591995404 -7.943902288579700155 3.3093369399030989619 -0.53721633506210475506 0.00025727953318134500968 -0.84344445172736459693 0.27309294525931560038 0.94618440109303258989 -0.17365287898043471615 0.79800930608119757803 -0.32362789270362896099 -0.50837597747369700496
-5.4569192305119083031 -3.3538277053494489621 0.89219526922402603297 0.95291485715435197967 0.0019868006217651250009 0.30323147534137556702 -0.18114164288084458332 0.80568704506860699954 0.56396461823691312887 -0.2431891860853631071 -0.59233811124397395265 0.76811104779121641695
-4.0902978560790641538 5.6347504640906578288 2.2266496572614524752 -0.26118925803521836349 -0.012496669610787979401 0.9652067160644380861 0.4050067260256289825 0.90622770729862511807 0.12132969297763727956 -0.87621328645545148994 0.42260522449755671959 -0.23163570723500487292
-8.6084558961584463077 -3.2146635535023126984 1.1682457552948166679 -0.96461616755884715957 -0.0059147603068372064938 -0.26359185285968261825 0.24831790574648660019 0.31565954175264332449 -0.91580416650387064248 0.088622045616304462312 -0.94885408220171696403 -0.30302155652651419082
-3.063051499892892604 -3.5340816166720290248 -1.5650344090765055949 -0.94702797551436368462 0.0055995792819095125889 0.3211022552167493993 -0.053794915033902927781 -0.98848701626791057873 -0.14141967962853466134 0.31661351946798754753 -0.15120206143314099401 0.93642608673003291386
-3.1031499223128076181 -3.3456388874643603337 -0.25526265267559317129 -0.93400760811748229084 0.00014780747388039566087 0.35725308414539019841 0.18558651651540022942 -0.85428065524087060112 0.48555350577360567588 0.30526616724767730027 0.51981202394156411639 0.79787720038848675141
6.8847918433086228163 6.6125429812923597339 3.8787030591016113945 0.98689007040784937352 0.004578831987620633065 -0.16132892867657405711 0.056167898533476354195 0.92736667268303718537 0.36991380289344921728 0.15130484494766480164 -0.37412576587869034173 0.91495177752762346657
8.3380886616290137425 3.6776282918353180307 -8.6387662824130426742 -0.72201237711823418319 -0.0084834767064128346892 -0.69182812743529975563 0.42062324763104480541 -0.79930355115811990707 -0.42917352744300280021 -0.5493397954273722128 -0.60086759250984733693 0.58067540453417765267
0.41073179759959327351 0.28798070393814007017 -6.7586217421034460173 0.44276873767962537931 -0.00013910085987540489472 -0.89663583777616140402 0.15485584185714565408 0.98498498733104422609 0.076316728017836538145 0.88316222358982410245 -0.17263995882652324876 0.43614210005477233034
3.2993774261454271723 6.8615562289196825319 0.2499571869262975643 0.71613543410588309523 0.00038446245070790916517 0.69796123975900037362 0.65204304111984268122 -0.35708984810391514175 -0.66882487461787509808 0.24897773503757195113 0.93406996128201225105 -0.2559753794522350856
-8.096068905051252429 -4.4737588038027720216 6.8270483383561968438 -0.64216238385522839138 -0.0017517978028174364773 0.76656663374166111868 0.39599003600203669384 0.85548176024554001273 0.33368075952056841516 -0.65636831440013088113 0.51782998087349174643 -0.54866451202877819515
-8.2855085193225654905 8.1200926268262083596 -3.1913709900085454052 0.69788763553314736576 -0.0055184376398395764557 0.71618600587870551166 0.38045739452299942585 0.85007069509885335723 -0.36418674370005887919 -0.60679899400285952638 0.52663968724385945563 0.59535335784477949606
7.782265403273473936 -7.6211659525530546233 -3.4700978235038659747 0.80202769710002785875 -0.00095508233374461820597 0.5972860796151495677 0.022288042166712141584 -0.99925440159240574989 -0.031525927022760941165 0.59687085392126282279 0.038597003977168253819 -0.80140841961086428658
5.0884677289930939637 -5.509616258387735499 0.39421377666962609254 0.46009957935729361989 0.0035771391208267522624 -0.88786011350387317176 -0.32368540496002506934 -0.93049456605361480221 -0.17148650430882941831 -0.82676244211452920574 0.36628822888531453739 -0.42696229071061742033
-4.2474697995206760481 8.0411784612134020733 6.1544085940155568437 0.23938857481534073224 0.0043062358083236617484 -0.97091429414813512633 -0.36249332329655870044 0.9280782878200766195 -0.085260085866623536166 0.90071732569835671889 0.37236023956623359732 0.22373232036730369976
-4.8528607983462750397 -6.6635967196446292959 -6.3364445095135808472 -0.88583081506944538752 0.0015349658071845692989 0.46400583073195827977 0.17512228798941290031 -0.92493446111484245442 0.3373846868074337757 0.42969285696008485687 0.38012351482445660977 0.81906664085087765859
5.6932851052292514638 1.1874091872520247115 -5.1977494570630611292 -0.48037463326859969337 0.0022292092706443023334 -0.87706056936683141068 0.44315438970796139362 0.86357506151678353756 -0.240525050689129688 0.7568714544719457038 -0.5042153743712486369 -0.41582743734982097195
-5.1842826796758503249 4.6834390996169172894 3.6550376898382030966 -0.33276074350787859801 0.0048503086193262077291 -0.94299881340670066443 0.70255318299125102399 -0.66576895754372233949 -0.2513378607372543927 -0.62903840315900527713 -0.74614219132645620558 0.21813417355787600993
3.8791952953627895084 -2.2203574395689744669 -5.7620623822544505543 -0.60731567826179844172 0.0056469004816686197562 0.79444054494471405548 0.78333733452725295976 0.1710035508901795176 0.59761225382242777471 -0.13247749723266519228 0.98525423018522240159 -0.10827656546576118479
-0.18746979659874452029 3.611948785154738939 7.0091097995466702386 -0.71057367306804153362 0.0045357648682203760906 -0.70360818782860423681 0.65725931410733762217 0.36126327795693624623 -0.66143710057632854049 0.25118767716897139053 -0.93245282499264348086 -0.25968534806880860799
-6.7693779266902938119 8.9815923590817519084 3.4120342653809752065 0.12812697543346607265 -0.007521039823409608055 -0.99172925343875684145 -0.87939411573813552891 -0.46318867052864748368 -0.11010106583861277441 -0.45852967992387438922 0.88622778643739108517 -0.065960921575022049557
2.4093122361571430723 -4.3485021080491570444 -2.9370024029929813203 -0.87373388473253199571 -0.0028395545908702413997 0.48639596585528677153 -0.24193610855914388091 -0.86497106171978299649 -0.43964983994402112577 0.42196684472334128335 -0.5018137097740014152 0.75506753514966806762
-6.290892411049552102 8.1634731615332505328 8.4886121201784359158 -0.53838424669826445701 -0.0058714002132509088283 0.84267901929910715708 -0.54084196210785406844 0.76926345025933395849 -0.34018188681712285826 -0.64624482584444598032 -0.63890474309909828232 -0.41733482279209577204
-2.3902350114305446205 -8.6413916489404591914 6.4720487999032449977 -0.13824706470186445828 0.0010868972666823739637 -0.99039717677083338732 -0.83029306205097896942 -0.54526994271385742508 0.1153001330563398763 -0.53990849244237804072 0.8382598095025082241 0.07628441231001777123
0.3454859085780142558 2.5767082981692293053 -1.2311955752924472751 0.99722683551469348817 0.0048224892598178973474 -0.074265618736608723927 -0.039861190999387889622 0.87730147658948787193 -0.47828151190038781237 0.062846829523169195353 0.47991547461106687233 0.87506080545737718879
-2.1416926876385913303 -7.5415482990466626845 -2.9625640778475617054 -0.96550566924758229881 -0.0025132681104871722882 -0.26036990251242092542 -0.042728744698582045436 -0.98486842536492424927 0.16795368140004035551 -0.2568522085313688641 0.17328551065438749235 0.95078865936117296087
0.20803343044580874244 2.3490035205912773719 -5.1092420499514368259 0.63842538956244099246 0.0014619663934433467858 0.76968232707815964488 -0.72013060846736931531 -0.35187658341367433756 0.59799228823874506222 0.27170743219527321299 -0.9360452620996992934 -0.2235941380955038249
-5.5720419496995603481 -5.5217067693897758929 -1.0055610260379745924 -0.93834695446563787247 -0.01632268929491693249 -0.34530937267793537782 -0.30886478722456006674 -0.40905513692441280993 0.85864802926958672113 -0.15526601771749537484 0.91236366914197886135 0.37879413798557953763
-3.2038516934033376415 -2.1849284482936881524 7.8479229062460680311 -0.34226752185551773122 0.005871392393274192309 0.93958420071555559527 -0.34894874519464746943 -0.92925748654974993368 -0.1213066235550060018 0.87240341397187370909 -0.36938604527326279747 0.32010347209524930845
7.0756057745244467228 -8.9755080836785587906 -7.3850620205235033566 -0.1280164193675210893 -0.00052411950077193647859 -0.99177191010382725889 0.98863037904795825206 0.079465138133251053687 -0.12765291005152898385 0.078878197212804881944 -0.9968375078821423152 -0.009654681987492816711
-4.8864178600443910483 1.2853857001297375184 1.9473816670039512111 0.8186120060296772083 -0.0043513080522902796571 -0.57433043598825173071 -0.32957559536405722778 -0.82251205597512300205 -0.46352329468482195152 -0.47037677506909497671 0.56873102947990172851 -0.67475232906739190941
5.4233078989955494364 -4.2816263402914120917 -6.5847384296176603158 0.061735857566134179353 0.0056312058690364402702 -0.99807663704302085339 0.93749301080012481524 -0.34346059464763367686 0.056050643398825650277 -0.34248436255058850586 -0.93915020600795950934 -0.026483050495347316283
-6.5301834540233683057 8.0558517991051221685 0.55686963188824034621 0.65604716077317504208 -0.0050107389483242149864 -0.75470326310188085017 0.26421253692105317601 0.9382238837262464326 0.22344502531794308009 0.70696100187727928255 -0.34599253821523301422 0.61684301513768324821
1.9543093820976364938 -2.1506248940121230895 0.44705130406091686535 0.97383588628694928158 0.0047438808336515685821 0.22720290969575807072 0.19766982013493694659 -0.5109355324602249393 -0.83658324384206073088 0.11211738842569379804 0.85960594301332615697 -0.49850507916009928477
-5.402285237172836041 -3.3805205637597666168 4.4669636706912854152 0.96014921264519736965 -0.011715787058283510039 0.27924224213086074053 -0.27948671322554025087 -0.037329434595932201035 0.95942362408026926612 -0.00081644786434784382551 -0.99923433370081227167 -0.039116234053666543158
-4.5630169249266137044 3.5038013596853350151 6.2187925218610207168 0.20757135726366593431 0.0074529428233166506931 -0.97819148702458602607 -0.97417387092056073605 0.092429743914963072293 -0.20601459087959322902 0.088878573678995709262 0.99569131566138358025 0.026446229555946169226
-6.7622365641467210295 -8.76616959917088856 -3.4284383725675855459 -0.21870206349020382408 0.012439560283142492639 0.97571238834250650918 -0.93904249770660896957 -0.27451283193284986561 -0.20698283166748304707 0.26527079546366255647 -0.96150297058515821202 0.071717798556979420188
-1.5489839927710844503 4.6530177471776728026 -7.231195409467663815 -0.99243129966552834365 -0.010031869661510780731 -0.12239067380688743725 -0.068013895643930316615 0.87473387259261503601 0.47980700509524137898 0.10224590673047961875 0.48449975617153429042 -0.86879558057508399216
5.9249855022719897235 -7.9256975893949741518 -8.5504250940442911855 0.25821089998350188477 0.010225295409410537287 0.96603445821731304122 0.67690989438044046889 -0.71535981099460643762 -0.1733589792990111178 0.68928958066947887406 0.69868146114484108722 -0.19163530424463753876
2.0529861631370556196 6.9576335003676250679 -3.3558537324159143367 -0.87215549941852077431 -0.0032246983056256829821 -0.48921813759811838551 0.40669267195466407561 -0.56060057383629291472 -0.72133769289609062092 -0.27192987223255371543 -0.8280800673456532035 0.49024233461852406712
4.141578577125340388 3.7185107911623647148 -6.5693569303624235189 -0.99486778626757277344 -0.0099605894395304438865 0.10069197835536376762 -0.069992469070892501803 -0.65089474515896694751 -0.75593457719422552099 0.073069433557741411689 -0.75910263955700496563 0.64685704796107090786
1.3680944918876256633 -3.3632371016552902176 -6.2749142525200927167 -0.87134611410176943114 -0.010407967726129892932 0.49055848137356089511 -0.11437355491236436689 -0.9679263443555767843 -0.22369014694235558882 0.47715263739860025449 -0.25101845770796393786 0.84220846262288384665
-2.8708654533850284096 7.963184903868538278 -6.9554549538422509869 0.95807294257418995631 -0.0059553137662049279027 0.28646251228628233365 0.2844408968157524642 -0.10058193491223017813 -0.95340266969845388623 0.034490765809212176052 0.99491095511484073377 -0.094670895562634430065
5.1294909674484321371 -3.1442980782547889085 7.9561719152798175969 0.11947411902446689047 -0.0028318434344900933301 0.99283327681230382211 0.3240077240333027464 0.94535801362297000594 -0.036293537236682174574 -0.93848011681109211324 0.32602178875221582421 0.11386335498633122498
5.056606276190882987 2.4856203833705241557 -1.2695149658593587461 0.22618976997908182835 -0.0062833144602172348939 -0.97406298970646387758 0.14984133598963278455 -0.98785263350209329136 0.041167323346803563755 -0.96248935681672109776 -0.15526652711419414166 -0.22250065971193236369
3.8949711991333835215 -5.6595320066747323295 8.6803338687303632781 0.15826655246995463555 0.0039407362418906475079 -0.98738856027781862768 -0.98616819936518718137 0.05049285013053193133 -0.15786942277370399901 0.049233940839014445068 0.99871664784552072192 0.011877558078452204668
-4.1746183612530529672 -4.336953746731566639 -7.0934318252820727224 -0.26723100727658161135 -0.01039043116940311165 -0.96357647734361695502 -0.45633670017755206816 0.8820755047021124895 0.11704537613750898295 0.84873105564760709107 0.47099346380208900742 -0.24045946068884840874
0.038270001177106396928 -6.5774411035088800048 7.2927859245357344875 0.026663335037712655728 0.015674824663906235939 0.99952156876982412026 0.20287853973260627782 0.97898371959199581571 -0.020764751135816945926 -0.97884082704011310394 0.20333513381982576407 0.022922885373615631971
-8.2895978705485529048 5.6812321649345722818 5.4714860478771569774 -0.93390210774061721555 0.0048677624631700694424 0.35749567556360950515 0.2810412872946271845 -0.60809022335279017124 0.74245678332057096771 0.22100372846138638394 0.79385299971201339631 0.56652869905651026539
-5.9816665188507869289 -8.7325069734428826251 0.67185036628234950928 -0.99975509245339522213 -0.012710264440491669813 0.018116409456267332928 0.017314527807165334267 -0.95907316294552258373 0.28262851102518110613 0.013782679004926117611 0.282872970245091504 0.95905835091723456998
1.6891965789467711101 -6.6109431375573137757 -7.1559793595109155717 0.53624028567188553041 -0.0032954833514301420244 0.84405894095845968028 0.11666351959996024146 0.9906839058367589157 -0.070249711106960308071 -0.83596410163177059527 0.13614161195453838848 0.53162908336306891055
7.8074412129903771884 6.9701478342587428472 -6.6743219139759641934 -0.74149180849783846714 -0.0002961961096107079694 -0.67096185450300327435 -0.27698452819736540942 0.9109490014513098588 0.30569836096091607125 0.61112148470636706854 0.41251888323176083562 -0.67554326427533728516
3.2286786230781627793 -4.4872108080329766722 8.946748246478906097 -0.34568963169009220282 -0.0024583720632777618376 0.93834569053661665006 0.84094450262320463718 -0.44446856392041028672 0.30864225114905724512 0.41630640404611118921 0.89579107614078923305 0.15571552863158752422
4.2514289256273558593 7.0862343885166421131 3.9685791069212643656 -0.73711386526210276315 0.00034583579502254265664 0.67576847369216064276 0.043597388666363104393 -0.99789225239605305884 0.048065791465927223958 0.67436074718211458379 0.064891702130185052733 0.73554513774108676305
4.4967364528810174207 3.6190709513853267509 -2.8438568448357584018 0.24075814092636815822 0.0074352880868926388841 -0.97055666195673417906 0.03815239498225027337 -0.99927029508945197644 0.0018088971370019764524 -0.9698349923233621217 -0.037464567831302655887 -0.24086613257662459198
-5.1741031069702776435 -0.94285032940921054134 -3.5506589791698655034 -0.077936810002222078886 0.00077257671002358384305 -0.99695800150857072364 -0.42606935300690623736 -0.90410269200106418985 0.03260718854815439216 -0.90132722142132859489 0.42731455093630066333 0.070792050987883672897
3.9683609907508277104 2.534787960462259182 -2.6785544712449502747 0.20001200440776120693 0.0021440682459849111016 -0.97979110072713970769 -0.11104753154046390073 -0.99350453926432147345 -0.024843031218265372584 -0.97348017125748420586 0.11377228763061564276 -0.198474740800201499
-6.4475710726570651943 2.452806694080778005 6.8892676411661417646 0.99763020252219170025 -0.0031906535874779455228 -0.068729897026333863774 -0.061558783172740341727 -0.48758106984540694473 -0.87090482634019017461 -0.030732641113816364098 0.87307188710792671404 -0.48662201420821898923
-7.5958182189172314125 -8.6835763623747723727 -9.1469401734998196929 0.18743417630443351407 -0.010719818858400504205 -0.9822186696640741177 -0.46148040499833886674 0.88175574395596345578 -0.097686456598355828063 0.86712413491682283073 0.47158445000217646959 0.16032417522172495716
-7.1633633146190662799 1.9485892252968337601 0.70649838445415669153 -0.76534762899553776538 -0.00030445289164350401723 0.64361705547581793407 0.60173775695740605585 -0.35516738711070616752 0.71537947900741261087 0.22837398854208745824 0.93480267139197559256 0.27200971842165405645
7.6988466729814692968 2.561122102028506653 -2.8387521849983889943 0.013146591683205675199 -0.0022907365041359220581 -0.99991095586221645508 0.60000553442108306434 0.79997292644515993754 0.0060560398385609628957 0.79988782075413966677 -0.60003172372865953843 0.011891372001875120598
1.0406157534848992086 6.9299318076548086509 6.2434879308262001274 -0.23431737540660371732 0.0120119802324969039 -0.97208594265806946844 0.55892698562980813737 0.81980256662316619565 -0.12459685587126770323 0.79542189579951905198 -0.57252027395476745575 -0.19880780566568020951
-2.2277799433590468325 8.2885997919864031758 -4.6466536430971334681 -0.98919958795567952681 -0.0012789670773465922331 -0.1465692308488843465 0.14384580559139220624 0.18359062660399480538 -0.97242113615300462826 0.028152431550869685267 -0.98300195628832398587 -0.18142379813961975743
4.7971958162709746887 -5.353385962360442285 5.7886020531586499516 0.32601006994172848641 -0.0019282874808693173385 -0.94536432977123574517 -0.90081514033352916293 0.30273149670963478419 -0.31126471667390287479 0.28679176634369601961 0.95307393344230784127 0.096956485858244206844
5.8519848093089867902 8.1392303834600365775 -5.2110663472382041661 0.72459192063628874436 -0.0040209025697869041002 0.6891664391795637723 0.67404152311347265147 0.21256400496472663275 -0.70744934017382699043 -0.14364739352937641592 0.97713887249245778843 0.15673241590787259647
3.3419311958452584399 -2.1806344978452978367 5.9524040467449257363 -0.3881652466129645318 0.0025751914992233060353 0.92158619223081861271 0.67521388265849791033 0.68138462659472942562 0.28249106765615761283 -0.62722719487215072842 0.73192100600346077233 -0.266228636671210106
7.8823716069439333509 -6.7101791953478127084 0.082693428348979178266 0.1617428592440643409 0.0026046080222740615115 0.98682950072481068204 -0.82988016036255085606 0.54146522229800841952 0.1345894961668204215 -0.53398330209868094531 -0.84071911424620504594 0.089739645759012623416
6.990817975706285381 -0.96761895955376020506 -3.1476459738970641311 0.44219193848198751207 -0.013578745851513732493 0.89681765549217784539 -0.20582905372644982878 -0.97473712030444303878 0.086729158551006407807 0.87298378575080082253 -0.22294206413771666675 -0.43381579714717266594
6.3310011785479280988 4.6923910388231586666 -6.2029908431022038329 0.74939763876907250495 -0.0022989179404016299793 0.66211622392435176554 0.6432238125290151709 0.23972654954261085614 -0.7271824450851540611 -0.15705510498866537272 0.97083772919118893618 0.18112922893987079553
-5.7350157237919274777 -2.2753801792553027816 -9.1119987369183839121 0.47615512157376660429 -0.014275712120961682808 0.87924541752702145558 0.023589236642732141352 -0.99930103784078916362 -0.028999718703798048336 0.87904484988741538043 0.034549092805929798589 -0.47548555401041481261
-1.6876975934593483331 7.0999669608432602885 6.8730002062436490462 -0.19367220732227824476 0.0018736102603754628895 -0.98106450638891995464 -0.81146595060241966113 -0.5623206689673371228 0.15911780624858123945 -0.55137472477812110583 0.82691713903917529738 0.11042625611272748054
-4.6824697644700759014 -4.311137287258411277 -4.8074470220022682554 -0.95356444463144907076 0.0034129454501296450572 -0.30116972247917905836 -0.27513822521813219302 0.39692676630179435371 0.87564153579943460048 0.12253084084733059655 0.91784393771297434483 -0.37755621971402852921
-2.1077530749540871469 5.9218022017827607328 -8.9461479995077919369 0.74789742801619762957 -0.0055347412224553971249 -0.6637912351081283191 -0.14489729196375114584 0.97449114180926299511 -0.17138199822875271883 0.64780723363379077995 0.22435770807994231957 0.72801744956874625547
-1.3920215164411007258 -1.0427983136669447539 4.2312070448081584573 -0.22280915207317650295 -0.0020439681067368547715 0.97485994068202541651 0.95899358708799131712 -0.18015446731288656257 0.21880509096309624928 0.17517814269074596933 0.98363620820986730209 0.042100216410762253405
-0.70387028333598355978 4.8462467779585560734 6.437573767068881736 -0.61847843993747120273 -0.0052099686142056400584 -0.78578449689428297997 0.010979345136140770262 0.99982311311863802938 -0.01527077123289833499 0.78572506216411075464 -0.018072041962874176718 -0.61831183717137949696
0.47307647174035061255 2.5107791437062743078 3.1019371384064360342 -0.75484498311418835037 -0.00043896199809247225115 -0.65590308642315053866 0.45612781141771197024 0.71825266377268104367 -0.52541462735159705222 0.47133477605479340289 -0.69578223482346790441 -0.54196919708144297712
7.9067412404325088104 -2.0519178958938559809 -3.4464114320019181292 -0.38223790594382600627 -0.0078414266260267255493 -0.92403067875931643727 0.33921443547198881774 0.92896133160798577411 -0.14820395117715456923 0.85955090019562285786 -0.37009371300454479981 -0.35242430899041232717
-5.3835993475037415834 5.7127914818267679919 -3.7704661271414483537 0.99418689477746735594 0.00030866714266615177809 0.10766765056106067378 -0.090511838154350168772 0.54396311910600969597 0.83421324144733155492 -0.058309736808355869253 -0.83910906905896376351 0.54082894228797129266
6.8923223797291752746 -4.255733323515445754 -2.7460115138962368775 0.8284117924203627803 0.00019786144770507800225 -0.56011950781040331648 0.25233573820611010508 0.89264284142817595935 0.37351764733562070608 0.50006057373356138651 -0.45076459321707801342 0.7394259287441049544
4.389024346615275185 -7.7383064665451941622 0.48231642037327937533 0.13753264631759440362 0.00071077164178576864202 0.99049697929915736516 -0.20352881797711033784 0.9786810359228087508 0.027558123630946736171 -0.96936102224581766063 -0.20538482107715741454 0.13474525528317649048
8.3499113098988519965 4.4658462949289905453 0.10296761589117292557 -0.25655167354649344169 0.005092833958844643176 0.96651709857759759981 0.92082698367636417469 0.3051526811235467096 0.24281578889524235709 -0.2936986634870953905 0.95228982155933306064 -0.082977049962035767661
7.6625195321500134682 -6.6393939290771424311 3.2907884798009616745 -0.56188824925197533577 0.00253542199827917758 -0.82720926432663122174 0.79173875748230004845 0.29135267228977207443 -0.53690162995651646849 0.23964835750083945953 -0.9566123519927081098 -0.16571503481052055062
1.6664876898378448988 4.5904308181881239292 5.6896247606051044698 0.026576503036169235594 -0.01267868253831551037 0.99956637623302480034 0.85599429132046678248 0.51673124035186579484 -0.016204890353873964426 -0.51630171674446900809 0.85605378116899655261 0.024585789252580397823
0.81907316695413023844 2.3178301857220038329 6.187226990959360684 -0.47072893736463233827 -0.0018555581505388281383 0.8822759344057157227 0.28188757095679850551 0.94726795334567059914 0.15239036027327101941 -0.83603448784582379272 0.3204371724194365334 -0.44538337829816937452
3.638601128556818054 1.0682779746537913734 -8.9622614406165226342 0.59385317564385942113 -0.0071572189867419623577 -0.804541596186307717 -0.62197241043208151279 0.63024087209068668791 -0.46470072499172482283 0.51038096206558536405 0.77636667713311913186 0.36981895056651781228
-2.2628187172723017717 5.7314100958419782472 -6.5987223225013202921 -0.94776535435409836605 -0.0013033321062982240572 -0.31896572607651735298 0.28931052267363854824 0.41757271147184565896 -0.86135500933391695444 0.13431401474306645105 -0.90864257657198665985 -0.39538388116388972771
1.1430259725840692386 -6.5413048049101538695 6.9455712565834391015 0.01969249961987781794 0.011770284786691270068 0.99973679828963912808 0.14161506206135385244 -0.98988210914065144497 0.0088647729975110198947 0.9897259113794625307 0.1414032191960954421 -0.021160102668656692593
3.6734357204021677035 5.1807676518318634962 4.3574379018648947692 -0.56948805947175740183 -0.00059231606834941104983 -0.82199939128989718551 0.73076189295541305047 -0.45826186564483023522 -0.50594774265690656279 -0.37639129363363138525 -0.88881702934695139273 0.26140750260716061337
4.5917666550966629302 -8.8113175446209730524 -1.290402519850174734 -0.021443038177866257515 0.0094815810405164055452 0.99972511008495312801 0.99213470087544441967 0.12354911896440783081 0.020108468900004224794 -0.12332449648012697163 0.99229315971829301635 -0.012056274044153955302
-6.3408374431434815222 -7.653436609811540059 -7.6164596574648193439 0.83631901760033433568 -0.0058173556532362521651 0.54821223916790584596 0.2484601513688811103 -0.8873403539976786325 -0.38845160489945435023 0.48871060350885775492 0.46107836052055861664 -0.74065423206615610408
8.2606617801243586996 1.2455145658091684169 -1.8196016311541984845 0.69518748759795390146 0.0015516856935493244379 0.71882678675635036658 0.19209466946487438466 -0.96403072958715974039 -0.1836964626079982954 0.69268607251081348863 0.26578627632560392069 -0.67048017141942373165
3.9390409476338539285 -8.8112336559671824432 1.7770500057046272335 -0.7978406739499874778 0.0061998520501572061334 -0.60283647934206885388 0.51629368558565558178 -0.50926660043692939528 -0.68854074672715281924 -0.31127333521411015838 -0.86058648113588964712 0.40311266324769884362
7.0193573524569847777 3.5695311738249571043 -6.3067958598075035681 -0.81358460026897538864 0.00063982533746705268218 -0.58144620458712348299 -0.54278892316269145013 -0.35937458880099854008 0.75909820828144947136 -0.20847130041612541018 0.93319317161437664865 0.29272892128241018161
6.7904591556375519801 -4.3812031630589052256 5.3414035133233754848 0.24635364067476236971 0.007952931654926720384 -0.96914737506970571879 -0.70700963109259995498 -0.68249099048001327095 -0.18531980319412411085 -0.66290818766157788566 0.73085073632825170442 -0.16251134095708985594
-3.4863935110117658667 -7.5308475068022167065 6.7597352885528643185 -0.2913503186600606143 0.0047894935812109930978 0.95660443892329882765 -0.95654777581744365733 0.010521556972809594649 -0.29138573990030364191 -0.011460558235467412092 -0.99993317656229740997 0.0015159204555230927983
-1.3432576671037215199 -5.591066560928219964 -8.9903138494580492335 -0.69554081153386115854 0.004384706030976867272 0.71847321024782206944 0.60630134205591157404 0.54013697706728280856 0.58365291794529694513 -0.385514801417758457 0.84156569580630091743 -0.37834576451977142142
3.4894682663534002387 -6.7793625955379051007 -7.0990826462386209528 -0.78137907093086911292 0.0035371952569208152742 -0.62404666152494325804 0.37871150507936851559 -0.79211259986555149215 -0.47868071305918613589 -0.49600841064592793295 -0.61036474126861839373 0.61760063081614036129
2.5559433177009012184 2.2934286062012358975 -8.3335924573651531944 0.69888868897544287329 0.003554633181977739486 -0.71522161950353801974 0.7127909532487272104 0.079059787343689819084 0.69690645497954006871 0.059022515951265598633 -0.99686353860907772617 0.052720280752992308704
-6.2039151498489548686 -7.7484981204618907924 -1.9732886411852981201 -0.053464543412385226451 0.0073323153213502596098 0.99854282819998130272 0.98963180793869864882 -0.1331040346879356906 0.05396480950942652427 0.13330576624167092548 0.99107494827661679615 -0.00013994602692186388585
7.9330704469342938623 4.6044627526002672724 8.4354739601906967295 0.90809836837982438329 -0.0026353915192655549826 0.41874862155868536329 -0.10066187654616837177 -0.97203278219917033098 0.21217788984743654601 0.40647821584426080399 -0.23483041762408182751 -0.88296666698262282758
2.9815112825462746216 2.0880768933315647651 -7.0526098071308194193 -0.62555599181072207848 -0.0055987697534089827384 0.78015918560696506656 -0.73598632835323674062 -0.32754055325150682743 -0.5924873926530317414 0.25885097177132354584 -0.94482053309240499051 0.20077433765345134575
3.6819510218620461472 3.5215840573731744811 8.9549287266479531411 -0.99887081274326761093 -0.0073906498644809746554 -0.04693056301018001808 0.044303633504654382769 -0.50159411657957642117 -0.86396789886608016396 -0.017154810058868170258 -0.86507151178816943382 0.50135515553796949906
-1.8715294974390865868 -7.6008668148832878586 6.2478820589819594744 0.16648064749192537093 0.0058268074776188436004 0.98602750586648435505 0.5284083375568496832 -0.84480230395215272221 -0.084224082290618978996 0.83250755120343800098 0.53504683491430726772 -0.14372216821701133682
0.79464803425639574108 5.9723461566002651324 0.023660071409050183883 0.68375120118205912068 -0.0037579508324219268803 -0.72970553834240736713 -0.36454512886051687603 0.86450189531454135761 -0.34603948043776566745 0.63213222027206494857 0.50261550991093828511 0.58973426667505035592
3.2155852805761711011 -3.2124399675025805401 -2.9608076831400231832 0.3761673519629625817 -0.0018352822790035213871 -0.92654992043403250346 -0.91827364733721061896 0.13263587089785905393 -0.37307001267424866331 0.12357844441020268689 0.991163133641421501 0.048207992978830459252
-6.3218442714190263843 -2.016631042775259619 2.3803620480334268805 -0.99267851837957810091 -0.0042366927900609483229 0.1207120937689007828 0.077174544800748284823 0.74654112755508883481 0.66084826889645231773 -0.092916353688006048106 0.66532578133051556435 -0.74074837557305195368
-0.161217288015896687 -8.8710664632347260294 -6.1139203917150455325 0.93234799780725552409 0.00075127223664019950056 0.36156140083656335138 -0.31757455341683321626 0.47973686794448888726 0.81792355422552787125 -0.17283985074903282508 -0.87741208854502938941 0.4475202932471524786
-0.61264550651505467194 2.492995488458455533 -7.362314834656096707 0.68112213769039808842 -0.0090114544449687965233 -0.73211435393440449371 -0.55995158527913901914 0.63782693178464811012 -0.52880150078673671121 0.47172752272013662722 0.77012700172081838268 0.42939206505136096048
7.8138260160553576483 -5.4509833019826494649 -2.8767378751181533758 -0.034806327077095036704 -0.0071094829723627132184 0.99936878820953112257 -0.39741510981694411209 0.917609799427661188 -0.0073134453863744688928 -0.91697859848761742452 -0.3974188108863389024 -0.034764042764337171887
7.474008247130943694 -0.75811111880127635132 7.7792769909036447729 -0.43749060303304293518 0.008237757065968666359 0.89918524877607441947 0.55714138008123004209 -0.78241669059456242508 0.27824019278398015587 0.7058296216928746647 0.62270078018084928928 0.3377103544507805144
0.99561499835475764097 1.4591377697445162553 -7.2555859761692680365 -0.29035397818948183168 0.0044735632581873931851 0.95690885385258139806 0.91199029132119036056 0.30410878024737014735 0.27530266673666181632 -0.28977280045812248144 0.95262680888581818817 -0.092379040406294188337
-7.0961816622653337561 -7.7931665143629356152 0.2056459933554860009 -0.96927937522110596547 -0.0096001890888507985383 0.24577495629283230283 -0.2318118388756612025 -0.29838420687740718762 -0.92586723478209076443 0.082223865928816544657 -0.9543975594351049585 0.28699222013163677714
3.8883254962205109351 -7.9728789100450390137 -7.5187656847460173637 0.32364064525554003815 -0.0015396232567999384652 0.94617882152309418231 0.94571462203357159471 0.031888936713297996728 -0.32342997601785278272 -0.029674676246030401439 0.99949023270636150329 0.011776600280720698338
3.9152091967949536055 -0.86863048029288336682 4.7071662860123328898 0.61627130358655646258 -0.0065622365886532666931 0.78750658246550353514 0.3963804797589209894 -0.86148628244088198969 -0.31737028914498205401 0.68050877704952239533 0.5077384387823373757 -0.52830813181467795037
-1.8118722305225500868 -8.1099742799728922193 -7.1125173024530106147 -0.65131245273629212456 0.0064436550337680763983 0.75878229303279220996 0.59222989274937498649 -0.62085121207114279951 0.51362196857596775779 0.47440050911100650755 0.78390194015537706385 0.4005520005888493773
8.0793854118649477414 2.4089143213724639736 -0.8320713884349862921 -0.81985810812270731862 -0.010165895717355587571 0.57247649480955919987 0.56145068288287691693 0.18178689944483525376 0.80729588991926770625 -0.11227561282645226459 0.98328539994981023487 -0.14333181436750791482
-4.2357034255514660614 3.5409924909396415238 -0.22317206222905361379 -0.99988966573958093509 -0.0012985621126446172252 0.01479763777441198136 -0.013844541411238916323 -0.27958008922178700928 -0.96002255306000350288 0.0053837738038853034939 -0.96012149619073561269 0.27953126396243160867
