1125 17.292696884352682929 17.968806560800352656 18.477561601407678893
-8.0467835593488992174 5.6673979347048160093 -8.1358975321972959449 0.93341740597456879236 -0.0038955069051613668354 -0.35877119623746367427 0.19478632159689129866 0.84525342150532689622 0.49759917840805190092 0.30131418012175215093 -0.53435145593472876957 0.78973304755365059115
8.5453322912945886003 1.1944764388309003778 5.1378067672327043525 0.99995950929725485601 0.0054486925949021559543 0.0071618094824573326485 0.0050699893627788334555 -0.99864083226293098861 0.051872761106389178587 0.0074347141113117022962 -0.051834350444056306872 -0.99862802140738216039
6.3251343789009180085 6.9310480758897474729 1.3062912593162629982 0.26736788128991911817 -0.0095211021268712791449 0.96354748957635616424 -0.81974103415824428609 -0.52785451368116653725 0.22224817052926038041 0.50649684399008521041 -0.849281438040976 -0.14893618105622208336
-1.8410260531585691535 2.4129700633550568156 -8.2833914966278676673 -0.19060375196603579484 -0.0046120227415793529566 -0.98165622240322591985 0.58096710105890825293 -0.80659353371576392178 -0.10901421400658029004 -0.79129478528806906912 -0.59108848797302748768 0.15641918732000548165
-7.7136786727891930582 6.7255140812645066717 6.2416579792444091268 0.9304173441898963004 9.5413903577931148681e-05 -0.36650178243343278783 -0.16048577229693972157 -0.89892471945364316177 -0.40765017557469779286 -0.32949640744753133648 0.43810311531872403457 -0.83635983752648779266
-0.5912480491964546836 -8.9039411401289090264 7.1400940685512575001 -0.51157450233533008355 0.0025009115358168845442 0.85923528442540231254 -0.053678777831651453001 0.99794943876546826633 -0.034864114476901041095 -0.85756056192579166453 -0.06395829195053381877 -0.51039124161760529574
-1.330516301694575354 2.2953926003335900496 -1.4337048646907555316 -0.74399595612069135964 0.0020322495577305274214 -0.6681810287921543523 -0.66009656475777422902 -0.15735100463604759224 0.73451561354048966468 -0.10364623712852019666 0.9875406479239482449 0.11840999209266757364
3.0866977517857114854 -4.5632772668250147774 3.7030338676326164382 0.5166541331547978011 0.0048962734647970806295 -0.85618019902376252261 0.27582967774191285981 0.94571865305497060383 0.17185522436275968428 0.81054703476775746829 -0.3249496203568968955 0.48725891337063370612
-1.5365305674079772214 -3.4128576920859310384 5.711012397350036629 0.97517949005376813876 -0.0096142613792720502119 -0.22120698035214053645 0.076809094418513024216 -0.92232848413232382256 0.37869582830123216244 -0.20766637954421418577 -0.38628711256829384446 -0.89869735810829232125
-1.5535733588497369073 -5.583822376840315016 -6.2328399700049192944 0.93745039442412370079 -0.004324262473236475772 0.34809202626338947573 -0.25777422360619173247 0.66340649914331428771 0.70245588227216970711 -0.23396411613389400674 -0.74824669571510671329 0.62079600088382158596
-5.5038715457629718841 1.1275983345591658047 -4.2583931108543087163 0.69470175024103208994 0.021287041801589544343 -0.71898285102188685958 -0.656553479880758184 0.42706096757982031642 -0.62173664684188034713 0.29381457803987875987 0.9039722295630658877 0.3106560830084916236
8.0939539270181874997 8.0370364066854342866 -7.3497204385451579967 -0.90720858109685975634 0.0028690758359377534908 -0.42067131918836453419 0.40182230752305941879 0.30195826425777538837 -0.86449987844037767815 0.12454486565377886897 -0.95331682826352248661 -0.27509198714052252033
-5.7401523192916874549 2.2213534758973971783 8.9217221316638735118 -0.40991228460623269081 0.00030288093352069320185 0.91212489670668694952 0.88194154108054645391 -0.25499104655391119367 0.39643244606642441541 0.23270375382837324429 0.96694336671846481401 0.10425683916979061605
4.6572506438944518692 4.746798770360926234 1.1568819169975383954 -0.34584766370525177326 -0.0041581922579516008426 0.93828146254039757057 -0.85305777028352169911 -0.41504614258235261737 -0.31627383718261531387 0.39074522910516246155 -0.90979086001386144655 0.13999556052581996202
-6.9667441972381904947 3.2549742230404281607 6.922527076160835513 0.71294485165987042663 0.0039030945259300084925 -0.70120924433774900475 -0.058920356061309790696 0.99678161301435208586 -0.054358141970378824614 0.69874031666513658489 0.080069855813515722343 0.71088029094671134622
-7.697554560346029362 4.5721595903733849298 -8.8486424655145903273 0.97668367089776020329 0.0024159534210335840629 -0.21466990979298164466 0.21369070325107819563 -0.10699458835254177513 0.97102442884161721537 -0.020622568839294148912 -0.99425666768303488929 -0.10501613410378950186
-3.3305733268767325761 3.6637125325595829572 -6.5200578984068906507 0.61067266587435675707 0.013417653441152444307 -0.79176944985892661055 -0.71762939144734061436 0.43209823703426686325 -0.5461677124129857841 0.33479389433566875134 0.90172672142265886119 0.27349948480297942011
-8.6191928195505784771 8.9195093380994858734 7.9891333123488550427 0.95156492586788499199 -0.0047000656660156842417 0.30741194062842375212 -0.064319178432072035556 0.9747145823183626101 0.21399655675220455309 -0.3006446991784542111 -0.22340410112318326297 0.92720190490376641623
0.50931037730168138289 -4.3837239781536307959 8.1378311160528387092 0.467816283271004274 -0.0021952854117777776191 0.88382300593965323898 0.27091665663162112221 -0.95150277306535524513 -0.14576226537760977875 0.8412800308254851922 0.30763233505347209462 -0.44453375143358392352
-6.0982873709988538735 7.741112138173778412 2.9132510987659854251 0.47887084110132399628 0.0068527070236513373813 0.87785862070686793146 0.79783798405840933299 0.41378301131499567456 -0.43844973570634737658 -0.36624755116830498558 0.91034974595141027187 0.19268126870479765356
-6.4336372640575802961 8.7320444831444667955 1.393892602068544706 -0.90768171806805864055 0.008944687083116548143 -0.41956392988170759795 -0.28718207276048168808 0.7157750680625658557 0.63654733447316913519 0.30600711718813949913 0.69827361722532854671 -0.64712718975271310562
5.5471441761362187961 -0.021140631978559636106 -4.422721783189871303 -0.88074593486903618444 -0.00099286287061893518935 0.47358801973335995505 -0.17352225356234451947 0.93113257553336903349 -0.32075248136133160948 -0.44065476932662006604 -0.36467950450244140947 -0.82026351452793866414
6.7275550184041836843 -8.0571599588061744157 5.2545056474923566014 -0.90911184777866616002 0.0018199137956093507963 0.41654811984022194205 -0.19123846875599623263 0.88655336343966950619 -0.42124931079081839869 -0.37005877411104876051 -0.4626227639100254363 -0.80562812886340628982
0.87873842984888839158 -8.8390871939377628763 -0.064862466122831918813 0.73479526757496493872 0.0043956281585874959483 0.67827471809188077945 0.29623890667450675229 0.89748705595563937898 -0.32674071458052261763 -0.61017901055487899775 0.44101889171024882819 0.65816708534610834924
2.7235873136419397333 -0.014749464568357273028 5.495393406216215304 -0.20609724064972892443 -0.0025660912865369438565 -0.9785281511392808218 0.94161703368870663944 -0.27259561443553231852 -0.19760818013871808696 -0.26623540197311601485 -0.96212527571327088882 0.058597479213884293148
-4.057333846023801982 -8.1297057083250052756 4.2192077330716344363 -0.44398124304757291547 -0.015510121732711304801 0.89590183164548220507 -0.78811671370196623165 0.48247788471950753264 -0.3822134695959786832 -0.42632464320742385899 -0.8757708186967018138 -0.22643491716973465633
2.9867920595469752421 -4.4141898865441779876 -0.10300236114100538853 -0.74472632817233719305 -0.0087195608893978846649 0.66731301904338879982 0.43427507367795575854 -0.76557946172332247414 0.47465065908463927036 0.50674239659699193972 0.64328225301610120201 0.57393386940092916415
-2.6362426924521344951 7.0288686628977439241 2.6925243215394867313 0.45610222391062188452 -0.0018061067297365316492 0.88992555830390274174 0.86073323688463143633 -0.25313965242540881206 -0.44165440255009252857 0.22607312150209216139 0.9674280615882576706 -0.11390298233946669071
5.9195989437879088513 -3.2037887760129093451 2.4052279995710854621 0.63811140729851401066 -0.0088063229361546868645 -0.76989368132957036739 -0.29449815154842434728 -0.92668959556517682685 -0.23348925501083434009 -0.71139628239799146403 0.3757244231445979743 -0.59392464778186615515
1.7965805657950666419 -4.2685373274405407074 -0.63657201854604916758 -0.7625574009879458881 0.011870777006344661667 0.64681163784520223636 0.13109753797269518838 -0.97625105361341335541 0.17247410198695353745 0.63349794453981078668 0.21631681620241294262 0.74289123651579214158
-6.1320053266293523819 -4.4797318191674282417 -0.76145139080224499839 -0.86767676455095410493 0.0011177515787134336724 0.49712753181615515485 -0.48722603329878722001 0.19669006843394168382 -0.85083712275353284848 -0.098731072790576038245 -0.98046507720106967909 -0.17011880453021202553
4.7897590993733212272 6.6997516104675467474 3.3130561104527211924 -0.65045114414865168317 -0.0093026597037591234746 0.75949112542413366178 -0.12039318717468515396 -0.98602116529021122115 -0.11518568522838566748 0.74994585775076072487 -0.16636021796716662924 0.64023861826688455157
2.0414982725542505371 3.5520958121181651634 -4.5397233985729075201 -0.34061356274850806969 -0.0016526250512118067278 0.94020193027978193889 -0.042111305580511050606 0.99902171620585877854 -0.01349994410998086973 -0.93925983562267723048 -0.044191394853643040097 -0.34034994021840481171
-5.3233707126604752347 -3.336089772208510329 -3.6774839460161765636 -0.75581945560633689851 0.01143976334579399276 0.65468013742708530689 -0.05001710764700136036 -0.99793471087430452027 -0.040306349065970692447 0.65286693856381583512 -0.063209529716410708944 0.75483065377820435238
3.0953174350933387871 7.0432075417962680675 -2.1095079816855979438 0.044621133628331650922 -9.0556545840505273462e-05 0.99900397708545929376 0.60000493081835581943 0.7995497134222238067 -0.026727116555945888698 -0.79875092327147823035 0.60059990639788229938 0.035731148979167320912
1.3881279995313520192 -4.4189425651548397411 6.79536093991066803 0.31315106932638792081 0.0032208419746347742574 0.9496978645637079719 -0.79184489127640400596 -0.55120616796824528638 0.2629703948225326493 0.52432630673950919586 -0.83436286265055725764 -0.17006039365524169837
5.3705977852697479591 6.7745341974808974683 -2.5417716482855126081 -0.8723559441949039206 0.0027714412895763450295 0.48886340192484245559 0.441869972048347881 0.43229665038334424976 0.78604741197288896526 -0.20915552689400934705 0.90172718999751722002 -0.37834116930244438004
4.8512126334728717936 -4.6013622808930820796 -1.4980885387433906519 0.30252170789538196383 0.0043947310994180820848 0.95313236362559305981 -0.94374923687637479741 -0.13866367518177463714 0.3001828827238983699 0.13348405952533362595 -0.99032977917634668064 -0.037801247717703399809
-2.515724142437254951 -6.5783265451546926172 0.48168585831735927227 0.77485886967553574411 -0.00095478619464228102823 0.63213354638767804694 0.072017968757418504566 -0.99335450665588509445 -0.089778818671223017955 0.62801842668925478286 0.11509088795061901689 -0.76964078845230632364
-4.434176317462195982 8.7030170509080360119 3.6649133838179528411 -0.1565515757797929508 -0.0095974382279645047145 -0.98762315348539919668 0.29776407242426006228 -0.95388566924337148123 -0.037930030122741320575 -0.9417155416016449454 -0.30001669818749249208 0.1521900769253475838
-4.1818706628318960128 -6.7327016986048997538 -5.1445270895206034467 0.54163149504103114129 0.0015317527423102210438 0.84061464257594287197 0.68714542398200073592 -0.57683264571037251578 -0.44169589667999653582 0.48421739939899288707 0.81686091385017500777 -0.31348326517200547636
1.7593215715230838825 2.2035448773092940478 -0.90072500918974651718 0.7158512750747361153 -0.0093751906908940141339 -0.6981898436481130954 0.60352204451741819913 -0.49456926434299647299 0.62542975988426618983 -0.3511667606073741732 -0.86908765298248635833 -0.34837990423910758508
-1.3380780951437678539 4.8994180739850428097 6.0270978249765656543 0.97191453819697892769 -0.010614127856571174344 -0.23509459953645223118 -0.19198642130884396861 -0.61350164077228408477 -0.76600062062813600861 -0.13610049402691465348 0.78962211029049478306 -0.5983089322967506396
5.6238409115270586724 2.7272387097343258056 -0.068507561478047929171 -0.94875968392666765183 -0.00010334316498413691036 -0.31599849916616612466 -0.25443899070159309295 -0.59276642591434558494 0.76412614424552360859 -0.18739226815919979297 0.80537441828559663826 0.56236659236233899062
-2.4876326742032577322 2.5970778513870800275 -5.532950741460556543 0.010573086095763729181 0.0041819321157113183152 -0.99993535855773263421 -0.89101954537148109203 0.45390260231591639251 -0.0075231228017175570677 0.45384180020820769075 0.89104149120820730356 0.0085253345458168091481
-7.7049873939394162292 8.9790830811573556502 -8.8817459788907058282 -0.95537745200269197365 -0.0045627512982166704147 -0.29535251057913058936 0.2906384087486077461 -0.19309935665197988652 -0.93714564173366809996 -0.052756417285133909434 -0.98116859904962216987 0.18580888211832546908
0.6976967810858420993 -6.4998788075615321347 -0.94728075468998695907 -0.9348981478821570823 -0.0023058867746663259252 -0.3549086304571980599 0.3002268463741288862 0.52817745730464582543 -0.79428736255314158488 0.1892862747349008945 -0.84913088301004413516 -0.49309983747258689935
7.226470633268593069 8.0982558434238978151 -6.3653390783714804968 0.85970678135215161664 0.013429603430602135572 0.51061129624114665049 0.21539122028442816981 0.89689778501628425467 -0.38623954413981509415 -0.46315318450995468513 0.44203394551191371731 0.76817648928723092361
-0.14691311845828064486 6.645548089145044024 -8.6906031224852817729 -0.76487957724734001452 -0.00098071228585269992067 -0.64417254715901473006 0.54920717660259354975 0.52160861069369179877 -0.65291342030804522256 0.33664626758354360136 -0.85318432677446021106 -0.39842915941044515504
-1.7301795640957902123 5.5280035441308710276 9.1843746029343655835 0.8254505663145915717 0.0036481900493818149832 -0.56446262345697806317 0.11933286674791469817 0.97625025737786186308 0.18081786936879618022 0.55171643938202374891 -0.21661515569935743675 0.80541097884060453005
-0.7180671428342813023 -7.6917250854318703901 -3.9611320516625263544 -0.64963070077886619913 0.012437080726553032678 -0.76014819057122551271 0.75538810895968733217 -0.10233758131621048526 -0.64723706962196625447 -0.085841466949120412422 -0.99467197531315043602 0.057086811775406531844
-0.88103325948198130124 0.11911412310019710292 -8.272543796278601036 -0.64601006509875991135 0.020568672362012825616 -0.76305171876389288332 0.26869510801215040763 0.94178596510810919096 -0.20209437116163481152 0.71447458647696593381 -0.33558326186261255852 -0.61392991427064502741
-5.7659857050405118883 -5.5871695794163684923 -1.4411585524788308454 -0.76406419835262062712 0.0063157918024379471056 0.64510930203315841602 0.52919929065846682548 -0.56579083033845600781 0.63232020928610044308 0.36899053045076107837 0.82452461884355210398 0.42895820467602113757
-5.7397988215996624817 -2.2095837050048552364 -5.7823718970083657354 0.82659742065317265425 -0.0036372523415775844663 -0.56278190674982075947 0.36824272573150695909 -0.75271333845432419896 0.54572880174934601527 -0.42559840121328212925 -0.65833836323604477681 -0.62085151234108759688
2.449058898404344653 6.981950514840547406 5.1930459478352961611 0.99130760453061639303 -0.0066943230449644577917 -0.13139413700253443906 0.063443651481717433516 -0.85058943298096079122 0.521989003320438405 -0.11525682750436866408 -0.52578779230801941935 -0.84277106094950871018
-6.7813848280927429002 -2.1516511389240542407 6.3554505178876796734 0.2633142028585456762 -0.005845282490983334106 -0.96469241898426982829 -0.35949812717787749117 -0.92854993680421138436 -0.092499250894122753142 -0.89522440043161544132 0.37116148444166724429 -0.24660175453238938892
6.4851539672785882829 -5.6078497740024033646 -4.7862770837323616036 -0.78087671411995596138 -0.0022242998524261790166 0.62468120656498982157 0.19546682188938047098 0.94890854636197896621 0.24772018928987729613 -0.59331633964165653161 0.31554337757507622264 -0.74054581086031079362
-7.2614730604090693689 6.8682523624331466294 -0.30913862698479244173 0.60048206616391264223 0.0024777747925986042324 0.79963438448307233575 -0.73521422356852872415 -0.39153271841116149554 0.55331923504976443517 0.31445402474438371998 -0.92016085063746366757 -0.23328668045182426871
-1.2250474496256755774 -1.0490654954530533871 3.937011867640454188 0.95608825057775659317 0.0052933060799279334219 0.29303112124446589748 0.1869847243385318325 0.75889275147846091407 -0.62379363944930821262 -0.22568112453433206155 0.65119411289118867003 0.72457867575887591194
-3.2194715339414821109 -1.1281675081083601953 -0.26909274360968982176 0.67297457427700146937 -0.0030804546584789769051 0.73965920069694734984 -0.36388871656244214936 0.86922926627454288884 0.33470208336763307422 -0.64396445890694209435 -0.49439962929928182866 0.58384825272808016372
-2.7939595846386180433 5.5052969380434761959 8.181619119896248904 -0.59792419020574549826 0.0032495166773201192983 0.80154607067128580411 -0.57448498698803684981 -0.69909755888692870496 -0.42571070327580273762 0.55897554731181331444 -0.7150189114979838001 0.41987414031843683926
2.7572243018163828943 -7.7877102431952902606 7.1140625379314847976 0.37408472415583715609 0.0011084525620876483493 0.92739387020084940172 0.73231150944971790118 0.61321180392713681151 -0.2961268928210560869 -0.56901711070976557227 0.78991775195733793247 0.22858143595235241863
0.78030913984720429166 4.7187000030974521891 -9.1007300007121276764 -0.61495540309206853102 0.012680606350182824227 -0.78845992569695921848 0.29740688469383896875 0.92976164590221410666 -0.21700789558431812787 0.73032800654533613915 -0.36794358811079691529 -0.57553324736619981827
0.96803860111051420745 -7.7635690059758539761 8.4930064933940077054 -0.99477103259576371563 -0.0021769651373955006823 0.10210706895634238944 0.042526730017091812774 -0.91780569636589104388 0.3947457168258423077 0.092855101863793768069 0.39702388409396555113 0.91309909950495438125
1.9752212722718813787 6.9232591646099441718 -3.449879125600622487 -0.29740122652302597439 -0.0029999433872564314901 0.95474787813454053964 -0.48766597686312723736 -0.85923149662003528437 -0.154606371880502802 0.82081325858717379962 -0.51157818127406307074 0.25407353063955012695
2.297602644866982402 2.3872059191674175338 6.0758191851331577737 0.86850910570683670375 0.00056034438211046300876 -0.49567289548504273045 -0.32851504443504325748 0.74947735860774744587 -0.57477087131674919895 0.37117354281272924021 0.66202973871913517456 0.65111199203138636626
-2.5179864210196938323 -5.4813682605978666373 -8.1640961483184639746 -0.99280331898708695793 0.015920441665805806775 -0.11869334162190538218 0.11181698727443095676 -0.23163294831565273135 -0.96635559635744183726 -0.042878096565631330928 -0.97267297525518836565 0.2281857840516464675
-7.2600083628016829351 7.8980949849656694184 -5.8310627562186336803 0.92390826013247873139 -0.0021524451914222688872 -0.3826080159102624445 -0.29434907229287538 -0.6428633439630017099 -0.70716712637764911342 -0.24444253005435365167 0.76597786388945632297 -0.5945803238690414716
-7.9312370026035061699 -4.5434936684195390555 -9.0208345257228099712 -0.11942852570688163028 -0.010307306983542621065 -0.99278929621042089071 -0.31953936904712509914 0.94714111595203964722 0.028605910257179630041 0.94001671201959546842 0.32065162699643567912 -0.11640925748458673394
3.4359451046929700979 2.2970183275924958011 1.6824904880378657168 -0.84589048112144715752 -0.001748233184480603615 -0.53335376405214351969 -0.48931258260148602357 0.40045947635987938495 0.77472924580211743883 0.21223216169043002122 0.91631280219917454755 -0.33960029162220639609
7.7030193190085620714 -5.4733300407656848563 -3.8136090940934517235 0.80245311139364861042 0.004951642861295802063 -0.5966946331650684332 -0.53609535266429753086 0.44512337454502332035 -0.71726351802234011856 0.26205109590859765323 0.89545556152538785533 0.35984518958371886077
-6.8606335077664937216 -4.7763061659299026473 -6.7693961301142246967 -0.76696328862855700503 0.010417865147604919718 0.64160640737272278677 0.21007067464247583533 -0.94069522663747218161 0.26638844238502007444 0.60633128366527933029 0.33909284667598993401 0.71929021665926817786
-3.2883341944804023171 -6.797952813440605091 3.509018953800714602 -0.45885044178500600243 0.0092579382954048224097 -0.88846528500096699776 -0.54091832913724491316 0.79037754695263950921 0.28759467045899950177 0.70488554622492560764 0.6125500990544031632 -0.35765729808227930686
-6.0362969269431312469 6.5891359238694295897 3.0556767927145283004 0.70362645337127327494 0.0076609929556083374014 0.71052876317819169127 0.030304372629756923252 -0.99935562549773160335 -0.019234832615334710587 0.7099235586427815603 0.035066265458010566214 -0.70340521601068006774
-4.4808552133118242367 7.6535181161978025344 3.5513671356340523744 0.050684264375788497248 0.0078075114111652021975 0.99868420840146698847 0.73620154962597028625 -0.67600167938888144903 -0.03207815131139146736 0.6748617515261955413 0.73685871931374480326 -0.04001054983627096856
7.6746568636053975609 -4.3977644075584860772 -3.1177110469039330809 0.81269369971867344571 0.0052335975146573614214 -0.58266762385990833462 -0.3756646505195804786 -0.75969353193149602443 -0.53079356428983470728 -0.44542678499114568558 0.65026021483591500694 -0.61543206953657914049
7.4031691992262365076 5.7215346876072770144 -4.1766675269879440791 -0.76413415641604376383 -0.0019763236020324554537 0.64505432728025091649 -0.55805575164133014443 0.50357799073471332107 -0.65953239898249482742 -0.32353171260020585631 -0.86394751078572940006 -0.38590404189305593796
-1.959774619026886544 -2.4022924436839478979 -9.1627867844653305696 0.25911743135554288209 -0.0059973269921855367273 0.96582720444007574834 0.12702410167450395306 -0.99108334310297618863 -0.040232879807538014794 0.95745654437251725977 0.13310837348848242323 -0.25604516505048541264
-8.2762940134203564213 6.805550808746674285 7.9303859581107536414 0.96930608291005015964 0.0037805854759850260685 0.24582803909910688756 0.2265422768462216907 0.37474340526694394082 -0.89902501467430140369 -0.095521277395158130097 0.92712085910220953799 0.36238459981393450482
5.2823218570317163056 3.3490061026873827466 -7.9540358956617955855 0.081454780785845420921 -0.0046403882298865044287 -0.99666623575002022406 0.095582630716066388499 -0.99534368908565606926 0.012445935185163544204 -0.99208320184984777335 -0.096277761680908610642 -0.080631961486504699632
-6.8011973003672068216 -2.2219616760059124339 -3.1171259270897282434 -0.50915001603535980923 0.0063361130640603802525 0.8606544689028550188 0.43444118294894890075 -0.86134062796082322411 0.26334992155354952637 0.74298527558031601803 0.50798836236226863061 0.43579892608334386273
-0.029530576512044451332 2.2175220181311083856 -2.1887566990161735347 -0.67231256657563520651 -0.0059381275292431836416 -0.74024357576812171988 -0.21890861147565510159 0.9568400928360289992 0.19114407279199013834 0.7071596938784956432 0.29055425548960905902 -0.64459552586907975513
4.5705590179443271737 0.97459775153022376593 6.7999668168693849779 -0.9500557513769907203 -0.00040318984600866414336 0.3120799684591490375 0.058217316903365845526 0.98221643859009166722 0.17849821224855094703 -0.30660204384208122885 0.18775171158016923378 -0.93313690394855119958
-8.2865407295255124609 7.8112201883721947837 7.2903652850106643868 0.93796614995785598801 -0.0025948684712501397798 0.34671712993567732619 0.18508388861782973378 -0.84183796712645986293 -0.50700373891921612923 0.29319525185000516743 0.53972409966722378893 -0.78913524856686612097
-4.0094819350451533779 1.4253767067776565991 -0.13102373877384734802 -0.72493431985138334639 0.0024468038364006475249 0.68881365045462517038 0.68757618529390496231 -0.057448985108832464896 0.72383603359238590791 0.041342729931511314201 0.99834544485415277482 0.039964376897838355118
-4.941298295195857726 -0.016287125343890519746 1.686049663632166018 -0.68886381287583509092 0.0070998944017163058764 -0.72485601246698949662 0.38779672648690111103 -0.84121938906613913378 -0.37678062368569448237 -0.6124380346092663796 -0.54064732585887520511 0.57673228000974841034
-7.8749838814872417103 -7.8456821228927431378 4.0979802532287514794 -0.97612126845153945887 0.0027566351824046958496 -0.21720881712999523527 -0.0019384926886032880985 -0.99999020246663783418 -0.0039796001079145451595 -0.2172176593251918808 -0.0034635146012360444601 0.97611704858793069128
8.0664781114905057535 8.1627945877063883273 -1.9898214904087259125 -0.97572232870114394832 0.012095575565976807858 -0.21867700913869630996 0.038385819243971761039 0.9924627808175547905 -0.11637936918982466628 0.21562111713632337029 -0.1219480452642936058 -0.96883239422586375778
3.5082302083606133891 -5.5724263564285427819 1.8366571796279091977 0.53920742611760608121 -0.0040548610110573962001 -0.84216323223090849837 -0.58294875513633181985 -0.72349827391910148666 -0.36975802428245974074 -0.60780432748110202468 0.69031428041002296236 -0.39247941825898002843
3.9384061113162744938 8.1720861567407521164 6.8322613869965840294 -0.33697840583615984444 0.0029454886516408814584 0.94150776847409090031 -0.32725701469970480684 -0.93800975846272505176 -0.11419518097838629589 0.88280711388727650668 -0.34659633166760211997 0.31705296488834494584
-2.9306666147652307153 -2.1977907459307286508 -7.8455257046108766161 -0.43271743271423945831 0.0026806652258913629509 -0.90152561664051589219 -0.19312443204889748194 -0.97705704976034579712 0.089791287213006512613 -0.88060125889705254121 0.21296087797421683896 0.42330732013691335647
1.7330758827843322223 -8.1165471967823066279 -7.5858501927048624935 -0.97009836266248694603 -0.0056538690424123554806 -0.24264624564285963704 0.23167702489441088787 0.27644972626696279194 -0.93268499772590085506 0.072352767022542785469 -0.96101174946607170746 -0.26687355525116168709
-3.9904147755972960709 -2.0834043503993968649 -0.26134089583626690656 0.56967229742699487804 -0.015684378757234211654 0.82172226074694632025 0.66123888600155888984 -0.5850270973672917485 -0.46958112290182829618 0.48809487723573619089 0.81086206941084115751 -0.32290260947719640061
5.500955578942408053 2.4583444017064617348 -2.9418075998116179903 0.50379407813080934186 0.0029457804964948750004 -0.86381875947319275433 -0.81504016282595725951 0.33291767307895098194 -0.47421024444052234381 0.28618361207652720513 0.94295129531134425083 0.17012288161783756246
-8.1416249831940543658 -2.2519310707797726145 6.622830280593642982 0.24997884901416894676 -0.011681977256217128749 -0.9681808232208880538 0.26091575445637188446 0.96375110579075806694 0.055738453185514694188 0.93243420364226914376 -0.26654706431388541787 0.24396540407104411186
-7.2922188267788623506 6.7615205067910517656 3.4409962830630878017 -0.73804432939576192219 0.0093114055389028876214 -0.67468797645593447943 -0.38607582624472785993 0.81422651812834312413 0.43356733452407086871 0.55338596317261912194 0.58047263062410636714 -0.59734035596110046651
-0.73613524095295534977 -4.2889092604500769212 -3.9477936360303984564 -0.20011977226774257943 -0.00031633957603005536871 -0.97977139000732793583 0.97677200684763954008 -0.078252328002350324265 -0.19948187837806541367 -0.07660628816541474595 -0.99693353494174374863 0.015968829701902619717
-6.3175417038563299599 4.5148241670391033864 4.4517605587672663958 0.98641262310549993053 0.00012167478115600836863 0.16428670723276889154 -0.075692142348587287959 0.88787572624556621026 0.45381427294721665699 -0.14581096174440857927 -0.46008334021035635075 0.87582103394229093851
-0.22757658732694013848 1.3014012272826196437 2.9743173425389546338 0.68171533827120578408 0.0013434954199730234775 -0.7316162878077425713 -0.54400404531906054739 0.66959509715121712237 -0.50566985726616464625 0.48920731417478668934 0.74272511798852125509 0.45720411510250241749
-5.4615122658331181071 3.4110529135195473138 3.979463798121851692 -0.96751978701734098198 0.0049718636906271422571 -0.25274639918548980067 0.1691908696521203237 0.75560200531033216986 -0.63280333374379671429 0.1878294741412940283 -0.65501212976734601856 -0.73190108518924201775
2.6829473054188448522 2.462867587610743314 8.7229548758130999175 0.52171200625261815453 -0.01035304610825342822 0.85305884730645220593 -0.82899188179403360266 -0.24228774555595311568 0.50405268402552805274 0.20146722426173241383 -0.97014919614938599501 -0.13498701700019430372
6.3317501028415543729 0.10036673630236320198 -0.81638470724867395756 0.28469293398365025372 0.0042537245260726736645 0.95860932562106448973 -0.68500268949699516519 0.70045712311261132399 0.20032756690658953813 -0.6706125921288530467 -0.71368180900757516305 0.20232900624946362211
-3.228334385845839094 5.6304827952464240326 -4.805625939480045794 -0.45800584373369940261 0.0020063600519487391483 0.88894691721446617017 -0.27214241993190280144 0.95166778949840624691 -0.1423619391007171775 -0.84626777699457456094 -0.30712276527521897851 -0.43532339320361257418
5.526477139700710417 -4.443474560027771858 -6.1942503742691981117 0.072467457079371397355 0.014755596073518211647 0.99726162066383061688 0.93772716375698617064 0.33957994267358687646 -0.073165763074405351651 -0.33972964842208569491 0.94046144786385277303 0.010771771665153976466
-8.5155805951440974866 -8.6515701448881934255 0.57205400800589434329 0.11715655704442176632 -0.0014209985584577571743 0.99311244172286639031 -0.59462794913455230272 0.80083383216964421081 0.071293585690332117455 -0.7954193505625034577 -0.5988849255203817501 0.092977969082953915159
-7.7029267757267074757 5.5807488739259367705 3.0590789130998734535 -0.042147218114330593786 -0.0045193051591999348557 -0.99910119001341524125 -0.80070383175714310298 -0.59794849106502689917 0.036482541615422595105 -0.59757592472836118525 0.80152178879548896528 0.021583240516156190769
-7.8214589132167153807 -6.6056722354818342424 3.8614352275646708357 0.72972438181899912379 -0.0042498379435157388612 0.68372821022409513425 -0.67739295921588615901 0.13145808070883874263 0.7237800438123582758 -0.092957546135385510366 -0.99131262066711833825 0.093049356379701242403
-6.7126966118314062015 4.5178835535897023945 8.2194405951411422251 -0.99955479937378488575 -0.0054688988630426319665 -0.029330772137474276501 -0.0095001231791697095252 0.99023030804645351122 0.13911752113212194626 0.028283399875576296228 0.13933423187287727329 -0.98984141210601706007
-6.2315337033555282531 3.4063575352919630568 -7.9092137757293086153 0.88939550220971363981 0.004246184662530743878 0.45711881449459618176 -0.02883751257643224486 -0.9974441098447178744 0.06537312600998713974 0.45622805538191191221 -0.071324733800640832682 -0.88699985559795568868
6.7053926273973312178 1.0461598917427201716 5.8958834779681037475 -0.26380504822773181983 -0.0053546812412621994787 -0.96456115613182247248 0.96439868153031693687 -0.020638540321792825383 -0.26364603868856467672 -0.018495393815879914573 -0.99977266318000179712 0.010608598654178888476
0.041441618950099554097 5.6863171163265686658 -7.463174242271970904 -0.79730807407326464986 0.0020680018482633045172 -0.60356901708585475319 -0.59301180520090057691 0.18356207007110225682 0.78399104926256324433 0.11241367314590819393 0.98300594596352397492 -0.14512917105185146882
4.8648419338051933636 -6.4596379954870322138 7.9605744183963009775 0.10520682633117885152 -0.012436965065471308409 0.9943725889187315925 0.92292280899454703924 0.37358961473641472129 -0.092974665357714841862 -0.37033094973382407744 0.9275107124237396139 0.050782536450215229329
-3.6063314178298528923 4.3921224514682570828 -0.75783558517798521592 0.24165709031245441452 -0.00089184247276342595856 0.97036130143311538632 -0.71758196635895343807 -0.67332110512728826635 0.17808652657143742015 0.65320591872531796884 -0.73934964259609303738 -0.16335278918618376109
-7.4833764800459094957 -8.7703585882121544159 -1.4855282122856372506 -0.98809366080453986392 -0.0083589989626193725303 -0.15362631484847857899 -0.010468666504901804129 0.99986161894730751776 0.012928649475135979563 0.15349698530967736954 0.014382979245692203291 -0.98804443493624360961
-5.9837033177562934938 -6.6830495644593597149 -5.0895161419618553111 -0.06529185157718309096 -0.0060269386534042698397 0.99784800953267716039 0.96848096770500213815 -0.24127037094077652402 0.061913030124852434788 0.24037801336807415598 0.97043922226813572607 0.021589964628834473759
-6.9202355850800953974 1.143502133916964203 -0.077313992146457150012 -0.99975374065368416421 0.011905546703593601274 -0.018727413233797136211 0.021043618469222702405 0.77650933481868111841 -0.62975425291224584878 0.0070444425230820929829 -0.6299932625807148634 -0.77656864792019120181
6.7306421504873474859 7.9679728571260826087 1.4272843304338660442 -0.55702948376182348511 -0.0053016352483486166997 -0.83047579548334282684 -0.74229020836100112479 -0.44528841908963034957 0.50072294774240333481 -0.37245590449246895881 0.89537149635672863557 0.24410342627748160549
-5.0638065648136683095 3.5320892949769668867 0.13679665587378897484 -0.5601516523291373284 0.010688936431602430455 0.82832111709830202884 0.82136028442727426757 0.13715630163962744259 0.55367448206158043078 -0.10769126964864232654 0.99049174431619546599 -0.085607796858425885822
7.8267580103709590844 -4.5947149694924984686 3.2630329342219552835 -0.45914889408446013519 0.0024991221309922364777 -0.88835581128832152853 0.82036402482743542297 -0.38250113717343003916 -0.42508322341631671337 -0.34085944292344866335 -0.92395164075273550353 0.17357478422918792837
-3.3736848509811760977 -8.9011594264500946139 -8.2555786858509172532 -0.52695148460589380512 0.00090875981893518797787 0.84989487998638657551 0.63852612660711949299 0.66038413181610855496 0.39519259113150634333 -0.56089795730728908563 0.75092740834306237474 -0.34857066555796262231
-4.876458501764471265 -5.7158190818618646034 8.008268733396526784 0.31177133091277525745 -0.0071577661786792574558 -0.95013020350065313657 0.58073634289963327326 0.79288899663539358365 0.18458694171132447592 0.75202655355829162165 -0.60932405614581208741 0.25135683270097436415
-1.6360406906423554663 -5.5847758757767147486 6.1973313607716500329 0.96980733153231635235 -0.0018324732670061960604 0.24386549929713627338 0.019590890438503368726 -0.99615457935107776244 -0.085394678111426355893 0.24308421733547999621 0.087593927184834274868 -0.96604211461129563254
-0.42099331216049779014 2.2148090632676686873 8.7126318188163640599 -0.65474552289019571916 0.013427699727448937431 -0.75573010866011869346 -0.59991990566639330495 0.5989774909197271846 0.5303980318184704501 0.45978734980486651862 0.8006532721794652474 -0.38412228613791721266
-6.4223245103780604026 -7.8922215192111604409 2.0128706973989110018 -0.97271651198153585849 0.0022404752090594108604 -0.2319861366314905915 0.14225456507572101228 0.79567089766826004649 -0.58878812939675650995 0.18326545237287283907 -0.60572502249314064127 -0.77428093809156595118
3.5386548150501573318 2.3330046982646237552 -0.81285423689237490397 0.51447436784180056168 0.004268864228100226893 -0.85749513213306416404 0.072669761763238416297 0.99617323395052048696 0.048559177151581311982 0.85442099140815219727 -0.087296418933119346306 0.51219537745123588923
3.1803184294591568815 0.079169812943737830069 7.9861340388673580648 -0.96884353397582612111 -0.0017188218489426962399 -0.24766762470010031394 -0.22606627910649138014 0.41462587509453890933 0.88146436181675047461 0.10117432541974773208 0.90999034574750115034 -0.40209616576438345081
-4.3373573471182131911 4.5433717734757728124 -7.3797354847104008613 0.98511578973785618452 0.00072617484625617646603 -0.17189052760261902542 0.17157175795503820659 -0.065172484609235609154 0.98301357016170809455 -0.010488693036606662468 -0.99787374948941343078 -0.064327034739887087311
1.9072689302913135023 -8.8593345132444252243 2.0291088518641333671 0.99578938269156813679 -0.0097692777869325553991 0.091148595876508295421 0.090529895408116303757 -0.05157144092451136641 -0.99455755213989216479 0.014416773429606651383 0.99862152374765689178 -0.050469881626352616766
7.6928727599080746202 6.6869473794444180825 -2.7309525941245018643 0.65832464166325044275 0.00058395740150334485979 -0.75273390063996326038 -0.21747776121821221773 -0.95720627628957732913 -0.19094388706461806748 -0.72063311716463840373 0.28940594953385084809 -0.63002548108777856051
2.2075834492252082164 0.14372198073855774192 -4.0612179897415421337 -0.42252119024425321969 -0.0033523386270755848801 0.90634684620211558581 0.60533979674443982866 0.74321544499554270669 0.28494654375350991771 -0.67456621192566545986 0.66904376848264890398 -0.31199497044438945226
-2.9285543817254695576 -2.1761242550601247459 7.5133587277712825525 -0.56467079089172389494 0.0073191626425048884191 0.82528378620452969017 -0.13413832037819231613 0.98585097079739159032 -0.10052250685172338385 -0.81434256238999258581 -0.16746430436298445632 -0.55569946719799523382
-3.0075611418220176141 -8.8418537714723495213 -4.9269674194914596654 -0.44564649272945955349 -0.00065384734277884658336 -0.89520878905519707391 -0.47603219356709830512 -0.8467247035653115983 0.23759340702116482635 -0.75815074635945511883 0.53203087208925936569 0.3770286420664809568
1.8037809962530877428 2.6483792853905696596 -6.3754289506327532777 -0.99999590065503707326 -0.00083301111829888049506 -0.0027394827133443893155 -0.0013597359938032479651 0.98013860963102916735 0.19830899381846589513 0.0025198791810085710216 0.19831190585476693444 -0.98013572437972851237
1.2804596716258398459 -5.3515771809731882414 -0.98330276602431399002 -0.52967923318144882749 0.0063583169161644092354 0.84817420483205452353 -0.55905287614393839313 0.74941138651834782181 -0.35474280180389561323 -0.63788697400965921336 -0.66207412391877762392 -0.39339301318905917082
7.6861167638089380461 -0.10632015779240137909 7.581001221308704352 -0.022003081904640918454 -0.0071937058291195671647 0.9997320215854688108 0.14633948804529622878 -0.98922675107916102633 -0.0038973309046684175005 0.98898969591472862817 0.14621451893024253743 0.02281876045444936052
6.8369845894490630656 2.1427300820919166213 4.3935981140751501073 0.058192111169139568161 -0.0035591396979134169547 0.99829905876067492887 0.52423816762501829203 -0.85090887284261940149 -0.033592167581261558884 0.84958108606690918574 0.52530126845663993596 -0.047650346849778681124
8.0043049164768795833 -8.0453210270328909814 -5.1078888121675216638 0.31477978318776689282 8.2542866516139342531e-05 0.94916472821276243188 0.047624891204734828842 0.99873903498727500949 -0.01588111237458837699 -0.94796917557168347557 0.050202920026641818796 0.31437892579942067206
-2.2316665769756651727 -4.3933614709550141697 -8.5927753523868428687 -0.9917199411172772372 -0.0037942281298006339668 -0.12836339907963248419 0.010030188044310382398 0.99422136740299271729 -0.10687968902854287634 0.1280271600801466958 -0.10728222794082881153 -0.98595109911688239013
6.6197325565386346824 -1.2792762894612002 2.997545024923536694 0.98896333986915585523 -0.0039681276316294892756 -0.14810727989458599696 -0.14072649781314611195 -0.33782729219624901829 -0.93062816068517195678 -0.046341830002304913727 0.94119975276802836373 -0.33465722789368917978
-1.5861112244960613449 -7.7813513010923243129 -3.1325482103674691103 0.65309642720477789624 -0.010772983110109188992 0.75719812440796552266 0.05016789111832201109 -0.99708671433042261878 -0.057456651542469032445 0.75561116949977480406 0.075511766901680071884 -0.65065331289902772482
5.817150987185036648 3.3325137148313372926 6.1424865462506597069 0.97594417646957176693 0.0090623109352493333435 0.21783213476287349719 -0.046648037716878962278 -0.96731816963990713276 0.24923787685988094132 0.21297165302466142256 -0.25340369611563107188 -0.94362579543098912271
-3.9666401726558495611 4.7750607063687544596 2.4912919960979382772 -0.18725255942664534303 0.0029213688071491224207 -0.9823074592980259867 0.2374954412849290819 -0.97019416931401691873 -0.048157960899068957827 -0.95316965664949593329 -0.24231124495869463265 0.18097752957080115443
