1125 17.292696884352682929 17.968806560800352656 18.477561601407678893
-0.26079792929430584136 8.7613759630733429873 1.5805700362708900997 -0.99912991027118303045 0.0066096467243738701858 0.041179302709325585341 -0.039012926894871589878 0.20095751128556715859 -0.97882279815757089469 -0.014744963090443522283 -0.97957765962090448397 -0.20052479855476990078
-0.39228764922905745571 2.9767284561751452543 -4.829543708957340975 -0.25982370027260875966 0.0060481615460612637297 -0.965637128800749589 0.18236900619637572141 0.98229304921164217745 -0.042917491179351251185 0.94827906776200976413 -0.18725326489031637878 -0.25632601200864213453
3.3252868897714660257 8.8053602960577261882 -8.6640063705483445489 0.43959669809200752066 -0.0018842308794049991011 -0.89819329361813271539 -0.54167284939913351582 0.79713186579713146696 -0.26677952086815870381 0.71648117019972135111 0.60380231715761012445 0.34939589943912446879
3.3646649444994327638 3.0034154028969255457 5.7666132757834995815 -0.41320996018600192334 -0.0043429301715987266019 -0.91062542670459434291 -0.046951742596650719586 -0.99855697242499064092 0.026067349094914517293 -0.90942457778003593649 0.05352673891843481857 0.41240977867958644731
-4.5030786098464661293 -6.8991021837531700811 -1.2554987827024897129 -0.74919727480310205348 0.0050981038159677721788 -0.66232730033206266285 0.094117198445689109754 -0.98900407052842609357 -0.11407410501707052064 -0.65562595768052955858 -0.14780039856562626754 0.74047933516021868794
-1.9423140502958218256 8.6528803685038155891 2.762891130672562312 0.99873950358696272911 0.0024152067731043579124 -0.05013552384230064024 -0.04519138178200630962 0.47795011767722223039 -0.87722370238441227386 0.021843602892612983685 0.87838365865290102263 0.4774568097995031124
7.5514157109012991498 2.848563875733729045 4.4240599581171782262 -0.1297562009004242789 -0.0015605045459013769382 0.99154470053212173664 0.69169421654732532456 0.71635216279669078343 0.091644365081766709924 -0.71043820218430764335 0.69773715945351066914 -0.091871743182041470943
-6.0641053575110639429 -0.034259646444210145599 -0.82500635739917549394 0.74067258965800741866 0.0086367076620192159003 -0.67181062972407068479 -0.66391378608612550138 -0.14398139349435987167 -0.73381730898927310935 -0.10306599620721218491 0.989542705297855818 -0.10090904229876267173
-2.0841270999617784732 -0.38975917846113550258 4.6639387390904376574 -0.40634866772687772141 0.0034092572410948868492 0.91371173638163638575 -0.87187566165842911303 0.2977001994142801089 -0.38885398529067016771 -0.27333786939319199005 -0.95465332358606191931 -0.11799763100121236914
-1.3975821694165315723 -3.6340573497535189063 3.220570090809582009 0.5316683122805823114 -0.0031014139129630371138 0.84694698001027624024 0.82601015366339303192 -0.21910284586717460042 -0.51932761237789992759 0.1871791435013995808 0.97569684029664383029 -0.11392824089526433495
-2.3524717599249704847 3.2122932510153869856 -1.0570692620927049088 -0.27191973508478956001 -0.005147763761197986232 -0.96230616656023981736 -0.87535646664035293707 0.4167334278966006722 0.24512100355615584757 0.39976332245748014138 0.90901416413713476139 -0.11782417161180248899
5.0084413205576598926 8.9086041171667265104 -8.1716001987411051033 -0.87647388115622537619 -0.00010990566927827427959 0.48144939876509046384 -0.19490832417242284769 0.91447003975903196071 -0.35461992548579818196 -0.44023207609040565513 -0.40465359791315858029 -0.80153052647865341562
0.73239060111468279324 1.912362711028091411 -8.6906351541031838792 -0.9388935004119798311 -0.0038030010077646815569 0.3441867691640433935 0.3287834122341519727 -0.30588776051823612923 0.89349546490465248105 0.10188455586606534609 0.95205998505806510579 0.28844639385413384236
6.3722371921776819192 5.4309499425836262887 -6.1239803112975188526 0.82236211316460416931 0.01353555986938870942 0.56880343129284194337 -0.36704655484457848758 0.77649154874277737104 0.51218912650270498332 -0.43473829070879688175 -0.62998227225054537204 0.6435254114965158756
3.3745724412922175617 3.0035400179030391499 2.5149936089810678297 0.99980517354512732364 -0.00076155863333730779846 -0.019723969699042304127 -0.0024338234419741316614 0.9868739377083900477 -0.16147416999537159144 0.019588043692484638503 0.16149071521516555894 0.98667981505821389376
1.9272412012890587363 5.1464471637536410853 -4.9168246838405691435 0.99383361314774310014 0.003639627372204285935 0.11082194047277384163 -0.030608548186041559941 -0.95162102918599023038 0.3057458643855631153 0.10657329006592268505 -0.30725261581243218378 -0.94564156207345906324
-5.4162646010982351541 2.9634778099077725422 -7.6902092841084090935 -0.23124173890837759759 -0.0076543804360432437378 0.97286621312833077013 -0.17683117278357463054 0.98364363081815209267 -0.034292038179217824989 -0.95669116987572400124 -0.17996282396822810279 -0.22881299672605412421
-7.4183191016070564316 8.7702456134032846791 -7.3047807429587683359 -0.91453647441289520614 0.0017682913909296050538 0.40449957986891021955 -0.39518964127532318908 0.20944718649981586278 -0.89440316608120196129 -0.086302864362411343957 -0.97781836207588512799 -0.19084828107690776644
-4.1780652459155858125 -0.40250949430835875065 -7.8618837490309179117 0.0072436481920922501931 -0.0092305026308575656435 -0.99993116132155979159 0.99904874974761315176 0.04306755417230886257 0.0068396933332709733064 0.043001455651510762934 -0.99902952088445506895 0.0095336883239127909184
0.29537280522256359472 -7.0751981183550718413 1.761352450288230953 -0.94626568727050541785 0.0050201060482424550435 -0.32335127590546830501 0.083291073679632676718 0.9699302618957437172 -0.22868730639109546843 0.31248015319329924822 -0.2433312260981073949 -0.91822985589998618039
5.8189086342862754719 -7.2172490630257648547 4.6222089707502513889 -0.99984562078195871049 0.0010840081233417571838 0.017537375212840163041 -0.012536120536023322505 0.65535058236054377634 -0.75522080207148079012 -0.012311794543211072514 -0.75532406232429794013 -0.65523582059368390418
-8.2691178807729137645 2.7986547970056627754 -1.4203844419434668023 0.9726243915128058859 -0.0063003995798150483343 -0.2322974343367281147 0.21869324836974041171 0.36284761851271069011 0.90582275797052724808 0.07858152551192118529 -0.93182718929263375074 0.35429229901788789059
-1.161593789258062559 -6.3700354616074879033 -2.7639466667411229928 0.75362084265294881913 -0.009474320401621548135 0.65724109942414643548 0.591858054860500582 -0.4251843970745096124 -0.68477899455314117372 0.28593647618998963011 0.90505716158569227137 -0.31482037076195612535
8.1476321281068049274 8.5412308738417248577 6.5390194491133595278 -0.5813096279780500808 -0.011916760296192697305 -0.81359517405417847158 0.69376591441948209926 0.51520855856172731446 -0.50323850923260704526 0.42516816956347169842 -0.8569819904810633826 -0.29122825340477181966
-4.2741006581958815858 0.52265952883349753311 -0.31900397078443037957 0.51020536545569405984 0.0022136193127328955728 -0.86004975725233412387 0.58448597135247348788 -0.73447910005766314789 0.34484286402730690568 -0.63092522088794456003 -0.67862769724504623525 -0.37602900709867043139
7.7410660971471685343 -6.8079162266668111769 8.7797671682441276175 -0.86070906396135660188 0.009500978767442965281 -0.50900848580077340255 0.33909215365630135386 0.75646211569574750566 -0.559268789444077985 0.37973203518202891527 -0.65396849994462857847 -0.65431550687491069063
3.3911167643146984396 -1.3571947682641061217 1.3763739300999451309 -0.661526495429097805 -0.0017148323624150852568 -0.7499198325122345965 -0.55445793037401147618 0.67443320198331724313 0.48756154432845244528 0.50493474755721112768 0.7383338780065744622 -0.44710623491167705845
7.0355728390031915254 8.7222677076802135332 -6.6668656887458004334 0.27603794467716769034 -0.010480775235065895035 0.96108959335184329653 -0.18560624723193075436 0.98053767434064598163 0.064001485818646036696 -0.94305533988567513681 -0.19605107127741858153 0.26872030694404763773
-7.7376717114418624988 -4.874937471830038227 -0.72316153932595450549 0.79546607826814741404 0.0063018179378503237989 -0.6059653500116819469 0.31556049200636548946 -0.85798369657291562174 0.40532154186463570378 -0.51735412843516748183 -0.51363826133326617729 -0.68448553110011844947
1.299868010388606665 -1.3978024057543219083 8.3693459047744021007 0.60110792154151726496 -0.0079311756025046750013 0.79912850225345399835 0.74584791256439053608 0.36469774005244848247 -0.55741048583971597452 -0.28701943833735993339 0.93109218386490555375 0.22513815128104039398
8.102478959002095138 -2.5353311663259274766 4.8138358571562172017 0.8226658977077586643 -0.0003907015169418819045 -0.56852499338267559192 -0.56673842727556200671 -0.079781679126019716675 -0.8200258768631090156 -0.045037493243177129099 0.99681228474983640808 -0.065855092242184748441
1.4004592157059800872 8.6233163281972036174 -2.0174651185218777094 0.15711030772537146194 0.0061032903492299374337 -0.98756220110593051498 -0.37626325062563675816 0.92492944932306064842 -0.054143143641882572614 0.91309491151520882912 0.38008980994205576742 0.14761239427375377753
-4.7419512309659346272 6.4997347643510048343 6.8638143762221179855 -0.99080637726101150609 0.0099295147306831359202 -0.1349226723559669161 -0.13391677992087180904 -0.21359388468564061148 0.96770034022940620844 -0.019209862937743196754 0.97687207819739518833 0.21295991172943404268
-6.8959585794584175034 -2.557159782381601687 -5.6557950210781280376 0.028226636953532321939 -0.010663633108910228545 0.99954466828412080748 -0.7039529551049545919 0.70971591959011637307 0.027450873927838022326 -0.70968548947057952248 -0.70440726885040072514 0.012526197563112172542
0.44846139225690850871 -7.2091865799870102904 -3.3156770147071248367 0.3296518229256901189 0.0083488391195761894881 0.94406566113087597714 0.58544850993663555272 -0.78629103345619422161 -0.1974751957050500939 0.74066167570222085637 0.61779989283863023797 -0.26409008795127514313
-2.4520150767587525209 -2.6919675112653500548 0.037354257609913489591 -0.98314678110118569609 0.0050303221852645530962 -0.18274874190877943292 0.063118340128770433761 -0.92881485044082601199 -0.36512881116108686363 -0.17157646094359890743 -0.37051001263011046349 0.91284382486305015725
-2.1938849333198313651 8.5933328213336377388 0.73189303395122562446 -0.929930756344825582 -0.0062316300919653001139 0.36768186682361958528 -0.030924154029870001142 -0.99498957126394460548 -0.095076021023004247956 0.3664321016258608732 -0.099784366823919265488 0.92507869667174214001
7.3334902583928602837 -2.5785440144029267984 3.9195600729810253782 0.81278241328749833983 -0.013589283528656454295 -0.58240885984301726808 0.50187917745531462899 0.52396047263690903595 0.68817346239950305531 0.29580743717379831548 -0.8516341670501607064 0.43268603585656295607
-0.17615127551427670061 -2.6710443331842697035 1.9285863307431347913 0.95418511601912237019 -0.0051965986695901109776 -0.29917178966271834595 -0.080920491302021169133 0.95810972563770713251 -0.27473191974245525504 0.28806707284092386567 0.28635423691689787518 0.91379352839940009012
-0.55932857562068882817 -7.0893557890907326069 7.4819704558223669721 -0.9875873314748288001 0.0095081825846720958995 -0.15678283443795557051 -0.0038987770173103657861 0.99637465418379878024 0.084984398789229614879 0.15702248962553813638 0.084540776928950234215 -0.98396991559091973034
-6.4271218366275144618 -7.061960554544551627 2.0882595575437430391 -0.90495874929044894941 0.0031622819885618828201 -0.42548755804983406925 -0.37098290797107730254 -0.49557592227039365396 0.7853509962174463066 -0.20837788768517723215 0.8685588668813580826 0.44964891936413953211
6.7769446923364604629 3.0591250115556580802 -7.3966049060137137872 0.99205424061272329261 0.00091847375541656952128 0.1258075517934988119 -0.12500245972700438357 -0.10598436569559901987 0.98647944696803302467 0.014239689058818845446 -0.99436737206819758583 -0.10502742794831786133
-2.2027512391498578204 2.9007738991047640198 -7.7326990285392556146 -0.42533358492016959396 0.0041874104307588122173 -0.90502696486510803009 -0.59236618042664812567 -0.75732312455022321451 0.27488905636318278214 -0.68424677553185309087 0.65302691415856295443 0.32459543983079902629
-5.5564430118333385522 3.1161344029099669051 1.0160952073536435591 -0.90936168286621554824 -0.0049248638879593655687 0.4159772535249323111 -0.087264322036594926812 -0.97542470670364733731 -0.20231554476043536739 0.40675086703537632893 -0.22027797726488856922 0.88658408788905440634
0.13700220489430428583 1.9191333755330219901 5.2869645828401097276 -0.67817282062455563896 0.0049262396291278962718 0.7348859486540016972 0.41190675995925346564 -0.82559343001960516784 0.38565309464356334335 0.60861683058047644224 0.56424393702666741923 0.55786587372121598793
6.8200156553712600882 8.7632434227254680792 -0.39304493756536518223 -0.19543145030470052137 -0.00080484804757556885346 -0.98071703383358310724 0.12043638660903172033 -0.99245025842958778384 -0.023185368732679390719 -0.97329421297581164563 -0.12264516607811923321 0.19405292635064810836
-3.570659314162897946 -7.0433599060714797702 5.1759764767301010835 0.98692998761228589721 -0.00031314229800994937761 -0.16114931428286877191 0.061428048481692670846 0.92522747575539754372 0.3744071486594129361 0.14898253055868410089 -0.37941273047887230652 0.91315397690579258594
6.197728709975763195 5.3938896514042307118 9.0641014033574816011 0.85913788339273222672 -0.0070910466329277953984 0.51169504040723445826 0.31859976588630184446 0.78989562915322042436 -0.52398385874166975018 -0.40047008189974142578 0.61320030341034126309 0.68088846472886133121
0.074262455599954826924 -3.9757599543884851734 -2.2033036093304656511 0.10282349473481103286 0.011580387403571050856 0.9946322051683331722 0.93179630713370664719 -0.35106607338794532103 -0.092240198004306425683 0.34811344550656625474 0.93627907524602993483 -0.046888402766403949884
-0.87671940983208174192 -6.0404588354449328946 -7.4232773597250911735 0.78139181922301037542 -0.0030588057421790278145 -0.62403322712700082242 0.48267376219961227735 0.63679362850056075995 0.601265260916467148 0.39554122937463681575 -0.77102822153817418549 0.49906173711931334225
0.45390948931885477524 8.6167058106586775779 -8.1878901242882982103 0.38732652655046750922 -4.4637979634854071595e-05 -0.9219426011623403916 -0.8620756737947020687 0.35446043738007931845 -0.3621923949835659795 0.32680834518408580225 0.93507101138887360747 0.13725344869354694222
-1.5300648994678123227 0.79006749585328051033 -0.4740302617230516824 0.62369746474097731426 -0.0092456197086096710003 0.78161115075980058808 -0.40383358566010318924 0.85233638219151286464 0.33232683714235672356 -0.66926818807445409565 -0.52291223939457753822 0.52786634892080241954
0.34878872268148503055 -4.7956883522449169632 -7.0105892403095602106 -0.45080368405955767441 -0.010036280948942892868 0.89256669862994664211 0.88056590850004767823 0.15879661741101913641 0.44652806752375090449 -0.14621805369344192949 0.98726030375165574338 -0.062748493293369803081
-0.58520999966971520845 -1.1609547842399818851 5.3658768056223840048 -0.93607950454954302888 0.0037142638201409245574 0.35176890909613750535 -0.34928272365326834548 0.10932439506798988238 -0.93061794287474963738 -0.041913483746355353898 -0.99399918555659294572 -0.10103899738693722377
-8.1800707733691879753 8.7669364298694016924 -8.2461228010962308588 -0.89381545603368772746 -0.0071695202312493586105 0.4483776628411084153 0.025498428257927509277 -0.9990670556931673385 0.034854675217964703471 0.4477094601544884811 0.042586573093157983894 0.89316438749023818744
-4.3991543109135546885 -1.6489778370400700602 6.8131013904445065776 0.99607637234539259108 -0.00047502401446994097639 -0.088496524268652107525 -0.030857246637935632771 0.93536479705080421976 -0.35233581533462571267 0.082943901435772848796 0.35368413986185132103 0.93168011593267197057
0.3062499250332167966 -6.0378594299886563235 7.6669105054512378672 0.89503624673223614039 0.0035748061800290695939 -0.44597907775632927851 -0.44535067527310778779 0.060829119256973415708 -0.89328752050188886535 0.023935184758162707935 0.99814179303904360108 0.056036308938065146346
-4.5519602149910864952 8.5090439879153674241 2.7788876860028843829 -0.60194950142951708649 0.0102054284459908301 -0.7984689392574956246 0.26568704725322972449 -0.94038957751037366428 -0.2123154149648440181 -0.75303863821891403596 -0.33994601297886034574 0.56335558718206668605
0.51304539988912145621 -3.8503883512485188589 6.7042583200517231745 -0.95548684512617909625 0.0051409373909103283501 -0.29498891428889206789 -0.063077493522915070723 0.97317009289208100675 0.22127177884043539025 0.28821193348207191365 0.23002943521018717754 -0.92952694438361505025
-4.3316110198645709772 -1.4983095538391495438 5.5893242343501423619 0.99816172225942334517 -0.0029851879637803170955 -0.060533171640500323119 0.035814867338690180298 -0.77668405203839485651 0.62887135297048413207 -0.048892448226161684677 -0.62988330027248418119 -0.77514937692325558416
3.0950269936267624793 7.4958058416891768516 7.0318158840931026532 0.55083481758718311205 -0.0061804483813948781976 -0.83459140050195645966 -0.084553920232071769214 -0.99524097363091013069 -0.048435926536634109352 -0.83032020227584713012 0.097248169462984812572 -0.54873596130474822097
4.7426214145919791676 -7.0713603094491013223 3.1115518524169765158 0.99796912355709499476 -0.0048379614836435227976 0.063515530032238115554 -0.044830521225414442232 -0.76170831816297124295 0.64636728135635834747 0.045253207546694422525 -0.64790202358855364384 -0.76037827101817700992
2.4569163680408001582 7.5120216341190726439 -2.7602667802273379571 -0.59779416569295595885 0.010053771371341273244 -0.80158658742785049434 0.7886656709893462569 0.18661223708321009185 -0.58581766137062218913 0.1436961894631067771 -0.98238220395739273005 -0.11948477091988807253
2.2511650612616196376 -7.0370486321779663896 5.9952939764048371885 0.12202506804144892805 0.0057775475660906561864 -0.99251020282581281506 0.78428243467244151965 0.61229351559845479613 0.099988566447808305271 0.60828525005438172091 -0.79060942993372373966 0.070183928830772332463
0.83518261546958838526 5.4992467347293869651 5.0942986943156576274 -0.97595889343558883677 0.00014816101769298114718 -0.21795461998401743919 0.025722546380292150847 0.99308953909745134592 -0.11450553673407484756 0.21643148784723009737 -0.11735904474446648416 -0.96921837873862215496
6.2579346680618694876 2.7658392996933720553 2.6099336396167354124 0.28820619005369368937 0.010182616733392029634 0.95751423296531379403 -0.95653610502929076187 0.049479282031303181699 0.28738559536800911687 -0.044450779409653883023 -0.9987232424279763876 0.024000275909980498673
-5.0562299849509528826 -5.9786937223220526505 -5.8637001112034772277 0.55444293025827706689 -0.0022901142508662212377 -0.83221859656183572174 -0.77984797754461265828 0.34771714396182085149 -0.5205092887879164687 0.2905686992886203357 0.9375966847060177578 0.19100337123244906512
0.59548660779979112334 2.0092442213017198682 7.6166034417882038099 0.80129214249691238514 0.0016964478691380948435 0.59827086209961222174 0.075178272968581663638 0.99178402383501862438 -0.10350206442067545753 -0.59353106881295891739 0.12791236113251608364 0.79458120933196463298
-2.4644553379909361901 -4.9663540659121396814 -3.983758626135490033 -0.5663065856084342764 -0.0081301173784211026863 0.82415456820166166363 0.78069254000331556043 -0.32586411093922290627 0.53322766168354818195 0.26422719216474516157 0.94538165964490084026 0.19088611402504709891
1.1846035328658963692 4.3361819078750514223 0.3471965410140845365 0.99943817360292630525 -0.0049395032901734126779 0.033150240606003009147 -0.0090351633243631636339 0.91275706278021562223 0.40840287727712787369 -0.032275423602070647811 -0.40847294359818003828 0.91219962254943032232
6.8534024015698271626 -4.7557546633216798426 3.7990240141853908185 0.73769929102621534245 -0.0085895567153893379736 0.67507479254908087096 0.62003785911880981985 -0.38700490717636742977 -0.68248095583771484218 0.26711946630472188646 0.92203764637738638843 -0.28016739529092854477
-0.75964092931802962294 -4.8837499878944008458 -7.2495593058193579239 -0.40281439398917640027 0.018247958905552402048 0.9150997628624009117 0.27866112416968780163 0.9547827712313201598 0.10362353804020223158 -0.87183056947513648538 0.29674378132540052411 -0.38968524012731003969
4.5302011128946375607 -5.8943030081418044119 2.8036816996278495218 -0.95331224244554690905 0.0084278096405998315088 0.30186874702049698582 0.21406191144159664175 -0.68622944351856851597 0.69517382640464198129 0.21301001495957808118 0.72733632033107165071 0.65238685659206785417
-0.93152462305190297798 6.3957195556328354513 7.8293416225016096988 -0.24108400781959343773 -0.0036128908864183359798 -0.97049752611404160874 0.5250297719924275075 -0.84151092477164135541 -0.12729140588352708119 -0.81622438072856662306 -0.54022801714600321432 0.20477170164622957027
6.8724573316045720617 8.6257248603877254567 6.834731495217036823 -0.60209309940400312922 -0.0084934908061125250628 -0.79838071135528743127 -0.72186968755965186251 0.43305354909426180265 0.53978586291161090305 0.34115693431679300351 0.90132817787464525328 -0.26686974713645694735
-1.9618159401744641457 -8.2257102111220739005 -0.49862337996271199891 0.98932881937323302601 0.0029679503836528226338 -0.14566975811062871093 -0.075709934186264885025 -0.84374271406838152743 -0.53138144333617853832 -0.12448491082453311263 0.53673962377204098573 -0.83451427983591319748
-3.534536117310659975 6.2596699466571736892 -4.3297546376680129399 0.24805849085490364048 -0.0072834749797572873042 -0.96871767616091752906 -0.69808903756547047159 0.69197529475903651885 -0.18396164566022188414 0.67166857954341352421 0.72188443842172089759 0.16656583328813037714
4.1345461874433606653 -2.6708991926093710312 8.8180341668791708543 -0.70832636460140374624 0.005965536343246397033 -0.7058598824034272301 0.55984368825916841494 -0.60431053350749874831 -0.56690724444849083241 -0.42994046788685014171 -0.7967265474855038665 0.42470931542081813426
3.2170358069992674999 7.6987416405892874494 1.0897658732223578504 -0.95966098355460649483 0.013243674337407754932 -0.2808476486163318242 -0.277483425962241681 0.11639186089575911942 0.95365396398972412939 0.045318262980332778278 0.99311506876460053928 -0.10802182757732310681
-7.182615201004807659 5.2098515838603800532 -2.93683560603788818 0.99928444604967059384 0.0051116686543970033668 0.037476215479027380484 -0.036192528357073719403 -0.15857006324793460061 0.98668416219805787915 0.01098620836250581087 -0.98733449543963913708 -0.15827159360021184065
5.8058606813979940497 -2.5984317876308353767 -7.6557806398300023432 -0.99944580959009388099 0.019014668964128667722 0.027322446030463073269 0.018399451169670451994 0.99957538125400402507 -0.022594631839200157719 -0.027740473852571823771 -0.022079392099289808782 -0.9993712856366685493
-6.5217697933698852708 3.0561813145308622808 -8.2610284312453661215 -0.16208355889531889105 -0.0051737273811020088182 0.98676347342251857775 0.18001084189810956371 -0.98336165120399032791 0.024412286675597357627 0.97021905605640224035 0.18158495391019782716 0.16031808312983256148
6.7523386296695369069 -0.42434670042300098869 -7.4326519978465315219 0.19430097047411151734 -0.0019363338116187541263 0.98094005091248437367 -0.92576113487727118567 0.33030550998736096791 0.18402334423314287148 -0.32436623440716694233 -0.94387208915379439134 0.062386098556642607948
-5.0640014782089295409 -8.0413872309511535974 -7.2012175119093022602 0.076238736286933686537 -0.0013312169663131172802 0.99708870365215895859 -0.61810262977141872121 0.78461164193790788879 0.048308492055764623574 -0.78239171401455909205 -0.61998612822910026399 0.058994971349797441229
-1.2349026976567238911 -2.4589261310009478123 -5.0097116376471984012 0.96251496637905709086 0.0056796300341544689316 -0.2711691009296097743 -0.027142286414645971915 -0.99274507500992026365 -0.11713459067188705665 -0.26986707058196446329 0.12010394600682627875 -0.95537783435099388196
1.3615688517138961888 3.0831899136573510667 -8.6909629972948678756 -0.88399956901026843781 -0.0018069147263543145453 -0.4674842211762710309 -0.32497099524112577074 0.72124089897733412169 0.61172331808918312124 0.33606340806688161926 0.69268196215951383099 -0.6381638387255333944
-4.1509111255417474595 -4.777014420739613243 0.040694867188576261396 -0.96421631429741894159 -0.0052449185534937433489 -0.26506487898633018796 0.19117686648548240513 0.67893539103163702553 -0.70887103236464810152 0.18367989809287388336 -0.73417928711882374238 -0.65363787329248113078
-6.1164810622012328878 5.268158826753418289 3.2604634524809985585 0.93041541098441571389 -0.0031538784369384426087 0.36649313234173691578 -0.33288834414449242072 -0.42563336671566487368 0.84144018650830809669 0.15333790573653333089 -0.90489020891452454087 -0.39706573319191190707
-2.6533703292798480611 -5.8940749232042710659 -4.9812428454819750456 0.60754219897169370324 0.010785822325639009278 -0.79421416664858945911 0.78181116662115412996 -0.18464924829339160461 0.59554676965904773667 -0.14022758721138836591 -0.98274529820357781063 -0.12061468668179944896
1.4484943143586928027 8.9060855065788544493 6.9335060882479639943 0.17461744394954900605 0.0020172033295230758915 -0.98463428701199251503 -0.87502904651095958499 -0.45820430170814907544 -0.15611849877063452285 -0.45147858867364581981 0.88884461453439989054 -0.078245352464848649809
3.168706214745701466 1.8914621270020246513 -3.2814290778907193591 0.97460524573327123043 0.013342994734798678882 0.22353205470504872165 -0.10046566055159078523 -0.86606667530072822814 0.48972968562618757193 0.20012812405839411345 -0.49975041613298309962 -0.84273261212316952218
-3.962885852452639579 -7.0644636450224993496 3.155245789567498349 -0.53498766935251784727 0.0025496882417682118285 0.84485601893506667714 -0.77868690162060416604 0.38647111303195974541 -0.49425376886401434229 -0.32777263901251652012 -0.92229798757331205028 -0.20477187119584194797
0.22628697741619263617 -1.4037265964172092048 8.8289157721535129753 0.60479983884563603969 -0.0045445263602932788397 0.79636455358844682184 0.75685697535609797182 0.31438281178002513983 -0.57300171597680937818 -0.24775930615637525856 0.94928541279094158511 0.1935782303759234213
4.2653704948312540779 3.8070495939350990078 5.4728958323748457815 0.29023559006743626654 0.0017169404852035302644 0.95695368454998941399 -0.90879439040855480858 0.31373751783886699718 0.27506640264183190858 -0.29976000103457112189 -0.94950820007838931947 0.092618139497858270603
2.5687488713594008871 1.9601519352660725648 -7.261126024920434574 -0.96609733480780557446 -0.0026796820566442241043 -0.25816420933392536519 -0.2461800563976984102 0.31084959458120881015 0.91802391547319905918 0.077790227592874461315 0.95045533764233780527 -0.30097064913073884318
-3.114747833939696342 6.2370375227280590025 9.1171801274207417976 -0.52559958126464811912 0.00066168580815092851999 -0.8507318275149058362 -0.73832190862994351299 0.49644248024920173412 0.45653655170351353787 0.42264150223537583217 0.86806936703006898348 -0.26044142261210312395
-3.0221493075692618113 -5.8465971636959315205 -7.0308848965673389486 -0.48327319223946901827 -0.00096050406386488347901 0.87546907375116456151 0.13794779539748472375 0.98742367097046301883 0.077232763463903092438 -0.8645330690075080371 0.15809355280722639514 -0.47706289014465208531
5.224404537571345486 6.5299466902995062512 -3.6846498864283869779 -0.33067672154622462788 -0.00088142906188329837869 0.94374367754713961443 -0.48337967031185685718 0.85902784297415524239 -0.16856826309938213737 -0.81055351467772696061 -0.51192810831005675087 -0.28448657572095470414
-4.0875726539730328213 0.76238714536069607242 5.3880508916882741133 -0.99387751672719704121 0.0060983720383950522359 0.11031904460476217589 0.11048579707210953726 0.060356266544188838519 0.99204335073333216322 -0.00060859623007449535625 0.99815826948796293472 -0.060660519807356920452
-7.9551727021244689197 5.3114785352868167934 4.8109967727913858226 -0.8614992791177195075 0.0025687195231424752098 -0.50775229567125634844 0.33488329922447906961 -0.74879222918313614876 -0.57198196948445745313 -0.38167023460037524663 -0.66279981834236889604 0.64422374438163065857
-7.992038533721853355 4.0801121807108806649 -4.6126059346521639526 0.26833499558593870704 0.0031957583947024104445 -0.96332036066511839145 -0.96288099427863460544 0.031270169778299883312 -0.26810887217571327534 0.029266380050003135138 0.9995058597176729176 0.011468015890204521015
2.8111106889116812546 4.1973661332797638224 2.9507583413277806983 -0.98960874048463220998 0.001562732315596481944 -0.14377794901980470166 0.083999575995791442296 -0.80528079359060267262 -0.58691303845338760325 -0.11669880885915297208 -0.59289155951318117665 0.79678164302959286758
7.7339979271528376259 4.3133969962191036629 0.79297166547254316349 0.92747352313726227901 0.0067931524184828371432 0.37382712175490517836 -0.21663188818721737516 -0.80514387108029916718 0.5520996032257240449 0.30473511267953856674 -0.59304063936785011979 -0.74527800930816401337
6.8695238370019851004 -1.3927502696279328021 -0.34533462446343760055 -0.77600521983220016597 -0.0018553482761085740918 0.63072375607394060015 -0.62586072449648266769 -0.12170837177280879882 -0.77038005281379351441 0.078193684693260059881 -0.99256416917154377533 0.093285142176866064911
-4.6563691320046043387 -8.1517153469443854874 2.9768456681390249585 -0.84646898629302536055 -0.00094801852855341860529 0.53243718550189944594 0.5324160592753005572 -0.010591415789550721535 0.84641654150750345043 0.0048368450493403315066 0.99994345998769396111 0.0094700452757798571357
-4.2242448915192714054 8.4923940711976531048 -8.850159580665513559 0.65967874885298771748 -0.0043827487397726880985 0.75153492255864717819 0.75149479446867784027 0.015712073875649559818 -0.65955189683690873537 -0.0089175219785569241615 0.99986695227313959755 0.01365853409952133557
7.6820827041454657902 -2.4457384200669785024 -1.6179141114369324228 -0.82960660222492477178 0.0082091431784425770296 0.55828800409192180787 0.55819413143023388635 0.035693581036741542367 0.82894226572755547178 -0.013122392370012350704 0.99932906404301802272 -0.034193926031393609422
7.8190666689646208809 4.0869165812039716101 6.6067305602550927546 0.99924984235963876245 0.0027697986822452728278 0.038627461212210487118 0.027096900303435624002 -0.76261640180521816923 -0.64628320548486495323 0.027667861109810613918 0.64684507566579174664 -0.76211937224344195041
6.6187323922320580039 5.3048559434529192202 7.8466709594446477638 -0.91998573680467821134 -0.0021071639207593463768 -0.39194617479467375176 0.33454815964627793168 0.51679160086110875749 -0.78803805121113057464 0.20421501647326356643 -0.85610863863158315201 -0.47473595388099132375
6.2112468370485052205 1.8478025079816926546 6.0891792236127297855 -0.98633319136906294489 0.0020232110189785674353 0.16475054543425649012 -0.080029969457260902166 0.86816117232045864061 -0.48978707911094643279 -0.14402096927985852393 -0.49627823394986186889 -0.85613426220142319067
-6.9699026407653237314 7.0826726842769813786 3.9181158191777170074 -0.84502449213352548441 -0.0046843805037996670559 -0.53470708268531830232 -0.057577381283300345383 0.99494497019617900158 0.082276068488784270816 0.53161871003490879239 0.10031232656430318084 -0.84102258250302852627
0.87631370476318892759 -6.0252640191173645334 -7.3763553899234182154 0.33129004433146119757 -0.0020946122506807166724 -0.94352663933034630617 -0.7475915877391294817 -0.6106667085370132142 -0.26113787359525370002 -0.57563332466779637553 0.79188495609145337362 -0.20387371544108684462
2.0575290127955918607 -6.9650858004235072229 0.086570328113815181448 0.26700312513461965658 0.0076358376161809234789 0.96366541141227257672 -0.25209697855355861495 0.96570114022698938516 0.062196633093176204032 -0.9301378632074913666 -0.25954383396217445279 0.25977019397850159566
3.6391028942722676298 -4.8482195244286030444 -7.095476927909947662 -0.22964975173304633116 0.0036242210202577750111 -0.9732665906886903695 0.97314575598486807717 0.017046131685451566123 -0.22955776397840432779 0.015758462396364338043 -0.99984813567666652734 -0.0074415352142748530592
-8.499552634344977875 -1.5445501641473713406 5.3067878945502791055 -0.72656270418773682973 0.0076966241650168179186 0.68705705648080239722 -0.62533180885790295989 -0.42176349220530218176 -0.65656354260135330048 0.28472226065766864656 -0.90667321490116692395 0.31125056733553674304
5.0245737332660596053 3.0452878205412114987 -3.8332932246573454549 0.32982806725835195349 0.0042668692246379189004 -0.94403137653123325723 0.74896861164777217557 -0.60992340574020253996 0.25891979046899493699 -0.57468205541399297598 -0.79244888349804654126 -0.20436560921035235028
0.83649639683524190659 -6.9965874434114887492 -0.37106643334770844644 -0.17138355228230983673 0.0010175894832319988537 -0.98520385835552615195 0.98196502580178668396 -0.080849451533737931586 -0.17090364036080066268 -0.079827101344036921482 -0.99672580517320363835 0.012857028920698733779
-4.0298492986513592129 2.9207175806883456382 5.5755129026853973429 0.99996727991001721492 0.0025943001218341958485 0.0076621613374396983775 -0.0080732331033307840051 0.26011402329702953962 0.96554415631371270923 0.00051187570976578408363 -0.96557442203654542112 0.26012645673242318356
-7.9702546362493658094 -1.2834286106193961707 -1.2043303517260974811 0.65860096979723581345 0.0027742806490226677024 0.75248725301439578494 -0.47042379112530607888 -0.77897798112184224451 0.41460193158081964926 0.58732122328889591056 -0.62704514055551585638 -0.51173056619686807522
8.5423159813139992735 -2.6245026838849163653 6.0799806529904145691 -0.65084603343801905595 0.010282883489816244463 0.75914010766464157243 -0.4327375057025966143 -0.8266048502842613388 -0.35980921700881096648 0.62380901878394101612 -0.56268879835423890601 0.5424422773810042564
-4.6326488336474476171 -5.6426356000300463833 -1.0396447757917737231 0.99498084431076150302 0.0082244466784588791952 -0.099727017059411005029 -0.034571608220331992434 0.96350103399570874441 -0.26546291905747099182 0.093903798431230589561 0.26757824269984054055 0.95894940464765077159
-7.5135013675542730027 -8.4702217614873553941 -6.4272411017718891202 0.89141068761917208185 0.0054890455375692388112 -0.45316316749814383735 0.32292782036679118507 0.69387057538713603488 0.64363129775140959232 0.31796950927905048845 -0.72007881165265807955 0.61675108121322130827
2.6752166596600819304 5.2763670942127536279 -7.0892459099226536878 -0.17354463242090617525 0.0020164832585766500131 -0.98482394079005963761 -0.8099138679665732754 0.56862660253729513382 0.14388645996917845404 0.5602872361863993067 0.82259328995697600373 -0.097048916966542581042
7.5266297463918254707 -8.1467918113635668931 -8.4532264972052537644 0.99080878669365346489 0.011442912297501635702 0.13478504356437237544 -0.1328374603422823319 0.27042004897182020384 0.95353406139661356367 -0.025537371444105342461 -0.96267442932282420998 0.26945460802797027711
2.6978008161571720436 8.7305869137783052025 6.8662165018734313549 -0.14728878726133443067 0.0006111680259308230681 0.98909334221836109347 -0.90237779540515306032 0.40937688428584212419 -0.13462867811894921322 -0.40499423144873336611 -0.91236516433160297357 -0.059745120363468427749
6.623846575738626008 4.0759991437502272049 -8.1392600193524202723 0.98321120474430212521 -0.0032920998224825921696 0.18244146717213935438 0.14912353955960461205 0.59069441661604404903 -0.79299576047277020585 -0.10515653481556824778 0.80688863435882995923 0.58126829857511352895
-4.2815997853246994254 6.5677249944809847904 -6.0634126875482481367 0.38302809247375074753 0.0017475291556548972274 -0.92373504129586814226 -0.47288743994466098108 0.85939728216163258079 -0.19445765748794274774 0.79351556350109331284 0.511305444480136706 0.32999968625226677732
6.8977721541300649477 8.6721359343328003888 9.0668957748352561055 -0.52225569851259512344 -0.0039143955693086212796 -0.85277996158357938228 0.66279522304549187695 0.62737280346395085662 -0.40878583363659865002 0.53661110469232242703 -0.77870921593426190022 -0.32505457901638501461
-6.614356832759700211 7.5284984255132858522 -0.42478770078193467397 -0.53438213931575984095 -0.0036635700775151181299 0.84523506046224949895 0.74982903908158105022 -0.46359590875832062951 0.47205428240031904741 0.39011811202544660615 0.88603917048673663803 0.25048442473110865691
6.0550929053532440705 6.4441358118592440007 7.3555259764682183743 0.026269134476044859322 0.0052184796062248860887 0.99964128568433963107 -0.79259187697806654516 0.60949710554331804069 0.017646384396372546965 -0.60918638290906546029 -0.79277111817010048611 0.020147085974264063862
-2.8180125921088712282 -1.5945667434672956553 7.7629515901944916578 -0.99512806482233684413 -0.020806167185531673769 0.096370317059006782578 -0.049448712499835179024 -0.74031110909596609115 -0.67044335076200600732 0.085293372750168738872 -0.67194238231872749356 0.73567552318159668001
7.3697480770524936844 -8.1488019076166775534 -6.2947776177494878524 -0.46046332709034049069 0.0010138221710994576794 -0.88767814920140941659 0.57306821546370823039 0.7640311066802113471 -0.29639380636276424497 0.6779132280978459324 -0.64517861107583474034 -0.3523892946446693375
8.4906480217389308507 4.0571055936267717001 -6.7557509451227621966 -0.18164213864837719381 0.0082195000288570654184 0.98333034799428065131 0.39446235262489681705 -0.91537776075767429695 0.080517125337902728521 0.900780542545838947 0.40251210532133546716 0.16302889081641186442
7.6621730256553384208 -4.8029237729391152101 -8.3952866241213257581 0.041392075482185701485 0.003729697660256974228 0.99913601949025032667 0.98028612522607527779 -0.19351485017390943066 -0.039888788541475428406 0.1931988839934344615 0.98109025686613182682 -0.011666152153084499016
-5.0618956400714649746 1.7942136230905214589 -6.8847458779445993571 0.87578976812799391727 0.003483749656938119315 0.48268016898451748808 0.35104592145771068568 -0.69093499473252339982 -0.63196170301850940199 0.3312990236486840212 0.72290849804281409607 -0.60633675493663996559
7.1553995721179672884 -0.36181583068388017965 8.960160551051780331 0.87163406490537520543 -0.0020298289984864497856 0.49015297274520241988 -0.47754256301088576775 0.22189070979125652405 0.85012799825749951754 -0.11048600549210937927 -0.97506942968296539398 0.19243817159760298607
-2.0975006801272679802 -5.8992745984209999932 3.6028421312000324939 0.82628134833538802173 0.0050907687628306301161 -0.56323460251183432579 0.029445818304468272114 0.99820138722596540859 0.052220056725066348047 0.56248740179454803645 -0.059733362649181262483 0.82464528629527888981
7.212708553023021274 -4.7664875809461539902 -6.2767977220692010576 -0.99811075581263442036 -0.00052918512892528380212 -0.061438091557807023024 -0.0057727086743447082046 0.99634711125201658177 0.085200409235963864285 0.061168578254960401241 0.085394109062090620133 -0.99446782309515158182
-7.1742748266834315274 -1.5813586017674694517 7.4044163416596582294 -0.69613355668510945584 -0.0042369690487169611726 0.71789979756930100141 0.64610594743067117918 0.43222828866808721271 0.62906741385123576826 -0.31296194010069516844 0.90175426506793954218 -0.29815108498927256342
-4.55686839069112537 8.7266566875118432023 -6.0894934971188998674 0.705270315487759758 -0.0068852060324737906355 -0.70890505431223016508 -0.65115201855579685208 0.3891372243148902843 -0.65159287088119566267 0.28034769630305139687 0.92115406669591792799 0.26996361715437949824
4.940248694416860431 2.8502235432149243266 4.4646073570285205179 -0.081758727535641256834 0.001921083173168307897 -0.99665029970945007154 0.035283273444742878355 -0.99936572444447580033 -0.0048207282119298883877 -0.99602740980687143324 -0.03555922165803333812 0.081639087870278792547
