1125 17.292696884352682929 17.968806560800352656 18.477561601407678893
-3.4109277754588185338 -8.4506704905476919265 -2.7697494955999961697 -0.94218884819404402631 -0.01071308053632027274 -0.33491103929875065681 -0.28350578265261550115 0.55827322239430487993 0.77971499944533018134 0.17861871554038374899 0.82958799356262036273 -0.52903602466730503817
1.7840249148215265862 5.2680566749215707034 -5.6972897703372185063 0.43931484910736856575 -0.0044679496823469503491 -0.89832204736353016283 0.189753035233807682 -0.97696321959559051518 0.097655789263461661998 -0.87806392077871842083 -0.21336097342951690359 -0.42834664238654085455
6.31793999294165598 8.5877268112892259921 4.9151406126520216233 0.92309897758765413478 -0.015625848088531603397 -0.38424485741282704554 -0.23557309493242128973 0.76678370544199847547 -0.59711645933822043997 0.30396314664885110135 0.64171534338853308821 0.70413622512947948717
4.7384682885431619326 5.1567022001194606773 2.5586855486161672601 0.087125742122543994861 0.011779687254750282124 -0.99612767456188422432 0.046044189257788470382 0.99881383090762765331 0.015838681241592579563 0.99513267341362787732 -0.04724584803006777467 0.086480010110753263719
-8.1522024271320923106 -8.2739480353014620562 3.1298515922995155947 -0.68937091496411340152 -0.0055507266747708882207 0.72438727973022443152 0.62283630741078888082 0.50609796052834032931 0.59660689613890882654 -0.36992252671691838728 0.86245814030741663192 -0.34543202000516048944
1.020172445444608833 -8.2010955789401460692 -0.085408606135728565301 0.82499530927767006361 -0.0060341354927631674424 -0.56510736048871912374 -0.55943804943265196261 -0.15040021792966690173 -0.81511277949357074935 -0.080073769217970935941 0.98860677908621530374 -0.12745519929644621993
7.0874623817731761122 1.9819520698352648402 1.2315702315988148463 -0.26439108456331578134 -0.011150224116131590701 0.9643510910998627228 0.20168340827807862414 -0.97846280779800487437 0.043981093450544996026 0.9430912772521620191 0.20612182382733826302 0.2609456581614999493
5.1913586369919464403 0.4358204548510668519 3.0322723118941130593 0.74846968230353139173 0.0003978085741599508493 0.66316888981687249771 0.17764229661304589691 0.96333495460930518295 -0.20106958915267197918 -0.63893375957664100273 0.26830133614342988047 0.72095633979937367997
-3.7218880023940346113 -0.439017808139350596 4.6830406693043142852 -0.99819669066767002796 -0.0048793869420695554912 -0.059829410184772668924 0.040181552810717731383 0.68614965432280927704 -0.72634984317917883345 0.044596071056786985853 -0.72744404833346421047 -0.6847162529038741674
-4.5999300501817330655 -6.128834398640148784 6.8598314688921755433 0.99163203430977053809 -0.01389500776820865903 -0.128346551530959474 0.032455331868044411114 -0.93542681377177716584 0.35202745277934610613 -0.12495022994812907124 -0.35324722905660960182 -0.92714822719992451283
2.2128210739787150807 2.7845842915688061581 0.043330337382550522529 0.31302521528214743984 -0.0074285101935241473758 -0.94971576370723442828 0.94973676276868912449 -0.001669506016734975673 0.31304519513195644409 -0.0039110156047568317428 -0.99997101457298753768 0.0065325317430078612413
2.6080257865358418279 -8.34372776257161064 5.9342805482700269337 -0.58694120004803473911 -0.0067434320068912104174 -0.80960147838954688027 -0.61973391783518727571 0.64721072857218786556 0.44390105193141871087 0.52098934612033109826 0.76228131221080952518 -0.38405377524946221479
1.8914442482303932547 2.3656111955435998873 6.854395203802226888 -0.98571741730187245611 -0.0067859153378265705397 -0.16827098555863939655 0.022594353281827649071 -0.99548314115867131413 -0.092210687390714349276 -0.16688519535192680721 -0.094695654717135535616 0.98141839423882981652
-7.778272448478039891 5.3062462893216872928 1.6806928635220048651 0.72767301396005745762 -0.0043914050948062957613 0.68591012553808006214 -0.64494854931167988621 0.33606392747445612557 0.68636900089600372254 -0.23352377501048607322 -0.94182893999484385006 0.24171242064318029796
-2.9345769163654464862 2.0865230313908664783 -4.5208367421585471391 0.031553269989917531735 0.012351178202332611586 0.99942575489618601381 -0.048482441998732840605 0.99876551086113474209 -0.010812360169605251745 -0.99832552004369679022 -0.0481134358740117965 0.032113133101773598532
-3.9000735123835439389 6.4188891901201490242 -5.04689623481309102 0.91417634791792790061 0.0080284795097569656291 -0.40523715084385225627 -0.29332626334820677272 -0.67687831763803085749 -0.67512624474363225335 -0.27971647813018368778 0.73605114403009430646 -0.6164311845082394159
-4.3043628260470603308 2.2410510393225080428 -1.77466581484057917 -0.50312270002055881069 -0.0067998545710581028562 0.86418823800238331323 0.70159160506923101686 0.58066854438869208721 0.41302937093325792217 -0.50461546589452188627 0.81411166527383838076 -0.28737680498715062472
7.2952587470368790434 8.5335157747931731365 -7.9364326023924807174 -0.90307953167823085128 -0.0015236765081820449058 0.42947064844278304285 -0.091462247080513550679 -0.97637163617632072299 -0.19578836898400558963 0.41962127784822550458 -0.2160928191318955971 0.88160188106455672497
-1.5725530113566092982 -1.6965738177890519189 -7.1111611109194958757 -0.050193677435152884991 0.00071671085012702494266 -0.99873924578485850923 -0.75079412882272567042 -0.65948457960435236114 0.037259433556539739429 -0.65862642740065457936 0.75171774994962825556 0.033640058560562721701
-8.0559095633794566282 -7.0673076749913530392 3.2233759614475991917 0.17794655645961282575 -0.0040066669080983212392 0.98403199626047777038 0.69083955459183743475 -0.71161894168838968344 -0.12782484751355405184 0.7007679593529569928 0.70255421744576640464 -0.12386217620266777584
7.4694022012906442498 -8.179995168565520558 2.4703056715327282866 -0.055956955352083892485 0.006998618891710431042 0.99840865304799908397 -0.64858218673962131362 0.76000269289727240274 -0.04167797779273593739 -0.75908495321126978617 -0.64988224019625207006 -0.037988257208928760678
4.6790124695460013626 2.0029777036279088342 0.91360724482708388638 -0.97392634583085579969 0.0071672921085227121046 -0.22675119144202718346 0.14919584370294142195 0.77318864076687399134 -0.616376448293652901 0.17090369544964287285 -0.63413559726069679279 -0.75409811773313306649
3.3792000781016890976 -5.1964917815653413058 0.1960497233545617779 0.51562616190024312957 -0.0030056283275112808881 -0.85680839594542412829 -0.69885937993286861847 -0.58001855330167073621 -0.41853798502133887638 -0.49570679664891931226 0.81459771913774614571 -0.30117325201924627365
4.3726025610233643093 -8.2458120887824684075 4.5663178064687457436 0.99963600758618320619 -0.0068065107567325333973 -0.026106009818115123722 -0.026953632192982662774 -0.21022878774653905309 -0.97728059354230589761 0.00116363607537410714 0.97762852260662080894 -0.21033572625005741985
-1.7237872983229316493 0.79368022582563357847 3.0830527179973477025 0.045124430407427675027 -0.010339828167253980323 0.99892786212716377925 -0.041835414212549319746 -0.99908876853882855329 -0.0084516683069597517419 0.99810499642989114477 -0.041409184162226879422 -0.045515882601126760043
4.8476839913945921623 -8.2349607843551186903 6.5552305240610566628 -0.68755164071186147812 -0.0024259454034485758607 -0.72613143172794114566 0.72271908606498225236 0.094603229762752164 -0.68463665659692662935 0.070355269823786523165 -0.99551210123616784564 -0.0632913287953483783
-4.3849566093420264679 -1.7738470549046221336 -4.0617661874331529859 0.4797679369478911604 -0.0049024647674915551587 0.87738172565647587486 -0.28617952758822318149 0.94442221736740794569 0.1617651177858039635 -0.82941184261255196386 -0.32869840459329879856 0.4517005137828772332
-5.7730560035748545999 7.426435943241708415 -9.1265913702710150801 -0.76951597095502444201 0.0044385926520195025102 0.63861214312032055229 0.61413351925724357638 -0.26914449194772754881 0.74189033082981958866 0.17517188978270073485 0.96308958116549037154 0.20438509652235017922
-6.4344679184549207207 -3.8626667585225673562 -2.3960329602597107979 0.78786936498401427542 -0.0083017496293465616042 0.61578644404707616467 0.37667832909916992845 0.79755484148821897961 -0.4711896764631661183 -0.4872117610508089891 0.60318932000780767222 0.63149611568251207139
-5.2544755534878948566 -4.9938070480972216458 5.1770825927259309651 -0.99345479884879650534 -0.0018400022188102328237 -0.11421110732476638661 -0.10888504021150749446 -0.28691162347905801999 0.95174879476196105887 -0.034519714116037818197 0.95795528846836108805 0.28483338047524076053
-6.4568607099529389259 -2.5171333623149947378 1.4594557691951532963 0.14640749438101954838 0.010800766177842676188 -0.98916540024344812299 -0.94872799282332509474 0.28471071225394639637 -0.1373135316032510489 0.28014289429233785178 0.95855263485002772939 0.051930771221359445233
1.3214445818049491699 8.4156615996092032361 3.5578400581138307501 -0.8511528997203550162 -0.0017094365967723771163 0.52491505896100576489 -0.49542746080909505491 0.33307706898460176514 -0.80225388574488154525 -0.1734657671524504341 -0.94289805596524522979 -0.28434641492927287265
-2.2054081972171974968 6.3450669986825793956 3.1090899996103620317 -0.64082265938155791307 0.0085348717338440058255 0.76764150173579137615 -0.75084342326940856083 -0.21529345571964375594 -0.62440602307866888143 0.15993896634557491776 -0.97651210125033538478 0.14437327715174827492
-6.4383893011436157394 -3.9442711724884089719 -7.4780535292788012924 -0.92691777254717877543 -0.011011055247482894048 0.37510291867509615304 -0.27040567911237473053 -0.67348197233632411951 -0.68797005868121019478 0.26020032982327279125 -0.73912163383311213494 0.6212849577766643705
-0.97998688419102264469 -6.9601502883735832938 -8.6278804841052441077 0.92986134744515491768 0.0057635786606155658268 -0.36786499655159188293 0.28227648480029460254 -0.65245419632010948074 0.70329475174528965908 -0.23596156605622348179 -0.75780624361677584311 -0.60831886086105935174
-3.9817776695285900246 -2.6184761629963602125 0.21982058855186700774 -0.23851851686586600376 0.0031069156672030523794 0.97113297966204992218 0.53329023419468568612 -0.83530737138532562547 0.13365298882501877586 0.81160978507183667574 0.54977444682733467296 0.197579387566218595
-1.3884086825728505499 8.7361437304552236327 -1.0156665071898205444 -0.18502958168121005911 -0.0057753594665063004779 0.98271598090518830215 -0.19065030961139659005 0.98119551830335072218 -0.030129956961198273158 -0.9640625048969860833 -0.19293003935211386346 -0.1826512703694667672
-8.1080565040295109469 -2.5923964198718314478 4.7179914338429265186 -0.61929718757482887792 -0.0052872652546978957805 0.78513886560782542023 0.65992581715809217613 0.53829082532233163416 0.52415732678469917349 -0.42540440678262553265 0.84274256579322748273 -0.32987279137570468812
-5.7407902809350268569 -3.7471034782865828561 2.1677778398729006248 -0.88180401958906340365 0.0043597677285515251677 0.47159586879244003166 -0.4422240718618160038 -0.35513355048348721477 -0.8236006505500418351 0.16388880774016517661 -0.9348054095619648951 0.31508618654458642183
-2.046733756395764825 -7.1222978770028575468 3.0030938690874533492 0.75848252231555635117 -0.0012079824561917482453 0.65169226182326200902 0.62392476714023747952 0.29014349606090145128 -0.72562706443617119856 -0.18820772643756464304 0.95698238879924879541 0.22082246089843080017
5.5270257312575665765 -5.9733238256441136826 -8.6900976108371459361 0.64647045383628665149 -0.0051217319194155706136 -0.76292183097539556513 -0.22586208471089527783 -0.956438144410863611 -0.18496592823146215667 -0.72874019444967774728 0.29189012278328452243 -0.61946580633215175826
6.6631305973108689855 3.023493251196922138 -3.9493172718054090353 -0.96830402597500708772 -0.0070478360239320300001 0.24967507141880013188 -0.22158362558252867047 0.48556567917761456199 -0.84565162335238885927 -0.11527363165241553966 -0.87417177900680931302 -0.47173688708161182204
-5.6660710411773633766 3.2028517636416036218 3.6907815252480351553 -0.58251274402073360825 -0.00061048675887509680493 -0.81282133975400316928 0.76940235688946090331 0.32204864768572655231 -0.55163818009336973436 0.26210478108259915864 -0.94672292452957451658 -0.18712773152031902946
-7.1614387075724152965 2.82545682090957051 -2.7706132637275064923 -0.32301831829617339009 0.0046665507510405494079 0.94638120720402285624 -0.16897701394198313962 -0.98420353350443134932 -0.052822091938475868034 0.93118523119965923573 -0.17697917375104876836 0.31870431006503929794
-0.96955444026907255939 0.67241852467068585764 -8.5095795847682076385 -0.39484264919400213767 -0.001535075209416101108 -0.91874747668844614079 -0.32035933176108255527 0.93746650866484182441 0.13611187929477455705 0.86108604734420424176 0.34807210269675187275 -0.37064353548026046647
7.583888609605037523 -8.2860516316896362099 -3.0279429981984291587 0.92481503500097794745 -0.0039088658555341201928 0.38039699236949736649 -0.31876159609706444797 -0.55371662392788811857 0.76927819755870729956 0.20762513308752902907 -0.83269599563907215067 -0.51333145525754331207
-3.6195731024520543251 -7.1487783526537640455 7.5369014710924675526 0.99686335479840482154 -0.0048067968481061281935 -0.07899586422334460567 -0.078821158777021685382 -0.15008365440595086704 -0.98552631705573012777 -0.0071187631910359979587 0.98866161621870707332 -0.14999177252898795998
5.8908766939424799247 -8.2825172529947153066 -7.5130107141642854529 0.24998366630081600426 -0.0047066379279903473865 0.9682386142591460354 0.85819381254716864404 0.46411633045564959499 -0.21931578126103071225 -0.44834311268093585134 0.88576175090375353083 0.12006070942500193799
3.7265541227013079251 -6.0013154616414592368 -5.9411190319309579166 0.0078300161741138990523 0.0018363779384015710069 0.99996765875838378168 -0.99977135188564392188 -0.019884310326090125914 0.0078649953284001261622 0.019898110346717286928 -0.99980060107948587333 0.0016802635825929265745
0.34003264948182254646 -8.3765874889987266272 6.6351119876310322709 -0.76841542542061636034 -0.00022247740568110730992 0.63995131414760264565 0.089255036060798736974 -0.99026327049581586159 0.10682786923121825873 0.63369651451887909488 0.13920706020335127384 0.76095342950554600847
-4.3692178865706523538 -8.1632326992996926407 -9.1217927631592097271 0.34941914704790827395 -0.016724960833411316175 -0.93681723690461982113 -0.52287522172648492891 0.82619369739740955438 -0.20977482424136884021 0.77750097246301497211 0.56313786062211934613 0.27994282943670750763
-5.7445330995671648466 0.74587782822847104036 -0.085000130618037225694 -0.97106945221008977853 -0.0014376639945418477964 0.23879290631600763595 -0.22426792153507682515 0.34897448333675940013 -0.90990148332094322736 -0.082024498504902204621 -0.93713112375069129723 -0.33920088228497213834
-2.186804010394143738 -3.8420735814745392567 -2.1538642005356809506 -0.7952676134441774014 0.0083920746826091942305 0.60620045866814797897 -0.30730754628330925193 -0.86750711539048530607 -0.39114380570887441468 0.5226007032184784018 -0.49735397638861278402 0.69247926118135239015
4.4486916836599599279 -1.3409422128076191605 4.3416102016249960016 -0.60230242054462235224 -0.0081709647175535297936 -0.79822617693342190481 0.37012134341789204584 -0.88882762517835944838 -0.27017706021496251667 -0.7072778699723699658 -0.4581688423010090716 0.53836727853000276856
3.8162585406795752618 8.5406594130017303712 -5.4035102831386527811 -0.096064534833981446438 0.0026127312752058338974 0.9953716787121897891 -0.36400555351199820331 0.93063859473993670868 -0.037573434665071549221 -0.92642946960899408282 -0.36593029338307964116 -0.088450315008451421694
8.2086936122776403835 -2.8353483243878407905 6.7507018636159985547 -0.99062508254532266605 0.0040177022747157845745 0.13654963896213684338 -0.098438469811168924362 0.67207066255011216338 -0.73391477175496833141 -0.094719657376287264006 -0.74047611886361941469 -0.66537455910089948752
0.15010689543815508573 -5.9553553413046937948 -3.3238991003335902619 0.61750060192697220351 0.015211793133955021917 -0.78642330075451982729 0.005194712647569280084 -0.99987004081470198802 -0.015261600239336403292 -0.7865532541286611723 0.0053388042674569202717 -0.61749937294593859605
3.4477377112265750192 8.4139914863891682728 -2.8164283625601589378 -0.86063100583407059485 0.0078588153170417365118 -0.50916845033726687575 -0.32201988396013386806 0.76617730231260017248 0.55612546763767800595 0.39448379704529318301 0.64258118587694390555 -0.65686524753999431248
3.3643447733931521881 -2.5979271630638742785 4.1389625174994035817 0.21393970643599480308 0.0067058229736076512689 0.97682385000988525281 0.90090574121065858382 -0.38791809341176408665 -0.19464942398414458724 0.3776223609159251593 0.92166945525045806953 -0.089032397442233693341
-4.5889189411548043651 -1.5662586446231865356 0.91316854465447361289 -0.22573074142339302761 -0.0033895804771311333244 0.97418383435599487097 -0.57694053775360154557 0.80623212785141940007 -0.13087922645328203819 -0.78497468002043158108 -0.59158961008851584928 -0.18394696236251525945
-6.8992642353354520779 5.4453570564966389256 6.4338089906124666939 -0.29544955906637232479 0.0012669180205537901307 0.95535750008391773225 0.94962635324078037424 0.10976787342709805329 0.29353160510207637612 -0.10449568066683442846 0.9939564421454237797 -0.033633968543425915576
4.7025177291398172486 -6.0219175062273624377 2.0435157210890273483 -0.28591475050175851891 -0.012607232572547992858 0.95817212082812974749 0.95649371223296941746 0.056843453753093881042 0.28616184271179212484 -0.058073521542184751432 0.99830350067114681512 -0.0041936432130432977836
-1.2160010587302660934 7.6320034038378672392 -0.97307437081332137652 0.18749942315533418835 0.0017553191428546499608 -0.9822631445649746551 -0.71012916792861202619 -0.69065606293139314431 -0.13678730786575299394 -0.67864610156804250352 0.72318125085688844678 -0.12825111007611453284
-1.3919699132240335171 -6.0241445179271924104 2.6931379374070631982 0.26640596548478845396 0.0051996480861258350531 -0.96384688888515668292 0.18611727438066444362 0.98088816763330177739 0.05673414116794302936 0.94572100628629318653 -0.19450286953336912155 0.26034671500156325585
2.9654223141086486493 6.3779942437582937131 4.1619660865220211576 0.95591018664800619931 -0.0079335045131814271174 -0.29355199636319362355 -0.29088411508764555613 0.11152087573260788256 -0.95023656310697834915 0.04027588176944837256 0.99373042309362003 0.10429621069673475353
1.8690595423020366361 2.9352326488978190966 5.2045229747412937726 0.97459872906230349265 -0.0070777492153634800204 0.22384642676653890292 0.17999810103075003509 -0.56996596548340061616 -0.8017103478288341023 0.13325914953726569756 0.82163781781046307806 -0.55421412415058135537
-5.7403747962055220455 -4.8152169293321431809 -7.0577815339594494048 -0.92953702588534092843 -0.0048732356235500848968 0.36869658132784782767 0.026845957394082416159 -0.99815339210778186718 0.054489452146786451769 0.36775020337158642603 0.060547976004533966832 0.92795136215323470452
-2.9590617611277698629 5.3919632042586025378 -4.1337076164939627887 -0.096713147018309422731 0.0033139754171821024856 -0.9953067792197922703 -0.56753340303269894651 -0.82168055547479401657 0.052410888153011543633 -0.81765053882214988601 0.5699386654033937738 0.081348104109745938972
8.0451754243255297894 -4.2728750049183243931 -3.0083133389018117398 -0.34245790277004828361 0.010769054832757335438 0.93947145368450113434 -0.31586944066172700785 0.94040967923132257056 -0.12592113271247273865 -0.88484409998945179332 -0.33987300961617072925 -0.31864911116786731604
3.2632964060896578751 4.0303534268643650407 -0.25075146892876809535 -0.48264636409003430773 -0.0025872752439321253584 -0.87581150554057118907 -0.38954679385475771136 -0.89500084001570767711 0.21731726063136291849 -0.78441429272288287766 0.44605694970219522677 0.43096103651513806287
-5.5378305156776086449 -5.9377100640823767819 -9.1885129266144609517 0.99842552529660610894 0.0085087458097111746957 -0.055444311532014664556 0.032057826579170209391 -0.89765574754829868809 0.43952981087628273382 -0.046030057479072933324 -0.4406152064313292871 -0.89651518317882838982
2.1820543946792314571 -4.7305615978170347802 -6.1107168658354291679 -0.99221328908771722066 -0.0085689098014582465446 -0.12425523225389098481 -0.12434520538081650365 0.010915790752328060828 0.99217897347740580116 -0.0071455480154589638003 0.9999037050120224146 -0.011896295494482428401
6.7644071363270743547 -5.0187900391011659451 3.5211059174925427584 0.098497421616523070376 0.013001677564859297903 -0.99505236762444815302 0.55489546117486765464 -0.83075184490789610869 0.044072659887590730221 -0.82606857167084535298 -0.55649108578893480281 -0.08904148659507100938
7.1799149295386328617 6.5852156201412235248 6.927030243189665093 0.9839311531601019345 -0.0009945703500528904964 -0.17854550308329619757 -0.02414882760163936451 0.990054715408909769 -0.13859471354367050577 0.17690765943542033356 0.14067932089170365195 0.97412166011582079772
-7.1684029253090386646 8.848627401023319905 7.5877901761443871109 -0.89510969393762429558 0.0064844532676690460476 -0.44579881974370999531 -0.12632799940349037637 0.95522800724221013091 0.26754567973822263038 0.42757440567191906666 0.29579960453959941447 -0.85421468119461385626
-4.6877384242479722687 -8.2783853490057808244 -1.3444818245231320297 0.76683015125610143325 0.011975892451411229711 -0.64173834007675178981 -0.39406260736815040824 0.79799327358516081166 -0.45598398742404971928 0.50664206359000352187 0.60254735358557809377 0.61664455408955332061
-4.7518284123791501017 6.4237773126368216126 5.3610571904234323171 -0.37157360890286528221 -0.0016850912062454275267 0.92840196770263161419 0.079476492437207779673 0.99626973175511424063 0.033617089975537819968 -0.9249954271870778344 0.086277355407808842269 -0.37005361453058016608
1.1635498344099979295 -1.652446391262414771 4.7763129515086868437 -0.56481693273665378729 0.0031342154551705766682 -0.82521028179931443791 0.74562325487591096795 0.43042010723039958453 -0.5087086524523932729 0.35359269545907812127 -0.9026232370071783917 -0.24544550868336714733
2.7119626305670117006 7.3800800937873400898 7.2156771548717468789 -0.57167196998885250192 -0.004348300650297265077 0.82047074963755095567 -0.16657374210380759827 -0.97854589946380177157 -0.12124813847628540531 0.80339551104716611096 -0.20598304523419508349 0.55868294935973261683
-5.2972292241728817785 5.2429244273032828971 -5.7891980834426126634 0.99586876276012825659 0.003260296439771630337 0.090745676622229293207 -0.063913646017629929807 -0.6847111693687550904 0.72600665313360601694 0.064501575261653856797 -0.72880723446505524254 -0.68167408765493908707
-5.8073606679625680016 -2.6579088680025404479 7.7398958642397293062 0.59293864118499661764 -0.00433022863859441106 0.80523600075365064921 0.76148053964670536775 0.32820359018466266354 -0.55895419412473701382 -0.26186094693409378564 0.94459708474567738445 0.19790197563667522029
-7.4018964249000500644 5.1600750186900219418 -9.1409028994802277168 -0.37673694408391023014 -0.0030590857469820378726 -0.92631523627585155012 0.23092599560352078392 -0.9687327519389252739 -0.090719567214405882893 -0.89707438906523584432 -0.24808768070065445599 0.36566383902125487726
5.0772578598932263105 1.8780204606768857722 -6.3386138676562406857 -0.43669322616026134964 -0.0011003826330053256832 0.89960981285432828347 -0.60735953883755622318 -0.73733199047754449662 -0.29572948179280783565 0.66363650955089747985 -0.67552966254373014721 0.32131955778439158511
-1.9506805233141786271 8.4966649867528243334 6.8027202433083555633 -0.98792753276180111932 -0.0027658603111035072984 0.15489202699913662276 -0.10413199001491552087 -0.72841322013754716824 -0.67717849152489795195 0.11469838127323445098 -0.68513249138047438436 0.71933146086335475466
-0.18527156688908894 -2.4688768185020135704 -0.55688544514817950315 0.83727660435660467009 -0.0011454773873961973663 -0.54677836065318807801 -0.10624524394535454774 -0.98127866904816762883 -0.16063661416422983508 -0.53635793639698559065 0.19258987915462158491 -0.82172337347262947027
-0.32952498943918778762 2.7731058295907988764 -8.4104066830912760366 -0.73610269199580513622 0.0031394696628570225097 -0.67686259356436961898 0.42389819865460298676 -0.77746571426610322497 -0.46460454186091343365 -0.52769607163001730488 -0.6289174881258943195 0.57096378967083616374
-2.4397355420972588469 -8.1885440429685285579 -8.282916596431537215 -0.8782526710980802509 0.0068988954364691762802 0.4781471017906324672 0.46695156940502985377 -0.20319515759506606711 0.8606206828564528788 0.10309450780329419695 0.97911395310851756513 0.1752352398607995021
-7.3227726287707701758 4.1148235204941521204 0.42718696741741435385 0.73054166096002604025 -0.0045680527140655770302 -0.68285284981191718412 -0.65032288626792000841 -0.30968463773647403325 -0.69366819787730593649 -0.20830032452741872873 0.95082835361838258237 -0.22920823885146937582
-2.0028178959295752648 -4.5821704618369496487 -0.73027108833145293332 -0.58690726455765673819 0.0096003234890017306175 0.8095972434477575197 -0.013010626612828327109 0.99968875910691845643 -0.021286345637619642768 -0.8095496194824816083 -0.023026478331700857283 -0.58659968879222568194
1.6678832664727294421 -8.0128075786964956251 -8.1647649033025722076 0.97075353174418488322 0.0024166852963680334268 0.24006611639023966998 -0.0079630184710098757261 -0.9990750219856454617 0.042257434627996748322 0.23994618343138460204 -0.04293320482666788257 -0.96983636196002454
7.844209247156917364 -1.5908062006093597329 -2.0734490112139241091 -0.92233695484591959879 0.0048978943416587202714 -0.38635547408634129951 0.32204547736148958492 0.56224985374042457664 -0.76168353827550949742 0.21349766330455843821 -0.8269529083327451513 -0.52016116268287604374
-5.660024123267643148 -7.1942539294335183797 1.1990638486897644555 0.95496771527629642495 -0.0083848319861063811548 -0.29659122942649279731 -0.20042317931937889131 -0.75530778737723847094 -0.62397171051158051291 -0.21878576729679191648 0.6553165959441900057 -0.72297506672673494954
0.82343123062450729321 -1.5104494439332263322 -7.4809516301779988012 -0.13193162883258496842 0.013017658087324412985 -0.99117333796427542492 0.3351479338061759683 -0.94044203529871350788 -0.05696174776984984367 -0.93288257984556255398 -0.33970475242694037066 0.11971120832861896488
2.5839794432423000003 0.32222057259905539928 3.0445283068120954084 0.73825095585594802117 0.0084728868457690075661 -0.67447293227120796999 0.0079303147983517639774 0.99974297002301570902 0.021239208950671502329 0.67447952992313753295 -0.021028648985418722794 0.73799401056984914593
2.7358351737567163653 -0.59594214551664004276 -7.7279875643334969837 -0.95781142082806358662 -0.00024541240574716197131 0.28739732410690971287 0.10328742694335962815 0.9328936249580764839 0.34502346579328085907 -0.26819580452819913319 0.36015194610808271003 -0.89351082038664120244
-6.985680115114122124 6.2860618055142500893 -7.461673112048261558 -0.020246731491103078793 0.010352831217347063797 0.9997414109409663574 0.096741841880777404428 -0.99523393069651078235 0.012265366692481601343 0.99510355536165329138 0.096965159084934818279 0.01914868220506691851
-5.4233152068524166367 -5.9741991987647802276 -7.0008691163708709482 -0.2881268010794386103 0.0095593631597243183817 0.9575445499170475161 0.84390229271515238008 -0.47004514644108752464 0.25862420740789904272 0.45256145091001243053 0.88259060661396471215 0.12736543591948679133
3.650910664308582021 5.9480140259107834311 -7.7054365250995262571 -0.64378139515665866455 0.00099241027999252546914 0.76520881488124525838 0.58099065888036038885 0.65142425547106574957 0.48795111812329805545 -0.49799133480809215646 0.75871302513247063093 -0.41995139712846840663
-1.6075633132387463498 1.7134705506103944384 5.9620343173548473459 -0.56664979713170071651 0.018053527222862370688 0.82376093471664757484 0.25182513065022837928 0.95571690399116371317 0.15228034344114055321 -0.78453305283043139884 0.29373333072764962193 -0.54610312161354079841
-6.8843737423925954744 5.2838858810804216759 -0.35094762656837780179 0.35193180186741557236 -2.6511787345688542228e-05 -0.93602564394959919536 -0.92563346078952191132 0.14858909102029155269 -0.3480287032652307766 0.13909242646912350905 0.98889902483850611326 0.052268686343266354544
5.3891754465426657816 4.1084934236030949961 -5.9671045199041214957 0.66874918990937937124 0.012375943812649472381 -0.74338506644273605328 -0.14102533351181509302 0.98382129324610945176 -0.11048763851111204071 0.72999066864106287866 0.17872464567191720386 0.65967501447763154943
-1.1107006016551479455 4.0090168947274973377 -1.1634303607506502054 -0.29361184875221923996 0.0066676929453907025913 -0.95590147198511299376 0.5402772804515172389 0.82609949117255898621 -0.16018767403381420356 0.788601637393924082 -0.56348484678392074532 -0.24615500186790723047
-1.0983757145166819225 5.0675032537396225152 1.1137943127346725536 -0.93831277591743444955 -0.0032621497820141650073 0.34577231371078215316 -0.15262033849861983414 -0.89337823065091681585 -0.42259007238135837259 0.31028400994349958353 -0.44929355145332944277 0.8377703371424399803
6.4971284444329642227 -2.5814723073612029225 -8.0259034135437481439 0.049470639496256053891 -0.0089299312598492587567 0.99873565679593312439 -0.55638571901277000809 0.8301874222755941668 0.034982503830657783739 -0.82945017180439750692 -0.55741286334589912332 0.036101416456958274059
-7.5247672821295363832 -8.088258541497667764 1.0529185191402634647 -0.91538948191781877028 0.011513366259547522935 0.40240469529054517794 -0.26880852912469332949 -0.76157822164174460156 -0.58969533404206786464 0.29967327385731223899 -0.64797072057179050386 0.70023558479775327434
-7.7978143276965106168 6.3531271565173419447 6.360064791651613092 -0.24234812850440484722 -0.010219139556155181284 0.97013553372563998689 -0.83268194985329990754 -0.51098330540972092262 -0.21339360810774382626 0.49790376078002357429 -0.85952988940434726928 0.11532655471160123406
8.2151758859350074715 -3.1533606587305196278 -4.0574240858892718364 -0.13348192317742452184 -0.0043177995716106318605 0.99104184209930301641 0.044528779959596871685 -0.99900674756926899356 0.0016450125613578776666 0.99005038454626770328 0.044349463557993774876 0.13354160827993361016
-7.987677557983786869 4.0285949610626632378 4.8364170611851555748 -0.50851752120232163179 0.000153619618851320687 0.86105162855165451319 0.83577936084397641547 -0.2404104061261083114 0.49363518575329484728 0.20708160376464393448 0.97067132080200324573 0.12212451168780578958
-5.7035325127786489219 4.246533194062287464 -8.5371016887231050418 0.77449263602678231067 0.00040535492098048357635 0.63258279491909397141 -0.61741292759818333646 -0.21720110203183226605 0.756058832440107631 0.13770415235105396001 -0.97612679348721775874 -0.16797038269204794814
4.209208016609902181 2.0001405133872585118 6.2396370346605083412 -0.1703447003912375024 0.012215101298754126383 0.98530882181624013239 0.75458227443385783584 -0.6414428149978449456 0.13840775338844402143 0.63370992903614908887 0.76707359906844219122 0.1000490852182788909
-1.6769686634893186117 7.5356038915481917684 2.6810568864518224963 -0.8496607092562247221 -0.0056502873610200839843 -0.52729949118029839639 0.083670935650374630987 0.9858306103842741086 -0.14538632039129420481 0.52064945373421489538 -0.1676486858946444336 -0.83714877079530358728
1.5741986679051893638 -8.3450239996433630552 -4.8286651775445257329 0.2273576210647769158 -0.0011822218971518439271 -0.97381061531225276973 0.84055481847850344046 -0.50469218814867189415 0.19685881324926449154 -0.49170734108431368714 -0.8632985564523792954 -0.11375189295525388322
-1.4017254073327765074 8.6765390897586325281 2.147162039305679837 0.39602274045512420031 -0.00018647563292407227584 -0.91824068428132987751 -0.25283727641921288631 0.96132197682410336359 -0.10923995847477611931 0.88274532040393594023 0.27542698143348193218 0.38065821573034364089
4.0378130106907557106 -6.046107090970231468 -8.6410357727643685166 0.66447987619599857556 -0.011607279334223404021 -0.74721600973003532431 0.43661578621627156194 -0.80544379431659074431 0.40078292057324854669 -0.60649249736250432363 -0.59255849100572210997 -0.53013327133807397473
-6.1336598166090965378 -0.32258617431602387704 3.1781141539990338529 -0.9043331056603297613 0.005525728052357372494 -0.42679163573862122227 0.13764146975075303159 0.95027381049474635155 -0.27934657845157978562 0.4040253207556274706 -0.31136658686700241505 -0.86012463560287610864
-8.5998392677148238761 2.9226662916284626981 -4.8912954095042184832 -0.67452609145460828977 0.0056569347227318298593 -0.73822933498767262517 0.35744225458752204583 -0.87244329396335196236 -0.33328326308652617138 -0.64594859438069918145 -0.48868261469777141137 0.58646373759153691552
0.88813203191327971808 -7.5605493602191877756 3.3451094371436602692 -0.84073431100239059965 -0.00098709633510494620284 0.54144699089020242866 0.48066052024428707057 0.45899956098601862875 0.74718462731304524649 -0.24926147432313613961 0.8884359451616834491 -0.3854222214179832684
-0.38498090885270502826 2.8869475379634081946 -0.35005846719854799565 0.41452800937085448885 -0.00052245661299345951337 -0.91003640393461437963 0.18085262108716640417 -0.98000658609105417707 0.082942273082787704164 -0.89188500317753294233 -0.19896436429003552804 -0.40614569165479541546
-4.8960424605153010091 -4.8556769385650140336 0.35432113947221888228 0.15460351822389598042 -0.00032734990869127608693 0.98797654071083562677 0.0087087480480534940064 0.99996154615166932267 -0.0010314675752776027856 -0.98793821155994410166 0.0087635072866301729627 0.15460042393160400298
-7.4752261269931521426 -7.0565885188159827024 -8.9612089148729356936 0.94044455887409306172 0.0030889608603092907901 -0.33993306694824221292 0.24298258310994075293 0.69322696743996436997 0.67852474967305398401 0.23774670552757259934 -0.72071272358309346195 0.65119096590478686704
-2.6033630193521100082 -5.8083804947030612809 0.51330877262171059616 -0.38172357940504808571 0.0014436347243005549258 -0.92427540530135487984 0.90176536037868104678 -0.21877554183135028421 -0.37276869117149902255 -0.20274699442284732642 -0.97577414303484932834 0.082209963126610899331
-0.84557558994147896669 -5.9523163431514998223 -8.4448637427578923109 0.84384092028583801426 0.0069220951972450307094 0.53654877303819781265 0.30857767619273157589 -0.82429754512603448102 -0.47467186018849866214 0.4389901126521980057 0.56611451288359870837 -0.69771200311886760748
4.4007859433381089076 3.8968448853453523384 -6.7855645696918145404 -0.80933777573527443394 -0.01083344978004414233 0.58724356201989080795 0.37137952127336515407 -0.78402782101910117873 0.49737071390152626238 0.45502704968670820707 0.62063114023867438362 0.63856665417124935935
-7.7310685274109669507 -8.1614912637819188035 -8.2521093872754818221 -0.98335024916425139985 3.7302742681461376756e-05 -0.18172035130100683276 0.14710669526934450069 0.58725240827930991205 -0.79592350711401638197 0.10668602380509392691 -0.80940385937947834094 -0.57748028948705110164
-4.0661679812439288639 4.0425093721426232918 2.4835886513628468997 -0.78437701314428665 0.0014315419383807018519 -0.62028271936148027255 0.40527663630625038182 -0.75585195185979547894 -0.51423601092677106994 -0.469578054550059798 -0.65474100036379445644 0.59229272587753567514
-6.3682062307577300686 3.0852820439919046436 4.9596758852204771983 0.4852694934194113352 0.0054562027540696611538 0.87434761314243680808 0.7628425235004557825 -0.49132948967314188371 -0.42031728124949452319 0.42729943025467975737 0.8709566937737668324 -0.24258943603335600403
-0.7681688747773469661 7.7689416613220716457 -5.6062413048477903743 0.82517845035767722894 -0.004351516811859135192 -0.56485537030900012656 0.52283088870048555208 -0.37267211428752594626 0.76665726178851956174 -0.2138419670834242059 -0.92795288648402096676 -0.30524589035725513408
-7.8393308804539438839 8.6548448879009072243 4.7781925128811968406 -0.94975811464796122685 0.008495674248296621045 -0.31286953699497699333 0.2654702717764694242 -0.50763221868911800883 -0.81965545526872474191 -0.16578618296886876715 -0.86153198087331417376 0.47987247000502852856
-5.9340180020644366365 7.6203747547658267081 -4.2226443076680597599 0.79821394603741047113 0.0016569629285951223419 -0.60237177127185870251 -0.23486790611268737461 -0.91999603117709860545 -0.3137584569323256245 -0.554699524994931914 0.39192417263059725618 -0.73396449497109117477
3.9374037837187798594 3.9573067402359489719 -8.2860952205587405928 -0.74995276170363533996 -0.0060199554896049793998 0.66146399399300159772 -0.18849650171436388435 0.96044548322330336454 -0.20497205320956601859 -0.63406618270844772312 -0.27840300625431935178 -0.7214234831594367181
-1.5287959103505455172 -1.6413584977597333037 8.1510993439705643482 -0.30855608637459847055 -0.017914199818918310342 0.95103744563823733316 0.6912136000472012265 -0.69108689086933483559 0.21124078294245818288 0.6534653018110259115 0.72254964584655778648 0.22562160494036578862
-0.61138396552317320065 -8.2200191123261756587 -5.5623463058469528875 -0.93617432223521923618 0.0033998454705469263737 0.35151967148128143714 -0.016590751116964591594 -0.9992662866498543961 -0.034520071586815109788 0.3511443938965887468 -0.038148780003365190261 0.93554384462688089386
-8.5945541545077208667 3.9801210160006235128 -8.3148173335809723028 0.74246747729492879042 0.0059848963990378556757 0.66985537705867559399 0.048211064040390549934 0.99688962556468840859 -0.062343947150837589199 -0.66814499808310423568 0.078582793646902723839 0.73986958721075013479
-7.5245266367252696682 -4.7452484008686202088 -4.7728042997363875344 0.074160531901670337374 -0.0043762204040826060275 0.99723671422747606208 -0.69948557483668860613 0.71251595727391880963 0.055144729805152198354 -0.71078839755803269185 -0.70164225879375052841 0.049779459334735917664
-8.2274210250209094397 0.81705402393149439977 6.9141915615323314981 0.99596345062642632762 -0.0088228421238170390978 0.089325038334346698599 0.026554502421550090635 0.97957363434669220137 -0.19932474330633176418 -0.08574184169774043407 0.20089214108527181368 0.97585382318903646226
-4.6805594158461367726 2.0902632832783605288 5.2927805731123171995 0.99892970524016433398 0.0051491390295013723249 0.045966622197005438388 0.0342979270397200664 0.58431199017180424082 -0.8108040147546407006 -0.031033791095139741378 0.81151277532060095421 0.5835099993157134568
-6.1670743685736617579 -6.9850229796225464796 5.5002072507792068023 0.87095185301974531455 0.0076082959287355781883 0.49130945803509251668 0.29618206948608882811 -0.80594818248509825231 -0.51256580930037987098 0.39207021238104133865 0.59193719344353601386 -0.70419550380673989753
8.2860711322812008461 -7.1525253665928198998 -5.8120906154083140649 0.60788406020109564398 0.0027914374195873894839 -0.79402089218774618562 -0.6747525309772631763 -0.52530748080011813173 -0.5184217130434167764 -0.41855225634676468394 0.85090790247382619427 -0.31744251481882207466
-8.4939199973531582799 -0.39485282368714935686 8.1507553370790475356 0.95133927885200431085 -0.007243678581403473031 -0.30806023052928110939 -0.30482740741794478456 -0.16843516028045943389 -0.93739524666377038731 -0.045097984434769027018 0.98568611936156069753 -0.16244705567648781708
-6.0705799391487902383 -7.9921881723682854926 -3.8159264042936125172 -0.52822122822562900257 0.00086530968894343819262 0.84910634510094662453 -0.25350714354433112607 0.95423045995585653589 -0.15867689644170457353 -0.81038044289311939039 -0.29907102924129452814 -0.50382542338081681699
3.3972501520548306075 3.9869494925193431634 -4.2643269960683056752 -0.15049209017192238802 -0.0050411327228451312255 -0.98859836019300340038 0.92569152244345420666 0.35033019205802551355 -0.14270235390075708404 0.34705523490073864057 -0.93661269664315682792 -0.048055389028255950101
