1125 17.292696884352682929 17.968806560800352656 18.477561601407678893
-7.2190012389390290082 4.0446164507622244244 -4.0741782716787104945 0.92708878253758408849 0.0010329981714568186105 0.37484039564564874958 -0.33608122506330906365 -0.44055947173458248622 0.83244024531794091892 0.16599939594156318257 -0.8977228329390607442 -0.40809057299486278803
0.78181160283442552306 0.089697844717261235314 1.2799699004725590967 0.58799980063266910069 0.0018181464530826092763 0.80885902900289419204 0.56095511765236838464 -0.72135956180144589212 -0.40616466928699551664 0.58273972786789440814 0.69255835634324203198 -0.42517917708131436338
1.5780836171779004662 7.83844924801239884 6.7305246601365258385 -0.5635192562459837573 -0.0051912540713272637208 -0.82608661696049712209 0.060002274487268948688 0.9970818426022485248 -0.047196675828541305442 0.82392097612380066352 -0.076163311601411085028 -0.56156333130788860242
-1.0439039612771483512 5.6126113931020613634 -9.0256506180283100349 0.95477313480259928813 0.0030985970337627896827 -0.29731912107350211283 0.050800115011379105845 -0.98694327595867614722 0.15284736947386867723 -0.29296349495176809974 -0.16103840764426063936 -0.94246433454489908499
-7.2140478632385738322 5.2843039787073990965 -6.7430782949684182626 0.97145854478359083828 -0.0026446221311222225733 0.23719464947767246454 0.037962684514737658759 0.98878271899682046442 -0.14445611512975797819 -0.23415193860277186411 0.14933767303560976925 0.96066181825916685533
-8.0121180906656324083 7.6718793245979837181 -3.4154283175919473159 -0.67619238372769019385 0.0015564971690891302863 0.73672344709865755785 -0.59348909617117051596 -0.5936400596283352149 -0.54347232894643537904 0.43650263792371962746 -0.80472918234704127194 0.40233865109426664164
-4.2612432599400280608 2.2230536612174027766 3.5363536198416900547 0.65176325329383810736 0.0010227817407886764453 -0.75842179265454368053 0.25661049592988605106 -0.94131770189989283359 0.21925336364195796568 -0.71369161059563512861 -0.33752027792020711239 -0.61377874430320245036
-5.4375055111969459176 -5.0006070173381367283 4.4730668994849454023 -0.6815205495776728295 -0.011045752202000063205 0.7317156085951759259 -0.21976930544233366782 0.95682109126526360132 -0.19024944597912041289 -0.69801947887482185262 -0.29046753806272085363 -0.65452075325621084101
-2.7171997771480316253 -4.4174607232237095289 8.0302156407490627998 -0.81788496983102987326 -0.0074972170096825468955 -0.5753329191533631537 0.021115281058820708354 0.99885047962094863916 -0.043033292539927263387 0.5749941921709387227 -0.047344599461032137178 -0.81678648854628599363
3.2719999713862470969 -7.8416344755668028199 7.9735670323676322013 0.6876702764165184556 0.0040908662195193838673 0.72601160854828794555 -0.47994308946244257363 -0.74776183127729023425 0.458810281665771591 0.54476070141909116451 -0.66395444760816246799 -0.51225020223612138803
-4.388533813871933198 4.4741876607150148359 8.2566263510366919576 -0.79177410371848688797 0.0070140229835098126185 0.61077374875037382385 0.13617220675582344946 0.97679582603775583216 0.16530893606326280132 -0.59544176775598067763 0.21405774388398421393 -0.77435675466487241536
-6.0807734617638589114 6.6964180594204716357 -3.2180500058783931827 0.29094646341463331618 -0.0041798062200459540003 -0.95673020473178715939 -0.74393171137473335097 0.62780214633548592218 -0.22897614257321632913 0.60159435189976173675 0.77836173741805492199 0.17954732380605634146
2.9676795981552643866 2.2792157228002527525 1.4259649385866290938 0.81983778014692609837 -0.010899897909908581178 0.57249210166559461044 0.43551508613795819613 0.66097603599946397335 -0.61109515591364027554 -0.37174268518714403964 0.75032784305281730042 0.54664019606124969464
3.2991644367345820399 5.564872120813157963 -1.7350314612999886421 0.9926630745966464886 0.0010976327482791307932 -0.12090829390426516277 0.012747111502279025869 0.99343643354620947417 0.11367305595911621208 0.12023947555106906382 -0.11438027673110125193 0.98613367289343079047
5.7742527867737818426 3.2486535808446443951 3.6918858516167887274 0.82892878778084955194 -0.0029595248786132236779 0.55934632027082964445 0.13573791400372969829 -0.96903126059169542028 -0.20628532351644832121 0.54263457638644252423 0.24692034587857961125 -0.80285618843033712544
-2.4445801489980123478 6.5594333914314768563 5.3740085740343488396 -0.99969999297600731225 0.0044953803139146679066 -0.024077283885796205154 -0.01847832956150158995 0.50681812128499792447 0.86185494329009915138 0.016077169530266666175 0.86204128874019314566 -0.50658300516973708838
-6.0800767803151458679 3.2349787318942628822 -2.132013795451978222 -0.14542707390700182479 0.0099914222267081919532 0.98931852184047930354 -0.69341368082265208983 0.71222865803551838049 -0.10912289365877111957 -0.70571129608536620204 -0.70187642085653789703 -0.096649140827987117808
7.8206244853638926529 8.9226199197302307198 -8.0149754713225931368 -0.61425537175071887042 0.0075775073634386453172 -0.78907092181736859793 -0.5848190020983529136 0.66697606722536550983 0.46165968042844718333 0.52978964982342802159 0.74504060770592306362 -0.40526216182743768357
0.12492728748859097121 -5.6944149539450110709 -8.0447966255458673857 0.34593699805790284474 -0.00099034771235925571353 -0.93825722090793850505 -0.65687895487344816203 0.71378385308097624939 -0.24294577527659627636 0.66995345511360560042 0.70036535486268047812 0.24627370482695051801
2.2059980386492772375 6.6857384913671564775 5.197047496177893855 0.84155603637397669026 -0.0018464240364530100369 0.54016666720631456577 -0.24444770523693237774 0.89043780967996633002 0.38388256862867403685 -0.48169363401118869827 -0.45510119513231045429 0.74890195963319583505
-7.6487982450569571569 -5.8646188796269393961 -8.4157144315753757979 0.9530207664738518103 0.0058357840107893018539 0.3028487449111497698 0.072127471884767632715 -0.97542777612170872281 -0.20817848440609110217 0.29419219307936439467 0.22024213310598669824 -0.93002384718673669628
-2.3424968426600045746 -1.3759496851755652624 -2.592111588595683358 -0.63205513339617125368 0.0092724729460495619593 -0.7748679433251869364 0.4197125406509638057 0.84466073147042219915 -0.33224935204212369122 0.65141975067388302456 -0.53522170168780391908 -0.53776392448226750798
4.5889010762292565815 -7.700363265180455663 7.7868105148921538117 0.69051108437451014233 -0.00045578523223751069016 0.72332166745920367656 0.61618121257069202734 0.52411245976281795045 -0.58790036808659684731 -0.37883394202591330613 0.85164894280528669057 0.36218630922224048785
-2.9984551222215181099 -5.3783492139547890432 -6.2175708697735823094 0.87290901236183504608 0.00028969915582597867247 0.48788294929417741486 -0.4876000340892869267 -0.033537553204738300427 0.87242274115334272899 0.016615140501344372731 -0.9994374160494045034 -0.029133975126722607557
4.5395703343325060075 -2.2993002798269892573 5.0115713307944176336 -0.97147449362019455688 0.010667066481206400469 0.23690403529285206097 -0.18471380990510330444 0.5924643438859672484 -0.78413443340668409487 -0.14872160796503927638 -0.80552604856493326135 -0.57359364397453793671
-4.0724756045845467156 -7.7539891714818018897 -0.32216147364613928472 0.425950720661543214 -0.009431652689799405534 0.904697202104341347 -0.48356367000375449772 -0.84751207794025174014 0.21883659382809844685 0.76467781491335884425 -0.53069230413996026918 -0.36555918495674877278
2.1333107710599694684 -3.7245587780111284459 3.6361166169223002598 0.45207185651996217857 -0.014045237316408071965 -0.89187093676790374364 -0.66279366700994624129 0.66385511544836517395 -0.34641151924355773062 0.59693851569007350122 0.74772930730413034173 0.29080112015606168763
-5.7063440820511246443 5.5366129633453571302 5.5523947866822984665 -0.71155187279670895073 -0.011982656366972108467 0.70253138596514264069 0.50888727700814351262 0.68064118020265340636 0.5270306661963275463 -0.48448701904063179446 0.73251894156977648276 -0.47821368510588951883
6.557812364949818118 -3.5376271010539084294 6.1236551664503204861 0.38285807142590844165 0.014808972830645210708 -0.92368847100475726108 -0.87514710706412246477 -0.31441390183792150559 -0.36777906319954034586 -0.2958669264059818893 0.94917047607614002391 -0.10741587035587679688
-3.1544774094074532478 -3.2529648875221699456 -0.61496612060016830892 -0.84538753993353532579 0.0076052878961271122571 -0.53409930436334618342 0.53286986647443279619 0.081284682290290136142 -0.84228410042485779563 0.037008279192617982156 -0.99666190858337244673 -0.072769686341403627683
7.3738526599124813998 -7.6727409921983555918 0.62964064209732883981 -0.73269142775360318609 -0.010101635325945683072 -0.68048602385347833899 -0.37454210516986397028 -0.82886135969192198392 0.41558038676610215001 -0.56822661249839689912 0.55936285483881575953 0.60351612528189702012
3.4240019444309353069 5.6450152412842191652 2.6317017388738701555 -0.66397377111552358109 -6.8750503240315105624e-05 -0.74775586025380691435 0.60990080998565843196 0.57850766452309299037 -0.54161783950207642579 0.43261973284795990358 -0.81567694423786807345 -0.38407198464504976876
-5.3265848327181855026 3.1385252265515704018 -4.4651120891264408641 0.43508087133335959784 0.0060654256463578207215 0.90037094911552306709 0.13220400149231223419 -0.98956971562431739198 -0.057217828586761020071 0.89063277358804993078 0.14392702501787557612 -0.43134472766003123523
-0.92263197236372151977 -0.095720321487460055532 -4.7697395454011015659 -0.22028340208272964573 -0.002776050517157273561 0.97543196395773312801 -0.39790229327963388961 0.91326857689699969534 -0.087259792891659929137 -0.89058912399013367978 -0.40734849944033468816 -0.20228250600126024272
3.0090842079140722731 5.4653970956029747086 7.6677686162376774703 0.92059253462940626722 -0.011517434323658554823 -0.39035462580904822794 0.15014297264528989051 0.93317638825909687839 0.32655614549455180828 0.36050863089414159068 -0.359234153584793936 0.8608044783506516584
5.6634173864678913901 -5.8213552006443736175 4.9612727807026040239 -0.3822541606082614507 -0.0013313255826736501708 -0.92405626683124630905 -0.79624593092954909501 0.50791816958922508807 0.32865110752774157055 0.46890742601907675624 0.86140429565508558341 -0.19521389615199266632
6.5631646770866707286 7.9659619165791051287 -0.85215531652921061578 0.44447029317572417373 -0.0093325794189563059805 0.89574497567452826541 0.55535058262634284798 0.78746653616344719495 -0.26736152453045219923 -0.70287402061880321913 0.61628674931747973176 0.35518833561234958163
-7.9434079086659954427 -6.8921509625986789871 -0.50709557221705847674 0.46450927919936807475 -0.0011269854669537816838 0.8855675352232119657 -0.75098707360642258379 -0.53045157594129788148 0.39324234367312665972 0.46930751625538008609 -0.84771448936832261012 -0.24724603070852776976
3.6142350108277279119 -6.9443151718479949608 2.5764404434206702454 -0.89899967558533377954 -0.010643473754830587441 -0.43781993988855721911 -0.42088913976433234287 -0.25531175217225759999 0.87044140597212438237 -0.1210450962484654891 0.96680019945649986468 0.22504545986330881657
-6.5127435559201138915 6.7751256564977353491 1.6114847469684387971 -0.47006116889723492669 0.0051701212347096316829 0.88261869872640741352 0.40868512712218307836 -0.88505296812421119235 0.2228401007073798068 0.782316409366425769 0.4654616133050581972 0.41391608107850919041
6.0422947103679662817 -3.2353305141003088075 -4.7538338169641338737 0.94409259403092671281 0.0016531293891621327841 0.32967626705460423286 0.031790205180774203098 -0.99578400014331402978 -0.086044220687424663452 0.32814410972999408234 0.09171418768284239631 -0.94016485311194120111
7.558889331513325871 2.1207566521830210071 -3.1700577356418633279 -0.87654510520711659272 -0.0064794704515468782083 -0.48127611098009326351 0.45585027525585780639 -0.33213188636994900316 -0.82576566688475139255 -0.15449661836608086229 -0.94321070102008919278 0.29408224766951363005
-3.3600348534992718896 6.332030387424135931 -0.90121193884786721107 -0.5740166098452440524 -0.0093329600338405878379 -0.81879046616266459857 -0.72261781227831800578 -0.46453503416558661332 0.51188934293542365239 -0.38513429995257320027 0.88550556062048935146 0.25990666230446130003
2.9567393292720409725 -1.5644486209683481359 -3.4557034800069592606 0.89147247393916573266 0.0039339977466662616468 -0.45305777983634853978 0.23423476184137051459 0.85195793232909811099 0.46829665585688629026 0.38782844732387233844 -0.52359545949455177372 0.75857556660033920171
0.69020912308425363957 2.1374663361689720809 -7.6117758651393785385 0.7369477375791179119 -0.016714110989645064587 -0.67574305070100382231 0.043480086276023288683 -0.99645177103605231395 0.07206490197311460344 -0.67454986040636877309 -0.082489432612910668086 -0.73360614728400819207
-3.9023916167671615085 8.9583427160906605735 6.0282612734262004395 0.55063099985804697667 -0.01492705822574999508 -0.83461529157329561457 0.67639619118270677411 0.59390135333473037527 0.43562526907930071429 0.48917654742320970662 -0.80439938179970249532 0.33711710133304595427
3.9095375272566714742 -4.3397571466572832932 -1.4708340608844328035 -0.43034601202040517753 -0.0014708232461144443715 0.9026628089256122367 -0.77324938977559221076 0.51653064625115641118 -0.36780629779178969363 -0.46571202598817112994 -0.85626743962525975196 -0.22342421687796268359
0.37886851552822220501 6.5355707463439243199 -5.5900067454745894224 0.99980105049549405916 -0.0059791873775287829318 -0.0190291551749963532 -0.018915406860005756773 0.018537080619169057222 -0.99964923049311404935 0.006329835044495388946 0.99981029498630225039 0.018420293914017987075
-3.3539405043698207187 7.6833847448308452144 -5.2069771443691532653 -0.084882089951328051902 -0.017896492906003248075 -0.99623026773291434299 -0.55105748126426346012 -0.83216819184839574408 0.061901153610956258233 -0.83013895412046656563 0.55423444138502953038 0.060774179010859429029
2.6951791809570582181 -0.064286103353374493552 0.16340332144665259406 -0.91135715744823930784 -0.01044054763334991906 0.41148405380108810103 0.33308382804798991605 -0.60603760669740225353 0.72233896666389219021 0.24183319677102302347 0.7953674711938322206 0.5557942881194488649
-4.0081455329779656083 8.8448612490501208327 -5.1124840829616404747 0.17846345128044738271 0.0066881667104992459719 0.98392381055812128121 -0.22897276695588153483 0.97280634353144534998 0.034918332973563573352 -0.95693378483024782444 -0.23152340359266432301 0.17514178553175038799
-3.5070982167785955674 4.255393600297051826 -2.4167452024554854084 -0.99801997934631780929 0.0070729386018385988905 0.062498754909146435332 0.04683726156001218055 -0.57964096842937262721 0.81352481132861353963 0.041980849862815347584 0.81484128593110161098 0.5781619902648863496
-3.3990723911990259332 -5.5976970047245924178 -1.3650968549595545731 -0.97830090040014572317 0.0028042473282746454774 -0.20717018239411774672 -0.15256401903102217998 -0.68628742598262182373 0.71114962492803823757 -0.14018405177988771393 0.72732503403586923341 0.6718234340149663586
-7.7532362398802856518 -1.3706410979092082947 -3.68150710638423595 -0.73307164377059819138 -0.0038118883256136161866 0.6801407461746011851 -0.49399666470014208519 -0.68437888449152839421 -0.53627682937756981918 0.46751819254926907377 -0.72911659696475261683 0.49981569369696460248
-6.7224604207581402093 7.6942727677916371576 -6.0580491863285335086 -0.49506217568352389735 -0.0014487296010085980863 -0.86885634220506580139 0.84740003608010050495 0.22006238967981903154 -0.48320360460113559453 0.1919026343197419715 -0.97548472352532289431 -0.10771691190483985434
-0.94409931343536701576 1.0643502830044888618 7.4961424010400099505 0.93729788771031929961 -0.0029384863461812777904 -0.34851690775613530793 -0.21550640547481830778 0.78100366677951515992 -0.58616572884786433129 0.27391542288308068365 0.62451952553496081766 0.73139982453638374693
5.6969744660572700923 -4.4088741726815481314 -0.63830280677331530104 -0.97938491137841598988 -0.0029776647660050576533 0.20198101117898847878 -0.15907327270414065024 0.62764205422252783428 -0.76207686336930768878 -0.12450256734527495595 -0.7784963617666946778 -0.61517682453133371023
5.6600322361493180523 8.8689174179583769586 3.4851867487481391628 0.20625574258871620659 0.0032874554731270435107 0.97849259643885111437 0.95882927747849966416 -0.20017239094975800007 -0.20143840386457992353 0.1952049827728162823 0.97975517683653268186 -0.044438813697206348829
7.4889885704000471733 -3.5467124735967145988 2.2563608786940370088 0.77594564919624875454 0.0037045506725173222434 -0.63078889162509721444 -0.6307243121566616928 -0.010910373705644439701 -0.77593028411063091898 -0.0097566155929243725264 0.99993361782149148276 -0.0061293068332951908261
6.9773891876819762459 -4.7047356683331988947 8.1140683173611556356 0.91934895261834326252 0.006556345454041867353 0.39338850727203583668 -0.10090363854094677731 0.97034884551002054121 0.2196396452072496841 -0.38028405047899410674 -0.24161980951880085433 0.89275075390590408198
-4.5478714745085593307 4.3205246536613417518 3.0960197287133737198 0.544217771812111617 -0.01217182767517994979 -0.83885568690644818357 -0.2053564352569129392 0.96754394826588607792 -0.14726657011156757404 0.81342224664857254446 0.25240949820657049285 0.52405504851372619601
8.1773053687476657814 -8.9523571899993363843 -0.14668704332902479659 0.97831275264754746779 -0.0035897031219248123381 0.20710208120309145374 -0.0081090161750351948122 0.99841957334951947356 0.05561114464869917895 -0.20697439905404205196 -0.056084486125419344416 0.97673749214008398489
0.237516311432645566 4.3929700791854440212 -6.4957525483258677923 -0.043609589450725176618 0.00018185968898911221772 0.9990486327674805711 -0.077210393775883345846 -0.99700972234325524468 -0.0031888314456226841964 0.99606062004332185378 -0.07727600196743329708 0.043493226128052925317
7.5395632267745531507 -6.2855792820608735738 -7.8438362395398195659 0.8366722003632625082 -0.0017329347870942615056 0.54770121971378771253 0.46009595194707281207 0.54473786531032630798 -0.70112222408009161612 -0.29713859416274435166 0.83860458801161275044 0.45656434467091694396
-7.3656319467275377377 7.9232170561347290416 -2.0224381689614849833 0.50235089085180129054 -0.00071789446737283157951 -0.86466355716429577072 -0.75382273960357371045 -0.49020733353707790503 -0.43754776585289051338 -0.42355030364390783282 0.87160556146326872984 -0.24679725587865658509
1.0563093847832651928 5.3901516288360635798 -5.2775883958940008611 0.9436371740771455352 0.0018866018158036415575 -0.33097632004925553462 0.10848443796518449089 -0.94650667283735323565 0.30390170284772238807 -0.31269795397331551223 -0.32267872413281101229 -0.89336354893890013162
-1.8544119120507116527 -2.2527742380014652568 1.7606699299472754472 -0.69795029216610138256 0.0075110004283567358141 0.7161068178266449813 -0.49957087411265516108 -0.72157172962319338083 -0.47933618760417406879 0.51312214082384122182 -0.6922989411236780688 0.50737347655897013787
2.8600935185273970163 -7.6551625912888425773 -6.0382043792582802411 0.39782719252827009049 -0.0081227948193948653482 0.91742440837901262363 -0.87896810393630842029 -0.28998178372297478411 0.37858372570888554343 0.26296120844686776685 -0.95699769347338625725 -0.12250231646385643935
2.1822911178468293869 -1.0391261516089354 -1.9015289836257489586 0.98530747915509686585 -0.0061984243569213571742 0.17067733023519418567 -0.16123429299095035083 0.29582400958016524806 0.94153685967102018761 -0.056326497178607111416 -0.95522234840431485825 0.29047821058423367591
6.3280792735669875171 2.1747858720818649125 -2.1948631912928338039 0.84174364303936133336 -0.0045510559558877179687 0.53985824740592114335 -0.50282466561915073466 0.35745701910327626338 0.78701450757815660797 -0.19655786691818122325 -0.93391850146746924199 0.29859879030080421769
3.9603949954982775594 -4.6021905069919535336 -6.5206020602014040932 0.32830001953584125873 -0.0057769814191988722724 0.9445558340610477055 0.93672586253667633471 0.13062482632170907548 -0.32477963791423508644 -0.12150619584192190459 0.99141503984674284045 0.048295580936008525308
-1.5586087689023091496 -3.4170370705486496909 -2.6673428553305544852 -0.92279091036887783694 0.00034349545364878355386 -0.3853009443944661605 -0.38388070778033123176 -0.08660591587954372117 0.91931225246282199937 -0.03305356159934046828 0.9962425896061949393 0.080051013235717782823
-1.3138905451451501349 8.922145883888605411 6.6832465488785830487 -0.9962114077600761064 0.0085652582877400133127 -0.086541709012622314301 -0.011477245990937265038 0.97348405352682998437 0.22846678172858839173 0.086203850684406488347 0.22859447473509059146 -0.96969761381973773595
7.9729970422927474161 5.5381113357784546025 9.0032733703818514925 0.58188783568723201345 0.0057660089541442180461 -0.81324860886473304689 0.77972303400007625385 -0.28819335148487817966 0.55585662037062821828 -0.23116776792894191961 -0.95755487847999765094 -0.172192095550857599
-5.7930911122517896317 -8.7366370721869266447 -7.3232799284907148518 -0.99799940891897387374 0.0046060545043006377586 -0.063055246089930433451 0.0057837271413050794083 0.99981200080365151273 -0.018507067546086924253 0.062958147192541530357 -0.018834736809890683523 -0.99783842599451699762
-3.5578361875882058563 -6.9178880263329576294 -4.0111735954183318498 0.53313601994947790175 -0.0093374408821389927315 0.84597801178877751749 0.53188405225974122459 -0.77391540156792548721 -0.34373580867835212826 0.65792502550388864968 0.63322015398568609612 -0.40763574107541628022
5.1836221339304868749 5.7161276718652827 -4.2017472065315324414 -0.66808308354768519699 -0.006270045381096632682 -0.7440602663816705542 -0.075160764671155941286 -0.99428136054197047144 0.07586458681653363012 -0.74028092838561920797 0.10660798567522387914 0.66379129585969187666
0.31431330680432439939 -7.8622552587734766405 7.8270383688113636111 -0.99913832125785717597 0.0019631979362284193019 0.041457940708627988302 -0.03323835368115487382 -0.63605675510197523526 -0.77092607695797077394 0.024856122757043037225 -0.77163978004203903627 0.63557393198468625783
-3.0168192968998748249 7.8191612614989658425 7.3878668315662237021 -0.99928643000104466765 0.0085897640567444456805 -0.036781065367083864981 0.013712232839408079049 0.989861740700391457 -0.14137082077989987505 0.035193827394131134423 -0.14177429333566493597 -0.98927318990382151487
3.3420453479715015455 3.2866558326811565749 9.206292811401050713 0.75611190497330726945 -0.0076202539151307424614 0.65439798203211441141 0.63341496478528691583 0.25995616083438055632 -0.72884036443528488203 -0.16456083842636204384 0.96559035111914459648 0.20138273084351232534
-7.9549635689071696021 -1.134217510335759016 -6.9969559483513448228 0.62129480544875748116 0.0056242726189251156244 -0.78355671924879477519 -0.081881561111577016998 -0.9940335649505869231 -0.072060264375512064761 -0.77928696554757093118 0.10892951532728563369 -0.61712736612334739839
1.7090706299692381975 3.455388559082378741 -3.4267937228620444223 -0.4105119530463688382 -0.0038731766121999355867 -0.91184699095236243505 -0.90481683242353894148 0.12573686620726262642 0.4068129056943716737 0.11307712487105878174 0.99205606644949206885 -0.055121001910288028314
4.9986770954136536815 2.1876704198314094185 4.6099974167819226523 -0.81204378487871675674 0.0093052764218529114559 -0.5835223245691288918 0.21288687215329693547 0.93569682747661475641 -0.28133721174934012144 0.54338206733796490244 -0.35268237676540420411 -0.7618077644752186961
6.3285909394902342129 -6.952041128470210829 4.696121843683608077 0.53054226426028261443 0.011897801051496379593 0.84757498085045612779 0.41009310615299016112 -0.87869771974691079919 -0.24436440329324529697 0.74185480393350455852 0.47723030042234426684 -0.47106548402443548795
-3.3312728917370129089 1.1284274156553892876 3.4590722652124030745 -0.36407809321610390407 0.00070624496558001868818 0.93136815666960803828 -0.74946936181119649945 0.59346341750067654885 -0.29342264363002340533 -0.55294015747312419418 -0.80486065458980005083 -0.21553772047347347085
-8.5461519528218392594 0.82864796692349429463 -6.4363553674434470508 -0.99364025812183875974 -0.00085655101187313452057 -0.11259797404863564063 -0.11260106367862543486 0.0092873815917859890712 0.99359687247960737366 0.00019467394484212554337 0.99995650448567974244 -0.0093247647972466273653
-1.0002488299889655821 -7.9302933944189160087 -4.2804104353608529721 0.92482195789967835964 -0.010735809559147718381 -0.38024871936621651436 0.3794916907997754052 0.095084190382365041394 0.92029617697423293787 0.02627551713096510505 -0.9954113416736932729 0.092010097636258031395
-1.8211625658834340591 8.2973081767732850267 0.19852831966555190002 0.99952821134912150924 0.002580515234758864497 0.030605484124624202091 0.018118069998281919469 0.7550872494654606859 -0.65537392474405697929 -0.024801013223470929486 0.65561923906795327444 0.75468425391509397215
2.1302797249213889508 -6.9746809547758843451 -1.1626022482936839708 -0.18862738149351751527 -0.014048626287383379069 -0.98194824051484341787 0.12828143875380459971 -0.99168270098283473057 -0.010454331298755729224 -0.97363421438535924235 -0.12793770621331568282 0.18886068915158013559
4.5483429161813981878 6.7762574263846655498 2.7186881297598870511 -0.51776262606750278472 -0.020016941626066771243 -0.85529011750164185557 0.84546958220416246199 -0.16479372789963644963 -0.50796083787295420731 -0.13077862445870527819 -0.9861249156637604818 0.10224774859038388009
-0.68138894479531997295 -2.2636970889806438123 5.4768984125105681926 0.98805363143207525223 0.0013346138730544756211 0.15410464048685429406 0.014734784523272981271 -0.99619948178977346664 -0.085845667373364686892 0.15340439217586449017 0.087090822062577552543 -0.98431818086111100286
7.4209916175949670603 -6.5192149605024241055 -0.98914152368844021623 -0.31056191922362763602 -0.008742855774953777262 0.95051294404714170572 0.6423495148871508631 0.73515667122449190884 0.21663741477035508565 -0.70066996157433258929 0.67784085980929809079 -0.22269569757964494117
3.2980106159011413069 -1.3657415356689819319 -9.0372069418747518199 0.91588736253990088443 -0.024189884902017098206 0.40070586295680626909 -0.27034951586089289721 0.7007148328306489482 0.66023470245447812843 -0.29675154323674879375 -0.71303125634138897482 0.63523613646188326065
-5.6050497399905534479 4.224766647280434384 -5.7988681851014955981 0.67700203737801256665 -3.643437761892322907e-05 -0.735981141102669989 0.73203762537959227163 0.10341438886450732282 0.67336942253444742601 0.076086506127110556386 -0.99463835782097675953 0.07003842329074982942
3.4245808874258796273 -2.4635565121855642623 -6.5261758181025069092 -0.014860554864969462152 -0.0066310049287100318594 -0.99986758807479758637 0.96927156071615494515 -0.2456611476159993035 -0.012776624703878190423 -0.2455438972889578686 -0.96933308533524387141 0.010077905458693858787
-4.009361496682225301 7.2443120576649286946 -0.79695723461314271763 0.56860912375312022693 -0.0038127479124102246419 0.82259900762077675651 0.78562980159481754505 0.29896570986649723123 -0.54166901256256194674 -0.2438636488517206824 0.95425623774615431216 0.17299003870531604043
-4.7419646171614378005 -4.6891165269577745889 -5.2430597447292015545 0.78647574046476265153 -0.0047749109550998440968 0.6176027120131054593 0.5544362308223874658 0.4460599095282366533 -0.7025888008382801253 -0.272133010883000237 0.89499036717551805342 0.35346268127026148065
1.6712500265825804835 4.301208629810838957 -6.1487162424259995674 0.060200598294102500296 -0.0004977204245631226126 -0.99818617513942375918 0.87024609662670204813 -0.48978710667556329961 0.052728753450702797734 -0.48892496282257236206 -0.87184192512668490238 -0.029052337601932633204
-4.5018629609922831136 -0.028748602235801470201 8.8180546836589712711 0.39218067292743180596 -0.0048040171531315211881 -0.9198756661642398802 -0.82263344242541069917 0.44567926361203913377 -0.35304987379912944334 0.4116655671603731137 0.89517982294362530293 0.1708348483450289057
2.0587682424993749564 2.1048412516694998686 -7.1359395248761234853 0.78629143716649863016 -0.0095380790772836218649 -0.61778216297169785687 -0.57148936407557182626 -0.39125650507883602547 -0.72133089077198853101 -0.23483117890731361466 0.92023223823163557977 -0.31309255042542355474
1.2861935866407074869 2.9124583602075713173 -0.11014242805776723599 -0.1552322615608821843 0.0054798285009119793859 0.98786280244270019413 0.48523213720323721265 0.87146409724948015185 0.071414986036390640245 -0.86049562346108843247 0.4904286886844440585 -0.13793833158032642316
5.4870914271350290647 -0.26179768368162592562 -7.0086036465441878818 -0.91870417669055637333 0.0011455373645037798813 -0.39494470939074127758 0.0049892611122909456822 0.99994965985378780893 -0.0087054598854361849025 0.39491485538664372612 -0.009968224636724342877 -0.91866364437290515266
-6.2920065152572695055 7.8974431321094984426 -0.46359539051836684553 -0.12450087727766517842 -0.0046693945219532665206 -0.99220851050167613305 0.95352346448680491697 -0.27710651197081115349 -0.11834265374831863527 -0.27439485095382520896 -0.96082786063795733167 0.038952381081342725422
1.368865665059802561 -2.1386070207209217919 -1.7785112001137808324 0.93474855543683699199 0.0094804330133052092805 0.35518341669998843013 0.22242216704004169614 -0.7951625755362178305 -0.5641319509440536617 0.27708034523921881709 0.60632219145994503684 -0.74538572727497076631
-8.3170330386278248369 -6.7751359488591118563 1.1341324428682642012 0.47745464529912545748 0.00050176288166501855151 0.87865625241989397942 0.25535057310986047918 0.95676073159290186965 -0.13930178496511166908 -0.84073369534876873921 0.29087566195186520535 0.45668173029906555804
8.0586127957330546678 4.5727242875281381984 -2.4665952503990582478 -0.50143623899744038663 0.0074312308326459127622 0.86516268702972842775 0.74936344864827486578 0.50354575680576341146 0.42999545652610199342 -0.43245360450589759305 0.86393659930078936515 -0.2580647832201040659
-7.6253435215963643046 8.6203120558911763283 6.7815318480929365208 -0.83382957751416975078 -0.0059341819124520325118 -0.55199005529769462619 -0.09213584982780274879 -0.98441974105318319488 0.14976234039733352099 -0.544278624271814504 0.17573434186243233612 0.82029154588543029547
-1.4606945585748078997 4.547300477023197729 4.2590954209396603147 0.53597043025235668878 -0.004451239489221586916 -0.84422501998122811973 -0.073259158676518845721 -0.99645925470469043361 -0.041255901196256140884 -0.84105219431681110809 0.083959157812063062165 -0.53439878953320940624
-2.043584729223037133 2.2724931575259024186 4.2973664801908464383 -0.89851110914948562058 -0.0022699401105891079886 -0.43894491010472119763 0.057051237363114105927 -0.99210833740673232128 -0.11165215252368121401 -0.4352274612777737306 -0.12536304965878500295 0.8915498655319504806
6.1634697586801756586 3.4377485270734147171 -1.959484582052688495 0.090553698479246602648 0.0046301192738798764917 0.99588081098453873352 -0.86198430917584767386 0.5011982378974176866 0.076048517824766501128 -0.49878159391311277515 -0.86532010743077381054 0.04937644427642873951
-4.7151511930748624124 5.6272405641744338567 6.3598096859170176742 -0.60878521478264657762 -0.00051573440291293425053 0.79333492062316812721 -0.77981903552201925489 0.18419253733084040014 -0.59829372471172215242 -0.14581781132592272487 -0.98289004634781729219 -0.11253587290514981134
5.0204334735373405962 -6.8709436643066883477 5.092255296751328153 0.56061247097210686885 0.00052158983010235169392 0.82807812755455345588 0.3402018456946798719 0.911565385251150051 -0.23089229653143741872 -0.75496778843633627343 0.41115480826035522011 0.51085747725544550235
4.8961338164655359151 3.307129447544079337 0.7199521041549817868 -0.93186861654770802854 -0.0018496910703221514094 -0.36279120735838066292 0.2256791722267872391 0.78000760394373858109 -0.58365833242799280978 0.28405948798900304553 -0.62576730214387821238 -0.72644717003417447199
3.0507112277325409977 8.7769150943457816538 -3.5996127576532739312 0.40297085950423433554 -0.01263001203773011713 0.91512565759354180805 0.89781718439181645852 -0.18857028170342582385 -0.39795169589864570758 0.17759163775617944903 0.98197847820298833632 -0.064648886648354664253
5.2289727148371305532 -5.5390674510460025104 -8.3662527344266273133 0.28638307670411111694 0.00030336052612162101028 0.95811515036039540671 -0.45019694099148827027 -0.88268888926858335431 0.13484449964203976124 0.84575850436118393816 -0.4699576924939417033 -0.25265058790026667657
-7.7786089411441050601 1.0589725238599609902 -4.1861631496296389798 -0.38225444856861190424 0.011427732192054035343 -0.92398644118089456878 0.15219152436680125073 0.9870469860315996824 -0.050754184819390105177 0.91143802667012352448 -0.16002391790829750828 -0.37904230533939220482
-2.3655774631905215344 6.3551788316144355306 7.0208925217512794248 -0.90321379398719559006 -0.0046107257293976321166 -0.42916614913050199487 -0.26220755196217204741 -0.78570749268630801776 0.56027755231706921624 -0.33978234510530058721 0.6185810190626269689 0.70845287832714887166
-5.7314384551869634876 3.276824418420456464 6.159610343584923875 -0.048823034816896974941 0.0017264622666842059737 0.99880595242485548102 -0.88411347497806302975 0.46519407993580680349 -0.044020805933170641111 -0.46471461633309135708 -0.88520703076782059071 -0.02118579820726815971
-8.042945667648091046 -6.1448782690667815842 4.8897080594480009097 0.99641823683742591911 -0.0054331842213439776254 0.084387071326836704532 -0.044638937953976401407 -0.8813564295276901106 0.47033839876046235062 0.071819652716143503324 -0.47242070725103108009 -0.87844215110851198158
-6.9432142805994434553 -8.3165120261058884665 8.6894075396650674037 0.99824865238614846064 -0.012283126691608255154 -0.057868409410538321214 -0.05873654494841860918 -0.08928472571398723967 -0.99427272719376491583 0.0070460128123421587529 0.99593040045615210953 -0.089849825545716077713
-6.2999764951175514227 -5.7698830123057396335 3.7164313114191629417 0.94998666618828531139 0.00081421890679310004318 -0.31228940281730516171 0.16062698769769964691 -0.85885067491868516409 0.48638923612176282463 -0.26781393706736678073 -0.51222539495773278251 -0.81602747494987126764
1.0998620567540269288 -6.5496981362897024326 -4.4523070865116487482 -0.99855512159654491455 0.0041548307449362758409 -0.053576174875918827767 0.049073617122288852588 0.47675806189844716076 -0.87766367733743066992 0.021896329267367422439 -0.87902473673744496718 -0.47627309704434178661
-0.67963035525166892725 2.2008623466619989806 7.2641590206317534495 -0.851603341103763678 0.0012410867807398308273 0.52418528129339536648 0.22470638064447218119 -0.90259133258969326263 0.36720012095834636545 0.47358081878238456053 0.43049662720831050056 0.76837091436611482109
-3.2964319205281040759 -8.2041698208479409971 -5.2027116972306446385 -0.17524390147464116718 0.0094255904941963359472 -0.98447993033865799362 0.83929131206478435612 0.52416050081405263228 -0.14438096439134628923 0.51466461748218084171 -0.85156733593408706628 -0.099766747374385261748
5.0170932963598691146 5.5377939332619714463 8.0444387480038130889 0.071057086103263417121 0.00068711287132478611646 0.99747201383810002451 -0.72796398289234687251 -0.68361547275851997085 0.052329007409301006581 0.68192325823784116778 -0.72984204680256892228 -0.048075530086875657709
-5.1972472237071247747 3.3568023831759212783 -8.8430583212705542451 0.38550286645022446841 0.0062537098506673270346 0.92268544535596996869 -0.68968536369923094664 -0.66233976569267472012 0.29264335612010139442 0.6129613683241750266 -0.74917749959224799738 -0.25102078608573807905
5.5889250998606829768 3.2547145479294736781 -5.6536746159782795829 -0.1546433400443036621 -0.0037664361076528525205 0.98796318319015541398 0.90430844187988190797 0.40218613265057029382 0.14308234219627907757 -0.39788400234831561297 0.91555017812391070731 -0.058789386904748400231
-4.9987421805350642501 7.6532144454292652114 -7.5273345257887225301 0.43126180291669252709 -0.0041579676577570374649 0.90221725135911701177 0.86328360385315894288 -0.28872181905973992588 -0.41398204129805465934 0.26221112993797196511 0.95740400171684236774 -0.12092518692465291374
2.9601765814504807928 6.6970006861479260962 -0.52955110510855585293 0.65399011089063885382 -0.0015347918083310314267 0.75650153950361187505 -0.24613814972223838073 -0.94601892625140904247 0.2108653656374612495 0.7153411396728710514 -0.32410775305163702642 -0.61906479329974295478
-1.211728820880908275 -3.4400023668881556382 1.4104435558885815016 0.096606054027728247013 -0.0055953344031253295435 0.99530696900919501946 0.11761115483851822261 0.99304259391114657607 -0.0058329182552495119352 -0.98834957711459703322 0.11762269726006610582 0.096592000219972079522
-8.4073397494576749267 -1.3780528099386863961 5.4498957826766423196 0.9927047651179061738 -0.0030989295269832190481 -0.12053068467430323729 -0.087185923835504233748 -0.70895313999612852296 -0.69984574012734102055 -0.083281834737241947075 0.70524878016557079885 -0.70405134335331531759
-1.3948654006832534868 -8.9796563629119372507 -5.8588592270817336782 0.50199888835128014808 -0.0035742221836795075307 0.86486087958117596752 -0.57407219277860443984 -0.74930887267084822501 0.33011714710861800315 0.64686801866565357688 -0.66221102246362018029 -0.37820408267914645828
-6.5535271321408510303 1.0943163954297310259 -4.401623350067937146 -0.28207389977183022767 0.011194312617783438654 -0.9593273697922335419 0.74397030997397062269 -0.628801897283496114 -0.22608925638038629424 -0.60575778405661440118 -0.77748495891445779105 0.16904036712241274354
-6.2441829833447384246 -6.7320931573773563628 0.98572665583668050981 -0.396439754584318238 -0.0040871531619227369908 0.91805164133847072527 -0.86109488655076993346 -0.34511221814446185752 -0.37338070818315494126 0.31835690245582898283 -0.9385525302646515744 0.1332967763769485614
1.4524583609215326874 -3.5953618486470784177 -1.4416979724453544698 0.22932241399851463481 -0.0055943738855615092465 -0.97333444068256635973 0.55191327179271976178 0.82443490755589432517 0.12529494651658132365 0.80174994284821288204 -0.56592913530263189159 0.19214901238012796481
-2.8761114099892486351 1.2299844607333978441 -8.951152433562921118 -0.45121901028591027139 -0.014881175683595839615 0.89228916577923633735 0.20893728087524163217 0.97030944366780014221 0.12183922270549302214 -0.86760971491610328066 0.24140864553549293281 -0.43471283445928243783
-3.8752928646364761534 -6.9553688886583433515 3.0687297626562344277 -0.2792190926701270115 0.0040538965086705670143 -0.96021886266200706661 -0.95513874467648840483 -0.10398610111887154894 0.27730284742824817812 -0.098725258704085161465 0.99457048855131624521 0.032906938427088014421
-0.44409353248905114597 7.7964022184256744907 -7.1284567467164974275 0.1242305787126157246 5.8982478762539987394e-05 0.99225337481602027268 -0.98902151803135840424 0.080652083385246209346 0.12382115455880265964 -0.080019998646326334635 -0.9967423127200769617 0.010077789933932259844
3.5081007394512058184 -1.0670710476287093016 2.3952290036747911905 0.44988284810827106064 0.0093461866300683718589 0.8930386731677761869 -0.86537660366597457529 -0.24259613777519381528 0.43848654228350480988 0.22074591005353200179 -0.97008234842820428856 -0.10105187015948859097
-5.7672990089951037262 7.1002373869286135033 -6.7039481577749269192 0.51850466043062026777 0.00046177416147714922534 0.85507467736803066671 -0.63044127312482467485 0.67577869229927789441 0.38192533324589500454 -0.57766488403971782972 -0.73710443344120402109 0.35068552286716314637
-2.0753079975175721117 5.1747379109564652921 -5.5794741699027046167 -0.94522467085232186879 0.012164939598566855417 0.32619370909995687446 -0.29644936864876031413 0.3862916091301876742 -0.87343950250906621235 -0.13663123156757214782 -0.92229648538845365735 -0.36152607042960832606
-5.8497365326652630557 3.5142167175490288678 2.6281200043661279153 -0.86035759763600561101 -0.0010160140934984893124 0.5096898781665996081 -0.33722673871517744315 0.75096378053937384855 -0.56774248300930829636 -0.3821818034465256364 -0.66034261412807382374 -0.64644002125586441654
