1125 17.292696884352682929 17.968806560800352656 18.477561601407678893
-5.493005345059416733 5.5957625525611742745 -3.5983535137759110611 -0.82950043758483182899 -0.0046940966716007264531 -0.55848633779442025116 0.43300709147832810997 -0.63698184241864885813 -0.63777659972638578445 -0.35275187139982883133 -0.77086451331329752801 0.53040929416679993835
3.6407397631013793671 0.24724526265428209415 3.3555890884936685481 -0.18965903145145082687 -0.0014715379138736887216 0.98184891218819836389 0.85423780016777317581 0.49275302293230860418 0.165747516287193003 -0.48405292329780735816 0.87016796824937514554 -0.092198017763736775376
1.2268219267474689271 7.9837149594912313333 5.7960862068074376907 -0.65444302633173090378 0.0025620121307832911112 -0.75610697747058364104 -0.66174486143258492987 0.48182673132389802761 0.57440120068578304213 0.36578417633015053445 0.87626276714001338775 -0.31363274585271344597
-1.4232018426659336363 5.5009417750710056794 -8.8753092605435011109 -0.94510523892382347633 0.0089581151509893087309 -0.3266432909642738025 0.31094907443786434786 -0.28258306846962411019 -0.90744558102446415404 -0.10043286546376763158 -0.9592010016608968348 0.26428522082705901974
-4.2016799202838779337 5.6623141289613991844 -6.3987320427749168061 0.21384637030014397308 0.0055474494547739453681 0.97685155254730571261 0.83367471580096819128 0.52018472642942248374 -0.18545705331531839311 -0.5091720712531568882 0.85403575814734011828 0.10661484728499098784
-7.4282660540948119987 6.7785622171054269458 -2.359544782231629334 -0.73933904555219431831 -0.003231429262752437935 0.67332557770115175622 0.2714469769705459834 -0.91655860447342429875 0.29366113678755245697 0.61619340666333322076 0.39988733717208424512 0.6785247255286341872
-3.9881096549535342 3.3628632272581651108 7.6639782694878517688 0.67695692893159775672 0.0011653091251832082068 0.73602171056711662711 -0.70295219241769235641 0.29740771826704576197 0.64607032457013879867 -0.21814566589020287224 -0.95474985790524358187 0.20215137220310044897
-3.8407819824541031828 -5.5356252045380180959 4.547764679591807635 0.9174029942189996234 0.00018865439028069438607 0.39795943336942252166 -0.33228184340705246846 -0.54994136043856445273 0.76625927506359625685 0.21899891036265747846 -0.83520324741258644696 -0.50445516428261127917
-3.6463969144583754378 -3.4181663524124057396 9.0602682499983000497 -0.97530489692712207805 -0.0052513103723756827251 0.22080032103526045506 -0.21297683335367256774 -0.24239467045406631884 -0.94651238353764566291 0.058491251350741291226 -0.97016351584412197084 0.23529030162881231503
2.8220069559612923626 -8.1962143378572882568 4.8406394068331080049 0.48000778544147593152 -0.0017448935421446824107 0.87726249279345225318 0.67025053034624781922 -0.6444576326710498293 -0.36801981775814668341 0.56600066474024535168 0.76463802876830566646 -0.30817516524723415072
-2.5374719287351843455 4.4939518738440478174 -7.6518068234992977494 -0.56485312205471760461 -0.0017234177004071590117 -0.8251896632512223384 0.79658308794688303944 -0.26216623938568872632 -0.54472400986486835262 -0.21539808379417868522 -0.96502118772487888165 0.14945826420790214728
-5.5596958639304183691 7.1401967490202560285 -0.030159888977404687715 -0.98622163864466394489 -0.01264077922366404691 -0.16494571885714789938 -0.15890135042276232191 0.34971790045017808746 0.92328097074433956859 0.046013479574483678869 0.93676976936988087807 -0.34690799773455827104
5.0095439830364405509 2.362243544775873616 3.4005745316332225414 -0.8107213577329668297 0.0011472277295542382142 0.58543109243046609347 -0.55579031283696100907 0.31265887297515593257 -0.77028667215974389038 -0.18392391979393055146 -0.94986478670325047435 -0.25284160794685289764
3.0296008303472632406 5.4623965081824934487 -2.0009288154414921479 0.81766605423363258875 -0.021541942712637304758 0.57528963875455596533 -0.52768492882644846276 0.37146114361365373258 0.76391441580481578288 -0.23015394770367397781 -0.9281985582241985 0.29236380909254305882
5.3464730712037971117 3.2866303679818882344 4.2429796834181026099 0.92264480025303508004 -0.00017962465329691198329 -0.38565080098565335254 0.38017237985729335215 0.1683810958355143883 0.9094596022689440673 0.064772943114227751749 -0.9857219558780195845 0.15542423086545575917
-2.3419831020616315165 6.7980919072710612738 3.6902977231861506802 -0.92582876851512929672 0.000236915131706977658 0.37794316406135508579 0.23041704168099907957 -0.79230871565782479138 0.5649379488009743655 0.29958150525780036233 0.61012035121241503521 0.73348761321761291043
-4.724588187888850932 3.1640151404223235687 -2.4149678286821445461 -0.38649953459797542488 -0.0094672589933172193732 0.92224101012837289559 -0.32441379745252851841 0.93744082553392416024 -0.12633442382923473768 -0.86335033316590958918 -0.34801590427590745058 -0.36539175222355968486
-7.6512652131356411189 8.9332476880577278422 -6.7041610141514151877 0.9713637686408480576 0.0020308537087799262422 -0.23758851951482495846 -0.17821036486979865976 -0.65512671371845598856 -0.73420028250162161498 -0.15714163937383154868 0.75551629009934939685 -0.63600443439436427084
-3.9141592482062095293 -4.3716905514534190047 -8.3659752329911132307 0.94306297235138536461 0.0033185597086747634088 -0.33259768090148311703 -0.28944531005795304246 -0.48446280457666884844 -0.82554055228477551953 -0.16387081090006710982 0.87480556590757319047 -0.45591839093401043126
4.4723770622080536441 6.5423784571676568689 4.4026978367468707631 0.18852803329728190507 -0.0044251652502289712254 0.98205783871091234527 0.65354877695637503265 0.74697135144311133104 -0.12209748671566848788 -0.73302876942186201425 0.66484149843096107535 0.14371710115412270059
-8.1056129494708297756 -6.6310799519650984735 -7.9086212241337845441 0.17754567616613001202 0.0091262155959964657431 0.98407024396802911248 0.9820436649710490018 -0.066448970208103544377 -0.17656379710569500285 0.063779095045330080893 0.99774808771910494798 -0.020760069557304000609
-3.1632619418970371328 1.2098836429412116455 0.12886174350835816194 0.35640828938512009172 0.01208220738610540565 -0.93425218839573709317 -0.86792739700412646631 0.37450590188088223043 -0.32626272080373774909 0.34594098454424559996 0.92714580823149073119 0.14396348666075617362
6.4532477143626554295 -7.7977079438900034347 7.4033894332275815842 0.98834550555863309729 -0.0025694805358815104614 0.1522056484235163043 0.04662988775308347239 -0.94668366181706253837 -0.31877217258860129911 0.14490967949181204899 0.32215437637653299152 -0.93553072775367196456
-4.5380817299199662784 -5.7000446420279038406 -5.9857322780772275195 -0.016171775074611868112 0.010003474886969905555 0.9998191857437171981 -0.076411021936374612373 0.99701337095767073038 -0.011211327246249330053 -0.99694524895685121546 -0.076578512796805969787 -0.015359100242414901183
5.3335640713677454627 -2.1901182823488385409 7.5767662819386742967 -0.9808880546454834537 -0.0011984411714009469974 0.19456923701482162214 0.17915940280232359183 0.38450528585747534294 0.90557031396522735811 -0.075898172845252326324 0.92312201191754983398 -0.37694192984117858014
-4.9412606872264808189 -7.6523404606131188999 -0.99175832413165310175 0.27081782202558363215 -0.015968083152196756169 0.96249817017682093301 -0.37738988735118716988 -0.92158268520622887987 0.090896794517424134296 0.88557020060446955956 -0.38785354793914961213 -0.25560720872593012398
4.1185794236287103232 -4.4124845682800062363 4.6087993541338221348 0.41361499996967027171 -0.00053315778994266751697 -0.91045172718975164727 -0.64026898754328354091 -0.71111969589655910085 -0.29045550726122371099 -0.64728529675113766206 0.70307076020190839571 -0.29447113739498281815
-8.5140509356308591293 5.6070719518606715326 4.9068058709945878704 0.88131919644059419916 -0.002118844463820272056 0.47251664995389702772 0.3248785485776478632 -0.72341970176104786194 -0.60919443840026454851 0.34311864224991761585 0.69040527634283999081 -0.63687530313121243353
6.3833919430594496802 -3.5521712397340450273 4.6812086535453838465 0.28305672988511482169 0.0046715390908099018591 -0.95909179143011635826 -0.82417069902952233562 -0.51025772735727581431 -0.24572283274645587148 -0.49053190164099014225 0.86000885367217028143 -0.14058173806640983372
-1.3629106312411087831 -4.4280737728399124364 1.5901574608042363668 -0.96087726359751923777 -0.0061718454163852748059 -0.27690574682687574271 -0.010040972183266706069 -0.9983183229954721849 0.057093824964996202354 -0.276792455061882825 0.057640561201899018218 0.95919940707092510301
6.9151368409000966153 -7.9669663934292440644 2.8272605020325798364 -0.94996249497706808373 0.0075962981974692644904 -0.31227160356081762327 -0.18364360480001504228 -0.82226512403299667486 0.53866046097252329172 -0.25267822334526368611 0.56905391840556107663 0.78251604034323529735
3.7402072707474456337 6.8603076123912911655 1.3151900921322441373 -0.68496373674563526546 0.0010721568757805863964 -0.72857637199062541544 0.34991701838472782926 0.87760140428700927906 -0.3276795010955858567 0.63904832335915628949 -0.47938984727779027084 -0.60150030319086433828
-5.3329329496361390639 4.2455439759063606786 -2.4438367954225173051 -0.94964214176903505304 -0.0080840617444517641477 0.31323226290035816044 -0.16079850621365640584 -0.84542114829134717979 -0.50932005892241249967 0.26893055418698874615 -0.53403907157345642531 0.80154764490789232045
-1.0710202675069986356 0.13496650753599709338 -5.7115924590782674031 -0.51962544037513269668 0.0042339663804494866162 0.85438368151766996839 -0.67536189719839190282 0.61047451197930269196 -0.41377189130774877368 -0.52333135729429824945 -0.79202458532075592501 -0.31435862755768206878
2.8833207195177807947 5.5438787662362258857 8.6341121016127182486 0.95254904928293704369 -0.0040397150845856589357 -0.30435832403849233385 -0.29076686959806558042 0.2836657122105049611 -0.91377699208262019859 0.090027419454555668299 0.95891472218205353606 0.26903088917135786762
4.8900908475137478959 -5.7268097715720429619 2.0881679301935109905 -0.52549845393100647062 -0.0068162111538633812086 -0.85076725029930488908 -0.033131055969708979314 -0.99904548473493726135 0.028468448517308734408 -0.85014922692805483528 0.043146943068584339698 0.5247710293615563959
6.2389355359215725727 7.9890254374980997909 1.0518745825514805858 0.58962452655147579161 0.0020014505582699321229 0.80767500387538659901 -0.48273122048178407351 0.80260691187507138267 0.35041791304451691547 -0.64754419653137129664 -0.5965049364472468918 0.47420288309205860244
-6.3880792744230907587 -6.7828868463619151896 -0.34432339792992339156 -0.4740504530105510983 0.0025878027257717813731 0.8804938791822535249 -0.09783676192088533452 -0.99395804058240266876 -0.049753206715750328271 0.87504521941284141295 -0.10973020021256507661 0.47143944165075324371
6.6104246569253799493 -5.5563426161098226075 1.4821148556239325256 -0.71663428111327565073 0.017673078605901747229 -0.69722519276485106499 0.67004422813930564207 0.29492130715954589792 -0.68122107639154549918 0.19358729160383197909 -0.95535809248462966181 -0.22319246325463351632
8.0518879443568263099 7.3362342896128165393 2.2874165484327488862 0.20956381021884110116 0.0034533702247660480987 0.97778887479902720781 -0.075125173324177646483 0.99709476095496485382 0.012579586988071392306 -0.97490472241110492924 -0.076092784873828783754 0.20921441229174955745
7.865337599356863052 -3.9572220152915282831 -3.2394994212178973569 0.65631206209943915297 0.0031215694097241251069 0.75448308990133727825 -0.59502571825402317263 -0.61269985268051807559 0.52013775592827526939 0.46389532414008283201 -0.79030952564800238669 -0.40026488968035284222
5.65607833537272775 2.3721608180786670772 -5.4847547644205940642 -0.71120531528079034 0.0064279199956194538884 -0.70295496396346313084 -0.17549499468233306643 -0.96992095871643191352 0.16868562678592591286 -0.68072645486841021345 0.24333519204420794857 0.6909410090266863147
-4.0895123222465503687 6.7432783815020629348 -1.0338002542479942658 0.99842303493462469799 -0.0022376204772875316062 0.056093104448149223862 -0.054784035083654605836 0.17926855980452921502 0.98227363446523152657 -0.012253685648332098349 -0.98379762986105889766 0.17886327366963539198
-0.24462619824114864575 -0.59966491806269639486 -4.0808875123802534901 0.027013489446287137358 0.0016131317869030597102 -0.9996337675336312012 -0.82489501412300147987 0.56488150597106712159 -0.021379894456672689229 0.5646401394366146187 0.8251704563408316373 0.016590084968158044787
1.0284906271428966296 1.0619016956840345856 -7.9594681949278491828 0.93543491095513642275 0.029762730594089258085 -0.35224381787876452021 -0.19138464376704691916 -0.79513933669596636999 -0.57543492539878238201 -0.29720943036242269963 0.60569597580479173082 -0.73810496502698186294
-0.81491924470370846745 8.9430524587290189942 4.6848039873917119991 -0.64330915353524276146 0.011132422894717828796 -0.76552557249134856043 -0.3413528281619579996 -0.89917902851479725168 0.27377969498255566583 -0.68529670923164209828 0.43743930303468409049 0.58225018374978820823
3.7302063420897737522 -4.4038719900224485571 -2.5349611411037793474 0.1170855193174300396 0.0029559003561232255475 0.99311743707358979272 0.98549067476191720694 0.12338311168786503247 -0.11655358298995426025 -0.12287844043508482084 0.9923547099718112996 0.011533363470466538592
-2.8053650642064797971 6.5644867464645155763 -8.7502630501602816082 0.8681491090199210392 0.014590394384671514713 0.49608894857664403988 0.039930355656657319507 -0.99838076510663631424 -0.040514374760579993651 0.49469454333487089537 0.054981526504693720159 -0.86732597132685962382
-3.7972748628565908824 7.9297529974099800754 -6.8770701737406856324 0.1324969055366240489 -0.0083188002079790171472 -0.99114850934981468811 0.56791594076866147578 0.82018633552028874512 0.069035202951488613965 0.81235217377940016625 -0.57203598889302309516 0.1133965306660505018
4.8602815384038402513 0.15912383859692863508 -0.77518766116996162818 -0.89940089000296608024 0.0055074616521513138079 0.43709004441602949953 -0.43649948738334226617 0.042147051177633204633 -0.89871676494365182464 -0.023371704590403056395 -0.99909623857920859535 -0.035503091152398386088
-3.5406640440812289228 -8.9771320145539732493 -2.37546568375974676 0.56965780801619836371 0.0040385591011757922958 0.82187205318507372542 0.22450145148001790507 -0.96272293464567648691 -0.15087627179474896733 0.7906257522049316977 0.2704593151431365361 -0.54932929905713656638
-0.22546308245212734467 3.6759366360695189258 -0.85948095858161133176 -0.95664228066420464724 0.013060056840936159692 -0.29097247595082914584 -0.05211911413090603018 -0.9905460231302057883 0.12689434188551021454 -0.28656438157566610503 0.13655772030800339412 0.94827888526347747788
-3.6253367818107440357 -5.6454370674685847575 -3.3261056796676160552 -0.45670738564774376878 -0.0035716261989859401926 0.88960980625278374134 -0.70403644942820087227 0.61275415977457869943 -0.35897773963793699892 -0.54382997505797492366 -0.79026551434660807782 -0.2823639053833215673
-6.0365555865538151892 -1.0895015218108186072 -2.252723656567616306 -0.99797058918611214473 0.010741684394795910848 0.062763997131977083965 -0.021522159457980027941 0.87076072334749143877 -0.49123574720047935571 -0.05992912290273845477 -0.49158964481730221818 -0.86876240787472414073
-4.8851273695998473912 7.8353766810480234284 -2.5302505100298247065 -0.98328006385159716363 0.012976121853879873241 -0.18163682526836033571 0.10907667210997351592 -0.75674818203038052289 -0.64454206115257417498 -0.14581699363694702876 -0.65357769947845811842 0.74268000855790494708
-0.85623499669507252552 1.172618358478531464 8.0172577840591614518 0.05470718036728631356 0.0042738102788293149542 -0.99849329440016654225 0.87078194918234996802 0.48914047326360637902 0.049803558036765963046 0.48861633353165090377 -0.87219454937566809338 0.023037939250651090495
7.4891126536629792909 -4.1865817904765618707 0.52070125948505019409 -0.58855031362577436838 -0.0015643845374916341435 -0.80845907814312389927 0.55279046372278783927 -0.73048725974364003832 -0.40101255163599841547 -0.58994171877245638047 -0.68292453174078149303 0.43079328267560890176
3.6228292891801019415 8.8632566858906862706 2.5556102663138369202 0.58763039955813600734 0.0017354769685992521393 0.80912761764432272749 0.53744419532358800318 -0.74836798780375779483 -0.38871466623156253339 0.60485060174254789978 0.66328149601054542384 -0.44069650171269220129
-8.4398231225813162837 -3.4377045131190842042 2.262761943385240393 0.99962438036901657412 0.0028532664052641509324 -0.027257238352218632338 -0.0029363006524847174925 0.99999116866786352809 -0.0030067797815374937981 0.02724841849071524269 0.0030856858228936953625 0.99962393040203401107
-5.893729116306250404 -4.735506600820048817 5.9208032925462932283 0.93093037378935250548 -0.0066892171619879776251 0.36513544545832465893 0.31467073441819087831 0.52211503194725772392 -0.79270311107981550336 -0.18534014151563196759 0.85284884228599200373 0.48815764272883505059
-4.1889591834244184199 3.2052718428809550133 4.0280644355631185505 0.85373597177577198458 0.0045537498212309610035 0.52068623359853183352 0.5098249652001763943 -0.21066724651964080506 -0.83408501731074746743 0.10589332063434582498 0.97754722372212787818 -0.1821758217728746132
7.7504203250202934328 -7.9322280369770608033 1.2466168594453919116 0.69970889142297310048 0.0054025641482287490441 0.71440764243130572275 0.13178761138144698406 0.98183475727442015568 -0.13650104356432601893 -0.70216770984558407598 0.1896610706192276008 0.68628651854863742532
-1.0574753717519933538 4.3486868119445478698 -8.0991568832334834838 0.29955015317402466923 0.0075742957145200550881 0.95405048911334622286 0.7889166576233316297 -0.56431702250467286053 -0.24322172073207751208 0.53654469809873295283 0.82552342677601031617 -0.175016738588920584
7.3739132534041686995 -5.3685753089894525658 -8.754886439204872417 0.99413782669514461077 -0.00257765685107849956 0.10808948708673138395 0.022820258447805302771 0.98219687287269163978 -0.18646323692200067468 -0.10568451796697730938 0.18783678714304158364 0.97649788738009124511
-7.9302577820261834773 7.7405102613998417738 -2.6435164409601532576 0.6901398400787523979 -0.0052487959424431258199 -0.72365699836131214262 -0.71859485382871868264 0.11332014219004225841 -0.68613408414444454486 0.085606291747894941446 0.99354466206356017999 0.074434987055585530302
3.1947858116736496115 5.6827924158867810789 -6.8910770519041566473 0.895950707484726383 -0.0044385996657937756837 -0.44413131908332914577 -0.16087587424450994211 -0.93529387451910839246 -0.31518934209949145409 -0.41399430291218725086 0.35384412828246042393 -0.83869127218306560589
-0.13056323798367408529 -3.6595523026114364917 4.4563345870353616718 -0.80904471247326803507 -0.0061310609827664921262 0.58771512087939592472 -0.58250411734637375094 0.14162877994964473416 -0.80039380430166240377 -0.078330112303611545976 -0.98990085300571528659 -0.11815538381822179859
5.2587469322002524663 -8.0154756704535703449 -4.1476927376671008929 0.96956350609305586019 -0.0077938826774015066562 0.24471588229118740321 -0.23712339915967903248 0.21906156575968011024 0.94645893940416836454 -0.060984434273583562613 -0.97567990949900651465 0.21054598779505737105
0.31832034223578309362 -1.2356356732583024804 -1.4908545107539239449 -0.3804344068840788684 -0.0048321903002617226999 0.92479528112732212186 -0.4650227151076030685 -0.86337301942057298465 -0.19580833427127833368 0.79938947734654808297 -0.50454304006012862249 0.32620972430965111677
5.1079476053114269973 2.0684997587598088487 -2.5926508195070234741 0.83301903052385173343 -0.0044666341967856274323 -0.55322630447560250389 -0.029885832828913876102 -0.99887065268647901028 -0.036935838930432986216 -0.55243654095374550295 0.047301885589527463416 -0.83221175180268891491
5.2568464357434967482 -4.6227426708237331354 -2.274596758078210712 -0.15993352144150763117 0.0023779146384182042219 0.98712492332106194226 0.80197859402466031842 -0.58273505796893443343 0.13133996703415984353 0.5755446146440861277 0.8126587215653985341 0.091291833249864118294
0.66587308182579829641 -3.4654249126960503524 -1.8845018712016865514 -0.99167812054017256962 0.014710005389957031899 0.12789887014029663326 0.12747198978992818619 0.2513889164325942005 0.95945531657987215279 -0.01803876549919619654 0.9677743685570476817 -0.2511720018294093526
0.19086788069980850646 8.9000360406185681228 6.7366328752846920125 -0.97887266799358796376 0.00082840535069437235341 0.20446910182068919748 0.19011233305141703176 0.3718063112837713402 0.90863489241349970627 -0.075270184512793159026 0.92830995935305493649 -0.36410852597716708567
8.5426899046795607973 5.4664047264278794458 8.3984384375862362049 0.090958595054351845666 0.0059787111048766354224 -0.9958367280833264612 -0.34148631498723441835 0.9395393984420515876 -0.025550253459220330365 0.93547508286568481495 0.34238862975982986558 0.08750083170405491273
-6.7912105682602490475 -8.9169462500998779575 -5.6270506056074118817 -0.98049721231511355324 -0.001118565329152936428 0.19652980805490410932 0.19648188370194541452 0.017224616133816060548 0.98035615057783065396 -0.0044817429027937298949 0.99985101960765776496 -0.016668910279359770016
-6.0039180495530404258 -6.6138384996766665935 -7.7874562632574413357 0.98492659838574936337 0.0015671533256759340863 -0.17296571863423576554 -0.17294444036352651928 -0.0091904466987263195438 -0.98488870246179960333 -0.0031331038232767227658 0.99995653891555635884 -0.0087808849498776982839
5.8321619322515996231 6.4075116397991580541 -6.1343916738497243912 -0.63363381368873317179 -0.0065356124589065946878 -0.77360550406501638054 0.43588803012337662413 0.82311840284631243581 -0.36397488936857808062 0.63914772576097456103 -0.56783217649729111898 -0.51870685747271194632
1.7364235965932597328 -7.955348302152205342 5.4510799568595995623 -0.36218416061797137351 -0.017139131510906568945 -0.93194897068907001092 -0.29614938629049852858 0.95014001473982068191 0.09761912410002526741 0.88380890174144410842 0.31135221624619074943 -0.34920140698666546353
-1.7388351807229847079 7.9755242071201459808 7.0427351038544658834 -0.6899284571123283083 -0.0098287955706542647072 0.72381083084225661395 0.72243624674645501305 -0.072416670889695833324 0.68763485598389983977 0.0456573482969421518 0.99732603523362584053 0.057063000198309760114
3.1995580364579945254 3.3470691409993862386 7.2288984264390903078 0.59508367654994653861 0.0070959102100308637726 0.80363241968073395594 -0.588632604363977463 0.68465730082261000433 0.42983256915901169037 -0.54716274999602187989 -0.72883058970428149514 0.41160526785755252588
-4.9147206627799873147 -1.0349116479342614916 -8.0125281656744764547 0.94326841318445497908 0.0093060559289871048333 -0.33190073517778934109 0.16738101473767497129 -0.8766263250730130796 0.45112069570646068373 -0.28675476734284549574 -0.48108178463991380092 -0.82845157969186600244
1.1004368350876418958 3.4584447742138744175 -5.6580568457350253198 0.50395954212825988527 0.010197880243182716464 -0.86366705572015656234 -0.09181781842122749282 -0.99363182149116358044 -0.065309199509824458763 -0.8588330851325087778 0.11221321918028123732 -0.49981389068621856486
5.2380103745033919083 2.2169373093183715184 4.6808413695261279486 -0.84578626683525204299 0.0064565688658500593883 0.53348280530056235715 -0.29307305787720061563 0.82992977734558726066 -0.47468383943580061413 -0.44581809471975308856 -0.55783050955788060499 -0.70005096173558600814
6.6339432816785413038 -7.0495098189620337692 5.2606290809354137039 0.99856031356284913336 -0.0063087457539240873738 0.053268188482512870974 -0.012880740427848789281 0.93580167352049492546 0.35229151900342808856 -0.052070977551908564918 -0.35247046339049997732 0.9343731512268856898
-2.3562124737234317884 2.1487384241540468111 4.494201872249520946 -0.55150617114191935464 0.010746244501426242823 0.8341015893891174926 0.76000695076994395638 0.41864041190770351353 0.49712135369467491675 -0.34384644534119840342 0.90808849995290930046 -0.23904999117236089279
-8.2811842158447515061 1.2390282750197336714 -7.5999522565327346513 0.11378968218913790289 -0.017392083972580275886 -0.9933526179772707021 0.37415271364120245012 -0.92548433660216444796 0.059063436901535149026 -0.92035952491509331885 -0.37838638733278151527 -0.098803273118882872783
-2.1474982318986093333 -8.9839101977517650255 -8.1988514612081235811 0.63535991482924536466 0.0016510795575109377641 0.77221438251588436774 0.72266088359786950779 0.35118702465443629723 -0.59533933267680338997 -0.27217462399307862375 0.93630387569995443542 0.22193698746186626969
-5.6819994319342681521 8.1793521090154683861 0.18568798171502065575 0.98526053213501663119 0.0052778914320614992578 -0.1709790270155939762 0.16498250398149949536 0.23475150937529648543 0.95795224423047975471 0.045193552605586807813 -0.97204108591581084298 0.2304206373023708343
-0.61475191545350893474 -6.6858649864917278904 1.3758799791757683195 0.99913630527956875937 -0.002382118346821966888 -0.041484563205245905682 -0.030282578735689718447 -0.7253730697260188931 -0.68768951943563960683 -0.028453627137423033455 0.68835182517972071103 -0.72481870552172322775
4.034495015311001076 7.7906707129592840388 3.6475834869720751286 -0.63566581674225564047 -0.0098304288290109141657 -0.77190176324114634365 -0.59005726025569005255 0.65092691495494992004 0.47762598443439258089 0.4977563651478742468 0.75907675109723593554 -0.41957250493617892495
-0.8559875032619312929 -2.1910290571536759074 7.8410222112709675457 0.77347212927597275289 0.0015043790420100804431 0.63382852734544037343 0.60886272776645866678 -0.27966825078567136842 -0.74234213691478434516 0.17614495158805282271 0.96009551938662207604 -0.21723155775319299976
6.0973368248476722542 -5.672389637031020726 -2.8461624544972567996 0.56370004105078752588 0.00088389495169704981187 0.82597910533450535908 -0.67498862005658999408 -0.57586415907349997045 0.46127088905401153474 0.47605947791602615249 -0.81754491560053610399 -0.32401803107559373762
3.1709681605658248671 -1.3094239197451025269 -7.7953512185797091405 -0.9126626603385853409 -0.0018766026725339731741 0.40870936713746602864 -0.39404556200885515471 -0.26145472402841862802 -0.88111833617546020392 0.10851250381725623118 -0.96521391703903192116 0.23788049703511990329
-4.4163988857696629964 4.6601518967721498043 -4.8831230936996492531 -0.55656706629807961573 0.0067549527350777953394 -0.83077522310558105101 0.72831224954014772699 0.48510369743363113137 -0.483978997381036391 0.39974287721274287533 -0.87443054232462724684 -0.27491245655303386819
4.4289652240462080712 -2.345224676601163516 -6.6136190434266772797 0.93148401278285741789 -0.0155413670612201682 0.36345013391055158714 -0.36376812388244345042 -0.048601105489292154016 0.93022077196342634053 0.0032071758331766882753 -0.99869735077997001671 -0.050924606705120251116
-6.2829852973696649343 6.7157277048081267523 -1.8505562672598072638 0.72409983508982733724 -0.0013453050752554461707 -0.68969385888071566004 -0.6842424211971062098 0.12409573248539881862 -0.71861850672914207028 0.086554825732728060683 0.99226933809988371316 0.088937184625924842196
-3.6508828914213444783 -4.5701464934965763121 -5.3427686960804159355 0.33041712299562292499 -0.0024712287969302737349 0.94383177413122187893 -0.75962974346081635346 -0.59419532851562839593 0.26437580150256317912 0.56016709799944131021 -0.80431698017535324663 -0.19820952984271458797
0.88051092753761661669 3.1847265393367885089 -8.3375902882702703778 0.12429764837071316519 -0.0011508426201573625398 -0.99224430971955879244 -0.53083148490240950057 -0.84494110942766598171 -0.065516839328122564168 -0.83831260830652276628 0.53485810937149746991 -0.10563509641053404897
-6.3344742226664809692 0.9445196167220586414 8.7871922751746165403 -0.93114363521853893424 0.0038449265054219562698 0.36463234515312598072 0.33609561744211113865 -0.37886335940919235732 0.86226578897310290905 0.14146118382071917741 0.92544463445268820845 0.35148394278356143161
4.3859723454330898917 2.1588326276638176715 -8.6592881777163484003 -0.99950354777147742968 0.0030779944122436737886 -0.031355764103044976576 -0.026993446880145405276 -0.59690920906236077936 0.8018545690847070917 -0.01624844046710915979 0.80230288674964012063 0.59669595783385975807
2.5904918034555093342 2.3432927717514422383 2.2697840596964824478 -0.30683142677795977038 -0.0058474448057587186806 0.95174591300949928918 -0.9502118582606445818 -0.055201833163528370163 -0.30667602129358961793 0.054331390211939986634 -0.9984580937646760912 0.011381345835221441665
5.8356444291142137715 1.0490663021666521981 -7.7886179320988153663 -0.96493727588799538264 -0.0042923395211660201123 -0.26244547895429448658 0.24848718808674810643 -0.33704743248717128346 -0.90810414909881698176 -0.084558683520924327048 -0.94147788294535794673 0.32629622272699182473
-2.5836863365703690576 7.0858162715580350621 0.059891262254332278125 -0.99918807634653850069 -0.0016095652976581271802 -0.040256644004740542442 0.033874323180005362632 -0.57449598105099719536 -0.817806149393041526 -0.02181096779306366043 -0.81850581980560666029 0.5740840571103417167
1.1530412459845862383 -2.4514950040926422048 1.1740794985582405641 -0.73722459533851580904 0.0045893907677778096946 0.67563217324248803219 -0.32889826769571101073 0.87106145541297486101 -0.36479839692725685163 -0.5901913465432205852 -0.49115260193394832955 -0.64065848630834809629
5.8681741714693416156 -6.8382043242811345607 3.5651645201480359759 0.89246785287341967585 -0.017014921504273590458 0.45078999992679330555 -0.45097475324981978195 -0.0090939633556350249477 0.89249037628533356425 -0.011086185955541148079 -0.99981387881762584513 -0.015789369977219129548
7.6924538020914310366 4.68849443199221394 -3.0213406675063678719 -0.77792488311442553606 0.0036741332968753788804 0.62834654210556462051 0.59629676159176780992 -0.31102257750773193434 0.74006427315189848848 0.19814905588158554517 0.95039542140359078992 0.23976132846717101987
-4.8027496881579034849 -7.7979299409238453933 8.2591725093648147293 -0.70937852214649077531 -0.005361870486711889025 -0.7048073230763949315 -0.57440434402759321664 0.58390244657238121739 0.57368770463468232723 0.40846268113431116742 0.81180612416497133221 -0.41728773632708349162
-0.66665896078311503992 5.7232177863516362493 4.7785206138904197104 0.88572004962103423331 0.0024830300805952104128 -0.46421312805772996235 0.45953071824408642243 0.13708212482346640582 0.87751923628150452217 0.065814228625286463892 -0.99055657365730132025 0.12027535780435537338
0.97181057009024240934 2.4908364778025737785 7.4840852583870365322 -0.92134324077827156607 -0.011223868000319317181 0.38858803051470197643 -0.26034812847226501686 -0.72450242025446165428 -0.63821242156997393113 0.28869618056568790987 -0.6891808672856089002 0.66459329480090678643
5.3374023971696278323 3.2820962315021247058 -4.3819580805649946953 0.6304138223811912578 0.007604528660922324837 0.77622199382301371173 -0.53643312741042703529 0.72704104654557477616 0.4285449993346951425 -0.56108636801086020363 -0.68655188280406576062 0.46241604627269411454
-4.683889650352486278 5.676775408697706915 5.2476672484034425636 -0.84318435669004521138 -0.0032304137233616697297 0.53761482965079931962 -0.061264746784870059704 -0.99289069046044153843 -0.10205247473062366292 0.53412243112861701455 -0.11898588666088609489 0.83699198762043147681
5.7822913902029622335 -6.5360592313037981782 1.5636951758885913044 0.63710982020914697088 -0.0073583726112623681556 0.77073791352524312348 0.0732725448229148979 -0.99484761732554982672 -0.070066771557972515327 0.76728235426595359225 0.1011141565455776492 -0.63328801992304428747
5.0271842291667647729 3.5118996270051079378 0.22806580349703181598 -0.74448610651118729553 -0.0041062002532961045312 -0.66762532631068560729 0.45688075024366420207 -0.73229758887936968748 -0.50497546611482457823 -0.48682688634522019999 -0.68097237861804793546 0.54706142460455975396
2.0471666117208302538 -8.864029504628014422 -3.7605507392394232902 -0.38489525602242974367 0.0040564780737703462488 0.92295134588814076171 0.84432905814911018982 0.40543844155501085336 0.3503257222558250894 -0.37277886669708021339 0.91411334915026842829 -0.1594763350750039721
6.8333674208423342833 -4.5389180534784863141 8.4523861313673673834 0.98782957431312135022 -0.0066460805477238597133 -0.1553980750394106658 0.008308639136893223795 -0.99540552212564048506 0.095387698564658521261 -0.15531805634975137664 -0.095517936195964395218 -0.98323579330515775698
-5.3594717635710917847 1.1861441562865719934 -4.492986223851175076 -0.85802337403530515303 0.0015227408322616639569 -0.51360838278702081183 -0.4996799105109234751 -0.23379741931612083028 0.83406160069431545256 -0.11881025477886707209 0.97228413952996073366 0.20136453356516134661
-1.9970382976622029769 6.8393504119551611353 4.8806239010235596965 -0.94068593097520059043 -0.0033340954385832014678 0.33926223349043038713 -0.27332271897829280016 -0.58498468106709200498 -0.76360173795436558919 0.20100913052786970048 -0.81103748786622631428 0.54937557528517189098
-6.7884707484496313867 3.3457650012166193498 7.1690782501918697278 -0.9545551870320138077 0.0067423279282131714715 -0.2979579432141389872 0.22934106305310272833 -0.62185097881452855439 -0.74880173406931815894 -0.19033410547761323017 -0.78310657075626244339 0.59204478473378585601
-8.5231343653611570943 -5.6953242497579452674 6.3495811723045525454 0.95751623627167670172 -0.00044053379315682223566 -0.28837902698741912921 0.249006896110406023 0.505662818586128604 0.82601493908342837891 0.1454586641133612801 -0.86273108198869186136 0.48429005482767439883
-2.5200925306737125275 -7.8279702617393001063 5.4779704226285081958 -0.55244268706069765695 0.009046336767007813473 -0.8335017944216178698 -0.70613628399778360922 0.52625559272371191799 0.4737368463065120272 0.44292056391038681085 0.85027831615180049507 -0.28433810709656948124
-5.0330273245138785754 -6.7652904753170126639 4.6840474052092719859 0.96194509939565975287 -0.0061511468301529564906 0.27317355132097737025 -0.14729404172665977457 0.83038112216530979293 0.53737478283182205097 -0.23014363128372272715 -0.55716187535068295578 0.79787502381981501021
2.1214348468712960205 -6.8248115597258935949 -3.2130159692461290888 -0.34312739100192590769 0.0038208235984049090592 -0.93928110534110897945 -0.86311172298152205595 0.39320675870247540074 0.31690155973531919376 0.37054250389953213851 0.91944213859146162182 -0.13162221159879333721
-3.2808660639493751887 0.10894104538721986752 -8.6676581799318892507 0.99848848083589392122 -0.011991721555445625583 0.053637228230669756202 -0.038821659143657830104 -0.84469458493599391957 0.53383886797546897807 0.038905429177299208354 -0.53511424648774441604 -0.84388335140973314008
-4.6444352568636393386 -8.0029495408097943709 -5.6539632475355849905 -0.2858834053555803778 0.0068104375789851878328 -0.95824020813264521035 0.053128334623714815188 0.99854932596037182524 -0.0087534955202699694932 0.95679049880422839536 -0.053412185535728101682 -0.28583050892770855977
6.1118863762346382629 5.770789225373555098 7.1559019599132440703 -0.59531910998885717579 -0.0031170862524396093958 0.80348331722268095945 -0.36786785286363488101 -0.88797164089196878312 -0.27600653579385059366 0.71433073580190631358 -0.45988764795852249412 0.52747981112425201822
-2.4867041004471577281 3.459585113235057463 -5.5387093651324130761 -0.28667674745852833595 -0.0099696784147743234411 -0.95797549445633767284 -0.86546170781750919598 0.43151511558639227273 0.25450095740889361329 0.41084361351779769 0.90205061417464926787 -0.13233372472278129295
5.4218457108341544526 3.5999557293326041041 -6.0322693421932873648 0.90219786872123108878 -0.0028681685630968694126 0.43131285545899589184 0.28401303296534963216 0.75654037193361045599 -0.58905285224704317937 -0.32461608521595458621 0.65394070009728155757 0.68336370841259042042
-5.3680257420912207422 7.946851359925505065 8.9078017096419124243 -0.67035074224451363101 -7.453464865591241835e-05 0.74204439005817612873 0.69710284421751889106 0.34266250227967431918 0.62978570491511776108 -0.25431772835620292117 0.93945856958972318029 -0.22965210442689165671
4.0791550082841974145 6.6048867147452252624 -2.7868666634876793076 0.415523374941007273 -0.0021559261282192787937 0.90957994528251262523 0.65817135273919991079 -0.68950789027932346542 -0.3023066980335996079 0.62781430002110560906 0.72427496244524558477 -0.28508767680112956366
0.80421356061066084919 -3.5213483158291882802 -0.58239356792126761864 -0.99815896393179515123 0.018611056957328703243 0.05772617501364758763 0.049495113315750231819 -0.300157122512548169 0.95260481605043334508 0.035055905075194231102 0.95370819979895982144 0.29868336605081291513
-7.8790296491651199418 -1.3133303537746709999 5.7796622773107024784 0.83569239286782648346 0.0042886718343511185531 -0.54918105556985885585 0.44711075852190618196 -0.58599730907762770382 0.6757951785619313867 -0.31892035701207727127 -0.81030164818276173566 -0.49163100475398874289
-2.5627551513671935624 -8.8583291546318339016 6.5138207349374823707 0.53812350174170275885 -0.006004466393772365379 0.84284461394532972367 0.65498023989966225322 -0.62639820522928202351 -0.42264189785980832426 0.53049409253456203395 0.77948010549918400613 -0.33314678884365206413
-6.1897289967177098191 0.17768022519127080194 -5.667102688350718509 -0.9769618785657186999 -0.0075077779667568284375 -0.21328178801604216752 -0.13297964517218383018 -0.76023709880224266122 0.63588990208632545365 -0.16691884794484032617 0.64960232979508814033 0.74172428255102940131
-2.990600538810878728 -7.9186309405783799065 -2.7675466060973130666 -0.6729914053583508915 0.0017681765696292020898 -0.73964818790120245851 0.2316138534092272161 -0.9492005834300806244 -0.21301003573718563233 -0.70245113084307808649 -0.31466669027288451943 0.63839430042093037176
0.37897645396500062587 -3.5759574933469346902 -5.3170219164729184413 -0.40393748977402765821 0.0046402558411739588604 0.91477482058750980709 0.67783313946027479169 -0.67000676652246693443 0.30270970890240100903 0.61430997013282007124 0.74234048848225919759 0.26749553221594413177
0.43334437562773808761 -0.0015331334215131584703 -8.6512134253609094259 -0.48468704501568588006 -0.00023104825902011023875 0.87468760995614480702 -0.80912601370137371415 0.37997432698181665689 -0.44825729752721221733 -0.33225526684413270173 -0.9249970040228001622 -0.18435558088345607719
-3.4649214337429263821 -6.8852642490037840872 -1.266341610668641593 0.14534276180347915908 0.012926816235054816584 -0.98929691145465237234 -0.75145708242317355019 -0.64898356940962742545 -0.11888052789373841633 -0.64357418753979167558 0.76069259498055030733 -0.084611116730048174794
0.13738317378617628806 6.3814121722702381589 -8.0735388806195658162 -0.98846299261912262679 0.0091812348321663652534 0.15118405057869455099 0.14369123643373588051 0.37246568111431815895 0.91685448407251868286 -0.047893014047150496426 0.92800055027937411456 -0.36948780478726983567
1.4797062298911813905 -1.2656953419167784602 4.9857500229656857016 0.97883415817272245718 0.00088739240758222944546 -0.20465312929144052756 0.040563950190608925872 0.97930984143668109443 0.19825942703898849495 0.20059475750610020195 -0.20236463870873730442 0.95854592809181726754
-4.9477215168534964818 6.8572143987680549415 -3.6149011983113172874 0.88697773651570122055 0.0040843115037980798343 0.46179412439387762523 -0.45833477268199918075 -0.11469714326029135931 0.88134771882522489062 0.056566165469053339421 -0.99339210975697667116 -0.099861830529088910224
-2.240710277348969548 5.7154189111881725793 -4.4218047865311254085 -0.96420879088518507416 0.013826122970181511235 -0.26478339431137920545 0.22632843771676114386 0.56313027814489569067 -0.79477023605383911864 0.13811895546994096273 -0.8262524603048162497 -0.54610440941268467707
-4.5570630462540071548 3.5949833314356238745 1.2455084373221108063 -0.99976606725730898795 -0.00062177779950135054696 -0.021619994295721409183 0.017805782116565811724 0.54379974920203666411 -0.83902609428496055521 0.012278635274365921892 -0.83921477951737599721 -0.54366146539533932724
