1125 17.292696884352682929 17.968806560800352656 18.477561601407678893
-4.4654648699613721519 7.226709541883864496 -2.0121400617330560401 -0.26008682943323124803 -0.016065280050388670158 0.96545157720739660512 -0.3146451618180015064 -0.94387723987841176676 -0.10046978741925086109 0.91288184520240567288 -0.32990553620173423965 0.24043517605299247197
4.9221689855424042292 1.3649160551096133354 -7.076280384439747273 -0.36367156618376694777 -0.0022391348273139680299 -0.93152454515415727965 0.033055379804260515142 0.99933629684452518482 -0.015307111900444385702 0.93094056406165304196 -0.036358658995554446469 -0.36335618076555387113
8.5975899587139075209 8.4915099755102101398 1.1267831074602772112 0.94850163604346449109 -0.0014226928169780318073 -0.31676903631525110683 -0.28676379230165432999 -0.42869286955993723964 -0.85673155131186018441 -0.13457776134166796189 0.90344916820711074212 -0.40702386492518422001
-0.87818423772676312833 2.7379580789242186079 -8.7534192601710820725 0.99920655297820792917 0.005361469954279964728 -0.039465416830426487682 0.035767941799122321411 -0.55666323883205948153 0.8299678866514909048 -0.017519098867438673284 -0.83072094783566374776 -0.55641332478839977682
-0.05147439635226658261 8.3199543327839666773 5.5157386175913973858 -0.18904643944657301136 0.00092329564580354538117 -0.98196771395895043888 -0.98121497204716234819 -0.039336564975904091124 0.18886453686972093369 -0.038452858979800857986 0.99922559123610077414 0.0083423890598914689221
-6.0932391395116480837 8.4938203173946700275 -6.8829384682976009202 -0.74658405226826429768 0.0085268508899536393092 0.66523645849607138114 0.66519284260942435072 -0.0076176167210537494914 0.74663274376145838396 0.011433942445464955612 0.99993463022794148998 1.5190978267261463774e-05
6.6278361962861209733 1.6765412843925724395 -0.1131955956569958982 -0.29597936348705838894 0.0026857490709307450805 -0.95519055854925571936 -0.57161551463228721381 -0.8016710690340322909 0.17486909534055875004 -0.76527898169339314549 0.59775938622960267388 0.23881330857614110896
7.1720663871972982761 -1.3362669852908202195 -1.4284512889479417108 0.98655464186280406036 0.00042420616168039292082 -0.16343120469552671614 -0.13000625144560373769 0.60801833775628211232 -0.78320627904609418923 0.099036928486845671182 0.79392286842068537922 0.59989846290398862738
-5.7869200697287954682 -1.7028864216353511996 4.1656998266878133563 0.017703176282278913073 -0.009499915659182145769 0.99979815420506534807 -0.06569524626017474167 0.99778296213241512991 0.010644016962007845847 -0.99768268110082636291 -0.065870418859521939758 0.017039828371406010032
1.1306596864335347608 -4.9398430698653230664 -8.3086024282260879659 0.83938369686994185326 0.0048410200304370709645 -0.54351777703595849367 0.044891418440400100709 -0.99716145091453922689 0.060446681964906219531 -0.54168235154880139959 -0.0751372433300417919 -0.83721838530072556495
-3.1484040679863740664 2.8630737922222024849 -5.2619912761004927759 -0.75443531724310619602 -0.0028759990553814110056 0.65636809849799859773 0.35876457917529724906 -0.83920224216329808442 0.40869007019641606648 0.54965018768811324534 0.54381184740450694282 0.63415561638848050308
-4.5032063433446714029 8.7354724259360629901 -9.0298168471391289103 -0.97279442224692147523 -0.00080708086631497630292 0.23166864411344254004 0.14513428877847855958 0.77731787790379158753 0.61213801949563118043 -0.18057422370214729068 0.62910751490633520788 -0.75605336083031615679
-5.5571551265470260361 3.2524402538481029801 -5.9660495507602631093 -0.51170235858920065652 -0.0035353841801564326632 -0.85915551402119749724 -0.761598492275263661 0.4647011370025888044 0.45168638437854830014 0.3976536593299628275 0.88546053233753008183 -0.24048121110457493232
-6.6482821385391908109 6.5951559348314301445 0.5551545159146403785 -0.077386614480868587407 -0.0088303539482508328767 0.9969620538157077938 -0.57194797663683660804 -0.81866237813148701186 -0.051647097236139333232 0.81663138803270685084 -0.57420722346657537827 0.058303006772570706295
-6.6102428182075794183 4.0349350207885725794 -5.9837202827510731495 0.42304861343670951968 0.0050746823032726488117 0.90609277575129809623 0.023444285455856736511 -0.9997108458516182905 -0.0053469773149479749713 0.90580364105508248684 0.023504729023271216798 -0.42304525947544019404
6.8894385766812726857 4.9632971083745971441 5.2697383196096678759 0.29557322361678417533 0.0089882422519078145062 -0.95527780304048348636 0.087124997879619164864 -0.99604215817758845475 0.017585615636200448847 -0.95133890082618499662 -0.088426413667355152626 -0.29518649213780834284
-4.9925927030398833395 2.7311245276484985567 -3.0262507979647819134 -0.29328264559575262238 -0.0066097357167726206867 -0.95600292948608334154 0.92057800083173813022 0.26782194838797102054 -0.28426668525514209307 0.2579174949022772223 -0.96344575112196173539 -0.072462752279623107721
8.0450759010125398873 -8.5647752935679264397 2.3315142535381832012 0.83188493244706174234 0.009664213549096049502 -0.55486400328745011379 0.47211890877543633005 -0.53782502344105231895 0.69846115148759757574 -0.29166966785097842019 -0.84300109557295732632 -0.4519711912483664884
1.4587636015539353629 -5.0180835047181231445 8.3465261701365278668 0.7991400430769617369 0.0029241663003882522112 -0.60113778853285360082 0.51977912805718151645 -0.5057322455731390054 0.68852345916694623895 -0.30200140659740865035 -0.86268554238421313318 -0.40567080912267028392
-6.1155269235684066587 -7.4144044176827179626 1.5855166868216217235 -0.99983750673929705499 0.00093434259631598910734 -0.018002419871558976439 -0.015257576956337740026 -0.57570996538075491777 0.81751161588500276256 -0.00960033659535675446 0.81765344906350534426 0.57563067219533348151
-6.2207140931530027217 -8.5899699576734178663 0.53683004346554652475 -0.61792446462691885678 0.0017036959896661717923 0.78623562208494457426 0.73216979929937442417 0.36567193449842744224 0.57464025382320327306 -0.28652528860352000084 0.93074224882086842303 -0.22720502910485071424
4.095864881744191166 0.49077032977084622534 0.46412361296262688581 -0.86017336928670184992 0.0076308539325108878937 0.50994464879852363648 0.24097859039096164446 -0.87514783158410791586 0.41957787340026775347 0.44947869108918531156 0.48379545568576337589 0.75093998649341608953
-1.144914615649247791 -7.1485332719902938692 -7.5762017985221836724 0.29097089920907520666 -0.0027153002039888886332 -0.95672805068026500752 -0.49038249373551051624 0.85822468585814282171 -0.15157637817764063604 0.8214992061174315463 0.51326700237643363423 0.24838687288215238747
-0.32436050916137204592 -8.4618268664813935942 4.8486876671639791425 0.77202603049992546413 0.004574369511743414142 0.63557445148008318014 -0.10872756931152102733 0.98618466068817234316 0.12497251976003923013 -0.62622210429063429604 -0.16558650357787774166 0.76185758900907596392
0.72716085286610210314 0.48490131955938758912 4.1893644798657696526 0.40355295685963649133 -0.0054603290588182652396 -0.91493999574641926564 0.036434236911976135287 0.9992849482136166861 0.010106367017418956683 0.91423058217861907782 -0.037413594858265897258 0.40346333851963217532
-7.8240136849005619268 -7.2256146109919230369 8.5072876624372995025 0.49663378845515260274 0.00024532205150173003877 0.86796014884421335278 0.78629526745053501813 0.42333950081590548953 -0.45002602084123966009 -0.36755221744636246139 0.90597108500570255885 0.21005180452489344289
5.2576041957868335786 -3.0305947267236938991 0.12574208163939867844 0.81162235004520510984 0.0049234173731614351566 -0.58416172492594020671 0.58200080004498377928 -0.09315513725389477917 0.80783487740394666066 -0.050440357393978389744 -0.9956394329095257234 -0.078472224267070012083
-1.499728531904371609 7.212843671647711119 2.8084416976555246492 -0.34788165666933662523 -0.0012805581927589435726 0.9375375795796033751 -0.21211546150628304841 0.97417651031932317451 -0.077376726034948301036 -0.91322800216755772862 -0.22578416001276721548 -0.33916976449023311657
5.4263887730517366137 -1.8629631936330757203 6.6182641657345575581 0.83561709299173247967 -0.016970943275634527841 0.5490501443253922309 -0.41116768807955550447 0.64347922739050833485 0.64565905569112747031 -0.36425980587876533034 -0.76527542166274298285 0.53072433788161932355
1.8322642941667437455 -4.5675792695090473572 -2.8986416284804352728 -0.57527780870044797901 -0.0089651422855451072536 -0.81790896134032720077 0.81125413179421279608 -0.13401434322118752074 -0.5691281836791086679 -0.10450921712329393209 -0.99093883869535581699 0.084368486423924721196
7.8969576720975140915 -1.7774523316537989004 1.6438516647199861165 -0.38232353184429163084 0.00099894835193013557795 0.92402798610219816222 0.18383517756606315707 -0.97992690394311543489 0.077122567500110150718 0.9055569250396950931 0.19935462129259801101 0.37446547301719551593
6.7582840811989850494 6.4000839650117473667 -0.25090299776295760248 -0.048473441357586362355 0.003475406856911566339 -0.99881842545581078774 0.58016316292131175913 0.81410653250985398621 -0.025323074730828641632 0.8130565969673425597 -0.58070515347445628151 -0.041478848296973236387
2.1264394535958945909 6.1725344035014400035 4.1164631993924709619 -0.77663640716980308909 0.0055999102624073506668 0.6299242272393235087 -0.36441524041329004246 0.81166799407784973042 -0.45650476442614512651 -0.51384571965983028008 -0.58409220881153156579 -0.6283302220907469593
-4.463333296151570373 -3.7774999955491006531 -2.1865588357695164845 -0.74140671602003260787 -0.0018563498588615437099 -0.67105337746384619013 0.57360776798444002011 -0.5207353544916250021 -0.63230437218997570525 -0.34826744026429146128 -0.8537161381557333284 0.38714150578839084949
-3.7723425502518499464 -7.9583010824828157581 3.8469642974477187281 -0.53399551507436748832 -0.013217322916258499726 0.84538399100926220342 0.1847202670959096904 0.9738988378977979643 0.13190707511235003069 -0.82506194482842754034 0.22659734313427773444 -0.51761610415443881639
-3.1474250169498518837 -3.9220681499544713944 -4.2805102416344356087 -0.97604811672140501244 0.009097992547767615179 0.21736444137970173385 -0.0067574412552214606006 0.99737527366541656182 -0.072089530921209510339 -0.21744978922135191346 -0.071831678334640394756 -0.97342477837525709372
4.472101374685606423 7.2081736953392390177 0.17075397105160011746 0.17052941951942418575 -0.0039384837979375047004 0.98534471400837397859 0.82305412072489991804 -0.54923748728365195948 -0.14463781289850527467 0.54175790851289729044 0.8356570294730742976 -0.090419564565414292656
-7.4302794229097184342 -2.9058846628309087379 3.8942307313963162585 0.076172430646820415978 -0.011039432675751293528 0.99703354594288906565 -0.76141063217824256348 -0.64625944354076803045 0.051015496080730103612 0.64377916245815380858 -0.76303791685630584229 -0.057632694055468003391
-4.1323632037149868879 -3.9653253171373372687 -0.44814223286328025431 -0.82112638030479512263 -0.0056012677772973272494 -0.570718926764332668 0.072716626715012708249 -0.99282955996524191455 -0.094877589861602204535 -0.56609518613644826956 -0.11940724709186642527 0.81564584813209162206
-3.8265519152201599162 8.1553236157496744596 3.3745072171026486707 0.99065465718755985058 0.0052438779760411030617 0.13629325712040674112 -0.12528994152434694276 -0.35993855032266391936 0.92452510541581600645 0.053905294225345151693 -0.93296127558187014195 -0.3559177960134491947
-2.181214394781857191 -6.2901504680739135367 -3.6059276840533338593 -0.93499037654038552603 0.007214634671875944788 -0.35459969659233625539 -0.15067262708047141073 0.89701020961307109669 0.41553633210485324545 0.32107749099777288526 0.44195093946844271615 -0.83760886568689552067
4.0215702314410224361 1.5119580774036669446 -5.1263894474978606297 0.14315198940910939251 0.0052451558029911436731 0.98968681726534546428 -0.77420372978273144238 -0.6223492863474373582 0.11528204792347668262 0.61653555673507542956 -0.78272207974692575849 -0.085029719261992833812
-4.0014973094306984791 4.5687554619001105038 1.3824214795465581407 0.21585628821496163909 -0.002311209350503908716 -0.97642240918029687968 -0.90855781930967616233 -0.36678131809322250811 -0.19998538363837775611 -0.3576712901663230415 0.93030431741944030755 -0.081271921237497365964
7.9839676243234354303 4.1450565191461041792 -3.4432839642924473189 0.45181028454389088322 0.0039271623394881334523 0.89210539970123980957 -0.23971575257359367672 0.96374753933694290442 0.11716244445294828058 -0.85930426785187885574 -0.26678691463049902799 0.43637245265195284682
0.75076507368401868003 2.7128153131561911771 -7.9560530016652313279 -0.7247616136496012329 -0.0084776840670961594454 0.6889475540654339536 0.52515888076546279883 -0.65408408787522431815 0.54440991535924077027 0.44601429722938712441 0.75637433514174556848 0.47850717006727583325
-7.8361218602533151412 -8.3249989150287433404 -9.1545385937526972953 0.97318054191847058743 0.013803437921902000918 -0.22962817321201797749 0.22356896737463133329 -0.29189151927811074483 0.92995497622210920863 -0.054189940563289143438 -0.95635182128483520181 -0.28714916727498979165
-2.6764046060389357073 -7.1142392629789918956 6.8803536184523874653 0.47744605463656747402 0.0014811227685550658068 -0.87865981539362836283 0.21979731009488334692 -0.96840697046201940079 0.11780102731217495515 -0.85072581210814124386 -0.24937069963418764806 -0.46268763412997099271
5.2406039059723088513 -8.2834777071558303163 7.7810696683471132218 0.91949260607281868563 0.00078698839183017580291 -0.39310650977430250386 0.28860399954005594436 -0.68032563255738121022 0.67369486055253358092 -0.2669102448896877311 -0.7329095539935115422 -0.62578151685559813
3.5904238388330886877 7.5187362731438529551 -6.1572628208942346006 -0.17377625274207730843 -0.011063610731683170413 0.98472301207012447044 -0.67887933369412023499 -0.72301979397065663235 -0.12792665011467205249 0.71338955996420039263 -0.69073871619026583346 0.11813281377280596129
1.0250187235086056781 6.0256730487690610687 -8.2133874573733383073 -0.38520592067909498191 -0.0032954483199708842905 -0.92282476055525208825 0.6826997075021652428 0.67181731006572120712 -0.28737190411081731112 0.62091666755719532311 -0.74070955300727270298 -0.25653820384803144306
-2.2987831446376709721 -8.146672428922327569 7.4129592206670835708 -0.46051910482704994099 0.0037309661581003900413 0.88764195145395108355 0.8859140205761020237 -0.060574498116238446876 0.45987724266903129422 0.055484252145433732295 0.9981567061686656972 0.024590398418114944867
-4.2051738932446092178 0.50039470497135996041 -3.6386762847266123089 0.62620005096101383213 -0.0093499211321377111161 0.77960635910145659189 -0.5875768205406121103 -0.66291129884810195971 0.46400656226218855993 0.51247143934044148139 -0.7486395586889663667 -0.42060888605266910645
-0.84453063976941478153 -5.0514396262048348873 -3.8734714978359137127 -0.93123297691511708329 0.0024019239322230572474 -0.36441648352856798043 -0.35484858972500371577 0.22175220326421937744 0.90824470200369500361 0.082991692814358142272 0.97510009286695931152 -0.20565064506327726535
5.7686120566523539921 -1.5270544193427990631 -7.5756153468105296156 0.51056362826036760794 -0.00025141622066075872827 0.85983993759745391827 0.7297536920167791985 0.52898724047929113201 -0.43316515141225508945 -0.45473545109814333953 0.84862974034611593499 0.27026511671779540613
-1.9040830755833657584 7.5151944682414502097 -9.0109523506714097607 0.37388396736281265254 0.00067169917493924754387 0.92747524375000922614 0.86175703848356322023 -0.36997290406723276623 -0.34712369103783413671 0.34290754668401568495 0.92904230209207572244 -0.13890577868141923412
-7.2834343219897235144 -2.7990462443439074747 6.0906079261684578086 -0.9688731490658096801 0.0060954386881961492711 -0.24748265928482776621 0.046661370917259248348 -0.9772814558925501105 -0.20674542904788006936 -0.24312041766093911432 -0.21185797505709058619 0.94657734016857231207
-2.213378615281125672 -3.9954172037905437698 -2.785569624533856814 0.98675644333302137134 0.0036325637920123408052 0.16216820286727509637 0.16042846821506207 -0.1695735262439619917 -0.97237211281664792661 0.02396723027547079804 0.98551084401823729753 -0.16791053628468644021
7.8121670905137090557 8.6071306535590892395 -3.8519079136391698448 0.19225118520417183721 0.00063647333338309134559 0.9813455439799402269 0.019836067152734185304 0.99979296323097133214 -0.0045344364247763627174 -0.98114525541711783418 0.020337786887574309247 0.19219875701218905317
-1.3297843159231994559 -1.6872447793635867441 8.3723068216022920041 -0.98725439380107482545 -0.00050819146302351781569 0.15914931247654354185 -0.13351792497754241817 0.54686084349279939776 -0.82650842800539681132 -0.086612502734987731334 -0.83722336302531719099 -0.53995862320575560567
-6.8373235253096256159 -1.5849295323007095426 4.6374851825916705295 0.023459779637627395377 0.0053554432313165220222 0.99971043706018025699 -0.94985575751636952546 0.31200788449369382116 0.020618436580767479649 -0.31180711770670727079 -0.95006441846953293417 0.012406534802726817621
-6.1162641525726995084 5.9839895398101798918 4.7162165829928763827 -0.32222981435131786698 -0.010799212302924217702 -0.94659987521504485031 -0.28638304383057988645 0.95419337484893307355 0.086601129326329365221 0.90230410558186180392 0.2989956193791158956 -0.31056226532314784583
8.6315194548234774885 -7.2111686219731954139 0.47577391896345022637 0.98753172477303807764 -0.0037337190257263220411 -0.15737583012947684025 0.15665744096797862284 -0.074980147391855725414 0.98480273338698520735 -0.015477039641125046876 -0.99717803668117388494 -0.07346035940966455513
0.63529276400290657367 7.25355799425375114 -2.1829688964251698913 0.97582385265124704787 0.0024453852167195476962 -0.21854479789652342392 0.071023262800470096656 -0.94921578091344127603 0.30650464499916185712 -0.20669664907217188965 -0.31461630815335006606 -0.92644107956550281191
-1.7236182460275730755 -7.2867146969190956796 -2.9763511736560173127 -0.87961167758338898448 0.0097596493621940720586 -0.47559231060119616652 -0.03503628737746161681 -0.99840319486680295658 0.044311612998412776288 -0.47440041655277043198 0.055640001114664112969 0.87854905102133384887
6.146134928033174738 6.1563070678300624294 2.0636101425854413982 -0.95517914858433239367 -0.00069030529436629956344 0.29602756221074338905 -0.26100854698224501549 -0.46984318140636505134 -0.84328045351946856467 0.13966865257471205997 -0.88274962948983959343 0.4486042344019189887
0.41229326785331488203 4.23935107463452443 7.3761789016979761868 0.081291009865912727816 0.0054113783006825878774 -0.99667571892758977103 -0.85179682733680461837 0.5196147807757683923 -0.066653166003484740076 0.51752674969876311106 0.85438351844127624624 0.046849405138584418462
-4.4222695522650425914 -2.9473599356592345977 -3.207126997219905018 -0.85497139846554082165 -0.0019787364233788463409 -0.51867137226574722142 -0.28674687483054800419 0.83508137009692251507 0.46948411591003580412 0.43220381486146275396 0.55012288619811988699 -0.71453808331001134047
-1.6915777128025952791 -8.1667212481198241392 -7.2500838840646464334 0.50568823434470566713 -0.0032191748535994064301 0.86271029120944731083 0.27206450284133121276 0.94956122759792926935 -0.15593069401690609621 -0.81869427501306701878 0.31356516381152954587 0.48105776379231945938
-7.8874925403772788712 -4.0653828604317361339 -8.7964834742175472826 0.67960333677583240064 0.0079107334350208696749 0.73353713262480846335 -0.34840331310803085429 0.88344991485763679773 0.31325928454386670063 -0.64556520666640193618 -0.46845882234633678953 0.60315163574956043302
0.62391159228106274348 4.098421346327937087 4.8108595062022176947 0.73421645191292095323 0.0021063509324413844104 0.67891219242687572688 0.42087172075588563658 0.78325092342881874607 -0.45758604176216577386 -0.53272243843126154683 0.62170214269648482741 0.57418921041601189703
-6.6243052326543603314 -6.1081560879070782022 -4.0458755148380065592 -0.91747037791604846291 0.0072153734586402730813 0.39773866298457388746 -0.18505404834248845303 0.87732457292877341626 -0.44278278300744045026 -0.35214074578049175956 -0.47984323702817921475 -0.80358407341092830123
-0.14860599678454455841 -3.6490900854157133359 -8.4592252775178931046 -0.94829443167360238931 0.00035638294760941512107 0.31739178289287789392 0.1718506725442565386 -0.84015836449639047512 0.51439407939096204458 0.26684268249816439633 0.54234103252250387417 0.79665625412678509054
-8.2451466167459539491 -4.9048716396182516775 4.8847273327572562351 -0.12427943209350827969 0.0020983356609664623356 0.99224504017181147653 0.091338119460031244601 0.99577618849410232116 0.0093343645502948300458 -0.98803439752466493129 0.09178986553813707483 -0.12394615723152470343
7.3168752560801824103 6.0853795310024354492 6.8269120037413584257 -0.063847714146792688972 -0.0079534698902996928127 -0.99792795918113308407 0.92888903179515569519 0.36507377892738684944 -0.062340216157034444855 0.3648131521874586336 -0.93094461610601086932 -0.015921235333634247561
-1.7631847073248585467 8.3529927338528775493 2.4249169961423975295 0.89979614671976615448 0.011242619441897173937 0.43616567707299608303 -0.27797147767815660879 -0.75575760491430821197 0.59292689280503430016 0.3363015788631184555 -0.65475495120103255342 -0.67690265321667686393
-0.23955068412368923925 -7.4193599276905315421 -5.1425883879537455101 -0.96274996800778744888 -0.00058814576307469976918 -0.27039259084804417865 -0.27037867919064695332 0.012468371753141537644 0.96267331402973810306 0.0028051631110461291638 0.9999220938605268838 -0.01216294658094758778
-5.9223219968770370869 5.7375418635201400619 1.0487847495227968775 0.24978465765089766237 0.00078600857736369281192 -0.96830109314837320422 0.95611396695891048836 -0.1583596191764810035 0.24651229827401974215 -0.15314603157837017311 -0.98738118941221220126 -0.040307317040719575774
3.1635187987416308886 -0.78994468330397904499 4.6091317005197671719 0.0059808939608251487571 0.0073693391009841567249 0.99995495985996030175 0.28902465877388427984 0.95728135667008262821 -0.0087835523808095436471 -0.95730296955989724328 0.28906417455829797047 0.0035954775659298113949
5.4077415095169731885 7.4781344892814951564 8.077591856185923902 -0.83959252974693876492 -0.012330287783899170073 0.54307674227183244664 0.31373105586209820705 -0.82715646037500067944 0.46624565911913495864 0.44346049269468679199 0.561836412190273915 0.69834277926824439575
5.1737736627970409842 4.9045277526693062953 6.4692996861773419681 -0.33694150214715307134 0.006661505970625612727 0.94150201724103865786 0.098758424864301933011 0.99470879161572633986 0.028305359926049825786 -0.93633177754961016692 0.10251850672145912391 -0.33581655428289997056
-0.079617140106918254938 -2.6535998224432058024 -8.8245341444270657405 -0.94515957552738461001 -0.0039811622208338962037 0.32658464008030507753 0.23019848894847516618 0.70121946882533270351 0.67475915127289853856 -0.23169383348486985441 0.71293436366047147068 -0.66184783797882174028
-4.5536870954171595471 2.8517945431268221235 4.3411978992864153071 0.44735126279240111646 0.0058257059988588268465 -0.89433937005350072624 -0.8653748075713465493 -0.24969030664958266619 -0.43448957776483221327 -0.22583908009708905662 0.96830822154662066215 -0.10665785477889494492
0.27140459178127568363 1.5627754923683214727 -4.9131321465187571818 0.80983356927694016836 0.0046059863593651811237 -0.58664160691333155917 -0.24300260841535242795 0.91278514896043416726 -0.32828798963803257349 0.53396565655067229628 0.40841407508417237882 0.7403233218652911507
4.022892502568377715 8.5908835938928813647 7.7730523433070182193 -0.99851460967993876938 -0.0074132218723143182212 -0.053977943617368746854 -0.041840274334457187855 0.73890908421191403566 0.67250483768690927366 0.034899365313890762241 0.67376435747982221791 -0.73812168704774161476
-1.1620133412711766141 -1.6203250654759282501 -2.3666226492109752044 -0.10593198829386603343 -0.0010967460265373773359 -0.99437277265834278506 -0.78914977441037192918 0.6085124377687722852 0.083398121254737445085 0.60499673338330317574 0.79354357802748809458 -0.065326429313815756461
-1.9499708288056554206 2.9096706864501529211 -3.3748236776074325149 0.67592142589111647855 -0.0035150092572738224003 -0.73696531175568558147 0.19193196922773661517 -0.96464146333159916935 0.18063489809427801802 -0.71154223009557493462 -0.26354220142334988664 -0.65134719072027624787
-4.0258919230405023626 -7.0422721401819767806 9.0363587359130175258 0.91428946043201198002 -0.0022153184332648024821 0.40505539733123507862 -0.20117219589330048723 -0.87042354878054872813 0.44932459684284453694 0.35157435933600300615 -0.49229862694571124848 -0.79626473723564028528
-8.5700552380798367125 6.324887850284608426 1.4916639798104807113 -0.73872631890107753883 0.0058571225361811318083 -0.67398005896211021781 0.44649778871260920043 -0.74482146502240875741 -0.49586360011281910287 -0.50489914877910102575 -0.66723809795136845846 0.54760402683389397538
0.11985474367732634748 -3.9789164701968418036 5.1451691468899385384 0.42426453437890271347 0.010780813971897926923 -0.90547411830386903553 -0.89725880942838198706 -0.12990307709206388997 -0.42196186968179288934 -0.1221729666153700683 0.99146808552354581678 -0.045440088207706640089
3.6646821830289630917 8.2764844656241187693 -8.2041332526785524237 -0.99815629789932214244 0.0087624736911884569535 0.060060169988596895374 0.06058006794595407335 0.20495651846718240807 0.9768945085860755162 -0.003749710908785759602 0.97873185530693451728 -0.20510947095503093141
-0.087730140405603021514 -1.6231187632070700477 1.6349647168795353736 0.10960621369674468373 -0.00035973892581002788783 0.99397502408606286384 0.70059282809174572293 0.70939480602008775367 -0.076998041651174659039 -0.70509302020765141084 0.70481123698450820481 0.078006109215468869
-5.6806816097341670257 -7.2521921270218374644 -1.8079705396814680363 0.99980909848102361703 0.00040253505937757044081 -0.019534701438257973116 0.012226049478451862448 -0.79276262144648446117 0.60940786814035241559 -0.0152410730888812955 -0.60953036347891342839 -0.79261620327141713016
-3.3500562838257108567 -0.55416944726110084485 -3.469259933104454241 0.66419092574642624172 -0.0050460101029310136175 0.74754595306103843733 0.49343800109734875514 -0.74823468948480387208 -0.4434679114941573741 0.5615775576260041424 0.66341494348102070244 -0.49448079794579280488
5.5276069705574890634 1.9326900906046671214 3.6248376716919872287 0.95599107174999264913 0.004269661319542270364 -0.29336468895684092439 -0.16601496370303381322 0.8323000016044730387 -0.52888159275577795171 0.24190928581030265998 0.55430900887638090424 0.79638019822048156104
3.6755954716967704776 -0.58367525375895068507 -8.0102886573396769876 0.43030569262945050912 0.010128529142035443134 0.90262640321888698569 0.68495224390828135519 -0.65495122932252247683 -0.31918538621611308725 0.58794339392134931099 0.75560326898853746869 -0.28876680113549951789
-8.5880826621602004423 6.0779665212952274089 5.8833378956116408887 -0.27328837655045595811 0.0031563801470195487417 0.96192697254380732375 0.95988856670603206478 0.066043561934978969874 0.2724925456488645481 -0.062668993526789951165 0.99781174837302766267 -0.021078711038040515158
-2.5217743801241141455 -4.9946273049466691774 1.5966757225607017823 -0.82404540188764696662 -0.0032467416803568498879 -0.56651446080077128009 -0.54510707164476046582 -0.26780835162873517508 0.79444129250747530513 -0.15429664957771871414 0.96346673293187756748 0.2189164188969376923
-5.0172518033189161812 5.4077504571805796729 -5.8494432216376637257 0.023005219350324030564 0.0027471830387187342118 -0.99973157040676785545 0.97457785325506673946 -0.22298469115489646941 0.021813652956769614272 -0.22286490936751451875 -0.97481807558930422264 -0.0078071554801472323876
-1.3883220055827290018 1.5717676233644479744 -7.8884224487801235526 -0.91557440441571569245 0.0038792953504348769156 0.40212990568499695776 0.1157070402360525635 0.96021055053834358795 0.25418021062764195594 -0.38514333801645783684 0.27925015613689030403 -0.87959306470603160211
-6.1577377514938627101 4.8712898783413827175 3.9063621371302623686 -0.99752461790010504838 -0.002012946698199338455 -0.070289293129658564352 0.054662263175536449089 0.60660435049238448091 -0.79312243629097101127 0.044234304195010586136 -0.79500132704865045241 -0.60499274071922681806
2.3273424789202428187 3.7655526706250279645 -8.5305938124469768979 0.64600104629674792722 -0.017317056777189178407 -0.76314007084398904901 0.64181863434824770742 0.55351798548412167733 0.5307416323874663 0.41322087167341342573 -0.83265716792096067245 0.36868760749845436164
2.0232161847992058412 2.8861393699966169102 -2.8810999245727857421 0.015937204059614098334 0.0043109721110875737562 -0.99986370123453260916 0.87804057056731599218 0.47831674272435992235 0.016057710529952765044 0.47832077308517040315 -0.8781768097307703913 0.003837823121773619589
0.66450965996335720209 5.2039552685917058739 -3.4358539783276436097 0.9687627314382484256 -0.0010738429273470379011 0.24798713079044876206 0.22510868753346163773 0.42334813958302541792 -0.87755480256690421292 -0.10404253444253744321 0.90596644505899892597 0.41036563142382809222
3.9643213683853213425 -4.2744624954648191562 7.207570752615560572 0.76009742246712053149 0.0039236055957595113164 0.6497972866040924167 -0.63018246741171268788 -0.2394610389611797896 0.73859899037755583073 0.15849910449615595143 -0.97089804621221653669 -0.17954113104034663539
6.0259305196830617035 -8.3983797762027148082 -1.1193008160258486328 -0.98625415895047729986 -0.0085007545662158408295 0.16501657833353378102 0.094904226958656925928 -0.8466628058367096088 0.52359839659626261632 0.13526241776081612822 0.53206186706484726034 0.83583147102548882579
0.58156535196654468578 5.8755489626601322684 2.3160590632292845648 -0.7032500686659898248 -0.0010547608701909037821 -0.71094178974152200112 -0.2707929939647531481 0.92501554129272323124 0.2664909056360897921 0.65735112028567777021 0.37992780346630783406 -0.6508028647850688797
7.8712878001711841236 -3.9234911699472347912 -2.2061132686671078851 -0.91747003346059452511 0.0029539101244756720867 0.39779393172430244086 0.11425878997771173051 0.95979404310450777693 0.25639875922838378797 -0.38104286716148877412 0.28068963150780817939 -0.88091978303899132197
-8.0718930176231058482 5.2418356040590641243 2.0791733911083105646 0.82934314218104621119 0.0068692620441308162998 0.55869738298690818645 -0.38477147721335475117 -0.71802537827983814456 0.57999178138081597389 0.40514301529301105509 -0.69598302377663634477 -0.59284632728410346925
-4.0079469710483524025 4.0510570126660532253 -8.3685702047908545609 0.93654228076843482054 0.0053053779471154225572 -0.35051449227937792053 -0.21166862868254954222 0.8055948047962876446 -0.5533655230647815948 0.27943684074334063094 0.5924431309839657267 0.75559657793389234381
6.2500510096711945351 0.8435696818123010754 4.4383389732028799557 -0.78728992045396339883 0.01560260631467854861 0.61638554479142615428 -0.30771653889727185183 -0.8762282053631819112 -0.37085666208832046564 0.53430806922666862491 -0.48164373846480995622 0.69464681411256112842
-4.2971882284098299465 6.9389616937855151946 1.7951737968338150608 -0.38937534974892601403 -0.0042864879570211535803 0.92106919557052735481 0.55017646263100805637 0.8009140022741219056 0.23631043338847323998 -0.73871015762240588298 0.59876404950742578848 -0.30949784497302795794
3.5791444419464686355 -6.6002598060064157082 -5.2749115024834569709 -0.52129090570867986365 0.012287315386191880601 -0.85329057975912681044 -0.80093815992239181245 0.33806535033291218451 0.49417596348272030404 0.29454007470188198203 0.94104242241497437771 -0.16638901288798266243
0.044549168191513562054 7.211709993960651488 2.2033839596607540656 0.0031296653671029871224 0.0038992935808158249791 -0.99998750027411986707 -0.63268819899252759509 0.77440594147888641707 0.001039546766123810792 0.77440031511475937442 0.63267703712995948528 0.0048906684880091529782
-4.6331477604983950513 -7.3168853848915516025 -3.9130291155910401635 0.015401764982409688401 0.0100971829871484408 0.99983040188371108403 -0.48260121087963325781 0.8758390724318138032 -0.0014108362264452518203 -0.87570477724662643126 -0.48249763325540145908 0.018362380292172752333
-3.2153618853707994774 -3.9989506713011135908 4.6083312781956653481 0.94273700034892393695 -0.005795793514492979942 -0.33348666682620803359 0.13349731345999166221 -0.90971203914290732495 0.39319520996239104571 -0.30565571395316659675 -0.41519924688754511477 -0.85684547609919281541
5.203688774448170129 1.8851508685345652605 -2.2684933826452953198 0.049715466174142894373 -0.0042023505283967583016 0.99875458080196199973 -0.31681155004299149658 0.94828264868967404588 0.019760059547051660872 -0.94718467797073302439 -0.31739936742847418838 0.045812960759882941086
4.6249348495147701854 -7.3526949309432145796 1.5432974288408249919 0.45826036789157531537 -0.0018596366449320491862 -0.88881605350678039024 0.64843907256543242834 -0.68322420690664364962 0.33575504801424133072 -0.60788502563405832912 -0.7302062892417431339 -0.31188871534816625664
-2.1657242894026254021 3.0417788491271484652 5.1335214999461404872 -0.5392456023148167743 0.005570031210937031324 0.8421301295741258075 -0.78432365943792858864 0.36083014355344744661 -0.50461669091412431065 -0.30667666626290246423 -0.93261491638056337461 -0.19020736083123734872
-4.4082676938054472515 -3.6130278946829057496 3.0194895670697703416 -0.9535118141417817661 -0.008155887214755177736 -0.30124525190606743497 -0.29974460609173858572 -0.07755762775993710334 0.95086170681922388415 -0.031118987949513267355 0.99695451043664096158 0.071507431145486646806
-4.8010641899626449458 -8.1744408797555934143 8.7863192661162798913 -0.96372208566127282037 -0.0075977365018727611307 0.26679958022577093812 0.12325662088704339436 0.87395886026654812095 0.47011032318890932924 -0.23674363141611612371 0.48594051586727243786 -0.84131698427072110213
-5.7086267681649047745 -4.9851812841945717381 7.7846181545902979337 0.61727469019988789878 0.0045108659361856517575 -0.78673477673681802003 0.038493236494706102591 0.99861277619725163923 0.035927621129117487397 0.78580546421044406014 -0.052461179021538698053 0.61624475422745828013
-4.2493091836753400514 -3.9337506160329751559 -7.803197376139071828 0.53774069832639770361 -0.011805196533285110955 0.84302762629571270647 -0.72495524688170864813 -0.51695719972075238058 0.45518693267233384381 0.43043562977765159605 -0.855929839993658792 -0.28654716474998320752
6.2614202541494670129 3.8430886130761123809 2.3205659595777321513 -0.960618964447203183 -0.0033594547935264966812 0.27784873440051377491 -0.27289985948545963934 0.19966506698858876856 -0.94109485585534713437 -0.052315120542226478673 -0.97985844645438680001 -0.19271884462792546189
-5.8041447021066083778 -3.8919314123761705737 5.4763019285041751871 -0.70116480566927952278 0.0078677866506184183926 -0.71295582838197035791 -0.6806121001119357361 -0.30533452958348317186 0.66598648201359567089 -0.2124501929201606798 0.95221264588168363918 0.21944473689505536451
8.1485477653968878542 3.0397145401967842204 -2.3232674117045744033 0.93953178734116982174 -0.011295083650220544974 -0.34227538862851619728 0.32977099203089094148 -0.23972006004247448097 0.9131184948450340455 -0.092364026494943796131 -0.97077634597186379661 -0.22149982553270447516
7.5326825346837047448 2.303560705690894217 8.1464085519317510631 -0.98657469417898391306 0.014158186250651915578 0.16269578534071410525 -0.16233130611316190506 0.023922176230820282883 -0.98644628669783063213 -0.017858327502242039853 -0.99961356295656778048 -0.021302696832690218298
6.6982611433845429261 5.2700939009554250703 -6.8277954919788523824 -0.43367492265075208158 0.010074041738594413653 -0.90101308267257740336 -0.83870286754657452644 0.36102849308245577031 0.40772040315854141124 0.3293987878439735284 0.93250037043735534148 -0.14811987611816151977
-3.982826662493872405 8.4929392513613883864 5.2691106251110282344 -0.62297028760659456381 0.0009821052891001739657 0.78224488251989399146 -0.53621447575666658647 0.72755374335069533664 -0.42794811195454113273 -0.56954548259835791058 -0.68604998797865701654 -0.45271774567148248547
-4.0325478536673911023 6.064627253342746549 -2.5570864307637273249 -0.45275119162693872044 0.0011096234294106603613 -0.89163620788759734292 0.34481733446875501015 -0.92197691963222061506 -0.17623724213489977419 -0.82226356135378730894 -0.3872432419052500574 0.41704353162284840684
6.2790679846247439144 1.7510166753601839051 -6.3949859081254363247 -0.17527775939117501425 0.016523409333533314869 -0.98438035535407042431 0.60080349213445594092 0.79389191432386574387 -0.093652507760185188523 0.77994414601402239917 -0.60783435680688824299 -0.14907891797094327546
3.3321240325253733694 -1.6442359417535048483 -7.3567698511173604814 -0.52164558819063377992 0.0032379172820652404007 -0.85315613823790614756 -0.801295257825737961 -0.34521069797313513883 0.48862611861286125992 -0.29293649500747609427 0.93851962680395994987 0.18267216535726021887
-0.67630124524673895792 -8.5571707307934197217 -7.377309472595595885 -0.52025087807215553148 0.0022569133614466895671 -0.85401049771497294927 -0.45453876731067066608 0.84585980595614473909 0.27913383470924485463 0.7230031347630230254 0.53340050150866402667 -0.43903345215729255857
4.8867656692702095 3.7587076397665892813 -6.09102108328158387 0.41979179275657463322 -0.010620535264124543809 0.90755829287430855867 0.075970325557195447774 -0.9960113780143498019 -0.04679577439717196724 0.90443538208609297602 0.088591980999333477809 -0.41731055646084658228
-1.9379225582121908378 -5.0728134568299809715 0.48644373287501280201 0.79661603516204293474 -0.0092795974489203458813 0.60441441213298940927 -0.25683985000317410829 -0.91033435254298600281 0.32453760649641999469 0.54720762419133306409 -0.4137695682998520641 -0.72757031301159125203
6.3344261077761681022 0.78650355719384990039 -9.0891879589001725037 -0.93059885627467753277 -0.013635317429545070617 -0.36578661377793730836 0.10617708533769387724 -0.96639690469771544201 -0.23410136509653742265 -0.35030300491107174699 -0.25669261911758523009 0.90077561248130633142
-6.4111467470242047284 1.7674212466877230465 -4.7184735713170358196 0.8611846336965791604 -0.0059472434205687322445 -0.50825747115097053008 -0.50828397322286367199 -0.0043645614231957521878 -0.86117846766413264081 0.0029033170240329551903 0.99997279007931838546 -0.0067815817459845745274
8.547766727843878698 -7.6157580842432901491 4.390733983711517574 -0.57708561484245646245 -0.002456880453170749018 0.81667995988671515661 0.81598824541710224256 -0.042993169336508443856 0.57646749321307533265 0.033695348093221756669 0.99907234529279298485 0.0268155251308169508
-1.6026907679307684784 -6.0671612623483062166 5.0065453220152047464 0.52728030302109984984 0.0075302624126522632944 -0.8496580354436724658 -0.79744922266940565514 0.34960703336628490279 -0.49178212603193177666 0.29334317668842352367 0.93686616833387625913 0.19034590439923554372
-7.4403474395442978917 -0.5971943967296818867 5.3867059105160963739 0.42998635333062951158 -0.0024453532116605488332 0.90283207530354392389 -0.0070416869553749667637 -0.99997499884680329796 0.0006452331901274574455 0.90280792563764244996 -0.0066349023138249554193 -0.42999282258802001833
-6.0329986428380841801 -8.1029546463884365437 -5.398182530548556457 -0.95438190950103529708 -0.0048192039864145101713 0.29854973805014806132 -0.23018283176091441922 0.64874448920455018985 -0.72535953270719666364 -0.19018684176186864687 -0.76099104002573214611 -0.62025930240596482967
3.9863044959063493877 3.7808424113037597536 1.8790792782714653697 0.94437255748325188431 -0.014866738410088767633 -0.32854140189837349739 0.16306430046089054331 -0.84637068981407770352 0.50701744480713184515 -0.28560550867837819489 -0.53238673491435573037 -0.79686501861960945536
-3.7877751699213204617 5.0874223027659688512 7.9555058662167361661 -0.97839810307950236812 -0.0091227865462783774841 -0.2065282708399553413 0.20526426256908752999 0.075870215731205975507 -0.9757613913641380865 0.024571007356715406089 -0.99707596758264138703 -0.072358693098758725126
