1125 17.292696884352682929 17.968806560800352656 18.477561601407678893
-7.0113644746489285353 7.3728373532040984983 -6.1557345209609550807 0.51636572217646214966 0.0028158001892351286824 0.8563635397601044863 0.10692535382699372426 0.99195712881374575876 -0.067734948915677550829 -0.84966664620335452529 0.12654298030694260957 0.51191157875645620923
0.82016640727089451524 1.640141688672252851 -2.1838967402743345581 0.49900027654779721686 -0.01404812384291903235 -0.86648795388147248353 -0.47555666653485950679 0.83143093527806488652 -0.28734727556839267937 0.72446158001594118669 0.55545049291450232509 0.40820358768844700048
5.2944505784967237361 8.7309694604621430614 2.0553103548328852668 -0.056576925799340968548 -0.0017894225092063864059 -0.99839663933440403465 0.99802332302112128914 -0.027503907292927183559 -0.05650647564216212948 -0.027358694650517465657 -0.99962009436145748964 0.0033419719211134932095
4.018177840751121721 3.8966733198760534762 7.0330781583885766395 -0.85197801150655549929 -0.008019756604811679318 0.52351614245754096721 -0.1659517712742165918 0.95246479129720251766 -0.25548156675259869886 -0.49658179338401897684 -0.30454310835006104252 -0.81280995173298897782
-5.1587269932525474658 -8.4276412233328681367 7.26322450270977793 0.59200881947987082921 -0.0010165145489543277874 0.80593084340796494747 0.064154926257634178888 0.99688525685911832941 -0.045868617751233679847 -0.80337394972382281111 0.078859060073594430818 0.59023007848592901059
-3.0246853191592215637 -8.950551875389400891 0.86719703377710566361 -0.85961167951806183307 -0.012322000780283823285 -0.51079930377078508474 -0.50319155145940053231 -0.15311436660603389148 0.85050235348221747689 -0.088690602522882466818 0.98813165065961006128 0.12541857114699184184
5.1327996605566497124 2.1955820407557826712 1.6748631772567303955 -0.51149072569403397637 -0.0048859124011486759764 0.85927490676087436849 -0.76898993288098205223 0.44883331090424793963 -0.45519571851033852061 -0.38344715497264492132 -0.89360214127032200349 -0.23333129335962718431
4.8042412526866185019 -1.5704925485374716665 2.4436725114011723647 0.90826601102987780667 -0.011430200341993084628 0.41823701860088580151 0.26953433053043668322 0.7805456226869879055 -0.56400334712637378853 -0.32000640286347115104 0.62499430511359843621 0.71202389054157622095
-6.0001260918959129498 -1.5001110931902568169 4.9774506579692880948 -0.85278336341374105789 -0.0047115229608380897533 -0.52224356064582200254 0.52168816386255334461 0.039292540257222362265 -0.85223092877800765699 0.024535581719658694499 -0.9992166420910419955 -0.031050078875278872004
-4.7458494104525659196 -6.1555138900888985987 8.2216441247892237953 0.31762946196071939475 0.008072604080478353733 -0.94818055134978562748 -0.26121755547590008728 -0.9605260211753873234 -0.09568255513077916774 -0.91152449972885607465 0.27807300427850834001 -0.3029826574010371365
-0.5867781136212367743 3.8650224044810173041 -1.8320506859644016817 -0.24880713694376241363 -0.0051930782453996904291 0.96853912700745192765 0.16554890053754919843 -0.98549808140147687752 0.037243698590538401594 0.95430004198721340991 0.16960708561921644666 0.24605866449109675687
-1.3325191789078651983 -8.1674430292062876191 8.2877409725198099011 0.45083123268392816252 0.0057974840255300384706 -0.89259038131455559206 0.092262658690533419503 0.99432007169831471138 0.053058428447643524173 0.88782813733738674689 -0.10627315840311346573 0.44773565231636169859
-0.37540541619221357017 3.0111655450819405644 -8.0158026861081594916 -0.52707364673651213582 -0.0040085183515890295686 -0.84981015685658167769 -0.32755351771320662113 -0.92176484297566019244 0.20750486087837163862 -0.78415691283681909773 0.38772865000552225734 0.48452495293370184681
-7.8427033173376994313 6.3320456755037026753 1.7352314424488146649 0.32164924133666999984 -0.0065273602227033135359 0.94683639511594475113 0.94557207051086333838 0.05433068639534999883 -0.32084519006112488526 -0.049347999119526551881 0.99850166253467520505 0.023647513580919862775
-5.3448255671262563382 3.0536476484961796452 -4.3940011703586678848 -0.93744389696002228263 -0.0073772964562690904189 -0.34805820712819224294 -0.31685916747515896486 -0.39608743871109836077 0.8618091487577473897 -0.14421930536303786963 0.91818316059054028155 0.36897218806884662934
-6.7104380359560558134 5.2972619452517859528 9.0445370070383219741 0.97696819826126368724 -0.0029296348825818257361 -0.21336484439912098421 0.20715551145380534104 -0.22681967259287022509 0.9516508972302342162 -0.051183333814099792047 -0.97393236590854892487 -0.22098871685064838677
-3.2003730271046904043 4.1447794242915989571 -5.4270296249140743683 0.05261477033195768177 0.0017615231824456502492 0.99861333006265207146 0.82105785599237512962 -0.56927889840078282901 -0.042255567069986496587 0.56841506230549065926 0.82214258670327933221 -0.031398790941720010339
3.7648023918904440777 -8.3746099880663980031 7.3013005497433765001 0.17340525244883500666 0.010773081154949485858 0.98479163234957667328 -0.95039946319947032904 -0.26033391293346225259 0.17019728002232886732 0.25820820818357126392 -0.96545854105661632616 -0.034904537346671628273
-1.2343617094865451111 -1.3866544464292271943 9.1860779788659066014 0.69177701949660685976 0.0071214688695425791554 -0.72207606245972066894 0.44012915520024065152 0.78858674608316903232 0.42943831995322856443 0.57247784414665903174 -0.61488228839572345308 0.54239182274280584029
7.4534647250363725846 -7.1828457638797562623 3.9704642562462932887 -0.90595591564359712056 0.0038633888924604689596 0.42335440606730140312 0.42319568147837482996 -0.020595326275953548811 0.90580419943488232892 0.012218596006124354467 0.99978042927539390039 0.017023488179138977772
7.1116755274520357943 -8.415959535401707825 2.9004559898344823843 -0.99101196530067547918 0.0028456948392503178535 -0.13374298729866632152 -0.015757600361662259247 -0.99529665904925157527 0.095583777473950734538 -0.13284194616742395212 0.096832135710370165205 0.98639573946375025404
4.5725772951748515638 1.8731038251983302967 0.30792030010669474427 -0.43204225618847208468 -0.0046866188704547673272 0.90184118583659467205 0.90164651626722047695 -0.023660783875077903704 0.43182603790167711777 0.019314465329724153642 0.99970905913179197722 0.014448132026121449437
0.53355220197801389581 -5.6977165718206208567 -4.9084955467323974077 -0.34680267757547200702 -0.01004765367073005497 -0.93788429322724764514 0.88535157286976329249 -0.33362241471962278405 -0.32380345398671739332 -0.30964575767117830107 -0.94265323902934650135 0.12459685270486087205
0.78963186635351068077 -8.319223289870395277 6.6725178536918230421 0.96410303102463912328 0.0053253783403710190994 0.26547501937989897991 -0.10256404899679638643 0.92967151566191263967 0.35382409304687184592 -0.24492031647579268205 -0.36835107345111506305 0.89684531847183612818
-0.364489028858987818 0.55657396916411616683 1.7646743362864134586 0.56967040115674316691 -0.00070845160447711216095 -0.82187294160493129525 -0.71744991141827452186 -0.48824762407530286623 -0.49687008582794911504 -0.40092550262097614855 0.87270485026802724349 -0.2786484984116415764
5.9882528596095490059 -8.2620781863339747275 5.2575586118222012999 0.20653863452816090263 -0.0083255058762024842373 0.97840302452470251371 0.15000264073018021449 -0.98787321979175879427 -0.040071303854960022006 0.96687175996696084201 0.15503930975899177236 -0.20278513803575115571
8.1856744377034047488 -1.5416835364964085464 -5.0664513935261075162 -0.031218397967617453337 -0.0018787338999357201808 0.99951082134574886773 -0.8604450743822312786 0.50888359542802308333 -0.025918338597572143644 -0.5085859667740828538 -0.86083329202769620636 -0.017503077931519010063
-4.0599024748327536827 6.2529923757284073815 6.1546682120449922593 -0.51778028302046485987 0.0029907592722750436093 0.85550840666501681842 -0.28549033509452559354 0.94206727746857421568 -0.17608098503364258414 -0.80647309135696487736 -0.33541064396028680283 -0.48693002868509566161
-5.8936317967327775946 -1.6246999795007395218 2.4753175884788953809 -0.090407782678792097952 -0.010280191584444155553 -0.99585177134523084064 -0.50355625775487289353 -0.86223442221438439947 0.054615899006036611185 -0.85921913858266474318 0.50640509358554819386 0.072776047458457643335
-1.5380033465279461247 -5.0553207909968866929 4.1092788495618322031 -0.13285892987048250613 -0.0050295866903505865447 -0.99112219630660669534 0.88200725099379884142 -0.45675713814691298875 -0.11591430432131344386 -0.45211913689653188131 -0.88957721419206259306 0.065120396515258846537
-7.3266755808788666116 -1.5856402231055968244 2.1440887794152398982 -0.00075600907778607118193 0.011181824350324050948 0.99993719565490923884 -0.8643473167505655308 0.50285616143159173053 -0.0062766978921709286332 -0.502894764813160422 -0.86429777722407130636 0.0092848160507553005594
5.0546384096678274034 6.5329065647864057453 -0.084241298418202395504 -0.38393692875370633022 0.00040455620095365641894 0.92335923186664359275 -0.40195345917896452281 -0.90035066934652985271 -0.16673958396618521194 0.83127964692583056205 -0.43516492108339765998 0.34584048355464103164
-0.75695991400102580204 5.913305449375704903 2.9915118346889437717 -0.62921501232791965386 -0.016620651794409323221 0.77705355169042455987 0.76481802409111176999 0.16472770893395222158 0.62283077311121448627 -0.13835410469585920912 0.98619903459843816229 -0.090937373342944813337
-2.8595394306179100496 -3.828703688465055599 -4.9114483930808425782 -0.64163082578193331162 -0.0052952539286275209993 -0.76699533485692306112 -0.64488334761444898735 -0.53765259239085438914 0.54318979911729514676 -0.41525335805505880771 0.84314983851108871171 0.341559655759549885
-4.9747622823683181892 -7.3935480936272099939 -9.1877820715535811757 -0.41290468372859395751 -0.0039771361510685093038 0.91076555959392135886 -0.3400444723741823938 0.9283518486789069657 -0.15010863353460424108 -0.8449138884893252488 -0.37168135202358759672 -0.38467322963177896789
0.51771536426638031791 -3.6878042533378154744 -4.8323192429606747211 -0.69766059176209238579 0.00064343570966064896587 0.71642814342597105348 0.67500913801545436854 0.33567939453099920888 0.65702511952199871281 -0.24006741198621608935 0.94197607723205556418 -0.23462461001451903608
2.4414031408865248807 7.4414269642356316581 1.1657303469366979698 -0.9596620792633063779 -0.007643286694459668594 0.2810520837728240906 0.27966645036071835495 0.076811368057332060633 0.95701969168861200643 -0.028902770925811491209 0.99701634585692855417 -0.071575386321892059405
7.8163788593023042495 -3.014961312995452225 3.7195990002649197415 0.92279091014222935918 -0.0054410778388279019968 0.38526267770279509772 -0.32205460401009761151 -0.55979271188690216121 0.76348736188246535406 0.21151304497513603864 -0.82861481666096026277 -0.51832395026188349263
-5.7866247126571312975 -3.6272988361201106144 -2.3763703248649425959 0.88750291385741053585 0.0098493998289715996991 0.46069682787902871413 -0.25190494276950264885 0.84752951499639239685 0.46715909604525246435 -0.38585292237208729249 -0.53065686703616288256 0.75466602663980475452
-1.8039006226870526461 -8.1795806346322592617 2.1679450698278297516 -0.95364413411485038363 -0.01264934804955458042 0.30067068274506320025 -0.21267873472928897072 -0.67853665053468426027 -0.70310438035530076206 0.21290989000601048819 -0.73445762837279893187 0.64439224922603732804
1.5166767980758357748 -6.1847939153256454858 -8.824798042756578198 0.90763700106978384419 -0.0027284402595650972256 0.4197471023161249426 0.21368568753160513407 -0.85770284503074201155 -0.4676368853831671113 0.36129420315490912152 0.51413848838623454895 -0.77789980943969894156
3.7906152874682192966 3.2429552238185559432 -2.023554187716675834 0.22935064063864604722 -0.0067471621932370523522 0.97332048136313753517 -0.25930919693364762324 -0.96426000605926387443 0.054418573118677412981 0.93816684231751168443 -0.26487188698874536419 -0.22290325134179878042
-5.1347925949725210515 2.7551686189706106056 1.4429540328241599045 0.91373938088900064081 -0.0050936324588758382162 0.40626887491050783785 0.31651789907985899974 0.63586924093956720405 -0.70390818150451828217 -0.25474843154549170476 0.77177999671886010624 0.58263099238700499782
-7.1845732140588260961 3.0552195428805499766 -2.6693606067950486072 -0.10106776213672057085 -0.0101985684868466462 0.99482726975956214943 -0.63715394248959200674 0.7686370015332569805 -0.056850799853934846917 -0.76408125289572392802 -0.63960390014040080509 -0.084182479759650305495
1.0522569273018309577 1.7423552465550475876 -8.7257950620693183197 -0.71336742477306869237 -0.025008232197083798964 -0.70034384811666128279 0.70055048445845613525 0.00068911805364201342283 -0.713602511095038472 0.018328556883402066097 -0.99968700773721452801 0.017027934809718123926
-8.1702766002085294161 -8.2624343847476815483 -6.2809907519875327608 -0.023850966176864128732 -0.0063036134664546132275 -0.99969565162082063559 0.97488550105930960044 0.22133776443407354728 -0.024654692440491194488 0.22142581429551225214 -0.97517683447279657205 0.00086618183934275864641
-1.7014461996447418635 -7.3225852995072271412 5.6000261494268332996 -0.025972348557668799296 0.0032048165914142401518 -0.99965752448589761947 0.76899311995557118049 -0.63887742713743977951 -0.022027586237286025939 -0.63872922163585066357 -0.76930186678884737717 0.014128665313710386114
6.9505785898592966632 -8.3421034717173139228 -5.5044486281972107022 0.040823489056447267997 5.6798626088010151745e-05 0.99916637229012994492 -0.79916299970471948999 -0.60022506428885036289 0.032685961855230399875 0.59972655656063056373 -0.79983115028962936677 -0.024457889983024366787
2.9703235741196900577 -6.8484184712066324963 -5.1662479735182698093 0.71883845978790561482 0.0085732311310655288233 0.69512428272770088178 -0.57218612951935976518 -0.56058621065157399066 0.5986201914510244082 0.39480919684726223373 -0.82805168928953620799 -0.39806544430476642482
-0.30181993202612572569 8.3793658186931239129 -8.8394915809607255142 -0.21064129884962393136 0.0016837532863229857927 0.97756197153610835393 0.15232965920784877212 -0.98772654213795874067 0.034524670622166353517 0.96562203689887227132 0.15618400344073996022 0.20779951617996766933
-2.457593359085242124 -8.4259050782356776921 4.5581963176218298628 -0.14692336921326384913 0.0088026193746211789382 -0.98910870862170996443 -0.84215429989961387847 -0.52561956428803935371 0.12041681277314328358 -0.51883490508999074997 0.85067419587634507394 0.08463896106623501614
-6.4256291334958781647 0.93621487170940564937 -2.0360882711989427563 0.97569166804329432452 0.00053994727280267382826 0.21914715916031213272 0.21343164824360125187 -0.22924792823511064288 -0.94968011400018592649 0.049726255028457351515 0.9733679139241351308 -0.2237905353314663115
-1.2969239542245756258 -4.8399177388636287489 -4.7697659336129634156 -0.99005906358360873387 0.0011955176300442083188 0.14064715195711535722 -0.097828615844570615545 0.71261266192387773266 -0.69470335826731555162 -0.10105747146059049224 -0.70155667255300868668 -0.70541166892717888093
2.2317253251360575916 -1.410600284588544584 7.367506774724076557 -0.3423845186064500834 0.0040969183843929564415 0.93955098673699133371 0.87605020874734829128 0.3628041932175560258 0.31766200455438436956 -0.33957160242333600531 0.93185639056853886153 -0.12780764524898219348
2.808443940882903167 8.1698709600715062606 -6.2425050184199042391 0.80846067548623157251 -0.0026170104221649006029 0.58854438018612720285 -0.2343285012806191614 -0.9187445642961787895 0.31780273608549147735 0.53989025707064330906 -0.39484373723351423591 -0.74338209118068765413
-3.13349164711873307 -2.8417015007540746829 4.3988561549193541111 -0.98886658941415706003 6.1813735422436462408e-05 0.14880478661546500674 0.090322856949787616587 -0.79446092714218108366 0.60056108494996951475 0.11825671166162249337 0.60731526526416912404 0.7856102842526839769
-3.5234668416179060202 -3.5776451667484261421 -1.2369336576115186332 0.79017415284146819143 0.00074250689767258338386 -0.61288192734401958361 0.16575039059156701504 0.96247609291749836036 0.21486409328030384169 0.59004374092105826843 -0.27136547172763486602 0.76040066054280930352
2.6825636418877416567 -8.3980789457300470957 -3.6421830759449154158 -0.94861549824928914632 -0.010297423444772735995 0.3162634970268358714 0.12245557599553041905 -0.93354211326531166826 0.33690318292896309638 0.29177605862863059683 0.35831980943051294775 0.8868334938312211202
-1.0709487890643003549 -2.6774534318214517903 4.8480825124228568157 -0.63431397994090565895 -0.0058492487799948582328 0.77305340122146171122 0.082661722592419745181 0.99372536815433043511 0.075345419930499174521 -0.76864348983731911602 0.11169457898745072111 -0.62985038426217210272
-5.3111891888507232196 -0.53963399231682740442 1.8695594038406189163 -0.27681767377999527691 -0.0037696758836852717681 -0.96091506649998936762 -0.041737830146577239998 0.99909572842887117705 0.0081042562953027395128 0.96001558790362251372 0.04234991120616592164 -0.27672469351893991263
-3.6960020921292180418 5.1199942985163744424 7.1932346403691189707 -0.35959071510520623782 -0.0060379822825337775213 -0.93309059601973332043 0.09487088102171832571 -0.99503375430951057634 -0.030122146649200917667 -0.92827476188071345042 -0.09935477117147833992 0.35837772796473543746
3.8305990827577982571 -6.0427676541823327483 2.9678424297132077747 0.049160736041178453026 0.0021007157143603499144 0.99878867085349032351 -0.60258214123883735436 -0.79744139874863029238 0.031336538128148135052 0.79654126389772772487 -0.60339274320745073243 -0.03793695233878000006
-0.93914596278508000182 7.3339086213823101446 -2.5651741316878258203 -0.70412679511082632011 0.011449565809448045139 -0.70998194614322307494 -0.54964354642639168258 -0.64181244770516665543 0.53476046398600052267 -0.44955247555614186172 0.76677616643554491471 0.45821052182151078558
0.045972877261852479469 -6.0670273193538548639 2.7084068438960144931 -0.44585462113997254008 0.0074221270204823932767 -0.89507461635235996411 0.093166102618784885081 0.99491912030416462809 -0.038157848157271981315 0.89024363751220303431 -0.10040346649220735498 -0.44428077809574900714
2.9646208340789970137 6.1002607592625830435 3.4877454433043539872 0.99827524497267439152 7.855790777605347816e-05 0.05870714695443576131 -0.057804055436747721342 -0.17341602675874800976 0.98315083931109714666 0.010257994440162754649 -0.98484865613541971996 -0.17311238562900796434
2.9164820060039278182 3.9208453993178675745 4.7150787987503859355 0.93520879773558718284 -0.0031602646975890007555 -0.35408264199892669488 -0.35290646942725883983 -0.090239540176105748071 -0.93129686417659296449 -0.029009110195548311328 0.9959150757547359234 -0.085508089733252024001
-2.0325378658040480495 -3.745086334926143401 -6.457450674522921652 0.12119116775549990117 -0.0059447852957811627567 0.99261138437249363253 -0.55845818546386383208 0.82630264265566744086 0.073132741153051281091 -0.82063216848128517356 -0.56319499488917057484 0.096820668173687188252
-3.454103633106004434 7.6202249325743789399 -5.4320752582116238472 -0.23427994956624315082 0.0042618258184252844761 0.97215983360352686837 -0.24865780637313633639 -0.96698940689172407925 -0.055684668348417010186 0.93983094254292132153 -0.25478093296018455849 0.22760596573687175148
-5.5200996390122103463 -3.8464190209299076173 -7.7127637750264064209 -0.89530453689859113009 -0.0090682288673572183924 0.44536227212657786279 0.38433666323832349487 0.48972131416635367174 0.78259719124307924876 -0.22520016762708638947 0.87183186548561120155 -0.43496446156481349821
1.8525678519209209938 4.270073133346073746 3.0071474000661573278 -0.89070718300402818013 0.0039463138562830617218 -0.45456038185452629641 0.35966077763163550873 -0.60541922476463261305 -0.71000823045826155777 -0.27800150930901323942 -0.79589697127963365819 0.5378319179163212338
-6.1159712034608952891 -6.1562228292961176379 -2.7438289651301355221 0.9733623375899597141 -0.0011696477372640800858 -0.22926925586723850836 -0.22104243838958251289 -0.27030642313861841242 -0.93705639000074802958 -0.060876926602867913185 0.96277363358917023017 -0.26336463367947404723
-0.37876152689452613487 -4.8357921109931512049 -7.1572215627110207237 -0.21209899705952239835 -0.010726411129234001904 0.97718931612584991608 0.86745520413863108633 -0.46255575788809560889 0.18320381998472609619 0.45003942522721851471 0.88652530417834618515 0.10741229348795779119
7.19699823000645722 -4.9781613528404200508 0.19129477246752604747 -0.29953228605060577827 -0.0031834958916886462593 -0.95408085347460513947 0.033875634360516521104 -0.99939939172071778906 -0.0073004948356663948439 -0.95348458351977727343 -0.034506828050115428974 0.29946022742251604543
-6.8262228375839297811 6.1065202300668897095 5.7422062296521287905 -0.81945785255446290662 -0.0057249432012380710444 0.57311085569251196681 -0.57008684548996679808 0.11120868528279734266 -0.81402310588654436252 -0.05907466873705195104 -0.9937805861171473687 -0.094394545237262317272
-4.2975516962283055733 8.4149367309197788956 8.8123214702845764634 -0.64688463627643133513 0.0040296559528730027666 -0.76257722836615959849 0.25356233840780434408 0.94422580302797776142 -0.2101041966195444366 0.71919844819825684556 -0.32927404205128985026 -0.61182693414095346007
-3.1333116787132437864 -7.7569998434454570102 -1.8113987923790224599 0.92981040700515038555 0.0039362495085434956801 0.36801781609679939944 -0.36662973292909223355 0.097324912936936264218 0.92526239535290111249 -0.032175238261870964251 -0.99524487803837502486 0.09193686301579384601
-3.3092574808579380274 6.2680798849187420174 7.64325984528384339 -0.41613416591667695688 -0.014258089577176759344 0.90919143354853071415 -0.56877950449354974793 -0.77603761815581606687 -0.27249860637272793618 0.7094520640782956411 -0.6305254333400879263 0.31482605782663891647
0.040758750000305828121 -1.6426154751776380625 6.618682904485663876 -0.39562922995651794711 0.0028470695848621025738 0.91840590514144904155 0.63169838253100663028 -0.72503691442009554624 0.27436950675290494583 0.66665933272677646571 0.68870412146504145223 0.28504730689049695425
2.6281288452026756453 7.4083435681375968684 5.9392338882618966878 -0.46924365045387805839 -0.0067871089511640572689 0.88304265562945616352 0.83138330076479782793 0.33368956691500623046 0.44435692876487231651 -0.29767802021301087434 0.94265858511139222209 -0.15093902145510010304
8.5252930682439753696 5.2512865267224277943 -7.8871588330099644537 0.34272705054671120939 0.015005441997313384225 0.93931517901816941052 0.93051922105812467922 0.13200512403982575527 -0.34162644287064541926 -0.12912067249217656917 0.99113545186200657788 0.031278874620311578059
-5.7059826177949561909 -2.5514028302750344501 -8.9606798136595582349 -0.99335053536121109552 0.0069030280964035850566 0.11492198266998500389 0.083258845001138837016 -0.64634638187981541257 0.75848818010586427363 0.079515272915146872901 0.76301291131550286195 0.64147378632272111787
-7.0118418446660495391 4.1292564650446310637 4.18944019419796021 -0.99902724563046507722 0.00058897425015659349463 -0.044093260226258687573 0.03437834501781011215 -0.615814548114857363 -0.78714075725001286798 -0.02761687675832589367 -0.78789091595186866446 0.61519526386228695625
4.9414970989961926051 1.7534674671853105465 -5.5153429664860320614 0.27784982732781937642 0.0040122671036430263697 0.96061614350716184596 0.94787283565594027124 -0.16353990825302400225 -0.27348086922882669514 0.15600179768040581263 0.98652856021577972623 -0.049242654266147295461
-7.157035253482630921 8.7489653174128907409 9.1651913680803733797 -0.84408531217466464813 0.0052740691799468943438 -0.53618296314343216746 0.091587515840170857784 -0.983838996504572183 -0.15385888306718573104 -0.52832917079525210102 -0.17897768897474430894 0.82996100759962676552
-0.2587901512664395054 -1.7606470795044029121 0.78823493980326275743 -0.9978766333846240677 0.0014601626984248453935 0.065115992427549368449 -0.061813577743096217998 0.2938288446643158025 -0.95385727006188913979 -0.020525743629486746522 -0.95585693383912251342 -0.29311468042423560743
0.001356931250699140723 2.5656894238016794141 -5.9982812175692261647 -0.88741919471238739359 -0.0026544839618595841846 -0.46095566660023273853 -0.42563671186724266748 0.38863904618928518664 0.81718607506958940156 0.17697616327284670934 0.92138626291670822077 -0.34601559522838226668
-3.9179729779749017382 -7.2554712748018621582 -4.7412568027660313419 -0.98777390748628723927 0.012337637945786586458 -0.15540428044021081799 0.12542702453800927409 -0.5290988039991834091 -0.83923924903593882796 -0.09257844892190600361 -0.84847052883208218255 0.52108251985527753725
-7.7943121906887959938 5.2501960039298385396 -0.81477937570671099543 0.80871175699798969472 -0.0026930193113659027342 -0.58819898141725468488 -0.18276369381784504653 0.94934297813473944583 -0.25562735004003694916 0.55909098214461450116 0.31423026193137848505 0.76725264168419282651
1.5860640012136193455 -5.0724791409598708469 0.67913090110178930825 -0.20904271433061621943 0.0018065566316533042748 -0.97790484196483540291 -0.84653423241275882472 -0.50096637189200354801 0.18003468439962438952 -0.48957219788175548869 0.86546486386573828753 0.10625268220030711919
3.3408730152402061897 -8.5026607097682784797 -5.7965497551451408142 0.73057997153090015185 -0.0027082180608343428552 0.68282177085472994804 0.33588068193617093282 0.8720718300651724153 -0.35591416199560127476 -0.59450573815584784043 0.48937040037362011802 0.63802785091075298052
5.8904337160122155481 -1.4278535382483392713 -1.9513460834636631169 -0.60506929004780241055 -0.0067469358463194710127 -0.796144228828947087 0.36904001755984983113 -0.88843263759464141671 -0.27294122791558106389 -0.70547900016979969706 -0.45895743518686654694 0.54005319460790024433
-6.0802021023445069758 -6.9836076625672243168 -1.6905680652086154669 0.94219047434380520656 0.0088645486429555931523 -0.33496048995865213005 -0.27533860259802012127 0.59018036703967358125 -0.75886480237273690186 0.19096011095361195564 0.80722274134107929733 0.55850307240549357246
1.7010689677270338649 -1.3976117714944680248 -4.4840231814558748624 0.94835924943810656629 -0.0048710388154291506951 -0.31716085348893052753 -0.26941767295838164875 0.51537107487345379386 -0.81351507219092167311 0.1674181934639832614 0.85695328237009482653 0.48744458180658284396
4.9507015472772915032 0.60107441775113623628 7.1475672143664015223 0.35897668648589503571 0.011075468796620286868 0.9332808111982269228 -0.92712855345541811403 0.11946066550100192805 0.35519261642913974031 -0.10755642206494592239 -0.99277715696396928724 0.053151977231181611605
3.803231415053172082 -0.27698996214699189711 -8.3057065652061723426 0.60948548836424665254 -0.0026161062732033661671 -0.79279290830651294453 0.77466158736980894606 -0.21070174690804815976 0.59624172858296575761 -0.16860268244286388817 -0.97754689393291838151 -0.1263930600750914901
7.1226053601655499037 6.3373256967781488314 5.4406006529689916462 0.94753063854057817395 0.004076438802389616492 0.3196389708312843414 0.18041796122109426959 -0.8322560214034847581 -0.52421300451883812155 0.26388453591717686564 0.55437649434696456563 -0.78932354216714728512
-3.9327180005269744001 -4.8521125276871650556 -2.1904099880198391048 -0.77183958272919916954 0.0072249552673476413397 -0.6357762645411826341 0.55328886051041215044 0.50029727699683168574 -0.66601356702754554995 0.3132652156999085058 -0.86582355861400661645 -0.39014672878472933526
-3.8274054702801980632 5.2599496371561862418 -4.7829221977763447526 -0.91860618032839724822 0.0035588858200506050256 0.39515822121545496337 -0.26078670214288335316 0.74583855580818048114 -0.6129560707387140539 -0.29690567769547465682 -0.66611724418574047579 -0.68420379679618192892
-3.3512941848050190607 1.8502032550523779264 6.3347998883028484585 -0.90576429196567831426 0.0040766833024691480347 -0.4237622305645268872 0.39936574161047960763 0.34272542020869284363 -0.85032128679148344386 0.14176759794721743857 -0.93942677574993882494 -0.31205653522437232228
-6.705279169353641322 5.3750327631332206479 3.3814379343368039521 -0.077033769743607344305 0.027469248818223525321 -0.99665000812133741626 0.97198196300593742158 0.22472036277934642756 -0.068933461710321441984 0.22207400097741070155 -0.97403603574068731152 -0.044010671071560862611
5.1048002350041610242 4.3658895131878177054 -6.260753419890924043 -0.70865903947915676042 0.0026011107039246184752 -0.7055463131413296507 0.020317160891983807036 0.99965374375222015857 -0.016721410699322005605 0.70525851908191661277 -0.026184476805891164497 -0.70846650904358254852
-2.0020461207446254015 3.9865557948922458742 -1.2790696889411672377 -0.11370686693363579733 0.0092251598243067358535 -0.9934715118404658929 0.6634369113651372718 -0.74363249369801254218 -0.082838269868441033461 -0.73954189404677594943 -0.66852495147369095374 0.078435809467691811059
-2.9822929236993758195 5.2104748218435981144 1.5366614071484461235 -0.78442098527532833074 -0.00177038031375505861 0.62022623583110603196 0.012851712421565488625 0.99973483050527289784 0.019107646691519659943 -0.62009559855521345639 0.022959408263248652637 -0.78419022834042018122
6.4170028397975835688 -3.7251812755244064768 -5.861282540821499687 0.44334094287403269519 -0.0016234487684502717231 0.89635158993876107303 -0.18540864306348794899 -0.97853762387571652237 0.08993193947224847884 0.87696775507944002559 -0.20606184283820891401 -0.43412679423997174721
-7.3942916117234993578 -8.2368598700789750211 1.0920474077910542476 0.87795381875836742136 0.010778256302308929573 -0.47862398740442102518 -0.13911910146170675118 0.96234860552359247077 -0.23351881520645159651 0.45808620120681431409 0.27160447462803027907 0.84639709452813005619
-2.8687727569892080837 6.5348659310040346782 2.3057177111866051789 -0.91364457089316475358 -0.0046450373890001284138 -0.40648741887677419804 0.39881643949433948082 -0.20391041824189895526 -0.89407269778336917465 -0.078734018483527068444 -0.97897853140920298998 0.18815416384789238058
-7.3295234326544926873 -3.0060073826682942588 -5.5922417847208141239 0.19031441450631547685 -0.00087990444825504173822 0.98172279661784112026 0.31543228126958711144 0.94703028994353888326 -0.060300131529369367656 -0.92966816637132687617 0.32114304553817418775 0.18051106541789874171
7.54971287456181539 3.9478054729392879629 5.2570300488031973529 -0.52504814681759037764 0.0096388691123951569795 0.85101794089539384291 0.68745594505867324564 0.59428723817107831362 0.41740508160618294831 -0.50172578878037443761 0.80419510738967836527 -0.31865571095382194677
-6.7914713577999696881 3.1293494387959341907 -8.5933646458432377813 0.99860470789331479136 -0.0030748371573173704716 -0.052717954718934846581 -0.049589346908628775812 -0.39777824317796628417 -0.91614047281368704567 -0.018153072644913455236 0.91747643818831658979 -0.39737570550163314742
6.5460318698806405635 1.6007618673288315225 6.48741017345310933 -0.60080359447940945294 -0.017083749372236518155 0.79921410546113502704 -0.47591000962336899027 -0.79564907103216220285 -0.37476955386759963629 0.64229642969653755191 -0.60551688768615852254 0.46989849449193182851
-4.8354651197474769475 7.8295851577746775618 0.033136921225105975264 -0.91550410041897900548 0.0091293797945273032907 0.40220504290803255065 0.00865228619774936758 0.99995805929938386125 -0.0030029295531822115112 -0.40221558903098919568 0.00073079882239702673163 -0.91554469354233358747
-1.9263765104197094757 -8.2887036637602591327 -4.4584689523158251845 -0.81881671420863577637 -0.0034433482349395987468 -0.57404471244424215559 0.56524922824025525259 0.16964285781216448257 -0.80728843096303781746 0.10016236072488275688 -0.98549959114460339293 -0.13696005749019557474
0.5102342080477866304 8.6356151456651808473 0.0055858707087848430417 0.58108684351890682596 0.005478953961742763501 -0.8138231142901757309 0.68034845736968962981 0.54548989648391665863 0.48945556426330688593 0.44661399087336151048 -0.83809948925945765286 0.31324940424335590006
1.4728318849864747708 -5.9528989723367642384 -5.826175456465033875 -0.41821815834054820726 2.2354486146265099659e-05 -0.90834661420315676583 -0.72534620131392602005 -0.60195712934013845263 0.33394685606490964735 -0.54677825512131750241 0.79852840521576351485 0.25176561677416203766
8.1261727505510172875 -4.0006410324984100768 4.7760180742348286032 0.9212369869916137155 -0.0011549655347129553218 0.38900010263936746213 -0.28972301721376214623 -0.66933784406078600249 0.6841399153715179704 0.2595823320168824111 -0.74295727775063802323 -0.61695339884136524145
-8.3269453198818865758 3.1710641746570624733 -2.6815123671754408363 0.13110063684738967882 0.0024498469043402995755 -0.99136603798403677423 0.20227191828591770117 -0.97902714111190325408 0.024329571287053236572 -0.97051465423825056256 -0.20371513251657280552 -0.12884661692366364272
1.7827280623388852554 -7.1140482696012030672 2.7829105977118331339 -0.0334780124513646693 0.0020166676590417384821 -0.9994374196185317194 -0.99920877117656392574 0.02141663754161822128 0.033513567999161789079 0.021472174690190252294 0.99976860357176700056 0.0012980855551288474417
-1.1311302360535679945 2.9446684633080195681 3.2439042174821461906 0.7508345807406366923 0.00230926288744206544 -0.66048626001534194163 -0.42125894025122873066 0.77187384087251875719 -0.47618450104470178008 0.50871243116573217069 0.63577153214164749961 0.58052236933283762887
-8.247611242501990958 -3.7867605623480939947 -0.58799784068356109046 -0.9549636615059474698 -0.00092376998192159011022 -0.29672133703578984498 0.0038444227259643560211 0.99987269871565120916 -0.015485695883302445786 0.29669786924942120887 -0.015928999092945733684 -0.95483854204299434265
-3.9060615484211544945 -7.3283989277797871864 6.3729437418662149284 -0.95136847083748876663 -0.0039391497202755114057 -0.30803005664337901326 -0.14618957249731087678 0.88592627518296995781 0.44018546526792262652 0.27115796427413974001 0.46380935527387334716 -0.84341818830927117734
-5.0736450342679475511 -6.210600251648855874 3.9042499696925831998 -0.30270998563008510995 -0.0053335109725558826899 -0.9530677931084008403 -0.87399753889671083495 -0.39727763280248545863 0.27981919962285922709 -0.38012493551803061553 0.91768297147526478597 0.11559843105304140609
-0.79870449797868503516 -4.7787335355500593082 8.4771569583275887538 0.037203069789999626549 -0.011240344764162944063 -0.9992445077393775632 -0.97393662021292581876 -0.22429717899082093902 -0.033737743035113218482 -0.22374850034467902438 0.9744559662428643465 -0.01929192699341634662
3.8357014641480406958 4.4734349846424352748 -1.9276377628062937308 0.10700844490732434877 -0.0011796880793857053918 0.99425741186807514715 0.4516463191335152727 -0.89081360815815169296 -0.049666064203881081507 0.88575662296804291707 0.45436738863650405484 -0.094791777132388344018
-7.4321389225277956214 -6.7685092654544360968 -9.0633099265155223634 -0.46465261596453044657 -0.00096601996437042079481 -0.88549252581971471532 -0.8854539524305861109 -0.0088905105422970951562 0.4646420740171467445 -0.0083213341557053441266 0.99996001201423534432 0.0032756327851398312975
-6.9365516520300127823 4.3650107316284660897 0.71602974679260933399 -0.99410702035999742865 -0.0083980626788061393112 -0.10807730850722786775 0.081433673137264239728 0.60022372758453257369 -0.79567583457320800733 0.071552700510339142803 -0.79978806529449719687 -0.59600273628735411791
7.8735905452988275144 1.8307428106477503515 3.01005096979762099 0.7797349147515649781 0.0025460626383655509362 0.62610460809858625719 0.62538941408179404835 0.044788463830334745985 -0.77902636300841676675 -0.030025713511049614834 0.99899324876248585259 0.033330848405052022898
-3.5757655140407043071 6.5030051525527357015 -8.0395174073650306212 0.80295764957443893639 0.0033859291334682800265 0.59602646625293898008 0.10764470983803965665 0.9827167818040607461 -0.15059994423814823672 -0.58623513152493289535 0.18508447326713040049 0.78871547995555080224
-6.0975852112651454107 8.4619082007336245965 6.3862907020079831 -0.034888383599779977662 -0.0050901916121379410171 -0.99937825203431962517 -0.68067397527906825516 0.73231252889195219691 0.020032458804491226623 0.73175524601294505977 0.6809496677266462239 -0.029013961382572422965
-7.0566725888782633191 6.2567435754371540924 -5.1836871629470371303 -0.47565534635287909371 -0.0079496167234906454924 -0.87959581347333737344 -0.39499729363541286054 0.89540123164384199939 0.20550857011643414163 0.78595746036701530368 0.44518921591221527478 -0.42904246005356150295
3.2935788566962371782 2.923386985749572009 -8.868993511030170751 -0.64246399276839560866 -0.0057238169822260726721 -0.76629449685838024742 -0.4449549167129905336 -0.81135018423931604126 0.37911212144604805596 -0.62390314960647341724 0.5845323912784146092 0.51871643839121706065
2.1126910254186155314 -1.6726426499209001708 -8.9360109927316866418 0.92977855554463451071 -0.013743163727146456843 -0.36786269598884879795 0.13551285888229816501 -0.91635108046386515301 0.37674522214625993932 -0.34226905020297299087 -0.40013975406530083445 -0.85014120855863306581
-2.7105195054195281301 -8.3354080119605544752 -3.3662635405051082316 -0.87755688827471634017 0.0064600077481438535412 -0.47942901053399838984 -0.14556346601036179722 0.94912652327166491251 0.27923130230204151747 0.45684262630026362118 0.31482870123610656732 -0.83197217722294725117
6.9726436315244875175 4.7107523030231082117 -5.8966101803268360371 0.57361726943679347546 0.0046167868961345254197 0.81911044034526947488 0.35414470902845379685 -0.90309128571871055691 -0.24291491252461416828 0.73861001433186357357 0.42942381738593121687 -0.51966376801795466367
-4.6068845957603477004 -4.8321925980608213536 -1.2646870113089070387 0.76190426725765336702 -0.0064455711640245350394 0.64765758093849823407 0.26311992722956600854 0.91679968258618416144 -0.30041012949709300361 -0.59183594976104447749 0.39929537515721397201 0.70020954859846651352
7.1146685613066864562 0.39755595758056228028 6.657304784978626877 0.81520978272287836219 0.00345180169808402635 -0.579155501759448188 -0.56866482646861982175 -0.18478778809896714841 -0.80154462664727177401 -0.10978763723876959479 0.98277238383808229738 -0.14867789437230902183
-8.3241314923772193879 3.283407125402140192 0.80647395551151157544 -0.3519350094813826213 0.0081911152839431698724 0.93598859754375574038 -0.23495760169850124499 0.96717266393590650697 -0.096808902169289126616 -0.90605555817796712414 -0.2539880779987863102 -0.33845735585007452606
-7.007796419172043656 -7.1078470700636104951 0.9625900479304702051 -0.95628535100281275572 -0.0050589483226066217156 0.29239140633665883229 0.29231451321484896999 0.012182233794355963596 0.95624464366792805148 -0.0083995727075269286527 0.99991299632598351632 -0.010170887703634286237
6.8680454959696000117 -7.3564968132178618632 6.1201351832155390653 0.15638413208143750466 0.003010506666808370705 -0.98769172320253950659 -0.083639098895028421432 0.99644384991315071431 -0.010205640888567192245 0.98414861904540851256 0.08420564600740483574 0.15607980270145030421
8.6349804102227896152 -0.53741637262377561779 7.1600696530167216025 0.90927010591496992831 -0.00046218662590720438477 0.4162062720247540204 0.25040554792850810983 0.79937607867780235971 -0.54616384574963328102 -0.33245290802749072334 0.60083081746934796641 0.7269645058208024091
-5.6493438790804955119 -8.3949557952300697394 -5.2175593024187856273 -0.99292546725612407243 -0.010937581243625180832 -0.11823445263737983324 0.098892874821208745506 0.47495930984028955635 -0.87443344704189063243 0.065720740893253026815 -0.87993978391274541018 -0.47051754579822424596
4.1400780255527172002 3.0040910599439967221 1.3507085060742072269 0.40229430588385095557 -0.0035533269157008370853 -0.91550350371858180143 -0.40843506617401897918 0.89426570537152261231 -0.18294710961292981466 0.81935345741177612044 0.44752231459925384538 0.35830669790408614661
