-3.16597 0.582803 -7.24834 -0.274788 0.000573128 0.961505 0.945278 -0.18278 0.27026 0.175899 0.983154 0.049684 @ 1.39303 0.497509 0.497509 C[red]
4.13769 2.30628 -1.60675 0.981173 -0.00722646 -0.192997 0.120168 -0.759465 0.639353 -0.151195 -0.650508 -0.744298 @ 1.55732 0.556186 0.556186 C[red]
2.997 0.147207 6.0137 0.66652 0.00366803 -0.745478 -0.202117 -0.961644 -0.185442 -0.717565 0.274275 -0.640214 @ 1.58093 0.564618 0.564618 C[red]
-4.6524 2.22783 -2.40407 -0.964903 -0.000803422 0.262606 -0.193953 0.676357 -0.710579 -0.177045 -0.736573 -0.652775 @ 1.53456 0.548057 0.548057 C[red]
-5.55927 6.26857 -6.62506 -0.0939612 -0.00298832 0.995571 -0.723998 0.686612 -0.0662694 -0.683373 -0.727018 -0.0666784 @ 1.45929 0.521174 0.521174 C[red]
4.72116 3.33478 0.362728 -0.99057 -0.00237542 0.136988 -0.135794 0.149854 -0.979338 -0.0182018 -0.988705 -0.148763 @ 1.36983 0.489227 0.489227 C[red]
6.56474 -2.52511 6.29653 0.995907 -0.0148089 -0.0891611 -0.0275028 0.890051 -0.45503 0.0860965 0.45562 0.886001 @ 1.25582 0.448507 0.448507 C[red]
2.31235 3.97915 2.75878 -0.947938 0.0116181 0.318244 -0.234807 -0.700584 -0.673831 0.215128 -0.713476 0.666838 @ 1.32237 0.472277 0.472277 C[red]
2.48109 0.549227 -1.56211 0.731422 0.000159514 -0.681925 0.449591 -0.751995 0.482049 -0.512727 -0.659169 -0.550098 @ 1.50122 0.536149 0.536149 C[red]
1.72534 -7.3499 3.15592 -0.467071 0.00135089 0.884219 0.125947 -0.989701 0.0680413 0.875204 0.143145 0.46209 @ 1.50866 0.538805 0.538805 C[red]
4.65368 -5.571 2.93215 -0.854571 0.00558235 0.519304 -0.0262753 -0.999126 -0.0324987 0.518669 -0.0414173 0.853971 @ 1.43884 0.513872 0.513872 C[red]
0.166385 5.48145 1.5995 0.0361886 -0.0139773 -0.999247 0.431698 0.902013 0.0030171 0.901292 -0.431482 0.0386765 @ 1.35703 0.484655 0.484655 C[red]
-1.77536 0.368802 -4.31713 0.630308 -0.000303939 0.776345 0.654679 -0.537262 -0.531738 0.417262 0.843415 -0.338442 @ 1.44951 0.517683 0.517683 C[red]
1.78862 3.21296 6.75692 -0.92808 0.0085867 0.372281 -0.0568479 -0.991283 -0.118855 0.368016 -0.13147 0.920478 @ 1.48311 0.529682 0.529682 C[red]
6.61627 1.11345 3.14466 0.980755 -0.0119494 -0.194875 0.028546 0.996175 0.0825805 0.193143 -0.0865542 0.977345 @ 1.54694 0.552479 0.552479 C[red]
2.78461 4.10619 0.798363 0.548423 -0.000715124 -0.836201 -0.540176 0.763044 -0.354927 0.638312 0.646346 0.418084 @ 1.47869 0.528102 0.528102 C[red]
-6.12613 -3.73593 5.50052 0.545091 -0.000564377 -0.838377 -0.156188 -0.982561 -0.100888 -0.8237 0.185937 -0.535673 @ 1.38068 0.493098 0.493098 C[red]
-3.31508 2.3116 0.159197 0.3068 -0.000859489 -0.951774 -0.94678 0.102034 -0.305282 0.0973755 0.994781 0.0304902 @ 1.31011 0.467896 0.467896 C[red]
-2.59593 -5.44311 4.99823 0.999207 0.00801806 -0.039002 -0.0342145 -0.328132 -0.944012 -0.0203669 0.944598 -0.327598 @ 1.42772 0.509898 0.509898 C[red]
-0.285429 -4.0756 5.58907 -0.871883 -0.0014255 -0.489712 0.460189 0.339591 -0.820308 0.167471 -0.940572 -0.295427 @ 1.38862 0.495934 0.495934 C[red]
6.68027 1.69529 1.91368 -0.883743 -0.00540437 0.467941 -0.377348 0.599633 -0.705726 -0.276779 -0.800257 -0.531961 @ 1.33803 0.477869 0.477869 C[red]
-2.80431 -2.5815 6.00169 0.749293 -0.00344552 0.662229 -0.412667 0.77967 0.470978 -0.517943 -0.626181 0.58278 @ 1.36928 0.489029 0.489029 C[red]
0.107316 -6.33193 -1.20243 0.837696 0.0081323 -0.546076 0.459278 0.53055 0.712447 0.295515 -0.847615 0.440705 @ 1.48371 0.529897 0.529897 C[red]
4.2569 -5.25345 1.80011 -0.877208 -0.000368823 0.480111 0.46992 -0.205605 0.85843 0.0983966 0.978635 0.180532 @ 1.43194 0.511407 0.511407 C[red]
6.84394 5.29846 -4.29301 -0.118355 -0.000561367 -0.992971 -0.623087 0.778661 0.073827 0.773146 0.627445 -0.0925078 @ 1.44001 0.51429 0.51429 C[red]
-0.0710658 5.58392 4.83223 -0.975881 0.00757031 -0.21817 -0.0655326 -0.963464 0.259698 -0.208233 0.267732 0.940722 @ 1.36204 0.486443 0.486443 C[red]
5.95624 3.68829 -4.00336 0.876878 0.00590293 -0.480676 0.38085 0.601606 0.702157 0.293323 -0.798771 0.525287 @ 1.33465 0.476661 0.476661 C[red]
0.754749 4.19103 -0.651034 0.883599 0.0107037 -0.468122 -0.198421 0.914099 -0.353626 0.424125 0.405349 0.809821 @ 1.19226 0.425808 0.425808 C[red]
-2.49823 5.16459 5.35335 0.42922 0.011363 -0.903129 0.893547 0.140455 0.426433 0.131695 -0.990022 0.0501328 @ 1.29594 0.462834 0.462834 C[red]
-2.72337 -6.28409 2.24485 0.915474 -0.00189117 -0.402372 0.395958 -0.173653 0.901699 -0.0715783 -0.984805 -0.158226 @ 1.4403 0.514392 0.514392 C[red]
4.7882 -4.19332 5.33297 -0.468683 0.0105702 -0.883303 0.109882 0.99286 -0.0464226 0.876506 -0.118817 -0.466498 @ 1.34622 0.480794 0.480794 C[red]
-0.911501 -1.51973 2.72245 -0.957962 -0.00495515 -0.286851 -0.0487762 0.988108 0.145823 0.282717 0.153685 -0.946811 @ 1.42712 0.509685 0.509685 C[red]
3.53435 -0.587204 2.77022 0.725208 -0.0157538 -0.68835 0.343698 -0.857991 0.381738 -0.596612 -0.513423 -0.616807 @ 1.39779 0.49921 0.49921 C[red]
2.62844 -2.38542 7.2715 0.855445 -0.00931386 -0.51781 -0.457216 0.456022 -0.763543 0.243244 0.88992 0.385843 @ 1.41414 0.505051 0.505051 C[red]
4.5372 -6.32389 -7.48689 -0.495082 -0.00176403 0.868844 0.866138 -0.0798965 0.493378 0.0685473 0.996802 0.0410832 @ 1.32645 0.473734 0.473734 C[red]
5.38324 -7.11812 3.79686 0.955181 0.00130007 -0.296021 -0.0783377 0.96545 -0.248535 0.28547 0.260585 0.922281 @ 1.45126 0.518308 0.518308 C[red]
-6.13624 7.20784 -4.72332 0.782495 -0.00691634 -0.622619 0.198123 -0.945203 0.259497 -0.590296 -0.32641 -0.738246 @ 1.30385 0.46566 0.46566 C[red]
-4.89872 -2.11123 -4.21685 0.606381 -0.00916033 -0.795121 -0.363922 0.885869 -0.287743 0.70701 0.463844 0.533841 @ 1.58604 0.566445 0.566445 C[red]
-6.48638 -6.66135 2.46346 -0.822508 -0.00917835 0.568679 -0.158494 0.963961 -0.213679 -0.546223 -0.265885 -0.794321 @ 1.59661 0.570219 0.570219 C[red]
5.14206 0.639523 -6.3097 -0.999893 -0.0109154 0.00971531 -0.00301261 -0.496586 -0.867982 0.0142989 -0.867919 0.4965 @ 1.31101 0.468216 0.468216 C[red]
-6.12351 5.35239 -7.09242 -0.351714 0.00225549 0.936105 0.721036 -0.637089 0.272443 0.596996 0.770787 0.222447 @ 1.25521 0.448289 0.448289 C[red]
-0.366369 3.9429 2.22046 -0.7243 -0.007078 0.689449 -0.552072 0.604985 -0.573768 -0.413045 -0.796205 -0.442098 @ 1.20493 0.430333 0.430333 C[red]
-5.61503 4.34824 -6.21867 -0.952058 -0.00157332 0.305914 0.300503 0.18252 0.936154 -0.0573085 0.983201 -0.173297 @ 1.4048 0.501713 0.501713 C[red]
7.16267 2.21408 -4.73929 0.988134 -0.000856888 -0.153593 0.0205525 0.991729 0.126691 0.152214 -0.128344 0.979979 @ 1.20381 0.429931 0.429931 C[red]
-5.75459 -6.6346 -2.64996 -0.94659 0.00156903 0.322435 0.32152 -0.0708373 0.944249 0.024322 0.997487 0.0665494 @ 1.49404 0.533587 0.533587 C[red]
-4.17329 6.05579 -1.75728 -0.956108 -0.00167233 0.293011 -0.239829 0.578983 -0.779269 -0.168345 -0.815338 -0.553971 @ 1.37171 0.489897 0.489897 C[red]
-1.62824 0.507942 7.28499 -0.560195 0.0059818 0.828339 -0.781201 0.328777 -0.530689 -0.275514 -0.944389 -0.179506 @ 1.489 0.531784 0.531784 C[red]
2.06363 -5.63628 -0.797024 -0.922179 0.00140623 0.38676 0.0682454 0.984894 0.159141 -0.380694 0.173151 -0.908345 @ 1.51871 0.542398 0.542398 C[red]
-6.63609 -2.55137 -5.70531 0.774519 0.00195535 -0.632547 -0.619301 0.205945 -0.757663 0.128788 0.978562 0.160719 @ 1.35721 0.484719 0.484719 C[red]
5.51509 -4.54472 -2.90376 -0.977409 0.000441158 0.211354 0.175803 -0.553395 0.814155 0.117322 0.832919 0.540816 @ 1.43851 0.513753 0.513753 C[red]
-1.93588 0.64933 5.79347 0.968808 -6.09535e-05 -0.247812 0.0284933 0.993395 0.111149 0.246168 -0.114743 0.962411 @ 1.30125 0.464734 0.464734 C[red]
1.76242 -3.34616 -1.3183 -0.726339 -0.00150543 0.687335 0.108202 0.987279 0.116504 -0.678767 0.158993 -0.716936 @ 1.3362 0.477213 0.477213 C[red]
-4.07097 3.8459 5.77456 0.832814 -0.00175149 -0.553551 -0.5286 0.294341 -0.796207 0.164327 0.955699 0.244205 @ 1.41779 0.506353 0.506353 C[red]
4.07286 -3.18894 -0.908737 0.572288 0.00498186 -0.820038 0.762975 0.363311 0.534672 0.300593 -0.931655 0.204117 @ 1.4479 0.517107 0.517107 C[red]
-2.54515 1.35196 3.75181 -0.99953 -0.00805729 -0.0295664 0.0125653 0.772223 -0.635228 0.0279501 -0.635301 -0.771759 @ 1.55209 0.554318 0.554318 C[red]
4.32326 -1.35127 -2.00602 0.994017 0.0056006 0.109078 -0.0453475 -0.887376 0.45881 0.0993629 -0.461012 -0.881814 @ 1.40911 0.503255 0.503255 C[red]
2.13273 5.59783 3.68638 0.647067 -0.00128976 -0.762432 -0.689314 -0.428316 -0.584288 -0.325808 0.903628 -0.278038 @ 1.3835 0.494106 0.494106 C[red]
5.83336 -3.70286 -1.39085 -0.926454 0.00621643 0.376357 -0.22074 0.800912 -0.55661 -0.304889 -0.59875 -0.740636 @ 1.24828 0.445814 0.445814 C[red]
-1.14645 5.42732 -5.40079 -0.999608 -0.000213566 -0.0279918 0.0267537 0.286904 -0.957586 0.00823546 -0.957959 -0.286786 @ 1.50902 0.538935 0.538935 C[red]
-5.52768 4.49453 -3.4735 0.783104 -0.00499759 -0.621871 -0.15342 -0.970613 -0.185397 -0.602669 0.240593 -0.760858 @ 1.58541 0.566217 0.566217 C[red]
1.40893 -3.17678 -2.94347 -0.146256 0.00489928 0.989235 -0.495451 -0.865894 -0.0689629 0.856234 -0.500204 0.12907 @ 1.37234 0.490121 0.490121 C[red]
2.4635 -6.35069 3.02196 0.910693 0.00727294 -0.41302 0.40304 0.203504 0.89227 0.0905406 -0.979047 0.182398 @ 1.36403 0.487154 0.487154 C[red]
-2.03768 -1.42038 3.36075 -0.887703 0.00397517 -0.460399 0.302539 0.758813 -0.576778 0.347064 -0.651296 -0.674803 @ 1.42566 0.509164 0.509164 C[red]
6.41478 4.46169 -3.0545 -0.962193 -0.00660216 0.272287 -0.102707 0.934699 -0.340278 -0.25226 -0.355379 -0.900039 @ 1.33576 0.477056 0.477056 C[red]
-5.12671 2.95103 -5.00057 0.455393 -0.00366749 -0.890283 0.172957 0.981304 0.0844278 0.873329 -0.192429 0.447513 @ 1.41922 0.506865 0.506865 C[red]
-6.95517 -6.01616 -7.49681 0.989227 -0.00545166 -0.146289 -0.0351465 -0.978923 -0.201184 -0.142109 0.204159 -0.968568 @ 1.49772 0.534899 0.534899 C[red]
6.71766 -6.87069 -4.06905 0.938197 -0.00634144 -0.346043 0.0403609 -0.991006 0.127588 -0.34374 -0.133669 -0.929503 @ 1.47174 0.525622 0.525622 C[red]
1.96949 4.61638 4.52563 0.467626 -0.00457653 -0.883914 0.878603 0.111983 0.464237 0.0968586 -0.9937 0.0563871 @ 1.37049 0.489461 0.489461 C[red]
-3.56288 4.01601 -2.27604 0.425007 -0.00475536 -0.905178 -0.693781 -0.644009 -0.322367 -0.58141 0.765003 -0.277007 @ 1.40148 0.500528 0.500528 C[red]
4.82858 1.83208 -7.50683 -0.534896 -0.00586646 -0.844898 -0.647222 -0.639959 0.414193 -0.54313 0.768386 0.338515 @ 1.40968 0.503456 0.503456 C[red]
6.64653 -3.98782 -0.743794 -0.675847 -0.00532673 0.737023 -0.237577 0.948174 -0.211005 -0.697702 -0.317707 -0.642086 @ 1.30016 0.464344 0.464344 C[red]
-0.48279 4.03943 -3.19294 -0.817863 0.00512568 0.57539 0.573428 -0.0757331 0.815748 0.0477573 0.997115 0.059 @ 1.47341 0.526217 0.526217 C[red]
3.82965 4.78712 1.86975 0.648733 -0.000679541 -0.761016 -0.663148 0.490071 -0.565743 0.373336 0.871682 0.317475 @ 1.3731 0.490391 0.490391 C[red]
-5.9925 3.77879 4.36713 0.640835 0.011265 -0.767596 -0.199215 0.968079 -0.152109 0.74138 0.250393 0.622623 @ 1.4065 0.502322 0.502322 C[red]
5.15663 -1.19732 3.6425 0.701306 0.00641955 -0.712832 -0.630429 0.472361 -0.615982 0.33276 0.881382 0.335317 @ 1.39588 0.49853 0.49853 C[red]
4.89569 4.57159 -4.22132 0.991226 -0.000502637 -0.132178 -0.127788 -0.259249 -0.957319 -0.0337859 0.96581 -0.257039 @ 1.60668 0.573813 0.573813 C[red]
-3.42626 -0.483111 -3.53743 -0.792403 -0.00195212 -0.609995 -0.606307 0.112366 0.787252 0.0670057 0.993665 -0.0902225 @ 1.46973 0.524904 0.524904 C[red]
6.79912 -4.19324 -5.14784 0.956747 0.00254908 -0.290909 -0.285415 -0.185382 -0.940304 -0.0563262 0.982663 -0.176636 @ 1.52652 0.545185 0.545185 C[red]
2.88427 -5.64678 5.53368 -0.885702 0.00553913 0.464221 -0.0999515 0.974204 -0.202325 -0.453367 -0.225599 -0.862301 @ 1.47755 0.527698 0.527698 C[red]
6.90755 3.8924 -7.43941 -0.966288 0.00474773 0.257421 0.143614 -0.819895 0.554209 0.21369 0.572495 0.791572 @ 1.56727 0.55974 0.55974 C[red]
5.49555 1.89569 4.4209 0.885668 -0.00669529 -0.464271 -0.280945 -0.803818 -0.524353 -0.369678 0.594837 -0.713797 @ 1.48786 0.531377 0.531377 C[red]
-6.10158 -0.581257 -0.679566 -0.647683 0.00332223 0.761903 -0.281949 0.927956 -0.243728 -0.707821 -0.372676 -0.600084 @ 1.4139 0.504964 0.504964 C[red]
-2.55776 2.89302 0.29578 -0.373096 -0.00832633 0.927755 0.31802 -0.940529 0.119451 0.871586 0.339612 0.353556 @ 1.35141 0.482646 0.482646 C[red]
-4.68809 0.509428 -3.69973 0.976893 -0.000969806 0.213728 -0.0321485 -0.989279 0.142453 0.211298 -0.146033 -0.966451 @ 1.48251 0.529469 0.529469 C[red]
-1.88602 1.33342 6.6433 -0.857122 -8.0079e-05 0.515113 -0.46588 -0.426515 -0.775268 0.219765 -0.90448 0.365538 @ 1.31821 0.470788 0.470788 C[red]
-4.00565 3.42967 2.67319 0.369321 -0.00506707 -0.929288 -0.245208 -0.965077 -0.0921894 -0.896368 0.261917 -0.357666 @ 1.5684 0.560143 0.560143 C[red]
2.51351 -6.22693 -4.63308 0.761142 0.0106368 -0.648498 -0.531202 -0.56347 -0.632713 -0.372139 0.826068 -0.42323 @ 1.14661 0.409504 0.409504 C[red]
-2.42286 -4.4895 -0.944707 -0.269312 -0.00400459 0.963045 0.952575 -0.14822 0.265767 0.141679 0.988946 0.0437322 @ 1.51814 0.542193 0.542193 C[red]
4.22498 -2.09513 -3.6492 0.225825 0.0127016 -0.974085 0.530489 0.83705 0.1339 0.817059 -0.546979 0.182289 @ 1.44717 0.516846 0.516846 C[red]
4.81331 6.2501 -6.52959 0.918995 0.00082577 -0.394269 0.341627 0.49754 0.797336 0.196823 -0.867441 0.456955 @ 1.52534 0.544763 0.544763 C[red]
-3.49872 -4.9239 -5.83857 -0.59647 0.00589788 0.802614 -0.206299 0.965252 -0.160406 -0.77567 -0.261256 -0.574527 @ 1.53466 0.548091 0.548091 C[red]
2.2542 -0.973716 -7.51142 0.115684 0.0106584 -0.993229 -0.814851 -0.570798 -0.101033 -0.56801 0.821021 -0.0573473 @ 1.577 0.563215 0.563215 C[red]
6.03517 -1.9115 4.11766 0.0870331 -0.00386804 0.996198 -0.824962 -0.560849 0.0698954 0.558446 -0.827909 -0.0520034 @ 1.32392 0.47283 0.47283 C[red]
2.02871 5.79914 -0.0599368 0.838819 0.00121175 -0.54441 0.142984 0.964401 0.222454 0.525299 -0.26444 0.808785 @ 1.63402 0.583579 0.583579 C[red]
7.23807 -1.2379 4.52833 0.765639 -0.00853138 0.643214 0.49574 -0.62937 -0.598444 0.409925 0.777059 -0.477641 @ 1.38308 0.493957 0.493957 C[red]
-3.04972 -7.47626 2.76422 -0.924206 0.0113293 0.381726 0.0929054 0.9762 0.195963 -0.370421 0.216574 -0.903263 @ 1.62183 0.579224 0.579224 C[red]
-6.85469 -6.01775 3.98413 0.967442 -0.00291333 0.253075 -0.250953 0.118681 0.960696 -0.032834 -0.992928 0.114086 @ 1.34213 0.479331 0.479331 C[red]
1.40781 -5.09739 -2.76984 -0.982305 -0.00979794 0.187032 0.0892955 -0.90232 0.421716 0.164631 0.430955 0.887229 @ 1.45516 0.519699 0.519699 C[red]
-1.03536 -3.67399 -3.44515 0.722576 -0.00385945 -0.691281 -0.571297 -0.566379 -0.593999 -0.389234 0.824136 -0.411456 @ 1.59533 0.56976 0.56976 C[red]
-4.64733 -2.45514 5.3133 0.660184 0.00347623 0.751096 0.72961 0.234546 -0.642384 -0.1784 0.972099 0.152307 @ 1.40299 0.501069 0.501069 C[red]
6.2721 -6.07796 -2.17729 -0.977723 0.0100602 0.209657 -0.0351857 -0.992572 -0.116459 0.206928 -0.121241 0.970815 @ 1.42753 0.509833 0.509833 C[red]
-0.465647 -1.31599 5.43596 -0.997029 0.0101636 0.0763583 0.055069 0.787169 0.614274 -0.0538636 0.616653 -0.78539 @ 1.29712 0.463259 0.463259 C[red]
-2.48119 2.92654 7.14899 0.936904 0.00092037 -0.349585 0.269268 -0.639641 0.719968 -0.222946 -0.768673 -0.599531 @ 1.20229 0.42939 0.42939 C[red]
5.87477 1.47366 -1.29798 0.933208 -0.000720425 -0.359335 -0.254466 -0.707379 -0.659441 -0.253711 0.706834 -0.660315 @ 1.18236 0.422273 0.422273 C[red]
-3.38048 0.085125 0.4093 -0.964733 0.00560678 0.263172 0.21854 0.574371 0.788884 -0.146736 0.818576 -0.55534 @ 1.38424 0.49437 0.49437 C[red]
4.18067 -3.23943 5.67337 0.808818 -0.0143512 -0.587884 -0.55912 -0.328512 -0.761226 -0.182202 0.944391 -0.273731 @ 1.39706 0.49895 0.49895 C[red]
-0.136881 6.59958 6.00897 0.0855235 0.0151658 -0.996221 0.949287 -0.304872 0.0768532 -0.302555 -0.952272 -0.0404704 @ 1.37772 0.492044 0.492044 C[red]
-2.47637 1.82646 -7.31994 0.999989 0.00288137 0.00361492 -0.00360528 0.975554 0.21973 -0.00289343 -0.21974 0.975554 @ 1.24424 0.444371 0.444371 C[red]
3.88666 -3.91576 2.31857 0.977247 0.0019708 0.212097 -0.0661809 -0.947202 0.313734 0.201517 -0.320632 -0.925519 @ 1.34616 0.480772 0.480772 C[red]
-6.76597 0.924809 -1.88797 0.840105 -0.00277086 -0.542417 0.356583 -0.750722 0.556116 -0.408745 -0.660613 -0.629697 @ 1.46578 0.523492 0.523492 C[red]
-0.804744 3.10747 -2.37618 0.997375 -0.00284077 -0.0723566 -0.012282 -0.991389 -0.130374 -0.0713631 0.130921 -0.988821 @ 1.48008 0.528599 0.528599 C[red]
-3.48567 -0.499144 6.31789 -0.98826 -0.0145249 0.152092 -0.0535446 -0.89941 -0.433814 0.143095 -0.436864 0.888073 @ 1.45321 0.519003 0.519003 C[red]
0.987308 -0.31243 0.0556697 -0.564225 0.00648105 0.825596 -0.278304 0.939953 -0.197576 -0.777301 -0.341243 -0.528541 @ 1.34747 0.48124 0.48124 C[red]
-6.8084 -5.11855 4.79174 0.999968 -0.000667788 -0.00791439 9.43061e-05 -0.995391 0.095903 -0.00794195 -0.0959007 -0.995359 @ 1.47934 0.528335 0.528335 C[red]
3.12913 0.145491 -6.95777 0.995879 0.00529926 0.0905337 -0.0292657 -0.926103 0.376134 0.0858368 -0.377233 -0.922132 @ 1.35708 0.48467 0.48467 C[red]
-3.12785 2.06613 4.74894 0.999651 -0.00703252 -0.0254514 -0.00113654 0.951529 -0.307558 0.0263806 0.30748 0.951189 @ 1.44266 0.515236 0.515236 C[red]
-3.60732 -5.33012 -0.806522 0.797691 -0.00460841 -0.603049 0.596416 0.154121 0.78774 0.0893123 -0.988041 0.125689 @ 1.36538 0.487634 0.487634 C[red]
-6.3403 7.32253 -6.01918 -0.990043 -0.000413073 0.140767 0.131994 -0.350243 0.927312 0.0489196 0.936659 0.34681 @ 1.4035 0.501249 0.501249 C[red]
2.82979 4.72825 -3.08578 -0.986262 -0.0106224 0.164845 -0.0678106 0.936005 -0.345393 -0.150627 -0.351827 -0.923867 @ 1.54035 0.550126 0.550126 C[red]
4.88561 -2.72346 -3.08253 -0.394336 0.00771919 0.918934 -0.342391 0.926732 -0.154713 -0.852799 -0.375644 -0.362801 @ 1.35775 0.484912 0.484912 C[red]
-2.65779 6.70535 5.90234 -0.722947 0.0154713 0.69073 -0.565203 0.561741 -0.604147 -0.397358 -0.827169 -0.397364 @ 1.47692 0.52747 0.52747 C[red]
-2.05804 0.731348 1.10511 -0.847226 -0.0201548 0.530851 -0.208266 -0.906684 -0.366811 0.488707 -0.42133 0.763968 @ 1.43517 0.512561 0.512561 C[red]
-3.79651 -0.580941 -1.35078 0.885551 -0.00144646 0.464539 -0.00508834 0.999905 0.0128134 -0.464513 -0.0137106 0.88546 @ 1.54418 0.551494 0.551494 C[red]
3.18378 -3.21217 1.44664 0.996123 -0.00938102 -0.0874717 0.0314983 -0.890349 0.454188 -0.0821411 -0.455182 -0.886602 @ 1.35444 0.483727 0.483727 C[red]
6.58393 -6.46179 -0.157798 -0.737757 0.0135234 0.674931 -0.546787 -0.598317 -0.585697 0.395902 -0.801145 0.448807 @ 1.39904 0.499656 0.499656 C[red]
-0.871961 2.05832 -3.0395 0.493208 0.000578127 0.869911 0.866199 0.091962 -0.491164 -0.0802827 0.995762 0.0448556 @ 1.31928 0.471172 0.471172 C[red]
6.40498 -3.17418 5.08731 -0.808326 -0.0103286 -0.588645 0.174242 -0.95925 -0.222438 -0.56236 -0.282369 0.777186 @ 1.60219 0.572211 0.572211 C[red]
-7.1267 6.24269 -4.04453 0.497972 0.00280574 -0.867189 -0.671872 -0.630996 -0.387855 -0.548281 0.775781 -0.312333 @ 1.54678 0.552423 0.552423 C[red]
6.93821 3.87143 -1.73858 0.796815 -0.000869335 -0.604223 0.322518 -0.845015 0.426534 -0.510949 -0.534742 -0.67304 @ 1.60043 0.571581 0.571581 C[red]
2.40932 1.06374 6.95872 -0.926201 -0.000627137 0.377029 -0.10147 0.963517 -0.247667 -0.363119 -0.267646 -0.892474 @ 1.28096 0.457486 0.457486 C[red]
-2.27626 -5.81112 0.526848 0.659803 0.005294 -0.75142 -0.514894 -0.725142 -0.457224 -0.547306 0.688579 -0.475725 @ 1.63345 0.583374 0.583374 C[red]
1.42648 -1.99963 -0.963766 0.957418 -0.0102703 -0.288521 -0.185982 -0.786317 -0.589166 -0.220818 0.617738 -0.754744 @ 1.58326 0.56545 0.56545 C[red]
-2.17015 0.394578 4.65133 0.966432 -0.0130922 0.256589 -0.16881 0.720513 0.67258 -0.193682 -0.693317 0.694117 @ 1.39028 0.49653 0.49653 C[red]
-4.66831 1.13895 4.8249 -0.926624 -0.00375446 0.375971 -0.239295 0.777176 -0.58201 -0.29001 -0.629273 -0.721048 @ 1.35329 0.483319 0.483319 C[red]
6.58284 0.65515 1.83335 -0.796829 -0.00229231 0.604201 -0.49009 0.587311 -0.64411 -0.353377 -0.809358 -0.469109 @ 1.35957 0.48556 0.48556 C[red]
4.59862 4.51441 4.74224 -0.969785 -0.0169337 0.243373 -0.184427 -0.602142 -0.776796 0.159699 -0.79821 0.580825 @ 1.42349 0.508391 0.508391 C[red]
2.2158 0.104007 2.40582 0.986513 0.0087907 -0.163446 0.011456 0.9924 0.12252 0.163281 -0.12274 0.978915 @ 1.37478 0.490991 0.490991 C[red]
0.203103 0.391822 5.31428 0.541768 0.0103417 -0.840464 0.476598 0.819861 0.317306 0.692345 -0.57247 0.439246 @ 1.34488 0.480314 0.480314 C[red]
4.46673 5.19321 5.82672 -0.992133 -0.00735183 -0.12497 0.109668 -0.532446 -0.839329 -0.0603694 -0.846432 0.529064 @ 1.33092 0.47533 0.47533 C[red]
5.32917 4.56081 6.63469 0.95777 -0.00133219 -0.287532 0.237658 -0.559213 0.794229 -0.16185 -0.829023 -0.535281 @ 1.58339 0.565495 0.565495 C[red]
1.96251 0.278243 4.13517 -0.573419 -0.000407667 0.819262 -0.614774 -0.660771 -0.430622 0.54152 -0.750588 0.378648 @ 1.30159 0.464855 0.464855 C[red]
-6.27077 -3.81398 0.993947 0.914181 0.00440953 -0.405283 -0.368848 0.42353 -0.827389 0.168001 0.905871 0.388809 @ 1.52363 0.544152 0.544152 C[red]
-2.11172 -1.31314 -6.16507 0.570681 0.00120049 -0.821171 0.692704 0.536338 0.482186 0.441004 -0.844003 0.305246 @ 1.18498 0.423208 0.423208 C[red]
-5.69182 5.08254 5.59037 -0.940421 -0.00108058 0.340011 -0.0995787 0.957023 -0.272379 -0.325104 -0.290009 -0.900113 @ 1.33966 0.478451 0.478451 C[red]
-0.589713 1.41976 2.6505 0.981038 0.00658683 -0.193706 0.110754 0.80112 0.588166 0.159056 -0.598467 0.7852 @ 1.45558 0.51985 0.51985 C[red]
-4.85559 -4.00144 -5.31606 0.886213 0.00111288 -0.463276 0.250468 0.840098 0.481146 0.389733 -0.542434 0.744227 @ 1.47784 0.527798 0.527798 C[red]
2.43082 -5.81919 4.52806 -0.806566 0.00304678 0.591136 0.0322647 0.998723 0.0388755 -0.590263 0.0504285 -0.805634 @ 1.34052 0.478756 0.478756 C[red]
-6.13098 7.38049 3.39254 -0.998324 0.00174022 0.0578389 -0.0148913 -0.973609 -0.227737 0.0559161 -0.228217 0.972003 @ 1.43869 0.513819 0.513819 C[red]
-4.81373 4.48408 3.07248 0.836991 0.00615947 -0.547182 0.123494 -0.976267 0.177911 -0.5331 -0.216483 -0.817887 @ 1.17177 0.418489 0.418489 C[red]
-0.235619 -6.82495 -3.88914 -0.779168 -0.00950164 0.626743 -0.336876 0.849552 -0.405926 -0.528594 -0.527419 -0.665145 @ 1.29596 0.462842 0.462842 C[red]
3.98052 2.52394 -6.67697 -0.111374 -0.00428956 0.993769 0.927088 0.359706 0.105453 -0.357917 0.933056 -0.036085 @ 1.45078 0.518137 0.518137 C[red]
6.29259 0.904245 -7.31504 -0.994068 -0.0108385 0.108222 -0.0619929 -0.761106 -0.645658 0.0893663 -0.648537 0.755919 @ 1.47917 0.528276 0.528276 C[red]
2.9968 7.29759 4.39729 0.995896 -0.00885211 0.0900675 -0.0287031 -0.97472 0.221578 0.0858292 -0.223254 -0.970974 @ 1.3287 0.474537 0.474537 C[red]
3.35053 -0.788771 7.32525 -0.179249 -0.00207337 0.983802 0.122991 0.992105 0.0244999 -0.976086 0.125391 -0.177579 @ 1.39061 0.496647 0.496647 C[red]
3.28558 5.8594 -2.20875 -0.757409 -0.00530451 0.65292 0.513468 0.612867 0.60062 -0.403339 0.790168 -0.461467 @ 1.4239 0.508537 0.508537 C[red]
-3.90228 -3.72304 5.0377 -0.134439 0.00361946 0.990915 0.950623 -0.281808 0.130002 0.279719 0.959464 0.0344452 @ 1.38273 0.493832 0.493832 C[red]
5.61078 -3.59177 3.29682 0.761896 -0.00702088 -0.647661 0.458103 -0.701053 0.546504 -0.457881 -0.713075 -0.530913 @ 1.29478 0.462422 0.462422 C[red]
-7.28885 -4.8106 -1.00564 0.0826721 0.00270524 -0.996573 -0.581033 0.81258 -0.0459946 0.80967 0.582844 0.0687495 @ 1.41344 0.504799 0.504799 C[red]
-7.14729 -3.32097 -1.93961 0.711614 0.00595853 -0.702545 0.70203 0.0331846 0.711374 0.0275524 -0.999431 0.0194315 @ 1.11149 0.396961 0.396961 C[red]
-3.68789 -4.32652 -0.0683091 -0.324919 0.00444678 0.945731 -0.93653 -0.140746 -0.321096 0.13168 -0.990036 0.0498958 @ 1.34071 0.478826 0.478826 C[red]
6.19225 4.2498 3.62786 -0.994786 -0.00791664 0.101674 0.0983175 -0.339288 0.93553 0.0270905 0.940649 0.338298 @ 1.43761 0.513431 0.513431 C[red]
-2.97801 -3.66607 -2.12767 0.394375 0.00880006 -0.918907 -0.479406 -0.851126 -0.213902 -0.783989 0.524887 -0.331444 @ 1.50321 0.536861 0.536861 C[red]
5.56808 6.2954 3.15446 -0.995436 -0.00268101 0.0953905 -0.0775185 -0.56026 -0.824681 0.0556545 -0.828312 0.557495 @ 1.30178 0.464922 0.464922 C[red]
1.78445 1.34252 1.39382 0.979032 -0.0157931 -0.203094 0.0940033 0.919516 0.381646 0.180721 -0.392736 0.90172 @ 1.52465 0.54452 0.54452 C[red]
-2.59378 4.78649 -3.27094 0.25435 0.00975741 -0.967063 -0.955585 -0.151395 -0.252859 -0.148876 0.988425 -0.0291834 @ 1.34078 0.47885 0.47885 C[red]
5.79798 -1.92826 -2.48491 -0.997402 0.00185189 -0.0720091 -0.0593976 -0.586688 0.807631 -0.0407513 0.809811 0.585274 @ 1.29094 0.461052 0.461052 C[red]
3.53346 7.20561 7.02802 0.77769 -0.00055408 -0.628647 0.379695 0.797408 0.469012 0.501028 -0.603441 0.620347 @ 1.58434 0.565836 0.565836 C[red]
0.385218 3.37252 3.85243 0.877046 -0.00629941 -0.480365 -0.182675 -0.929177 -0.32134 -0.44432 0.369581 -0.816082 @ 1.48137 0.52906 0.52906 C[red]
1.68589 6.60042 5.69711 0.943443 -0.00189098 0.33153 0.328615 -0.127101 -0.935872 0.0439076 0.991888 -0.119291 @ 1.31208 0.468601 0.468601 C[red]
-4.94049 5.79026 4.5979 -0.999493 -0.00915923 0.0304896 -0.0270297 0.750138 -0.660728 -0.0168197 -0.661217 -0.750006 @ 1.35708 0.484673 0.484673 C[red]
3.05777 -3.59031 -5.35945 -0.842617 -0.00604613 0.53848 0.479565 -0.463313 0.745224 0.244979 0.886174 0.393295 @ 1.32336 0.47263 0.47263 C[red]
0.186316 -3.03616 5.52747 -0.494873 -0.00927862 0.868916 0.862987 -0.12234 0.49019 0.101754 0.992445 0.0685498 @ 1.30138 0.46478 0.46478 C[red]
-1.87711 3.90697 -3.48408 -0.472835 -0.00304805 0.881146 0.86558 -0.188768 0.463829 0.164919 0.982017 0.0918946 @ 1.58542 0.566221 0.566221 C[red]
0.687127 1.59421 -5.19616 -0.978348 0.00594166 0.206884 -0.160066 0.61196 -0.774522 -0.131206 -0.790867 -0.597758 @ 1.29691 0.463182 0.463182 C[red]
-1.10591 -4.77646 1.23111 -0.316786 0.00103971 0.948497 -0.948488 -0.00465186 -0.316778 0.00408291 -0.999989 0.0024598 @ 1.40611 0.502183 0.502183 C[red]
-4.73133 5.86743 -0.429435 0.988226 0.00257135 0.152979 -0.00185149 -0.999585 0.028762 0.152989 -0.0287066 -0.987811 @ 1.3947 0.498108 0.498108 C[red]
-3.24648 -1.51881 -2.68316 0.578517 3.70742e-05 -0.81567 -0.60691 -0.66809 -0.430484 -0.544957 0.744081 -0.386479 @ 1.43467 0.512383 0.512383 C[red]
-1.37809 -7.00887 1.33282 0.892067 -0.000991111 -0.451903 0.440698 0.223222 0.869458 0.100013 -0.974767 0.199566 @ 1.18434 0.422979 0.422979 C[red]
2.60456 -6.38346 -6.04652 -0.832104 -6.48223e-05 0.554619 0.15749 0.958808 0.236397 -0.531789 0.284054 -0.797818 @ 1.20472 0.430256 0.430256 C[red]
-6.17449 -4.31365 -0.739842 0.666502 0.00280208 -0.745498 -0.657896 -0.468125 -0.589942 -0.350639 0.883658 -0.310163 @ 1.35648 0.484456 0.484456 C[red]
-3.06614 -0.418491 7.29189 -0.975013 0.0041073 0.222111 0.158011 0.715609 0.680395 -0.15615 0.698489 -0.698376 @ 1.33036 0.475128 0.475128 C[red]
2.31433 3.86246 -5.85572 0.245557 0.00202272 -0.96938 0.916676 -0.325731 0.231526 -0.315289 -0.94546 -0.0818395 @ 1.40346 0.501234 0.501234 C[red]
1.04363 0.298643 1.43621 0.999362 0.0111855 0.0339276 0.0125096 0.780011 -0.62564 -0.033462 0.625665 0.779374 @ 1.43084 0.511015 0.511015 C[red]
-6.06285 -1.28137 -3.91874 0.475953 0.000810731 -0.87947 0.396624 -0.892732 0.213822 -0.784958 -0.450588 -0.42522 @ 1.55921 0.556862 0.556862 C[red]
5.98 -7.12521 -6.01737 0.714107 -0.000346465 0.700036 -0.478788 -0.729773 0.488051 0.510699 -0.683689 -0.521302 @ 1.3148 0.46957 0.46957 C[red]
-6.64238 -0.861803 2.54446 -0.465761 -0.0017363 0.884909 -0.873235 0.162808 -0.459297 -0.143273 -0.986656 -0.0773458 @ 1.50948 0.5391 0.5391 C[red]
4.35422 -7.3079 -3.01752 0.925662 0.0111961 -0.378186 0.122717 -0.954409 0.272111 -0.357897 -0.298293 -0.884834 @ 1.39315 0.497552 0.497552 C[red]
-2.31137 -6.327 -2.82939 -0.8186 -0.002979 0.574357 -0.574022 0.0387651 -0.817922 -0.0198284 -0.999244 -0.0334431 @ 1.55168 0.55417 0.55417 C[red]
-2.96145 0.289666 -4.10529 0.776703 -0.0137312 0.629718 0.296583 -0.874023 -0.384868 0.555672 0.485691 -0.674783 @ 1.31994 0.471406 0.471406 C[red]
1.10369 -0.69212 4.69585 0.975902 -0.00281023 -0.218189 -0.0599394 0.958001 -0.280432 0.209814 0.286752 0.934747 @ 1.46405 0.522875 0.522875 C[red]
-3.61473 5.64817 7.02699 -0.00671073 -0.00262327 -0.999974 0.724887 0.688836 -0.0066717 0.688835 -0.724913 -0.00272101 @ 1.66093 0.593191 0.593191 C[red]
3.17335 -1.53459 3.53704 -0.714528 -0.000458067 0.699606 -0.615553 0.475652 -0.628371 -0.332482 -0.879633 -0.340149 @ 1.5062 0.53793 0.53793 C[red]
-0.46452 0.764452 -0.305956 -0.991855 -0.0118763 -0.12682 0.0836244 -0.811735 -0.578008 -0.0960795 -0.583905 0.806117 @ 1.45256 0.518771 0.518771 C[red]
-6.05594 5.13614 -4.19552 0.905161 -0.00665878 -0.425017 0.303535 0.7101 0.635315 0.297574 -0.70407 0.644776 @ 1.36014 0.485764 0.485764 C[red]
-6.72358 4.61107 -1.14557 -0.817554 -0.00295008 0.575845 -0.477459 -0.555571 -0.680716 0.321931 -0.831464 0.452801 @ 1.35226 0.482951 0.482951 C[red]
-1.45707 -0.253922 -6.85309 0.79818 0.0157319 -0.602213 0.281598 -0.893464 0.349893 -0.532551 -0.44886 -0.717575 @ 1.28165 0.457732 0.457732 C[red]
3.64896 4.13345 6.13323 0.956641 -0.0108159 -0.291068 -0.233707 0.567904 -0.789219 0.173835 0.823024 0.540753 @ 1.68708 0.60253 0.60253 C[red]
-6.76497 7.1288 2.38988 0.972939 0.0136098 -0.230659 -0.193482 0.593681 -0.781094 0.126307 0.804585 0.580249 @ 1.49098 0.532494 0.532494 C[red]
-6.71958 -7.00516 4.53092 0.694289 0.00308251 0.719689 -0.337443 -0.881865 0.329311 0.635684 -0.471491 -0.61123 @ 1.39645 0.498732 0.498732 C[red]
5.3712 5.26406 -6.34681 0.92627 0.00654235 -0.376804 0.0370157 0.993435 0.108242 0.375039 -0.114209 0.919947 @ 1.26246 0.45088 0.45088 C[red]
-6.71881 -3.33463 2.4653 0.573017 -0.0114439 -0.819464 0.224975 -0.959293 0.170713 -0.788059 -0.28218 -0.547117 @ 1.26015 0.450054 0.450054 C[red]
-0.265758 3.36842 0.44741 -0.586297 -0.00822398 0.810055 -0.715836 -0.462878 -0.522803 0.379256 -0.886384 0.265497 @ 1.4557 0.519892 0.519892 C[red]
0.052652 4.37878 0.860482 -0.910162 0.00810564 0.414174 -0.105691 -0.971263 -0.213253 0.400543 -0.237869 0.884863 @ 1.55426 0.555092 0.555092 C[red]
0.0216192 -2.6883 3.72318 0.990661 0.00410226 -0.136288 0.132977 -0.249988 0.959074 -0.0301359 -0.96824 -0.248199 @ 1.62501 0.580362 0.580362 C[red]
-0.648189 4.87452 -4.33896 -0.980933 0.011395 -0.19401 0.163817 -0.488626 -0.856976 -0.104563 -0.872419 0.477443 @ 1.46115 0.521838 0.521838 C[red]
-6.83136 -3.41914 -0.4827 0.492533 0.00611138 -0.870272 -0.0190361 0.999812 -0.00375247 0.870086 0.0184148 0.492556 @ 1.29266 0.461666 0.461666 C[red]
-6.17604 3.03516 6.70604 -0.708199 0.000432214 0.706013 0.270339 0.923952 0.27061 -0.652205 0.382508 -0.654458 @ 1.29409 0.462175 0.462175 C[red]
-4.48786 -4.55982 -0.942281 0.727465 -4.49308e-05 -0.686145 0.185199 -0.962872 0.196414 -0.660678 -0.269958 -0.700448 @ 1.35873 0.48526 0.48526 C[red]
2.76357 2.76154 -6.64804 -0.534158 0.0223202 0.84509 -0.357524 -0.911819 -0.201899 0.766062 -0.409986 0.495036 @ 1.34713 0.481117 0.481117 C[red]
-0.00621981 0.592305 -5.04668 -0.984115 -0.00265976 -0.17751 0.158939 0.432253 -0.887635 0.0790902 -0.901749 -0.424964 @ 1.50796 0.538559 0.538559 C[red]
-4.27487 -6.56842 6.0364 0.873689 0.000844754 0.486484 -0.474438 -0.219683 0.852437 0.107592 -0.975571 -0.191533 @ 1.25538 0.448351 0.448351 C[red]
-2.90817 -0.859427 0.827646 0.867171 0.00103004 -0.498009 -0.498 -0.00444507 -0.867165 -0.0031069 0.99999 -0.00334167 @ 1.65669 0.591674 0.591674 C[red]
5.79077 -6.38661 4.48011 -0.805791 0.00238297 0.592196 0.577775 -0.216211 0.787038 0.129915 0.976344 0.172844 @ 1.22265 0.436661 0.436661 C[red]
2.12359 1.96627 4.408 -0.784116 0.00229902 0.620611 0.596124 -0.275355 0.754198 0.172622 0.96134 0.21454 @ 1.43518 0.512565 0.512565 C[red]
-1.65552 -2.26959 -6.4244 -0.943443 0.00599456 0.331481 -0.214117 -0.77437 -0.595404 0.253119 -0.632705 0.731857 @ 1.32764 0.474157 0.474157 C[red]
-6.00968 0.294166 3.26775 0.990996 0.000179338 0.133894 -0.129155 -0.262413 0.956273 0.0353069 -0.964956 -0.260027 @ 1.43177 0.511345 0.511345 C[red]
3.51186 -6.74217 -1.30002 -0.978861 0.00344567 0.204495 -0.194309 -0.327715 -0.924579 0.0638303 -0.94477 0.321457 @ 1.32546 0.47338 0.47338 C[red]
-5.03467 7.41219 -7.08376 0.921749 0.0104272 0.387647 -0.138614 -0.924736 0.35447 0.362167 -0.380466 -0.850929 @ 1.35838 0.485135 0.485135 C[red]
6.07818 6.99986 5.84014 0.999356 0.0116885 0.0339379 -0.00180869 -0.927896 0.372835 0.0358488 -0.372656 -0.927277 @ 1.22273 0.436688 0.436688 C[red]
5.09168 0.0107003 5.90043 -0.974937 -0.0035498 0.222454 -0.222468 0.00424357 -0.974931 0.00251681 -0.999985 -0.00492693 @ 1.41598 0.505707 0.505707 C[red]
-6.59042 -0.162593 -1.78209 0.984097 0.0215955 -0.176312 -0.0770371 -0.842487 -0.533181 -0.160054 0.538284 -0.827425 @ 1.1988 0.428142 0.428142 C[red]
5.92602 -4.20397 4.63245 0.0507194 0.00193836 0.998711 -0.515996 0.856239 0.0245429 -0.855088 -0.516576 0.0444281 @ 1.25947 0.449812 0.449812 C[red]
-6.91751 -6.82695 1.33685 -0.963082 -0.00450569 0.269171 -0.11286 -0.900996 -0.418889 0.24441 -0.433803 0.867225 @ 1.36308 0.486815 0.486815 C[red]
-6.76652 -0.0230774 -2.88466 -0.996452 0.00335573 -0.0841002 -0.0681549 -0.618469 0.782848 -0.0493863 0.785802 0.616503 @ 1.45194 0.518551 0.518551 C[red]
6.59842 -0.65896 6.61859 -0.991188 0.00262647 -0.132434 -0.0463949 0.929586 0.365673 0.124069 0.368595 -0.921273 @ 1.42734 0.509764 0.509764 C[red]
0.835626 -6.2263 -3.99227 -0.632493 0.00113392 0.774566 0.773587 0.0511907 0.631619 -0.0389344 0.998688 -0.0332549 @ 1.19002 0.425009 0.425009 C[red]
-0.648633 -2.64879 -4.45178 -0.998279 0.00906479 0.0579462 0.0503816 0.638346 0.768099 -0.0300271 0.769696 -0.637704 @ 1.48425 0.53009 0.53009 C[red]
-7.25231 5.22444 -7.01342 0.551299 -0.00411112 -0.834297 -0.270237 -0.946958 -0.173905 -0.78933 0.321332 -0.523168 @ 1.30012 0.464329 0.464329 C[red]
6.10123 6.06129 -4.18156 0.235142 -0.00664973 -0.971938 0.852116 0.482441 0.202853 0.467554 -0.875903 0.119109 @ 1.36395 0.487124 0.487124 C[red]
-3.29828 3.68653 6.59433 0.91925 -0.00168259 -0.39367 0.260415 0.752537 0.604873 0.295234 -0.658547 0.692208 @ 1.29197 0.461417 0.461417 C[red]
2.21262 -6.7782 0.0252844 0.96987 0.00114453 -0.24362 -0.108195 -0.89394 -0.434931 -0.21828 0.448185 -0.866882 @ 1.30195 0.464984 0.464984 C[red]
3.28065 1.52391 -0.684818 -0.980179 0.000361652 -0.198115 -0.0985971 0.866472 0.489392 0.171838 0.499226 -0.849262 @ 1.39855 0.49948 0.49948 C[red]
7.28309 -6.89152 6.41016 -0.441298 -0.00969127 -0.897308 0.84851 -0.32993 -0.413736 -0.292039 -0.943956 0.15382 @ 1.31634 0.47012 0.47012 C[red]
3.28682 1.62521 -4.04676 0.873891 0.00282931 0.486114 -0.280836 -0.813293 0.509594 0.396794 -0.581848 -0.709935 @ 1.08606 0.387878 0.387878 C[red]
-6.79682 -5.6768 1.68617 -0.998042 -0.00162439 0.0625233 -0.0537213 0.534182 -0.843661 -0.0320284 -0.845368 -0.533224 @ 1.52246 0.543736 0.543736 C[red]
-4.37065 -3.22924 -2.4528 -0.89406 0.00157834 0.447944 -0.402632 -0.441109 -0.802066 0.196326 -0.897452 0.395014 @ 1.37495 0.491055 0.491055 C[red]
-2.91782 -3.95989 -6.55286 0.999963 -0.00204438 -0.00840866 0.00270194 0.996875 0.0789481 0.00822098 -0.0789679 0.996843 @ 1.28171 0.457754 0.457754 C[red]
-3.09611 5.63708 -3.81198 -0.832787 0.00142587 0.553591 0.106082 -0.981054 0.162109 0.543334 0.193729 0.816858 @ 1.38248 0.493742 0.493742 C[red]
-3.82176 -3.01006 -5.43337 0.874163 -0.000382488 -0.485632 -0.444531 0.401993 -0.800496 0.195527 0.915643 0.351237 @ 1.39599 0.498568 0.498568 C[red]
-1.98035 5.8009 3.60592 -0.916532 0.000923349 0.399961 0.0262492 -0.997703 0.0624548 0.3991 0.0677405 0.914402 @ 1.27419 0.455067 0.455067 C[red]
-5.71017 -4.51679 -6.37617 0.932597 0.00306147 -0.360906 -0.360806 0.03297 -0.932058 0.0090456 0.999452 0.0318523 @ 1.34331 0.479753 0.479753 C[red]
2.85754 0.775825 -3.78316 0.938991 -0.00684292 0.343874 -0.324209 -0.35139 0.878301 0.114824 -0.936204 -0.332171 @ 1.24846 0.445879 0.445879 C[red]
3.93906 6.76834 5.44644 -0.659201 0.00589793 0.751943 0.459652 0.794561 0.396728 -0.595125 0.607156 -0.526487 @ 1.40702 0.502509 0.502509 C[red]
1.08661 -5.55987 3.83444 0.958553 0.00715188 -0.284824 0.089813 -0.956302 0.278246 -0.270388 -0.292295 -0.917308 @ 1.44731 0.516898 0.516898 C[red]
6.5449 -5.11297 -7.26856 0.910178 0.00334921 0.414204 0.158947 -0.926239 -0.341784 0.382507 0.376921 -0.843575 @ 1.41217 0.504347 0.504347 C[red]
5.71772 -1.89333 -5.69579 -0.93599 -0.00226447 0.352019 0.287296 -0.582784 0.760147 0.20343 0.812624 0.546131 @ 1.4328 0.511715 0.511715 C[red]
-1.53001 -1.75902 0.606374 0.813111 -0.0055121 -0.582083 0.157555 -0.960547 0.229184 -0.560382 -0.278062 -0.780163 @ 1.30476 0.465985 0.465985 C[red]
-1.56858 -7.2603 6.09666 -0.980429 -0.00374533 -0.196838 -0.00601172 0.999922 0.0109177 0.196782 0.0118874 -0.980375 @ 1.3656 0.487714 0.487714 C[red]
-3.82753 6.68365 4.32815 -0.644452 0.000881454 0.764645 0.647233 -0.531841 0.546109 0.407151 0.846844 0.342176 @ 1.345 0.480358 0.480358 C[red]
-3.5842 -4.77937 -7.36872 -0.634788 -0.000335937 0.772686 -0.440462 -0.82146 -0.362212 0.634852 -0.570267 0.521305 @ 1.39378 0.49778 0.49778 C[red]
-2.87459 -4.72403 4.03534 -0.792103 0.00431701 0.610372 -0.0102626 -0.999928 -0.00624593 0.610301 -0.0112114 0.79209 @ 1.14535 0.409055 0.409055 C[red]
-7.01497 -5.83396 -4.34303 0.987788 0.00166876 -0.155797 -0.149372 -0.274243 -0.949989 -0.0443116 0.961659 -0.270645 @ 1.48749 0.531245 0.531245 C[red]
-0.753898 -4.55172 2.93135 0.703646 0.00895596 -0.710494 -0.192337 0.964992 -0.178319 0.684024 0.262127 0.680735 @ 1.28222 0.457937 0.457937 C[red]
4.86257 -3.40973 -0.0229832 -0.860552 -0.00144472 0.509361 0.0188951 0.999217 0.0347569 -0.509013 0.0395345 -0.859851 @ 1.42214 0.507908 0.507908 C[red]
4.66717 -5.31297 6.85921 0.946163 -0.00248221 -0.323682 0.124806 0.925448 0.357728 0.298663 -0.378866 0.875934 @ 1.27149 0.454103 0.454103 C[red]
0.523081 3.927 4.8206 0.854474 -0.00231327 -0.519489 0.361202 0.721362 0.590906 0.373373 -0.692554 0.617221 @ 1.48414 0.530048 0.530048 C[red]
1.2939 4.17597 -7.30842 0.723144 0.00262994 -0.690692 0.514996 0.664316 0.541723 0.460262 -0.747447 0.479042 @ 1.28056 0.457343 0.457343 C[red]
-6.69532 2.16501 6.63717 -0.674364 -0.00324321 0.738392 -0.696018 -0.331116 -0.637119 0.24656 -0.943584 0.221036 @ 1.33795 0.477841 0.477841 C[red]
-5.66086 0.382937 -1.12144 0.975168 0.00176795 -0.221458 0.18538 -0.553609 0.811881 -0.121166 -0.832775 -0.54019 @ 1.37778 0.492066 0.492066 C[red]
6.11081 -2.5876 -3.71755 -0.218887 0.00181299 0.975749 0.33993 0.937494 0.0745136 -0.914623 0.347996 -0.205821 @ 1.17992 0.4214 0.4214 C[red]
-1.04971 -2.15469 1.40572 0.654118 -0.00114867 -0.756392 -0.307926 0.912979 -0.267677 0.690877 0.408005 0.596842 @ 1.29308 0.461813 0.461813 C[red]
5.27145 2.5572 -5.54615 0.430836 -0.00708739 0.902403 -0.882693 -0.211304 0.419766 0.187706 -0.977395 -0.0972933 @ 1.42531 0.509039 0.509039 C[red]
4.31152 4.28693 3.01898 0.980629 -0.000740129 -0.195875 0.125552 -0.765183 0.631452 -0.150348 -0.643812 -0.750268 @ 1.48052 0.528756 0.528756 C[red]
-5.71347 1.51227 -3.20231 -0.877885 0.000806924 0.478872 0.440812 -0.389332 0.808768 0.187093 0.921097 0.341433 @ 1.32486 0.473163 0.473163 C[red]
-6.34258 -2.59419 -1.88226 0.999352 -0.00219413 -0.0359175 0.0122787 0.959026 0.283053 0.0338248 -0.28331 0.958432 @ 1.15258 0.411635 0.411635 C[red]
-3.43257 0.359506 -2.33143 0.866385 0.0110234 -0.499254 0.359219 0.680736 0.638404 0.346898 -0.732446 0.58582 @ 1.26979 0.453496 0.453496 C[red]
3.60339 7.10882 3.51762 0.982404 0.00352344 0.186735 0.138183 0.658924 -0.739408 -0.125649 0.752201 0.646843 @ 1.30726 0.466878 0.466878 C[red]
6.80757 4.53598 2.39854 -0.971368 0.0005256 -0.237578 0.230846 0.23847 -0.943315 0.0561593 -0.97115 -0.231763 @ 1.54536 0.551913 0.551913 C[red]
-6.1106 6.97186 0.894791 0.986773 0.00503535 -0.16203 0.0378605 0.964717 0.260553 0.157625 -0.263241 0.951766 @ 1.64248 0.5866 0.5866 C[red]
-2.75035 -5.89997 3.7865 -0.884359 0.0054392 -0.466775 -0.251096 0.837409 0.485487 0.393522 0.54655 -0.739204 @ 1.37759 0.491997 0.491997 C[red]
