-0.747077 1.85628 -5.87176 -0.400444 -0.00577174 -0.916303 0.915432 -0.0465723 -0.39977 -0.040367 -0.998898 0.0239333 @ 1.39303 0.497509 0.497509 C[red]
-1.98338 -4.88103 -0.147538 -0.675986 0.00486305 -0.736898 -0.499745 0.731874 0.463266 0.54157 0.681422 -0.492307 @ 1.55732 0.556186 0.556186 C[red]
-3.08095 3.6394 -6.91883 0.429188 -0.00704676 0.903188 0.504679 0.831176 -0.233335 -0.749063 0.555965 0.360287 @ 1.58093 0.564618 0.564618 C[red]
-2.926 -6.50154 3.2891 -0.278391 -0.000692977 -0.960467 -0.371669 0.922171 0.107063 0.885641 0.386782 -0.256982 @ 1.53456 0.548057 0.548057 C[red]
2.16477 -2.5981 -3.18422 0.700808 -0.00590992 0.713326 0.664315 0.36975 -0.649593 -0.259913 0.929113 0.263049 @ 1.45929 0.521174 0.521174 C[red]
-6.3626 -2.11464 0.52378 0.586762 -0.00316349 0.809753 0.805359 0.106394 -0.583162 -0.084308 0.994319 0.0649757 @ 1.36983 0.489227 0.489227 C[red]
-3.77527 7.45871 6.82189 -0.374524 0.00633715 -0.927196 -0.687658 0.668889 0.282339 0.62198 0.743336 -0.246157 @ 1.25582 0.448507 0.448507 C[red]
0.415308 -5.95544 3.32324 -0.206001 0.0349801 -0.977926 -0.281496 0.955 0.0934574 0.937189 0.294535 -0.186884 @ 1.32237 0.472277 0.472277 C[red]
-7.04847 3.01955 3.7857 -0.371257 -0.00244413 -0.928527 -0.916955 -0.156443 0.367042 -0.146159 0.987684 0.0558394 @ 1.50122 0.536149 0.536149 C[red]
6.57374 7.4546 -6.04053 -0.460663 0.0165167 -0.887421 0.812558 0.41014 -0.414168 0.357126 -0.911873 -0.202357 @ 1.50866 0.538805 0.538805 C[red]
-4.90797 5.76112 -0.413394 -0.898055 -0.0315684 -0.438749 0.303912 -0.765621 -0.566976 -0.318017 -0.642517 0.697164 @ 1.43884 0.513872 0.513872 C[red]
0.0152325 -7.57658 1.19815 0.971822 0.00323453 0.235693 0.235281 0.047383 -0.970772 -0.0143079 0.998872 0.0452868 @ 1.35703 0.484655 0.484655 C[red]
3.66581 7.38878 1.30042 -0.355216 -0.0423272 -0.933825 -0.864504 -0.365147 0.345398 -0.355603 0.929987 0.0931142 @ 1.44951 0.517683 0.517683 C[red]
-3.04991 -7.05092 0.802029 -0.310693 0.00957308 -0.950462 0.525269 -0.831663 -0.18008 -0.792188 -0.555198 0.253364 @ 1.48311 0.529682 0.529682 C[red]
-3.45294 -7.05427 6.29768 0.885718 -0.0140346 0.464012 0.262227 -0.809676 -0.525034 0.383068 0.586709 -0.713464 @ 1.54694 0.552479 0.552479 C[red]
-2.64307 -3.75135 0.253853 0.118505 -0.0139601 0.992855 0.984822 -0.126054 -0.119318 0.126819 0.991925 -0.00118975 @ 1.47869 0.528102 0.528102 C[red]
3.53307 4.10965 -4.26226 0.172113 0.00770183 -0.985047 0.737068 0.662408 0.133964 0.653534 -0.749104 0.108332 @ 1.38068 0.493098 0.493098 C[red]
1.57686 -7.7248 -5.12234 0.601875 -0.0319173 0.797952 0.777583 -0.204253 -0.594681 0.181964 0.978398 -0.0981164 @ 1.31011 0.467896 0.467896 C[red]
-1.49775 -3.78347 -0.407633 -0.48624 -0.0203898 -0.873587 -0.858961 -0.172462 0.482124 -0.160491 0.984805 0.0663437 @ 1.42772 0.509898 0.509898 C[red]
-4.74704 1.41407 4.61521 0.383282 -0.00157223 0.92363 0.792236 0.514642 -0.327881 -0.474823 0.857404 0.198499 @ 1.38862 0.495934 0.495934 C[red]
6.87524 -7.59037 7.05678 0.881649 0.0126258 0.471737 0.470563 0.0518474 -0.880842 -0.0355797 0.998575 0.03977 @ 1.33803 0.477869 0.477869 C[red]
-4.48127 5.19705 -3.4621 0.186712 0.0175547 0.982258 -0.596773 0.796254 0.0992069 -0.780385 -0.604708 0.159147 @ 1.36928 0.489029 0.489029 C[red]
5.58664 7.30327 -0.534633 0.39117 0.0448378 0.919226 -0.134366 -0.985327 0.10524 0.910457 -0.164679 -0.379405 @ 1.48371 0.529897 0.529897 C[red]
-4.52172 2.45082 -1.01205 0.803645 -0.0186091 0.594818 -0.154472 0.958729 0.238697 -0.574711 -0.283711 0.767603 @ 1.43194 0.511407 0.511407 C[red]
-4.82726 5.1844 2.02087 -0.844974 0.0143585 -0.534615 -0.337578 0.76101 0.55399 0.414802 0.648581 -0.638187 @ 1.44001 0.51429 0.51429 C[red]
6.81429 7.48975 -1.03748 -0.268032 -0.00415242 -0.963401 -0.957489 -0.109552 0.266859 -0.10665 0.993972 0.0253875 @ 1.36204 0.486443 0.486443 C[red]
-4.08721 3.61388 -6.12639 -0.33512 0.00263689 -0.942172 0.772545 0.57319 -0.273182 0.539323 -0.819418 -0.194125 @ 1.33465 0.476661 0.476661 C[red]
-1.00396 -4.94205 4.69922 0.920549 0.0174179 0.390238 -0.384244 -0.139474 0.912636 0.0703241 -0.990073 -0.1217 @ 1.19226 0.425808 0.425808 C[red]
3.52659 1.8256 6.53968 0.088853 0.00375952 -0.996038 -0.114746 0.993374 -0.00648658 0.989413 0.114867 0.0886956 @ 1.29594 0.462834 0.462834 C[red]
-2.49293 -6.05506 0.21685 -0.752235 -0.0119302 -0.658787 0.184831 0.955871 -0.22836 0.632439 -0.293545 -0.716835 @ 1.4403 0.514392 0.514392 C[red]
-3.06657 -1.90155 3.29055 0.728083 -0.00649917 0.685458 0.0601186 0.996707 -0.0544068 -0.682847 0.0808215 0.726077 @ 1.34622 0.480794 0.480794 C[red]
6.74201 -4.31936 -3.4993 -0.537297 0.0432108 -0.842285 -0.785233 -0.390068 0.480892 -0.307768 0.919772 0.243513 @ 1.42712 0.509685 0.509685 C[red]
0.0205383 2.41171 -3.96398 0.883995 0.010215 0.467385 0.4575 0.186742 -0.86938 -0.0961614 0.982356 0.160406 @ 1.39779 0.49921 0.49921 C[red]
-7.29342 6.77265 6.56967 -0.100383 -0.0104625 -0.994894 -0.377986 -0.924573 0.047861 -0.920353 0.38086 0.0888567 @ 1.41414 0.505051 0.505051 C[red]
-1.52993 -1.41422 -5.83176 -0.774402 0.00636938 -0.632662 -0.00432765 -0.999979 -0.00477018 -0.632679 -0.000956095 0.774413 @ 1.32645 0.473734 0.473734 C[red]
2.76292 -5.90382 -3.76714 -0.828166 0.00389564 -0.56047 0.446894 0.60811 -0.656116 0.338271 -0.793843 -0.505357 @ 1.45126 0.518308 0.518308 C[red]
0.85322 -3.25504 5.87387 -0.419525 -0.0120934 -0.907663 0.513683 0.821245 -0.248368 0.748418 -0.570447 -0.338321 @ 1.30385 0.46566 0.46566 C[red]
3.31244 -4.75051 -4.21819 -0.200791 -0.0229024 -0.979366 -0.696719 -0.699456 0.159199 -0.68867 0.714309 0.124488 @ 1.58604 0.566445 0.566445 C[red]
-5.32323 -6.53773 -0.263239 0.269698 0.0131538 0.962855 0.776112 0.588922 -0.225436 -0.570012 0.808083 0.148622 @ 1.59661 0.570219 0.570219 C[red]
4.63083 -4.20978 -1.98799 -0.180664 -0.0334501 -0.982976 0.709545 0.687669 -0.15381 0.681107 -0.725254 -0.100503 @ 1.31101 0.468216 0.468216 C[red]
-5.31441 6.29419 2.30077 -0.391104 -0.0165815 -0.920197 -0.888216 -0.255082 0.382107 -0.241061 0.966777 0.0850355 @ 1.25521 0.448289 0.448289 C[red]
-4.40858 6.94665 -0.909538 0.134878 0.00971194 -0.990815 0.18718 -0.982198 0.015853 -0.973022 -0.187599 -0.134294 @ 1.20493 0.430333 0.430333 C[red]
1.43608 4.77147 0.131909 0.242182 -0.0264234 0.969871 0.969164 -0.0402686 -0.243103 0.045479 0.998839 0.0158563 @ 1.4048 0.501713 0.501713 C[red]
-4.58706 -7.58382 4.62916 0.720261 -0.0439034 0.692313 0.0900879 -0.983624 -0.156102 0.687829 0.174803 -0.704511 @ 1.20381 0.429931 0.429931 C[red]
6.48308 7.40959 4.34284 -0.822259 0.0165547 -0.568872 -0.272198 0.866394 0.418653 0.499798 0.499087 -0.707894 @ 1.49404 0.533587 0.533587 C[red]
-1.3049 6.34124 4.47667 0.69881 -0.0241351 0.7149 -0.139738 -0.984781 0.103346 0.701525 -0.172118 -0.691548 @ 1.37171 0.489897 0.489897 C[red]
5.17373 -4.76995 0.129492 0.770325 -0.00374033 0.637641 0.574224 -0.430717 -0.696239 0.277247 0.902479 -0.329645 @ 1.489 0.531784 0.531784 C[red]
-0.0305092 -0.249084 -1.56861 -0.764542 -0.0180821 -0.64432 -0.50537 0.637286 0.58178 0.400096 0.770415 -0.49637 @ 1.51871 0.542398 0.542398 C[red]
-6.48378 0.190206 0.459309 0.820979 0.0279046 0.570276 0.330031 0.791847 -0.513865 -0.465911 0.610081 0.640881 @ 1.35721 0.484719 0.484719 C[red]
-4.63611 7.397 -3.58507 -0.335698 -0.0442229 -0.940931 0.868907 0.371185 -0.327447 0.363741 -0.927505 -0.0861806 @ 1.43851 0.513753 0.513753 C[red]
3.86702 -4.2725 4.05433 -0.678473 -0.02548 -0.734183 -0.734588 0.0134827 0.678379 -0.00738634 0.999584 -0.0278649 @ 1.30125 0.464734 0.464734 C[red]
-1.13267 -4.25928 -3.39045 -0.430371 0.000174952 -0.902652 -0.0829591 0.99576 0.0397467 0.898832 0.091989 -0.428532 @ 1.3362 0.477213 0.477213 C[red]
-2.23839 -2.07628 -2.63315 0.821368 0.00746238 0.57035 -0.265495 0.889998 0.370698 -0.504844 -0.455904 0.732996 @ 1.41779 0.506353 0.506353 C[red]
-5.73434 7.43991 2.88386 0.734361 0.0145195 0.678604 -0.501542 -0.662042 0.556917 0.45735 -0.749326 -0.478896 @ 1.4479 0.517107 0.517107 C[red]
-3.36396 -6.40579 -1.96943 0.599901 -0.0185515 0.799859 -0.778248 0.218389 0.588758 -0.185603 -0.975685 0.116574 @ 1.55209 0.554318 0.554318 C[red]
-0.607 -6.02797 4.17119 0.172869 0.00487069 0.984933 0.368376 -0.927735 -0.0600671 0.913464 0.373209 -0.162171 @ 1.40911 0.503255 0.503255 C[red]
6.65531 -3.11241 1.80178 -0.269526 0.00516517 -0.962979 0.581221 -0.796436 -0.166948 -0.767814 -0.6047 0.211658 @ 1.3835 0.494106 0.494106 C[red]
-4.03862 1.43165 -6.18543 -0.134131 -0.0288311 -0.990544 0.967115 0.214167 -0.137192 0.216097 -0.976372 -0.000843333 @ 1.24828 0.445814 0.445814 C[red]
0.139828 6.87974 0.773558 -0.33672 0.00855224 -0.941566 -0.400534 -0.906281 0.135006 -0.852169 0.422589 0.308588 @ 1.50902 0.538935 0.538935 C[red]
-3.8402 -3.75854 6.3867 0.864792 0.0214667 -0.501672 0.479531 -0.331668 0.812433 -0.148948 -0.943152 -0.297118 @ 1.58541 0.566217 0.566217 C[red]
-4.49504 -2.6297 7.14064 0.329115 -0.0517361 0.942871 -0.311856 0.936519 0.160243 -0.891307 -0.346779 0.292089 @ 1.37234 0.490121 0.490121 C[red]
-1.75146 -2.79391 -5.25038 0.393566 -0.00779248 0.919263 0.915573 0.093227 -0.391196 -0.0826518 0.995614 0.0438255 @ 1.36403 0.487154 0.487154 C[red]
-5.47516 -3.16025 -5.793 0.543483 -0.0100957 0.839359 -0.109506 0.99053 0.082819 -0.832247 -0.136926 0.537231 @ 1.42566 0.509164 0.509164 C[red]
0.970522 -7.0377 2.83082 -0.478734 -0.00118535 -0.877959 0.732434 -0.551933 -0.398636 -0.484102 -0.833888 0.265097 @ 1.33576 0.477056 0.477056 C[red]
-1.77622 5.24469 5.09981 0.177906 0.0178871 0.983885 -0.961732 -0.208558 0.177692 0.208376 -0.977846 -0.0199012 @ 1.41922 0.506865 0.506865 C[red]
-7.09991 -5.35367 0.924039 0.947442 0.00355568 0.319907 -0.319891 0.0255446 0.94711 -0.00480429 -0.999667 0.0253395 @ 1.49772 0.534899 0.534899 C[red]
7.21532 -4.27581 1.48326 -0.686226 0.0212117 -0.727079 -0.561508 -0.65086 0.510969 -0.462388 0.758901 0.458547 @ 1.47174 0.525622 0.525622 C[red]
3.72067 0.762999 -4.30546 -0.274271 -0.00681288 -0.961628 -0.847121 0.474998 0.238247 0.455149 0.87996 -0.13605 @ 1.37049 0.489461 0.489461 C[red]
-4.79759 -3.26172 -0.616943 0.135604 0.00637341 0.990743 0.268685 0.962269 -0.0429655 -0.953635 0.272024 0.128775 @ 1.40148 0.500528 0.500528 C[red]
-1.15895 -2.61944 4.62239 0.190409 -0.0115045 0.981637 0.901422 0.39809 -0.170184 -0.388822 0.917274 0.0861703 @ 1.40968 0.503456 0.503456 C[red]
0.62751 -7.59648 0.145548 -0.846271 -0.0187376 -0.532423 0.320321 0.780665 -0.536616 0.425698 -0.624669 -0.654652 @ 1.30016 0.464344 0.464344 C[red]
2.21582 -4.34814 -5.77619 -0.120141 0.00500248 -0.992744 0.686935 0.722358 -0.0794926 0.716719 -0.691501 -0.0902215 @ 1.47341 0.526217 0.526217 C[red]
5.49032 6.89117 -2.88663 -0.234434 -0.00881799 -0.972092 -0.958465 -0.164988 0.232645 -0.162435 0.986256 0.030227 @ 1.3731 0.490391 0.490391 C[red]
-0.68326 -6.53563 6.91387 -0.152193 -0.0307552 -0.987872 -0.25379 -0.964785 0.0691358 -0.955211 0.261234 0.139029 @ 1.4065 0.502322 0.502322 C[red]
-4.20493 -7.05044 1.56079 -0.0494374 0.0118604 -0.998707 0.994171 0.0965031 -0.0480669 0.0958082 -0.995262 -0.0165622 @ 1.39588 0.49853 0.49853 C[red]
-7.23587 -1.00945 -4.02422 -0.28827 0.00998616 -0.957497 -0.923044 -0.268913 0.275093 -0.254736 0.963113 0.0867372 @ 1.60668 0.573813 0.573813 C[red]
6.45109 -5.96292 -6.1019 0.192616 -0.00681578 0.98125 -0.7164 0.682378 0.145367 -0.670574 -0.730968 0.126554 @ 1.46973 0.524904 0.524904 C[red]
1.40024 -6.94497 7.75541 0.0288483 -0.0200069 0.999384 0.747452 0.664264 -0.00827799 -0.663689 0.74723 0.0341171 @ 1.52652 0.545185 0.545185 C[red]
-2.7823 -3.09145 2.97358 0.86902 -0.0302193 0.493854 0.172058 -0.91738 -0.3589 0.463897 0.396863 -0.792022 @ 1.47755 0.527698 0.527698 C[red]
4.12808 -2.00031 3.85437 0.624768 -0.0451145 0.779506 0.72496 -0.337267 -0.60057 0.289996 0.940327 -0.178007 @ 1.56727 0.55974 0.55974 C[red]
-0.365296 0.705012 -6.56048 -0.845285 0.00743978 -0.534264 0.508158 -0.297831 -0.808128 -0.165133 -0.954589 0.247972 @ 1.48786 0.531377 0.531377 C[red]
-0.380737 -1.48957 -1.24526 0.303455 0.0135883 0.952749 -0.907411 0.309201 0.284605 -0.290723 -0.9509 0.106159 @ 1.4139 0.504964 0.504964 C[red]
-2.19887 -2.71611 5.52724 -0.174583 -0.0483208 -0.983456 -0.0551949 0.997705 -0.0392227 0.983094 0.0474342 -0.17685 @ 1.35141 0.482646 0.482646 C[red]
-6.3152 -2.55928 3.10575 0.678343 0.00472452 0.73473 0.695727 0.317405 -0.644374 -0.236251 0.948278 0.212022 @ 1.48251 0.529469 0.529469 C[red]
-6.07729 -0.384163 -2.32907 -0.0463649 0.0267295 0.998567 0.7268 -0.684872 0.052079 0.685282 0.728173 0.012327 @ 1.31821 0.470788 0.470788 C[red]
-3.06645 1.86967 0.994346 -0.944944 0.0107238 -0.327056 -0.257032 -0.642887 0.721548 -0.202522 0.765886 0.610248 @ 1.5684 0.560143 0.560143 C[red]
-2.76312 -6.42824 -7.62632 0.305816 -0.036491 0.951391 -0.711238 0.655549 0.253765 -0.632943 -0.754271 0.174523 @ 1.14661 0.409504 0.409504 C[red]
-2.73028 -2.07526 -7.51604 0.832296 0.011474 0.554213 0.0469346 -0.997654 -0.04983 0.552341 0.0674851 -0.830882 @ 1.51814 0.542193 0.542193 C[red]
-4.58673 -3.68519 -3.5024 -0.300955 -0.0198385 -0.953432 -0.948575 0.10912 0.297151 0.0981439 0.993831 -0.0516587 @ 1.44717 0.516846 0.516846 C[red]
0.717729 -2.13004 6.25159 -0.731991 -0.00710215 -0.681278 -0.00260787 0.999968 -0.00762242 0.68131 -0.00380286 -0.731985 @ 1.52534 0.544763 0.544763 C[red]
-4.91175 0.727915 7.55626 0.45479 -0.0180381 0.890416 0.867038 0.237418 -0.438039 -0.203499 0.97124 0.123615 @ 1.53466 0.548091 0.548091 C[red]
2.13376 -0.996179 4.72153 0.251974 0.00670699 0.967711 -0.650639 0.741405 0.164276 -0.716364 -0.671024 0.191179 @ 1.577 0.563215 0.563215 C[red]
-2.42931 -5.91576 -5.05293 0.33871 -0.0750461 0.937893 -0.583908 -0.798402 0.146988 0.737785 -0.59743 -0.314247 @ 1.32392 0.47283 0.47283 C[red]
-7.12968 -3.5228 -7.01727 0.304821 -0.0362124 0.951721 0.897268 -0.324162 -0.299715 0.319366 0.945308 -0.0663192 @ 1.63402 0.583579 0.583579 C[red]
-4.70687 -5.93012 2.022 -0.718852 -0.0117333 -0.695064 -0.0821091 -0.991425 0.101655 -0.690297 0.130146 0.711725 @ 1.38308 0.493957 0.493957 C[red]
-6.19047 -2.59553 -2.39517 -0.460162 -0.00888796 -0.887791 0.0535463 -0.998407 -0.0177589 -0.886219 -0.0557099 0.459905 @ 1.62183 0.579224 0.579224 C[red]
1.76472 0.756235 -2.78513 0.293581 0.00273289 0.95593 0.918012 0.278058 -0.282731 -0.266577 0.96056 0.0791239 @ 1.34213 0.479331 0.479331 C[red]
-4.6441 -3.10074 4.81425 0.139516 -0.0017186 0.990218 0.91928 -0.371458 -0.130166 0.368048 0.928448 -0.0502446 @ 1.45516 0.519699 0.519699 C[red]
-1.02825 -4.27978 1.89986 -0.593691 0.000313743 -0.804693 0.7926 0.172945 -0.584701 0.138984 -0.984931 -0.102925 @ 1.59533 0.56976 0.56976 C[red]
-6.84955 -3.71228 3.62812 -0.187802 -2.12705e-05 -0.982207 -0.701381 0.70006 0.134092 0.687601 0.714084 -0.131487 @ 1.40299 0.501069 0.501069 C[red]
6.10767 -3.56705 -6.4717 -0.479893 0.0187904 -0.877126 0.87278 0.111885 -0.475118 0.08921 -0.993543 -0.0700929 @ 1.42753 0.509833 0.509833 C[red]
1.86334 -3.1209 0.0237274 0.858598 -0.0492383 0.51028 -0.461649 -0.507077 0.727842 0.222913 -0.860493 -0.458106 @ 1.29712 0.463259 0.463259 C[red]
3.21806 -2.55231 -3.8815 0.822196 -0.0197234 0.568862 0.470793 -0.538143 -0.699111 0.319918 0.842623 -0.433174 @ 1.20229 0.42939 0.42939 C[red]
-5.35528 -7.71906 -5.64097 -0.9672 0.00841241 -0.253877 -0.0075664 -0.999962 -0.00430866 -0.253904 -0.0022464 0.967227 @ 1.18236 0.422273 0.422273 C[red]
5.80054 -0.257656 -5.29505 -0.705697 -0.0195807 -0.708243 0.643903 0.399331 -0.652629 0.295602 -0.916598 -0.269199 @ 1.38424 0.49437 0.49437 C[red]
4.5516 -2.17054 -2.25286 -0.824065 0.0153872 -0.566286 -0.554674 0.181228 0.812092 0.115123 0.983321 -0.140809 @ 1.39706 0.49895 0.49895 C[red]
-5.59663 -4.88584 -3.43351 -0.879376 0.00335146 -0.476116 0.464239 -0.216024 -0.858962 -0.105731 -0.976382 0.188411 @ 1.37772 0.492044 0.492044 C[red]
-4.19833 -0.958338 -6.04243 -0.329403 -0.0223261 -0.943925 0.480449 0.856652 -0.187925 0.812812 -0.515411 -0.271457 @ 1.24424 0.444371 0.444371 C[red]
-4.45267 0.233977 -5.90195 0.47435 0.0303761 0.879812 0.759406 -0.51965 -0.391492 0.445302 0.853839 -0.269564 @ 1.34616 0.480772 0.480772 C[red]
-1.90705 1.8938 0.140215 -0.81345 0.0150749 -0.581439 -0.117438 -0.983332 0.138805 -0.569655 0.181194 0.801662 @ 1.46578 0.523492 0.523492 C[red]
0.123446 -7.1424 -1.75864 0.420869 0.0010047 0.907121 0.873593 0.268913 -0.405612 -0.244344 0.963164 0.1123 @ 1.48008 0.528599 0.528599 C[red]
-5.129 0.276984 4.99241 0.781021 -0.0330956 0.623627 0.399169 -0.741524 -0.539265 0.480282 0.67011 -0.565935 @ 1.45321 0.519003 0.519003 C[red]
-1.24975 1.93891 4.83289 -0.0381211 -0.0387534 -0.998521 0.683925 -0.729549 0.00220376 -0.728556 -0.68283 0.0543157 @ 1.34747 0.48124 0.48124 C[red]
-3.12614 1.40646 -7.03148 0.386128 -0.0181821 0.922266 -0.616909 -0.74841 0.243529 0.685805 -0.662987 -0.300199 @ 1.47934 0.528335 0.528335 C[red]
-1.43278 -5.94782 -0.506838 -0.760827 0.0157194 -0.648764 0.625885 0.281955 -0.727165 0.171492 -0.959299 -0.224358 @ 1.35708 0.48467 0.48467 C[red]
-3.35786 -3.24378 4.25917 0.460568 -0.00541151 0.887608 -0.568644 -0.76963 0.29037 0.681558 -0.638468 -0.357544 @ 1.44266 0.515236 0.515236 C[red]
-4.54906 -0.891689 4.45876 -0.0901002 -0.0288888 -0.995514 0.599292 -0.799929 -0.0310266 -0.795444 -0.599399 0.0893866 @ 1.36538 0.487634 0.487634 C[red]
-2.95807 2.45638 3.57477 0.712067 -0.015789 0.701934 0.667249 0.326337 -0.66954 -0.218496 0.945122 0.242909 @ 1.4035 0.501249 0.501249 C[red]
-0.678681 -4.82964 -6.25319 -0.799773 -0.0398529 -0.598978 -0.560116 -0.309398 0.768468 -0.215949 0.950097 0.225126 @ 1.54035 0.550126 0.550126 C[red]
0.392646 2.51681 5.98803 -0.843373 -0.00657218 -0.537289 -0.214371 -0.912786 0.347659 -0.492715 0.408385 0.76841 @ 1.35775 0.484912 0.484912 C[red]
-4.17861 0.268627 4.08658 0.812267 -0.0505334 0.581093 -0.566893 -0.302921 0.766075 0.137313 -0.951675 -0.2747 @ 1.47692 0.52747 0.52747 C[red]
-3.89651 0.824469 6.85219 -0.611411 0.0334726 -0.790605 -0.668161 0.513443 0.538458 0.423954 0.857471 -0.29156 @ 1.43517 0.512561 0.512561 C[red]
4.28531 -1.33474 5.85329 -0.265333 0.0267867 -0.963785 -0.508691 0.845275 0.163537 0.819044 0.53366 -0.210653 @ 1.54418 0.551494 0.551494 C[red]
-2.55064 0.862935 0.823788 0.32492 0.0079874 0.945708 0.934637 -0.155498 -0.319803 0.144501 0.987804 -0.0579896 @ 1.35444 0.483727 0.483727 C[red]
-6.14174 6.8757 5.82418 -0.250868 -0.00353532 -0.968015 -0.689755 0.702278 0.17619 0.679193 0.711894 -0.178617 @ 1.39904 0.499656 0.499656 C[red]
-2.01127 4.65588 2.66812 0.444524 0.0189979 0.895566 -0.895613 0.0279481 0.443954 -0.0165952 -0.999429 0.0294383 @ 1.31928 0.471172 0.471172 C[red]
1.35371 -2.51538 3.44375 0.649123 -0.0112456 0.7606 0.113879 0.990059 -0.0825501 -0.752111 0.140202 0.643951 @ 1.60219 0.572211 0.572211 C[red]
-2.73457 -4.24886 -7.90473 0.4962 -0.0231631 0.867899 -0.859434 0.12866 0.494794 -0.123125 -0.991418 0.0439338 @ 1.54678 0.552423 0.552423 C[red]
-4.89503 -0.900788 -0.500223 0.396278 -0.0367592 0.917394 0.50288 -0.8273 -0.250373 0.768164 0.560557 -0.309355 @ 1.60043 0.571581 0.571581 C[red]
0.651425 0.651032 -7.51462 0.506296 -0.00952418 0.862307 0.513105 0.807003 -0.292352 -0.6931 0.59047 0.41347 @ 1.28096 0.457486 0.457486 C[red]
6.39436 3.1455 4.46308 0.273929 -0.0177881 0.961585 0.811106 0.541523 -0.221044 -0.516789 0.840498 0.162767 @ 1.63345 0.583374 0.583374 C[red]
3.6114 -3.8639 6.91926 0.665424 -0.00967842 0.746403 0.745037 0.0704431 -0.663293 -0.0461593 0.997469 0.0540853 @ 1.58326 0.56545 0.56545 C[red]
-4.19899 0.347467 -1.05299 0.883482 -0.00631361 0.468422 0.408103 0.501346 -0.762958 -0.230024 0.865224 0.445507 @ 1.39028 0.49653 0.49653 C[red]
6.26642 -6.53588 7.48268 -0.319883 -0.0374164 -0.946718 -0.645779 0.739772 0.188963 0.693285 0.671816 -0.260804 @ 1.35329 0.483319 0.483319 C[red]
-4.01242 1.90139 -3.70479 0.105315 -0.00901814 0.994398 0.00244361 -0.999954 -0.00932732 0.994436 0.00341223 -0.105288 @ 1.35957 0.48556 0.48556 C[red]
-1.91945 3.57488 -7.67174 0.415451 -0.00560306 0.909598 0.598096 0.7551 -0.268524 -0.685333 0.655586 0.317058 @ 1.42349 0.508391 0.508391 C[red]
-1.17888 0.227057 -3.27585 0.810021 0.00623161 0.586368 -0.130923 0.976625 0.17048 -0.571599 -0.214861 0.791902 @ 1.37478 0.490991 0.490991 C[red]
-3.71361 -1.00184 -1.02135 -0.189824 -0.0218202 -0.981576 0.214771 -0.976463 -0.0198274 -0.95804 -0.214577 0.190043 @ 1.34488 0.480314 0.480314 C[red]
-2.19432 4.19331 5.53876 -0.782159 0.055425 -0.620608 -0.477666 0.586215 0.654361 0.400078 0.808258 -0.432039 @ 1.33092 0.47533 0.47533 C[red]
-1.69636 -0.906263 -3.14735 0.223053 0.0323898 0.974268 -0.827046 -0.522743 0.206726 0.515987 -0.851875 -0.0898112 @ 1.58339 0.565495 0.565495 C[red]
-4.53671 4.00424 1.43465 -0.24945 -0.0174175 -0.968231 -0.339321 0.938021 0.0705467 0.906993 0.346139 -0.239899 @ 1.30159 0.464855 0.464855 C[red]
1.78563 7.3859 -2.77468 -0.642348 0.0063228 -0.766387 0.451722 -0.804692 -0.38525 -0.619142 -0.593658 0.514036 @ 1.52363 0.544152 0.544152 C[red]
1.26994 4.0484 -7.8906 -0.303776 0.0322276 -0.952198 -0.169551 -0.985303 0.0207433 -0.937535 0.167748 0.304776 @ 1.18498 0.423208 0.423208 C[red]
3.09484 -0.891806 -1.0396 -0.0889319 0.00358636 -0.996031 -0.32763 0.944242 0.0326527 0.940611 0.329233 -0.0827982 @ 1.33966 0.478451 0.478451 C[red]
3.50983 0.832574 1.2094 -0.513682 -0.00983311 -0.857924 0.716054 0.545936 -0.434995 0.472649 -0.837769 -0.273397 @ 1.45558 0.51985 0.51985 C[red]
5.31639 -0.338497 -0.0971058 -0.360325 -0.00598772 -0.932808 0.594391 0.769214 -0.234539 0.718933 -0.638963 -0.273608 @ 1.47784 0.527798 0.527798 C[red]
1.22431 1.23471 5.60641 -0.0252595 -0.00924796 0.999638 0.688393 0.724937 0.0241014 -0.724898 0.688753 -0.0119454 @ 1.34052 0.478756 0.478756 C[red]
-6.02451 -3.70257 7.94028 0.0456227 -0.032672 0.998424 0.0726129 0.99693 0.0293051 -0.996316 0.0711615 0.0478551 @ 1.43869 0.513819 0.513819 C[red]
6.86742 3.00938 -1.3176 -0.775419 0.0399652 -0.630181 -0.122976 -0.988444 0.0886326 -0.619357 0.146225 0.771373 @ 1.17177 0.418489 0.418489 C[red]
5.63041 -0.873754 2.47368 -0.322434 0.0223415 -0.946328 -0.914543 0.250586 0.317519 0.244231 0.967836 -0.0603651 @ 1.29596 0.462842 0.462842 C[red]
6.81681 0.774451 -1.24869 0.742911 -0.00486026 0.669372 -0.668087 -0.0677388 0.740993 0.041741 -0.997691 -0.053571 @ 1.45078 0.518137 0.518137 C[red]
-0.266907 3.56701 1.57595 -0.363346 -0.0118341 -0.931579 0.0437162 -0.999034 -0.00435971 -0.930628 -0.0423091 0.363513 @ 1.47917 0.528276 0.528276 C[red]
6.09875 1.36068 -3.40966 -0.287921 -0.00952943 -0.957607 0.951005 -0.120473 -0.284737 -0.112653 -0.992671 0.0437493 @ 1.3287 0.474537 0.474537 C[red]
-0.109839 1.40889 1.42158 -0.272256 -0.00238136 -0.962222 0.291234 0.952889 -0.0847614 0.917093 -0.303309 -0.258736 @ 1.39061 0.496647 0.496647 C[red]
-0.923306 3.6037 7.28273 0.223689 0.0134392 0.974568 0.162986 -0.986341 -0.023808 0.960936 0.164167 -0.222824 @ 1.4239 0.508537 0.508537 C[red]
6.84058 5.1976 -1.21589 -0.287532 -0.000803309 -0.957771 -0.953426 -0.0949043 0.286307 -0.0911266 0.995486 0.0265221 @ 1.38273 0.493832 0.493832 C[red]
-6.10088 1.25367 -4.6499 0.133785 -0.0227828 -0.990749 0.357321 -0.93138 0.069668 -0.92435 -0.363336 -0.116463 @ 1.29478 0.462422 0.462422 C[red]
-6.5903 1.92919 3.29017 0.94872 0.000995656 0.316115 -0.259394 0.574 0.776684 -0.180676 -0.818855 0.544824 @ 1.41344 0.504799 0.504799 C[red]
6.99505 4.11107 3.70061 -0.2296 0.00431692 -0.973275 0.746345 0.642623 -0.173216 0.624702 -0.76617 -0.150768 @ 1.11149 0.396961 0.396961 C[red]
-6.10699 3.52459 0.105306 -0.694532 -0.0103116 -0.719388 0.56218 -0.631758 -0.5337 -0.448975 -0.775097 0.444573 @ 1.34071 0.478826 0.478826 C[red]
-0.694047 3.01897 4.38241 0.892465 0.00686943 0.451064 0.381008 -0.546831 -0.745525 0.241535 0.837215 -0.490645 @ 1.43761 0.513431 0.513431 C[red]
-7.1406 0.163638 6.43768 -0.800429 0.0175437 -0.599171 -0.422438 0.692657 0.584613 0.425276 0.721054 -0.547011 @ 1.50321 0.536861 0.536861 C[red]
-6.42441 0.246741 5.40334 0.64566 -0.0432932 0.762397 0.597019 -0.593879 -0.539328 0.476121 0.803388 -0.357597 @ 1.30178 0.464922 0.464922 C[red]
0.746848 5.32103 -2.11559 -0.768204 -0.0453033 -0.6386 0.530598 -0.603205 -0.595491 -0.358229 -0.796299 0.487422 @ 1.52465 0.54452 0.54452 C[red]
-7.09443 2.57801 6.80859 0.701732 -0.0218679 0.712105 0.0280222 -0.997908 -0.0582585 0.71189 0.0608366 -0.699651 @ 1.34078 0.47885 0.47885 C[red]
-0.411866 -5.91891 -6.81839 0.523106 -0.000246631 0.852268 -0.0427502 -0.998749 0.0259503 0.851195 -0.0500094 -0.522462 @ 1.29094 0.461052 0.461052 C[red]
-2.34018 2.45659 -2.45878 0.775824 -0.0254462 0.630436 0.629162 0.10636 -0.769963 -0.0474608 0.994002 0.0985267 @ 1.58434 0.565836 0.565836 C[red]
-3.7231 3.13001 6.89469 0.78753 -0.0144659 0.616107 0.115036 0.985604 -0.123901 -0.605445 0.16845 0.777857 @ 1.48137 0.52906 0.52906 C[red]
-5.05919 1.79604 -2.87649 0.472465 -0.0319313 0.880771 -0.673932 -0.657101 0.337689 0.567972 -0.753126 -0.331976 @ 1.31208 0.468601 0.468601 C[red]
-5.81242 3.0847 2.9614 -0.109867 -0.00477321 -0.993935 0.963625 0.2446 -0.107691 0.243631 -0.969612 -0.0222738 @ 1.35708 0.484673 0.484673 C[red]
4.16363 1.93899 1.14858 -0.0758799 0.0345678 -0.996518 0.187033 -0.981167 -0.048277 -0.979419 -0.190045 0.0679855 @ 1.32336 0.47263 0.47263 C[red]
1.73517 0.146866 5.34111 0.778943 0.0279137 0.626474 -0.454597 0.713281 0.533454 -0.431961 -0.700323 0.568294 @ 1.30138 0.46478 0.46478 C[red]
-2.60787 1.25451 3.03603 0.584255 0.00654796 0.811544 -0.804708 -0.125094 0.580342 0.105319 -0.992123 -0.0678175 @ 1.58542 0.566221 0.566221 C[red]
-5.47361 4.05846 -3.04149 -0.577729 -0.00857578 0.816183 0.481711 -0.810819 0.332456 0.658926 0.585235 0.472565 @ 1.29691 0.463182 0.463182 C[red]
-1.79783 6.2677 -5.41398 0.879387 0.00272738 0.476101 0.213773 0.891255 -0.399958 -0.425418 0.453495 0.783174 @ 1.40611 0.502183 0.502183 C[red]
-5.11344 3.61464 -0.670426 -0.793129 0.00994179 -0.608973 0.495955 -0.569818 -0.655237 -0.353518 -0.821711 0.447009 @ 1.3947 0.498108 0.498108 C[red]
-1.73134 1.3372 -2.67117 0.28675 0.00578569 0.957988 -0.721006 0.659756 0.211831 -0.630812 -0.751458 0.193357 @ 1.43467 0.512383 0.512383 C[red]
-0.528016 -3.21227 -3.73406 0.16661 -0.012845 0.985939 -0.502274 -0.861566 0.0736525 0.848506 -0.507483 -0.149997 @ 1.18434 0.422979 0.422979 C[red]
2.97667 1.84771 -4.03973 0.877721 -0.0357418 0.477838 0.411019 -0.456448 -0.789125 0.246313 0.889032 -0.385944 @ 1.20472 0.430256 0.430256 C[red]
-4.43576 1.83789 7.32644 0.114569 -0.00753055 0.993387 -0.893334 -0.438192 0.0997077 0.434544 -0.89885 -0.0569304 @ 1.35648 0.484456 0.484456 C[red]
-3.15025 6.42464 0.859298 -0.105263 0.0247955 -0.994135 -0.57575 -0.816617 0.0405949 -0.810822 0.576647 0.100236 @ 1.33036 0.475128 0.475128 C[red]
5.17239 3.58745 2.47943 0.243905 0.0219397 0.969551 0.206211 -0.978055 -0.0297432 0.947622 0.207187 -0.243076 @ 1.40346 0.501234 0.501234 C[red]
-1.74877 7.35175 5.0103 -0.360261 0.0061374 -0.932831 -0.129936 -0.990561 0.0436642 -0.923758 0.136939 0.357658 @ 1.43084 0.511015 0.511015 C[red]
4.20883 0.643738 6.25053 0.98198 -0.0106153 0.188688 -0.138758 -0.718337 0.681717 0.128305 -0.695614 -0.706866 @ 1.55921 0.556862 0.556862 C[red]
4.71989 4.66084 2.8854 -0.356891 -0.00197347 -0.934144 -0.848123 0.419842 0.32314 0.391555 0.907595 -0.151512 @ 1.3148 0.46957 0.46957 C[red]
-6.87136 5.13964 3.7444 0.950421 -0.0280645 0.309696 -0.00385461 -0.996906 -0.0785097 0.310941 0.0734236 -0.947589 @ 1.50948 0.5391 0.5391 C[red]
-3.14829 0.136534 -1.68695 -0.857033 0.011326 -0.515137 0.0966658 -0.978473 -0.182336 -0.506113 -0.206064 0.837489 @ 1.39315 0.497552 0.497552 C[red]
-5.60291 -7.73826 5.33442 0.665662 -0.0478037 0.744721 0.728921 0.255484 -0.635139 -0.159902 0.965631 0.204911 @ 1.55168 0.55417 0.55417 C[red]
-4.33032 6.25703 7.08252 0.74229 0.0151216 0.669908 -0.290634 0.908078 0.301539 -0.603769 -0.418527 0.678453 @ 1.31994 0.471406 0.471406 C[red]
2.61813 6.35992 -3.21481 0.100196 -0.0326394 0.994432 0.747727 -0.656897 -0.0968997 0.656403 0.753273 -0.0414133 @ 1.46405 0.522875 0.522875 C[red]
-2.01873 2.49966 2.65291 -0.868531 -0.03354 -0.494498 -0.0767632 -0.976566 0.201063 -0.489654 0.212589 0.845604 @ 1.66093 0.593191 0.593191 C[red]
-0.624627 4.11893 -5.84874 -0.219177 0.0234669 -0.975403 0.855176 -0.476665 -0.20363 -0.469719 -0.878772 0.0844057 @ 1.5062 0.53793 0.53793 C[red]
-0.693116 3.5654 -3.60388 0.203335 -0.0147648 0.978998 0.816484 -0.549289 -0.177865 0.540379 0.835502 -0.0996344 @ 1.45256 0.518771 0.518771 C[red]
1.53689 7.4973 2.54624 -0.280145 -0.0316339 -0.959436 0.959742 -0.0304067 -0.279232 -0.0203401 -0.999037 0.0388787 @ 1.36014 0.485764 0.485764 C[red]
-1.24238 4.65152 -3.04669 -0.672616 0.0195769 -0.739732 0.644714 0.50618 -0.572823 0.363224 -0.862205 -0.353087 @ 1.35226 0.482951 0.482951 C[red]
-3.01724 0.178212 3.36695 -0.838735 -0.0220077 -0.544095 -0.326146 0.820444 0.469575 0.436066 0.571303 -0.695313 @ 1.28165 0.457732 0.457732 C[red]
1.26589 5.75798 -5.3754 0.265501 0.0398805 0.963285 0.46075 -0.88291 -0.0904391 0.846888 0.467845 -0.252789 @ 1.68708 0.60253 0.60253 C[red]
5.90287 4.57896 2.3611 0.00223216 -0.0152706 0.999881 -0.451128 0.892339 0.0146353 -0.892456 -0.451107 -0.00489715 @ 1.49098 0.532494 0.532494 C[red]
1.87403 6.91875 -5.74449 -0.726538 -0.0123125 -0.687016 -0.274797 0.921609 0.274088 0.629785 0.387925 -0.672967 @ 1.39645 0.498732 0.498732 C[red]
-4.67147 4.62991 -5.9294 -0.00728904 0.00346531 0.999967 -0.676845 -0.736122 -0.00238274 0.73609 -0.67684 0.0077111 @ 1.26246 0.45088 0.45088 C[red]
-2.94459 -2.67951 -4.53121 0.463826 0.023156 0.885624 0.837102 -0.338733 -0.429558 0.290043 0.940598 -0.176497 @ 1.26015 0.450054 0.450054 C[red]
3.74762 4.78215 -1.51957 0.31621 0.0268315 0.94831 0.912018 -0.283831 -0.296078 0.261215 0.958499 -0.114221 @ 1.4557 0.519892 0.519892 C[red]
-1.10016 2.43701 -3.21933 0.854657 -0.0142788 0.518996 -0.430597 -0.577997 0.693185 0.29008 -0.815914 -0.500138 @ 1.55426 0.555092 0.555092 C[red]
-3.56678 3.6113 3.74612 0.150145 0.00943243 0.988619 -0.574123 0.814908 0.0794188 -0.804884 -0.579514 0.127769 @ 1.62501 0.580362 0.580362 C[red]
5.81592 5.23822 -0.370162 0.29475 -0.0232868 0.955291 0.120424 -0.990827 -0.0613095 0.947956 0.133111 -0.289242 @ 1.46115 0.521838 0.521838 C[red]
-4.06577 0.729895 1.0169 0.874645 0.00252039 0.484758 -0.348757 0.69782 0.625632 -0.336697 -0.716268 0.611224 @ 1.29266 0.461666 0.461666 C[red]
2.99394 4.11472 1.62661 0.260583 0.0129107 0.965365 0.958775 -0.120851 -0.257188 0.113345 0.992587 -0.0438702 @ 1.29409 0.462175 0.462175 C[red]
3.37242 3.05805 1.04603 0.629884 -0.021899 0.776381 -0.776622 -0.0309002 0.629208 0.0102113 -0.999283 -0.0364708 @ 1.35873 0.48526 0.48526 C[red]
-5.82437 3.01584 -7.5271 0.903612 -0.00675104 0.428298 -0.218817 0.852296 0.47509 -0.368244 -0.523016 0.768668 @ 1.34713 0.481117 0.481117 C[red]
6.43258 -7.7309 1.84822 0.866833 -0.0273581 0.497847 0.498488 0.0685289 -0.864184 -0.0104745 0.997274 0.0730408 @ 1.50796 0.538559 0.538559 C[red]
-2.42522 -4.16863 -3.06645 0.39628 -0.00687965 0.918104 0.803105 -0.48202 -0.350255 0.444954 0.876133 -0.18549 @ 1.25538 0.448351 0.448351 C[red]
2.34725 4.07651 -3.44988 -0.117084 -0.0353353 -0.992493 -0.563104 -0.820831 0.0956529 -0.818049 0.570077 0.0762089 @ 1.65669 0.591674 0.591674 C[red]
-4.6472 2.96272 -3.29729 -0.907957 -0.0128274 -0.418868 -0.0614017 -0.984672 0.163252 -0.414541 0.173945 0.893252 @ 1.22265 0.436661 0.436661 C[red]
-3.78897 -7.65001 -1.33326 0.801171 0.0298916 0.597689 0.51947 0.461127 -0.719384 -0.297114 0.886831 0.353914 @ 1.43518 0.512565 0.512565 C[red]
-6.29765 6.33688 3.06838 -0.0380442 -0.000648138 -0.999276 -0.344783 -0.938582 0.0137353 -0.937911 0.345056 0.0354841 @ 1.32764 0.474157 0.474157 C[red]
1.14579 -2.60746 -2.27025 0.825114 0.0512394 0.562638 0.56354 -0.145372 -0.813197 0.0401241 0.988049 -0.148824 @ 1.43177 0.511345 0.511345 C[red]
-2.73784 5.22104 0.406576 0.952353 0.00360465 0.304978 -0.289664 0.323769 0.900705 -0.0954956 -0.946129 0.309386 @ 1.32546 0.47338 0.47338 C[red]
-1.33798 2.88786 -5.77752 0.878782 0.00998274 0.477119 0.305989 0.75543 -0.579393 -0.366214 0.655153 0.660804 @ 1.35838 0.485135 0.485135 C[red]
6.5397 5.27401 4.43063 0.912705 0.0108959 0.408474 -0.227031 -0.817628 0.529095 0.339744 -0.575644 -0.743779 @ 1.22273 0.436688 0.436688 C[red]
-4.59028 3.61319 4.56206 0.301616 0.02735 0.953037 0.266535 -0.962154 -0.0567411 0.915416 0.271132 -0.297491 @ 1.41598 0.505707 0.505707 C[red]
-6.14601 2.846 -2.40746 -0.985537 0.0209507 0.16816 -0.125765 0.574659 -0.808671 -0.113577 -0.818124 -0.563713 @ 1.1988 0.428142 0.428142 C[red]
5.06618 6.29413 -0.0746104 -0.812318 0.0142446 -0.583041 0.484858 -0.539083 -0.688696 -0.324118 -0.842132 0.431001 @ 1.25947 0.449812 0.449812 C[red]
-0.808399 4.68176 1.59663 -0.442549 0.012876 -0.896652 -0.677395 -0.660004 0.324855 -0.587611 0.751152 0.300806 @ 1.36308 0.486815 0.486815 C[red]
-0.394118 -7.5748 -3.71749 -0.870653 -0.000318534 -0.491898 0.297687 0.795747 -0.527417 0.391595 -0.605629 -0.692725 @ 1.45194 0.518551 0.518551 C[red]
-7.01284 7.42418 -6.83905 -0.23531 -0.00473715 -0.971909 0.450206 -0.886768 -0.104678 -0.861361 -0.462191 0.210798 @ 1.42734 0.509764 0.509764 C[red]
-6.84561 7.42046 3.61583 -0.870836 0.00342887 -0.491561 -0.191876 -0.923023 0.333484 -0.452579 0.384729 0.80446 @ 1.19002 0.425009 0.425009 C[red]
0.805762 5.12347 -7.84523 -0.361656 0.0496235 -0.93099 0.312681 -0.934291 -0.171265 -0.878314 -0.353041 0.322376 @ 1.48425 0.53009 0.53009 C[red]
-4.86053 -6.56587 -6.29146 0.47798 -0.0227664 0.878075 -0.455968 -0.860853 0.225886 0.750752 -0.508343 -0.421852 @ 1.30012 0.464329 0.464329 C[red]
-4.89342 -4.27889 -6.03375 -0.313433 -0.00850448 -0.949572 -0.402362 0.90695 0.124688 0.860154 0.421153 -0.28769 @ 1.36395 0.487124 0.487124 C[red]
-2.86677 6.2785 -4.64159 0.884852 -0.00508983 0.465845 -0.444386 -0.309394 0.840712 0.139851 -0.95092 -0.27603 @ 1.29197 0.461417 0.461417 C[red]
0.379932 4.12397 -7.17775 -0.154222 0.0187824 -0.987858 -0.561994 -0.823996 0.0720705 -0.812637 0.566285 0.137634 @ 1.30195 0.464984 0.464984 C[red]
-3.84181 3.95972 -3.70795 -0.150562 0.0326563 -0.988061 -0.943961 -0.30169 0.133871 -0.293716 0.952847 0.0762492 @ 1.39855 0.49948 0.49948 C[red]
-4.66818 -5.97835 -3.67442 -0.0380741 -0.00590564 0.999257 0.950175 0.309389 0.0380324 -0.309384 0.950917 -0.00616833 @ 1.31634 0.47012 0.47012 C[red]
2.18597 -0.459414 -3.08138 -0.78104 0.0315256 -0.623685 0.520487 0.584722 -0.622249 0.345065 -0.810621 -0.4731 @ 1.08606 0.387878 0.387878 C[red]
-2.2827 6.36212 5.59568 0.808473 -0.00899511 0.588465 0.212163 -0.928198 -0.305672 0.548961 0.371978 -0.748514 @ 1.52246 0.543736 0.543736 C[red]
3.51367 6.91654 -1.13209 -0.209223 0.00653338 -0.977846 0.640391 0.756628 -0.131964 0.739003 -0.653813 -0.162487 @ 1.37495 0.491055 0.491055 C[red]
-5.70305 2.4911 -5.02796 0.738182 0.0270016 0.674061 0.111851 -0.990268 -0.0828222 0.665265 0.136532 -0.734018 @ 1.28171 0.457754 0.457754 C[red]
2.44738 6.41426 6.706 0.68094 -0.0171489 0.732139 -0.66121 0.415392 0.624701 -0.314838 -0.909481 0.271518 @ 1.38248 0.493742 0.493742 C[red]
2.06533 -3.75125 7.49717 0.149744 -0.00505943 0.988712 -0.98858 -0.0178772 0.149632 0.0169183 -0.999827 -0.00767864 @ 1.39599 0.498568 0.498568 C[red]
6.38242 -5.5003 1.8363 -0.741432 0.0116657 -0.670927 -0.495651 -0.683515 0.535852 -0.452337 0.729844 0.512561 @ 1.27419 0.455067 0.455067 C[red]
1.65987 -6.52701 5.36333 0.175349 -0.0258332 0.984167 0.982738 0.0644883 -0.173401 -0.0589878 0.997584 0.0366952 @ 1.34331 0.479753 0.479753 C[red]
-2.24827 6.40164 -0.197123 -0.222723 -0.0104477 -0.974826 -0.918382 -0.333219 0.213399 -0.32706 0.942792 0.0646206 @ 1.24846 0.445879 0.445879 C[red]
-1.40641 6.83547 7.825 0.344812 -0.0181831 0.938496 -0.387923 0.907678 0.160113 -0.854763 -0.419273 0.305925 @ 1.40702 0.502509 0.502509 C[red]
-3.40794 6.40879 6.40076 -0.625935 -0.0108259 -0.7798 0.306589 -0.922812 -0.233283 -0.717083 -0.385098 0.58094 @ 1.44731 0.516898 0.516898 C[red]
-0.997608 -5.36339 7.1398 0.774467 0.00142749 0.632613 0.603921 0.296083 -0.740009 -0.188363 0.955161 0.228445 @ 1.41217 0.504347 0.504347 C[red]
0.604019 -4.36344 6.17206 0.394828 0.00175383 0.918753 0.556657 0.795096 -0.240737 -0.73092 0.606481 0.31295 @ 1.4328 0.511715 0.511715 C[red]
0.915214 5.63453 5.62931 -0.775745 -0.0418402 -0.629658 -0.230291 0.947755 0.220743 0.587526 0.316245 -0.744851 @ 1.30476 0.465985 0.465985 C[red]
-2.10949 -5.37677 7.90026 -0.900725 -0.0445256 -0.432102 0.40775 0.256325 -0.876377 0.14978 -0.965565 -0.212723 @ 1.3656 0.487714 0.487714 C[red]
-7.12042 -5.44135 6.07362 -0.888086 -0.0147392 -0.459442 0.200493 -0.911827 -0.358294 -0.413651 -0.41031 0.812735 @ 1.345 0.480358 0.480358 C[red]
-0.660261 5.21281 -1.35992 -0.766802 -0.0316243 -0.641104 -0.0236392 0.999499 -0.0210292 0.641448 -0.000970005 -0.767166 @ 1.39378 0.49778 0.49778 C[red]
1.21053 -6.56163 0.00470812 0.169228 0.00900741 0.985536 -0.985174 0.0301397 0.168891 -0.0281825 -0.999505 0.0139744 @ 1.14535 0.409055 0.409055 C[red]
-4.30678 6.38156 1.4832 0.427337 -0.00435609 0.904082 0.815922 0.432592 -0.383582 -0.389427 0.90158 0.188417 @ 1.48749 0.531245 0.531245 C[red]
6.93797 4.67103 1.49402 -0.248604 0.0224138 -0.968346 -0.182004 -0.983005 0.023973 -0.951352 0.182203 0.248458 @ 1.28222 0.457937 0.457937 C[red]
-3.56818 -7.59995 3.75847 -0.749121 -0.00470145 -0.662416 -0.467502 0.71221 0.52364 0.469317 0.701951 -0.535729 @ 1.42214 0.507908 0.507908 C[red]
-0.864343 -7.00338 -6.41376 0.902665 -0.0125105 0.430163 -0.39075 0.394979 0.831448 -0.180307 -0.918605 0.351645 @ 1.27149 0.454103 0.454103 C[red]
-3.93755 -2.65322 -3.67667 -0.317946 -0.032933 -0.947537 0.559435 0.800361 -0.215536 0.765469 -0.598614 -0.236047 @ 1.48414 0.530048 0.530048 C[red]
-5.21739 -2.04284 4.76528 -0.829782 -0.000478341 -0.558088 -0.0765718 0.99064 0.113 0.55281 0.136499 -0.822052 @ 1.28056 0.457343 0.457343 C[red]
-4.23862 4.24181 6.90002 0.126674 -0.0382014 0.991209 0.401499 0.915719 -0.0160184 -0.907057 0.399999 0.131335 @ 1.33795 0.477841 0.477841 C[red]
2.06619 5.78567 -0.178465 -0.695419 -0.0358241 -0.717711 -0.24547 -0.926837 0.284109 -0.675379 0.373752 0.635747 @ 1.37778 0.492066 0.492066 C[red]
-2.6718 -7.64788 -2.05084 0.964856 0.0339233 0.26058 -0.205245 0.716522 0.666686 -0.164095 -0.696739 0.698304 @ 1.17992 0.4214 0.4214 C[red]
-6.37556 -7.59657 -4.77244 -0.804729 0.0154515 -0.593441 0.540726 0.431649 -0.722007 0.245002 -0.901909 -0.355716 @ 1.29308 0.461813 0.461813 C[red]
-1.86604 -7.67594 -3.02474 -0.875356 -0.0289913 -0.48261 -0.140736 0.970254 0.196981 0.462543 0.240349 -0.853397 @ 1.42531 0.509039 0.509039 C[red]
-5.22962 -6.51686 4.94014 0.14914 -0.0294882 0.988376 0.972629 0.184495 -0.141259 -0.178185 0.982391 0.0561966 @ 1.48052 0.528756 0.528756 C[red]
4.7275 -6.03775 6.10459 0.903683 -0.0144193 0.427958 -0.289376 -0.757238 0.585536 0.315623 -0.65298 -0.688476 @ 1.32486 0.473163 0.473163 C[red]
-4.96082 -7.73769 -0.536543 0.878893 0.00849587 0.476943 0.441426 -0.393453 -0.806435 0.180803 0.919305 -0.349554 @ 1.15258 0.411635 0.411635 C[red]
-0.34565 -3.66007 -1.12388 -0.506494 0.0161266 -0.862093 0.365979 0.909314 -0.198009 0.78072 -0.415798 -0.466464 @ 1.26979 0.453496 0.453496 C[red]
7.2236 -2.10896 1.31168 -0.824268 0.0140467 -0.566026 0.558944 -0.13935 -0.817412 -0.0903576 -0.990144 0.10701 @ 1.30726 0.466878 0.466878 C[red]
-6.82451 -7.66852 6.20662 0.842578 0.0326768 0.537582 0.203968 0.904446 -0.374665 -0.498457 0.425334 0.755401 @ 1.54536 0.551913 0.551913 C[red]
-5.7043 -1.024 -5.15073 -0.341421 3.33385e-05 0.93991 -0.763929 0.582578 -0.277517 -0.547581 -0.812775 -0.198879 @ 1.64248 0.5866 0.5866 C[red]
-5.97175 -7.67317 0.185813 0.912005 0.0205547 0.409664 0.292697 0.667078 -0.685081 -0.287359 0.744704 0.602362 @ 1.37759 0.491997 0.491997 C[red]
-0.137028 6.86756 -4.42824 0.0428825 -0.0401017 0.998275 0.32292 -0.945006 -0.0518334 0.945454 0.324586 -0.0275745 @ 1.48385 0.529948 0.529948 C[red]
