1125 16.279399523403114358 16.472058851252246114 17.917299930077106751
2.7853585870175585626 -4.2299713107920577926 -5.1498431595994986765 0.99870387860349385534 -0.0098599234284405361251 0.049933403369733078692 -0.0062896904123587536045 0.94962893931294944938 0.31331344914177483574 -0.050507451495875287095 -0.31322142252522877648 0.94833608906037258901
-0.31188115689270390352 1.7804154052013787535 -8.2345416297110052284 0.98987696652935086572 0.0031111760416428712282 0.14189401579429378186 -0.07149988366970874698 0.87455851372011528255 0.47961982101988365201 -0.12260243786250504816 -0.48491001914116554916 0.86592777733908987692
2.6998595488932313202 -5.1490811082107281749 4.5399509856331015101 -0.9960386000054365363 -0.0043438791235558479875 0.088815753184084092475 0.088440443564048537572 0.055404536443209140284 0.99453940358522519016 -0.0092409545868704732335 0.9984545398043296327 -0.054800882316528763682
-6.3425207185672851651 2.239991211818377348 7.363968669454019178 0.99200217005583424257 -0.0072253276383525341653 0.12601384544781879526 -0.11111841981769096654 0.42355671776471265355 0.89902858887452208325 -0.059869786881642503285 -0.90584077048719746639 0.41936631617451924914
-0.15016531015919412639 2.7432653465456695585 7.5892899525131101157 -0.99358094593841073117 0.0081213128604166462399 -0.11283150333680390387 -0.028549475063133048641 -0.9831348652005212907 0.18063987461244823685 -0.1094615518867515791 0.18270161768277226599 0.97705592857041689836
3.0967358362244761238 6.7732678698511241677 6.9046506447629454328 0.99694335236465247974 0.010276082593715353541 -0.077449043264906106132 0.062276165389747333012 -0.70311515543616709412 0.70834367182908541949 -0.047176598017216117564 -0.71100174424708795229 -0.70160593517801850272
-6.9556211906348099916 -5.1287024466345414453 3.7448324077011916344 -0.011989742842440980972 0.0014798500989833106994 0.99992702539246447468 0.7046826525988655332 0.7094840417052945547 0.0073995737418916327638 -0.70942131712596134818 0.70471994764513834486 -0.0095493559039701823854
-1.045292168804232924 1.6633103633231811624 -3.8642869800611698849 -0.99971142668160373201 0.0013942831735611572672 -0.0239816458289577282 -0.019238106552636757146 0.55138777183763765244 0.83402722996609079953 0.014386056391654350808 0.83424791341817094992 -0.55120183267008326933
-3.7395294793831332925 3.5673656496110131009 -3.2831532629201523044 0.9910044740634267324 -0.0011609452214119604131 0.13382370713850261223 0.1312533964377130824 -0.18679670479357343704 -0.97359105223968744891 0.026128113396462603751 0.98239790476363619831 -0.18496399218734510539
-0.60763051682126800745 2.6298620342795895333 -1.5436797061712617118 -0.99972642124393151786 8.8271877808037205182e-05 -0.023389631779144850338 -0.017990269570582598235 -0.64196535877065352693 0.76652255566227012196 -0.014947670971227771525 0.76673363715603948254 0.64179131872136341297
-0.75205094672194039429 -5.9103599223674008201 1.9067029765170442346 0.99016892731407035733 0.00092618307066496467599 0.13987364857954998065 0.081579363707134644468 0.8084702411522237675 -0.5828556224214481718 -0.11362351340826318258 0.58853632968232516554 0.80044655402135689304
-3.5082003228862861377 -5.7967615409020627482 -5.6473138859158868996 0.9975011426380603341 0.0057212541420838796541 -0.070418305053938479166 0.067932536404661597595 -0.35146216205488151063 0.93373418012879916272 -0.019407239196777441304 -0.93618460567050665322 -0.3509725675492485486
6.0970324622933471659 6.8070986434732683179 7.7775361080925584645 0.99151852554759412062 0.00056615302200086273232 0.12996419878867884745 -0.013240008150268741186 -0.99434792763144508321 0.10534182929659600958 0.12928927132677506262 -0.10616910231384887875 -0.98590689521563934505
-3.3990828647624340419 3.7074666922104411171 7.7850370946092999347 -0.99892738864755592498 -0.00029931861107262611697 -0.046303159911176602903 -0.040187353200292555422 -0.49112428481541664516 0.87016200417348388285 -0.0230010619785928766 0.8710894599714116282 0.49058547050945716661
-6.9069802258750438995 -3.1626991618081912172 -7.4260719926445792893 0.9949144722482180514 0.0068484837387075151241 0.10049025416225820795 0.033812344129528097703 0.91708190481888984813 -0.39726251426273734291 -0.094878439571715003642 0.39864003577695517055 0.91218649605220714083
-6.7319261698244297065 4.1749831524433220764 -0.83980965664856577213 -0.99145491669128715806 -0.011748736996342844241 -0.12991964958138921271 0.065866564429099397349 -0.90474499117813056426 -0.42083024680809621998 -0.11259992832446293065 -0.42579157826011421184 0.89778771879766272601
2.9602934839786358978 -7.3148925215782742981 2.5095536480770896937 0.9922228607047773874 -0.015545418788132023269 -0.1234995329920231949 0.091264002677336281133 -0.58383644064605522139 0.80672541325342472796 -0.0846444121595092136 -0.8117224590510149218 -0.57787712617976372265
-7.022596647009061499 7.6314946382603210395 -2.8559187712155646999 0.9990262674983716451 0.00053435212517782305908 -0.044116111750425193727 0.028934685758328186622 -0.76279066075753665377 0.64599782648319459266 -0.033306167720742588245 -0.64664528323414904865 -0.76206336800975282841
2.0961777421329950144 5.5822161660046836218 -3.0119292874254495196 0.18277097699942318476 0.0068520897301427279719 -0.98313163860884567047 0.61993397166307340207 0.77532221968216674668 0.12065374608736248452 0.76307053458022833237 -0.63152870444129616256 0.13745855637999235266
-0.23670829753935063167 -4.2752401770789942859 -8.3226139915423260618 -0.99271717456792918366 0.0041210029393811010295 -0.12039779338946175746 0.097102489016689219614 -0.56413974944537936818 -0.81994966291986859375 -0.071300195967479995662 -0.82566903807190150655 0.55963105848794791886
-6.53527769117439572 5.4103177821139194492 -7.3379203001981920806 0.99182352744016122337 -0.006222600072636249452 0.12746517039723528897 0.1117909426253770877 -0.43939511278694121099 -0.89131067535740549079 0.061553842796392192749 0.89827234962861657319 -0.43510678037660921458
-6.8191503696631761144 6.9691068154389030909 -1.8606463569821420911 -0.99983701126685120553 0.0048020734629809005978 -0.017403763715038565729 -0.015806733632132412282 0.23294193124080112001 0.97236217729886431638 0.0087234209385736675296 0.97247878987673563866 -0.23282805923455318631
5.9483286858402122377 -0.78253912498391675623 6.8563841496934987418 -0.99817597718421302577 -0.0044098623170563547649 0.060210229088945577125 0.024649327454868454057 0.88064226340210893795 0.47314016376350442883 -0.055110155403692510923 0.47376128696272223895 -0.87892725168083696285
-3.5019895603646347126 1.4429908544225935607 1.1453811247480809588 -0.99067145061591188604 0.0020458078726672736941 -0.13625671214426524069 0.095983491955989971856 0.72024652903819430527 -0.68704592763538241407 0.096732860012301261077 -0.69371518080439464882 -0.71372403750691748581
3.1875419374278965989 -6.2041597564300197121 -8.885096753429007066 0.99851996236045936772 -0.006612346891265958454 -0.053982975429342848483 0.0083187265978592345866 -0.96233286913159177267 0.27174666102248179467 -0.053746474818485073799 -0.27179353534938943682 -0.96085357395749437792
-0.13122837622078400988 -2.3328138203158639286 6.2914921336862805745 -0.99953136845034118441 0.0091740427683543648157 -0.029204116546009760425 -0.02132601777223020259 -0.89310519952949274369 0.44934207853174451541 -0.02196006488878725349 0.44975431016562050779 0.89288230805506008103
-3.3871696327473497234 5.9246716424476151275 -3.318143822095540596 -0.99984314506237437215 -0.001852174843517540373 0.017614048940045611003 -0.012387200764386671267 0.78394026532063931789 -0.62071266916873735209 -0.012658693808550300006 -0.62083349608204774217 -0.78384024368043647701
-6.7936799308561148791 -8.1439494484926093776 -8.4241965029502736684 0.99997898719795863531 0.00069338047307955584086 -0.00644549350127439271 0.0063109926944892253201 0.1231845606175192287 0.99236371124535505128 0.0014820709046416669606 -0.99238353636544296421 0.12317759624560029041
0.4313645628897403439 2.297301677486306648 6.3328788693391455666 -0.99115320541051776804 -0.0061268116919732766579 0.13258124144509764175 0.12688382055001551363 -0.33677332968480194753 0.93299743863256368037 0.038933526519710506819 0.94156581638839165205 0.3345713584892970327
-3.8662688854391658033 -6.2949974943340425426 0.061250081577658689602 0.99326082190950637507 -0.0090071463752917392542 -0.11555003666747570845 0.11589465009710621379 0.087254179556947419893 0.9894216180319688192 0.0011703583068202712617 -0.99614536060968927877 0.087710038179307073247
-0.073656896097861718209 2.4079216494060058373 1.8499235724050644425 -0.99927680794639406336 0.0086567455917637911589 -0.03702596193075001485 -0.012803870841243736312 0.84027128115904414773 0.54201497668537867991 0.035803938227691428642 0.5420970713952504294 -0.83955276379262488984
6.6572133719725510304 3.3845186647461407148 5.516377684392617553 -0.99990580602418088763 -0.0021600446408071485166 0.013554087424030168002 -0.0002979535598859319942 -0.98388942097497900097 -0.17877784682961742058 0.013721891357383881119 -0.17876504552234245837 0.98379610092557401302
-0.25457126937239710207 7.5663789503854994578 0.9387185842361057686 0.99329487223211676561 0.0051705959553637204779 0.11549269126127284513 0.11299180600538021035 -0.25475911231734471585 -0.96038046964068923828 0.024457076132944961799 0.9669907236517729654 -0.25363515489424443006
6.2396003107875577243 -0.18269317376903002059 -5.5331579137556419212 0.97792563150076783351 -0.003056445808746070629 0.2089308914290627095 0.18753435804359061545 -0.42814054216164748601 -0.88403989769164825763 0.092153805170755775933 0.90370699582145785911 -0.41811642146188215952
3.1740473580411845411 4.4509368373271440689 -8.8254383375539564582 0.99395801703747554967 -0.010821641613357382145 0.10922615272768207428 0.10569731888113373386 0.36263678582391867256 -0.92591718762996366721 -0.029589476984980746244 0.93186772325293043551 0.36158955904691503225
-3.3875742446548646747 6.5962334729606686423 3.4023195353304660493 0.98246888449382074882 -0.0048384649942691034669 0.18636383838569633986 0.12061502926109449185 -0.74574956066072606298 -0.65521722160693429693 0.14215099618958937366 0.66620881263352360602 -0.73209214737744876533
2.7017390976809867453 7.4926817055615888563 -7.6539177266225548735 -0.9963767934468928944 0.01477849938937116081 -0.08375488902609884434 0.085046840065611278847 0.1796866523050067721 -0.98004068383798337294 0.00056610497572321359649 -0.98361288266215007869 -0.18029247512287613353
-3.6360731113466537856 5.347387366030922351 0.021053078170911235928 0.99997048280532796483 0.0031033721364869780446 -0.007028698237132761234 2.6828225480002299008e-05 -0.9162034926943513069 -0.40071331304909557636 -0.0076832804042753629833 0.40070129654864433677 -0.91617653219568284673
3.099344214865202396 8.0329735242296234077 2.6821249283015484721 -0.9868818946277739812 0.0099556601831689364723 0.16113662180373933275 -0.03358034151859606159 0.96360889634820712235 -0.26519852100279772689 -0.1579129086535871751 -0.2671306416508792414 -0.9506338588393038469
-3.7356478824176004849 4.2824217105288635565 6.7207196662553938538 0.99379643564101338704 -0.0043918758043328971069 -0.11112765602760567296 0.0008123455647217358612 -0.99890664353794322849 0.046742460255982887229 -0.11121144096706339632 -0.046542764453827004112 -0.99270629416512190524
3.1368254827006967211 -6.5931156966961257382 -7.6648581257270702594 -0.99989466899820056422 0.0021610003060983182938 -0.014352037705981358223 0.014421763006703617466 0.25912879742418654105 -0.96573509778681554394 0.00163207242926712362 -0.96584035762811004666 -0.25913266856309363773
-3.7365823694123214693 -1.2735968341334684695 -7.8749476428829341401 0.99548351132452084222 -0.0074742710946579856562 -0.094639917332939249572 -0.027825705153362731425 -0.97608489694819389193 -0.21560149369345738002 -0.090765129944912287252 0.21726115442407289979 -0.97188439742843357738
-6.8279919371660282579 -4.264070753755804688 -7.4371809693214956383 0.99996247827111151008 0.0072353873291164053777 -0.0047635301717069301192 0.0073828265227716387969 -0.42414775331551396453 0.90556290627951108174 0.0045316577575329058947 -0.90556409631095002855 -0.42418525616872759798
-7.029667783296980943 -0.1126166155629594462 -8.3807946374267316969 -0.97936976973088496479 -0.0061648728467842087847 -0.20198229744122908613 0.064300662604779790232 -0.95708964856197398241 -0.28256827388026523051 -0.19157316859480846838 -0.28972642088336569843 0.93774107413313523285
-3.7902903428966800981 1.8449377545927287958 -4.6234878538985233476 0.99990917509820642639 0.0038161347704524974794 0.012925891420418340882 0.010086805250922127597 0.42418590170060743727 -0.9055189546099258191 -0.0089385632756427101098 0.90556709188967665636 0.42410888244973737882
2.9831324189279335712 6.294589301581729579 -0.77028967502965350889 -0.99270884908621492837 -0.0040160341975860741615 -0.12046996478576155187 0.11824700454384225179 0.16144001570591259842 -0.97977281409809435786 0.023383474134382419701 -0.98687435512250276659 -0.15978804817384784087
-3.6219814666301903827 4.2524879732717515424 -4.4032589455111512677 -0.99979602119534594085 -0.0020935015957777099345 0.020088137125910416475 -0.00073765438189904095068 -0.99016476470333469884 -0.13990423369589130576 0.02018345530717603753 -0.1398905143000442608 0.9899612477973939173
-0.47527412678200042784 -4.9094192245146963671 -4.9061201466693482587 0.99052544630815564375 0.002858117203660021869 -0.13729956803271095578 -0.015493337040436544125 0.99572611426173496252 -0.091046481999043887834 0.13645254385053853796 0.092311085700107625707 0.98633633550296895276
2.6035672336506556768 3.4895987823479939216 0.12011362909687409162 -0.99542382128928885709 0.0018380705244516509691 -0.095540763585924726176 0.04889257841268578042 0.86883097161535804975 -0.49268880496537270641 0.08210317768506382452 -0.49510540722025248028 -0.86494491382712257455
-0.49117234681958427123 6.5190518728371147361 2.9189731535902714299 0.98618241951667895417 -0.0098181415268352965897 0.16537182206501377379 0.12599744070618446035 0.69257351698253999395 -0.71025809992529198578 -0.10755872987170826682 0.72128047781072024414 0.6842408873762243493
3.0672815795921075654 -7.9147512455763537886 -5.362184999307077149 0.99958190309132211038 0.0010223930912006823357 -0.028895911914022295169 -0.012165043718221080216 0.92148842553335741368 -0.38821526672673373204 0.02623033976737223702 0.38840447515553699898 0.9211155915274374939
-3.382287010066891586 -2.7729940677921489645 -2.029045574738804536 0.99549774720115324911 0.00032090568495037096255 0.094784662981658968084 -0.057695099387838649774 -0.79134971344082805089 0.60863528203997840915 0.075203130411170993064 -0.61136366268964259518 -0.78776834229333081439
6.1536859900712101989 5.6918056977894684323 -0.99923072368495324813 0.99762530501962842777 0.00026227309771364613541 -0.068874392902521050508 -0.040737609566590567145 -0.80407231584454530449 -0.5931341821706961337 -0.055535555742986422723 0.59453144753265718681 -0.80215220497263184374
-6.8221736610909120557 -0.4822644856890502818 5.9743380349707049248 -0.99865108807292224391 -0.0091186731742608564955 0.051116084458222646458 -0.035245647790021886192 -0.6038554501610038372 -0.79631422166313614586 0.03812805532234687933 -0.7970416834209291812 0.60271950879903923859
-0.16869057570257245393 7.6352791536506581238 2.9394690387276067867 -0.99221495177250740305 0.0030456760603334615163 -0.12449985275826716546 0.067406828130212231853 -0.8274704636268547242 -0.55744860870468004865 -0.10471775876575122044 -0.56150098457852848366 0.82082326679767014799
3.0156868028091490253 0.035390982556548378213 6.9629194805351959374 0.99992548584533191836 -0.00077493002906926268525 -0.012182866684437524546 0.00046742382053419767596 -0.99482080907503767087 0.10164319626141121722 -0.012198535656898275292 -0.10164131696665240634 -0.99474631862265405768
5.9687156805899377332 0.69043582972711470269 -0.17894360889198440701 -0.99997899184960936658 -0.0023600256144033588887 0.0060370637638058107649 -0.0064810774464903178269 0.34862853092561141288 -0.93723857318170200603 0.00010721436847927162499 -0.93725801021051857731 -0.3486365023938239327
-6.7544386667675162528 -4.707013999585876185 -6.2148006524413101914 -0.98102363728669184084 0.0063138484988063438286 0.19378534104022904216 0.17025633133867085212 0.5062464748862083308 0.84541545307885357374 -0.092765320697123898608 0.86236572403032318856 -0.49771473083838452256
6.0922366428099925528 -4.7923739286862918618 -7.710186025917206365 0.98238895441267193309 -0.00016021098898882999827 0.1868473081972825689 -0.18651806563107845016 0.058504011547386700065 0.98070805636854796461 -0.011088437283884049547 -0.99828716057364363934 0.057443812489061649162
-3.5131089646748581146 -5.897931484301902394 -7.7173040570107005465 -0.98707318080981321096 0.0069811549883942447536 0.16011807893318566465 0.1249015750202699393 -0.59252564323630318999 0.7958096246372173832 0.10042973804456710452 0.80552133775749490407 0.58399421412712626545
-6.625622664581224619 -5.2973623425842024659 5.9295383508009447127 0.96293989170178384551 0.0021407338898418596176 0.26970758652209991801 0.26312468756591922414 -0.22717468341343297067 -0.93763375686311445367 0.059263511222862365335 0.97385167272771477887 -0.21931884497961809388
-3.3112985707349436026 5.4508495572089818992 6.948293856839564242 0.99468721489771871891 0.00081618094282594980809 -0.1029401688708191237 0.10100150865952960133 0.18557373515602998415 0.9774257435061772803 0.019900747899798700707 -0.9826300029354174681 0.18450538627409601711
-3.5108248685847418535 6.646393264664604672 -4.3768238172417701648 0.99821633497756290243 0.00047919043721206288407 -0.059698567486472786658 0.048892911281461712281 -0.58037963742174558668 0.81287696467080716722 -0.034258310084374972437 -0.81434590122545291724 -0.57936786357837521955
-3.5162663042716868489 6.9101275002157382943 5.8976739607394268461 -0.99115480500779262751 -0.0073498529456553071335 0.13250710234637341767 0.0093582171106978938313 -0.99985049112298274299 0.01454026043910375092 0.1323804225822643732 0.01565167923248484208 0.99107540008546435306
-6.3282743165722479262 1.8961070086205362717 -0.5921421869730657539 -0.99761367583534699133 0.011046571673633286126 -0.068153701595027593729 0.025994644908630043512 0.97457710626393712072 -0.22253930525347212499 0.063962740895964931287 -0.22377988560369191373 -0.97253860107272649405
2.9613314735114135701 0.97245001351745341545 -8.7750713955335282179 0.99975452773219897207 0.00142568708938130978 0.022109990846303058387 -0.0097770585082219904627 0.92389627010331465407 0.38251809266499753326 -0.019881986968733326993 -0.38264036575538928897 0.92368341821680532977
3.8556007366432480943 3.3804703685189902984 3.3054398286136441598 0.18655950255394651571 -0.0068172732116174002484 0.98242001037900195115 0.72638775058678295427 -0.67232779007146792338 -0.14260497359924154126 0.66148045156631551933 0.74022217440704807245 -0.12047715431548615406
-0.36817745772698645679 -6.0237693617241987454 -4.80785267878152478 0.99933247093838795116 -0.0036093423006607339154 0.036353612966022283426 -0.022927875759633231656 -0.83668816316724092808 0.54719944273438481108 0.028441607561552739031 -0.54766768232554996487 -0.83621240405457430978
-6.5732119224917617828 -2.5819664552768335497 -8.4241680533429352806 0.99750836825938071772 -0.010571673208075692274 0.069751666485155627839 0.04685722945204629647 -0.63984486408125995638 -0.76707427929496752039 0.052739504168665539419 0.76843138251476861278 -0.63775524699191232791
3.2944431458869223306 -1.3592499933585096006 -4.5181309054720166785 0.97471896091829457465 -0.0046008597885308123721 -0.22338706165683649973 0.16850856615212864154 -0.6413977536813721958 0.74847430463966424519 -0.14672358487917497305 -0.76719472994930415499 -0.62440726771779431203
-3.8136414788641967988 5.0107077786907376904 1.245503316580072628 -0.99876118590508922157 -0.0055819362008196118236 -0.049446289219504453716 -0.049673638072833446733 0.053201165654415544237 0.99734756512145716911 -0.0029365302549439653741 0.99856821397495443282 -0.053412534378927969958
0.23647128213591936396 -2.9277483465129070517 7.4174572013273936122 -0.99554812834293660018 -0.0023576724443941485428 0.09422507911041769213 0.057271833925751365613 0.77884080425205926002 0.62460142384616990086 -0.074858941960775776669 0.62721722155293146983 -0.77523847672582224533
6.1215464475549330459 -1.1061585791919368305 -1.2859824375090267434 -0.94568746810750070608 0.0066410864636105033237 -0.32500939776421761129 -0.17692878952713500529 0.82822195382150465282 0.5317373399002349732 0.27271123207697911539 0.56036085800016632863 -0.7820641231515021996
-0.64318257455419347579 -5.4074514480156725682 7.443766778403181128 -0.9984409292255189694 -0.0014962781779847850877 -0.055798494595990871803 -0.045475130383803415157 0.60148521586206404876 0.79758858292749679197 0.032368555175079291586 0.79888252969462714148 -0.60061550128599006104
-0.46949090600679521668 2.1090792810144631808 -0.4653578850525791899 -0.99110070217619872235 0.0073558868446463110749 -0.13291083129282443842 -0.1022206306424127964 0.59751364402146978083 0.79531653313597860944 0.08526629355922830944 0.80182500343717455493 -0.59144426875719025016
-0.43861629854865047395 8.1641821156015126348 6.2175503863820109629 0.99806489017620192428 -0.011055077970192075942 0.061190360745807942378 0.057420345468152542145 0.54149108297040382531 -0.83874329266450120546 -0.023861662210150881569 0.84063380393296482929 0.54107802465250187662
-0.72183590760910953943 0.12351433689611791833 -2.7740398559154844094 0.99761027914631750235 -0.00034719324374007931588 -0.06909131926819953029 0.061049577290936227203 0.47267384681128438162 0.87912023276307438291 0.032352435054617316446 -0.88123737664582990625 0.47156548426343353198
-6.6539427810976023991 6.409792160718369658 -0.87676112647324522253 -0.99588510067203861453 0.0075973800072538771183 -0.090305847410607098524 -0.069994883229629697996 0.56846798888967220442 0.81972242980753040609 0.057563726262319321603 0.82267030177653777123 -0.56559702261783850741
-0.14353469857467354709 -7.7364309516164793123 -8.2159600746098551127 0.99219645640492670768 -0.0028897332356765583622 0.12465087780984059063 -0.092910018772870875403 0.64956928878535868943 0.75460417934044610178 -0.083149986822227267558 -0.76029690812761197005 0.64423186135342636049
5.9628893355393124409 -3.0232408078980070876 -0.29662324239509263446 -0.99822680057167367806 -0.011872725760446792981 -0.058329177976658805327 0.042356601056497293623 0.54681685399074642095 -0.83618015196364214869 0.041823115227784257719 -0.83716806351797523611 -0.54534435034949857446
-6.5419304151596167074 -2.388954280787765061 -1.6727558921349134913 -0.99115698439802235598 0.001158845486120816488 -0.13268944704031152004 -0.12550576500689322734 0.31647785129008165761 0.94026064077626325677 0.043082887887595358589 0.94859919181923990639 -0.31353379092445166076
2.9090701202999205144 6.3240736803342194605 1.331066743050117962 -0.99742200217758525405 0.0098798467930690317407 0.071075580893645587399 0.047884746085300723684 0.82933395455140657138 0.55669762252095711386 -0.05344530535398488158 0.55866589340634742467 -0.82766902737745573493
4.2267706328398277904 3.4881352330939487949 -3.1984481411655290017 -0.33666159265439132842 0.0090992322796635358856 0.9415817415410371316 0.60640883933395339778 0.76708319769643740216 0.20940794490501160596 -0.72036608166212900972 0.64148310327217394899 -0.26376530592039287848
6.1622822533975645243 -5.3890957774317502782 -2.0344039400126536776 0.99905014665076363745 0.0080057763949422326016 0.042833538517976117721 -0.043293247275843785293 0.29401587332892609172 0.95481954366830557035 -0.0049496684709939425817 -0.95576700810139447739 0.29408319742370325756
0.011234744141342064422 6.3673241036765722001 0.79542942378910785894 -0.9900003177167179258 0.0053822220246958346612 -0.14096241558226801915 -0.098907149778614367186 0.68601516506114434968 0.72083324633952228222 0.10058203936776438647 0.72756733364820413978 -0.67862289112916285294
6.2422168707678427069 2.4575994518811055123 3.3972535761952431521 0.036701431585495887522 0.0059736934491619484919 -0.99930842081230630836 0.88507887568461940386 0.46410200674654417119 0.035280464156124451136 0.46399179813514396242 -0.88576161709600265137 0.011746018167624966422
6.7359112260338127598 3.2585406008486659246 0.87643627899900766742 -0.9686016203879657116 0.00025566883051216036504 0.24861785055598994987 -0.069633268725634980822 -0.9602547324182831856 -0.27029993850333289274 0.23866736029094615112 -0.27912503202289257187 0.93012209286197067293
-0.51304270576184529684 -7.0035221885196063951 -4.804028472067912503 0.997795692240457055 0.0043672857041599745173 0.066216941656099537195 0.065605876217917996618 0.085163764860530288825 -0.99420470837788854634 -0.0099812600590279028367 0.99635739570202852544 0.08468951810743513553
-3.3686375573049121002 7.6508761496062049901 6.8895161321991418291 -0.9816303464314364291 -0.013036575961407238441 0.19034681676301290487 -0.10714910836672209005 0.86314375506800433691 -0.49345914386451988909 -0.15786364857310156151 -0.50478996203806281162 -0.84868496079812205668
-3.3456830343164383201 4.8723125275186980332 7.9278313217713201055 -0.99427759166372220445 -0.0024841995774821032383 0.10679840573533905257 -0.10682455618966137101 0.015963461433228423592 -0.99414972820691605015 0.00076479410358519170354 -0.99986948980933454401 -0.016137485505941920327
-0.78673147685216104907 -5.3287411922413578935 0.83455282132404984274 -0.99871007378194442961 -0.0065905517331207160922 -0.050346332083861917994 -0.040640046140120615614 -0.49066709716836226507 0.87039886627087614812 -0.030439697373461683388 0.87132219321189441352 0.48976633248886874972
6.0990995032866415215 4.5874267779281403534 -1.1961181910910565485 0.99297062063734076176 0.0097564221396258705987 0.11795829253595296882 -0.11052534150401251145 0.43301433519292564789 0.89458523037363102404 -0.042349680475441429939 -0.9013342319830649485 0.43104884505023238761
6.5401027454117848237 -7.7634920217918041985 -6.7630864634914784617 -0.99721094997574555308 -0.011166601167339054029 -0.073794500248190425529 0.024410960390725947033 0.88556298636923413969 -0.46387746462299572769 0.070529612655358231432 -0.46438508179168391798 -0.88282051944210293559
-3.2317337981406266678 -6.3623901757289118564 -6.7043718726171910305 -0.99232920609658803457 0.0013562177577701004134 0.123615967421879136 -0.091532187328054362419 0.66405303382448221949 -0.74206160590062719695 -0.083093955322982498979 -0.74768424414468148687 -0.6588350822831905429
5.0464540594902418391 5.1703121919982821808 3.1982450497712964221 -0.095500365288127109231 -0.013247337983947071044 0.99534124212078167737 -0.94781663926808101817 0.30675616378451520116 -0.086857782072568695542 -0.30417642669398586852 -0.95169594094775700199 -0.041851373063059686686
-0.3297486667036653718 -0.809604613627152081 -8.2930444809216226076 0.99960006264621537042 0.010290627211924462461 -0.026340420453229197034 0.026305650195775083511 -0.68022444750053490115 0.7325317152112705843 -0.010379187147547496578 -0.73293165030200935206 -0.68022310197443913715
2.8161878367369026499 0.52329026670862754944 -5.5511817954794642205 0.97103345043836974959 -0.0013268239944207544864 -0.23893990388376451506 0.1880282907549946092 -0.6128088421577280176 0.76753546162285135601 -0.14744287031136987798 -0.79023006935386086447 -0.594808404011863745
-6.8782274112330163973 -0.023759169218525326428 -1.643697865935781266 -0.99857316689998532055 0.0057244754710447705998 -0.05309294423974778715 0.05119660977178539657 0.38532000884271649932 -0.92136170852309307033 0.015183461243477381145 -0.92276525788834307118 -0.38506329523715709939
6.1717174004719526081 -3.6222609879199731964 5.4671018369562087713 0.93832759999120074479 0.017841635814397422549 0.34528682443246222489 -0.33909966807985930659 -0.14740416182640050935 0.92913046887105243954 0.067473922394813881653 -0.98891541049157760668 -0.13226330061261151738
5.8458753754779246847 -5.430266564799568485 -0.12033052569052581082 0.99773830397073992593 -0.0080889762448516575044 0.066729642985356746321 0.038437918617867182502 -0.74574546496800475648 -0.66512121293220105578 0.055143478326504367926 0.66618185951245356691 -0.7437478920003627314
2.7156543688008256687 -5.0348926006196110805 2.5760154118413369773 0.9993724120582899717 0.0024252282705450956338 -0.035339783320402343159 -0.033656554136296340518 0.37611606027548738496 -0.92596109290124728464 0.011046193053493517933 0.92656938621502804576 0.37596163919749370219
6.2566628912065676005 -5.9557800143351569133 -7.9169647573702421894 -0.99999100016366049282 0.0034954599136616058136 0.0024044441956754068063 -0.00089772871644105620148 0.3795721088247033248 -0.92516172007132202459 -0.0041465256600942126605 -0.92515555230570845069 -0.37956555476316672371
-5.8169593403051864655 6.0654635899539979249 3.8307387224600213393 -0.069908986771517356296 -0.0043832420692219041178 -0.99754374378136745349 0.7611961759991366927 0.6460833500764391335 -0.056184396391737237431 0.6447426736403448766 -0.76325427738260653854 -0.041830525272241861345
-6.6755592524449678393 -5.355669000983231065 -5.0580525715129400766 -0.99063691127539887926 0.00054974379459119069452 -0.13652182170068358213 -0.13631363126318896128 -0.059333739843958094307 0.98888730462477869576 -0.0075567155925407398717 0.99823805031554435629 0.058853130346391162309
-3.403222311040369874 -2.4706082428244604543 -7.738778301059135778 0.99576650641208719339 -0.0043961533227821966707 -0.09181360761759535527 0.091903350604740224883 0.029306786933335715606 0.99533656940119874523 -0.0016848903308643069579 -0.99956079658784913189 0.029586738058822413533
-3.6102153368970610892 -1.5811340873530241868 4.7187122936919791982 0.97952581248249603885 0.013318051776883482046 -0.20087760496492299001 -0.16202998029300108573 0.64434056079310053633 -0.74737642938667303572 0.11947999065049944023 0.76462269859939302474 0.63330613499343968442
-3.5258922865294493043 4.7339255424116117865 -7.7626933082481350823 -0.99917970605733852363 0.00099531003661325724921 0.040483630780300747243 -0.036894653788583899046 0.38974838626482732895 -0.92018203629821726519 -0.016694296182991886363 -0.9209208460892971404 -0.38939195640492352268
6.2786757172145755135 -3.6543903959999726183 -7.7984190150148720022 -0.98584678932714209232 0.003499910217382200088 -0.16761222688651944424 0.029942454888788116313 -0.98003110524646053214 -0.1965769115259405897 -0.16495319750943743253 -0.19881343862587066984 0.96605572264399386384
6.1459064108351428857 -4.7484071655788149258 7.7355772072474850987 0.97021003377912617971 0.00056614220751249758404 0.24226466898157922314 0.21295969309142942505 -0.47874902503118221819 -0.85173208237676911736 0.1155017725931331285 0.87795162196686504785 -0.46460767321823659426
-3.8726963592796099789 0.15739567668037879322 -3.3909279267494372156 -0.99820539851077638716 -0.0029745957307065881356 0.05980914782965710691 -0.021030714104017279864 0.95255980524421435263 -0.30362398867270978808 -0.056068631587983044917 -0.30433693369930503447 -0.95091289787124622102
-3.4877595739544471343 -8.1707310449042047651 1.0232291241868269882 0.99782440052669885144 -0.0024929811904768756081 -0.065880579523162077771 -0.064555687126420055466 -0.23975327600033446984 -0.96868515520071429847 -0.013380170894011856123 0.97083065036706595041 -0.23939260501326301012
-0.33735342106455906697 -2.9317959429918682979 -1.3199823420759919657 -0.99984130429546169694 0.010853349504899587399 -0.014126961065191132386 -0.0067746722044021174397 -0.96505840484848293137 -0.26194728295527131001 -0.016476347924705727482 -0.26181000751629146528 0.96497878211023091488
-3.4277965715909082256 5.9810288801791156033 7.8467980484494921356 -0.99684177397633733086 -5.9428250131981358306e-05 0.079413312005605418697 0.05718597893961362838 0.69332721057943746956 0.71835029260259020134 -0.055102100396620230793 0.72062290800257100543 -0.6911341280776804874
-0.44504516946975952729 1.0770994543552603329 -0.19998662209737050333 -0.98904879520364941126 -0.012949695954234981612 -0.14701967923029810037 0.14757698026645074685 -0.074118621475451368363 -0.9862694686780308917 0.0018749937940837901884 -0.99716535004283302079 0.075218010296631054867
-6.584177848052159554 2.1929018196614142866 0.55816375073635349224 0.99846543650835473116 0.0034300806919843737294 0.055272114525950523378 -0.036740715823879707691 -0.70575561533519981516 0.70750203619731522053 0.041435394271964673396 -0.70844706645540556078 -0.70454656491412293029
0.18906221084735386206 -5.9978512669331367491 6.4945275618621725044 0.99917703241592370489 -0.0075394790457063978403 0.039854913727739860185 0.015312134416700444797 -0.83976061238812937937 -0.54274087041763452444 0.03756057017848971058 0.54290447607095293492 -0.8389540711088554481
-6.9179097498885990802 2.7302415222092801805 -3.1080659057832593639 0.91787785262401211384 -0.0034423668642983920596 0.39684807895820872758 -0.04885824978180104694 0.9913753948453565279 0.12160467887051917835 -0.39384402888780217777 -0.13100754407789941269 0.90979333054488131793
-7.1895764742188532637 -5.8436063203345289807 -6.3423931449956381101 0.98770809638255785412 0.004112557501609400909 0.15625557017630770096 -0.0029315815439295402414 -0.99899061133844813121 0.044823702289835926083 0.15628218762854681478 -0.044730809607178227683 -0.98669905873147012443
2.9657251343940100874 -0.74865111792939764701 -0.91243408881835852409 0.96212869718428406518 -0.003501325112927457326 -0.27257312922744503236 -0.072906351176705977424 0.96018642100280116036 -0.26967888475049350827 0.2626652508660133889 0.27933810632398081708 0.92356764145523040366
-0.10622528432078592875 -3.1335108178649817567 3.1479912352921801677 -0.98745059910954369187 0.0043468342715957085376 0.15786836082780658641 -0.14563215103922119709 -0.41176866007812013004 -0.89957648210795160271 0.061094933524532317459 -0.91127804517043209387 0.40723424891373616319
2.8667799398104705233 5.6164681334645107924 3.5240867233646646639 -0.048125662104466657154 0.0024509357126984701244 0.99883828198626789518 0.94015884849040043392 0.33782215414537053455 0.044469447643248512236 -0.33732070830611360357 0.94120677063172797361 -0.018562183739142073396
6.1535898904597461367 7.7898334063204774935 -4.470487930035559998 0.99499587701775760173 -0.0059892839550705467139 0.099736318333352030896 0.099769010176058589567 0.11367856889690469702 -0.98849548687986332762 -0.0054175017759019814673 0.99349952765515758824 0.1137072522896816068
-0.0079035462527466543436 -2.4225827098535086535 -7.2308089891034121877 -0.99674294118302020351 -0.013821756113268142407 0.079451043164502854754 0.05909095517071027287 0.54526857913203252703 0.83617607932103132917 -0.054879579252929779065 0.83814744267929031096 -0.54267586652784904899
3.1313397597468104472 2.3313740423863986706 2.5148194417752773866 -0.99246006445774748173 -0.0087438752882049251142 0.12225614545575197445 -0.10900199925686133995 -0.39316486908657122257 -0.91298409070164054935 0.056049840452314918238 -0.91942641378228784355 0.38924733142840922673
-0.26984869338743988632 3.1334559050325156981 -0.41970817580582808759 0.99998322432733421916 -0.0032082778971258395923 -0.0048226566088353534784 -0.0056788452419006922589 -0.70702517955807542283 -0.70716557197580642846 -0.0011409559808121874647 0.70718109591810396353 -0.70703153804885743305
-3.6414020745686865865 6.5446807550588816937 -8.8858544143799687021 -0.9999418955057064462 0.00023095933817677129045 -0.01077739627512592363 0.010418489394244672894 -0.23599135791500305825 -0.97169930228854917154 -0.0027677954095436103736 -0.97175512638086836148 0.23597523950921645008
-6.3863857288717547078 2.8940771950171666482 1.6007759724675578727 -0.99786202082051311812 -0.0077961242799759571109 0.064889196713415975282 0.039913640899887296853 -0.85889286216186477851 0.5105976425695307741 0.051752185210088355594 0.51209595953633657572 0.85736773881015704291
5.8810150524417137419 -2.2621660006502257723 0.87973461672395469879 -0.92539379765959106638 -0.0063345512536776343512 -0.37895407731469193946 0.14443930116466685565 -0.9302992949038012549 -0.33716540478086703958 -0.35040491938899687163 -0.36674663647044780657 0.86180815562713986022
-6.6365776384499834961 3.0798916095776207591 -5.2419920106723107978 0.98701640081007779859 0.0066622186864527983829 0.16048127421806718251 0.011482341295753267438 -0.99950977242464877914 -0.029126803224983729285 0.16020855273933176655 0.030591333248278191476 -0.98660903602146832192
-3.2797004123974655698 5.8313626351931517888 -1.2917603015641674347 -0.9997884262073466477 0.0086292956661828106729 0.018671852568636734121 -0.020539164980092776414 -0.36956187537160356538 -0.92897909716751891906 -0.001116030445276906119 -0.92916605379695549338 0.3696609242913792559
6.3898655699257860263 8.0723640028718985917 -8.1312781148023400846 0.99276875804746012033 0.012140064039158760326 0.11942701490948276488 -0.093439106575304506364 -0.54642028970023115431 0.83228240421518595582 0.075361305770620404254 -0.83742312235174820589 -0.54133463564035200211
7.2273196443205511841 0.89949602732828171092 3.1264508760487408345 -0.0022276676376805290558 -0.0014602367438002711135 -0.99999645259620673077 0.77065330966379197442 0.63724914130111265376 -0.0026473034399391178438 0.63725074641102719131 -0.7706564731577496552 -0.00029424300986989268547
-0.44174039197982906124 -2.6616786679978221564 -2.7012887739648401286 -0.99995260589025114495 0.0030835805988865755758 -0.009234581947653391909 0.0047931486694329341128 0.98152554926895840826 -0.19127106905702581652 0.0084741783608215121709 -0.19130626665954039711 -0.98149381079974584718
6.2237310305834130375 2.9111655950887209698 -2.4081568333791745218 0.99959094330520270599 -0.0013577253079431264582 0.028567510293471477106 0.01496561904673444042 -0.82636974558075426689 -0.56292901314083720887 0.024371629180734936254 0.56312627373533652442 -0.82601139430432002353
-0.29008278551908645015 4.1585695704715863741 5.3212757426027197383 -0.98446940654978143392 -0.0016186359443347737852 -0.17554876127476298775 0.065943163499217707924 0.92332319320271094565 -0.37831967974391600418 0.16270060465512747871 -0.38402039127038556376 -0.90887669809115367858
-0.4421716351315956306 7.0906949532742808984 4.0106004913858690486 0.98528506387937708766 -0.0074642329273171235948 0.1707560485685530316 0.16960101269984872996 -0.081137423618931753255 -0.98216710135272267124 0.021185829866088416035 0.99667497395838722252 -0.078677550149868852314
-0.71061473640020045295 -5.4849184445313738934 3.1006984198245048923 -0.99493410177749541656 0.0043140333632044319118 -0.10043665783180735773 -0.094190448325402048591 -0.38915706948193284909 0.91634324066731709379 -0.035132500118143540624 0.9211613129025062463 0.38759198011185042043
5.0679336788016984272 -5.0303091122432332938 3.0889357372159156334 -0.040424904431798747151 0.0034579161160899736863 0.99917659596181418458 -0.2064372748233777588 0.97838942629788538952 -0.011738060837545125081 -0.97762440572287978569 -0.20674180352527468663 -0.038837456275727627597
-8.0153573253411902755 -4.4873045975052630041 3.5806103295931217545 0.13952081161596463499 0.00038864830157325173238 -0.9902190626721657507 0.78712278392481138667 -0.60678713346836732345 0.11066660600340033627 -0.6008091761556204613 -0.79486427999380737663 -0.084965347272579150317
-0.073009637684477254882 5.308638230970758265 -6.0467598169508969264 0.99474091143759468814 0.007217518121337197258 0.10216861819815729884 0.048247955644558221389 -0.91292611088952158038 -0.40526294036483323513 0.090347406650628958591 0.40806105362941957893 -0.90847318211526295606
-3.9406822179474065848 6.4403868551522860386 1.9457868156369777513 -0.9997915547333934283 0.012007370874547623404 -0.016512726252767086915 -0.014757495813959657302 0.13390038403677068102 0.99088490929659744921 0.014108982986680718846 0.99092205051626758294 -0.13369527441045289673
