1125 16.632771914515831924 17.03459077368758301 18.080612785878720672
1.0668418588040404771 -7.4119083889436021551 -2.431606384323969916 0.13379622976682295499 -0.010138315686824037054 0.99095700383779028453 0.93401071298174231927 -0.33294169274830404115 -0.12951377249275100589 0.33124395380989613002 0.94289291215128878676 -0.035077047758829520141
0.44222716219484037303 4.3340748326698665949 8.9995993734522929941 0.21212133398725760425 -0.0099561130031296900256 0.9771926194365021523 0.53571346547570553032 -0.8351267866276615992 -0.1247971680972538161 0.81732222689443490005 0.54996738637031261643 -0.17181458422843801093
-5.5656041691344437794 7.5105307146528703655 -6.0231964187978235259 0.99917045808104365534 0.0086561082975412911161 0.039792806981911309216 0.0080450817113695873017 0.91593363399725313823 -0.4012491180962142745 -0.039920826126550922053 0.40123640151656619901 0.91510418955418915132
0.80009932160630103937 2.1091526575466095217 -1.5613125666627729604 -0.084419441946289489054 -0.002250945418013043306 -0.99642776510186714667 -0.50277199147007556324 0.86346295968763697726 0.040645317575287304157 0.86028697677848531278 0.50440722684377414797 -0.074024773508628349816
-7.6374596372440528569 0.11246124175615478114 7.5846692819779697459 0.98065216303513691454 0.0068715532899592439778 0.19563771847491187583 -0.16994108461502366314 -0.46617115784196272443 0.86821914247275366883 0.097166675843798538947 -0.88466786612358161435 -0.45598399506315578922
7.8599685078801835303 -8.2697047915834769327 1.9888179858328272065 0.075527503526335484918 0.0075723787085260046287 -0.99711496593506943054 -0.97445504898685331163 -0.21154087557185050072 -0.075417607136425313108 -0.21150166362223882244 0.97733981656476276445 -0.0085982115603540059529
8.1813803994686882248 5.5782598958006435197 -8.2924046265681283785 -0.040929107242795852162 -0.012254410533101622177 0.99908690192744487035 -0.59886096989791182121 -0.80011612371356766182 -0.034347158639014128967 0.79980644340571072082 -0.59971994963996755335 0.02540935045685670246
1.524972388497310094 -7.1194343475228567542 4.474533743618966497 0.97366280790879677909 0.0061352712982975458195 -0.22791027826990226113 0.19610499844170897754 0.48734235625667188252 0.85090555138893675391 0.11629086843411792773 -0.87318943319540243131 0.47330396963729071125
5.8203650383399629931 7.6914411638901016843 -5.2398999986721230826 -0.20436408277635301212 0.00093645817413952510411 0.97889450132130118032 -0.357094229031492294 0.93101681987756945702 -0.075441319562378941765 -0.91143789325626978215 -0.36497507332820261494 -0.1899319946338975662
2.5727203449085536135 -7.2940816293789891844 7.1221156500038693693 0.99924303978319339858 -0.005565103196361724687 -0.038501650238717481656 0.024436602839162793049 0.8598737835967867893 0.50992149270668474248 0.030268793936551487839 -0.51047635195866791769 0.85935888556784167935
4.5851903580003527949 6.2798629131032317474 6.2593919274281786258 -0.00067055688332679462549 -0.0025580782749994425765 0.99999650328824840617 -0.91622811455994590535 -0.40065365942550323908 -0.0016392922230020301293 0.40065645189301074547 -0.91622601001329972981 -0.002075122165589070658
-2.831942662214157469 -7.0279573931427083977 -2.6727335274108918739 -0.056837579191278450597 -0.00014963966871708281499 -0.99838342694576864833 -0.99690830497730376081 0.054348733049758943259 0.056745455177961832971 0.054252382981277068319 0.99852200417614223049 -0.0032382274471778509442
3.5336615058732161465 -7.3428480040426595821 -5.974227244392658065 0.15167339016431247156 -0.010073839180806922616 -0.9883793302575040185 0.98805968807593758108 0.02893908125142544488 0.15132938371513812714 0.027078321870630566587 -0.99953041341441450918 0.014342842960315019957
1.4317804851928821464 -0.82859499335759623229 1.5811018718689953122 0.014575380662283341643 -0.0014725020735821541407 0.99989268925035679203 0.6777792135089626413 -0.73518375836591098871 -0.010962626058115151201 0.73512100773530997255 0.67786626496132129649 -0.0097175518375762579698
7.4457708530956008275 -4.2092806490517693518 5.0140002921072435171 -0.16451428971111711763 0.0040925594648089673108 0.98636620959871090797 -0.94876613578354573875 0.27284134461453074527 -0.15937509297048627066 -0.26977373495428069727 -0.96205033736596778926 -0.041003418184160603244
1.0964089771435192588 -2.0470730406489194841 2.2041132075160922987 0.099932060066174804858 -0.0038481590500118595388 -0.99498682154219808549 -0.76689143306493101626 0.63683552014027411392 -0.079486163445795177118 0.6339488254286566038 0.77099008551313241711 0.060689165242405827827
-4.6312752846365938808 -2.8986958656273738022 2.4630092988060705572 -0.19097475725790694079 -0.0050763041006994828394 0.98158182197249843615 0.92978745255162353889 -0.32151220819559983566 0.17923502185281622867 0.31468068763055534465 0.94689182651344117048 0.066120599773818775069
0.24653487639978213797 -0.98785848297476863689 2.4612562958388166656 -0.17713067829574433154 -0.003367478004167359304 -0.98418158024742019574 0.41980737236163961912 0.90419908590406483651 -0.078649749910586375101 0.89016093652622674259 -0.42709796667993943364 -0.15874770530812959413
2.769215143084334585 1.0547134626323333428 4.7079441071706602528 -0.17836074889109851394 0.014526903034779489049 0.98385792284412543207 0.80032164690628060377 -0.57955018508855116188 0.15364519015264180291 0.57242703006431328028 0.81480706431144844792 0.091742810071111971504
5.9478917089716683009 1.9997342312177042167 4.7805132140791330997 -0.22942897776363280204 -0.0041829867606022839294 0.97331641657983791749 -0.47880249954486497899 0.87111492474609619752 -0.10911899153753587544 -0.84741401368621860346 -0.49106139178972363357 -0.20186183121572792709
-4.2138063486817971537 -8.2954510940259300611 5.8381492448405172269 -0.16309442968367160454 -0.0032744538112127906035 0.9866050298666746432 -0.80288642104732932392 0.58160671143889930423 -0.1307938381846450171 -0.57338782852788916511 -0.81346352786189768391 -0.097485829403716986463
-4.6227528171761402831 1.2185174508078138178 -7.9143214930827285869 0.99775565740743110688 -0.0075181494994189766723 -0.066536648092714034686 -0.053043358158854102269 -0.69519195037711045693 -0.71686439044371630391 -0.040866248501036928076 0.71878482841468671616 -0.69403048936950462178
4.7441761828584354532 -3.3917373674465283173 8.5727111651320431207 -0.21479711391482272931 -0.013933734020878905946 0.97655929206068547987 -0.73168850526124895595 0.66460024939974715608 -0.15145441481312216236 -0.646911223524947121 -0.74706917989834420446 -0.15294936849657711497
7.7534358018471358776 -1.0432010281034500565 -1.4042126703272146404 -0.99922599660376398845 0.00077744151033843668375 0.039329420236888304463 0.0073734155513473075699 0.98578551390559332468 0.16784681503365803112 -0.038639881658391342367 0.16800689318752926038 -0.98502824496912388952
7.2873761214432892785 3.2330625722710508718 -4.5086228934304442006 -0.082553227033054746298 -0.0077588343284284112464 0.99655645359223010704 -0.34305611255878176724 0.93907773982173770033 -0.021106923209897796717 -0.93568021692367342457 -0.34361722753830675758 -0.080185613399890012798
-1.9908709584778343515 -8.3448598253706993688 0.086676055014342820448 -0.98981034506390963568 0.0047280046213280038647 0.14231348065688104176 -0.011650711389273494742 0.99340832176410498455 -0.11403581531238712876 -0.14191455784557041597 -0.11453188299392026706 -0.98323074913735752922
1.5510701403875517546 -1.8749553221070982545 0.052177565814005406886 -0.99150627414726943964 -0.0055019366890799187991 -0.12994243732986635043 -0.12124510733063117995 -0.32243413144684618388 0.93879489497256962682 -0.047063066994711209856 0.94657591326355883243 0.3190283814245052918
6.9196067258388609389 1.406436101200875477 1.2289570309158113215 0.008980758767325952921 -0.0064532482394828432487 0.99993884890982531743 0.30320082933410585913 -0.95288537185568078502 -0.0088727219312495098774 0.95288435975360319397 0.30326197204817667563 -0.0066010034393902874278
-5.7000054867418441518 -3.0314423224699886816 -8.371605774131229083 0.99776000904776374067 0.0039903796827458907007 -0.066776052703614474648 0.043725114783390819917 -0.79436402060893129828 0.60586625347471734226 -0.050626857317761300714 -0.60742890911787517094 -0.79275913219962423906
7.4087736418485281575 -2.2637891305244166595 -2.5584844075576156364 -0.92801907197355271162 -0.0054232540890570991171 0.37249320848650774307 -0.030808316748283885028 0.99758617566249196962 -0.06223077812805828668 -0.37125658199229205625 -0.069227237720213427585 -0.92594607828155672813
0.9390478332570083575 7.3839643673598596152 -8.2309908932387418901 -0.28965674565366866799 -0.001663919299750354127 0.95712914544998439759 0.57793612643784708638 0.79681422501338150521 0.176286484377830871 -0.76294744475321296662 0.60422208018984779887 -0.22984097623316876446
-0.47881314782548084485 -0.027054876616029698011 4.8600246097503854159 -0.3839121110419431715 -0.0019500937625557797708 0.92336758018120745906 -0.91929736779515269784 0.09462069895203836789 -0.38201999017711024687 -0.086624711026302536609 -0.99551148685705515007 -0.038118748345766548247
-6.588351582791458938 -0.93821747253069109895 -8.5854906718058465742 0.99838953088626225529 0.0026945655284985828987 -0.056666426860672927668 -0.047182124756158905221 0.59405403449331306565 -0.80304025503454401491 0.031499074907652857558 0.80442062592833785128 0.59322446414567542305
0.41348953258586379489 -5.1447758047510250279 7.9669638501689030718 -0.2498139954235530924 -0.00058582681350926365388 0.96829366645521586232 0.64847292752558594042 -0.74272673802904520812 0.16685279405204328507 0.71907984949970327193 0.66959439172042778399 0.18592342676368164844
-1.9815254055591462468 1.4116834062610741363 -5.1284058271794936701 0.075280948232774688722 0.0047258245548056016308 -0.99715116477662779637 0.99304060577265218512 -0.091183176591095690955 0.074538470561750502785 -0.090571155011416562552 -0.99582292346031175967 -0.011557291675298213968
-4.8613550910436522656 7.611859374202524009 8.4957129700081228663 -0.98356697201007947662 0.012807426617391846208 -0.18008881529473441674 0.008567791630431555866 -0.99304582502812654976 -0.11741627800683235305 -0.18034024652695629376 -0.11702973646834853583 0.97661734382763298878
5.8445696285105039891 -2.985322970861427283 -6.4025611858526829678 -0.091198360736985631392 0.0013072530808462910074 0.99583188846723258436 -0.83853332029111538048 -0.53951180418241118097 -0.076084715345225248373 0.53716359683087278043 -0.84197702120502826428 0.050298767406073252584
5.401895132617630324 -4.2769021840996410688 8.9069940655865238455 -0.27016862802522112474 -0.0066279867465857140313 0.96279020675452198219 -0.53795611745663962644 -0.82828829470865228402 -0.15665796034544141047 0.79850618539984963284 -0.56026294776670271247 0.22021194617406478211
3.3417935491892492017 3.3783630109650903961 -5.1677234069113131554 0.26174876293634130597 0.0020544842407655026714 -0.96513385817501429198 0.65231273939089440272 -0.73738984484440261991 0.17534054508006785555 -0.71131967154704001111 -0.6754642816723195331 -0.19435104593291069319
-7.9765627193204098333 3.2775029406032754054 -4.7147676340262174577 -0.17978376130077391992 -0.0081257701449100466773 0.98367259341317914156 -0.82580355984937092728 0.54461573425757558997 -0.14643149435689059579 -0.53453370306556580172 -0.83864633419513912038 -0.10462335508049880328
-2.1563273946699328398 -2.972628892751300711 -2.1245615925053251694 -0.99737496717398077539 -0.0074617687404956003008 -0.072024279671527552393 -0.055614107076710772581 0.71592305190214944322 0.69596067047594223354 0.046370744537922739537 0.69813931687210784016 -0.71445870999563465542
-4.401033654132334938 4.4368503822363152267 6.7429684335878414814 -0.99898742276495400283 0.0043671025745919455144 -0.044777869227945688024 -0.031960155872750195538 0.63161141191878833467 0.77462608577984914948 0.031665084779292924921 0.77527282471993219648 -0.63083228330259399907
5.1567743795882678981 6.6944694259721790885 -5.244517056952038736 0.0049343535588877093789 0.0015983681378907450138 -0.99998654859674152018 0.12687664480829768943 -0.99191803922343824151 -0.0009594088709005488616 -0.99190623002251088192 -0.12687020407676816158 -0.0050972698934314553121
6.1241331706005572855 -5.0053826447613483097 2.2399520119812912355 -0.075295972444773873189 0.0077166441367718975608 -0.99713137045063537922 -0.69888486487170664585 0.71285487474331032942 0.058291279002434623346 0.71125977124167039101 0.7012691216343532874 -0.048282055211022772978
2.1310231239436236983 -2.79696333247349882 2.217385400395310846 0.033353257075822199951 -0.011987124185499041518 0.99937173719099037239 -0.98386225895966450405 -0.17627040269187016497 0.030721336716347670548 0.17579139807511828808 -0.98426879153445967496 -0.017672871135476813514
-3.9494198706212166883 -5.1490721378682833276 3.5549999959127309701 0.6253520504468594865 -0.0016166916541340671867 -0.78034107883003911432 -0.49330460444591922586 0.77401391841309052921 -0.39692949164169921694 0.60463656872054860614 0.63316651870637019606 0.48323366951713525586
7.3886145094191109095 -4.2374624774982576625 -3.6852651436418004671 -0.90213283576361302796 0.00033386438884200689281 0.43145826585183444379 -0.36583850808619555739 0.52954583663790699699 -0.76533874389104927793 -0.22873244771686104815 -0.84828125962672573657 -0.47759854682301106088
-5.6783659421747225693 6.3097006268076194502 -2.0984806016464081502 0.079586359540032680648 0.0045496135360682740667 0.99681759233654987362 0.66531750901282105115 -0.74490307623849427721 -0.049719404776689651859 0.74230628690319611085 0.6671571838981420477 -0.062311061592795757846
-6.3094258754364132002 -6.2289584646588211925 7.7789055111448925928 0.99350852387917742981 -0.0078545344693061892177 0.1134862073915644809 0.094295624026593222178 -0.50117548446101978232 -0.86019269298497236242 0.063632918126272947079 0.86531002540337143003 -0.49718146754193692782
-8.1847009409968300986 1.0751397039523613586 8.4836490910460486958 0.99793450272148509494 0.011849985143845314511 -0.06313720084177242009 -0.046125802933463466715 0.81624817420644668609 -0.57585703816858824222 0.044711727564313213934 0.57757986110716730277 0.81510880590357570608
-4.8331031180492036725 5.5280866976434639426 8.3831674378812515158 0.99985465562759778813 -0.0075719263724459192483 0.015275259440300184566 -0.01417169115318657989 0.12896564894220660658 0.9915477923744980826 -0.0094779106250055568383 -0.99162015274188120006 0.12883959750883050566
-4.9574300096145282879 -6.0480908359812870501 0.88406891370188955825 0.14487429363152581896 0.010442709167926365194 0.98939496100899493314 0.91489432080830745964 0.3793847104131800041 -0.13796964614521844972 -0.37680209765524880217 0.92518008589133282626 0.04540911662412248917
3.8836154263251385643 1.4114646063479923122 -6.832661284133649815 -0.99251805368898315951 0.014182009266682069418 -0.12127152887021254435 0.10984576005682473998 0.53736634311536257691 -0.83616465022415042974 0.053308743175024445038 -0.84322967446598862118 -0.53490363057374823441
5.8599565931808728081 -7.1271717955102147357 1.6618681294001251825 0.0059085649238829803659 -0.0021929142242671398159 0.99998013979674860163 -0.43648673617376942957 -0.8997104878051822574 0.00060603432867839621828 0.8996912903906997272 -0.4364816482517246965 -0.0062731758024174560234
-5.0450694251209062813 6.6124485920186666377 7.7128960855056671875 0.98164082064896451829 -0.0057098213021072432086 0.19065334294530489334 0.18153426980094555798 0.33472741826875779259 -0.92466364930548017309 -0.058537237066281597175 0.94229769892521386687 0.32961862580378736842
-0.25303317247794659961 0.62846713489109995443 -7.2689512651768160012 0.99932311848314803182 -0.0015498128639675695997 -0.036754631610886927262 0.036461360987556756807 -0.090975024686299338361 0.99518546715579980777 -0.0048861047571699756445 -0.99585196839849554618 -0.090856937087443523371
2.7387018251163426363 4.5671266577288580635 -4.9332881194818822834 -0.19517208264025465159 0.0028886623841675850705 -0.98076475965819465141 0.091962607346775068762 0.99564386277887984011 -0.015368063012044375429 0.97644802063804303494 -0.093193101356256149992 -0.19458753519119073583
-6.9578253223116588444 -0.95400513507257644896 8.0864519293836600866 0.98302911747946664089 0.01243582805251076083 0.18302760548064189727 -0.047856202198960313965 0.98053755894719474284 0.19040976709463650063 -0.1770975383748535914 -0.19593735140229209812 0.96449210272918639575
-1.9183545139819739855 1.0730190886883461676 1.0630699883190874999 -0.036817733911220389131 0.0021093489314604747624 0.99931977120262693859 0.99606740358409950886 -0.080563521854284891877 0.036867959849530916594 0.080586487618451080328 0.99674724458787467007 0.00086511259710785222421
8.2890793873197328168 -3.1118166042148729389 -0.70787358145043455249 0.91111539575941047353 0.014393596284309081307 -0.4118999393009889487 -0.34388195364421819678 0.57743446072155202309 -0.74048271116146135995 0.22718701012159336905 0.81631015426566655435 0.53105912521572129492
-6.4209258573922438629 -7.2588439056448699205 -3.4124623617890481597 -0.99928056972765921806 0.0044586603971543837394 -0.03766249211522998408 0.006513297924511990758 -0.95813502915898463019 -0.28624262933528499264 -0.037362011656434192253 -0.28628200475421061721 0.95741667723022028103
-5.4118637208587374587 -1.871984767386442039 -2.8465558206399346197 -0.98443298365805886885 0.013222182913643980642 -0.17526230217898747243 -0.05533436129259824976 -0.9697743802639773314 0.23764629145829871404 -0.16682268774484868001 0.24364487530516021341 0.9554095276848241225
-1.8074348357334066861 4.39727101255426156 5.7578246546111051529 -0.15084950801931878983 -0.0040309512382499359043 0.98854852048988461899 -0.98149645963088272271 0.11991188302110337982 -0.14928442665769825481 -0.11793695630521840167 -0.99277635535029418179 -0.022045012928696504362
-2.0953101872330277544 0.17813496355195415632 8.8767919912152333239 0.013763859307151368391 0.010731363959039348643 0.99984768540236823586 0.66357568838435865288 0.74791227311199326433 -0.017162095264338809997 -0.74798252784560803619 0.6637108327849459144 0.0031730870747269535742
-8.2990606190823204003 -7.2006322486901668256 0.93859055079567577096 -0.2261364049012994093 0.00060969358324791059905 0.97409545458945578922 -0.41446577822528252177 0.90490377651634701373 -0.096784678158923442837 -0.88152166454271352336 -0.42561576982055460139 -0.20437898967757234248
-1.5231764256349571429 5.5044086555277917938 2.7856480765701356894 0.34474269095614795688 0.0030272206386528317454 0.93869234202043538851 -0.2611036619373503509 0.96084034771782378392 0.092793878680491992395 -0.90165256876215926773 -0.27708601937462001841 0.33203310544566827511
-1.9516704395539112848 6.4890627197767694057 5.9331723865357277603 0.22158809703911158673 -0.0035946393451165223332 -0.97513373124842750439 -0.533079000101210565 0.83689656944810775219 -0.12422122080132705357 0.81653260492270895998 0.54734925834801650968 0.18353009149465818184
2.6677528979621980554 -1.8775747514369902635 -6.0401216010386162836 -0.2250016157162589292 0.003412547779263898351 0.97435241439775022165 -0.67853537432765875792 -0.7182060007697542714 -0.15417485607020425808 0.69925962182221557129 -0.69582217194908957403 0.16391304497513708993
-2.8501586909352814025 -6.1287815606486297781 -5.3896494343424237172 0.28463484468828004204 -0.012484538499876029344 -0.95855471491611232704 -0.95634642938596980954 -0.072764928729972200294 -0.28303139781236191785 -0.066215649131957945994 0.99727097693924504629 -0.032650978004737540861
-5.2655362213203638078 1.205697021403021818 5.077251061239762997 0.99600016778898381453 0.0015789952178569127694 0.089337408393102377135 -0.071819434626877690087 -0.58067720381352849746 0.81095989653074485037 0.053156698300120860945 -0.81413235517654658491 -0.5782411898856676391
-6.0499087380621894283 -5.1750117637950046046 -8.3230140461922168527 0.9979696009858984862 -0.0060820021826229701128 -0.063400983885609690782 -0.034859193139019487018 0.78094963044394938301 -0.62362048664508828999 0.053305836096105493893 0.62456439536610863783 0.77915197739539687749
-7.082281351392953006 5.3935630912501233425 -4.8310513525031888449 0.051615623730058859953 -0.0036582890743759336957 -0.99866032478914590342 -0.28909518987634497122 -0.95723205374913866716 -0.011435316589136382964 -0.95590784000194850556 0.28929813721517527725 -0.050465723283330078675
-2.5228539031296057793 -1.8089793668730624887 0.85540166930626981845 0.079902424921370757138 -0.010945819471237497669 -0.99674259040529167297 0.62744106857512482733 -0.776438916409445401 0.058824438373836634986 -0.77455361851632142933 -0.63009745128892713506 -0.055171495558907560075
-2.9446634006915761717 -2.9031996395944954514 -7.26156778854654128 -0.18213128828257726943 0.0033453000021175021902 0.9832685303600321447 0.82379476085915448458 -0.54544305717059615723 0.15444760718661965093 0.53683366679970323521 0.83814120549731352394 0.09658640607194964034
-1.8626950892950284722 -7.2415219219488449198 -5.6592834920573835689 -0.28750202083432230271 0.0014940396598170434077 -0.95777886584619231769 0.59156576992013798488 0.78673493334810118416 -0.17634648992494406095 0.75325462353386596348 -0.61728916440793857312 -0.22707170592015760158
8.1801361083943664454 2.5042578920313838253 4.0729504190719216794 -0.97371636988498211362 0.0065693367540302343571 0.22766922240963322066 0.20809147383299334 0.43204172275603069941 0.87751802734537509565 -0.092597891639027790633 0.90182969213296171329 -0.4220531208881518892
-2.4398367071078497226 6.2749261371917111063 -8.8614542481183935507 0.16836776504718875547 -0.013402974465119140909 -0.98563312442732797791 0.98248549466108570094 -0.078707787051097766184 0.16890037607458591173 -0.079840769495596597416 -0.99680762664259014993 -8.3626200319184690324e-05
1.7541510905156068034 2.5620749083920881795 1.363813719713648176 0.017213324794125392514 -0.0017223009903135771959 -0.99985035636785368762 0.939221203239629987 0.34295893812002675727 0.015578772370208295722 0.34288078516368575288 -0.93934881723604923831 0.0075210852013870331881
4.8748720402277641028 -8.3392170794863744732 -5.8647944042322528446 0.020947097475334609806 0.0020089373838496132549 0.99977856712278245777 -0.89500930237013920365 0.44568991046874928408 0.01785643797770213731 -0.44555534760368697977 -0.89518515843204871096 0.011133927644792348047
7.1394725287699625227 -8.4001356879048891813 -1.7346196797958457481 -0.1872609854650316985 -0.010236967919724278969 -0.98225685429546338856 0.97609338545105961416 0.11038229785611729239 -0.18723635116749787199 0.11034050118249291716 -0.99383648192625440032 -0.010678061200897330865
7.5439734093596122477 0.1884986563925500902 4.1007085095742068503 -0.81804553899470244804 0.0036706401062608353877 -0.57514174125378381142 0.50448195051917454901 0.484830139683188166 -0.71444922650621234261 0.27622356476504794642 -0.87460063003419585836 -0.39846490461834760399
5.9695945125264184838 -0.98826617497457869277 -8.8419743600344826717 0.077274688502227642517 0.010050875763932700865 -0.99695917790711330309 0.82690393843768406068 0.55800458078050430011 0.069719182611980221043 0.55700852696623570637 -0.82977699879204158684 0.034808521408710227374
7.6931042118347479075 -8.4354019264725792482 7.1106331515408109922 -0.99985200514382610582 -0.012124170055191493822 0.01220542134572478836 0.011948452636299150553 0.021045746155040175734 0.9997071126326634305 -0.01237749123822560679 0.99970499702125892316 -0.020897766421103917273
2.0817404827240495457 3.653939150683375825 1.5180149984529924811 -0.040141694026244054139 0.00097814291993693217378 -0.99919351861248428825 -0.3336594916183073245 -0.9426110281759472187 0.012481715189049389855 -0.94183862102464854793 0.33389143864060810696 0.038164370148232429347
-1.5492061557590017795 -6.2733758645518111763 5.9445532525205520002 -0.23033208294594731402 0.0019561273418908704282 0.97311011973537475672 0.86372227517642419237 -0.46022696217425707044 0.20536546606536804083 0.44825323527019966807 0.88779914217900146589 0.10431548406723556432
-5.8744567874965785137 -4.1792458932191882681 -6.6187665169420544231 -0.99604378989564201774 0.0030175604481449428904 0.088812515666691765892 0.010213197198397255469 -0.98891330573459046427 0.14814237862372911514 0.088274907040901434696 0.14846335598468515804 0.98497013798216670466
7.1407938795716594527 -2.8860082821751942284 1.698050371495205102 0.19928235690043605288 0.0039097610803995961476 -0.97993431208249492936 -0.94507245823282270969 0.26515188521677263145 -0.19113483841495415572 0.25908413868488211484 0.96419873031152603104 0.056535100137920797636
5.7747158862633085619 1.3082715720406763449 1.4435290854185087728 0.063327718276921310392 0.0020314688281532419789 -0.99799071800916105968 0.93364724416150357555 -0.35338023949579833172 0.058525462865823080216 -0.35255130629128034192 -0.93547756759235456414 -0.024275439524383650436
3.2656512164372388796 -5.1219009007846700854 -5.5467827584805018404 -0.16760680620368756388 0.0089821042045418637845 0.9858130047419825237 -0.83744271797741065555 0.5263351741171582443 -0.14717669174698827517 -0.52019001587949642573 -0.85022973735996676403 -0.080695359768322399985
7.883249236891272993 8.4628148048084899102 -5.2799126142061147959 -0.029333277785868604182 0.0039586759949330908165 0.99956184786074775417 0.71462782165394067579 -0.69910190591532928028 0.023740296200635578605 0.6988895730603557066 0.71501108664827561778 0.017677970403930251542
-5.6002276877106647035 -4.0540400317331179991 -4.3010053891384867342 -0.99973385074073772838 0.001117477965205061893 0.02304297996895911943 -0.02233850170055128731 0.20264684198710386509 -0.97899706269971609185 -0.0057635947662643604791 -0.97925124900396398608 -0.20256794489670432169
7.3870598657827590827 -0.95982221592433714097 -2.6015571296039161631 -0.99865563519328359732 -0.003904726929233679443 -0.051688252090889633128 0.00071731253853492748726 -0.99810426316355893572 0.061541573898422616273 -0.051830567808245804617 0.06142176294101171774 0.99676524782817255144
2.2168385713414027194 1.0754149238118009269 -8.8983983525752012866 -0.059905876443678889032 0.018373095562251525598 0.99803492690741391069 0.85594452301327395016 -0.51347707671949405217 0.060829805251387258913 0.5135856885571770114 0.85790659225972576429 0.015033943797287414174
-1.4883758408122946815 -0.029844856152598592952 3.4686254378102527873 -0.081376665459723274143 0.0036174834056125143925 0.99667685441797038148 -0.83937344319019357997 0.53896518771846291251 -0.070489355896670990997 -0.53742912201115011772 -0.8423202717740188028 -0.040822770273523385776
4.5904304130062669742 3.4395688340190821997 1.6511224170474938511 0.036783957966984547061 0.0036659104249048427362 -0.99931651719414393842 0.23897802013240607155 0.97094632997047913836 0.01235840647900138603 0.97032800965940935178 -0.23926927386910132323 0.034839176974482299887
-6.9917829411900420666 -2.1254550760891666172 -5.4445252924696561081 -0.99882657708774291727 3.3959359927904827353e-05 -0.048430029426346582477 0.041681339144882673109 0.50979881132329585292 -0.85928332809428231709 0.02466039072206790278 -0.86029365383007028178 -0.50920201718892288412
-5.6104334490772558297 -5.0989611218276973403 -3.5806579533998532661 0.99849869143569647267 -0.0079355590342068370313 -0.054197694635443861844 -0.036398040090754944786 -0.83553311885368275469 -0.54823315293421559513 -0.040933432283760798343 0.54938277566867110835 -0.83456756462248038453
5.9849099988463683175 -3.124482927240600727 8.1556321291203186519 -0.29971829432411051242 0.00062675866391333212579 0.95402754217117158309 0.72089060455957565399 -0.65485144968230235563 0.22690596093262666022 0.62488853430454716076 0.75575735922484932328 0.19581913510230544717
3.5069088307150795281 -7.8591594913744886597 -8.9749346807533711967 0.061498247158536183121 0.010294801631371976527 -0.99805409806073352996 -0.91129037353897701657 -0.40731721774149909354 -0.060353452482929600964 -0.40714594519875063616 0.91322872337157690037 -0.015667741304419134651
-2.078752488072383553 -7.2123174820973687815 5.1777540452546695349 -0.23261829861523153351 0.012738640943969406841 0.97248468068971871681 0.46871994877775224886 -0.87466040382659326902 0.12357502820372119612 0.85216802144129566443 0.48456878253220919683 0.1974911598735541729
-7.5526867733347060607 2.0880887005358252928 -7.8540092060099242488 0.19597351338579444002 0.0021560394009199073014 0.98060681903874791221 0.97769518730952509333 -0.077464587264741244232 -0.19522130629562564619 0.075541397677410040967 0.99699277289962429105 -0.017288956675171194416
-1.818305283163274666 6.2713844351597982651 -2.3295626701858367369 -0.16078151855448064023 0.00112169163838820099 -0.9869893844914890968 0.90843237288627443071 0.39112986798423055035 -0.14753999546735990789 0.38587553327875651066 -0.92033481308610320948 -0.063905435123261661312
-0.62709995196405099449 -6.2931796918385902728 -2.9861749832039805597 -0.049178736467978441393 -0.0020532080432839015793 -0.99878788349493896614 -0.4646159856511614672 0.88526187278453494223 0.021057124007145461286 0.88414559760073496708 0.46508837969869032403 -0.044490013625633380301
3.3852990825487601079 0.11549825600153330873 -1.8274922996908489203 -0.0066192953823963661744 -0.010711983344910299548 -0.99992071602766807725 0.14969846930933297657 -0.98868508433165447347 0.0096006409469931268397 -0.98870953935674543711 -0.14962305114175766807 0.0081479661233801042863
0.088385326667310554205 -8.1006169599533741632 1.252546255688656629 0.19493739504491011671 0.0011507058580983386097 -0.98081501206349852584 0.48532840295001788977 0.86888104045627634342 0.097478607015304974404 0.85232373738097344518 -0.49501960911838605028 0.16881893639406780894
-1.4472510615576008597 0.26227052643454989989 -4.9794891616273044832 -0.14258199821359654469 0.0044228262238396546385 0.98977311157335756686 -0.5655419507459263917 -0.82104165213375346344 -0.077800433211041228332 0.8123008529673895195 -0.57085115754418791489 0.1195670531482732335
-4.5870628692235966284 0.11059206516263719866 4.5677303384216703108 0.98961084520950393095 -0.0098586592569588557544 0.14343354517392087333 0.12792957936770060767 -0.39487739463026927389 -0.90978341704649778876 0.065607909327160471302 0.91868092940235834831 -0.38951373812244566297
1.6752543702598057251 0.13482667030241540784 -7.7094636538102445655 0.08434190244473627196 -0.0020665785637330813876 0.9964347308002692305 0.76394229340811559137 -0.64190103720529279041 -0.065994172297408726369 0.63974886934994024124 0.76678470752081917539 -0.052560407891657515145
-0.27177725092834525977 -3.0720773881072251932 6.7212662685504334092 -0.96311175249794145348 -0.004719236800833736048 -0.26906036684075068655 -0.0016997910995240105361 0.99993295544617466497 -0.01145405268376105401 0.26909638219542936222 -0.010574186336679284454 -0.96305520281684775519
-1.1478842491857246255 6.5493499701010549074 2.5092936467836173264 -0.0092648467333562023462 0.0028655710217075263183 -0.9999529744531572284 -0.59518003140260800077 -0.80358597262184994214 0.0032116701236268464098 -0.80353898028327008785 0.59518179836758322576 0.0091506315240802646449
7.037751017923795871 -1.0034727876878422048 -6.0725679951442765869 -0.012614093947976856569 -0.0037703878511440389737 -0.99991333064887688575 -0.094017419287271947193 -0.99555829620167457517 0.0049400136126355629826 -0.99549063757748157411 0.094071584654419337923 0.012203583743422957361
3.6354465614348776548 -3.103607689115205126 -4.1256145287871017757 0.97443919487112196087 0.0060584217481627032631 0.22456970192981051682 -0.085096908068820295568 -0.91518958280376538905 0.39393723328024338182 0.20791048972093525982 -0.40297806770754490691 -0.89128104726318302387
-6.411232000213946236 3.3614981984939609205 -1.4002954703035954687 0.082591164800064259532 0.0020973921364632721123 -0.99658130648911391614 0.64850818453653902296 0.75919321280438401001 0.055342571507897363181 0.75671383896830168858 -0.65086194125797758314 0.061342475787183700642
6.777428443461390728 6.3951285610790415959 5.703770187555229576 -0.062227428684608732112 0.0073309086451030592083 0.99803507197777241444 0.74087702595553805995 -0.6696930026713524553 0.051112763420660595193 0.66875180712326365295 0.74260187176682945775 0.036241971769767025724
4.598014724940172826 -2.985588195557366209 -6.5310236945580681933 0.11409550411499953804 0.004114637420724185507 -0.99346126532416201282 0.58605686348896024462 0.80718397850862266818 0.070649682210114791991 0.80219671446477802679 -0.59028560426102427705 0.089684651440275570122
0.56527302272919655035 -6.3836630441191744012 -2.5845897091047200789 0.072135001364328668605 -0.001706293923923908086 0.99739341793462632513 -0.99735256275002426296 0.00908792003899998313 0.072147593761329120721 -0.0091873366304091839962 -0.99995724822135623189 -0.0010462194934301068117
-5.3789396436382990174 3.1801557542633420717 8.7688108204393788725 0.9839961552049421023 -0.003793078891249342631 0.17814931685147075702 -0.17813686607152981467 0.0034028500586700998268 0.98399983615729014197 -0.0043386044208532318495 -0.99998701649774734967 0.0026727041880004707985
8.0277037025275035376 2.2601061037847025581 -4.9359540838892419501 -0.046988407481971222746 0.0035526454242417715955 -0.99888911710603933702 0.97492682986704526371 0.21791033062718914715 -0.045086186481322343411 0.21750808253433659423 -0.97596232843098629228 -0.013702828751069685842
-2.2765200089531836269 -4.0065743116141785407 -4.4205075737483863207 0.94019477048076560699 -0.0036088234603529126265 0.3406182172961000898 -0.17736434869541589654 -0.85888806590574573452 0.48047182857746717488 0.29081898385872922974 -0.5121506288563715259 -0.80816214461559710003
-3.1029234215682666154 -0.77590637576393262087 -5.8947105755921116454 -0.13807678429134631615 0.0084923519175000138776 0.99038511781981242166 0.97956415813633335166 0.14882923625700492098 0.13529197511332430315 -0.14624931362110743516 0.98882644503182615114 -0.028868665907529594827
-2.6905498837401102818 -0.81845433498528930016 -8.1684805780509393003 -0.99992448794917165866 -0.0040318484514054158535 0.011608729374616405527 0.012055323314195946771 -0.13850178548043926008 0.99028880868095348067 -0.0023848646542284639323 0.99035397692796711677 0.13853993216307583514
6.8421869091884426339 -3.2264035502880261674 5.0225876917854694881 0.058787717310218458311 0.00087111997432188256578 -0.99827012649048285642 -0.365930259938789193 -0.9303735887845905328 -0.02236135400729513667 -0.92878363958162835079 0.36661181983384399929 -0.05437577037171156813
-5.9178165178044084271 -0.67796169292062080647 2.4341257035582186674 0.18557006003940981764 0.0049260607426806187273 -0.98261868837432220225 -0.66474065646393831752 -0.73581268419568790495 -0.12922675195430521899 -0.72365987346321292151 0.67716720808265840059 -0.13327025113203744278
-1.4626256118399929562 -8.1928897003092586715 2.0476860678777604186 -0.057767194710069837138 0.002375722771472708883 0.99832725453965243112 0.48605398523158149793 -0.87340670585548407789 0.030203470121879408966 0.87201747382499283923 0.48698571037380444793 0.049299525717357482735
-0.56803264929944408124 -0.95221745176600947058 8.4653193227597363091 -0.077579437400643061484 -0.0044706313419859700087 -0.99697615034064135386 -0.47456633041379747695 0.8796015330052274761 0.032983953256700171419 0.87679429111405782216 0.47569018971390075734 -0.070360603177837530153
-6.2969390921599392996 -6.0024734052433235121 0.96495498418504388471 -0.073235881504321601043 -0.007245998618479500275 -0.997288323988780534 0.43367191942486105205 0.90025277175381268613 -0.038387670568640536173 0.89808973491660848421 -0.43530729657736982885 -0.062788419187086261242
-4.4351982882664167107 7.7443285427648627106 1.749418702310456597 0.0097104642614989321314 -0.0067860132975553202547 -0.99992982599160440405 0.0059022878840788908089 0.99995994165085022587 -0.0067288996992576032008 0.99993543285619868044 -0.0058365329568790674797 0.0097501282803821968936
-1.189007127105713213 7.5251813197782784215 -8.735022427743885487 0.24874697572493054132 -0.014375804026991680432 -0.96846181046352219912 -0.29452912890514881816 0.95141663167942081003 -0.08977185076764115923 0.9227012161552650138 0.30757068979742546722 0.23242791674732285467
-6.9997626964423353968 1.0018183067093520133 -7.2420101381230628235 0.085563287228993187283 -0.0031730098126387714513 -0.99632768499495449888 0.15332151138647201472 -0.9880416885949195871 0.01631366741592731387 -0.98446505170318543421 -0.15415431751048536135 -0.084053604135380294293
-4.4873315065076013752 6.4937423198674482094 -8.9215171946712796824 -0.98586344268796732848 0.012461931856851959921 -0.16708672187135131804 -0.052303988515856450481 -0.97028544613866729573 0.23624234547774869419 -0.15917777846369560169 0.24164199400326621947 0.95722075906108150534
6.685336269130583986 4.2968182386580746623 -4.3390166029678951531 0.023113203249935793115 0.0068268066506746178518 -0.999709545091325813 0.81203783685349695265 -0.58341734726281291312 0.0147902140337252061 -0.58314692089893793714 -0.81214382570066900868 -0.019028269032149217749
3.3843972710509264701 -2.1032176789901946279 6.2038335018901555884 0.08844851898106462218 -0.0097052725072110674481 -0.99603346689538363457 0.99470674957788429715 -0.051643182607806425999 0.088833912636254772077 -0.05230049554442894183 -0.9986184403341571425 0.0050861370523500384899
4.7064850695028521699 -7.3228777942224843045 8.9194040300916839215 0.050345920409525644901 0.0028752254681301231236 0.99872770131630295154 -0.5456642966881984913 -0.83746963622367931457 0.029917949846433897904 0.83649014555942680094 -0.54647629544371068011 -0.040594271767825942931
-3.931330706323949542 0.16137233251627028374 7.1157518318074828301 -0.99458065432844489084 0.0024714333101285485862 -0.10393851092364971012 0.091904485477743214084 0.4883107641806359589 -0.86781689493486047215 0.048609542115699046205 -0.87266631056932553179 -0.48589157516129483083
-5.5215813374354087983 -6.060216366893988571 3.1091216369591783142 0.99992963374660515097 -0.0022987900177914200213 0.011638003247883509789 0.0099543882895204976319 0.69622695309023474586 -0.71775270110566835591 -0.0064527287967693445353 0.71781804474052046672 0.69620084525654490903
3.2358638370369945392 -0.92957857711431579606 7.9155735657473149658 -0.92499454389297608436 -0.0052796360690458912779 0.37994370531900623078 -0.29746626043432644604 0.63221639988455724524 -0.71541334039876536277 -0.23642951945926385382 -0.77477386969371819792 -0.58636723405059953951
7.8068465338544275056 -6.4593245491098629785 -8.3611458744572235702 -0.26402577490127793203 -0.0014198082008985025287 0.96451457963707676324 -0.11349262105091563468 -0.99300618239827398437 -0.032529166693959325751 0.95781512577047611678 -0.11805382612815062959 0.26201808903537077144
-1.2255012129202917937 -8.3070894230666887381 -5.1204551234347785993 -0.090960362742998179808 0.0010809840179225958107 -0.99585392698093788688 0.69597527659510405318 -0.7151769020823902645 -0.064346041808182929955 -0.71228128346755403832 -0.69894265158266200011 0.064300412287986802307
-7.8633525350666948484 -0.002507849470309584175 8.7268356289700133033 0.98825203957249874165 0.0012897852192027500252 0.15282749338684301077 -0.01847099910846596027 -0.99162656729233977781 0.12781069294777935852 0.15171265099773997842 -0.12913205447895215183 -0.97995315399932747535
2.4324066526329994886 -1.6146132210112826844 2.2193754963717866602 -0.30712466508812918953 0.00099181752411553730092 0.95166877451802511789 0.79359357423938503562 0.55218765305785322273 0.2555348014193506434 -0.52524630319553522462 0.8337192645659777801 -0.17037754802516066888
-2.8762583794368468126 4.3704436652153662024 4.7200730149451510798 0.22748321060445209074 -0.001788422653519913981 -0.97378036047027138888 -0.73369980975105575371 0.65718488860098778215 -0.17260536308531707061 0.64026242905905206282 0.7537272873784748306 0.14818636305912599727
