1125 14.717824617146108679 14.977075390850430381 15.033177056927090831
4.9913124303348732624 5.1548335518302819125 2.121967766014261958 0.89198368047583409535 0.0010004542032910662859 0.45206649163165080196 0.29716316850268725824 -0.75488786462657808674 -0.58466944774379070449 0.34067457353053959279 0.65585311688735947744 -0.67364495397715662417
-2.234827104120741037 1.7091186816556458439 -5.2862085250934960357 -0.92358342116032676739 0.00082640334391135736834 0.38339663693787451315 0.23074146240068393876 -0.79742165181503577021 0.55756352709422485336 0.3061895518906039837 0.60342193055446580185 0.73629473177462534395
-1.2691809381838627946 5.8634950996465020623 7.4180303374740610423 0.87096803953653301189 -0.0054755886842070989468 -0.49130916135801644407 0.17402114662878001572 0.93855811059206073477 0.29803575887439248682 0.45949027697203526088 -0.34507780422740014226 0.81840698579483239783
1.1465570987351321186 2.5662075753407131984 5.9698588741166043192 -0.99200959682532940942 0.0072816065741398532107 0.12595212587388385228 -0.025698237267361992431 0.96574071427731467132 -0.2582333700133763732 -0.12351744981094557596 -0.25940672888875804247 -0.95783693215464460469
-0.032143137251504215468 -2.1669462409876225628 -2.8708959394673767562 -0.97978253544824644994 0.007691024375704718502 -0.19991756144648914484 0.021294401336170800526 0.99759343209408546382 -0.065984033785123963334 0.19892896144705346506 -0.068907128708627057856 -0.97758839800334218495
-4.2489139624764797887 -5.9056866563685508353 1.2173871349285863008 0.53896704573670539684 -0.0059759724890956437277 -0.84230565198312223885 -0.77312675448612877549 0.39341589642575136576 -0.49749266721955276438 0.33434943563227015328 0.91934118813004994664 0.20741801922701988414
4.7980004156126385695 -0.38005015694136951021 -2.7863495161077889151 0.88963854921695573186 -0.0055242411482316249385 -0.45663194643702037512 0.38600925329421187371 0.54338421649420931558 0.7454733057838219823 0.24400841813019236159 -0.83946594691200371319 0.48554795422992419462
-5.116607714555891917 -4.6169422867629199558 5.3805800933418064247 -0.7992112852185110361 -0.002580632401181129354 -0.60104464219883257936 -0.12643035796899323997 -0.9768955278115210028 0.17230929262725364071 -0.5876024899225940068 0.21370182048420838239 0.78041966002807539038
0.18196658317691644102 3.6385216328488088067 -0.16505439183791406621 0.9925237260236225989 0.006333213153982754362 0.12188742220346379663 0.11788813013151631937 -0.30836462545806359037 -0.94393519191748853636 0.031607626521865897495 0.95124715409677618183 -0.30680581768993853142
-2.8671651765112171617 5.5234898691771991963 -1.5740698612886372398 -0.96833762963274438995 -0.00012599689426140078807 0.24964418511559902103 0.23722685657070632925 -0.3119228269746219806 0.92001498277682358662 0.077753800928481858756 0.95010743294487287613 0.30207650074812281149
-2.5257230561021777326 4.2133414426928279539 -6.1672780810375353866 -0.90630981287413969749 0.014309196565298843914 -0.42237160176993315819 0.33562147434615485775 -0.58299528895603258682 -0.73991534584224261106 -0.25682824814600269114 -0.81234951834094748513 0.5235718775922687529
-6.4727301947616302513 1.9642994870616734548 2.4824535947579460249 0.92162915778893284013 0.0074967044167283886438 -0.38799934914396200236 0.048264409540817683475 0.98983651319021492831 0.13376929366263842769 0.38505875173132014799 -0.14201224094498665629 0.91190036798804896545
-0.42445135805233064064 5.4961586943006999206 1.8137734200818775854 0.28200681129620486232 -0.0026268488344470012838 -0.95940880653022642122 -0.54981658700602964451 -0.81994137654347154509 -0.15936705959887742523 -0.78624034431953526703 0.57244147185308835724 -0.23267333810955573292
-4.1734462933015139541 7.32382106648719855 -6.848249370007623682 0.99999504175233133729 -0.0016327838747590261298 0.0026926729683179597905 0.00088402584313997979726 0.96624907268089077483 0.25760812883487627101 -0.0030224111574686561912 -0.25760447115752521663 0.96624572520173024337
1.0423099209433355217 -3.0298917202418005346 -3.6448487774467266398 0.91447716842109028068 0.0023606816511729396789 -0.40463061626461577225 -0.31574983726683203411 -0.62119709470825934527 -0.71722814347454433292 -0.25304851057164495787 0.78365081299527195036 -0.56732517535299198386
-5.4968727896857796367 6.1680037921157646608 -6.7569415339399530041 0.62719575552984396793 -0.0027665956635898429627 -0.77885674561745810163 -0.15303954853526535729 -0.98093713583452801785 -0.11975488351114825514 -0.76367819192994146338 0.19430563936511696665 -0.61566300658829820058
-0.55252731289384315883 -2.3267679460573575945 7.460612820551725477 -0.75038320004915237682 -0.013437452301903789198 0.66086646757088574056 0.11942607448838490902 0.98058370034474484633 0.1555410535855593912 -0.65012496169299016646 0.19564008151157691318 -0.73420875280120745376
-7.0640906717779401447 -1.7356146061116231039 6.1846434035291029119 -0.99240293055364914299 -0.0022057929496868324687 0.12301039755236525819 -0.040154089206515891641 0.95089521058414716581 -0.30689729162752110714 -0.11629304600245880807 -0.30950514206682894214 -0.94375976523997917589
-0.36665662888260847074 -6.5227204239832579091 6.4777777839645862556 -0.71460797569300571475 0.0035710683203353452142 -0.69951603880596635587 0.044795371000550004981 -0.99770092174969815524 -0.05085514208744990744 -0.69808940388231577323 -0.067676570619860848543 0.71280506870838167277
-6.9215663450346607277 4.8564221249068442177 -6.4544555940760002244 0.99534605081807681071 -0.0047037331587941426381 -0.096250267610537523777 -0.094989879332106785803 0.1202499627022675377 -0.98818868101919798974 0.016222266956253908465 0.9927325024218563998 0.11924351844166325431
6.8209365715275067643 -6.672829243896397422 -2.442266007855304899 -0.88258608202933674924 0.0048613351724009819937 0.47012570151873750435 0.38655516633576675334 -0.56167377323913481035 0.73150370869489367287 0.26761336137655322709 0.82734451099624450876 0.49384628067557084785
-6.1386921330085231219 -5.5255877324497957304 4.9941468128357806577 -0.98120032245855992592 0.015068122686052167966 -0.19240290768492510076 -0.14810265620747159465 0.58041826003156005154 0.80073731438357653722 0.12373976899593885914 0.81417909276806255114 -0.56727495490994217509
1.8332560358113281218 -2.301455004872253518 -1.775654655722910702 -0.9890310967758643157 0.0041623250843949933034 0.14764878821143997967 -0.04653264236772014506 -0.95748407965815229836 -0.28470853586690758608 0.14018631461271424676 -0.28845608374775955074 0.94717521343425858937
-1.4769871841298747306 4.8268979309844128878 -2.6651540681609255934 -0.98402834974159303361 0.013919797185197400197 0.17746674660698025239 -0.094961519938265806506 0.80218987256098150951 -0.58946901368232196283 -0.15056731596188521749 -0.59690673275387917673 -0.78805573137765783098
-2.4268693091548092511 -3.9126748605879506648 -3.506125333653788978 -0.95127818720819956599 -0.0010629820123228355365 0.30833209468208494508 0.2990352386078795055 -0.24691306250914363263 0.92174392627944767842 0.075151424554170342951 0.96903705276512630551 0.23520087958137367301
1.8572667008901293517 5.1656622576557564841 3.4650264772027843385 -0.97186783129921905378 -0.014062838790196775449 0.2351066886560508884 0.17432529585021019902 0.62829214293170110306 0.7581950107703306907 -0.15837805944128938163 0.7778503838756110067 -0.60816541384077105192
-3.76259171842286122 -5.9634629993060670472 5.8263368216329736171 0.9213657619721645764 -0.008617061672264673261 -0.38860118233704304957 0.018388751613445154104 0.99960114670652133739 0.02143364918015136511 0.38826149239872698171 -0.026894121127413440908 0.92115672921011704233
7.1216926786528667037 -5.2563956525429897937 -3.6104839402534043558 -0.99933966870600543508 0.0027051130274194194747 -0.036234084975050963318 -0.036143939364753588372 0.028101549499935211257 0.99895140951042948885 0.0037205104041380257854 0.9996014132039627853 -0.027985219726183646616
-4.5220171076082777972 2.4862777888348341904 5.6282856061444554996 0.57931563600640989531 -0.0060638096302336732743 0.81508074697630095162 0.40806640407367494872 -0.86347895746492486779 -0.29645556139432222009 0.70560272373689025827 0.50434841154510579031 -0.49775242443109168899
2.4943960880409798975 -7.0465866714578506702 -4.8613743715081660923 -0.99067870581537609276 0.011223452859471051701 -0.1357561635793822219 -0.12951111043273849655 -0.38649637474377301904 0.91315246513616799007 -0.042220541426638391602 0.92222263386659797391 0.38434729017628854741
2.2196267127253941354 5.1890939061357483908 4.39291423297000172 0.91297701823870192062 0.0042640994176951114991 -0.40798870281422516815 0.014580913821937003735 0.9989656875661299118 0.043069153900058443352 0.40775036618011484268 -0.045269995821833539096 0.91197054029070412362
0.53102717097881624309 5.9383348403041562591 -1.550407622919826256 0.93304300586821509178 0.0023607504391587796552 -0.35975710702918722861 -0.050052517580734250113 0.99110522166943171296 -0.12330930647568827396 0.35626604480989687573 0.13305963488993008403 0.92486195666086257194
2.8907663387710886838 -7.192945759403148287 -7.0289004979035674125 0.69801094067031310697 0.00032263986019224165369 0.71608702167272231254 0.38468817608521599372 0.8432803550620761035 -0.37535749619077046768 -0.60398322318169539447 0.53747384928938779503 0.5884947981462821387
4.1382621918871373978 -1.343792522235957021 -2.4430344855973959994 0.79402631752164953838 -0.009551783674284540851 -0.60780833369721387616 -0.55543826965064879708 -0.41768314045300369841 -0.71904737172791099997 -0.24700310866581351443 0.90854254584471449974 -0.33695683210088772652
0.9008509816630928535 2.865901824069099213 -4.921534174738797951 0.73411150871358332726 -0.0034602826564498947309 0.67902011694663444441 -0.15188295080696689876 0.97381396996657954013 0.16916832195217668122 -0.66182464598143053713 -0.2273199910740156815 0.71436248475808272751
5.2299941582784184035 7.2923391396125234465 -4.4044473621512274519 -0.99597214690516988611 -0.0093504782674408981613 0.08917427400927177561 0.0056687403491756192114 0.98599127948276799049 0.16670051639611604966 -0.089483786083085173346 0.16653457701043963834 -0.98196684602285166932
1.9303932117598803231 -5.4401213862881911965 4.5044142846508528066 0.96015465941960764784 -0.0073109503801571159437 -0.27937354921207929737 -0.22337171249376674975 0.5806887524824136948 -0.78288291001776388889 0.16795269587719607873 0.81409282194650101072 0.55591795186223025294
7.3434927074846090278 6.8881172460480728503 -6.426383192666640376 -0.98098420442725831059 -0.0067837573954177389848 0.19396899571772155402 0.19084519685967116231 0.14819756857034876996 0.97036879149398325151 -0.035328480008997360795 0.98893450809719329886 -0.14408482638651107233
-2.9646752609066036044 4.9790141298047885243 -3.7111410627894803049 -0.95752566494509894213 -0.0066608096043120883917 0.28827111299406765754 -0.16129211808306534448 0.84107203071256320115 -0.5163164647747475744 -0.23901768473422707606 -0.54088212465249951855 -0.80642239156382755638
-0.41905886975923406501 2.641038483534345449 -1.3140122936145757215 -0.92119864588964894825 -0.0051850122052084874832 -0.38905805538462534532 -0.10183904579677349744 -0.96184114812099885672 0.25394962991191616375 -0.37552877860752187367 0.27355935631896166615 0.88551872651455476593
3.7409900140238767641 -0.5954175922154409939 4.846187175150480364 0.96919157520076748558 -0.001489022844554944644 -0.2463036202960170451 -0.12041797196326389785 -0.87519307583918948268 -0.46854732101596291427 -0.21486554537242175122 0.48377149855480522378 -0.84840906088851797406
5.9635461494972403784 7.4334191895766927871 -2.7952057710999018703 0.94629515646777395688 0.00011665287426136736887 0.32330397961935153361 -0.22651976120769001799 -0.7132755431720891881 0.66326977716084067893 0.23068219399859171692 -0.70088371781967473417 -0.67494276754951043618
3.6383536319744811394 -4.283061106354541181 -2.273502705094119225 -0.91256900427843978818 -0.0031095304504855456745 0.40891092336920215056 -0.20354600173062484259 -0.86383472660327798032 -0.46082381697736507498 0.35466440138501298396 -0.50376571532263691999 0.78767586382710363946
-0.81965171612941889467 5.8026754182582411801 -4.0633478725272356158 -0.86980183057341009523 0.0007254165692212354629 -0.49340069852202433909 -0.1015019734462034029 -0.97887313748156257187 0.17749571855000184639 -0.48284793146258997432 0.20446724551342440601 0.85149927809387249145
0.47404033577999016291 -4.8239016460703627587 -0.51956430642110229545 0.68335649400927633845 0.00069814975249416627578 -0.73008452571073834125 -0.34932802745785396237 0.87841293817572496661 -0.32612978900714106878 0.64108800591474923714 0.47790189645190001011 0.60051306900011458545
4.5149579897160174724 -2.5891574077450205671 3.1951557126765264272 -0.95415786473133834544 0.00085268134897752449405 0.29930259288209304369 0.16379789986926215906 0.83844491626157835462 0.51978877478601936968 -0.25050552323229519081 0.54498568360065857696 -0.80014847840915126476
5.0125908798592471172 -2.9559280732990393936 1.7973170666216873315 -0.97537528872609480235 0.0033967298497164276697 -0.22052552770328076592 -0.13774091019725617779 -0.79029059595391959459 0.59704959224911013926 -0.17225123453990245914 0.61272280533133438585 0.77129778686726502279
-7.1785902736681874714 2.9548994815096114586 1.9536008435708627218 -0.91351081833971026214 0.015008602903818673777 0.40653748488324453758 0.32715087054251457133 -0.56688255900804018772 0.75605322047836254207 0.24180631232364868666 0.82366188823529673524 0.51294327287631336088
0.24017807190648335358 -2.9605982998113749005 2.2722801044884208821 0.83217173142656242213 0.0050223731484768593947 -0.55449525262386867297 0.13939792344059581675 0.96595255063544038787 0.21795386865434834833 0.53671074924479333923 -0.25867053502260284326 0.80313829815057324879
5.7038126124872654543 2.3979281789359481181 4.4869237573552878118 0.87595825010470163008 0.0032454553020156446524 -0.4823760059263111355 -0.47182205413651617798 0.21390089788525179504 -0.85535393558123851143 0.1004046478206409021 0.97684997461414413422 0.18889953359462660631
-2.1900196701149092782 -3.2606724647636453618 -4.4232344933017460065 -0.96778085895533483285 0.0033807152032098329239 0.25177128470929721615 -0.078635147939405486417 -0.95395604316918913845 -0.28945531815733793746 0.23920017255023057201 -0.29992738865552898142 0.92348624190415229407
-4.0271935995213814508 -4.6210394000748022947 -4.8654014573610870897 -0.99980560194309053834 -0.001562759519705549582 -0.01965492574612069665 0.0037132073428251081981 -0.99394066882505593963 -0.10985517259972918391 -0.019364152825038217359 -0.10990679978226713942 0.99375325154035110131
-4.5600461838464259046 -3.1335512067727044894 -3.1310119687635484809 -0.94908581580024731217 -0.0032564665833766069658 0.31500080900249727289 -0.027771250364323703946 0.99691822416420727837 -0.073367649428043482662 -0.31379112782239021451 -0.078380161742493625887 -0.94625138221576010622
-2.7617113630383283152 -2.9501018436722734606 5.1590953271722224116 -0.99148697937998453433 -0.0073551772582859248351 0.12999796570449667632 -0.12468380634215614489 0.34130781097567447491 -0.93164527938654939643 -0.037516904934278033634 -0.9399228050933223777 -0.33931932204002823728
-3.7955786390437666888 -0.91777843208114140428 -2.3065054501529580477 -0.93536230152616439693 0.0077274535465770479575 0.35360663362754252148 0.13890544364643578334 0.9274596553998813997 0.34716547255022445206 -0.32527318150915435213 0.37384338173530212712 -0.86858418321059660538
0.45127585914078621743 -4.7285298807469358096 3.9146747898209426353 -0.94556613773605413531 -0.0057135431124324355043 -0.32537983126173625203 -0.089951262836138717871 0.96548112025665633329 0.24444831098223968047 0.31275141803194644874 0.26041037201503214327 -0.9134401943564786075
-0.95710561627432422238 5.7108631537237632969 4.8095467620645395712 0.91473105631124718151 0.0053029643267578675803 -0.40402843116420522618 0.29021993948796942497 0.68709865698068517403 0.66608394538437998289 0.2811396118359659746 -0.72654477779737602905 0.62697145430402145827
-0.41763465593624893302 -5.2061893447197853391 -2.0551819984854664547 -0.98795363065566255134 0.0096058011792988645672 0.15445177971792536931 0.033983986379377370546 -0.96024011203676540305 0.27709928889384133344 0.15097255493665359682 0.27901013569296068129 0.94834626157138479652
1.2929517266729808611 4.2008816082402251624 4.7196532005438820434 0.99834582029826512972 -0.0079340555913684426836 0.056944480459940646777 0.035199396664195171935 -0.69877683091948661342 -0.71447319267039632873 0.045460153623372356879 0.71529573697329429383 -0.69734165449985907603
-4.9049146915738273123 -1.9987855733296990834 0.75046783238841530128 0.99839801622976376283 0.0049381710660043069347 0.056365021554789007663 0.019482307100603116906 -0.9652708635947062632 -0.26052370257814189136 0.053121002422682042643 0.26120446849452438887 -0.96382072230265747326
0.76017873471399444174 -1.2532205908834397334 6.8743760791737216209 0.95920503513029553577 -0.0042059971307552455541 -0.28268004911690597369 -0.076329909005204268913 0.958902984383321777 -0.27327424234992980789 0.27221213340305416839 0.28370297166020003177 0.91946352744373704979
2.4038343867069036364 0.81743573045383255415 -0.89226096461105219859 -0.88827164800426361424 0.0017079406771903392001 0.4593153190242495465 0.0038322267372471142607 -0.99993072340932731557 0.011129349500411590823 0.45930250749366086094 0.011646086068303780972 0.88820356635700792314
-3.3885655161567491689 0.11136583846336486903 1.2722866157817700472 0.97465572693442847907 0.0094802427711052090348 -0.22350914735424362578 0.17405784611573707488 -0.6597730452356592723 0.73102899736341886427 -0.14053497842020348796 -0.75140511961095468596 -0.64470168765326141269
-1.2885972756455923438 3.2824265742540217339 -3.5744121335368501668 -0.99968756882762555005 -0.0072604697399449476258 -0.023917573261552454306 -0.020840163120407907693 -0.28620549319398796984 0.95794159700198244778 -0.013800446828974417823 0.95814075231386208742 0.28596476430253209289
3.1825828735855834495 6.797120456123421306 -6.5786276234629266213 -0.93876887818150644982 -0.010063847122673327122 -0.34440051152539696844 0.34452768036376324456 -0.016692190130398448095 -0.9386277474333639681 0.0036974073359387332055 -0.99981002683994657509 0.019137382507891091687
7.2203199942909535025 0.020239130800580151792 -2.2453433592615237302 0.90794485847051875638 0.0011479756971209541423 -0.41908807681540999335 -0.31129458163087841971 0.67137200806363328542 -0.67257364670055808098 0.28059190548614010297 0.74111963200319697087 0.60992612145675195734
-6.1577773992517172985 -2.3586612118229277613 4.8862776002321721691 0.85713405980224677272 -0.0015224701729420640414 -0.51509114301409753001 0.38226163385421974006 0.67214310729589632487 0.63411330738096316484 0.34524954280931841044 -0.7404196954424858701 0.5766987322604126831
-6.8259397185629495652 4.603480785409783671 -2.0933511527207855352 0.99972380612176026116 -0.0011345896214879740149 0.023473904232668763026 0.014885938121974966186 0.80348603571127652501 -0.59513746249357279972 -0.01818571746624988994 0.59532252025552112595 0.80328100721778028515
-5.467633085873091936 -6.8874482926539206673 -3.8000754881975957744 0.94328665300393621518 -0.0026352734250368430036 -0.33196889251649880359 -0.32053228254545573783 -0.26755507341029710622 -0.90866569129611440836 -0.086425378858652285308 0.96353896549445339215 -0.2532258198975483876
-2.6079325429576956097 -7.0042523224028574447 -5.1421488901578085162 0.97654883484162913199 0.014704322258020303613 0.21479328685113968644 0.015139850959789719759 0.99050497228944900385 -0.13664071422098195141 -0.21476302773592451101 0.13668826861453792221 0.96705385534661836289
-4.1464728456709236681 -1.6320877668216895451 5.8865243421475392793 0.43132760728165286945 0.0015370983611491849732 -0.90219406588893724663 -0.81028426095266803397 0.44039952060819120838 -0.38663636494840336599 0.39673153599012467296 0.89780059009594359587 0.19120195808148726657
6.3791271375229889884 -5.7843456257057983549 -7.0401608146223564333 0.9826030933722310623 0.0079015808833233190656 0.18554979362653090114 -0.021257904611831204833 -0.98774267214746735988 0.15463671980024715213 0.18449732352216979825 -0.15589091903830226693 -0.97039103405516580203
-1.29526184004718381 -4.2206070292908508534 -7.0196946741170584971 0.98157640030816928345 0.0035242483482097412134 -0.19103756183402248459 -0.17503197587736649132 -0.38438378722367672058 -0.9064286577221453145 -0.076626221219499593418 0.92316666089776544535 -0.37668519804801459117
0.66111480596101190876 -7.1549776718840973899 3.7168050500113829493 0.86600630751135732055 -0.0025256140266268697903 -0.50002669591165294083 -0.438613600654648772 -0.48401216467173141522 -0.75719900539459650268 -0.24010661105291344897 0.87505762423024480157 -0.42026535618002941463
0.46688853079841996507 -6.7912359962339277075 -6.1439834672583204522 -0.93653083094075317838 0.0020322115638011814358 -0.35057933882878344889 -0.29783448576414112141 -0.53213499262458174854 0.79254461622938621179 -0.18494491554809439071 0.84665708509447301644 0.49896608950145721062
4.8685458755062347436 1.3423218465867563509 -5.5823354750792768542 -0.95510395175728102224 0.013870941768864615551 0.29594600573765550422 0.059876058021579102453 -0.96925397908624866261 0.23866625589081569281 0.29015736939364289437 0.24567116436325941997 0.9249077683676553141
4.4147991396457859636 -3.7714834764292848313 -6.8240083366332635606 0.98511244155251109778 0.0047980415123640620528 -0.17184427920679118396 0.14570141750152670879 0.50722438831744920407 0.84940833339106636135 0.091239105851110668954 -0.86180067225178591528 0.49897397414074057265
2.7020460519477813577 -5.1842909452507566215 -5.5353185104848678932 0.86290033859218262524 0.0078180433572431623501 -0.50531364899006536717 -0.088643236045557655123 0.9867206407170612259 -0.13610567176352669772 0.49753932745159823448 0.1622382673136217035 0.85213459163338323155
5.6118414961503271243 -1.2111134926584934401 5.7850067179377049342 0.99861242937131355912 -0.011600724858370867199 -0.051367685250321329371 0.007770010218055357562 0.99721640861655302945 -0.074155656069773034922 0.052084957967074969887 0.073653632420166356698 0.99592283816809668018
-5.0143914903580739661 1.7035141513783487177 -1.5303247064586305015 0.046759460271329135461 -0.0088401617979751642706 -0.99886706043119621867 0.25327559596114468388 -0.96717870748817935667 0.02041617672328532862 -0.96626343476593201665 -0.25394329942106430575 -0.042985757100283378263
-3.3999765485814537058 -1.9690688098782305193 3.5260994110994192674 -0.99964827789119448109 0.0069034698806395098508 -0.025605909722440135107 -0.018907787923242602712 -0.86255734351029944573 0.50560589861305382797 -0.018596130375813098301 0.50591221695085408783 0.86238449236690140065
1.5760787122199686472 -1.1088413129567338267 -3.2849440197925070528 0.85086218292347537417 0.0047201481414363873068 -0.52536774346376702294 0.25786302257314702713 -0.87498664213303456449 0.40976217209276738496 -0.45775561958328858658 -0.48412405051827500646 -0.74571019602096610956
4.6968019912387832804 5.9685456339235507528 6.8294916494605164559 -0.6839612249173976366 0.0070449216738264642396 0.72948434656838934131 0.32960497445821168583 0.89505590560174985715 0.30039222137045390459 -0.65081303276902457977 0.44589830110248740436 -0.61450557479320011556
-1.9642183594009003933 1.1245867615119642391 1.1114760241904424465 -0.9662799475373308189 0.0014604960007800933675 -0.25748966957652352772 -0.06423770749240179101 0.9669989361609305778 0.24654933461622949298 0.24935232087017358826 0.25477622419492351735 -0.93429786238741330262
2.6577482615842566993 1.7867806957846852356 -1.0151943962945471078 -0.72580242804807204582 0.0097916665655322678019 0.68783352542987896694 -0.19637071657951854498 0.95534357133018543706 -0.22081033125286975149 -0.65927943780272046936 -0.29533503683756584524 -0.69146788711165729779
1.1127840767950751832 1.551614059371593024 -2.4723946450430114297 0.71723918046024892625 0.0043763941138172538295 -0.6968133216200591562 0.6761630518031211956 0.23734613749742014543 0.6974742564362865771 0.16843837267366304489 -0.97141528616229866344 0.16727479314421797585
-5.674433204641553985 -1.479368547320534244 6.7273862846544849603 0.71249199231684756661 -0.0049437286612570661287 -0.7016628253167210838 0.69796450835624157527 0.10776681511081094567 0.70797730093273480989 0.072115920291878563009 -0.99416390656058994946 0.080233539948421944699
3.5218992922277081448 6.9033220087429718603 6.6180565603745193926 -0.97213404337760522811 0.0021406666090590864213 0.23441591083527349437 -0.20765767119207229063 -0.47188360815283408867 -0.85685713625539394744 0.10878278035305660731 -0.88165825459938329534 0.45917864584009782103
-4.0649216109319263879 -5.118922768602883977 5.0054834737791029653 0.85680550665607257965 0.0075242827503495517821 0.51558482224840551655 -0.5135796946063313495 0.1017416704404215666 0.85198857374025505074 -0.046045858140366893729 -0.99478239714275906724 0.091037142326860595598
2.4165952932747134518 -6.5169365251546764739 -2.847169530196211884 0.95643868718252522676 -0.00035525828044584558882 0.29193305988228968051 -0.22588823097392532468 0.63256968264650104139 0.74083068490971870634 -0.18493118927903465232 -0.77450337015927017692 0.6049338681573962484
1.3756661990783543015 -4.1826093985545798049 -5.2636298265090193382 0.96830546581933463202 0.0028117400100542192486 -0.24975311606180747304 0.24969452448152801294 0.013510348127878003474 0.9682304038489578657 0.0060966637095051208831 -0.99990477777213238042 0.012380067852513710475
-4.0075974877826094911 3.450335440280072774 -4.284326900244351144 0.99958202525194717047 -0.00018466201108915687029 0.02890918008335923578 -0.014693581405971638948 -0.86443325973993057065 0.50253282292899248418 0.024897258054171984842 -0.50274755628988676559 -0.86407466181227854385
1.8551197896284723488 -4.0111739249979230237 0.7847810531159860048 0.98638477472339325391 -0.016853782269712014319 -0.16358797699377264356 -0.10002455751487447644 -0.85107113377348186933 -0.5154347806964362233 -0.13053797948371204107 0.52477983505544467668 -0.84116940067476009268
-5.8266205612639936362 6.7986143604637430116 1.0363628224310401649 -0.87653253345033033117 0.0028950285524431879948 -0.4813339138401134254 -0.2924634899448751435 0.79102607681585901389 0.53734798115050252942 0.38230331525144373161 0.61177558353279226644 -0.69251340098273261869
-0.10214254991104743109 3.6295837982838325964 2.2712464680019355256 -0.99359382032298260157 -0.003862782846581431194 0.11294423015240355468 0.019633232511626314692 -0.99011811609235500509 0.13885478877886919813 0.11129176248570667174 0.14018272038437767923 0.98385108045299551893
0.60686802304621789705 -7.1358838407125144698 -4.3393782045369384548 -0.85223780877151678048 -0.0063192396334757691689 -0.52311641583002055356 0.077663453781686250799 0.98731922896737389639 -0.13845262026463753258 0.51735781162275396028 -0.15862158529626424475 -0.8409400022778000805
6.2808247467680864418 4.9359405297052578732 0.43092203185647542929 -0.99489335282613455824 0.0031714439614192253998 0.10088190345933809033 -0.034927302800620591006 -0.94857116197571755833 -0.31463126702063803908 0.094695828954888636164 -0.31654808893933400471 0.94383791371581071683
0.62494057127362678816 -3.9799375118576421073 1.8963860993889090079 -0.9899293934131041528 -0.0059730205531616630682 0.14143591864264581925 -0.12360778435425283373 0.52345165839346652348 -0.84304180025206043592 -0.068999360169869933257 -0.85203443847692128532 -0.51891849451092408874
-0.63557763554619339796 -3.0024688050305807785 -3.9373060624566651455 0.86239966717503435678 -0.0017869163261513996629 -0.50622487195557730466 -0.49148765755881085315 0.23660138055975787896 -0.83812867101924204416 0.12127116938403008362 0.9716051634523146241 0.20316670452848603623
0.25028098854947511409 -4.3930331604922665534 6.8940161677053310996 -0.96943326745518199061 0.0022395866334534997311 0.24534490865481148325 -0.029075368365897399925 0.99186367707461664533 -0.12393977995092909927 -0.24362627712447335049 -0.12728483944136717576 -0.96148052853025312015
7.2012695903364374317 1.7514949156693275789 -6.4620432644123306787 0.97291508681406668746 -0.0024890356850589675716 0.23114938578948587833 0.092972303751559320917 -0.91128804589126266578 -0.40113619651041548808 0.21164211439282529237 0.41176194835985174825 -0.88637447689920234595
3.9218983547556152125 -3.257392418784698318 0.031444171018453564992 0.44677151582337448765 -0.0032126980968769482463 0.8946423258597537842 0.75246284634179017026 -0.5395713807775036619 -0.37770675122521557565 0.48393685282697768146 0.8419337287558646965 -0.23864768773045316741
6.4546142947880120744 2.7822797613923881954 -1.1818363854809630364 -0.72490195680643143561 0.011317616807951976984 0.68875907585163698155 0.62859760378774975909 0.41982452651286822354 0.65468497726051488872 -0.28174847919828727161 0.9075347257753176855 -0.31144584759058063783
5.7520118284915771056 4.7564094508220078339 -6.8632749348464283656 0.99648096197398550178 -0.0060379521121690258798 -0.083601648055976529594 0.036027241465589679437 0.9314222082449612472 0.36215287912761989775 0.075681769903743756345 -0.36389038613620838802 0.92836202883455454238
6.7248245299250726248 -3.7571781442943557039 4.1049347972245993077 0.50963327191982377151 -0.0041460728366292179392 -0.86038173982964694098 0.1710095507136897286 -0.97954914954620564416 0.10601508000255414899 -0.84322574777882164376 -0.20116230686510239156 -0.49850182003649690099
-4.403632042301194538 -3.1283398726140658752 1.2139472343081114669 0.88016250476307156259 -0.007726353431653993839 0.47460959605950853168 -0.4746619100151675541 -0.0076530424411098800508 0.88013493404262843622 -0.0031680261863023229628 -0.9999408654536305896 -0.010403326681409202567
-3.9804626222875842956 7.4806267095380283294 4.54233954230368564 -0.89450708884933882725 -0.0081283757216993185457 0.44697986252890925529 -0.44056459726208502259 0.18576475485320911862 -0.87829055072548345429 -0.075894028997886470167 -0.9825606268126845233 -0.1697489646508591743
7.0407549134224156617 -1.1903265873273676245 2.790716536834275896 0.89335959387701935341 -0.0053343305469898943255 -0.44931078436348698135 0.1165260635592179489 -0.96297159380647789906 0.2431201061885075454 -0.43397040514198503836 -0.2695500963444268927 -0.85965832341775660908
-4.4372159205536974014 -6.9023363037011993271 5.7303592582529034871 0.94135152644320119197 -0.0074589094737791388628 0.33734502861676474161 -0.30178184387483908413 -0.46584799371681751001 0.83181329963969630192 0.15094708467035047872 -0.88483332408962855897 -0.4407776834300573543
3.5509550889108583149 -0.25834223681812396034 -6.0461249885250287761 -0.91106419883531986059 0.0022168888955453247211 0.41225854873401424072 -0.048985695170657678199 0.99231921461610317348 -0.1135912759518904469 -0.40934389853673053272 -0.12368371641963918361 -0.90395791440937756089
4.8499237879360101999 -2.3403741166354987691 5.6798449481615653767 -0.88962446816725360144 -0.0084418572543352408954 -0.45661476178958793071 0.08761027276432009625 -0.98441389766245479542 -0.15249169877427529163 -0.44821060423002756501 -0.17566449025060087985 0.87649828358123893501
-5.5562774242771952871 -3.3534794386645603304 3.8733448839661752672 0.96017640247810465137 0.0042882920592182995068 -0.27936156978992737754 0.17970812446406131402 0.75612412159822139923 0.62927045277755200292 0.21393051705142213104 -0.65441418328801570503 0.72524189797997240525
-3.6590603404087440609 -3.076192345166598674 -5.6724388995792507373 -0.83746273522484226959 0.010985028963340699726 0.54638401902723743309 -0.54033587189147891383 -0.16631828847518997927 -0.8248486967110335577 0.081812668071023109118 -0.98601093100295145177 0.14522097398698705084
-1.0224539110333317193 5.3061240048808260283 -1.3388119817573647108 0.51370995712456335447 0.0049636696713141487819 -0.85794955675402206907 0.78485958589354098969 0.40119689443870643064 0.47226738435331250265 0.34655087704732451259 -0.91597839159901706108 0.20220305571788446675
-5.0511638520084458648 -4.4997112194538289032 -6.2695984899616021835 0.99009745399319715187 0.0010254829677844576937 0.14037798966036596493 0.026682571194235310541 -0.98311876518660334945 -0.18101252424184763323 0.13782261059369849132 0.18296568509595254048 -0.97341074890641743345
-4.7718646510800972749 -3.3760613093237470395 6.7117721439484219204 0.637630437325043542 -0.0063905072794699126215 -0.77031590066236910186 -0.26044290575673451071 -0.9428707427139926267 -0.20776009090995889439 -0.72498063300868831327 0.33309746914478693958 -0.60286744630291000391
-3.7848018966429046728 4.0105137270500916813 5.4457076825101609074 0.81108216889701056918 -0.009931885251280737209 0.5848479058290999566 0.55432052952183763495 0.33226778747408153292 -0.76310344512238403869 -0.18674706382686181994 0.94313279821153994664 0.27500192561080993858
-1.1089206257756243357 -3.3040930924392775125 7.1584948870806961452 0.76145917788999961662 -0.0057850051565395774894 -0.6481870518008714388 0.58445715467597014747 0.43858935132835863424 0.68267797331501278713 0.28033864299290589539 -0.89866896831746723162 0.33734897454740975231
-2.237842147097170109 -0.4699144160106811241 -0.066792061590941989579 -0.87167593812384847052 -0.0033995290080487926276 0.49007091537699515316 -0.46778264514448991696 0.30398359024494764347 -0.82992371562897526704 -0.14615216658510282732 -0.95267120249547865285 -0.26656542187265025445
4.4334698994043586495 0.19246961493594863524 -1.4491248276660317895 0.93184836549694349817 0.0037581442632086165152 -0.362828471970423172 0.33219729465363151411 -0.41106980829005856926 0.84892082677784008737 -0.14595746348006852222 -0.91159612168118220321 -0.38430317431736171763
-5.6351998848210778092 6.3738687744453210726 -0.18393074389243599387 -0.82703686939942167022 0.0042066840069759341841 -0.56213194221983298071 0.3239912505573619983 0.82075024902428528328 -0.47053023100409802071 0.45939055956384589052 -0.57127168014544726926 -0.68015364532385980123
6.6555047559890603281 5.8805539800540831408 6.4253375098156730871 -0.90272123207925403232 -0.0014026185510342299712 0.43022367416765905368 0.22293347035377492071 0.85374345608584167877 0.4705558192037706533 -0.36796065679518902281 0.52069198558431861734 -0.7703796539363967355
-2.4922964344730087483 -3.7952181253058485666 -5.5723887356102865809 -0.80723901265672259875 0.0074205022476732870884 0.59017803465683682518 0.47067653580028101512 0.61142642985792994281 0.63609851400408190525 -0.35613027825794385528 0.79126648925471942952 -0.49705992384262637218
-1.347918195957719778 2.4282470362107706485 5.4072779176401111201 0.97952601292793750609 -0.0084794429738862895501 -0.20113897942552996789 0.09910222268574173099 -0.84936157193589711945 0.51842421777680114392 -0.17523566833342177351 -0.52774332697393289138 -0.83113142244674365067
-3.6971020253452033799 3.3474983542961074257 -1.7524797204093705005 0.086128839372076243519 0.00703342492632720237 0.99625918011436953581 0.99622843981630260224 0.0099532739216247473335 -0.086196450270961039175 -0.010522296778455272892 0.99992572887785435842 -0.0061496340100990008054
6.6611752820691814136 5.7912770511754478875 -3.2218283973711501211 -0.99895231371488890648 -0.010823697634806214718 -0.044464845589132370729 -0.025669900071038823097 -0.67184709600519398887 0.74024491610530407382 -0.037885764531031970725 0.74061077980205114457 0.67086536778025784855
-2.3508628291710400582 6.2554218868778690421 -5.2505697724256679138 0.99224558534022799794 0.00015629851613475605546 -0.12429269465103662262 0.0070296516788400532222 0.99832800213285333157 0.057374072146356758228 0.12409384501304830672 -0.057802904149792458388 0.99058545411380938273
-1.6284286724282555081 4.8055327148282005467 7.0622632058340411021 0.71546559703129908314 0.0020250424167859749913 -0.69864503051826409852 0.14056630234640976607 -0.97996379945556832958 0.14111012154022081755 -0.6843610845959636757 -0.1991653859476288646 -0.70141503757126277829
7.1516095482245729542 -5.8592612526126401917 -5.4369847082434601404 -0.85600243162180167378 -0.010432056422002060347 0.51686652944107791541 0.44398069062474510016 -0.52702404000705016518 0.7246563375883888769 0.26484143069015703142 0.8497863457677782284 0.45576549138404831574
4.7106499801980268316 -7.4490120753782385066 -1.1986161724358368463 0.90343379460545691906 -0.011496206344291460058 0.4285734662861245825 0.14180355006046951871 0.95139015578201202583 -0.27340176420673351076 -0.40459749375776532521 0.30777363227010484659 0.86114822146017200311
-5.9569411673926255801 0.43338219415763618025 -0.55869167378707662586 0.66073837567103177459 -0.016225521708845350166 -0.75044089131701541273 -0.042061524164722231822 0.99739511298111682702 -0.058598778027175620065 0.7494368733258129911 0.070283149094291202941 0.65833475668001428804
-4.855080281284257282 -2.1695056890646653436 -0.69674014523195082482 0.88189845224405782886 -0.0094423495913702748528 -0.47134484399820136824 0.45992398803078066161 0.2368593068317184358 0.85578478252481415822 0.10356179393655604026 -0.97149807555212586152 0.21322861917488927785
4.3506688389738075173 -6.5431462292461688435 -3.9193946502578276281 0.99588140720301543407 0.006897147096705687902 -0.090402722023194520551 0.043281932380779174208 -0.91231634346959078474 0.40719229335507772793 -0.079667415651976769553 -0.4094280386102971403 -0.90885740580302531999
-5.4143745178904518767 4.2777004713604185326 -0.10266320114443858169 0.99782244386817109394 0.0029791814813667854243 0.065890021936155646065 0.043823127383336740737 0.71665475602683026413 -0.69604992218269878812 -0.049294056633519246768 0.69742174123116607021 0.71496364301885162451
-4.3050848413863258557 -6.6571329244825268034 -3.0910043769481010401 0.95192049135471890065 -0.0015318767605688662914 -0.30634136431876185513 0.27566257777315716915 -0.43192514648732599492 0.85874956247286549083 -0.13363203715638447 -0.90190815562647685955 -0.41073611657596870161
3.5317600215652245055 -5.4006311335849170874 6.9052563876236527918 0.93820320073913088255 -0.0032017197951638648803 0.34607008410619805039 0.148871913578151438 0.9064475835478172927 -0.39520871906890969738 -0.31242904389716902314 0.42230620084342612719 0.85090867033931627539
2.6145510710411170585 -3.466054579529764812 2.7120475471555121061 0.57944717692532998754 -0.0096799017306684800172 0.81495231066355278138 0.30249078426358022575 0.93106177517223154272 -0.20401788217918970236 -0.75679607199626741654 0.3647331494610160374 0.54242919823269719615
2.2193524453529436258 -1.995615157202369927 -5.4943516152925173657 0.96154841888789721605 -0.0068407527051064049781 -0.27455025448279851696 -0.2132742690785876527 0.61123332361151561098 -0.7621731497867688665 0.173028102582058807 0.79142089194637355032 0.58627147935706891424
4.3096520569924887667 6.742583837586049178 3.7876521689799500514 -0.59347388221252150853 -0.0075444026928134060028 0.80481788817069466191 -0.54621825548744573631 0.73819964970004559035 -0.39586221662962961521 -0.59112973914683009102 -0.67454010938615627246 -0.44222310243299534083
-2.4600054718048141034 6.4357730058138047369 -0.5170432784362284373 0.92865610796360431589 7.5544968743715759651e-05 0.37094181138678644638 -0.21881013992988671002 0.80760447441051086415 0.54762864751216400183 -0.29953289603282384768 -0.58972451806342740532 0.75000335798521644559
5.4530233285495519624 -4.5002716787598089354 -4.7740276156786842776 0.95179062825537241732 0.0054017813244588482741 -0.30670086521534745128 -0.14805142670806684113 0.88376836588861740207 -0.44388540244572866067 0.26865475059087934318 0.46789346673490467277 0.84196218963319879869
7.1440858777341098573 1.1790246069373482296 6.132061666447754078 -0.99567681989060619063 -0.0058287320528713536597 -0.09270219099503579363 -0.012359433379039070494 -0.98084072667224420083 0.19441891190871402051 -0.092059300123237666758 0.19472415048951885463 0.97652833572660979744
