1125 14.717824617146108679 14.977075390850430381 15.033177056927090831
-4.8354246948353605262 -6.9248545243659229698 1.6017484699867512443 0.89111263255764761038 0.0012697491497999755135 -0.45378041367297244912 -0.12017708824568719417 -0.96362980570433254268 -0.23869450144290574323 -0.43757941400039024327 0.26723769437590783049 -0.85855009821656813607
-1.3393435650485909783 5.2410278830710881337 -2.5414702965287525593 -0.96037480893353499578 0.0042664662603766273855 -0.2786790692382590251 -0.15371718148249441382 0.82595083530979640507 0.54238016719650627984 0.23248925670435371948 0.56372601050222259644 -0.79256654648073610048
2.3815187711953860195 -7.1863937769454642179 -6.9055491701107190039 0.16235313683096733173 -0.0025522809584216225344 0.98672941824136006783 0.94115393799572510947 0.30081520319884613723 -0.15407621010245681203 -0.29642996467340204658 0.95367903373532425526 0.051240381120725070341
-0.69503785882112878447 2.0598004390065542957 5.3999927297129275416 0.12468993071100370473 -2.7030924837842095626e-05 0.99219575712085672503 -0.67669027663945857665 -0.73134248669329271486 0.085020213236898636855 0.72563261412424773233 -0.68201038586422502163 -0.091209335555791221095
-5.9529530417494100902 0.50949348829576690534 -0.18920905672716201162 0.98823161513144208712 0.0032253339070837435537 -0.15293093891021297681 -0.052465373787755724411 -0.93198341655691308016 -0.35868411703932345791 -0.14368597498744190011 0.3624865631773458996 -0.92084625867070346583
1.605896521599124549 6.0943523729633577446 -5.2154624682806440816 0.96022723906422358109 0.014137759217776251636 -0.27886156623575747426 -0.061880723466511466935 0.98465729764755072217 -0.16315876394705056129 0.27227637690852873886 0.17392564489966710894 0.94636961311310874301
-3.6107261875845808596 -2.8621643406993659831 -0.19478845180904327816 0.9999886216859587007 -0.0046646659245067403909 0.00099869437066263389013 0.0012919302728750664544 0.063289464315380905557 -0.99799437604774177135 0.0045921035270792354491 0.99798431079782112807 0.063294770611137252114
-0.84900842584477820285 -4.2758938557427699223 -6.1363303242964049034 -0.99996936353063869962 0.0011555828941808921409 -0.0077418749941101996925 -0.0075608309278248179985 0.11343444872448445182 0.99351671333617919135 0.002026286241075181925 0.99354481049957865668 -0.11342223632653913867
-5.5040809408371318412 7.0675640821986274176 1.5619516634942103295 0.53584071642263630952 -1.7338230162236914489e-05 -0.84431909034623098265 -0.38671002406653198769 0.88893990238522302416 -0.24544084263596310791 0.75055318526416014979 0.45802385270503764847 0.47632348928332368665
6.576305944342058396 3.9176469770486255229 -0.46342354775630878461 -0.9951043893746330804 0.0012235455087703525981 -0.098821845680310174687 -0.0074396881926914199684 0.99615874974443896495 0.087249047829819972866 0.098548999420913094283 0.087557114182689355086 -0.99127284158761796995
-4.8139525301939709578 -7.1441994911021735604 -3.2188547416518642486 -0.90006177391112540676 0.0066934478776510836912 -0.43571091436811576481 -0.24471435143428818537 0.81956252939036289273 0.51810437811452403345 0.36056024371261757855 0.57295065945931955564 -0.73601892127791646026
-6.3469595127340578955 -7.4804373149436438339 0.52941799954731405542 0.96534055772963645037 0.0029456891656450007871 -0.26097687736177738183 0.041158645998382641096 -0.98914237111358849219 0.14107918176421793688 -0.25772771186227072526 -0.14693091091737739418 -0.95498048878237340453
1.0676928970169230482 4.4993203615977241938 0.553193912813898514 0.84341311654999140401 0.0041242925048179468819 -0.53724976039341654221 0.44720869892756481834 -0.55957937255396905663 0.6977645057007588747 -0.29775609890472692909 -0.82876650271567564587 -0.47380100204788183627
-2.4219468500243324094 4.2641403008734197755 -6.2834145552895961373 0.86704961638808453195 -0.006766124609591370534 0.49817585477336751021 0.41204385460373599281 0.57184575798790160395 -0.7093745773247245312 -0.28008003249911161969 0.82033325461609629681 0.4986065851614332467
-4.2963078897857709393 -2.32390004724059418 -7.3215225271134949381 0.95113721541115725522 0.001919232590167661151 -0.30876255279117809094 0.23549823968645805516 0.64222893632588085033 0.72943990324787033597 0.19969621069115409129 -0.76651047604841182626 0.61039586625695818611
0.93159228130743021445 4.7127026891428496214 7.1244468827024531876 0.99973361013214501192 0.0010067364041475880543 -0.023058518034214721404 -0.023080483772479634674 0.043883880038525391321 -0.99876999171056268789 6.3991292347763406578e-06 0.99903613125570844833 0.043895425780784078085
-0.78681752780814440129 -0.51160918856578208036 -4.7940162991755537192 -0.65213504117489773382 0.0016710080347414441818 -0.758100979951855658 -0.50854557272858968986 -0.74258857342036799221 0.4358252070310302817 -0.56222885778837083937 0.66974578636797166276 0.48511781364159684005
-1.9520180041425807538 -4.1966754502549514783 7.2604913707397420453 -0.93519405676405487071 0.0013118824083443775177 -0.35413324492020886725 -0.043757446492499948998 0.99190207410802599952 0.11922902858297265705 0.35142191461211674808 0.12699824544029600371 -0.92756351997348385208
2.4992832226961692044 -5.4558503210041831011 -3.1352117052081509563 -0.94998615490814830586 0.00069418824585130707409 -0.31229124801277341472 -0.21990684873079396899 -0.71151610013649402298 0.66737232271640711812 -0.22173696887077090634 0.70266945098624644661 0.67608310087354783757
-3.1241366529371101812 7.325471492569626264 -2.2520750026001308264 0.97931662950486708663 -0.0022540077065175941409 -0.20232117690537912424 0.1738658298168655747 0.52081107395668924109 0.83577897704239378918 0.10348725717303575156 -0.85366899012063401919 0.51043084047645892465
3.2600818451667112896 -4.4681203664814646004 7.3014288367179194239 -0.98118228260507800442 0.0071391287562921970644 -0.19295170676236772511 0.16379842100095487467 -0.4983322525604465536 -0.85137244689714475232 -0.10223211618422470282 -0.86695674569070868554 0.48778539904536555305
5.3731615092380566878 6.9044183608336293645 -4.8072665504068616826 -0.97866504791053487988 0.0054316120964462812418 -0.20539041259997151134 0.061745135442753479316 -0.94566772152937084162 -0.31921794859726393412 -0.19596495157840332357 -0.32508930780254913229 0.9251565703735272761
0.70025491043939369629 -2.6918433558232091052 -4.2304267469210126151 0.9989514154800381851 0.0055717314446977698333 0.045442549655872022107 0.031594008209935006692 0.63445542073871341593 -0.77231349705968932451 -0.033134395358110829699 0.77293937336896711976 0.63361410727685585353
-5.1428719472874400154 5.4343442553102496717 -4.7333092128255298547 -0.8537420892065812339 0.0080739584812620536491 -0.52063351439540206389 0.49692303136158405552 -0.28604119282929307833 -0.81929722134717608562 -0.15553760323353008066 -0.95818330563587839066 0.24019326964161208382
2.9439586406946189889 -4.0408323764185309912 0.98833503323816840336 -0.67766634693212657314 0.0034597923463186089355 0.73536137515683286381 0.22477760260447476881 -0.95115364166338989271 0.21161705819204210122 0.70017380099731230114 0.30869852572929901147 0.64378712988814479345
0.47773251254098281215 2.6391445103662873883 4.3902451332145835394 -0.65431446417752558986 -0.011131505723997693266 -0.75614064270362324471 0.051152987655508311282 0.99695001328582510958 -0.05894101172633591651 0.7544905259987759738 -0.07724480946783116031 -0.65174940398003244901
-3.7570713887263020858 -5.3871639041597845221 2.5083461680157972395 0.44111111044427153693 -0.00089853204853651297973 -0.89745204935024069925 -0.44538871955774611555 -0.86838063090593020643 -0.21804579417691330456 -0.77913405568835747417 0.49589744152161641111 -0.38345254042573573283
2.4450673739858959088 -5.2933088141835131779 -6.5020770529523534975 -0.97777438711068764832 0.0096204101527761556878 0.20943900214306948593 -0.20943188396303660803 -0.091387135126441740307 -0.97354336190691892483 0.0097741439465494333455 -0.99576896880851339944 0.091370820660887891451
6.5296791029872309764 4.7172346777355267378 7.501074118036768823 0.98996139454999376728 0.0071570549739331584468 0.1411566996811347563 -0.14076901265662339346 0.13945413564239442228 0.98017173450770855858 -0.012669742556388079169 -0.99020266643569887499 0.13906170215846416771
-6.6079340879398751341 6.5052627645382834487 -1.1606271523996749551 -0.99670109487736713305 -0.0029169919677406366126 0.081107451125366158973 0.033182915487497521845 0.89736170260056835613 0.44004643939635590399 -0.07406633236466010628 0.44128614963941609206 -0.8943045971851562026
-0.94224591750977260141 6.8967533003382825996 -0.88202502333546461966 0.84291998932033629366 0.00061901797353502204663 -0.5380385752163685531 0.43060497690035770546 -0.60034472463371180151 0.67391807029720907085 -0.32259145288235779869 -0.79974110087023342341 -0.50630912109699310886
-2.7208108309595915308 -6.437330691952557693 -0.20881984299876513167 0.99957212231560166327 0.0067518995382731730043 -0.028460220348755171926 -0.0029234090706378133839 -0.94506087557004025967 -0.32688131660627012254 -0.029103710572326559058 0.32682465225175155732 -0.94463676654654893383
7.339330216575829624 7.10200335602076116 6.227903360553376011 0.99984778658398099083 0.0022591130168073420698 0.017300291083729008729 -0.013995839739000277141 -0.48819697063901901224 0.87262124334037161066 0.010417299707750628593 -0.8727305507814901997 -0.48809104232668337753
4.7890494068166589159 -2.2380782426038994259 -0.28844871226199797487 0.94208762851431182561 0.0012198662350167189822 0.33536459581591632206 0.27524325380645392469 -0.57413497165258320365 -0.77110971045603871055 0.19160389201281882721 0.81875976101169123389 -0.54122121384302679381
3.1742749000781476099 -0.61469275599626160833 -1.9925205472243607829 0.99692179680976578116 0.00069569953301674926274 -0.078399279638503641121 0.077062710130038999945 -0.19275812535274633452 0.97821554057268600424 -0.014431554077307690714 -0.9812460553361438409 -0.19221838916778632989
-3.1633831179949547519 5.8629646628871645575 -5.8017700259289348708 -0.95201777583600610821 -0.00096440790597893295832 -0.30604121357985270002 -0.11483066504307461175 0.92806038087260145364 0.35428498108202705064 0.28368305000096039059 0.37242851578779878619 -0.88364072324114995016
0.59105439422024586005 -4.4770097706163234363 -5.0801434057358623164 0.97644021718421225575 0.00038487298987913663717 0.21578775252094378745 0.20842238628902681752 -0.26072388307123017803 -0.9426468934281158063 0.055898221428215863482 0.96541333565937692551 -0.25466150115812569155
1.4026323263337396874 -7.0616470429437985246 -5.4899431562856157996 -0.80710130637760302275 -0.0074271671952556381907 -0.59036625786960539308 0.51935812309580531299 0.46664857875561532863 -0.71589541409328816268 0.28081065011489575456 -0.88441163557071200696 -0.37277531791843704356
-3.29372429013662682 6.4656516471971983151 -4.7484308204067735559 -0.99549742989971889973 -0.0074380969465129105275 0.094496252713447193017 -0.065132577853114145827 -0.67061186892587842934 -0.73894348130154885457 0.068866641890554802785 -0.74177112101337561167 0.66710792954748898698
-7.1865361086766315069 0.20242841595460037141 -2.9554828635426293459 -0.99995272925050637802 -0.0090050078561806599919 0.0036673012068127088664 -0.0064107125686272154602 0.32702104545993015972 -0.94499531141198844786 0.0073104055285974842149 -0.94497415078928692633 -0.32706331544703820535
-1.9464465768081280483 -0.50191992837183663223 7.1084451230285070622 -0.41418669762102117149 0.00086705062384568069508 -0.91019153354504100939 -0.37951177474435848769 0.90876084830277115145 0.17356420547532019905 0.82729691909502545144 0.41731638934399895025 -0.37606759876478135229
6.6505522936540044654 -6.5459416349363559462 -2.9655636304408328208 0.99822375802748186668 0.00036337890006061038251 -0.059575136300783551602 -0.041949378530713864188 0.7143457147494108872 -0.69853450126677163468 0.042303410623317244665 0.69979287491007990951 0.71309210742706241604
3.0801545966019570066 -3.241691965716718471 -1.2621819987216440495 -0.96170997554162640508 0.0090736926446574120431 -0.27391894977453407067 0.038353720834043432408 0.99407262895100145794 -0.10172807119261138842 0.27137228127057916316 -0.10833871178938814239 -0.95635757354974559874
0.90575952939147508225 4.3759717990600011106 3.2043805096512190111 -0.95508006749034646266 0.0079168373899902132196 0.29624211106527947868 0.27776553604992243462 0.3723260606991655175 0.8855617491215084236 -0.10328780985953371629 0.92806822389840248899 -0.35780022376240760984
5.9635515606541478206 -5.8362521686313613145 2.440495760790157842 0.9531601416584095654 -0.011058866828631127785 0.30226386786737102774 -0.27467659756052065223 -0.45007019935923203713 0.84969970130702432431 0.12664324342907173904 -0.8929246984562165812 -0.43202658689092054978
-5.9733379210297607997 -1.4512231182327002266 -5.1778688078448809051 0.88200864440364867836 -0.0047843249380005777732 0.47120893607001601566 0.46200202354645325542 0.20573412263321100291 -0.86268627033432210283 -0.092816385602383963405 0.97859622982068816821 0.18366964241397004676
0.57040190253472988768 -3.1620835699060161339 -0.50602701659628512854 -0.89853229687019919858 0.014286858735117990288 0.4386748193691814568 -0.34463546498650954319 -0.64186455090815186519 -0.68500824415549366186 0.27178319991249766385 -0.76668493134727389027 0.58165978741045765155
1.1772029670017318814 5.5219481347231784696 -1.8605334297961155787 -0.8863831358360729773 -0.012809454054827250011 0.46277516613602770468 0.29116846927050815674 -0.7925825685911452867 0.53575534945350633542 0.35992479632287732727 0.60963004342981230721 0.70626153168615490863
-4.0258400458830347901 -1.8915002642276101952 0.7263501490473963651 0.93439872974857574039 -0.00079759180314464654671 -0.35622798555351548044 -0.14831653742038539145 0.90833026109568149042 -0.3910733198589826376 0.32388457600174797024 0.41825291466436920196 0.84862434610547321512
-6.0579353423255719591 0.631527303247762406 3.6274817412974398323 0.80515519851203964929 -0.0097335023729249892793 0.59298428751581977458 0.45508241661187032179 0.65129290306981091341 -0.60722116934576109148 -0.38029606939821530842 0.75876400372077479339 0.52882141244262959034
2.4473561360432847245 -3.8985508025643698105 -6.6197243989421012955 -0.99231956763588424764 -0.0089328777027328429283 0.12337779128625479819 -0.048496616337872257285 0.94563676377856220601 -0.32158854020970611964 -0.11379786417377345253 -0.32510200658622084857 -0.9388070789161720997
-2.6411897341531678229 -3.8475180216357784957 -6.7685693727628368777 -0.99994788279362267769 -0.0011587042758422743532 0.010143426499565306315 0.010145719498745740111 -0.0019905007077880912392 0.99994654971301066837 -0.0011384518451534458849 0.99999734765219971955 0.0020021528570418100149
-4.0972041147057405297 -5.2579773797209332642 -4.9594949403501251695 -0.73677051075341115638 0.015012026323742554829 -0.67597622262169998475 -0.66477088455626920371 -0.19867151257933768349 0.72014533334305430579 -0.12348637791488095705 0.9799511565150114123 0.15635486981346946589
-4.7879466657076585889 -2.2405796021826116515 2.2755030180828468289 -0.90016619943684894611 -0.0031716471624694325335 -0.43553502045821435029 0.083151240570037060484 0.98032962007000745697 -0.17899638880503512817 0.42753559452156436604 -0.1973417762862559599 -0.88219586189762944084
-1.6971079432755211691 -0.45803533087504216814 -1.8813148634034686513 -0.95105388111341182533 -0.0048326430138035218753 0.30898731491879161126 -0.26779579831954591906 0.51186113702133084757 -0.81626195967334269632 -0.15421389568261242853 -0.85905460942177658268 -0.48810168244905743906
-0.303583553479864654 -1.4966648174994563458 -2.3144562923264033749 -0.9977829262284151346 0.0090621783936791523717 -0.065932609911252298973 0.055517285764979419638 -0.43300737007367867681 -0.89967908080773884016 -0.036702358347113044068 -0.90134482546061789332 0.43154425324308498535
-2.686417214378426177 -6.0034173612917767215 2.2291522198079456452 0.6099748908995202834 -0.0036397008131175195497 -0.79241238320086837543 0.50917466601475735999 -0.76443043306745328547 0.39545830689082656084 -0.60718349117944947491 -0.64469594816334263587 -0.46443012656472060229
-6.0462329112789561236 -6.7502245937584728352 7.296684111281875218 -0.99880104691608007084 -0.0024301039756863956898 0.048893386813117459266 0.047376430094168191232 0.20350468957992862151 0.97792705003521307461 -0.012326497918137415549 0.97907095550505895964 -0.20314556735363015205
-4.4142185108579488073 2.6703645749901543383 -6.0474876499109040395 0.98510376281989886493 0.0025363099452262016092 -0.17194226824703964795 0.038421939994449587352 -0.97785943103960459855 0.20570534182173763615 -0.16761363609546925391 -0.20924746177382344547 -0.96339045497465558565
0.73923192209943910935 0.93773731803544091434 -1.2551324947296094159 0.99875179971063288153 -0.011844165729236142207 0.048523791204437380364 -0.042496457195786860317 -0.71198893727019385569 0.7009035627891405662 0.026246784574101667681 -0.70209078397522128867 -0.71160356755463982648
1.5358176508453960096 -2.6888406814505949605 -5.9689582427233975892 0.99973991145283858106 0.0063105089929194266296 -0.021915449446577063564 0.010912636568881774884 0.71143330212373812049 0.70266889143631705572 0.020025578925747286596 -0.70272529064028832479 0.71117940217864239472
3.0550561604019206285 0.12149451133545696724 5.3133803553276237608 -0.82101084404332425049 0.0018840200817342967702 0.57090948882595615732 -0.52811475622825310161 -0.38238341282466176141 -0.758206917569669403 0.2168778416924568575 -0.92400182687314003083 0.3149359073175493906
0.98655630037491048867 -3.7387808265759039372 4.8872208445615568095 0.9817957439181240753 -0.0038932538310787962246 0.18989986782227588624 0.12620154116575374448 0.76056524199099528882 -0.63687807599468304609 -0.1419517109150074119 0.64924984039262423341 0.74721105219241967799
-3.6971402066801388742 3.8545194074019808461 -5.6753302382718855412 -0.63924216905012087864 -0.0024451073438699344464 -0.76900160647314441675 -0.67379879280970467192 0.4837351501254142927 0.55856556583927108317 0.37062735478683433987 0.87521101797407774292 -0.31087141698847492455
0.28692948317963318239 3.2282737427662433483 7.177335411959670175 -0.32868166288216604798 -0.0045239778084355392052 -0.94442993287476662001 -0.66061231264275632746 0.71575054493254541832 0.2264785416183347222 0.67495165520937727699 0.69834138575161675 -0.23824267475955634987
-7.0931250005924173507 -2.3873507964366385004 -6.160955723856870847 0.9996054513411124498 -0.00038508369012400127992 -0.028085465276400080337 0.024406708307596561985 0.50678979281574010329 0.86172409649935466369 0.013901591233609265214 -0.86206957817135287936 0.50659923820788721471
5.0833108746116977272 -2.3983618215787205763 -7.5061923408657307277 0.81735325194398233961 0.0054175190932320540019 0.57611137119792210637 0.52474714245218923026 0.40582290313483332378 -0.74829687142161471769 -0.23785310177686599942 0.91393567704627509674 0.32885784192723283015
-3.5722652179102785119 5.9854420271747343918 -3.0707150901997364301 0.77032294000321788197 0.0064363104694205360706 0.63762147235832811187 0.47614316288983071779 -0.67092084166362220277 -0.56846540145792001653 0.42413471508253025588 0.74150104391628446354 -0.51989032048395555918
1.2504383393281059966 5.726379141212661672 -3.1819725363512350036 0.76433196729644348189 -0.0003688220801391917103 -0.64482284988901905631 0.5011480669002673638 0.62960928231081414452 0.59366890323663101814 0.40576749353642588281 -0.77691184544844138493 0.48141533584918105859
5.167603432391685736 6.8775736136535439158 -6.0117048305076528081 0.88295866294294189647 -0.0070855887549538401973 0.4693972666792675108 0.44112624738608152697 -0.32953539795808589608 -0.83475388909530745529 0.16059773784530706475 0.94411663258548395028 -0.28784049519545057416
6.8429917384038239092 -4.4232655818289856597 -5.2865729312739437873 0.96581040981748089713 -0.0014335996811807305562 -0.25924543791572368656 0.20159364408227520293 -0.62459043497661748123 0.75448445391633744972 -0.16300384950607421652 -0.78095117217893683659 -0.60294693938895127516
0.21987559379296722772 -4.7439491136443212582 -6.8906990619252574959 0.88113432593163676376 -0.0025176379153098314874 0.47285934606845053674 -0.20442946867986308557 -0.90373561690595349827 0.37612567988760081672 0.42639288455637891495 -0.4280836322904141289 -0.79682715300423156979
-1.7072508225635065759 -1.1349462586759315741 -3.4827764958883502544 -0.2848001023667248166 0.011380225872137422066 0.95851937494808914231 0.36844902554319280963 0.92441497329531518989 0.098500115348263889148 -0.88494870883465337474 0.38121837259824098432 -0.26746651215694583481
-4.5207057931833727338 -3.8090105284546189601 0.95162835713776705582 0.99484278878019272163 0.0069701032003108721186 -0.10118914602561729366 0.065765083933840673414 -0.80383882064427791825 0.5912005617050416495 -0.077219034876091371955 -0.59480632821662382526 -0.80015164348151390783
-2.1333536734676181723 6.8621614561174997249 -5.771853626825429906 0.92343075643340910563 -0.0011207342520238700555 0.38376344540300266761 0.056810795660943838592 -0.98857863880879903729 -0.13958799514083566895 0.37953678552843889138 0.15070175462078796991 -0.9128202504245387372
6.5390189262119724489 1.8833316446304091407 -4.7543734170471818601 0.85966876467133379602 -0.00044627549028118836116 0.51085165741784432925 -0.48243888137978424568 -0.32956190310888178185 0.81156742033669715397 0.16799506177652506755 -0.9441338638441726383 -0.28352937477672068844
3.980030016389877634 -4.5941361809066014743 -2.6729411856533187297 -0.99935869328411663925 -0.00075971213478376038546 -0.035799790431879294217 -0.013967114650862215777 0.92885359747590956481 0.3701836222262461229 0.032971531141597183734 0.370446240760579526 -0.92826852841217566414
-2.4367881853981763207 7.3557747506296973228 7.3358976517413534424 0.96614125697096420176 -0.0020022064291191771224 0.25800593548995687243 0.20316609403082244723 0.62229720565906476715 -0.75595616676171828452 -0.15904279240157795372 0.78277849932047882664 0.60163378494461150492
3.0574656490887686111 0.73605358555019473332 -5.9466273642050557768 0.98441372435317153755 0.0078769074634884028718 0.17569170052679061733 0.048530715939850678498 0.9480408424165748249 -0.31442539770267824428 -0.16903960753484512103 0.31805112079493330635 0.93288214456355955662
-3.8961785942565478891 1.9872389116372137785 0.91397821377331434078 0.99292220266783226545 0.0092995320187895507552 0.11840193475381975696 0.018824876566414586176 -0.99665015390420674812 -0.079587026235294539012 0.11726518439618748013 0.081252627200298896404 -0.98977112864620853117
7.000462586270080223 -2.0270033385159860195 4.0966812884742660472 -0.99584402275831185314 0.014449444932704686578 0.089921609625029957913 0.054798771149572197969 -0.69355164333961749623 0.71831971482163003984 0.072744601290575944263 0.72026198814187303299 0.68987744666785433267
4.1541312504661931371 0.092109700862635646157 -7.4399613026584399122 0.99915197151059453873 0.0006868356137770593485 0.041168751297010475199 0.015927146801353299355 0.91557945782073957286 -0.40182158032075682152 -0.037969248363363648779 0.4021365249184597479 0.91479208102449383055
4.274575495103185574 -7.2060816116321282365 -3.2197819840561794358 -0.99951354927033142506 -0.0086255917218473789065 0.029971052578427741231 0.028014354209448488059 -0.67064522670121917702 0.74124906466125539684 0.013706231554945991213 0.74172810319575255278 0.67056063122302234092
0.94143089156096815273 1.6430000543993210638 5.1784727930452971734 -0.76850102389097085798 -0.0012847058493837518363 -0.63984726756419185723 0.62321598337591832539 0.22502120186760807274 -0.74897750084688452521 0.14494141693540407712 -0.97435302033759318974 -0.17212837481316517474
5.3382501140763798375 3.6450707775018726942 -5.7216615735661520148 -0.8487798162189622575 -0.0038176712146707177456 -0.52873268195349509835 -0.34922017208117384079 0.75488213862645126007 0.55515603950084901896 0.39701145448313690522 0.65584935935714816502 -0.64206193068894357179
3.804832354086323587 1.1466109174252978598 1.8964635646140781677 0.99982028951334844802 -0.0050178308878466764201 -0.018281412706783715244 0.018822636352726504483 0.14791389819712960629 0.98882110974681047821 -0.0022576620890666673595 -0.98898751260747219671 0.14798176532459567101
-6.6402104210827044284 -5.8959384776018195495 -6.6752057832302771345 -0.99990799806527197457 0.011291549022532017602 0.0075164037859572294803 0.0010500141017719469283 -0.48802884882854341564 0.87282686724317715132 0.013523789246642853312 0.87275445781259930467 0.48797209294446430849
-5.5171895412100147027 3.6706332143111115585 -5.9218189941789738384 0.82113116260999352569 -0.0020988557130613024436 0.57073567314073125889 0.13277010552420567824 0.9732616232552432356 -0.1874404219417133699 -0.55508171729019595286 0.22968980713843215047 0.79945411352183293197
2.2277838865201862184 -6.2193082975473510388 -5.9605016454260457692 -0.87813922496602581091 -0.0086219601267050350463 -0.47832746458849167981 0.27084013086779085144 0.81522156647721044642 -0.51191739671729008521 0.39435659635356118402 -0.57908501910675402868 -0.71354286175294123762
4.5169690289888260182 -3.3683317890272093109 -6.3166432264415304232 0.963270581902287093 0.0028718018078657623487 -0.2685172970147651772 0.0047191416887837562069 -0.99996942930191512477 0.0062345940629718009374 -0.26849118373510866276 -0.0072727722214624423991 -0.96325468648787027082
1.2599340250204786873 -4.6925844946588810558 7.4989563969625852025 0.89147935270944789199 0.00052427315661959534437 0.45306102108932427841 -0.43856763217591027137 -0.24991506793885817639 0.86325019016785431436 0.11367935476818244456 -0.96826762000738209046 -0.22256419376154779055
-4.2135874054136701616 4.9593322670341066782 -3.4394633580551996488 0.99971501664478357174 -0.0012895292339535503051 -0.023837420355331449817 0.013166255850720582493 0.86272164801489259478 0.50550767328833734471 0.019913191650696875079 -0.50567746159075199763 0.86249276497690641197
-0.93461705618122792316 -0.69873777707016127003 0.059394518672724709585 0.96726479369570672606 0.0089067155748907451962 0.25361287288770972825 0.07520270560086607381 0.94443269942452190424 -0.31998660804499345911 -0.24237031985578857962 0.32858415463237572451 0.91284669105907079167
7.0757969986554591912 3.9823344002963847466 -4.2408782711226375994 -0.99915813927155061602 0.0050872692207188565522 0.040707891361657741469 0.015537178207480666775 -0.87143921330915807832 0.49025737485569303997 0.037968524077056024779 0.49047713218750443875 0.87062654104981629377
4.3729343654423411536 1.920195686729148532 -0.077019936590318707759 -0.9296219251413292417 0.012682630503045862203 0.36829638496747230114 -0.0029686253986113270154 -0.99963290986066599686 0.026930146428839209227 0.36850273209272693675 0.023941520564899308743 0.92931832007838255372
-3.6440361921920825239 -7.3966058917941905904 -5.0150258463631187666 -0.98303168167432342095 0.0059546426902209259949 0.18333918036001073393 0.12654915312580036768 0.74555477310232654009 0.65431902933329144645 -0.13279316498895638032 0.66641775376624723393 -0.73365751737262763221
0.68199738865526426945 -6.2848258976802826581 -0.62961283021159408779 0.95704308046655317543 -0.00028654332285337098807 -0.28994561563175985652 -0.28050716525007335367 -0.25398844719367674738 -0.92563794160317902637 -0.073377601313391618842 0.96720720974620577604 -0.24315826336035417654
-0.52478661990224850786 -5.2357439007281554311 -0.70923175000883531549 -0.95925503482346652362 0.0015440317491108072022 0.28253742076388671522 0.10133024603551010756 0.93534270367600824692 0.33891917608564148257 -0.26374601305870221113 0.35373951241855583483 -0.89738865490354613463
-7.2619481339544540432 0.53486789244312316072 -1.6328148343687496347 0.90805667601858264248 0.0048204047531973069629 -0.41881957551681164853 -0.31124433232648096581 0.67690480830822585823 -0.66702836977428570098 0.28028563775677517445 0.7360547834143489343 0.61616825387231177746
5.2601348331610733311 -7.0675605894937039153 6.2464171932737437842 -0.9715690113938203476 0.015311110020365606074 0.2362609278089597975 -0.038088389967877667175 0.97480052858306143193 -0.21980264789982489892 -0.23367269983648625287 -0.22255223967437037791 -0.94650281033234040517
-0.98523068274786340659 3.1626677476405729017 6.3166846522545387899 0.23258526444700453051 -0.0005952949727909126118 -0.97257582757642935256 -0.91128519545817410208 0.34924699057041280748 -0.21814177068202317278 0.33979903958207902104 0.93703051455196961772 0.0806872201634752928
7.2450563574267299316 -0.89525149710195983666 1.1876392887718427716 0.99534541754617222864 -0.0097140121636646245551 -0.095880851777099748712 -0.090540139159495575116 -0.43509126873760495258 -0.89582256673365501243 -0.033014890137588216723 0.9003339523954076995 -0.43394560856540437266
-6.4210451063007729644 5.2883309020998776617 -2.2811395731977466284 0.98281656163531305737 -0.014888017271997908489 0.1839835675191508757 -0.028114406984810408341 0.97303864852213750591 0.22892218896865551558 -0.18243131939243406592 -0.23016110753993687665 0.9558999311019973355
-7.2576297485739660331 6.6668692445107549105 1.0968885813381299421 0.88015897320407721072 0.0014390203670595035079 -0.47467684913919699907 -0.46939048535856464639 0.1514951151825992548 -0.86989758151788032503 0.070659423597784529192 0.98845695874737282693 0.13401524749310314566
-5.256244983686610972 -3.3159049102629776229 4.0460589026489390818 0.82626839368194882063 0.013028906976051763539 0.56312590882077329102 -0.43221531407752394882 0.65575390447114512149 0.61901271315509243109 -0.3612069543614715994 -0.75486228171361036132 0.54746001841881608563
2.617687008612159083 -1.5653827747880240118 -2.5846228407999487509 0.99160603369185773559 0.0048088738035351567823 0.12920661236405081573 0.090285293876715466688 0.68957312502573386848 -0.71856626065513373725 -0.092552901928845743296 0.72420009664111728576 0.68335070086278948409
-6.9853708314860698536 5.2423033157819265426 2.598352260460018659 -0.93579381563872021665 0.0039057323869957712333 0.35252614068574089634 0.28417068895893021763 0.60016937653228130678 0.74769227561173690066 -0.20865510813028714798 0.79986340379309295301 -0.56274468555794954217
1.6166060356409477361 -2.3871252569640573071 0.2392851939355113422 0.93362471055707718648 -0.0060856030072368172412 0.35820087279773143996 0.25408244479564001672 0.7161262302435079663 -0.65008102079959040331 -0.25256090569146155689 0.69794425837100593224 0.67013938932365268997
-3.0458071204217698202 -4.0549682174985521854 5.8679166785377336879 0.888328863333671781 -0.0041128809240809404216 0.45918941056907475184 0.45051142267731986157 -0.18587979583749883461 -0.87320567997272069416 0.088945424871314196502 0.98256388378050196764 -0.16326948791668874361
1.3458212972825465137 3.2143711888285100287 -0.91347257223638955725 -0.91879613794647396752 -0.0065122151343409741264 -0.39467866416709990185 -0.30746300349934724272 0.63885095786803858253 0.70522050105646327811 0.24754829503322287043 0.76930296027320532737 -0.58897605803718389161
-6.9435410137861612867 -2.3563433109248155262 -7.3431719363510286058 -0.9714312170307856098 -0.0083938876742133440578 0.23717279192116472175 -0.23468862939457596495 -0.11446669343201124058 -0.96530752785188922438 0.03525106822314150179 -0.99339162405598091521 0.10922656931662182156
0.90466918820601049944 -3.0463108385700246039 -7.4511333058376116867 0.90518958283665773568 -0.01234424723786682089 0.42482871687802653549 0.05161611710186969626 -0.98898613189415096603 -0.13871628374608757639 0.42186205752520400392 0.14749254381540755077 -0.89458278204953589618
-3.760745624396738318 -5.6576622303032744199 4.1488496514895922829 -0.99299461120183762919 -0.0027795450836234601721 0.11812694973267147402 -0.038671623444771069389 0.95230989649723718493 -0.30267204458538393697 -0.11165217268001273454 -0.30511987015344338436 -0.94574608493678269383
0.15446517781352930854 7.0785862527450245096 2.2743379855081133911 0.98190691803116403324 0.0094817490209946203583 -0.18912667912794389746 0.088252649745719072283 -0.90656353944479350915 0.41273965009713625696 -0.16754185786040445838 -0.42196284834686881293 -0.89099780049106525048
-6.4244157777755290795 -4.117808367717953999 5.7728239928928841707 0.84066941130320260722 0.006577376357925191451 0.54150870631926750765 -0.079214142201647630426 -0.98767774059548618659 0.13497333220840287971 0.5357238659743854825 -0.15636309939505776967 -0.82978944351751215969
-1.3197015562594207605 -0.72320330693434198288 2.4624251808196033764 -0.97008524167978427144 -0.00095971647431021631786 -0.2427626470839854278 -0.092292131035515992399 0.92636680041661656482 0.36513930716200054816 0.22453682643140956965 0.37662133507029577073 -0.89874333574503306732
-3.2389651144801145932 -6.3975091833910839867 1.3853572598322125842 -0.73540042204897093647 -0.0001899606502255282367 0.67763277899257357006 -0.64266508513359266175 -0.31688910962646288372 -0.69754059419527092434 0.21486695325348662 -0.9484625749680269946 0.23291830388466025492
-1.3949186127534130009 -3.1500675677399989638 -6.0558284604872456569 0.99838797802499101852 -0.013240693882306798362 -0.055191750838574901716 0.052609068449130616529 0.58082481927546902867 0.81232679091024651008 0.021300968335452162561 -0.81392088887014024667 0.58058509747401432222
-2.9638980760805164749 -0.31531109036809834567 -2.7361116072460176518 -0.56835172986452553445 0.0031136378829312357647 0.82277981041052350442 0.80764658405362466098 -0.18883533399750077053 0.55861275665758014508 0.15710921814629946747 0.98200382987699286197 0.10481016973682556748
3.8981318533940076954 2.5144022378180612698 -3.5235657310185599655 -0.99838958088203910712 -0.012795547036521144613 0.055267700894724769434 0.011621317123259776449 0.90743847680536249278 0.42002423239792069376 -0.055526478138507501248 0.41999010082286236667 -0.90582841942413172553
5.1460191326514044263 6.7942601327615692597 -0.76107251269924891535 -0.58442059050049688373 0.0014391531058180789988 0.81144963012960924509 0.74581096424234649689 -0.39305257281668132263 0.5378435465988236075 0.31971640404408763203 0.9195148741812063653 0.22863468053766894394
-7.0951141266567541166 6.5274196281213239246 -6.742175246106658193 0.95993884509864169097 -0.0043256278036929302067 0.28017619922936132237 0.2213466861289632992 0.62482638793091171969 -0.74873067887248934138 -0.17182275230675031485 0.78075173639850736773 0.60075258459740787931
7.3264648858891892047 -3.3107103930460541896 -5.500310021009260808 -0.88276835549146992488 0.00065910891185221671864 -0.46980804177699808655 -0.36420331234389402564 0.63073491737288378545 0.68522216199150420834 0.29677597244492504025 0.77599808606848197368 -0.5565527761115058869
2.1227109532045287388 2.1559751516154719297 5.0955810965552927883 0.71580928084128037092 -0.002199906718622154575 0.69829236990812904029 0.33025456194762725648 -0.88002179224890042519 -0.34131154313907530184 0.61526335643711604906 0.4749282109726023493 -0.62920123700464791749
7.13893433105009656 4.6818451769236464344 -3.2796815480390915098 -0.92763084601779799421 0.0025136810096549134022 -0.37348988597284799029 -0.13028585088139496562 -0.93934409979299471338 0.31726685809287608064 -0.35003801304480558487 0.34296697157564098868 0.87169205906199831446
6.9349906040425146614 6.1444198693486704599 6.0158639479140747497 -0.86767663446195575361 -0.010125861932914998614 -0.49702587953648030838 -0.48684696946017858021 0.21959713872028796544 0.84543309906424479738 0.10058472218150529831 0.97553808925438034727 -0.19546905145754131516
-3.012746325973581385 6.2818032187044927639 6.6940023824767758143 0.9608312607913611636 0.0048052026042898696168 0.27709240031811566141 -0.2674397762022467373 -0.24606167205826551259 0.93162740387384468388 0.072658477764247442199 -0.96924226258040102611 -0.23513864428705691378
-0.84909030088079751053 3.6315557595319618578 3.4794676488540909887 0.95617890734766308736 -0.0024344159346487027201 -0.2927728996381307458 0.1430284658234805828 0.87641002882134988461 0.45983510016680084753 0.25546967551483795722 -0.4815594823075453057 0.8383529745233390118
3.4856354694404467764 -6.2044476357087425811 -3.6091234190632031087 -0.89489779099185962075 0.0080993740515366494104 -0.4461976510673451024 -0.33060656031404822564 -0.68362508253193388086 0.65065816586782432296 -0.29976198217139687907 0.72978842596541260157 0.61445228242028548937
4.8098938521952572245 -7.1382343778988879279 -6.2456759045072862691 0.88080646755845026785 0.0036900578342216302022 0.47346208948592849453 -0.3606617375169784423 -0.64264468121037843229 0.67596665953525891801 0.30676224963056591966 -0.76615546541485535226 -0.5647147288821289246
-6.1665894276360182502 1.5835468796839879957 -2.3632129510025401409 0.99530401703467397123 0.0012200113506892556418 -0.096790625820206824259 0.072530775034093789011 -0.67158000241995585711 0.73737343796918253247 -0.064103044758598778929 -0.74093104397226416946 -0.66851476253766028979
-7.0196602422358580498 -1.579936394376333153 -2.7143656575191146274 -0.95365874665852146119 0.00902881100211099831 -0.30075484284308318106 0.23340456697313455292 0.65299970474620694372 -0.72049545017122518242 0.18988760633000256739 -0.75730434184238226702 -0.62484624571888325306
-4.2512766195245514922 -6.3709462117731021635 -5.9633623828206747675 -0.96681537397182015781 -0.0028611936748464219561 0.25546006776493235257 0.060642809824203197655 0.96878774378537846346 0.24035964117957067665 -0.24817429816227451478 0.24787521268186529788 -0.93646537398322982071
-5.0378173657444165201 4.4340615728715242483 -4.4597671740742343971 -0.95984081832254475319 0.0043875601006952251459 -0.28051087821751868878 -0.127056196175754893 -0.89825569621545831023 0.42070586783390206964 -0.25012462192943224482 0.43945130962698625288 0.86273994921519003842
6.2514008330210959485 -7.0692127786114058452 -4.8084242722285113203 -0.87306124252858086088 0.0010253034441050469863 0.48760949082988708225 -0.2792390675926250676 0.81873413388892790632 -0.50169708105107091445 -0.39973692589572484835 -0.57417189652399625022 -0.71451873545589894565
-3.8881157983181471316 -6.7054640257649209545 6.8468003476302863319 0.84169636585747664714 0.01029296913089412964 0.53985301933842888555 -0.083975707759373796613 -0.98515710836964298647 0.1497115637992297299 0.53338101598071585574 -0.17134621856162052245 -0.82833879854560621414
-1.4827561083646281226 -0.2032485183853176558 5.1469868968843854873 0.99949883994729749048 0.0024672338506145376734 -0.031559177765015600237 -0.031619868048606357414 0.030542176568615402033 -0.99903321235840236714 -0.0015009625797542344196 0.99953043385762230244 0.030604883658618943498
1.0679410942959310926 1.1273583559710314006 6.382989867346628543 -0.9920896929334741543 -0.0055835267049524758484 -0.12540679967474629986 -0.051120850186610347632 0.9303890299970900557 0.36299161359082432465 0.11465033733628018919 0.36653114068327047326 -0.92331480171062718654
-5.5121061700239319947 6.130241988113263929 3.9374617680654564467 -0.973892433557960846 0.0036477842697976671157 0.22698066333593208688 -0.021178007806814766467 0.99405038647923171791 -0.10684250617498136648 -0.2260199545257642606 -0.10886010660631689762 -0.96802089716378558748
-4.464994116676985314 3.9893082109063824348 -0.48912799572117360292 0.89874858613904662352 -0.0038560709067016539324 0.43844738524741688757 -0.43180425559670865265 0.16584231871921301105 0.88658976430499869537 -0.076131884002108338172 -0.98614474395954121455 0.14738548164349343783
6.9498404519554153325 -3.4658089574187540549 -4.5483334686739604891 0.8683181604440588508 -0.00085399088252436586993 0.49600689807981557244 -0.19681962066163521952 0.91730719698863305567 0.34613515174801751106 -0.45528629362830164151 -0.39817932775649061972 0.79634641568968878023
