1125 14.717824617146108679 14.977075390850430381 15.033177056927090831
4.2812058435512874155 5.0879196385846627848 1.2342826466163063781 0.99248270837799579258 0.0052053449665725422604 -0.122274191694025397 -0.087197531505693481879 0.73112760636972351502 -0.67664541209074946515 0.085875864304069904342 0.68222087888596361083 0.72608540017139777678
-0.95274176113824815548 2.099261128724988712 -3.4443473796208903259 -0.99968088854771131047 -0.0036667202126882247198 -0.024993523867702226171 0.023864747347744581785 -0.46147809352909852088 -0.88683056049436526092 -0.0082822042036444533386 -0.88714402683879101108 0.46141833593593878371
-0.2623319305882783059 6.4209629556837377606 -7.1638451997966425822 0.97912512919530581001 0.0017000332976453819654 0.20325130077056366429 0.13039487350334508231 0.76182363817782305926 -0.63452495717467538583 -0.15592035897277689571 0.64778225832471514334 0.74569899252818216961
0.58249148449917476089 2.9689492244283273159 5.7414536913246303484 -0.99996212875957646293 0.007713283644044795391 0.0040306701722661320009 -0.0035004728497661863687 -0.78049055782851939345 0.62515776875147954783 0.0079679192038330706044 0.62511998399974466611 0.78048799982300032241
0.1631849736397863182 -1.0439135473631631079 -2.8698244671424211205 -0.97251957071996730786 0.0052126361066089556967 -0.23276278265977196069 0.0059683888507642141041 0.99997895625558574917 -0.0025427112661410857485 0.23274463023072772261 -0.0038620552658628383436 -0.9725302163058495708
-3.9655655829967590975 -6.1422470610463459906 -0.13192299982109653711 0.21277537920171379904 0.013323466173176918073 0.97701029843842879252 0.080854302937835062504 0.99623767138407348654 -0.031194291330955147695 -0.9737500807199098718 0.085632863810203962984 0.21089758873366365455
5.7722773956045987376 -0.11948818370818696522 -2.4695085633027367145 0.80446675064658090815 -0.011359549207594637696 -0.59388905339794528793 0.2271905863564698258 -0.91791171026901474672 0.32530374978175619072 -0.54883302066763839377 -0.39662205283221796392 -0.73584866829539918864
-3.893845490136665255 -4.0840622112327107374 5.6584512601909766616 -0.93896250504330369679 0.0034675509580252474734 -0.34400202065292145859 0.34401946589149479117 0.0098876124368763723682 -0.93891045484010848821 0.00014563881054851374186 -0.999945104098470261 -0.010477002371168164796
-0.22304816864560622625 3.478074694113298726 1.0082788886578519794 0.9991221360052785494 0.0011657220886832735107 -0.041875988780232714648 -0.0093343835303984455665 0.98067719094410232827 -0.19541012370444743595 0.040839033147456231532 0.1956294667326201886 0.97982717104469529978
-3.8130844886916350767 5.7878148343050135338 -1.169086940427414012 -0.99674017093035749415 0.0021441494566515712991 -0.080650073011909545473 -0.060132065428805968332 -0.68620514709844449008 0.72491836147456556461 -0.053788161903815155662 0.72740490699391391338 0.68409716774761908376
-2.1450026548270439974 3.4314924702317441962 -6.6721840472068327799 -0.98600606952003067018 -0.00065164414686855447884 -0.16670814686029813978 0.10518821878200741715 -0.77823522412418011385 -0.61910045595358254022 -0.12933471884669306418 -0.62797254023753201757 0.7674131997877644551
-6.9518314971637451549 2.1250876932608204761 1.000298373229400628 0.97496322812334235142 -0.0047699256387639891314 0.22231498288845197298 -0.18508783207289219996 0.53670594394077297817 0.82321881912228966893 -0.12324446529499301362 -0.84375587556348874418 0.52238570446182019946
2.7643856943371769574 4.6059453269695538324 2.0737419384126627442 -0.99861285524812493097 -0.012333713637325409082 0.051188327196014751785 -0.047164943863881328423 -0.2226235729501431504 -0.97376291407991744098 0.023405841226643492314 -0.97482645854271043895 0.22173304291794279641
-3.8234038733521935605 5.8122960566369448188 -7.0604136818124629826 0.96748976673037967444 -0.00020377506257345580918 -0.25291008233731232524 -0.21430549756613292978 0.53036104811421680427 -0.82023796081155098125 0.13430080038883740468 0.84777185440365709912 0.51307521660675448061
-0.72830534513965661247 -2.6167045204327727959 -2.7600856735207273118 0.99107652636614818054 -0.0026050070355946013806 -0.1332686490677736646 0.10409977248413952722 -0.60931248767141910072 0.78606712800903344451 -0.083249962491065782055 -0.79292591476502849446 -0.60360412311319544543
-4.954380079509992818 4.6885630233320672033 6.8222457422934086324 0.82990948336663628027 0.0010323872171518662117 -0.55789710843021589337 -0.10773302954988345226 0.98147293376487676486 -0.15844391635800117446 0.54739733627601683263 0.19159805443552999082 0.81464491760168200596
1.5992335527361969394 -2.5130486368181919055 6.5969589285822225477 -0.99815008176083708236 -0.00084511313618469002806 -0.060792269776911281309 0.050987533634311840713 -0.55627483169237690319 -0.82943268746747356168 -0.033116245178595835053 -0.83099795271076171144 0.55528885896969060187
-4.917948014911699417 -3.2131017714816882958 5.0493071809209864043 -0.99512665093874119737 -0.0046757327091234224606 0.098494091777438064206 0.036169460539071572602 0.91193975974677854435 0.40872685832655653027 -0.091731775932582915178 0.41029746784103687807 -0.90732644024499986557
1.6952162909719485917 -5.8928589883971183028 6.8961464766973037399 -0.98851687319381176255 -0.0047320832716742288956 -0.15103641547273419232 -0.044574731249903055963 -0.94590313551706717288 0.32137260548001000959 -0.14438658090330053207 0.32441465072790359736 0.93483027852554712034
-7.2290288771147057645 4.3945364421914927533 -5.8404612529558459499 0.98027036520796939634 0.011177069928110020675 0.19734508912748344178 0.0094665293498656481741 0.99459955255646126382 -0.10335431716400546309 -0.19743453577584219039 0.10318334731041747809 0.97487065855995369557
-6.5277443403720774029 -5.6802146437773668453 -2.9440740159340297311 0.85079822715530994959 -0.0069503944795286081576 -0.52544654217720654366 0.49913945766599315812 -0.30198754097278929232 0.81219660606164489902 -0.16432339599182538281 -0.95328653463360835119 -0.25346124835156019772
-4.5968572124847781879 -6.4622645275280676813 5.9380363234135389305 -0.96541313387289107162 -0.018660684963396814012 -0.26005626272425330647 0.2553869861726583701 0.13311633686877874516 -0.9576312067556553842 0.05248779133404558872 -0.99092472958101962544 -0.12374656385351023857
2.6550469073617004589 -2.7842159822289644922 -2.2260960515284953232 -0.0037551820848489986249 0.0020169039983038484533 -0.99999091531165962277 0.97619837493394778782 0.21685550454871074799 -0.0032284552440946662211 0.2168470229997363774 -0.97620162991320458268 -0.0027832303111960847788
0.96500063086181753214 6.0672021813463796747 -4.2526619890374277588 -0.96148855732525384532 -0.0049497669933428814493 -0.27480038926357797102 -0.22762717805205273658 0.57467958366382754232 0.78608475620127760131 0.1540312369124194336 0.81836353531101257985 -0.55367454531389115324
-2.3827909079145261906 -3.3605557746302983091 -2.4328373366814686207 -0.70660434537257355014 0.00070425444501261754565 -0.70760850978927114507 -0.29397440347752334944 -0.90990882715008258863 0.29265162971416208704 -0.64365312801277085875 0.4148077027974286235 0.64315256393750974695
0.87631969836078171809 4.4138805686093913749 3.2420640617715621445 -0.90288296235680087776 0.0092801237614465997144 0.42978626733374336588 -0.37889642995775235645 0.45510536080777874712 -0.80580184036106994316 -0.2030759750709259237 -0.89038923503538547344 -0.40739067058783717812
-3.8624705479924448248 7.4540768750885710858 6.2160761847427092874 0.90007593562919252506 -0.011692963363850891051 0.43557615259466436752 0.38169653435919564943 0.50331920254640860612 -0.77522740922023380961 -0.21016913607748896609 0.8640214435740737331 0.45748866574443391997
6.9189980987249892763 -5.5308751586958937452 -3.2076351867515806582 -0.89094591800615097199 -0.01319467711091759296 0.45391769263160464121 0.28030245829457239859 0.77044975915097058117 0.57257113138736803748 -0.35727566816413702799 0.63736415738585250335 -0.68273056751389749053
-6.6149575979146506555 3.0214139015706655833 4.5922200865773747935 0.59692871269770797493 0.0040102639832317061447 0.80228425744247477969 0.64019870642033227526 -0.60508385152323351797 -0.47330661195835066479 0.48355116405073139685 0.79615165038366220163 -0.36375929037835552649
2.4473794868500982069 -7.2384403395418885907 -2.7451615172857692926 -0.94165273565357965335 0.00020880077009330106491 0.33658592043976665042 0.30800974869725394889 -0.40269291700206127915 0.86195615277325887682 0.13572074323218968894 0.91533511404218803609 0.37913257425067731221
5.3778051859443385396 4.9740849352301674813 2.0631822228774705508 0.99437914484702050189 0.0094096392383069930865 -0.10545887815935971188 0.092483855873519565938 0.40771160704202363823 0.90841509338296477782 0.051544666998603536068 -0.91306226741253326828 0.40454967943546399356
0.5553907129917428076 6.5543025420796015013 -0.69230179905864552836 0.91296567124811311977 0.0009304742013483021084 0.40803531383994667836 0.043811896832130166335 0.99399273548350830509 -0.10029436425879147132 -0.40567745909603830645 0.10944211266171341435 0.90744047912665193323
3.995774932697339743 -7.3745238729593172167 -5.6137622364912802553 0.72927496867572150219 -0.0084678074532844194861 0.68416833915346486616 0.68189914093591386113 -0.073306865395578249545 -0.72776346780854783702 0.056316797263126737449 0.997273482913752507 -0.047686671337151591288
3.943926427438460891 -1.8995148691462144797 -2.6147085353568790822 0.99460367035660468549 -0.0014648044271153358269 0.10373713540129410327 -0.00081935483568034252807 -0.99998004332211143375 -0.0062643128236876382403 0.10374424114587510459 0.0061455110031793692971 -0.99458502156608741274
0.68161698688539884561 2.2319418761964255893 -4.2356857811065955488 0.99711623392664816556 -0.0028249178003011080756 0.075836903149988241224 0.018060120611587029971 0.97943012396366047057 -0.20097379012208888005 -0.073709213016065311397 0.20176385234219851306 0.97665669495716400661
4.8749234540854757824 -7.1081170496618764076 -3.8928968969455168825 -0.98000202122309654218 0.0021566551145999687811 0.19897584586367156323 0.13908031433994524906 0.72256218295710794575 0.67717099607358299806 -0.14231199725085774688 0.69130256805459511238 -0.70841234802865715725
3.0304515445303281673 -5.2212244823128433069 4.7410719373549357059 0.6417195341717855106 0.0031292719322425950612 0.76693301345001096969 -0.74973046326509662496 0.21320784591970587396 0.62645562244299335397 -0.16155578576623480513 -0.97700185368063807712 0.13916575006079684451
-6.0801107902002158312 6.4630324977914099804 -6.1481068465819239677 -0.98814764835564106171 -0.00065420713441041917525 -0.15350503920780461664 0.062363433080736607739 0.91203862978975680509 -0.40533484921194096184 0.14026769857507612183 -0.41010377928560715066 -0.90118802863338820508
-2.0504759186551893002 5.719863626366961995 -2.8803772919330214997 -0.917154136534659159 -0.0064691332592042485178 -0.39848016280891801477 -0.39297032741691284574 -0.15178944777921477005 0.90693675926874051108 -0.066352178617096774227 0.9883916803866867884 0.13667214249794484848
1.3732156705407343456 1.8032612468237436687 -1.6290720559495663888 -0.99339448988395917528 0.007157035563285374033 -0.11452582377039591255 -0.0088075002608780719737 -0.99986443611070607851 0.013911769840753512861 -0.11441073117286287841 0.014828561727090707606 0.99332285705587763935
3.2183188874009243108 -1.9057180696536768494 6.5633798644952996426 0.59446633117757452514 -0.0078115289885016900989 -0.80408255864135946833 0.12226262240031271489 -0.9874488710100800537 0.099982890059035683938 -0.79477143397331595498 -0.15774570407975913033 -0.58605004955570838554
3.6336455270923488925 -7.4706568539664033324 -1.8375120163455005429 0.99368690477856214116 0.00691769895439272621 -0.1119753576138607376 -0.087425879532013528461 -0.57774283306361773338 -0.81152321866456778032 -0.070306833662403450669 0.81618953943609418022 -0.57349070162959236985
2.9744951830620438571 -3.7833572556998200653 -2.6196802869901349986 -0.93592412966167748412 0.0055349738489692892895 -0.35215818545300181519 -0.34946488571678446799 0.10981194113652537059 0.93049214463888585414 0.043821423619011333483 0.99393697066182962185 -0.10084136643110171161
-0.58021483215565672342 5.2449920801287133187 -1.7409021075740760409 -0.99442657972283710066 0.0097961626709796162382 -0.10497529584500679689 -0.062878331846635188151 -0.8543264999994181208 0.51591912814219398342 -0.084629149381299673127 0.51964436549981252167 0.85018094572817226595
-1.0008995379124179248 -4.9247057520381360973 0.14913754039824028697 0.93451504011367092506 -0.00068919268990129357519 -0.35592297595799676779 -0.35546356835624509651 0.049021564067646766771 -0.93340373784753249975 0.018091196001920176184 0.99879748261086931382 0.045566406018350977258
-6.5098099931060904311 -1.4217297041370784427 1.2437520761321136931 -0.7174350908758929668 -0.0010443951096293386388 -0.69662457580741543595 -0.69051534426058436278 0.13322055377386349262 0.71094362884330863928 0.092062205712292011217 0.9910858657508361258 -0.096298270951995251776
-7.2406028793707397639 -2.4141634510611211795 1.0021195385568903991 -0.94872968749108266273 0.0035557630442128716243 -0.31606856316666009921 -0.31604377439783687409 0.0061617377826466311272 0.94872459947650911172 0.0053209714775465594486 0.99997469444812703276 -0.0047220467875599796137
-6.1258171484804844198 2.8503114748202404982 2.2856094827743551612 -0.99702089264295701287 0.0054124361783327665926 0.076941829768011574253 -0.034584538637729422828 0.86026928410462855101 -0.50866557630061581818 -0.068943812780035848564 -0.5098112046244738238 -0.85751926294319957833
-0.41228710853289618488 -2.9090668278067655095 1.5484135578285218582 0.91235195860354389996 -0.0039697244782977208696 0.40938752413794099461 0.031372006656461476348 -0.99633499985958084988 -0.079576160080783261974 0.40820301423503640992 0.08544477364014034515 -0.90888365032439333291
3.7277328878095756792 2.2363214669804141188 4.226243791837805297 0.86048574215746964633 0.0048834488292199230638 -0.5094511158798938899 -0.16582531045708284734 0.94818902311314556819 -0.27099731153569217579 0.48173255438630463443 0.31766921219288157818 0.81671293467724348503
-2.5086914334793593007 -3.0989646357225102413 -6.23007520107903634 -0.85294961360590448862 -0.015518864709803480151 0.52176251445215249269 -0.5215816831596978842 0.0650232560532111592 -0.85072000327051999768 -0.020724488939467336501 -0.99776306857409990947 -0.063555916702068449009
-3.4411888988967733738 -4.9110726933767780977 -6.3821533995085530933 -0.96946895870434968145 -0.0049120529380383363277 0.24516486258195924197 0.23863010065233675183 0.21122642177291989229 0.9478602606965640387 -0.056441236446028567042 0.97742481576896633744 -0.20360529547995831479
-2.5658801531668502527 -2.3128600990149617012 -3.3152073044715346661 -0.96783625548723284382 0.0052484676828863869105 0.25152621364680100013 0.24361099140852801592 0.26920785002893721227 0.93176221126843683518 -0.062822507347796333055 0.96306779983023504954 -0.26182770193532928227
-2.7402521042693663844 -3.1937426563185389305 5.6556248966072653062 -0.75159923996794686385 -0.013159168676556573518 0.65948875559724284834 -0.24682719798585966986 0.93277581085260596883 -0.2626892099476464959 -0.61169838712728474839 -0.36021677219158587668 -0.70432163122951263468
-2.3705354615976759192 0.24159146771944839394 -3.0251811649766442436 -0.77519265441742057909 0.0017567469079377822511 0.63172245676214999754 -0.30302797424045357921 0.87640416696123302209 -0.37428569697600505561 -0.5543017187101112464 -0.48157309930412778298 -0.67884972907236285078
-0.018821322207351602607 -4.9855484202853492803 3.88366633955535967 -0.72500024459504464058 -0.001835370188926096352 -0.68874616278660338864 -0.67031932083811973655 0.23166046439245735478 0.70498612564257356894 0.15826134540103170556 0.97279497359605771045 -0.16918417744607608388
-0.55728641634535502902 5.3907420030558004242 4.1074917870177412027 0.9878732190594405882 0.0026678084308895478119 -0.15523976894879504274 -0.080572658480487002741 -0.84587332731859465884 -0.52726308503082908175 -0.13271981679644964669 0.53337716198677054269 -0.83540065435721466702
-1.1385754323199923643 -5.1741251056062882441 -1.6803827165671632038 0.37718254803183642876 -0.0018001929249446099908 -0.92613718463610472664 -0.3706780303644340302 0.91611510211514601831 -0.15274461523007082375 0.84872323125111359676 0.40091131061874413222 0.34487533653851620841
-0.4633918779881313621 3.0586072654129203841 4.3586916837198312891 0.99673959646531751222 -0.00047056707183560243096 0.080684294659966321328 0.065145100826572641117 -0.58530954825481473769 -0.80818862189470797031 0.047605595012003704136 0.81080978736604392143 -0.58337054779548247474
7.3248626581438518457 -1.2922390671536743145 -1.1082103214911871447 0.99310904779452646718 -0.012984300448611717921 0.11647243077392581412 0.093649852822242765638 -0.5095698615013292132 -0.85531763767373214513 0.070456541604779820975 0.86033131071190671602 -0.50484246211439853802
2.0967833632218213502 -1.3818053116918083134 6.4722164409208611247 0.83966465484614016823 0.0054788244027657627758 -0.54307757262215305971 -0.1293946333624747258 0.97317261775204977337 -0.19024217438441076711 0.52746591952370536216 0.23001095308854452304 0.81784758066541152211
3.5922443574940112754 0.7874755058714694167 0.50330846588483812987 -0.98250287154076076934 0.0023548630249034148421 -0.18623254826749865987 -0.031184805182135667129 0.98372389260641612818 0.17695991365563745745 0.18361812366928734197 0.17967124905060063988 -0.96643811334443496808
1.6792514649195098286 -1.1442216594305585353 2.0954378749788831193 0.89489478480385031833 0.0029141897248602236827 0.4462676681423694558 0.43100775814805392105 0.25369522143414036108 -0.86595094955651574775 -0.11573952024770066405 0.9672798158339698249 0.22577449221094139653
-1.0222598265660718386 4.2736691430098643352 -4.9130865216677390706 -0.9990298442384460964 -0.0048550054716610408639 0.043769843989058893063 0.041728320068327141856 0.21330868637716948744 0.97609331091874529385 -0.014075426289581357414 0.97697279042858098386 -0.21289915250375712752
5.4878235072616927681 6.1053063903396269652 -5.81071938078702388 -0.98401958586846827171 0.010450193648344719907 0.1777533349335251589 0.17712660514609815388 0.15954337160332227041 0.97117046821187202887 -0.018210446910593650754 0.98713560670765310157 -0.15884480977727041817
-6.7208616047810298966 -0.027462870934349164348 -2.6228274912649980344 0.922675961761646235 -0.0049789146241870268009 -0.38554413495276301793 -0.33294408891474908119 0.49402327933205075761 -0.80317447241240735867 0.19446671500306716984 0.86943441954371214475 0.45416570419701546291
-6.1264230958367074109 -2.2972667782179061469 5.8350795758948228453 0.9825868815032350323 0.013588062853451158413 -0.18530619214079202539 -0.15292069870447533297 0.62562798917082862449 -0.76498684895473900713 0.10553805098427573861 0.78000319468183409999 0.616811750926102631
-5.0409637789589076817 4.6353393854631592674 -2.1102383233335602064 0.99362873086807312895 0.0072214187449889666315 0.11247131325337755836 -0.11251450611413264802 0.12123862368625593078 0.98622597919576449055 -0.006513916450050023961 -0.99259712232000885113 0.12127869414907491152
-3.3601224316632865019 -6.3595355225861496251 -3.4885598040867615843 0.96095517978578404161 0.0034039146947218565029 0.27668313249573511792 0.25143910763471633008 -0.4281749373026562111 -0.86801186525171802888 0.11551414456577982492 0.90368945796128652415 -0.4123128011287585104
-2.4906648818949541635 -7.3921867751760022003 -4.6984388330523785271 0.99897469999643262462 -0.0046948260944950871362 -0.045027851102344071399 0.039082596854822432286 0.59142847161076184115 0.8054097799203053798 0.022849494305829290419 -0.80634379862191551958 0.59100556599227094257
-2.774518276688573426 -1.4735836045205541467 7.3467354418886126055 0.66478624966414268105 0.0048330487611856036423 -0.74701799435961069307 -0.74201176388896727953 0.12002635020839151625 -0.65955455991607958577 0.086474184054256456045 0.99275894198703762417 0.083378046252165605168
5.758818133529111094 -6.8127835214291634358 7.457166983246448666 0.96522481912441782104 0.004109589989522056605 -0.26138890530456260208 0.19137030259571397028 -0.69228702941397268766 0.69578450413160664034 -0.17809675974198202475 -0.72161054605331476086 -0.66899907622817700314
-0.18731377372764373979 -4.9884558049366098942 -6.7709047092661061029 0.99186194187340082085 0.00027411704392481250903 -0.12731776436469566249 -0.072852040139940163477 -0.8188867328198252693 -0.56931283057651627111 -0.10441488644073236569 0.57395508854915300301 -0.81220261500323298609
-0.0071457608769262687121 -6.0486861473484259122 3.3616532644850578571 0.55392545075702659396 0.00030569065172971442157 -0.83256621451801082756 -0.62776959783613051069 0.65700755667224841616 -0.41742832020387199421 0.5468746904330246128 0.75388392808760440467 0.36412511027794125518
1.610151073343201622 -6.1893955520092180933 -3.9970556122158726886 -0.91667079509148408079 0.013362130616490735038 0.39941971269805282008 -0.20959766547479793952 -0.86703203777863291357 -0.45202241547635901853 0.3402697048723305473 -0.49807318632005531667 0.79758361882327533099
4.5786929530650919418 0.81686322151452361862 -5.6021171055823471008 -0.99460238135169831697 0.0036041632390809417476 -0.10369721798043302075 0.097474257867031843805 -0.31010095379786745129 -0.94569348496571092877 -0.035565039895815796223 -0.95069680154129043714 0.30807583396987026081
6.8542316479022531439 -2.58685702137092699 -7.2069646069640489472 0.74002055937143507158 0.0080182051691506731061 -0.67253645261315198045 0.41265363009765410052 0.78419912063771068933 0.46340988418293171947 0.53111821026479166807 -0.62045745025504661641 0.57701473044289064429
1.4289156230940309733 -5.5630569303475576604 -5.2268447428400106602 0.90311442495325489066 -0.0086641829262084565921 0.42931255208259094802 0.20019878679322297699 0.89297975361515680159 -0.40312232064207759175 -0.37987469145488045319 0.4500134348746209767 0.80819745559145816927
4.9013480421668997877 -1.223592211382508621 6.4191478203292060556 0.90982951275748225051 0.010040884717020040484 0.41486074573245279584 -0.40330934509758920026 -0.21404850214901596783 0.88967680136370452804 0.097733463422401870013 -0.97677142636431635303 -0.19069806177726233987
-1.9681270471007237255 2.2915845767755134155 -4.5208278039749707489 0.98658885231104387348 0.010994844581760853178 -0.16285438246530456463 0.04708900758047140922 0.93613569758720160952 0.34847177944273416417 0.15628519399038762194 -0.35146702419363501368 0.92306330717014173359
-1.9167619850085542144 -2.3888107163137184408 3.2836303473795225294 -0.99998021877744203145 0.0050666915725432800505 0.0037270216324317251115 0.0044617563907772351053 0.15374895712158928585 0.98809986889683754097 0.0044333715894032191263 0.98809695213602877217 -0.15376852212281874599
3.2147077967536841214 -0.18118875907099041278 -3.519548533702660631 0.99794331646978007289 -0.0074940826976369551496 0.063662986403465918195 0.00030581031423134851649 -0.9925749032973327779 -0.12163456673295752752 0.064101822075079528673 0.12140387172075874089 -0.99053119907339359784
4.2176628976481964628 6.2314041683038574604 -6.5697281879469464627 -0.99607149519507565127 0.0015463871488644957957 0.088539172950926295358 -0.07212872963294514328 0.56586610207911536286 -0.82133610713237814593 -0.051371420280033691652 -0.82449570235665903262 -0.56353155543752475598
0.11527538210809432084 1.9803861440127272786 2.3688613023017071058 -0.99955422720083164645 -0.0099101338776165989741 -0.02816267266136440045 -0.0080831347017479120154 -0.81824132906935254095 0.57481804976546968522 -0.028740386537005030432 0.57478945419113747217 0.81779647439471014891
3.7269720434809272547 1.4283847695247349208 -1.3689595839069714778 -0.97598811613598923653 0.012264768348040763421 0.21747821182496146486 -0.14582908274918515712 -0.77844053690467052142 -0.61054419097063139521 0.16180567290961997418 -0.62759852291160922455 0.76153727305589813401
0.86162464834547536352 0.84292764462995695141 -1.9907885923715995524 0.83692321768634847512 0.0058081808267377785238 -0.54728949627498013619 0.12833882719512387793 0.96998223706050334947 0.20655170108547049601 0.5320607795465203127 -0.24310640637920633012 0.81105523982396177107
-6.3391758354202982773 -0.69118653276232122629 7.3789787157474968637 0.61496937991336109164 -0.00049985837414630307496 -0.78855083026443861804 0.14524675495267011516 0.98296142019369348031 0.11265090584016625164 0.77505873451291529275 -0.18381130692234481927 0.6045637778619795677
0.52259454427170559665 -6.9490117196299223679 -7.2837754362581730305 0.98478614172589784559 0.0067790462772341552808 0.17363841624526674123 0.020322395149492303995 -0.99687480862536670401 -0.076338824876836436362 0.17257825853795147331 0.078706165322425955533 -0.98184626302713673418
-3.9477793085138350726 -5.5343678536870655194 5.2587906894037974581 0.21058758446266134801 -0.0077292917332313238604 -0.97754443751652830841 -0.012118618356677164638 -0.99991254456757838742 0.0052954985975812111226 -0.97749987639861701805 0.010731321706719535586 -0.21066283577114153225
1.9497255784109754906 -5.2315608174198038327 -3.5527050750379887134 0.99144501471869506126 -0.0050179356812257549028 -0.13042853641382617935 -0.068574937659823032021 0.83021516949600304702 -0.55320904752499588941 0.11105971688463853186 0.55742048101960306461 0.82276858631421168067
1.3724472851806430729 -4.1137806648711023882 -6.7695110499947190874 0.85085912663007989831 -0.0040448174418462080892 0.52537832662018801866 0.48261351862407964042 0.40125288592385172093 -0.77851160118471163241 -0.20766063245500226975 0.91595838387428951677 0.34336176365279208467
-1.7127277901848594333 2.9760126783539897488 -5.4982352574606210283 0.99217635853015218039 -0.010140647211563425661 0.12443167140202260335 -0.11328767383359844567 0.34567872227942003649 0.93148919688890208235 -0.052459284508349711407 -0.93829813398379047218 0.34182544555880339798
-0.13939335257703208693 -3.802039755551845257 0.54823128106486496147 -0.27536447297318417116 0.0021572928497121004847 0.96133748138288421803 0.13576378527422530706 0.99006251246326304472 0.036666279100207588293 -0.95170510224136473099 0.14061140601884719592 -0.27292092419818780868
-6.3292402720785974068 6.1355757240860073765 -0.033235934334062321172 -0.87188086817805310336 0.006870345533506419522 -0.48966983780621287092 -0.48815540404313195744 0.067621494023589745481 0.87013311340820009843 0.039090321160040686355 0.99768739187086119546 -0.055604090616930126889
2.342667135296762293 3.7298277490207727425 0.80634390793381782725 -0.8536845564316991597 -0.0019732659001433384277 0.52078669753724426972 0.20341878133955304531 0.91929207344556451709 0.33693157034988852061 -0.47941993858037601495 0.39357107353285758489 -0.78438404660589022832
-0.45018632532923158474 -5.7473082981950698311 -4.3153900440869046307 -0.99392135745898291255 0.002607354242726054195 0.11006151412197842654 0.0027506793550284270276 0.99999555514558613467 0.0011504139850916058133 -0.11005802537774789229 0.0014461649643648718123 -0.99392411161859561819
6.7252313506535852383 5.7014809228450928913 0.64026806567453342645 -0.84548487938652405749 -0.00052395724469582200672 -0.53399910505315262288 0.50861481706978339812 0.30386292005861581522 -0.80559189027100142066 0.16268462307732664551 -0.95271561931263648582 -0.25664501189764027389
3.2680224652396798746 -2.524358001913231675 2.5340242012762956847 -0.99955050245571308576 -0.00032268038166972674158 0.02997814066859588733 -0.024301712854637474992 0.5942859570193146368 -0.80388657660271733985 -0.017556189589603306972 -0.80425375172707913585 -0.594026668626940757
-0.044955631925292324769 -1.8315090993111036166 -4.3268681803363397975 0.7965678941205003305 0.0023357465105792686241 -0.60454456770753084438 0.41835770473228894861 -0.72400643732341818382 0.54844462765651968983 -0.43641313104385981436 -0.68978925984856997999 -0.57769746065740090746
-1.762498875012652233 -4.147585901370592687 5.2043255178856542287 -0.99990583284380385454 0.0052499914265396177213 -0.012679236370598430395 0.0026702689696484673693 -0.83183674213968528122 -0.5550139674728626904 -0.013460873246213657037 -0.5549955603573448748 0.83174439155010282398
5.5536758504630556743 1.228143836608440953 -6.9345776228131477126 0.96335069550431129404 -0.002063466263823671154 -0.26823717038895161791 0.25438261934754180515 0.32432909621876465645 0.91109830442155437247 0.085117098430385076946 -0.94594205924729868329 0.31296757036774719429
3.7621654107737958483 -3.4485317505465675758 0.4767695313512852473 0.57636557002919575066 -0.0041042995922179852097 0.81718167160656907111 0.81600285547639672679 -0.05103602163976506817 -0.57579046913750608905 0.044068918063413765884 0.99868837943573440796 -0.026066285517439766184
4.9443879619013531013 3.7299010938081846867 -2.4714028000069023783 -0.99748304816875155154 6.5015647771199391869e-05 0.070905319891686247047 0.021389343446234148488 -0.9531391005238450953 0.30177533205945705763 0.067602252942624591059 0.30253239632411066395 0.95073870467732046752
4.2817928845563306695 4.2996375222575720088 -6.9829684682003172469 0.98879697216046091857 0.0057291723397011624225 -0.14915671098070693024 0.072182017998414713111 0.85630377598894225066 0.51140355836140261037 0.13065337394783940739 -0.51644072245647565378 0.8462970377264709132
-5.7217565274255948182 -4.9348234273409028461 4.7985779010059346206 0.9956860200883492773 -0.017374890659587787639 -0.091145282791516596399 0.00074133884037945907853 -0.98079002459951925008 0.19506506110199539616 -0.092783618259450736931 -0.19429112388521349586 -0.97654603545466667214
-4.9812482402247697522 -3.3664060445562546953 1.0844618291205134764 0.99968983447419246247 0.0025721839159577875034 0.024771328563216340329 -0.024526917869314421305 -0.070863228480718160052 0.99718445292192592344 0.0043203181268094666481 -0.99748272502298940267 -0.070778161406627029817
-4.2067915569781826335 6.4289494867300671643 5.8234473430810567152 -0.85966232958647381679 -0.00039349989206377967814 -0.5108625296963353879 -0.34116788389871610665 -0.74387411014751103622 0.57467885227174586582 -0.38024354575190744132 0.66831964912763852649 0.63934630092307320748
-4.6747763139554665557 -2.6109445274944333981 1.7269641695014232852 0.95430015389844558005 0.0024656829019976396304 -0.29883965044330190741 0.29881343449667124856 -0.023476648243286095397 0.95402273471416543238 -0.0046634358095054926491 -0.99972134487311736795 -0.023140548207993005131
-2.7456349004138593806 -6.8642574398430005189 -7.4102508755931539852 0.51551820649604351843 0.0029447414655958082871 0.85687356550936566446 -0.21658444985039748687 -0.96707555798401656499 0.13362649899196923919 0.82905497697922225786 -0.2544723828779780761 -0.49790727198779571872
3.5659831003153694695 -0.32389019746301206393 -5.7531402546747187898 -0.99430769360652304645 0.0039206736291074201911 -0.10647459205492007528 0.095695905060296460043 -0.4065113661912119758 -0.90862027432370917612 -0.046845535429284004825 -0.91363731177945461948 0.40382218653107576634
3.5752902422366474866 -2.5831000877412013672 3.6871503144953066133 -0.98732473863536074354 0.002864332990947598967 -0.15868729021274438629 0.12213256111596348941 -0.6248099053341876763 -0.77116549437292236657 -0.10135826554257987286 -0.78077165534670578406 0.61654044815689512671
-4.0387744472503737114 -3.0823880196700979006 3.8826131799241174747 0.94211538302959618729 0.0035874074745088392613 -0.33526964605627429528 -0.18194885706844068918 -0.83443230777515220442 -0.52020893605594942244 -0.28162602591122931628 0.55109876995746509554 -0.78547878856199682129
-3.2728135755297809162 -2.3062784115523826678 -6.4433180017326172617 -0.76739721437579233587 0.0040422052161623832356 0.64115924382730726805 -0.26099876922989212469 -0.91535034807062065632 -0.30661601841295438309 0.58564593213702531571 -0.40263805193243912273 0.70349231787372579205
1.150235621374433137 4.3042512901345171272 -0.90683046835967406896 0.99999483889031470785 0.0017873057288088946282 0.0026697810599349974803 -0.0029671650382240670474 0.83244903602366382422 0.55409367290654254479 -0.0012321218738194916753 -0.55409873484934568655 0.83245004289405011288
-3.0710173064948240729 -4.6087577584583305779 -7.5128652154300086252 0.90589426260503924659 -0.0012214094867053545274 -0.42350217607276130494 -0.36259246769834868607 -0.51892465443041113637 -0.77410845841696096503 -0.21882021695421288721 0.85481911021173773157 -0.47053374105261513982
-3.2290995940590971891 -1.6978730180938679251 6.34988184673596745 0.87721995210304959389 -0.0056254316724594043142 -0.48005573650433935873 -0.46768123902053221341 -0.23587432183601753088 -0.85184362588833939522 -0.1084408331784179752 0.97176728634845321864 -0.20954457015794028529
-3.8654351689800270364 4.5111796050271601999 3.178614689883106692 0.97750674741992715777 -0.0058310289096351504423 0.21082352300061979467 -0.021477859178345316132 0.99166857030651356375 0.12701239400665953472 -0.20980767458228052891 -0.12868351008601702778 0.96923748066108916799
-0.64425948930119480984 -4.4984521179115137812 6.3452929628391059325 0.94469248645686054733 -0.014397977247171331316 0.32764127377825519316 -0.2597698744528930126 -0.64267432954188330463 0.72075607418506681956 0.20018920639880569134 -0.76600418040578788226 -0.61086977109883267012
-2.3546459590815627116 0.33126608955002995183 -1.6589435517863198033 -0.94193600815340539079 0.0035435206613252125639 0.33577373334637278246 -0.06821033171439955245 0.97707762109157292318 -0.20165979522312327266 -0.32879158625395105142 -0.21285386025003980026 -0.9201028893472261716
3.4011712337767856518 0.31907142716514563796 -0.50587720042629225059 0.98094499884362906794 0.0037919536865044824181 0.19424863019059929181 0.055560190378633751707 -0.96353061594234568066 -0.26176672322286065331 0.18617189500230355015 0.2675712488833294489 -0.94538122061016915954
-6.0426114052405424104 6.3448219334034385852 -1.7371054005226309602 -0.96648656976680213937 -0.0063526220696114386183 0.2566385681330565216 -0.25052476222490471791 -0.1949083434440602447 -0.94828691922221275412 0.056045106590086650467 -0.98080088797299536107 0.18678480714070211377
6.5814619234709361706 5.5921617815872952661 5.613045060604504144 -0.89122930114611242924 -0.01396826868222464206 0.45333786544742160629 -0.017830705508239161339 0.99983200036083264006 -0.004246998403723754173 -0.45320238163485748739 -0.011868383393863693107 -0.8913286390306096596
-4.3817838139412428333 -3.2893796253603921897 -6.3243655510550036425 -0.91723775332306101138 0.004747762740693285341 0.39831189114543885665 -0.23455444833727928655 0.80176253021523591347 -0.54969178264554796609 -0.32196135582408363929 -0.59762388162781499013 -0.73429325304270309793
-2.8536649191722065488 1.9570360019191674894 6.0166052301505619226 0.98907347478422635856 -0.00055104631629166876856 0.14742237898706875288 0.02279574698687032025 -0.98739424446150270143 -0.15663000965252418806 0.14565031890644505874 0.15827919115417679596 -0.97659289483906364104
-4.6214389876546988489 3.6962374734701999301 -2.7387559382650641382 -0.61479253064520555938 0.0029394060573939666259 0.78868339918804986066 0.78649935258893111101 0.076746541778059340633 0.61280399533799678746 -0.058727443669516765645 0.99704630194240295715 -0.049495041599103714591
6.124532363504071597 5.8764393364392129016 -4.6850836966951936446 -0.99931070764319718247 0.0049677265909933397692 0.036789010346394201978 0.0016398894012600818623 -0.9841311771965394195 0.17743488054083858541 0.03708666003428255642 0.17737290594206678307 0.98344467657577050446
-1.6113506782523443484 6.5199966038243335475 -4.6879981222744957492 0.86074202227042972968 -0.0019424852241605456826 0.50903771751116910771 0.50740058732082871096 0.083500441643722611573 -0.8576551289602073469 -0.040838891810027130869 0.996505846945519691 0.072857957144466953259
-0.35414390041294402378 3.5918290536388433054 6.9201451633846406963 0.84367719315107891909 -0.0069258967414908712695 0.53680613419654976681 0.26841796473308227045 -0.86051935717961813843 -0.43296446982120606606 0.46493073673968371429 0.50937065863022445988 -0.7241415208102857104
6.4752217485275886943 -5.6846962212780107748 -4.4949312039485622705 -0.99923587295001137232 -0.0047498390584342605261 0.03879573738004293143 -0.0014616863183295419979 0.99643529643566230991 0.084347871877580832267 -0.039058080893077301576 0.08422671218856167541 -0.9956808360467529484
6.0043744544827042375 -7.2510370851294894123 -1.147263887325434828 0.99863213198281230998 -0.0073957200841041443803 -0.051760682916141671772 0.052286034189715648035 0.14482432350731494486 0.98807493944001700825 0.00018868021335637866903 -0.98942974416828999296 0.14501291582016290205
-5.4602767492477326527 0.80766676324308561696 0.95743717009223894276 0.91599674151511378817 -0.00012315741464960679175 -0.40118568564410128641 -0.36389261511753229206 -0.42129341069541953457 -0.83071898182687842205 -0.16891457662512254778 0.90692438876502956546 -0.38594820749247965574
-4.7576423945129659998 -2.57632177988098654 -0.66775038298480426935 0.99814183856740579248 0.0094983185580942673665 -0.060188471037257218477 0.059580752676794704326 0.054830630768935545438 0.99671647715884870156 0.012767302444180360366 -0.99845049144868158741 0.05416282963661524924
3.7200260751111318136 -6.1567278479854303797 -3.8702895323045058973 0.94235052530245699831 -0.0063141216712749156578 -0.3345678097630547243 -0.30636664730130269696 -0.41842207687168680996 -0.85502189621543611686 -0.13459184553114914018 0.90823075121572816037 -0.39623470022523993306
-3.8795356309512354365 3.8095966305953514741 -1.9352057123663570781 0.80418853933504674814 -0.011691653865747435315 -0.59425928552455775655 -0.15489593649944952136 -0.96938159048105709825 -0.19054285841362819665 -0.57383625021273887423 0.24528073154317803217 -0.78137655498198166359
-5.1490835595817561199 -6.4768695899933765858 -2.5259797383557502926 0.9436117642997176036 0.003440587581620411714 -0.33103625274638875942 -0.21917641539905236003 0.75590643147421499037 -0.6169012609718937945 0.24810992968452047491 0.65467062650852159145 0.71403629710183824653
1.3873919397162399747 -5.0669009501902015913 7.4719137877619425936 0.93744052751739426199 0.005497215420697235469 0.34810205111519604282 0.34659826161772594455 0.079424292212279326564 -0.93464508068587748291 -0.032785704377921595642 0.99682574326163819745 0.072550225080608876649
5.9031934701265358356 -2.2443348021161981798 1.8988074542389032917 0.98016624588352430081 -0.010407315252654852217 -0.19790355787590890868 -0.19236486338189168199 -0.29004041399566699022 -0.93748190253754948298 -0.047643360154173843013 0.95695780786749129465 -0.28628982551735926432
4.3328310339468050216 -1.4584120029275016162 -7.4052621290268056953 0.97361279900825270506 0.0025412071188296780563 -0.22819215559184663489 -0.22657640994289665604 -0.10853206833099662831 -0.96792764223430249881 -0.027225871238244325756 0.99408970038424415705 -0.1050924332439902853
4.9925007027353158762 -7.4672943767174064789 3.3578840557685434298 -0.92180704957120029874 0.0064976347017838328307 -0.38759456149959903293 0.29071137588933065876 -0.64983191445072319148 -0.7022858242124604411 -0.25643451267194850018 -0.7600501718337708823 0.59713070345287433405
-0.81384527374711645997 6.5763157198020802952 0.42571553485238938785 0.99925568306035217336 0.0019208179646890935922 0.038527786466160264534 0.028962511912236713063 0.62235544460695424451 -0.78219874294953883886 -0.025480439073265047367 0.78273240064942839478 0.62183658319388290803
6.7635763648859521524 -4.6273558157468936969 -4.3252947075815937339 0.94649926858484711989 -0.0024305787159293922375 0.32269680329301553279 -0.30024445786324077678 0.35991187355955756022 0.88335536948240434008 -0.11828947582450763387 -0.93298313787450193324 0.33992655729023735223
