1125 14.717824617146108679 14.977075390850430381 15.033177056927090831
-6.774872075058409493 6.5689047633625454736 1.6250825995176068073 0.95298215274466602231 -0.0071454909333479943792 -0.30294217023950947842 0.24285761755607376822 -0.579898626206142076 0.77764886736837768311 -0.18123243127288099497 -0.81465730542580594431 -0.5508977042711882266
-0.75944096023168139453 2.1285458487483972512 -3.3551628442706271649 -0.99974282484467547061 0.0076695797667797709074 -0.02134154909466679309 0.016603396808008749619 -0.3934705405746394824 -0.91918728282886053016 -0.015447051045248048201 -0.91930523290483556753 0.39324200865102598712
1.3953587074837674464 -6.6476917827779207215 6.8393078582307458291 0.82560913025524351738 -0.0019313243824594251291 -0.5642391638526959019 0.29936667751276269112 -0.84614063980939302478 0.44093719513993412384 -0.47827727986396012527 -0.53295617798186045722 -0.69800326354316377664
1.139953043769452945 1.1960883498777712397 4.8640571238757424055 -0.94352472793656183558 -0.0021611123377898366557 0.33129506088336713177 0.26634544406941867978 -0.59965215778497327204 0.7546372599383366353 0.19703094222923236978 0.80025784548305711752 0.56636224145602342972
-4.5414504626656926334 -0.24941241548021483854 -0.46711729184766420664 -0.82931847841714556591 -0.0027135819036658644261 0.55876962858514367394 -0.38669818252619442278 -0.71905887722147199259 -0.57742432120581910215 0.40335514994464177763 -0.69494385928816437836 0.59527947675929737681
1.0262750910656350811 -7.1364446258796112588 -4.7809174796305811128 0.66868887997974146842 0.00037753094207088576384 -0.74354222426292304604 0.74353292607192522645 0.0046872246679245249679 0.66868289777129852336 0.0037375979395597187099 -0.99998894363653434425 0.0028535883273445774438
-4.8891009539506757875 -2.8333574449364551384 -0.55032926760937828092 0.99822712498943722004 -0.0016389016351005909408 -0.059497234698308254508 -0.054968802763444006565 -0.40874629467094386603 -0.91099116204034680244 -0.022826249321056198832 0.91264658033346157673 -0.40811172704016690505
-4.832422464001671969 -2.5832459100545976938 -5.7385411405022708209 -0.99797108885682439539 0.0094246102352363841231 -0.062967313170984570703 -0.057381610539127152204 0.29538235707671339769 0.95365434718234665112 0.027587253904564915108 0.95533263309154103915 -0.29424225320686286933
-6.4457305075024819985 5.3367065979387406927 0.057748961787673226687 0.99939367812745316666 0.0059490056336510997378 0.034305764106063653396 -0.015014400630819770346 -0.81533993506778235094 0.57878783509801468021 0.031414071570387419596 -0.57895198386022894699 -0.81475625587757183332
-2.8446211101775191743 5.9823216359089883554 -2.3641993269710654957 -0.53897455583550069047 0.0045314632008584682099 -0.84230985628991006386 0.64176548317559900525 -0.64547570054132230588 -0.41412339298226158446 -0.54556712947754204546 -0.76376736369920694703 0.34498684233124587983
-2.2806506921735802962 4.2026011922367594309 -4.4797347057882035415 -0.98410081121924808389 0.010261439754567759641 -0.17731411735062177493 0.17717593494311134616 0.12653413017955467135 -0.97601116898160356072 0.012421007797230451328 -0.99190917767400410554 -0.12634042033901551894
6.9059230103220787811 4.3705550933668453339 -1.0780850181416987699 0.74294239313024978966 0.0019907276776909752468 -0.66935240157422459806 -0.54318087253260760594 -0.58255884422166726022 -0.60463189854136012436 -0.39114081889332680264 0.81278609118406996981 -0.43172633666825921406
4.6820154173727939195 4.3991342386856757685 1.1290507836595788937 -0.93006332546627856761 0.0082905176764237510645 -0.36730570093490078065 -0.29575502148414489767 -0.61002349813825640368 0.73511924133860395703 -0.2179705895058049181 0.79233995168485316096 0.56981244552452314789
-5.6063317902443250418 5.0466983215021485876 6.4898027977685490697 0.88657672552028532476 0.004523492742909330025 0.46255945323735869756 -0.18988861331425976875 0.91537696300453896825 0.35500328186416590937 -0.42181041274420749687 -0.40257242033476409171 0.81241087024146074747
-1.0636412439051632361 -2.42242189112213957 -4.5861231039283003597 0.97752266381897434666 0.0026480028990509170417 0.21081373247694068507 0.0044340764864341658535 0.99944173746897457811 -0.033114232146224394093 -0.21078372965185404597 0.033304676632087609756 0.97696520809515918771
-4.3210059741288437962 5.6470596621686155459 5.99897253705284772 0.98426543620543172075 0.0038361865678830531917 0.17665456338281765314 -0.15763992009906738212 0.47069281190782141788 0.8681001856982941689 -0.079819838903068346392 -0.88228881920309876197 0.46389140197520439823
-1.5176902299608063807 -2.1882260974190366198 -6.2499858774712739873 -0.64593566340181274299 0.0021059135913644921531 0.7633889466540813018 0.66805938688447152884 0.48546371226987528047 0.56393407386385829838 -0.36941003551769191482 0.87425428177229513871 -0.31498520038522309639
-5.0526162428056116127 -4.6084008610377313886 6.8845288764775105506 -0.99995547591039457558 -0.0010706507727762763771 -0.0093754948523324492526 -0.0086061461042223254964 0.51098450591777555552 0.85954683930626973876 0.0038704581171075365734 0.85958925564422739019 -0.51097096897486726785
4.3003166362323890226 -5.2598308712700951872 7.0150726432072820771 -0.79995119456148322534 -0.0045872043525140727277 -0.60004753468016203133 -0.54937187023040523481 0.40785819344466900382 0.72927514851366925797 0.24138896934015086071 0.91303376257196322552 -0.32878673009203362998
-2.8179187245443064747 4.0613053206664551098 -3.4107442218026013947 0.95452670822688079344 0.00059348889726684533018 0.2981248246160605464 -0.25577589352190988059 0.5153669774318874186 0.81790926811330799673 -0.15315826969027754312 -0.8569693847179662427 0.49208334464994907265
-2.8723892043458558732 -3.921917728022802585 -3.4542157478844739416 0.99493149745218700808 -0.0074328678149150192653 0.10027994741529203115 0.030124520016305240261 -0.92942795685979973097 -0.36777192157804494688 0.09593658671931998283 0.36892875393964519315 -0.92449323731717059083
-5.2589805448436912627 6.3651337377511181259 6.4380322900501179006 -0.90870599897209047846 -0.0076841700495991985959 -0.4173659796419429413 -0.26550838392265035948 -0.76088210618931617635 0.59208421575627134814 -0.32211598143931896576 0.64884464551347487138 0.68937792283319854203
3.4096665724679375842 -2.3067259350829290021 -1.1394142463405709798 0.99686077746914147912 0.0050853889807639073017 -0.079010943309219552888 0.054522929137706281633 0.67951032737800698413 0.731637181384956925 0.057409411614601099649 -0.73364831752385073482 0.67709992294526999412
5.6386342401648334999 6.3609393782202641177 -4.6930348100622429897 -0.95908362448198225536 0.0026008439493660877317 0.28311099742213685637 -0.092418875778251752262 0.94230670038998820548 -0.3217403204449184595 -0.26761418619067300906 -0.33474067277649122154 -0.90351055850980954709
-3.36811126747182632 -2.3439261913258149228 -1.0309790388612487533 -0.94023729869236871703 0.0028904890203533574466 -0.34050766103104285198 -0.34041298018606347409 -0.03303872727593478581 0.93969540034033371967 -0.0085337605110148533061 0.99944989247751014894 0.032048203667688721086
-1.5714163096896740512 6.5081963234043547217 4.3311876289520769845 -0.82175238175801978979 0.0068687802187452238686 -0.56980333706744923372 0.20989970372611019278 -0.92597292119786867026 -0.31387300550381003195 -0.52977838522405396038 -0.37752744147494521343 0.75947869850490978827
-3.5408334631828424222 -6.7451630437501037818 7.375081330978722427 0.99499256052204021472 -0.0061559490813447165225 -0.099759254191670337919 0.089185003584918806641 0.50525859790455029952 0.85834712347580210956 0.045120279714645744606 -0.86294603164652727845 0.50327756439562520985
-3.2238558026565531378 -5.2549077189264261634 -3.3021277063030591847 -0.99994571458284020604 0.0017584398935123327946 -0.010270140040922475996 0.01015854698280222769 -0.054721983260062521948 -0.99844995291264171389 -0.0023177166602841138901 -0.99850008134068879428 0.054701149460123360546
7.0203944751781639511 3.941725331049771075 5.6287828824789327697 0.99746595393936599017 -0.010935391885177538074 -0.070299985322206937077 0.07093945251201391744 0.22800504534019469527 0.97107223901038774994 0.005409695858403418614 -0.97359853969885157277 0.22820302076653301016
-1.4918755554595337642 5.9832918275787836393 -4.0163310286848714625 -0.99512940729037835386 -0.010978009135506746827 -0.097964003905779917236 0.051381934221748089275 -0.90586877536368015651 -0.4204303255672935391 -0.084127044292983163554 -0.42341616069354437446 0.90202072885389761314
-4.7400495066663168586 5.3954375976477866317 1.6748830269138139659 0.99989307462350107691 0.0050301540370513283737 -0.013730872886209836287 0.014496204768924474821 -0.21745646996583584132 0.97596236798214108799 0.0019233738979692899945 -0.97605705838348644221 -0.21750613649386976722
2.4138284329080281765 7.0380066056287615694 -1.5060813682592255613 0.89618403188320594488 0.0033247385914844575922 -0.44367006560174554464 -0.060368286108112005628 -0.98975879033722491407 -0.1293568977002687026 -0.43955642530859889705 0.14271118759079029492 -0.8868053145456612496
4.1817983509482665738 -6.04881758118755819 -6.15484651531045035 0.587305950997698889 -0.002287235300778510047 -0.80936177848810986202 -0.66364217938603253799 -0.57378783333643401665 -0.47994435099793902877 -0.46330419560208213614 0.81900078807643084122 -0.33850691494828905048
6.7874715043567750428 -1.8457072336243121047 -0.50184685040131360445 0.90220417451672796361 0.0035241156804754585063 -0.43129480415760873546 0.08572030312353536019 -0.98148371520305166538 0.17129432688692283748 -0.42270516570898364339 -0.1915131781364122765 -0.88580079334075190189
7.1861316124866059241 1.7529641742026385032 -4.9881732211549811851 0.32797714600483962588 -0.009118295737115641314 -0.9446416507763122361 -0.16786837878590057938 0.98347675945742218939 -0.067776625844655602471 0.92965111687255452821 0.18080464675982654832 0.32102722720622578478
-0.77100800057854257386 6.542418780657526689 -4.8721563973504506961 -0.9712100451888570074 0.0026999130476662164257 -0.2382094846844278746 -0.030910149581348727449 0.99005458761494680164 0.1372460425491804914 0.23621094550625562625 0.14065782598947226822 -0.96146750606084829816
-0.94020546247510039528 -4.6067064359417111419 0.0077506725462876072813 0.99639947994867017478 0.004141029240538184053 -0.084681333450066814672 -0.084670257603544740732 0.099986197337028279164 -0.99137969911597789707 0.0043616321946068651802 0.99498020694827948862 0.09997681704123223545
2.7675059080592774308 -7.462093356240774078 -7.1976394182014837853 -0.92230999995355655852 0.001998997593862126762 -0.38644568569754750298 -0.0098316822863999935728 -0.99978432686546625519 0.01829310738087889382 -0.38632577186754463172 0.020671327070368551021 0.92213073597407413384
-3.6510163161996951331 6.8666241169608932537 -4.0484447576693076698 -0.99996227439771612211 0.0080744595023481934015 0.0032020126596319850587 -0.0039316080270878298736 -0.74944540004403248368 0.66205448024410229468 0.0077454657477049361491 0.66201691478139601532 0.74944887237458224227
3.2890225429813608748 1.1331160557471140482 -0.27765386499635236195 -0.99923288767968199142 -0.0027525419394782840721 0.039064813993981206686 0.036056672663261672696 -0.45393848766317518306 0.89030318755717874346 0.015282425722607484789 0.89102877222401388746 0.45368951336029161858
1.472050960811461362 -1.3343484668887377609 -7.4418827918737289195 0.97442286716076831343 -0.002172683093303158508 -0.2247117162109104338 0.18143052469078310707 -0.58243283937787682092 0.79237298813406742415 -0.13260105830908172631 -0.81287592353463045125 -0.56714168624157712539
4.3679480538017312341 -6.5239518693473321775 0.10896828129790400719 0.6593803816522880723 0.0019994029914189026531 0.75180683335530618105 0.67169229793422713382 -0.45075925763307495009 -0.58791627682339719918 0.3377084085241104372 0.8926433184905552265 -0.29856479492123627617
-0.27332521470683635023 -1.5758224852400337657 -2.0209373641542489608 -0.94955669526089847565 0.0035408563772210571198 0.31357542126476556366 0.28568164874396290154 0.42217387507910658639 0.86032273872745734788 -0.12933707146899561802 0.90650795999641597955 -0.40188958733346752394
-2.2300984883228642808 3.2796865370551708807 1.5955812083085543218 0.1467347133765097289 0.0037209534743080545718 -0.98916888264623958893 0.9478833426761531511 0.28538193238780595884 0.14168387820678568501 0.28281812630632102712 -0.95840665021261917111 0.038348406234591486674
1.2968149405697420029 -4.9162508008426408779 2.5218387687569956412 0.92171228371981550609 0.0041074175803654348893 0.38785254306349886688 -0.24407977874651104466 -0.77099669505327439456 0.58820843059576233269 0.30144904651870307877 -0.63682589876485429237 -0.70963458696381720436
-4.4440850647344971591 -0.54622041895253703458 -1.9368463013926662253 0.98909719319423938799 0.0024571465919284562335 -0.14724369204152309987 -0.14145456941722964195 -0.26221750906797580694 -0.95458503169134567568 -0.040955429510354246503 0.96500566856825253925 -0.25901102761239291894
6.8512015197138982359 -3.246394768031905631 2.0870777314119823842 -0.95432685662523597525 0.0049291378139466089994 -0.29872387638783287622 0.25608628986926451621 0.52849102114017298959 -0.80939301499037352716 0.15388327675465005018 -0.84892458096970835335 -0.5056154595743996838
-1.0532160375148496012 4.6293202811452118794 0.54149979528320402178 -0.95116481219984705398 0.0024091018135858708465 0.30867409392639050258 -0.26254703340051743776 0.51958382055637830632 -0.81308161255099098419 -0.16234086141642062318 -0.85441608695321058509 -0.49357734456729279726
-5.1159001947310525082 -2.5263929582666433404 1.534627034555463343 0.65954875562055026439 0.0011914498058554108539 0.75166084067663807566 0.11688428157552777087 -0.98799703576841391151 -0.10099466339094666234 0.74251835241962083067 0.1544682419147291319 -0.65177147725244444221
5.9988077773061903031 1.9378577164846857439 2.6384341940661788506 0.99766456992786733959 -0.019422659672648404094 -0.065484091212268599747 -0.036299269980681739267 0.66136188454136046744 -0.74918810767041144061 0.05785990761771772628 0.74981545594035514668 0.65911229174044438928
-6.7012696848492581125 -2.1984562521994979178 -5.9354833178081349843 -0.26059771561590860944 0.0049244849818369457531 0.96543491756991250963 0.7533248802936204358 -0.62437789048752123655 0.20652814481564321647 0.60381326198281692896 0.78110690645906477592 0.15900171488264563946
-3.0273795408858754641 -4.3824611448948820325 -7.3674251513157660298 -0.99685959278012215012 -0.008184262710399931029 0.07876528503318920571 0.038156205916662841449 0.82192798163914737586 0.56831197149870849028 -0.069390606226776049836 0.5695326249150372 -0.81903451265801829884
-2.0634946640391511608 -3.0331502163216979007 -3.8038727970323820138 -0.99934392140914674041 0.00085376980688307499423 0.036207703872911833898 0.033229657422009506451 0.4192486422232611365 0.90726311831887584969 -0.01440543682942577175 0.90787105200637274738 -0.41900195264300149622
-2.1312954406265158802 -2.3246575538941161021 5.671290388837045171 -0.92852890884601835264 0.0046255643121528126904 0.37123128854107656505 -0.14566354075475881902 0.91520608322698238091 -0.37573921557287409678 -0.34149113946332143588 -0.40295958777430429532 -0.84912152975228671892
-3.2388591691876431611 -1.296856444214318671 -0.74324062048947292514 -0.84513709423302663115 0.0014984163700310941178 -0.53454751584846760259 0.017632565730775574819 0.99953003722899969041 -0.025075831049704351561 0.53425872438093235939 -0.03061795919826660814 -0.84476633218739516362
-3.4626509924989963274 -3.4718163477319126109 1.6438968907005655495 -0.82843447718104834543 -0.0045212169237311070069 -0.56006774198767494966 0.49671210897260642536 0.45611216605756493836 -0.73840285263139349148 0.25879219041084383646 -0.88991081045898656754 -0.37561330063056824757
-6.1607197074805712944 7.3283320743828772592 3.2147738517818305048 0.82254551506355111368 0.0011136715074524009515 -0.56869819358299189549 -0.39260754004401338113 0.72457613160871892077 -0.56643512338430790365 0.41143431450152817552 0.68919386912438374004 0.59643408320787749677
-5.1561647053005472685 -3.4182239903043916129 -4.0176083078161104467 -0.99597071058349739836 -0.0097564917416703839104 -0.08914681446205552362 0.073641883539312669171 0.47831697090379626802 -0.87509413684144055079 0.051178282978484798682 -0.87813306862586193446 -0.47567120696655013079
-2.8505747825445997279 2.9186253312113676905 -6.6454041683444868838 0.36780378107447242453 0.0030330077569951470126 -0.92989847805621950183 0.65066468172446478846 -0.71526052775985804466 0.25502519362822062554 -0.66434618278716683903 -0.69885132774625835506 -0.2650489975903210782
5.9407208262870749849 -0.72357882752641133894 -2.092524070401456715 0.91261825218269509996 0.0070649907569941975197 -0.40875177270378698635 -0.34786509265496406984 0.53864475644199694138 -0.76736673349158668334 0.21475056017395188768 0.84250336038680695427 0.49403469983577330549
-0.23223328693564307401 -1.1186550541349637999 6.8061122641803954991 0.99172717787109598842 0.010908936912275332687 0.12789917813329415575 -0.060132910794918212338 -0.84080727783307152023 0.53798434417943885588 0.11340739707377686663 -0.54122464526140579011 -0.83319544264870637473
7.0981632820196285394 4.0908961969671588932 4.02292608269192975 -0.99545461950365132786 0.010384154562858424406 0.094669265565734600498 0.041622696015826507465 0.94151438441274404312 0.33439230720852181067 -0.085660093889239161125 0.3368127569999031512 -0.93766705980160280909
-0.90333094795588142478 -2.1803650778604199978 4.3650388166097071618 0.94707552413375528655 0.0022749303162990560517 0.32100276677766703681 -0.16219191797371185215 -0.85955805313500444065 0.48461710146766279195 0.27702298339828307361 -0.51103304979515595807 -0.81369741838491138619
-6.8373487480827348506 3.8187131676341388165 -3.3856780744938519412 -0.99803282952668370687 -0.0054600543795665489738 -0.062455255929274339222 0.062087954814918487612 0.05204123909946532095 -0.99671299545048064328 0.0086923560628331900807 -0.99863001018346475579 -0.051599861500972982187
-2.0677266808672456477 4.9352906954263104922 -5.587847704117143266 -0.83425012620640703886 -0.00072587921937741946288 0.55138570894063909655 -0.51711329010861772915 0.34809138556703411727 -0.78193748630379278364 -0.19136502323475224063 -0.93746032470360740607 -0.29077064413200648385
-5.287610793319309721 -1.9518540478544379457 -4.4801214464332161924 0.98248893956805305461 0.0075577694891286991211 0.18616756899872391462 -0.080948411051705318475 -0.88263696287637671833 0.46303277045239676912 0.16781787263209108074 -0.46999454452676731053 -0.86656926424866753678
-6.8627788450108928586 -2.2220963774999540341 4.3902079852370041735 0.9139924167805723032 -0.0031175823410513735928 0.40571929057914729588 0.22923146096448446252 -0.82110998991836658956 -0.52271533530234892684 0.33476977069583890856 0.57076147832218493416 -0.74977365617342539572
-5.6009642799670000812 4.3214618770055368557 -2.4330386819747324978 0.9981151251593515239 0.016865096804711130624 -0.059006486406125900623 0.014774061289954495968 0.8671858671778335248 0.49776540546737235715 0.059564452832461693699 -0.49769894542468873233 0.86530216438068530138
-0.53423230431381130145 -6.6645813233746782345 -2.7855636297023096404 0.49909090205721989841 0.007444149961038628617 0.86651766059039281309 0.6335800619285164581 0.67905392862488045402 -0.37075877217645542006 -0.59117220554606297878 0.73405064311013457079 0.33419317278951948813
7.1865979056953426252 -6.3659965704776002582 -5.9508962461492380669 0.9856382857837773237 0.003397055432173261974 -0.16883610280839164708 -0.11555789144376865663 0.74262117075388411891 -0.65966671166071755295 0.12314033994680367856 0.66970311091000667147 0.73234841429142660818
-2.8975274948134437381 -1.6839832927226494608 -4.2862830836575120941 0.91993469440187913833 0.004162799140601126241 0.39204952383461832977 0.053784647357187000127 0.98915031719140611433 -0.13670721161997198556 -0.38836499551879033465 0.14684795233012692961 0.90972980007916981471
2.9299828656436397445 -6.445977015091159501 7.0402108663883540274 0.7828628766313060483 0.0083084016537910230366 -0.62213880031266921566 -0.37121249380162979481 -0.79621661405396371158 -0.47774510771963890621 -0.49932654729959963236 0.60495460488079599859 -0.62024424640255304553
3.511457548607353818 -2.577123747207004989 -2.7953499030976991513 0.53073951396231155986 0.0037993591330448815181 0.84752647934390179518 0.57799630304264404401 -0.73299221183436547022 -0.35866793982615702285 0.61986760036962451625 0.68022641984877574295 -0.39122394578000141419
-0.68745990482054775139 -5.1268260541782080253 5.2573435685596132672 0.92243388542687798637 0.0048442326677496493764 0.38612466953838014971 0.11967885811688536157 0.94710003971371059528 -0.29778933106159716226 -0.36714125065989411389 0.3209019292309517879 0.87305741728689068015
-2.3332883224018945434 -7.2937223158802542144 -4.5348125565444714624 -0.99974690391067633222 0.0082127865264789573496 -0.020944647491185981042 -0.0037488286810559573459 -0.97878461818515616333 -0.20485755413889020216 -0.022182750158187720946 -0.20472718759789934606 0.97856767995567128793
6.2579317848214701669 0.33548387146154096117 -4.5652564514818188002 -0.91539875114621671592 -0.0064369553504145769762 0.40249682235477357573 -0.16825139571265348981 0.91446469203116775848 -0.36802961140205553425 -0.36570014252196259008 -0.40461449879342348268 -0.83818286377462114523
3.0417833493601107442 -2.5179604763224352482 -6.6080401602299838615 -0.99332738193780356628 -0.0056683508748315847292 0.1151893314980131644 -0.099670033139660538235 0.54468919668782289634 -0.83269415964426718446 -0.058022381772388519072 -0.83861883404200721071 -0.54161965843518300456
-2.6006164057687284341 -5.9531494369062905037 -5.9684301977710729759 0.98198703204623194463 -0.0027337313272184924143 0.1889285462976579566 0.17779019408594992635 0.35188939381644906979 -0.91900190500687672923 -0.063969647333751725182 0.93603759605725989079 0.34603685206557199816
6.4922018357075161887 -0.8360459658525928317 -6.4225688764933535069 0.96122995228799557044 0.0036544528058163939545 -0.27572381797588402241 -0.27456262297796268923 0.10530072706699238061 -0.95578612824348629928 0.025541043204490097851 0.99443370912985762367 0.10222158900240065071
-1.5626498821883056944 1.752597163291292226 -0.051477914315107627108 0.95098918420844591459 -0.00024853949222693964144 -0.30922404458033303509 0.22330366874181628578 -0.69119289441020981268 0.68730477536771472646 -0.21390428477460962653 -0.72267027124750038425 -0.65726146700542753543
2.3593147018838349638 -1.3647701259571729526 3.4664414009629358482 -0.86921004690997016873 0.0071717382326639891876 -0.49439099963631571999 -0.23265491544441307958 -0.88821854344908213186 0.39615591550898537898 -0.43628612706595953918 0.4593651981201452017 0.77371702196979741384
1.9878368241187602816 -0.95209932856553747271 -3.6874829220074434311 0.85813299189760805508 0.0027858964587026587012 -0.51341991293460031986 -0.34627455177555432897 0.74146178740844859156 -0.57474198785687125035 0.37908007466698012689 0.67098931183282617408 0.63723750705405901584
-0.42933884273263728248 -6.8210764129216530094 -5.9296343044849919579 -0.99899633117188924025 -0.015359623736416624928 -0.042076267229564909278 -0.040095246834067767294 -0.11210941742982780123 0.99288662479909062242 -0.019967510776582861332 0.99357715376425359555 0.11138104879721753837
2.9443676118988397761 2.1875566824011682954 3.8867921529085638355 0.87563667683114332352 -0.010954835815100393004 0.4828461470907046138 -0.42461639082277963242 0.45891138534689074335 0.78044939685004821595 -0.23013328927531676027 -0.88841450459303816789 0.39718803757927473308
4.436659498706696958 2.6319254691214002406 -1.8411009330233207848 -0.59306379907336159718 0.012663740390607238981 -0.80505587378013798716 0.48764908383549321336 0.8012759381624032784 -0.34663416155405762931 0.64068221550391635244 -0.59816093202520459471 -0.48138321339210876637
-0.070960907842548451296 -0.70428603145804136165 -1.2740678970507286483 0.98820590194586799271 -0.0029082284712765539211 -0.15310335583004844318 0.12771409886541049139 0.56728932006309806813 0.81355512185306888551 0.084487894459860421459 -0.82351343009670718853 0.56097007597579717775
-4.447352060262848461 -3.8345890129659849777 -2.8679924574187651842 -0.73925035495184077128 0.00030018889239745698977 -0.67343063680705228524 -0.2811068348294076813 0.90857371875148040807 0.30898664211636839294 0.61195413236275819635 0.41772443964982375331 -0.67157905893748459647
-4.921050915413546889 -6.7426104481414395053 -5.3630584260516753758 0.91603297579063180933 -0.0083245031321839968452 0.40101657061985163111 0.34657987810145940433 -0.48684110284223419685 -0.8017905765713110311 0.2019058576646224068 0.87345088197965614629 -0.44307739889297209634
-4.3544577823868539923 -3.5653373617767503134 5.8586264374405843114 -0.98298449844552193699 0.0065609001264031290013 0.18357132239354520542 -0.17591730272237787736 -0.32123104555946047078 -0.93051798369054583571 0.052863772270343417636 -0.94697812538534242854 0.31691931405804091293
1.7721428427358729696 -3.0687532081844444143 -2.1105751672456798396 0.97263113077154550457 -0.010001555415716135641 -0.23213929512996303584 -0.2209367588879269928 -0.34914294449559518663 -0.91065149913723386632 -0.0719418656018280811 0.93701610082128039547 -0.34179700814304375678
-2.1347517725009357292 -3.158363591350870081 -5.6395477161644960162 0.93237702270644418068 -0.0053862673006997031228 0.3614471962177866482 -0.24100051347894388409 0.73598893430395129212 0.63264448237943082809 -0.26942872903980918942 -0.67697213879656936708 0.68492107812592439853
-6.2271867707368269151 2.6456265321851422101 -3.6456939569544979385 0.99061404579135425852 -0.0057323954438197504205 0.13656848803185259178 0.041639113299889694841 -0.93897827804764111281 -0.34144688840048392775 0.13019215231510722353 0.34392867428763784776 -0.92992637906363218026
0.3263841835444724615 -3.0603242793817768685 1.4841072212626003068 0.99727804164267019882 -0.009631512368731906179 -0.073100900313961297838 0.0082676021041213614698 -0.97057185959332437086 0.24066971583707838511 -0.073267690100541099651 -0.24061899204994580126 -0.96785037389681816133
-5.5680642915746370036 5.3923546317170227837 -2.2564625199440642156 -0.99992539935767676962 -0.00037619765877031693252 -0.012208775309323264754 0.0098923084820614799739 -0.61126204370761516582 -0.79136644871717187755 -0.0071650507414594355807 -0.79142818524336400188 0.6112201646298185409
1.3878073837706521587 2.5960581033404119822 2.2578107107515701379 -0.98832652311156632408 -0.0079619436266409639169 -0.15214233851213854187 0.10221108942420772947 0.7058876074205393536 -0.70091053558122795586 0.11297600149129023717 -0.70827910681017036687 -0.69683364581748319377
-2.3350891933802948586 -5.9950708334073326 -4.3041821949309531092 -0.98295437827924314611 0.0032930674560320317978 -0.18382014560022616467 0.16907785854475104736 0.40886090074747033496 -0.89679732470054507321 0.072203656221012865735 -0.9125907733188634019 -0.40244839729035908338
2.2889628182824948155 6.4669806276892858321 -2.4790753837553651806 0.99455941330778374621 -0.0022453598342636661191 -0.10414668386521215571 0.074883278924060825421 -0.67959311548963352578 0.72975728288009411582 -0.072415937047628692325 -0.73358582029523478063 -0.67572759032265894419
4.4476047251439227992 -2.841955427928481992 5.5619282240686622742 -0.92279431420014434995 7.578004590079543551e-05 -0.38529293782436890847 -0.15309644394995078343 -0.91773891050852418605 0.36649252514699220962 -0.35357054816522004437 0.3971841970624568896 0.84689585019297708435
1.3862044852581525411 -1.9119631828617442704 -1.4613082012304878798 0.91834169307053237219 0.0023374231615375246074 -0.39578159535445650574 0.27970796610505233026 -0.71132313772581190481 0.64481225750848247813 -0.28002140715611562038 -0.70286124533139149317 -0.65389149049780914691
2.3110192907527342676 -3.4710410783349203712 4.7365484282685041961 -0.9873193802415011211 0.0088426167636882508499 0.15849999851201085344 -0.15489821881747520282 0.1648469854642037602 -0.97408008561436842943 -0.034741663845044096215 -0.98627951388646606379 -0.16138691793677756303
4.2421889967445247649 1.4959926426925935772 6.8941976290459905385 0.99802123348811844217 -0.0038294388481406190471 -0.062761077945669166422 -0.059522189733342292794 0.26417697990593647095 -0.9626357733936361516 0.020266386854624215963 0.96446661875152850385 0.2634262987592356775
6.22619050448675182 -4.1821256711367835734 -2.1184108520669293618 -0.86974878769307828463 0.00055918293260726796914 0.49349441093169360562 -0.34774163584895501078 -0.71024788894596224686 -0.61206510351833842698 0.35016110721132226447 -0.70395143551400174431 0.61793169156004001952
4.0218436930713394872 6.3195935391927156033 -2.0419548976276851171 0.84155163712838421119 0.0059497687616942226962 -0.54014390887818353182 -0.53825753057064540386 0.093451176418506601284 -0.83758325461416471835 0.045493657036322077136 0.99560608569740927098 0.081846498347698332099
3.1900775006536261635 5.4801055607941400183 5.6387682346325123106 0.97710715276871762391 0.0024395315609701453269 0.21273377892087108609 0.11444892330726999519 -0.84894494342987092406 -0.51593984821746341485 0.17934061436828457881 0.52847566804029033616 -0.82978937829265364545
-3.6507171369767452695 -4.4960976565868824295 5.3112202834457225009 0.95130104185715713694 -0.0038484389887739976072 -0.30823938307555531768 -0.27187508930186626843 0.4608186471398036943 -0.84482549101293480387 0.14529371486237216415 0.88748597958821595633 0.43733096443764751804
-5.7340884825586977414 -2.5351577257254316322 -1.3647721850151259826 0.85372347227826872462 -0.0076507731880315690831 -0.52067043179990524226 -0.47651507589119240782 0.39171324906234994412 -0.78707948325281307245 0.20997527313840738672 0.92005553972501041837 0.33076908636065738278
-5.0529293698737021145 4.9540939245417821013 3.8874315676020589905 -0.80874482169121442166 -0.004203984455082747547 -0.58814465899324996911 0.58053904236968478791 0.15474459978098201174 -0.79939260011782653503 0.094372843933716352161 -0.98794556295039803739 -0.12270831664788922621
-1.6677392994471111898 -2.5760193820233650008 1.1669040699713975062 0.99800673482704471695 -0.0019281225832120611058 -0.063078043588888382809 0.0026571635266304828582 0.99993061901786928214 0.011475915323006112903 0.063051540200811190262 -0.011620649457501316601 0.99794261547662832523
-4.041921648185421212 -5.2183502204386567058 6.0712658803154386788 0.98148346650716145056 -0.00017200813428755608835 -0.19154679685711364923 -0.0011032705982221770354 0.9999779325621449555 -0.006551120720120893158 0.19154369675613436286 0.0066411446231540846238 0.98146161791025776644
1.7449202760516744348 1.8628950486694295652 -4.1903134272721160869 -0.59426633782568971665 0.0025773389732562262434 0.80426418361826279568 0.78460505378073441829 0.22162821781050762171 0.57903008786413912024 -0.17675528085202191209 0.97512783284752413415 -0.13372838254085250842
4.9565213519124950992 -3.7559869603844808772 2.5797440958074608908 -0.99875885937931607739 0.0030519561913034563491 -0.049713442594978583811 -0.028861808434927697237 -0.84892377457320056244 0.52772665365524706882 -0.040592324706814238156 0.52850649052569842468 0.84795822576779122937
6.0177602112273351764 -3.5065724870193331064 6.140541644680242328 0.6395345455973783233 -0.0027255054336016142774 -0.76875752783813611213 -0.31715183033854404959 0.90999447689849022325 -0.26706697386067534961 0.70029299689521007366 0.41461141281242802625 0.58110850524254875626
-6.1043217262109568111 -3.6445785211576442464 -5.8425601122988064517 -0.9975099603461072828 0.0019727717567215420982 -0.070498136016694398776 -0.07049116407989930444 0.0034049323967219801909 0.99750659257067453289 0.0022078942201697888265 0.99999225727345908421 -0.0032573910024129553581
-0.12917362154269479424 5.2352415166438683869 -1.410437097729998035 0.94933282724694678656 -0.0017864959045282337042 0.31426738860985670154 0.25095642290470182578 0.60625276628934321455 -0.75463796430443708108 -0.18917731606659535237 0.7952700118822322306 0.57598398526951488652
-6.1326812345931749348 -4.1996923615602055335 5.7787163696602563689 0.91007004716308059766 0.0051577211421410503259 -0.41442237773727391703 0.11322820065292765745 0.95878919023577235947 0.26058139470019908712 0.39868770213497173316 -0.28407162230612614806 0.87198132409287554268
0.13829577566165432434 -1.0143502767263343767 2.2151334289379276399 -0.99711293735659234372 -0.0053486872039813122826 -0.075744185923446838427 -0.031407883129494260088 -0.87913306684910341726 0.47554031968883470061 -0.069132734889753383323 0.47654636953572793168 0.87642696367073547048
-2.7614202878405675889 5.594763914079403655 4.2339926085757504381 -0.96801056863327006319 0.0046498463375009889756 0.250866334814638825 -0.23994352932440554671 -0.30950719324729947246 -0.92012629571349180413 0.073366489282513810966 -0.95088573249212948735 0.30072193467251423504
-1.3728055712693656432 -3.0857979224661593598 -7.4673869205713172548 0.74196219864377421782 0.0037934065065417833795 -0.67043098515110599589 0.66163287288083016957 -0.16571106602337457026 0.73128775739846207937 -0.10832376150743820709 -0.98616705109457136746 -0.12546118933122335504
-2.9256754590359688173 0.016058346766440818182 -2.8364008101843416476 -0.98848673033832046286 0.0050466208243499753594 0.15122339621672778454 0.067697955581024579774 -0.87907550334184991758 0.47185087287661231503 0.13531803558739244342 0.47665584129695681703 0.86861282410641860174
-6.5416953393672789829 1.6835692138521698435 -4.7841444641226011925 0.17909356895124925457 0.0041434534895684717662 -0.98382332019193274864 -0.75292556310291214317 -0.64309214799419012198 -0.13976975929848481361 -0.63326818172597987289 0.76577759237357279076 -0.11205395589690361757
-4.5339766536824201992 6.4167174998745633019 -2.9393981787374108272 -0.7946349353058704823 -0.0056572389079634181897 -0.60706121210259245125 0.16610905736735531724 0.95977105371496862496 -0.22637867724520929769 0.58392045747002496725 -0.28072677125406153564 -0.76172789055486833654
5.924130875331345969 6.0477608364507631222 6.8757098252667994132 -0.9099224446847207215 0.011072818540399362308 -0.414630603487443683 -0.39722568599355423391 -0.31099011005525711848 0.86342162692085555609 -0.11938550601206961155 0.95034864346585945505 0.28737528915488791403
2.7492295094108691877 -3.8267283765852337929 -5.9204867062708066427 -0.9977897266218656025 0.0045087357742139306388 -0.066297305749178581102 0.0042408697536967009459 -0.99134089138783887396 -0.13124500785206499875 -0.066314979240107027603 -0.1312360787438140719 0.98913063604577622367
1.6488014901737628737 -0.027315733336430690625 5.7669696784139281576 0.98748641532082526151 -0.0035867760903526505617 0.15766329501214720876 -0.055276078699674595363 -0.94419061118812219746 0.3247285710681288573 0.14769947420484833001 -0.3293800612993967869 -0.93257366493918925077
6.962477753521299384 3.0380699902256274036 -1.8240724164697053045 -0.75046411037976235026 0.0025993721372965569033 -0.66090609188927162965 0.58528767879592202839 0.4671031014649427715 -0.66276166579807660462 0.30698852109082158668 -0.88419903634089314082 -0.35206549398113462512
1.913118384025182861 6.545568804500586424 7.5045512345835501122 -0.97933455159627436082 0.010098305247635533735 0.2019947035963189641 0.027644701891224521956 -0.98269470681479076379 0.18315808378450793015 0.20034871226730913141 0.18495712321891247254 0.96210771541627271297
-4.1748463658513133012 5.4892289722788474293 -5.5094999607487995519 0.9824279545234771982 -0.0068068698955903927592 -0.18651804388063938922 0.14924813427293101564 -0.57141827702006275924 0.80697344882183275061 -0.11207278254274422036 -0.82063074473831310041 -0.5603613764380132034
2.7393707633656343425 4.1863014913611538148 -7.0944792949936106297 0.92397274928278172457 0.010590740773989845702 -0.3823116461640600483 -0.33681032980480973826 0.49612558373241094634 -0.80026133662870646557 0.18119922825317982817 0.86818617898241767783 0.46197359048375707946
2.6645602096373290912 -5.2087679194326623744 -4.7402156987758274909 -0.92890764788061697121 -0.0040060350787090859281 0.3702897964999370406 -0.059656847462522581693 -0.98526160662242812105 -0.16031415117385666713 0.36547454392858702565 -0.17100736299563287779 0.91497805413100286032
5.2828903708268395434 6.7652657318446554058 -1.8537725534397639926 0.86329852319789224246 0.0025311166078793461733 -0.50468728267422735545 -0.49277980576273350266 0.22022201093582832732 -0.84182559294184100551 0.10901248954502772148 0.97544649230388391636 0.19136461996702064381
-3.3681572242361283998 0.66391207726984136084 -1.571168577073691397 0.87039326463401711642 -0.0018011427429894064783 -0.49235385726559777186 -0.049344206073405144641 -0.99527771808638509921 -0.083590748337726311634 -0.48987826468068002006 0.097051634532860961424 -0.86637189822148019669
-7.2661276219628536666 -1.9585730480314147428 0.69758237294950287133 0.99685058147782212856 -0.0079169254279975159044 -0.07890653014206358562 0.079289944540288218033 0.11734663143588733303 0.98992063964009013866 0.0014222876268435956371 -0.99305945964101083323 0.11760479035940429871
-3.6294277428629109217 -5.7466711881218390801 -7.0976858914596308026 0.99953302434749569105 0.0027913107446398636308 -0.030429292187365758471 -0.017372541921377351176 0.87113371119781568552 -0.49073847617853094683 0.02513817865095778134 0.49103794741253486977 0.87077540512748707879
-2.9258064568471628952 4.8903594296056969171 -2.5403212120230369564 -0.93876596991295091499 -0.018008075828862896844 0.34408452876939543685 -0.21502164210880728157 0.81093109088419623731 -0.54420259027520279105 -0.26922880075939914502 -0.58486449288902941923 -0.76514663810238436881
-3.5610408226060576986 -4.6499893336293016688 -2.4062483906824807534 0.78546488499948108331 0.012659034649588648061 0.61877674752254496759 -0.59869059794023904431 0.26898365420201814091 0.75446495061734930587 -0.15689003273211465928 -0.96306154663855469966 0.21885606003827989818
-3.115779720741390868 -5.2092873554438448025 6.954832125786515995 0.95444856214690343421 0.00055354080775103721608 -0.29837499192848560003 0.23221330935869502476 -0.62932084489493589352 0.74164159345167302018 -0.18736307312925193358 -0.77714539680376304442 -0.60078291508180936553
6.197358070324517243 -0.84962197487490964676 2.8130917417712080209 0.98090106559905110295 -0.0011068449836468532629 0.19450417579313267202 -0.1748568593384625669 0.432978774411861278 0.88428188924754858036 -0.085194942626133335351 -0.90140343676019607511 0.4245158017646997739
4.3398252401482695362 -0.5010826135939214776 -6.8757652703745355538 -0.99632359877730380937 0.0051893641150509914328 0.085512320863622898193 -0.081331467894882422676 0.25631307064199293499 -0.9631660304164383346 -0.026916144773355601266 -0.96657988822343265944 -0.25494870235475836084
-7.3486212932764525263 7.2365396674717379355 2.7375227724865895951 -0.78071328183779098442 0.00016144786433354429978 0.62488938660903803335 -0.22491637856427434961 -0.9330519210449256251 -0.28076099317362229746 0.58300891435343660252 -0.35974169423198743001 0.72848233967303011038
-1.8308538020795446233 5.7187634069805559633 0.59564189018658675323 0.91471218096558271071 0.0036288987123370129197 0.40408966466289136799 -0.17543563481059706866 -0.89724653690744249346 0.40518019453844328348 0.36403841010510645804 -0.44151498627081908754 -0.82008569848915391365
-6.3297490279119168477 -5.9779190507315460579 -2.5188484983456955746 0.74615855700890920676 -0.00044034672204267683027 0.66576813824128744379 0.61160694981122176728 0.39552943936475354336 -0.68519588552365839895 -0.26302917470334280514 0.91845319352198262486 0.29539699484649661887
