1125 14.717824617146108679 14.977075390850430381 15.033177056927090831
-5.8053126841921063317 3.256244316109536463 2.7580296887396320571 0.6282881369674985228 -4.2032034998628351255e-05 -0.7779807293109337607 -0.094302340976048504295 0.99262225309085116987 -0.076211096011700035779 0.77224418769732694479 0.12124793153779336863 0.62364882238759999922
4.4186532946192320637 6.9782520303565975794 6.2787897789421647232 -0.88057025658750365249 -0.0083616968882353759351 0.47384185678193740943 0.33476028656881962053 -0.71870618887004922293 0.60942346903956723381 0.33545726069022230309 0.69526361626729127341 0.6356704571909130852
1.2283549013258059368 4.9728402086919345493 -6.265884334035344061 0.87432460278237711382 0.0018909597003957086606 -0.48533793715386697176 0.069396283864390034823 0.9892303539483563446 0.12886994456842390533 0.48035470722709144864 -0.14635481235227434937 0.86477721070007085302
2.0765180039049591088 2.6964807689801904012 -6.5446526510339797511 -0.83796013156478799111 0.011010151004747385783 0.54562037579509437002 0.41374422108008412913 0.66476902396597004063 0.62201114483432451419 -0.35586308804193722555 0.74696781814898627339 -0.56160532513409211486
-3.1577116197741434966 -0.31760299186214413503 -5.4458735597118357319 -0.93294850762877468142 0.0010227031373930828284 0.36000838350181424419 -0.17637703501920817817 0.87046385672116022292 -0.45954740306088992519 -0.31384426652579611172 -0.4922312751343806414 -0.81191757472568060194
0.20252188066103724018 -3.7784414739025558028 -1.2533626853374195687 -0.95467397556877298115 -0.010562600952978468821 0.29746601794633492633 0.18005236684654629675 0.7753025180877602951 0.60538182219129843542 -0.2370205593713625436 0.63150173151615052181 -0.73825931590967486251
-0.59366459669891336048 3.3058990379200627885 -2.5142059241371330636 0.99889225301473105745 0.0045552282243846468554 0.046834995067112278333 0.044649190083771050919 -0.40598890777795532125 -0.91278664351869953641 0.014856537011696403783 0.91386665146357171086 -0.40574256204013786631
-6.5507679239053304698 -3.1990953615115729214 4.0069513592466270424 -0.97695479185436617797 -0.014678666170182973552 0.21294100458203707449 -0.16580784305312548654 -0.57605053508347137114 -0.80042085193487777506 0.13441389011188248359 -0.81728227546509735202 0.56034149262337462627
-1.8705621995156422877 4.1243217954639259659 2.7821255096932615558 0.99980587308404911262 -0.011691480863558686987 0.015859553018058601681 -0.01301288967332260918 -0.99621439291556845852 0.085950846710638406645 0.014794622302274122727 -0.086140539951527983487 -0.99617314083834607175
-2.1217998266615887282 -6.9006981169165575452 -3.1331087739131335823 -0.93654177492203904976 -0.0074713939868145326506 -0.35047636453513425492 0.0096071268936201766747 0.99885031395713719249 -0.046965449222606245328 0.35042432412533663921 -0.047352176082262907586 -0.93539326728476968054
3.5958613219971464758 7.0398689080409040386 4.6454888746995424142 -0.9351904837024505035 -0.0034469245242447956595 -0.35412833535838184051 -0.33644638721230518685 -0.30351440885891672883 0.89144984836328788891 -0.11055581271096358298 0.95282061392811279177 0.28268408152827873003
6.1737695882582679374 -0.12412600670629420074 2.2411585410007295316 0.81940379704073462719 -0.0084725320400529397641 -0.57315410981342640451 0.54421262829993533039 -0.302533134637434864 0.78250004322375965593 -0.18002786615977170448 -0.95310121112457224513 -0.24328594032265421498
-5.7454751176425178372 6.1625687187184858828 -0.8201161607120017738 -0.93544944714327982194 -0.0051473678167157661117 0.35342302760840871301 0.12714285860428237163 0.92806544748868358141 0.35004173848799036151 -0.32980149384936308099 0.37238156477238293363 -0.8675038587075298846
0.86398548665009800018 -6.000331714386827997 7.183959108705895602 0.92925922334886168485 -0.0089523171787377429226 0.36931985031720793167 -0.32903500795129581036 -0.4745930632351043621 0.81639291267853519862 0.16796803077877647814 -0.88015980386880543485 -0.44396560710273968997
2.9075732124669659839 -4.0124463810200987623 -5.9157357733463067362 0.98201676716945673906 -7.4126038972963407755e-05 0.18879370620712027096 -0.11852837194777102181 0.77811686705903704286 0.61683479655546824549 -0.14694929071457951686 -0.62811952342174603992 0.76411502423058541567
5.6940940612528407883 5.9661748628588693322 5.9217946895374442562 0.90780897278255956451 -0.00067260603484400015295 -0.4193833765621055587 -0.35158397785449141404 -0.54637614976921911047 -0.7601722235646809489 -0.22862977813814919226 0.83753964118980217535 -0.49624164878007570589
-5.2148101314163533004 -2.2960731533094405066 -5.7482860267025683854 -0.61714820520182267494 0.0042295435796939218759 0.78683556336586302216 0.78684043985774998475 0.0073791761548501616508 0.6171123641313456254 -0.0031960945893124148576 0.99996382870605038384 -0.0078820212504432662914
4.2663409852390055121 -0.90305607695375533783 4.9326991984714601003 -0.98161081580124343038 -0.0035785902888825320278 0.19085963426981597535 0.13421428622508135842 -0.72391811463835631368 0.67670458005815703473 0.13574509816249735739 0.68987662447005948518 0.7110861490247064598
6.8674142529464630158 -5.209350098118661343 4.4118528396865874797 -0.92389856589471375248 -0.0058995112631977601053 0.38259199639356272771 -0.37397871941834620602 0.22543020023024565313 -0.89962277774990440093 -0.080940455643527531304 -0.9742414590803915031 -0.21048093036950618617
-4.9372796389883708557 1.7329690957501706627 7.2807284703206729404 0.84657925423898983119 -5.4928329229220369812e-05 -0.53226268258717235327 -0.36079003616111893216 -0.73526676415009062371 -0.57377115241440501681 -0.39132354401309793479 0.67777782681292386702 -0.62248140645487637368
6.1381637591897515449 -7.3723110115763414996 6.2469309020006722477 -0.93845794500820367556 0.00023131919534827294349 0.34539344513533559722 0.30337297943009128298 0.47858821073840018823 0.82396490210071748894 -0.16511063200993519873 0.87803944731065552975 -0.44920508474821030376
-5.1491562125251801874 -6.0846938160972383614 0.20475543269338769559 -0.83613017651514609518 -0.0022085685595123242218 -0.54852661753587650395 -0.39358368715646546709 -0.6941135359667346405 0.60274230015167062913 -0.38207094776333677677 0.71986215445221723996 0.57950001679252161058
5.921447651611415175 -1.6991976958168648615 7.1474211486361829415 -0.99657793322261978286 0.011386686514107157916 0.081870424354779147702 -0.048788995624417269559 0.71849425431244373641 -0.6938196022208704683 -0.066723735804834261032 -0.69543968098625474905 -0.71547997399650875572
2.6205899700049286594 5.1078119891821769372 1.9015340305967864953 -0.99104802511087719541 -0.007774314203155090891 -0.13327930057830250643 -0.0048278213527508176406 -0.99556320451989199771 0.093971261282851534236 -0.13341852969118297989 0.093773481564738747629 0.98661341471232533173
-6.4954199803844652195 -2.8619101099080137551 -5.1256635974988551396 0.44713127478830028139 0.0019601318322988890361 -0.8944661989082223208 0.3158114606789961254 -0.9359399739752942704 0.15581876144694842279 -0.83686124561365748953 -0.35215411824686765341 -0.41910706578606626849
1.1426974100056659367 6.9662363244308753707 1.7315257281131448686 -0.94686442749105381722 0.0050693973862454156515 0.32159299924294459938 0.25913588513353058573 0.60429029251799559752 0.75344663739676343006 -0.1905160071699771307 0.79674810547534258287 -0.57349464464224464422
6.7344537949421949818 7.3464763441063514193 3.0620613384909769472 0.87448362314203120782 -0.0063108772393388346683 0.48501398504065812434 0.30542850706514029779 0.78395467328067114376 -0.54048912784014779831 -0.3768180196440601426 0.6207859881391349921 0.68748304488303058069
3.3057233430867070112 -4.8750038174610317299 -3.1843511020306207726 -0.95204211942656413736 -0.0037631963204419905528 -0.30594385300433596386 0.15893970539570601019 0.84834328446903450871 -0.5050265752858922319 0.26144592727069171367 -0.52943319696612722858 -0.80706041723278187927
-4.3051239851530471725 3.4558829323450552806 0.25976915400927264033 0.99817149145927730469 0.014228346305236748426 0.058747151416612554409 0.038898171638284809171 0.592716083167905472 -0.80447161354347995754 -0.046266682195151238866 0.80528578710635767557 0.59107884009091915534
2.177156769304024575 -7.1113211679079864069 -4.8387013010192969631 0.87563935596963804464 -0.0026429903088978044801 -0.48295831381099663115 -0.48214488028744795223 -0.063054244797351055585 -0.87381947599345677347 -0.028143075339158669934 0.99800660158905252217 -0.056487082551646909667
-2.642601471489620657 7.4540146396465809531 -7.1595759415208224397 -0.96133162511187730814 0.0045697831203267164774 0.27535544963172853272 -0.24948881065739966778 0.40890449729108879762 -0.87781116730870023535 -0.11660548836327598587 -0.91256573964688103562 -0.39195271514069596197
0.36550301929714540394 -5.9897597517516869559 -4.3698587600271174836 0.98462150390397207289 -0.00081418131743770261882 0.17469925918236639539 0.13802269799999597466 0.61666073455054759567 -0.77503501424155618604 -0.10709915446382030357 0.78722860439162878343 0.60728979535374905119
-2.2791163286720848014 -7.1938340308091737185 6.0700319749662901003 -0.7939713173759663789 0.018323078440442997633 -0.60767903697656933115 0.54651138214362182666 -0.41637492469497094927 -0.72660665512549549305 -0.26633598399700531001 -0.90900835358196918623 0.32057597655884645382
1.4786048552006252343 -1.1330969596784337128 -2.7143307420536944008 0.98150196969929892621 0.0066397031061917440378 -0.19133686999421273267 -0.165005514986057783 0.5361725125601327635 -0.82782378366363995603 0.097093066182441067902 0.84408231299893510258 0.52734996480675377928
-1.6829227307062217811 -5.9638269599070525828 -5.7039098904296103854 0.99789685865090815842 -0.0013047869491461206934 0.064808618452271690713 -0.026698133436705705213 -0.91933103256179860008 0.39257822435773720438 0.059068343176998827637 -0.39348284600460575744 -0.91743238482980749016
-5.8249765475623895838 6.2740625234003095656 -3.012087345019073048 -0.99085166892509979331 0.0075843248402521299539 -0.13474215452063834086 -0.029777955974485667556 0.96152471721633969715 0.27309978308293059168 0.13162918949130578139 0.27461372179604037758 -0.95250252507539412417
-3.9820247038839200471 6.6591210614283768976 5.5642100474018230116 0.99019412699305853209 -0.0018900174886051560302 0.13968542766636510288 0.071355579804619734263 0.86647331240704128508 -0.49409754109587766813 -0.12009984221133453153 0.49921981803621917617 0.85811164843547627079
4.7663795092318457236 -7.3971109033893247542 -7.3992254948359903466 0.98570848201689664769 0.0039637278560790134563 -0.16841341199959999897 0.16514692181090109835 -0.22003333791034823674 0.96141137107091678704 -0.033245792158476769607 -0.97548429975552264359 -0.21754332495911851697
-1.7582298400219678047 4.2380504120548048164 -4.5863306427661427733 -0.97228168680528714862 -0.0048059179014773977662 0.23376318071111615304 0.19191556732719530776 0.55467772562998451935 0.8096301845333938596 -0.13355424561029571873 0.8320513949528249853 -0.53838066424821351408
1.6841298268178857001 3.1748866530270620778 2.2555078113103985693 -0.48723594528131175529 -0.0020083564798562053219 0.87326805743151891814 0.78622796443480558182 -0.43622397850901623029 0.43766908562788287007 0.38006147077344087926 0.89983587785665364311 0.2141230285503149533
5.2534168856651630719 -2.6914730958524053506 3.5928997100114354879 -0.8196388789394498664 0.0086205700718722834408 0.57281567183746107119 0.35102113457112466 -0.7826455300609366228 0.51405266010389727427 0.45274305208944970458 0.62240795307188689911 0.63846070257881704091
4.5044184527180410882 7.1762347507174073513 -1.4788902267096941667 0.8337327608074045493 -0.0041201313987212643056 0.55215279413732221148 -0.18751478211427233256 0.93843210335989002413 0.29014374691206135104 -0.51935333834021291111 -0.34543915803048158564 0.78162900282310410205
4.4990839838362024494 -5.4518476168843257312 -5.7849557430568747662 0.3675714390556871769 -0.0054293691270693843903 0.92997944017137856854 0.73440869111929651947 0.61518923589389673534 -0.28668114421531920577 -0.57055684344242663109 0.78836078415353405546 0.23011336860327932796
-6.5571789037640400011 3.3239753017728559392 -4.6129667087477441711 -0.7113788210284264224 -0.0024998505547528014972 -0.70280432820203164734 0.047607273455473574086 -0.99786819385492697698 -0.044638718696290706489 -0.7011944954906189631 -0.065213636916816600242 0.70998131035518652343
-7.2538096335443338347 -3.11776799560025486 -0.0024457188075510897379 0.46835346044067560634 -0.0092762399625524408903 -0.88349249428926646122 0.12181253298457621337 -0.98971801908907375278 0.074966322426929188349 -0.87510384692400278173 -0.14273119512733245529 -0.46240789681444838255
4.1591355940374112876 -0.57283230846097610289 2.0776443484773863268 -0.4846126438707553663 0.0060426815354886953199 -0.87470799207540805842 -0.56287839364796077302 0.76328287242696857273 0.31712327354516750555 0.66956590367555279819 0.64603617751606923214 -0.36649523595209615445
1.1107105407312660716 -3.970652124385000814 1.9660060284673828157 -0.76831609836828274052 -0.0075261170699801966874 0.64002635144968855752 -0.16552584708083339926 -0.96357995316207445402 -0.21003539656999772878 0.61829731273581511886 -0.26731448038966165726 0.73908822317610900487
-5.2058060176904632499 1.8492764104335970288 -3.1857862593968073739 -0.96265343614630294322 -0.0031929106679187257284 0.27071787380446138416 -0.14573657310830304135 0.8488082899393192271 -0.5082178058558209921 -0.22816488146597005415 -0.528691112325273882 -0.81757354079854482887
-5.6456735459691342882 1.2979206240859839649 0.61389994355513699542 0.96531420655074395842 0.010014085806159015238 -0.2608988323405860843 0.24615419759341689021 -0.36804530609502278393 0.89663301504495229732 -0.087043630659329879196 -0.92975393021319363562 -0.35774437188403179766
7.1960599567221041895 1.5751922224954286733 3.5125013925655808045 -0.99971691228819281605 -0.016559162312609669587 -0.017084771830722912667 -0.019044283444623891915 0.12648321519264690838 0.99178592021801603718 -0.014262207160289811642 0.99183052504847579733 -0.12676276672940953172
-2.4373635646750448913 -0.19609393283382509088 -2.9019174163668242095 -0.56954172538685754468 0.0046155056726205076836 0.82194946325824302935 0.3127697736908534587 -0.92354286654281447788 0.22190908571591702603 0.76012978609489423309 0.38346743116631587522 0.52455260701484685004
7.3057109954200338819 -7.4402286300932019003 -6.5769956658157324725 -0.91219988466726131815 -0.0023871408682121335321 -0.40973854098885814645 0.062164880234390380853 0.98760110017090385615 -0.14415129068718754435 0.40500234330015943973 -0.15696613806740433716 -0.90074121334688905804
-0.69083358664184524311 -0.58879851640548508396 -3.8738392680128486134 -0.73457233209263550489 -0.016736510768957935102 0.67832394777959048593 -0.37407824445967841065 -0.82405989382760569395 -0.42543008639129775705 0.56609977561028657078 -0.56625540226317561121 0.59907083342609279697
-2.2777247572046066537 -2.2336244821891075851 3.7990600307849278217 -0.99998448059402300636 0.0014909889910748820498 0.0053680091986115854863 0.0042094934727446124689 0.83337201173483388406 0.5526964539617932326 -0.0036494842966945037488 0.55271047304089715446 -0.83336535460464544744
-3.5821238203589773619 -1.0226801158405534053 -3.0600595714851461793 -0.98055694696559014822 -0.011714429792662701263 0.19588477708109761077 -0.054521345007002341987 -0.94265164135876144957 -0.32929516544031134373 0.18850861172934199605 -0.33357256358748443859 0.92368492903454091358
0.67789848444329181554 -4.3951671649296493172 5.3765760735440837337 -0.43280741065389671807 0.0075913495342154833218 0.90145444515805395191 -0.8689825376093235354 0.26258201972092165555 -0.41942822061622087038 -0.23988975512327939676 -0.96487981341281747749 -0.10705069385758279876
-5.9832318801314103851 5.1307472222683179197 5.1911290014295747852 0.75356416520659885716 -0.002664359826673858532 -0.6573689604043738699 -0.43273679508172280261 0.75075591638072980416 -0.49910361669857994382 0.49485342789438091504 0.66057433738074355922 0.56458978886905830663
6.9221453529112970671 -5.9654892114605440057 -4.610937621383324192 -0.72620198064536090055 0.0031148453444238546547 0.68747434937264950694 0.22862202396588310327 -0.94198172020374604241 0.24576901545929752402 0.64835380269150322263 0.33564972298596418288 0.68335686869659151288
-4.0626998251222667946 1.6619459744828584125 2.0368601612440486726 0.4924477407251307004 0.00056151700894621593089 -0.87034183362247952154 -0.40900560168379507253 0.88284927062224349825 -0.2308496981870779563 0.7682510269737247155 0.46965609765067023451 0.43498679232089626501
-7.2065472567602650855 -0.81861721236499929155 0.66203094415148933116 0.98812235193824971002 0.0039935635736458724443 0.15361728109142031018 0.10060553793281504231 -0.77245497454015610295 -0.62705010808169769909 0.11615826848395552351 0.63505697678082873026 -0.76368180082066949854
0.15939394405484397232 3.3906425344660262589 -5.5470371287175659347 0.96394827042545672136 -0.0036081316843139272371 -0.26606524261812192211 -0.25854647788998397218 0.22369536331316142164 -0.93974150871542994068 0.062908272225103409325 0.97465243334120210683 0.21469788882917736905
-6.4701294058449789759 1.4066553606185987491 -6.2935129374944827063 -0.93581511313461585022 0.010778658286472942579 0.35232640343052518128 -0.35041132995612822576 0.07997524603149698541 -0.93317514961583325483 -0.038235766856891353904 -0.99673857181698688468 -0.071065079927683419414
-0.44876702248047478649 -2.0096585465288865358 1.6032742593916458063 0.99908354940554033874 0.0083424523177397427037 -0.041981719790910178303 -0.027165833583616676161 -0.63436827505757376056 -0.77255349917423443706 -0.033076861897475107188 0.77298596047400669473 -0.63356027820336602296
-5.7358470724316692468 -0.082431988296109565129 -7.3054597408507744305 -0.85387166357352894952 -0.011346748493455049642 -0.52035990760713490833 -0.47612415981948619237 -0.38684482188935359614 0.78971948704181704759 -0.21025928417645847746 0.92207501596989971393 0.3249133705183673837
0.69565023441444040486 5.3244504025593659691 4.1840269972243282481 -0.89277673238096122432 0.0057308216843401588517 0.45046294387220453537 -0.44558423504323374509 0.13607061090115363244 -0.88483867361790813355 -0.066365620618838910838 -0.99068256597751636061 -0.11892711157701423008
6.822585521206764092 -0.14753652710904940903 -1.5674946137493430687 0.93977204573348538386 -0.005296226535390601009 -0.34176081115666306909 -0.26761324211543763285 0.61061071502774366682 -0.74534401945547390511 0.21263032404266643538 0.79191319264040760384 0.57241754045428883124
-6.1417102575654274332 -4.9313354232918902298 4.6088118950778760308 0.48086098856928199963 0.0020168216660000747725 -0.87679452672938840152 -0.2531077568960439228 0.95774445306285982404 -0.13660902615229092438 0.83946957840719937938 0.2876134472822853283 0.46105241770449267857
2.8301762190794454987 3.4683770685020269831 -3.1676879642194424314 -0.97708337629729924423 0.0054903929264874563876 -0.21278611643879735693 0.19025924023103349403 -0.42571730781083161332 -0.88462771567313058796 -0.095443686382552600511 -0.90483956004130405848 0.41491670647718870146
-6.6548822555638542653 5.8345696548705134887 -3.9508153413650974883 0.95088263588898724876 -0.0012392512906088800836 -0.30954915122007747863 0.30039981391105896602 0.2450538847900330941 0.92179636870162084961 0.074713884700401175798 -0.96950866824660675292 0.23338975476112142071
6.3272394560750431225 -6.3879215448277353318 5.688309921466673913 0.94221340217110527426 0.0026749836470716416292 0.33500261078312465468 0.077194449269922305046 -0.9747933001775782591 -0.20932997618792084649 0.32599834627023605016 0.22309385108379803375 -0.91866980566337164138
-4.0728604005592474735 0.29545943129107299363 -5.9467383039827970137 -0.88679233804439339117 -0.0050902276928537996264 0.46214006401491297682 0.39044165827346211106 0.52679157315436253572 0.7550138740038383478 -0.24729468387001818375 0.84997925153235942552 -0.46516729387822797204
-7.1949000768077526757 -6.1356901433118382627 -2.6950093361642344369 0.99983244266767989927 -0.0051036800145103609905 -0.017579506235152406179 -0.0125818032881312835 0.50594435766056833348 -0.86247435044615161637 0.013296045095589886093 0.86255101843418402474 0.50579536947572645289
0.41824854429979807513 -6.6414995892008032996 -5.5207807182131389823 -0.79576884767472477744 0.0084297313885256259375 0.60554180755671982439 -0.069548349483602098231 0.99201545066211516133 -0.10520633408559353084 -0.60159369025488107496 -0.12583435650224406022 -0.7888287181443289775
-4.4177663727983738085 -6.6724278580210354406 -1.8085472032610323545 0.99818259908752582366 0.002261358548513855201 -0.060219474726776051066 0.052693509126153711963 0.45209650161152403758 0.89041122372004133378 0.029238552885289585681 -0.89196616499058056782 0.45115570209967170712
-0.2013199732187058999 -5.4386139071431962577 5.224783719495714962 0.85644838934536149377 -0.00037018510153247544125 -0.51623252449920065121 0.04132104892788427547 -0.99674195948187627181 0.069267865015933960393 -0.51457625994920508372 -0.080655620829354263135 -0.85364274935446793346
-6.6468186505355806304 0.34134087038931815172 -6.23078761686155147 -0.95104678476781923102 -0.0015460046955225194808 -0.3090430763701182415 -0.3090388424862818284 0.011997830541009011154 0.95097373565029519327 0.0022376365995782285245 0.9999268282887721071 -0.011888273661779956772
0.51797448248123478809 -1.3495356498065087525 7.4670851918816723014 0.84131131709862461143 -0.00098514181642963410956 -0.54054999511369561382 0.53704190090230374821 0.11528112501100004628 0.83564122617997704801 0.061491986445992935506 -0.9933324175278793744 0.097516377553309871451
-1.3118792686395943647 -5.0557950555997370756 6.5526088992277076173 0.99503966180733705027 0.0043471319828384024156 -0.09938397191667494579 0.098759191632117188098 -0.16313289549911361154 0.98164875616187208252 -0.011945438401108635085 -0.9865945270726627081 -0.16275302040754882626
5.6498466961326254676 -3.3060992432539770824 4.5716926268989448445 0.99571150550770792798 -0.0062203167547423268355 0.092303333954717819987 0.025873194558955186356 0.97664673448412964163 -0.21328791298334645599 -0.088821031310106379753 0.21476141106107218826 0.97261932980790244407
-6.3647643206870094801 0.18077229656620791287 0.041703517126149669547 -0.95204033480033289916 -0.017204067182707300648 0.30548849566811253631 -0.0086986794539853761615 0.99953628061449251163 0.029181444636731921488 -0.30584887426462842308 0.025124565821207565236 -0.95174850790707965498
6.3941758100272068077 -7.3671313351790201907 0.54706549414617566818 -0.99362419056171658038 -0.0091712080256777656073 0.1123692879474981754 -0.096218075938955038851 0.58846247198999113159 -0.80277892406443140949 -0.058762656450125579088 -0.80847251530452957091 -0.58559298339721832516
-0.77586207383464922405 -0.24981084847508489011 -2.3555864626487710289 0.95844195911710405866 0.01041454775306384882 -0.28509743632458844909 0.025455577081810284307 -0.99846929197918121712 0.049102816314119869523 -0.28414965176672773994 -0.054319519232404404885 -0.95723997264588900347
4.921145972654222156 6.6006049358318410469 4.1309177011272169011 -0.92482686531048685641 0.012676289111427969589 -0.38017703888392767597 -0.099011797993284036967 -0.97301588612361411545 0.2084148488214138395 -0.3672763714946767899 0.23038966349530171085 0.90112633403772735008
4.4096443006670691389 2.1349598582932776125 4.088572025504233487 -0.87879149728132888164 0.0028636138409012445658 -0.47719734284861647922 -0.14415599358878553038 -0.95485735574032959416 0.25974310327887589755 -0.45491158901311379292 0.29705088773523036227 0.8395333324396888619
0.7942684763437953821 4.816207114694149638 0.90277237548948996437 -0.99207792935105731935 0.00077452817243565323484 0.12562158333862163961 -0.060110455662303489965 0.87514676260891910431 -0.48010923446135816972 -0.11030918010053682166 -0.48385694580234112072 -0.86816723088607050673
6.9896552680091668108 3.8675966957700449456 1.2816110090754468942 0.98999640592639037706 0.007207259173510498218 -0.14090838040363401484 0.02058960220030617988 0.98062362861962748539 0.19481623975981920971 0.13958217842544498599 -0.19576862467754413411 0.9706654733006720992
-3.7910141348000827577 -3.3654612388610218865 4.2556190401317914862 0.99776329551225884096 0.0035773880073131781969 0.066750343996909974886 0.037763646724703996138 0.79378792937734976576 -0.6070211117918052901 -0.055157167392052543209 0.60818412135625166126 0.7918773651363854027
-0.42962112334151425497 3.9147299123029104528 5.5836875932168155146 -0.99991701594631710037 0.002419441594851451556 -0.012653360157766389144 0.0086204921430890323747 -0.60423477081113918796 -0.79675970584491428994 -0.0095733137483765724796 -0.79680266568659863236 0.60416377218327910192
7.0294818546770994061 -4.1232066094729349359 4.1282415800588010413 0.99650836766476669215 -0.0014755306872694037845 0.083479913651897719173 -0.073403462920270529102 -0.49193940936457436486 0.86752956672685421768 0.039786992917955336935 -0.87062818718628454118 -0.49033004687792391962
0.36724632866784617802 -6.113131784542704672 -3.0974054927942029636 0.93276230712221575025 -0.009442459041016409288 0.36036830934390651215 0.18283832180864401096 -0.84914620471078938735 -0.49550062674354328207 0.31068412655023552871 0.52807344469535033582 -0.79032512962538803425
3.1724990017355323424 -3.043152276788136934 6.8016119175873930303 0.3068937114030682034 -0.0041215473647383295275 -0.95173486998672407466 0.25580297955966541101 -0.96283733035192153871 0.086655126388127279302 -0.91672301462856264909 -0.27005052884273234026 -0.29443441769283551501
-1.8969985525507409019 5.1071894255057239675 -5.3148276568042840395 0.97128976393650989785 0.0053624581517422182514 -0.23783910215652492859 -0.08251783314729832508 0.94527266552177768855 -0.31567450804616742355 0.22313001072185187357 0.32623738574858940353 0.91857616257729279852
0.78081286901265378741 -3.4735399173524603711 4.5626181818091637865 0.52188195940343873325 0.00097000943044268667786 -0.85301716250655257312 -0.63528960015349233981 -0.66689506148387045492 -0.3894330506073900855 -0.56925068676824963632 0.74515101560033691896 -0.34742426450048397024
2.3603151093684742179 6.5665228063716609697 -1.4438404923039036554 -0.98459724850294194631 0.007880986792794258608 0.17466009357436085292 0.16591432097631128584 0.35718830207063528848 0.91917841301830049971 -0.055142509330066535878 0.93399914716816689886 -0.3529941879885523659
-0.18486295635767752144 1.3608822809380429764 2.2250636530952436765 -0.98285189706006592658 -0.0026294911674712810601 -0.18437796566208422555 0.082259848429967544203 0.88863851913012603667 -0.45117058819750643917 0.16503171144282316463 -0.45860077201684518178 -0.87318375278282089891
1.0708912039179756537 6.4794954244037823443 -2.7514007674718832241 -0.94754320727470686681 -0.0083335773090309761546 -0.31951904769024946917 0.2725053084504198142 -0.54349659837104058457 -0.79394729322896540058 -0.16704109438693984235 -0.83937000127972838381 0.5172574540184341485
-6.274823501982204732 6.4238454593715035301 -1.7346053239104683996 -0.91026517895868164221 -0.0042082439893928284824 0.41400434135143349135 -0.1357234862327390823 -0.94166045615367710564 -0.30798493567236928659 0.39114759268100751655 -0.33653807511013039688 0.85658956609396386117
4.4797353692141985704 -5.5527341241356618085 -0.83617607545705663341 -0.87235408755262600078 0.0028661314411681823415 -0.48886616902874180379 -0.47968066659593955325 0.18800402473240193646 0.85706530951758730374 0.094365269163640158601 0.98216407589312382242 -0.16263125161149794007
-3.3006046166170142087 -2.4119593739394327159 -5.1242574307347288354 0.90357718573840339893 4.7172374052113774656e-06 -0.42842533700843160593 0.4272783825854644113 0.07311402850418971533 0.90115898853138254321 0.0313281532828397144 -0.99732358781568175576 0.066062152540258836653
-6.3001829482518427739 -3.7198730921859675114 4.9665029743158433106 0.92371104722174213197 0.0019841160963780927508 -0.38308480069524641909 0.33835719494599458823 -0.47315596190903735918 0.81341123937285531031 -0.17964495503267341459 -0.8809764463327796058 -0.43773072903111526211
-6.5147320498411875889 3.9744065861289787911 -5.5415756929604560455 0.96598579560592257032 0.0019023368338982396542 0.25858813546263514915 0.20039041511869237766 -0.63754955609136021444 -0.7438912857778852139 0.16344761918141886836 0.77040699934666412307 -0.61624502524698032691
6.965706369620912497 -4.7478122965510367592 3.3302131083284183255 0.9880192013600410661 -0.0089186688681816058549 0.15407308359789573249 0.09239810919865112937 0.83381804094468359168 -0.54425183877660632259 -0.12361491479694747264 0.55196732868964604179 0.82465230303375769427
6.3144288656471632137 -1.8336916479707923155 -2.5952867608304068803 0.044661991107518776711 -0.0010328790806080107197 0.99900162147571669458 -0.41994405862814260244 0.90733588567948075809 0.019712386490835804437 -0.906450381528563498 -0.42040518992878350701 0.040089675824555338901
6.099001137443946341 0.38102274819584258658 6.4672867302423586722 -0.47767621939100052275 -0.011706610276532898249 -0.8784579584158535015 -0.60065294493898235828 -0.72534882090591468184 0.33628132232774021748 -0.6411251587361120885 0.6882819504289202639 0.3394502725722052805
4.3642308812686909647 -6.8757812337263084501 5.9593250755384321593 0.44041092868019643403 0.0063490117262981525872 0.89777386013913140772 -0.66065791769412485213 0.67940193462695108728 0.31928690391744252164 -0.60792214113912490525 -0.73373885086953349877 0.30341056184266018692
4.0807398755415675851 -2.7417442764332222715 5.0395715224403963006 0.61020018733604608485 0.0083704387352332605687 0.79220304665558416435 -0.59497960760851942297 0.66510434216952707409 0.45125988139577000169 -0.52312044301963800397 -0.74670352201045764318 0.41082703454404145837
-1.9017564104707795902 6.933510909299145375 6.8731878387483353876 -0.9293360396231374887 -0.013381230272761500052 -0.368992504170452984 0.079418235496817077279 -0.98319710353320111107 -0.16436605329127332298 -0.3605929413177283438 -0.18205603060703814955 0.91478321606356105544
1.8355536275421955317 -2.0421998737419926329 -1.0711645055795571135 -0.9904578617869588264 -0.0076063348462693351759 0.13760584178902274255 -0.076460958273937756902 0.86104086554544878584 -0.50275476101230076598 -0.11466013206031640259 -0.50847888012281339254 -0.85340628225058778877
-0.70890212657534179552 -4.1237427541743771897 2.4596355580118856032 0.7411724127945069629 -0.0099359003166140033581 -0.67124118794750209371 -0.59645507421367394141 0.4491030130080083671 -0.66524268365150140969 0.30806622495338864542 0.89342473750846196356 0.32693644558365203556
3.2462781560489393229 -0.60040774919802442078 -5.2801743599565353904 -0.71607937527428022761 -0.0028931858521306086374 0.69801286362250836159 0.63745362481099698826 0.40472444171828636517 0.65563023305149958908 -0.28439972665629709159 0.91443411777523431194 -0.28797055357522005625
-6.6554550106151211253 -3.6963760484983083643 -6.4672802688871877663 -0.22826954533492849198 0.0034433018474735463746 0.97359188490089743073 -0.88821070391427081603 0.408789707068447139 -0.20969673542264546939 -0.39871639058939756239 -0.91262211186631847504 -0.090255863012404832779
-5.6269414371162014277 7.0807594726338773938 6.1896045704590250125 0.014734337637657475562 0.0044266514499580033454 0.99988164502174736725 0.21033687611917409321 0.97760075185333572545 -0.0074275514236760709075 -0.97751792711890861387 0.21042142175327471776 0.013473211514962561003
2.9286722955412778369 -5.7340223260846725495 4.9866493275870720225 -0.63738778740391233146 -0.0015830171617384988271 0.77054156443694665768 0.38942857576110845308 0.86222457256249651625 0.32390457059145294494 -0.66489261753230488594 0.50652372158279523884 -0.54895494043217119007
-6.6515491898931546899 3.5009970282021614096 -6.5683015544444396383 0.995237527662338195 0.0066914868227686543842 0.097249614583741469942 0.013104183484595393477 0.97940163347677244854 -0.20149620522098452002 -0.096594740580354609971 0.201810961910839054 0.97464957381875827469
5.2654000479720570738 -5.1697337522786463992 -3.845145770760590942 0.96980324758618940972 -0.0040254958959079845462 -0.2438554005026634941 0.030748701742837669659 -0.98986722532139292952 0.13862681405711485549 -0.24194251034622765717 -0.14193897145354880673 -0.95985267102307325615
-5.3256676989527864663 -7.1302562389782062624 -7.3479959709284026204 0.68973769161666786953 0.0091805804974523057271 -0.72400112824838103176 -0.095868963922583858017 0.9922739767696659996 -0.078749582742180024297 0.71768451182933235 0.12372579346029505265 0.68528889492902855807
-0.86785365474230768967 3.309847308072646932 -7.3000727828610445513 0.93268941966055507464 -0.00055815701092323290189 -0.3606801005240277691 -0.26340440396761016784 0.68207342298063577957 -0.68219789330795843618 0.24639108430248196635 0.73128348410453847261 0.63601564403095256495
-1.140608234962249945 -4.385679345363098669 -7.2357301651731926739 0.7072234681238013243 -0.0012120777402213553375 -0.70698903598454398978 -0.7051285472856939629 0.071310479423195599624 -0.70548461877440649115 0.05127082930549767964 0.99745343068840397471 0.049577773955102807935
-3.3054349607675308498 -0.45366986192684793933 2.3772997912450972713 -0.80236915189867141773 0.0079580136631098100097 0.5967750112897926007 0.44517254669918765453 -0.65802146022319918384 0.60731306716640975907 0.39752377003991534732 0.7529571222215420967 0.52443343176124757044
3.4971426497334272554 1.3023479338954642159 -0.98461870181568444949 0.69622279242304396796 0.0092978021617591000147 -0.71776554262911296256 0.66013338816754996152 0.38446195819073381017 0.64530063732385201103 0.28195342370167503221 -0.92309401123569756464 0.26153338846849927268
-0.76469906514095553618 2.5260881302422379946 -1.5364994431268614861 -0.93475227013332817805 -0.0021258110339025153637 0.35529378605353939546 -0.2640535914767597192 -0.66491802023440316205 -0.6986842829173489644 0.2377265115821759478 -0.7469133198001550733 0.62097230082832033382
1.1827476632945006507 4.2503142322277440712 -5.3602364920321230457 -0.95078165658127433701 -0.001141346983574872704 0.30985954694891248984 0.27907639497803138351 0.4313914686000194787 0.8579147781599142375 -0.13464994346222192156 0.90216411929661755043 -0.40984057214904018318
1.1754768625280107575 -1.0684056217941440003 5.8195457544232231939 -0.88653481220109953131 0.004728367515067034843 0.46263773008280884014 0.30011288009168030078 -0.75515663415355926968 0.58281276332705833632 0.3521197040192155514 0.6555273452988792382 0.66805360084863429915
5.7219544944123974517 0.63104705367059943377 -5.186315549010908299 0.88700384622941552681 0.00044008596768782548558 -0.46176182507714857994 -0.27478640921980351797 0.80416747065391280813 -0.52707410147942312939 0.3711018810008138713 0.59440262908784136098 0.71342056912543527769
-4.9465941819869021501 6.1121271517173125787 0.92795479889687149111 0.89800324379640950045 -0.0075039341719817251666 -0.43992484028865375123 0.2875240264518376665 -0.74682520673362262631 0.59965160284961538384 -0.33304670594972868303 -0.66497804592269493806 -0.66849389682835624882
5.2756062799888763237 4.6140065672744379199 -2.4458549235321140891 -0.99334732781876433627 0.0041652685667332833147 -0.1150814357452873693 -0.058110381718765410919 0.8446459408864626095 0.53216202239589371903 0.09941966531792884032 0.53530914907341087261 -0.83878474298618477256
-0.20616231170199908473 6.2079445010815561545 -5.9647246653405847638 0.90017449315810760258 -0.0035274088053761434858 -0.43551514239419519825 0.35165394034366048714 0.5958481629434001503 0.72201417780939303181 0.2569540583612645035 -0.80308936246483697552 0.53760774528244015258
-3.4767146200915970411 5.7570041204351003472 -7.1606939383379506481 0.99865229386053033789 0.0024174648081193338481 0.051843532200507247421 -0.048394653700618524284 0.40425083997139421577 0.91336696670914307994 -0.018749758940223758275 -0.9146449662280927706 0.40382302100479977591
-3.2779878304954448431 -6.2852189765047556946 6.3112353685559767769 0.99244547387682713335 -0.005940320666941918161 0.12254262104211136042 0.0482617007197968656 0.9372029440671140188 -0.34542937031406995008 -0.11279534398691735964 0.34873393041449024521 0.93040950992154636268
2.6614890048524753041 7.335389832304260338 -2.3937722453178844617 0.92739120359021121054 0.006731986524693388263 -0.37403239948021876904 -0.35493183748898188279 -0.30005308117406725987 -0.88543296709276742007 -0.11819029672595396385 0.95389875187846373539 -0.27587719174371339026
5.6071341225381301498 0.041292411591790950665 1.0707588988256293572 0.7152146183473794272 0.00016051042539139874846 -0.69890487474223073061 -0.62464323451001380061 -0.44842719826835525376 -0.63932298365851847333 -0.31351057284085903643 0.89381934533190754433 -0.32062142571477136865
-0.8341634060749065771 -1.7535135692560195331 -4.1502286881493857251 0.88950868633028601362 0.005668136701413988357 -0.4568831023022111304 -0.25455810281299995346 0.83651591831338234506 -0.48522292886934792477 0.37943967799276112629 0.54791330576524777118 0.74553104571854877936
2.9277116559121254546 -4.7190437623325038885 -1.0827040761039516958 0.82416405709483131492 0.0061103246493067961409 -0.56631817110671900384 0.53220682945274766507 -0.35030338668069832542 0.77074212805842645668 -0.19367368865414799628 -0.93661635754062111392 -0.29195941688934085034
4.1634620482896833593 1.8410106614259755808 -0.008680074825101719016 0.80939522422276255487 -0.012275095345647295264 -0.58713600897894036024 -0.58351061890968458634 -0.12966932078373763493 -0.8016864878910986425 -0.066292749415793730816 0.99148131060637401113 -0.11211637745287650336
7.2897223322444704152 6.9761935068312066477 -2.5247896276721957243 0.98537271216764088511 -0.00048609192891680818444 0.17041238754896895213 0.029683868958672549737 -0.98421886447951900667 -0.17444797140197013108 0.16780788431760901291 0.17695476969338602702 -0.96980798276959812032
2.2732208735162648949 -3.0538402492114231634 4.6621016482086821142 0.44509702759283542584 -0.0080381506800212432912 -0.89544627095191486887 0.86892160181861766155 -0.23786099595265275397 0.43404768919734781907 -0.21648068255878219479 -0.97126594439317948115 -0.098886699514198636574
-1.4027232286173525466 -1.1415100489943319495 6.0944805016097030048 0.97456039854541542944 -0.0019554987901456983949 -0.22411650008780198418 -0.22081178057728806374 -0.17968212657321899761 -0.95862218363052398296 -0.038395144815611362277 0.98372278077448715994 -0.1755428820544256141
1.6288595467398367944 -0.20766553398590995028 -5.304627249811869838 0.94710375435521021448 0.0058844726513720300651 -0.32087357552134737615 0.048323107542701242145 0.98581780784967609765 0.16071131573104077694 0.31726858615948633213 -0.16771589879375306542 0.93338739091977696027
-6.2108714334971386606 3.6388367227278242133 6.3318384539312742021 -0.99751780183083704756 0.002016158389707626078 0.070385866023676038616 0.070068444973240842644 0.12743382318628007632 0.98936900786671333474 -0.0069748153799394996613 0.9918450261071227736 -0.12725877626689716116
-5.1226455643196597833 4.8927784303546806299 -5.1526035055008208019 0.96699538496120940323 -0.012848853694687332322 -0.25446970826116138698 0.2545529980287765115 0.092136411315981103787 0.96265967657547479863 0.011076852365738647579 -0.99566349168212375798 0.092366198758621287368
0.5948563944423345129 -4.3776500773789122078 -5.553056827394480699 0.98118458719116730116 0.00167571945128348887 0.1930647503374031404 0.050173360812775458228 0.96339458371679864701 -0.26335054571813959479 -0.18643883641364017434 0.26808220386590531081 0.94518384044974801395
2.6531864978102497332 1.7239526815309664798 -4.6937655025346005644 -0.73316075688087767315 -0.0023743941462158581548 0.68005122367538306527 0.67999332526930256204 -0.016067182947704872209 0.73304223836115700585 0.0091859762248692813924 0.99986809524289321782 0.013394400181894281637
