1125 14.717824617146108679 14.977075390850430381 15.033177056927090831
2.3914759382902817109 4.7524497559425382676 -7.4423738429783279358 0.99414209825324750813 -0.0029937722823165629354 -0.10803946412355391882 0.073315569223168175483 -0.71578717173047812228 0.69445917957474512239 -0.079412315103264644045 -0.69831208074447725931 -0.7113746706878165682
3.5720402615243642686 -5.7806513330627975478 -6.9723634067770641209 -0.97346391718813585214 -0.0026308532130377218494 -0.22882543683789810518 -0.2109155777813318533 -0.37763333049429681498 0.90161393442475790128 -0.088784125731209473376 0.92595148161839369028 0.36705753323837447821
1.2109527764788408088 6.8782251722365241875 -5.8707550631303151434 0.96309491670935731822 0.0071465345288903910775 0.2690671077124930366 0.24925096556814835269 -0.40100663035221201236 -0.88151440066338182522 0.10159792110037033086 0.91604727468502356036 -0.38798872789077670786
1.9753053396091697635 3.9096847525360680642 -6.4634053127303703334 -0.96329333441574616081 -3.8219344431257747108e-05 0.26845102050367447566 -0.17444759035516763102 -0.75999025683845622403 -0.62608533582076963953 0.20404408859222342154 -0.64993446442694824405 0.73208688136080457554
-3.46032618371269729 -1.4780471889251207696 -6.507558884977871827 -0.74399656309900807916 0.0048868523777240964814 0.66816557287153721667 0.6509234775604096912 -0.22051415734627841103 0.72641044373724306116 0.15088982887377902498 0.97537153181935976054 0.16088080823627809446
-1.5840346157364879609 -3.4618759168804684734 -0.63616504782415883579 -0.9466624106898033908 0.0017826944009468473698 -0.32222213174704944505 -0.14260944771180136814 0.89440015850205556447 0.42392322641577218079 0.28895125126956378026 0.44726410371516944764 -0.84644078110499254564
-3.3970646817714209575 1.7494860970031165248 -0.9561367311478311537 0.33357308270828728292 -0.0060185493486603573038 -0.94270503104426905949 -0.89402754568865061557 0.31521567299068203871 -0.31836115820071664295 0.29907147313374704556 0.94900097816853101751 0.099766714854695542902
-6.8150817956802107744 7.2893513218175423063 4.4660987907548461706 -0.99934640241071981404 -0.001986797954702069352 -0.036094606560603863243 0.0017166182601541044722 -0.99997029028998996036 0.0075147694004030173021 -0.036108464528765808754 0.0074478971045104057358 0.99932012269236314417
2.7363303929136297832 4.5935638288402529383 4.8482576110608412989 0.99483363031147142852 -0.0038202452869537397405 0.10144680245009872477 -0.080499092356662110825 0.57917205741224286886 0.81122106977241636994 -0.061854216761389101131 -0.81519637734647887317 0.57587231417211381945
2.4920456889145148338 7.3622539181660267005 -2.0776351880843102471 -0.87587233457264701553 -0.0081357100812473742701 -0.48247431408493940408 0.12373884874346799401 -0.97021199514126799102 -0.20827237405799881031 -0.46640792321954671618 -0.24212082666631282168 0.85078854861390962316
-0.20998967673252252886 -5.9665881433306973136 -7.2004156890986745765 -0.76994079820067395925 -0.0038598417431031551046 0.63810365058336182553 0.33120241082097351404 -0.85715629274999782794 0.39444651458153323631 0.54543205840185926547 0.51504193171122036876 0.66123798911336950646
1.3837322473015987168 -0.19716343925560730899 1.3333943000543440061 0.94516911803974046347 -0.0043438925544718887811 0.32655239840100852566 0.03979561706663085896 -0.99092814976427412432 -0.12836553613368989479 0.32414757004523109263 0.13432249477313507047 -0.93642181746881181237
-6.4867658456242178744 -5.6269324496187094198 0.89132366090878667464 -0.84477299421985208028 -0.003141812416434050341 0.53511561110814787057 0.51112622890053982516 -0.30084417022137827091 0.80513524539289305082 0.15845682808547703613 0.95366813633391989136 0.255750893203784746
-7.2452110977303005868 -4.6571580652977528914 6.3454239231360443085 0.98670404305325942751 0.0040534300431977086585 0.162476771039272605 -0.1617670322848455966 0.12107582165341723712 0.9793733060875280394 -0.015702187370799328137 -0.99263498584122733526 0.12012171409000904632
-1.151662631968588979 -1.4015517061274602728 -3.2412767801312454274 0.82530699973459153984 -0.0033269082679158535135 -0.56467449727299190432 -0.41125084355723107166 -0.68880417430466533979 -0.5970105134199190644 -0.38696395163193603173 0.72493981897935544367 -0.56984310033158525055
5.3488247551675263125 4.045407197176248637 5.1558706132480072171 0.980412480443589196 -0.00089920656992288974796 0.19695319143910430815 -0.052969579315907643069 -0.96435009112015812605 0.2592742282286564226 0.18969868702119280224 -0.26462821690816257236 -0.9455084954447736667
-2.024402177323776808 0.12639895571112988448 2.5580908341745969281 -0.81664941617541042529 0.003906669165247194167 0.57712084436138400001 0.57677247113794816169 -0.029867914957826306732 0.81635863699329369592 0.020426639414695271085 0.99954621983789637696 0.022138356084344577857
6.6160033464123335634 -0.83305282723204276962 3.453412999710084641 -0.87242652360138361889 -0.001469144778821382738 0.48874308438127150866 -0.23108051341735522111 0.88240379180065242615 -0.409835753119127566 -0.43066664281750766108 -0.47049058420932354796 -0.77017196322305181422
4.8259709660777039275 -4.8473964050845621543 2.862108833932054619 -0.99224956453011159407 0.0078857228182775494091 0.12401055223373572134 -0.12022305788140991156 -0.31326823795132963113 -0.94202411192314572386 0.031420026150877661264 -0.94963194263175454424 0.31178831839915804869
-4.9970762295449135948 3.0288976003222849442 -7.1191846339317468306 0.70132457287049698724 -0.010964850055669978987 -0.71275775376427030761 -0.033107989057898704055 -0.99930370059341944167 -0.017203925152372720464 -0.71207282250388592715 0.035663511371839130837 -0.70119926512241925742
-6.5785809907739460911 6.6894209636366470662 5.8897925427951589583 0.60728704559544954833 0.0066556487373052577658 0.79445462210995065888 0.68904399007517358466 -0.50220404235215354571 -0.52250309050408427769 0.39550072565440147487 0.86472354089905367758 -0.30956804392862635744
3.730082217025961544 -2.6488713527330891573 2.2209409331462746096 -0.86937713259975424318 -0.011615948794411154119 0.49401262235485299268 -0.31719691133362348801 -0.75345389694127773428 -0.57592824607278536586 0.37890568846710898088 -0.65739812512483442042 0.65135104538913579653
6.7722330129855556891 -3.0513156520115964909 5.0523071807427912816 -0.98960011386462221061 -0.0085874672952902259687 0.14358924069929052125 0.018456632269939057811 0.98238523011796519135 0.18595325318820629668 -0.14265681674702601622 0.18666953434204405782 -0.97201003985769052207
-5.6511912394148113847 2.3571822038809520095 3.5573023186505565718 -0.92830876339068624237 -0.012703781132397767156 0.37159312931905308375 -0.36597693678027259923 -0.1451182269149058901 -0.91923967601599976263 0.065602755712867111271 -0.98933276209881859664 0.13006523086845120374
6.2113411996820717675 -2.9885147445110340492 -1.0882694939461645678 0.82511714301491889678 0.011294834082521713545 -0.56484876473787404283 -0.54679610919763110832 0.26745730778456411336 -0.79339813680076476388 0.14211162960575998704 0.96350351075421247771 0.22685958100808525928
1.8683312555769715502 6.9191222841477610928 4.2139393737902839376 0.82695647304348707252 0.0025180839756744656521 -0.5622603053252744898 0.1395163156495321799 0.96779749624599276103 0.20953091401387594073 0.5446817321693304681 -0.25171743188146478154 0.79997509031716296235
-5.9958900020093954808 5.775222463690279362 3.9713872434917254495 0.3426863858883643088 -0.020841428675731150238 0.93921865174073126958 0.9390093237209945487 0.038212237883888139356 -0.34176207343849124287 -0.028766836667672594785 0.9990522807774812053 0.032665109543320879071
5.9343271574604754548 -1.1727259612381875087 -3.7412219997152789119 -0.64561431041602101999 -0.0019805191951038185472 0.76366107647939396319 -0.68279095214224971855 -0.44637068846868005467 -0.57840273525341789895 0.34202145818455553794 -0.89484595658682397623 0.2868310236386877321
-3.9786027029109125586 5.8547747912332885889 0.85110011190176770857 0.96757198277570111156 -0.012042572980488136514 0.25230821346854681586 0.2225657825551478064 0.51300848539902088596 -0.82902760288435806135 -0.11945262903465757309 0.85829905647425042137 0.49905290207768077115
4.72771226011197232 -6.1255418426618009065 -1.0141325722381875352 0.99425296820050135249 0.012842488901424663206 0.10628313931775086598 0.055100843622313815107 0.78979697864867770551 -0.61088839369349567932 -0.091787429730442765541 0.61323388930831601584 0.78455035832464126155
-5.585488102630526086 2.5332451747710766909 4.9886445226935709485 -0.98482039773923801818 -0.00050642169902992417718 0.17357571181970030127 0.047297562305956164508 0.96137204778695406482 0.27115812053820609329 -0.16700815787436223969 0.27525175616320757266 -0.94675484996505787638
2.3612125192386792527 -5.6251932755242979312 -1.9311134923699104782 0.878660774000254996 0.008856436478065835699 0.47736443915146337114 0.38632163015241527404 -0.60070139459789162473 -0.69993816341486669863 0.28055452644685879848 0.79942441672815978126 -0.53123418529787247433
-4.8947906626262405183 6.4748083580939130854 3.8349272443384143649 0.51409152959365655988 -0.00019196454195417704536 0.85773531019176418866 0.20485484137092668799 0.97108830050456684813 -0.12256429573903930563 -0.83291319665805430006 0.23872049717763113574 0.49926759464266023958
-0.43021295896941813552 4.9337484515357665771 -4.5049974805186518978 0.98545249795927813974 0.0053578029734472039716 0.16986661889027915295 0.14084742311312919982 0.5335900855892246053 -0.83393262555395719637 -0.095107190413223879899 0.84572626452547783327 0.52507304998783022043
1.4332646149756966825 -4.3713427348989037924 -4.3622602370254091042 0.96724191520313240744 0.0049137024260873900239 -0.25380885130879682343 -0.23299270116951861787 -0.37975527173272533021 -0.89526551078041693987 -0.10078431760922926252 0.92507393710974605838 -0.36617035953823090511
3.0138275167740453675 3.1092815808219418372 -2.8141410849051289311 -0.091496021735588156654 -0.003177203078520893318 0.99580037326111625617 -0.81710164582636168884 0.5718207651533744329 -0.073252391955158854819 -0.56918659365298052144 -0.82037242635269302937 -0.054915423021934785253
6.2377904179330778689 -6.7086336890967190882 6.7609905681134749855 0.96969332085956272405 0.0044100160091269744594 -0.24428551991292241086 0.14345282034202599952 0.79907803465796978237 0.58386264040692470445 0.19777803673875335444 -0.6012111495023186869 0.77422800381916168089
2.2444867788900029204 7.1249203827286029522 -6.9643502753210979606 0.9996884342668649337 0.007222184337458017675 0.023892979018850943329 -0.019916621508276083352 -0.34617921192479977899 0.93795697205086814296 0.015045350800046318127 -0.93814060421907863319 -0.34592751283298972531
3.1074128212658664872 4.3213673660733062931 -5.2659196492540107926 -0.96680257984487216749 -0.00051464463586778363968 -0.2555239846789160163 0.0029111996666640587578 0.99991088452790755081 -0.01302873436892646071 0.25550791870662192817 -0.013340095339087428006 -0.9667149245431220228
-2.4806826868439419975 5.0959458698917572406 1.1702025097664761066 -0.80187825668101431198 0.0046233839638868349381 -0.59746956891804192669 -0.57373225763095903051 -0.2851205463296433984 0.76781349989063296668 -0.16680095328266345001 0.95848051538961087648 0.23128455115420959443
5.8183452302631781805 -3.883988508352969049 6.4637871677854459307 -0.9950144750436407115 0.0088413329657015156393 0.099337934773753938655 -0.098600831196180419025 0.062292324080332736602 -0.99317548421612389387 -0.014968985975752392703 -0.99801878599147442195 -0.061110001364717198014
-6.1167609349525928764 -6.2651970332989517232 -2.6432039442438659549 0.95929536163883100119 -0.005876284513660654657 0.28234354679800410803 -0.25928199814033958681 0.37788505996930360498 0.88880578693681000502 -0.11191628379519111269 -0.92583386778213960788 0.36097977047084767177
6.0930957474535025753 6.7357283974516235503 -5.0784001151769890825 0.97705184841746106628 9.6581745388567806498e-05 -0.21300158726188758718 0.1911349368528803272 0.44094163256886598212 0.87694806720901807839 0.094005964801927785479 -0.8975357749636333482 0.43080437699986096067
-3.850260811451856835 0.40521062889309494848 -3.8050198085340394272 -0.50178203651789055062 -0.0073337638838753809595 0.86496300714846741098 0.36707358818506624631 0.90365309253973191694 0.22060840691222463605 -0.78324438630920423243 0.42820241037471101775 -0.45074485805648056846
-5.5704783042138377169 -3.9729209220771171118 -2.2679601693394264572 0.95964487300042544682 -0.0051192584235421317168 -0.28116811860029711223 0.16066171726309472212 -0.81061549895092532836 0.56310773877344566518 -0.23080192878337979501 -0.58555640723470325781 -0.77708053869355586674
1.915700120943991891 3.3640691631745864854 -1.6565465871324995817 -0.27818086716498990896 -0.013901021791021501289 0.96042811638178393618 -0.2530257195043694729 -0.96351877422197274026 -0.087232774753568415038 0.92660314612711236482 -0.2672795041058718124 0.26451517210233566058
4.7063456990796286306 -5.490534334472956246 -2.4474508243842176825 -0.63030327391526985714 0.013980477085191681669 0.77622311815109090727 -0.50697804352990727406 -0.7646227027892090744 -0.39790122613268147367 0.58795496959403270587 -0.64432652330923712025 0.48903198779819562203
6.3967870800990596081 0.09497634457947709552 -1.1292452854416452634 -0.98741802811462686673 -0.0053099948285012486815 0.15804253133001205933 -0.10649251997518768831 -0.71649389290594944768 -0.68941703243953922353 0.1168973093943492525 -0.69757315414466747328 0.7069135121590109927
-4.4504479674365393649 3.0542087536042905604 3.8057540780300569416 -0.86292690110571179662 0.0063811082105230381573 0.50528847681897171018 0.45766806149665678616 -0.41405111511373088318 0.7868301084471661655 0.21423610534635481595 0.91023126486130079282 0.35437541623957313774
-6.9309233157939580394 1.0053706263702022472 5.2971059749080717793 -0.98665413597001505597 0.0037319073969786170988 0.16278725023931814309 -0.12451639245505230491 -0.66150751706982580114 -0.73952922381078345371 0.10492513513579525275 -0.74992924848097308743 0.65314381133822785319
-5.5698144603165484767 -0.3928643813146709407 -4.0351781665917609843 -0.99800953304161887925 0.0084109925361592029203 -0.062499817298758995887 -0.021999869142063782634 0.88236867210919578408 0.47004418115534268852 0.059101418896389118496 0.47048356154581305599 -0.88042730568721538909
-3.7336174119433254148 6.5110661579405499921 2.9489362098335778484 -0.058856591496307140987 -0.0064872166164233330266 0.99824536946494213385 -0.017148139734920405525 -0.99982476624503091589 -0.007508535598279983056 0.99811915267723549938 -0.01755997789780996271 0.05873503413775541665
-0.19609745746083639961 0.0042695760422833918188 -6.3813096123789181391 -0.86640748167863590457 -0.0045323006707834838369 0.49931706754522808822 0.091159877018138837923 0.98171824185206979507 0.16709030623304638175 -0.49094597718421373322 0.19028597390677279289 -0.85015486566920328571
0.88823816274921396641 -3.2258042403887938754 -1.3797644698647200112 -0.87187119708545024466 0.0085599975999936933624 0.48966043554044402786 0.4392513914957975607 0.4558017266959640823 0.77414662759075736354 -0.2165613787398838197 0.8900401745888721905 -0.40116038794493930064
6.6598652067444472635 -3.1728856877573958784 -3.780577424475520143 -0.89939303263610181904 0.0027830055888431919422 0.43713204838519020834 -0.30688020498387486024 0.70812641535849341068 -0.63590999336440401368 -0.31131449152678863923 -0.70608019002911548423 -0.63602991487338123022
0.81462800922602662812 -3.5517567844964466062 -5.7129230928497225506 -0.99587329673316571377 0.0083287668715051541013 -0.090371502677052947816 -0.064154944600743890604 0.63971520863103192855 0.76592988904298275887 0.064191276175107961355 0.768566902415514841 -0.63654096221253297916
-3.8350436148051114671 4.8623549292651899734 -6.9919521674655191745 0.77515090917747819788 0.002198210848423053955 -0.63177229748566032796 0.53171479762218953891 0.53779851666532096921 0.6542569292426122507 0.3412043991376317309 -0.8430705328390925013 0.41570618791107816214
-3.6384033426404989164 -6.3629597751258346605 4.7073928415842072326 -0.96155181651853605107 -0.0041049602878934395023 -0.27459288674519682916 0.25794734875547370434 -0.35662418143076474175 -0.89793226831925354592 -0.094240487159540156648 -0.93423891083586230177 0.34397149309214286594
-2.4597522476267719149 5.4392985007577063783 4.5470123376513251756 0.91871817636076524849 -0.0079737502423888988179 0.3948332961281167397 -0.38890682301766288376 0.15545052988643562331 0.90806751718602041201 -0.068617748685150095622 -0.98781149622049868597 0.139714181457266301
1.8723963343486278443 0.93993266865581726055 -0.36784662923555255798 0.99976390818757943091 -0.00011785089503516497922 -0.021728184382615589598 0.021699096510632530366 0.057423820760748270353 0.99811404860352459512 0.0011300867315011033781 -0.99834988401877533537 0.057412820724797947181
-1.3980537361176155198 4.6883789539443450067 -7.2993265034354264387 0.97562372063792923704 0.011720903220790146113 0.21913688908138154177 -0.027806081910854221761 0.9971267646389968542 0.070463019018802391935 -0.21768136699624818231 -0.074838731069978403632 0.97314643645982279452
-2.8946931325349134489 -0.76509239061399259008 6.9357227976718878182 -0.28822369507903350394 0.01958641328200931564 0.95736277032776317952 -0.032918013661616889187 -0.99940251801112445218 0.010536193314869107471 0.95699712955243010359 -0.028477700183538914858 0.28869623243245101651
-0.52990520445771671643 -2.3103546165475625784 -0.4094506264820244601 0.92784580315881970414 0.003654096330248681173 -0.37294612632481333181 0.19070804691214929272 0.85469437651396940048 0.48283326687226302276 0.3205192761810399249 -0.51911864764772652769 0.79232772465744683021
-4.4732902530669287344 0.82435197870070076043 -6.6610926788459954295 0.62751549344441259759 0.0044329938760687805435 -0.77859145516285976907 0.57981799967893044023 0.66474006015750775056 0.47109631676560143054 0.51964929783027602461 -0.74706157777453474633 0.41456435722020890111
-3.645585970111963281 4.3383896778917678816 5.4700434471779990631 -0.60595086355945493306 0.0004184367873059247761 0.79550196471296985568 -0.29120046738262272967 0.9304749529526060714 -0.22230305828746382835 -0.74028767296745645599 -0.36635527406945250783 -0.56370025227409015223
-4.4479474949226753822 1.6060554630681842525 6.8932549942570329193 0.35323179293016387925 0.0073393554240627073559 -0.93550704664657025056 0.24444259655748462601 -0.96595573135196333148 0.084719195326597052098 -0.90303660914260286408 -0.25860328484081990252 -0.34300032597353546926
6.5484954138303876903 -2.0278017214983701244 2.9252965889788837828 0.85847678415622896697 -0.0091642602630577704725 -0.5127705406892225648 -0.49501945586987516901 -0.27617507429438459265 -0.82382223000396148649 -0.13406472084457307647 0.96106365276825844735 -0.24162637677321657792
2.0238961585157495549 5.1569960860697605654 -1.9533677942925569138 0.03540516700100834746 0.0048051394381417658619 -0.99936148854394157848 -0.89002911096314452077 0.45495834748098451517 -0.029344227636756026883 0.4545268482585422265 0.89049975445943285735 0.020384590253231849727
-2.9140674689511252282 4.8169543585698431087 -2.5803306072861937892 0.96616748132991403519 -0.0040668179033755674084 0.25788342136078035161 -0.043653910203556967051 0.98287093171404427139 0.17905046136622979058 -0.25419428424831691515 -0.18425035300813125128 0.94944040006291829936
0.2383047709009968318 -1.5215321866773814374 4.7002554653505139726 0.96076067269881715305 0.009796754047839893037 -0.27720561575358071416 -0.23777514299030089173 -0.48553724935089670467 -0.84125891428780985581 -0.14283525885144043865 0.87416108532859182478 -0.46415566971214683445
-0.5123340993840003188 1.9576481812644004332 -3.2814581903880464253 -0.96173873820062316664 0.012322442902166890963 -0.27369098787713896925 0.15212502613290659892 0.854850661667567846 -0.49607290056065284078 0.2278520920867194155 -0.51872777412382486961 -0.82401754865057341704
6.3856692537115335995 7.3519401311602399218 -2.9611176024492369407 0.736083147758565981 0.0052188796897947222625 0.67687100904132790902 -0.59079843744473647948 0.4929961808106398391 0.63867986661477949006 -0.33036162897462245658 -0.87001582112108788447 0.36596948657002148497
1.7415347816339212805 6.0726702334708901887 6.1196681467107207908 -0.43306579843529841023 -0.011692295256273976117 -0.90128647191509281278 -0.47373971941158599108 -0.84771889412069700853 0.23862806792704466252 -0.76682768108450749533 0.53031685508041781496 0.36157895505711706852
-4.8900445386433872841 7.0677583418055878184 1.8143869971530532936 0.96419852878326861578 -0.0070458127863536543223 -0.26508782245574930014 -0.26416187809796909391 0.062054809755302559049 -0.96247997524413231307 0.023231428107104677705 0.99804787315453147301 0.05797192113154795573
-0.82364241864794973669 -3.4588976547746854706 6.1747159673066542851 0.65941858954984355901 -0.0017476169594962277093 -0.75177394846532119566 -0.08113810667602470994 0.99399051928363246766 -0.073480985427690478917 0.74738459403524837299 0.10945224259635732977 0.6553140279205662555
-2.4052820188052828065 1.9546639834677090874 5.7610958538121330719 -0.74306143918959621786 -0.0023944569399123021708 0.66921892095597079742 -0.47269537130879596409 -0.70599589340235879842 -0.52737926053447081731 0.47372859691252128256 -0.70821187865972023978 0.52346647590122696858
-1.9363185338879564945 -3.1244123690794216586 3.9880004224110345845 0.98579253622086959741 0.0041031940476376777688 -0.16791735863174767074 -0.014186581450382460684 0.99816341723691970333 -0.058894256059474181519 0.16736730994441262332 0.060439691334844232451 0.98404025693732855018
-5.2843290357731280693 -6.6855670582227313403 -7.2958773709876663105 0.93453627018284191053 -0.0039480720895305248738 -0.35584599539634476084 -0.02132724267118065592 -0.99876248966132008533 -0.044929255117713798318 -0.35522824835992711234 0.049577232397081297255 -0.93346397337822673013
-4.0603627237491926039 -4.9011109923258828758 3.5320681498312294089 0.88541283985884944308 0.0024018782748502259979 -0.46479924052643362131 0.39759418710396915442 0.51404870542445812998 0.76004788719694360566 0.2407549903830006055 -0.85775763443535391062 0.45419035125536827424
-6.0196726520999757071 -1.2480300182652013241 1.9219565429980232096 -0.84153520512020230093 -0.0029703349464569586344 0.54019410923623700782 -0.48889789317456783246 -0.42115894170746603908 -0.76393978549967878067 0.22977673640445547831 -0.9069819860008742074 0.35296788590065875102
-5.8853341260834053372 -5.7145677891941462079 -1.7308007128276265973 -0.99828582337917082246 -0.0071907531023463954964 -0.058083628587494440243 0.026909359905580257366 -0.93769895231414568393 -0.3464051979668012482 -0.051974043421170866563 -0.34737439154133303854 0.93628506925599963573
-1.9935987033178241834 -1.827437923841435552 -1.5756546755542526483 0.93315153565510267075 -0.004650843432259386262 -0.35945316963391499288 0.32752462976046425869 -0.4011549205739656232 0.85545446787046774961 -0.14817499250803933819 -0.91599841667687620372 -0.37281506439603356862
-0.30548073167825556817 3.7036108446619615542 4.848010811837322187 0.99999679215917303132 -0.0018961096595032575496 -0.0016794164872783281291 -0.002449455380231306198 -0.89272084667737738872 -0.45060347321781052399 -0.00064485651028044427627 0.45060614140930371763 -0.89272262740691843419
2.9094223702414439003 1.7345266477321994447 2.9494537190503677948 -0.98273652710460435156 0.0069278035694614456194 -0.18488083684375419824 -0.065032408317901260753 0.92259381691016306704 0.38025180455510693145 0.17320422674614935343 0.38571058390554041617 -0.90621611180805405894
-4.9679623186766086462 3.8690240819652506055 -2.6074907494030616917 0.99997490523249799033 0.0014528803595869940052 0.0069338332678161983952 -0.0060195490030397202919 -0.34182546076403647062 0.9397441776372491562 0.0037354966103264729965 -0.93976233352486537864 -0.34180813704915580242
4.3431551210888894587 3.7279778122129538787 -0.68054021535797604159 0.93200994276419135698 -0.00042140350344227754838 0.36243246130517292602 0.3192539766593958106 0.4743233860012290859 -0.82042319803840713099 -0.17156446303312955504 0.88035058238836372269 0.44220864658298608685
1.30780067647008158 -5.2431251447268323318 7.4875557783547179724 -0.97797335981074684508 0.0028812113058210588566 0.20870986110395511881 -0.20724862385373393758 -0.1323101338372579816 -0.96929976601399969738 0.024821672211255203788 -0.99120418033080126552 0.12999291320400488403
-1.7964702496705893253 4.4746969646251120167 6.5928703863774931193 -0.99364321084437889908 0.014942281562569017378 -0.11157910989281008551 -0.065818457875028948956 0.7269887701387194312 0.68348757025653539277 0.091329623593407224802 0.68648674882617111148 -0.72138397787893182578
5.5319560694693867831 -6.121944800862073599 4.8792781181510758159 0.96794718749393970914 -0.0034427497781153223316 0.25113022457791162045 0.23939490131712395926 -0.28972668949900126645 -0.92668685466842848353 0.075949479563457725217 0.95710322999451646897 -0.27961595749912421249
1.002499011812812757 -6.6589783272274951642 -2.9974251732003116544 0.95864970544676220143 0.0036347092215505590052 0.28456551290648379737 -0.22056919706094180178 -0.62236454062580570668 0.75100706246966586477 0.17983317701338594197 -0.7827190859180829241 -0.59582787865699771146
2.6977878356228197632 0.34933267839540538269 7.3705477272811181777 0.88039112246805018014 -0.0070455580500614171935 -0.47419598436860155299 -0.4411014527161000176 0.35508421277022017559 -0.8242237015842792669 0.17418662374409621396 0.93480776737955384448 0.30950518276037281007
-6.6064559169951717621 4.9700672561103171887 -6.0819164150377753586 0.96124917414820998385 0.010553920467084454068 -0.27547892834490689262 0.095866166942991520861 0.92410574641890785852 0.36991654122433548224 0.25847573045641719647 -0.38199107868965176404 0.88728412166939429895
-1.5074340816609639315 0.16328982505421849036 0.31237156722775788475 0.90881670973683592596 -0.00020376854963946957645 -0.41719557353990710524 -0.33295070015384625739 0.6022123619779022885 -0.72559224248074205565 0.2513881846270817344 0.79833591273312487502 0.54723281249434574391
1.5771168934896329095 5.2788254990402094791 0.38116360026199702649 0.46046789327248016654 0.0051559346044318778504 0.88766138566649288588 0.52003675610292909859 -0.81197957349903693292 -0.2650489474083173036 0.71939633830518434632 0.5836630779470196595 -0.37657179909578197829
-0.29512154957724417992 1.2454901223245091746 1.8072005585591963683 -0.86941572641480979744 -0.0043589706426765276528 0.49406203460460706989 -0.48129973853626900615 0.23344834163274000294 -0.84489788345919891732 -0.1116550775721103228 -0.9723594351699061944 -0.20506163095153154274
-1.7099309267757463182 -6.9185483206944669021 -4.6525880858016028796 -0.92882673358035783284 -0.011255312985970362602 -0.37034337703824232735 0.36771350163936389333 0.094667186402214262286 -0.9251080501925029731 0.045471746157676420919 -0.99544534844872034629 -0.083790682973049979143
-5.0188783657684261641 7.2013809069294687504 -1.7175016070626840659 -0.74958110515762621517 0.0078622598316046218847 -0.66186581091711504943 0.53109039223447485067 0.60394564006454543037 -0.59430014228762539918 0.39505842867460649881 -0.79698673057792623897 -0.45688181099256697237
-7.022250494355443351 6.9602311330156627633 3.4561163585165823875 -0.97410090038785202005 -0.011379648040290521807 -0.22582723368552301557 0.16391404598648309787 0.65242362027518374656 -0.73991594470947830153 0.15575500438796707758 -0.7577690435202533159 -0.6336611517921504344
-6.1336144417419538044 -1.8851244442290495673 -4.5602144012378680316 0.8658234332528601529 -0.0061888543426866834268 -0.50031138355237536608 0.3287786498009016567 0.76078482393899482528 0.55956326818243640187 0.37716625228828931649 -0.64897469114431360904 0.6607400914041907658
-0.98315881489765233336 -5.1728501918931097947 4.2385346593977288876 0.96706003614789426415 -0.0021639249624841889325 -0.25453919917033496212 -0.24369246096794763834 -0.29678351393295976379 -0.92332742314135729522 -0.073545026703934257561 0.95494233505813352902 -0.28753480791154784058
2.2013348882178713772 3.821482597747632326 -4.5704303025538104421 0.9072804348238499017 0.0033443333943508624095 0.42051281552388941609 0.22267107096069146954 0.84445883271749100363 -0.48714153385091557569 -0.35673492503946330201 0.5356100216384779289 0.765416290640333008
-3.897395025160477644 -5.7881713471484079747 2.4479591239763625055 -0.99999474681585143188 -0.0031827824571250889693 0.00061338115527052395129 -0.0004293891120414822845 0.31764672078323674675 0.94820903623658003845 -0.0032127815987915923218 0.94820379174068147865 -0.31764641877866517383
-5.4794382350242996083 -3.6463107539642960475 7.3454904613175857619 0.81077386019069075385 0.0073033485197298532096 -0.58531394031909111941 0.27559861123552892304 0.87739824084841355756 0.39270565623778147524 0.5164214878532148445 -0.479707189915408172 0.70935876594783975335
-4.8775139308218307121 3.7071687809792823742 3.1587920032288261396 0.98015860609685312443 -0.0025920435378883562895 -0.1981978511603479931 -0.057542907688849537218 -0.96057308926512463554 -0.27200763583829451475 -0.18967846654009298812 0.27801550584443268654 -0.94166313395029466182
0.47981473894583420714 -7.0752611773406917095 -6.2994226163825395304 0.92837654260890423163 -0.0028971270352454794872 0.37162965676663017867 0.22006231455083072324 -0.80152752062601362315 -0.55599119722676160205 0.29948217450804637263 0.59795086782622219879 -0.7434817999238626518
6.5416844146400290327 -0.76134843444981059601 6.9950933033964126651 0.92412453715906595075 0.00050414483432695625376 -0.38209106984916407779 -0.1509127254647200933 -0.91821378444440215905 -0.36620867732644962755 -0.35102590946157768981 0.39608482916470383328 -0.84846780669178256673
-2.4828420809513129797 6.7695510089601986792 7.2677386808517292494 -0.94384650158189964397 -0.0030187928110382636349 -0.33037050162139747211 -0.28357288561131471782 -0.50570413094294519585 0.81476975305506782465 -0.1695293484848093557 0.86270169748139879928 0.4764510270375924561
-5.9898162010406252875 3.0189817050217131467 2.6317723262458199152 -0.89361887856720445544 0.0035109272390143227149 0.44881284881122673891 0.12588581363077180897 -0.95787057413153242624 0.25814090171727005485 0.43081093509174556155 0.28717875374556683932 0.85552925233588039688
1.1679462434447269725 -5.9351789356095263628 -0.16835538328062979452 0.93583563991994411779 0.0030547332973433144812 -0.35242350043661430092 0.02632872551207718001 0.99656227713736811324 0.078552059168648227794 0.35145192170258732212 -0.082790678166028225382 0.93253806911047709693
-7.0909928983456698148 1.1069538869043538121 -4.2709944391363494631 -0.6219596402775928734 0.0065306248052544070559 0.78302206661465223458 -0.70872775412043276244 0.42051680232365962198 -0.56645440196265917088 -0.33297323677005574716 -0.90726124677689823361 -0.25691604405264001354
-6.1185764667878004275 -3.689795660661850718 -6.3212151483736960245 -0.96633695434336930319 -0.0031788914915624700772 0.25726015105176336384 0.10784648081953826515 -0.91283889501890225215 0.3938201217757308914 0.23358516058423078876 0.40830753898198646201 0.88245278987912023627
-5.5381830779145806432 -7.3043195098320579106 6.0598619781472926604 -0.70484270942706916951 -0.0048818153287520163475 -0.70934682831930095936 0.6750309950221431432 -0.31194546735280398453 -0.66859792189132138951 -0.21801355629142935011 -0.95008746611937877624 0.22316786506134231316
4.1936869242993886076 -5.5006976928993802645 5.8596787465741400069 0.90482332193945236298 -0.01052365826857915021 -0.42565714923050945728 -0.2691866238039842818 -0.78869934707800470886 -0.55271321811919871259 -0.32989895064918456358 0.61468902099780098336 -0.71646639127404743164
6.0979250288233579624 2.9701014487831347566 -5.4068356654435234532 0.75637807225619124729 0.0075854868603135363475 0.65409072168862292251 -0.18824954833228008111 -0.95510673795593103996 0.22876456601518030398 0.62646174612888694266 -0.29616478436936310992 -0.72099382877863027463
6.9736013086953176909 -3.9940448687612279954 -7.1550817744166552714 0.99415582521787515535 -0.0040225133778195951845 -0.10787963001302852684 -0.09682985682149060358 -0.47505139605701401928 -0.87461428637555582721 -0.047730221176410597694 0.87994885674706091461 -0.47266461206233401082
-1.2959758333200814828 7.1434344111262477739 -6.6142221758449961655 0.91495364502620746272 -0.0047587055563236323533 -0.40353089370524031221 0.14587257944297324364 0.93622056347085802486 0.31970650149919455085 0.37627253157756029855 -0.35138072123509195288 0.85729258175059785962
0.58076220196394989781 3.9189030340099102467 -7.2005524366738935527 0.83409190899425866839 0.0037594279129792925083 -0.55161268481799596852 -0.29835272542946211782 -0.83801792822176535136 -0.45684965054995968492 -0.46397881264026935577 0.54562974504754158112 -0.69786233795799601509
1.0578633013258267326 -2.3371831398010360914 7.0289364365647619692 0.77455046796244875207 -0.010287335836241522091 -0.6324284491548374243 -0.61792075758246445272 -0.22583333695053814383 -0.75310905005220496466 -0.13507594133588457508 0.97411163356324370621 -0.18127607516996516179
-6.0835036013240459951 2.758711600558851007 1.4892189499902743766 -0.99996269268270721042 -0.0047350694488077736677 -0.0072244280123234042024 0.0080808371757739392433 -0.80829091149367759961 -0.58872786792136033718 -0.0030517721619900814098 -0.58876428349035847543 0.80829901965333927905
4.1885674019405616519 -0.89317162530602678405 -3.4395237545923240674 0.92952655294500141636 0.0015431214592373451461 -0.36875195748144490304 0.23170823278120086797 -0.78036610430751074396 0.58080981233905815131 -0.28686526843049670044 -0.62532100718281524721 -0.72572856891837278503
-0.082885640391665210691 5.4900788491446075312 2.3791720061967533972 -0.99992853896716327178 0.003306561895688588798 0.011488411882575126285 0.002996911336467293803 0.99963453138006153065 -0.026866748871178069979 -0.011573049796572809633 -0.026830399193798645102 -0.999573005936753467
5.4139032882565096827 4.6845157361302875998 -5.7243981098778249361 -0.93183502708588572538 -0.0030948875595973729391 -0.36286899008681078316 -0.24077438775842788243 -0.74287098522093253372 0.62463620893796611977 -0.27149802300424813462 0.66942745759931709948 0.69148803497746946789
6.2670371374822870791 0.18161060339294488042 5.8406190351035016661 -0.99998948770089102212 -0.0012317535620849470908 -0.0044167036144396529251 -0.0038444005695035705916 0.75020659602063977101 0.66119231988229598684 0.0024990141889452179014 0.66120234880871020522 -0.75020344497871083167
6.9933674605881916975 -0.20381252944729241761 -0.1568353769433764866 0.84503316274674367126 0.0054646010398934465394 -0.5346859751234659397 0.17303588004310233028 -0.94893762590545782665 0.2637725655916060008 -0.50594222800240418181 -0.31541642359983468324 -0.80282933531827849194
-3.948712864213935525 4.6634978173376220312 0.79639202764558247871 0.58249744955771254329 -0.0017895117217646659691 0.81283055977643225987 -0.50292619745212696625 -0.78639302098677521524 0.35867988019894730956 0.63856241760297138832 -0.61772389802485805355 -0.45897192140030329544
-3.5072347767709310951 5.0618814304086923173 -0.97533447480516743955 0.40664407818587772203 0.004697344885069934875 0.91357458843134320414 0.7887799851082193392 -0.50633865144643919187 -0.34849290544297334415 0.46094113373512279885 0.86232192654633044171 -0.20960478579577629388
-3.1177666599640070366 -7.4163330729675900344 -4.2240439950462933538 0.82976033593006026656 0.0014805657094783377173 0.55811790227728586 0.44097725950846849985 0.61122104681615463395 -0.65722742526875177482 -0.3421064768659430877 0.79145855220239103023 0.50651408532464259338
0.031498165845931042073 5.3682672334754268917 -3.239937263308601878 0.85565501576687474916 -0.0032849836980736015282 0.5175361850876674108 0.50332312291925640491 -0.22754343104418400801 -0.83360051638857934897 0.12050032335144679474 0.97376239189592128653 -0.19304526982417835601
-2.8297619977637729072 7.2934775298877507765 6.0942326591180826512 0.98585741376356061938 0.0062754616607955723134 0.16746873830197048227 0.026360963776227944177 0.9810516842714572805 -0.19194450337776647331 -0.16550002814589720446 0.19364454903019143184 0.96701164900664282609
-1.6412083604419580585 5.8844279848630032248 -4.6730709644377421697 0.99980235925112093121 0.0089168620096425187799 0.01776884936690940886 0.012513107025377945281 0.41228195635162240285 -0.91097036758585425709 -0.015448773041770270248 0.91101266623391352617 0.4120888949883718122
5.3465370680667012593 0.64851493519586900227 0.97931774840997098952 0.30320689988303983764 -0.00025538765006885533974 -0.95292471404633960486 -0.32184992760635144915 0.94120852984059899526 -0.10266025255692273754 0.89692708731703130187 0.33782604714909930665 0.28529872397983685461
-6.8222106964186446376 -2.1297187668486361467 -1.2599392091847840813 0.99356040045000160177 0.0051994459710834753721 -0.11318434705921535943 -0.0042711482834589401328 0.99995523895136728676 0.0084425935595656784877 0.11322317761826243554 -0.0079047995082793358346 0.99353813524938705548
-0.76222556291195675549 -5.0311728816981489132 -1.8646431761534127958 0.96114466084584848637 -0.011499121805401139179 0.27580556761093377727 0.087719178985329201992 -0.93462148992452998009 -0.34465637410256783069 0.26173705615680592507 0.35545807174557625396 -0.89729776142885031565
1.986362231764176034 2.0539333413916005533 5.1049156759770193403 0.84538440610702270117 0.0027259637050562517471 -0.53415145327242541384 0.52205429646943413147 0.2074569997024096335 0.82729734969497914499 0.11306864043114715768 -0.97824033979198443678 0.17395781142191962809
-2.5375944558189780231 3.976835956699429353 1.4486222240975641373 0.59303022686180439926 0.0028368758992657460566 0.80517519966992479041 -0.65114082725502608895 -0.58654231318001415207 0.48164690171435575738 0.47363569661695903434 -0.80991361698926156443 -0.34599011532927759216
6.8986101183563546257 -4.0760319605483008587 1.2580145387778647326 0.96178911415350343272 -0.00024666953238245976476 -0.27379123260244725424 -0.26818643481191573041 -0.20215403868674658439 -0.94191813913191346774 -0.055115660920708874071 0.97935370719507264248 -0.19449570721347853031
3.9896980865693159046 -3.758940218001096234 4.3850561227445865597 0.78831824344372736224 0.0012490801886519634772 -0.6152664356623390729 -0.6033280173840204208 0.19761682149535916841 -0.77262079657593030202 0.12062193205804479235 0.98027854799583002965 0.15653855066991761991
4.4855132907231194395 0.94863302012309647093 -6.0169378904886494652 0.82404362228643890376 -0.0035139860964179857675 -0.56651545475008269204 0.49699854912128177409 -0.47549763483488693971 0.72587494889812587129 -0.27192747330922112381 -0.87970998128246424841 -0.39008434740639535976
4.748534608210034591 1.3517955359770579271 -4.6128794693165167118 -0.96051877956636200206 -0.0022471106272628914476 0.27820608295676696464 0.076014857219605949656 0.95979960124679997158 0.27019708904488870527 -0.26762925023658307166 0.28067717388534557665 -0.92173472782441334683
-2.8770773098756761144 3.2303457607320065215 -3.6019993657355677819 0.91168837446333050867 0.0029697629266751107008 0.41087162031055379785 -0.026517221545539620964 0.99831449834577445923 0.051623631741064261724 -0.410025785567114609 -0.057959838688493726944 0.91023047206149554356
-4.3446829825656445578 -4.2465336617372653194 5.3343697175827005097 0.86305646597753071791 0.0009786416143979289467 -0.5051065024279768334 -0.46939057386358035151 0.37090777230949922849 -0.80131137119636086652 0.18656373094068698371 0.9286691912092097656 0.32057371632202685818
6.4062702791206271868 -0.34784094941150134339 4.5359707947845970821 -0.88406462691049880753 -0.0081219222081724395251 0.46729409350574585558 -0.22307984056649074467 -0.8712667812987968663 -0.43718369198571255252 0.41068859270558305541 -0.49074252942359208873 0.7684443048370901419
