1125 14.717824617146108679 14.977075390850430381 15.033177056927090831
4.3363192952369278288 4.9793082866816416043 1.3943392338473048486 0.98222842243789332262 0.00040476018515891477867 0.18768900427123064167 0.17028969683147957004 0.41857179712516195957 -0.89207570856095452783 -0.078922400547389442993 0.90818361955093229732 0.41106418947795814178
0.018545587977344953762 2.1464086188030524482 -2.5589175630619331869 -0.99606264229533070242 0.013585563877488288781 0.08760505166801700605 -0.069876950028920900571 -0.72844641133090470841 -0.68152992426874914322 0.054556617181455643872 -0.68496807098823297988 0.72652757500902009902
-0.44832193154160948634 6.691859241765873989 -7.4389447134348589685 0.99775031957566184815 0.014316459444196696915 0.065493043718570981282 -0.024179921441108535168 0.98802454310859488817 0.15239039869403409044 -0.062527043634220180746 -0.1536311856493172423 0.98614797449995605927
-0.36728386958332148726 3.0154005915485124767 5.837611298931079773 -0.98511625674143177278 0.007679245624375247159 0.17171776230312074674 0.14468781957204338018 -0.50228324678127933556 0.85251215526249968235 0.092797605417669751238 0.86466905182815378961 0.49369629858783792287
-0.786621150219948162 -1.7469227788137569046 -2.9430871165819598723 -0.99975316656264778814 -0.0062187467298819316258 -0.021329161659871247181 0.014571357690816237607 0.54117605403237856176 -0.84078306005595526695 0.016771448448201033143 -0.84088632152690268029 -0.54095185810377144353
-3.7869491487787425577 -7.2759847415315954677 -0.63682011094451174138 0.81565258313812849522 0.0034766053678739645971 0.57853156943701167236 0.048324162087059821524 0.99607807388789293412 -0.074116435952729875503 -0.57652028496722207418 0.088410315771794534268 0.81228564993262808436
5.8834268021753706179 0.54229479837810645737 -1.9635428473787515102 0.87146634244854825901 -0.0027775270171775182093 -0.49044744807470408432 0.45815146940689849275 0.36152437408668969265 0.8120328552599225258 0.17505326349330094238 -0.9323585213237672864 0.31632885207553668172
-4.2301857837655276739 -4.2868450530542370203 5.0075883788151349663 -0.88569294457217040417 0.0010697094734976719116 0.46427024851573112096 -0.45984465063757645753 -0.13978548728029133175 -0.87692811268988912765 0.063960184608777809201 -0.99018123253640777381 0.12429892001682309177
-0.328455160788314382 2.9075182792616547367 0.89027363877833787242 0.92400182819473031248 -0.007861957059077868612 0.38230722086308749352 0.31239164756797754841 0.59210769127744999896 -0.74284583895983669066 -0.22052682381649130194 0.80582049586821691278 0.54956459894726206183
-4.2414434394280924323 5.6261024885612025415 -1.6512832700739115133 -0.86148811051466911426 0.0039175732154543597974 0.50776262964298657376 -0.10905495094944887835 -0.97806325411721106722 -0.17748038939320914809 0.49592867744794222329 -0.20827127398144756887 0.84301709550815795424
-1.9496099506532482692 3.845158390490842848 -6.5147192527453610111 -0.99804424322682905313 0.0016795219496171399226 0.062488941164333254574 -0.060797431354588253594 -0.25856491809298776108 -0.96407875999439551773 0.014538256515303075653 -0.9659924235404862003 0.25816133862352635964
7.1482074009835443462 2.6997989779240789687 1.246063440256671484 0.99958867357415359667 0.013158399346306189764 0.025482154321773742983 -0.010491815440091542891 0.9947200363111196042 -0.10208805596089930157 -0.026690924881092554372 0.10177871038553856775 0.99444893717127735844
2.2709372633012585574 4.6826903032206557143 1.7722096644734044446 -0.99528187309845683739 0.0041460169077241031121 -0.096937111703757031234 0.054557674942200817814 -0.80226288959466030004 -0.59447263695170238229 -0.080233740948375820157 -0.59695650304119252105 0.79825151443036579391
-2.3955735508267745892 5.5389024743389585481 -7.0853353116921971022 0.98575324869902181124 0.0080147626391849670358 -0.16800683396609880638 -0.0070495620464206092126 0.99995504886281272316 0.0063406568185505191027 0.16805010072719400727 -0.0050659484575760055369 0.98576543853594811306
0.3973558220671592478 -2.9280839966050691281 -2.2404738082587933867 0.99332483431044471534 -0.00085791332042951026077 -0.11534746432783360426 0.069081890948357177473 -0.79638770294757299517 0.60082802775573629361 -0.092376760525225226628 -0.60478582207139508498 -0.7910124168028396241
-3.7636136711395313803 4.6276255030549240388 6.2900536273622433825 0.99836262170571810071 0.009585362756736630005 0.056393230105576695743 0.005771101939639384365 0.96395145856266550854 -0.26601556329885978069 -0.056910192086504635123 0.26590544626918077853 0.96231778726202310548
0.47675339771180935688 -2.4209793695201926589 6.7063472710724312265 -0.92719792342849272071 -0.0067572269763687686783 0.37451081516224199452 0.020440173902663595629 -0.99926024604111307603 0.032575450460224711358 0.37401364959146654598 0.037858956211788613588 0.92665014398848966071
-4.5892619741121141175 -3.321204974334384552 4.8800011319069911409 -0.90416584646319897445 0.0024083907480941437601 0.42717481403224244474 -0.40307089013693581103 0.3263904181432558671 -0.85498722357043865916 -0.14148490949122125016 -0.94523197925086055449 -0.29414031649528316059
1.7531813244996008461 -5.9401279542679317203 7.0676896148096677308 -0.96233140931429161924 0.0020326937596965690205 -0.2718715262823010459 -0.27160956978943123774 -0.051705241965835341267 0.96101759065695246953 -0.012103728590571516399 0.99866032068433574498 0.05030967744752380677
-6.1917075897724318523 4.5497557934292380821 -5.3884384526823598804 0.99570699543752505534 0.0095366598771121444816 -0.092068623075656136345 -0.06622345193782622208 0.76833749767432135691 -0.63660972666217474636 0.064668645030588764455 0.63997386023645475017 0.7656705718285640172
-4.4368355259931115953 -4.9877953290693586297 -2.884161049514478492 0.99689697622969264401 -0.010220348142818941328 -0.078051029896852086587 -0.00029713021524461948747 -0.99201697634015917338 0.12610404579756578913 -0.078716773928793462578 -0.12568955062660738808 -0.98894176085627061301
-4.1059749343697014012 -6.379102688891560291 6.0283208919648254565 -0.86659257450627402708 0.0088357651514764795619 -0.49893811145717648081 0.44235624064464823535 -0.44913754902758129539 -0.77627084089010667256 -0.23095078734036864065 -0.89341893381976467126 0.38531070906362702155
3.1839949255323598543 -3.0326695716866161057 -1.465070871174221967 0.44061611738616190959 0.00069576192578792335486 -0.89769535646284848163 0.88961717471000623103 -0.13419358268654119071 0.43654709348105680267 -0.12016122319837191368 -0.99095489215256626903 -0.05974681714014479228
1.0994432444645569902 6.0204981125200864867 -4.9434400981151718213 -0.97425693280139513686 0.0020792124081387098819 -0.22543093346807355215 -0.17497303113807924357 0.6235618940254723519 0.76194160057954196663 0.14215437827546870131 0.78177122049560654471 -0.60714569218761915703
-3.2169215318468009635 -3.4289030019978494757 -3.1393780612408410668 -0.47776605880256339809 0.0026827119215415288003 -0.87848300843723292619 -0.54340504130583600073 -0.78662917337408377882 0.29313052498872510521 -0.69025397799625365369 0.61741991112503058492 0.37728251908458820818
1.0239891493320909532 4.568878122730639646 3.1108732457049819153 -0.89033098213521877362 0.0029085736211170269694 0.45530460402846706369 -0.44887242643894997851 0.16200362654814748353 -0.87878801184816379699 -0.076317016666517425993 -0.98678587605653000914 -0.1429312694353182811
-3.4506889983660169463 7.1122750620608909955 6.625594111283141352 0.89202058137696926821 -0.0012928278868162106086 0.45199293246256327938 0.30422609864462563101 -0.73785449187839291518 -0.60250911173063204096 0.33428395609645461528 0.67495857458884467306 -0.65778808083265072337
-6.940924269910863309 -5.5798937282454712516 -2.4111204438610580603 -0.93978712023166444123 0.0029885536936346789039 0.34174732946049635185 0.19483189257720914811 0.82624046265217510054 0.52855201400721263383 -0.28078586552989842628 0.56330965411854372338 -0.77707241058708598214
-7.2062248076237382932 2.7876055802216170854 5.4656349521840841277 0.85268647828513421949 -0.0080760558164554574478 0.52236055275290305122 -0.095126724661486611323 -0.9855650186761373277 0.14004463651649631806 0.51368927962826615996 -0.16910461638966584053 -0.84114621363393737852
3.004232652794416758 7.4639819126262239024 -3.2260676584958098978 -0.99720834269503055847 -7.7355285960857187409e-05 0.074669373075651551686 0.044757708759182147917 -0.80105980806451204668 0.59690864578268876262 0.059768459625262095047 0.5985843114547153565 0.79882698584510780648
6.5258385263882505711 5.3328951588936561734 1.9779596220675979001 0.96880955370960775141 0.0040459726545325636754 -0.247773442374659425 0.24754477982314446183 -0.061740373767114130332 0.96690729040038680964 -0.011385544485314610594 -0.99808404272998318962 -0.060816223365158419978
0.50258495710662698386 6.446056460528826193 -0.28341526309961967423 0.79137895680324954473 -0.0146249991645630191 0.61115092745462640256 0.24253617374914923643 0.92518043612105071993 -0.29192013469795391467 -0.56115554987208771109 0.37924565919515590418 0.73571541973066056919
3.9046140418634327496 6.9845593008622222087 -5.8965189372638899812 0.99926253558041755465 -0.0058012317418379656317 0.037956958462560051737 0.032608032685767722458 -0.39377368713919846943 -0.91862886930530618379 0.020275630441884354843 0.9191891149416214768 -0.39329412630135068829
4.6279239479572771288 -1.6064289710360544206 -2.0643596869476201761 0.75009382024188586691 0.0017304678471092259373 0.66132916638847549784 -0.17476031903379635191 -0.96393080934245523039 0.2007391981940509218 0.6378229313267465006 -0.26614732815005259781 -0.72273612611546211859
0.34704743294623169314 1.9266859194031455971 -3.7159647362528693826 0.99017389502784425304 -0.00046934343647807882753 0.13984075701363185562 0.041590346444483762556 0.95573269540091410068 -0.29128209355252127066 -0.13351367228873403659 0.29423595065601859666 0.94636108576673227955
4.1722794194041492588 -6.874301797096699751 -4.0522629229835347431 -0.99924120092803503379 0.0014101102669760957539 0.038923437113495593098 0.0023958761191473420746 0.99967726676926749185 0.025290750923553248497 -0.038875212479344736782 0.02536481605867751607 -0.99892209103657392255
2.2101602724617110951 -4.6906385795803879901 3.6524144985993758361 0.2087309095530255898 0.0057257217889824232535 0.97795635051221341261 -0.95797318404169873318 0.20239638157075540148 0.20328079934890380676 -0.19677089737565595096 -0.97928694509679214963 0.047731468748643438027
-5.1037094829663143258 7.1696610762092705116 -6.2415694746703893614 -0.98263663284223878858 0.014931513453307069389 0.18493863226057150051 -0.1855299025388836287 -0.089687351671573364853 -0.97853708882909062883 0.0019756164428016264462 -0.99585803649724180531 0.090900319490892181329
-4.2749281816364437248 5.9810773004889190574 -2.8916545891325755591 -0.95285398384260222571 -0.00058821157033470301834 0.3034286398519712713 0.27163369593242409072 0.4439845950646307271 0.85386931938063281855 -0.13521989760892666466 0.89603422554737544026 -0.42289271208923340239
1.7638266467644621027 2.0187254943084012027 -1.9607782250606879959 -0.89906937968956490703 -0.0067558356339535198531 0.43775405102598807794 0.26531780934708520947 -0.80376494621959249098 0.53251138135424358477 0.34825380191460669765 0.594908623162825001 0.72443289512458541868
4.6643142583796919354 -2.3611929082249680789 -7.3667194088768068738 0.79106034080332787717 0.0044960731367281779949 -0.61172160541750020268 0.51764855637226303564 -0.53778185100425901499 0.66545522224713593573 -0.32598084191225651374 -0.84307204084623410534 -0.427745280101852976
2.3814291314363180696 6.550680690902199288 -1.5852632896957523645 0.99951467981702413201 -0.0072766569202777978131 0.030289521196383187296 0.029444365292543215468 0.53813093516834975549 -0.84234679673361134711 -0.010170259719522282971 0.842829844558792729 0.53808402590893855688
3.4440753646319750558 -4.0974674794597181204 -3.225578231961982123 -0.91998787723068209399 -0.0028746346142888828251 -0.39193627316752888134 -0.35362086671655379444 0.43735954029991103154 0.82684273905693506101 0.16904019750120632959 0.89928214092382352529 -0.40338200585093769712
-0.46933070393495895933 5.3637084121412614834 -2.0681091253582843947 -0.57956146229989824459 0.0018766736887180579876 0.81492637060826411677 -0.23377302321132656382 -0.95835187405733945898 -0.16404834381820590505 0.78067834928057733279 -0.28558389938286105059 0.55586252920824774648
-1.4243160041075273448 -5.3193147435747274443 -0.17494594846762315243 0.85949136681074145283 -0.0057001797697320590042 -0.51111847778026142652 -0.49666222182646452277 0.22707145875414899705 -0.83771426514629754312 0.12083554025277570831 0.97386141753836608093 0.19233489449914631386
-6.5919174081865099524 -0.82691457846894578232 1.5056183825104727525 -0.79440133001727253337 0.0040938082302961632114 -0.60737942638936370798 -0.58200882546241117232 0.28093666187858223893 0.76311225851535469111 0.17375918378803001385 0.95971757967994852923 -0.22079382532720084886
6.5218113877555197178 -2.0072050464224755473 1.3024102136295099275 -0.96146016098689146556 0.0019475100926150442759 0.27493738567078213064 0.25645648577684787561 0.36684640087395420371 0.89423363226217811306 -0.099118261375005248248 0.93027948777247837508 -0.35320765123609515479
-5.3744335552533133438 2.5200566514880309299 2.3343795452520419431 -0.9700079158525161116 0.011865475166325037404 -0.24278355315490257604 -0.18549746659124952131 0.60933549833432110177 0.77090916479037852049 0.15708384089937313388 0.79282372629019592924 -0.58885924121098731643
0.098159700951766515331 -2.8690968112228860676 0.88795886891063668944 0.99684920260361653543 0.0037002922081935058288 -0.079233674066368747768 0.011795450452943152461 -0.99472003406929809799 0.10194567754367012125 -0.078438094170472719147 -0.10255906424498642537 -0.99162951938921151118
2.9997339775516613791 1.7949571367475960493 3.9803702664125935051 0.9718117657626939021 0.005930361076290618233 -0.23568352242515308581 0.15728304629389508462 0.72839060747613237901 0.66686517849493132104 0.17562441536904344064 -0.68513644900711612173 0.70692581716056024366
-3.5126294299644436059 -3.0584885885960844121 -6.2820862186165928875 -0.9609545117502142908 -0.0024596847848450216142 -0.27669545767403258552 0.27512122174696762578 -0.11537476454572408169 -0.95446161633170911731 -0.029575998564565626064 -0.99331898887357972239 0.11154661201549119498
-2.9244365692165077419 -4.6112450460201213076 -7.3697163350498602341 -0.94219123231015400322 -0.011540704980781375105 -0.33487683390557981822 -0.32087534184638338841 0.31893739975664114894 0.89180600470704252114 0.09651267664413816505 0.94770551711230244241 -0.30420314936228753933
-2.2084535155521147765 -2.5579914012098883269 -3.4860349566388744158 -0.98749242092415190353 0.00023274179577095267281 -0.15766630727164931969 -0.15652363850950506974 -0.12163185095373106603 0.98015613216538799435 -0.018949121488169365368 0.99257525592011508486 0.12014696055251551654
-2.2020856727476485482 -2.9271942736885518954 5.3832499997206806341 -0.78339617641918846136 -0.0035088747965551754862 0.62151276621588469329 0.30125542502409247136 0.87251977225844346009 0.38464843157335470991 -0.54363186042153088806 0.48856620310455423084 -0.68247158586909872913
-3.6719044096211517214 -0.43085149453248777762 -2.3218951106601108947 -0.97450225476101615119 0.0069041378551083238541 0.22427146128342401177 -0.16295226415890939897 -0.70889155909930623434 -0.68623561335982763421 0.15424628057498657174 -0.70528369491875553265 0.69194146761884456343
-0.22338190494186638269 -4.4106191563607852757 4.2473417539962978751 -0.46111215565467877919 -0.00010713561537567094922 -0.88734185544768140463 -0.45759876334758087246 0.85680026234957851194 0.23769030737578081269 0.76024926944403492524 0.51564842573174818341 -0.39513004106267057836
-2.8971210300313492425 6.5835240187014241187 3.6343515517800595305 0.99303467217531771194 0.0058166594404234564508 0.11767882702752907598 -0.033674459656092989301 -0.94310738136329030912 0.3307786238329504247 0.11290779700484446235 -0.33243741319369107812 -0.93634245641463997867
-2.000920163085413872 -5.145880399386621562 -1.5695002989040309771 0.22528913009078163632 -0.0019050244723527701325 -0.97429008962667174032 -0.5413115869377006506 0.83120683382411186813 -0.12679497328826805358 0.81007812815180546551 0.55596004378541763469 0.18623065269744917827
-0.70577101096570216132 3.2322712388910712633 4.7707640431047639851 0.93827706978897007506 -0.0074520808642479455935 -0.34580428973482862931 -0.11233720874365592246 0.93900371311471231284 -0.32504211771474955661 0.32713375221755780498 0.3438262544477820315 0.88020850649871074101
-7.2141975357173313554 -1.5127720592010138745 -2.0941899544388085097 0.69443092564888098117 -0.0052262724649836753837 -0.7195403919019650596 -0.30515269100500191923 -0.90773854437913414905 -0.28791069834367011282 -0.65164984821198190801 0.41950377963071061593 -0.63195652872705654346
1.4740894992932740415 -1.3159984953764933824 6.3556975494977114849 0.90586345273527923982 0.0067415682242337173977 -0.42351618181160760601 -0.066261305249371099668 0.98981853966686483837 -0.12597102031142926037 0.41835492637836507734 0.14217527840500926439 0.89708714503406428165
2.3951693699067031496 1.3841129468627244581 1.0527308657336411635 -0.99971006604036272147 0.00096230815802748198573 -0.02405946426052094772 -0.010367185773269631602 0.8846414866145928535 0.46615658487190358983 0.021732586515125468241 0.46627085918308197598 -0.8843750225781018548
1.3918761491141673492 -1.0289231816683517273 2.0431609325979667169 0.9654556749354531453 -0.006082199289007804606 -0.26049634659020143301 -0.25445714211735531718 0.19322290865937657989 -0.94758454524903723559 0.056097259830694620741 0.98113603257707582284 0.18500049464386403297
-1.9039366218173063849 4.6701206995320667659 -4.6431883754825262756 -0.60643252970542704805 -0.015727710466482983098 -0.79497938717844407464 -0.79293994926436650594 0.086200185692410224991 0.60317142243909960264 0.05904086530260001936 0.99615368649116942112 -0.064745726609808595953
5.5953562852582434672 6.1710040444500231516 -5.7088690821954690691 -0.97127724153869299251 -0.0036555049330491157927 -0.23792258689057410592 0.16274691122361389928 0.71923523299607206027 -0.6754362460693529302 0.17359136774679825854 -0.69475702004427009051 -0.6979818909849626607
-6.3628872561771068206 0.76018493241435591834 -2.9877092705758547808 0.91114083403172907438 0.01095086317591890783 -0.4119495832693150783 -0.39913081146981777003 0.27221865164496555911 -0.87555216922366319032 0.10255230809473656062 0.96217310515958653916 0.25240035620450779197
-5.3811240990197770628 -1.3077461361979076937 5.3706491870085280027 0.89980589936505195325 0.0093059106525459362597 0.43619117769031884313 0.33833299655529336381 0.61634939348433548378 -0.71108663930163962252 -0.27546347654422115303 0.78741782122220627116 0.55144632369052637433
-5.8438793328442653063 3.9716758666133880062 -2.4976056763754379553 0.87843026516488564859 0.0091977304915355356796 -0.47778203293580240318 0.23289279031106704942 0.86480202698128649796 0.44483525304348842111 0.41727834530871243945 -0.50202874009655151788 0.7575261887575055475
-1.4508206568687089799 -6.8379607693995465567 -2.4369405481436001715 0.52221198086090214741 -0.00090910983425651972767 0.85281523237138134874 0.84690267744018288276 -0.11700145370733983086 -0.51871621796032663099 0.10025219194623674612 0.99313132734267672852 -0.060329633351407389863
-0.87441002150632685108 -6.9590483490778334286 -4.2340501764035760601 0.96916460465118259293 0.0059386782507509661838 0.24634264996517232782 -0.22614200667153638857 -0.3756511076702243046 0.89874692662881872085 0.097876258151910186522 -0.92674213101957725325 -0.36272477263536279102
-3.2550465724267034773 -2.5407075198354318601 7.4614240749980336176 0.77523585082479617991 0.0040024621974937254001 -0.63165920866571978465 -0.33209046345850851134 0.85321531736562583603 -0.40216855457960148934 0.53733164775191177842 0.52154348093810332099 0.66277228202081595043
5.1679907989046016681 -6.5689215699167151641 6.7445988543497614742 0.9723582240003921795 0.0059052987386938367992 0.23341939008056925009 -0.227070582264339349 0.25678680488062044507 0.93941443863153306637 -0.054391496476355966072 -0.96645003196549961189 0.25102968116349499983
-0.5493360042819651623 -4.6563192981491470235 -7.0210153699833535157 0.8409880769263707867 0.00338189175454376139 -0.54104308264287281904 -0.39939732866119215249 -0.67070550412076146429 -0.62500872041943611457 -0.36499428533318156731 0.74171604374601607379 -0.56270461356192058577
-0.2597698966007414012 -5.3213686133688327118 3.3174320390019835791 0.95946829930995647384 -0.0044778263431340063067 -0.28178099952001178785 -0.053881597244761589294 0.97851360800156672592 -0.19901731692020271924 0.2766177074910160516 0.20613361692606138598 0.93861151488532779119
2.5579837563471738981 -6.0011542389645651241 -3.7466421501704383346 -0.83582852563239329324 0.0032210789316371351079 0.5489811475722634615 -0.4594702973170736171 -0.55139487189750990837 -0.69631224398873081682 0.30046251284074787513 -0.83423816736939937488 0.46235155291371610176
4.764213875073483706 0.77434564970031916076 -5.5709291447768540806 -0.94734031525945616714 -0.0058939298136526678193 0.32017430983053846161 -0.31811923020500304515 -0.097247582070508362118 -0.94304987310050436555 0.036694447235000600405 -0.99524276906323183578 0.090251582641687796982
5.8433000336959084464 -2.9218693357819969236 -6.5656693077142991299 0.65429694891288148195 0.0027822223755501161724 -0.75623261096171412454 0.33402303305169039893 0.89609818040212985135 0.29229550881104032767 0.67847189774837279863 -0.44384717000198903314 0.58538497900689134834
1.4962154896089401301 -5.6612315000668962384 -5.1064782494415750236 0.95117494172857253165 0.0020869098895656195899 0.30864522519365950037 -0.026915178796457005922 0.99672867396375519622 0.076207110224173132962 -0.30747650866050701968 -0.080793535047461922938 0.94811950792955101974
4.2505644480185518219 -1.6587050108568779372 6.5773323474980420755 0.99802238003263277211 0.002882642982416173949 -0.062793465611838003571 0.041004182738211748804 0.7272966770657203206 0.68509721976313153746 0.047644369573802365647 -0.68631715256039305117 0.72574016021523768405
-2.2719668331692721708 2.4313782660132687852 -4.2737082000290502748 0.99111388542938161361 0.0010735022547532875256 -0.13301170513130064488 0.10682880910946990216 0.58936406107724514936 0.80077313207597544675 0.079251950469811510702 -0.80786685233611221779 0.58401222353927950692
-2.6549591203668754247 -1.8990879029566694047 3.4083556376966610557 -0.99477212379135748765 -0.00062559490910956230304 -0.10211772793478274268 -0.089840350496269150149 -0.47005560507879440291 0.87805264053855114348 -0.048550315655515839663 0.88263658249874432649 0.46754200889832869814
2.8077748959803883189 -0.60411412177261114564 -3.6283176785863724412 0.92419331660194181666 -0.002612224981684012088 -0.38191607694484147606 -0.062727622163838772651 -0.98743541103637821887 -0.14503983745527251892 -0.37673858173262725346 0.15800153579011713689 -0.91274506611756534014
4.8320355108567856206 6.6071009938305564901 -6.7944195194691490158 -0.99119618718838975457 -0.00035120825585059113616 -0.13240088804898733632 0.12797832771298345289 0.25377082252169202992 -0.95876061520720246012 0.033936206906213871315 -0.96726431045988792157 -0.25149172465788022235
-0.60237087890866480855 2.0696135009132188287 3.3293653778669569654 -0.99993425287652382139 0.00098069671282865252676 0.011424892042420526153 -0.0027486150976951443346 -0.98778873062668193228 -0.15577505821517945162 0.011132611520618835091 -0.15579621908395629992 0.9877264819169021548
3.1719963583494723558 1.7324413956510325008 -0.95661588265123553843 -0.98914318375516252502 -0.00036382764946486009089 0.14695451561634670368 -0.13398640580633050523 0.41297385828842281263 -0.90083307856081518139 -0.060360625325453505508 -0.91074280672415985904 -0.40853902495416716256
0.25212759781711124862 0.18399306811461019207 -2.444130545726432846 0.93505029290564389832 0.010767426336660354189 -0.35435153769536392732 -0.22527758973896400141 0.78983013446493754994 -0.57045452601634571987 0.27373519557847886263 0.61323113197331513557 0.74095655843005958641
-6.3212227776282432501 -0.091441647499617639827 7.1986410547878412203 0.92557628452122731044 0.0064214585745505734643 -0.37850667946788296714 0.092989614606031181787 0.96536511907530520027 0.24376857559624043326 0.36696249550523618588 -0.26082360273291327335 0.89292193116195683888
0.090201826288446695923 -7.1705613797717209223 7.4128148434916152354 0.99865529873334335509 0.0017912254711527498662 -0.051811058888014897839 0.026377250689199008282 -0.87792658657274835754 0.47806814287803028884 -0.044629978241783330173 -0.47879191732953080285 -0.87679328518309074258
-3.8801057069791236032 -5.3892858604976288106 5.3420696710365938031 0.13110545373288112758 0.0064699447197363079212 -0.99134731543331211512 -0.95977972295709679251 -0.24959030142694857424 -0.12855957698235953579 -0.24826244863412150199 0.96832991343287733166 -0.026512927965306923306
0.25964134415589668059 -5.118548017681337825 -3.1866199940371657817 0.99191303751466541883 0.0034082403555537373746 -0.12687359814477866538 -0.1120285771062317498 0.49332534747400913488 -0.86260054454598811269 0.05965001190336902126 0.86983819497499104134 0.48971766421346007991
2.0121408622859884296 -4.3171758022411683697 7.4839134035081489316 0.92798606490192059315 0.0066365990106993545672 0.3725557930048687405 0.13370989907937619323 -0.939181262442207343 -0.31632296654804270553 0.34779811131761606546 0.34335770244914476379 -0.87243450294718816185
-1.4169816979543519153 2.9605108067532177607 -5.4237750940631936913 0.87966703539651069921 0.0040271045962535943416 0.47557301149792741146 -0.45284615356965607358 0.31262694132869039976 0.83498189007469969525 -0.14531437655574588885 -0.9498674528501855896 0.27683127349014718943
-0.22097768209835219611 -3.8789518234816715569 1.4528508157049531135 0.0040176767903803874138 -0.003537058034736593852 0.99998567364412349612 0.10829423247652746054 0.99411411088813927961 0.003081192221166319592 -0.99411076721136060197 0.10828030178034106501 0.0043770721754044011539
-6.8037580545982807578 6.1653579375019216258 0.30041598337198888169 -0.93651072917458400013 0.0148349670260095063 -0.3503249604211180479 -0.33457472658996811887 -0.33675340702655909286 0.88014595106902193677 -0.10491618782603531757 0.94147600426626143477 0.32033658380319990355
2.1173245014724861868 3.5889385858442861554 0.25747487877080743601 -0.97910166252187080804 0.0032684839332754143937 -0.20334515351918683312 -0.17358370992883234707 -0.53440642875147081892 0.82721125751310220497 -0.10596523059153674373 0.84522132363181001757 0.52380557841991925994
0.093106846907740070662 -5.5832987578618684665 -4.4623334779288663654 -0.92266147136664755646 0.0023132808762437971628 -0.38560401707866454046 -0.07213728212442581389 0.98129293926465577247 0.17849476148395015951 0.37880340782959781576 0.19250666503029423282 -0.90523431338828941328
6.3916562114011954421 5.5330497521286368112 0.38594371698472113019 -0.83187567777592275053 0.0065468017707950463754 -0.55492341463613326091 -0.48033053381614249089 0.49234636147982679955 0.72586337462455985392 0.27796660772243120263 0.870374746717827108 -0.4064263343672117057
3.5369241526155912325 -2.2642821958188794618 2.626705124978295558 -0.83912191158395876833 -0.0029344558170343233196 -0.54393548006062952815 0.2317768910915661007 0.90273171905135063398 -0.36242918780720861927 0.49209134340648585937 -0.4301939474094769178 -0.75682182669150499521
0.13079563949781519705 -1.5956349874020046009 -4.2494311444082164542 0.95605650584616952425 -0.012965811716701499193 -0.29289562194708035348 0.10411279809972297239 -0.91889439324532040665 0.380517567707554627 -0.27407386395106703159 -0.39429047894765290039 -0.87716505591029547695
-1.570022077946480632 -4.0527418201849227941 5.0640907624111033414 -0.98042573416523615126 0.012825122163821754337 -0.19647110736193082459 0.11648070588947059822 -0.76673346379219942115 -0.63130978184771913142 -0.15873759775815723949 -0.64183744962616062768 0.7502313398647892928
5.9897417537643899976 1.6756651553318435699 -7.0065734758758182465 0.99935687283189456043 -0.00081822325076096416065 -0.03584928499013380343 0.02215657064047252614 0.80015220678194953763 0.5993876311365273768 0.028194451600457269558 -0.59979644588207448042 0.79965573618045227011
4.6558984311455331451 -3.4541678374525139894 -0.16315042554270073327 -0.1716314922677765753 0.0087250652275334024399 0.98512258328526980389 -0.9596310111936685594 -0.22765298048397897279 -0.16517397746685233417 0.22282493849967544008 -0.97370323698418237424 0.047445263926702188617
4.7955287517427578337 3.8028248845782668397 -2.0294861300992663722 -0.89376540318716835021 -0.0068117617426026108585 0.44848300298633692051 0.39899135411117137018 -0.46887101193143115863 0.78801387901165476091 0.20491291665057417837 0.88324038294928242099 0.42177852306323826426
4.9458265675590507016 4.1889967871030791002 -6.8000710399698274244 0.9871068444854763646 0.0093343153925861122033 0.15979032550833568993 -0.13954817406721423123 0.53915430343904480193 0.83056543643328817339 -0.078398881907902867594 -0.8421552752546821452 0.53350548982763901229
-6.8931473421468405505 -4.7655501813226788244 3.9230863941146272289 0.94046614309635057083 -0.00066583950064163762231 -0.33988673164334415322 0.084481214550045161116 -0.968157609828333654 0.23565603518596192623 -0.32922083481707242747 -0.25034056640742807787 -0.91046320229500776744
-4.6042033130841755195 -3.3657526906596602068 1.1719424137250471496 0.99883455379925423223 0.003422615065304101048 0.048143741469449587156 -0.043074103962426044112 -0.38680752152861486159 0.92115393005555978867 0.021775116633402025884 -0.9221541232326903037 -0.38620929209517823599
-3.0982455019773222915 6.258484016448412568 5.4703129944480011204 -0.95452972773255129191 0.0051150981633155288494 -0.29807186154608134032 -0.29807348555199847384 -0.0332107663208676962 0.95396501099951946934 -0.0050195702649781601817 0.9994352809318095554 0.033225338872601498097
-4.9329066219121751047 -2.4124131552899528153 1.3600498474515749781 0.99379518852694093134 -0.0058782530328886821794 0.11107011029899091503 -0.10540095278696327841 0.26914492492381442146 0.95731481161595211038 -0.035521295192484467207 -0.96308174914122635091 0.26685535793527909165
-1.3835554932972433662 -6.5696983968152222744 -7.0983115964777674378 0.84612936045107234317 -0.0060523249678162277521 0.532943219062857243 -0.1185455284176316626 -0.97702490861207780259 0.17711376469292558489 0.51962684984012996736 -0.21303919196720336182 -0.8274069371301695508
3.3496266637744565031 -0.15961287904119861314 -5.715230768509659498 -0.97416145166488277152 0.0092817323873589877709 0.22566194968172562096 -0.1457736894686568474 -0.78900811020139061114 -0.5968385321803266752 0.17250941292860380583 -0.61431266589601374317 0.76997431838389640557
2.7585910153449035853 -2.6925551148278032976 3.2548403693631011713 -0.80804462844647773068 0.0010312123252471591672 -0.58912037398129768473 0.53189413549797903702 -0.42865663106344326083 -0.73030276000306770801 -0.25328345200896823508 -0.90346689438328431354 0.34582519239059122951
-3.6480885015755921685 -2.714445571181618444 3.8705914991255703228 0.95582536681695406955 -0.0062087770885360295953 0.29386956160240262914 0.15136116381664507791 -0.84663375203403745672 -0.51019710701333464975 0.2519675896566636597 0.53213977581441684883 -0.80829424887153278334
-4.4112217908777937581 -2.1407384988917552704 -6.2394112746110605983 -0.99238073288574402131 0.0035875506086517419679 0.12315685314966270947 -0.084794534966880164006 -0.74508424743274304092 -0.66155827488383245338 0.089388857453458564484 -0.666960713766704405 0.73971145621446465768
0.3270369631759029172 4.1734009670730358721 -0.58665734819190473726 0.96933093179721163679 0.0072483631895021204475 -0.24565220514410598951 0.24039645442012405607 0.17970728363046789555 0.95389456278592299476 0.051059664739893963203 -0.98369342451877295197 0.17245334788121502445
-1.8934477769634756594 -4.707516327153808966 6.8702384491499914887 0.9364612067581973287 0.010307644541938375607 0.35061968099523482811 0.060328179960553118821 -0.98940659095617300434 -0.13204207085285055157 0.34554438056467456919 0.14480452422650247346 -0.92716273157614881306
-3.1557358260333931987 -1.4506480166683599631 6.4292074619880166253 0.93461720393041813892 -0.010135540526405563411 -0.35551083378067360741 -0.23764661067002987305 0.7258879168196000764 -0.64545396478163175047 0.26460304335785017615 0.68773832453454375457 0.67601865833150798224
-4.3557112592232325454 4.9124416099903491784 3.9067422011000689785 0.99582695787331942938 -0.0053839154603013790121 -0.091102598355382952144 -0.039565288717099030003 0.87409658608712548222 -0.48413814776313590649 0.082239029064829188842 0.48572231948413557845 0.87023592804099114684
-1.2146156037756394852 -4.17054094144170584 6.2268823865220408464 0.92927857240934841343 0.0061878123455320838478 0.36932782976526284946 0.15121899392127735595 -0.91860608678911415126 -0.36509679975518094519 0.33700764195814925106 0.39512601571196953598 -0.85457666769544948782
-1.7880249666662175745 0.29565565163660167958 -2.6251428593933656686 -0.65841532682555770073 -0.0075326602810713606806 0.75261711143867626728 0.24110299124934014836 0.94514543422188035393 0.22038479026499491198 -0.71299271034960964855 0.32656296054297212494 -0.6204820930450580807
3.9123392895848798645 0.60861158032098860993 -0.49653092402659498861 0.99150978999770689182 -0.011372921103241680207 0.1295337523747621955 0.045022484297191224523 -0.90452429477487028553 -0.42403864926408341152 0.12198898411905090278 0.42627040341500471721 -0.89633265639834447391
-6.1051963349807376602 6.3485294043769577854 -1.5835985171946962424 -0.99364008775163081832 -0.0061834912906974853417 0.11243282638325909073 -0.046359044552391481808 -0.88747768559393025445 -0.45851302768944790511 0.1026168358568185085 -0.46080920347598830489 0.88154674464288196312
6.2397543717854011547 6.0069941044194354873 5.2453112000999357889 -0.99222404739060976464 0.0021756569388966537706 -0.12444559572950411597 0.041902314029006737517 0.94732134727414074593 -0.31753182687351078073 0.11719912908640271743 -0.32027727286762153192 -0.94004618643230053454
-5.5809684507220564953 -3.2603837399597854763 -6.6693857295330545298 -0.70428592204313256175 0.0066858627769033254079 0.70988494789706579891 0.01414148841745115591 0.99988936426008534486 0.0046127589228657367437 -0.70977556897742966058 0.013287530939478214495 -0.70430255090004378893
-1.4537667420410067542 2.1416272842663262033 5.1804323131979321815 0.92207575510087702586 0.0082320700557784818457 0.38692187180067871832 0.26067445537158717705 -0.75217528005386991019 -0.60521167899566807868 0.28605092234051227029 0.6589116641088405002 -0.69570847970221549872
-5.0348526904157395734 2.6576827459804395204 -3.4625587422155454931 -0.86553037500629215195 0.00082682233167328264903 0.50085575399132120644 0.25937965389699441099 0.85619674848486060359 0.44682135471363992885 -0.42846162615295568799 0.51664924682876167683 -0.74127875368548357127
7.3061777328747323779 6.3474541678429412528 -4.6222185226647072298 -0.99992708661624651878 0.0053764385508016775822 0.010812740622059779927 0.0024127068021104411399 -0.78841201430676344231 0.61514280825079636905 0.011832172122500261846 0.61512404408003595879 0.78834155674906902789
-1.304101972568325607 5.7683151578265503545 -4.6411930617665575483 0.97040211902497586216 0.008725461007109608369 0.24133709561953267664 0.054916694636905467874 0.96519171478277321352 -0.25571294524292703665 -0.23516777849443759596 0.26139781951061846765 0.93614491181292602828
-0.47292339948646139325 3.4870486280658012923 7.4550744575107010803 0.72014860941299685404 -0.0082484000511435055791 0.69377081536853102417 0.33198655299324825174 -0.87393384627102321804 -0.3549993816521688772 0.60923797402348400798 0.48597489260084547613 -0.62662388621044418091
6.4097080882743968644 -5.408744268553267176 -4.1557354966405135599 -0.98300571864999120031 0.012921347761480808658 -0.18311962176007248737 0.01276937899264252857 0.99991644985833549875 0.0020090452576476689264 0.18313028166213779491 -0.00036342087390773495509 -0.98308858596950232656
5.1096925150750776012 -6.5031912961831528364 -1.7337163634437988691 0.99886847404186362986 0.011782592495083199849 0.046075395596942542165 0.034478237669998218484 -0.84671514518662316373 -0.53092816278551024922 0.03275702508609473762 0.53191600222753865346 -0.84616330804496797668
-5.5738261691935733211 0.65071224600042576469 0.63571202884280575418 0.95402463000626869238 0.0045013500668966751478 -0.29969441634563515064 -0.1624005156364166369 0.84815903746360055138 -0.5042343896342125209 0.25191879219741225571 0.52972255475513307932 0.80989563347472193211
-5.3112837474564837947 -2.7373585017348238679 -0.80645001198805443821 0.96541250357122587733 -0.0050100324835909643487 -0.26067910833591106945 0.20634924836581747254 -0.59645566062459609569 0.77566786230173223604 -0.15936965096011840304 -0.8026303909542569226 -0.57479193615561707809
4.9428509392896069485 -6.0800746404286600821 -3.5121505077405581474 0.99352945571810047376 -0.0097091750390119815894 -0.11315897021666798672 -0.1094043595055991247 -0.34932844350695474445 -0.93059138437784028053 -0.030494372293912885841 0.93695003627570294658 -0.34813032442076680129
-3.2046292982301669561 3.9151986858125926716 -2.5290366229139258358 0.99222992101121931796 0.006132190356107276516 -0.12426656868047471216 -0.075031169448904450059 -0.76723562989734284123 -0.63696138958905235139 -0.099247707587182834588 0.64133601525060102144 -0.76081404303630995045
-5.3839477652734473168 -6.4176203882780349375 -1.255073168558242358 0.4788379492741721144 -0.003610718124288122069 -0.87789588280708752421 -0.36965230079845312616 0.90619463736062122461 -0.20534959394466298366 0.79628600066138000013 0.4228454113899133282 0.43258567153480503853
0.71963336594759275133 -5.5670913680415496927 -7.085279582915728902 0.99947108183357113997 0.00049743739531484974445 -0.032516290294946528783 -0.017230844926472109468 0.85609125237518968188 -0.51653738063179266415 0.027579966671955880725 0.51682445778310737161 0.85564702142617965475
5.5841513580693264984 -2.5140234378596528764 2.4301896095063790781 0.99798361025557458248 0.0051072599140297124387 0.063266338265608082492 0.0088459328381196300484 -0.99822139772688767145 -0.058955835949825924347 0.062852709834907205533 0.059396607786051151823 -0.99625377281595095535
4.4780613037543988142 -1.2470680870916937 -7.2846471075535799145 0.99792423316098044506 -3.9854706478066018356e-05 0.064398938513212780621 0.064338431563352491138 0.043960144562691358394 -0.99695941337351379197 -0.0027912531219293065451 0.99903328478158470727 0.043871457741664593444
6.0498241961550682788 -7.1208274678473788555 4.266015856235475745 -0.93666681522866845899 -0.0030804801434717648742 -0.35020820648781647577 0.3462683481725659651 -0.15797038302053573178 -0.92473974130136959992 -0.052473882104848858232 -0.98743904557719530679 0.14903228833517059848
-1.2535896302949984804 6.2169058895912305829 -0.0035442128829150003691 0.9185496297158325385 -0.00014456990410245847134 0.39530564990712796503 0.27880345009122869948 0.70916003914857961288 -0.64758063211621985644 -0.28024134949389561955 0.70504752887611887857 0.65143899795725024315
-6.920673957355201189 -5.1474615884995849058 -4.9087461445596423104 0.98800313170003439822 -0.0045500558614027294263 0.15436679935355526738 -0.048501873874355262706 0.93984800722195294131 0.33813206229480763376 -0.14661984852562004455 -0.34156261550812139216 0.92835208822178749699
