1125 14.717824617146108679 14.977075390850430381 15.033177056927090831
-7.1563480806312824711 2.6012588553860345186 3.4995535307926530777 0.99639724877917701384 0.0017504061461030614305 -0.084790675805624965422 -0.050536889658243683288 -0.79063858970908429402 -0.61019393904440966114 -0.068106867560642436743 0.6122806191127347919 -0.78770165548254145182
2.0657511173361751133 7.3431270191847675122 5.772803447257910392 -0.99687454328893032596 0.0037177880327018924915 0.07891338919739081248 -0.048109345851895947421 0.76374422995540081072 -0.64372373115453696002 -0.062662874049779312968 -0.64550827203221827766 -0.76117832007617658441
0.64812519666036116917 6.0164811823959905013 -7.206309240509434666 0.6977953203909131874 0.0046148045238680948654 -0.71628234266919021955 0.48107316740501787633 0.73786917162854481766 0.47341070241720806244 0.53070735668867152768 -0.6749279881139106374 0.51266159639389441427
1.8577304015194155973 1.6817858353001355898 -4.3172242747059419443 -0.57287233281327631929 0.0039986512166394691525 0.81963485838848593179 0.73328386540107715064 0.44929001395286544129 0.51032661708419624347 -0.3662131388132480736 0.89337701680238368329 -0.26031796482336883036
-1.8432315548092581547 0.73152400083316160284 -5.6305772798996462924 -0.81812117193021871575 0.0028266223754442681114 0.57503891889638358847 0.34610782324727706882 0.80099834663227176268 0.48847827319079439867 -0.45922447966823159993 0.59865988582697660103 -0.65629202217841975386
-1.7101553944748142388 -3.619005514615984076 1.0572537960113816968 0.014545381418169439636 0.0098098364532836559992 0.99984608764958171623 -0.53938435824751618242 -0.84190562360352971805 0.016106986762530573626 0.84193405083608796602 -0.5395356225991749799 -0.0069545660735030288835
-1.1420686684370013886 1.7596500192846482591 -1.1143541379906749533 0.79380761508025743378 0.0064148265839630751531 0.60813511676309761622 -0.60633526587745967262 0.085938990987693267276 0.79055172833998255122 -0.04719126607579521987 -0.99627974978317490606 0.072108561060649584151
-5.552250984642260967 -3.9425894263954117669 3.1966563136791887878 -0.95896648292545272341 -0.004175817745933186817 0.28348870730927133721 0.25906228861375762973 0.39335579970831929808 0.88213261217010707771 -0.1151955521880469735 0.91937684187814250336 -0.37613323088244754455
0.065105895770010302481 3.1539564073114232379 1.622859414673073486 0.98887520651207039268 -0.0012934803301626427319 -0.14874190013048713133 0.12373124825129604154 -0.54787077880081958003 0.82736218667669292337 -0.082561517379180590637 -0.83656197418051148063 -0.54161578559270007194
-0.35544149881495618049 7.4067428358890987639 -1.5570205250536588437 -0.99978293990501432287 0.0019339110839487394164 0.020744470656199893999 0.020529294092298078916 0.2612246321260857651 0.96505970781851813101 -0.0035526270502542443841 0.96527610120555451534 -0.26120763251201817301
4.7928399469412044098 6.8128435227867498725 5.7040496156376914172 -0.99991803596837347534 0.0081574401888300542007 0.0098680045963566546952 0.0050577517906587052612 -0.45638231089617214975 0.88976941139151422 0.011761823496880662726 0.88974639222119678017 0.45630364565429470947
3.1945022576782391432 0.25708102771841989664 2.109981752957759138 0.95221574826961130622 0.018625505237415934667 -0.30485776897100008709 0.076186394814621305471 0.95210255041090918748 0.29613572352225447926 0.29577153681928525231 -0.3052111139122339889 0.90518803237331002531
-6.3898508795265565041 7.3520132268452682567 -1.3570295732203527805 -0.97421582866025702163 0.0062244201295497967111 -0.22553220564228101952 -0.21587012352533405113 -0.3163703004394823326 0.92374775927692498456 -0.065601897510331852459 0.94861535386791051572 0.30955662074839024323
0.84073581396852636871 -5.7108351007379321018 7.1249798967229986957 0.99940497640844239147 -0.001765645497682686877 -0.034446707043207840104 -0.03433114705067912692 -0.14723701495838764641 -0.98850525227154961705 -0.0033264804721125987297 0.98909966329096887794 -0.14721002209609970746
0.5379711253153562911 -4.8771425062499789149 -5.3227870265211434386 0.97350093872154319641 -0.0060866221607326067775 0.22860200204502109655 0.20229721020584442992 0.48907146917814853238 -0.84846033306150947517 -0.10663845953158521129 0.87222247796451757296 0.47734284102952578843
4.3833896362720876638 6.3036625049509087404 4.5736980682117973629 0.90791549712534302952 0.00067346537742890046074 0.41915271265264802958 -0.18127521792693448988 0.90227346018377707626 0.39120569833969232043 -0.37792690489724822811 -0.43116371541710596382 0.81931013972872901441
-2.8315470690115791541 -2.1080362456321584119 6.8684734944017833413 -0.75488603263650000397 -0.011724894248566635618 0.6557511758168553806 0.65576414070975275195 -0.030225880490628610764 0.75436051587276342634 0.010975859397923682856 0.99947432333379127023 0.030505860208369924708
4.1978533842202230275 -1.193713784950786394 4.5538929062896293942 -0.84308758275501416435 -0.0063149458198101388051 0.53773920190336643721 -0.51488439684181064315 0.29811661342776385464 -0.80375403121064248335 -0.15523332661921204756 -0.95450856793317728766 -0.25458988206336874427
5.0173901735707060467 -5.3690636919121077497 3.2330173032476299255 -0.80123784928725905186 -0.0080728852019430630965 0.59829151539521663317 -0.038189078058942158012 -0.99718034717380499288 -0.0645983709347451307 0.59712603626577043237 -0.074606861178648356536 0.79867034067796804919
-5.0060375533058500963 2.0786668618635069095 -6.0126249888452010239 0.98927666412008730124 0.0032671630097398400225 0.14601714787363737069 -0.035622564994040858966 -0.96416014391722004717 0.26291871318827642057 0.1416429126025005869 -0.26530085285801491279 -0.95370474612561884076
5.4978361940406221819 -7.1574112109183021246 5.9531569181817820535 0.7515084465359872512 0.0084122404173049853543 0.65966983332290551889 0.31947982456549622876 0.87021071321288612221 -0.37505460443112914604 -0.57720680564306947602 0.49260790576335694579 0.65128316015288145735
6.7659715428263567105 -5.712508743859870286 1.4841389311304460374 -0.95626084886857054546 -0.010386390905307314042 0.29233082595718362651 -0.13565449442898425136 -0.86966019374329084357 -0.47464618987161943942 0.25915834360880968257 -0.49354155884018569012 0.83021303448900007904
6.6353499328963003734 -2.0398670533023888218 6.9936021074561658395 -0.9756684737368968019 0.0097578934343517768901 0.21903381673087504722 0.20661334232088099383 -0.29335054722257630777 0.93341115443258182438 0.073361816573660393326 0.95595514537032155733 0.28419676970203167077
3.4026777764983018315 4.8377202390595597237 1.385362638811199254 -0.9988933281749778903 -0.0015726079672380480733 0.047006870049313649595 0.044482323554924194098 0.29308228158398602625 0.95505188294285969786 -0.015278802924416218234 0.95608592873535724888 -0.29268798242409543864
7.2462693821372283765 -2.3626131920800439445 -3.5686699257835616805 0.91199629557088268683 -0.0014547851929976490012 -0.41019585622598619956 -0.16218127336772694691 -0.91979380129516785658 -0.35731862205564757229 -0.37677578403307659949 0.39239934594624731323 -0.83908447838540478614
-1.8612256321182973906 6.1195422023410372958 1.2781480681628827334 -0.99456108964744549539 -0.010204331117546289187 0.10365380159755634148 0.0096245851706259592795 0.98192699024625329507 0.1890152194563730903 -0.10370923931587142097 0.18898480746422749443 -0.97648816491963963404
-4.5657714020234241303 6.6371764542881726001 3.7039641115507513369 0.99998032827663030364 -0.0052194000519211010067 0.0034786380991735574297 0.0030526304069515113049 0.88944917852372695766 0.45702389463912007628 -0.0054794623390857907438 -0.45700428519501823388 0.88944761442474584712
3.4633280030936854921 -2.3710961813183044633 -2.6442874234939481859 -0.52473820354688360812 -0.0013663220403133152954 0.85126256284554668863 0.84658235525930225496 -0.10556683336596274503 0.52168377342664540297 0.089152305084913049948 0.99441127148544450343 0.056551654625518386899
-4.5332258795458741929 4.5749555895004396788 -0.38639163437017642888 0.93272292881282359289 0.0069814790744673720091 -0.36052627784522173204 -0.20097006274877377008 -0.82007035937592198671 -0.53581306399877393076 -0.2993976819311114923 0.57222011903025671309 -0.76349535914197608211
0.92934963952498184092 -6.6121519165499611503 -4.1954131165404868753 0.9989171669929504116 -0.0070538026078817489192 0.045986273554314463508 0.0057949114919189819231 0.99960634134658099548 0.027451436034670231162 -0.046161807670850388274 -0.02715522432853693241 0.99856481076808623065
-3.1888815846576283874 5.6045448209760904135 6.2732805409772787186 -0.93725975736779298941 0.0050628585287030907977 -0.34859505831593201597 -0.1020083788796048857 -0.96011774370935432099 0.26032327758536033535 -0.33337432093243235531 0.2795501487711220534 0.90039617750451073075
1.177997909060305437 -5.9069008111794634175 -2.1164707273658742714 0.96698740474396294164 0.0098275838756857296363 0.25463459635705909534 -0.014221832047694367776 -0.99561726140130524243 0.092433804925615398185 0.25442700045392252495 -0.09300369559851749679 -0.96260958547332031721
-5.0301973347352966215 -6.5227863161280250637 5.0966428039468949507 -0.95774843453951963301 -0.0021882504843048792773 0.28759893549347259611 0.28659430439265032309 -0.091113641880871620859 0.95370960410015204189 0.024117230910886112982 0.99583809719408411532 0.087891088001962713872
5.8212785949924805706 0.95023250637412259856 -4.3670814777732269718 0.95680654282164789848 0.010729454670932040208 -0.29052731096450873371 0.26543843718605975024 0.37539377004985502451 0.88804389163600883084 0.11859036924653867939 -0.92680332121235342591 0.35633120563842879402
-2.0909337027126357889 -4.9807532399148106705 -6.4544534107770310527 0.98469192859257137496 0.0031475667418940857407 -0.17427535278488956449 -0.1675948277507259554 0.29182211946108710388 -0.94167500991820218825 0.047893417876657316812 0.95646742935497286453 0.28788240152406863182
-5.1307182687251593478 5.6841236956915821565 -4.4061022468693593623 -0.9607366185371150058 -0.0084010437949812253461 -0.27733476569813109158 -0.055835047244914795539 0.98494768853234759831 0.1635863635939112104 0.2717859402192456808 0.1726484095434159538 -0.94674438439373531651
-3.9340525096457388265 6.6118289806652628116 5.7745086089329440426 0.99977074147768718593 -0.0077092730932136485991 -0.019975775166331290189 0.018530816030241301084 -0.15586431328504621319 0.98760463987431823529 -0.010727224355557108543 -0.98774839050867480061 -0.15568572094153743102
4.0428908616845555812 -7.1099549056969690852 7.3612298932085886705 0.99445268929389396551 0.0067890198263053404271 0.10496550845809853036 0.067793571379152553491 0.72162558959258027436 -0.68895612351212154323 -0.080423133709935534785 0.69225025652211324978 0.71716225633350938473
-0.51133791257449034973 4.4789518594017954101 -5.246954039015585991 -0.80748984042881244427 0.00060528207465144340249 -0.58988116704793513989 -0.093321184871411846928 0.9872749611103676104 0.12876066021439724896 0.58245284277645714699 0.1590213344121904071 -0.79715801516588280506
0.23896396248362394843 4.3207091041001461917 1.2803805595432486975 -0.8256920779951042455 -0.011093178809992989761 -0.56401199785125610831 0.13331781374529919071 0.96764813225068690983 -0.21420423126034132677 0.54814136212692277095 -0.25205958330434324877 -0.79750047873979101887
6.4673850816943687647 -2.6420362742911351894 3.9778105234309277805 -0.95078639970857303787 0.0026361884155073154329 0.3098358801687380315 -0.28691270767374260631 -0.38504554021484588278 -0.87716647800507996369 0.11698854774969813519 -0.92289380888113248247 0.36685241886095898423
4.718053705263105968 6.722709688605917222 -2.562873793856859983 0.93415187338448757437 -0.0056744969283446808697 0.35683060061714316769 0.27987062529127415544 0.63204738855149933396 -0.72262613551150833846 -0.22143330948909056843 0.77490896156254285287 0.59201637708676357885
4.3724441983382300592 -5.755236710406016698 -4.9846196163503817544 0.42020179265171114791 -0.015540732087100621664 0.9072976022775284255 -0.87088723193745176676 0.2739808580517555936 0.40803176183897266194 -0.2549232878740955166 -0.96160957517463108157 0.10159302255595006881
-3.9780824766329621056 1.6709464234846946873 -4.0460889991931390242 -0.82463776933840204908 0.010013111489230957715 0.56557253025495024534 -0.31202909748909790633 0.82591371728353202286 -0.4695789325800989733 -0.4718160570611893978 -0.56370760967116606555 -0.67795526334558398052
6.6918967226887202671 -4.3093983247676161952 -0.57740942112835935696 0.98108593577987857071 -0.01225350844929143368 -0.19318446662629040755 -0.03431942048772176207 -0.99319480930676395936 -0.11129352246842852403 -0.19050607337401778696 0.1158184885790972396 -0.9748299922093548453
2.3584759810711974914 -0.19525417170956074764 0.98097805461979237229 0.97555117069450547618 0.0042706467617328680922 0.21973091483214415853 -0.20894482680864889801 -0.29193010644597972014 0.93333749110406494243 0.068132024090463705335 -0.95643012004366267931 -0.2839004275562915236
3.1988887166600350476 -3.6744818734514650416 1.6617199125127382064 -0.97437459973452966722 0.0049787541114347383386 -0.22487630244132819635 -0.21212908916283640393 0.31213491322677822115 0.92605239888238610746 0.074802332337644064642 0.95002474070539244533 -0.30308019256366708349
-5.3819705896068388284 1.6447485377086834557 -2.7667116235948379099 -0.98276098584619542287 0.003086698671502138315 -0.18485485384477332027 -0.16549635900388384724 0.43101032012968226725 0.8870406186292336681 0.082412376832315739628 0.90234171810517815882 -0.42306928972904023212
-4.1403138534531258586 2.3265447933020646509 1.2772298971410409596 0.88884284687356063248 0.0021496094577705777626 0.45820712864466650593 0.068700056773886186701 0.98806044842359264102 -0.13790160427003875232 -0.45303277559232746352 0.1540517102799568161 0.87808278356818370014
-7.0648691474279692315 0.93208612070797880467 1.9471411635030222431 -0.99700996252776341588 -0.004448412422426431187 0.077144969034547677955 0.02360873196495703874 -0.96814113072448415576 0.24928974863517047722 0.073578273936169613645 0.25036565784173520077 0.9653513738416528156
-4.7396390439304321163 0.1690844117995464746 -2.2009518882910845683 -0.78074123829691344234 0.0040304176350358022693 0.62484147954185909057 0.40069974789756368505 -0.76407088822875568468 0.50560398514664206537 0.47946097949388699622 0.64511970477968272331 0.59492666409211336642
-7.0207603833239051738 -6.935299024292126191 7.3446802626616483067 -0.81271154226978348234 -0.0055132584411393507906 0.58264015742394403841 -0.26511506305500237568 0.89394885041895366662 -0.36134395826705090204 -0.51885831630894874156 -0.44813508768681042937 -0.7279841967934668201
-1.9465864348800647754 0.14311362852266823475 -4.0714032066167229473 -0.43544214540124481783 0.0018500127500029476049 0.90021481628621180526 -0.5677256547942649556 0.77549779474538693691 -0.27620780444002190901 -0.69862559278693014964 -0.63134756497348309967 -0.33663412379799445562
-6.4768975711141116847 -2.0923508094474696506 1.5719536650794554422 -0.94129287066502309589 0.0024517735613714319517 0.33758216842930360846 -0.099755625474604037173 0.95329982521276124263 -0.28507588189059279715 -0.32251596366891877032 -0.30201561558281919684 -0.89708975087385700586
-6.8085323203506895595 -1.2009556947292638895 -3.8567281441394678509 -0.9425988741727481246 -0.014258370526115995633 0.33362263304244854645 0.27220502658598394463 0.54589486885741744793 0.79240344248151961537 -0.19342126540161516668 0.83773235047063476788 -0.51067868867358090501
-0.017477269105716838199 -3.0107599526404187351 6.5477657094204548827 -0.50808217049341597438 -0.0040336958064687965936 0.86129915669571088799 0.014677976428568290795 -0.99988436816166914589 0.0039758412775287559765 0.861183525756656576 0.014662182785711998234 0.50808262651003943677
-6.5850430117517779749 3.8045856544201388516 5.1431375050344900757 0.98703324680898185672 0.0012604566688503560361 -0.1605109994443639776 0.10142389826703808453 -0.77995454031604616318 0.61756303961662584179 -0.12441287133556207245 -0.62583490338050207225 -0.76996890272061457861
6.1682910957909262706 -6.8804177095005751852 -5.5666827319057432533 -0.93606393101800811074 0.0025428501256461112819 -0.3518207653912394095 0.32456690452107039846 -0.379720232035989258 -0.86629606363659283907 -0.1357963237236926024 -0.92509787552220434925 0.35461708809268477349
-4.7607978121607237298 2.4585457373321739638 3.1622181024476319067 0.7637913800498353778 0.0066016565598899026868 -0.64542942750715537326 0.35143520286395807384 -0.84298992288478780122 0.40726071269238606209 -0.54140190796636289416 -0.5378888435777745558 -0.64618849108076514831
-6.4031986046245554789 -0.50810368150236773221 -0.73308647603121146474 0.99705825570950390446 -0.01573930652198832908 0.075014058360122842783 0.057730396176856081658 -0.48956968978002246562 -0.87005098712996675747 0.050418608456740558743 0.87182211091414107962 -0.48722086453929419614
-1.6962578532176511015 2.8569903199903885493 -5.9577734770062757974 0.93178344144494751333 0.0090216564234285659407 -0.36290250476446694883 0.099632735327767674161 -0.96765729991433235835 0.23175993608360401232 -0.34907439937652035011 -0.25210704004006190271 -0.90254590136021939362
-7.0081765145707137776 -0.055799818019475790065 -7.459451269092758352 -0.76632222279637562945 0.011761797027672014904 0.64234874560397670074 -0.64146366664335940921 0.041553591571021994411 -0.7660271949506414213 -0.035701753805689337429 -0.99906704437602145141 -0.024298675210238110389
-0.49496204917086550346 -1.1744717231515073852 0.48512987483087882667 0.95865624679198946367 0.00050990836446787764225 -0.28456623215030429908 0.08158120589707987258 0.95753068077666969593 0.27654927628892672642 0.27262191278606257017 -0.28833094763659189441 0.91790116968216850513
-6.037513263626181903 -0.76605480846926121696 -6.9136854228817137269 -0.96106620578358914475 0.0037767309376307766841 0.27629238933472871631 0.21140929530875063325 0.65390908973328787379 0.72643582801320150111 -0.17792655214417818499 0.75656370430227193324 -0.62924836382336690743
-0.094748973835908051333 4.5499960205327987239 2.2129970376980421243 -0.89893862209617614312 -0.0029414918397683131185 -0.43806472276318175751 -0.42581243718939076892 -0.22907141314386830766 0.87533425387966445896 -0.10292289365660414746 0.97340517530267178792 0.20466861668389993434
6.66206322498528003 1.1226854879458731951 -2.6946444195990917336 0.99305752474354380688 0.0036370115670093031146 -0.11757348636978896816 0.093071475778121540157 0.58693977525584706267 0.80426326574035544859 0.071933670466338209271 -0.80962242580706600403 0.58252645835503225058
-3.9979754228603279209 -5.3997621462191798258 3.3019481297239514639 0.999898082388481102 -0.013410884067629013153 -0.0048962255301979312749 -0.0005815557808512717558 0.30440675913808767916 -0.95254196064207419248 0.014264873949374746315 0.9524477272688058882 0.3043679355510883755
2.5434349404932574679 4.6255396843095581971 -3.2529185434303693469 -0.9979362623125721532 -0.0024624678989404293408 0.064165041990125182281 -0.055290628473374056617 -0.47517662292409834635 -0.87815153785068666981 0.032652147934997287348 -0.8798869889242745268 0.47405983162139309073
-6.1995831956590299328 5.2010472853556191097 -3.5449743887804654463 0.99688505039577801625 0.0089410971028087218859 -0.078359766972756039749 0.037562464418093251262 0.81980582701605331231 0.57140831920557522139 0.069348810835289542709 -0.57257179704639882267 0.81691632353783294462
-5.7997381457637828817 -4.3879131185558435391 5.0790198915436395311 0.7253375488057067777 -0.0060664417888175526175 -0.68836664545605974475 -0.046599029158917171234 -0.99810018531549959953 -0.040305713672124078573 -0.68681436412895924271 0.061312464941427884113 -0.72424223217707961453
-6.1046141311016404174 0.042171018239691195062 -5.6611851689499763651 -0.91009587519542400891 0.0064289253610765682151 0.41434788146063317171 -0.21789246626687039377 -0.85792660181254842833 -0.46527929144394358785 0.35248882407296683317 -0.51373204574084929686 0.78219627593234730689
3.9744630539597300967 -5.383378847225467112 -1.8034382769242816025 0.97407043550188943115 0.0063845645465488397308 0.22615486732920139779 0.17337922846245340525 -0.66325140507500013332 -0.7280365490851805621 0.14534933718081996523 0.74836943483928541898 -0.64716053586381050433
1.1034882786213062733 -7.1623856653636055469 -5.6611997335690844579 -0.99934191569511687803 -0.01764199067482926167 0.031693780143041729025 0.012685091787143294023 0.64860850826776406119 0.76101648566177715338 -0.03398270120336924216 0.7609177111670765159 -0.64795787891745848519
-4.4748381072777210221 -6.8740969032426804119 -1.526889310280252321 0.9857358606460163708 -0.00052262900112025638052 -0.16829895987604101548 0.11701737749125508403 0.72085284418224704339 0.68313842696736004623 0.12096175594583079282 -0.6930879481661659236 0.71063165543421868975
-0.24751333149262355615 -4.1575189562342993455 5.9413394851420155973 0.99416232984244357063 0.002604438024592791931 -0.10786324130539345911 0.069310277037154699453 -0.7815719411258751359 0.61995272911886289968 -0.082688254421977178121 -0.62380968071000419961 -0.77718989625009748945
-5.4871609792167301833 0.34112801157422056875 -6.8719938113538416857 -0.99207866368330588358 -0.002725280659651187036 0.12558860581166128578 -0.054886639890063912417 -0.88987853465084620908 -0.4528837050820669341 0.1129928397111250038 -0.45618939752328563353 0.88267992599879008253
0.61047345573244793382 -0.4699214539816679026 6.4626819628362550674 0.98443684338543746559 0.0018362045245788431724 -0.17572913741978318791 0.17276309846275236803 0.17312012512981686529 0.96962999854828735291 0.03220268924962559759 -0.98489900529341856128 0.17010860112616890683
-3.4907719956287204255 -4.6205962739370729508 7.156439825078788175 0.92503474813746955352 -0.0065975236912570256811 0.37982520640350370122 0.33625954230715221493 -0.45098232684268885206 -0.82676747703499320341 0.17674907339432585629 0.89250849494930351025 -0.41495584282869935056
7.112968898269130591 -2.63922913154158989 4.8232596495648802915 0.88049028961035558094 0.0020054576724742659288 -0.47405994140140245152 -0.38689194567486950849 0.58092107449498064931 -0.71613219979240316793 0.27395523771936541868 0.81395742108973612172 0.51227126054365146324
-4.2851906735710327823 0.53525331123913888476 1.0428081729489122598 -0.88924341623375924293 0.0053504704960109688086 0.45740301611415135064 -0.01938822672143051401 -0.99947386904874857549 -0.026001572131486797718 0.45702324158568863322 -0.031989960209132486946 0.88887929388433806199
5.6978598920976430975 6.4536675741253963778 0.36374846432558394227 -0.96360299988603015375 -0.010318958805563459291 -0.2671381247589640906 -0.16183901406561165826 0.81786454126764318584 0.5521826922888287692 0.21278484940621003596 0.57531826950493536454 -0.78976673558524945751
-2.7371395442411414756 -1.7869724727361353533 -0.27856753024254010676 0.99308417975652629739 -0.00046192768838680718993 -0.11740357124082555218 -0.11248310445616994946 0.28274881549097785616 -0.95257580199704483537 0.033635741841032677779 0.95919387714951909185 0.28074141644860589606
-7.259929658785448936 6.9373522919171373147 4.4237343555737496104 0.95971431581810251465 -0.0089460208387281622833 0.28083518427215325985 0.27989999339491300478 -0.057014897292008030749 -0.95833464676194435317 0.024585070907646538324 0.99833324606465234652 -0.052214021972358692913
2.5996997586706607208 2.0635656952095327021 5.1307613807121699168 -0.9152730289565461641 0.007935034254891644781 -0.40275590336585287421 -0.21785900447177894423 -0.85072828900390617957 0.47832920928893779555 -0.33884028189581782975 0.52554582437671315542 0.78037737655890104804
-1.5422385456379190671 4.2375373005153660344 -0.73733211413387489408 0.14664182687264717964 0.013449415778650398653 -0.98909821950427267989 0.74009608263356629898 -0.66492145912994271573 0.10068386990390959523 -0.65631849210719794829 -0.74679218421435389352 -0.10745915742513681423
5.5114668776829498498 3.9116023766750847024 1.2501698464168942149 0.98451829421154513078 0.0093541371755579364594 -0.1750320784326263035 -0.12289802673226360441 -0.67516428368281189432 -0.72735772840084034208 -0.12497921182370376469 0.73760808710106173791 -0.6635619838833364259
0.40455609847954271396 -2.2280062570344041362 5.1787917077009577582 0.96580803039631557549 -0.0093138084464779394983 0.25909091337668077593 -0.24341894918268849879 0.31137682298701230277 0.91858134603605556823 -0.089230396171510600878 -0.95024087845066140812 0.29846307865514470903
-0.17700285877481108932 4.4622184420214514589 5.0361186281125647213 -0.99321093350220757134 -0.001952158930511319751 0.11631092230351423866 0.098688689536763185561 0.51518753452508891932 0.85137673613244324589 -0.061583959998601348063 0.85707525535716500009 -0.51149723608779340545
6.8820498738935294014 -4.6288402377510244889 3.5001007970119486501 0.82070126832681511431 0.0021552159941337478005 -0.57135346608803394552 -0.083978861823940972875 -0.98867721724367274572 -0.12435799479728947003 -0.56515217325380351365 0.1500423778379112727 -0.81122765357160320221
1.1805134990740788759 5.8768615245740924991 -3.8762331199377753066 0.96090393951435493225 0.0031374320008229626862 0.27686418249083027954 0.032408694812205839086 -0.99433686803727938663 -0.10121200206579383796 0.27497871831546832899 0.10622781830598243547 -0.95556389377770589721
3.6987398545011007656 -2.5087236092490048378 7.4538718293939849602 0.99374690655964703634 -0.00063608164960175577959 -0.11165429281217228996 0.019243297336931287911 -0.98404511093259128263 0.17687542270608547224 -0.1099853681670532185 -0.17791800091606757572 -0.97787954459598291912
-1.2558777295553258391 5.3437374669010759831 -6.6689452440617218443 0.78541149742701910075 0.00070658881911629754097 0.61897357006707021121 -0.52388930464940774989 0.53333255612995611461 0.66415087220148583125 -0.3296494747202441955 -0.84590536427204177095 0.4192556958617471019
1.2268599211596835641 -3.3534755094235562112 4.4819674896122601027 0.93156758817755425106 -0.0071381964989751826509 -0.36349810839619001168 0.13428210736784423895 0.93586857535119916118 0.32575807789083116583 0.3378611316764956185 -0.35227695896980049106 0.8727833636597938094
0.88532999866998873806 6.8028729415064770336 -2.9549620183165496989 -0.94892169912153989664 0.0019433351242104262603 0.31550567726218298192 0.31428324864483708767 -0.082333304774244317481 0.94575222259648028533 0.027814538597043247936 0.99660295523007247365 0.077517101784616918025
3.4879604913882160666 2.3265089329781400984 2.0490469869141505477 -0.53981302853273649411 -0.0073396967189226997377 0.84175294658139632187 0.83503474523154253006 -0.13105059653747908044 0.53436197039390909147 0.10639017098580946796 0.99134851086757114214 0.076871721187708991208
-0.20594374084183214579 5.4025919955852597099 -2.7205713810547389464 -0.98479894980469395716 -5.7037441698798430068e-05 0.17369808637511810478 -0.12623679342461005537 -0.68665663257142117715 -0.71593780521195582445 0.1193117783352790201 -0.72698188814607200836 0.6762115304089351131
-5.6030114192668776241 -7.3981666639596417312 -2.5136361991498641366 -0.93635203524106658257 0.0096261481501873809308 -0.35093048224927042567 0.12125687782394994896 -0.92923473731959771449 -0.34902660720754152823 -0.32945657631969726964 -0.36936450862290259867 0.86892360083582353969
-6.4304706029869160844 7.4415210910656623966 3.0073486710257681942 -0.97676287052623800289 0.0024268501828401622088 -0.21430913456869293832 0.1073203932700484281 0.87107959603830886763 -0.479273064707433194 0.18551719044263409453 -0.4911358750528929118 -0.85109865719923571969
-2.7783822436012202139 -2.2488612682608786209 -5.5878076452940046437 0.93417052784803855658 0.00047319769051267055078 -0.3568265698963904442 0.11291868232656439297 -0.94899962521145408978 0.29436216219139516026 -0.33848898960185103135 -0.31527684252465781878 -0.88658091367110536396
-2.8848859967879962873 -3.1458630578383481868 4.3953010115480113384 0.99429552547028865472 0.0099922786791690112324 -0.10619115969058255666 -0.078231879230940548631 0.74505626595462304262 -0.66239786656784371832 0.072499524837269874178 0.66692676878980750033 0.7415878262012407518
-3.7192725821453218593 3.7720422179236416937 -5.5173182862923626502 0.88132255211271159911 -0.010006374865280743061 0.47240917814903460314 -0.41195528785529722526 -0.50596126159327625693 0.75782322646839939129 0.23143768047895726947 -0.86249815897137438458 -0.45003724937559913544
-5.4813611745954924359 -4.7846346079844535026 2.5188862892745231825 -0.9446648279596776554 -0.016061364379508960565 -0.327643701892897099 -0.30521861164095398511 0.40904213095328978422 0.85995705370280750568 0.12020799442543989022 0.91237413799349864618 -0.39130994160222842826
-7.2722127769280309195 -1.8647359411602149049 -5.1232090978221052069 -0.32104204742866104816 -0.0058259944093442608826 0.947047021837840175 0.94683744191650442978 0.019942551991719171395 0.32109368291056922251 -0.020757224473112761975 0.99978415290965039208 -0.00088612807923079046392
6.429308179419471081 2.9400634305320774153 6.4450521754690530685 0.99712859363658545853 -0.0073126736468356670628 -0.075373022736577158232 0.059500355872275978442 0.69134467229111185027 0.72007100465559659153 0.046843093443804266485 -0.7224881098667441659 0.68979464748415597608
4.352094365376586893 -5.9725775671315659565 7.0535871163118608607 0.61565866169679750453 0.00079901085796163506814 0.78801254676517740183 -0.63186086464359636494 0.59803808769240174303 0.49305404713989275933 -0.47086756100795745805 -0.80146728395548150203 0.36869219240397610449
5.6426373412049590783 -2.7355461648295271715 6.3067568979369479365 0.99514798856111708059 -0.006394668032862996232 -0.098181409052173970742 0.07412220293198880372 0.70494888700335733844 0.70537434440538160363 0.064702240264372157252 -0.70922928234365056888 0.70200245382138359851
-5.0088326831180634002 6.7062561510365474859 4.9462282383785769468 -0.89509543648938860727 0.003067426041045799405 0.44586404931701173471 -0.14419615066167640327 0.94424826590432353601 -0.29597750331926786505 -0.42191424449791015139 -0.32921999215449376797 -0.84475000269647992912
-0.41315211997536294142 -1.0289268741421440101 -0.62705522609042352311 -0.99774777361539235265 -0.0028909288261605679826 -0.067015093642433312682 0.0021733962403477236763 -0.99993955947020896069 0.01077746515973154913 -0.067042200099376933475 0.010607541515855013065 0.9976937523452085177
2.057862657849488297 -3.9729678789064211131 0.51192972670010750136 0.74584612098187075269 0.0038428658363954992967 -0.66610719572629484286 0.30491004357882972586 0.88710090419162934694 0.34652828327152640497 0.59223595731854405955 -0.4615595499656012235 0.66046903992124483818
3.4919536143983957999 0.90132862764330012872 -6.2076021767677405094 -0.88888127443048603471 0.0076404619816446165889 0.45807390594490082769 -0.2965213941315140711 0.75259232865902458975 -0.58794544786561786509 -0.3492350824146300825 -0.65844241220045562901 -0.66669966778636491345
6.9373958171664611427 -4.2598337721828345437 -6.0626635244039253081 -0.78098643976824932977 0.00063544509977864985922 0.6245476579953956886 0.15166291275397442151 0.97025974396346192918 0.18866475595311751889 -0.60585356464499096063 0.24206533302686425446 -0.7578560765433273172
-5.385923652502437875 -7.3517318223251901799 4.2807189577096789179 -0.99914342816317902596 0.0053397657056600215247 -0.041035312361609531384 0.032830233827358862309 0.70594982857416921362 -0.70750054083574365205 0.025190984602490543165 -0.70824171469794428013 -0.70552043758951565877
1.0200624825219155589 -6.0824942175332239458 4.1811130988410072362 0.95714074302384855031 -0.010010910041366696127 0.28945013339752123649 -0.20640446181688998362 0.67750711331619029032 0.70596126632274014412 -0.20317183905698915636 -0.73544809000091282414 0.6464033653440847127
-5.5782362885373180106 2.6731540364227215356 -5.2237706301020168098 0.99561713812579033522 0.0033056702323077582356 0.093464361200233339599 -0.046081399488546601062 -0.85229930552950605716 0.52102053550252247494 0.081381932217371708016 -0.52304394302824852581 -0.84841146548729629018
6.0298607848935645848 -5.2107899974487947858 -5.8470056005346719985 0.94579499287255464068 -0.016957392514355285745 -0.32432125785488802316 0.32458147980084728346 0.015855667364349981113 0.94572483354446590376 -0.010894697229230776783 -0.99973048600689184973 0.020500266357721893401
-3.6803628685908491569 -6.7159503470638401978 -7.077680403196363379 0.96066856738656469794 0.0094077891274008361433 -0.27753810033770326404 -0.25820062539765298304 0.39813712173900983604 -0.88023818897930294902 0.10221712517755660032 0.91727767104469370985 0.38490691540084709388
0.73021150617138075312 3.82881788172591353 -6.3526487420398281003 0.95313820305664220811 -0.0071295517459706901978 -0.30245121154636922522 0.067172973104389618881 0.97975548536860279647 0.18859210103912307788 0.29498365642574853052 -0.20007088339376311037 0.93432129594677992834
-1.9678715956297903045 -3.1953675387671185426 -5.1383570947616181712 0.47491453745844286471 0.011190682749076728136 -0.87996076658568578299 0.86779901065601749988 0.16018745200348477598 0.47038798594896119587 0.14622263578211405766 -0.98702317543222672924 0.066364086256669257979
-3.3343098077327066875 0.38071258687299835977 4.1112399007545672447 -0.36641124902605792801 0.0030927741854721510495 0.9304478659951856967 0.68729229306364725272 -0.67317025876279901198 0.27289394755565654638 0.62719383007359019722 0.73948105957146770262 0.24453151545852955251
2.2369022507425193602 1.63963752128009288 -3.1117472270603703244 0.80798491356358492776 -0.00078215108353514714232 -0.58920265418051720463 -0.26277387139965729945 -0.89551960802557895036 -0.35915807682877931573 -0.52736161404050696522 0.44502137014015652472 -0.72377186195327025686
-0.74885617213387289937 3.2194032698577070839 -1.1000072453478602075 -0.76301886630237991671 -0.0026495531792956319647 -0.64637078332392472468 -0.58483354160198119942 0.42868825547698791167 0.68861898625677731012 0.27526703087010861992 0.90344859260720100647 -0.3286467742606805631
1.3343757433310057259 5.5955942062394097292 -5.0006161024676734073 -0.99992604150846775557 0.011504251624828782524 -0.0039450865038502406015 -0.0092186007916811446572 -0.50536821782192919983 0.86285455426446855398 0.00793277457232667918 0.86282710702092357824 0.50543689465409269435
-3.6977979215316891803 -0.58588867099725028265 5.5717089678764057936 -0.97748673651552853148 0.00013639434963956520701 0.2109968277789099067 -0.2109463297485392741 -0.022518288167624488094 -0.97723823741378212926 0.0046179975965406046615 -0.9997464218963552085 0.022040099900442408631
4.1140416018590064695 1.1397218301008602559 -3.1684206985247054256 0.96555180852778388356 0.010023232964696683622 -0.26001776833454576243 -0.078247501506765668178 0.96419259116435440671 -0.25339687380053910193 0.24816734990059979848 0.26501355049289104793 0.93176219310433272547
-3.5348387168123349689 4.1696534297515448486 1.5867662202714341024 0.83652029096198676772 -0.0033459034162397430917 -0.54792573195565608124 -0.24638706210111618877 -0.89547807390249012371 -0.37069183264403310352 -0.48941518002406980692 0.44509305104673874132 -0.74990996624382888491
1.6306904091202454321 3.7346744991585252293 -3.9853277417697396956 -0.77269428854669119922 0.0046408346115386070116 -0.63476137177804226042 -0.61536764770403740155 0.23991941644494652053 0.75084041698078896054 0.15577610409369357924 0.97078171401547419528 -0.1825285433202435692
-1.3250517024439407709 6.8420411370929130612 -6.0820292359544767535 0.88349292734771245339 0.0090394815968650940596 0.46835727292207468553 -0.18720542457715455553 -0.9096917991162472017 0.37069523820729582964 0.42941166301753719292 -0.415185643288856987 -0.80201403059516751526
-4.1798699895104123314 5.481056877352355805 7.1119156847755178319 0.99062912972617178653 -0.001121128150142759218 0.13657477955200875153 -0.058040930791676971501 0.90172543604981392207 0.4283952477951408766 -0.12363323861664930747 -0.43230773883002143743 0.89321041264475131705
-2.7562823995611123173 -6.7787625809981806313 6.5666862125086602475 0.9874043540361164828 -0.0041535887012388323508 -0.1581625408606742722 0.091524523636046392627 0.83041450906638780705 0.54957711443001922014 0.12905775142854136739 -0.55713058687605609975 0.82033505713413668037
4.8543729457044415554 6.3162706802097634551 -3.5248135775860536256 0.98117818130839495883 -0.0011994028953989958539 0.19310084918778491758 0.12828512376768833048 0.75147374641532183048 -0.64717087038005927102 -0.14433399995939549809 0.65976190393285838454 0.73748350935763995473
5.68423369345502838 -0.038103414872444521522 -0.64908655059347053484 0.72509051715305994357 -0.0020249560365625347488 -0.68865059463242217497 0.30516160234875516766 -0.89550973971055425338 0.32394243707091924245 -0.61734928394431853871 -0.4450373081400229025 -0.64870768145354829048
-5.8386479157008990271 -2.436381836517496513 -1.8796551241838685975 0.89183847101677560243 -0.0075217004744664167637 -0.45229146093689548414 -0.45029892463594345386 -0.10996179058299665465 -0.88608085583849194311 -0.043069944116195232886 0.99390735415017772425 -0.10145516881885671689
0.96771646645063968961 -5.1145257721293821973 0.1571992413874264416 0.99637086861961010609 0.00088094699906813775381 0.085113548266887439908 -0.0074941037050193339344 0.99697118915797178218 0.07740985982890823125 -0.084787561445359677093 -0.077766779034873487197 0.99335965163811934531
4.0948347175530424025 2.6288662695006905778 -0.05657059116532280052 0.99174602424355695618 0.0011163640626908200981 -0.12821301466101561739 0.011695324453755269467 0.99500589662186178508 0.099128628930772719197 0.12768336925029477591 -0.099809916436442311372 0.98678008583363552297
-6.0112415883429228813 6.3938867437023576556 -2.0776644907496808479 0.9963827805469921417 0.0024230896819894677356 -0.084944000764918439761 0.070869021502304160864 -0.57528880062587917088 0.81487445515595224865 -0.046892818435990295256 -0.81794677364171075595 -0.57337957677987594352
4.0771001657252012862 -3.0987974360731245227 4.1613397482047469467 0.87509554011677270768 -0.0097962111500660715296 0.48385104103935128173 0.39423148196635121598 0.59431781064858624219 -0.70097637518868805007 -0.28069437880798803198 0.80417061261463473887 0.52394684034978866727
1.530899393154103505 -1.7667344283653738657 4.3627997996228371491 0.99226493741150889605 0.0129918364742389221 -0.12345649504533126595 -0.12363249628866902763 0.19310008564301484046 -0.97335880475095981623 0.011193741344368797475 0.98109304814056919053 0.19321265756940830816
0.044037262823785394694 -0.72570053452823879425 -4.4579320944950220351 0.91209780563887454807 -0.0026527154008472932263 0.40996409117104409825 0.40740073003588633815 -0.10597012003206161823 -0.90708046987393864402 0.045850170282459752624 0.99436577614137988679 -0.095574395753622684579
-7.0932253191682654858 2.5476563243597567521 7.1653443565657832792 -0.99983555245680333368 0.0075556095173790671291 -0.016485775935726788843 -0.0074285491519052795906 0.65866267905720843334 0.75240168253045192071 0.016543418657599985588 0.75240041731909101941 -0.65849823638119919789
-3.1808561389977727529 4.839968787248346338 -5.6869372916269291807 0.87854582593251129286 -0.0063873347370664006889 -0.47761536165787737973 0.31910909769921780299 0.75188030961037144451 0.57692753772534133283 0.35542455669552169839 -0.65926868724006659761 0.66259956423363419731
-0.94139836616656347168 -3.609157664203889393 -6.9196297697336515142 0.89861672993205021776 0.0034883335907710780362 -0.43872064484703782172 0.29392643087613939956 0.73760387514884528937 0.60790441403067696502 0.32572262113443462006 -0.67522466993910246202 0.66179786882940616621
1.4601347733586129696 2.92474097931085808 -6.0797193866194438883 -0.63030416120942356351 -0.0034477787069711563969 0.77634063218676518936 -0.70930140498683869055 -0.40396695475284005727 -0.57766964292026867778 0.31560763812984493626 -0.91476708089535929691 0.25217653829089731188
