1125 14.717824617146108679 14.977075390850430381 15.033177056927090831
4.7356141433591787404 4.5826094520872784344 2.427065901470339071 0.90489188511447926633 -0.0035552280172461742276 0.42562663991776411576 -0.24505260586030977454 -0.82196607501606488988 0.51412157305817540731 0.34802283921466287131 -0.56952535665808912135 -0.7446616490114232878
-1.6833763312752012542 1.6774557871984396851 -4.5419209375127458372 -0.99092662379914764337 0.0010937386662837776316 -0.13439951630020885442 -0.094372023112888642205 -0.7176654969449540733 0.68996388003164210723 -0.095699255480825806686 0.69638713244178007677 0.71125706623558349051
-3.2285836642532386165 5.8444266162760420968 -6.4901217366902823613 0.98068118732975861906 0.015202926014911917474 -0.19502122924942072446 -0.13918342723070953326 -0.64630466521425156134 -0.75027878372413403518 -0.13744956311921691094 0.76292801152066580528 -0.63170283111244007745
1.2264894154297678597 2.8470395768438958584 6.5398454895076092441 -0.99616376204792944637 -0.00013633478552801904168 -0.087508517273204730613 0.025922318664299212609 -0.95557649228585861412 -0.29360109125428018872 -0.083581053939254815188 -0.29474319127593295864 0.95191420759377320948
-0.48293640206648930091 -2.036967216251024837 -3.2118890513256821428 -0.96555784486954021606 0.011622022989253648698 0.25992879177301619897 -0.096325953823451507252 0.91205135635170231367 -0.39860209984030109398 -0.24170096985930872302 -0.40991127327591964091 -0.87951883959946774993
-3.4996503298599535015 -5.2414203484863284288 0.92490517459582943793 -0.68825720533250056565 0.0055943896808876118765 -0.72544518890957987445 -0.61161862227131280623 -0.54226378155992027708 0.57608389328224929304 -0.39015981366469310032 0.84018967740174776981 0.37663858775852065985
5.9587411341274103549 0.35608090789227370143 -3.3739075182389699492 0.34147248123913104267 0.0026956194189160431404 -0.9398879072486837627 0.065843489391226375784 0.99747046724270316265 0.026782492106775100671 0.93758262540497827597 -0.071030983483399437461 0.34043122642351464346
-5.7021018947005517319 -4.0866961823596783532 5.3384090469294100956 -0.974982994223345667 0.0012485232692942445365 -0.22227595948519821012 0.030891201864920149467 -0.98951924370958388444 -0.14105814395410137818 -0.22012245369962132879 -0.1443956630861317203 0.96472586668908166807
-0.91221963278148732179 3.5736337062959657729 1.3175104766467939932 0.94231333390602711741 0.014471946857134531175 0.33441911353441944321 0.15533478932166264186 0.86607119733206261447 -0.4751755300710493457 -0.29650747708843844253 0.4997111604777778604 0.81386244054174272655
-2.270181386963876502 4.9395142882217681901 -0.93693501506892840069 -0.97774994434431994339 0.0058464827990143009712 0.20969231023947781933 0.017864117506137401625 -0.99365972703720173431 0.1110009917531492446 0.20901176914327640466 0.11227718157906969865 0.97144630055212843889
-1.7140147290970850769 4.23358252180469119 -5.6531399625398135456 -0.991340260509719573 0.018003144179640870326 -0.13007834059584677533 0.0015093364983404973512 -0.98893030997080166866 -0.14837305659876068309 -0.13130959521624799291 -0.14728451656835778172 0.98033925830978196903
-5.8282930556441323589 1.3923536941422007818 2.1585697123046032608 0.99553143431587332035 0.0062885179225786918059 -0.094221111388621561766 -0.0045208246815821185455 0.99980996837247937403 0.018962839637517346636 0.094322454554368856394 -0.018452145817163048691 0.99537068114417481812
-2.1423659037082249945 6.1527750408127062087 1.7118062956412571918 -0.057353620174146732746 0.0090147783937276938782 -0.99831322540745748295 -0.99014265868801998316 -0.12850045631383993916 0.055723856412705038976 -0.12778136679218216054 0.9916684761036413942 0.016295883009891903859
-3.4786428058706437838 -7.0271458135878690499 6.800028309857514941 0.62835034195138628199 0.0048101554567640900789 -0.77791561892932570288 0.2686634202497809043 -0.93979539755190755201 0.21119795775555585959 -0.73006562334455249452 -0.34170377982232974512 -0.59181307223297230369
1.644587436908497402 -2.5071039397709498076 -3.0389412024524711242 0.88201090443020124798 -0.0039639940913966630054 -0.47121232073987462385 -0.47061325836432227332 0.043692288507638246675 -0.88125713896492263721 0.024081642757939669686 0.99903717181883999743 0.036671566727804499886
-4.3554761727462372178 6.9881208079807253242 -7.4901354095826722101 0.43759439434399777236 0.0033327672713305400015 -0.89916630202708203168 -0.45438825713160019282 -0.86209448141432432067 -0.22433104309432316814 -0.77591395000958629513 0.50673661578496154156 -0.37573334214990899982
-1.9455604050674650818 -1.9540699664020162452 7.3047986154040938089 -0.99818690998782622081 0.0057906650067606688093 -0.059911275463970785349 0.030814751650475757927 0.90419189818732503827 -0.42601345323019895739 0.051704388688556632281 -0.42708720356757956527 -0.90273095479175469169
-6.9644526118250471569 -2.2853065380564223652 6.0106697794399677193 -0.99514868538991219094 0.0019577994839101251628 0.098362904531683240106 -0.097849495055503721286 -0.12361648553045742616 -0.98749402065159985753 0.010225961280768258027 -0.99232813702243982679 0.12320835275913742668
0.37761967702897025756 -6.0584596107609476334 6.2833216710526098581 0.035589660889807098187 -0.010568972898958342924 -0.99931059878769157301 0.12669595978901271316 -0.99182814709271094333 0.015002013458336261112 -0.99130293543946002011 -0.12714253201241015878 -0.033959781250588350066
-5.8006197943640582793 4.0397610941087567227 -6.5965596698800217368 0.86943374398390105284 0.0062717947042186137849 0.49400974627348942514 -0.47645720230942412154 -0.25381326556555172669 0.84176443295634184594 0.13066560063570945016 -0.96723290412101947666 -0.21768557599534979485
5.19662554379322561 -6.3437835276030911658 -2.4436769122578785307 -0.98051018299245706888 -0.0015319703672736842415 0.19646229692977076886 -0.10354082535952255362 -0.84580368845560038871 -0.52335018685265077831 0.16697029236363525317 -0.53349205585616588099 0.82916050786703232589
-6.3475440540600995831 -5.1693992774528307876 4.275635043390324519 -0.96850675795740293061 -0.0070174602987608837579 -0.24888835858967861547 -0.065845012023539817303 -0.95679735849705427331 0.2832017817116869729 -0.24012308131899406938 0.29067089641717358539 0.92620264294255960635
1.5347746813604656868 -2.1249783436961440231 -1.5377761271676091415 -0.84263116994650300029 -0.00085445115987654168821 0.53849046541966294477 -0.44748244897346828308 -0.55517087902101247554 -0.70110252670188000224 0.29955328289861493651 -0.83173587454207431602 0.4674219354121200154
-0.35706682065227735023 5.3024839108925254649 -1.7803930086072661254 -0.67645468206105419107 -0.0018204126067214243881 -0.73648200875223646111 0.046550931034699441491 0.99789170811440264242 -0.045223331327255235357 0.73501161483173171884 -0.064875457412410464375 -0.67494377624216128631
-1.0679347162258632231 -4.3027906730331428875 -4.2980768587438520356 -0.96833056578002008052 -0.013375675997871535466 0.24931306958857285538 -0.148554677994548745 0.83343779497630476882 -0.53227149984847688113 -0.20066744385183571397 -0.55245138536953808384 -0.80903031079270859571
2.4058688762962443519 6.0353460246483612295 2.9140450572820184583 -0.99428570932219650924 0.0072173166914459574439 0.10650745784840026653 0.02764113889299429222 0.9810920268329534899 0.19155783023798528264 -0.10311108416776909591 0.19340720054994969823 -0.97568527666308035862
-5.4946434216424258068 -5.4446807903930372063 6.0808048999645016863 0.98567402828274552906 -0.010875780164135236475 0.16831050880691802996 -0.0059152465643600733031 0.99507576709498524181 0.098940525561980491309 -0.16855776406650208044 -0.098518704550058455727 0.98075600687768738073
-7.0950870579267997229 -5.0634846230832453173 -3.3162711158546800405 -0.92216702125132699042 -0.00075847228097292163085 0.38679117057677436797 -0.05304447940787758442 0.99079781922582232934 -0.12452294817288657447 -0.38313740109879063089 -0.13534809247687965006 -0.91372130638520288048
-4.3845215338968053231 2.1475962041441873929 6.080358947614438847 0.99417962645797963717 -0.011962866694957725866 -0.10706895047820894074 -0.083815421547065158125 -0.71029158667169056685 -0.69889973316224707212 -0.067689330377459583366 0.70380590486574690079 -0.7071600970283762333
3.0698669286056223804 7.2863146454330900426 -4.3611102914112693796 -0.99979115260669193521 -0.0059554117491623257893 0.019549532991437679891 0.020119298291341687623 -0.45471821892877578586 0.89040808352707656592 0.003586782060527167644 0.89061544700568107125 0.45474307091958460214
1.8810989631357553087 5.8741447708809877426 4.0212724199223277566 0.96901275988987423116 -0.0038694855527103052401 0.24698036005334408904 -0.23622096718404664295 -0.3068063972462876654 0.9219921308077487776 0.07220751922873117068 -0.95176407879797109146 -0.29821336736727221961
0.64579812489724008895 6.5449084455277262151 -1.614270199019585128 0.99777755888954045016 -0.015083582884343495895 -0.064903224142172727396 0.06522611943416921354 0.022003521983578935156 0.99762788571890270717 -0.013619703382711158268 -0.99964410194217412364 0.02293846403042784643
2.4453110689243655607 7.2523236669687562994 5.763334895056940077 -0.56212322647098933448 0.013187273646725752169 0.82694835030711133506 -0.74006782997784625877 0.43834078757857702913 -0.51005584103787804384 -0.36921143711128406872 -0.89871210616017416228 -0.23664206081654406977
4.6091084818233643006 -1.1066388693754225514 -2.4961178365483509545 0.60019448712884193586 0.0036690537157279433031 -0.79984568240701059416 0.17492574028736548875 -0.97638465057974166417 0.12678327767181737928 -0.78049187247858153871 -0.21600822242942965823 -0.58666249653254542995
1.84687051624950338 2.8327621109619376405 -4.7100989089276090738 0.92005063630550487641 -0.0081807977104574568228 -0.39171405538053155615 0.31628435506360397245 0.60557427325630619475 0.73023558274855493444 0.23123804482793941517 -0.79574673993612943246 0.55974645376745513214
5.3902043058371917894 6.9531993353590690887 -4.3728623769635044383 -0.77637169327897326276 0.0074341083797172091002 0.63023148755638491725 0.28417332727413557869 0.89665543900812527678 0.3394915960123889298 -0.56257667383288789686 0.44266664402197980488 -0.69825047678416540808
1.1668651352559169521 -6.2684093614943465766 3.3160036312958443006 0.94965442264400046213 -0.003138402108220728591 0.31328362227364464632 0.28335229487182439501 -0.41803103665596397231 -0.86311153936387474683 0.13367106846116139085 0.90842732390901514972 -0.39609574932316743423
6.7177609106868088062 6.7388149478780503543 -6.2123622551853658891 -0.88463543967492552778 -3.622572830346330007e-05 0.46628332326898902505 0.42461747616020695251 -0.41325744046525841879 0.80555464547074417947 0.19266587090202996757 0.91061423588029688503 0.36559755962220780168
-2.5621774029449011501 5.2881847338009739801 -3.3925906833951300356 -0.99871730406960679272 -0.0044094148911363560683 -0.050441090513909603299 0.012514785110426631873 -0.98678902840571325328 -0.16152644852135170095 -0.049062477572540084958 -0.1619505186116035611 0.98557846101450929943
0.6108065853902013842 2.7588064855438454437 -0.4167107001126425514 -0.73587986777271707783 0.0098379420919673631063 -0.67704064508886896423 -0.44095750612956113867 -0.76576090065897661763 0.46815245466605776015 -0.51384559742680613326 0.64305012084387158655 0.56784614473272521096
4.3530820080595589161 -0.56783670083661552663 4.8494970967651029881 0.98208996205652387967 0.0058615222533975920582 0.18832139810648909628 0.047740156385104121073 -0.97463985671388686516 -0.21862759929365951916 0.18226404992821415574 0.22370246369108756634 -0.95746384988791477522
5.9306925985894025644 7.1150591456963159231 -1.6241156261612446077 0.87361054411333549652 -0.0016351639454659887274 0.48662299930525265701 -0.4766000055399242652 -0.2048161488500804539 0.854928523263542961 0.098270300362368709357 -0.97879909655108188193 -0.17970886638562344473
4.6853440012503355661 -4.2591894334414019951 -2.260630104599207435 -0.89058025841935117839 0.0026516079667205190093 0.45481839484448438604 0.058842130155788631429 -0.99090746710051769153 0.12099584853631366321 0.45100377718208151112 0.13451899724385760204 0.88232660185902145322
-0.64948784253608748962 6.0754982237101993192 -3.3157864772121334873 -0.9372596858101664985 -0.0050159376620703671062 -0.3485959290130505317 0.30900564662709667507 0.45103965567536907777 -0.83730444843011864187 0.1614304547093838027 -0.89248981471923016784 -0.4211913329054727817
0.85700880417544267331 -4.4876078357160773535 -0.70360025274818194241 0.95022797156644933647 0.0042656305090023362292 -0.3115262532260790751 -0.27710485372295967643 0.46861189236530553792 -0.83881809373482807413 0.14240681899360552176 0.88339385255394620167 0.44647015485250152178
4.3869294011222832452 -1.6915992926283169862 3.7110167512684739677 -0.90938313720687480313 -0.0084013282480824274384 0.41587465352862312828 0.086805035312321227048 0.97395015128382422809 0.20948982948740971222 -0.40680117454152064926 0.22660653233725477906 -0.88496456646227550369
4.7493747018850802633 -2.8303051104918459657 1.1048012981546622147 -0.80009855422774966982 -0.0082969912815031628822 -0.59981118984088410695 0.040170819921738203095 -0.99840088841622554039 -0.039774002017657905661 -0.59852202027113277083 -0.05591802880432901468 0.79915240430418665873
7.3482728040495555177 2.9582944123976546713 1.6187249243574126645 -0.54227413963505644023 0.016811406258422631477 0.84003341249183938189 0.82564545747304363132 -0.17463563750484437098 0.53648110187344955069 0.1557187722694524934 0.98448959909836386561 0.080820128866517071398
0.40950321564382252681 -3.2085214216393653786 2.7086419256375191544 0.76210414813376969878 0.0072696743447582586745 -0.64741363843539523337 -0.61668255258860127377 0.31275569844682193921 -0.72241712495061549681 0.19723056743334785312 0.94980578273875404527 0.24283549647018989881
5.7683095702989355402 2.3800446557159542493 4.9378292803349284057 0.99989651974139792667 -0.0018157105128531316005 0.014270704411596266126 0.013043227923353080747 0.53287749776872816998 -0.84609186651161494286 -0.0060682793613730081142 0.84619044875663729233 0.5328460381935297141
-2.9254794809840860559 -3.0867946995450523673 -4.8775350845494251928 -0.99479951109669462195 0.010274860388435457653 -0.10133291649582283622 -0.050524501324188973717 -0.91364304416948327603 0.40336542068787156756 -0.088437590918689121255 0.40638751836734404721 0.90941078585409496071
-3.5486878415577769452 -4.0088864126738670279 -5.3368987215888621378 -0.99811202500440887597 -0.014368185484451154871 0.059715498722333837378 0.061106195639351580662 -0.13418445560993422228 0.98907055599044080285 -0.0061982575181485175669 0.99085220245935390349 0.13480910386616704044
-3.1345041956720720577 -2.5993298894959342427 -3.4207009569058950404 -0.98082463345686321521 -0.002513595714992985803 -0.19487616642585869897 -0.19151639644120993511 0.19773817948617433693 0.96136417775355853532 0.036117977496525038861 0.98025164840980683056 -0.19442787220835414108
-3.2834009200909486381 -1.8007227187943097846 4.5870369021913788288 -0.82005829967989907203 -0.0096147810033712782785 0.57219921453303002057 -0.5029044493264116511 0.48927928669911602277 -0.71252571494305727562 -0.27311444482820318447 -0.87207415716409220074 -0.40607285606497484087
-3.8003280852487733021 -1.2770347787110103432 -1.2977315821900659021 -0.8094373631745634956 0.00034159329521845098378 0.58720612940522709522 0.57534890780083580708 0.20040580670862781498 0.79297613263575073006 -0.11740864273751099034 0.97971291506821600592 -0.16241248307644856608
2.1616711356415185818 -4.1895296596048092752 4.5468163777277652571 -0.92297179041232491059 0.00038956742269124632234 -0.38486740877891340018 0.2214770312674494146 0.81836508398133911424 -0.53030794255895252753 0.31475545860863152203 -0.57469856234148675167 -0.75541416700953745167
-2.0815497525364468068 5.9961640097015651563 5.5367584397719777911 0.83469738349134314781 0.00094027682633898495776 -0.55070808408097493558 -0.51083760174807257837 0.37489620385345306941 -0.7736263833249426014 0.20573094719290274668 0.92706631489648871902 0.3134052091962851172
-0.3975036795374874421 -5.179537415802990985 -2.0679210814877628799 -0.95455235870129917508 -0.0044652266975612857347 0.29800982575810042174 0.056660747347916130823 -0.98437151344135831454 0.16674016683222309121 0.29260785055737981164 0.17604767898441539553 0.93988715307547576749
2.1772986475498945502 5.0599579784378052594 5.211924521143918021 0.71669915593487376615 -0.0040556823277654186627 -0.69737068430144943942 -0.69449816401909847396 0.086703176134712553469 -0.71425125790738519527 0.063361029476507790825 0.99622593355584887487 0.059323429222159523855
-5.3023583145112658244 -2.0258331840422636461 1.0144891470990096138 0.8203951601999501797 -0.0054236975401348863635 0.571771252010246811 0.56073324363724963426 0.20338683010803915163 -0.80262819961579923156 -0.11193752990134608893 0.97908343916314011235 0.16989881858325439623
0.14309429849973470672 -1.0683549807454750802 7.3320374823549689935 0.97614514452326162086 0.007036993318344600748 -0.21700492517133460058 0.07059677765324491594 0.93487773560873788092 0.34787887899089248167 0.20532109440717527526 -0.35490012706111900842 0.91207957328480515624
2.6373571782064697544 0.70862037368429686701 -0.89822540041748599737 -0.96973985543546015187 -0.00012100616907390396564 0.24414052948546111077 0.15406549361158508593 -0.77604339720861004182 0.6115721292922851049 0.18938964189775714386 0.63067949943403533997 0.75257885469594454353
-2.4854218271244485905 0.32248703562368657982 1.8774954554924769834 0.91325065369305480356 -0.0020156060660696207762 0.40739315269342180059 -0.14519368073174596101 -0.93593515652863257248 0.32084915123689822236 0.38064686863925700777 -0.35216660844837732736 -0.8550360467776715323
-1.4030121604796670365 3.4835430441455077499 -3.1827413189391640103 -0.76848530833540773521 0.0050592914606793614601 -0.63984743059780013752 -0.59871377901149047673 -0.35851329606083015555 0.71624718314936097752 -0.22577010806222508332 0.93351091055077639602 0.27854126837522491522
3.0611207000609130802 7.39828427625017504 -7.0869181850636744358 -0.64786643442517943825 0.010166341777306259903 -0.76168610899772948297 0.26362638981797692495 0.94111446590059089079 -0.21167118052346348134 0.71468189408769655646 -0.33793521208590693305 -0.61239658938928398513
-7.3001587383247921181 0.30786303587636909551 -1.4640501378590182746 0.80504354532565058911 -0.0067178523433958818936 -0.59317768045459196014 0.085242581415741563999 0.99086848374701030906 0.10446698153351616223 0.5870592750678598204 -0.13466446590340461209 0.798264924182403246
-6.8982007799549860394 -2.2733099589401732921 4.9334883397098376889 0.99124974392852083227 0.0013922651361988752639 0.13199244963067272018 -0.10004495361553908395 0.6602382863634247423 0.74436309182807514073 -0.086110117975642802568 -0.75105490266533181387 0.65460032139049839639
7.3136900673406177731 4.1860270731710773617 -2.6305552174938755527 0.99072993284713373185 -0.0026287753309990028079 -0.13582079995743168155 -0.084849137970387497609 0.76882649013055792686 -0.63380316491738974971 0.10608875504264600464 0.63945204481165318633 0.76147636761731452015
-4.5569811465347127566 -7.0544843168554729473 -3.8208358073168242619 0.90833437282189899431 -0.0061563127028779560806 -0.41819943443791207649 -0.26670393834297811964 0.7616968272431919873 -0.5904972079866556145 0.32217646782875936085 0.64790434724701528868 0.69023349701066427642
-2.8741661247209546737 -6.1731040825212755152 -5.0869976645977370566 0.99992111255195847974 0.00020374892072143834226 -0.012558947374858256407 -0.0068892020325763561953 0.84495182523202294611 -0.53479804780165018929 0.010502740982322561827 0.53484238007422757466 0.84488657280625389934
-4.3349034382768536489 -1.075838651528108425 6.0064051025761839853 0.70149847418768696006 0.0045314109162469919448 -0.71265654913664500114 -0.7058996047124662665 0.14193781000594540842 -0.69394481492230508657 0.098008360761251175908 0.98986520516974163542 0.10276787832327972938
6.4399065082058939424 -5.8871842584688307554 -7.0626812724133758437 0.96843187547368192458 -0.0033376911316819208447 0.24925601774965819302 0.12847972789297504304 -0.85018576669702961013 -0.51056549200511336384 0.21361802846920549537 0.52647224231084188695 -0.82291817089503960236
0.056571292761893487988 -4.9942187034038321158 7.3477173579672285797 0.98803983710412235375 0.014993570346825527834 0.15346815025725826787 0.10059435483884110463 0.69163663876423087107 -0.7152059393583127811 -0.1168676861655449789 0.72208998938300295034 0.68185628336414272344
1.8044590459246638847 -6.8685112778706169934 2.4392148914092910417 0.97417776042177028906 -0.0039983198962355347497 -0.22574699231134934263 -0.21570625104648005754 0.27887649643509587749 -0.93578774997089009258 0.066697109075873561856 0.96031865189323850629 0.27081281813606261633
0.33271968339325436181 -7.194257074747284264 -5.9032851051551551436 -0.99994563725786500541 0.007696548430912449057 0.0070346052669852839057 0.0099974802606200320609 0.51604789729772704288 0.85650138241754936175 0.002961911114549596602 0.85652514898107368069 -0.5160967896098944685
6.5982218012273285979 1.2230881283111545432 -5.3367969559784977918 -0.88507131319776244371 -0.0012937749362737591824 0.46545364613547390853 -0.20490538552656489824 -0.89680073322242126466 -0.39212527063886792877 0.41792649298247092071 -0.4424327870285468256 0.79346750117783504397
4.3040153716098812353 -3.8816056292093614744 -6.2231273742190786891 0.81846279281530898153 -0.014932431904108426496 -0.57436545792239257491 0.45076135700298719522 0.63656470877608817283 0.62577917077335909468 0.35627637559883423846 -0.77107872102546470838 0.52773549262091301593
3.7635003876144819124 -5.0769589443645708471 -5.8874020758488487814 0.82012678202064992483 -0.0055140109422531537187 -0.5721552735891479724 0.56467984202410337335 -0.15359449048170073504 0.81089173661175029117 -0.092351163631924401698 -0.98811858001816921249 -0.12285330438703792599
6.4792854692328782917 -1.3592307467615900585 5.9112540564002831189 0.97797561791786558061 0.0073709445759534697462 -0.20858897366429640652 0.12742572367996840565 0.77042686889136735573 0.62466400939617383603 0.16530691365733110598 -0.63748577150105645295 0.75251944521766667151
-4.9649023526389655103 1.5639790982973653666 -1.5419231640540860262 -0.49191456609417716361 0.0051433158826772289174 -0.87062828231459032935 -0.44671150465472919677 -0.85981561731216127331 0.24731747984158478082 -0.74730776208563787222 0.5105787407715118853 0.42525340468800154614
-4.4235365273941296138 -1.5807592871927926836 3.3165582111557800893 -0.95457991997097713099 0.0040985495713031956655 -0.29792680020357936721 -0.10997399752521749838 -0.93414987299082863359 0.33951396828341867673 -0.27691676774158968666 0.35685741786136937481 0.89217144488088717669
2.4019575347746737748 -1.4779769538696241327 -3.3784492813976698677 0.41006190892620325572 0.0089761115476494381105 -0.91201351978425815314 -0.27427337043514210535 -0.95245289574531999399 -0.13269363080601737082 -0.86984099070912590523 0.30455362550433834334 -0.38810274422407120554
4.0108840329379074063 5.4917203038019231087 7.2722525628910741347 -0.99633506626771617398 0.0013763208527425409636 0.085525092612757397381 0.05606783831300548443 -0.74460028822066803844 0.66515171824828422942 0.064597470789595767826 0.66750918834322825468 0.74179421017218472034
-2.0696622471447070346 1.2544045500664797732 1.4868593636371429945 -0.97500545432981278182 -0.0050379276047003125963 -0.22212380176943574694 -0.1007954662312360028 0.90097339496924933044 0.42200380986996194332 0.19800161114069028678 0.43384508853160980157 -0.87896177456288460128
2.1720889777781504648 1.8763112477040666537 -1.0313333602010272827 -0.96525508797291270646 -0.0027158476772096490012 0.26129531054672311408 0.14316007458311047484 0.83103096207524340677 0.5374874260087515454 -0.2186042272868581049 0.55621952882253433703 -0.80176806345023254874
0.69020865503698791699 1.6008850678249921806 -1.6952572378451618018 0.90006083918659474108 0.00098150915626261936442 -0.4357631494314374021 0.43236655038714966182 -0.12664437026277211573 0.89275997310983279398 -0.054310697555563565431 -0.99194770029507717268 -0.11441200990502839452
-6.9059403039284843473 -1.3887265507865664826 6.8378356856006412556 0.83180088160417842147 0.013412634904040952877 -0.55491206022900163575 -0.036964819889786497409 -0.99615028858268106493 -0.079487135105339182251 -0.55384194085779658856 0.086629693417852912662 -0.82810289261975600361
2.4752182154575188555 6.3400435596124395943 7.1637353979055395925 -0.92554854744299286384 -0.0037948205012467324526 -0.37860993867498859977 -0.074780506133867274965 -0.97842085588973559673 0.19261491287647550252 -0.37117079926701118664 0.20658709567012584207 0.90529222335895331852
-3.2708581526468285539 -3.8464285538231686168 4.9775870832009818656 0.99882254141121729063 0.0052766440055771642037 -0.048225385398915063262 0.035692057760940476552 0.59334153197281069847 0.80415912818847778976 0.032857385495913049578 -0.80493352735747303317 0.59245456260733830867
2.4390038128011668483 -6.6040661769859578811 -3.3242912352064450943 0.90378923751453088542 0.004025587201149328706 0.427958886811225514 -0.40225828417158659978 0.34941253041596997964 0.84622642147564197668 -0.14612763930318628525 -0.93696033973487158342 0.31741461024297545901
1.5793183825345222804 -4.2341347539956011303 -5.1993486619580266961 0.99358705731485419399 0.0040647485549538744931 -0.11299662541707244934 -0.01733264952307785739 -0.98206689307568328928 -0.18773437827231470587 -0.11173333789411799 0.18848897937009276293 -0.97569850151520909343
-2.8646769503676168256 3.2581020221141003823 -5.1949285916874758939 0.71803740059559173492 0.0074020431096360949849 -0.69596515796672953069 0.18036382382738808117 -0.96776358088760805476 0.17579119022883404888 -0.67222851947851747223 -0.25175158642103778739 -0.69622550681104011794
3.1042127458112780403 -3.6201946090395700217 0.53602056532653064025 0.99812605687965016976 0.0034463584234388261636 -0.061094166589981763194 -0.0023561284164552087281 -0.99550778135041961825 -0.094650440726705725725 -0.061145917579130598662 0.094617016886462443348 -0.99363413632934260988
-6.4778175568038021126 6.5340427619064156417 0.54925964556690620721 -0.99971202353483179515 -0.001096700026903009266 -0.023972218269189580347 -0.018113696929283763098 -0.62075749789568790415 0.78379335464762966978 -0.015740520424873973709 0.78400186610440658619 0.62055886905382962038
1.5341739041962709766 4.124194105918339126 1.7492752275160885489 -0.99667248404553443475 0.0090362443341771899602 -0.081008060308184137721 0.020495263800257748632 -0.93412389528094563751 -0.35636006008931470079 -0.078891721418184193593 -0.35683454786980167706 0.93083038290458730568
0.46990285472502851816 -6.9219366131678752296 -4.7268873373905044843 -0.98517731285342113878 -0.0058078111348303981115 -0.17144075235722427974 -0.023003957240754373259 0.99487226753712143523 0.098488523377006170767 0.16998964730317484007 0.10097247454397668964 -0.98025918980347803711
7.0826517061259597341 4.7516817825103458972 0.14889671433120285626 -0.9973144521726766687 0.0047711023459364072796 0.073082967030098935912 0.0084873684530626034017 -0.98362345940438855596 0.18003570392004947243 0.072745089623014402846 0.18017249149539382724 0.98094139745659658658
0.53862085170556850411 -4.2865013806072438385 2.1734688208209633764 -0.97515279521215370018 0.001480145315707861748 -0.22152840711702448395 -0.1797977818776797243 -0.58948014444914997867 0.78751883592212257312 -0.12942095511095250138 0.80778151035421330572 0.57509933742619312458
-0.55696099125164577615 -2.8440044735611604843 -4.0838676228569905646 0.99847984873333617273 0.005721693714666508182 -0.054820196045776363458 -0.042695986276493992639 0.70928972794769462595 -0.70362286388637285128 0.034857487421550627238 0.70489385303664764404 0.70845579362564115034
1.8859294313714352054 -5.1958832225522302295 6.5523297354860723374 -0.99328413611546562123 0.0055654326056279249113 -0.11556665133686830349 0.03451424402246217743 0.9676180253529516051 -0.25004824328815122847 0.110432748317035756 -0.25235764892679829474 -0.96131172110156237753
6.5520641124274394684 2.1532193209000500822 -6.3758168371615395742 0.99999676007618054641 -0.00011538989161011562953 0.0025429357508171303304 -0.0024841320484194841407 -0.262357296932038353 0.96496760455183738792 0.00055581024262281670048 -0.96497079511856698186 -0.26235673355814603802
5.2987729992949521574 -3.3106683325905521542 0.20789792692894809578 0.92693979927839553756 -0.010033608075881893934 0.37507590594789808058 0.07396908714369475335 -0.97513802536777816066 -0.20888850047090262718 0.36784668363435035765 0.22137108707061781132 -0.90315206867298680748
3.8708870039872249613 3.321347946372929183 0.36225405557561768388 -0.99893730614710907201 -0.0059855531350518700884 -0.04569936040275700273 -0.042958294266974228481 -0.23832297194217597069 0.97023540751633163826 -0.016698602972231243319 0.97116751088489561283 0.23781257843196587642
6.0549445350861850201 5.1401270405592942581 -6.3969068022310473509 0.99774371786591176114 0.0065313066875938886879 0.0668192748541971554 -0.05203687397585370078 0.70410131283133903235 0.70819030282543071753 -0.042422131086352343754 -0.71006949188239842918 0.70285253040157280591
6.0258471956737542641 -4.0139430288439790218 3.0865377301927070519 0.78320058799088487778 0.006976697221403197445 -0.62172997729445789172 -0.60271610562298771896 -0.23712294346751941476 -0.76190944718115893863 -0.15274205378123570376 0.97145459769219666413 -0.18150986097048332768
-4.1219128288573188001 -2.921403474736931738 1.0378200579633154454 0.86109599253294388799 -0.00026850787204413251175 0.50844234633549445501 -0.4425009038620736912 0.49211410073320827063 0.7496777053780273592 -0.25041294240693179329 -0.87053066560761604986 0.42363866503422092924
-4.3506991597443027686 7.450565165603617146 5.488021606153991705 -0.99820929630278709688 -0.0011225658828090648474 -0.059807529797572790697 0.059655268451252269069 -0.092395387412022009221 -0.99393377109897573796 -0.0044101837445524741735 -0.995721764465828163 0.092296901619220467206
7.3238860432335268769 -1.0070247736152453388 2.6536571835202371616 0.96814079650621165385 -0.0034942108620488608779 -0.25038208528285960108 0.24302208050201135059 0.25414695917214707999 0.93613545576050249952 0.06036279092795121537 -0.9671593010636083676 0.24689920987589974999
-4.495988268956770284 -6.5595358278119197948 5.1704954136508582963 0.68307350333833039002 -0.008333488667771199454 0.73030208955175335284 -0.65294941603025713484 0.44102371348545366114 0.61575575048001973677 -0.32721193306910284493 -0.89745676057958612137 0.29581026646673841407
3.195237016273405839 -0.18225647966822852708 -5.7055349338798038161 -0.96265076570108587539 -0.0037771385835735178313 -0.27071984877236759948 -0.26111409410617497651 -0.25138301258030726348 0.93200107877899340814 -0.071574668384215250905 0.96788032018953074065 0.24100778542503170643
4.9371294861190699876 -2.5498248930930920153 6.3329160804687401054 -0.95937119875369636368 0.0042766652890735808515 0.28211453903662181419 -0.14193223451458661377 -0.87147684742281505965 -0.46945004549108104719 0.24384860837732230676 -0.49041799981233080707 0.83667678445898108208
7.0792728405739131503 -3.5685640694033518017 3.5523334910986559265 0.87710910525429874873 -0.0034251886598055461541 -0.48027896639632489117 0.41876734592664105472 -0.48421225049321503509 0.76822679363440238287 -0.23518828088506982255 -0.87494386365921605897 -0.42327261661890636102
-4.2748423258034451422 -3.2908649581760696101 -6.1791515010834254795 -0.99096743634264838896 0.0049852650306192302504 0.13401002664357175576 -0.11380230336439889349 0.49737416652183591426 -0.86003951899060882003 -0.070940650246417186198 -0.86752180699345349257 -0.49231426805788314205
-1.230403247205417383 5.426314624295274669 0.017977237462129366102 0.83414510585326062664 0.0050762603732853114891 -0.55152168947523882991 -0.082267139678783310353 0.98991667046253095652 -0.11531306634380177056 0.54537515538405556548 0.14155994179561526281 0.82615175529008055832
-3.8805823108544936773 -4.6367927766216281427 -6.3641130703989556849 0.84634233872783948271 -0.006526103258140169075 0.53259933876524256924 -0.46216463407015323517 0.48807455777861324941 0.74039656743125692451 -0.26478009119203166355 -0.8727775409722233757 0.41006202857966145281
-6.1453553263619671299 -3.9026759487008662042 6.3019519170783979689 0.97253217064638874945 0.0043641008378416390467 0.23272759114808563852 0.19475142204686146652 -0.56286016927757809292 -0.80328096793806347264 0.12748749220397320725 0.82654061271348666651 -0.54824953704210788175
-3.5061567399490387587 4.1300950031800489626 4.9097517981496112682 0.8935087380669333168 0.0079274596381270732992 0.44897582382767170506 0.070428291529014544481 0.98499613353326709309 -0.15755149214387012546 -0.44348843361502038318 0.17239423513597898485 0.87954433483566696328
-1.9458250457502501707 -3.809930511688483179 7.2639490357235079188 0.9911963408028875433 0.0033234030279235557762 0.13235848658526988553 -0.04249564143580720349 0.95477876960057550537 0.29426454353018000054 -0.12539511329312522103 -0.29729859756209453536 0.94651445284785851175
-3.3279647700866186177 -0.60468517794942233667 0.74881345274869015594 -0.69299373909623074308 0.006561608535187453406 0.72091374162716070906 -0.7152311324319038377 0.11937360666694030176 -0.68861772358216621903 -0.090576513366269192917 -0.99282772288278209327 -0.078032095330361844754
5.6192101152573696865 1.0763572370316263349 -2.1394421648954424775 0.93312370128392352342 0.0057801161879576625283 -0.35950903793795757624 0.29819084671658602215 -0.5711246035938820631 0.76478683703642269531 -0.20090390000373131718 -0.82084302849367862809 -0.53465348174001847692
-5.3519144154403681668 5.8485728223796060732 -0.59691853063552058334 -0.65942195804579195606 0.0050442949961054545788 -0.75175610162819428428 0.23088059908767796791 0.95300993123457022893 -0.19612807023247585958 0.71544170287453789925 -0.30289705521219145723 -0.62960030474236938769
6.8383599786387208042 5.6071362459196851802 7.2988092095087750977 -0.89471504007982483042 0.0099988976672846681393 0.4465254965846833235 -0.25848808613090895614 0.80371368987055924471 -0.53593676310077265068 -0.36423743133176411657 -0.59493220349889930354 -0.71651013032394295088
-1.6259297311054352608 -3.7585412927952273066 -6.5709252249038296867 -0.97740384759826604011 -0.0011206408763093428024 0.21137753632811390192 0.19475208133726351623 0.38399203897331862789 0.90256398156579065173 -0.082178741259046381162 0.9233357234338371855 -0.37509704919661396305
-2.7065186130006249066 2.465376600470179369 6.5153310951836491682 0.97078301364860553058 0.0094015593328500568493 -0.23977479244791621849 0.0092089381488272177567 -0.99995574637668727114 -0.0019237324593304088241 -0.23978226762946552864 -0.00034054443890204656731 -0.9708266313611706444
-3.4501517596881510208 3.2894308192775767452 -1.9642797800217646209 0.52587606516274543189 -0.0025195588649174855897 0.85055747360892763886 0.84927752290492497522 0.056474740245247741222 -0.52491741522129997666 -0.046712452058803873023 0.99840084912685023166 0.031838518892845266151
-7.3227691149852347507 5.947650219230373736 -2.400732919370224927 -0.99742693124977299668 -0.0032829787055153351535 0.071615213946203473694 -0.041328685249894914211 0.84257991140078836168 -0.53698327039058557641 -0.058578635979857074378 -0.53856133815447915225 -0.84054757655473122391
-2.6332498422843007013 6.4109900928961307542 -5.2230569592986446636 0.93616440612054607762 0.0037633568999517015216 0.3515423756218014617 -0.14236416852469915839 0.91834589792536813757 0.3692874967879190562 -0.32144773795013359408 -0.39576084812478551367 0.86025850932055591969
-0.68929774109173236329 4.6237873600326357959 6.9731297572254149486 0.98892191427990194796 -0.0086437298407269960027 0.14818479473758039422 -0.14137934602571047837 -0.3590091436257509816 0.92256398981875065157 0.045225302368331214697 -0.93329401622835350683 -0.35625405443050156551
-6.549158931386604543 -6.0783029815852724909 -5.8858902418992435912 -0.91846481263720436417 0.0015263055666939725 0.39549975769741108067 0.36113899153666528807 -0.40446512733833150932 0.84023008132240573076 0.16124830770977702232 0.91455214786167371432 0.37093577894595369804
5.972055848451078397 -6.8519346375747280931 -0.91486537159307801392 0.99882102000350436732 0.0043963743667974793106 0.048345029647380390048 0.0059950332778213677801 0.97709619711043149692 -0.2127136130301940653 -0.048172913293465409457 0.21275265799690584734 0.97591786382866030358
-6.3400011840126007101 -0.28149128354880342817 -0.33532111454553148455 0.99503861978077057238 -0.0067922859203535940198 -0.099257291906161018713 -0.075757391469171556087 0.59496924188276278933 -0.80017024366766953403 0.064490020796654431989 0.80371976836788205922 0.59150280739167448996
-5.1701700560548973229 -2.4303228598485842049 -0.38831541606487390839 0.93973689228902823611 -0.011794395353471520335 0.34169498900212214032 -0.22450583543079066784 -0.77503818974367832961 0.59068852561764206843 0.25785985171885655864 -0.63180431834314765283 -0.7309798904173384626
4.6708749989849263073 -6.0348439136182063791 -4.0454314737377981004 0.95887486318331494051 0.0029463069885519227106 -0.28381387568304328184 0.27688069384165031606 0.2101941543232783427 0.93763292330537439945 0.062418572019037443788 -0.97765522387159264905 0.20073411544539140894
-3.748011068843100535 3.5467559769345275988 0.14287333051938569395 0.96392395535274755236 0.008129730444218387711 0.26605359569101055817 0.2415001222749584564 0.3936006684242769893 -0.8869927873197236412 -0.11192988536752426776 0.91924557181361910008 0.37743778224065654969
-4.6530445920392278225 -6.1280185720597994958 -2.9181313195245861536 0.99805824184060421 0.025392279760554824219 -0.056876867201864279855 0.039306753058148992397 -0.96511036014111084569 0.25887636414376369309 -0.048318992727147118404 -0.26060933382528461699 -0.96423443729468372165
3.9490116985381926717 -5.6098655867458031565 6.9958300694919657303 0.57513831268426218735 0.00038781083862137518542 0.81805609275007795667 0.76593898588293907181 -0.35147935743576552703 -0.53833050368833845756 0.28732105942204810844 0.93619555163398904263 -0.20244628401938874473
1.634819907205365741 -3.7630527409524079374 1.4583153659429057836 0.61523766608385532795 -0.0032088330988307937203 0.78833515564253997532 -0.18196137726070674145 0.9724114901966247615 0.14596558128238512619 -0.76705454266119832418 -0.23325007422048579797 0.59768029201158157093
1.4507860503134986097 -1.9727157657963032555 -5.3375477850651940059 0.98275258268208387502 -0.00062891207696368577572 -0.18492421610282838706 0.056453991240981778177 0.95327744504728628705 0.2967744255106369855 0.17609743923352538797 -0.30209554322065318432 0.93687137572960632603
4.6040344423106285277 6.4431234273408239943 4.1985994736064968791 -0.83659694093476877352 -0.0097821898311312768109 0.54773156489344598796 -0.50667007342485370636 0.39400041288077825019 -0.76684360292394693204 -0.20830505302126095524 -0.91905820458327724953 -0.33457588298310408925
-3.0372940229091329734 6.015470734523887586 -0.93788517813058502881 0.70681358392438753402 -0.01186956569169497766 0.70730026932718592647 0.34485108596496483191 0.87878658667382092418 -0.32986643295580031499 -0.61765061814005106644 0.47706734167459680096 0.62523152945033222405
5.185395530406271547 -4.5855598277205755764 -4.0620525650413803476 0.96133205428691093086 -0.0058911169770692120573 -0.27532885090622133406 0.079437562234703190667 0.96320691823200765835 0.25675300655755384227 0.26368609198590903242 -0.26869634796721270087 0.92642966137882087896
