1125 14.717824617146108679 14.977075390850430381 15.033177056927090831
-5.3148898321031747827 -6.9085281780844178812 1.485821618330687377 0.8030749577536213657 -0.011219369000619452276 -0.59577238773560270424 -0.49360108038470867919 -0.57262314400628278044 -0.6545691013112918677 -0.33380920549329701208 0.81974194763201624347 -0.46539719984155164534
-1.2736423868446689056 5.0777367376573474544 -2.683533985404315203 -0.81696251078367587706 0.0021578755752690807063 -0.57668674299572153519 -0.43098422137256436892 0.66215233497546466257 0.61303090151672046115 0.38317731783329866957 0.74936615139704643163 -0.54002362377821633288
1.5268611449767233168 -6.6416786339459052968 -6.8301644608019627114 0.96261464330589918692 0.003748241254884068091 0.27084866471968060964 0.22939027375049930724 0.52049994930351806133 -0.82247182631605197933 -0.14405953908586810464 0.85385347306344594465 0.5001810629520808682
-0.69936112497171143421 2.1839750778601532133 5.3605862919538473932 0.65003278008196185844 0.0042307068717783741923 0.759894391305992567 -0.13268979119697857372 -0.98398988709968393529 0.11898454268356331576 0.74823178503122500516 -0.17817408118161479069 -0.63906431027249543941
-5.5005468579825196329 -0.19725096968182292967 0.22891661743932675832 0.84384178011045207768 0.00065866272749479613802 -0.5365916662635683565 0.14814008492993360755 -0.96142110380673240222 0.23178433163625691837 -0.51573788437254242112 -0.27508003802266117743 -0.81138487002435433215
1.744429741539151868 6.0358273446551544694 -5.0903922501455820537 0.99504434662998131333 -0.00734072288240537104 0.09916078875917400115 0.051000966546315348871 0.89377198744439023681 -0.44561254007387990361 -0.085356017076208268168 0.44846153485813117223 0.88971714724491934856
-2.2765955519338301194 -3.2696574899155259608 -0.97702104483229645915 0.65923654857720592748 -0.018484464990021938491 -0.75170838599423983606 0.58662320859018213248 0.63804527668370292215 0.49876992295552069479 0.47040448994820527329 -0.76977694785943162614 0.43146618219844790065
-1.5746467532854102611 -4.49565705524255943 -5.8483125452602289229 -0.87299670810987073377 0.010151824918788727656 0.48762043443672725695 0.29517477447927747969 -0.78489916920505486964 0.54479826238010764516 0.3882635704525003173 0.61954034140804659092 0.68221782828314025959
-4.9188123296374541837 7.0583750709527395273 0.41750498332312180327 0.19367046201371840297 -0.0022552830077147128368 -0.98106404777770450654 -0.92798886852209994114 -0.32488470928580936992 -0.18244611689863499127 -0.31832124032573960726 0.94575093939726495584 -0.065013449275120968607
6.6790898509282019546 3.4353049717993284773 -1.1221336037106761641 -0.99127720126032692338 0.016285324340982378077 -0.13078340289400874896 -0.036495921453899606013 0.91961019034821733786 0.39113315574746737591 0.12663948033156816053 0.3924944407489673881 -0.91099426782091319499
-5.2129396649460622015 -7.2303238476332838403 -4.2826427106899931374 -0.96748623271250044908 0.0028564525132466376742 -0.25290755265678932506 -0.17448176073734791847 0.71635950771975576146 0.67556285486220701841 0.18310244313445905862 0.69772551650247061072 -0.69256956252756907144
-6.6968983760120162074 6.8378621653176221429 0.5558701836703797694 0.8168734464833140585 0.0026400289034654599897 -0.57681088987448170258 0.57067519361427931912 0.14183958434818594307 0.8088333299914970409 0.083949960236515547285 -0.98988613615866349882 0.11435839110863285639
1.1159938975979439846 4.4231180921873773926 0.59673100781830057393 0.82734165372953916151 0.0087705964399106637469 -0.56163054105183229936 0.54889527371032120762 -0.2248944644056594111 0.80506922582990569914 -0.11924666243777731767 -0.97434365421954094444 -0.19087869702947493633
-2.2873434977156099634 3.8725251729866236872 -6.4172550589494239404 0.85921720013003388683 -0.0059097612320292945698 0.51157685417053400112 -0.36765042328269947891 0.68823129789909831544 0.6254365250385288677 -0.35577938284965410221 -0.7254672668800865587 0.58916744260417863721
-4.40058622417970291 -2.9756232466600121001 -7.0086664719797608925 0.98754343057920523918 -0.0030119315476704769212 -0.15731783429781309724 0.14732580664732858322 -0.33340122429005891735 0.9312028405978813872 -0.055254677770504245782 -0.94278022460708355013 -0.32880445354989723539
1.1257562975761734592 4.830268573072411975 6.7647048321445151231 0.98982243110974510447 0.00082170099407251296839 0.14230558555250688579 0.14124735743603064608 -0.12753195548579496221 -0.98172541188828987835 0.017341824855183964049 0.99183412178511665136 -0.12635005331711446352
-1.8113210006355682236 -0.57217540423816770634 -5.4417583216460263529 -0.84533803370135440769 0.004280597144358863973 -0.53421464344027047577 -0.48566745755510482008 0.41041782702062190591 0.77180588747146949835 0.22255500320126297975 0.91188753898264718334 -0.34486285215766859791
-2.9263570723171885568 -4.0794724830828164031 -6.9104672746006476913 -0.72168843891092193665 0.0075745425035606567948 -0.69217658400740678104 -0.67111844094715999987 0.23734566636186490984 0.70232974654365776246 0.16960493908806106855 0.97139572830295828343 -0.16620620828313711903
3.7717504091234408392 -5.3163338042355565705 -2.6927523461783495762 -0.98540326645046993903 -0.0063262721017786792063 0.17011872545345166352 0.16186476189851572993 0.27469946658404831297 0.94780799844378771368 -0.052727614436406736176 0.96150932462448257532 -0.26966575113670138153
-3.2287279853679180519 6.7993848575746547169 -2.5472013315448682746 0.98632873313503244272 0.0069109156591497106215 -0.16464467630897219874 0.15066069352749894561 -0.44258799437978180169 0.88397806684133539701 -0.066760659208501049733 -0.89669844790529618095 -0.4375784591436868709
3.8935043304382337404 -4.2291290289674128289 6.751513176848091824 -0.92346612579683839961 0.0057839165962290765843 -0.38363636534433287473 0.38333200992275906493 0.056482376439410245106 -0.92188194001202361516 0.016336605350633751771 -0.99838684259186116776 -0.054376721720366762158
6.0469223970604186746 6.7537509793475445363 -4.60249690946696699 -0.98153888465212268954 0.00067452392170257451272 0.19126150405406558419 -0.17806383029350700276 -0.36826277571478049921 -0.91251071246538395521 0.069818982065982651553 -0.92972150294608368881 0.36158434244711312733
0.45727736252779815906 -2.8782626050242607896 -4.7006920799806568567 0.91667051883695527259 0.0070224718216202125856 -0.39958208766760178188 -0.27125963242636497164 0.74518584669763254791 -0.60919312676484072 0.29348487475710677286 0.66681986980825691536 0.68499480984727778576
-5.8774166931629299171 5.6000713665620533988 -4.8399054167542319149 -0.9069097043675756753 0.0076072448491215742539 -0.42125635656901483372 0.36675885985537082234 -0.47785340980790275145 -0.79821304014188221299 -0.2073709884278715776 -0.87840665329949796369 0.43057987017240234584
4.3377223477556414721 -3.5363440408788533453 0.34397024483404237127 -0.39424322064209099681 -0.00812937800925910177 0.91897018242753325534 0.87746943025522949888 0.2938992875268897631 0.37903905835512435862 -0.2731660336596456462 0.95580182151134107649 -0.10873452096891411678
0.77430702365678816257 3.4104135345954036396 3.7866466024482785535 -0.99155709453117801822 -0.0027843264909386744241 0.12964094959057206879 0.006271105533579972649 0.9975699332377920836 0.069389491534037478493 -0.12951911642742089392 0.069616634692861209532 -0.98913008378770050921
-3.5712958809845947172 -5.5458070998948736374 2.8936259470437684094 0.91684067232251331703 -0.0036644311397288722477 -0.39923646316411542934 -0.39880367546759648567 0.039036791424401119655 -0.91620508476483220051 0.0189422809845494651 0.99923105479149665342 0.034329129487856380187
0.9393487668454296724 -5.5609677720258554601 -6.7401120584679716785 -0.99044583899002769378 -0.0015030645360649391024 -0.13789409278213971 0.13736592746135223297 0.077353082755925076097 -0.98749536837434348513 0.012150802438263717462 -0.99700262857490018487 -0.07640756909461218771
5.7446340509363462701 4.8926067035307143627 7.2007583252836671051 0.96249670626280658947 -0.0095748296261466640106 0.27112434983052985382 -0.23240478542495282555 0.48646825902058610236 0.84222125874202435902 -0.13995751550010002151 -0.87364578382955382363 0.4659988607839114505
-5.6771154074399872158 6.9633024116494377509 -1.3060673383065863895 -0.96098118126051190746 -0.0057115077482005165155 0.27655478289540341708 -0.13180141469682946087 0.88845140130570277037 -0.43963905036029565787 -0.24319448255875569798 -0.45893516557030245018 -0.85453786192068414973
-0.27287463677404089069 6.656001972478374995 -0.89588893960069637679 0.83321240232026294592 -0.003079519490825560063 -0.55294449014281965571 0.53166419755978611139 -0.27034008400427184116 0.80265149349743836193 -0.15195484083345017767 -0.96275996776982630809 -0.22361344057773613336
-2.6432061192542346539 -6.8304543824137073926 0.25108811621913723622 0.72365049240725820567 -0.0074618183829911390731 -0.69012628272319986866 -0.56165480741217821414 -0.58748373776904327936 -0.58258624697787386726 -0.40109081533943030662 0.80920156890815397865 -0.42932386228465774236
6.7831956734882217219 6.9760564729686098673 6.6149814480375219716 0.97865539499897480358 -0.001214956947663862856 -0.20550460267134246228 0.20413201672323497138 0.12127889041350860266 0.97140184809819218881 0.023743158762463335842 -0.9926177283424830744 0.11893825201466487473
6.4456652496171180644 -2.9126852149310722417 -0.27732331257904424548 0.98861981584357916386 0.00060943906675170727433 0.15043433220364210712 0.14782147430996714355 -0.18954561740019415517 -0.97068082841749669942 0.027922597557594623641 0.98187172660612387354 -0.18747864154950188986
3.5386266310680545288 -0.70901778776671831039 -2.183656056317692773 0.96755898068695755931 0.0027935716862425878301 -0.2526297980233842555 0.20185961059245521865 -0.60986297344000095499 0.76636796073322011047 -0.15192865596569180009 -0.7925019555712289332 -0.59064230623307101276
-3.403426249830427075 5.7549504546661447435 -5.8180918913811661142 -0.99935273352691611493 -0.016299067236026591049 0.032069524463231989519 -0.029467949617225253772 0.88222950485958873124 -0.4698965212687670201 -0.020633805694119301821 -0.47053739613591960556 -0.88213876737172192133
1.1701041133371237191 -4.620863103553650042 -5.2500131796679694318 0.99981685389193852842 0.00032345556129441312837 0.01913515221096867211 0.017205789619405144342 0.42260477927239425977 -0.90615073875130125458 -0.0083797062722598021633 0.90631401617347961963 0.42252181554353207549
0.050823512097057946257 -7.2857289682806181119 -6.3068289342405448039 -0.98872268813886454719 -0.0019011582659546194529 -0.14974588994909751594 0.13071288831328625735 0.47703375081673327074 -0.86911043107913010797 0.073086160031878261156 -0.87888291949440433548 -0.4714055865523721911
-2.89272118234544795 6.7763953256260620606 -4.566895944825760445 -0.79985830830730608731 -0.001022140862605565477 -0.60018800542817263288 0.37135173731020332255 -0.78644948837767436611 -0.49355353248386008014 -0.47151306856594815686 -0.61765375207998052254 0.6294277311279671272
-7.2581104448487652192 0.062297439817628155745 -2.3282910927360704889 -0.93628459340316039228 0.010204715514968751289 0.35109403859549798144 -0.33620893015861430531 -0.31534488942680632961 -0.88742388743710109988 0.10165980246678078813 -0.94892226472654739311 0.29868347806463318994
-1.8800311275329470995 -0.70609589142919537696 6.9238705000034341808 -0.1592307023582177905 0.004795745550355835253 -0.98722975251518330086 -0.320478187645921897 0.94558230717241764651 0.056283493188799334217 0.93377690840459126598 0.32534766202781723043 -0.14902880306620452933
6.0002556692752886391 -5.8888202473522328617 -2.548386885208571595 0.98698839582286579386 -0.0059523607504225065426 0.16068128675265902494 0.11189233837072375122 0.74308715912790734848 -0.65977388441277917686 -0.1154729887243602926 0.6691681726895712945 0.7340844267074555507
4.5395576312776269035 -2.6751226193475647896 -0.99566617246377642214 -0.96602283774679875705 0.0070112958262910285087 0.25836160450523470988 0.164478605655566823 0.78776277554713391993 0.59361317180787309677 -0.19936565710591355738 0.61593883721769437933 -0.76215004006676279058
3.7912459406042491317 4.1060793007291689349 2.5916069553395173486 -0.99857872770714251054 -0.010238593518543290598 -0.052303879144743471719 -0.049832541000212046689 -0.16866539867491600613 0.98441287128282528585 -0.018900857871668626242 0.9856201877460389893 0.1679154640857121461
4.7082725291459857075 -5.6923386141594622956 1.8039915022005998946 0.89779511183171090138 -0.0020093061280496292594 0.44040878721924209271 -0.052815388823609199509 -0.99326415198286810426 0.10313514962949714426 0.43723503047495121399 -0.11585459453365676286 -0.891853822692365239
-4.7217885236713277308 -1.3469020620627889517 -5.1748063943709379231 0.85011293451761726914 -0.0017360463565973547131 -0.52659755478828063069 -0.52630111746999463929 0.030909343977683141624 -0.84973628038628212789 0.017751966532451372155 0.999520684427268713 0.025362749975372484573
2.1320593172543889082 -3.2280660381449495233 -0.18884920978969041427 -0.71386381745195948145 -0.0027421843200051178313 0.70027918044020420751 -0.62569076628781128413 -0.44660044391104575245 -0.63957728890308140901 0.31449883165934372498 -0.89472930203701117602 0.31709613835759875577
0.59801874124835807667 5.8108680490155677489 -1.6882276468370687184 -0.99996436210815320411 7.4870763082804294569e-05 0.0084420914475446980074 0.0079168850130148689381 -0.33898053019370072425 0.94076007732110178416 0.0029321400597420686773 0.94079338568250137076 0.33896785689899999738
-3.8829819560454290617 -1.8317212203569048778 1.1411478423343284216 0.99751004080585126133 0.0011265055419747930371 0.070515597400429785857 0.068247618287082145727 0.2366007010446195824 -0.96920708358089868728 -0.017775856930503250442 0.97160631906677763503 0.23593469363344185541
-6.6448522483409080408 0.78006022819300613325 3.2994210969285462376 0.92830001349488966422 -0.0032460000560779345841 0.37181789686495275715 0.36984340203957888349 0.11134238291837185442 -0.9223983584839495764 -0.038404985525268262037 0.99377680454396455367 0.1045596472694887008
2.4621816908748925812 -3.9927209731696899908 6.9914179185443492415 -0.43265039497407192792 0.0049587035792875433504 -0.90154813902940822423 0.3331888145531057277 0.9300688790729952915 -0.15478079350043780216 0.83773435502277537879 -0.36735172714818198347 -0.40404685245134031035
-3.3267770390800324165 -3.8693955628281555548 -5.9984332525208365894 -0.67228729888365534872 -0.00051777834664912996201 -0.74029015910351092522 -0.65610377436683997576 -0.46273490547472923007 0.5961579023354778295 -0.342866774449634093 0.88649655338358346324 0.31075108337323020802
-4.6573915883707899255 -5.3615186238471590485 -4.7905398580400966324 -0.72957492571465665243 -0.0025007434368550154197 -0.68389631820240515125 -0.25843900746784587152 -0.92483637256179096475 0.27908235953898502535 -0.63319010351361348921 0.38035697741600965616 0.6740911381581946582
-5.2386379010877552886 -1.7397576625093063019 2.0631426454539512072 -0.99219097973158176806 0.00077460333575113773149 -0.12472553759679072538 0.11864937151991591935 0.31422910287978056409 -0.94190360310463538962 0.038462792112244660603 -0.94934686542540069887 -0.31186718764553184036
-3.3539430233867983944 -1.4974642973402252366 -1.4731039654392077409 -0.9439389273132071656 -0.0059590766575683181555 0.33006634319221228591 -0.15148187381000402518 0.89617798631937239939 -0.41703508095086866403 -0.29331304677746289356 -0.44365471511308551822 -0.84683997918617937017
0.80467909783203461771 -1.5275268639140286986 -2.8895854251301043014 -0.85836926957316561637 0.007319055387159426572 0.5129801443336415856 -0.50622968881198115998 0.15020731831627456843 -0.84921685315910344638 -0.083268837013853402862 -0.98862742878825438098 -0.12522822297667135505
-1.5063814430770738895 -6.1203985264696951774 1.7728233372198873852 0.7342142965541497146 -0.011049871528334129223 -0.67882786262400018895 0.26477610421554031994 -0.91603361740853839201 0.30129060127018764126 -0.62515836503395649792 -0.40094926376853562422 -0.66963923609026676509
-5.791207153373400196 -6.7472011428526021959 7.1279304980975037864 -0.99278208943214063531 -0.012006297406776444969 0.11932967663318140572 0.10852204871796880536 0.33363550449786044672 0.93643489633854393173 -0.051055732732600118962 0.94262569398515261287 -0.32992440527201283285
-4.0866475855268236117 2.4162139825539670213 -6.4020820116404220101 0.66621849858200199446 -0.0026310438247211746093 -0.74575196262264664693 -0.48235659646646716903 -0.76417378554079606889 -0.42821786433725406162 -0.56875744038425679605 0.64500504114369749953 -0.51037581340320281598
1.8541478339619235083 1.0148752737400850155 -0.99545303349601077514 0.97932255234606768735 -0.00024120621076847650497 -0.20230491908464598438 -0.053884303002859922083 -0.96418622019603028583 -0.25969484914768525829 -0.19499697524876918875 0.26522608205736447617 -0.94426230732791427425
1.6752694398756180494 -2.6800902028033033453 -6.1930997101626159562 0.82678181450150400877 0.010149070905112923466 0.56243117585113366896 -0.3258350303810090276 0.82366559791638660482 0.46411907500723142972 -0.45854483334361961777 -0.56698499024993109785 0.68429866041452547254
3.7651185775603077666 0.35843830279115324045 6.6081476629855817606 -0.9375188593958388994 -0.0012323371033331319974 0.34793227735049381266 -0.086263849281357857235 -0.96794826310118986523 -0.23587010888731624325 0.33707111502502729028 -0.25114665298311350528 0.90736344543472347013
1.13553210553519901 -3.1122300205916859639 5.0211139274199876326 0.8280021491670974676 0.00095230821602879881654 0.56072411583932124657 0.16536394062545203831 0.95510863683485247577 -0.24580939563902173828 -0.53578653222673289225 0.29625425727343907001 0.79067452654797432121
-3.7197027034655287814 3.6460365376886891831 -5.8652448171155553425 -0.45408970303052470507 0.0059728890741390112257 -0.89093594954848387424 -0.82737869433339961134 0.36814308788872740497 0.42416407556855506567 0.3305253965503801572 0.92974996178319646578 -0.16222814428852627699
0.64824938107504403995 2.8892876455182641138 7.1135380535768941712 -0.40209227936220465205 4.261716707488691358e-05 -0.91559914649431339839 0.0062243133693836941861 0.99997701895580826115 -0.0026869096284276375308 0.91557799056137245675 -0.0067793616255064394205 -0.40208330412428711087
-7.2888319760734265884 -2.7931255818298472704 -6.6860454865969503047 0.97362802973886697355 0.0037866318102097624998 0.22810988826979891608 0.021340274817658461126 0.9939667956946049987 -0.10758532301187995195 -0.22714104071619126146 0.10961601377715693428 0.96767312515443293375
5.2367204658178074794 -2.3647650337924273067 -7.3986672634282379946 0.5428908363930111669 -0.0049582203614549538034 0.8397886375817634752 0.82813316123246027978 0.1692884378987663252 -0.5343565214918156725 -0.13951704923621194299 0.98555407809241357686 0.096011208344530196701
-2.4310263341618698618 6.0271893289653348802 -3.2381654860906290416 0.74921315107642927345 -0.0021437078782097817101 0.66232549307022947627 0.64341908910508438524 -0.2348898118076087338 -0.72858674986870120005 0.15713538757830489145 0.97201964014392050473 -0.17460323348979528424
1.8874227414037387796 5.7018918272806438097 -2.7675731361867916824 0.98962168271192707536 -0.003909188396488292791 -0.14364415530216179118 0.11288315318652354657 0.63970296092907885654 0.7602877846613320667 0.088917483281173256837 -0.7686122819890507385 0.63350520214299854693
4.763775251618159956 6.6779116228795327714 -5.5779280128778205849 0.9966889631019956175 0.0055102981695959018377 0.081121806221912576285 0.078479012556255084432 -0.32611473689165848544 -0.9420669949479899552 0.021263946454324781504 0.94531413561636323806 -0.32546740172406707359
6.1492194721151234305 -3.9244268576791916381 -5.2670374393774892496 0.98979425671237331041 -0.0087533831960311392351 -0.14223469218792178514 0.097810209750599286238 -0.68414960653107503852 0.72275340106567498299 -0.10363634617119739378 -0.72928917047079899749 -0.67631118103004117526
-2.0751606760054395195 -4.5072013183985859541 7.1517491145425733379 0.46401348522092067395 -0.0082031030150731872735 0.88579015270774941193 -0.27804801871632534027 -0.95076909602334169769 0.13684818352800756647 0.84105932300949104441 -0.30979159954378732156 -0.44345053842679094114
-1.8506595851769105376 -1.3787174753549027439 -3.1667251391890269829 -0.77735111261684364248 0.0032511046963622893327 0.62905856486617017787 0.48145089081290520783 0.6466908570651692667 0.59160457665885979317 -0.40488305403993762877 0.7627452823233502599 -0.50427110451100320976
-2.9013073904294457428 -2.7300517103002559516 0.83939071908799312016 0.98667651547927737177 0.0063028200751242520819 -0.16257222475178984 0.1051772495103806826 -0.78707627485112263699 0.60782290492534662985 -0.12412574264463677176 -0.61682348530639785622 -0.77725258956614995398
-2.3923281888881469115 7.0857392989225633784 -5.530320005934509453 0.79246985448204609881 0.0052682216562198432366 0.6098883304161610841 0.047313356699091604907 -0.9974803929159369309 -0.052861252598186247997 0.60807316666268196315 0.070746813277749731608 -0.79072239907316466123
-7.099567815816437033 1.7859741224770553369 -3.2707903120360564131 0.19574382428604675255 -0.0051524361993605738777 0.98064152862042008874 -0.021107269584261144357 -0.99977667605976239251 -0.0010397967438168015039 0.98042788537681668792 -0.0204951313190150676 -0.19580886386387941211
5.0285247599970812615 -3.5604009483768472855 -1.9062652996720053089 -0.73786774863987947271 -0.0047861176492677093633 -0.67492835071212919917 0.065635186383427746026 0.99472661486489954985 -0.078809796269127943558 0.67174638653698603985 -0.10245025503833116165 -0.73366255009851188973
-2.4876678889858694355 7.1943757413344728846 7.2838615303412401758 0.80724440889863069426 0.0060044275217544604978 0.59018675955337340788 0.31696641854908297331 0.83910703334570202472 -0.44207655004742285598 -0.49788427753253927666 0.54393320678179757355 0.67546125924886757375
3.1169331422426682643 0.61650709426936312063 -5.804961395654837375 0.91067601684405452556 -0.0037698551330892886291 -0.41310407954582328838 -0.30547960512386423959 0.66704631700331185051 -0.67950822057259396836 0.27812120235340231922 0.74500671081848279798 0.60631146916158518145
-4.6370984906603487374 2.1442589210262057442 1.5165847883120713302 0.99490736482266517449 -0.014102535072021214757 -0.099802073756625211964 -0.073558174639609591461 -0.77853448321358864614 -0.6232762255942714269 -0.068909581084771576176 0.62744336553341295559 -0.7756070478553089842
5.3987977604962562594 -2.0879676887181353173 4.0184991091152530984 -0.99816531334825731037 -0.010853152298115559607 0.059566906193363022837 0.044164718236286364117 -0.80349369387670976916 0.59367277313641897418 0.041418412468019374928 0.59521432525232764732 0.80249886113501889273
2.7442204342195934963 -0.32693572447782737189 -6.296630692858455447 0.86865688485556269427 0.0016167820628252786014 -0.49541154852185165236 -0.25626454088556677169 0.85728209635603191963 -0.44653767181743425629 0.42398549677765645649 0.51484443600288143372 0.74509831917605451324
4.0100368149658338623 -7.4240568150931709468 -3.9602116034909990994 -0.88677294453067145863 -0.0031772687942350150148 0.46219438530947914989 0.3146056530591094802 -0.7367293461599343507 0.59854252444592559446 0.33861043680284297341 0.6761802832601901958 0.65431123834027438146
0.73048491001165360981 1.7410635864908328152 5.4675489635391718579 0.021325103793435405686 0.0028491035612318131587 -0.99976853449038527444 0.50678672599750684835 0.86196938608577400309 0.013266190246037052464 0.86180766665246533176 -0.50695232523367661503 0.016937698759219712435
6.0007116436159506634 3.8854324197784406714 -5.8395333860243354707 -0.99988971561383088726 -0.0029365730145246983322 -0.014557923909625394496 -0.013333021445105340194 0.60925491934880493528 0.79286232965650571547 0.0065411886359365211882 0.7929689904328933725 -0.60922688143505410174
2.7067197750953435609 0.97843574465202387547 1.4685369422826035635 0.99988320525648277659 0.004254365650758925449 0.014679108244877895478 -0.014423116738296820963 -0.054987706408020795013 0.99838285534537862809 0.0050546562205524246669 -0.99847796796780152739 -0.054919922920540577282
7.2481185374084438067 -5.6609851599531069155 -7.2642669060086291211 -0.97230890066556385776 -0.0052145303968824541913 0.2336412000469125505 0.042242193996532839684 -0.98720488513602278058 0.15375991613549563897 0.22984994829881072453 0.15937165192210966946 0.96008836980279843587
-6.0662515717258465031 4.0864754551830664298 -6.0248577489182508771 0.99559173886637253315 -0.0068416728087577569767 0.093542936741121796018 0.035782005792131615918 0.94961179771046400067 -0.31137932126365414076 -0.086699120886345820702 0.31335383380820464039 0.94567046970672274941
0.50064289142731988047 -6.3665246381237832196 -5.6195224882531329413 -0.95529831691622701939 -0.00059804091635003858718 0.29564297394677896413 -0.22019144639831561561 0.66874032953949125169 -0.71014230868206129621 -0.19728368566625717473 -0.74349580630584000129 -0.63897819475752748453
5.3733053266161601158 -3.8411471812906694545 -6.9309480937583849425 0.97500405385091304389 0.013119995332712984515 0.22179937037077671058 0.12244875255323932339 -0.86470787947733718237 -0.48712071005836404813 0.18540064178027068631 0.5021037232406867501 -0.84470021494931535333
1.7847686542077672023 -4.7549165005015225915 -7.2713923060638370188 0.94419587233219692823 0.011369643895781555293 0.32918822255453950021 -0.21874574065702703796 0.7688384470506265389 0.60086416375191775696 -0.24626095024451921667 -0.63934198480512849372 0.728421149370410137
-3.556016533654563716 4.532693093661348982 -2.9919563097598649293 0.98334019204123279678 -0.0043829059139710302428 0.18172192177055421225 -0.12782256468291788853 0.69412057966904028294 0.70841937638509300257 -0.1292418611522748173 -0.71984540772009908416 0.68199642983689490183
-1.3419590803443581795 -0.65028947804416170619 -0.29956185336667157104 0.9646302714857923899 -0.0065826948323317825348 -0.26352439633149471465 -0.18487046396786457891 -0.7295256875114025652 -0.65849463385318318664 -0.1879131471863869085 0.68392173484238016901 -0.70493950784776970853
6.9903909977720619651 4.680736184058019056 -4.3557855871286523808 -0.98638721663430017905 0.012206460983425350408 -0.16398555171271522735 -0.15921731674857234062 -0.32021198761401353794 0.93387050977937846596 -0.041110885512678128906 0.94726727236740038141 0.31779649116034108802
4.3537628820417815234 1.5986009601648583089 -0.45904942437058443572 -0.98804274380313439341 0.011369721995229002676 0.15376041701225204306 -0.15289959299630487277 -0.20052525257761749655 -0.96768349037285406045 0.019830554192876579528 -0.9796225561411341376 0.19986594662418111223
-3.6822085033639808671 -6.9860805665953504828 -5.0933673062431639167 -0.98184368268178490169 -0.0055109915331428734053 -0.18961173948437917702 -0.033862385861923152697 0.98861433820300692599 0.14661183145757789026 0.18664490778403527993 0.15037060640935809297 -0.97085135789490173419
1.8042412075342164623 -6.5990210738015813163 -0.08248384459223048748 0.86048229558274813566 -0.016911291699866291827 -0.50919959465984510061 -0.27079200951072973647 0.83140659868341071359 -0.48521619434092294609 0.4315575356471127999 0.55540712624039390022 0.71083121593494591473
-0.43979782817996654343 -5.2839123840986994551 0.21586064768806162428 -0.88168357902944061166 -0.013940742054866265068 0.47163515791437310432 0.30519469010597777281 0.7454632507903925509 0.59257129769528049668 -0.3598475616161925239 0.66640092844477316625 -0.65300806654045240318
-6.5261822981984334291 0.59803168209802515243 -0.48928521118630430298 0.99873239973444960516 0.001292507249829906793 0.050318218824346623574 0.048495593152962451766 -0.29247169280444756945 -0.95504370913206926286 0.013482253720517381468 0.95627330734106430477 -0.29216363651473808982
5.4353517301236360382 -7.0493332264697832201 6.3491446974091321209 -0.91026559948337959494 0.0031239003256795369254 -0.41401301868890005853 -0.03472873004914149575 0.99587132614295748034 0.083870239509551358648 0.41256569623067623764 0.090722340208825524854 -0.90639892060875038027
-1.2047291474155714663 2.7959934850070751189 7.1357789351734179917 0.61835270307986411886 0.0042209188912266503574 -0.78588938053487933377 -0.1881221785504514632 0.97170903180554468737 -0.14279917172371792145 0.76305306534431549537 0.23614347619882897211 0.60165295488139713953
-7.0409239261376415087 -1.4118359728182838797 1.2066707144835362442 0.98141822901323438888 0.0045281477812391859178 -0.19182741107090731103 -0.1896174971023394662 0.17598510447966139725 -0.96595778779091490129 0.029384767365836776676 0.98438241495817135895 0.17357360561993304127
7.0511753678530171285 5.4894058526644755602 -2.4890394681415317635 0.82783365300195188574 0.0030814492305062104668 -0.56096519288464963271 0.28388480566395679627 0.86018565150051240487 0.42366267485569142348 0.48383970493400185742 -0.50997171453264300567 0.71121585352556371262
7.0930606374517344292 5.3938240904812424503 0.8432447408096896968 0.99986277801982081925 -0.0021237023498480883145 0.016429090626303124306 0.016060024208395064227 0.36745481345476810331 -0.92990270227123394964 -0.0040621118773949025857 0.93003895077419618254 0.36743849728878935634
-5.9785878114414270357 -2.8974741551275902118 4.0857313609168031121 0.77268226535655315512 0.0010808877837181415926 0.63479205137196481612 -0.53423904758086337985 0.54121447955101487093 0.64936548042233022127 -0.34285675849151386885 -0.8408838913940267501 0.41876428256338033007
2.4379585909141563427 -2.2184870067101405411 -2.6671674457939404945 0.66452474354693658043 0.015777691976431491155 -0.74709967852337477723 -0.74725595008615908199 0.0087784036414156954575 -0.66447835532122379032 -0.0039255922767580438831 0.99983698874642834564 0.017623440636626314798
-6.5559604598090750471 5.0671172075645385391 2.0912169217545706346 -0.49877306500284157575 -0.0012963351458039123684 0.86673164771040589471 0.62150943446453577046 -0.6975335571750133079 0.35661317906990508408 0.60411211914620654984 0.71655094454610412935 0.34871663477787384622
1.0710917619891020536 -2.3029170668316143455 -0.053768930286713735589 0.91563154777730992873 -0.005402812773149686526 -0.40198218658153062055 -0.37398693320326609202 -0.37828234478400557528 -0.84677992502058818669 -0.14748777070646701404 0.92567449853539962579 -0.34838783023105474035
-3.1046091170477931875 -4.3374781890832272424 5.2528904095665875928 0.96377207808633380548 8.0250342758908196385e-05 -0.26672715471243935159 -0.24987032187096241964 -0.34959055251390291907 -0.90296803256875068922 -0.093317756880523877738 0.93690257719401892622 -0.33690556109677610719
0.81623135917742528633 3.0640210085335786161 -1.2352385333114648258 -0.99706359447875592128 -0.0098194452030221854311 -0.075945816613229674696 -0.071380543227064108258 -0.23996361594705165055 0.96815405854146174836 -0.027730968496465939477 0.97073221926416952687 0.23855806812744667633
7.0303559274642095644 -2.5765606911174296911 7.1633119974179884082 -0.99858522873285460175 -0.003247696722314873715 -0.053075356074539718765 0.052319809430437867748 0.11824324859434585944 -0.99160535078372147311 0.0094962359701420001601 -0.99297934854053604425 -0.11790604257011008671
1.5483663544540167134 -3.5093322161597293452 -6.9172178830879218481 0.90590821968939327924 -0.0042352552571975708023 0.42345290188188916547 -0.16912956089669831106 -0.92035558344102319506 0.35261989685747907597 0.38823380729931455946 -0.39105966634490807454 -0.83447399493819673921
-4.5738894763289765777 -5.6651817604743044399 4.3190274756560587122 -0.84805785627587648712 0.0033725720400970366983 0.52989291197986754245 -0.31271624824995630787 0.80410082510579317105 -0.50559906165318746485 -0.42779249699960392173 -0.59448337976926779458 -0.68086936389356433885
0.16761380107865148092 7.1386614682005795629 1.6142306142776654543 0.99882854750426031121 0.008621742120378807564 -0.047615105305537676339 0.04812212455643677389 -0.2802592866211636724 0.95871736887932312854 -0.0050787615244706312001 -0.95988561705322805739 -0.28034587272859590179
-5.7982990279620674201 -4.363606170607170931 5.2108285441549657691 0.9868122396077294578 -0.011949459019777994295 0.16142742700579668091 -0.15047279380292447049 0.29985609990357747767 0.9420425986523891515 -0.059661898106906099959 -0.95390960251997969355 0.29410360102272287142
-0.75351480689352001718 0.0051440509531419965905 2.4105790874486023867 -0.9005553458440771486 0.0046843863239536785714 -0.4347161437033157938 0.32596493076449140069 0.66891261523633871455 -0.66805896228501138179 0.28765766630357542111 -0.74332628750939599982 -0.60391977721747558405
-4.0186686888750609015 -6.4181369315596636937 2.5650816427705231959 -0.8951108521855690725 -0.0056324981712152100838 0.44580807222842511184 -0.29166468691337876784 -0.74887562990950096165 -0.59507730702428651703 0.33720657275230486727 -0.66268662721670079652 0.66868390245370645797
-0.97097291392982110203 -3.4836802168690588211 -6.4360130787599461044 0.95116933100136591417 0.0012521253622990169418 -0.30866703086729629923 0.063113649890728693026 0.97807585348972359007 0.19845476063280456658 0.30214825989873161927 -0.20824518482408696518 0.93023672903076226604
-2.9936428123607092822 -0.55470247951944695597 -3.1388439983380784781 -0.77642617438929462104 -0.0045974129152192965558 0.6301914467189559943 0.48743635902039289531 0.62945603573134301101 0.60513708776304664383 -0.39945987486619966012 0.77702249830734426705 -0.48648519555683861215
3.3101282114551864311 2.3855867909041834629 -3.7343001886660820432 -0.91467456639126942797 0.0067883439155916802318 -0.40413408169045789142 -0.37395460003314862085 0.36523172931537067898 0.85250439354605378472 0.15338968254410284553 0.93089188539177525339 -0.33152964121002714837
5.6180373087857722325 6.3173871026019829955 -1.3418046468512241365 -0.89663046720320216387 2.7634053862667540703e-05 0.44277963426452066065 0.44244393815836458028 -0.038876607003780275229 0.89595310759810187218 0.017238528647014628864 0.99924401857812594763 0.034845723781404047692
-6.722458146490339459 6.8372322394786522182 -6.6389224646406281849 0.86479889139086807415 0.0079558727688039537762 0.50205535704485571014 -0.21535574446299876605 0.90911813633118199185 0.35654749686461556513 -0.45359098401070963025 -0.41646238519480976992 0.78791769934560307309
6.569194611786812743 -3.012950035486674949 -5.7325057236387229054 -0.97154457505518532212 0.0026743432583753987998 -0.23684169094351353868 -0.20931600668789659969 0.45828460847845381432 0.86380670695239647472 0.11085101724870694007 0.88880147700135958555 -0.44468414234727671186
1.2224042047294225721 2.5700578749572073889 4.3668166944638890925 0.97499962834044462401 -0.0051778172172908271814 0.22214615671862580903 0.074675771412584163178 0.94921829487742293008 -0.30562748213159229849 -0.20928271285500288368 0.31457561710818682243 0.92587414221433839145
-6.7180745620837836185 4.096341913746929464 -3.2698807615104152902 -0.99988393516531248739 -0.0031230074950402168452 0.014911841685131906401 -0.0085908681263327495853 -0.6927495332809882056 -0.72112709082639681046 0.012582256677236180326 -0.72117149899528087964 0.69264230007535809719
6.8521710822179393574 6.0086012287216172822 5.9562045123646409905 -0.95256664037223115482 -0.0084094771165144788921 -0.30421386612826889495 -0.27268489878594642795 0.46743534156235877486 0.84092041682471285746 0.13512861141956591937 0.88398726356955159567 -0.44755645031968360747
-2.7917229467299367052 5.8927094558019526005 7.0463196946977220136 0.95380664992061414686 0.017206343663282448742 0.29992801853944767165 0.1665889100213502616 0.80051336365615677337 -0.57569652566759210721 -0.25000201924213588667 0.59906785621137503828 0.76066858356929389906
-0.91338579113387785569 3.7410450918373401308 3.0076768132295015334 0.96229134225138357461 -0.013580509407703007796 -0.2716816931489546838 -0.27199102590033574778 -0.062839381481908804239 -0.96024585079265889487 -0.0040316817470520413882 0.99793125108861746586 -0.064163569438564077574
3.0053447464357860852 -6.3439784486632539995 -3.5713743594205875631 -0.96011259236393076133 -0.001659907826035974393 -0.27960875288583408871 -0.27126982720191283871 0.24799348795073397622 0.93000640362517583704 0.067797424982051990305 0.96876027717901258551 -0.23855195351483368671
3.649115349311643719 -7.1969015059877499141 -6.4340598546039080574 0.87934246714729946692 -0.0010927951386514266324 0.4761886509253274169 0.046655954807505922721 -0.99498828070368172671 -0.088439488597293197669 0.47389877331795032811 0.0999856342738711934 -0.8748844641359617702
-5.6546364545941125712 0.77288806998524317571 -1.5919571813989350506 0.99666269504531368462 0.0088031758577475308775 0.08115402885600810079 -0.073533589844596403129 0.52849314537210867471 0.84574689266895552997 -0.03544408934246939813 -0.84889192444590366726 0.52737673170244780962
-6.3533059233697537493 -1.5811639567374764503 -2.3004533886316593794 -0.77641628562479081399 0.004423120158021778825 0.63020487734121155565 -0.57029354204374627102 -0.43052081268666209102 -0.69958352306697124678 0.26822197396894448262 -0.90256981217614529189 0.33678584713222259328
-3.7800652302746180489 -6.0618732229077290086 -5.71546825806022607 -0.9999131507724814405 -0.0054148870660194869248 -0.012015403043399784655 -0.010954066446090557005 0.84839530897996529024 0.52924985416076131273 0.0073279833875267152976 0.52933550674302276562 -0.84838094153543808229
-4.5322413834018782097 5.6914807040913988345 -3.507005864934001238 -0.96853887845886954544 0.0042836831946520530917 -0.24882542268029636534 0.15523786075171211452 -0.77107649391176014131 -0.61752914678258497005 -0.1945087337446918252 -0.63672811355798031308 0.7461525728039675176
6.7831178384252996949 -7.0585735315114952471 -4.5949232733790834615 -0.93333640928513306179 -0.0056004634105413248629 0.35895930397804387546 -0.33357771959028303943 0.38311624559282136948 -0.86136394593447662693 -0.13269910359832670643 -0.92368315843281822985 -0.35944453081357941038
-3.7799570724258368948 -6.8629677873145080724 6.7925682116551264755 0.89420590390124665703 0.00055352322416464625615 0.44765555401471185393 -0.24686828115161627006 -0.83358510160596044347 0.49415779882740840101 0.37343252829581785601 -0.55239077833785543703 -0.74526007193317977961
-0.85877726381885177709 -0.40304216784569801835 4.7080293065945095776 0.35017354892699215085 0.00072125681969846706931 -0.93668456025523827435 0.24311650994916006452 0.96565941181091319301 0.091631124467902558273 0.90458435108178414374 -0.25981027725961569619 0.33797303384776478108
0.9884365189293661258 0.7398063643146532975 6.2042132477770168819 -0.97280702679796215993 -0.0093633613670454727412 0.23142777723595941985 -0.047735317958299987307 0.98583697406300307975 -0.16076940004154136044 -0.22664471763504123736 -0.16744488058524681362 -0.95947609867769056979
-5.2948782221461785369 6.6358255736026459104 3.3673638879009528679 -0.5318904389616654349 0.0037438315851082695426 0.84680490354399928776 0.59532434340756812396 0.71281893115090533275 0.37078038990641770667 -0.60223042690273143052 0.70133811754237018743 -0.38137036827030057484
-5.774404630705788577 4.2402816069100834895 -1.2593762656046021409 0.99695674939387868285 -0.00160928810802864284 -0.077940041248717506495 0.010716624203661838377 0.99312418153853643243 0.1165740709123860297 0.077216538408191426335 -0.11705456093292242181 0.99011910190697860479
-7.1797040663193039123 -3.7713414222517176455 -3.8471977085388067152 0.99657732904963558518 -0.0029457483404049847851 0.082613254330957661131 -0.050959020600101698206 0.76500512286222244196 0.64200493784253231944 -0.065090747759665446015 -0.64401745672107113538 0.76223664960091475074
5.1746734646159202597 4.0364765307398329242 4.2795820450961423731 -0.99029568656422817252 0.0033347489656202389426 -0.13893643374460229456 0.035059769668576643009 0.9733724583615723791 -0.2265322711096887931 0.13448146981316155824 -0.2292050103131542671 -0.96404346246643823903
