1125 14.717824617146108679 14.977075390850430381 15.033177056927090831
-3.1987661277033332397 3.7964060439581626127 -6.436328545252975708 0.98323016152367970211 -0.0036302076928140039613 0.18233285787867634098 0.16806306846037560865 0.40620745358479465326 -0.89819280205971985254 -0.070804339484046754927 0.91377367342482473944 0.40000552404421385599
7.3180035975795290071 -4.4783810918527953149 -4.1512339406586704627 -0.99704012154704657611 0.0065426850080526899323 -0.076604107581114383452 0.032262526670270783025 -0.86879727161385056355 -0.49411580647568204006 -0.069786283740141924481 -0.49512472581083621925 0.8660146537401800515
-1.1991880462317370259 4.4603596715334772327 -4.1843992984118587586 0.97482588681207948955 -0.00072419041138079270209 0.2229662888178370328 0.21636052302825159455 -0.23855764153536351824 -0.94671979790224380924 0.053875917402212120111 0.97112806941897489299 -0.23239547824935205544
-1.5169846181925064066 5.7643382604386479429 -6.7746574079023504922 -0.96226340552887434932 -0.0037256208925416506306 -0.27209420818702551026 0.21463367314972692235 -0.62505134849904431249 -0.75049530184383073106 -0.16727679076976076367 -0.78057474433172424622 0.60226368293400134313
5.1655953592802275054 -1.386311987089692499 5.4385316143718478443 0.65217538430421440054 0.0037442709000770277306 0.75805886878468942136 0.32872650115189905318 -0.90247343386053369141 -0.27835335208399597517 0.68308576002437937369 0.43072924397044420886 -0.58980179962469569954
-2.5625467337198211126 -3.3166804957642952445 1.6499192034143899122 -0.98144519207331193389 0.0057860498316789944762 -0.19165556757762999829 -0.10842138625017985754 0.80765912154333252548 0.57959601999274057427 0.15814593880251229252 0.58962128948605618817 -0.79204583012919616003
-0.40902654122916060064 0.43034295454583276763 -1.3387665372674968367 0.6615408079254639917 0.0031982155311000479668 -0.74990234755378415432 0.66764993342342104921 -0.4578670677421187718 0.58702752463309593178 -0.34147814842098100918 -0.88901491533870846684 -0.30503303830308448052
6.7795963984774152422 -6.6440234924795964488 6.6519737130550993243 -0.96753610909133180851 0.0037546740520795250998 0.25270492679661793467 0.083080846067054986426 0.94904490137208663558 0.30399234891110438195 -0.23868693014338310254 0.31511851358250531074 -0.91854715272331388665
5.1422420868857727783 1.9699228806580340034 4.2424365815124209789 0.41577307728342027815 0.0063172296959331259575 -0.90944644746975678018 0.23791757849555814075 -0.96590840012659706648 0.10205972960846756981 -0.87779722832158690871 -0.25880698439938110145 -0.40310168788654771044
4.1934544821331805053 -6.6149386382546957464 -2.6142955110768704152 -0.96690281326514837534 0.0012867164052734365864 -0.25514171368238502957 0.18869085497438500831 -0.66949381091938431343 -0.71845236334067474893 -0.17174024266009868533 -0.74281651940544091151 0.64709265762295098412
3.8830787784508600247 -4.9963496735504380197 -4.5619223856940243067 -0.9075225271132353333 -0.0032168940660087658179 0.41999108844659865936 0.38123092039278627663 -0.42594843776008034508 0.82050649827182309259 0.17625506551156305823 0.90474172002970543183 0.38778418214155541133
5.706778811475937907 -4.1444003488089427023 3.633188054237575848 0.6739733484208250136 -0.0054244805406160672909 -0.73873574478922421349 -0.73868307465598004313 -0.018965718677162363842 -0.67378603186149399473 -0.010355715094067598908 0.99980541933207789373 -0.016789360886175549309
-3.9101106208396290143 7.4505275763132630118 0.57191571719579759048 -0.99857598033869354737 0.0052035687077982588009 -0.053093637692343986778 0.046561735716314167632 -0.40075366681827012671 -0.91500191436901257003 -0.026038745319063902328 -0.91617106557917127319 0.39994069852637476048
5.7214769626075003828 -5.8022326716540515434 7.225142027390945465 0.99554975141693247132 0.00019236267978476901536 0.094237229640780101336 0.091672792207431116895 -0.23368431171504078225 -0.96798127132051192678 0.021835558675163305176 0.97231250401046798171 -0.23266199286184321982
0.7750954968935371836 -2.309400486872767555 6.8777238736230428273 0.9908409615645117352 0.0048769450188494182716 -0.13494593099912394196 0.13002841806626858068 -0.30403181817400298792 0.94374639815629768336 -0.0364252574613689456 -0.95264939455445796224 -0.30188132051152155588
1.6043834400942325047 2.1501711211178808902 7.4216983778339171707 0.86213009981689026073 0.0064809730921305194751 0.50664552497538162257 -0.50595082896632237457 -0.042869399221624034102 0.86149635708957006397 0.027302923983233869099 -0.99905966368279897072 -0.033679945721620113686
6.8520743299757347344 -2.1727859193510643543 5.2105952267729849225 -0.92356145983610093975 -0.0041126730518823012561 -0.38342837118006223296 -0.37988038307624044654 0.14594497998489341928 0.9134500300350612001 0.05220272463472547253 0.98928415975274641703 -0.13635148258502483021
6.3474709486067322217 -2.1695418743619434565 3.1403468499782274392 0.74737173216737451398 0.0052760559705019999255 -0.66438517231396276852 -0.63942515218871509575 -0.26591218274715433534 -0.72140570126330849643 -0.18047428821208730265 0.96398281846735611733 -0.19536160573220892611
4.894081564279507468 -4.9238754433264046995 4.923846123441217415 0.75874125228212263572 0.0098892487537513059509 -0.65131706168679615043 0.60616656430195348104 -0.37678877668467131157 0.70042295371216811706 -0.23848230208474516245 -0.92624641458071133027 -0.29187972020817326557
5.9822177433949201841 4.105321529091034094 3.8904397541428998863 0.8557259356646215176 0.0051493548645247418094 -0.51740371778252136625 0.34775693479249297768 0.73471307823977083373 0.5824618502245031415 0.38314258094660580412 -0.67835844271889589319 0.6269223124581185802
0.12614408001763438572 4.4195927004830419804 5.2430386002072983942 0.96044222490681874227 0.0020846657773862672068 -0.27847151880339415797 -0.16613006142610706184 -0.79825568814785552441 -0.57895479877970035254 -0.22349840112766386491 0.6023151255847304375 -0.76633214351560097199
3.8595853002452864544 -3.6511927938196309107 2.9495904628360092303 -0.67554519984677563471 -0.0029038178773510394184 0.73731285815815938989 -0.65034320700127445924 -0.46882740938767608618 -0.59770776581388251891 0.3474081116943193992 -0.88328502084464199928 0.31482562773753103302
-6.1184244075408784624 -3.1323380767007802383 5.4484847777841594052 -0.9945630419281279444 0.0073448767636664089378 0.10387689067353729488 0.0066204989447941169078 -0.99103195560735990455 0.13346097541502538464 0.10392557252382536581 0.13342307053256277638 0.9855951296679921203
-5.7106562057518459596 3.8787611494268183776 -2.2914009414843654611 -0.98221095139057135182 0.009319652416829030811 -0.18754943627581149856 0.078489970853081611479 0.92770929749173514089 -0.36495860562925941384 0.17059006842140844729 -0.37318708904008440763 -0.91193773094978014537
2.5013447439737168665 -1.4794631252785621633 0.089776797389393869775 0.9593697487559272874 -0.0016594847274526832934 -0.28214700296543315794 -0.11603962745357920827 -0.91381996350467786794 -0.38918874490490773521 -0.25718571117456745512 0.4061161415294190502 -0.87688379478524014488
-2.8768115021622464589 6.6117662829275056779 5.812524457686630619 0.9549366580993357001 0.01099015339251483217 -0.29660612863929863847 -0.20858352764572204996 -0.68609861711260899941 -0.69696599600767294991 -0.21116081789205776165 0.72742553166940682186 -0.65288835558816460392
6.1824021005339355739 2.9928757041393017069 4.0241600309128218171 0.70397048210684209923 0.0051579973290824115972 -0.71021050075734504237 0.42188066001759305657 0.80140226610541420715 0.42399424121594236903 0.57135126588249729451 -0.59810350521019128855 0.56198748031410805659
-5.6766785265211510136 -1.8401175579498048052 -3.5412806404986976183 -0.68698392916500672367 0.004396918873369503114 0.72665930680980705958 0.60934600726706433793 0.54831155070846737676 0.57275813986992996085 -0.39591732027859383169 0.83626258463723779357 -0.37936046847208759747
-6.7324444157986818027 6.1148283831311109893 0.77973275558926824491 0.99334736298976122892 -0.0040032139326252758754 0.1150868833518179507 -0.094668001432799214756 0.5406377913635599386 0.8359119260150424946 -0.065566652698890684481 -0.84124595263679136092 0.53666214812126178391
5.9749697809802952975 -4.5244184245626852814 1.1474344136837761887 -0.76433806243079505105 0.0083942505087023083776 -0.64476108976724866295 -0.49487821539845477936 -0.64866427910723412076 0.57821294082214991228 -0.41337982321770816441 0.76102837632288022895 0.49995292997229495713
4.7980225881521603171 3.371360063543725083 3.66549414822699271 -0.3287459463732073095 9.7663566481073099158e-05 0.94441838885366236056 -0.9428923318452974156 -0.056859453735739418079 -0.328208855864922322 0.053667059640817318944 -0.99838218783316334815 0.01878440115662446952
-0.2146944252412813503 -3.4063140266511577892 -4.8302499176027353656 0.6538351431936542113 -0.0056603332580055128187 -0.75661586432783423106 0.30139820907974912423 -0.91526411591745204799 0.26730267053922263099 -0.69401637234906299323 -0.40281454633771690554 -0.59672582998412349031
-3.0435253513344067144 -7.0558244494767583532 2.5508548846737495452 0.85929948725554428091 -0.0011570325735926114546 -0.51147145812654859487 -0.39517240348126897453 -0.63637300869902013734 -0.66247125622640001819 -0.32472012984919879086 0.77138061621683984281 -0.54729222742134708835
-0.5081749466337929233 2.9709532273882564013 -7.0612381615228638765 -0.99103573186516902283 -0.0046797506156045802148 0.1335150856673069375 -0.13189100534785222485 0.19347669893947030961 -0.97219932610339643286 -0.021282407638736112326 -0.98109370954140617815 -0.19235953894579441159
-4.7295107285484805359 -4.1634299452844114597 -3.1844819341665839829 0.98391108200825272423 0.0047807677927070111462 -0.17859486823748610407 0.14621072424219841435 0.55292562515955856473 0.82030218648891817246 0.10267135344396036145 -0.83321689691296751956 0.54333065059936946906
3.1716270876274204049 1.9053495092864860538 -2.2392181588680806215 -0.80522369432103679809 -0.012612462288610647165 0.59283701630279472816 0.49615670421460572603 -0.56182264354217159585 0.66195456193463853012 0.32472038273973868883 0.82716155797891943724 0.45865066230741602382
6.6219563918088368837 -5.8996078597740835292 5.9762439550995676285 0.98095096955359073476 -0.0053472532153747750344 0.19418187921353768921 0.19398130740722566157 0.0800565783826597821 -0.97773319296938743239 -0.010317349873869367458 0.99677597841271492474 0.079568845353394951347
-1.3878847861614622694 -7.4478224411060267585 -6.3321292265927748844 0.99933120413841480811 -0.01381598557362254294 -0.033856505694696524544 0.03648029100936690805 0.44039685039970338787 0.89706176070876286754 0.0025165061288841029941 -0.89769690469597285265 0.44060632598298898888
0.2138999799983203054 4.6957500836221539586 -5.3391205997300108521 -0.9905408341796149152 0.0090661570100751959211 0.1369184451408615999 -0.069559325940500335572 0.82693062831890218334 -0.55798497840256477964 -0.11828083529221485037 -0.56223086071939887276 -0.81847791861305441152
-6.3813029491046595609 -5.7512348924213609891 -5.5480811621238270703 -0.86992238196279814133 -0.0047343168251209148678 0.49316593110687156898 -0.32046073506648908857 0.76551926160125105536 -0.55792936595778519493 -0.37488660504341819735 -0.64339555979325402379 -0.6674595021403624262
-5.8301463445765753235 -3.5784031276132743926 -7.0393412832468840179 -0.41834180313258434447 0.0015460251880862548209 0.90828836035590321263 -0.65637516733662137902 -0.69172813214096995349 -0.30113756143730435744 0.62782304469927796564 -0.72215635496108121494 0.29039356661894683009
-4.2353131129489618445 -6.1743388059250428057 0.7651473619740761789 0.90371305216847952479 0.0039871143162157219458 -0.42812010261109778586 -0.3153085231912936548 -0.67024983015588113222 -0.67182267033718934268 -0.28962605984831457651 0.74212483322924782669 -0.6044563485987535234
2.9980551432198279116 6.2283499587721111723 -6.9317459982055824597 0.75082836031990396464 0.0031751163654989379356 -0.66048973646489750333 0.2666752711630034911 -0.91631641909357264275 0.29874490765452194063 -0.60426904032024819635 -0.40044242874036012347 -0.68884307950002043874
-2.0263192329310784068 -1.9029103581672059953 7.4630234230720384758 -0.61057781315623449458 0.0080710662860449637612 0.79191514189994183237 -0.026567673274139828876 -0.99959398944307675805 -0.010296358876156836565 0.79151051339707756416 -0.027326071036951955773 0.61054434157029757735
-1.246651756261128563 -4.4968870124205730932 -5.497505332636245079 0.62628206896721227981 -0.0097422875879391718223 -0.77953566815299102366 -0.73284477289590299609 0.33370585846562567101 -0.59294092358750538629 0.26591222034587436163 0.94262690809154503491 0.20185441093152131642
2.15598493321003426 4.7665101420480198158 -1.6075739437706846324 -0.94896372097919357014 0.01405571097388857299 -0.31507188585222167809 -0.039712932710100512512 -0.99638025898113580237 0.07516157587734509371 -0.31287495783627522483 0.083838037320887376369 0.94608691157694602136
3.8678262052504206459 -6.7502730225352838289 -0.05675150697139785122 -0.97424415215942972157 -0.00099782732544683610566 -0.22549353942812525031 0.20186901355970260363 -0.44947312366520814075 -0.87018550462935262413 -0.10048499065831525967 -0.89329329754744868364 0.43809799270153709783
3.6026822121818118383 -0.042821605808947560412 -0.027937095419886079362 -0.72367005040722343079 -0.0038192043259743821242 0.69013554597770887522 0.57310289180840734424 -0.56047271220583216866 0.59784898952279419415 0.38451883379675294572 0.82816408552346987282 0.40778611293743688426
-4.0473495278535720487 3.2351936944337449376 4.1884220380307679577 -0.95405270348457049678 -0.0039792633093872278871 0.29961242370309681959 -0.18031303593089861859 0.80622500129476670772 -0.5634611400625555433 -0.23931286644702745581 -0.59159564970565958753 -0.76989865515026323362
-6.6048953851647462798 2.3806294150172249147 3.3095635081984151604 -0.87787934157964930826 -0.0039580120183712146076 0.47886552994400399808 -0.018422741560033321223 -0.99894647991026053191 -0.042030142379255237828 0.47852739129653937278 -0.045719409618511674953 0.87688156062433064708
-2.2912431535642587832 0.67234923460385642713 6.0468855965172751965 -0.89341989492156637098 -0.0030845408404437009431 0.44921195104969224854 0.44684032601820777852 -0.10894817171792268995 0.88795496446794452972 0.046201887428365936983 0.99404264570849898419 0.098714761362877240236
6.8925484802082390701 5.941850745357545982 4.4360003264017633384 -0.98412218353207514543 0.0071212044890007833442 0.17734941873849710547 0.15964763007457336008 0.47216136686426835034 0.86693499055731471081 -0.077563922617728237041 0.88148337028420542527 -0.4658013587577616299
-7.2878979372494088196 -2.1109921352766569669 4.2228835400824049628 -0.99398185701956331961 0.004853879096781730379 -0.10943723211832687148 -0.073243694872767578508 0.71342739734440063781 0.69689074457903410487 0.081458143100595264974 0.70071234367335410997 -0.70877837322145398335
3.5554137931731029099 -0.66143882983453194946 -1.1316139868662591361 -0.91939832591861214706 -0.0060664294880613343214 0.39328096410976903785 0.26927237293390726691 -0.73853955299165763293 0.61810332294980596668 0.28670386720867940822 0.67418285880031880719 0.68064555050880937159
-3.8597192120585921415 -2.5138358694637523705 -0.34999257663091065673 -0.97881423517477594842 0.0071254097864717567262 -0.20462629731895098928 0.17092232408460356075 -0.52180840785585513864 -0.83576404841352502917 -0.11273088373917000693 -0.85303295014099156379 0.50953560604249337196
0.95358678742343427892 -2.0159417629196640931 -1.15774813850691638 -0.75307987996500835859 -0.002724227144162868347 0.65792345525769979631 -0.13676231192738050324 0.97879670698826326536 -0.15248959448159338237 -0.6435578951641354184 -0.20481597832042280904 -0.7374846782113785304
-6.0112301556015586002 3.99900348173819431 -7.3347904152399774347 0.99511618217303388079 0.0025677344101853760185 0.098677204648558572431 0.041082970387529331446 0.89819365665727690651 -0.43767607278053394237 -0.08975507518457864764 0.43959249525042981555 0.89370155230823011827
-6.5966945559736416271 -7.4217507357045171545 5.7390617086739128538 -0.75595672519523327004 0.002538570546804269374 0.65461667049640093197 -0.63659658525997042666 0.23019641243226782179 -0.73603967239459044958 -0.15255889770023106644 -0.97314087744930055646 -0.17240248075242492476
-4.5223858639383998081 6.2580582508935904684 5.3776989142203772687 0.92674313033948785279 0.0012337560032321531756 -0.37569355625919309549 0.24330429251936716573 -0.76393859872286540291 0.59766281348519312289 -0.28626943883381655853 -0.64528776156655454077 -0.70827502649923468336
-4.3683256430990446972 0.067068386315880468285 0.55469093433679117489 0.99959706644467993808 0.0016556919430550142217 -0.028336609523102580799 0.0074394486489773445012 -0.97868154843883747862 0.20524882788712028869 -0.027392688054897508521 -0.20537693499862999524 -0.97829952223824367952
-4.6553109923858535524 5.0924443247563644377 5.4835375038543299198 0.93768585416433547497 0.0011019559094751244996 0.34748240904143856689 -0.27252842778870961515 0.62272316808333127991 0.73344673424812378837 -0.21557712064844758437 -0.78244146210780229911 0.5842190200836359093
-1.2992630785806069671 1.598391855980810794 4.6980870751307772792 -0.92248469605251592895 -0.012807298138159981665 0.38582114854320964659 0.38519597288104412414 -0.096344919570636247674 0.91779176230182446528 0.025417474796525497266 0.99526560755776161127 0.093810033512657930999
1.264313666505313849 -4.0852547847359836908 -1.5522347974517618496 0.3369747217707289022 -0.0066848680988957302068 -0.94148996246699934165 -0.92219276402739325249 -0.20388528995183846648 -0.32862028926550873598 -0.18975917069591802244 0.97897196133486308334 -0.074868925843905156925
2.8926721268047814739 2.3521562256157912962 -4.7226011052562313353 0.99973291235116501507 0.009222688635507712146 0.021190704950628528463 0.021402654188659636647 -0.71542339103135044187 -0.69836329940718844256 0.0087195387291639867705 0.69863031252547269645 -0.71542970029540109422
-6.6874048635264662366 4.7612973558255724527 4.4017187925049539032 -0.99762000533952610581 0.0093086241633224507674 0.068320381018794479333 -0.010711704956077695156 0.95789293458892033062 -0.28692574865555708907 -0.068114494223250082738 -0.286974694669805519 -0.95551344328367404657
-5.6817681513291482531 1.1728394256404071072 -5.9264725223383480923 0.93033287810526010819 0.0019524861495113462508 -0.36671095390552332915 -0.2759454038338476356 -0.65488213955380658593 -0.70355065019985463248 -0.24152612699141093322 0.75572850355901366459 -0.60871960613171993693
2.9108569735093214881 -1.3515683413937187307 2.1462935157166485034 0.99862809929446993973 -0.0046107862030943871923 0.052159945841359342533 0.039956146687133320405 0.71091985957814796127 -0.70213706610548642928 -0.03384413747607462053 0.703257914216322777 0.71012877737106439024
0.85610603286810182944 2.9986278488324891178 0.12796343409477142772 -0.74485420932541357431 0.0072605039674003019751 -0.66718774863789653828 -0.46014790783366421589 -0.72969733613288523255 0.50577238018397385755 -0.48317296050858454803 0.68373173300846856737 0.54685903806245161896
-2.3713747749661133746 3.8269698726012992829 0.76483578542821295532 0.78038799196886832199 -0.0048784033793303240023 0.62527656534631015361 0.22676603236236622663 0.9341034254350611965 -0.27573167601323345099 -0.5827278511940968686 0.35696917481899753666 0.73006935264501060523
-2.7670072659242119784 -3.1045964430621282304 6.1939221875758123659 0.99452273234260391011 0.0015016924877692809127 0.10450971138270773175 -0.014299978445335124327 0.99244927752844780411 0.12181930121965210689 -0.1035376524269719517 -0.12264655092115259172 0.98703484136932573279
-2.5759529415317024004 5.2029827379785480446 -3.7429024212869457244 -0.87973992507868448154 -0.0014825084087678221112 -0.4754529065967677548 -0.0087774965187721251669 -0.99977407517162786288 0.019358568378514552644 -0.47537418922082197437 0.021203791727443622311 0.87952815727461908235
7.1322099878274771712 5.1346999274516376133 0.17444567133927940672 0.88055396377591566015 -8.7497026591085852454e-06 0.47394590071227005179 -0.049496462173227076531 0.9945300337012619174 0.09197886876122676747 -0.47135423739566739698 -0.10445100281810591747 0.8757369301905449932
-7.0696243522029167394 5.7539766589332179691 6.7525927607330338276 -0.74127957926594956195 0.00080996494144152091782 0.67119589489212649891 -0.63016196522122891466 0.34344877128099532415 -0.69637550150338400901 -0.23108544513188164493 -0.93917106293924146332 -0.25408115157537325413
0.86600758902442953602 6.6261727108039538692 2.3989727724482694526 0.95928965087541206991 -0.01184071180329260807 0.28217576661938664762 0.19884420618949116832 -0.6811972997149218223 -0.70457875395581526234 0.20056008423444526834 0.73200412321578434138 -0.65111106288159181776
1.9730060648380431942 -4.2464769497114893682 6.5857491059894091023 0.9253337261864826857 -0.0022771112082661214282 -0.37914681845754694134 -0.34077996905094792846 -0.44336397381812431284 -0.82903401583647629014 -0.16621223744232369035 0.89633877606893963552 -0.41103563183708735629
-1.0946773249774610637 -1.9984389026317082028 3.7022794180395393049 -0.99278772842247897668 -0.00023646221459784535351 0.11988523837147491147 0.096461992522322875798 -0.59536739411631467433 0.79764199364214594112 0.07118714977002094102 0.8034535519297770767 0.59109625239799024055
-2.2772354181842446863 -1.5282082763179731799 2.7024801114972554217 0.75640338363450998482 -0.0010015194378580919918 -0.65410466913570863845 0.18769390825099438458 0.95827752041991831611 0.21558105358186255285 0.62659789181882474818 -0.2858377001321106281 0.72503233800386424068
-2.2203137822431955328 -4.8965132292668371861 3.9021658455373477992 0.90585776628259351284 -0.013744171965763451321 0.42335895526443950709 0.16645262522971224217 -0.90751918011525845031 -0.38561958103414389898 0.38950639381119689375 0.41978570182862756655 -0.81979554385259367777
3.4387850603737719624 -6.0515820162755087352 1.8286471178941532401 -0.90154762387017917113 -0.0083547063213859351638 0.4325992149512297158 0.10182046326886973198 0.96763891335441432062 0.23088422774625486089 -0.42052880419045135518 0.25220057938979983936 -0.87152188303079425324
-6.3550099521593130802 -0.84995974787519501525 0.6222480479029167677 -0.72049738491389148098 0.011533234728980492137 0.69336174024014407546 0.34185734237198994734 -0.8640157986392230649 0.36960824824148280632 0.60333827642427007021 0.50333257812156695366 0.61857840247041750992
6.9580197940375825283 -3.7471635241803329386 -2.8448962774228383488 -0.95008915649033387485 0.01081881844350440422 0.3117908720389999111 0.14942603851729288622 0.89308783737973085337 0.42434181238405915826 -0.27386575859793049759 0.44975222944615361742 -0.85012968326945348441
-0.9464484573669870171 0.023816792908349558588 -3.225600362491666484 0.69794766505284111524 0.0019833763561165015411 -0.7161460207705656611 0.7097180626384014257 0.13179437682661404585 0.69204805743654529415 0.095756610278709866635 -0.99127509221964560382 0.090577939548219452148
2.8952695646675730146 4.2312283970724449134 4.9805371688583521816 0.99662475827922614169 -0.0089724342273395842756 -0.081600163045957546659 0.079492190680326924035 0.35365327260432832812 0.9319926793688388944 0.02049592169024935101 -0.93533355451427879768 0.35317284577636715026
2.3451304173313469725 0.89442667481174265021 4.961080765525634817 -0.88352488496566250475 -0.0014948267458032625608 0.46838183476665146143 0.31453047452384791383 -0.74287403342364499714 0.59093887252458565662 0.34706535154371481733 0.66942956011657817061 0.65681786349029824823
-4.5725624630681398486 5.4354534103403429057 0.69825797405403644547 0.99945950912597880667 0.0032642318067561551867 -0.032711380408622127425 -0.0079506465016959612657 0.98951953159764582946 -0.14418003955764296942 0.031897912748803686211 0.14436218818421128751 0.98901065807453203416
2.5934534261000279365 5.2832967326618547332 -3.5129159405026753049 0.9807616966269875336 -0.0082989830778104033138 0.19503235964618301224 0.19370443448442242751 -0.082425027841576181675 -0.9775912780126921886 0.024188561147053533329 0.99656271336296275987 -0.07923176032656585599
-0.7007856151427620528 -3.0772648876113795069 5.8275840014326689698 0.88977094977650406094 -0.010243409939246640727 0.45629237281237972068 0.45583483472386993052 -0.030114337677135678828 -0.88955479320760066919 0.022853017004600670314 0.9994939715771125055 -0.02212555976019489612
-2.6983279488179916505 4.3439568921917688371 5.4413211483934507129 -0.99522217186210071294 -0.0044046223179606703441 -0.09753680298331816878 -0.097620092241557807067 0.026741106265523038182 0.99486442836523270028 -0.0017737600511919136489 0.99963268881026356993 -0.02704332149255190415
-6.4780134005143024112 -6.4766043956609369303 5.3178089837084314695 0.98037078265238219998 -0.0057438107267800374289 -0.19707901247948836354 0.1362522722267101305 -0.70274850788466547424 0.69826918375283575369 -0.14250770798311546139 -0.71141516943639193649 -0.68817149741995942147
2.3547974785160294964 -7.4643945941131493171 -5.876875010861491333 0.98530554816926219086 -9.1191716029813147532e-05 -0.17080096144634038247 0.15143501299357101098 0.46297122253012507054 0.87334133301270333583 0.078996288435247266624 -0.8863733066789855064 0.45618192382036260035
2.7830194686044711361 -0.44285203029850278567 -5.087053594914718424 0.76496536459224806492 0.0091401454450756869363 0.64400655952840824003 -0.10464163152097012699 -0.98485056135194382065 0.13827328287702020382 0.6355140595824855243 -0.1731641693485843625 -0.75242012900163279809
6.7614634606910559711 6.6990325077569590206 -7.2604218730371545831 0.9666033690107154186 0.0014544662267952385842 -0.25627292394058426295 0.073720257420918644531 -0.95929568383264174347 0.27261165533780762349 -0.24544500537362815007 -0.28239985040402876271 -0.92736566349471605264
-4.7026250429853853063 -0.17355187962132273549 -0.62616216584002626355 0.94218237911745550406 0.013114957880063057155 0.33484378799699116014 0.0061283557724254563229 -0.99974109168020608429 0.021913303306024454337 0.33504448620433285866 -0.018594286382163038862 -0.942018813388577958
0.93884794958315809232 5.9790684746495577073 0.22623897648297691676 0.99373051694952174717 -0.0024639134011322106482 0.11177472350128095369 0.031033300830320999231 -0.9543920315015421707 -0.2969390247944980743 0.10740853747538371687 0.29854610923116292609 -0.94833202347070177929
-2.4342601305220554764 3.3013973716140725401 1.8963266384682899712 -0.997551148903857543 0.00061179716253314912755 -0.069938051337722698109 0.045495849137063129608 0.76516062197340772855 -0.642229982399225241 0.053120928380198571828 -0.64383914783546913885 -0.76331469177698385575
-4.4237398176258428961 -6.2188029709502536946 -4.7725945424412010709 -0.99799182833413280225 0.0038262011349943008884 0.063227136288293322997 -0.017653504500061215077 -0.97542599476691671523 -0.21961894843575960334 0.060833086040528436267 -0.2202940964211576591 0.97353471778087696809
-1.3167258870543212534 -6.0312016492325160044 -0.70245777627512451247 -0.99189866208972610195 -0.00015351555911552491169 0.12703157315217813994 0.1003796442836737135 -0.61380370128500361115 0.78305104769875766291 0.077852239261480535304 0.78945867068625164009 0.608846479927600992
4.0419243342647037665 -6.0558574074354369898 6.2695787740092354667 -0.9867555054079408805 0.0058013059784851909659 0.16211081825730194739 0.15797549541781691351 -0.19260486282738079056 0.96847669546700654308 0.036841761556644328501 0.98125924793821917014 0.18913744457715939151
-3.7522763212820722245 -2.7198856950848653291 -6.0388478036224668699 0.82664677864198932156 0.0075393309701266252032 -0.56267065131322591132 0.31107885213269803604 -0.83935400499815016051 0.44577438469383368069 -0.46891902405049901148 -0.54353289944760352359 -0.69619461079604516573
-3.7836315670355267216 -4.0556855643372617948 -1.4893170753218138991 0.96621046304551394535 -0.0087171348469060449399 0.25760697323896886157 -0.088680520904002996252 -0.94965651063354417083 0.30048007758143119306 0.24201881396594629448 -0.31317171547122957254 -0.91834109693250187689
2.3478205177254656277 4.3770229302097849455 -4.2740526353954946259 0.89394328416218071798 0.0088330061139842777629 0.44809305139018107411 0.33044133108793510845 0.66244882535916238542 -0.67228720089639026902 -0.30277703250087817377 0.74905509262222969014 0.58927288823323142886
-3.3359849156339183018 -6.4204378039638161368 5.0248499104141215454 -0.99989108212715882562 0.0026429398979772276979 -0.014520287572163011192 -0.0056585067515975730201 0.84000486175845823222 0.5425493650567930759 0.013631037518266969633 0.54257243487928019654 -0.83989841512248553101
-7.1263868395518539245 -4.8515055466939864814 4.4319712813896234849 0.75112125800074036608 -0.011833187258915866397 -0.66005820308414653308 0.6601580967995299698 0.017785289987269262135 0.75091608764898687411 0.002853595869423346254 -0.99977180353292027792 0.021170683769089839593
-4.3684497017171022293 3.5467955250231759656 3.3269895602703130066 0.90617998838370505954 0.0064920540646366698551 -0.42284238421300379684 -0.16227028177227756367 -0.91800458520769656623 -0.36185071119336681411 -0.39052040190812525866 0.39651662609736504361 -0.8308239169173643468
-6.0514511105334944929 7.0918778150305774588 -5.7597897367585959572 0.90090371910233901787 0.0015010715118550163605 0.43401640025682564072 -0.04925357025137234307 -0.99318046060590359225 0.10567241119689357864 0.43121523016357549141 -0.11657752551410192898 -0.89468603756858189335
3.7101314621881220646 -1.2958631440337398111 6.940762120319256212 0.92284614347896065656 -0.0038516526476260002504 0.38514952971255755898 -0.252928272081666905 -0.76020148022590294801 0.59843211698924092534 0.29048628994799341463 -0.64967597634068763313 -0.70252319614237779266
-4.4649378391387521958 6.6838324164417262097 -4.7431303899461108031 -0.97727229933500037173 0.00088702244435310932669 0.21198600459395658402 0.2034824890347756432 0.28434054320579787989 0.93688063922026576513 -0.05944518154357160411 0.95872293634856342592 -0.27805862998765612515
-0.11460452901531649472 0.39793116574298137422 2.2355360810093443114 -0.59752622572852231997 -0.0094817478276088204558 0.80179330629821243814 0.42808446745780048825 0.84173439638845570787 0.32897856261143887391 -0.6780162964766707212 0.53980857940061988121 -0.49889938797053529074
-2.7527081081816260344 -3.5724112408560442233 -2.105339192819053018 0.9411752817191240128 -0.001796404139354059468 0.33791398611627099235 -0.24534133186109499669 0.68401389275659740807 0.68697352597936189866 -0.23237194314601411493 -0.72946676925543041392 0.64333623603097722654
-4.1033912803331924479 0.83140973774250437334 -2.77200490292340751 0.9511040384575342177 0.0081575906153180874347 -0.30876295397144370991 -0.21783170881675459341 0.72642497342162692942 -0.6518098684611468574 0.21897592256633446883 0.68719736008268406113 0.69268270776132456756
-5.0627180658897890098 -5.1726172231978040372 -5.1383285172885466707 0.9945114967426669228 -0.014043824211282522618 -0.10368053746050127917 0.032731980237640220799 0.98297113361969001843 0.18082137025282579712 0.09937555190435322372 -0.18322260087639880011 0.97803577552762144265
6.0018417803600856431 6.1656510958332377825 3.6715118985469770152 -0.90526054824200119509 0.0075430063943924758121 0.42478988082482044275 -0.040409240611981062097 0.9937809467241853767 -0.1037618581227703618 -0.42293076628424081109 -0.11109695307460959457 -0.89932587750366677071
1.6992158822760063952 -3.5116652437260205133 -4.6729721009041158553 0.97175666163076601656 0.00020746286891162781657 -0.23598505786454193611 0.22889312411651083212 0.24248694448569330095 0.94276615312923206513 0.057418884596727538805 -0.97015464680278307164 0.23559081683835075838
4.1753775028486543874 4.5173947118054176286 -6.8756563568291131361 0.94790812832038251479 -0.013538272619895812265 0.3182560218419461795 -0.31807344867334319538 -0.094503186996767865602 0.94334427909259399581 0.017304956320222421307 -0.99543250038470854069 -0.093886504167633777485
1.9451203188564794022 -3.3246120476704050795 -6.2433645322098385577 0.71905525934892577933 0.0028884118899667786742 -0.69494689802866704831 -0.6712822868430365908 0.26165348348110406551 -0.69348218863428012781 0.17983221450444780709 0.96515755794534097145 0.19008225316290133788
1.0276816212463808498 6.8646107496495192279 -0.80403507304086929697 0.54520833633247178796 -9.2758413724544283574e-05 0.83830057938028657016 -0.25425670216291063053 0.9528767657309058503 0.16546721347547557746 -0.79881249326662262522 -0.30335764491113081931 0.51949277172569963135
-3.6116839030951615186 6.5847546834665484639 -7.4056018612229301823 0.82483447220715699899 -0.0040383078444540835769 0.56535987258426900759 -0.050021824229767142267 -0.99657419491406928902 0.065861150400162549179 0.56315709225711452213 -0.082604879402169623104 -0.82221075360236506313
-1.8484068222239091739 -5.1520416004108264829 -3.8731355293369924553 0.63247689997823275387 -0.0040700418671401616955 -0.77456852876488091475 0.32937309588567603713 0.90648676322938148697 0.26418764504923691883 0.70106086376330534193 -0.42221461704826979133 0.5746725001688357537
5.7330007615975686619 2.7880616820350585527 -0.70130967803929389337 -0.93027422804037251947 -0.0049035330069714007373 0.36683213600772107688 0.34542046384828017924 -0.34855951473238350191 0.87131565339109184887 0.12359030624923003638 0.93727382341204590332 0.32594971413948148342
1.1578839666477123149 0.50045847256256892344 0.55763779734116936115 0.99896213377607212536 -0.0035494392751226830351 0.045409875164920898705 -0.039294421913000761315 0.43702712621415007455 0.89858958338028771529 -0.023034836404606972432 -0.89944132239626317649 0.43643407735646977397
-1.5563675045035005873 5.377353733429977467 0.087017454197599639065 -0.95515000417190631943 0.0057503382363180109704 0.29606655187776342864 -0.2927994394077439444 -0.16770084980485905346 -0.94135270396233394763 0.04423751590130081679 -0.98582115953391880048 0.16186316320276222802
-6.6849647838216510465 5.2369438967143455699 -6.0431679296221938458 -0.83988294079975545081 0.0019361550934450040724 0.5427641265382264768 -0.45489632545611191627 -0.54801616439973876993 -0.70195983976515274883 0.29608441168015270373 -0.8364655012970625414 0.46115017759941945297
1.3932295030128016844 1.2218474374565551077 6.63550806053876574 -0.79589905176199571279 0.0082053342602627764996 -0.60537374562661494526 -0.59176656471710142871 0.20068341023502148102 0.78072946770268847327 0.12789461398845977658 0.97962178484663486877 -0.15486809344298071989
-1.3890839935462153676 -2.4098247126484713121 1.0031990406047897046 -0.20348262546727965971 0.0066226893546152435996 0.97905615830690140289 0.40536458699691446661 -0.90967408275852157384 0.09040251526604320409 0.89122072055234557997 0.41527003641410537016 0.18241826694415083643
-1.4345798216218303978 3.7890548280126519209 -2.1246752666907049445 0.99957043141058676827 -0.014627683185439274011 0.025396526025899691242 0.025990823928853497293 0.041982816091224464672 -0.99878021617593337744 0.013543622892608773306 0.9990112482037036834 0.042344967130252167409
5.003324512884584685 6.214567811993076063 -4.9444466629632053412 0.87357353150460936853 -0.005974992396598698477 0.4866555090827346941 -0.43208676673558349401 -0.46971042298814025262 0.76985267717163297085 0.22398730112818834859 -0.88280032736864488818 -0.41290830814024276352
-3.3438131419626291319 -4.7780776770497066508 -6.6546508031283888585 0.89803241130759159372 -0.0040350257089870255819 -0.43991079414875705611 0.43741241817422055194 -0.098621035588378286318 0.89383682390382623861 -0.046991112649522159828 -0.99511688253549190897 -0.086799916042312560971
-5.3167021147032338391 6.2569550005538934201 -2.7839552801432136953 0.99017171188422892225 0.012328326255281185642 0.13931257429255472502 -0.10561171908827877985 -0.5870997122283625469 0.80259584642112435926 0.091685035722764776644 -0.80942074366377680938 -0.58002751137462549291
0.77102890541999591356 -6.9906833044069420779 -7.3167997378293092581 0.94254723185683486619 0.0077902690826061396501 0.33398207650523498158 0.20478909653753804565 -0.80333598039750819808 -0.55920723219404477877 0.26394344405278175048 0.59547511644597139746 -0.7587774667418336616
-2.0975160481289480963 6.8878549967019520039 -2.2970716422238726118 -0.72512410250542802537 -0.0095978529986981472172 -0.68855131775603661826 0.048053253765328041158 -0.99817062017576940747 -0.036691931272973522804 -0.68693953210468650106 -0.05969333493602102525 0.72425878316791603151
0.55131043027655379785 1.3686941162960408747 2.5723602611684519559 0.46882206945883980742 -0.011790740498851200874 -0.8832139297059606875 0.70513180398217212286 0.60720325420276188844 0.36618758457705619103 0.53197274949101347463 -0.79445905276737760481 0.2929843123357919743
2.918328398597850093 -2.6310388822388564023 -0.35615650876531057545 0.82122541228873280339 0.0022712133481263552248 -0.57059938994106951249 -0.55688240485936124635 0.22117101958455623323 -0.80060312718221016137 0.12438170833864847786 0.97523239368157854656 0.18289606049592738168
1.3125172500299786549 -3.3669445551611083545 -0.17829874807159223904 0.62833168762089397497 0.00095242888474767872092 -0.77794497441054744069 0.77157547964627082315 0.12694606145034009748 0.6233425837298645078 0.099350740008330079567 -0.99190916437012388585 0.079029362254310064895
6.6994332518669494902 0.35526708900990305873 6.0758597302710626309 0.22527179628523263943 -0.0021830148511973071317 -0.97429351442194311872 -0.42727566910883063578 -0.89892680474035357996 -0.096778625258685954669 -0.87560728662230058461 0.43809340803703128442 -0.203435605164024369
-1.0783833491097809532 3.6440909706659017075 3.9979757662710002641 0.71242283138676509857 -0.0039327697506512911477 0.70173944070506444337 -0.54996046597141412526 -0.62426121191616479322 0.55483459261784284777 0.43588667700144756445 -0.78120578122484141126 -0.44690080800283615847
-5.5904227305364484479 -6.150325040657742548 2.2164615245811036814 0.97848763256343473937 -0.0058663562070659213549 0.20622206182965260868 -0.20590283644170070954 0.034652301860649811771 0.97795871074461315775 -0.012883123289907615072 -0.99938221108870639586 0.032698949427842988191
3.8287962695291959392 -5.4940837809261813263 3.4894557646271047169 0.59195416023449765053 0.0025615623760822632884 0.80596756174143147078 0.77987876564677205415 0.25056832905959597335 -0.5735892462081709775 -0.203419229854185174 0.96809552776084439873 0.14632725670587509725
4.8622353583417714518 -0.33451268803845501942 -6.9245944061858688556 0.9481866405270975573 0.0058288995639346041083 -0.3176603825718874452 -0.29750824151058474776 0.36715665297750504914 -0.88129724747540316709 0.1114941297071379428 0.93014085820591840825 0.34986717899312541613
2.4564554031963070635 1.5043052946651707114 -4.2306012330768059115 -0.99884943118308888721 -0.016699243777236215391 0.044954967272290535796 -0.0073338693168168043665 0.97957822701231767049 0.20092961833496886248 -0.047392279814612373046 0.20036874112658009661 -0.97857362492215826943
-5.0180524079590815845 5.9263817983115583132 -5.5978039440708338148 0.99999419228564012663 0.0024011554255094461237 0.0024186458252204801403 -0.0022409926937941339331 0.997936056144284378 -0.064176364799749613388 -0.0025677513025189778115 0.064170571914099472366 0.99793564138850998635
-6.00060768916709808 -4.9178919259590934132 6.3522066907102221478 0.83269702923828625707 -0.0033887257793441486614 -0.55371849710421483515 -0.29653111056055897476 0.84177978583219914555 -0.45108324357504581137 0.46763763531985808042 0.53981043774833514792 0.69994266431655027816
5.2584046463616971323 -1.3349343447929487017 -6.704035366938038365 -0.96743501981754831398 0.0091438799177734671891 0.25295428814475195978 0.079581049462942143879 -0.93768282103486544354 0.33825697879374755361 0.24028387169578449556 0.34737201469942086129 0.90641951899034545193
