1125 14.717824617146108679 14.977075390850430381 15.033177056927090831
-5.5384667746546778488 3.4303343391599203649 2.7999412030210484303 0.94535114227992722569 0.0018960072741278331809 0.32604849784411649161 -0.32604878436027806554 -0.00016464679058804105975 0.94535293044906854032 0.0018460788714848538113 -0.99999818902225123818 0.00046254183539467413379
3.0528093232674087254 7.4876094730926689991 5.8019245521932303333 -0.9994865068054427093 0.0085904155677885181419 0.030869523388160277633 -0.012296974657982630633 0.78679034006870962603 -0.61709784085572849666 -0.029588969703258801575 -0.61716056706091904083 -0.78628069246109910662
1.0536013648821429545 5.0328893876175770927 -7.0007548913077188857 0.90594111071624583431 -0.0092290549277666590611 0.42330311652441399151 -0.27563112559711944183 0.74605176135828199513 0.60616355216749528978 -0.32140035238966363496 -0.66582399620276466745 0.67333514653883819179
1.6064586398952758195 2.9697445043048653623 -5.804844601333135401 -0.99642435982056476451 0.016240786539167103436 -0.082914003695204185895 -0.070420448548322439608 -0.70188525031345128102 0.70880043440915563302 -0.046684639683988601866 0.71210486042776588445 0.70051924468404380697
-1.9703459585693474665 0.092240316074970213345 -6.2928817359252038344 -0.88460478789440277758 -0.0025859715650606101243 0.46633430281871346423 0.091546531658408925036 0.97956426350472258768 0.17908960384629052376 -0.45726753851068985268 0.20111480904095521693 -0.86629050081872815969
-1.6171824330686221938 -3.872916087959255016 -0.70851483902903922285 -0.88305382328083048549 0.00095337676435654217233 0.46927074942071755892 0.37407136612896174643 0.6052342894181211852 0.70268205324661170419 -0.28334882782808895607 0.7960468239904709975 -0.53481108419997969161
0.075417143180599985341 2.6035159955784110686 -2.5941857178443239462 0.95312303451168767232 0.00053745957258994627413 -0.30258253786429922805 0.28023030143010407844 -0.37877915306257164962 0.88204157008930161865 -0.11413789573850602332 -0.92548693364219958291 -0.36117374823489151181
-6.2099734037510936346 -3.2362566224709232721 3.9681527661551179165 -0.932511795289859724 0.0055804473053529578611 0.36109640022201250353 -0.021829645569878056155 0.9971812544208858986 -0.071784485830219832425 -0.3604791508806927669 -0.074822486188882320057 -0.9297614626024530704
-0.03003713847519295238 4.1299159028394782922 2.390254791818938962 0.94726879682374021119 0.0099922993462057060898 0.32028421834047116068 0.26778698519821930724 -0.57362685129422652519 -0.77410746413711162273 0.17598851417806762876 0.81905579140131512528 -0.54605462496832712915
-1.8453823247825960063 -6.2120644837265848182 -3.1662986144696696478 -0.98476152970581842805 -0.00064993808077959706535 -0.17390890486672655468 -0.14598174989733378459 0.54658543359224354141 0.82458091930494659128 0.094520147631937875832 0.83740309371613896872 -0.53835118679758975357
4.3649424163948964406 7.1953617338863233854 4.8088438998000704316 -0.99949591791541814167 0.0015194884277270549917 -0.031711216080960460961 -0.031603069032922689874 -0.14282167372849274845 0.98924375941484110619 -0.003025904512032369896 0.98974727110929927587 0.14279770037917802195
4.8717508354040388596 -0.35268749062979470876 1.5943281682308068081 0.96332574278561067249 0.00023037155075882054245 -0.26833460495333816276 0.11332218741147304097 0.9060988089427062242 0.40760646495455121752 0.24323156687972802281 -0.42306606500806803739 0.87284220195386630348
-7.0794507303778058116 6.7211371481491228863 -1.3337069758812978293 -0.82580934135942951624 0.0049619942421828197587 0.56392757543557558986 0.062868099497205634507 -0.9929184030156102958 0.10080003481485422245 0.56043423681031767636 0.11869466528113790937 0.81964934127020894206
2.5090649849970412255 -6.0684529674483140838 -7.0019169170521138312 0.5099595536306014143 0.0060000150963799118997 0.86017745464516759402 -0.59484034566125276733 -0.71988448433408791516 0.35767484170510027708 0.6213744578228643789 -0.6940679570719193725 -0.3635429192427455658
1.8218937237253503003 -5.3263066042347828599 -6.4427159802233413544 0.77257961809537512021 -0.0020816026166159511124 0.63491448292993457603 0.41494529755007586447 0.75854185149057351545 -0.50242876069978770204 -0.48056335039696296274 0.65162099909976223255 0.5868977251510352211
4.96313302898836195 6.4051940488194505363 5.580686549169930899 0.8564421654393832295 -0.00016735156527061291476 -0.51624295564297217886 0.50418368402468705103 -0.2146097153198107399 0.836505518722710395 -0.11093074425435425767 -0.97669987308466788001 -0.18371643338410548196
-4.943494119475431603 -2.1934146682318140797 -6.7553780881285359072 -0.94439420593150080752 0.00018776854105137042242 0.32881537151719503198 0.32810722471647330023 -0.065058714647266854825 0.9423974812876722007 0.02156925802730929459 0.99788142000516133479 0.061379464943366143781
4.7488858802577453844 -0.43288900028383558993 4.3410539959051854808 -0.97778339504603595245 -0.013160983803068005554 0.20920425635640815809 0.15985659612202121616 -0.6923997927640601624 0.70358254359862959504 0.13559314528607363526 0.72139400849039836405 0.67912089017032839511
5.399397221813325487 -4.7721502375166853227 3.9455861824561586637 -0.99082590833397088392 0.0065339698146648118871 -0.13498639417542468433 -0.082517597689523297655 -0.82027205009247472489 0.56598993799247565573 -0.10702740511461916739 0.5719362473874394226 0.81328596660637897386
-5.5917840298575578473 2.2755138642383037073 -6.3213958384352952891 0.88801372291488522848 -0.00028224938437615421094 -0.45981686381644426564 -0.22603542079667809928 -0.87110192266910158043 -0.43599246423223225744 -0.4004242955417172678 0.49110218962807206111 -0.7736142597462184467
5.6611093875485192228 -7.0687365106269037796 6.5149693537679729261 -0.93571303589097432063 0.0016267716151086076583 -0.35275837067013526838 -0.34917901689027769363 0.13789404179831121766 0.92685449095311789325 0.050151058087116812123 0.99044565062935341349 -0.1284612179691091427
-6.2223963992288480185 -6.2429458092263443447 0.012023588058166719689 -0.98123789306377207087 -0.0094558616576030426332 0.1925689068769096679 -0.052218250158498596969 -0.94843181965018719115 -0.31265050427827861812 0.1855948586729802563 -0.31684013343547107189 0.93014347187873747114
6.1935825299460578464 -0.9781242760358362931 6.7141167050382204451 -0.96812734168053793393 -0.0079601505521417845884 0.25033195220310838769 0.23397967506901459767 0.32781037409526109228 0.91531080529516029021 -0.089347422711828522468 0.94471000557776574347 -0.31549967260848460482
4.460171813615025016 5.4041787356394994646 1.6806760135699820857 -0.85445051695973750494 0.0020969152787045156061 -0.51952855264526298651 0.43489185382879197439 -0.54418522317590756199 -0.71744792030526316484 -0.28422418887326794668 -0.83896248177337329199 0.46406741389159283928
-6.6495092671502726844 -2.8878465465753597741 -5.6253245137626324279 0.89579883287892880794 -0.0080300970551378195866 -0.44438718315672504078 0.37197973859720090406 -0.53368208340523060063 0.7594830530863426743 -0.24326020037370821303 -0.84564706077270024309 -0.47508475403943989379
1.3798329079219269211 6.7044870963495952765 0.4934641151471327869 -0.68341819038992412949 0.013183315936834742732 0.72990806080284909019 0.36714100472637384298 0.87040216274883996928 0.32803590920898584304 -0.63098895370090524182 0.49216488625556931158 -0.5996888068359739199
-6.5905638472150496199 7.1130781365964992347 3.5652429044745419517 0.9982561780989028799 -0.0027917343336278000084 -0.058964473260912100838 -0.028536012477663921794 0.85159180506084664053 -0.52342821240847392517 0.051674934730496613344 0.52419805777267403091 0.85002711565452970799
2.7415806478997324369 -3.6355208763259296845 -1.8961113544106686923 -0.87946350682487495209 -0.0085748688751817181419 0.47588907508679345604 -0.41863157105989484696 0.48968271513070538159 -0.76482576199688800944 -0.22647637376808196774 -0.87185853790973666388 -0.43424778870929175989
-4.7030871516286403278 3.9223784081810992852 0.42903314829013261544 0.86760155358131629821 -0.001453453388647801825 -0.49725791265370694605 0.13716702484502601989 -0.96049830791845747235 0.24213262436295904245 -0.47796731218632021454 -0.27828202952933889236 -0.83313045828519205482
0.93207380303087383755 -6.8571951268046769101 -4.3131933737289118724 0.99880082818299542602 0.010377785400599486357 0.047845660106250686994 -0.020284517205031288994 -0.80172800319783199541 0.59734474740306686691 0.044558321137439918513 -0.59759895453267919407 -0.8005560852051064602
-2.1590502935025459585 7.106803940399543329 6.8317514797422758122 -0.8866745922608464392 -0.014857642561696481759 0.46215518810943750916 0.26970905564764152684 -0.82846391739266511678 0.49082029591291148618 0.37558646506571968793 0.55984532509960238666 0.73858514690143217685
1.4918387701467330508 -5.7666492435505922742 -3.1544292556003261652 0.65073908913501155027 -0.014395246834225262217 0.75916494567421577422 0.65632664487785929985 -0.49208101988564273421 -0.5719192295173429752 0.38180357920692326035 0.87043038017807772277 -0.31076837060403778024
-2.3767430369764075415 -7.3670760895896769682 5.6658916285377838307 -0.97271745058207004231 -0.010425201391854028651 -0.23175866005197826025 -0.10066935150318190306 0.91900303451799658649 0.38118119604013250834 0.20901302112817596313 0.39411259523468450405 -0.89497978707698488954
2.1776585672261457027 -1.0034873539403290632 -2.7690789745795418852 0.99850241671247108588 0.0099933933668593152161 -0.053787135157885759829 0.053815764704114324446 -0.35622603802893293423 0.93284879444611024102 -0.0098380530994899399733 -0.93434637149144528223 -0.35623036197381779955
-1.9014619590999581877 -5.0661078096920082459 -6.1465425633098167424 0.9641084531953663106 -0.0031001134211658017137 -0.26549063971079067681 0.20033498826016019057 0.66471168875587438585 0.719739024445762543 0.17424345886164516184 -0.74709354175241471374 0.64147521925312422919
-4.8391096761831278172 5.6554433497224287919 -4.1278257780278622135 -0.67877409334363147941 0.0044675661255088741988 0.73433355572126945976 0.046175839514388104801 0.99826227945165557642 0.03660892335280298282 -0.73289393642631239789 0.05875765717610248462 -0.67780086727042032635
-4.0255849961677077076 6.6573985752865585397 6.39835167835342844 0.99997441491129934743 -0.0064053661358100307671 0.0031844634482676940218 -0.0013541627725991781106 0.26761635540382050502 0.96352459883670094065 -0.0070239423383564019571 -0.96350425925628468971 0.2676008345072360961
4.9097407391865761639 -7.2678015842465244489 7.3640264820899945519 0.83248538231039226343 -0.0047446064428914780028 0.55402669335433640807 0.24025829051423544525 0.90414344446306749159 -0.35327126358319843602 -0.49924346974060862525 0.42720266916786175937 0.7538261320604561222
-0.88995700742550087892 4.4117233388055669963 -4.6676367556949607263 -0.97314130228800477251 0.0015729506854436675796 -0.23020323978458581693 0.013702863348645739905 0.99859937691361355672 -0.051102993688555947704 0.22980042932339447836 -0.052884877366135431276 -0.97179985204185759251
2.1813796326640941814 3.565366742569973546 1.8270695613357050835 -0.99495431806617440351 0.00048831136963379520501 0.10032779531930979822 0.052346554931500380303 -0.85056229898118718147 0.52326247117344504289 0.085590555252403902053 0.5258740696248405122 0.84624507073772570198
5.1924994536034301262 -3.3781955593588577358 3.6324542036752340834 -0.87131590504815559228 -0.011926504926109429694 0.49057756990148282394 0.19204673223193555187 0.91168043957887678896 0.36325862512560358475 -0.4515823803573436046 0.41072683692369310604 -0.79207122102831784005
4.5607615867487565353 6.8629330254464848693 -2.0783369712032344623 0.99162158071198003295 0.0084355283920893690819 0.12890105712111019076 -0.074182610212173996644 0.85410416859789450861 0.51478443015092123503 -0.10575245154752196952 -0.52003356722858951056 0.84757389527248250261
4.0187730413219444614 -6.2394011248057061891 -6.1610613270269656283 0.26236181660729834819 -0.014322698688884491144 0.96486327398696780655 0.82379168337960773094 0.52403699773438816578 -0.21622323510667676438 -0.50252715307840134518 0.85157506146424644111 0.14928621875845077271
-4.5388790479489902197 2.210997012577701426 -4.8448198606882204587 -0.99461478627384813933 0.0095715797054705727825 0.10319792530603996705 -0.093204891937540571001 -0.51805668588147468778 -0.85025297313942449495 0.045324111071676408125 -0.85529273063403232769 0.51615895795779143107
6.0331531757952818751 -3.2372326712554260197 0.26745665660719436518 0.6389624157026433382 0.0052506481093192881177 -0.76922003484955925323 0.10501630996656480255 -0.99120966725465142755 0.080467199416052265226 -0.76203582984038320536 -0.13219616573588693909 -0.63389712714622303835
2.7484578440486520101 -0.34688531301246605665 1.6573241656511659148 -0.15787570247059545814 0.0010183112236233872114 -0.98745846779082568911 -0.98640765822824449938 0.045970194079738929682 0.15775510465599473786 0.045554301203640040763 0.99894229277698698422 -0.0062531066936729112413
1.1277204777673162095 -3.8920527585663831083 2.0297798570722389577 -0.83053579252681142275 0.0021903407028740847114 0.55696094992331723894 0.52254177419321357068 -0.34304131570160162346 0.78055925460191544207 0.19277030776248671451 0.93931776206417760822 0.28376354648868717945
-4.551505982304756337 2.5997210786599640464 -3.72676162123897603 -0.95424330683702007772 -0.00061797119155531602536 0.29903064971401771555 0.22736016688380700224 0.64804520033027068759 0.72687328527291872327 -0.19423456404896238814 0.76160162581265811177 -0.61825229290979466512
-5.9373119377501790694 1.1239704560965371183 -0.026262771994132981523 0.9974398154672015071 0.0049991490392900040166 -0.071335986917841737176 0.017640680740939759796 0.94952381132866403579 0.3131985601865550084 0.069300944464368852138 -0.31365512944757634184 0.947004666761210534
6.9472570694582769235 1.7782862824919702938 2.9009945816548685649 -0.25522301939781466551 -0.0060551965526186475597 0.96686325039490872424 0.79764727842993032869 -0.56648635714385753293 0.20700730997549532386 0.54646137062264166229 0.82404887098073531515 0.14941026956847552887
-3.3940687184329849657 -0.28124340546269510632 -2.2218656618174543738 -0.75049278468854496715 -0.0035522927634397388069 0.66086909546924066383 -0.32397268162326314789 -0.86961138788417424728 -0.37258252189818313882 0.57602281351719497593 -0.4937240274468217005 0.65148622627763297377
-7.1133671514539305036 -7.1325449379249530324 -7.29856637996188784 -0.98720948828257204521 0.003054312520965890218 -0.15939917634684905301 -0.10400183866848061731 0.74544813834421896903 0.65840009917437170017 0.120834778928038164 0.66655663241340246117 -0.73559582107782628402
-1.4075153460217877388 -0.79455143963772734139 -3.7929778582303752543 -0.94507379498600174728 0.0066356140250542908557 0.32678967342511794358 0.26219458833552400367 0.6123645493994477329 0.74583084978195990367 -0.19516536546821774967 0.79054767551706084383 -0.58046951070345309542
-5.3907752713749301776 -1.5733951442246647545 1.2973130396247700702 -0.98028001977802736722 -0.015371657328237611079 -0.19701470750884483851 -0.17094866838648548057 0.5661017418437408466 0.80641513543495424443 0.09913443196326723883 0.82419204681472579832 -0.5575659910420786014
-4.8055264244640607529 -0.96869620119865385011 -4.0154325390266887297 -0.82915257891752724984 0.0064664465145280449962 0.55898496039145373349 0.25157886520754751958 -0.8886355159440196827 0.38345142376038726661 0.49921345680508316667 0.45856853890392362816 0.73518760848658382123
-0.047918281871759116353 -4.0583846918902732881 6.5663997653835801671 -0.86047391086575009123 -0.0026706100812323666643 0.50948750383211527382 -0.19617428342863976742 0.92462506459662807679 -0.32647226595972889118 -0.4702130360172934731 -0.38086921345968516306 -0.79613965043705758884
-5.8717365855066327995 3.775289892567109451 5.2228305394208929258 0.98788761799314894763 -0.021949201385460338776 -0.15361082896167468914 0.11096604980045148003 -0.59204271597505719882 0.79823051698892932837 -0.10846469475104227043 -0.80560763093418985559 -0.58243605226083661197
6.6513400196244472085 -6.1393400701227136551 -5.1457542890225607124 -0.99713260945795079149 0.0041375141165030989571 -0.075560837294376570483 -0.0688201317586026734 -0.46481884303711762385 0.8827271563866549986 -0.031469804899510879503 0.88539613966547847657 0.46377077014939532829
-5.0369071141107788492 2.3786555611685442635 2.8292985118849074411 0.71242446253118918431 -0.0048475871265721741724 -0.70173206146375632919 0.31453848457055760823 -0.89169565368310044207 0.32549101819675912983 -0.62730927532700964111 -0.45260950288495893634 -0.63374104410808107524
7.0407274653858866742 -1.2707699646422814244 -0.61308711203386445643 0.88975573943951236089 0.0005403982432806103773 -0.45643666822912265513 0.42539161879262649135 0.36151936089359021365 0.82966603061710353373 0.16545904265209196438 -0.93236444573391630275 0.32143404539009484688
-0.75075899769720944033 3.3999251824116143439 -5.2392661703595138079 0.81438067295877669682 -0.010723258185588406891 0.58023196330866388948 -0.57268597179650082563 -0.17660510696572401246 0.80052571095561408931 0.093887684062257947826 -0.98422337298374096282 -0.14996484539355198207
6.9268368191473728146 0.26461749956232077929 -5.4981086747023386607 -0.97937027688257594082 0.0089554920088843678605 0.20187535739097142717 -0.040615688363190662058 -0.98735383566415491075 -0.15324088572574684486 0.19795006091852546115 -0.15827887528700834707 0.96734873288812084358
0.94496073137127556407 -1.7497388453452142887 0.12223863536070915525 0.92012128964231421069 -0.0065235333458224633099 -0.39157918210714820484 0.30403804821382313106 -0.61833685356005430034 0.72472091232966961982 -0.24685558042173791349 -0.78588611073245528971 -0.56696150078509255366
-6.1158874876461659653 -0.20525395641733898411 6.9793508549386187312 -0.88483209505057491828 0.000246399878321344485 -0.46590997290852592672 -0.10449766802952632772 0.97441799301570253267 0.19897188812403313052 0.45404008737652623573 0.2247432183056240762 -0.86217056600225139285
0.11720010499586064334 5.7675354094412067951 3.5622265213000967599 -0.99690163136249398956 -0.0019893331385409766809 0.078633198717065172501 -0.077379658483900409793 -0.15471862499301702876 -0.98492361913660675388 0.014125361578868435297 -0.98795657274694448358 0.15408531573887046529
7.1151882259599972258 0.83412365201537064241 -2.1469362091292136796 0.99612799020935682837 -0.0026843094722804536345 0.087873896034068088579 0.04906737935442380405 0.84634613729288477035 -0.53036837026067462642 -0.072948059637218010121 0.53262652053032399913 0.84320078879415416573
-6.42000454868257453 -5.0922890794388022684 4.1703736850284585103 0.99681730539543533798 -0.016893450183197974979 -0.077909376875750391278 -0.060174167748090132135 0.48159020027443910639 -0.8743282841904219671 0.052290813725570955972 0.87623369619096258543 0.47904089643722436165
3.3800817955153532601 4.3089601031327973146 -2.7388029406163134638 -0.98686910524551063606 0.001825855563556941924 -0.16151171896650290405 -0.12114603188489468655 -0.66973099400630042854 0.73265546788783175725 -0.10683168102488457829 0.74260154990329252378 0.66115802196640305333
-6.226540232101011263 5.3040690367267551153 -3.8397347515756634628 0.58050979574882943801 0.0073754407893000754198 -0.81421985968952859114 0.64621382824172501902 -0.61255199836688734027 0.45517879727189580752 -0.49539485789486126244 -0.79039588319389031401 -0.36035854728487132226
-7.0722462752363988159 -6.058478743335466099 4.6159641698333455651 0.95024409083258531972 -0.0047841823112731666351 -0.3114695481700336388 0.041830848511129857525 -0.98886600405860347607 0.14280828452868205014 -0.30868486835359371101 -0.14873176398066134674 -0.93946395057640719184
-5.3828625775771774542 -0.1007369499351786768 -5.8522190754710834426 -0.97597140567211804196 -0.0020434927074858624807 0.21788905307027681135 0.21739471783065403288 0.058835183874957119876 0.97430896423967583431 -0.014810535765007563913 0.99826561859848350622 -0.056977212588879992683
5.2616550424526034035 -5.3756944000280491025 -2.4482215629898504972 0.98384985861558393871 -0.010880026713667518418 0.17866471593682006769 0.12101572845609727402 -0.69503304478711058767 -0.70872015642301056104 0.13188877574804871995 0.71889546644331869807 -0.6824915084885986305
0.32504235686063642774 -7.0617149105712346824 -5.6616686344767730432 -0.99921198214705797547 -0.0092979918793387617698 -0.038587071418709040227 -0.032256413901325234339 0.75672376962759058117 0.65293848120846087468 0.023128737446884969908 0.65366863457539214899 -0.75642737766192091886
-4.7776703345288122904 -7.1112191997601730264 -2.2837884446759697532 0.9556275482547385014 -0.0010634677249605675037 0.29457572549858368482 -0.27052183699387027938 -0.39896277691243342556 0.87615446032523924824 0.1165929874652335968 -0.91696650520869160683 -0.38154751158820576773
0.39147767118918275209 -4.8716639042348566235 4.3846914724344578929 0.99995774331916353894 -0.0014902557735413171636 0.0090714229240529010295 -0.0039549001780766791792 -0.96052675564978473588 0.27815950540226391796 0.0082988156215021632867 -0.278183627877017281 -0.96049206078998083935
-6.5219561489771535889 -0.34611597870506566332 -6.5908651175536956401 -0.94974827053589239156 0.0019193725066682420025 0.31300884751599350464 -0.26191421796966113389 0.54270598603307518282 -0.79804207605165922157 -0.17140351524814601003 -0.83992054905975499501 -0.51493136069537814858
0.56258356783428054015 -1.6012058804988502647 6.6248835543999726738 0.99138911468774171265 0.0064667203428428344375 -0.13078916165610957045 -0.039633079394284488617 0.96675326820936202665 -0.25262093623528381059 0.12480722053007770045 0.25562922355367340144 0.95868496273222647552
-3.0012822676502395325 -4.7803271012179378019 6.2809909539861701333 0.87557578138367453402 0.0039278521308762368372 -0.48306482280547119457 -0.29942837057832399905 -0.78029683714819331186 -0.54907148608284273017 -0.37909062497931184099 0.62539700823879773584 -0.68203290253393378251
5.646409803891597079 -2.7867460103144785499 4.8676732110891034466 0.91759477892143403999 -0.006543736509440733172 -0.39746320736482582126 -0.39386270119228683484 0.12029843042279356191 -0.91126311252421610121 0.053777265695968134995 0.9927162067530751477 0.10780787793087397153
-4.6068494699905651046 0.50887342328742046771 0.56507119737588917818 -0.53381629498540739132 -0.0078417419903664842967 0.84556411364871408853 -0.53066542477523237498 -0.77542768430464759088 -0.34220770500099734202 0.6583573271075150446 -0.6313876887431909557 0.40977459212031591695
-7.3405283319457668156 7.2830082800924058617 1.2811718012899708796 -0.9188354458288925386 0.0086239697996314604311 -0.39454663936374873012 0.13762598967194664135 0.94399902271815416821 -0.29987486069025903745 0.36986553023382578997 -0.32983552302946700374 -0.86856664527984928093
-1.7304564466252312371 -0.98663243343250772721 -1.0381377516914613857 0.98624061070251212158 0.0016587871046608300245 0.16530791338125278012 0.15762603980860659392 0.29199945143401700998 -0.94333999805820178963 -0.049834620249079759902 0.95641704752030065606 0.28772024926494366159
6.650068210600543317 7.1453421108321908406 4.3512039935637245591 0.97941585491628213589 0.0043063640462510203999 0.20180693339808034037 -0.090326969239422835733 0.90343612401513995191 0.41909928233362603311 -0.18051487962728318681 -0.4287010905668925953 0.88522864457718430931
5.1384647199437480936 2.4557793151323838998 3.9123384053984175956 -0.99998642198154552574 0.00032730434221152327444 0.0052008388143678953297 -0.0003771987219677298245 -0.99995389153952130012 -0.0095954424608806678648 0.0051974583817462676957 -0.0095972739235443572242 0.99994043760597117743
0.45523644372533556002 4.8003153131044298263 0.11983759324535452062 -0.98727839053355637144 0.00035907916939852905364 -0.15900078819766844118 -0.027148942128748590474 0.98493173096016783941 0.17079935681660293745 0.15666625203477238526 0.17294321729925826725 -0.97239206550833956477
6.4125827050975150456 3.767413100675517601 1.0284520705563842125 0.96037623128079063761 -0.0031596204554966509509 -0.27868891472289608613 0.0059637046188401581642 0.99993976209061663507 0.0092144678316019058839 0.27864301286423009962 -0.010511374257332430082 0.96033722326759707322
-3.7489759105455755517 -2.9270336642448988584 5.4725550418576611733 0.90953968141988872365 -0.0080824982660528833095 -0.4155384953822338634 -0.17795429832074866061 0.89595448144876177476 -0.40693713873415321425 0.37559264587033375227 0.44407233689309888458 0.81346783831590363523
-0.28621385136520072212 4.1299917411328044281 5.8627691703138768986 -0.73554292080521899155 -0.0048014674694770885163 0.67746111147679666242 0.089259259518009823053 -0.99194460480708446237 0.089881508579199881348 0.67157233135649008204 0.1265813845094121981 0.73004640732778536272
6.9289336457780903444 -4.0408132011121820071 3.8849204500370753124 0.87365177633920054756 0.0039536306742449624577 0.48653565388765052102 0.25204633214883959136 -0.85901430084576990698 -0.44560865946782290958 0.41617931249613354661 0.51193632391819021699 -0.75147586794481446848
0.12044715395256404278 -6.9601975036809520248 -3.1233916201024283232 0.88662224622033336541 0.0007202044286846559203 0.46249375543122644983 0.28452600859385457355 -0.78922034202741608855 -0.54422072926668940696 0.36461752966756494354 0.61410970765461458942 -0.69994522930266722671
2.6675208228883411365 -2.1742685162406765187 -7.331511223338353922 0.46276529938814964238 0.0030939071024733465556 -0.8864754398296224025 -0.61442022220699499258 0.72195609755049949818 -0.31822505205108636561 0.63901179036501265518 0.69193194820629577713 0.33599718871739514547
-1.6021508239182380429 5.3766350736306947056 -5.5022904027510479708 0.95697291407763218629 -0.0008868898946309206402 0.29017590380314317589 -0.18491565345006297227 -0.77251686399797625526 0.60747337056699912683 0.22362701722018724082 -0.63499362852329122031 -0.73944171433865379939
0.48343266623734670873 -3.0713638262640627907 5.4409189066392480427 0.66596436780436885083 -0.0050545227703169288286 -0.74596642861075879161 0.10952273531552664254 0.98980351740025440677 0.091070123483154644117 0.73789987888862818011 -0.14234974092633861931 0.6597274588755559499
2.5723086321930126452 6.1328054172192647542 -2.3599685951589117749 -0.99986796199573757526 -0.0077835071286697235862 -0.014264487058798402952 0.00052230260320642674446 -0.89276114524350991264 0.45052998206941102799 -0.01624148312999567495 0.45046304461099967442 0.89264733218964542605
0.83032537147108020914 1.6235012995031552485 1.3355031110429531616 -0.99652180670707468657 0.00063490226266206377121 -0.083329980537982822897 -0.078436342473426567956 0.33056375465448101236 0.94051865706540471734 0.028143008665323959727 0.94378345027231747011 -0.3293641906088805027
0.1902100643077573594 6.570858124064264949 -3.3287132840474904505 -0.9983604495173195037 -0.0045306577948423295416 -0.05706037135870971333 -0.0081629667831593522714 -0.97540431581103681502 0.22027207419611538608 -0.056654909874970058037 0.22037670892657376664 0.97376810758501675114
-5.987387536119230802 7.0730317765992483103 -2.8041144807306093156 -0.98275625217678030943 -0.0036945467652658593033 0.18486887009887711941 0.0079510441733898172545 -0.99971996546806796147 0.022288372325371730298 0.18473475499752381457 0.02337393780604618207 0.98251042199432025992
6.3628653068051290731 -6.8041607347312655918 1.4891020139814443723 -0.93727677705802281416 0.0096920055751194833515 -0.34845129963268162143 0.2126944273232586613 -0.7760686230720331702 -0.59369905917786047755 -0.27617625490516856113 -0.63057399035396743958 0.72532966223343409151
-1.5493565989974957819 -3.2333193140236811125 -5.8451264056537759473 0.90008877409818888182 -0.0008858622453468186636 -0.43570565062950733504 0.3986055617411566887 0.40547021648778919234 0.82262233721813282639 0.17593693441498542418 -0.91410782667545253943 0.36531229970976858423
-5.3853945022225788719 -4.2442622169952608502 4.5144827956947066738 0.79919924545481613176 -0.012659248270464981689 -0.60093286604874662782 0.40062260836817881193 0.75654082505702335837 0.51686314018915002766 0.44808714747094474662 -0.65382392389327703697 0.60969843760343689354
-5.8220783282603596476 4.0723961802988881686 -6.3968795223542924688 0.78766157231265976346 -0.0070622743294731366026 0.61606766818517300077 0.011668324964109596728 -0.99958396504051105769 -0.026377017011419565812 0.61599764422803460207 0.027964640444412471043 -0.78725147265050554601
6.3252761039058569281 -5.1707551852443920382 2.3548723548025174424 0.1386915760597727254 0.0057646655696460720464 0.99031884530226876873 0.95214602539481185683 -0.27579426102790388642 -0.13174016816815947717 0.27236481611055723961 0.961199403981745637 -0.043739144140059200982
7.2817812132157753169 -2.3170455311366762174 -2.5967763120380031872 0.22826087457626084709 0.008791533236649943378 0.97356031250303520785 0.77585108498526855758 0.60245865804800580179 -0.18734636177463831475 -0.58817690116571008652 0.79810166914145774797 0.13069681958172968406
4.6854123826079625559 1.3672945625072443487 5.8193011427735639174 0.21770371097525481607 0.0098145454999472511726 -0.97596555724279165922 0.90817284434968725826 -0.36833386131460010837 0.19887747834993274587 -0.3575292701491366576 -0.92964178117470530616 -0.089100952188713861135
3.5904305996656642463 -5.9500259273512048352 5.0142391834337818324 -0.18372933062187776776 -0.0074988493464375263753 0.98294826940571622398 -0.75825527255443037067 -0.63526699546700482468 -0.14657689488354427865 0.62553375185735193842 -0.77225618270682683253 0.11103113778823110736
4.7877820131074315668 -2.5530781779579490021 6.1461430496139417556 0.99922165021148745545 0.0089329294040418911332 0.03842260429564128138 0.039442118032923197124 -0.21037607743103484137 -0.97682456222695568382 -0.0006427080781120989017 0.97757971992936754102 -0.21056466491151279441
-3.8099097375006985011 6.3943247004949901324 4.7528973746601090866 -0.70340815506107712274 0.0018049774767176863036 -0.71078386971701112973 0.44706911617574335294 -0.77629679186223909948 -0.44440127847058757959 -0.5525813720669858764 -0.63036499982221083638 0.54524654445843168116
-0.43964409142637977945 -1.3390375339281714862 -0.045507735044387861989 -0.81174394569659358289 0.012424100572433257467 0.58388133070834036253 -0.51602171676905794762 -0.48343557195595060483 -0.70711500874348376389 0.2734837370805194845 -0.87529177392019774651 0.39883700437637958913
1.1105360225710780853 -3.6055394828126376972 0.65344770907533211712 0.98389740238230871672 0.011936972866907286095 -0.17833510665041857335 -0.04311176628414448847 0.98415698581441923842 -0.17197791393230665857 0.17345684533367339286 0.17689696422338549442 0.96882412586361565943
2.8456692466612767412 0.082313451549038296751 -5.1878243615871433292 -0.95740457514483678914 0.006188153428252801333 0.28868353996888279633 0.22513345260651240753 0.64202773056818251973 0.7328815195507139002 -0.18080765473087015427 0.76665644192071935592 -0.61607344696242016813
7.1792889734642617583 -3.5246302210970008595 -6.2315397714144120656 -0.88111189293827618663 0.0027243612482218838161 0.4728999999771775764 -0.18145304225925068531 0.92149633729345803435 -0.34339378825120131511 -0.43671114661468157792 -0.3883774944695750353 -0.81144703845175036871
-5.2401949333213826421 -7.484370978997213264 4.5804644043280715593 -0.98718163076234133335 -0.0069335251991413555939 0.15945016184937116366 -0.15371836794254156722 0.31004273320173009187 -0.93821328435798168055 -0.042931238539956201317 -0.95069733870308670287 -0.30713430114581241615
2.0124445284603535988 -5.8006781924360781844 3.2096596437958084813 0.82314815922796813474 -0.0065331731289668820706 0.56778906788385263837 0.41194164029686558548 0.69507820422607702326 -0.58921165551890730683 -0.3908083839287631589 0.71890444960281885134 0.57484363038325247963
-4.6396633145700771905 3.333305818936171061 -6.7803225233403008332 0.99623481117231038606 0.013394168898288537004 0.085655106374517481216 -0.053422658393528540954 -0.68328557700783765227 0.72819423220969503596 0.068280455319775293366 -0.73002836690973693656 -0.6799973256776022934
3.6951265130994048747 -4.1356936287784522577 -4.8010105134070322208 0.86496551711802449613 0.0040435643420950167365 0.50181500952483637512 0.25239644720980913828 -0.8677923381864718344 -0.42805664487390154838 0.43374034586699322658 0.49691056274973771645 -0.75163102982445706424
-4.5911236444627645525 -7.2316713852617544589 -7.2100393241140485756 0.9673509605553785029 0.0099834190910978518052 0.25324385571169361064 -0.015623697314124376442 0.99967244420145773276 0.020270776661421359421 -0.25295853255967237772 -0.023565560622981200634 0.96719007705720771995
1.0824140378797439954 3.2118094021790293269 -7.0490234790955348387 0.98177858978911114463 -0.0038357454592811458804 -0.18998970416440980058 -0.14583461701564762181 0.62578663642304721559 -0.76623974717715592764 0.12183211855507397603 0.7799848541676653868 0.61382453694631877728
-1.2803460500618688567 -4.1872360573908702364 -6.7797645802005588322 0.93929538960166814032 0.0042903375393913579378 -0.34308273648887332996 0.097794332243792317372 -0.96179321477508783467 0.25571484234133129432 -0.32887754507402472415 -0.27374331958323455671 -0.90382750308324677491
-3.5722820370840846493 0.26024197539340249152 2.7522640307057790743 -0.73976124013791300094 -0.0031886298398678654745 0.67286190279235336131 -0.049861675442560593474 0.99749916933604720892 -0.05009212009817096134 -0.67101946388425093293 -0.070606230699666094885 -0.73807021297072006316
3.0358733675685556364 1.0929204963773444526 -2.5891863966768586813 0.91188207730928938499 -0.0018978449171933348301 -0.41044789592202401973 0.36089738713718855223 -0.47261576999578791547 0.80398221989596374559 -0.19550998194395893814 -0.88126654999271458735 -0.43028492284106439891
-0.23884922918113174473 2.4707051223282241459 -1.4513664579416396538 -0.99056326030053287734 0.0038120871400066386886 -0.13700326760561101769 0.011046327854849144479 -0.99414057000819455734 -0.10752909236403976334 -0.13661041682054589352 -0.10802775132036714079 0.98471701465990302271
1.5518325743485721357 5.8472272848732629313 -5.9522813184383585039 -0.99861941261692599436 -0.0035362418020381553713 0.05240957678039937645 -0.04340867657199582591 -0.50628093218762637573 -0.86127539411124987012 0.029579647439709828155 -0.86236135853666895379 0.50542846354377324314
-1.0526016419996742091 -0.41547267160815815057 5.5423126736068768494 -0.99768317584914434359 0.01955139799302979195 -0.065161518276205768196 -0.062536397569025153897 -0.6406796715050686597 0.76525731456760759386 -0.026785809799801642284 0.76755931455280090869 0.64041800336702003893
5.4435432213660002176 1.7401613787874783412 -3.9168344868064814968 0.7383458598424484931 0.00054595439894389069697 -0.67442204381775905375 -0.67430611449290689396 0.019155992125553075039 -0.73820343532343835058 0.012516197947851600766 0.99981635808762892026 0.01451188786657035823
-2.8300987963291102112 5.5905643641391975507 0.82837141334658814795 0.93160235126258450489 -0.00056993982863821207596 -0.36347865726966277489 -0.30597946185559815602 0.53854739796438866328 -0.78507532700262339098 0.19619793078549774279 0.84259502450129053486 0.5015376323278833981
5.7684298024970699359 4.5124929497174601778 -2.8135043503932228859 -0.93983460988615419307 -0.0098564769228711365812 -0.34148756335029617492 -0.32454871885451513913 0.33787584677155590995 0.88346366153807187604 0.10667256043680865829 0.9411390768802700979 -0.32074632159830746003
0.5437818926956584642 6.230993350255889851 -6.982327070638711497 0.99863285648014266105 0.0039628408311409334466 -0.05212210520330301522 0.042276374731508942206 -0.64766458230428314291 0.76075179721653329867 -0.030742903210915467627 -0.76191527397821290357 -0.64694666641156217679
-2.4714490367198482801 6.1200447318755122339 7.384521571704944165 0.94838194031353184599 -0.0046846568999307884595 0.31709580457158098588 -0.2994915725740235346 -0.34205102359183903182 0.89067721157372869989 0.10429042738558241821 -0.93966970327325516354 -0.32579802870219226607
-2.9067552434126695537 -5.8955324488950973105 6.0644782065284497108 0.90430739287821482186 -0.0087058085346682807792 -0.42679309751172422871 0.42323896052583936944 0.14862181484081848915 0.89374511939726652976 0.055649990825466753852 -0.98885578577014110468 0.13808444325831567556
3.3563780616995213535 6.1880669869646043324 -3.5777235230765689344 0.94554306773177509982 0.001417667774332350035 -0.32549392818064648569 -0.088104107660759128917 -0.9615467812618599952 -0.26012584196560234462 -0.31334641098579779639 0.27463753869985452205 -0.90905899096761222378
5.886256616853509982 -0.23534139193846517757 0.38668817847198727611 0.99209981549909020959 -0.0085778590211805384041 -0.12515740657714716222 0.11411687371906868715 -0.35268994852335600054 0.92875569411075087345 -0.052108494692260601266 -0.93570092473241972542 -0.34892475440374876028
-3.5812497927614552751 -1.2784735832535121247 -3.4793869044448628713 0.86724418747337794766 -0.00093987979048903058828 -0.49788215063367902147 0.0098136592325102790096 0.99983621173019510131 0.015206636888698237334 0.49778631096700787229 -0.018073913217066576997 0.8671113667084167087
1.882248419054776134 -4.5525751013182809146 0.46934263451503183129 0.99993755665285899425 -0.0073285368569359129326 -0.0084365480287333788345 -0.0010742802697531390367 -0.81448379020331329592 0.58018531644474558018 -0.011123341090084039318 -0.58014002451445512154 -0.81444080401173013506
2.5911823261799193929 2.7312651397780021156 0.97117327995526192552 0.96204145555532716294 -0.01638250208192136223 0.27241118078855286466 -0.063144159107349065452 -0.98447168277270691306 0.16379353158581222427 0.26549774568477962911 -0.17477734247969142767 -0.94813702996562665426
-6.3803869896540659212 6.0077484432340728659 -2.454630549425641739 0.97478630923892628513 -0.0015299527833887759456 -0.22313518450691199879 0.22259939321300831194 -0.062925612290541360627 0.97287711323630921001 -0.01552937415592841458 -0.99801704723034168065 -0.060998458800021068682
3.0815328391469272162 -2.2338649500223470845 4.7642150765689184055 0.22738096677872512985 -0.00056421978623639578582 -0.97380571861271791878 0.43628893523811573818 0.89408013190031543349 0.10135424376951794601 0.87060315927265263802 -0.44790668603769823175 0.20354296761893331258
-0.34620373384988073484 -1.1959250521483439922 4.4586225845187295036 0.75721309777499745675 0.00021415842209556481797 -0.65316787941101561721 -0.33651258670303596521 0.85719741040412433808 -0.3898357071729358081 0.55981032819031462111 0.51498791610360283855 0.64915317354133794669
0.3025723642194929619 -0.82263009572490630728 -4.8513492884180493547 0.99818892597788588805 0.0095317210622288123245 0.059397090405801537816 0.025998543914420906009 0.82204298307622936104 -0.56883161804667115025 -0.054248905697825693106 0.56934565974349304884 0.82030639151581996593
-5.488747967215133805 2.3771193383264570542 6.5396371129174069026 -0.52287045553619604377 0.013803141029248013408 0.85230039306872062976 0.31987892539451634466 0.92997405992507231609 0.18117869895472557551 -0.79011642168468210201 0.36736592270402312899 -0.49067129426938033143
-5.0835018577776454052 5.2963308029237277097 -5.7583864631894696728 0.99948105721272761937 -0.012640492774148345823 0.029628267168839511614 -0.028063102132060313565 -0.79324604189180902836 0.60825420616855663258 0.015813872761910478804 -0.60877001812295683525 -0.79318912401956198632
0.053056455474403213524 -4.9255967247927827657 -7.0378717872187595006 0.64067506971146259698 0.0082102647519990239189 0.76776822453324533591 0.76771760807866906706 -0.022539026551395870135 -0.64039180704334019989 0.01204696211723199975 0.99971225051762957481 -0.020743357224109096326
