1125 14.717824617146108679 14.977075390850430381 15.033177056927090831
6.4762108660070110133 4.3284196277707804867 1.9783380441836937447 0.7920016563500339446 0.0016345225989627017171 0.61051675216543699332 -0.52715756841902472463 -0.50258775906335717565 0.6852083205115444553 0.30795823482630441115 -0.86452465134059919283 -0.39718868668056961369
-0.63439978782786632383 3.6919304609768199832 -5.344774136905068751 -0.99427516561016338059 0.0095598805129660964497 0.10642134999822218389 0.10610611116747997729 -0.028973145500797187202 0.99393261844690283802 0.012585238328192405871 0.9995344744052204744 0.027792917296638568192
0.41321285359651438451 5.5385827083590637443 -4.1722588998028360407 0.81649168018064177677 -0.0021522316435545023328 0.57735318834716742309 -0.076710659230513802975 -0.99153163218632767162 0.10478786730486686074 0.57223842142604597338 -0.12984756552526874329 -0.80974242742431701281
0.67462550327099446434 2.5410127017087544843 -7.3006129925730336439 -0.99953730055376055486 -0.00099532069889985905209 -0.030400561481948758236 0.016822576724467061537 -0.85077964417864926361 -0.52525327030261292904 -0.025341383428338248862 -0.52552165168338482726 0.85040273276716960016
-5.7329501736511216947 -1.8409704121014605072 -3.1147444882050345782 -0.93460584175446292932 -0.017077034820982092689 0.35527495751911392086 0.3035580181697501434 0.48228463520172437651 0.82173843785797995309 -0.18537650920040968372 0.87584810642607446862 -0.44556216660141995112
-4.8052364040743249518 -5.1620427987601757991 -0.97209354050833884919 -0.94656659845871515824 0.0077006077943780467873 0.32241646254795663928 0.044184268058436754201 0.9933848033786203402 0.10599237176559472839 -0.31946740857011285408 0.11457457421242452089 -0.9406451200136978219
-3.856106922571129747 2.0545441044297669819 0.11730975975725975446 0.87329687497743113678 -0.0049743349125371590785 -0.48716303651528991558 -0.32632127704510938138 -0.74847067702828407043 -0.57732665777401337426 -0.36175543161404183357 0.66314923028014283179 -0.65526033458215393601
-6.1328679361632829625 -4.7498434512304230637 4.5828969543483042415 -0.77470456341723881177 -0.0038646755062646631455 -0.63231155588355669739 0.62599698816852900052 0.13641210012876997526 -0.76780173856436140234 0.089222251846470507219 -0.99064464023257070568 -0.10325980124791857284
-0.8349919442309743367 3.5160654280027423546 4.0247643041794178842 0.7570128463652120443 -0.017040674151832795047 0.65317774446361753782 0.54481688750493595386 -0.53538918750328878815 -0.64539366048490331984 0.36070224497155567445 0.84443355767580363658 -0.39601244569259697048
-1.0027723656584610623 7.4367381571910424753 -2.4306056695625568587 -0.99682044818700044075 0.0063133806436103979964 -0.079430065473213642968 0.079583301817681417756 0.12812729026553201783 -0.98855950532129244213 0.0039360066086926315948 -0.9917376360278939984 -0.12822234258473144686
-4.2725869278375823157 5.9006416156556289465 -6.2633427252058853085 -0.98428075967030981275 0.0085574368547905281523 0.17640339117293885041 -0.17619604971613822553 -0.11599493965561476216 -0.97749686753400266692 0.012097032994472223938 -0.99321294003287552421 0.11567937389161973838
6.0712814674259103498 -0.94342066913935318517 1.7187024297947259832 0.93796658592231396678 -0.013651143230223089856 -0.34645682268028343831 0.24228209222600380346 0.74059517372978622696 0.62675208530535675422 0.24802836829639957061 -0.67181279753851463887 0.69796095419696968509
-1.1851030664595425534 6.279658729092557401 1.1291820563836174607 -0.98463475144986079002 0.0056662847388082018471 0.17453452224279975002 0.1713466705336687268 0.22414911597881709282 0.95937348947272660382 -0.033685675506277726332 0.97453838663402936326 -0.22167590812379664444
-0.96294347723503725955 7.0407301445628185377 6.429834621175874787 0.94484703276171155828 -0.0060412344299912287479 -0.32745623855422073545 -0.10564463981649931112 -0.9520073608110439789 -0.28726502578593920978 -0.3100053140828145648 0.30601550360782203697 -0.90013955406495294032
-7.0580757582768649527 -2.3600280512596336635 -4.9835302789365281129 0.96452321928164908016 0.008236527845073216697 -0.26386951145522058448 -0.045210849832959927597 -0.9795937522992721469 -0.1958368185852148724 -0.26009794025321864019 0.20081892357361161294 -0.94446853913232808875
-6.8063908682181475385 5.7750321079244404388 6.5580557856018000251 0.90981263044294435893 0.0077994279557302842454 0.41494595601124223405 -0.015152748664826500014 -0.9985325019287804027 0.051992661017444652405 0.41474253663491988942 -0.053591151464890157685 -0.90835929939100423791
-3.3512981709795561791 0.17380032816779225624 7.4906140090273316545 -0.75195689300322776649 0.018627788077428170804 0.65894903943799310042 -0.63646881042647651672 -0.28081813979059822017 -0.71836524534451395851 0.17166328791930016151 -0.95958020919355568878 0.22301914201440328767
-3.0700680167728662262 -1.6181694911773591983 3.3819697426827470821 -0.79690937478172496622 -0.0020021861695955159993 0.60409555505363854433 0.47318647915989764385 -0.62371800973118640687 0.6221498214075080746 0.37553961751761927301 0.78164687397041188177 0.49799413659915636732
3.3049498626851656624 -4.6959597013680616229 2.9740405593806662488 0.84490504920285736112 0.0012928708674584629169 -0.53491474677398964666 -0.38532797308784200174 -0.69213573587565946355 -0.61030359353351393281 -0.3710226556255659669 0.72176620287238701934 -0.58429079866430078116
5.0197633378989960917 3.5645004682746361802 -6.5082460415812457555 0.9999474690159799728 -0.0083004739595681012454 -0.0060134300077352292879 0.0054849895144917400203 -0.062281233388147304308 0.99804356761494228412 -0.0086587584813521967231 -0.99802412300502207909 -0.06223243368111268381
2.4485408646562647483 -5.9590578776269707006 -3.7172084264124007902 -0.79727450462444693358 0.0038864214307064680332 0.60360439031236290397 0.33354735514283434528 0.83627835180927501124 0.43518350172347891602 -0.50308997818785694545 0.54829135869860223806 -0.66803971425605557233
-6.0736912040311787919 -5.9519122773918367031 2.1409742832451450489 -0.98282892484166661795 0.00036125191054380131547 0.1845187632499709629 -0.072389143496460139904 0.91907538143930944674 -0.38737611585648745738 -0.16972659307863838252 -0.39408160668725272791 -0.90326771827217311461
5.4046761105494054434 -2.0101179620656002278 -3.1570104942699899198 -0.8892191398648331413 0.00020540918472996584632 -0.45748145219798730388 -0.084848258197127948699 0.98257612269325067533 0.16536304361623033188 0.44954431859276439143 0.18586048778633765255 -0.87370806606145290374
-2.542784646560198869 4.6377188262184008138 -0.64054084367144503709 -0.96973273288289318916 0.0078109427225641122478 -0.24404388119633746435 -0.23884405269458733323 0.17725050164480096737 0.95474382855251227475 0.050714349724933986685 0.98413477168552665475 -0.17002001614963008214
-5.0613047777837323338 -3.700415010360005752 -5.3317631105637772748 0.9739878475287941928 0.0051619373908126722772 -0.22654144713171983638 0.096872995182987364782 0.89429262435827139299 0.43687106201101544301 0.20484944635134710866 -0.44745285385257754784 0.87053009592362551317
2.9797414314587937767 5.0913336845156003108 4.2035344646466041851 -0.99111666833769596074 0.0062302920715190911183 0.13284928755468997097 0.1322765037144171818 0.1498923042832807917 0.97981387195818092639 -0.01380855923593714632 0.98868269964497623725 -0.14938488248303169459
6.0285942853653020634 -6.447957874426168523 4.9440632385889129452 0.86460107703389432743 -0.0007446143851869936256 -0.50245837951156357981 0.33384021942181546505 -0.74651353906246187275 0.57555907072419010273 -0.37552055268431488999 -0.66536980811114321277 -0.6451878276640041765
4.423560916999555559 -3.3269824363269386858 -3.6767518248219452914 -0.69761848833290496241 -0.0040939703776073539665 0.71645773367489007377 -0.71507793081874304608 -0.058314545276670966267 -0.69660818733713669726 0.044631800232978392773 -0.99828986432591171329 0.037753797057291829664
-6.8731079789936355695 2.2743980007633051166 4.6659687024329850047 0.845794864232931487 0.0025129932717682379462 -0.533502326613673028 -0.32329905915250056747 -0.79305149602868352243 -0.51628194138255412149 -0.42439223130074410495 0.60914941476744566273 -0.66994643405283416104
3.3847236716536754919 -6.590765076721492477 -3.0724924675363989302 -0.99975232020001725264 -0.012839330985718863665 0.018178279192975956707 -0.00078647781200995347042 0.83667902074039401938 0.54769297759364610201 -0.022241396251849419874 0.54754302829336232161 -0.83648189009694584595
0.48767050905092806934 6.6175297829790569182 4.6834736961764917851 0.65775491516762540911 -0.0023005675326744556494 -0.75322850381660522157 0.66476172472920791456 -0.46845132870293176852 0.58193230016174435359 -0.35418966798574186283 -0.88348631003845501386 -0.30659683473032400824
-0.18410706549021887968 -7.1185490318749584659 -1.2116284420297684932 0.88459844760179062728 0.0045071435240199983138 -0.46633171901338915655 -0.31575940314850442503 -0.73008492156933424422 -0.60602970770455510952 -0.34319321937354546614 0.68334156390083267141 -0.64440881528860605165
2.0995939819805586879 6.8788657283424070599 6.0077756760235994093 -0.99898925787258785469 0.01846838775389409229 0.040980255111247879118 -0.0032675161809318231665 0.87944519302832357965 -0.47598894503688909952 -0.044830636770088742871 -0.47564174660465841082 -0.87849595496724131038
3.8779998253184704282 -1.6293226309333399549 -5.6636652213709464121 0.93481008865525061502 0.00026183325241923346288 -0.35514789819438508101 0.338203782093886407 -0.30585173941767773709 0.88998478373093070637 -0.1083895748027188799 -0.95207911695329405788 -0.28600184463664224399
3.1589463127343320181 4.3014874119400792196 -4.0392619705077335013 0.9981901234027582559 -0.0051875789726009129826 -0.059912991626342927687 0.060114479874760463896 0.058717027845203703662 0.99646302487870797027 -0.0016513178371896503061 -0.99826118809932529174 0.058922605882370727992
5.9152542489850086227 6.5534298939102342274 -3.0352641323756621716 -0.97233285729696672384 0.0085834249435365866238 0.23344194018372232957 0.04588745051165522143 -0.97283626974855696989 0.22690071429412242421 0.22904837154200963223 0.23133507532985231325 0.94552679835946829012
-0.93930734829760220705 -7.1951610456174135422 3.2650049541263346242 0.99973589695187636828 -0.0039321949479748895262 -0.022642309703134470139 -0.019998101432414004675 -0.63429926060934160859 -0.77282890986905927733 -0.011323086368144701791 0.77307760660446755985 -0.63421037667460600229
-7.3466178824405066194 7.1934079436738294078 -6.4940052236285357168 0.54833616242625382586 -0.007332009688890753045 0.83622586339427540381 -0.73123870973862692413 0.48095156056276294754 0.48371018779026198064 -0.40573070176587749947 -0.8767165094979353368 0.25836168372719559017
-4.1719080195440971792 4.588948486836518903 -3.7741633353419627994 -0.84015554981626894282 0.017268456801300572506 -0.5420705235599898586 0.37131547915679152805 -0.7101899229300998595 -0.59812631467545185338 -0.39530174177642612987 -0.7037983189580334642 0.5902579598617923029
-1.568241731779797643 3.5744255831608060525 2.1026854114590904921 -0.99304115228435474449 -0.002436264331772096392 0.11774266213232364997 0.099232134271193275787 -0.55572202494920897031 0.82542474794145359596 0.063421237751044107211 0.83136459847797961054 0.55209659571467650796
-6.0004751786150123394 -1.7812591599146512245 5.1850162282064502506 0.99063367842383853734 0.0090506242712029942588 -0.13624610589973210062 -0.12404377991129400538 -0.35745323195731742993 -0.92565670074194372763 -0.057079381897971209758 0.93388718438762585716 -0.35298253639319238095
1.8505794665841484026 6.2942789552196813929 -1.6640444591206693392 0.94612316823407460742 -0.0052173160789218608543 0.32376493037946513232 -0.090474063756749031895 -0.96430737997677040685 0.2488487908543529914 0.31091058894482787034 -0.26473393536771222534 -0.91282558528276802612
7.3311787958743064308 -5.9532856504061033576 -0.44171871865818618241 -0.99496544598917568969 0.0033352737832985294812 -0.10016305325006764904 -0.078478794515624172856 0.59565144531904024028 0.79940004659782071261 0.062328485453814738704 0.80323609956110786356 -0.59239085768012822442
-1.6374274906484396208 5.6535124619008065849 -1.0959961786235330461 -0.79993201435267846655 -0.0017586555105228744364 -0.60008805982502311238 -0.23938669638328557987 0.91791804404523302807 0.31641819481646654699 0.55027518752748871833 0.3967661421379146125 -0.73469302871641717356
-2.6846963466151207989 -3.2664633370050903949 -0.19545603366569169745 0.54795254579415308971 0.0052648060359890419546 0.83649285076151913554 -0.2240410172268733624 -0.96252387746138001745 0.15281821853619403928 0.80594890046309686227 -0.27114584107820094427 -0.52623787654285913984
2.4796687965850088275 -1.9714585363887868752 5.3864466205238050733 -0.99488269921454131062 -0.0070901715495368215769 0.10078761963201912644 -0.075215122795942293554 0.71802309423407184585 -0.69194329352146921597 -0.067461841855124826672 -0.69598316474893007211 -0.71488204221368611968
4.4568276761356973026 -1.5988983182000247041 -0.07781174691178986691 -0.82306444514715215721 0.0027798848415213424541 0.56794118654565306503 0.37469048308126362556 0.75415432376823554605 0.53931280147053073382 -0.4268160739978019147 0.65669134925162031546 -0.62175920644181137398
-6.7637877875273639816 2.1394321822339654737 1.6051327159154484825 -0.98109176944139531162 -0.0050809305890931865529 0.19347641737102830306 -0.087525110730544156135 0.90324373646992550668 -0.42010725716106539496 -0.1726218263313653023 -0.42909781713748368359 -0.88660970466258071099
-0.32320492345265239287 0.56691332701201913036 4.5808863012533622694 0.93320599076571031372 -0.0030825060975220842062 -0.35932864755688687097 -0.3278288874161017219 0.40219621272413802471 -0.85484877437236572728 0.14715569773009767873 0.91554830818833932149 0.37432138063301106934
5.4541082591843803584 2.0004349156214300542 4.3591769729730378558 0.99884210333241241209 -0.0108706612061709295 0.046864499735517969881 0.048031852901428667701 0.17027884838041013049 -0.98422459576112597546 0.0027191390864251905463 0.9853359541390336318 0.17060382106936039515
-2.183156108506909554 -1.4589763537969924201 -7.0476010500919334945 -0.90426268216713678871 0.0037293878152235612061 0.42696029476544689052 0.36213351069196819676 0.53645971179897511405 0.76227967180721145635 -0.2262041601596388174 0.84391769105945180218 -0.48645103416829377219
6.874785833951069236 -5.9634624689228514782 -4.8184880239000777991 -0.77491155790046284402 0.0033746133184282675263 0.63206066909546709809 0.16598385578282429109 -0.96380355922160765303 0.20864337720456788139 0.60988641323764136715 0.26659203142026893785 0.74630238625597522528
-5.2231480217839250102 -2.632795096203850882 -4.536655183391538948 -0.28216603219119318346 0.012037912467317019721 0.95929005985726933936 -0.91993786507547092857 -0.28710918400042872989 -0.26698809123833217027 0.27220700703315536817 -0.95782222000020600383 0.092086590750188768162
-0.26404590339238775965 -1.8637703220808035098 4.2330768402201366385 -0.92733947146492179403 0.0031086150521843335798 0.3742082858188297001 0.021724842748469995468 0.99872623380404956794 0.045540543687572355991 -0.3735900639346047547 0.050361159878134303947 -0.92622579196711773974
-5.4896393431293315501 -1.4544117018936435493 -1.0025456950007125556 -0.9980915629147102397 0.006844153178178860944 -0.06137091824097837961 0.052762555563726838692 -0.42183692442446546478 -0.90513519538385034391 -0.032083403324010897895 -0.9066458882934115282 0.42067076018160998174
4.881440581051349703 -3.3503357942540392678 4.9084485194220421889 -0.94440905061921287533 -0.0077870502760537816181 -0.32868055457603195801 0.17382720358012315742 0.83673453116184237643 -0.51928742297191554655 0.27906208700560580782 -0.54755336380054586698 -0.78886606302135686697
-5.4257002326632823852 5.9269260889145094495 4.4878963148719703824 0.8203468089976710953 0.0029051875461613722515 -0.57185896237850086798 0.48705052414405447525 0.52049635561714158172 0.70133111346935916863 0.29968800426163916262 -0.85385894834835784906 0.42557255130837778889
-0.97027297370379350649 -6.0163980522751350222 -4.5534543121135913069 -0.98641562083279943351 0.0028204982161788389947 0.16424453649029152613 0.099078275792840952985 -0.78729676689231220532 0.60856166171305370316 0.13102563963981372908 0.61656779483750590032 0.77632237899349965105
4.0267020814399252515 3.7688221908617576261 4.4664773276398790358 0.71595716250716845419 -0.0056837911698942302982 0.69812107543933987763 0.64390679371284675891 -0.38105726244496684885 -0.66346017495281772725 0.26979507494604543227 0.92453396760535444532 -0.26916084462448219838
-5.2836479933657738428 -2.4510459169640008703 1.0295392995805277003 0.97648993628295932545 -0.0012824149478635228638 0.21555917922903439221 0.13252526664223746033 0.79225091356393817499 -0.59563037502997306927 -0.17001311137493241299 0.61019410466579682151 0.77379499648914451537
1.3945847236521684565 1.0368692413455167234 7.4347453079870513548 0.68202934501116652122 0.0021004315153368407348 -0.73132179013823916947 -0.34697215333793657299 0.88121179800469606747 -0.32105465557321394288 0.64377503629105037319 0.47271699276066736495 0.60174109665512032219
5.8440097957827932262 -0.048744137891595915035 -4.0993583427322892732 -0.61723263484334967011 -0.0053021428944205386408 0.78676283705127214585 -0.71509456651330682853 0.42081407733051551245 -0.55817136549950230329 -0.32812137301225796637 -0.90713141253138329656 -0.26353171530461860783
-4.0110116537216722321 -0.41070523771828126858 1.869677997846295181 0.96643021641063076022 -0.0038911028101576766378 -0.2568997783717604233 0.10639445798620014716 -0.90406602768683752558 0.41393820419541027533 -0.23386503825574483928 -0.42737510093778990905 -0.87330273501238786515
-3.5787051376714007489 3.5913933300541014404 -6.1972038761866095058 -0.95670044406760756939 -0.010414021168503760292 0.29088796551942358581 0.089257202303018617906 -0.96170992114422892971 0.25912772798332989188 0.27705128073692725232 0.27387145841766113996 0.92099783501703680333
2.7506662280336775517 6.9117534927096118125 -5.9270371226111038254 0.98615320887462643018 -0.010971139314840814422 0.1654735106548015644 0.076236467746784081223 -0.85613332611692449792 -0.51110050762787107015 0.14727474193412143366 0.51663852161268664087 -0.84344222586616224291
5.7915153920410054056 1.3283267985031994574 -2.2814230612689567756 0.90769751464042658373 0.0036280503427623756255 -0.4196094126284670156 -0.22850517478018023132 -0.83442608058465794763 -0.50151620226976656447 -0.3519525635854995893 0.5511079325242413951 -0.75657745122004427252
-2.0182406730891346847 -2.8849834476093949576 4.8121366757048988916 0.89706768184678220557 0.0024758593698898266264 -0.44188623457458442445 -0.38591644201417080184 0.49151945490802750882 -0.78069015955751930314 0.21526280210292747519 0.87086307509689619977 0.44188169283588735192
6.7444296356478137255 2.7903677081872766408 -0.36627709090736826347 0.9245152157973228757 0.0012868598749475503983 -0.3811429649764009886 0.19244790743751835627 0.86158498625609625243 0.46971812226173148552 0.32899151764485168314 -0.50761171721089770603 0.79630077600608273336
0.45929382053713846412 -6.2922260539840078053 -5.5447712144134673196 0.92855878326109386744 -0.0010261109061294340725 0.37118396129835684594 -0.29754499006144013995 -0.59990602271902948583 0.74268414739698174198 0.22191341761611094174 -0.80006981632966522877 -0.55735332068617671197
0.18106444666164045465 -7.1055094333297228459 -5.0018936277743293317 0.90498010002926454476 -0.00035167307854716859869 0.42545375174864369372 0.36582560948026549008 -0.50990702490247563627 -0.77856692031163088341 0.21721565781346049984 0.86022944746216800649 -0.46132705938358242737
-2.4795609889071403842 -0.12576185196150546641 -6.7289069122433105008 -0.88127899333803394466 0.016476094367858663825 0.47230908758502693212 -0.42180588197812207696 0.42329419995027045553 -0.80181158523505968727 -0.21313642070211799573 -0.90584245793779516465 -0.36609057290158020237
5.8005586419139838483 -5.7964419246482288273 -6.8640403055429377588 0.95223723546619087887 -0.00064436427733104064547 -0.30535853056096901037 0.30145149194312392815 0.16145267761703357978 0.93971273849810144085 0.048695435072687726086 -0.98688024485500658312 0.15393549596539771174
3.0967819850635933676 -5.4508371692321802016 -6.6632587548849411263 0.99997872506530027792 -0.00023412341668995351879 0.0065187884525817673884 -0.0065153521107240370061 -0.08420081376858080946 0.99642750521426315391 0.00031560028047350648095 -0.99644877848635438067 -0.084200547798256933363
2.1728843160117978783 -6.3217052714315942197 -0.67832579376604273946 0.99770878260449835651 -0.0095476275007631526692 0.066977816648055452098 -0.062764206897392552098 -0.50018370312384952125 0.86364166033251277277 0.025255483491148384562 -0.86586667907848757775 -0.49963692279007132502
1.3033216788749115711 -7.115855749215088899 7.3186523605666140568 0.784903756061376634 0.0050459546773739044276 -0.61959715304558526938 -0.61781947127104530626 0.082501676617887251264 -0.78197990656649829511 0.047171968786753809555 0.99657815132422133964 0.06787336490950833523
-6.7110163210135933554 2.3303434582648678841 -4.9952159315867650236 -0.92518299141587501122 0.0022430909170333170055 -0.37951469133343745943 0.37813450247302926588 0.0908567995113288146 -0.92128135768705166075 0.032414972376675628418 -0.99586144142925281386 -0.084907355630253783518
2.7627654003394610527 -2.4769776335219155783 -4.8287845617853770719 0.99771650839910308584 0.0057445083626358178081 -0.067296132813285058916 -0.059589121083387736055 -0.39417484361571553109 -0.91710159159668380724 -0.031794740389879630471 0.91901751522165042729 -0.39293243846661246588
4.7606254601765449763 -5.5786043664710636136 7.3044202663412978183 0.96775790775920766951 -0.0081591114758716564576 -0.25174999676176501584 0.12796792006857679591 -0.84495116058464614373 0.51930891351863228689 -0.21695355125680690356 -0.5347812310904580535 -0.81666406280094117065
5.8161892865010491604 0.19498613256391433834 7.2714535539212770132 0.99683465872256404872 0.006613460054362679981 0.079227049141536970422 0.062914779940537818304 -0.6748588312783820875 -0.73526001408388053093 0.04860446105662041133 0.73791721757366901535 -0.67313875714718562904
-5.7396896744991057204 1.2612840883028006989 0.80193469702292774492 -0.99231305652525425565 -0.0032369630611455498144 0.12371062977618826895 -0.1155352344059372427 -0.33397369040756974545 -0.93547484398367863889 0.044344193083617325368 -0.9425768383456393229 0.33103247024133175547
-5.2194910729876715649 -4.2045285637065852313 4.1285807331792039321 -0.42921141292014508561 -0.0029612326315007365257 -0.90319919957909877706 0.79296981546867217894 -0.47998153330248488624 -0.37525537896766703039 -0.43240771821829027122 -0.87727359403426741213 0.20836172017771545373
0.088559828374088461755 -0.71390857614225344818 -3.1834712359564578676 0.86632473659951503286 -0.0040025064735822093315 -0.49946514462744318053 -0.49776305977251372736 0.075951226158169904412 -0.86398110371174308142 0.04139308011844367724 0.99710350073948605942 0.063806126126847079183
4.8489118530782242544 6.3585906307700135187 -5.8348457427956477162 -0.894976350601773607 0.001842092334812455573 -0.44610978307987741998 0.18113193512543729335 0.9153559761826164376 -0.35960347460018543542 0.40768683317150722356 -0.40264133364899856726 -0.81955561281463529255
-0.58019843127228276636 1.8607127936521348222 1.6490673262041080083 -0.89355484376252136691 0.011324235875800968409 0.44881121072265228733 -0.39001801344072284383 0.47555564669031835656 -0.78850033360338001032 -0.22236386932294577301 -0.87961274921568799456 -0.42051839559878523289
1.3941557678290630307 1.3647315585566572871 -1.0736864845736397989 -0.99996755205688248047 -0.0018525557869456866535 0.0078398259115497991034 -0.0047823036024013092921 -0.64663763929703854672 -0.76278233659180960657 0.0064826233518051777291 -0.76279507830172010863 0.64660779775157417593
5.4189866414629683788 3.1516693952844589965 -0.80878654434394803285 0.91914670254538100025 -0.003853473356168272447 -0.39389654725950445924 -0.39389857987947335394 -0.018230711382507251705 -0.91897309532513149488 -0.0036397759298320182808 0.99982638088108477525 -0.018274575934877908961
-2.0112662306286059888 -1.2307110824011022743 6.0809457028707472048 0.91632172566391223434 0.0055278220033036316178 -0.40040471807954464145 0.22500487598575927284 -0.83424052449933949749 0.50340396608071058537 -0.33125111450240957156 -0.55137300484065598916 -0.76567650393223618543
2.4335438722834021874 6.9128726099937640726 4.4939321876572870806 -0.87663573244800729878 0.00029964376404612328916 0.48115455189460204499 0.1036914464983853118 0.97662010060920989574 0.18831161145607230867 -0.46984878047986661231 0.21497229891250255185 -0.8561711477163769235
6.8906770104732109061 -3.9957415280230139665 4.6077623052461254005 0.98178007937101463565 -0.00035743431941303834345 -0.19002038835603421441 0.14640219571576923441 0.63891750839027494635 0.75521574040925321114 0.12113741304766906248 -0.76927517164734193766 0.62732881126816364414
0.85676117800933127011 -5.1268906555955462423 -2.1087680909728394596 0.64094394223816530953 -0.010397948429484733107 -0.76751726076796600307 -0.53332674776091559821 -0.72516103725839009542 -0.43555028431275899514 -0.55204478353753738684 0.68850080080619291412 -0.47033307799717150033
-0.15600055906803386718 -4.2310867894641690512 -4.731729642772378952 0.99991421449712614145 0.0041988104797865792583 0.012406999524690126568 0.0076643792175541628625 0.5805726508484402304 -0.81417237387308938334 -0.010621720098852833331 0.81419762163576969716 0.58049066485583478148
-3.8841205204753608271 5.5148676020696045796 -4.6784768799428064767 0.96759462392692141552 0.0060180270026965743124 0.2524369764884292211 0.22783206003643502457 0.41023342306810250957 -0.88306346941627933411 -0.10887238477783600654 0.91196070197618672726 0.39556855522645983925
3.7512471229407142737 -3.6628034136237506146 2.7613382933182033518 0.82206236425146383962 0.009687994008200303403 -0.56931503761380997108 0.44556086964821423058 0.61159924704224466474 0.65377509317485837936 0.35452641751984043106 -0.79110840204711074808 0.49845613196254606736
7.2562080338956276293 7.0132389314846772521 -0.78391323779002364258 -0.99387745130593707632 0.0012935177253537706414 0.11048048966814574823 0.01855946054333127912 -0.98376882535104681615 0.17847813505223827923 0.10891812617636034699 0.17943585226836766822 0.97772164582295806312
1.5891931619497681183 3.6859519973551657657 1.8329360800112985963 -0.98577982440272426956 -0.0052524406651987820549 0.16795996447860836454 -0.088303114318430270258 0.86658016893279798953 -0.49116328325113089992 -0.14297096838965747678 -0.49901024306066427139 -0.85472105362997141675
0.96375240935453398983 6.5640441616829932059 -2.9680786445151201569 -0.87168938960446962216 -0.0016444687832763392465 0.49005602105625517551 -0.053897911570972366346 -0.99360621395809300971 -0.099205376428598168737 0.48708584785370062642 -0.11288927011219494767 0.86602736071913444249
5.1346204472616951975 4.9982030054429866794 -1.4083603787642744454 -0.98751168784721798932 -0.0065176532153256028224 -0.15741088450835238888 0.12256151923051986086 -0.65957921932492369343 -0.74157530125976067747 -0.098991617670600828838 -0.75160679456164802836 0.65214100162443910946
1.9182515993181150638 -6.8693770455697906741 3.3530264420569038109 -0.99952139270816953154 0.0014863388740179953734 -0.03089945493888665573 -0.030819068092709157869 0.038617725718457313056 0.99877868234271749426 0.0026777902577321795533 0.99925295198819097386 -0.03855343541443242289
-2.3483752507427655409 -3.602118599642197605 -4.5449979880502011653 0.85609745121512992316 0.0019670926504447489892 0.5168106854250137383 0.28443351283730167189 -0.8367153509633150632 -0.46797969853110660265 0.43150287461145669932 0.54763450586018813659 -0.71686938642493769347
4.5868206130877036131 -4.4130078898217890426 -7.2293887966219303465 -0.88697881245486942525 -0.0023174418818794400785 0.46180430456976895304 -0.41477561791342892894 -0.43568216215950761327 -0.79883805640468552589 0.20305115867828407716 -0.90009759639664699282 0.38547962841152905167
5.6040993211564931187 2.7478303799716390365 6.2861734141375338325 0.9981984571972237763 0.0010436155760703762045 0.059989590059558527135 -0.042290156260058740789 0.72148556723643453292 0.69113683084688326552 -0.042560342250471464021 -0.69242868740119412063 0.72022991477129172377
-7.2146029177716588521 -6.2617025751601902428 3.5501976833037680592 0.99491519351994939235 0.0091637235141601054711 0.10029847393870650052 -0.073861185352538452631 -0.61063551664405391062 0.78845975871390872047 0.068471037683069085888 -0.79185875759769719373 -0.60685370973106811388
-4.4214721679140787103 -0.51542173004760682975 -0.33582611188296007665 -0.96900170101152371949 -0.0055764493999312025538 -0.24699110641651783604 0.035336564656398804229 -0.99259435282786256938 -0.11622296645908122836 -0.2445138659361663358 -0.12134806939690871708 0.96202266886942400248
6.4761218526308077514 4.9207140782131961743 5.8355479709511017816 0.95488931099375518041 0.0017086305428415588577 0.2969570412223473399 -0.085683334262618010557 0.95903933588884260342 0.27000355265721115439 -0.28433214728465239229 -0.28326777578744466446 0.91592281182472079504
3.3368699762320894742 -4.1902267017063117294 1.9472004535318272467 0.93260646486393961041 0.0081911470939733613955 -0.36080200498781112017 -0.26764719456079522075 0.68634460408592667946 -0.67623669205820047257 0.24209535505174967218 0.7272303552186853981 0.64228175243505281067
3.0216856228548301111 -2.8562214320809911072 3.6597042624169575653 0.98747008442003525452 -0.0092546930636944243348 -0.15753470421371179588 -0.11495966216270471494 0.64169438617667862168 -0.75829584650374071142 0.10810693063284135262 0.76690459993772552849 0.63259009330184423625
-3.4849669239427796263 -7.433858247687636478 7.3384773766774262782 -0.92685534958035042941 0.0047853842541608600583 0.37538814719143737131 -0.10788741210566320239 -0.96113437209430274688 -0.25412796990508407236 0.35958235115679837435 -0.27603952412022692009 0.89134881716427416531
-7.2920423110453533866 -4.3325494106880997336 -1.4673479359583874171 0.98065147684862308264 -0.0035304656418393576961 -0.19572995878707591388 -0.016584592912812879534 0.99474460939383269054 -0.10103520851526948121 0.19505802273261860225 0.10232642813146876348 0.97543921895385343745
-3.0346934853572902213 7.2114764486192628468 2.6623706088887635346 0.93351528402924999206 -0.017713754256481140104 -0.35809975899720986048 -0.33777070018834365328 -0.378431333404691983 -0.86180083545548780144 -0.12025044107195825838 0.92545985802064512082 -0.35925462086711651422
0.22542975626339012418 -1.2662836751256885126 -5.5869793513406076357 -0.98102005593914398673 0.0018208323736251179163 0.19389774215997110374 0.048647855359237233974 -0.96566350539625767091 0.25520066715196737528 0.18770465101914846073 0.25978968208025610132 0.94724668649216092753
5.459179924282455687 -2.1134141275828897122 7.257654218178918093 -0.97667807383218430139 0.0064771378834018889653 -0.21461124569844225451 -0.10896038408418276533 0.84631957994617779129 0.52141231602242277265 0.18500695877625175645 0.53263610024529950415 -0.82587602575684804229
-5.248766167988957676 -6.4569177026577309064 4.1347827372149774661 0.98086215180535152314 -0.0054303435733138744751 -0.19462772290837335176 0.19267783025521370566 0.17088795626991812315 0.96626733367632711147 0.02801237019572557288 -0.98527550348650128065 0.16866383532178494398
-4.3320549836304520497 -5.8702332291233041417 -6.0406227420491855895 -0.76352019367126899851 -0.010216237648120320841 0.64570313793915534717 0.64563541484586139951 -0.03352028926640172185 0.76290975960741069795 0.01385008855573799727 0.99938582073980586351 0.032189382584766307316
-5.9234753047082184807 4.7918148570314675894 4.032398348963861956 0.38567516987973332609 0.011288600116778600008 -0.92256556994373584146 -0.69350505724054145595 0.66305142021318363987 -0.2818040981519928101 0.60852723761568483507 0.74848873181963360146 0.26355117039985148653
6.5728943781489004294 -5.1950173778065602548 -5.5608511181470969831 0.35431010339462987169 -0.0010174558084924305648 -0.93512743271513254495 -0.1803416635386615452 0.98115285443316946346 -0.06939712263286848537 0.91757355837266962872 0.1932305385318039137 0.3474488796270486235
-5.6120645045260335593 -3.9385866982461794628 6.948175239393612479 0.98513201203531286509 -0.013272264792472336647 -0.1712856265144196144 0.1073233197970321906 -0.73098550400207373823 0.67390051043647514195 -0.13415149604430473551 -0.68226390782903223453 -0.71869279680755704387
-1.7440572299448571236 4.2836281498506831866 -6.2164681999460400519 0.68880973769998488088 -0.0030781811549335500768 -0.72493563166012531251 -0.38773696933556994759 0.8433736534772401372 -0.37199586453458372004 0.61253668286902851481 0.53731871865875024952 0.57973046040265274748
-2.3621753157351910168 -5.2576672977289833355 -6.5180292443420269066 0.96585241613117223114 0.0051174736884174497689 -0.25904231645907249693 -0.20999768233120674754 0.60107093758413365769 -0.77111263859911061136 0.15175665938918958542 0.79917929118240438324 0.58162047494589386165
-4.0493533514785386984 -0.58873544764532925733 0.77622622554972164899 -0.99432731976523736073 0.010454623690089263205 0.10584839163613177226 0.076938876670972267124 -0.61643269973456649158 0.7836396722694286554 0.073441067701079790209 0.78733819133923832467 0.61213150713991626439
5.4811724974872033656 1.0159513189128122068 -4.5472022014874839968 0.84795209051821918145 -0.0039322260263084064455 -0.53005828904403051727 -0.01220432997139818572 0.9995625790320973314 -0.026938911051781255779 0.5299323603213014211 0.029311912206222149463 0.8475331883101825392
-2.3273268017621289161 4.4273255964768525317 0.44164716602172782167 -0.99691424896828595426 0.0032462601390870178888 -0.078431129019703019201 -0.057521835621483219381 0.64967516900650146283 0.75803259376034326511 0.053415527994534597878 0.76020499641305372407 -0.64748370234132746059
-4.830901563709776525 5.0376944446714126968 -6.7446193219248629092 -0.87086685251867346214 -0.014212842895747066635 0.4913134643797357759 0.063479242636448010573 -0.99446277624860368594 0.083750656177440110928 0.48740261687684327541 0.10412387695756687711 0.8669468884014666088
-1.5433772060648216495 -3.2250851687914341426 -5.4271699240146604737 -0.77103174462343515572 -0.0070173483759465200837 -0.63675804321948092923 0.48909532075187245326 -0.64687005111211182129 -0.58510247324106567923 -0.4077938400731350721 -0.76256796011626948317 0.50218949630843412457
-3.1806198258282267766 2.2452571808519485863 5.6805106415047488255 0.87375599982661067422 -0.0083429679466946859295 0.48629296483995232414 -0.48613176222348380984 -0.04591075948411149632 0.87267869913344431332 0.015045348932958439725 -0.99891070524324354629 -0.044170583266016430479
-4.6468498091013072937 3.9936843818176899212 1.4343492396489043728 0.95416111388362478962 -0.014416399078792940802 -0.29894604227170318289 -0.23910532973279932656 0.56404911586395933831 -0.79036525492102427393 0.18001447176732846001 0.82561538402007950133 0.53474669482249781449
7.0513078074361317249 5.6957719282692673701 -1.6216117541914023548 -0.83385703964000423838 0.0034452778629953662026 0.55196971611071421471 -0.16112541045980344201 0.95490967290641526333 -0.2493714472306124974 -0.5279403749923339273 -0.29687648382826459237 -0.79570303116348617412
0.55716269720857236614 5.767742355725371084 -5.4213018836996553773 0.94394056596237652101 0.00075481258670900700306 0.33011458342308586111 -0.16010879945879760711 0.8755539559861521548 0.45581843149749190491 -0.28868907195546156252 -0.48311975783954463903 0.8265917488813314673
-5.7165215346961844034 6.0624811704886951702 -7.0007561842301804234 0.95521813057870097463 -0.0028757959741613822041 -0.29588858175206206313 -0.27580977548900598162 -0.37084572668568083209 -0.88679333259982773274 -0.10717877942205411568 0.92869003267858352135 -0.3550317344198598013
-6.7761538327634935897 -6.9906446194426195007 -7.1358870621049703686 -0.60371855302992050163 -0.0013593591181313710928 -0.79719637534946585777 0.43874847188022264577 0.83435733607764073216 -0.3336878993253842296 0.66560024575584053608 -0.5512222672172580884 -0.50312058691084848849
-0.11581014260606875554 6.8595666973051736548 -1.3805761807422649579 0.97854580079024799932 -0.0034559049106559244606 -0.20600041863314047519 -0.18605470972862825363 -0.44429911414555178784 -0.87634578914793348492 -0.088497235796175161004 0.8958718401036148693 -0.43541001982683746885
-6.4732187559994915915 -1.2680178038829466036 1.1403348643385129435 0.74437088764226788662 0.006353220439126699981 0.66773618909007681488 -0.37425394648155951849 -0.8241772826291883236 0.42504798592735415497 0.55303342138925160043 -0.56629625055083820939 -0.61111585762315123738
-4.3652040584553555291 -2.4312252055201342138 -2.2461421104785990188 0.83094917410030533222 0.00055007912565009685693 -0.55634806324364893815 0.033936065244697881382 -0.99818752310347247381 0.049699217260060324364 -0.5553123567306185171 -0.060177787708620894547 -0.82946176544121330565
5.253946502199945634 -3.8186487406680491574 -6.4783576181462407817 0.88986880983001970247 0.0018470629001200852479 -0.45621276796063409131 -0.12904621475785243989 0.96017190591975876135 -0.2478245055260433205 0.43758493546776849881 0.27940382860866369574 0.85466538762865962298
-3.6340982530660430605 1.6033761013469731704 1.0158712178628916956 0.9126038892840331318 -0.0013850763713721342754 -0.4088425403834464178 0.059056246101791852465 -0.98906033583197916492 0.13517400593441572521 -0.40455716661566543113 -0.1475050292276088304 -0.90253851180573441138
3.536175436843577824 -6.739350726711110795 -1.9956417808836255379 0.9641741339098977015 -0.0028960085849256507126 -0.26525431689876965979 -0.25360852743852702051 -0.30328613107529928117 -0.91853156587446305181 -0.077787880222961486298 0.95289513370130485281 -0.29315509522913346663
0.74575461003029985818 -3.0354594139153552312 6.4194017594368242285 0.97985188703379166864 -0.0096040990383409741149 0.19949446297582373866 0.19167364539661876921 0.32596952055824124361 -0.92574569149825070014 -0.056138161144810454217 0.94533149368283220237 0.32124270250787601011
5.1466662638439464317 -3.5091622144945282535 2.9059157627979077532 0.6442565688291985726 0.0064198808468867944038 -0.76478249107208773339 -0.6949316262525683241 0.4224931968723125153 -0.58186728162933343267 0.31937988094823599461 0.90634335862663661931 0.27665539560788310336
-1.9882141999578801794 -1.2133110148459473887 -5.975136795890404251 0.97230746389543676322 -0.00022523000057088609499 -0.23370525224003896314 0.22947754578098336631 0.19027012271466489657 0.9545351415136917872 0.044252137072306657606 -0.98173175036435078589 0.18505274569953256147
7.0239756351275746127 5.2772910766993037512 5.092323752390630176 -0.88851862723062491334 0.017535808282834481481 -0.45850533747385713301 -0.31509383702425752816 -0.74971225816232323069 0.58193419201012996922 -0.33354238551268067248 0.66153157550415597754 0.67165873155751454338
6.6166884640773799831 5.5963130472968645179 -3.7364009019440787007 0.99029950277931999558 0.0057836372278578336223 -0.13882883106727128553 0.098707527328215513562 -0.73248519152202817839 0.67358909451512305466 -0.097794267949743093893 -0.68075839601238508081 -0.72595060948723033611
4.4954626157045751711 -4.0001759054802814575 -0.66091534524458350752 0.99805036842986827317 0.0025823838830100693045 0.062360190590935289656 0.059419939439493120459 0.26641455496569987904 -0.96202523651906124424 -0.019097980889678158045 0.96385508049504697858 0.26574169964469418481
