1125 14.717824617146108679 14.977075390850430381 15.033177056927090831
6.7378052111851074457 4.4747938900000701068 1.8480619664981110528 0.84674536602002092867 0.0007893522004286260621 0.53199780267092666719 -0.5287751352001419658 -0.10866392058747866012 0.84177729166133541394 0.058473425739565904058 -0.99407823096859126988 -0.091593281394440548282
-1.2234035023286513599 2.2168718430495166771 -4.6447880686288156582 -0.99929544703135320116 0.0051945550306102712679 0.037170231912475301672 -0.034612669375845908637 0.25536603252818307341 -0.96622469050914516764 -0.014511121978419118383 -0.96683049498293549551 -0.25500631621610730937
-2.6970246311752714696 6.1487165642214556271 -5.0214542114102513892 0.99387624193818657758 -0.0056426235315833401032 -0.1103547756573625277 0.025659835524981609162 -0.95960919790480181391 0.28016380947100755217 -0.10747831665752352603 -0.28127983947691598265 -0.95358799455127729594
-0.23795259807048088629 3.0632861324887636911 6.6877647337909760239 -0.99984823200788264241 0.0016256644997210984577 -0.017345609405603951148 -0.01677720074715664117 -0.35813697834180607815 0.93351830741516517165 -0.004694516567814402408 0.93366763998708546257 0.35810989871144782715
-2.0800693788947852703 -2.5732991569196617121 -2.7287100881760864013 -0.8622770562374738601 -0.0080441384651146492085 0.50637295556025829768 0.46581020066232875498 -0.40498369542428769297 0.78677129040115556524 0.19874389360538050053 0.91428852025869622455 0.35295519046722678702
-4.4340824248104606653 -4.8997807927958509921 -0.49861033417736544404 -0.4403772905519418579 -0.00051488684583122796418 -0.89781266245120394665 -0.82888982875368322212 0.3844752532730503769 0.40635013400916142334 0.34497752644885959494 0.92313515506246457409 -0.16974095479016146348
-6.7880063639379963902 1.3381578564317617719 -2.8732957431879420085 0.95712696739177738348 -0.009065810986289613016 -0.2895268197637927976 -0.1216901758741200934 0.89444842895021381413 -0.43029467698805834441 0.26286777928669102788 0.44707920888771202073 0.85499749215617915077
-5.0133700004070487211 -5.2543388337817766853 6.3600743184486301374 -0.27595570136612840306 -0.0034995351607821018405 0.96116398399926461504 -0.2943586511150746432 -0.95163703594991322365 -0.087976907891843925125 0.91498712307720797554 -0.30720466315170014138 0.26157954725203413915
-0.89755859154214290285 3.7722646669089980875 2.3862316887127565934 0.67768256674424953712 0.021042792122561819468 0.7350534263784415101 -0.32182863291212399082 -0.89028960361724385209 0.32219676089164683841 0.66119034306989576955 -0.45490836724643701761 -0.59656157070351867322
-2.9683797936508149462 5.3137293770939155735 -1.0150089956803611813 -0.99990152826574152378 -0.0058495213850239535791 0.012756052344216737074 -0.0032477562131649553856 -0.78784742253702544357 -0.61586190893852932327 0.013652320367649165359 -0.61584269249656398149 0.78775084401561346059
-4.6452377940533162715 4.2029953936440032081 -5.1426643963418747774 -0.86255161388566914393 0.00075525360982575066165 0.5059685197472396645 -0.48194530372483884717 0.30325157100367855501 -0.82205061212886465505 -0.1540566051840291939 -0.95291023411221453809 -0.26120614105222317303
-5.3066860192571043697 1.3280691676296654258 2.0400887272243277692 0.86841327927751599258 0.00787284896964019279 -0.49577857418765663988 -0.21926566164331701136 0.90289608975864998897 -0.36973128177440067743 0.44472569747936252504 0.4297867719550090837 0.78581319959251316742
-1.9511441610164541594 6.5253604339653437094 1.4348886539844551979 -0.95479058939853367338 0.007006316468779588344 -0.29719663848295468922 -0.17207212385855122361 -0.82825156328656679428 0.53328278811931739689 -0.24241723244607535359 0.5603126443718924321 0.7920123900358047031
-3.5921539952181760214 6.7038733063188198358 -7.2894366678421800287 0.75000000473452721472 -0.005249814997093489588 -0.66141698824633399223 0.65725820112066002388 -0.10632241668358288766 0.74612813964517199494 -0.07424048732325384814 -0.99431784815179569126 -0.076291329054889139849
5.0193721320503703609 -2.0441855893048401782 -5.3631031686170791417 0.60363305726874183499 0.0032363836133698781206 -0.79725570427153646946 0.28066645516026139662 0.93511544948574087943 0.21629941535013785803 0.74622615413833659481 -0.35432840974745705154 0.56355825335605913562
-4.9770911378125841651 7.2420884677475205748 -7.2804384756619375807 0.75031097355761533496 -0.014841485822609306808 -0.6609184316219722799 -0.58853729076724536906 -0.47033480919782894025 -0.65757815096999105986 -0.30109350762734327089 0.88236324580939051732 -0.36163213644419467396
-1.6886955793140154825 -0.82862684093449001654 -7.470858989757982016 -0.98253697989445287764 -0.0001476568537716192904 -0.18606735699020190977 -0.13784758426351217953 -0.67109538630837695106 0.72844287764266457685 -0.12497650440220066381 0.74137100069605699204 0.65935567994397970004
-6.0790405193465693046 -2.113789546982691725 6.7690514082048229838 -0.98982005690684804478 0.0082004289250189911498 -0.14208802873703121894 0.078865716646709868587 -0.79944723429624720001 -0.59553699995387066046 -0.11847554044078766056 -0.6006803413976786743 0.79066217424118367951
1.3160019192062748505 -5.5823201954311114648 4.6816880071270636776 0.95408082803693738949 0.0045726345297324106146 -0.29951438126678159302 -0.29944442795707537641 0.041012853523609879569 -0.95323186078274402266 0.0079251585256555519277 0.99914815561022130019 0.040498827180975249806
6.3379742908700107407 3.5890398546230617427 -6.8645980444639329576 0.98758056950691275322 -0.002786411780023188324 0.1570886840026010367 0.1513598845622718958 0.28497145376406768369 -0.94651014568506341984 -0.042128423630345017414 0.9585319537966348058 0.28185402156702538123
6.9701666922402800708 -6.0568230773286222401 -2.9807969345159297525 -0.51013143799612348239 -0.0059761888712328752396 0.8600756950028463077 -0.85295389084287054349 -0.12508892736041060667 -0.50677649940360514069 0.11061453821260851249 -0.99212753485545335241 0.058714380841615197715
-7.3352761785979216924 -5.3746990946268473621 4.4768659336338627597 -0.99935566950564425071 -0.014665665097752951171 -0.032759183351252274541 -0.028172226204791352144 -0.24500918688851811011 0.96911135790005631385 -0.022238963493406187916 0.96940982902348427075 0.24443815556351253249
2.3465588341339604916 -1.5462334574236065166 -2.6862531213308291633 -0.9609603024732027432 -0.0039655880549994745182 0.27665785942581971879 -0.22389539929406959695 0.5986137187655483638 -0.76911147818808123233 -0.1625612107657077865 -0.80102802061918065846 -0.57613189717054358319
-0.16179937418929635218 6.1444802457623479697 -1.7499806661360679527 -0.96693364014725047273 0.010567050253327540943 -0.25480909128334899849 -0.13792144217535989847 -0.86209055750579854926 0.48762439074313079779 -0.21451576012027800955 0.50664406451499888195 0.83504178371611881282
-4.7640720344185965018 -3.7746486966148053988 -5.5144313730600265089 -0.76949439815709985702 -0.0023059141157947922116 -0.63864939831246569923 0.43876887668516006968 -0.72854090207077759622 -0.52603234393174169714 -0.46406922334638567307 -0.68499842099813790242 0.56161990631818115016
1.5567375754080274852 6.3064913319781483736 2.9396556927706769535 -0.99973100287789917751 -0.0036802327906591183332 -0.022899296304745221653 0.0042178554311407346136 0.94201753156843948123 -0.33553715131599376464 0.022806393406406701152 -0.33554347870920381292 -0.94174860887364963968
-6.1595196833168808226 -5.8521310775837660501 5.226107901340342643 0.70419710495865217581 0.0046478567836745650343 -0.70998932019807059479 -0.69670472970760999321 0.19716698879328337091 -0.68973016327640890299 0.13678068932055031937 0.98035890160567218388 0.142082606505820358
-7.1619291254426480364 -4.9381305127293604329 -2.9606356698868339095 -0.80474825136078442789 0.012994993971287269185 0.59347399442885795384 0.56688432038847980099 0.31346240774107814175 0.76182904002855234005 -0.17613182344310449046 0.94951168979900846256 -0.25962498282288876128
-4.9650247839866343824 2.2296029771328025326 5.6414904054180734505 0.98797413463479644147 0.0044957707252267298595 0.15455386549163926957 0.12295471435124211146 0.58323441064734071748 -0.80294443173585172691 -0.093750986723455984051 0.81229145648738587671 0.57566773594323483731
4.966113387648559474 6.7865998201639419207 -4.2016636732048047165 -0.70175661731271565813 0.0040798035656330854104 0.71240508508894928585 0.073451379513496881102 -0.9942401687690400891 0.078047303947891541465 0.7086201696997662669 0.10709734828105953175 0.69741495043187684555
-0.90336460621130143522 6.33822677369336418 5.1600913917925925745 0.98043639304502794296 0.0062898044174857243443 -0.19673565399585674074 0.18077761360624475251 0.36663915075502251373 0.9126309152951681547 0.077871263066860596513 -0.93034196481397046785 0.35832931068263823571
1.1675030450706700424 -7.4858219377874348766 -1.7652106708733017459 0.99479718818011175774 -0.01228096485716564587 -0.1011322514896488417 0.013108367962109923957 -0.96902488235964678864 0.2466149793855432204 -0.10102833799754759592 -0.24665756682114922671 -0.96382224484155254451
1.0888419484701112872 6.5343902359216530229 5.4578826978404153536 -0.97875029327348861408 -0.0045857335992563145327 0.2050044742547668386 -0.11985400184234266951 0.82398810626390728284 -0.55378571575832968854 -0.16638173475320020001 -0.56658853834417521877 -0.80702821918299183501
4.2712448102059896726 -0.83816609514123019409 -2.7827647944558915327 0.78414800743136270356 -0.010872250777805013075 -0.62047860285800493507 0.11817965139416515552 0.98416513882880329867 0.13210809782315291461 0.60921709795271972165 -0.17692024665686026386 0.77301601140274101009
1.4178966194830184833 3.9895703457212889909 -5.2938700422624433983 0.95790481694586970818 0.000613109488078071585 0.28708532837583039532 -0.14777281669278086174 -0.85629518102898072307 0.49489570375306252137 0.24613320848397091112 -0.5164863861161452796 -0.82015867771922534857
5.3733748884787821964 6.7725811921270855365 -3.0123659823666733004 -0.86309735454163016843 -0.0043411225467247811088 0.50501892166339834578 -0.44092728966942912328 0.49407479651854541158 -0.7493151677831365598 -0.24626425198940710137 -0.86940856339241223694 -0.42834876921955200579
-0.74555313783110177539 -6.9272122027359923635 3.2210124385654399504 0.94265582423304217219 -0.0015500640794842038099 0.33376278153930311055 0.038114257670418982826 -0.99294778241222980686 -0.11225865117991788711 0.33158302188401844734 0.11854239201173233376 -0.93594893070846774119
6.4373606539829593132 6.7887466128071007887 -6.3284163641472233053 0.86490230136174883757 0.0057338910726339280266 0.50190749306244819561 -0.4372783358562439826 -0.48233130062540502392 0.75904161508302081529 0.24643795586296479705 -0.87597011303476757238 -0.41466214558353614583
-3.7854850144442151461 4.7031570014233095023 -2.8664924839342891261 -0.99924518839907083834 0.0021642022957636709857 -0.038786204889169458021 0.003819089218267741892 -0.9881370515717958769 -0.15352713723864164219 -0.038658349923736887166 -0.15355938115121248178 0.98738292898017443466
1.2154119635288849199 3.1356433498241624847 1.5869985174982537135 -0.89489649770151147301 0.0041580940988050069107 -0.44625437662300115882 0.16786730061007529291 -0.92338086840150090939 -0.34523664529692810188 -0.41349828027167334632 -0.38386258234358272556 0.82563229714501118472
3.6020708029409118645 -0.95768093912882978902 5.0184555341666303718 0.99157556071320729352 -0.009772783460274400355 -0.12916036582411355438 0.11528822642736270832 -0.3879696876548611173 0.91443323775334262038 -0.05904686480758545436 -0.92162031996060700401 -0.38357457370370801053
2.918159791510636758 6.7727567117812510489 -2.3330173761962456069 0.98167627538686741406 0.010497553382653866672 -0.19026689600531909718 0.15631228468971583578 -0.61543381245921546796 0.77253329516403712596 -0.10898697168751710074 -0.78811866102444860793 -0.60579766931503920002
4.467625735299137979 -4.2383562432766170858 -2.7563068398600321096 -0.98764487856664617826 0.0015284027443974810417 -0.15670117365911920282 0.15659632216561117368 0.047476077194973625994 -0.98652096479407880292 0.0059317556672278991606 -0.99887120595165479475 -0.047128846744590217888
-2.3799065607413094625 6.2248500518149851857 -2.5975810330129864845 -0.99098318775339588882 0.0038837766014644409945 0.13392997375316056941 -0.067715167777798151993 -0.8770464381167911716 -0.4756092949465265951 0.11561564618613250077 -0.48038990587437391255 0.86940126563682074146
0.053060723425961665856 -4.1121699661913426738 0.204556692037420218 0.99997378201070818982 0.0072406321513800147444 9.2397296192453623638e-05 -0.0053228837560021242253 0.72635083563414981622 0.68730352136594519141 0.0049093991212400831317 -0.68728599346970875583 0.72637033321895749793
2.82514864076344141 -2.0253032632576437599 5.3545267937986258389 -0.46656849119041449159 0.00071544314851705636052 0.88448478289313525735 0.88426114110165976445 -0.022123569887611632678 0.46646841478608785936 0.019901692540199151377 0.99975498788281791374 0.0096895220473865745908
3.8887588417593792478 -2.5909790131641665667 -0.24352517480833982266 -0.96740421044533286832 -0.0084919387111474960161 -0.25309480553650803847 0.061048429770127275729 -0.97778188400904475497 -0.20053846645047107566 -0.24576855542404346666 -0.20945279726141505239 0.94642873101152735771
7.1162546070184253821 3.0169780541858042255 1.7141316385036442504 -0.95433491852691565427 0.003310671852645346528 0.29872044244095019572 0.23198853349182155248 -0.62179189013865365787 0.74803486929825657725 0.18821844651503455426 0.78317551341295899014 0.59262967490818174721
1.637941615506442572 -2.2096415987272508552 4.2711576630716736602 0.95902507176878604156 0.0092253170639450890467 -0.28317098234788523614 -0.11838172441455413475 -0.89499303101220528678 -0.43008515641007261099 -0.25740372771863662127 0.4459847171873277949 -0.85722864685675526086
5.8601682937113901417 2.3707036946507007436 5.9039325311552968145 0.98283963348313763131 -0.010865782371149356952 0.18414176502961743243 0.17537367484668706097 0.36452288058408316429 -0.91453110592340314255 -0.057186790655812828887 0.93113103498058935603 0.36017310653401879428
-1.8306227903070866336 -1.5685459585833818608 -6.6920523638821167722 -0.99303087611792251188 0.0034660792438925848956 0.11780350322007954178 -0.042628386393637675289 -0.94245338483410967534 -0.33160886310266973753 0.10987492775765063391 -0.33431961310912089447 0.93603306380749984328
-5.8641061023788596529 -5.9860229155617794561 -4.0860078897861473735 -0.73699188416482874775 0.0021926617662250858128 0.6758980358824311363 0.33527109496276419343 -0.86711180597293235905 0.36838893689267904197 0.58688691888453481393 0.49810873127940608063 0.63831922755425885008
-3.2302012611626245153 -2.6781752287356495046 -4.7100150328868055638 -0.77447317202268006753 0.011536665529980951253 0.63250155032665400512 -0.28128448677643735909 0.8892785922652355346 -0.36064195934164250401 -0.56663069394105380905 -0.45722039618467463784 -0.68547732712078002226
-3.7246158820035453196 -1.252284818421276702 2.9474027346019360252 -0.99984560812898159998 -0.014083772879464358588 -0.010507485260919791417 0.011581800281564570004 -0.07850622733769781203 -0.99684634431373231322 0.013214454482293434834 -0.99681413493728454611 0.078657222058972214862
-5.420725339899445494 -1.1048796001274063805 -0.43157983763237045549 -0.91984544570536219688 0.01043122072293087288 0.39214225180329131959 0.20349876135103900365 -0.84193031484552205423 0.4997415322672473792 0.33536936375247189401 0.53948543500120982319 0.7723230252153487907
0.49146016528790908984 -4.5667322680128554779 4.6878313240492204272 -0.92791082681787484532 -0.0066415131129918840089 0.37274305865789136849 -0.36920174555277535111 -0.12225196042080642422 -0.92127331951706448177 0.051687218486367383918 -0.99247687553758945356 0.11098685943973948809
-4.1226697288975753253 5.138228173987771541 4.0119225691265461009 0.72729541135892095127 -0.0050104459186704570703 0.68630625820248569724 0.45668235862086742349 0.74999749299246032397 -0.47848195768431073249 -0.51233056510489471957 0.66142169297406838702 0.54775791744403889982
-2.3836503199046679136 -5.9593878428213216125 -3.030657288623917367 0.054030445642929685046 -0.0067001335484704232018 -0.99851680965025169101 0.63321126660785309603 -0.77297294383387538108 0.0394502210612049653 -0.7720907995725061479 -0.63440360679243190667 -0.037521472574587981519
4.3190729508881879894 4.0618482460350131547 6.2363185575004633776 0.73450385180082222725 -0.0010385817633099014064 0.67860372312392069905 0.52611337553851267312 0.63247968922343089648 -0.56848408843110209698 -0.42861265470034620728 0.7745762480659064142 0.46510517967775583115
-5.2668032038684016172 -2.4339886159702164292 0.60233067181527688572 0.99804523996816263409 -0.00061391216035744031188 -0.062492576268151467378 -0.060883696515662590054 -0.23519282410760117275 -0.97003995329405368064 -0.014102286174880395223 0.97194853701214700692 -0.23477045581696445731
1.4294119274854208967 -1.2972680848214439564 6.1975383006003417208 0.90397329663718462012 -0.0021959791947125557876 -0.42758327451176381118 -0.42308816196499288154 -0.14930175140389589927 -0.8937031913519750681 -0.061876378141197667382 0.9887892418018393581 -0.13589388921152878442
5.7608793253646481958 -0.1887338996936790414 -2.9321401968753333378 -0.86902900297982177413 -0.0041527449157819570913 0.49474371819102630488 0.03245083330811729394 0.99733316662142246223 0.065371998397292074845 -0.49369579236350935592 0.072865008519293741895 -0.86657668739474180697
-0.61403061382077395169 0.41925295897751951868 0.67293025477482981689 0.80039493129716454689 0.0027057394664746431748 -0.59946695732777710575 -0.37537474707998785828 -0.77741288006972342206 -0.50470091455881016529 -0.46739892298606394716 0.62898481132360639645 -0.62122166246498367048
-3.4934729813270397614 2.7140918101593047851 -3.6130488790916581721 -0.81832569596738513606 -0.0042142356076634492762 0.57473932833745600135 0.43854928439508567006 -0.65093595566235162853 0.61964256372728043765 0.37150717419200340874 0.75912095336911722399 0.53452576895756698239
2.7923920922487863727 7.4358097720373654838 -7.3679394511040596782 -0.79662132089021409076 0.0099049326401962796418 -0.60439752101787591609 0.29291136623729724375 0.88096108932636030264 -0.37163219804253738721 0.5287697066135470525 -0.47308503612177654762 -0.70469365398407568524
-6.8661431126377152623 0.020391114434197759459 -1.3939438595561626233 0.96855564501313562431 0.0045726012153619686323 -0.24875500765092301014 0.24101580504712105668 0.23085224105272530992 0.94266570135901706085 0.061736085320996170189 -0.97297807483996401334 0.22249117207240015626
-5.5073293870928594629 -2.808364080837616239 4.7973249786616189994 0.96768271815353312792 -0.0059274427609386018401 -0.2521012146130701681 0.25191301909737018327 -0.022477021719151352858 0.96748881869703673431 -0.011401219070967113026 -0.99972978795118017104 -0.020257425471762891683
-5.1400195018833914062 3.4277719502580197286 -2.6722545785031277532 0.90782934868875198031 -0.021152453653417051249 -0.41880597818547904421 0.33688827144870414632 0.63150073312256982394 0.69836460149843193612 0.24970415739384252407 -0.77508670338880680806 0.58042091279524343772
-2.0447118576281511082 -7.0526032297662197834 -3.5358698987943992798 0.95650468132512322939 0.0040274688812580606428 -0.29168917377508596367 -0.28897532569077410969 0.1498468089888211896 -0.94553645883055215116 0.039900573242753110959 0.98870102322698716346 0.14449301341097803286
-0.5970053163132753582 -6.7726122966646071788 -5.1684486817374653 0.87639983873357174549 0.0019917338981265304831 -0.4815800615305627641 -0.064512579573283310164 0.99146393672195820557 -0.11330220322935234678 0.47724359581296715849 0.13036600467877865195 0.86904732614484869746
-3.6361887533608947543 -2.0354753423365115061 6.2342408708049914523 0.82334700513104430719 -0.0064382640894776596227 -0.5675017690696070316 0.4518332713544048751 0.61252497741774536433 0.64858295301110024944 0.34343325994847651028 -0.79042501275887599999 0.50722962765023127396
5.7027502245440171436 -5.9380150757661533945 -6.4422221771673084945 0.94890704064718767174 -0.0013137645447888646622 0.31555301017880488246 0.23316212420987972309 -0.67089717899802536749 -0.70394062181870786787 0.21262843658393382196 0.7415492223954707196 -0.63631273656958009521
-1.2283601015381246935 -6.1558939234892378067 -7.1069854770245397546 0.79293952268432577046 -0.0016474731958937699483 0.60929812013257778069 -0.51110222744632316516 0.54258586787785778593 0.66661464811280968235 -0.33169477907327654664 -0.839998727267645795 0.42939575187029177528
3.5877267341207250695 -6.4019683620667624524 2.0018592815798363915 0.957038484400439593 0.00087009710308628106235 -0.28995962185711821046 0.2738935828675967965 -0.33096980257864050401 0.90301788190768239595 -0.095182165558750905787 -0.94364094480477533899 -0.31698915225512286353
1.6501464034139179393 7.4736602897839148341 -6.9864356846149631153 -0.77929546581799924443 -0.016330759338607517273 -0.62644383886744603451 -0.62280672139081516558 -0.090456131830877681277 0.77712899573028870748 -0.069356793077626849309 0.99576653614879206966 0.060321146709780476547
6.0896418623491666011 1.7218192413349466818 -5.4511889395799828506 -0.94623442820737391212 0.0017897881102886033927 0.32347674341996202063 -0.32079567908388828545 -0.1337899799456063743 -0.93765152031388354636 0.041599749472437871911 -0.99100809175532700301 0.12717084146596085992
4.5705150343210796393 -3.6308583238024492168 -5.8174197933376952108 0.45668749858157248189 -0.013080149397281071871 -0.88953102156758412367 -0.49828939236481578634 0.82456751350589763128 -0.26794793734521116235 0.7369831816914521605 0.56561234548278316314 0.37005197545934243042
3.4614267744510822666 -4.5690148845011320233 -5.9155230270217042943 0.96844133977914037548 0.0064924999627869548618 -0.2491570164597531889 -0.056623066637731110651 0.97925308150836487542 -0.19456934671432407624 0.2427245346713927665 0.20253703315830492993 0.94871679149686627408
6.8831177131964027538 -1.2011432028004169759 6.2901862275120503654 0.9847056416438996207 0.0051816025506088913763 0.17414921851616832482 -0.16858257071400220561 0.28068682874737860278 0.94487820433070857096 -0.043985408560505784292 -0.95978542141599765269 0.27726743168104162063
-3.5425755375560381566 2.3335551077501013317 -0.15986641229084222471 -0.95885912268227735389 0.0056033023530875237378 -0.2838270350964906541 0.24185546159584964121 0.53963442814803552761 -0.80641218967322392253 0.14864426845731174009 -0.84188080329704351179 -0.51878858362026325501
-5.2789209177132363493 -1.3088976340095606066 1.8365095812824723254 -0.96528015240158793198 0.0027299135357839671503 -0.26120255540782899573 0.21326407526494439715 -0.56918320885231077355 -0.7940710981782241884 -0.15083985408677885731 -0.8222061921030453524 0.54883906209969002266
1.3626453183009168413 0.12006622438065545078 -3.0217943030485545641 0.89707229529278476043 0.010299233653095467983 -0.44176376357084906621 -0.15753151531439346655 0.9414954678409483968 -0.29794312497136093976 0.41284999539894756682 0.33686823807102650452 0.84621195422776041006
2.4924795588527128842 6.4710718012725179094 -6.9941891960081523649 -0.99409038790005010977 0.01455084415701539749 -0.1075758970181429075 -0.029582978600172442352 -0.98978116853924080765 0.13949224273150856446 -0.10444686717217732674 0.14185031314538215641 0.98436240308054034909
-1.0961657821451329387 1.9778803622701359721 1.934277732975161701 -0.82483155376015615534 -0.0034543446327764725304 -0.56536800000063136551 0.40595034107207667029 0.6923960569899224593 -0.59648304321934797478 0.39351903194765702754 -0.7215093677617511192 -0.56970782312258516633
1.4306888852565480263 2.5987721479810410585 -0.26844689885168376842 -0.96241690538306501335 0.0083086093233070944242 -0.27144919827455454842 -0.14716255156110544244 -0.85601591531723253414 0.49556022453532155847 -0.22824741762129108213 0.51688269436559275416 0.8250669043262885971
1.9969900117183567723 2.5820292029972522485 -1.3737911470448420648 0.94878272641462135795 -0.0093285560408303408453 0.31579157065910201663 -0.18266391175718735274 -0.83175144349122687171 0.5242360456815501335 0.25776972940729581119 -0.55506982830317297406 -0.79085539279248173727
6.5359252420276359175 -2.1000680860519445048 -6.5311331441164153233 0.069429783086090102184 0.0024709285959321493874 -0.99758378080873444382 0.93033448368393856232 -0.36110981166793904018 0.063854932352751359037 -0.36007951023245349242 -0.93252002575227521675 -0.02737056597387514667
3.1207338287227153195 6.7042176348651434381 6.8372232448831491425 -0.83734402903211380131 0.0036782192670160736812 -0.54666392577819600263 0.44613307888774805798 -0.57332428705063021024 -0.68721505935192994663 -0.31594343317501372148 -0.81932028693363345706 0.47842869317454611577
-3.8632544258312706553 -4.0249632916604403121 6.0363300030886222203 0.75663783199088752163 -0.0073762736629203896205 -0.65379261374459229916 0.65317689574044368594 -0.036299058735290989919 0.75633479439050033122 -0.029310988911168546489 -0.99931374899068325934 -0.022647229571513757818
1.9961500502856925898 -6.0823522558126779103 -2.9121828087840002652 0.84575847218722544074 0.0044160878207908232929 -0.53354765943821524932 0.44644760591831700314 -0.55346258626646238632 0.70311002039003034358 -0.29219367189144557218 -0.83286233182417490628 -0.47006722320866439757
2.3767511721449090523 -3.6768022662446635529 -4.7603560596904426205 0.91479791118461539767 0.0090584786279245387702 -0.40381025947498144779 -0.35155886595425001051 -0.47439083047533525672 -0.80706858675703352368 -0.19887469789112652285 0.88026773422971571481 -0.43078715233021219744
-3.3958332223006717498 2.9406792900664791013 -5.063675466761332622 0.96601422091106570189 -0.00096045432634541435916 -0.25848714189490645809 0.076885450739480859506 -0.95366568454218891837 0.29087865097214965493 -0.24678969277931253612 -0.30086681381348573394 -0.9211807682988640833
2.2741858497901712433 -3.2127767063722583174 0.25950428964065991311 0.99435807942761289535 -0.000427972632906105713 -0.10607462805157365227 -0.039526159423006565485 -0.92947019526326257743 -0.36677355253432403215 -0.098436236204620983226 0.36889696794200094176 -0.92424311436175332624
-5.6418864795169545445 6.9882279066538854906 0.21648824661579960105 -0.89664098916934509287 -0.0036844573110228788157 0.44274299691304963567 -0.33525834602399662288 -0.64750605782638492869 -0.68435206326812203503 0.28920023852427012567 -0.76205139580760816731 0.579345227118491235
1.1334243349906840681 4.1291959149389532158 2.1296604388680484554 -0.99986030368042644323 0.0010873193088609192647 0.016679054555844924357 -0.0087326160067222081962 0.81687587894173363523 -0.57674737955261035083 -0.014251825912389628342 -0.57681246184517454001 -0.81675226924591359801
-0.4898392800582571649 6.995472614047620219 -4.5698472455463194919 -0.98218658038245110209 -0.0075252857258380420613 0.18775753351448359885 -0.18100012988950936466 0.30632724234035529909 -0.93456009629146030715 -0.05048241571751925505 -0.9518965230921327958 -0.30223258432603633539
6.0437852164525489584 5.5136799658964275039 0.3601457215220865149 -0.99860466500444089455 0.0065612612148009015478 0.052399168720849341463 -0.051395152399213078764 -0.34876791949976743146 -0.93579884410996905242 0.012135128397574789297 -0.93718615449604003587 0.34861848843646209284
0.94922389353882519192 -5.162525519125345852 1.4100279479440345209 -0.97004033979539250332 0.0072657756407210763797 0.24283522741565116698 -0.21122727724096126978 0.46857836126610613592 -0.85779796963072441063 -0.12001990051255281844 -0.88339205784158381096 -0.45300518277763968111
-1.9498841545346445869 -3.6079442285154974535 -4.4846074765695780329 0.8523237150892108982 -0.00076716041220507326381 0.52301404967882281216 0.35566054787979878293 0.73404266162844467036 -0.57852134411029476624 -0.38347080642249792293 0.67910292472810862563 0.62591481708563778685
2.3632519635591622276 -4.6773086232598171108 5.9463802464013300053 -0.82862182464779310376 -0.014204279500671811512 0.55962854659243432831 0.45895541738280104527 0.55516656245725470864 0.69364977674922334572 -0.32053985176924981726 0.83161789685718245924 -0.45350399893995740896
7.1546619950200369686 2.6582746552220846148 -7.2232036765711233883 0.98699469444175402799 -0.007548807800582015004 0.16057549204195428749 -0.02821558704931547909 -0.99152466728406918328 0.12681764394085223713 0.15825723930111712523 -0.1296990735049179666 -0.97884258006117152995
4.9986194616983050665 -3.5107316059560336186 0.44037550493556770759 0.98726817647698039693 -0.0079649224868519365172 0.15886506137450043252 0.15805789389995239524 -0.063064969146627652963 -0.98541387845029593251 0.017867565353389493199 0.99797763986786103274 -0.061003118215617262166
6.2088318927907621969 2.0087999427310294642 0.3328946450036556759 -0.71935604620037774115 0.0047212397727356544483 0.69462550247595222785 0.052580964169267642438 -0.99673788909959937232 0.061227629713569334258 0.69264862737323373842 0.080568544285717802467 0.71676117966147423477
5.4562028334897068049 5.2502278397051638237 7.3385612416461478702 0.97629218026401154429 -0.00060570357969206602144 -0.21645602758645007824 0.20686240233158739721 0.29703366881520670839 0.93219040227399552201 0.063730096947535896934 -0.95486681412295704163 0.29011694543697053028
7.1513244003305258545 -3.5696172947684936538 2.0976029401844327182 0.99873388442493971073 -0.0014942765803194041872 0.050283150646469904066 -0.035089755940100081366 -0.73692768681444698053 0.67506021467297405714 0.036046319222494668799 -0.67596993390524395817 -0.73604708499307047731
-0.86820400870283143124 -3.2655407724092135879 2.2099838478160220845 0.73248709531498101821 -0.013150010617660337978 0.68065390061153674406 0.65108842657900323214 0.30558738059458079306 -0.69476630142536732748 -0.1988630583388817652 0.95207322724786136448 0.23240063249926970479
-3.8154199481703963137 -7.2799479904946808873 5.5244406703884187948 -0.73049577140366461769 0.0024081289715993737036 -0.6829129731350682686 0.011373772236899528515 0.99989798559836007286 -0.0086403530878733838388 0.68282249909221348627 -0.014079038008127275211 -0.73044863982509611322
5.2484612371864143299 -2.7051907675280282284 0.91062095516307972609 0.9969354745409780838 -0.0053209833391542633169 0.07804708026493598072 -0.077918279133230100575 -0.1562690551487845303 0.98463634108218955898 0.0069571099241189301998 -0.98770019213271176284 -0.1562047665159871368
-3.8978167407772588149 -7.4846723509969255161 4.0874286827082126905 0.95443116678943840103 0.0042577680543796981097 0.29840076955677408144 0.25542771201171465822 0.50543113927829175225 -0.82419418062994953544 -0.15433026857147008615 0.86285643931020039599 0.48131168004063512589
5.4322236305198376982 -0.32627692531668522902 -6.4110881647828419361 -0.9146898909418403889 -0.00087722784613887094633 0.40415545756578374892 -0.19754626573897390851 -0.87143087482523928777 -0.44898073822151945977 0.35258740235790736461 -0.49051754389887908259 0.79691571877200373386
5.6476270923855977912 -2.2837326392054615454 6.7812587954461926998 -0.90916636646911352937 -0.0051959232782466278563 0.41640067298525623718 -0.39773935466250909254 0.30706337878994099944 -0.86458977969824979404 -0.12336905541478207504 -0.95167488344890094343 -0.28123831954176853332
-6.4411080708020893582 -3.69075850865020616 3.4648303987704589524 0.95478347441203592627 0.00051296611114506679083 0.29730162101055818136 -0.057082745418483314681 0.98170927422390752426 0.18162725863209897015 -0.291770589959355231 -0.19038549778935373591 0.93734907321993787832
-3.1498241232572805615 -4.3941770958440740102 -5.9211989321392870522 -0.95363907091173361064 0.0062583692988036915966 0.30088761231444760558 -0.031093033733619521858 -0.99648242215840365787 -0.077820341701234280185 0.2993421882792194344 -0.083568027037762948606 0.95047916293476686356
-4.6164821691377539992 6.117462697687118478 1.5399914677598334212 0.93413497846090376431 0.0093854642653621259824 -0.35679651774689508104 0.14768162474140228424 0.89990443469813330424 0.41031956585633311274 0.32493380822806483543 -0.43598614825621484492 0.83924614911201977918
-4.595714763304028061 -5.2868861223666243632 -5.6155192619595108994 0.64649186519809331841 -0.0077557014940608489176 -0.76288145692973940992 -0.10019969699669319108 0.99042340058859756891 -0.094981620792005783116 0.75631229591656101707 0.13784533601409210135 0.6395235526426170658
-6.4859247476963020063 -4.0553063966360465287 6.8286187860922602511 0.99160494533329779365 0.0067783364824111061106 0.12912662988309275836 0.12835575180783942439 -0.17234513579234742031 -0.97663808810968455454 0.015634364978850213979 0.98501330362761385651 -0.1717683274310543573
-3.4225056883127749074 4.0591367727353224737 5.4739542774051406226 0.94458850942537297968 0.011359876165776034915 0.32806020952725700734 -0.283193815601458454 0.53358011342895739215 0.79692755339376220025 -0.16599340549136909484 -0.84567323226328883212 0.5072306906789788572
-0.77738363870743076856 -4.2546040419697082058 -7.3405264815940700629 0.99990012866011879211 0.0026671262266003302119 -0.01387872987760706972 -0.0098931547735030857249 0.83338624607036160263 -0.55260247045179555769 0.010092482051074571497 0.55268458572542000784 0.83332940096197327673
-1.8272354975848752456 -0.20216182132476487321 -0.48318373431986672006 -0.98474519739921406725 -0.007450560781705518193 0.17384299049207874166 -0.13370929416521759592 0.67174487630330015353 -0.72861556791910675468 -0.11134954356894054273 -0.7407451048128600446 -0.66249375004040012005
6.4498480161278406442 0.47625594591004999367 -2.1313602722487443586 0.52898611223981673035 -0.01222224249120407516 -0.84854246201702687724 -0.84863009037767400677 -0.0085778343427982718661 -0.52891718677271060134 -0.00081410255757110878277 0.99988851255856925349 -0.014909717990297628037
-6.3931795015452674846 6.4463520054279026539 -1.102177330394866539 -0.95012037579982355773 -0.0018647645769524785059 -0.31187785131884526724 -0.029256897068807626722 -0.99503968988939694995 0.095079174999812207658 -0.31050814073715665709 0.099461239675663462578 0.94535292686808891638
5.3868934373118806391 4.596438901114794362 -6.5626055870857129548 -0.99890199259195877612 -0.0030163879448976277375 -0.046751583923783660013 0.046563156385572512797 -0.17395149528792480664 -0.98365275872861990258 -0.005165429607188527783 -0.98474960202626848904 0.17390094780109538464
-2.854220675537005647 -3.5832288849846594125 -7.2370032475062124888 -0.94234828293560268797 -0.010931072880584147278 -0.3344551170097566084 -0.047177978818495003299 0.99382338865644215264 0.10044555975252171531 0.33129134000594351317 0.11043361718723536391 -0.93704346976649299794
-2.0277048192848274866 1.0633013700833411352 7.0570552198894320739 0.88603505500779022874 -0.0062060178224176316963 -0.46357671063172123382 0.46105789343601139008 -0.093146080507880549271 0.88246780484419828916 -0.048656964534719807092 -0.99563311165756551713 -0.079669359062774322555
-1.5331401152700625534 4.2785896806354024591 -0.94315625582156914497 0.98353635816159867833 0.0047310060189928743873 0.18064841476251142227 0.10161429978317125522 0.81216781326270237606 -0.57450672509516298447 -0.14943482276141090148 0.58340471431251417211 0.79831583540855377557
-6.2537764038740775163 6.0567508824691413949 -2.1905270926562829814 -0.99627596501873383339 0.0040221427005399544227 0.086127950713903250746 -0.083085566334737112615 0.22217963758342432201 -0.97145921031720783301 -0.023043224447092711116 -0.9749974517974197008 -0.22101805083670603147
-0.81701555049057250635 5.8212341778750582577 -4.4340019518754942851 0.96466368639758981463 0.0012459974750519174982 -0.26348134589778976489 -0.19690049554860653003 0.66789401555241334485 -0.71773795973318310626 0.17508331444927741072 0.74425535367887785121 0.64453844068598498129
-3.2709798807741647941 5.6186900002359765338 7.3580073471293943044 0.69046253587127348617 -0.012357293369792056448 -0.72326259675084247913 -0.70791221640044454944 -0.21712617949774695725 -0.67209859101739810594 -0.14873392494353668281 0.9760653254149438407 -0.15866537143821454747
7.0751799417082059662 -7.4710639812526391523 -4.986179298514790581 -0.99997389647919510125 -0.00036951952313511119558 0.0072159417690878116872 -0.0060853236551738493221 -0.49536817920827658224 -0.86866180753148525273 0.0038955354323058368447 -0.86868304374101001919 0.49535299970873342135
3.9323954885509575519 -6.4809145016730074218 0.34527212727004247261 0.59156456699593162885 0.010178147470447576964 -0.80619338150905106577 0.30916447448587219826 0.92062187215654611716 0.23847997027608164311 0.74462654451116716547 -0.39032265348183059483 0.54146055755527444653
7.3197177049121657788 -0.72391037201366326137 1.0963064741157111381 0.98976256597463174725 -0.0055995050096280338942 -0.14261384413430996942 -0.081331993655670106746 0.79898341364317626567 -0.59582766932313213637 0.1172824360384211867 0.60132699113431631321 0.79034845475281034766
-2.8207997067876755537 -2.4046129908060063229 -0.97426272921682577355 0.79779980798857541568 -0.0080882813643620658089 -0.60286818300349009903 -0.46011742921501641579 -0.65433640266148096476 -0.60011317556322263389 -0.38962471393112035889 0.75616033475492405724 -0.5257510156314165739
6.6156457005193454179 -5.5370493716053879041 -4.8436496533573647483 0.92115621516488643827 0.0084470143814014946732 -0.38910136881162554756 0.28778522592833177818 -0.6878463976521437262 0.66636851439308608658 -0.26201315043419221018 -0.72580712395582225316 -0.63604491021819831165
-1.6999216621804935645 3.5155651849428024569 -0.060883103424840302742 0.99844446114936480363 -0.0052519772398545768594 -0.055507429550566159127 -0.046183731990280481317 -0.63565634277006577424 -0.77058943465096874093 -0.03123653149261243836 0.77195429309728547107 -0.63491011054248358558
-6.1101448314014161767 -7.0591921717574228623 -3.8752783322488491002 0.99784256131045567795 -0.0066423123267071101927 -0.065315408017024484399 0.05544672839838902384 -0.44746450501041801218 0.89258118794071605873 -0.035155129745130998808 -0.89427702444085077627 -0.44613083328753749823
3.9974456257030444029 -3.8400316977309376654 5.8380908960965003374 0.99323234409445482207 0.0019102617161546714929 0.11612864222438940009 0.099995009702663603668 -0.52267761823189917703 -0.84664579691519681326 0.059080527073322883225 0.8525282741936501818 -0.51933133260092079198
0.57713996971607794961 -3.1280490967484735343 0.87479297053788851457 0.81079650902526934075 -0.0023607563105447508175 0.58532337026825964621 0.09222769080040156553 -0.98698520079449847398 -0.13173559299756149032 0.5780164997663694848 0.16079378172814165482 -0.8000264281606506156
-0.0686441336963425075 -0.46824965001524460062 -5.4831719774693441494 0.86129764233076255842 0.0094304225087828708052 -0.50801322664545967012 0.50180322671438515325 0.14114025705376598285 0.85338909619112501836 0.079748937136920938773 -0.98994469288438480259 0.11683155419417509679
6.1263310892177393896 5.7002129962372469762 4.0932856714064849157 -0.97403172036857776916 -0.00082176502379469051895 0.22641009787111807117 -0.182195062621660131 -0.59082297352067392193 -0.78596003277294768097 0.13441416172436942977 -0.8068008048225907558 0.57533059580167156266
-4.5012211054972537383 5.6498261991855986963 -1.7693004187845262631 0.91841750002067867875 0.0050035661606166294615 -0.39558091458195571155 -0.22154080236396708758 0.83493494144627666831 -0.50378896022050434489 0.32776358636032804084 0.55032591060005653372 0.7679273556649109933
5.0007554720212681332 -3.08109100854132123 -3.7902029254130167324 0.93856496390222299286 -0.01127120601505202796 -0.34491849537284369198 0.12699199031427688134 0.94061648716183177132 0.31482321781514366332 0.32088758612844620055 -0.33928392828788334068 0.88426103220396079507
