1125 14.717824617146108679 14.977075390850430381 15.033177056927090831
7.3123549036286075165 2.903463644745229999 3.1509773569704080387 0.83374038576571796177 -0.00064996799713521943853 0.55215627016705715047 -0.39370736173420373127 -0.70182711875084358155 0.59366085326742712436 0.38713238363575447343 -0.71234701720969273442 -0.58539750991345929076
3.2172836625047604997 -7.4637882913830155829 5.8416777422182351032 -0.88803236425851772573 0.0068450704760103769225 -0.45972999145106224761 0.42485233488663304291 -0.3700562405738215821 -0.82617121249395220062 -0.17578115249018350097 -0.92898413539882795931 0.32571377405121104687
1.0027390679951160291 4.847942915348507853 7.1396462908439177752 0.99697122493009504574 0.00038711224111084396697 -0.077770346568702658496 0.062431026877614953507 0.59232281703257805283 0.80327831248306424961 0.046376109628967758514 -0.8057006457529867216 0.59050463663632202227
2.084183691711977815 2.2242297868064095923 -6.0312295925203764924 -0.74871070820856888695 0.013459061079534775929 0.66276023499352298973 0.6586857705763026205 -0.097410082718981688688 0.74608600806133673622 0.074601146466744303054 0.99515331957416686137 0.06406668000086195025
-1.7800820731404221053 0.42326728972263311102 -6.017043056177706184 -0.65094020098668115004 -0.010185650979120499174 0.75906067429000623203 0.46279243026720334742 0.78728550259204665984 0.40743674833748999564 -0.60174747297082520348 0.61650449302708376642 -0.50776194112065398123
-1.3863081765112517107 -4.2034656979011097988 -0.53526471233869754585 -0.64881833523823895238 -0.0015002164103060894144 0.76094186191155444021 -0.72361369783020801361 -0.30814931823806845923 -0.61759793877717628074 0.23541024652953207452 -0.95133682101565597566 0.19884735051982962983
-2.0068467074397249306 2.157200290310378854 -1.5509969178919302824 0.9999496673581955708 0.0015553719108860376581 0.0099117893646379958555 -0.0079956892359780307872 -0.47322794129282919062 0.88090373170590341445 0.0060606685960663646273 -0.88093864508147012859 -0.47319168621001889141
-6.2688855136381045341 -4.1256081573473561974 3.2170802981613553229 -0.96907999301849023777 0.015574087607318062507 -0.24625477645443097363 -0.2139302175071093326 0.44427793804750043138 0.86997182471712886098 0.12295458173155413006 0.89575362771206279433 -0.42720909315194377509
-0.033331550643138183054 4.4417813463115178862 2.5604169122475077813 0.89228122867177950273 0.0025839386510830772425 -0.45147262621460554355 -0.035182160791749524098 -0.99654484457579506351 -0.075236881324939663962 -0.45010712560684951189 0.083016239438602743017 -0.88910734979942118716
-2.0140415878351101142 -6.8633964755727188134 -2.7231245434923141424 -0.95099517465814120687 0.0016815916501961053649 -0.30920114816484645104 -0.30451291168611394067 0.16846558627619004356 0.93749199082294265573 0.053666231406701105089 0.98570610147763471076 -0.15969789327496908271
2.6936310419546516393 6.9917116198568356467 4.2644613924914134273 -0.99769455474380119853 -0.0070292511062628112994 -0.06749937083745762012 -0.067320456694513350349 0.22818693782632026856 0.97128712413786566504 0.0085750536447394345996 0.97359196331643538258 -0.22813407772762808734
4.155481980144907439 -0.35071669189126480903 1.6478839506116087499 0.91466062532057468282 0.013854061737637738197 -0.40398515500141896073 0.17035659726019919402 0.89311076573005887536 0.41633134629385476488 0.3665713713017302311 -0.44962342589137077598 0.8145331206473599428
-6.9065206351618728675 6.7541451314877134493 -1.6341912953809929476 -0.99690541151498657246 0.0016846625326998160808 0.078592381337392075435 0.069407876336734203315 0.48825128735098688448 0.86993863410166272221 -0.036907278341312403647 0.87270146230674838783 -0.48685727938805928305
1.2651206098341969408 -6.3181308348937692543 7.3338012447899307844 0.87579286742156881029 0.0033264125860575284067 0.48267565543844376252 0.10323262759613047179 -0.9781295950746593526 -0.18056998598549664492 0.47151869313230571068 0.20796978198415266847 -0.85698231709204564233
1.1011730200448521799 -5.4327028933677130595 -6.9008784050540246113 0.97474073419396933815 0.0037687039675777756972 0.22330763079983723118 -0.07454548532066396227 0.94800796577886181637 0.3093927397954327474 -0.21053140317150753624 -0.31822428205627567577 0.92434292045127242066
5.2485108072595343387 6.5076607306968279332 5.0798733460464315925 0.94030246677082962581 0.0008568127446735539221 0.34033885593134383107 -0.059620421424569129687 0.9849481635530512591 0.16224216610525904469 -0.33507711997969930051 -0.1728478550208104314 0.92620027136717308913
-4.8347995794787266277 -2.472206901995642081 -7.1128954453413859582 -0.87157700971018126079 -0.0029639995850988531956 0.49024966175523793099 0.42905648744430024966 -0.48842987626149875213 0.75983339394710358583 0.23720043576394655993 0.87259811521782693067 0.42697597425591882203
4.2088084927061757412 -0.43517939995960963628 3.8851398780100212527 -0.86859325182443813951 -0.0034303741677687168109 0.49551387005630570526 0.23466130540531987547 -0.88358783131612816941 0.40522415537043482425 0.43643995535532242869 0.46825289842492057168 0.76828340375557990782
4.7365077170925395933 -5.3194380966631102936 3.3651774463804335902 -0.9998481193445739601 -0.0054802267810880713264 -0.016544042958561731849 -0.01293150423148510357 -0.40311941870202572247 0.91505601493227972654 -0.0116839394596567267 0.9151309749865530474 0.40298732508471213354
-4.6935160758065288533 2.1448432482120582954 -6.4840740625071449088 0.79456100415097608014 0.0014705020428421745199 -0.60718254940848237489 -0.59392051107188270631 -0.20599305443085844103 -0.77770514210346619599 -0.12621900495000187847 0.97855234870202278952 -0.16280068685183135546
6.4523099834582327006 -6.9419199036896381827 6.8197348413076870344 -0.57038276673260490668 -0.0023706845696817332829 0.82137560182243607443 0.15110070679867768084 0.9826268326369282935 0.10776402083599027903 -0.80736118052540739587 0.18557717434121789868 -0.56011519935108944335
-6.2563413157092284678 -6.088109440175573539 -0.1659405278031652331 -0.98690557039181026067 -0.0046185010872579019756 0.1612329512754769878 -0.09812196920082573437 -0.77617389583096285666 -0.62283718786756314678 0.12802138215718325553 -0.63050198483297692498 0.76555716496687631345
7.3042489056809722925 -0.973571267957984543 6.2657262794653458826 -0.99700964256663326957 0.0068367266048552878185 0.076974228145170076054 0.041561772226983102752 -0.7923102944136356518 0.60870108957967350438 0.065148996297525879617 0.61008004108929092535 0.78965685696127552173
3.7550001634800165284 5.3772509843308222699 1.7244607678668486539 -0.95940058685205964473 0.00066006003995547086333 -0.28204623427516428702 -0.067692182283700025325 -0.97130830383580057941 0.22798672627434751758 -0.27380336448942260708 0.23782292408505598114 0.93191843761884018971
6.8090804387458980784 -3.1481527883080735464 -4.1260613598132058755 0.75968220713577516712 -0.0012164990430681222114 -0.65029336786663938241 0.59080387459602612399 -0.41655516671060488498 0.69096495920485434539 -0.27172362047420639541 -0.90910962662199235051 -0.31573083609253954629
0.049946013883310540205 6.7997883467136173152 0.014401657263599817321 -0.81447188957868921211 0.005770559566949539157 0.58017432012137848396 -0.32795527543626740163 0.82030537649173851378 -0.46855568144264325703 -0.47862394256822432537 -0.57189666019389284735 -0.66622318457060325514
-5.8826742940426655082 6.9808780240407957152 3.8579646650583150347 0.91624725158423581117 -0.00069036870025055655647 0.40061265251555633338 0.36884694333985279524 0.39171054122648507612 -0.84292039023916387475 -0.15634227308480183605 0.92008824320448689971 0.35915834720018724457
3.2913326398139672868 -3.124990189508145999 -2.2498163714251777634 -0.73445332066495638834 -0.0036839442061994782593 0.67864920858953448057 -0.67504224345589236567 -0.099138409249402967283 -0.73108791903676340063 0.069973490081509145955 -0.99506683412056484705 0.070325715916945072403
-4.0118509822937413745 4.3690738081442654916 -0.0072723096016683082959 0.29002242916907633452 0.0025780628274216250279 -0.95701637612483159145 0.81499021646122193907 -0.52486899183771384969 0.24556768614722535027 -0.5016751315855646487 -0.85117912039671417279 -0.15432487599007557733
1.1038571052521393145 -6.5398220256201309297 -4.0675085791482423758 0.99722029175708437609 -0.0021550529604745885005 0.07447848987807997867 -0.066333541073560847723 -0.48092494403406577108 0.87424885446555578028 0.033934510994394692651 -0.87675911968602349145 -0.47973106529703496426
-2.9372870799323331781 5.9720251829090642559 7.066541328778276565 -0.99229612745666695428 0.0052914674486467085449 -0.12377558647261259483 -0.085442178306278426803 -0.75269364540030225807 0.65280311759385234449 -0.089710810946565799906 0.65834966130939498452 0.74734710399717663165
1.4230110056162321719 -6.2959240959737865495 -2.8037623804326692323 0.95331603340876092112 -0.011036246796654450297 0.30177266559887477859 -0.094725926730901813255 -0.95982073519959798524 0.26414230082650813625 0.28673252213691891033 -0.28039678589025668343 -0.91605791476930342743
-2.6964092668549577425 -7.131935856037504351 4.6055437024150283065 -0.95914844983553404489 0.0091972729620344428197 -0.28275371146671235412 -0.27658318881958326996 0.17959598554973665863 0.94405880200163316829 0.059464197973010321507 0.98369745966154953365 -0.16971540005242710669
2.1167168931971067636 -0.39542086764041994851 -2.6159916204215454272 0.98637184275003630951 0.0051746754287263010963 0.16445002451878132366 -0.097371740902301717746 0.82403635303373723442 0.55810647098251764398 -0.13262477861871818652 -0.566513293412537422 0.81331012318994144739
-2.0899169154644310353 -5.2323988607052500655 -5.7272869342979229046 0.99974713377549739857 0.0018899300141954605142 0.022407513745527005145 0.0077032447186185758203 0.90738728810082847076 -0.42022490337181367392 -0.021126488788199393465 0.42029125324895905136 0.90714328190975290767
-4.9872611322007323054 5.0268978047604528925 -3.8518725667204374297 -0.92562712102571187422 -0.0026159151660067802778 0.37842778678275845738 0.14065394764771121938 0.92596431081091379323 0.35043767222647786985 -0.35132734000150922515 0.37760197575254311753 -0.85672974039369720334
-4.877107580769862949 6.4408492454207184608 6.3067517974322466756 0.92029756877942003879 -0.0025150340894980554272 -0.39121101659104423609 0.39121891374879619319 0.0049382375619127141103 0.9202843991586840966 -0.0003826536991748822128 -0.99998464408872422826 0.0055285769267806855048
4.7367990867779363739 7.2262795523209559789 7.3242086796827088335 0.99640038016332144188 0.0058764528320193638866 0.0845680182599760355 -0.055998557436442879254 0.79457760308921976389 0.60457472179545224122 -0.063643098410943066412 -0.60713416966201239067 0.79204649866879295317
-0.37270602780860218051 3.9894249324681871904 -4.909977939389294832 -0.88963766724914528083 0.0029204179936489524198 0.45665774073173354131 0.16400164206736334016 0.93531265905865768051 0.31351824700320940487 -0.4262021614335848585 0.3538102612466445529 -0.83256832549992021431
2.4429311779729983023 4.5923058081108205641 1.6668193829850983523 -0.85520696920927730122 -0.011998162407051038425 -0.51814774332702684401 -0.43366559016529687698 -0.53090468663839562868 0.72806206439553100562 -0.28382247219453815568 0.84734659839069648157 0.44883019781784633251
5.798100173321337536 -3.5022432377519354674 4.0513254857598655079 -0.49391198591968143994 0.0061022965585613136302 0.8694904899661979325 -0.81725414047418187824 0.33818375120588145544 -0.46661270910463414907 -0.29689496466354609039 -0.94106031283700253276 -0.16204588103493930418
6.0216242891731690534 6.9169362729234560305 -3.1964611533082192274 0.9110516091821566631 -0.0064727369677714703677 -0.41224151790263130479 0.4101356818130386106 -0.087908094119710691872 0.90777799570819284192 -0.042115174347226690121 -0.99610755978686982282 -0.077434110218415883042
4.2530478872651986677 -6.113460112343726216 -6.178639286280436238 0.65663799137894551805 0.0071613424345486264774 0.75417190576978021532 0.51677613202769212553 -0.7326014273237250185 -0.44298710822055908931 0.54933503223834723173 0.68062020529645017586 -0.48475474056272654932
-5.4460003071668836583 1.4033946480973400472 -4.1850238922326532531 -0.98981995865502814258 -0.0010564585953783023516 -0.1423212329327461223 0.13695086146298413032 -0.27926716711662580295 -0.9503969228249935508 -0.038741592543518929559 -0.96021285831102387576 0.27656889872377893314
7.3463838425966185852 -3.449171418326601124 -0.98396098582071400696 0.83492987117885886228 0.00076070748739008511169 -0.5503558226615316018 -0.14831903207420452095 -0.96268947680965899494 -0.22634141460292431236 -0.52999393858597620977 0.27060745105049793802 -0.80366537345969746298
2.1808674500680784725 -0.56781930861999529991 1.5853912782247718827 0.95204084626750506981 0.010232785113181805392 -0.30579979912882115922 -0.30129051705425646812 0.20549647039481164223 -0.93112578365575371375 0.053312769310978051773 0.97860435864763306579 0.19872407469725372753
2.5846601936588489146 -3.9697972149054212565 1.4350613460784427122 -0.91603525526433737802 0.002017083055515463564 0.40109268565851557975 0.36740747219885300234 0.40538194474782229815 0.83706464997925333904 -0.16090730401450203946 0.91414518007172662628 -0.37208524462326020288
-4.8577128577864563397 2.0677250351077933743 -2.9764145971270843383 -0.91601428366310433393 0.0071702412076944744071 0.40108156248601994909 0.40093596615021098728 0.048688260336130814721 0.91481134905105310207 -0.012968545498051969184 0.99878828634823868526 -0.047473949500768462817
-4.4150607938594657043 1.3507067865209387847 0.17838194690735365011 0.80309785587258364359 -0.0016569467508094754254 0.59584485264222153411 0.35902028701280092049 0.79943307881198022447 -0.48167539486097421531 -0.47553997456157354184 0.6007528668501836977 0.6426178690055265319
7.1113084076845645143 1.2135381696021194653 2.4179076069048206499 -0.84879718797676173558 0.0053944550712893687625 0.52869105679712435908 0.14666563267335883114 -0.95830268043194399841 0.24524511181579666808 0.50796902058615012177 0.28570416960823058483 0.81261343921518702782
-5.0758470202802028481 0.13607262583923943056 -2.0656062254072011797 -0.90271264068972278949 0.0019537249862734964653 0.43023955106131300807 0.39443501632909905297 -0.3956521352594837837 0.82938555916900535969 0.17184558834075405742 0.91839837261578338712 0.35638956626778384162
7.0465288970000568014 -6.8714932711275080734 -7.2089274299961907388 -0.89109462930171601247 -0.0013729500004492820563 0.45381546540206002538 -0.23294010264913717068 0.85959493083767180011 -0.45479167038996626271 -0.38947306737126846654 -0.51097423603007730009 -0.76630024135840169031
-2.0968591980114723583 -0.29075579386458438869 -4.6476262570296880128 -0.7984175188937188139 -0.0020169559327364479373 0.60210081997319098157 0.30546325091610615488 0.86039236590383694203 0.40794261733026399019 -0.51886575129158862829 0.50962820622810456328 -0.68633623214384820166
-5.2973593608760092266 -1.9413335040610177895 1.5327659476805728378 -0.99981496828436466906 -0.00034655968713899129585 -0.019233020843113176473 -0.012284142287924987302 0.78091935581640148367 0.62451105639512849432 0.014803007890785946712 0.62463176320766766736 -0.78077911815669520657
-6.8954520065431736953 -1.0887551959149754932 -3.5168058107777180332 -0.97712256463238855719 -0.016098100497906442374 0.21206684051623742038 0.19234484597536818939 0.35857328790633796745 0.91347066588196124126 -0.090746646841044567577 0.9333627635385755017 -0.34727366402698695014
-0.29495718960536260189 -2.8102469518284238781 6.2586904811882329014 -0.62239556504138060511 0.0018983702550529283487 0.78270055372862257226 -0.76305575893127286502 0.22117788939484481214 -0.60731067008954675579 -0.17426895701360020641 -0.97523163270744739339 -0.13621157508889425447
-6.2072425050934398882 3.8697227086881191838 5.0549962000442585364 0.99654346371484980871 0.0052562377486972677865 -0.082906555180289775997 0.061980703441257861686 -0.71154508695944873597 0.69990140850310578191 -0.055312903811502001084 -0.70262078049865372975 -0.70941139086106097533
6.0651947817247817696 -6.776771889736117771 -5.311037546880946536 -0.97951316828823931093 0.00060869100981802374412 -0.20137920112394083749 -0.10312654650747549168 -0.86043870132324495881 0.49900917493640428724 -0.17297071588996909552 0.5095535994971333027 0.84287381065253486057
-5.7243881017888975649 2.1141338238975695418 2.6879466192896628307 0.90440712938056944115 -0.0047482472178915855615 -0.42664411219883796589 0.27803018732834611226 -0.75193379194260678844 0.59774140518205265415 -0.32364634905986544577 -0.65922153080983947326 -0.67873412619171058502
-6.36852230064047653 -0.6409735588841282139 -0.52981573321445218916 0.99936638777660713462 0.0034898575057598045512 0.035420952511897745019 -0.028328624492277808961 -0.52449864591180905826 0.85093986830500090157 0.021547900515784208786 -0.85140412926599318144 -0.52406745429580148254
-0.56119596490479883855 3.1622989495679583172 -5.6708816745320724806 0.9815402582144983068 -0.0043017740474732904521 -0.19120725991496867469 0.17926139401830049058 -0.32777834105897585282 0.92759188857336738465 -0.06666388916629972794 -0.94474486178684269344 -0.32095649550765265046
-6.7013296479087554047 0.79193605052897719787 -7.4445166656878303257 -0.93135264081792568103 -0.0019703033357604867598 0.36411313673931117174 -0.36384975721116830094 -0.033374468573858354081 -0.93085954849522456467 0.013986158112958195152 -0.99944097512169094433 0.030366505051771949808
1.0592263062007787333 -2.0659411006340988592 -0.18507341088934256557 0.99990008916390082927 -0.0075478667482832811214 0.01195162740519886517 -0.01231775081272992213 -0.88002751532538947554 0.4747629358799241861 0.0069343135924429290251 -0.47486271908616034532 -0.88003256378223793099
-6.8317863711357906809 -0.81553400100675044193 -6.711247778347348536 -0.99986498244888155629 0.0076743101848673377433 0.014530032202647978276 0.014721805032084318843 0.025553430806751351728 0.99956505072485835051 0.0072996800767431068921 0.99964400020061194851 -0.025662960343347279712
0.13349560938410215405 5.2960426904651276558 3.3941225653143325403 -0.99999807039463073366 0.00039731334627408996379 -0.001923889063805504741 0.0019487582227258374266 0.32430571345307257491 -0.94595031928904749208 0.0002480895287528483116 -0.94595224317287818216 -0.32430586193862748212
6.6878851318091845357 0.83299562871457433211 -2.2717933750106000801 0.96338265695637692598 -0.0063853996149985580918 -0.26805425373888802643 0.0090263852739446634454 0.99992209623460504009 0.008621243003663592655 0.26797832122140780031 -0.010725116959772625774 0.9633652428968476622
-5.238381544980926563 -4.9693477306354258971 3.7636172120772997118 0.99905876578369945396 0.0077379921442186708203 0.042681447824646154277 0.043211702812837177179 -0.26341375214732326571 -0.96371465897308294934 0.0037856638581640032759 0.96465191580029485685 -0.26350018992766255366
2.7902139932634284492 4.5576318938458291186 -2.8136045331491996713 -0.99591328195216344277 0.0023673488834155907018 -0.090283611417945525135 0.023058767381964530296 -0.95986041684631639992 -0.27952866296410444624 -0.08732140675817071096 -0.28046813692632416304 0.95588314981003230653
-7.2537567258271993254 5.0970563742782202254 -3.5427646201422535732 0.88477821927336997021 0.0044979756809261830369 -0.46599063393403089561 0.45197418630690788799 -0.25187046674112295586 0.85573395567536159056 -0.11352020794389178215 -0.96775050307309495867 -0.22488247194908830839
-4.7318202469268477728 -5.5391232006190884718 4.6891348918579067728 0.9863410361584276087 0.0010601493253834803898 -0.16471258747648392928 0.11265983244322261281 -0.73384256324049201847 0.66991257230366085818 -0.1201629000301297906 -0.67931875320795587214 -0.7239384704491457212
-6.097397522819201221 -0.48013831608275592266 -5.8240087936667075397 -0.99542812701703620171 -0.016477163182465875274 -0.094081597758195245618 -0.061465345120842992954 -0.64344210014423008914 0.76302311571224401554 -0.07310851723605292507 0.76531742881982456339 0.63948759006881317202
5.4087845668051395265 -5.7407862176570700896 -2.48651341110100077 0.96229407827993318492 -0.0039568613267755466112 0.27198244457279535657 0.17380476731455338224 -0.760212813860530634 -0.62599391410863092222 0.20924151061894624704 0.64966208207865794311 -0.730860567648335957
0.11199130526581309308 -6.8395870134115828165 -5.8966380584720816671 -0.99495306279382367265 -0.0013224067569011549624 0.10033271688473680006 0.10001180006163225278 -0.094052571631880327319 0.99053104626651888864 0.0081266650933362952203 0.99556635389602654573 0.09371015048898392874
-5.2811475974392276811 -7.4818805336064091449 -1.9939644735049311119 0.98235658269713832524 -0.0085710018665906013285 0.18682099014453146246 -0.063151019641096109436 -0.95547651459254057116 0.28823007958989083077 0.17603264796581913343 -0.29494265203446257129 -0.93915991122964670446
-0.54654143011044598044 -4.483281558331395189 5.3560109116925351813 0.99997118109664662189 -0.00011612761042707579751 0.007591013808328810758 0.00096036353904878010712 -0.98991586018320454343 -0.14165333550525438522 0.0075309148271234388483 0.14165654334427363326 -0.98988722036892917711
-5.1845269812856971114 0.49593811467174853114 -6.6097793389619372562 -0.98086679878828142432 -0.0037335794464472740056 0.19464424835939814207 -0.17359605435843297738 0.46931899594494247419 -0.86579679484047611382 -0.088117722088424804694 -0.88302080407517180571 -0.46098755582363415417
1.7422866429649674913 -1.8301398716086323404 6.9742023759905746871 0.87769067009178891592 -0.012857101138789168646 -0.47905509347483260507 0.040241954060473858479 0.99808671776444690682 0.046941335257418233262 0.47753499637964330615 -0.060478085061146373558 0.87652879499763780569
-3.1745718640755691276 -4.625310251639750625 6.2828430877700052193 0.81884231756963887783 0.0040840265520881158245 -0.5740039892582454728 -0.55405102607024436789 -0.25582925841390330435 -0.79219874466562267834 -0.15008237560634971053 0.96671335527474422378 -0.20722106376018470386
7.2230968898017975377 -2.4269654192021414829 4.6054077225466247825 0.98613236321532260487 0.0033693168274510545274 -0.16592651965132965142 -0.12819966686489420171 0.65038559566309606108 -0.74870783511974581259 0.10539358441205962102 0.75959675134773019245 0.64179822974722133822
-4.9102047835638655826 0.35449539814409425365 1.5115416124316636282 -0.68222123754965002806 0.0046106255826440668139 0.73113126397924577127 -0.025126638421385141808 -0.99953728592900914496 -0.017142522547628408214 0.73071392150270619847 -0.030065863855737205018 0.68202141370541946586
6.5312606702347641985 6.102585996320380346 1.0084390359837971385 -0.83557728196506997342 -0.0069746477404645209133 -0.54932864494096511621 0.40070195621487958437 0.67631557482694792949 -0.6180899493860597671 0.37583047794100943317 -0.73657898255071108107 -0.56231917477100912262
-1.9599378123771851179 -0.86267500694815268947 -0.21704891721429850349 0.75367967596048091039 -0.0062748197008617567078 -0.6572119693689358888 -0.65130463657994575044 0.12697403546506458305 -0.7481175473728262082 0.088143158631599299868 0.99188619355010343437 0.091610930739840723547
7.3395403169244826103 6.7012069361797799161 4.7147766378041717772 0.98008146405123708345 0.0074074253726216171892 0.19845768786510950554 -0.11161786993435941773 0.84708357071536066751 0.5196064619839440013 -0.16426130078241021892 -0.53140808638325220947 0.83103770720215464074
3.889718815460235124 2.3316958939132503836 4.3952147281598357154 -0.97321419342278669973 0.011823950165025732401 -0.22959601025036308064 0.049932769102579911691 -0.96396558992280900746 -0.2612987945139526591 -0.22441223738941071253 -0.26576406011197256651 0.93755459151063924583
-0.65132133420902271759 3.7366138233918171352 -0.2625376347037887137 -0.57212046413751871388 -0.0043843268310245009714 -0.82015788247944299005 0.30121478147916430634 0.92898216634396946212 -0.21508554119973261054 0.76285505171919898437 -0.37009851701001089674 -0.5301690841359157913
7.1617194332914850818 3.840098666328816801 1.1623219325866891438 0.95577855178309023554 0.015049703183587731167 0.293702002692274311 0.23255346124308517997 -0.64999728262361955444 -0.72347938481051810022 0.18001735365020890556 0.75978749595930383798 -0.62475332201503208651
-2.8076004046389120283 -2.9847817761311947748 5.9033571572192533594 0.94671646346102067415 -0.012716873698784799188 0.32181705817953437654 0.067598206851724046418 0.98480884482568453731 -0.15994380758133935894 -0.31489430011103691776 0.17317569193308063324 0.93319438461715864541
1.5274583442589875215 4.2014484143057897469 6.0070327965357073197 -0.91382927270623304228 -0.0046909817486944470344 -0.40607149005482551241 -0.36295800685659301843 -0.43906462962656706006 0.82187817605143098643 -0.18214704390637695419 0.89844323454586316746 0.39952748177697172682
7.1260332159049255552 -4.4167211332896760823 3.6968118562050698017 0.90744047457258580902 -0.0031735617634663505597 0.42016867281276931712 0.15829399142910363651 -0.92371532920187415794 -0.34884524201263888976 0.38922332584905405817 0.38306646825730589212 -0.837714320942354429
1.1564451296545164016 7.4347032111915973829 -3.5924660525976115366 0.90102067607329117127 0.0013408411677309135281 -0.43377406957249736719 0.11847567246183741962 -0.96273428111570125143 0.24311770605847254911 -0.41728318480770937304 -0.27044575446730040325 -0.86760234990888784878
3.1586635554704916018 -2.5695947688936793263 -7.4268017728415065548 0.64814951492017403023 -0.0014620714165612231326 -0.76151169961860776247 -0.35016287145337521292 -0.88858005894536129521 -0.29632995511821275114 -0.67623085537732352535 0.45871924004996500468 -0.57644469729861624874
-0.8056548288480299691 5.3467974642552489328 -5.2599345560945014455 0.93834627527509406608 -0.0015874846157259863734 -0.34569314076191182128 0.11582931768107124215 -0.94074292319684083008 0.31872609184181283082 -0.32571434853687097899 -0.33911684173424483379 -0.88255874071330220332
1.1336716779863158511 -3.6450046103779891737 5.2277776781663041206 0.93541602447202720771 0.0041459388270988399919 -0.35352464178893983071 0.33249929652448662054 -0.35019211653464221712 0.875676709367024797 -0.12017104048587366749 -0.93666872089778296928 -0.32895383919373999415
0.54486841481123182707 6.5403464689389645415 -2.5712649097845861057 -0.99996528028738362881 0.00646296183322270755 -0.005260070712449344682 0.0032842465922584933302 0.88581248767070641659 0.46403173427141120033 0.0076584557111614506852 0.46399834785364063583 -0.8858029584760800379
2.0525092366130661681 2.0527864428331330515 2.0280087138315980866 -0.97867334173364239902 -0.0038294323252720877115 0.20538701426344774248 0.20542255340840892552 -0.019482458301953591712 0.97847943686603833235 0.00025442315595202249535 0.99980286520227867886 0.019853614337904442605
-0.17339066886374038257 6.4746275925738272505 -3.7935170180027926179 -0.99556432294326502319 -0.0021632806594793162723 -0.094058487651982825017 0.082301211865866891193 -0.50443656321505270235 -0.85951746010035212642 -0.045587162754418583677 -0.86344604574261296648 0.50237708614485576675
-6.9308398281362295634 6.8692477111621075281 -2.6704081094914537964 -0.99765273537988619079 0.00021242608689108280484 0.068476086805442523686 -0.044788582630855208744 -0.75845198492984988725 -0.65018810310688934795 0.05179770704334932252 -0.65172888644823179227 0.75668121168298208001
7.3209337896666850654 -7.3512279298351348444 2.1604039376623229707 -0.61121378070736220867 0.011364319518030720213 -0.79138395644297809817 0.78622095203692810017 -0.10620040185493219431 -0.60875125398142759803 -0.090963337953139905556 -0.99427980311769748045 0.055976283019676727204
-1.3743784117067325834 -3.307059929762304229 -6.0872894021812617993 0.98540104427858454805 0.0041725174393029678538 0.17019803768805091826 -0.0073495677640568832928 -0.9977251056960190212 0.067011919218906701445 0.17009046354315329741 -0.067284497188731862138 -0.98312869485618881171
-3.9612928559933906492 -3.4599750242040894221 3.4846302679691323334 0.54547058285531924149 -0.0050272098525174059927 -0.83811489093110524973 -0.80943337469590326272 0.25626834161276573765 -0.52834094012797661044 0.21743839395965047778 0.9665926051072605274 0.13571765023065213152
-3.6134455785209356193 3.9615599072448928197 -5.6025656340397249622 0.79791423498271540904 -0.0016116336510420790906 0.60276884147141562842 -0.25637022131722198015 -0.90594743754065332197 0.33694739950809826645 0.54553385159280454175 -0.42338710779910260218 -0.72328153143563689298
6.5368580723257423415 -5.1471819914288952091 1.5715114861283256964 -0.98794959557935591032 0.00083521139474871872177 0.15477370259969197575 0.15477518853712204927 0.0021818599567226572289 0.98794730654042750562 0.00048745030376876052891 0.9999972709507564117 -0.0022848376629559206952
7.0513616966238270578 -2.2285458157976774096 -3.7316006011782603125 0.17099359916609813137 0.0013009570778987945578 0.98527128069120351039 0.98203097680567530414 0.080820569341863407464 -0.17053796106840518609 -0.07985204842916240886 0.99672781795332332511 0.012542219888414937387
4.139892005715188894 1.7691279900485781251 5.7557879451536644311 0.90728751076383784557 -0.0069407505941025985849 0.42045356318284243802 -0.42037181774918713772 -0.040679297109543072208 0.90643958961911741401 0.010812384297313071269 -0.99914814755763425858 -0.039825514157948459226
3.8182209030967455554 -5.6963852632311606783 6.9954786856171429221 0.55796438947890913962 0.0075063042606593535777 0.82983094390950973285 -0.81598914233961217235 0.18705782012236360501 0.54696534763630866305 -0.15112067911847212875 -0.98232022646772776397 0.11049666517757940343
5.3600862816785808107 -2.5469543164444772287 5.744618208045162433 0.99806725816799402029 0.014702336447098120556 0.060378717077935892266 -0.033585449699354084918 0.94510490734570595794 0.32503650822581636737 -0.052285425708072388873 -0.32643614293487904776 0.94377204813688031493
-3.8601574542256127387 6.5144856400090001003 5.137714269436006731 -0.97800952906535698617 0.007664665744818616698 -0.20841932241608698839 0.18825745605658800175 0.462522147750960122 -0.86639043916643010412 0.089757959516012605916 -0.8865745968269906907 -0.45379399837892475666
-0.56467124262450985039 -1.2084782465982744082 -0.069568356594111493973 -0.89306838099932406294 -0.0096571394852133785047 0.44981730348670689867 0.0013864646788129247196 -0.99982394348237002557 -0.01871255607912353236 0.44991881998286104016 -0.016087936358651258595 0.89292453977297259193
1.717880617697097323 -3.75784295025264381 0.47158930259937303919 0.99883145562300545972 0.0041114539146467135589 0.048154119290386106222 0.043363930726172214558 0.36366141100747034764 -0.9305213311128355258 -0.021337590536409340586 0.93152212753685115221 0.36305816770770676927
4.051775220127643351 -0.31194419314871807414 -5.6976482931526106768 -0.83791309136962899284 -0.0097899938801520747927 0.54571586684949957569 -0.19995944283809380382 0.93583053287044470903 -0.29023686011138016827 -0.50785615338525880169 -0.35231430536852142987 -0.78610225651717147155
6.7287326483661429322 -4.2379192299068488836 -6.3210971422297586031 -0.98962673561614755702 0.00096343961135915835541 0.14365930508586335912 0.0010807743714123555726 0.99999914310715742882 0.00073872296168289285773 -0.14365847027027026095 0.00088632328825118079571 -0.9896269288730621394
-5.7035256472886706192 -7.1642764447844191622 4.5775340477709658416 -0.9904637111674837735 -0.0041438538460887817949 -0.13771152942189002211 0.13768042632628571531 0.0070356066084784618653 -0.99045171535324316725 0.0050731712965139206389 -0.99996666380183918399 -0.0063979854675918750723
0.75553926049007980037 -6.1485929121204767611 3.4522440176476698603 0.8121217799663449366 0.0095835601198019787494 0.58340926447877472505 -0.38898999781423981847 0.75415096512284440777 0.52909649725236318485 -0.43490803177770709365 -0.6566311576369137093 0.61619033318901850205
-4.9241971485609994374 3.0036321848726728057 -5.7109168159592638148 0.92021310151520385734 0.0031241748145135845791 -0.3914052724881511014 0.1984857252393456839 -0.86558762912517395183 0.45974065861298823998 -0.33735925165323138453 -0.50074773672726902163 -0.79714518093428821111
5.0516733259745718598 -4.5985406893729710021 -5.2103962469855309436 0.99303951492370023946 0.0088511140879409672122 -0.11744862527831737009 -0.00070334915600456216454 -0.9967089390941042959 -0.081060446765700552851 -0.11777956996152351421 0.08057883412715910465 -0.98976513597440396452
-4.1035006627152865732 -7.2055138481498719472 -7.283703109343009352 0.84648261727447893232 0.0040223528029257448607 -0.53240116390739788965 -0.50724517405158253691 0.30992511022405416776 -0.80414473787615692313 0.16176993556708049726 0.95075246343653130321 0.26438653750925805719
0.69124114076977494214 3.5563663607665234601 -6.5715549142604192667 0.94328144672281144523 0.0068356010564291323772 0.33192376658914513055 0.32041968165637402244 0.24294682888635785178 -0.91559164802939319028 -0.086898445761344936256 0.97001552198517027037 0.22697697511429165695
-1.5920462271953756961 -4.3614685405416917519 -7.0706666973298615275 0.88876874860342180984 0.013603095813717446666 -0.458153977708393223 -0.0032101572390157177492 -0.99935026137670690538 -0.035899164013331895384 -0.4583446371414113818 0.03337680138418634701 -0.88814761314385670676
-4.2479435397057656587 0.032333091969971007595 4.1821887633372121229 -0.93223815042518587415 0.011177608938882092199 0.36167263091119372653 0.35691246902175277622 -0.13607393444759013912 0.92417388722075488605 0.059544272173019816008 0.99063562696994633683 0.12286388496631631129
2.3359151624503358136 1.432172044171351466 -2.0449846535205500331 0.92063183957342908936 -0.00091345793391106686748 -0.39043076410331450932 -0.0061259517272995687998 -0.99990796016211636044 -0.012105532614257102225 -0.39038377102435606325 0.013536498773426207734 -0.92055270056737925621
-0.96468501422809649348 3.1646804134616282056 -1.6440718977672437173 -0.84717914925776072188 -0.0029268450093270278328 -0.5312992778476088862 -0.2278892170168855813 -0.90132625423032264322 0.36834425230007794561 -0.47995207451411575628 0.43313094672790569684 0.76291781284495152615
0.93631045585242667073 5.5794519707589786961 -4.7222578809387307786 -0.97667602583516277548 0.00048263096323831176405 0.21471773943004759944 -0.2146929238955527508 -0.017563277273200079281 -0.97652367084500324435 0.0032998466332415776064 -0.99984563726550557128 0.017257249300476708298
-1.4389777291231178324 -0.64519658509184130146 5.0670187788206630941 -0.96381734129574936354 -0.0010764087415499664496 0.26656138873022883207 0.19832263650643205954 0.66528127186103158675 0.71977007520463220924 -0.17811306652439476417 0.74659203763171511081 -0.64099615043945334936
4.8139454497114506637 1.370913164515306315 -3.2492950099216657556 0.9572658079424414268 0.007758403807227472887 -0.28910548267834518255 0.040838053192773123012 0.98599784790373667942 0.16168023175635026778 0.28631176426359711273 -0.1665774627605456637 0.94354518839568879418
-2.7292757384798793652 4.9139192391613573108 0.6080107397484458831 0.78666276451673533554 -0.00046504828046942114916 -0.6173827651084278223 -0.57863797838980812749 -0.34923153593454214771 -0.73703149476374785198 -0.21526677608906963357 0.93703634830179960424 -0.2749965401116007957
5.5792933504937236577 4.1485196516011999535 -3.2093886825697919285 -0.95736777750734514125 -0.010750651526346279019 0.2886717202680563199 0.22679965431178317203 0.59093858096037643612 0.77417924948719341049 -0.17891018806878386527 0.80664491384017800168 -0.56330731184763449537
0.73584014279607490305 6.2027693575917357549 -6.1620156017066767262 0.99387977351038525597 0.0089514794708098061049 0.11010389104023300677 -0.038949472018226780068 -0.90430460009338464733 0.42510719692739018516 0.10337279350208972151 -0.42679393302306645186 -0.89842139572610779652
-2.8956053958099881029 5.965231406257080593 -6.4767463526428308285 0.98744751063882429953 -0.0072018529022113732252 0.15778322803136626828 -0.15649222343305452254 0.090684287414655853632 0.98350726688769929407 -0.021391534264397316784 -0.99585365055866215123 0.08841893988820702377
-2.3631719944649423049 -6.7649409457982292437 6.0520547133679238883 0.89449213371325020372 0.0055024032325632545731 -0.44704982528111547602 0.16167476750702192145 -0.93623565738869285457 0.31196804866126870426 -0.41682741305811654708 -0.35132964206377276239 -0.83834503059929565971
2.8380328853352256857 6.7575184108400119243 -3.7205251399786449795 0.91323708164248051933 -0.0022789204135715418476 -0.40742218795112022933 -0.3877095455664714696 0.30246958765218179277 -0.87074304867866469948 0.12521717529851977835 0.95315631197988315293 0.27534288431520070883
5.6049596106722390232 -0.19493005256205836462 -0.077086230214420209395 0.844287192087525451 -0.0060646243326711981106 -0.53585665770660373397 -0.25586743405681355856 -0.88315828660271389339 -0.3931453891299113157 -0.47086196859168066853 0.46903588470035512126 -0.74719096983115962374
-3.9490903380740625117 -1.8723680057083722517 -3.665806203812614239 0.73469193605721105911 -0.0066946548826415149674 -0.67836785057113535569 -0.66065762398387051224 0.22013978841271236719 -0.71768375864970734845 0.15414040016981922498 0.97544536246456692297 0.15731205256403146819
2.047499992996796081 -4.6991671339381237971 0.21854354062936878766 0.99645885914434728647 -0.0044471404537770459209 0.08396406954482363294 0.080543763276572963306 0.3371127137985351907 -0.93801264404738804448 -0.02413388137031735603 0.94145379129147999109 0.33627713962268834802
3.1609286698150289574 3.1973721991665193798 0.57578152681170535754 0.96741680931377715957 -0.0082360061409164492252 0.25305510320894181175 -0.19994349070790196077 0.58831700093794014883 0.78352135065419770132 -0.15532970604743956411 -0.80858844575608768146 0.56750102009509761913
-5.9314821733072840004 6.0376527563242978758 -2.4218268173040979896 0.98299645949223724006 0.011517342095562261087 -0.18326295713232548801 0.070654531774738071892 -0.94491580991626511477 0.31959669790211803209 -0.1694871610639724635 -0.32711078093107309739 -0.92966264807895260258
3.8372191574818184101 -2.5178322612741212971 4.0186997778355388888 0.7621370910856128944 -0.0011611925156456122735 -0.64741463222846828973 -0.25579570475390434048 0.91809537459494627853 -0.30276961633726789946 0.5947399531063746192 0.39635783678320946066 0.69941751007497210413
0.61693142368522280172 -1.637678915998829865 4.7147573815186474278 0.98403787306175893868 0.0061383918054165936481 -0.17785326684168328848 -0.17055092063632254495 -0.25282595544116520658 -0.9523609713367606755 -0.0508118868998133702 0.96749230301919486585 -0.24774340707345349211
0.30139234019932531483 -0.68144146170217034797 -5.2459163729451079305 0.96528843854650137057 -0.0019127529570703641348 0.26117919477735912492 0.25873701858647624174 0.14362403977958695944 -0.95521060003042912445 -0.035684529160474931508 0.98963047475983356716 0.13913352509398582701
-7.2050735134197871901 2.9581603257809772067 6.8092236619222932248 -0.90789842103267737183 -0.00084637588742379928075 0.41918938528332283511 0.35933538889109978287 -0.51653206853126532039 0.77722114000410236212 0.21586693905465167975 0.85626742658276566722 0.46926278224090239855
-3.3558440785507150927 5.0931431176552877105 -5.8024900773308294433 0.99769471599485615165 0.0062208112531397987549 0.067576291577509967068 -0.023543861258418223581 -0.90220953355728195078 0.43065490146453272446 0.063646997360958315615 -0.4312531264416684107 -0.89998322243322015357
0.83147057005713331801 -4.7486269819661606206 7.2102357892389603577 0.99989500714257562031 0.0031035499559892397448 -0.0141542456186398765 -0.0031043885171788410116 0.99999518067977244407 -3.7273590303927667212e-05 0.014154061724368994374 8.1209954390524402307e-05 0.99989982295320878336
