1125 14.717824617146108679 14.977075390850430381 15.033177056927090831
-2.9980462492158688192 3.8806490565291458239 -6.8700495789840427818 0.92829184059486835601 0.023219171051968485325 -0.37112683651365330206 -0.24866956210797558358 0.78081543509551465387 -0.5731410866424420103 0.27647370140033833419 0.62433014216226878634 0.73059849850762192958
-7.2906854249025654369 -4.5223444403815564741 -4.9288267199413038355 -0.90263240678476208689 -0.008840940398960186325 0.4303214798203476299 0.28158389309028974967 -0.76827524406213609787 0.57485968767457962247 0.32552303969774920578 0.64005858101751278433 0.69595959903720083783
0.0028382642134120172894 4.359817917650991248 -3.9699307009897863985 0.96313655452123125844 0.001795116275700794255 0.26900697928202110809 0.25926898465693198892 0.2605029031361870695 -0.93000958653802512366 -0.071746574412190941561 0.96547139523409841733 0.25043445059524033214
-1.3237866158271460737 5.5606446918869956164 -6.7262297450576582492 -0.96364640378123234132 -0.00020084389117807906026 -0.26718077801595840892 0.2194608835252545298 0.56976530957904358843 -0.79196238080005632032 0.15238939950609309282 -0.82180742979233789569 -0.54900821419744694207
6.0351106456883512053 -1.8349399337211962369 6.0580025069632199575 0.85774465019506795915 -0.00063212648482633370089 0.51407559315522921572 0.42901852075340107806 -0.55006216490247694662 -0.7165017261621655642 0.28322645341201341251 0.83512347300195111099 -0.47154168525039208415
-2.4043889229945287767 -2.8835544155991121862 0.53180955424434139811 -0.9997688654623972937 -0.0054822985991584295001 0.02078845963703804256 0.0098980374858687880657 0.74099667830159698934 0.67143573899510999858 -0.019085190749414133321 0.67148631195882879652 -0.74077114437993785145
0.11916434897210348431 0.79004457066375055607 -1.4101931345259977046 0.65511433102323168853 0.0078536475731179732768 -0.75548893672093020424 0.75109598412379607879 -0.11494175301900201591 0.65011015685493678262 -0.081731486717557116917 -0.99334118692059780731 -0.081198832788634017765
6.4311058209673328534 -6.6445686005894915027 6.7440011883793662406 -0.89375299803985164271 0.0054574907604026069372 0.44852624704635679631 -0.15040387895835732879 0.93839406589952301108 -0.31111935053753603242 -0.42259229960933086812 -0.3455239396614797065 -0.83787168196062766778
5.1755772834163416007 2.2333584694299748463 4.4680311808535595475 -0.056524024465698867459 0.0067745259985842994424 -0.99837825519980616384 0.97707649378815430996 -0.20519614760328264147 -0.056710372027381661386 -0.20524755770755581663 -0.97869742352077693237 0.0049792819576233073725
2.7510512645254308062 -6.8225869305098383322 -1.728116927110550094 -0.95151545555956651423 0.003830182499995158675 0.30757709201634908514 -0.30755149669174342009 0.0060813665454080428896 -0.95151200405656477521 -0.005514953664037119084 -0.99997417300800994777 -0.0046085358983593699422
5.0455690630104044203 -5.5967133658247654182 -5.0455724744276997384 -0.98554714872576154594 0.012985117993167493572 0.16890294357771343248 -0.15235037696576286814 -0.50389302521943069024 -0.85022419500604262677 0.074068753715028287643 -0.8636684582905279628 0.49858862188898750434
5.3984439012021052662 -4.106719733716822418 3.6380748455845250966 0.59215111719198854079 -0.0036154383064656977695 -0.80581882766173651422 -0.77270381254819486827 0.28120908448449483119 -0.56907843824616033412 0.22866104277215279494 0.95963971333469499925 0.16372461057862836009
-5.3001777133510543649 -7.4266823295955761708 0.5087674072129564351 -0.94689924610595488375 -0.0081514434520740981782 -0.32142708612328863005 0.12414317913337442889 -0.9314287372885818872 -0.3420949845113503418 -0.29659785703660146439 -0.3638324632613129106 0.8829811152445596889
4.8408687507478083134 -6.2031165795380749373 6.6185618375069825703 0.88546804864909745003 -0.01243919460301123707 -0.46453374609307979126 -0.32377845616568468046 0.70054547152859891757 -0.63592731789399437048 0.3333374358583747199 0.71349934040507734245 0.61628308843995605049
0.00094324491278976151099 -2.4649443051824451167 7.4916524483300932502 0.88538143321364537464 -0.0082812409171880152492 -0.46479150031972094048 0.27817820696919681733 -0.79162749661090092701 0.54400624240624095851 -0.37244677859798364095 -0.61094789275221217384 -0.69858862677079347492
1.8071614690968340611 2.0888078896300741327 7.4231948174408293184 0.97270308903195978889 0.0092793729190825367803 0.23186762134025828974 -0.22240803673686440622 -0.24780145182722362884 0.94293642716097991752 0.066206991946385171377 -0.96876639790527840912 -0.23897343054588829347
-6.7855219721851520731 -1.9620542106710114894 6.1400567426330932008 -0.80759203250653177619 -0.011351686023405473461 -0.58963229919705484328 -0.45712325999541120192 0.64374051427570588846 0.61370715773177852981 0.37260358855378977738 0.76515964968400751456 -0.52506883005222160232
6.4000437586317433514 -2.285943427491374802 3.5881484590379799648 0.55159523020257761328 -0.0081583788004734487942 -0.83407202499138533014 -0.50751501745556193423 -0.79683725219801038175 -0.32783974830201184636 -0.66194501967679975074 0.60413891975694566927 -0.44367212731946470416
4.8349338149727918434 -5.4404298530606904905 3.8610967218647727073 0.94554549658296704884 0.0068869413570973115127 0.32541709225285037066 -0.12198436535821328974 -0.91941178290109726312 0.37390077302785734714 0.30176734167190910618 -0.39323598958059258202 -0.86850557165680486449
4.5300354840971470693 5.0652838218381708302 4.2892341970530347695 0.87224624197058520103 0.0082357690838435557851 -0.48899761295489085899 -0.14864907760002016301 0.95701919731614137898 -0.24903354733212032524 0.46592912024976174123 0.28990761989942176458 0.83598063783068599086
1.8015054906856584616 4.8399030876360704667 4.7933006855205189112 0.99839203334396320333 0.0035301636238369632145 -0.056576370510339243913 0.005054765237885812737 -0.99962730409566202816 0.026827267000541919068 -0.056460580086690366486 -0.027070109920636784007 -0.9980377808706184517
3.2237993157136668465 -3.4691302497634217694 3.4693266041977772751 -0.76528808491111133261 -0.0099000754452372753678 0.64361178951205089138 -0.52085437449743743343 -0.57797786212293922326 -0.62821358745474920049 0.37821272805083111512 -0.8159923893039408016 0.43716307362157291738
-5.6831324832094258781 -3.0595831914198288182 6.2649941661296706386 -0.74671801350191724378 0.0060577800951601527835 -0.6651131569981716396 -0.18635863448870543246 -0.96181331551378324018 0.20046347660321545137 -0.63850032706586890008 0.27363926874750704732 0.71933224794674821556
-4.9412945617584167479 3.7982735039504493813 -1.8673416920505019334 -0.93471769558792083821 -0.010561082230588623998 -0.35523413841724987838 0.29756341844543188202 -0.56978323769296279622 -0.76603072656857240652 -0.19431634403199629646 -0.82172716006365864594 0.53572906665200292764
3.4697177033210389041 -0.99848192941989954985 0.20020995076322503636 0.99971155135143385806 0.00466487666331647996 0.023559563242312644288 0.022612456014488083872 -0.51335969685840399102 -0.8578755728392963853 0.0080926465044325827242 0.85816085937734221112 -0.51331710326597213001
-1.1060469827582093405 6.5777332100049772379 4.3863996812248924329 0.99408096970488513122 -0.0016489873642569581255 -0.10862921573489991989 -0.011338093509128347597 -0.99599944254946815025 -0.088637227374587776452 -0.10804847664861302881 0.089344229146298984046 -0.99012278804809406019
5.8337437100375302279 3.1489663254674495896 3.998978237907738098 0.52566779647486894245 -0.010063094944390062538 -0.85063041438076203438 0.36325416375297170379 0.90683833157635984623 0.21375372020152677566 0.76923324178398422291 -0.42135848692533472981 0.48035116865741145364
-6.0178108467798079317 -1.3981972746857644907 -3.4282473372999477945 -0.25708056212249635886 -0.016653465136095245425 0.96624647304796107417 0.95485027003572509052 0.14967612018328019241 0.25662817627742828819 -0.14889777161317194198 0.98859482152494826401 -0.022577255430817257803
-6.4794213753887293095 6.5743449286664876752 0.16319719290087761343 0.99956057891576088892 -0.016286917062460406352 0.024766618871281335934 0.0060565027496049493594 0.93011367684785994925 0.36722182249277957045 -0.02901668230790663966 -0.36691045838612079688 0.92980360704546649586
5.7926709653298624758 -5.0570313204985568589 1.7427705948917078249 -0.69722295692493119201 0.0041793998536523080042 -0.71684215902361425599 -0.70886447158500298649 0.14486453021289985577 0.69030821290969368587 0.10673007664775303882 0.98944267166070964947 -0.098040248039800700908
4.8403333279975155889 3.1775287450363935982 3.6056846194848923837 -0.60624936307439836192 -0.0026071925437682278576 0.79527033914189115826 -0.63230789929251418613 -0.60491950378254621956 -0.48400321738157520146 0.48233642850618868581 -0.79628235977594485906 0.36508351543910788628
-0.12613911040619218973 -3.5696874045446174151 -4.2038185363453619559 0.72334931468742647009 -0.002514772276350005567 -0.69047769323986663004 0.32202031100399480801 -0.8833551694284249578 0.34056800193941794141 -0.61079349066786448041 -0.46869747232568365058 -0.63816454868108807297
-2.897932932435966169 -6.8630239495967018115 2.7236312339276254058 0.77217616188986415438 0.0084749584091221609461 -0.63535198912815815664 -0.39148919653458352785 0.7939261566415525273 -0.46520690751220228343 0.50047995365026087811 0.60795512406788432269 0.61636870711774827125
-0.56180760415002806152 3.7129845226040600892 -6.8531005799718842653 -0.9684017656032049004 -0.010728884922865762272 0.24916442644369016235 -0.032659371488259765492 0.99592620199440384798 -0.084049780696153722492 -0.24724762047530876585 -0.089531509589585181463 -0.96480709106015360987
-4.8189250381781265631 -4.1370997954334400859 -2.7296944103888032274 0.93897666783991629025 -0.0006515900142085185448 -0.34398022135408223843 0.073563487628086177139 0.97724311441627209618 0.19895805742412506212 0.33602266373019895607 -0.2121213585579188321 0.91765641647799611746
3.8775523857554943241 2.3249904191430630362 -3.3704003753798215115 -0.82232267755347043803 -0.0054191182030030671593 0.56899564773290867148 -0.093429683248471395718 -0.98509752338147293926 -0.1444083228753108572 0.56129876916771159756 -0.17191132186529634041 0.80956172658118852326
6.6930063809346691528 -6.2786987755891701113 5.2886623889168724588 0.99697419204373638468 -0.0073986696626085800624 0.077380359820416799721 0.05306188279575107386 -0.66268576421955005529 -0.74701540445616210206 0.056805783093628825497 0.74886102688542999228 -0.66028801701919348499
-0.082349128140698016343 -7.0724521997962188635 -6.3788691788528355531 0.96946153998907991234 -0.0016775868345503125445 -0.24523765653825974065 -0.12615065652987966782 0.85412530817407927852 -0.50453539994100626842 0.21031009091115490661 0.5200645571839507264 0.8278300079255775934
0.8909756158382116098 4.6777583955793957671 -5.2838571646387366698 -0.98873605731301006383 -0.00491909586415064954 0.14958880795357498705 -0.13700792785252291495 -0.37257614633759461586 -0.91783214308820704197 0.060248125901639887347 -0.92798858703970255046 0.36770551484749103288
-5.3731837766600341055 -5.9794745629500969386 -6.1475618194674286343 -0.95356916827493065636 -0.002445704572141827772 -0.30116417423846009171 0.13951145372622988927 0.88262435789055992963 -0.44889954013944871614 0.26691271156455292912 -0.4700726128880415855 -0.84130217105269944344
-5.2356005051821110641 -3.7907446758992477953 -7.0975723471777971696 -0.78046346170978919687 -0.0030750775137584618335 0.62519383301051356661 -0.1656532198867522454 -0.96323069099229308154 -0.21153166824728825146 0.60285636405124998216 -0.26865810955301827612 0.7512569630253858044
-2.4900835899350628466 -5.7112291853351528914 0.032550684278565514274 0.99739431666206546101 -0.0093522208153187427054 0.071533999301102588197 0.070617137486091371978 0.32940258175718434286 -0.94154509133924280118 -0.014757946451452352149 0.94414324924645853798 0.32920469000155733186
1.6987857599216018567 5.9184966355362362833 7.2672504701718674269 0.92623057843044531712 -0.009965492197244111075 -0.37682569517716485441 0.25456591896114083573 -0.72073334581832282364 0.64477875052519861843 -0.27801638168271913809 -0.69314077443962462954 -0.66502838911236994424
-1.8229001674745555217 -1.9288865858382779894 -7.5005149623888067723 -0.56034541005771643096 0.0034518766562959598415 0.82825183729035634084 -0.29493239834867529536 -0.93527620868913885488 -0.19563561502036896922 0.77396892820803331325 -0.35390181972923240306 0.5250958009361514911
-1.1493620994358555443 -4.6295798161470829157 -5.7968073319508013341 0.76132159982709302071 0.0057660013025241027562 -0.64834880648129933345 -0.64360549002054956436 0.12777946913488347214 -0.75461538579792208914 0.078494553009046258429 0.99178584406946324048 0.1009922999606643057
1.8759066545272378157 3.7671006458749300982 -0.76168543266347754628 -0.98975272571530437116 0.0026931182885190814436 -0.14276655439260702019 0.050057384486961738201 -0.92982907393051195122 -0.36457118856536790963 -0.1337303263945739118 -0.36798184790493954077 0.92016604991432859872
4.2573265100408139716 -7.2469553784263265328 -0.100186361700790455 -0.98063917663602406805 0.0013362264049321902464 -0.19581884420465969776 0.19515741333445318917 -0.075733064822623624712 -0.97784359020916455929 -0.016136581646735030648 -0.99712723229860544816 0.074006035842963321936
3.7651966693361855754 0.095993542486893582155 -0.1171526556402049668 -0.97944305000606979306 0.013254054538836030838 0.20128497667018044326 -0.06438386184685790381 -0.96618871425500607586 -0.24966795304942451805 0.19117016014156065773 -0.25749504555326496735 0.94718016838768859245
-3.2624909615478014935 3.1912356519308486824 3.5706840010428284593 -0.99059827135868439019 -0.0056574172366085587887 -0.13668598469244011562 -0.083105126937143863897 0.81854110989231898543 0.56840477592379679006 0.10866739464021898942 0.57442009457057874311 -0.81131556887290823266
-5.7274053894165968259 2.2761995261926935008 3.2830997805370936149 -0.92546105651662968761 -0.004518447109288418681 0.37881580815331444834 0.11092788805844169819 -0.9593354812752729055 0.25955815921934938251 0.36223864581517495331 0.28223220582026825598 0.8883288498499403163
-2.0862166990184656257 0.9691802337642922982 5.446587514702567745 -0.9992948857675264529 -0.00094439242814029693111 -0.037534509475094374187 -0.035721647525149967384 -0.28394590193566693337 0.95817466501261383538 -0.011562663045058509809 0.95883983693676000382 0.28371195238555657614
6.7938337620465167888 6.0836013759902431985 4.9572981590676112873 -0.93884692058477736687 0.0087153199982134936519 -0.34422449492447471098 -0.047673531107787922578 0.98676201000424346166 0.15500958049189508814 0.34101861260105609253 0.16194066447282884358 -0.92600298436331762719
-5.9859157738116781644 -2.3475480201160485727 5.0342010893863093912 -0.99334516688975349474 -0.010369285092310828039 0.11470770394142944248 0.11342744483807562506 -0.26092916348047701103 0.95867105224004589559 0.019989851783772986937 0.965302258141002123 0.26036888495671495214
3.1179718302349797021 -0.55777934786296323733 -1.6564567283346953719 -0.70845807637468238838 -0.0011113799843017911281 0.70575202362713784776 0.70522715124056611913 0.037477060664930388068 0.70799020832013237481 -0.02723635755050110574 0.99929687018346613492 -0.025767150966447768118
-4.3630471013718592488 -2.6589289526780608419 -0.4435511234061200736 -0.85243938733361901416 0.0066025838007066498317 0.52278436932382665869 0.23321283490526609206 -0.89012876932189466395 0.39151315132579189715 0.46793040567764565552 0.45566125566343673725 0.75724101548286870678
1.6301973886455134455 -2.1277457598281706019 -2.0642469283197764085 -0.85798191064850648502 0.0074418715541741224662 0.51362599189252478027 -0.14042884904991703721 0.9584076350694386015 -0.24846437047409206111 -0.49411211213079764271 -0.28530584219105536992 -0.82125136045993296641
-5.4564458078199047364 3.7374071122605956319 -7.4493639589704612192 0.96484927348362325983 -0.00076873236934224108835 0.26280275589985890861 0.013050622777755069986 0.99890210236366683283 -0.04499190080871325742 -0.26247963864483037089 0.046840142440156183612 0.96380000018317557586
-6.3774854171064152553 -6.9790231464737333411 5.0684066133763350237 -0.60830375252032220512 -0.0028453031661495801867 0.79369921816749700039 -0.79335202711114627405 0.031970728790933926333 -0.60792304906072858195 -0.023645417069344736721 -0.9994847556368049446 -0.021705241328941988349
-4.120883676704406362 6.5750619484530412606 5.3164555498153784896 0.9564867092626750944 0.0089062396351166483316 -0.2916399387933705234 0.23594752828212292584 0.56439236638374445931 0.79106891018757530265 0.17164480446968174987 -0.82545862141210735174 0.53773239202719291807
-4.2018182147312961305 0.83117773470403344405 0.012815552580506392108 0.99999783407389186696 -0.0020764991848959369822 0.00014141621651620134639 -0.0017187623547908533611 -0.78558001447836600661 0.6187576962818486237 -0.0011737560985311625873 -0.61875659915931258137 -0.78558188197877021341
-5.387687542954491704 5.6609539982361649635 5.7094597199712211477 0.88789561758543544823 -0.010898060969949380575 0.45991586680571056034 0.16492336971449494953 0.94081042107588963574 -0.29610139094064485965 -0.42946670929723329557 0.33875800191591493027 0.83713879479050978816
-1.5218491779016940502 2.1528002951116507191 5.3207895724553821992 -0.94203194231175479967 0.0041373121899037842986 0.33549769345271712728 0.30334406130609503638 -0.41680195209986153904 0.85688885696804883985 0.1433813102694531938 0.90898790716574229265 0.39138572341343957905
0.60926362566038916313 -4.0638022223712129133 -0.91794866709170364061 0.78199434818138557901 -0.0024958478200547409495 -0.62328052284352930545 0.10235196837907464817 -0.98590267882289728263 0.13236307060105562128 -0.61482429521074744017 -0.16730116148327736636 -0.77071486775915576395
3.7628806542688617576 1.809934399901926616 -5.1814646151147956132 0.99974282380414225546 0.0011926081562039219253 -0.022646499464833741433 0.0001137820832213727075 -0.99886745717322611426 -0.047579302789566887966 -0.022677594798947188492 0.047564489759547315395 -0.99861070793773476506
7.1510339139044836188 4.8605798827907031878 4.7036382455756866605 -0.98881457530472127715 -0.0019510442782568263032 0.14913728270009515842 0.043909609366880125725 0.95179287793530042983 0.30358238373938334353 -0.14254010618125884102 0.30673524567259391471 -0.94106100078153764876
-6.5577235282769397173 0.32636917275379123682 -6.2498465312564004392 0.88915814539266968541 0.012353584414921563173 -0.45743325352892122426 -0.085520922915304539713 -0.97753664118663130544 -0.19263511331405097637 -0.44953750035528533546 0.21040319410583310789 -0.86812817699032984731
3.4669500010534233247 -1.2470469007171416376 2.1235914220199001434 0.96754697956985469265 0.010880612994365169641 -0.25245683707553484565 -0.24821766855159760334 0.22808331450191754453 -0.9414701220243497648 0.047337420125338897092 0.97358082042869031891 0.22338208242648063817
0.74410483119617543135 3.497105013392161954 0.33887986110664269912 -0.65084348729807872669 -0.0019264094290785821473 -0.75920948623455242199 -0.69427214172804618819 -0.40315529297529112407 0.59619795619110493856 -0.30722784421687576728 0.91512955295560316493 0.26105354440249295411
-2.5688061256437668689 5.359424902629399412 -0.70252077941756030377 0.99181284217057030794 0.0021166965926901195813 -0.12768244084868915489 -0.04599019212903216608 0.93868982173191395368 -0.34168160735513530835 0.11913097134448985548 0.34475634609450855894 0.931101967291352417
-2.7045638940177156861 -3.2835337444809042928 5.6489713783413488812 0.99993821264507420921 -0.0039598725547590873236 0.010387025625405759549 0.0025862197314096197799 0.99163183251024211717 0.12907215121709472716 -0.010811214524435324574 -0.12903731305967183762 0.9915808033028696844
-2.756187428359750502 5.5138515969144021867 -3.635538944402182171 -0.93679331021756406805 -0.0019573643813392497398 0.34987778245586692583 0.11781846254090981574 -0.94334893548436171695 0.31017994101022239306 0.32944969846099175781 0.33179655610820751876 0.88395358562458181684
7.1887381477629732629 5.6164003986357213805 -0.15599713313289947925 0.98838780629794875665 0.0089437659743968299375 -0.15168900227680165438 -0.047908605492654583735 0.96569312222177716709 -0.25522844514944686978 0.14420232273200744855 0.25953189157373318663 0.95490778998548797585
6.9136272698972165429 5.5713581396368034859 6.7218945059096606442 -0.99774455734222622372 -0.0046280840786675353504 0.06696550702910759878 -0.049725290837651030251 0.7211046462160893844 -0.69103942337371537796 -0.045090949701856300469 -0.69281070289317225885 -0.71970836886321321035
0.85643204447194842821 7.003497249765956667 3.1632001355532821663 -0.38448417846058813296 -0.014269271883912724302 0.92302129140844368926 0.51032282532316863843 -0.83648860562885718473 0.19964324833869531717 0.76924802922568280561 0.54779850358762705032 0.32889856946997264586
1.9052099675705114201 -4.2380911805194072528 6.8984502220900516534 0.96154640866516161157 0.0052235245903113469018 -0.27459282360265852008 -0.23090381115236818799 -0.5259606700858207029 -0.81856508813796191593 -0.14870082036944548554 0.85049285024258114429 -0.50452946168462042831
-1.6385047992225656444 -1.7187505575848667227 3.5953707755616539643 -0.91016989699528605406 -0.0096867467779659238714 0.41412187281099543945 0.38786840891859980518 0.33104698941250787492 0.86021275749869807736 -0.14542646240098497379 0.94356454879232087851 -0.29755182119386031081
-1.7667954955491991242 -1.3527628002901979087 2.1077557201935519515 0.56868415284504036933 0.0028854349600353273661 -0.82255091548673053836 0.79177590782757967247 -0.27291635020542681644 0.546449977193248837 -0.22291084784462880664 -0.962033440196127132 -0.15748782129913585504
-2.5151960112176814377 -5.1931095717004280843 3.1980998409587542142 0.89502093268912985558 -0.0017345716956398528688 -0.44602076331649098684 -0.38511104740086576914 -0.5074685583710836223 -0.77082108393223891518 -0.22500446932923362509 0.86166852880082667188 -0.45486298514630818524
2.1219106260597540015 -6.051856116064061375 3.1951030287407906627 -0.23202095741851802568 -0.00095794654453202048722 0.97271031538537600092 0.42263148335412481504 0.90057774631731812853 0.10169735550098232824 -0.87609868427960857495 0.4346939212554130072 -0.20854805256120928503
-5.6176559477875835924 -0.68453759081735521264 -0.81726728483626942534 -0.99927076046399232467 0.0020021148327117556029 0.038130549665836128981 0.022045375333103779669 -0.78511503806380766868 0.61895749323555804278 0.031176091930373586725 0.61934672723948780426 0.78449836376480042155
5.5926550403460941752 -4.3218142334409703764 -2.7899839200732601263 -0.93392220944085646561 0.0050383375140160219577 0.357440794913044535 0.30391210772356597181 -0.51528133364044692577 0.80132551312229416407 0.18821991789397812811 0.85700627906504278641 0.47970146982379141543
-1.1745158052262538728 -0.15084318964148935027 -2.5758012325472452453 0.95539326217278941478 -0.0067080487027566344446 -0.295260421793093919 0.27904246361297679879 -0.306977925123655071 0.90989002466648616352 -0.09674201825277886635 -0.95169299438909338296 -0.29141281086291903613
3.1093027163822610781 4.1465393819171785239 4.0868708924191494702 0.99018452676443802218 0.0050737040781700833147 -0.139674122454516908 0.12052078752474046364 0.47506417986551358057 0.87165862858296838667 0.07077671037089772188 -0.87993652187852122726 0.46978971331164165459
2.3151647037009284169 1.0690998500119075487 4.7852113204326487406 -0.84432700568403418195 -0.0079975544396627597926 -0.53576855693068348163 -0.15817907558928842593 0.95904776195365892821 0.23496121028235086858 0.51194852037911309228 0.28313147019468587473 -0.81101497092656926746
-3.8993411132849855605 5.7114863679937553087 0.33892211961351026428 0.99477323540242001965 -0.0056940989578614011751 0.10194992576717666621 0.073152792887225565055 0.73632601691989518766 -0.67266088462132633818 -0.071238185123354683115 0.67660296632798666572 0.73289395340429253078
2.8157038100395581637 4.6722275783420075257 -2.6924729608927751023 0.93095214230210887596 -0.00026950543934846013516 0.36514111807610416527 0.035828743674193953839 0.99524144829761418407 -0.090613248023167752843 -0.36337915442390938958 0.09743914489258924394 0.92653181444186405447
-0.7104670138704601845 -2.9226766348194361811 5.14317815369405551 0.99998317947402703965 -0.0057224571099950567038 0.00094564991109904496247 7.3745194903451945223e-05 -0.15048384276983914343 -0.98861246584643069912 0.005799597466739565485 0.98859590660176166477 -0.15048088954869487388
-3.0664411893642036233 4.8690962675655384828 5.2775976125490284829 -0.95574234539272551192 0.0064615094760532235801 -0.294134013875279543 -0.17061293176727052034 0.80231007981161661657 0.57200503786811029983 0.23968270012010184367 0.59687250290831161958 -0.76569930033611610654
-6.6253877402678602593 -5.6657415100694326071 4.3676627928027009773 0.98694537667806914172 0.0019192243158262822008 -0.16104390715519489863 0.006860315384649736184 -0.99952240888443044664 0.030131216547046299481 -0.16090916545241507052 -0.030842676858673118145 -0.9864871868187847781
2.7818926140572908245 6.790060776292060396 -5.9681317145294077164 0.97507822230200069669 -0.0018042217329041253596 -0.22185401771517848646 0.091371950860377262882 0.91449059863318449271 0.39415493350622443636 0.20217227057233153054 -0.40460312627972044863 0.89186472248673709373
2.9949723277976039171 -0.058802274809587259941 -4.9549752246636877828 0.86312058050954987287 0.0063530739956601115295 0.50495792097143266108 0.069047448149151660624 -0.99201485770991981727 -0.1055413283366311572 0.5002552482533995093 0.12596094844745814312 -0.85666710340783613908
7.0976780336520715053 6.2971157747301083063 7.4892235205442094781 0.97021997850947494513 0.00045671508947700567311 -0.24222507036293031146 -0.16406359385909305426 -0.73445039118190025285 -0.65853303642487293068 -0.17820305965674551607 0.67866222401442055645 -0.71250351242983089861
-3.3654155524015552103 -0.17579848560679983693 -0.072039885680506385301 0.99454784013602715032 -0.0039387116840673714463 -0.10420691066733626939 -0.051227703729222875961 -0.88885298595379202968 -0.45531976865917933583 -0.090831250410869840417 0.45817557323742952313 -0.88420858853403871969
1.7644691267823580105 5.8749733301723523482 -0.42465695219917520831 0.99964688655484068569 0.0028817440956899736254 0.026415861749645819928 0.018140762732711306071 -0.80041102927922402888 -0.59917701636130227261 0.019416872263125363463 0.59944464278115994205 -0.80018067041899565428
-3.3840277273071364128 2.2379344262306717361 1.9104542049828694417 -0.98231469736070342602 -0.0023491825518096361852 -0.18722263936442753995 -0.06383676858514947261 0.94421292460417938219 0.32308949222618388308 0.17601903966853835182 0.32932724507959115767 -0.92766419749957107488
-6.1453300016069531964 -6.4677744026536139188 -5.0064268449487210333 -0.9998793274441629686 -0.0037324681067348137661 0.01507976232214389492 -0.0026522868765830693791 -0.91543917573505251273 -0.40244761262062245244 0.015306728069237248227 -0.4024390440942409719 0.91531880777369067914
-0.4718695346666094137 -5.9978026761814522416 -0.5647073832821974948 -0.99476620868645504459 -0.0030568301950065716183 -0.10213151249573985957 -0.10056809384223211468 -0.14740389738682083132 0.98395027797949419224 -0.018062351907988532379 0.98907165909467620324 0.14632499656320846482
4.2963902965821647584 -5.8597130071741352353 5.7090436009626142067 -0.96951220155916140175 0.00063544708221131840364 0.24504221520974958648 0.22884373198999571897 0.35990197370318310899 0.90448942263212461778 -0.087616421730174365301 0.93298990644675516837 -0.34907477295233679815
-3.5164179509757325093 -2.4634152911623297122 -6.382201992690657022 0.75956574318455793993 -0.0032173215219192326415 -0.65042257850002760389 0.39257850105948161046 -0.79503472523782625636 0.46238718210143564535 -0.51859618421872100136 -0.60655538453473201166 -0.60261809067232530168
-4.2097740040344744372 -4.5612010045008215542 -1.7321225812036309399 0.98506958147462164721 -0.0022619319705175981554 0.1721418116468802495 -0.065202462427767615694 -0.93032547587989833371 0.36089215538998536958 0.15933159933506715888 -0.3667279544736328778 -0.91658281069458813484
2.9767485376956330789 4.4844543989721508126 -3.9678441168321190169 0.85836849456141772752 -0.0014687791807679786288 0.5130315489635343118 -0.30964626723917171303 0.79583157551602778934 0.52035688964067983164 -0.40905099526714239211 -0.605516264108091673 0.6826619494095174101
-3.2524764449651075715 -5.9395915747388752237 5.5232681376269736617 -0.97671463148604920068 0.0075174779356757459245 0.21441085832217818274 0.13288920109868634922 0.80578627903856003822 0.57710391849698572386 -0.16843096173901500601 0.59215872875324315761 -0.78802224022481537347
6.4732064431031774987 -4.2456072016020574011 3.960720106025118703 0.81581655954450527091 0.0050293835526507750869 -0.57828889534041383325 -0.21223364395264182614 0.93279388209971547674 -0.29129444535024151541 0.53795931216732673086 0.36037519173552928775 0.76205610005703672272
-5.5875631896918065422 3.4083011690884150724 3.4207490237159845492 0.93274198200564040206 0.010027709212871802752 0.36040510547456694468 0.34006454037843680815 -0.35657413212975802574 -0.87017871536429669543 0.11978523857880207792 0.93421321621130981594 -0.33600173105919817207
-6.4448599612788513014 7.1375806946042370527 -6.3935643618227455676 0.8673323146031881592 -0.0036803169246536386952 0.49771589417298128799 0.1194372568332228296 -0.9692162539704773927 -0.21530117212782559633 0.48318671103953780843 0.246183485040736727 -0.84019300994960444129
4.9030162611635086378 -1.7462050321558073573 7.1166090662398673317 0.99696307564994623984 0.0044026430831240054298 -0.077751157704510964752 0.059640116442323899693 0.5988415079288418319 0.79864379099342175383 0.050076764085264083293 -0.80085545831664417538 0.59676029742541025769
-3.3092301283685965352 6.6864220157023765978 -4.7244617638768637846 -0.91316833412839670814 0.015795713980594677794 0.40727642819718085088 -0.22250226796835884113 0.81789687160097646057 -0.53060102541777809382 -0.34149133853459440191 -0.57514798343145545623 -0.74336294154386783894
-0.95164417055918604227 0.23413112373305006164 2.3613315466959896582 -0.75070027763403002208 -0.010880845093612336733 0.66055332893725804411 0.59229041727970077602 0.43182520012705244428 0.68023456111390245837 -0.29264510034981400244 0.90189168071618053268 -0.3177266773439559322
-3.4625138909572816814 -3.6196775208897116194 -2.3518404331010551722 0.9719718836274996443 -0.011272474921171343407 -0.23482672068283680367 -0.067883913326854922188 0.94284693170554800812 -0.32623831425017252306 0.22508316629401065034 0.3330354255669788488 0.91565548847173172664
-5.1741817608558546837 1.0558161822318556933 -2.4605587877707191247 0.95066750587637749437 0.0020784084785999529764 -0.31020472834732298884 0.30717553329158059361 -0.14587099581204379661 0.94040674408885827074 -0.043295323279442451958 -0.98930143677188098206 -0.13931325200122218755
-4.7530683062772549619 -4.4056728651032130983 -5.3377739515526911873 0.92823226111450729547 0.010951637628625009863 -0.37183992666120940784 0.33054525191071204571 0.43428048920501033381 0.83793812011096613368 0.17065961990304304163 -0.90071111813344251207 0.39949314863395912756
7.0059638606951377682 6.4179875938376031996 3.3308372470241516261 -0.93630180830119869029 -0.0052966548225740379963 0.35115647398223232001 0.26025498586007145274 0.66090626170665189854 0.70389648072132326995 -0.23580980918287564041 0.75044977092714360012 -0.61742924712757329964
1.9191808834506924875 -4.3958102644810068682 -5.0094094925883601022 0.94224811990092849356 -0.014474120389669569223 -0.33460272022513865009 0.27191047844070576067 -0.55022155950608142572 0.78950676195252755818 -0.19553304645818217478 -0.83489324784288965198 -0.51450956497334465745
6.9504490767033519916 4.44408842995941189 -6.2313675924126723515 0.93485606018961731056 0.001574966613267033853 0.3550234727548996494 -0.35481674059734169546 0.03855267272160545905 0.93414065965363080046 -0.012215863402539271429 -0.99925532818514517519 0.036600024250640024459
1.6624925477729262102 -3.8640335294591028337 -6.2940613333556072462 0.40726742917796032728 -0.0084451695296003503194 -0.91326990547299125023 -0.74955389885380951931 0.56824228181636227131 -0.33951386108551201426 0.52182582711466407588 0.82281795572761839974 0.22509646351816775534
0.82886907855114222432 7.4035277920652635686 -1.9245476657295923495 0.8660908590284688291 -0.0035340405759995275996 0.4998741186182795726 -0.42103732994864595529 0.53389200004484183015 0.73327136796531300345 -0.2694702037274281925 -0.84554529319571092305 0.46091101793923971996
-3.752943790170484295 5.734728274075720833 -7.4783190478904968401 0.67000068440064508568 0.0021533620027037649741 0.74235735729819829487 -0.68271863100050689255 -0.39092846477454867848 0.61730884192091750595 0.29153791140687973504 -0.92041854526131372527 -0.26045219859211743429
-1.1570313626482580105 -4.4527575186800332219 -3.7977644898476650148 0.32654619059600792363 0.002274966496641130792 -0.94517850691525318041 0.53758418076628089466 0.82205200293269398149 0.18770656105807687064 0.77741291087624242451 -0.56940787578140383829 0.26721496402915789758
6.6127477622013968173 2.7885704307191163664 -1.1720026958758871238 -0.98107135958965763223 -0.0046330457016137277515 -0.19359112138853465379 -0.14475206453308661625 0.68161007535729101203 0.7172548675225682846 0.12863058425725124034 0.73170092254884266936 -0.66937876627111148053
1.0393977855292475532 -0.0087609428282544692113 0.60905350754391651691 0.85356065717070916943 0.0070253274151729589933 -0.52094610978978961313 0.038671805896401671709 0.99629635879285738387 0.076798807834672813688 0.51955624908094266701 -0.085698367725571822362 0.85012769264989229701
-1.9713198381940058024 5.7397081703734214031 0.97127190483597847237 -0.93015305590048102946 -0.0030732929375919121329 0.36715915822669425994 -0.28322643242827894028 0.64236704933409272122 -0.71214279600632990341 -0.23366232168045464324 -0.76639097646066189906 -0.5983701117423061433
-6.1249694905791844945 5.1991655686654691948 -6.1440443503492598865 -0.94514726928657555316 0.0011157180104104562693 -0.32664260979432485632 0.26812635563587411403 -0.56848961705919509591 -0.77777105417295144818 -0.18656070533030710834 -0.82268968054139413049 0.53700725577729480076
1.7096102190013295896 1.0510052993408447453 6.8985210600606947651 -0.93047867310327292412 -0.0097801674406690769503 -0.36621549287922189331 -0.35383204965275305565 0.28303506949703888251 0.89145612907943994063 0.094933237269549289317 0.95905969457568551739 -0.26681863259889432305
-2.1480452734468027387 -2.1781053042212050741 -0.31722546549194657883 0.81430759058051549459 0.0034789958404761816245 0.58042315986778802994 0.51064512134474682181 -0.47969432800907296777 -0.71353690284588722204 0.27594330571657516016 0.87742877104871563887 -0.39239526470927937885
-2.4618361409185900435 3.8837737018682187973 -2.4246050920113888516 0.99961830938807216818 0.0052800732666377185598 0.027117454938494007372 0.02632010788799703932 0.11628185408045706162 -0.99286745456393588061 -0.008395680842349512174 0.99320222071729402646 0.11609849829033506985
4.8479418836531342762 5.8956232437085880349 -4.5679649378896698408 0.91549732114710657971 -0.006262238997629549983 -0.40227532777359520377 0.3620694707991365946 0.44877502555307841048 0.8170108167919836184 0.17541480350253149667 -0.89362282916381374775 0.41311969925137181914
-2.9236044021648508462 -4.7784546244065229104 -6.8364539103585899582 0.95180394794898526278 0.0046724164084900147997 -0.30667150698038525558 0.2708879130708548022 -0.48172283228592482907 0.83340437448249748975 -0.14383665464972944514 -0.8763111783946808675 -0.45977139471682054728
-5.593242642768156081 5.7014447835855293079 -3.5271651020659451348 0.77261514030189548663 0.012266402925722038122 0.63475615817064423574 -0.053559176681048314972 -0.99498985983448096082 0.084419153156514242786 0.63261146019463176948 -0.099220533085110362848 -0.76808725171354985672
1.703692959775515714 -6.99457366015230253 7.4735105841374052105 0.9929778628721013245 0.00066064508294445096429 0.11829846742094771161 -0.039077315246578619989 -0.94202150601617995473 0.33326932897603733785 0.11165987318275966134 -0.3355518525520549411 -0.93538068558723153068
-2.9596046731778331562 7.3563487897767299017 -2.1033970173249887381 -0.7452575666884493355 0.0062840838628533991772 -0.66674708067128141131 -0.52800996247216236412 -0.61620607734968291247 0.5843762056821949491 -0.40718133408073986512 0.7875598901209442948 0.46255030066878011219
0.88797234161539839725 1.7924442033421401632 2.1244648066125333408 0.83623265147405012598 -0.0003037264263280820345 -0.54837474445743805695 0.38633790847439758442 0.7100159870305423615 0.5887446973320648036 0.3891760181255934925 -0.70418549112522588196 0.59385589245588465968
3.7712237939415937937 -2.481961911599767312 -0.60149201103818827896 0.43607761168924563666 -0.0090841570680184578757 -0.89986320886774884276 0.044384459734320452773 0.9989491985490095427 0.0114244672669677437 0.89881384964717492281 -0.044921896761037499735 0.43602257610573819102
1.3030529608565339927 -2.9932865689390393271 -0.17668112466059171517 0.57334739326225170331 -0.0086346115223053538507 -0.81926687356634264603 -0.70630215359447823253 -0.5119751676619102021 -0.48889538300694812545 -0.41522287324662127128 0.85895685059346593704 -0.29963827250760283194
6.161160853968100426 0.24512428119313614538 5.1559735201586596176 0.91888853142625781523 -0.0031133587771527341907 -0.39450497311251397914 -0.37142923291696927635 -0.34389164624054269215 -0.86242614789948945919 -0.13298192263652172662 0.93900417605201214055 -0.3171544822461170865
0.26833996574400498236 4.1143745892941927522 4.3731250971982520426 0.62271156445953979031 0.0034008554730032836133 0.78244408213655269879 0.39169031991870034703 -0.86702903860848745676 -0.30795996410503351237 0.67735441297040022146 0.49824600388927264838 -0.54124109123196317839
-5.2979775640034709738 -5.821010865776902854 1.9890717003953271025 0.94429096502147535919 -0.0016529103178390004009 -0.32910764388920632495 0.32804504721532545819 0.085175387504871857836 0.94081432831411682116 0.026476789388584432566 -0.99636460256817038772 0.080972577906279874504
2.7017771269443588977 -6.6977841153242625438 4.9677736880599017155 0.91330673264260875399 -0.0064487669454204171737 0.40722134707641310936 0.40461325956881466492 0.12843891743319416077 -0.90542341181890895196 -0.046464204404413331218 0.99169645451294263783 0.1199133846390797592
4.7815827032752276082 -0.62370999441111929507 -7.2280544204342893622 0.85009724393538665943 0.0062940649697321507383 -0.5265881318445413406 -0.19712482912072656904 0.93103777453265301745 -0.30710008814308076275 0.4883405344608226506 0.36486853404953650815 0.79271336261152358649
3.1126905800319146778 1.7307420916346920592 -4.1930427539725538821 -0.99943059944671397421 -0.0094537854930634608597 -0.032389856890665882916 -0.013282335400386414276 0.99267203750163524045 0.12010747490749487665 0.03101703493017009261 0.12046929858759959642 -0.99223237784397755323
-5.172872730652226636 6.2024560582200658487 -5.6479900855576179453 0.99645851286593700724 0.00223782516264376969 0.084056078159608665912 -0.077648180035822647604 0.40809784362123163737 0.90963009524135596262 -0.032267511124321669735 -0.91293545345237248068 0.40682633340970619784
-6.7729552161974115876 -4.7232549249352588916 6.3992437711109593224 0.99696573131626442521 -0.0040351225542104539323 -0.077737046297289558172 0.017560521446345730284 0.98457057958523375163 0.17410457174323121232 0.07583507544395765021 -0.17494139476217659968 0.98165398676479809215
4.4651587155142085095 -1.546963129007126625 -6.5102793028227470273 -0.89251594119709898312 0.0096652102081433762665 0.4509122735309352703 0.33372301647778113143 -0.65837002899118679533 0.67466869884359326193 0.30338794139213726142 0.75263237283412864898 0.58438024297545199115
