1125 14.717824617146108679 14.977075390850430381 15.033177056927090831
-6.0138360830036416971 3.4298509285560170312 1.9500509326924493347 0.85390550422238042927 -0.0053168282833440357396 -0.52040092351539679605 0.3152813026873691471 -0.79028178334110088521 0.52540689288874509177 -0.41405686811643449552 -0.61272051887977052598 -0.67314966813425669567
-0.18611725346502522305 4.0511480595025810558 -6.3314008924729572314 -0.9992834574901870992 -0.0011008159213548966704 0.037833315883397861112 -0.0033143388084824563361 0.99828223192984855139 -0.058494449065073853 -0.03770393540053983833 -0.058577927732785334269 -0.99757056875090188708
-0.2641977320123686801 5.2595152685443604668 -3.1260443937574513562 0.90831831759030201567 0.0017393122886096299209 -0.41827599587186214958 -0.39711207385543823012 -0.31049960731053066754 -0.86365038913801128739 -0.13137669020051792601 0.9505719166127398756 -0.28134177901477419592
2.4432461371618616752 2.1274697169765985905 -7.4100142255739651631 -0.97526979308902761456 0.0044051284799599878944 -0.22097381186730488678 0.21521716006282837208 -0.20862445005670468556 -0.95402170460268398422 -0.050303128159168444822 -0.9779859066886603669 0.20251706499884306045
-4.2577410710984118225 -1.6544363322567110508 -2.5223053518589328981 -0.96796247468065998998 -0.0051028302500687686832 0.25104304159558815668 0.1383233365784495017 0.82357512613241368182 0.55008241761926757185 -0.20955978184737536485 0.56718424937537703645 -0.79648397667032100333
-2.1430512093011957475 -4.5285462286841813295 -0.38096889185058979699 -0.8976424794916881833 -0.0080104406006673567475 0.44065157647900571325 -0.28951026383915545726 -0.74313888319525833737 -0.60326479046521086502 0.33229773719330546466 -0.66908925647084172006 0.66475392494633389617
0.39407966196648153145 2.0272347441579854355 -0.47815936794731017656 0.99796839708488316312 -0.0061554168076870556178 -0.06341284778113245868 -0.053590574633879478617 -0.61937088400771300734 -0.78326736071021929586 -0.034454734510606363496 0.78507440340873591023 -0.61844244063804421074
-7.254436774952910838 -4.3997261236118552219 4.8398349909646265488 -0.87268858114788627756 -0.00026641431153624078876 -0.48827714400496974312 -0.46148662929510803066 0.32713745058633220131 0.8246279036060957246 0.15951404739410940392 0.9449767285214786261 -0.28561206423506740881
-0.097759080430735098566 4.0617350440145623125 3.142795115556894725 0.72480709277288801751 -0.00071910243787522490355 0.68895149405300493139 0.33835923059804962065 -0.87071893331220207024 -0.35687752834950470238 0.60013974150627547033 0.49178046124607222023 -0.63085994372865783486
1.9751145768174815931 7.0350288262363793734 -2.5567310009355650458 -0.97924761987387598516 -0.0057467616127334156251 -0.20258596620271351885 0.18199039226734109453 0.41493447931159255226 -0.89146445526498219181 0.08918293611273975241 -0.90983314547751681367 -0.40527774586932613365
-3.4916305827555125241 5.5659809365236556644 -5.8317056881318798389 -0.91048892520603952327 -0.0091457346604982715094 -0.41343230717333390167 0.15646267019180445934 -0.93305267853789863874 -0.32393229525596273222 -0.3827915227817771382 -0.35962349007103855403 0.85096509650838514371
4.6536324362899579299 -0.51328624993715687985 2.973209543006706479 0.89877228934444397535 0.00026941072913884943352 0.43841566956983418768 -0.1603005109716173493 0.93095975546606646311 0.32805133727003976674 -0.40805896398528218594 -0.36512170727071857623 0.83676401738530781227
-2.3757508712406778528 -7.4748687336431505202 0.42059694427769089842 -0.96139780188049339671 0.01088184768300033689 0.27494699840218117526 0.13042999554288958741 -0.86180787864375618668 0.49017873941080986055 0.24228553981217079705 0.50711809837421129021 0.82712088082657786448
-1.0025975866341376719 -7.2276214125441056169 -7.4083062706051796553 0.8774837186570175751 0.011486300806554290005 0.47946886070500388533 -0.46693915752288595034 -0.20778554849320585163 0.85953067950442618717 0.10949952814424659953 -0.97810696282733533558 -0.1769650321533989823
-2.8438393067389418079 -3.125325790847148788 -5.803329886917515168 0.880516874997826271 0.0074389059345263104997 -0.47395642787347225244 -0.41556594642957411789 -0.46887475058106231618 -0.77939810907880624491 -0.2280240711244972962 0.88323333890091648701 -0.40976077416189321534
6.0313638467691879086 6.7006729757884331278 6.7761077085415699628 0.99064180587444206072 -0.00085182278289719858509 -0.13648474952093744839 -0.13083754515427206688 -0.29065959891978027096 -0.94783887572398139998 -0.03886321180558202637 0.95682614510347707704 -0.28805100037038988692
-2.7541335150018810829 -0.32763294732823439182 -6.7459950027174961917 -0.44685460169958085563 0.0028471003553934264713 0.89460206737936642796 0.54765524742247762013 -0.78984819051064258932 0.27606804581065891302 0.70738581757804319672 0.6132957932080134178 0.35138806912422637652
-2.0908782083360608617 -1.3593112275891738872 3.3278471335773933681 -0.51117806234379936647 0.010877694331177079068 0.85940599505967052441 -0.073167063361435261126 0.99573929829554419513 -0.056123352262066820983 -0.85635481514242994816 -0.091569239355351314535 -0.50820419615190326468
5.3107780811704419222 -4.4227699035397369798 2.8716134446614129949 0.38964258566660447958 0.0013888997275890845474 0.92096510595811442723 -0.78956297201892489124 0.51528655761667274682 0.33327177611710423477 -0.47409805805520288668 -0.85701682276204427247 0.20187421046577222472
5.3501300761061276745 2.9498849964583406802 -5.7815820116627190117 0.99643710919959460615 0.00047626813054009068749 -0.084337776698856198321 0.028992325275852520727 -0.94097727295564859151 0.33722576540935789158 -0.079199321240460793248 -0.33846941508724021075 -0.93763848180724884696
4.2894450802695862635 -6.2849407683230671395 -4.1435680817409155097 -0.99643611804143772392 0.0058845708470640790272 -0.084145317686198276008 -0.069246733255505149573 0.51256031043385719137 0.8558544374491007245 0.048165886226740672882 0.85863106162881885908 -0.51032611868303867642
-4.4493479110217757366 -6.6933041400736668081 2.1272650524551242057 -0.89920499124022845727 0.01085527085654123397 -0.43739289754516508246 0.11238999005463015668 0.97187789309608463295 -0.20693441242737922736 0.42284615862501523376 -0.23523503991910099664 -0.87513747613172965245
4.7376647536540588135 -1.4532158943098563153 -4.5235714464947962554 -0.99266189214390276874 -0.0055467678364880916575 -0.12079570046957480156 -0.11702661158945001918 -0.2074731756454877285 0.97121555463628361782 -0.030448974781469795303 0.97822498166535198916 0.20530159566017053274
-5.3600503012249882673 4.4022119679354823063 1.7732642586693541098 -0.80871006102683895556 -0.0079810934177846036552 0.58815332978904844019 -0.07982085341594702399 0.99214756714793772563 -0.09629037523236340379 -0.58276639278018504964 -0.12481789595362664802 -0.80299677726361229357
-5.2478013568271855149 -4.28320166214335174 -4.4747358992621713014 0.88494689081469135594 0.0023090888361830680386 -0.46568623400964775927 -0.0061669398823244701846 -0.99984191475014505546 -0.016676761112591507313 -0.4656511240079098668 0.017629906904695631653 -0.88479275375241162038
1.5166938318936236119 5.6871535529447614365 3.6569126002650422791 -0.97961601095189276833 -0.0075069254329810384055 -0.20073892785688651763 -0.15718871734096162562 0.65085757108363861967 0.74274903520889146158 0.12507668938413590842 0.75916274159996866011 -0.63877050146279923393
-6.498790552373784557 -7.141304682774716639 4.184553145564523291 0.97475508240805330828 -0.007657436783301917356 -0.22314545252307582679 0.072540783389823865202 0.95605596629383338136 0.28406834399347169473 0.21116430584974704709 -0.293084207994764534 0.93247588867436181914
5.4091171153629646895 -2.1890000592329217355 -3.7913434295901726756 -0.76264876064911424347 -0.0038398707922840187752 0.64680145583678172461 -0.28691169133244115441 -0.89421186120129991792 -0.34360853985841038893 0.57969694604777999292 -0.44762752672193439896 0.68086786387949238541
-6.8971548916180163147 2.449163976281047983 4.8760452027405634112 0.9939066107236795844 -0.0053866288218632580806 0.11009374818721322231 -0.093121606603424680881 -0.57543234196954096138 0.81253060631523688073 0.058974702572959170066 -0.81783164774015182363 -0.57242762023781068592
3.3999722093255537736 -7.0651056206056530584 -2.0037082763960318843 -0.74223606954827636706 0.00557392897748735551 0.67011532468461942891 0.15095589069561046736 0.97565548654810052565 0.15908705363022027091 -0.65291495321047066103 0.21923800510911123363 -0.72500811098221673578
-0.331580040528568043 6.952547916280897411 6.714312303691173156 0.3900186296320983792 0.0038207925596340317625 0.92079903892437686697 0.91492326564055781457 0.11125650037852659324 -0.38799150649617786257 -0.10392731368386427804 0.99378437936385155549 0.039896375809358800013
0.90408785182872442032 7.4789122534504786088 -1.7232105955930703267 0.94238700814579212661 -0.0030262081754668587741 0.33451093994419495159 0.26802501273240819657 -0.59152622360222983922 -0.76043363901180949238 0.20017322355411468204 0.80628008089934277702 -0.55663552861542819894
2.4078368147109872055 6.7045584571420571152 6.195553367148626478 -0.96342225828849181735 0.00098682707324429215848 -0.2679861533860594669 0.048845600543562579798 0.98388886835690925192 -0.17197907439813717168 0.26349887958379514252 -0.178778412834515954 -0.94794863761840841843
-0.11784207141167533928 -1.4442809084436105671 -4.7076724412541475218 0.9725794439002544145 -0.0037691056446341152097 -0.23254036025063867799 -0.13011980919473167817 0.81991345399817872064 -0.5575040477054171717 0.19276426162020682264 0.57247508399530522283 0.79694053582849788686
1.5987782837414057369 4.4259368788885566914 -4.6027067301297961421 0.82874166591927111991 -0.013919551063315894687 -0.55945821762450997916 0.41184866476279591296 -0.66168005656397455017 0.62654623139765752704 -0.3789035873444215885 -0.74965708750314308251 -0.54262908386289654405
-7.1076107356985600561 6.6541428837977205646 -2.7882116053684669055 -0.98411734345187973361 -0.0072500419551484295705 -0.17737105516024237462 -0.060389243759185848304 0.9532469553627229697 0.29609691205721194729 0.16693170326579523377 0.30210541038396737656 -0.93854468591609951922
-2.7763943928226817448 7.121724819336524348 4.3926536578571129255 0.96699842992230533589 -0.0034353207210505772723 0.2547591707855197396 0.14264121670111143403 0.83581473795007865668 -0.53015771910192110994 -0.21111020777263189707 0.5490008400693421331 0.80872155763111852611
5.8154387856958784653 -7.3565098474886001512 5.8688572893604495917 0.98277024165719539806 0.0023673724226147187938 0.18481625377870372628 -0.078216325001764522296 -0.90064613446528707374 0.427456134563562129 0.16746599241700019234 -0.43454681683400142589 -0.88494305204529544184
-3.8991672182739920416 4.3339113734767993336 -3.9991433012704677985 -0.9808673875495694805 -0.0020655277285711436813 -0.19466612863279006418 0.13999700075701801416 -0.70232640790665457065 -0.69795304751546338728 -0.1352775214908808199 -0.71185205650617511264 0.68917823661739685548
-1.6081536887038765382 3.7077829629704135428 0.98196686251943987589 -0.97378099991403388458 0.0052551481141738303968 0.22742679618913377859 0.093642639524202458956 0.92036383181725345271 0.37968601915985950024 -0.20732009133106230059 0.39102787688456980275 -0.89672491837223444744
-6.2447418328123704967 -3.3398213093773199134 4.8082331990299422841 0.96522176341801302346 0.015508134293076052818 -0.26097211574237844101 0.16882257552925353239 -0.7991702426028525208 0.57691061814602639934 -0.19961434170907543795 -0.60090466890239346842 -0.7739946340093135646
0.45814952735468705836 6.204174200824140506 -2.4195288481605730091 0.9621252483106843556 0.0067238581075643594209 -0.27252485445406915421 -0.070631560120615610732 -0.95940921757077934906 -0.27302955143196944165 -0.26329866934342865958 0.28193748060939805011 -0.92259691509875429993
-6.2869225767701157892 -6.3945998879681820171 0.44357168056427159764 -0.9267615620086547823 -0.0091930827572029999439 -0.37553760718832773779 0.37556012912019076655 -0.00079462827955664467466 -0.92679768988761912496 0.0082217150596610652502 -0.99995742699147693866 0.0041889862929146513132
-1.2604509337145846093 4.260453415618848716 -3.2061159165632342471 -0.99928256805040704958 0.0076941893747275664009 -0.037082996649828003921 -0.012668217788660965373 0.85483844394523988974 0.51873957918338753359 0.03569125171137882413 0.51883719431354979879 -0.85412768386702209167
-3.2672710065665886425 -3.7057798470100551391 -0.97257668505298200401 0.96035620168278668096 0.0012585673224977792818 0.27877299348706380266 -0.24211469352932463162 -0.49193195656599836285 0.83629147148961213709 0.13818987324195741717 -0.87063273894184800561 -0.47212518765261246578
4.3104670706655996426 -2.035950978431986691 6.0175781607933336304 -0.97355168755990717511 0.0064190678935574542463 0.22837667835563138508 -0.077847769433616320622 -0.94910678277127791258 -0.30518197799308854901 0.2147948706173903044 -0.31488904468869582942 0.92450422015886080107
5.5601212032446971634 -1.6654025897643143228 0.72464153417343246666 -0.99883587320340128102 0.0047538110785163324723 0.048003121588484763682 0.025861581102367917767 0.89280248471290368784 0.44970535010530698905 -0.040719491952758958553 0.45042327267878784491 -0.89188609048711231519
-5.5415260957295826572 2.4065349817726198189 1.8235714339986957011 -0.98100334644707298803 -0.0080971264184266731473 0.19382175007832314062 -0.15229452953650715608 0.65102496810668797345 -0.74362145421907710485 -0.12016160174080048328 -0.75901312732089565305 -0.63989082039176847783
-0.047328907769727285304 0.44043033134540243712 3.8953293047923369663 0.88114582781810013579 -0.0042264853168725580179 -0.47282572576005960086 -0.28093124254191842448 0.79965738803535757473 -0.53068417983238447277 0.38034151375113606219 0.60044166959197520228 0.70342741937960784337
4.2829455917107832619 1.6081056143236895917 5.4232295633650613453 0.94557358906553445888 0.0077822843129784049013 0.32531526818245065646 -0.24402959042684835289 -0.64438301663444463863 0.72472069576442055272 0.21526761637060679022 -0.76466330101808799302 -0.60741245411841116031
-1.900871075528210552 -1.0057852563045706074 6.7714738726783121336 -0.99947041839516870265 0.0048593676662677873224 0.032175600983269755928 0.028362814745126523064 0.61478426049298029454 0.78818517100352414317 -0.015950971521375919421 0.78868035324585672452 -0.6145965074026702446
6.4218082789053685389 -5.8525442778079312944 -3.9602146509206721525 -0.80791044784995713623 0.0024907230576774914976 0.58930001234829709755 -0.46577115937866520046 -0.61531891689364681675 -0.63595586136458237547 0.36102345539592539669 -0.78827433474113028922 0.49828268868428393645
-1.6539249622327398814 -2.1087002154683718302 -4.870220368852050008 -0.84635941655834734387 -0.00060956624428162332896 0.53261183467142303449 -0.3896328071733796139 0.68249522747099411468 -0.61837411010940468437 -0.36312809527395356612 -0.73088979532371745051 -0.57787376953311320182
-2.459165030524534501 -2.4561323431539627826 3.842667320686363297 -0.95145111095478385188 -0.0061994814171890347959 0.30773746910787885822 0.30182054311002759484 0.17731927234932517989 0.93672954229623417444 -0.060375021487294469602 0.98413385374335582423 -0.16683948782200527794
-3.9094392910227626636 -0.22865058404628854638 -1.2445463369037395029 -0.95631664940100802319 0.0082529855894247355907 0.29221628001751742687 -0.22049016663827059048 -0.67669613558348729043 -0.70247165530167043901 0.19194413899428947046 -0.73621615597269396414 0.6489554832116815053
2.0577822138422132703 -4.2532058755248929316 4.6905413168994671835 -0.80437429864223919385 -0.0017288349862698100187 -0.59412035717797950785 -0.39457318686721731815 0.74917087734280873867 0.53202913148323038861 0.44417787865804131409 0.66237452220856107843 -0.60329595095596977306
-6.0514269796375534938 6.0718762583959797752 5.0323467776373149718 0.99672111899371140797 0.011402255232433863852 0.080106176587684693735 -0.07542562642921057936 -0.22746553351622014749 0.97086065217404937666 0.029291395146701530716 -0.97371937417194165398 -0.22585967885517924114
-4.9225207816014533435 -6.5619120422890908628 -4.0687673647862512283 -0.89251313804786347461 -0.011385979174578248624 0.45087765290625914094 -0.38062932295794005277 -0.51727154359432903075 -0.76651905957531818459 0.24195374954023030067 -0.85574558699752312219 0.45733781105174747816
4.449218389824776132 4.1223601383799746145 4.3803586873798900925 0.99786914522257330606 -0.0043976359239146388044 0.065098616045279750209 0.053940917389936435256 0.61693777771216906647 -0.78516122921521114275 -0.036708942287432037854 0.78699964372924458011 0.6158603854173426706
-6.4917472659988399997 -1.9955401684818743213 0.83570238054489665025 0.97384830830338753316 -0.006938199078134820591 -0.22709322712944629563 0.19408284282702148449 0.54503945666336850451 0.81563707664629514493 0.1181157167133377317 -0.83838168638962495827 0.5321323382314567807
0.77798658799839126576 1.2199783186286312642 7.1188728283294366861 0.75733931549114164028 -0.0049679767361997424768 -0.65300266493978642579 -0.55825717428945853538 -0.52373094943384190803 -0.64347091617208762582 -0.3388009571498337702 0.85186924572504740816 -0.39941544740048284812
-6.8375625766559693375 1.8242036187053127794 -5.1176078927284374132 -0.94186380293165239408 -0.0094011625539429273524 -0.33586335743822831601 0.21928657430617548574 -0.77456370506277882892 -0.5932659312049219924 -0.25457017707519974392 -0.63242603120212526058 0.73159506559424902772
-4.8257766623983755494 -0.92168265568788254605 2.5093276737949161692 0.97301329276833214976 0.0043147190725081139423 -0.23070872392583455235 0.16311331354755009837 -0.72006488343423957765 0.67446320180461394322 -0.1632151311603809718 -0.6938933252627869086 -0.70133649136210152175
-3.2427471410024377718 2.9223847540365799347 -5.1970664304549858414 -0.99753568726698449431 -0.00051043084127767521241 -0.070159048520044176023 0.011736872772694289385 -0.98709649945474187138 -0.15969579387608634491 -0.069172237540754133445 -0.16012570132422115909 0.98466997584414339695
1.1691995941471724496 -7.1829709664797958268 -7.0594954201567290397 0.37745316829566694095 0.004435034522440773827 0.92601805393435010494 0.79352578586929622961 -0.5170046298206453228 -0.32097202355430815013 0.47733209917628094399 0.85597111120225644054 -0.19866434980416222689
6.2258531360099436114 2.4467991928040762062 -1.6344675997755218066 0.82446620663302838672 0.0047102943888551965929 0.56589158612494849798 0.14981293572230947042 0.96247286584861357905 -0.22627873695004113719 -0.54572113612222317158 0.27133705171275535051 0.79282068966284202638
-2.2241466488241736776 -3.5292502012791535648 3.5022645919457811026 0.99969456927044431094 0.00063735540114435388498 -0.024705504434079046672 -0.024694696212832524529 0.064982560528342850348 -0.99758079312205705236 0.00096961343069219396024 0.99788619621939467219 0.064978452155479399233
4.7751275607274630275 2.1756278542440052881 -1.5060411613597306513 0.78836150064469434628 -0.0080216069487665710852 0.6151599776670561015 0.5999930711138752315 -0.21100893893822514347 -0.77167580129455959348 0.13599433413464939724 0.97745121694643710697 -0.16153841516229316966
5.5503257319555610039 -7.1883248432745894263 -6.3215001182475889507 0.98874886769427716704 -0.00025000139950449889363 0.14958480582138902748 -0.078361586954469028554 -0.8526689433101805049 0.51654151314710672338 0.12741718221380912701 -0.52245153900973617667 -0.8430950427222476673
3.1359787188791590218 -6.2695276839919964473 -5.3055292273999326014 0.96488374585824732144 0.0011829486280797137446 0.26267462308149347461 -0.01520315394129608845 -0.99806206302827893406 0.060340553974952894356 0.2622369559934119021 -0.062215102477717373897 -0.96299587742362391385
-4.3468952028192351378 -0.54203599583283934571 -7.1686099602119686125 -0.93815775606246798457 0.010425785417807281741 0.34605104787900103913 -0.25025017129618015721 -0.71113205570791004906 -0.65701297636418420911 0.23923811674976844244 -0.70298115361865387563 0.66976310823371720815
5.0318274904539688208 -5.2885337916699555194 -6.0748569822840128296 0.97069786377272671007 -0.0026205002103098645749 -0.24028897237638030537 0.23710308293552187497 0.17309132203275628958 0.955940124850652162 0.039086894600354749052 -0.98490229323305078513 0.16864070521348370479
2.656251127285551128 -5.2987587734284709029 -5.5158168064038601841 0.36964128742882579326 -0.0029919963995598576612 -0.9291697189348129271 -0.92917315757412832777 -0.0029128437484613398101 -0.36963327580856614185 -0.001600584776691898678 0.9999912816114312486 -0.003856790055283264209
5.0533599539551028457 -6.3920237991558526147 -2.051165890662146829 0.93099292919089116083 0.0061465043870973790074 -0.36498546036846502005 -0.29480347118418853691 -0.57698924689587571812 -0.76169175021417068194 -0.21527442759027967667 0.81672861432072452192 -0.53536089825026300648
2.6175646215735257627 -6.4573570312028900631 7.0636876386415758944 0.90839923261191535264 0.0036309581908890681094 -0.41808808920222778616 -0.21035954907493772947 0.86814870301749968995 -0.44951828612655675421 0.36133045028500515583 0.4962908880806101708 0.78938942234180564661
-4.8237018746228947919 2.365604950650311622 -4.8381594100523024338 -0.6215493977522316138 -0.0070456850912521684638 -0.78334328648137763196 -0.32981098360747146403 0.90937150986539239117 0.25351168047383348947 0.71056390370301703019 0.41592525213842934662 -0.56754305862001197536
2.2626386873609969363 -1.7466687169945502855 -5.8239443315836592063 0.94074246487308677001 0.0028478754475124005464 -0.33910987067613834745 -0.32117748106190074919 0.3284512136120276149 -0.88823691993502584818 0.10885146045557408945 0.94451664351783548579 0.30990267774649016275
5.7628740077962961053 -6.6131285332374680763 6.8653842871005652526 0.99386898743327822814 0.016443500419998726553 -0.10933456503952709848 0.11040573799389133414 -0.09468024291621929267 0.98936657747231471216 0.0059168265551688345449 -0.99537192189422696309 -0.095915213956081782354
-7.07199692598311902 -1.3997700779229111934 6.0206490422355347647 0.98379668348070103967 -0.0020096540408852565929 -0.17927645373309519794 0.064469798486273710569 0.93701772292589824431 0.34328039851691138917 0.16729533961120418573 -0.34927603441034887899 0.92196449016807224819
-5.894689421203819002 1.4507855969649006145 1.1503125691056454993 -0.98359196167186091486 -0.012672637021223003007 -0.17996182152163209267 0.1767055461794986293 0.13336816056853548207 -0.97518617899144988126 0.036359357583387243162 -0.99098553875295092297 -0.12894052543179965187
-5.8732410244574770886 -5.0853665148725246681 2.4781057824288033054 -0.77355033260088823521 -0.0037279509837093906949 -0.63372390306381631842 -0.089087388764115718609 -0.98941320207486138649 0.11456418604071171019 -0.62744188583181659258 0.14507797193739330188 0.76502879812612956112
1.4870346367038542734 0.084434874501174095318 -4.2976703637134958669 0.97847951924957599079 0.0034197701094481449194 -0.20631562127363714532 -0.096049721414286276522 -0.87738646017790644649 -0.4700717503878495962 -0.18262606994989830089 0.47977213827907910781 -0.85817621378461950155
4.3400930480496846542 6.683203164747722802 -6.5827298789173385174 -0.71667438644133685255 0.00024264574094378038929 0.69740788993400448792 -0.64188926775779575618 0.39076538630264556762 -0.65975797138432112909 -0.27268295098235190155 -0.92049027913977721216 -0.27989579177394013909
0.96907961554177490804 1.320371386106117928 1.4163861540059055066 -0.99994596545986769165 -0.0040082060560233355451 -0.009591686228852931706 -0.0071915064262943785567 0.9329841979203833402 0.35984547887407769551 0.0075065568552979515526 0.35989501346229019196 -0.93296260958796428664
1.3059971987425416096 1.4352255091595256253 -1.510808000776299842 -0.87127956360904945665 0.0093289277516739165658 0.4906983728769904185 -0.17870955642060884494 -0.93721091217465835044 -0.29949724630544372062 0.4570938814741354328 -0.34863831861630295572 0.81823988310964912429
4.0944658948467651527 3.1783672104530253932 1.1458186643659613591 0.82897746233547953132 -0.0029528123959754659297 -0.55927421524569909117 -0.43446738597233547363 0.62630087796391942234 -0.6472907389944686507 0.35218526014886331055 0.77957584054451867228 0.51790641179015484141
1.8001602711480759744 -3.2685463754378520917 4.9466146454948036748 0.96951640455943721708 -0.0067848860957413995726 0.24493245315993097955 -0.035035634437702994903 -0.99318370796719268601 0.1111693597542109252 0.2425086505875695686 -0.11636188185688720043 -0.96314561040421120541
1.1547234153362999631 6.7040266764207769867 4.1104258381222429364 -0.95169097526157087064 -0.012441188214780326063 -0.30680532009959338158 -0.30532387629022644804 0.14436726305757136002 0.94124142701245128162 0.032582482605250796814 0.98944596122941341765 -0.1411916131865232904
4.9234196889080816817 -3.5538994362039444397 3.9912538650643010207 0.96168486121839902303 -0.0040752018289065342072 0.2741270151470330263 -0.19631106665614592166 -0.70820506929748905378 0.67816483610521571812 0.1913744831781786504 -0.70599502303588590468 -0.68187010099938694108
1.8042035595133782966 -5.6185804346715704227 -1.1284354923481541011 0.96769783983727764021 -0.0068728081805889996991 -0.25201915657757306688 0.23739258053128933779 0.36141374387628738551 0.90167891649180442748 0.084886120673664994252 -0.93238021763929934682 0.35137085290608693899
0.083602190330790249195 -4.2555439489368644956 -5.6889290329581507777 0.99967006574037620137 0.0065475207115968884347 0.024837263037863675785 0.02146403599063549314 0.31819332030218017149 -0.9477828369801758468 -0.014108678948420912483 0.94800323885922699318 0.31794780120444315896
-1.691353688054064941 4.9875715685906465424 -4.1830101636745320448 0.98026905823993570888 0.0017071062084549298681 0.19766046454885527472 0.020802033538411885544 0.99351912822051180463 -0.11174532321645470889 -0.19657021355726209122 0.11365222236487698693 0.97388054888350328309
4.942882520745234487 -4.7075043472522652976 4.2096525492991148099 0.81816266448545715839 -0.0063762250650839426974 0.57495147464443063789 -0.07945433009593150242 0.98909185744967453857 0.12403349126695920046 -0.56947068745544371371 -0.14716195595596409662 0.80873141082084598619
5.2012525795399255912 5.891185296246147729 -2.6434621442290993087 -0.99520951486921749307 0.0078540264315548179858 -0.097449144595425349347 0.018354577707058963854 0.99405389309467417913 -0.10733110965833864148 0.096026720191687703343 -0.10860557947042108473 -0.98943605003906598405
0.1811017284963007401 2.4650175850500990471 1.3940628836496982146 -0.99802441532442731642 0.0014391374158693628731 -0.06281078967717931838 -0.046063199255319514647 0.66310375762183748627 0.74710881958528585489 0.042725262910087401236 0.74852610877063685546 -0.6617274487264602767
0.07184164451146091146 6.5829444267676384683 -3.4544858122325323713 -0.99479678774927771112 0.0025068712884493806262 0.10184825320119461622 0.091203290929486618976 -0.42359435946097784287 0.90124901018345271453 0.045401660844375461845 0.90584851615997241669 0.42116167318896424732
4.2005711398325962236 4.8666544939442593076 -2.7381460153476178121 -0.89004991393092391938 0.0019531867292758506305 -0.4558588989733272645 0.4555926431513975805 0.038251381198698738983 -0.88936616494141040867 0.015700134326629994891 -0.99926623924657664855 -0.034935496048196817975
5.3559576228715997104 -6.8172276584896378537 2.2344845635251777693 -0.99462244308816083471 -0.0065176395722724694143 0.10336206305890832668 0.069185521649646752884 0.70085067544180001953 0.70994485301807785937 -0.077068536378117780128 0.71327824241815318551 -0.69663088475421175438
-3.2369819616518507033 -4.2944706500750120526 -5.795340482054804454 0.99933877065380327664 -0.004067501158243876612 -0.036131383899418882677 -0.022184369341433404776 0.71911203396815148725 -0.69453994583392952844 0.028807555000123115374 0.69488224760491257292 0.71854630104009464819
4.8017038653376236113 -3.8286890073097756826 -7.1064094428685251614 -0.95137106293566686688 -0.0059761070608854247738 0.30798926402221177279 -0.054746660254040395432 0.98717572953452725759 -0.14995626765450389972 -0.303143371690017982 -0.15952543735168453476 -0.93949759501451834964
6.1627088095203692575 3.4849823704631863741 7.1639251910760535225 0.8784875091890010923 0.0058655241336877210478 0.47772930810809666191 -0.31674071923272972828 0.75574593556867475375 0.57316960635697189463 -0.35768004274590875502 -0.65483866448014793615 0.66577121485027412895
-5.463136690810251217 -5.931011948968111902 4.1277583911837343322 0.9990451885653660602 -0.015395424777409110612 -0.040886331459550576128 -0.0101494701309414459 -0.99203612043541322674 0.12554411179964003464 -0.04249352256942586642 -0.12500926624623329153 -0.9912451684079742753
-5.5126060817915298884 -1.1701853381329176962 -1.0069393949862650572 -0.89099298568870066717 0.0069644365168315272921 0.45396365061262455853 -0.4355974370206849855 0.2688019878377351235 -0.85906947576755554596 -0.12800926651827990166 -0.96317027983557779169 -0.23646699500558895912
4.3413866799401725771 4.1496102927434597163 5.9723587786912686326 0.92590838025441268844 0.0037364932836624056497 0.3777296784640690186 -0.29692454054625627702 0.6253465123832623318 0.72164919224749768389 -0.23351549969116294769 -0.78033824593445177964 0.58012303293000777593
4.2963061971016411889 -3.493562646823710871 2.4424382344581996307 0.97652924656991280106 0.0079004200016943634116 0.21523989861861170247 -0.038548775172372401476 0.98960215391573136401 0.13856972576286344379 -0.21190710824863176476 -0.14361462435658509107 0.96667999728181830399
3.9689053784356476129 -3.6587203070136005145 4.888624085834531563 0.95072856448746689839 0.006812181646985433596 0.30994965857175077462 0.1982144559570556408 0.75537313956552165628 -0.62459783018566239488 -0.23838252057815403906 0.65525950142224864692 0.71680454775258817257
-1.4445341950290091493 6.7722807984549051596 6.8310761883636166303 -0.58314620349779366926 -0.0036783250009786135418 -0.81235889560667184917 0.81231318906319704976 -0.014173761600481270609 -0.58304921520923180811 -0.009369536815173431718 -0.99989278145579607582 0.0112533271785444592
6.5812576515663652188 -4.2394424243389972062 0.27733698814915808128 0.93214899156260622171 0.0071853118422639250529 -0.36200363095190218887 0.35988146890032818304 0.091498330915605038949 0.92850061054460997223 0.039794294449965156302 -0.99577930623869026494 0.082704216312275063983
-2.558807730870891195 -6.9755347158359279902 3.151241928097611833 0.93161238476477348236 -0.0026998110674696694858 -0.36344335951148776243 -0.22670982770756406555 -0.78590625772065125787 -0.57528602285843211117 -0.28407924699565345605 0.61833976509325294657 -0.73277207665873034248
3.750790769889434273 -0.83396811856784758277 -6.1331614694272786892 -0.83195807149347311693 -0.00037592416908824245921 0.55483837823098158815 -0.55413337368775084091 0.050962759914847263754 -0.8308664160184494607 -0.027963752294186693809 -0.99870048351988038871 -0.042607191584758459524
6.3493680647012027407 -2.0951610650393730495 -7.0264914229058756945 -0.97838402512870503713 0.0025699373073553317265 -0.20678030562686169902 0.19114164970106312103 0.39287733446525052727 -0.89950668136093692162 0.078927619515975627751 -0.91958729628338087281 -0.38487612993254716187
-6.3950539147973533005 -6.2925187872472605477 5.044114920524602752 0.99859196238874936569 0.0042969954633131418262 -0.052873703129465036976 -0.032199721854206164728 0.84119485530978510557 -0.53977253849449879919 0.042157686904524913074 0.54071503699295331291 0.84014878337386678098
-6.3150698314164470659 -5.3591609044185357646 -5.1602936553253817564 -0.80592408226625167345 0.0068308237172706592899 0.59197948737316985479 0.20874441980214372694 0.93899153601765239507 0.27335080480692269811 -0.5539965169788999555 0.34387241112730043691 -0.75818178825442739122
6.8633845828888659923 3.505019412376090493 5.3149314864260102098 0.68175302525042125179 -0.0017562976197592469405 -0.73158029496464316299 0.26287955949430019675 -0.93261973720463253734 0.24721400238787519243 -0.68272040379799125986 -0.36085639968727861726 -0.63535463250292667503
5.8253893933706066832 -4.6339056714672102189 -5.3623802851300537142 0.76001650694549705012 -0.0059138635312689039752 -0.64987686171208447483 -0.59115761266214883474 0.40915982788231786138 -0.6950689981857001154 0.27001404808289081183 0.91244356618121624791 0.30747219772275952154
-4.4018083769586704435 -4.8311810647398170104 6.0285879216953963677 0.82097295121467162016 -0.013410450734457152189 -0.57080957699119616588 0.32436156228075369024 0.83369252531640347659 0.44692991636979406689 0.4698861460913655308 -0.55206605858601087711 0.68878884766583459154
-0.43760341740401981214 5.0978805612909097178 -6.7879003804130615407 0.849690420592602913 0.0019966663408889024148 -0.52727810733681867994 0.52713859375935645524 -0.026528414829775658068 0.8493651430191478946 -0.012291953569893102755 -0.99964606563027114117 -0.023593459841594350418
-3.1417640488436142654 -5.772651755364271331 -7.4801109338768005941 0.74788780811151456263 0.0017211054925942558674 0.66382291635186652101 -0.66213094377803494162 0.073333123128163743565 0.74579143622323140761 -0.047396621922917582526 -0.9973060166509659652 0.055984545922429573839
-4.718232488768957289 -1.4899973133405655101 1.1009680275856903453 -0.87081963918108740152 0.00039207933206325280145 0.49160248401559436537 0.050070261949128683221 0.99487007827556173112 0.08790049044400748135 -0.4890461377873779325 0.10116013852176852783 -0.86637203411080054849
-7.2513226947424973545 -0.46793894928351720264 -3.6858229112072615763 0.80292274114196759971 -9.6979218051242502274e-05 -0.59608310020679411423 -0.59160460729765684817 0.12222222857943823571 -0.79691010500887615731 0.072931888644592976489 0.99250275437211021856 0.098077633447319387261
0.24825227732593849184 4.2272237506597356571 0.76418455866720524927 -0.77976302092448279701 0.0072469610312523953174 0.62603283680230914499 0.46943433837097270356 -0.65484623438144429208 0.59229030996173970269 0.41424755057457052221 0.75572739190281057464 0.507222905605290042
-6.5879527971777136486 5.6685354827052529814 -6.3310287043631987558 -0.87906574128284953318 0.0069170162418602755203 -0.4766503722739640625 0.45127611952075552537 -0.31010804652526730019 -0.83676930119986492329 -0.15360106266850881429 -0.95067615641007052751 0.26948387554828695523
0.29953573758913609737 -2.7184601537141408478 -6.0485325351146439488 -0.84783891563044355699 0.014113494780571094606 -0.53006601702775502094 0.20272203877055078314 0.9323336514736012548 -0.29942901884518086097 0.48997239528290764676 -0.36132363830092228962 -0.79332986850724585004
-0.823441237518122926 1.3590036433898633472 5.888569115128142073 0.97899060701206608304 -0.0046416315072759974786 0.20385251197640641418 0.10928586693036246302 -0.83207808869193700119 -0.5437854849186581907 0.17214526038033525768 0.55463908046219156933 -0.81408936840667034396
-4.3201449519488095419 3.5998356440478853635 2.2709543429537188963 0.9831736400428905398 -0.0039537545124669424418 -0.18263066924812559888 -0.043648416291770866793 0.96572169025637932815 -0.25588363121446600079 0.17738209966053203326 0.2595495806075552303 0.9492995343548532583
5.1236365615342549518 5.2100566359292876939 -1.4532685589737552867 -0.95455840581326267813 0.0061409974137285796431 -0.29796063169836833895 0.10442016232466651282 0.94330225196990824532 -0.31508299085880958623 0.27913201104745022363 -0.33187821498145131383 -0.90107833778721369011
0.27320739487022049907 6.0480377389814146127 -5.4016969593406614081 0.96514016889746356842 -0.0029771364954179002985 -0.26171662354320401889 0.17960062429411627338 0.73490243498464957739 0.65395873478898070008 0.19038925950207583049 -0.67816631272273897313 0.70981855579749342233
-4.5117622955783991401 6.0058767203130223322 7.2108430894970716452 0.99653035213182994401 0.0078422759191384243393 -0.082859857521215177223 -0.037457353804053766799 0.93129060954067521827 -0.36234617043264050196 0.074324988570626249196 0.36419266781426407054 0.92835310996648923165
-5.1001322937778184041 -7.4578731908897566427 -5.8377573884433289209 0.98011208087672796463 -0.0032706988545870251117 -0.19841776999199339793 0.16425226791479516364 0.57446834500054111405 0.8018773678544395267 0.11136202855743711215 -0.81852026433144520201 0.56358058472079697321
-1.0140524782707613927 -7.4772257437389457735 -3.0803511120101889631 0.95264402905821676804 0.012766515952720540461 0.30381963394448568971 -0.10668353748241191092 -0.92158154239584122447 0.37323730192144155549 0.28475950682977169137 -0.38797484040296531527 -0.87657717657043066062
-6.9280775030284926785 -0.64280580131056364035 1.1847554005448353021 0.99913901360250667594 -0.0087318857696823334869 0.040558422899953518181 0.040242074045952640204 -0.033781377516627721092 -0.99861874306940412449 0.010089944187365321171 0.99939110097294692192 -0.03340090301636532838
-2.2402594086351030889 -3.5395813522889167935 -2.9781864993422875187 0.98923585189652607497 -0.00062824435482255504282 -0.14632851612571609601 -0.14248628623021480921 -0.23182435901156045466 -0.96226562071249099883 -0.033317976511861767397 0.97275745788865475294 -0.22941848348209314956
6.3768178632553764729 -4.105235827656621872 -4.7324110682991777921 0.81302074710923011303 -0.0017011120603522980957 -0.58223223114807487466 -0.55820032383766293727 0.28207178398786519891 -0.78028706713976858644 0.16555863987561897366 0.95939179426114606919 0.22838065125326376115
0.20277742999079176323 1.0916507060452587119 -0.19344655533779908652 0.94335604431587971597 0.0070505500274365530758 -0.33170719527482572797 0.29974413960385359879 -0.44673574446537100968 0.84295944468887673562 -0.14224213308972497027 -0.89463817510842358338 -0.42354422580504991203
4.7188060962232194484 -5.2153364744558912136 -2.5632885825974658367 0.87388989660892613109 -0.0012108967899696295757 -0.48612239439658633255 0.21158536390998497478 -0.89935945717426402091 0.38260188260155247875 -0.43766206413622615878 -0.43720830335228760832 -0.78568493500629543735
0.38876464108204139558 -3.3395623856785441319 6.409924986091233734 0.031680904112875503398 -0.0060650612615860514942 0.99947963228197223007 0.35945488941106168435 0.93314486290515352707 -0.0057312574862873324685 -0.93262452401434903226 0.35944941210933517572 0.031742988850139097767
5.8149216194261326152 -2.3366977554192813749 2.7042441171270499289 0.96065358183088145339 0.00086408433128958407957 0.2777479956252764115 0.26455712312196882907 0.30168057062636205456 -0.91596853762130381327 -0.084582647871864397038 0.95340866718575112415 0.28958192107616792521
-1.3572307295628089907 -1.0014598480322363105 -5.7953828986039583882 0.92271051650503499442 -0.0051467294450347044615 0.38545922470082355504 -0.38249261296640041374 -0.13674682478493355164 0.91378318376815048651 0.048007330243629360578 -0.99059265951606800815 -0.1281463193213809304
-6.4595032526837510289 5.144827117567492003 5.6182236887772329936 -0.50567725602203505986 0.001902145799748939433 0.86272063530631815098 0.59728114881514560164 -0.7208159227940637015 0.35168115490683787838 0.62253171968344667153 0.69312393357025148255 0.36336410210699487955
-4.6819092365225305485 5.3638147614351803227 -4.5335760616289295655 0.97185299701442362519 -0.0020106938855842483235 -0.23557951800663515241 -0.14206896667184068517 -0.80268409936335494148 -0.57923626037917641529 -0.18793126643251731323 0.59640103432120528115 -0.7803766048247003928
3.4826133221066211121 -3.4897567826925182111 -1.2898006507881176752 0.94945750830832598144 -0.01102691603047138702 0.31370184417666208132 -0.13731389044926334275 0.88409667449057149913 0.44667433958591590271 -0.28226819765370558812 -0.46717392615355873842 0.83789807692571272035
3.2271317779744470577 1.1044079474079107062 -7.0449029249736412339 -0.62480511937376814746 -0.0059074060930279824813 0.78075839115416822978 0.38175677752184733471 -0.87460249886113339279 0.29888498089092624399 0.68108760495290188164 0.48480467359469375799 0.5487113110190933174
