1125 14.717824617146108679 14.977075390850430381 15.033177056927090831
4.8128028263209730042 4.2222060484365488975 1.6751495720140563428 0.71772388357506400336 0.0053361932920686552112 -0.69630736890187883148 -0.11625522412961367125 -0.98501733276114677995 -0.12737965702085410347 -0.6865545497689757859 0.17237279136017785719 -0.70635010511090601248
-0.29022246759084946444 2.2293832898010053079 -3.5194282318154415101 -0.81360955725074668443 0.00092019457981268098709 -0.58141090597973466014 0.34812272723580955924 0.8017027549685277199 -0.4858839979437366563 0.46567161727142686312 -0.59772221467653996463 -0.65259336416341995335
-0.73646254991216331121 6.5665383245717769967 -4.934303065046845127 0.98700888179954449075 0.00073451606978342486032 0.1606640212830964809 -0.10912880023462710743 -0.73085385561682436606 0.67375332777608420987 0.11791680206001411979 -0.68253359054054996147 -0.72127908993385003722
1.0121533691210893302 2.7352697502551834852 7.4500201882257277575 -0.8309266848188788801 -0.0051661802288428104041 -0.55635793787610665628 -0.55598137328808072688 -0.030226871466696045299 0.83064495953326789035 -0.021108221444835983949 0.99952971282656610796 0.02224401412207028389
-3.0007180432605498055 -2.5126919954470574581 -2.2476147810980613428 -0.91317999170520269825 0.0008450822604649087938 0.40755562636934183907 0.23747606675704130419 0.81380140974006098809 0.5304077518501901789 -0.33122110510491298285 0.58114245356983629254 -0.74334785140735726294
-4.5756077638334700097 -5.7058857909305018552 -1.2303863288357177463 -0.95312327554277553876 -0.00085918104298568975449 0.30258103613181480673 0.26780156922431597177 -0.46788220715245859571 0.84224020311968417207 0.14084864621164477905 0.88379041748487530139 0.44617951188092908055
7.2926543319935177578 2.0128626452369768884 -1.3252994079686941653 0.97789531313650501776 0.0027012978116822648766 -0.2090776399707783284 -0.060008563176142233619 -0.95422742666615989471 -0.29299998386289688446 -0.20029909857798169903 0.29906975973558580506 -0.93297242720279938144
-4.2533439221440589861 -5.2189484007762612094 6.0127726358204514057 -0.78742946734089824812 -0.014340149102421505256 0.61623793626090883624 0.4990362302961226515 -0.60166527489720511568 0.62366797082643210537 0.36182547563040357019 0.79861959474237254053 0.48092522087970296374
-1.6191722629385598697 4.0689035252047265345 3.3759976261453856772 0.99972981375135994142 -0.011313284930909089238 0.02030539536232326206 -0.016818951209699374572 0.25090058329882425348 0.96786673678797696674 -0.016044387708947029786 -0.96794674795896729069 0.25064251582414959207
-2.0737763530203361384 5.9688634945406997545 -1.7911156505689409535 -0.99982017777238663125 -0.0072812786412676418213 -0.017509857238866943785 0.018093888821016704954 -0.64268876545627584562 -0.76591367786695330189 -0.0056765576285060376227 -0.76609277097342642904 0.64270494237705377838
-4.4350859148399983667 5.4270272127214553848 -5.1808172392260827266 -0.95981374699733323919 0.010054480592111215281 0.28045762334968060703 -0.12471776789787307471 0.87996713610552279583 -0.45837028453519901294 -0.25140216674782939199 -0.47492814908603958601 -0.84335058176311727962
-5.6230771169441240431 1.2313428042060321488 2.309935322452275841 0.83863457948202957404 -0.0053890941814191337111 -0.54466778843704977131 0.16033046133767994701 0.9580934108828664808 0.23738399101449531026 0.5205633345369073961 -0.28640526127609261531 0.80435430069655344809
-3.5046470050245881467 6.3228422301619637835 1.9904774849854047769 -0.99904326983978064547 -0.0070844327956670555616 0.043155020563119601829 0.028735807340736357895 -0.85020614844059527737 0.52566506306813509664 0.032966625006523857244 0.52640223780479777904 0.84959630747188563671
-2.292743914584321363 7.079595562714048107 7.0057337391854819231 0.9277320598655468542 0.0075290197464788054943 -0.37317092459009276739 -0.35898019336518743883 0.29177736420377120563 -0.88656595384097602874 0.10220785620133748806 0.9564566292310899831 0.27339398407939452529
7.0619402435465259416 -2.6852283092989224222 -3.7327340298014877185 0.98936181513078758076 -0.0090336574772120273313 -0.14519501297805503803 -0.14459618460986112254 0.048522350678483185116 -0.98830032119840094396 0.015973169922762885803 0.99878124457620320875 0.046699928537429526154
-4.9362028046047043972 7.1373792680517933462 7.3874813907745311425 0.91994056957656211715 0.005844943112992793087 0.39201426643324094323 0.35148549755752339641 0.43066983093535815552 -0.83125293486927043229 -0.17368734396588961233 0.90249062785267775144 0.39413623683184212387
-1.5677071225049725722 -0.38988183167264467421 -6.6141089069514942267 -0.76800598097792294183 -0.017228186103088499043 0.64021090492563759167 -0.45992119961379718251 -0.68082061975757446337 -0.57004892233801573997 0.44568969398893609757 -0.73224754920487877818 0.51495069992722886099
-4.4390075559481338985 -0.64722712530778780948 5.8883227058675071675 -0.99885001190907263258 0.0075716750880192845025 0.047342617646552835609 0.024583712743103600107 -0.76687588872120027172 0.64132442052832361323 0.041161812120317990693 0.64175076239506612108 0.76580785069655188391
2.2433029817614014156 -4.9170854995286186195 4.7653232540296501796 0.93321844879109150384 -0.0052559196979629525803 -0.35927107056359192105 -0.35800936985704989723 0.071382338716976509452 -0.93098542030144959547 0.030538793859266631647 0.99743517936126613321 0.064733646909454323204
5.7749239713808737662 4.3529617896362431395 7.1855923312305360895 0.96314555462348083736 -0.0053115041293466920894 0.26892829626645953223 -0.15379982461036426078 -0.83111664414189145855 0.53440690281844194232 0.2206722786367054101 -0.55607275760833163591 -0.80130320958262790665
5.8256868707406965768 -6.1913341544009545814 -3.9139850512044138675 -0.99823278111634594634 -0.00087182046189293897417 0.059418470477242218974 -0.0092595576334125115348 0.98996120738830462038 -0.14103569923481049098 -0.058699022966354492958 -0.14133664703572074162 -0.98821980192031866341
6.0036331560767033366 -7.1200250213864055837 2.0949250004015893545 -0.99998013295342536022 -0.0062567075523165807324 0.00076636070326916057305 -0.0037088260051703200379 0.48569657133885069111 -0.87411960577449066001 0.0050968919731027712006 -0.8741050818981390691 -0.48571012702222338131
3.5100688614558523959 -1.7077190941829292203 -2.4626424746075503691 -0.96276497051710907549 0.00035710282322901250318 -0.27033957169242317509 0.24693361249875159236 0.4081810481790658085 -0.87886974172842124986 0.11003364287169317692 -0.91290092802289046769 -0.39307059550591499919
-0.84156790407662085407 6.6518740703251353352 -0.90468857913745404087 -0.9489467428497359025 9.7644443679071593264e-05 -0.31543631639453517668 -0.2529525253206958979 0.59720510599076681579 0.76115772433343065195 0.18845450158826773657 0.80208855611096829819 -0.56669114073452353519
-3.6816211269063150446 -3.6190650090134761641 -5.6157148725092183028 -0.9993330302371894458 -0.00011745205926442115613 0.036516857503007940644 0.0022379452290097528663 -0.9983121314099889787 0.058033437609429909532 0.036448405699444408334 0.058076453788430924818 0.99764655025585657899
3.4066922781808077758 4.5451509516761863239 3.9281766359085521501 -0.99853084966378591325 -0.0059261338800320993714 -0.05386114747047346385 -0.046947806424600023456 -0.40170924161097965044 0.91456305888452127384 -0.027056343831341353456 0.91574809098434817312 0.40084085135739616623
-6.3735213673302189008 -6.3688409072677547584 4.6528339241866101261 0.791069575182627438 -0.0059970946729970397299 -0.6116967893294861236 -0.60983601899528527834 0.070815735481243091698 -0.7893574358579833472 0.04805160930157238719 0.9974713862882049753 0.052362929442487125831
5.6306338862995568562 -3.9368389454616505851 -2.5353452803045954944 -0.99983849489114440257 -0.015110378626085069903 0.0097293674767008515858 -0.0045375732173923433166 -0.31158006908619301223 -0.95020906698342844088 0.017389495766612986238 -0.9500997510820275993 0.31146118286391449859
6.4358514238630961657 1.7665740452703866392 5.2130080845669564127 0.76366882263508795159 -0.0082843882010768324364 -0.64555503115340029385 -0.26008016310795795123 -0.91914038199373637728 -0.29587035496327118711 -0.59090459305456388694 0.39384302342497978788 -0.70407345838806978389
-6.6438050761556137758 -7.2214774272752171314 -4.2822003912017239102 -0.97441458613895814977 -0.0060118849194668120411 -0.22467770596846628472 -0.19004357109700426021 -0.51167163328887543816 0.83789950517472522318 -0.1199985641757308763 0.85916005314911780832 0.49743778271118438417
-1.0766841976669305758 6.8765579897627544526 5.5218390782928370442 0.9185522872580443865 0.00056437263359462083029 -0.39529909822371561701 0.21288214405888081227 -0.84330929381445285387 0.49346796016265448426 -0.33308090355620695311 -0.53742824307031533682 -0.77474382555551457585
0.26525996235157095482 -7.3844853583654224138 -1.250460531596037983 0.99488012579265494573 -0.0019201039732992253306 -0.10104379497897959805 0.095555714302049551967 -0.3076464304931555982 0.94669043476160530393 -0.032903506913984685578 -0.9514988108272210976 -0.30588784256197698586
1.9015090857736145491 6.8082507753433176845 4.8030400497483967115 -0.77772394057454241612 0.0054141358426426939437 0.6285826591549782405 0.35131597301498834751 0.83296072306650781325 0.42749680809687717886 -0.52127014048542952285 0.55330563069756710792 -0.64971556828878340717
5.1322240089649175943 -1.1574889457057246922 -5.3030980071980149404 0.61302293358881299046 -0.0032368338416407923738 -0.79005848251950283601 -0.009003879034495790995 0.99989804526280334773 -0.011082835466288550388 0.79001380561141099079 0.013907623316800260538 0.6129312889362903416
-0.22726166583158916024 3.4933849244917465349 -5.3682624259049251947 0.93396471566772676365 0.0045457391784027778234 0.35733632077223842494 0.18321315653150202496 -0.86460242474068527141 -0.46786278587456547884 0.30682706719175933952 0.50243604905291072704 -0.80834099701219086498
6.3963774768963457262 7.4226968590437358841 -3.1782255956146432396 -0.9233543843468844381 -0.012374890502614515481 0.38374932311630566284 -0.36221786692915597383 0.35955644547869064498 -0.85995196342118407351 -0.12733773118970370675 -0.93304127700741057438 -0.33648042679431383606
-0.57343544622361886098 -7.0949012452157322883 4.0701039258189473102 0.98069980893592190174 -0.0051298977180579113239 -0.19545221641727555939 0.076605437707440202089 -0.90965026953835859125 0.4082499161571231383 -0.17988744165914066775 -0.41534331736290402981 -0.89170086747475940658
7.1065748759023703585 7.0516162576607657186 -5.6826716629231688316 0.76724187677503663529 0.0056146656921786273695 0.64133328157191216157 -0.37340054009597561935 -0.80910174231698261949 0.45379114935806208475 0.52145176112346280917 -0.58764176681782775979 -0.61868022007534906326
-3.6734736152950615562 4.7537993237960991522 -3.864874482898053909 -0.88636240683369904581 0.003793498829102970489 -0.46297655784994373729 0.048112130831780550166 -0.99379805451436642461 -0.10025292868755952824 -0.4604855118445743134 -0.11113521588687061414 0.88068272219388810118
0.5344588485731842642 3.2656254830799982258 2.1272968111221284282 -0.63552334510638242016 -0.0064134317933094448644 -0.77205501469622495048 0.75182378298342089629 -0.23270149094634487441 -0.61693680020868324476 -0.17570167092353383698 -0.97252706080809869782 0.15270900049016025712
6.6330808924002173654 -0.21433767215897919778 5.2021957547223767193 0.96835111117331917896 0.0069053183492288165712 -0.2494963768634302359 0.2147419970433702141 0.48642072781573286733 0.84692428838526379042 0.12720849105031312165 -0.87369742596025867787 0.46954319042553921415
0.3238905605991898029 -7.2616643044024478115 -2.2465699614591683186 0.95082515564567282595 -0.0049694673979856253399 -0.30968827518186636816 -0.23294840835514193933 0.64748343326285995314 -0.72560336458352814315 0.20412388992015509381 0.7620633228570844464 0.61448590668947544735
6.1097944981230059014 -4.3664786184302890604 -0.87023278240567669695 -0.98828587727215344572 -0.0032022610513232829463 0.15258037327452145249 0.15260628591854744074 -0.030770516190105304255 0.98780792507015768855 0.0015317580015429574196 0.99952134587393892673 0.030898751752617560629
-1.881203821915206742 6.4832590837782433368 -2.6243005764699378624 -0.9999549714603443995 0.0018601992841265693746 0.0093056278920307950592 -0.0094721240161294711912 -0.2553611891932125455 -0.96679932867193896229 0.00057785678562356779242 -0.96684393917135624807 0.25536731069004936501
0.31742394764723363965 -4.102503065073287658 0.82003818117957394396 0.70941283582596326163 -0.011356054379196685311 0.70470168752054374028 -0.7033511357912080042 0.052521467800163958162 0.7088996227966721797 -0.045062269655667661072 -0.99855522403574270562 0.029272109668082777617
3.7020138078550548499 -1.93275480918924214 4.4338054912086155568 -0.99632785526513878427 0.0013509362723217177571 -0.085609460891114555481 -0.031308677102564991257 0.92488040874781751732 0.37896701209021871337 0.079690473464222449929 0.3802557093400461552 -0.92144181799687707723
4.2503355653827590288 -2.0352253670551667675 1.5243133555863208617 -0.99993161011819875483 -0.011499606516985748372 0.0021293511683442524138 0.010016763533473482112 -0.74814134704163937073 0.66346378144931827947 -0.006036516773514778722 0.66343973644684528512 0.74820537058253189233
-7.2329100526952601058 2.5069027890975070783 0.9790969712541557346 -0.96042908969053086832 -0.0065367769214231073033 0.27844790217149834044 0.16066887190789680417 0.80361746986736815046 0.57304840609127738471 -0.22751148822869218802 0.59511026933787347648 -0.77076733847027067981
1.0890264034935546178 -0.95407772240148447374 5.0811942270765957375 0.97002301748140806748 -0.0022447125486334783273 -0.24300268891877907507 -0.13180742724777580466 -0.84495197080422845826 -0.51834637951513073961 -0.20416206229003705519 0.53483747839846818017 -0.81991873013233673717
4.7121618477116378187 2.4559032704057233154 5.0063638079986256813 0.97125496714292569589 -0.010322351891249345601 0.23781765672815119439 -0.1300961182481174816 0.81363565874484333751 0.5666321689029500952 -0.19934590243344088578 -0.58128346258115359824 0.78890477708819317648
0.58657716898323519761 -1.036462379843887005 7.0339577554616186106 -0.89824682988030346564 -0.006091433859308725135 0.43944911769545186297 -0.21134683785813535017 0.88268391581798921752 -0.41976376556777406091 -0.38533770479568585365 -0.46992765314441664604 -0.79415543445412339896
7.2417014650420252764 -5.0904846954776967749 -4.4264804064250968807 -0.84875894501165283224 0.0079884172999241109814 0.52871962177692732876 0.12062474944354337203 -0.97059711143430593694 0.2083048657548577931 0.51483776384851176466 0.24057729000154429166 0.8228393794970004782
-4.9808094248822003536 -2.3469530153770503667 -3.3546576701975294732 -0.92941797844068241297 0.0016867492487800182614 0.36902489919821740427 0.19950224656436282844 -0.83896512339761486476 0.50629672657275026637 0.31045301571582878397 0.54418257653056145706 0.77941275870591275599
-3.0001797575625772652 -1.7584707699854134066 4.1984645178984418834 -0.98766890785493532956 0.0080161565633635745165 -0.15635174987966898863 -0.15536441902959979844 0.072853134551123924223 0.98516715235836449516 0.019287969205559252206 0.99731046420866653612 -0.070709350328521117235
-7.1499179235844581015 -1.7414238008816418368 -1.0558661461286553696 -0.97234877999302649076 0.013549741248185271508 0.2331399891871757668 0.21936888852620198276 -0.28939620271661203876 0.93173339995948889491 0.080094574053925310375 0.95711349502831344349 0.27842165296862525503
2.0596066289156778062 -3.2628345295105694035 6.8029317573609446868 -0.9466029003606265535 0.0012193175658344792417 -0.32239953829591477819 0.24833337515893355585 0.64048249151200220552 -0.72671363882115336263 0.20560516484494575917 -0.76797180373448159507 -0.60658538134206363424
-2.2089993064395758715 5.8042820265922978606 3.9751652785837849891 0.92478714214991108999 0.0052725875417149355162 0.38044834279407385713 -0.37301166510739486304 0.20976732890774343887 0.90380305676436600848 -0.075040251918027212064 -0.97773711576452027039 0.19595686527540359667
-1.8197224765955173353 -5.2430666713933202772 -3.7112724566541639426 -0.5676517763275045203 -0.0030939896273491345607 0.82326295195427534601 0.6057226625248222085 0.67567531780740419656 0.42019390882047591429 -0.55755853229606688881 0.73719284595963674445 -0.38167419473908470451
4.1499097815308552128 2.6693065534676847506 5.9456607689947666984 0.91685528472419897117 -0.00051502144718200328771 0.39921939034343290054 0.27816282361042582449 -0.71647353516132328277 -0.63975863962478762836 0.2863596173247793808 0.6976140825460095396 -0.65675928725774623818
-5.1542498879783407162 -2.2656311088898184458 0.62051777371574334818 0.85347052900576136913 0.0017812196508660989823 0.5211380655594688438 0.52080917565699280658 0.032770235810181291836 -0.85304391105984112009 -0.018597275875437954684 0.99946132436498669183 0.027040754954527131126
2.5852939662169154289 -0.076776788309808594035 6.6096466253636254606 0.94566727830520191933 -0.0028570989997836900541 -0.32512341614846795856 -0.31416506096301161088 0.24953862836262627467 -0.91598623757395691847 0.08374791467743096518 0.96836063010645279103 0.23508291483424564872
-7.1577749034568256548 0.048469773845927044409 -2.002423447436301629 -0.93187273066468279126 -0.0020187971244282495141 0.36277973799763052476 -0.35838853572870776887 0.16033745380819983128 -0.91970079828414685874 -0.056310490156838331754 -0.987060193384611817 -0.1501376146534794398
-3.0614647956678506802 -0.31157840512233053731 1.5544284383783244508 0.92357120600889242024 0.0096863686996494363646 0.38330458083976015615 0.084248576319740711704 0.97012385568132941671 -0.22751237774295290928 -0.37405668663911167959 0.242416746326558602 0.89516239659689011976
-4.4295447373745124864 4.1728204151023158275 -5.2025080061947130972 -0.93496751818652368282 0.0047740796693357600775 -0.35470120961101314627 -0.33488112581822349068 -0.3416906754446536465 0.87812420185581729903 -0.11700586099377133231 0.939800346072140802 0.3210684319824111399
3.7490490283121302717 6.8136955575755608905 -5.4431868956338540499 0.99989723180195977381 -0.0027097315167037335643 0.014077755144348055166 0.013953345980187412817 0.40936123123378548305 -0.91226568854622835936 -0.0032908920911199623927 0.91236836843338653402 0.40935697173909318947
5.4017771118075215142 0.5761483882725570993 -0.57233153202538633586 0.84298651348581810083 0.0036350618829085906171 -0.53792241485760361464 0.43787292645372483113 -0.58550385580723018908 0.6822408190030792019 -0.31247566042813684772 -0.81066147136775645876 -0.49516354922393884808
-2.8100153493721906628 -3.3264672675940629709 5.451152018129659993 0.94456327581000831817 0.0036950642503086128868 0.32830864212101174004 0.22339316452133256563 0.72556795278768260182 -0.65088143308328194614 -0.24061527806083066183 0.68814060510014518623 0.68451939021190111312
-7.1831810023373510177 2.9637647664582909002 -1.6171343050422852805 0.99010167646893465498 0.0055515943484686905082 -0.14024211226911589834 0.093053492944782364993 0.72206729082007592435 0.68553619523598141594 0.10507006093219303788 -0.69180055458779010635 0.71440343991870658424
-1.9047997636838900348 -6.3614320145603073797 -3.8707151795039540509 0.98717797864121592522 0.0023503792296056397193 0.15960612207365323933 -0.042818655013090234362 -0.95934629024343709425 0.27896461814907008714 0.15377321375580249585 -0.2822218473359145996 -0.94694489154189143143
-2.0347152578506149112 -6.9041061824983529505 -5.2402640571813137171 0.99316942150485265639 -0.0030660625225910282179 -0.11664089955182704861 0.0056521222401156121645 0.99974535247227402923 0.021846824123980323334 0.11654421350642313326 -0.022356866299374333895 0.99293384312720411877
-4.5556198705597434895 -0.039625121039317798277 -5.5976881868374039897 0.32663357892268785054 -0.0030119907304745653642 -0.9451462495465370317 0.89588918005543050072 0.31961444987549259 0.30859225604417456212 0.3011529215859839459 -0.94754289155823512303 0.10709522154407249972
5.7369064961730202867 -5.3116459025227102941 -4.8422982900888191793 0.4466384340490137661 0.0059293328913598121813 -0.89469489338080665508 0.36646248641239903554 -0.91346384387236712055 0.17688711651906277589 -0.81622261380258176455 -0.40687669993433467353 -0.41016093886175047922
1.9506688686808966171 -5.870139953206685135 -6.7671560672148727278 0.61955373993806961419 -0.0087043683128321530651 -0.78490597991154864577 -0.22524892535255042203 -0.95985572596855450733 -0.16715234653706903534 -0.75194154357652198684 0.28035908991434199677 -0.5966428544331753292
2.3254482905693012462 7.3654849848179617666 1.8404098225257510268 0.97446420936340649721 -0.0042961212973802453963 -0.22450177730150316924 0.21848917430204575774 -0.21245322383684051015 0.95243168174635772782 -0.051787888377063648337 -0.97716179367752220575 -0.20608940679785336947
1.1278604220533425817 -7.4127424393453837936 7.1730721841459228472 0.95277480380387702397 0.0033129856555089744197 -0.30365967358637674378 0.30290807346365339336 -0.081515589157932527575 0.94952720221956432578 -0.021607227195389485525 -0.99666656051582735998 -0.078669529569166188332
6.3180648800662275733 2.5731296295696246546 -6.1710491708475103678 -0.99272094343055194976 0.0029724174302478371251 0.12040055319215983709 -0.018313094816575191393 0.98434552286937748722 -0.17529552808022805244 -0.11903679696876395822 -0.17622444876155587967 -0.97712598196238620307
4.2115348383883342009 -2.9083958783924943603 -4.5955275115011735565 0.67233316819189214986 0.0040215393086731549346 -0.74023775786612178162 -0.73935659496874173158 -0.045430458920499378062 -0.67177965053924204586 -0.036330929321512960006 0.99895940889698309206 -0.027571052768670636229
4.8522337428809807491 -5.1501254869263295433 -5.57986738688007744 0.62875495316849450145 0.0063853874516339170775 -0.77757728599366926492 0.67954410492302896873 0.48158565692486882126 0.55343930517133443914 0.37800399247969362904 -0.87637576522365012721 0.29846021476602252465
6.3153879285687146705 -0.35048053032207215907 7.1564576843222118541 0.8583957396228845127 0.00038749271449729349309 -0.51298791803197296701 0.51297263536739645673 -0.0084041899092227728696 0.85836381852697607453 -0.0039786381581733282209 -0.99996460909438278364 -0.0074128939720347914594
-2.0244997566906226538 0.95430462738614296736 -0.0017484239637373805154 -0.96613607933535872174 0.0012108932214944904959 -0.25803025005619689702 0.23548789154709773297 -0.40465171119581488934 -0.88363026519068688103 -0.10548236412394362826 -0.91447007953453207652 0.39066346705947430085
-3.62848023677015874 -2.5307043270753988295 3.3991507923001522684 -0.97681646823025580773 -0.0028128939763446621398 -0.21405997996257475346 -0.14394964467246881834 -0.73147972660851579008 0.66649524331340614935 -0.15845531607603649538 0.68185738771994686136 0.71411652803933123312
-0.37748792739931635865 -0.58047071961238994042 -1.6015423282971132934 0.9640121687511948867 0.0058940762303347216111 -0.26579277334982054359 0.26579898410040797563 -0.00028235529706735137956 0.96402843336006949215 0.0056070090769963299229 -0.99998258991885802249 -0.0018388334165681322063
3.0407311078436314311 6.1241944391676845783 -7.2129755578113234904 -0.99692153984506048925 0.016337512972362029651 -0.076684607732252996204 0.026807669266270168357 0.99013033957039708888 -0.1375618389334627989 0.073680338365664066469 -0.13919409589535594596 -0.98752023341611550045
-1.3462084971098613462 1.4737109834390533791 1.9819820637970873012 -0.99938602582796309814 -0.014875277716491591001 -0.031722192430579984612 -0.022617893577376251002 0.96537786856688856396 0.25987304933621380165 0.026758218735022414742 0.26043098316837726136 -0.9651215989377344151
-1.2451061142928276926 1.5429412994980666873 -0.86348309379466847702 -0.99993795570084820223 -0.0061389262234579061034 -0.0092950703883505729486 0.0069293793541526510493 -0.99613642250751455176 -0.087545482211046229959 -0.008721722907095339275 -0.087604459581792748502 0.99611715687006952002
3.9779525542836342566 2.0076926642169747872 -1.4903050649412366013 0.78023036414246338399 -0.0053174495714563164289 -0.62546966641083279193 -0.56910456451610813566 0.40888587917842672548 -0.71339493441951717934 0.25953915603813398905 0.91257003158042093727 0.31599899358146726902
7.2050773210302718752 -2.0105423627512934992 7.3646274558803552779 0.99775926308644369289 -0.006062760921263392333 0.066631042730489309367 -0.048441161746209299155 -0.75240656417103402021 0.65691537966552404626 0.046150913035556628827 -0.65867109024336123468 -0.75101430619103282105
2.1699936137088808863 5.7958757481227083375 5.1617150787642325227 -0.91607492906593157578 0.002987565422242101712 0.40099600844601318572 0.40080636372004796453 -0.024817756351669904846 0.91582658717207066079 0.012687913080191882964 0.9996875278919119534 0.021537489156169181692
-5.5985890176637971294 -4.5234463889698721673 5.292303200925976725 0.90420552181190450014 0.0026660364178340001384 0.42708929578568854968 0.24324283814998601261 0.81874334500383849633 -0.52008870080071623043 -0.35106309406371283277 0.57415348754642581142 0.73966375923437965856
1.843181084326478647 -5.6743513112194117198 -2.1902342925454374445 0.62354684855583886183 -0.010439613267962118137 -0.78171627981704316923 0.72198918678456580622 -0.37584427121638352975 0.58092400360100193701 -0.29986820742156455877 -0.92662403285726724356 -0.22681922297106160702
2.818396004204829719 -4.4894985879028759257 -4.7520433672539148517 0.96518732217266123286 -0.0039356341228465934953 -0.26153000573792223316 -0.26132226001468483734 0.028077758710386604979 -0.96484315610711901545 0.011140446045058252297 0.99959799432063156654 0.026071827938751020171
-2.9435443779151593269 4.4494032761012345389 -5.4599642648845438941 0.76125714513964537478 0.0045579685555855991436 0.64843410142927471185 -0.62897360716227257438 -0.23805027244280357879 0.74008396096883111159 0.15773319392904150416 -0.97124213907378775801 -0.1783506288757702174
2.0768138812947620764 -3.0142190342328234465 1.5118456751884867817 0.99538354347863711169 0.0019049119372774362367 0.09595818194527944156 0.083782658135384727172 0.47047784152417282399 -0.87842533366850350518 -0.046819521222313462139 0.88240975286162592894 0.46814630243892396688
6.7101180840660266114 6.6465473112262989375 -0.069733273343146190415 -0.8815860159720372291 -0.0025547453211763743175 0.47201649305791909539 0.44417211360221459104 0.33392296875284410707 0.83138834754726564924 -0.15974113415315363551 0.94259690441643662062 -0.29324707303537778103
0.052506721268110165268 3.9968433447851654527 1.027062386396814242 -0.98802865833347253144 0.0080005247696492663712 -0.15406285053583987366 0.13306205527127987209 0.54952956885498527306 -0.82481012505969852899 0.078063177995692803468 -0.83543596077587545246 -0.54401552889947590863
0.81258605019748619824 7.3471671758092522708 -3.8172737284160622728 -0.99975741675312612688 0.0053756480639520799747 -0.021359074303105914094 0.021612975963041663324 0.42617655932045295231 -0.90438178860257278924 0.0042410985858209841737 -0.90462403389125956021 -0.42618935977925898051
5.9868466866017424621 4.9406510815856519159 -1.0729694974533796614 -0.76566401070293099718 0.0067953332640002918688 0.64320482442230730857 0.54580917580789478638 -0.52225397268131601436 0.65524280356397357483 0.34036886802141813613 0.8527629280546850099 0.39616211608057255722
1.2450776465876367549 -5.6718984264251650629 2.9902471492930500219 -0.95598703160179088201 -0.0097999547422955891884 0.29324521529991032232 0.28197504524217781308 0.24560068167727158728 0.92745370721151521032 -0.081110229132569558463 0.96932154935640824078 -0.23202772395423024165
-1.2584841625519818109 -4.0652281566005408209 -4.0828104924364865269 0.37583624221552408562 -0.0046955612278548669244 0.92667419881104151624 0.92174267667304676799 -0.10125758356106684399 -0.37434922167792955561 0.095590569810996048328 0.9948491611677000579 -0.033728170526783618488
3.1476667402282716424 -4.9216062644530840231 7.2221117623814530262 -0.99833219647472437597 -0.0024953573806913058666 -0.057676673563990817073 0.0040398978220758880245 -0.9996359095117788307 -0.026678224079119971374 -0.057589102332417339836 -0.026866737910848328963 0.99797879420681856466
6.5914244478219128354 2.8090049503893430582 7.3983599803268402795 0.95734918826595916119 -0.011684593935798853401 0.28869707651961296069 0.065977084586093998064 -0.96394277873855338523 -0.25780097677736502071 0.28129976188398492232 0.2658529472893050305 -0.92205892131776112652
6.8991369736464385198 -4.451304115173899234 1.768505000069664046 0.67840453228184383061 -0.0023712165648632974047 0.73468474049171472728 0.73462599928911764824 0.015239874596176403859 -0.67830110378118968484 -0.0095881044995608337433 0.99988105470311661183 0.012080757335947047218
7.3014452576043549215 0.14776509086750089228 0.42895198633954439993 -0.73468525297047970746 0.002852937263659453479 0.67840212250307585506 0.52872751581907539986 -0.62415677161012117491 0.57521781828195739372 0.42507033898348439704 0.78129391729505004438 0.45705034921142095872
6.7905019420646137718 4.5247900937447935732 6.0453414855937772643 0.93953643055081204061 -0.0089591694767900929841 0.34233175276347482807 -0.13719518388988355406 -0.92577405514740773729 0.3523065147471964309 0.31376548118815722477 -0.37797107309706839962 -0.87102760617363350626
3.3956716337119376981 -3.8105871917282265748 1.5092473857159403039 0.93010383035867605361 0.00024271443262979461308 0.36729661833697557771 -0.30126946888382732936 -0.57152297922945216602 0.76328120069283822424 0.21010371693638202339 -0.82058602553449688788 -0.5315025896711917941
2.9620491163456277306 -2.441909838490157636 3.5229520596387944309 0.99931444817151959814 0.0014036803667571047527 0.03699545049044689754 0.036755394604650271084 -0.15733954242373512922 -0.98686032920439015204 0.0044356107831051436521 0.98754356768269768718 -0.15728327083844254042
-2.3212458650474139255 -7.2531659158042289803 6.1411753440232326184 -0.97009226630923495183 0.0074067753273309045597 0.2426234418316646213 0.15679124908663891191 0.78215976390742802948 0.60302786663152796454 -0.18530380205716179276 0.6230339022907657176 -0.75992845554013277454
6.2077645270032686398 -3.6170988257986400605 0.63518014987026993889 0.95092839845281040834 -0.0022627573433701584846 0.309402748767680702 -0.17787114597857672793 -0.82222059335908936895 0.54066177161362960479 0.25317392528473386948 -0.56916445407740279272 -0.78227539125969247635
-4.0525826619643714466 7.2412525428301952601 3.4513707926713639296 0.92841969494054688017 0.010126074840608451436 -0.37139511662749558063 0.021721839908313098078 0.99643918317392199402 0.08146849640592952746 0.37089760273886118735 -0.083704341846491239765 0.92489380549259025965
3.0976207812812797115 -1.5033163239200979522 -5.0645667024735967487 -0.91958555303990896501 -0.0010253704728615596446 0.39288848195866338253 -0.39276307230987628216 0.027797969096322636129 -0.91921947430625661202 -0.0099789613727058069231 -0.99961303589413363913 -0.025965338441948520448
5.9304256318592099007 -2.1856300821925529476 6.5579464839627519268 -0.93040518945686778718 -0.0024100689027310596285 0.36652472631400362379 -0.36574514631116944452 -0.059410644664258799308 -0.92881691589371240259 0.024013983041054235562 -0.99823071825532749823 0.054394501101168099555
-4.308256563683702467 -4.9792622494633382857 3.4775136591323332347 0.99320607740559907484 0.011711467605467412029 -0.11577793110591261261 0.021221854060173881568 0.96000949540161095719 0.27916196311271118669 0.11441730950727317662 -0.27972238070134941568 0.95323872614361748745
-3.2327454752216286948 -4.8917269553775515334 -5.9390629480443344335 -0.58471195939217557314 0.0035040837311108925974 0.81123341027162965133 0.47890500749785347434 -0.80565889132998735889 0.34865992688339936256 0.65479914350680024082 0.59236937143814971662 0.46940026570581333543
-3.2996846761175246954 5.5626494484456170397 2.766765245605630863 0.98940438044869294387 -0.0057019163456391956657 -0.14507398146763070268 -0.05320111395250311237 0.91548757941090241896 -0.39881340676904053488 0.13508742881225432875 0.40230582905863365717 0.90548407301432076721
-6.6792229251450416783 -4.9509725126511945348 -5.8163564908144147481 0.92494049423579149938 -0.0025012078641698390694 -0.38010370437854368308 0.058954635209931889606 0.98882165795601384417 0.13695283766452401308 0.37551222764419678324 -0.14908210059000504 0.91474865081804013212
7.2607692646741153197 -4.5968174691498031592 -6.6022264288351673045 0.80870940581948258519 -0.00511165400207808443 -0.58818616774993948138 -0.27811929052376727078 -0.88444632834837444424 -0.37470568785328728367 -0.51830373062290124864 0.46661393385159533054 -0.71668171426238502786
-0.86486757231467936702 4.1723369565443428897 -7.263454924092652476 0.9449916030418750168 -0.01156526054907040281 0.32689006550947963259 -0.32600196580135748503 0.048315709414619656403 0.94413362958711066764 -0.02671307683492737256 -0.99876515606630178468 0.041887642017767012792
-0.013697042167585049555 -4.1716514431427027532 -6.2172493393215377822 0.98576742123451710498 0.015646509538265261641 -0.16738511872854841545 -0.022858774808720408456 -0.97393785208019179045 -0.22566022400881763366 -0.1665534978520695486 0.22627471583177014014 -0.95971854484977392463
-3.6816139800695104611 -1.2899383532902299887 0.84519741290502226061 -0.90210063237339377373 0.00057267753049794825615 0.431525342375119636 0.11367425861094555828 -0.96436392060354403366 0.2389150300156377138 0.41628429228207114443 0.26457872302694601663 0.86988820392074428511
6.047225148283734697 0.83721161070703553619 -5.2291220386230250483 0.8523898701630944208 0.0051869783076708185846 -0.52288106152298086116 0.29291708518971260045 0.82360000932723098632 0.4856774710032728537 0.43316404565392274684 -0.5671473528918522522 0.70050895045002781192
-3.0605278611511703701 4.9480827660936457235 -0.7407293726991849292 -0.96134663007897880327 -0.0046775832155017075392 0.27530124781998632777 -0.25735115778655548446 -0.34021776097572492548 -0.90444582850633581383 0.097892994753929277185 -0.94033504419000979446 0.32586341655087663893
-6.503471121165472546 4.8604339746703502101 -5.7586320128614101321 -0.99996868702547603291 -0.00085886345676603262356 0.0078668495534401326752 0.0032479614438128711663 -0.95104897416217248907 0.30902313746946369344 0.0072163505176583942965 0.30903901225991708968 0.95102198354542089032
-0.8881209609427265228 -3.3534383396608502537 -5.4935833341420536868 -0.85316142659292437678 0.015094667223347086465 -0.52142854850433939529 -0.24448833042903370116 0.87142454615030262577 0.42525841161666744217 0.46080477043751139066 0.49029726838731008121 -0.73977533897392155904
-0.68760338837084589159 1.6279150196294607245 5.8370632477267792027 0.90369845511479018896 -0.0059001870358015660184 -0.4281288240892693886 0.37995340340112537802 0.47202599216085594502 0.79550416338861351662 0.19739430961158935252 -0.8815648872985476503 0.42881095603470159583
-2.1752882078985056324 4.0190209310255342601 -0.54569405243898660984 0.95951147207021303398 -0.013085217792643356882 -0.2813654421582792442 -0.15062959134740325218 -0.86792028408297872133 -0.47331290568475653524 -0.2380093720341949215 0.49653112445494951288 -0.83475049042887350392
5.1246304589431916909 6.0135174607238042199 -0.11243923363293685524 -0.91142765552672699858 -0.01204829289725448116 0.41128392550572884234 0.31500328412654760024 -0.66350398714871983152 0.6786275782984528826 0.2647122205916801474 0.74807572990714510386 0.60853113527029745189
-1.9098912033224832996 5.5414011837468581945 -4.7447505430631675694 0.99636837492175089892 0.0053726389281808740669 0.084977621799730646002 0.058995136928932566389 -0.76319487610355440932 -0.64346962236610849573 0.061397355598819224054 0.6461460483824242873 -0.76074019802123027389
-3.7632247711685620217 6.1615063103637082165 7.1607103174948054658 0.97022307108920924357 0.0011276298467788785709 -0.24221048857790075659 -0.22841049288001422091 0.33700736178286927469 -0.91337543477274496517 0.08059676835022572261 0.94150133645958311579 0.32722988001775499267
-7.2973087255265172146 -6.8645083316661770212 -5.9765888488183778193 -0.71104798375918254472 0.0028628030954543632995 -0.7031376601708381191 -0.69114138147976988957 -0.18681977693588214251 0.69815611560155688142 -0.12936133733949531366 0.98239003216845444122 0.13481642740290594729
2.8938731702791882228 -7.2216581380690536562 -0.54704469768149743825 0.99994443442951153056 -0.0081292317787562008019 -0.0067114561857955648896 -0.0058500318019612121759 -0.9575452451277923771 0.28822366429755069683 -0.0087695599298186783371 -0.28816838675298428463 -0.95753959484431527827
-5.7315478154968042546 -0.41769768323576933478 1.2786539571442889773 0.96153648629249821589 0.00082131605390068154748 0.274676010907442536 -0.25299296757869105257 -0.38678158664385159371 0.88678890531452647661 0.10696795727611720095 -0.92217098722151435997 -0.37169682059843794919
-4.0286521338405059112 -2.728405328186449097 -0.81994072300608022985 0.97147096386491771369 0.0088432554466295471007 -0.23699359316328705294 -0.23659473500847910676 -0.032725858146571140672 -0.97105712992326842503 -0.016343124964650269926 0.99942524234769236635 -0.029699953277899260318
5.2249019569613253111 -4.3335280458172560358 -4.9125310367520427235 0.86536679536400185064 0.0028509806731719551653 -0.50113090245021973956 -0.21997536152055213732 -0.89633558066820706589 -0.38495891618744410012 -0.45027896886848733926 0.44336711508351900335 -0.77503190350926809415
-2.5888523552797173544 2.0366755340930953189 -0.22583978494694545436 0.964784056947973645 0.0064809874599692047711 0.2629633439486408486 -0.016068765118999760177 0.99928149196815041488 0.034326296006446092857 -0.26255193437994750472 -0.037342959329900587973 0.9641949933192509592
5.6672668691782934758 -6.5810201663520793147 -2.7889717249248775488 0.98323211457249271028 0.010234531728311090093 -0.18207103897563223227 -0.12221807631031472718 -0.70402019789587610976 -0.69958437859747868437 -0.13534160741012127294 0.71010620002566193776 -0.69096442309917471825
4.2538990315056697256 -3.8487474241702850364 6.8150285156221404037 0.96846350156683658206 0.0059314836569555034335 0.24908485227845014731 0.18641320494833818477 0.64605772062758570762 -0.74017534317116140397 -0.16531352985717787107 0.76326551023816624486 0.62457761545459200558
1.2575119287548843783 -3.0466377521371370563 2.6874312941340940952 0.95987906516349341679 0.0060961129627444673659 0.28034802954135634723 0.22603111197918959729 -0.60851264705611540773 -0.76067226503294393947 0.16595817749789801288 0.79352075951396661146 -0.58547646198805636253
-0.59119911251077494896 -0.91581898328110167284 -6.3297743817348521844 0.81075566323626757637 -0.005050273152248050193 -0.58536292099118614196 0.24659686350500600871 -0.90396146574965230425 0.34934747079279421245 -0.53090982420719279311 -0.42758410071105190653 -0.73164649618463906133
-6.1883071756709142619 5.6674949591083150224 4.8122276342932828186 -0.99640078074118942908 -0.0058857872864227171045 0.084562649238992163014 0.0047662366957501069165 0.99211823153173017698 0.12521460637679676653 -0.084633132554913198531 0.1251669771559189015 -0.98851932743044512719
-6.633752175797875239 5.612843106368974766 -2.7954662100349207954 0.98305538942756498511 0.0036629757332850825663 0.18327215807717023299 -0.04777405130358439167 -0.96012889136212331564 0.27544537025299964395 0.17697384365928223171 -0.27953370920254111409 -0.94368488600803057675
4.9869604615822948901 -4.6821656016358863539 0.20238178960985911403 0.94193873475702127873 -0.0022156903249905355452 0.33577747196738427782 -0.32931077755144666508 0.18931948622499442103 0.92504731982969456983 -0.065618836875467947967 -0.98191304240861032593 0.17759770661586793405
