1125 14.717824617146108679 14.977075390850430381 15.033177056927090831
6.0367826871054610649 2.9827072216010992456 4.0071730018513802563 0.99964209619029753551 -0.009080899912217017117 -0.025163799018030549859 -0.023467721139635258631 -0.74923661675817798677 -0.66188651457278202539 -0.012843114448955774559 0.66224015988571471869 -0.74918157014553710127
2.6406637711739517904 6.9580008655725809064 5.9537594874208226159 -0.89533789025368515357 -0.0011289802181873543827 -0.44538611078449386049 0.43875396491021578793 0.16971155538251136985 -0.88243580290307355174 0.076583422172334048028 -0.98549313207829647432 -0.15145384140084572344
0.91961820934652205306 6.3162201435440836761 7.5000956079260410192 0.98708546596401858242 0.0079921724419481365853 -0.15999502511694999041 0.0038998733971499690426 0.99725981490832571463 0.073875926772809824561 0.16014703828047915923 -0.07354581394420403595 0.9843495006253505375
1.8425916222259606236 1.9479154290998532684 -3.9477619017711869098 -0.46272749282827468909 -0.0024431991849902926807 0.88649720707884538395 0.87416274482332856355 0.16499829121119305442 0.45674397583355608177 -0.14738644084090901654 0.98629082662018319194 -0.074213491907358875022
-0.8621826768646124739 0.98647407039193457656 -6.8483023314522801783 -0.69809575768575504728 0.0013812659349560082404 0.71600307625430248404 -0.20262928773848709607 0.95873698663253614782 -0.1994110383439456069 -0.68673407142193376718 -0.28429119326354979069 -0.66901033817199651033
-0.90606336054215286246 -3.2862352477055929434 0.68561780107185910094 -0.53980562668085174671 0.0028548906428945671279 0.84178485078024667398 -0.079104398813878262775 -0.99574118082106721772 -0.047349708608008786448 0.83806466307317839526 -0.092148523679941807263 0.53773252653309733251
-1.0204694817765691539 1.8916791090260431929 -0.56509492542238293211 0.78674151890152421718 -0.0053811809348064953973 0.61725912332524213166 -0.43067161392094960304 0.71158792983454910441 0.55512573267370490804 -0.44222137374756004258 -0.70257644495503446258 0.5575182468720346618
-6.3520859347315719035 -4.0019781940722216618 3.6877449118728389266 -0.99746488362639140757 0.012702772001025123758 0.070017465791232594285 0.060592106545632899717 0.66756743674215646145 0.74207972214977924175 -0.037314910648360927192 0.74444096944277937666 -0.66664476331716748803
1.156875202530434299 3.4968406772325808518 1.7207320416967226695 0.95946361281001568688 -0.0014106621575619986315 -0.28182900086029932796 0.27065394649231999669 -0.27422973171667480718 0.92279168585917137335 -0.078587638606445756051 -0.96166317610420415374 -0.26273164785267255628
-0.049006852626357781666 -7.3749807002030394187 -1.7011824501156420641 -0.99529742855960423586 -0.0080179513030304364052 0.096533627092026216832 0.053474191319625052898 0.78547478490680111562 0.61657917021127439661 -0.080768431737660142944 0.61884172025858175115 -0.78135228015417190761
4.4819431566985636906 6.7169913541200587659 5.4387580587290296208 -0.99303274952178621771 0.0031616470287734715211 -0.11779627483612006844 -0.11495227627987837649 -0.24588735406645670367 0.96245799040185997519 -0.025921661892683675599 0.96929325443761482628 0.24453763380402002148
2.9310734779145408702 0.1745924866397770836 2.0136275729204204943 0.88147267393888895093 -0.015413040938625496151 -0.47198343537462433828 0.25538133832746573448 0.85626622529318563437 0.44898610608357303331 0.3972232333751686828 -0.51630474488526401089 0.75871148223536544197
-6.5188677815664011206 7.2549873544786098734 -1.5600736334389750937 -0.99361997534217150196 -0.0071807863940565293606 0.11255123681151077419 0.092373812183097717132 -0.6243591876879045488 0.77565629216336651197 0.064702576639696390837 0.78110437270351240624 0.62103907728878116057
1.4181564550884810938 -5.8097635325208081269 7.2486237490625509139 0.99904697947944898218 -0.0048736380325736525579 -0.043374882656031468753 -0.041399321010171796775 -0.4206452679327388755 -0.90628011938131003422 -0.013828557878447977555 0.90721210652102457495 -0.42044614966586496552
2.0266728822926580733 -4.6330446605149786521 -5.1851823944706065816 0.98150129980843880961 -0.0031247979976600482287 0.19142997182222271091 0.13291935476724317522 0.7307526075166876911 -0.66957678554128907678 -0.1377956588672704652 0.68263523366802392189 0.7176499802496394409
4.0659772945155374657 6.3613961322439944723 4.216514941802909533 0.98037010020440351621 0.0028717782829100974365 -0.19714517370391693163 0.060086943207369153397 0.94797873212372329998 0.31261139246195368546 0.18778718241994957205 -0.31832071300890929511 0.92919744822512406746
-3.4055020891582898912 -2.338087373516434031 7.0556386695070383297 -0.76158967789286502459 0.004058238095005822256 0.6480468295043225746 0.51714628068150803042 -0.59885054923352032397 0.61150449226481429221 0.39056483060348690106 0.80085051687961561484 0.45397969415981248575
4.5965385233800111209 -0.94365967565982822318 4.3738153424390056045 -0.84163782646454221581 0.011285578484217451828 0.53992444358668412185 -0.36422885153017509063 0.72630163996305863172 -0.58294362634832408432 -0.3987268648801615134 -0.68728346663183481624 -0.60717240032590735765
5.7802935186653465749 -5.0522760415866887485 3.2010954475813755415 -0.84304777170925204732 -0.02348902114773332786 0.5373255256373438149 -0.36276320585927818163 -0.71275229541727780358 -0.60032243157505416065 0.3970809880750637566 -0.70102241851669211403 0.5923632818181759907
-4.7423489295687364375 2.0414183262723062384 -5.5231284243173073278 0.94155697380267822094 0.007767262355291649871 0.33676421234878234356 -0.30979074384095400818 -0.37264606901719321552 0.87473687602404714969 0.13228817072536991351 -0.92794104170559166267 -0.34846127906083307346
5.042999010222166234 -7.0469105237757183602 5.783995044524374407 0.72272742734708350643 0.0049782014072437159868 0.69111524601259677336 0.63278369066968520595 0.39737242167822317551 -0.66459006862268554805 -0.27793860218164706533 0.9176439265860525385 0.2840418233588193897
6.567538045337458108 -5.1653454720052680571 1.705625849308119335 -0.96262792560451471147 -0.0020438977448111505034 0.27081968046662979743 -0.14953031654117499016 -0.82972715060236856832 -0.53776718009601331971 0.22580558292727601066 -0.55816545757986046894 0.7984129011253717767
5.6610386634219116431 -1.4777703748891699576 6.9475007534287049893 -0.99106318602468346235 -0.0016241825370916845514 0.13338336979453732645 0.11327437222182702714 -0.53831765481100246618 0.83509461686475205955 0.07044627672507566829 0.84274044910037815281 0.53369078832758010122
4.3071130944109414784 5.0760471001243825384 1.436789936406150936 -0.99876001469789421616 0.0026513753810778776729 0.049713210008808468576 0.045967272099391408291 -0.33433232658325212627 0.94133357812052387281 0.019116561838575508309 0.94245151897063073054 0.33379588291867784422
6.8921486603624790845 -2.7721236856421982431 -3.9456279218018721622 0.95531981027652479455 0.010394562752569367486 -0.29539128822352106463 -0.18903385689959725791 -0.74678928117349729909 -0.6376299635917158648 -0.22722293246680719259 0.66497949035262571282 -0.71145767011933891411
-0.6620512567521110725 5.4923573217180816641 1.6635029675500137003 -0.87330587335081133471 -0.0011417871774183439154 0.48717096372106755142 0.35980043014695373138 0.67268673116260568889 0.64655719946788092756 -0.32845167382269929712 0.73992652205452802416 -0.58705045773190922542
-4.8693444887703689616 6.4770721239287238902 3.8527962674937050735 0.96583014378844656012 0.0078423879382283519235 0.25905719503841567741 -0.087113675265713799711 0.95121166583343530476 0.29598576716476704407 -0.24409699082828936745 -0.30843940042388373612 0.91939207922122900829
2.924814091991644549 -1.7944184024259268728 -2.5549778699069221055 -0.86900268172488459584 -0.0088940895790314035418 0.49472743437717187076 0.4649989797697000049 0.32710720454030983717 0.82266446717414931644 -0.16914575953306082434 0.9449453803837037924 -0.28012129537686941694
-4.2652957147875616428 5.2140774241402594313 -0.96138531637020718801 0.98592293236803218992 0.0023902028726027054958 0.16718330766322259118 -0.076725331564862553346 -0.88193859778000061045 0.46507798619378315497 0.14855704267130845353 -0.47135824664051628741 -0.86934009938389134042
1.2097157614814875171 -6.5689072448415224414 -4.8219831172630787108 0.98232549556281978376 0.0069706299942797946695 -0.18705087833156427979 -0.18551799759545145596 0.16915724842288118457 -0.96797153773963762191 0.024893640459112874319 0.98556442489750761826 0.1674606552035720064
-4.1676266824568948266 5.8302243534806414971 6.0275841358708310835 -0.98829384732262859359 0.0063715309731198748605 -0.15242924567551249804 -0.142268895120329808 -0.39926848777622847564 0.9057285664867222863 -0.055089316799183218887 0.91681190996945238769 0.3955010605707808824
1.0510136107596470545 -5.9657555062275848812 -2.5147804925719063895 0.99300513599895012806 0.0095215249026623319933 0.11768661964495982786 -0.0047963047691620165625 -0.99266743005655111443 0.12078231975559153288 0.11797370614039717762 -0.12050192475020157779 -0.98567818824962982749
-4.5363337619478452112 -6.2977669155499471643 4.973707033620336837 -0.73833416470577473145 5.6352043776460719604e-05 0.67443506585344359383 0.42091421128419670428 -0.7813068183486187035 0.46085885294841955062 0.52696668582302452766 0.62414714004506732792 0.57684179772826271737
5.6377362703998086246 1.2240294933980939707 -4.2463963082154005946 0.53425501972978606258 -0.00023689245244803026208 -0.84532332144310873279 0.81176478577137045622 -0.27882245607970823631 0.51312373806645539265 -0.23581667980691758957 -0.96034263774324790663 -0.14876999582308123027
-1.5855442667406451918 -4.8306105379859358706 -6.8396277731709087533 0.96596047586620303882 0.0091319642364232709447 -0.25852846321743794267 -0.23441126412694177072 -0.39179724957358919024 -0.88968886386027434821 -0.10941534771136292303 0.92000626218295056269 -0.37632002236054701294
-4.9394864613930531405 5.191457853392593691 -4.6613403039798981808 -0.80409994414019192455 -0.0058655906460177743844 -0.59446520056259244402 0.48896643615897478208 0.56222418948560515251 -0.66694511398403211189 0.33813474258571840636 -0.8269640594387794863 -0.44921636240549167596
-4.094222411586524224 6.7621006212225989174 5.8560965886756024545 0.99510134102439729009 -0.00043071592762349182604 0.098859170415281472089 -0.07472911995558373377 0.65139473651420309874 0.75504996912264454867 -0.064721555312530376636 -0.75873889561912777335 0.64817158881929992642
3.8053028664851002993 -7.4507793059989726459 7.515655605581915033 0.97900826982874977755 0.0027901625845167966206 0.20380142933650610693 0.20176824368904439089 0.12827101090479553491 -0.97099748897725224328 -0.028851056228242379781 0.99173522815025005883 0.12501541425086432069
-0.48059338200476992009 4.4975426484973137775 -5.4764939323276866645 -0.66794850999485577692 0.00071648612325053836689 -0.74420714498267304116 -0.31726101093965586308 0.90430388600975775137 0.28562201015559618433 0.6731940574107523334 0.42688870727076339007 -0.60380112013092601675
0.92279271170521381951 4.4058064078686287601 1.0425452597096545038 -0.75474682983700724925 -0.0076397747141695093384 -0.6559716889420316166 0.59697566937984181124 0.40657844100742523974 -0.69160250250874899525 0.27198763394592762044 -0.9135839343762304221 -0.30230302980659795598
6.3030564717165171729 -2.4673644826140734843 4.4961682976759131947 -0.9916891754124593783 0.0040193717446650656031 0.12859402793527030529 -0.10068158115931133412 -0.6465170894415463998 -0.75622673337772527979 0.08009868029554498281 -0.76288891570832839673 0.64154867602086018685
5.0713795155310803509 6.8418930447367554137 -2.0832649949586827809 0.91596700247642337533 -0.014354242850011965024 0.4009967656808342551 -0.31082861324180965923 0.60661000273066567612 0.73171707495265747578 -0.25375189371607470568 -0.79486996439632306988 0.55117303647426618696
4.6420143669907636408 -5.9802263551666907659 -4.7815154810816427045 0.19295779341440799648 2.5157753975494495657e-05 0.9812070573165433407 -0.9601406580348805786 0.20610871751824591525 0.18880972790403616202 -0.20223057817469794473 -0.97852909815201072341 0.039794438318209890415
-4.1994250035028102275 1.6193837613074413273 -3.5075704711629356325 -0.91509715092976640083 0.0081481520488112767209 0.40315110315923941009 -0.057888574159116405748 0.98678476688091931734 -0.15134310963377523018 -0.39905653401756591148 -0.16183149097124782667 -0.9025322438494061128
5.633765708831100838 -3.991819369672863882 -0.70567428375638729943 0.89019929912202322431 -0.00094176647057958584597 -0.45557032488809956483 0.24119516987928293905 -0.84737470936099323904 0.47305495659829843724 -0.38648427894244263836 -0.53099455271328777073 -0.75410522284306003016
2.9145870259287258719 -0.6569896524050863329 0.90873944069778100907 0.76718135249587626756 -0.0057311395286419684197 -0.64140465107641453368 0.58192677287117544616 0.42683021309120494635 0.69222626373776596775 0.26980363859380213087 -0.90431361995286729805 0.3307912836961294234
4.3513053369045815444 -3.2546488050701789518 1.9713924084933194258 -0.94804764530578788939 0.002209875338983383064 0.31812069829098560403 0.13862953911047967703 0.90290804490179388253 0.40686473592287775158 -0.2863346173904572356 0.42982808063522992548 -0.8563061998965230126
-4.607641538621596311 1.3023047777341212328 -2.4199479730931927612 -0.99851472877409486184 -0.004069639130408407926 0.05433023521569382841 0.037181325169731410663 0.67799349254454843727 0.73412694619243645811 -0.039823177671500266384 0.73505663870518822556 -0.67683517374288515445
-4.1154803391673286939 2.2771915974070706667 1.496342681770027605 0.98131038197011999369 -0.0050636414347248323228 -0.19236500142431270377 -0.015399724727647341738 0.99438106375341017706 -0.10473370291822323153 0.19181444866292410301 0.10573863808505104545 0.97571848281149375914
-6.8830937746676186251 1.0838863893830541496 2.3782329893471545468 -0.97680433076128891923 0.014743158210547302814 -0.21362569763959160518 0.13532470941355831395 -0.73065777556592770292 -0.66919835477028377646 -0.16595337425969450273 -0.68258468653417392336 0.71171456587650294701
-4.7855905891283576636 0.26677905871783424985 -2.2977846400276256134 -0.91544825376841254538 0.0028849832701096631872 0.4024253614568354398 0.34581313558684767528 -0.50581888812132191902 0.79029141946203718128 0.20583432640763676957 0.86263487599984467469 0.46205335274304176751
-7.044506099695758472 -7.0392652673759634752 7.5013397538910586704 -0.94491909350205327556 0.0061812766581686691761 0.3272456241942754418 -0.32699730028614942823 0.02544431751543910214 -0.94468267281234175048 -0.014165886522403836265 -0.99965713048279281061 -0.022021560661960305066
-1.2381915278371233846 0.17628883159257049962 -4.5492942823964312993 -0.58089441292626975422 -0.0033113719610806530147 0.81397218370581403413 -0.70227743709668533079 0.50762951084700291826 -0.49911790296708224979 -0.41154353642848451322 -0.86156910026592259388 -0.29720464850162536807
-5.9855341770766914422 -2.3225906607680864013 1.5569864434503326578 -0.94708648374533443981 0.0030313965786024979487 0.32096417703773444385 -0.043490737465781595383 0.98952201792292626692 -0.13767618458049007968 -0.31801847125835125407 -0.14435022230919661301 -0.93703109087045077796
-6.0709348681439472273 -1.3354880359101168885 -3.8415323510764611825 -0.97175193232041823244 0.0094670022166041117861 0.23581466854404611877 0.18933987682710962108 0.62775127398763985731 0.75503559455835345116 -0.14088503495616611083 0.77835641827886359323 -0.61181099454773091306
-0.60065917398008261685 -3.2529764347858782791 5.8443193375372475273 0.10012751731391578147 0.002169997523056273539 0.99497224654118054943 0.24019236751357631032 -0.97047473503007242179 -0.022054823882719763045 0.96554756841122912903 0.24119303426718557981 -0.097692442677005178475
-5.7045046128079066605 3.7441136543140753901 5.2059853868213190609 0.9981814250482901052 0.0039102636244902830298 0.0601544057145685096 -0.013077640008453747869 -0.96008143768064346801 0.2794147604417131503 0.058845713695208405614 -0.27969330142013565377 -0.95828432060658974567
6.7604151879771707812 -7.2340616495866827407 -5.6420008969731645365 -0.96587910382522745856 -0.014113213376538988678 -0.25860853427929686443 0.2470420763402582931 -0.35002628098199378703 -0.90357723252609101205 -0.077767405199160227758 -0.93663355685669280604 0.34156962812649127592
-4.76004266540296328 2.7566665765006188593 3.1687718498451626914 0.89853333624905318278 0.0058778720160747189444 -0.43886591832778415467 -0.012457547662620818696 -0.99916592985472385546 -0.038887711732853158519 -0.43872845036012086961 0.040409098457533099147 -0.89771067254809289171
-6.170021304537996798 -0.84086232431722163216 -0.62565737346527272589 0.98331552258514764997 0.00047934263176296594902 0.18190754045302953701 0.14014358145889066476 -0.6395447203546185122 -0.75587189869863813385 0.11597568546427540481 0.76875374528977469257 -0.6289414277052813862
-0.90121286071540429585 2.7501722276243056875 -6.2126936563016696979 0.72972655340214498398 -0.0027182652437442670484 -0.68373369691263952141 0.66549869871590860981 -0.22661549037556205644 0.71116587483451720875 -0.1568777844922707998 -0.97398050830387816745 -0.16355833875680259037
7.2198632970891658545 -0.011547086144204698338 -7.2283963395480137493 -0.79595903353772301525 0.00081280478784777213455 0.60534994530269015112 -0.55722191305557977614 0.38977095197962141615 -0.73320007133354569984 -0.23654377298990353351 -0.92091147475815682277 -0.30978879760002114852
-2.2965236934451245254 -1.2768197482784899854 0.27346664315940244494 0.9945907176244124237 0.0030876543655766761423 0.10382567508060168426 -0.056061364016277231981 0.85743054052588862923 0.51153689176666350402 -0.087443855587803195895 -0.51459045323846763775 0.8529655547299718199
-5.6317328029313120652 -0.40619012222150363556 -6.855613292186221841 -0.99995735946866204369 0.0054301365396958647253 -0.0074694619452121188002 -0.0088903031878129652743 -0.3472377123728878634 0.93773500180768309953 0.0024983502193950640584 0.9377614220701651071 0.34727118153252167776
-0.079652031479753415688 4.4323009058067261989 2.8229549066443113681 -0.89273221693368542962 0.0051004416700513640487 0.45055873573091143047 0.41738731243897903012 -0.36735822261929029775 0.83116530707730829075 0.1697557665106709246 0.93006554702814780988 0.32582366084674818651
6.8777088165270408027 1.0086854824336703995 -2.4538988872010376596 0.89629483261088782609 0.0076427361185857113635 -0.44339278480789801051 0.44306203037438868231 0.026844601455253604833 0.89608894905219860227 0.018751273972658494271 -0.99961040208546636521 0.020674471385458702971
-3.9211404123807822586 -5.5737935781959384585 3.2564131399503106756 0.97528880646949289712 0.005727308895839703165 -0.22085955244952773513 -0.17653944905219173811 0.62125103411383875152 -0.76346642070281511838 0.1328366173302119313 0.78359067793411218972 0.60691027553581466947
3.1988048738125334225 4.7066513810690295827 -3.1893352265665968481 -0.99374660595598196533 -0.0032010884715150730168 -0.11161288538380741142 0.10690915939193726403 0.26115982796657244425 -0.95935706381651197905 0.032219788782718736253 -0.96529026582110388777 -0.25918446697615604712
-5.6614658793191674491 5.2313692051800826377 -3.8097936185401106712 0.84419915881219043108 -0.0072957465221419152968 0.53597999248432115493 -0.48076130845891201782 0.4319009294154424472 0.76310559653230924937 -0.23705768190397552564 -0.90189154517187042348 0.36110288865860362684
-6.8440887870256768011 -4.4440274016955410019 5.3782178488736045452 0.77417640108729579573 0.0037994672806110985422 -0.63295850104709450168 -0.44478548060941480724 -0.70821182562115048142 -0.54827172669162316243 -0.45035183605544565344 0.70598978328208539246 -0.54659093448639206603
-6.8802053607754869446 -0.24745616838174216978 -5.3750604466106963741 -0.94715520491758686816 0.0022156910999875101265 0.32076799795243804425 -0.30011929924839508832 -0.35916114779363883525 -0.88370338696548489388 0.11324938859051790485 -0.93327292933438454892 0.34084632219718313806
3.5888724885941587495 -5.4871794524387924596 -2.3055931369567397304 0.96104763539704707309 -0.0070543951676325412914 -0.2762927396920579759 -0.13989956137770415134 -0.87456311821634402648 -0.46429243476723891515 -0.2383601376573907249 0.48486037966056888537 -0.84148372355706613224
1.7269606125583201184 -6.5941957721497637124 -6.637674913678306865 -0.96972691114340958674 -0.0089547426876675322027 -0.24402772462892510785 -0.20485306396394778461 0.57374882622065359605 0.79299905838215800635 0.13290951805178144451 0.81898235450702439042 -0.55821408349969248164
-5.0638636592265529046 -6.874102400060726481 -1.8462232763177532924 0.99653170843868443818 -0.0046504161644072604734 0.083083859477922766823 -0.056512834968470287977 0.69505193509882956526 0.71673503263005566843 -0.06108071348695979369 -0.71894449100383106543 0.69237848413640357137
-0.78765696168425525237 -4.3647347762185741971 6.2105601365873539521 0.92492102967265066304 0.0016977463989436749475 -0.38015550308595646989 0.31447718848810168879 -0.56528244823320794588 0.76260071573547039137 -0.21360053087471880806 -0.82489567302588562292 -0.52337552658996522315
-5.5303392644395135136 0.62942932338195600739 -7.190464662328441392 -0.90779032075943644209 0.0054128142565857276583 0.41938935963772838722 -0.2114915995481780886 -0.8693974948463325525 -0.44656388039685596114 0.36219889129604998512 -0.49408369472835755865 0.79037539545924273554
0.078831859226048378586 -0.78953453983919019699 6.6083591430263064481 0.87551637162370876677 0.020329334263046741627 -0.48276060442761276059 0.39363247994317984713 -0.60943921528014932676 0.68821313095047720321 -0.2802223291471434008 -0.7925721172531675629 -0.54157629674881346826
-3.321084087041327404 -4.4589955623166135368 6.9634235153084835801 0.89792966510014160519 0.0025577682922852769051 0.44013154210369875852 0.36263119995468168222 0.56242411001545800087 -0.74308662569892591776 -0.24944123426700004487 0.8268449542053250001 0.50408976616536682602
5.6732058424929112661 -2.6465467280830097252 5.6354083328488426829 0.97325099772319256797 0.011777075066189281183 -0.22944235863021178456 -0.22510405264049276886 0.24858958544635967325 -0.94208884055190311724 0.045941929821559479574 0.96853730878598776055 0.24459112938488819511
-4.4784315831218721726 0.69125847915348115347 1.1697171451394077213 -0.73184740140416171261 9.8643081814449133649e-05 0.68146854023311886905 -0.058094723256683092338 -0.99636867201442824715 -0.062245261329021757402 0.67898776438733166039 -0.085143759006339386763 0.729195554096810028
5.2217871254415646476 6.148086052284745584 -0.011330588905118926801 -0.97203962226550055803 -0.0049279575118389862959 -0.23476517625198822792 -0.051522881573419554435 0.97989226166089227199 0.19276033879268764104 0.2290946647572273398 0.19946646528133929466 -0.95274800645705970403
-2.7723463198050279921 -1.7391570460956158328 -1.133003298960719718 0.90795833209776888317 0.00035554626606799802444 -0.41906030683073952625 -0.32603381087359650792 -0.62765060223472790568 -0.70693470397313851183 -0.26327480194927072032 0.77849508354338192717 -0.56976467384109830139
-7.0928049846102041442 6.707917469537801658 3.434050907153018084 0.75601796658775288762 -0.0077621428773189992192 0.65450483828211414306 0.65448355277304615107 -0.0053754338815206314378 -0.75605713002403807099 0.0093868709499659776924 0.99995542593087005656 0.0010162702548429033977
3.4916018330202356346 1.8996224497309261992 5.6389089730049590798 -0.96287722880508075374 -0.0041565158962373720264 -0.26990769834189598519 -0.11662489107865153803 -0.89534169691709919459 0.42983936597574695648 -0.24344625080190637756 0.44536049346248829384 0.86161937874756344691
-1.6153100496861156898 4.789634941677235247 0.50709478200185198471 -0.43557845157362501398 -0.010844871741750552324 -0.900085441100724859 0.21526934314971127304 -0.97216762851618065966 -0.092461948741046698363 -0.87403119076187718584 -0.2340352341464732866 0.4257898387155524822
5.1601827218260254426 4.1442865095289329602 0.91828742603095880881 0.98865033935857038472 0.003940359130882775153 0.15018315503431084457 0.10456023146516627009 -0.73586245256817539584 -0.66900942362297699528 0.10787800740690821344 0.6771195791515542961 -0.72792266831559138129
0.38867362632781587983 -2.4147774468887042154 4.8017866601882346345 0.99811403900801898281 -0.0028026742633191709456 0.061322998558652683232 -0.061103868258696666937 0.050475682461613852192 0.99685431371086485886 -0.0058891781321631286525 -0.99872135778550563678 0.050209233054460997159
-0.22492345374466929386 4.3508106873972058892 5.0926366541334875393 -0.96787908413261702911 -0.012460553876755646463 0.25110717452036118713 0.24790956594722585171 0.1189284767267245746 0.96145559675700642543 -0.041844063024401953466 0.99282463306499735278 -0.11201929462851971386
6.3841411959145180077 -4.7602630558852307985 4.049673197235406974 0.84697940580694119905 -0.001790725966521944032 -0.53162268521901068219 -0.33596160299292426865 -0.77680655960776046065 -0.53263624572940571067 -0.41201418355845859098 0.62973674043269967093 -0.65854077344982875353
0.44358146063048287111 5.484711527919733598 -3.7414810762555315016 0.78110430578457623607 -0.0026400215185376999655 0.62439498217975741845 0.40700238932135723857 -0.75620648901551879018 -0.51234832004927988169 0.47352414782297685969 0.65432772847951226058 -0.58960164956642313605
2.9414636929503190643 -2.5052307593752987103 -7.3828991592557917656 0.92731644720118844294 0.0041413991138384348076 -0.3742553347163694033 0.13099097167512926965 -0.94028985384623153809 0.31415976205368739693 -0.35060743302138214217 -0.34034958435021245293 -0.87248873250194713957
-1.5256042723761342739 5.5800069149470665764 -6.6318022671238212595 0.9639386464208202776 -0.017056185481768841583 0.26557743216074208847 -0.24916283026083127505 0.29273300476172547935 0.92316048005735851234 -0.093488876090600497859 -0.95604208822627390063 0.27792688892463607298
0.45301154038844965166 -3.2294339698553535811 3.4547680290235525113 0.88067613411823775227 0.0064728990936517650026 -0.47367462289180239932 0.23770777876607693258 0.85886990311541777654 0.45369317984379026187 0.40976158764393133538 -0.51215289816613174256 0.75484756752048354222
0.98610878215849606665 6.6077667255512295696 -2.9047835217015851583 -0.89981341582349971819 -0.0017241566782532713811 0.43627152552920933637 0.43239632361222413159 -0.13657051935336289583 0.8912810513918593136 0.05804512064368829577 0.99062885104718856333 0.12363350452913413058
3.3496810784277228912 2.2483976580401408008 2.286465565624575369 -0.36613396996635355629 0.0025161928676903757077 0.93055874871509525192 0.93055725537694800042 -0.0022535742921410018696 0.36613947597634582953 0.0030183608114207104503 0.99999429507195902733 -0.0015163514267259523005
-0.79911992065498571591 5.4836802562623603308 -2.5671729778299110514 -0.99386012772893805867 -0.00060976370702190384188 -0.11064210183700344536 0.075583477559936246282 -0.73403247184797604241 -0.67489515348153006347 -0.080803368931193025881 -0.67911409826405977341 0.72957169428940216171
-5.7984997226477306143 7.322300911725426964 -2.7333181204620857763 -0.9533715910239487501 -0.011089331302910203012 -0.30159515274571763177 0.25437385193007211459 -0.56729765691671729666 -0.78324154123163325369 -0.16240859854916994687 -0.82343815504750017542 0.54366630567774898442
-6.4680468415142504668 7.280472641062212702 2.8184675817879694115 -0.8168164470794228027 0.0093444511681793508001 -0.57682195954467452292 0.56188936887174789625 0.23947126512405800258 -0.79179154474441570954 0.13073342697816731084 -0.97085848320562140312 -0.20085461572556820298
-3.2163534459292186796 -2.176458711022484227 -5.6693145473029771253 0.98549047611795614898 0.0052561368646326196361 -0.16964932804470536643 0.063836987263944530713 -0.93760978864086230722 0.34177876367869863827 -0.15726843465174253356 -0.34764961853847803352 -0.92434105296266966256
-3.3657196232145354386 -3.5763562245303273102 3.6223697654578801419 0.98833498331655711411 -0.005028961137999792344 -0.15221258260211298352 -0.14571655952877032858 0.25936028614746337029 -0.95472452898649307063 0.044279171532743161199 0.96576754528161468105 0.2556020411675497539
-3.966857307373677255 3.7057111990955791114 -5.5491278407328046285 0.86870746992621361571 -0.012258951584086108175 0.49517375718055806066 -0.43365934222020441347 -0.50188644897149148338 0.74836459512987452136 0.23934683327637093497 -0.86484663984134546588 -0.44130871615656680484
-6.1529144895920335756 -3.5565182283763085991 2.7538670725064755551 -0.92850469631632459588 -0.0069286005371795439389 -0.37125600791505120046 -0.2475005732160280858 0.75688629016908270941 0.60486908501912306502 0.2768076862664114457 0.65350986086565887589 -0.70448730760396693906
-6.9487972576131804558 -1.9940747652491108699 -4.9893070321955086399 -0.94294487793407621989 0.0025792532346658346085 0.33293889023454770193 0.27431999858412137172 -0.56068486099707259829 0.78126885578877725003 0.18868888561514118862 0.82802526175322910262 0.52798737706870624287
7.3213168969028146194 2.8458571221384301175 6.8442688006007132984 0.9336274538325806116 -0.014799274477805291275 -0.35793960234236543716 0.33890278174603100103 0.36035472236542376301 0.8690738625650242799 0.11612356339207562106 -0.9326979444299577926 0.34145257720693095171
3.8446502203968622169 -6.294489624471128586 6.2958210199098925131 0.97162917825618344558 -0.0045997790935752526018 0.23646475845988296216 -0.14403454503482709947 0.78151115164745987851 0.60703737091486797972 -0.18759208351587877694 -0.62387431577441743169 0.75867651098434696344
5.6008268412414530246 -2.5933735978739340666 6.9401466166814511638 0.98744892303676723433 -0.01427081645338550836 0.15729261963373714073 -0.12574354520277616909 0.5315835999450422289 0.83762010309530865459 -0.095567699738626041284 -0.84688560034248083763 0.52311719021590452616
-4.2669906906908074973 6.2532065271336376711 4.9654857212387808474 -0.96180843097002877151 -0.005820571152443164073 -0.27366158493007453067 0.17721782817361997342 0.7487078667283734168 -0.63877255081644512824 0.20861060254080224241 -0.66287453658332018414 -0.71908202957462630245
-1.4660176899999535216 -1.140912108918419543 -0.91203173697670636422 -0.92715992201696728614 -0.0010519157846301148418 0.37466434642026913426 -0.14309857637726899893 -0.92319067958557687881 -0.3567096390134188999 0.34626186108803674868 -0.38434081568237088433 0.85579487084014427278
1.1046344935288141542 -4.1973112718723308845 1.2174676043242440571 0.89596711280998941884 -0.0014547402215638379624 0.4441180209062763895 -0.35451067403006869538 0.60000557985797586813 0.71715792273251266487 -0.2675165691346833019 -0.79999449239982844961 0.53706954611884061279
3.6495675859817668929 0.74494128024979722191 -5.978823262554685769 -0.97162676778402645716 0.0017414148886618948785 0.23651298399841166886 -0.20957633745972070738 0.45717097214675084249 -0.86433353573917126589 -0.10963203410773258994 -0.88937712456562334484 -0.44383459463717767068
7.0451675825319952651 -4.5615940848150566822 -5.690092590984237475 -0.86827322990765243294 -0.015455065492581909758 0.49584547913260368368 0.34092411032546571237 -0.74467931453934121944 0.573779983526723103 0.3603780642942300827 0.6672434783853876672 0.65185411813365723432
-5.4864164116225744294 7.4862122391184682257 4.2933760565673697585 -0.97100084206742587334 0.0047238590392171689661 -0.23902939120577884613 -0.082292531074698194171 0.93210518280533105617 0.35271499474318745992 0.22446671030191206464 0.36215689050901667123 -0.90468617908261828031
0.65172647413863049604 -5.997626974258973398 3.9244065018592189098 0.90486979753663387971 -0.005196490007045472502 0.42565672319084213449 -0.14215265952817801587 0.93883689570991601947 0.31365252213683736393 -0.40125212883551508725 -0.34432292945038150966 0.84878645686628628741
-5.6787436307189818052 2.7965646930847807283 -4.8643543397945423479 0.99053921329088390202 -0.0075616981400632391624 -0.13702148610473655066 0.030191028200380814334 -0.96200908724166123154 0.27134298937120754358 -0.13386772855813153238 -0.27291269077485880157 -0.95267942901323177107
5.8743747748759069793 -5.5011773645873258687 -5.8326950622011342062 0.97821721807876149679 0.0028556383662019929615 0.20756425410948620147 -0.17055805875300902863 -0.55890433282071505516 0.81150224605272813783 0.11832591790858389136 -0.82922722584571217919 -0.54624278948774307452
-4.7322771264085128351 -6.8464490581533752334 -6.6139857917828646094 0.87288700104602945373 -0.0040250983405412240831 -0.48790581261970683569 -0.37825413661760798334 0.62607009293753534962 -0.6818797891569865488 0.308207870659405192 0.77975639613441394271 0.54496593577139562647
0.59536104291339475569 4.0433642155491593684 -6.6438680108766918764 0.99214934750258831908 0.0036499489067898737392 -0.12500540037602342336 0.084139739547017200483 0.72002516558820506276 0.68882818260328015914 0.092521221777277576348 -0.69393835374090018231 0.71406539247336819898
-1.2257929922743269202 -2.9422538766743731031 -5.7923404381685390518 0.41142586732450514564 -0.001681899358431201974 -0.91144167499114137065 0.73866463505272128565 0.58644415998084209463 0.33235192815274344769 0.53395066496700627212 -0.80998791252647572847 0.24252065673331904549
-3.362294740117439229 0.41154500676023580974 3.8930088191332123948 -0.4339153152144986092 -0.0029569840811994665963 0.90094880846107594508 -0.0076039323374649083268 -0.99994697835077483994 -0.0069441126236627903623 0.90092157229980807109 -0.0098639105970166063297 0.43386982360189474406
2.2818436861290725126 1.1137600316052811422 -3.009458926331050943 0.97690198543743989035 0.012198526864501145484 -0.21333941687077739857 -0.14186796972334492217 -0.70957548272355774888 -0.69020005323399236108 -0.15979984360138571597 0.70452383228676751514 -0.69145511765050515773
-1.1591086920401936222 3.9455305859290690229 -0.89463472696917112348 -0.32885953042572352301 -0.0087552659158455330146 -0.94433826278887533778 -0.94437660672737044898 0.0052275684964427256152 0.32882441696693098798 0.0020576477424402248723 0.99994800757153790016 -0.0099874040375840002215
1.2208570272804475376 5.5861066765069713469 -5.03048763680595723 -0.99999240167458780526 0.00076223010319882928201 -0.0038230351977954733778 -0.0038822613612357406709 -0.10590906899514497541 0.9943682402165257006 0.00035304330786416811966 0.99437552670504325558 0.10591122344007647404
-4.4646404729129738342 -0.43940135156591431098 5.7459478467693587689 -0.96341620887189971523 0.00022918683250615053473 -0.26800961914874210645 0.25192590169401313238 0.34198196330883789962 -0.90530750401565929231 0.091446971182804925871 -0.93970648834882386513 -0.32952870469293343847
4.3985082468669203237 0.83645235384467453432 -2.597131263937627832 0.9978563192807498039 -0.0070819903374765881543 -0.065058523533440312803 -0.046996118560378843942 0.61428139401434633804 -0.78768631688522927625 0.045542627413754005472 0.78905526700019912312 0.61263174477627768688
-3.2945982602252272819 4.2902069561548925591 1.0301038749708573139 0.8235596694865774392 -0.0028819915743311282086 -0.56722232406672823402 -0.56568822988078348857 -0.077843649652271557082 -0.82093677757978289478 -0.041788722993586657761 0.99696141366317569954 -0.065739199091518235596
2.9749834201498646102 3.8747125081507007849 -3.7229936855446839061 -0.96075536058025867714 -0.0037784474560980576413 -0.27737134035662830422 -0.14431112341446855618 -0.84713707519781955568 0.51140304602544583989 -0.23690385555169582443 0.53136098761592220896 0.81334621414537477957
-0.91797973004344346482 6.7738757562939611034 -5.6712643282899568575 0.99082771836568761525 -0.0048168659317337223294 0.13504528988756375751 -0.05634473395198159873 -0.92307238484928055833 0.38047686300821503824 0.12282387175997404316 -0.38459611299560692022 -0.91487710999605653672
-4.234384921201708174 5.5111624014733662236 -7.3990502875437904606 0.94800734936165209632 0.00013315158009154898743 -0.31824840585145436345 0.25023447569966644766 0.61755003405847508358 0.74566390727025577689 0.19663360020013226359 -0.78653158722650939882 0.58540865177024825616
-2.1225078495579023929 -6.4824530808637002011 6.7404077256353014391 0.92516437735767975692 0.00087246688787976701442 -0.37956569084941826908 0.1985577515947318239 0.85114624389272530713 0.48592683686842957913 0.32348986715210426013 -0.52492790963024194006 0.78727694970770378813
5.6739223144729820092 5.9932800209853329676 -3.0300439655900577307 0.99974970739617463611 -0.0067860593103351088407 -0.021318347973139181728 -0.017418457079003892007 0.36189223455905522586 -0.93205719133478925897 0.014039939966101731145 0.93219523704249718232 0.36168345292655995626
5.5343426410287861472 -0.47052309587150681347 -0.58128532418324807551 0.91985235761437955659 -0.00010270530746537935574 -0.39226474432800501058 0.14570264051853740184 -0.92836765465381099194 0.34191261798664729366 -0.36420101693578693647 -0.37166313678402868037 -0.85394621143179383349
-6.907624344285379081 -2.6377209448124889768 -1.6616580030910679255 0.82441865040490258654 -0.0050379624398486037157 -0.56595804420382256339 -0.52241110263451051576 -0.39151101114811870385 -0.75749968184412586059 -0.21776255120827420209 0.92015963130551869931 -0.32540086694260661471
2.3309577105510457251 -4.8592737126672203019 0.68302011967622155986 0.99420201959043297268 -0.0039079492875875674468 0.10745730396142869068 0.049695266835488992319 0.90290994171165339655 -0.42694732416604286307 -0.095355779564973902618 0.42981201133833518702 0.89786909414054349998
3.8114575230281086959 3.4208065353194534453 0.27350958180304024703 0.86342684530700919421 0.010572516334908641303 -0.50436326660613917117 0.38906642492673060296 0.62245899005965488193 0.67909654887113612975 0.32112520891075280183 -0.78258100385344020467 0.53333439098726131977
-5.0443266545809226642 6.4777434820511929914 -2.2597325191972226222 0.92868433963859642333 0.010154871294829170836 -0.37073208102228999428 0.3608850341765023062 -0.25515050914445491781 0.89702854457966552104 -0.085483269810991677207 -0.96684802128998248438 -0.24061902316751329622
4.1108166940504649034 -2.9333350924168617446 4.1334503219128553297 0.98426466341760576739 0.0026793348430069622093 -0.17668020124579067454 0.14844996208670185878 0.52979693825055063083 0.83503162393827645715 0.095841958994483972267 -0.84812028945494599697 0.52106265795092743254
1.654438225333174195 -2.3516278789873226174 4.0177486257448364881 0.99874191505146248105 0.0020354616278628720645 -0.050104331304014440573 -0.040100519223274712355 0.63234955341898224646 -0.77364461521357963392 0.030108727596591111642 0.77468051426820627725 0.63163562703170661461
0.79111217807783063005 -0.50388842511434617233 -4.9647073600909967794 0.8920242511476714764 0.0038355948285781951007 0.45197126410502275196 0.44634271219088672566 0.1500685294660151492 -0.88218910656281224192 -0.071210382940099875571 0.98866815700520216392 0.13215277781910403365
7.2567448884478968907 2.2599823063181045946 -7.2424112033933534249 -0.92477565183534204962 0.0034201633383901526402 0.38049743265262425673 -0.1050271770241166247 0.95882027045684570243 -0.26388061893094322263 -0.36573116610268946447 -0.2839929425950398767 -0.88633443050428195598
-2.8231037135026224583 4.7174475912925109 -5.1265559184853293218 0.96311999568229378355 -0.018593985324342907073 -0.26842901785529482694 0.26095072468317626058 0.30779935412482944956 0.91496681736972274024 0.065609398749810601825 -0.95126958392989990898 0.30129982656080478431
-1.5169051606203862725 -3.8486218303654178285 -6.3762589850927327007 0.88336120596689382545 0.006067195680116425037 -0.4686535702726575825 0.41852444753976481007 0.43988518901103562664 0.79456800042565445263 0.21097456387983698489 -0.89803352366463440326 0.38603824133160136167
1.0943325858436445674 2.9725827591846178954 -6.1099506459773245126 -0.99122998099976922237 0.0022394797849173021104 0.13212913947181392782 -0.01300851736999542041 -0.99665377472725069641 -0.080697161027987129867 0.13150628594515612058 -0.081708249598393734026 0.98794223449783635793
