1125 14.717824617146108679 14.977075390850430381 15.033177056927090831
-2.502672962030928705 4.0246224041893183809 -6.4638660439477453323 0.98578162368220800804 0.0023716852112597858193 -0.16801477768245831612 -0.12634274401912404251 0.66967434052608154627 -0.7318290706679432267 0.1107795172590504279 0.7426510975890880939 0.66045230395957166269
7.2472805625606566693 -5.172709490322984216 -4.1224232020186173386 -0.99954442101164475698 0.00027118879972635361389 -0.030180736921088177627 0.025399635610980950129 -0.53259885157750275209 -0.84598659670771403363 -0.016303647913659263802 -0.84636776271024161122 0.53234932263486500759
1.5388443124961823649 4.6879538860489811114 -2.8702538552323635379 0.98529857667751086225 0.00025377945950758300925 0.17084100910837748954 0.17019671129901842166 0.085320979148392553371 -0.98170943256149367784 -0.01482545986499157406 0.99635348451905159095 0.084023446886244523846
-2.0094741627807986006 5.8600479726555469995 -6.7144216797572324751 -0.72786132506993472813 0.0077412509770150121635 -0.68568065781436260409 0.54218597050184846875 -0.60569851579112965467 -0.58237761062671800083 -0.41982408799206921701 -0.79565657227334685153 0.43666732662272594867
6.3641496034137148285 -0.6777653798513323391 7.0685390815049942148 0.99636902204494048885 0.0061305493984042044864 -0.08491871568344822041 -0.029778144111515768289 0.9595019359580102547 -0.28012371735734570288 0.079762359810392813309 0.28163531606835162657 0.95620056196413316663
-1.7884276569757884268 -3.904944345499314462 -0.30892367629573880272 -0.99201274254921656404 -0.0075414770707004268394 0.12591205162155974517 0.11857727304773817145 0.28463798642920956627 0.95127317159586533002 -0.043013357652333543413 0.9586054155934560228 -0.28147026176550771215
-0.87176548853036828213 -0.012559339758803196585 -2.7627967592946918174 0.62739751445412783593 -0.0053459928738151746633 -0.77868079417493762939 0.44182252262666366072 -0.82098908999598885217 0.36162103451998095505 -0.64122166008069525489 -0.57091885103550232827 -0.51272453440008536329
6.338055321150288357 -6.7549669367931803876 6.6377957932546465258 -0.91011515519783192651 0.0080817608556372176609 0.41427658565360586662 0.18780264915139444071 0.89926429905303961743 0.39503656213118276685 -0.3693515523874151274 0.4373310023199000196 -0.81995184319489222702
5.2236156043031547469 3.2563222564503329082 2.584549053977278632 0.94685990985343515547 -0.0012903360258967717066 -0.32164366330675853156 0.070591294367966003764 -0.97477803614952995837 0.21171832561208980827 -0.31380436624094409925 -0.22317283722142283731 -0.92288715694530698563
2.8406427632745199219 -6.6210620950965708431 -1.9486810920869941377 -0.93165503359943990791 0.002310698738760663673 -0.36333670202736645383 -0.045066651350301648038 0.99152314598337942808 0.12186405505903522006 0.36053834096367531892 0.12990962878360179378 -0.92365339443136218467
4.7886167985694410021 -5.895405682255133506 -4.7667082844785220175 -0.93741580332819141042 -0.011007010386211645361 0.3480380114196200414 0.20128636318513890013 -0.83271754330471847716 0.51581517335992443929 0.28413977487544878064 0.5535886006728794051 0.78281814589262777027
2.8946825151017727684 -2.846498904916370698 3.7672974855442991071 0.46392673592318112163 -0.0050221809786744437895 -0.8858593349928023386 0.78670292261930541144 0.46206883409689036846 0.4093786805616401181 0.40727201627136666584 -0.88682984289796074062 0.21831705042826407559
-5.9762359268134872536 7.0679231308948402557 1.6932313757681238808 -0.99594891060993484544 0.017908377686711093868 0.088119563455606744751 0.043115188569612480918 -0.76486902125236255756 0.64274136388069669223 0.078910379352758006077 0.64393685275590140105 0.76099834539455546434
4.4994173797915442137 -5.2698762056458470227 6.8505883626437942269 0.91212045730610136207 -0.0032826803513781544971 -0.40990913062960560032 -0.39026491519825978749 -0.31289874851386634269 -0.86590280582977008361 -0.12541757185151400367 0.94978081534025760035 -0.28668246455384510663
-1.3229865585376547887 -2.4086923281804075714 -6.6122686855256382898 0.77233783082037543721 0.0041192416172382362652 -0.63519863580789237556 0.25528577413033459731 -0.91768126581558229216 0.30445076432452283788 -0.58165578189373345896 -0.39729601837871897363 -0.70981154200950380417
3.0491741685176627641 2.3840154840008196402 6.3921782638966844203 0.47105975867808391744 0.0016101345694422685567 -0.88209983064327468494 0.76505065011837836142 0.4970309501730258428 0.40946030005789002537 0.43909020315592439676 -0.86773131903640765561 0.23289944494494030369
-5.8559120505220763064 -1.5871031994327446935 6.0810943833649844237 -0.99429325025660508786 0.001932402443787918471 0.10666395040012138784 -0.10405609384030606313 0.20288032889083648658 -0.97365902732109088635 -0.023521518421805394372 -0.97920163294904072337 -0.20152146337598558778
6.1312876718467297366 -1.9142453133287551381 3.6890993567219334537 0.8851544138970772746 -0.0051398956427716061338 -0.46526900286975025889 -0.46524919029638067691 0.0046159954155363912276 -0.88516771490774459608 0.0066973492652637970496 0.99997613674491792057 0.0016945364306413628064
3.0261875056661389216 -4.7349468350787047299 4.1710507973616692823 0.984980283371906018 -0.0044326402207591104887 0.17260994487333022884 0.068017457743047807228 -0.90887972644181491688 -0.41147450504895521917 0.15870559791851118758 0.41703476421490398574 -0.89492711358278353995
6.2446547390242592712 5.0146791070771605803 4.9582242254104480494 0.88288273423682905872 0.0073080619255249858884 0.46953665439152358907 -0.25181560683801806899 0.85133018666790094553 0.46024538392099195727 -0.39636722586409284252 -0.52457936053459142123 0.75346500699248375454
3.1480484131646724322 4.9955941777214327715 3.541427854051772961 0.90805297164023113243 0.0047785252933368214598 -0.41882808691799533474 0.10902135166234785957 -0.96816568700085525734 0.22532098747288098473 -0.4044182804684904875 -0.25026459639758980025 -0.87966669040770228971
2.1307611700040447467 -2.4432655655439661224 3.0699065115091159761 -0.64729417907240294205 0.002966379002502664633 0.76223450875321008269 0.028248801166341513946 -0.99921210983189978627 0.027877675621158920505 0.76171664742962785777 0.039577268235495371984 0.64670038570225685248
-6.1356985857064865186 -2.6129444227448712645 5.9688531031419724826 -0.98754799856763653132 0.0091356649934083919429 0.15705250762145525623 -0.05400935036275140988 -0.95732437225009126003 -0.28392434972950197913 0.14775635552644159065 -0.28887122722945596243 0.94589717912704551761
-4.0922377214903367104 2.6347059687690057572 -1.4946280309275388198 -0.71600886163597599054 0.0020149979917035297679 -0.69808828226949071194 0.53685671455158301413 -0.63761436220675959952 -0.55247877167228798267 -0.44622435847864411196 -0.77035307806926256458 0.45545576844474855438
3.2054790574564817618 -1.5869612451826298205 -0.55230102878799725019 0.75656438771671907784 0.00396580763450361546 -0.65390717965822398039 -0.61455097960277127456 0.34604040651134559958 -0.70893097726835174743 0.22346682238770851359 0.93821122857876182444 0.26423903924427005752
-1.7918682361320505958 6.6700966453850059068 3.8883600833939748753 0.97708220122948830078 -0.0055229039298858757789 0.2127906707837862732 -0.21061908915398613873 0.11966310086018974723 0.97021664672195373491 -0.030821604831137508484 -0.99279919410959105441 0.11575745699924958054
5.9649305952689930521 3.1720102547235051738 5.5006126998680757723 -0.067845098455562580231 0.0046576907590174590479 -0.99768499464135640409 -0.68577215968628002507 0.72609513371763090284 0.050024012142634369238 0.72464721597121006802 0.68757847749068823351 -0.046067881184237942371
-7.0988245180129592171 -1.6050721827216383186 -3.0907792940220937261 -0.91134787090500402051 0.0024631038138097152701 0.41162967739998557182 0.097167702421189050543 0.97301029656741411245 0.20930695253594697181 -0.40000436972990105478 0.23074855556063553208 -0.88699019628391273518
-4.932935207214097062 6.6923973651487900227 0.73420546654753371385 0.99725234733197443138 0.013515854626007441086 -0.072835962372455154146 -0.047621065020167940851 -0.63618037513193481658 -0.77006932445283815536 -0.056744954906438695164 0.77142196751890146356 -0.63378873303487137658
4.6198433658593165418 -5.8375995437069887473 2.5972799086385132128 -0.46520867247549263501 -0.0018898028143359861183 -0.88519902829749086415 -0.87434393087807560363 -0.15515912766653428001 0.45983511788282682708 -0.13821570674184716077 0.98788768275907812288 0.070529034182918518003
6.1674873506954588365 4.2506212547851278671 3.2058115166135894292 -0.92057755783869266164 -0.0046431778778116975306 0.39053220213302175523 0.26004099254577206501 -0.75335008341053344427 0.60402179929295440886 0.2914028863951469428 0.65760329433821707035 0.69472459656753926538
-1.2131278910471665622 -3.6567707301569405409 -2.311860798845539744 0.97881409798233176556 -0.0040276474923882261969 -0.20471135690753747283 -0.046338765761095100648 0.96950750475792280003 -0.24064063872470758954 0.19943841249618093903 0.24502852134752844959 0.94878097754292045618
-2.6764837311933611375 -6.9809214689137117915 3.242922239090509251 0.93216687772921014155 -0.012494492150384433476 -0.36181321110566028176 0.35857485344731493404 -0.10585948739163475452 0.92747929540469409293 -0.049889743835292474361 -0.99430259810344745475 -0.094198497148125795442
0.73702649495569105831 3.8497079937690106277 -7.1845641762956153897 -0.87358124096990419361 0.018236764446963975306 -0.48633654586931862607 0.37649232371946139697 -0.60791086155549012293 -0.69906932029896751146 -0.30839803113173414051 -0.79379582061474684984 0.52419352301291088914
-3.411732662428951901 -3.1374853760421670401 -3.6458748500817406146 0.51340850178008889948 -0.010223299041117820882 -0.858083442595610979 -0.3471079777598329863 0.91200498645903049777 -0.21854737804269919188 0.78481065364550750552 0.41005169043738703971 0.4646825250576808175
3.1234484002673754688 2.1852188364296871725 -1.6120109406561309306 -0.89901532511209980569 -0.0032283860906908695004 0.43790526685191694112 0.40151094662342001751 0.39310976459689495055 0.82719627218697133753 -0.17481534530729642141 0.91948588379682882898 -0.35211547046848151732
5.8811936544739946697 -5.9867681483982888579 4.8098748583215256147 0.98552983560880080827 0.0014873596112448383283 -0.1694955187792433482 -0.16881556282152931914 0.098518148678442246657 -0.98071172121582061987 0.015239713715017153342 0.99513414278793121959 0.097343664321471873313
0.0043748236097295480074 -7.2415333814613722652 -6.3581105672656903494 0.94612648426286594106 -0.005204899260170463976 -0.32375543979991616705 -0.22956239746186654638 -0.71593041924162048595 -0.65935175777130261565 -0.22835450827148617847 0.69815223542455617789 -0.67855557968662616464
2.5331982144493454534 4.8089122231588854461 -5.6747266042188551083 -0.95216195110853785177 0.00035715158759660158017 0.30559367026150624502 -0.24433990270148459034 -0.60147877992784348766 -0.76060586984617595263 0.1835364563486172329 -0.7988886967150851115 0.57279247503063346336
6.7168085112327418074 -6.7121140994864578744 -7.2120027376995823332 -0.99050410379673614614 -0.0074048938146100383439 0.13728360393564142949 -0.040862591614889580416 0.96927975009401767803 -0.24254280996173424589 -0.1312702135615582133 -0.24584941245653108011 -0.96037815334711451598
-4.4514238132367909273 -3.4368064227438228642 -7.0359882527667370056 -0.76349927767371084109 0.0029639743030383330046 0.64580187971868563412 -0.053027924906842056896 -0.99690042962291558482 -0.058116887369821929044 0.64362791438204081107 -0.078617735109891451195 0.76128993133644562441
-2.0120777244999534794 -6.8836280356683712256 0.88307628642744984138 0.85097482690715797737 0.0050195033175250052329 -0.5251824907180019375 -0.26719946891718227011 -0.85673658466273616696 -0.44114268475273876735 -0.45215737059208604975 0.51572980240330357216 -0.72772005821775032075
1.0956447347352897825 6.4970411821432101362 -7.2191022154077559847 0.96738636796271126883 -0.0085709767908719071416 0.2531603314835134122 -0.24535037197578715706 -0.28020568317602057018 0.928056016675196771 0.062982617056827353008 -0.95990172073644963735 -0.27317005047404352425
-4.1896740867678960996 -2.560181276412092366 -7.3994062375662652542 -0.996065488125957188 0.007880006132572864308 0.088269184134685083065 -0.023278892101588861269 -0.98432601087436055742 -0.17481532398139679185 0.085508108077366265509 -0.17618231982681800685 0.98063660630909033067
-3.7026285556839924062 -3.9524720105690360761 -4.7853661245388101619 0.34960831449704088403 -0.0032713172473542032406 -0.9368902416601653238 0.059175891782835846056 0.99807432824426656204 0.018597019422493508284 0.93502526183319556452 -0.061942988167928189625 0.34912866675567283403
2.5583871492472929354 4.1709938645459532225 -0.7176522355251272467 -0.7395442663385727311 0.0060211039935129705494 -0.6730809939617751203 0.66628262007683503043 0.14858892930209990912 -0.73074537307635134553 0.095612490342257022702 -0.98888071899275697962 -0.11389984765135460765
4.3607277831567525794 -6.404263862328560819 0.064697284508711136453 -0.99831207840889379934 0.0091112090016238073131 -0.057358347025417061316 0.018445519248865959588 -0.88674153116511089667 -0.46189741255669503062 -0.055070472329490527397 -0.46217577043529012304 0.88507672000786208333
3.665044277206872092 0.21607032654396887694 0.6560789659074441893 -0.99884157591735578396 -0.00061871901245391712574 -0.048115729296474049614 0.020986564732694557023 -0.90540936184816112053 -0.42402057919204688696 -0.043302082163093245926 -0.42453916740910335736 0.90437349862536398071
-3.4574815810194494681 3.4906665840955501956 3.0989787185245130097 -0.84082169932977646187 0.0024253632163500423065 0.54130674072045403822 0.20955606834409210015 0.92347595603955345833 0.32136958916015373466 -0.49910432191704651173 0.38364863642413699063 -0.77698687222730100643
-4.0354467253975769836 2.3142961723933592744 2.8075491344440370867 -0.99828996895692445612 2.6450504989292480951e-05 0.058456284353020637745 -0.036706229531377754238 -0.77855654092942117028 -0.62650009201092859978 0.045494951297651568811 -0.62757446719601439611 0.77722615597390709574
-2.8240745059819118978 0.50213732441941605344 6.0286977489885815729 -0.9949733560613936989 0.00036742156773167931362 -0.10013933157881450831 -0.091760268504134809286 -0.40378976689017814783 0.91023836289118575937 -0.040100796148413012099 0.91485173069530523193 0.40179377420773809693
-6.0784762226964446086 5.5955375481963658402 5.6416905418393135108 -0.98021342973034653046 0.0020126822455661308106 -0.19793327483433076353 0.060997827889756411901 0.95435742882456942038 -0.29237161804842121127 0.18831064008490794315 -0.2986600863149475038 -0.93559673774184426431
-4.5816303362373593799 -2.1798878758479980355 4.8804113800133972489 -0.99858041163106692206 0.0013360884224320151818 0.053248252314198135648 -0.051807096696114940393 -0.2566529429204657542 -0.96511413398745049541 0.012376842841057411962 -0.9665027065446042398 0.25635782024991021766
2.8675366429838580196 -0.32792896271466603908 -1.2651921019650673728 -0.2007683681196712755 -0.0053428195096590332461 0.97962417111973554285 0.93848380593574076691 0.28574943551273868092 0.19389534832141830378 -0.28096300176189847875 0.9582894731676457889 -0.05235529827104008771
-4.8250550941429874996 -3.0760901499186745767 -0.90404648224052674976 -0.96239493672063991525 0.00036041414908062786989 -0.27165392667143056782 -0.011118498997188811656 -0.99921344310608473105 0.038064078817821908607 -0.27142653657003318335 0.039653060636553438822 0.96164196561282300202
2.6521634464617585003 -3.2024609244904440608 -2.2431178970064822309 -0.99648468593159178486 0.015425917712191379583 -0.082342648526847583845 0.046804178763774226257 -0.71268383650016919884 -0.69992222285165928142 -0.069481217274339535095 -0.7013157564564720392 0.709456531573255611
-3.3811439745212261698 3.449339232388829668 -7.4342435532000541443 0.99363826295284196632 -0.0071080255681485130653 -0.11239429864758747335 -0.030528912093293017471 0.94363650293122802726 -0.32957265642335836775 0.10840197379368471386 0.33090727750851944844 0.93741633534387824866
5.5088608751069889635 -6.1087990047439832964 5.7980889727824251878 -0.98767499268879033192 0.0068367216367260516888 0.1563693322061069646 -0.078153194376257839604 -0.88713123948264560603 -0.45485189033668593783 0.13561042373688209084 -0.46146660027708796825 0.87673165210485093368
-2.0845616519090102159 6.657282390576619413 4.9258771430923609103 0.99957646214637640991 0.0087366880799702485716 0.027759081474361083086 -0.026980347288706702652 0.63570991408798149802 0.77145639279902633589 -0.010906749427997720903 -0.77187860147299014457 0.63567638575403750956
-2.2449712652009106151 0.52192347286459495059 -0.70363160772818977851 0.68841200712485917101 0.0043928869656865623256 -0.72530656345458999201 0.19504281039819698629 -0.96426994530248133497 0.1792812725808297647 -0.69860375790439876997 -0.26488521123373354182 -0.66467180947547210845
-4.6504041762507997149 4.9012511238578433392 6.164912772748360581 0.60563532521993812541 0.0019488031381089702607 -0.79573994182273211084 -0.75739705791626266151 0.30809309250594063556 -0.57569813531909241888 0.24404005717393439934 0.95135421821550014698 0.18806807804113914728
-2.0094655749199579198 1.5480740926713891792 5.2115916029344013793 -0.9484697346866466372 -0.0086569206998953832088 -0.31674945952180000308 -0.15931146840701682077 -0.85106978628199281278 0.50029998492091576345 -0.27390695211578264257 0.52498121547523146635 0.80583478764620242174
1.0999211863957405466 -4.4494298045899283167 -1.1459364502285920295 0.99989570227797508473 -0.0049900082070361865758 0.013553021220538225 -0.00076396145124289684819 -0.95537588580816490413 -0.2953918299129741909 0.014422237309491329343 0.29535066723226044427 -0.95528005445340657964
4.3572629959665389876 1.7959200897194362856 -5.5757336858497321685 0.94994045930424197977 -0.0086800152067642924458 -0.3123103922589872683 -0.31211837482916388042 0.018341101403630981348 -0.94986616114761623919 0.013972969296905744796 0.99979410947213254168 0.014713762051662720998
-5.8581913381404620011 4.6089686541474916837 5.422700449098995179 -0.95323108768080999642 -0.0038304215840602763576 0.30221816846333821038 -0.0032612452400764199711 0.99999183104802802369 0.0023879105277711983046 -0.30222484636156848881 0.0012906229862536689607 -0.953235792726002229
-4.1418543585796498974 1.4529373944120869133 -7.2614205352351364198 0.77871555193772279413 0.0054542280391961794894 0.62735344150400018659 0.46297449868967560649 -0.67982309729073220339 -0.56876635796548991042 0.42338717828182059755 0.73335585344825504617 -0.53191398691885116712
2.0882885152733301481 -0.98456075069853365989 3.2174035197850998635 0.4077188344856632618 0.0036554623070473649116 -0.9131002078638759123 -0.64574844734152392345 -0.70585488238698046448 -0.29116632320101581977 -0.64558058734879808505 0.70834703543228438871 -0.28542982085371854106
-0.0056250849321245795925 4.1560867761594808556 -0.44179957785835527462 -0.73498240319023167011 -0.0095560510631597980064 -0.67801884110172849773 -0.67759877572865112594 -0.027554518275855879872 0.73491540169852631603 -0.025705371654245294522 0.99957462473325708885 0.013776917559922514239
-3.5363281292982393644 4.7070778131708133074 -1.393478793258656534 0.65059589594261513223 -0.01652443399110919281 0.75924431065626674098 -0.67669107614849588472 0.44116742038090522859 0.5894577971792316351 -0.3446943104311517847 -0.89727267331365678782 0.27583977610327914398
-2.2424665994456547402 -4.5019570642068860167 5.6779360253762449773 0.8409659165975281736 -0.0030248606829807647006 -0.54107964047722767464 0.52886283976616377256 0.2159615501275747862 0.82077079966388533094 0.11436968057830114442 -0.97639718305834732881 0.18321603936355551623
-1.539583746184317814 5.3505662857764075824 -2.8593959713637437936 -0.97206885870705106445 -0.016337716883371725118 -0.23412648918682998911 -0.1873290540076995303 -0.5469491880042459675 0.81593774962687082297 -0.14138585309887999331 0.83700637079323880752 0.52861174390558007818
-7.1064551059329472693 5.9489320258500946181 0.42525101691584321628 0.9314620445455416009 0.014172097232748277068 -0.36356238973671473058 0.18572787819227096207 0.84072346225333749459 0.50861499710395452478 0.31286357223757649271 -0.54127923632530450249 0.78046984149931164509
5.2219293086747589072 5.5525988875520893018 6.7965936048092094879 -0.69203850719730441998 0.0041377629010999148612 0.72184872617068474021 -0.69856369949135588282 -0.25583704212137819978 -0.66824858071794068781 0.18191058877657520498 -0.96671106686375141148 0.17993957567524673791
0.3539679642191059239 6.8041601535578957183 1.6217290620695656855 0.99734136978699483578 0.0042443213790604970848 0.072747356291219172908 -0.035630105677567469602 -0.84242983282974537307 0.53762670351073416075 0.063566403710885649447 -0.53878934890592866669 -0.8400388978045145727
1.4997988060657128084 -4.5643064893637896873 5.6937142223303922606 0.68226964143890211911 -0.0022238194111688170188 -0.73109725139556280826 -0.69914868059808299439 0.29041409074403334856 -0.65333818066557636239 0.21377384963768897297 0.9568984849630891576 0.19658593715344171993
-2.1083099138712237952 -1.4263010985919410967 4.4678613559470878869 -0.99507920608804401041 0.00089327269047855852036 0.099078633797240689418 0.089937098579608257265 -0.41146472437826869806 0.90697745225063008956 0.041577540936185625187 0.91142524798036861355 0.40935965291358916707
-1.8338010223209855187 -1.5073494883484344076 1.6452568072157987 0.9159126249243491058 -0.010534967204870068075 -0.40123942723793282195 0.27004785468098468915 -0.72339326842729456679 0.63543397404955737073 -0.2969481767689350904 -0.69035584567677477086 -0.65972008204500287576
-3.6515063652514823112 -5.223846457000307808 3.7256477085340047317 0.9956224336648084039 0.012435007980133871291 -0.092635523207997033657 -0.086690356984923486183 -0.24763592948702267682 -0.96496695717149272298 -0.034939255706110693145 0.96877335688162324878 -0.24547389149792619989
2.7388580234800383728 -4.9025727292914487165 2.6018374466864568895 -0.93125535386585145403 -0.0026546548111928405453 0.36435754240049067487 0.031825426292416497676 0.99555912284423342395 0.088595570786055385937 -0.36297466597216693218 0.094100933733056363328 -0.92703527771757365805
-5.2333914858289913852 -1.2319087496904932433 -0.67624907418999535835 -0.75356692908487699079 0.0071284408128101679064 0.65733254043982691783 -0.65126442840198084383 0.12788548459213860964 -0.74799729085661637029 -0.089395344888278119311 -0.9917633226542398317 -0.09172777196729446636
6.5870539370832155157 -3.7857197691808353035 -2.2289786853959574486 -0.6383692276352624928 0.018163808224252106505 0.76951595518158655285 0.59650090404518707476 -0.62017526634355590875 0.50947945050703813408 0.48648884949354359586 0.78425296625935447814 0.3850660777475565788
-0.87481863963576111942 -0.96623576713234549107 -2.5590279423996080688 0.93636827448080517389 -0.0037060276015826844678 -0.35099960100440247279 -0.34075946761531988871 -0.24958861410899971234 -0.90641519677115167664 -0.084246304229722512869 0.9683448709352058259 -0.23496972391572848449
2.5331544316148564278 3.1520589773793283861 3.9335473354032548521 0.7188685920934637652 -0.0017072568696883793499 -0.69514389343197513504 -0.57926671724062739344 0.55134477787472957466 -0.60039071129351950784 0.38428897668155043155 0.83427574649167923759 0.39535548714646306934
3.3883027179719764632 1.0684235842914100445 3.8333958468910624973 -0.82320609216545048703 0.0085965994001567166971 0.56767757424475240313 -0.046445283638978047958 0.99551423445451603378 -0.082427208044854816116 -0.56583969942850143031 -0.094220525774023775045 -0.8191141111429560695
-1.9261214670064294996 6.1779373841398230738 0.7832362976004352273 0.99935872086500021627 -0.0025368251182272699186 0.035717104435876272095 0.03565930053786475068 -0.020021639420821881611 -0.99916342419042858403 0.0032498178578420754831 0.99979632849561483887 -0.019918338551843668693
4.9059516140944765539 4.1523127763546554547 -2.6852056492166007651 0.98608146143132646699 -0.0024796003110758076809 -0.16624440743583199231 -0.13234549537246606543 0.5935213791997440147 -0.79386210533539514067 0.10063807070886419959 0.80481440345913213275 0.58493226506056916758
-2.0806253232010827325 -3.5922972709267160241 4.8274304175753393054 0.95800544867936565652 -0.008654311821872893995 -0.28661936987516767328 0.13930402998960736416 0.88771626606697318085 0.43881000238014705728 0.25063907821684688892 -0.46030960651182895038 0.85164260028689109383
-1.5891555848567762155 4.8871838270899248258 5.3906250755051168255 -0.93660222094373168922 -0.012289734923734679101 0.35017887163370947645 0.068568656593514160091 0.9736339523692676412 0.2175666935144588976 -0.34361987581653602453 0.22778474314440019799 -0.91106503156173235247
6.6283211397855019698 -5.6429300119632062049 3.700731053667577708 0.85075570628157415332 0.0010876370731748281982 0.52556022040765548731 -0.3856821762141449117 -0.6780201562845582508 0.62572991507718289661 0.35702098983123897735 -0.73504250538146809202 -0.57641003469969731565
0.57630242643962958926 6.8380974290483473865 -5.6001229255929594331 0.99546677897089719256 0.0099530222803485158406 0.094587680555358058521 -0.069279488439215469731 0.75725553001047718471 0.64943391869377653514 -0.065163213909094047649 -0.65304287731815113816 0.7545122636094817592
2.3459807127525267312 0.059013440199511046913 -5.7982070078176661809 0.95581807788489159261 -0.0056647009987653264632 0.29390425847738971266 -0.27532039381687345436 -0.36759973188829542234 0.88829562526468430761 0.10300719750151021703 -0.9299668533223462985 -0.35291807687427573237
-6.4467345035372156659 6.3253522417009344636 6.9235496812214227802 0.85810748788200874593 0.016015882949123851076 -0.51322025557660144734 0.18789135109302559923 -0.93998586838619513362 0.28482171163531266878 -0.47785811641660730364 -0.34083729069422435964 -0.80961815805172487881
-3.0916663154996979479 -1.2584077753259164112 -0.2608965735965874666 0.99772547859747195975 -0.0039691064047268111159 0.067291273963285713755 -0.01895278107447889715 -0.9745123885790429874 0.22353164562475899557 0.064688959234185758329 -0.22429857489629628775 -0.97237106489894742367
2.468880774096441133 6.7796188689608811728 0.50527005622028231535 0.96266447646065056443 -0.0045753499951162049722 -0.27065877398112220265 -0.25793545810761470127 -0.31888607998967388735 -0.91202026701143845688 -0.082136503525460619057 0.94778200772170295707 -0.30816044624080940473
-3.5376183099286704348 2.3419367082198978558 1.1060208031370102333 -0.99749159686817867598 -0.011395839571085406017 0.069861641964101633961 -0.01627689273484198007 0.99743510035456617313 -0.069701386955413377478 -0.068888148039828581148 -0.070663678230626927879 -0.99511861988338623508
-6.4418842501623476693 -7.1648583970297741175 -5.4867993565513417664 -0.74353071941582760118 -0.0027362886992758463436 0.66869618064498226317 -0.56813391778012378719 -0.52482646517186548607 -0.63386199832709089197 0.35268388218474056028 -0.85120484854078992676 0.38867002079873480547
-0.14151895279800588701 -6.1622451658439976185 -1.3779291612969672975 -0.63392765463515421409 -0.0087344438674696600611 -0.7733430274975257035 0.56998422607963294961 0.67058160290309276608 -0.47480342866088620646 0.5227367508690067277 -0.74178435096606254451 -0.42012172754184506918
3.0644723642264888319 -5.6051916335431366534 6.4869774771028296811 -0.92031601790114792028 -0.002414358766855556615 0.39116824777365699628 0.23646291091348117797 0.79316173056496430682 0.56123057732937997599 -0.31161469631091232024 0.60900627257757278255 -0.72938853912319667749
-4.199285060025478522 -2.7022783623979216294 -6.1073363836151992601 0.95418426827943314539 -0.0079251904684386077077 -0.29911464946400939668 0.18582740281478790645 -0.767808404970798275 0.61313818150486321112 -0.23452197878028496758 -0.6406305055272213389 -0.73115798351434369007
-4.126238370384497145 -4.7091748922120828524 -0.77382194057861986014 0.99035941407225636102 0.00047007142544471663959 -0.13852079263127689557 0.034909842162632251372 0.96687017455550927636 0.25287026016321506594 0.13405049003465449586 -0.25526818169859666341 0.95753256943752940167
5.3259358732556876248 5.6737454082765443886 -4.2697016854246481188 0.99497470794631459601 0.0020379311242616042488 -0.10010583091771714515 0.07158781042076789447 0.68452797275850219005 0.72546305206419148259 0.070003685232782233983 -0.7289837455992451698 0.68094212874956816517
-1.5392461850099978804 -6.2877639281683119776 5.2751417231822017584 -0.68868954806475435326 -0.00053428017975816043811 -0.72505615019179603387 -0.67187542576820169504 -0.37544819724041395004 0.63845286704482162587 -0.27256213720015487478 0.92684322608171598734 0.25820827955596076242
6.4263003696044460611 -4.2509013474346568628 5.4856509555811072687 0.89824200437192225355 0.00077071544627925654691 0.43950052056807364931 0.0026552494724356567185 0.99997069597828991405 -0.0071803088318728777034 -0.43949317541025284539 0.0076166385225258301239 0.89821363582698787731
-5.2491385630452578326 3.575495830351973936 4.7673535762995973286 -0.94156406716878859875 0.0047593998085968432232 0.33680031996722864518 -0.19715713989827116093 -0.81850546091861553499 -0.53960899977064002986 0.27310468616213079418 -0.57447903230651164996 0.77161368043632672098
-5.3095477075459465155 7.0494574822392381819 -6.7487386129319171246 0.97267301927127847172 -0.00044670351797624144319 -0.23217880617675784594 0.019626121966941457303 -0.9962608982691234516 0.084137018704957378112 -0.23134825030307440419 -0.086394577584412046711 -0.96902732884367437372
5.1211555546689888629 -1.5969483995600048942 6.9999859308064475982 0.9326799311385743918 -0.0014238618133149540199 0.3607022576430418126 -0.11380324695809199143 -0.95007903187133069256 0.2905144646662604635 0.34228199928286173748 -0.31200609900450682055 -0.88628168611959212697
-3.230200710323706037 -7.3729942340681668966 -3.5908933691921340881 -0.85211414006963326351 -0.0033725016446369518626 0.5233451237243745835 -0.39664207433831488725 0.65653967634075593995 -0.64158453710721896623 -0.34143309323795206778 -0.75428395158794581121 -0.56078441777479415276
-2.6804194334114548326 0.32284039151993937367 3.0561084693556086478 -0.92102428500534549993 -0.0028780768556212052087 0.38949452255951472202 0.30431286526458661834 -0.62947979059279002279 0.71494676254227029766 0.2431212587674719261 0.77701152495239578233 0.58064200987036229673
-3.6088822946010550297 -3.9224974350484949071 -1.8137052528366732762 0.68389168652784360081 0.015479825017941236179 -0.72941931432846907057 -0.29464160179316623012 0.92047970759022113008 -0.25671664224839929602 0.66744174846253967459 0.39048365257975398146 0.63406942007730415778
-5.8699451662243582462 0.71963285497940576718 -1.9163487303495054803 0.99977719882502757986 -0.0060248682970683526197 0.020230019071751433046 -0.018690792540142366074 0.1926640500171248882 0.98108675360805697174 -0.0098085158848108550816 -0.98124628141613179366 0.19250851467687882246
-6.4951152143330679323 -4.6737373241631470222 -5.0648741418639442458 0.99583935609804707934 -0.0025256934013344880738 -0.091091150607429796637 0.062149332754956231051 -0.71223362377663068656 0.69918575900834145642 -0.066644109148985455904 -0.70193795027401895137 -0.70911330313354770105
-5.8696131304337155754 6.0223249813071992875 4.5796384174182067639 -0.96263838908934673544 0.0028895892881478524999 0.27077478118402720231 0.1967450165382247651 -0.67960170814220466351 0.70670567901886782725 0.18606109297448159001 0.73357560521320031022 0.65364218125609530041
4.061052717336773199 -3.8294536616039289711 -6.129446661293910914 0.96086553875220703791 -0.00089116091877214972244 -0.27701375826951701864 0.25794141077703902631 0.36752459916563917641 0.89352778222862483393 0.10101309343204820101 -0.93001337347385371057 0.35337158928668294111
-6.8212407487198047917 5.1910377598805812482 -6.1294677880287817828 0.92402995115553721028 -0.00022991652451761872278 0.38232001844778917832 -0.17090232259679088989 0.89427854260742778436 0.41359192976069764081 -0.34199568052615791913 -0.44751070978301588088 0.82630086477697217706
2.0950905938054216193 -4.0467319320971970598 -5.4392421293289414663 0.21774061093773733333 0.0031022335491899108093 -0.97600174308027298764 -0.9395515384272736803 0.271418472716523973 -0.2087460641716917531 0.26425732343197150254 0.96245643476226194757 0.062013532372793951641
-1.8322365932329083282 7.2109116602647134187 -2.3124023801091024843 0.99306497632245271934 0.01545780448592485451 -0.11654616717004454007 -0.071141749947694260525 0.8682342705411935091 -0.49102759889039976349 0.093599167816400735687 0.49591360914797621984 0.86331274057898677032
-3.3356468727936379182 6.1925381641603305383 -6.186517456950256566 0.84508168317191334484 -0.0047902592915824637396 0.53461575190342502939 -0.24014063221838036211 -0.8968136586560582213 0.37156121757474874778 0.47767083386483855101 -0.44238254380538533095 -0.75903113204338001907
-2.4556570893182274595 -4.3059728257545195618 -4.8978721822989959023 0.6328141435205304477 0.012285925589968877195 -0.77420624887211819676 -0.73146818425784487783 -0.31847066542809576717 -0.60293509657371546773 -0.25396959498898602492 0.9478530958404169926 -0.19254597769604250845
-6.8829086343317555929 2.5882520302668696743 -1.7517269794547589701 -0.98219819933968011139 -0.018835470426090052121 0.18690083538539473129 -0.16803889389788137509 0.53281626614676869114 -0.82937913927645945389 -0.083962058999830349593 -0.84602130681391163325 -0.52649626880463362699
1.7867834410856793248 -0.43858435278027257942 -0.39723082057772363118 0.095617307767908027438 -0.0052581258059066033825 -0.9954042809674507053 -0.98391399429028580936 -0.1520909526013221047 -0.093710159409639406936 -0.15089924550831071426 0.98835251517359146156 -0.019716070987692780464
-0.58684425973485609962 5.2694468026586331888 0.48573635274810333939 -0.94167435893981021877 -0.01060657243258328504 0.3363582945858781259 -0.33077427123107944196 -0.15482281608542763918 -0.93092334652798580663 0.061949844285674078581 -0.98788531532790246903 0.14228429481987345251
-5.4560903920124470545 5.3388688328187177135 -6.533492296262693344 -0.84842425271345989213 0.0013784731568195433132 -0.52931501699758587431 -0.13029625045320364363 -0.96976999108049111165 0.2063226878401406561 -0.51302940902574423188 0.24401693427198059561 0.8229559898702427656
2.5053600601628192024 0.54776500248409176752 7.4320230227643495624 -0.99915099840962029454 -0.0017817674983504386797 -0.041159539375708174835 -0.016870792587791918343 0.92915011262232649614 0.3693175389435786049 0.03758535265891655569 0.36969838181740710681 -0.92839132252899070341
-4.271047349279603722 -2.1374765392450165713 1.6655570432433945971 0.97386322670018354852 0.011619709165324813502 -0.22683782321302495277 0.023113814292770533398 -0.99857598291884019925 0.048080743824012402154 -0.22595611801846035571 -0.052067155642843074292 -0.97274500463040625142
-1.8008606981446686479 2.4338163848909117881 -2.330302338345604074 0.8125033486534797289 0.0085999697875079085529 0.5828930853479369345 0.4721456110076438506 -0.59619044845211888184 -0.64933463728693729955 0.34193103169061062063 0.80279697912605540999 -0.4884671737925850854
5.0934542567147609304 5.3166724892766907828 -2.799148194695321834 0.89588307044733539453 0.0044257685380018584043 -0.44426786588593442096 0.30269551447299886116 -0.73804645077430908184 0.60304466005214030222 -0.3252213855267333531 -0.67473539189246323211 -0.66254298073702566629
-2.856983191813964762 -5.7492829686137483236 -6.6237772325973169885 0.93903011671972613783 -0.0062183874510495220841 -0.34377866651498473205 0.31811227495492211403 0.39515679112307477983 0.86177473329887188669 0.13048762552949222382 -0.91859264208185897882 0.37304227306954629295
-3.8754981434185662437 5.2338032094936579597 -3.0610825913110115692 0.87202738568864057722 0.00025879509596339091149 0.48945701714669415106 -0.39775469535002561106 -0.58238472294401011364 0.70895644210931230145 0.28523576377445808427 -0.81291325952197235338 -0.5077524904493488922
0.28999302915175401152 -7.4020940646578914368 7.4343834314429599885 0.98609710440132325449 -0.0058748609996955789003 -0.16606621179415992362 0.11425530955865317861 0.74962536240918176134 0.65192602361814644407 0.12065746942926991458 -0.6618363106094086179 0.73987463331958669421
-3.318187586683091439 6.1258663892366751469 -3.4355814008507854496 -0.65535511168813398442 0.0025653499617850510951 -0.75531655387914042876 -0.61980018174766537964 -0.57335685083934151418 0.53582614372688186499 -0.4316913391415340695 0.81930173963879104893 0.37734234739147060056
2.6994592184781018851 1.9982286046567541149 0.58237263368533720431 0.97919788043477862249 -0.0029129962174274486031 0.20288673048009550626 -0.17763993148615536688 0.47091222827454026767 0.86410978932255300133 -0.098058990885529898063 -0.88217525906959737281 0.46059879134875980622
4.1580929614020520901 -2.4544526910043482637 -0.33706741785015958968 0.83020392709231194406 -0.012978854772991165606 -0.55730870150149236508 -0.42409139857647226712 0.63415638694499198991 -0.64652313380905401807 0.36181200241834571285 0.77309587130293166979 0.52097490215984865181
0.29805339879617415155 -3.1410265887561488185 -0.3568048963549876329 0.55999388971717889429 0.011710254775256227072 -0.82841397466028288132 0.071294914729322825253 -0.99687213131676954969 0.03410262362100256045 -0.82542345412102613444 -0.078158964535046421274 -0.55907718398237538082
5.0389062195048071047 0.49574714831933897052 4.9201337049323923267 0.89909180422549939138 0.027096557381785072588 -0.43692070693969209394 -0.33946146594106335614 0.67335268574051110324 -0.65678160277770269992 0.27640521108649940274 0.73882469990123378345 0.61460411819324056726
-0.11663632401016701956 3.3727521994339668687 3.6243778934572099537 0.98583918946877147071 -0.01147167969322477124 -0.1673006069107296212 -0.12981079109072171662 -0.68379040971106341829 -0.71803888063497245398 -0.10616143849845960379 0.72958829222524701485 -0.67559653109222794765
-6.411514588478722132 -6.3312101861031431227 1.7168920055541185832 0.96709756959494208584 -0.00069367101466985764749 0.25440481462445102556 -0.07413474442465470271 -0.95736506342193949948 0.2792063305307531107 0.24336460414911001426 -0.28887999958431948011 -0.92591685117371669289
2.451795772825454911 -6.0000826257906867411 4.9248109910695285762 0.84898666381757148525 0.0076916236772387389098 0.52835829092130170981 -0.35507058957493198292 -0.73220961085173552618 0.58120044923876679199 0.39133939372236359322 -0.6810359202726480321 -0.61890512537825637107
5.0769626544987733752 0.13489445958193124753 -6.0505081665226612131 0.93075477998336964003 -0.0086239989090581142817 -0.36554229055040438068 -0.027084709379282010527 0.99534921467851911192 -0.092446521604507017611 0.36463949053254818278 0.095945648581582346215 0.926192460810511764
4.4971074803924864227 1.3652177046414355477 -2.0611384616821766258 -0.99192582087820413417 -0.0031720727486225404335 -0.12677974534419902963 -0.11513378351135035438 0.44167517326052629922 0.88975685061685083621 0.053173092532104809793 0.89716942618421435807 -0.43847422153512283227
-5.215917430428913093 5.9842374770375110771 -4.8389661176071552262 0.54617922325070644707 0.00080097882662503484819 0.83766796197669812774 -0.78019258552002601625 -0.36354648975125664068 0.50905154875423652694 0.30493898666598495684 -0.93157571255505544627 -0.19793662164615641319
-5.7421829390179022212 -4.6748379294050419475 6.0729510314751706801 0.73467852989838411393 0.0040238251202604612827 -0.67840346884267344052 0.67765218200349630617 0.043067440355119612772 0.73412036874570252287 0.03217107291214855308 -0.99906406421851523536 0.028913969893815547052
