1125 14.717824617146108679 14.977075390850430381 15.033177056927090831
-4.6568808394935672368 3.0926723079216742462 6.7114023266501972032 0.99241659888563449332 -0.0018899811460075114158 0.12290533848248860749 0.070335850189404899857 0.82874232022242633189 -0.55519279070475402449 -0.10080755147484939116 0.55962719255207704627 0.82259056821840836893
7.1545967701620467594 -4.6647094966926916371 -4.5249309924177074649 -0.91315238057163938823 -0.0002849936990451016304 0.40761826337263368236 -0.40700531236305642624 0.055461754686906200584 -0.91174046168590960892 -0.022347383842322939007 -0.99846077166099800326 -0.050761027272578231051
1.0518752802270863178 4.3280080597606582771 -3.5645823595844419174 0.96887062102561150034 0.015172112833538283286 0.2471022596123439441 0.24427630560300056528 0.10362574108731863187 -0.96415288844927637957 -0.040234391188987625454 0.99450063487982454102 0.096693748450344521594
1.1731174667708637038 4.8839750650090456574 -6.7072235897737257915 -0.99931552083104402406 -0.0085868582950762786798 -0.035982713777225741603 0.027668756938435169063 0.47213873128381739219 -0.88108992634752858475 0.024554627173702336246 -0.88148243560845940259 -0.47157797446248067574
3.085079807492582038 -2.1272207842047698989 5.3064509832493671482 0.88412704983890666455 -0.0025656673015897507768 0.46723952860872058901 -0.081649645314423327513 -0.98544698955851450783 0.14908912163553822428 0.46005727378575628217 -0.16996366706252835632 -0.87146982547614104675
-3.7376273871018215189 -3.7768407701409123511 1.2340551053348838284 -0.9814732717942158402 0.00076855247620222656019 0.19159756282532855454 0.10215105940163721199 0.84811291299047819603 0.51987464631572055662 -0.16209681618296423178 0.52981496406376882291 -0.8324786640133314819
0.86756931487051136553 0.52830131460992413306 -4.1399235298325702814 0.9940536195855206314 0.0017004485064655936594 -0.10887841780515922219 0.046814238113802190966 0.89608536644611647137 0.44140621104699534483 0.09831494544935746871 -0.44387850197548361919 0.89067729677219498186
6.9799518356801666386 -6.7145767710746877555 -7.2772956670785253763 -0.96466372991714555152 -0.0034550725325377075123 0.26346147850539880508 0.13655607649156148442 0.84858722136661302038 0.51112832606557989656 -0.22533602942195374297 0.52904422329999800656 -0.81812950297435738101
6.6993109807113855325 2.1748826418033817554 3.6704772967322116806 0.8535412629141518881 0.0071551644548982044902 -0.52097611857423342663 0.33230305322252151612 -0.77761614049566007978 0.53374883499612291171 -0.4013003779240356117 -0.6286986095596884816 -0.66610514561567013558
2.8280219651574212136 -6.7168829396448641589 -3.2457838309973738866 -0.88017875730555072966 3.3924750727770593833e-05 0.47464234328293236631 -0.43120623651334211157 -0.41797101302877565088 -0.7996007840540376721 0.19835961479099833982 -0.90846036298613352944 0.3679038354015463641
3.5941943780359855154 -4.7978596675725073695 -3.186607950703316039 -0.88656187868216851378 0.015466968533678054215 0.46235139034278410763 0.16651751314546839322 0.94311863031399756352 0.28774844390647191794 -0.43160161385632905828 0.33209640473682455752 -0.83870854584741350024
4.0750096215063198457 -4.6622002268897730914 2.6638259901153840126 0.92482316897966687641 0.0065799036507927892437 -0.38034038831859323659 -0.10182959476946319699 0.96764248334333224921 -0.23086523787276275188 0.36651444684684703068 0.2522394285136680403 0.89556821680735176905
-2.8340401587555392737 6.4066077309554705366 0.95919325606814698215 -0.98440199005612782912 0.0016852170642105328627 0.17592578553772228456 -0.17099031624973834442 0.22621426879424572087 -0.95895224925062916288 -0.041412965631623444018 -0.97407610823658830057 -0.22239762058138573542
5.0847196816652822093 -6.6853885853496795022 -7.4403036045950798894 0.82835150805113300088 0.0075889053329350822374 -0.56015728829081512519 0.19828843495602316294 -0.93914863035604434494 0.28050231133303721309 -0.52394224459595417631 -0.34342722462886748902 -0.77944997640109581205
4.9031778308753706241 -2.407122716650806904 -7.1213892699472216563 0.99791473895049653819 -0.013660515733427604917 0.063083786310802053565 -0.032776856665744549812 -0.94920485935914034048 0.3129469805511702063 0.055604419361367160568 -0.31436209262387104779 -0.94767326820403086085
1.8518374863731827951 1.9829020607890155414 -6.8670047903692195135 0.99505496498238865666 -0.022163770569702659352 -0.096821402273008685957 0.082832047762333452234 -0.35276888669684836053 0.93203699735691636352 -0.054813032460241259414 -0.93544795678467340672 -0.34918856169657908062
5.7829224009517403715 -2.4759615406016313166 6.0638918226130664735 -0.055913411641101723459 -0.0015468955016573952659 0.99843442324119291431 -0.4761755954452216999 -0.8789034250113334501 -0.028028053905876124802 0.87757079070644483654 -0.47699725011545413 0.048405895108864560594
6.6170527005737556081 -2.1781610210577184716 1.9426682981134708594 0.85753841140931197362 0.0082036936216602768246 -0.514354520120765768 -0.51439790307545363302 0.022929527605274831886 -0.85724502569305827127 0.0047613306185850922531 0.99970342410885981721 0.023882913473504584906
2.9041276630585195484 -5.2919864671996670324 5.3470027133907525041 0.49051203504550494605 0.0066831669678839092374 -0.87140878969325719083 -0.20816874886254885246 0.97191902270235430716 -0.10972322136328928333 0.84620548064434519819 0.235220638100948648 0.47812920423134702697
-7.3172595087424436855 3.7460113644421499934 4.3780369921278765588 0.8142045739734021792 0.0045927304337652179178 -0.58055991813744078911 -0.093292836816635860142 -0.98593913586878800803 -0.13863789871751158733 -0.57303347050542863261 0.16704169296707427339 -0.80232768523307418373
3.607936604043527673 4.0127106072881426613 4.1576720344766382453 0.56933944035770400749 0.010382106529985222695 -0.82203699035822064278 0.81443792820047522518 0.12909926688163739228 0.56570685023164135607 0.11199760158865150472 -0.99157732484894833824 0.065045723024337823159
4.0236279480337264758 -3.7539448568484474755 3.2809268246081910725 -0.60450409819153783086 0.006236263540266065962 0.79657761974984386821 -0.76164371907904049319 0.28845561148142412344 -0.58025184652220807013 -0.23339588783204673339 -0.95747296004732851404 -0.16962278833094157626
6.118345588488891984 -3.6045079051814186144 5.4892880442202764968 -0.68606205051232460601 -0.00023812974836321700034 0.72754299264103816647 0.67178804262738245345 0.38371500792865520513 0.63361156750263125659 -0.27932004695280687745 0.92345153418278236312 -0.26309233243437635252
-7.1715439995979330945 3.6487584201187983624 -2.9912135361259042377 -0.90440348445319163062 -0.0050549254191089368349 -0.42664831540515119057 -0.31709877221330357022 -0.6610816356465091248 0.68001429372604393908 -0.28548678773257096797 0.75029695370563864731 0.59628162414266883129
2.3335886238608027909 -1.3851199317482769668 0.99141211070685564266 0.99539864629139129804 0.006098634528757301311 -0.095626050938441939375 0.012256478021809661186 -0.99787843960155808709 0.063940585896182164372 -0.095033224230773163943 -0.064818411235706904772 -0.99336159572294435716
-3.688980712826501307 6.7572607111792954981 6.3978013300258913532 0.9738942258693920051 -0.00010785707071750416652 0.22700225810556534656 0.22659218616363904775 -0.059620492666858045105 -0.97216324659168518174 0.013638841144781086931 0.99822111038635830127 -0.058039613982318993823
-3.5012280168964697857 2.4828516012038854832 2.3276476643381931453 0.97006224512571548324 -0.0020751079912096140334 -0.24284755405128746752 0.22769756917036315658 0.35552563527879887939 0.90650721985738691444 0.084457430553987827837 -0.93466422665388604329 0.34535449300361115155
-5.0020769085303289359 -0.071378099702082531408 -4.933748960762573077 -0.64652094593765652153 0.0057573708293335700698 0.76287451074530654438 -0.67119614345426481528 0.47103777356010972932 -0.57238025201046316415 -0.3626381164135042412 -0.8820942515177734311 -0.30067146183744031251
-6.1685717478091266486 6.4443946058134944366 2.0499850787597857504 0.51255824861978604989 -0.0025350640088867794006 -0.85864871468045922409 -0.15960049401182957451 -0.98285072931648986838 -0.092369509001227881329 -0.84368935283257018298 0.18438551280520634745 -0.5041728459413278296
6.6052090334847655129 -4.9320118832640975626 2.0455052282983263723 -0.99386075264760043169 -0.00012098807840118066311 -0.11063810242647055537 0.0090215894495288689869 0.99658073884310593993 -0.082130639170789429548 0.11026973868857579963 -0.082624550399279295121 -0.99046139167606683795
6.0307000956541667591 3.8300828743911123908 3.0719998692219609993 -0.92774398685949532872 -0.0011949089960415118072 0.37321530922308532308 0.19503870709543999484 0.85102895752885032721 0.48755473147313194149 -0.3181996190766774868 0.52511740176813848091 -0.78930394448499019422
0.31776224334292907381 -2.6761562451053300116 -1.6898335117627236723 -0.29137355884195142997 -0.010636324361195676619 -0.95655021708850995754 -0.1887183538732172261 0.98092603343060325027 0.046577890135816146788 0.93780959267816677016 0.19409014797817539244 -0.28782317894610948139
-0.71439425011739299265 -7.2869009320574926747 2.8510938931836067312 0.21826605865519146943 -0.0023249842838998814598 -0.97588653135871028521 -0.87474354166078138739 -0.44380127452131079568 -0.19458716570216905151 -0.4326472743030922441 0.89612221442248907177 -0.098900520002679140341
2.3791623431923354381 3.997570737539622332 7.1781963262881376409 -0.94509156861070042766 -0.0038255604899528820699 0.3267832493075403244 0.063011980355972621592 -0.98330163640799850278 0.17072604420253958968 0.32067338098547643055 0.18194300460409101872 0.92955114211269862512
-2.8203677561648246019 -4.6596450264402182739 -4.5958466746420345572 0.44127681556626130455 0.0023865504767134624112 -0.89736786014465708128 0.87206574396456160159 0.23466267026752485325 0.42945869345777271109 0.21160366312337899886 -0.97207393523320884121 0.10146996695091138607
2.1913613183543092511 3.1471110254000826956 -1.683751194094054382 -0.94497452421565286684 -0.00043289771290579159586 -0.32714363998519646604 -0.26972235470381145106 -0.56486528615096953665 0.77985707656883940242 -0.18512968415755989837 0.82518302279006461308 0.53366654283601488995
4.8024254110951769547 -5.6197943825824934194 4.5332834010271954028 0.90815399475200164758 0.0030337885707271503716 -0.41862527150530487452 0.27306452688937549178 0.75367270711814982054 0.59784045923619522078 0.3173201631958345037 -0.65724291298728310107 0.6836224596641554685
-0.39937988603778573626 6.6699383289048084222 -6.1300814695446872449 0.99993778515435927101 -0.011154359862830054775 7.795275486266700464e-05 0.0086434372966605142047 0.77038966116613205593 -0.6375147535234433338 0.0070510149822606386916 0.63747576442118925044 0.77043814350237793676
0.68802552822328066906 5.8014366856629804303 -5.028399271011776861 -0.99448945511052211366 0.011496009969480910223 -0.10420444054236289999 -0.095827882937868313906 0.3034329732749588282 0.94802186028660384576 0.04251753197937045009 0.95278343419905131562 -0.30065925395721410096
-6.0223821722427697267 -5.9257534621727021573 -5.9112807206218782596 -0.49696318188769095237 0.0062751342326307375102 0.8677489375035616348 -0.36262590284355850079 -0.90997942676935472672 -0.20109673653090670564 0.78837177171369576811 -0.41460591595741241866 0.45450179759627273857
-6.4490979771917924523 -4.5144295404604752875 -5.8818637932673700774 -0.99295390480100631514 0.0032470319782830531392 -0.11845674199420679062 -0.0012401540945481913641 -0.99985452243515526849 -0.017011642590488772891 -0.118494746543371679 -0.016744872323666757513 0.99281347910488682018
-6.2948267518139369159 -6.2503061852776840013 2.442137014811864848 0.73496533034045874455 0.006535517281830501013 -0.67807318942085459401 0.13487068506403085411 -0.98138444059643814565 0.13672775162936998128 -0.6645568910996136891 -0.1919423527237540672 -0.72216498926701488958
2.0377548169481936036 6.8226325926356690132 -7.3255106155653990641 0.4999678016003727965 -0.0077244221426828168359 -0.86600954421157161356 -0.47080559815777678345 0.83686880676731534301 -0.27927171178438586763 0.72689358650783397753 0.54734900526293128742 0.41477075636014504312
-1.7880701299884675937 -4.3877301809620146145 5.576317854364589266 -0.67644540006156761436 0.0048189231594907219747 -0.73647701845690527467 0.00054522060650258807532 -0.9999750433240484071 -0.0070438245002258327229 -0.73649258208757595323 -0.0051663051287491566776 0.67642589085664484028
0.68147285351347086646 -3.6772317798945812761 -3.0040023306980132567 -0.011011727838651765021 0.0022462282124793304244 0.9999368461602173852 -0.035782606794402836703 0.99935611313081518237 -0.0026389768844961797659 -0.9992989276993264891 -0.035809406680690665514 -0.010924261630802355877
5.4064932090185608971 4.2025665537794649751 -0.1242363340964014462 -0.97933408117707643203 -0.0049595283681318604388 0.20218842826319802231 0.20075205437434381905 -0.14525288630780539001 0.96881381683161538199 0.024563593175187439094 0.98938213148291720422 0.14324673745922178458
3.4989520674780001386 5.7699823516726533867 2.1527748083790330114 -0.99074125050949768401 -0.0061122086670935991612 0.13562601315429381743 -0.059934104099929247367 -0.87668069677549564922 -0.47732468935407212918 0.12181821581629893869 -0.48103388322073464822 0.86819740007029178042
3.6687306908083638923 -0.4346771600862121554 -0.8942892459316843512 -0.90422611379089756767 0.0131912815457177722 0.42685023747190353749 0.2545545632114464274 -0.78589984503148979655 0.56352764610767525078 0.34289518731948082086 0.61821308921004158865 0.70727326178958649372
-5.3179509198730299246 3.0582465764721207258 3.602297579315909104 -0.97612214173306710574 0.0020297349735571047769 0.21721290153749431284 0.18303152491806662372 -0.53083152097302277461 0.82747649950169843702 0.11698301288899143335 0.8474749415276335851 0.51778489566428331781
-6.2927929798944370887 3.9859260623990309114 2.826077056070032345 -0.96427673996364882125 -0.0034769905990283114447 0.26487408197382084074 -0.23822322059335787614 -0.42590099510936757499 -0.8728447969341885937 0.11584500824467205971 -0.90476309214131755976 0.40985812321286235749
3.6910040025412835796 0.73499597927479365378 4.964107923681515544 -0.89963431386387648914 0.0056864628187056421096 0.43660710651454404108 -0.38315985324538892609 0.46923564718171129062 -0.7956170148224073202 -0.20939586476220151123 -0.88305468208633375315 -0.41996166523376432522
6.4913951712954407469 3.3432151237748222172 3.8695257079668183842 -0.90827559922109846191 -0.0067790404411741849236 0.41831743983539843024 -0.21860959083879027975 -0.84482260879836534873 -0.48834885733112171069 0.35671456748076141308 -0.53500355538447363912 0.76584979798458985289
6.7025835800427628897 -2.7294799981350572615 3.8017422289951605663 -0.83635648056987121901 -0.0035272555302495681856 0.54817460345885260509 -0.54652335360693449218 0.083187812136873373614 -0.83330187319737614171 -0.042662177290140587682 -0.99652764456403775117 -0.071502393306512770921
2.2541020746471995828 0.027669816216777450013 -1.2050170374050215294 -0.47349089076642070228 0.013543965204379450687 0.88069457666524131323 0.53499616080773737536 0.79872544166491443729 0.2753484642381768821 -0.69970385470013829465 0.60154320696346641473 -0.38543519023808531232
-2.5578790484060807131 -2.7260846206399031999 0.99292869287796392541 -0.99734883855195799462 -0.0068851904020840095505 0.07244231078629671805 0.072564328015599879884 -0.16867277032433863893 0.98299741345075131171 0.0054509208926844642668 0.98564805620679207809 0.16872521079303234859
1.6707764440226979819 -2.1406332072879661332 -0.85370306110803384492 -0.79883555307425624381 0.0015135347299773671548 0.60154756117622643075 0.48050750420498133941 -0.60001181536011061191 0.63960797355171528089 0.36190371308835667108 0.79998970658431800551 0.47858350557868539754
-5.5847633789005595162 2.2761888397567959785 -7.4139777507914965682 0.95847536608722438967 -0.0012384420402531039901 -0.28517264747018716831 0.28367237191293154241 0.10667174100607579312 0.95296963492225483794 0.029239665134026197879 -0.99429352101483536863 0.10259354780301024879
-5.2873825502395419562 4.6118244819803857482 4.5792619286264137912 -0.9986973725667245283 -0.0001617242320896129619 -0.051024816253943255928 0.0059356957486365064663 0.99283752074458186954 -0.11932487132954543163 0.050678649789185251096 -0.11947230326357212438 -0.99154326340727227951
-1.94342651280569223 6.6661213076642660269 6.0697227256536994133 0.67832698323542872654 -0.00096471184983307222728 0.73475953423262274633 0.28370100754111765573 -0.92210649909306707794 -0.26312229599659059387 0.6777803789835182835 0.38693497342768445879 -0.62521603002784431613
-4.9899139408974644283 -0.12666824009568192211 0.26019772715220579329 0.99995246320955732955 -0.0064322502429172302013 0.0073278562904335034153 -0.009746813936114010965 -0.63888073995290828311 0.76924404432870718828 -0.00026634394186165035248 -0.76927890018765066049 -0.63891306355940491457
-3.7075858739915354967 4.1175648331534171476 6.7827694546313166413 0.99215969397912229244 -0.0061444805601032284614 0.12482542610326181898 -0.12291381446770259511 0.13274252255045040916 0.98349967814935890242 -0.022612736592665209912 -0.9911315089661622002 0.13094653900809716252
-2.061786316136854591 0.38454158646901565044 3.8653257715881204071 -0.77092451342443057971 0.0030064171425179201519 0.63691942666021172936 0.55014851388158503287 0.50704938965819490448 0.66350397822551554494 -0.32095483681524944464 0.86191175760817761997 -0.39255077992749104476
-0.79206830714644682612 -2.7330287457408850571 -0.1936435626570910673 0.98464394446525804749 -0.00031262104656884677489 0.17457435348882369142 0.13958741781338895871 -0.59914087752868039338 -0.7883816091605144738 0.10484109602701366382 0.80064356060757169153 -0.58989679897548430443
4.5450509545017592217 0.9295187211721281928 -6.3589733761083140351 0.98932498042841088282 -0.0060107625707057502421 0.1456020392499591809 0.14319740666645183746 -0.14522411149099984096 -0.97898133800683861949 0.027029351165202681467 0.98938052748919147472 -0.14281311564638846101
-3.8982185140154617109 4.070684845008265107 5.5875259659338070151 -0.91704645298738218795 0.0026794369714664501361 -0.39877139275627054849 0.35868493695966735535 -0.43146177507516275673 -0.82775953793792422797 -0.17427254247717932634 -0.90212724006450195624 0.39470941675118853542
-6.9431341809980899882 -0.39604875665075212066 -7.4405079529067723598 0.99590204975874574433 -0.010708258407731994014 0.08980222986262452467 0.012544819892491234151 0.99972303656901195801 -0.019911746465997238326 -0.089564137802409959921 0.020956701919239321269 0.99576055448312617013
2.7854930935327510966 -2.0308849135355910853 3.2165775576007709091 0.91747399009118646429 -0.015461569337659684595 -0.39749517906492848329 -0.057310341836268256788 0.98368217011221825707 -0.17054299434994876772 0.39364578268389549542 0.17924934609882256509 0.90161669777030961637
-0.47675726034874821302 2.3985545124877871714 2.7348120387758374505 -0.52917504725567332535 -0.0027274456887156437596 0.84850829719107834226 -0.10698863410689227194 -0.99179925583070671635 -0.069911860980122947362 0.84174057852400130386 -0.12777635608269738432 0.52454361238346913776
-2.3683173858634378739 4.3037321723537385054 0.5730637343116719018 0.9836038389584951247 0.0034444790676930615164 -0.18030979881872036263 -0.071527261649442702707 -0.9103649864496501376 -0.40757752917378242685 -0.16555161982600852255 0.41379188852647424968 -0.89519212136972470262
-2.2788834546164200567 -3.5723992108430739911 4.5318525571541288244 0.99836729067221952061 0.0021020568205203258791 -0.057081820860471810253 -0.052624417387679527092 0.42246699262135350983 -0.90484933046334581341 0.022213140485631083232 0.90637587208754966106 0.42188784633735887386
-2.4910227579931456532 3.4247103444585502707 -4.3361438999020700535 -0.98178596576398557971 0.0026480932590790939168 0.18997185325968535263 -0.099297052177247574489 -0.85962092642825949085 -0.50119054088802583724 0.16197658120151198213 -0.5109254842428022636 0.84422670929874499279
5.338655672785688644 4.9181420559035586848 -1.0412297361621389857 0.98165771892840703039 0.00080257742076779523682 0.19065014748940306566 0.19025379186200289117 -0.068708544323389894593 -0.97932764211940925847 0.012313307855976542149 0.99763645272541401354 -0.067600966288927588632
-7.2123542194449434817 6.4167891456503838299 -7.0378654191307061794 -0.99304646523982731399 -0.0012072642591801959616 0.11771686534921502187 0.085882322964353524641 0.67648507878682251349 0.73143158585134671057 -0.080516734141929724444 0.73645534874279716675 -0.67167743361775256172
1.455017033278776184 6.9499247674078175052 -0.78438239861842407041 0.99872370162862700305 0.011798914572844475604 0.049109606188717049025 -0.032459626020883459996 -0.59499787942664561502 0.80307153862922076026 0.038695484021942616604 -0.80364065918333726923 -0.59385549624762012932
0.75427642825398966142 -4.6365289900375721288 -6.6275765841856495442 0.83938005219633771148 -0.0042810343804971298654 0.54352810481116309305 0.46558217905981574836 -0.51035852822025928877 -0.72302656051827041139 0.28048950518140641774 0.85995107152528105221 -0.42639159474087073853
-0.83814811746108908164 -2.7436099250951544448 2.2271018816048964162 -0.24456111975527750069 -0.0026885438307866424412 0.96963015136501562452 0.95615708569636814751 -0.16681410998851362026 0.24070039505788648482 0.16110085715581951016 0.98598469787349762861 0.043366915763740132572
-2.107594524642894207 -1.9295700397685220384 -0.47274271581713006585 0.029356318892500288253 0.003434264644123775391 -0.99956311074763526392 -0.42803665592470024892 -0.90362541633799076113 -0.015675717940539977968 -0.90328446666920159114 0.42830983268480948833 -0.02505712472761578713
-2.6528126605169859431 -6.1676380108792825396 3.6724858643465259078 0.93773648733681003176 0.0053177804240626862578 -0.34730678301570033772 -0.30168301352976478746 -0.48310291218612577691 -0.82194825602634946637 -0.1721558586423872772 0.87554742729828449743 -0.45141894387210290684
5.7438857318630986981 -5.3954210906178179386 1.0189823463880898213 -0.99839779353529556349 0.0032952789286673309782 0.05648882190960889671 0.038766997148417525754 0.76703524228903752213 0.64043271076567975797 -0.04121851278308613642 0.64159650733412654233 -0.76593404153396704714
-6.3434219248100784938 -1.1867607234849768538 0.89216076119675047362 -0.76445779824285187143 -0.0063998980349292576217 0.64464200608611554877 0.14097623894115052234 -0.97740845597377512544 0.15747510992197694124 0.62907072317800216688 0.21126228129055549254 0.74808974979221043444
-5.1458300250735176107 -3.4220483384933415572 -2.568036428287769013 -0.99999966481349833458 0.00037159593055936909929 -0.00072958155146315810391 0.00055550542644907155952 -0.34668809826240837291 -0.93798030572975443775 -0.00060148690516635705018 -0.93798039661796850375 0.34668777563380032136
-1.4592226239723156134 -0.65756635511529304416 -2.4172856104765263474 0.99937361527751833457 -0.0058509585300154870816 -0.034901910712801201275 0.0038645846503260672042 -0.96229598510961300573 0.27197702481532365359 -0.035177294844865023005 -0.2719415439504546117 -0.96167060608149546042
4.888361655323216759 3.6622324770627137092 5.2541491105829454256 0.9969566189147072155 0.0043839496237667299403 -0.077834959934846306706 -0.019402979473968628987 0.9809529310126549051 -0.19327408394618286747 0.075505128235734450537 0.19419610738477210976 0.97805257910131804255
5.4761230008891468302 0.5896722551452429073 3.5699538001532267195 -0.99126662942247489863 0.0010846865326265267213 0.13186846798420617799 -0.083146744466178520994 -0.78129845378682460932 -0.61859465322205720028 0.10235764884982649636 -0.62415667068882985102 0.77456527301226019144
-4.0493083806175826922 5.9049778213558301587 0.42679988874286584055 0.95495612344887492728 -0.0051893347876260740442 -0.29670165670555770365 0.078468507810238397049 -0.95984181014427405465 0.26934437581067771639 -0.2861843733844058324 -0.28049379726340956109 -0.91619961478239164698
6.5847177412801940477 4.358332399774732302 -4.0589060085146018153 0.87941067063138489424 -0.0044366441011875201728 -0.47604326333716950881 -0.10948852314048133916 0.97126655239557024846 -0.21131386016600614552 0.46330242356382556057 0.23795293733607769671 0.85365640859375391258
-1.394832225266739778 -3.2294194783850742603 7.4644829118855806627 0.78952664518669113392 -0.0002715896843834605251 -0.61371622333079489664 0.60915315389435964466 -0.12137091124370717743 0.78371011031153858806 -0.074700144852218805513 -0.99260718723108909423 -0.095660128664681695621
-1.2414003585830504228 3.3539288455290732216 6.1823646103665055307 -0.96252650457457933353 -0.0091000668306985606909 -0.2710348995517413706 -0.26561679041230651377 -0.16990109240998449436 0.94898964138129604518 -0.054684994673327852466 0.98541910250496167478 0.16111717405666314828
-5.8679609197855446823 6.7156443305135118393 5.3840270454357597174 0.99306921976263673457 0.0037344589322287962893 0.11747160753357883956 -0.056762734357571141552 -0.85996101004777558696 0.50719330948445828788 0.10291509485154073933 -0.51034607377158291985 -0.85378883117412507353
2.3159741283107968535 6.7533641939310831148 -5.8685954824720960588 0.73087473267086755513 -0.006812129020890145617 -0.68247763336357081254 -0.58091082868522958549 0.51870874001450639756 -0.62728291236777633522 0.35828024542175673783 0.8549238784422219517 0.37515387217759277316
-1.0007506764681588507 0.78494134199788723194 -4.6281972381760878577 0.92205615524675976769 -0.0036578821493792983144 -0.38703884361892276766 -0.20770262063505420813 -0.8484614865522442928 -0.48679844619624612623 -0.32660690126359970265 0.52924448578696836609 -0.78308888787359487438
7.2061364906388174489 -7.4489954454430753472 6.9213539265143433354 0.98872230305117625448 -0.0048422956447771291905 -0.1496821954074206984 0.12790994199935501463 0.5471469429669627571 0.82720569965382928501 0.077892581077004502399 -0.83702256539168495841 0.54159576331277192729
-5.3726269151421508496 -1.04346552441182161 -0.96600698501440995791 0.79168184516527861927 0.0066196956391015738391 -0.61089772930101327031 -0.52995501419501234164 0.50493439871386669449 -0.68131412426664739179 0.30395318548302274753 0.86313233784001719417 0.40325553735759311902
0.052596595724213580925 5.4204523876560353202 -1.5370099532648469065 0.98594837356816622531 0.0024866724276197075399 -0.16703179672839651992 0.085448959944962918356 -0.86668566803033553203 0.49148186952836836472 -0.14354190991625329077 -0.49884844320789906158 -0.85471980836198224729
-3.9513801218730937315 3.3175805962452891151 1.6394123129013533635 -0.82823215640431968598 -0.0021525273728902885248 0.56038099693320764239 0.44521119815136184217 0.60476668207395722909 0.6603364667302787927 -0.34032114853260492238 0.79639979085831336114 -0.49992888392486095617
-3.4926229078535806494 -6.701130828028418307 -3.4084865413699709791 -0.94249673527499844283 0.014389969512205450647 -0.33390542489370922397 -0.27287533632065325007 -0.60999093156150807626 0.74394227883674035606 -0.1929739744729843387 0.79227772415370956161 0.57884112931426634496
-1.9126876805108952162 -5.8240229044847371398 -0.47584359962860733884 -0.9936516909328704239 -0.00083016992518731343859 0.11249723518424936675 0.016345268557007450183 -0.99042737763109733873 0.13706364154801345401 0.11130655552125558183 0.13803231671061452768 0.98415340787982197313
5.3511072799245136267 -4.9732488638270986314 6.3454371023938751506 -0.43208969741930269848 0.0038059184581184998808 0.90182260360270749544 0.69772785338747000949 0.63498237020715830869 0.33162212250294531568 -0.57137932758502163466 0.7725172519178500341 -0.27702483552534357125
-4.39807201447061491 -2.1469484255188979738 -5.8205709366426798823 0.83204025929529901173 0.0040398517095269455626 -0.55470053768667193506 -0.47986198910397298567 -0.49641319239125453189 -0.72339920779117439231 -0.27828309026049175001 0.86807696779599941017 -0.41109719003784245261
-2.6979241420933952611 -3.6135395634935525422 -1.8724610558948844297 0.99999913764165471175 0.0002767235785069259435 0.0012837990143486910366 -0.0012677675538407227884 -0.051723417500275516157 0.99866064348574534737 0.00034275541941737076856 -0.99866140984120899127 -0.051723022075013870558
0.77808049867312423231 3.9203091602826880546 -5.3214274371876912895 0.89357543744801792851 0.00013892125447221453406 -0.4489130409002565214 0.094080149903509255327 0.97773495975172675099 0.18757204981937888877 0.43894403172120216583 -0.20984358265193236992 0.87366687463598413643
-2.9655070890003139006 7.1093480344803205995 4.3631480298401834617 -0.86223086657133463095 0.0062113847411268668236 -0.50647739478792208612 0.45857195966758407257 -0.41506927943737070841 -0.78576666452200438773 -0.21510390637604717701 -0.90976860352887767291 0.35503717762342595909
-7.2706350658047664837 -6.572216251912649021 6.3879034039213582474 0.97515261581713674754 -0.003694004497475153817 0.22150334127448922938 0.14262266705305065573 0.77555959283015540873 -0.61495210611215289642 -0.16951740532369555248 0.63126355217130003528 0.75681581444397494352
-3.5247766147649661761 3.3048210788492138335 3.0732096506633115318 0.89370522909842575743 -0.0015126763920921401305 0.4486520648478759532 -0.1994669529108696604 0.89438990328272982566 0.40034939190949869747 -0.40187547596065936739 -0.44728560530828409547 0.79901920446594998371
-4.7361531097473186236 -6.763570437497024912 -6.5380376645101723199 0.99874768547885939274 -0.0015899236068743585228 0.050005328651564852349 0.028849961031288770541 -0.79827892612479312007 -0.60159657234191943331 0.040874692648574212361 0.60228583600150820132 -0.7972333605996577699
0.40084439905379848357 -2.0557346719942843905 -6.3526594742103545954 0.9938959676793087672 -0.0051162227749022909026 0.11020267553572532515 -0.10996603058983554779 0.034166780583485059641 0.9933479265700216887 -0.008847459920064523059 -0.99940304950964131692 0.033395614740245778418
-5.1023990692327352292 6.573683554034951193 -5.2547357421228806373 -0.93919390259976831548 -0.0068877400762427784184 -0.3433181794722247604 0.29697034458713522653 0.48567804720874951929 -0.82214685360671146963 0.17240483680950657863 -0.87411063000986877203 -0.4541004060211746296
-1.1320562383186820732 -0.35098988684440646235 2.308887250347304132 -0.91639230556172590614 0.0027114669445352460736 -0.40027214523888443587 -0.38309142343112612128 0.28395733451912907874 0.87898190736002856926 0.11604354183095440256 0.9588330825120648937 -0.25917757672988528395
-1.7106373361632052355 -3.6803949619580640373 1.8348214842674979153 0.25164681294149376933 -0.0079271123013693461923 0.96778667196176482168 -0.5909339359418750437 -0.79318419764701864061 0.1471594779659843033 0.76646654518540557888 -0.60893020083884119575 -0.20428667508631612182
-3.9149568631891802362 0.81630048654533393648 -2.7449148728512988704 0.98892459015066846995 0.0020975604019958333721 -0.14840402702001254109 0.048438368759676289632 -0.94971153727517554355 0.30935694658162277149 -0.14029212175780031435 -0.31311914059460915771 -0.93929469516543706575
-5.9808769255253091401 -4.9297717333387947036 -3.9994023321870391108 0.97590801357738399258 -0.005766953916729197771 -0.21810614681361040201 0.21814567330944442669 0.044125712261948363269 0.97491814360679218687 0.0040017810700662317241 -0.99900934117756734487 0.044320672246371067837
5.9196428632996411778 -7.443128822581551951 3.2731464193611286007 -0.62993540290540639415 -0.01171146386500560195 0.77655922490212314635 0.76247840822924861648 -0.19944906067218234891 0.61550527957209111296 0.14767554012262773533 0.97983820797675647007 0.13456976271944365298
1.7963814269223523645 -4.0618758659002960343 -5.1072592874551290265 0.86030486181495646747 0.012310225077763721838 -0.50963124226838463215 -0.49666089285977094159 -0.20509828576657240795 -0.84336388983597199154 -0.1149064934687154399 0.9786639625193219727 -0.1703330450165447818
5.9785878442256796816 5.5516842601986651218 6.4618999714836933279 0.96747197912863236446 0.0081416560679770134945 -0.2528471535086496691 0.2232681583601984765 -0.49743799738799804322 0.83827606921425601438 -0.11895082624098177182 -0.8674613260493962974 -0.48307509638299306332
0.49286419384909196939 -3.2150965269782179057 -4.8688800521559292278 0.99620666170527127914 0.0046708389259604854438 0.08689344300957994871 -0.081335963050569504151 0.40492354815733971884 0.91072574426241559298 -0.030931347997869590438 -0.91433861529058091389 0.40376744333790204333
0.77785341855502965203 6.5039378720150420321 -1.7663550817679116722 0.99037279720151039086 -0.0068497764965943508386 -0.13825629506495382137 -0.12870374394749159452 0.32213366588612629693 -0.9379047113628125043 0.050961444809026062996 0.94666941530018089423 0.31815082787622467331
-1.9697828666886290083 7.3371350924965703655 -7.1500910284420378105 -0.21704821262295670437 -0.0059392931980410132789 -0.97614281649433332078 -0.8714985296254930125 0.45166030685228647501 0.19103214408741939212 0.43975036811555062721 0.89217021470696211694 -0.10320814760417931777
1.1439573483117424502 -5.7320546924590045634 -4.861050549320199643 0.78569317179433884046 0.0055056043109280670272 -0.61859189140884429658 -0.54181866719518945175 -0.47642957997645518642 -0.69242139424077708831 -0.2985276732138870126 0.8791953956002902526 -0.37134442863846611749
-5.9382952730828924004 2.3787786476647148071 -0.98790811995887339858 -0.60846686847254272124 -0.0084184325373550840388 0.79353462430121901594 -0.20648857269340051279 -0.96382115471562346265 -0.1685563735658834883 0.76624443836038924616 -0.26641680073942242135 0.5847149296583563638
0.34531598046096179111 0.42180114254536632545 0.57997199375108565711 0.53883454860024826427 -0.015544164403978343036 -0.84226819255380269702 0.14556013471615997235 -0.98307305699851599279 0.1112637038078383156 -0.82974066817070368796 -0.18255339919214910727 -0.52745111624410123685
-0.60949778049214919928 4.4369549430697245995 0.92954532274668910663 -0.81879640030604450285 -0.001951051974963829809 0.5740806983711206346 0.54736403113550313737 -0.30418262827502279277 0.77965732605726156823 0.17310422370667749581 0.95261173730532489046 0.25013157674107894257
-6.6890639393063819895 4.9126970325815904062 -7.2790197224633299555 -0.99996426245232483687 -0.0043744514287484999315 0.0072345001668432055292 -0.0081848905815845203471 0.28665337026940734821 -0.9579994012938327641 0.002116927994708750916 -0.95802437833698605996 -0.28667893038728226029
0.30905987372955839865 0.65243317838562653321 7.0763751551378160087 -0.99996583775482661416 0.0079822999651354611256 -0.0021462084081116175605 -0.0078883423530895450254 -0.99914004481692597626 -0.040705588045355581284 -0.002469286979157585965 -0.040687267424291809204 0.99916887906468332403
-1.2652087025975826684 -3.2323429570154269541 -2.4638180711413162349 0.76328134223694621419 0.0039995018429302055946 0.64605386507473161473 0.043476882063605969131 0.99739604281883009751 -0.057540372744089414436 -0.64460170130019323054 0.072007900639429453515 0.76111990443458465982
-1.5678717658969782978 1.6700721488196381692 -2.471011664560948784 0.99912012978963138377 0.00043349589657228071449 0.041937791195663626231 0.041939600030732937519 -0.014863089249486309551 -0.99900958880639145754 0.00019025857608648451269 0.99988944421827363751 -0.014868192304583039906
4.0308890596313746713 5.7800773204071953515 -5.7445818999881366196 0.93712310187542291473 -0.011641403822911207747 -0.34880477297275569448 0.057656337849184273459 0.99087460295556495371 0.12183295089380544174 0.34420348434808090143 -0.13428327868625000718 0.92924268220311256883
-4.8887577395557206827 -6.4899460555327310729 7.4189336779121770604 0.98170705684035541871 0.0038891181789407918735 0.19035789794394913921 0.11118386260646224983 -0.82332569394164789589 -0.5565725023673113725 0.15456197218515310698 0.56755587958836051232 -0.80869705100183231217
-6.5538363587662065157 5.8255399213865493024 -4.1662928679168897972 0.74950219012825136655 -0.010254756543257878207 0.6619224327375720085 0.59845192818282222369 -0.41697834696544422428 -0.68409381506932320782 0.28302253734861559931 0.90885856882701776538 -0.30638920546039116743
-0.29301453791655762693 -6.7755981601648516133 -7.4211051396482199394 0.96316443980714971929 0.0097996777427332894955 -0.26873449389171721879 -0.17541610328870133051 -0.73454848411386308715 -0.65549043867401568519 -0.20382211017969559252 0.67848543890205093021 -0.70577195792956093356
-4.304585687465326771 5.6530499741378408274 -0.80168352144954080352 -0.97953887929280092361 0.0084177544956685976946 -0.2010789033267746384 0.20101637883602091472 0.089563450878975867098 -0.97548490695977962961 0.0097979280198988247946 -0.99594554553737579816 -0.089422988826162633225
0.65241665769119683294 0.54474159606618544061 2.1474800308535719751 0.79339458212493119138 -0.010093391980132494432 -0.60862398941626782989 0.0075553951958083828688 0.99994878340646986548 -0.0067339859881450367732 0.60866078652894617385 0.00074431323338471858803 0.79343020672249120473
0.93511908746164551509 -2.2738666796876860765 2.0151140071610988969 0.87787070691077950801 -0.00061004925387845784779 -0.47889732697923703686 0.44621857986187418721 0.36411194492589038507 0.81750319298965323789 0.17387351993332089695 -0.93135499107605523861 0.31991542579843618155
1.6688813347643092211 -3.1467193745762513934 -0.35683080704001218786 0.88024160584757971115 0.0016674591816077475454 -0.47452284972873948199 0.38642908732218195222 -0.58289228099929990545 0.71477909120436866619 -0.27540384130620004788 -0.81254772680214215619 -0.51373039219266836142
6.9262087586897056468 0.52445089562250613024 4.3933247703353028868 0.75606679207165627954 0.0001226558476911110418 -0.65449445443189924188 0.65440382692546961163 -0.016783633052705002747 0.75595895455172790189 -0.010892071971804032776 -0.99985913738741993839 -0.012769814057582045894
-1.6380503785433790931 2.8541100799495753293 4.2528574854128180505 0.87703452494892764069 0.0049676824800935154638 0.4804016696249953644 0.46355684695385285243 -0.27141113333934335783 -0.8434755754268125072 0.12619624277264621104 0.96245068384321008637 -0.24033973762129459684
7.2247525444201805556 -6.2207652599537937022 0.19130925119734512596 0.98695622028886309529 -0.014447673557806137504 -0.16033927766432670703 0.13028338324622631972 -0.51338806561097383163 0.84820925138693248346 -0.09457092197432842573 -0.85803494032410576597 -0.50480925298561163395
1.3995011548528222267 -4.9583549392789070254 3.4882350813356146624 0.95706877989242200577 -0.0072090227356545267048 -0.28977125555614424712 0.080202302710480746772 -0.9540752233755370737 0.28863135446611670742 -0.27854432536906104101 -0.29948038021243811313 -0.91253742973785934023
6.7793891734921647441 -0.82436833860300984256 6.5361189312834815368 0.81049881080560293167 0.0030942412442027875108 -0.58573210886356086302 0.18364213213851920958 -0.95091023363866822304 0.24908892963151932354 -0.55620791524952750695 -0.30945137458480759252 -0.77127984660636939029
-1.6797704247950957512 2.3163493871371372279 -4.220685400948202215 -0.98110523493239343296 -0.0014150416768274037133 -0.19346967629389383303 0.16397181194835536155 0.52468429806414962346 -0.8353559913302084361 0.10269256484569105892 -0.85129570950520427886 -0.5145384845698266485
-5.6197473142664629009 5.6532543874390626115 -6.1721429222614068166 0.92373126025450369436 -0.00088570275768136506184 0.38304017329681167014 0.37677554636759752471 0.18223300069497927467 -0.90820224681348860063 -0.068998162932049286744 0.98325497658966920511 0.16866803053243489829
-6.1523375852539796682 -6.307363865731725916 5.544404735387564287 0.98862155602082768535 -0.0069362119704297680797 -0.15026412723761817247 -0.053419731536238891645 0.91763459678724879076 -0.39381858648601442141 0.14061917100307028128 0.39736461309827286748 0.90682281235299955213
