1125 14.717824617146108679 14.977075390850430381 15.033177056927090831
-2.0768930257408686479 3.9933987293113708539 -6.7739213121567880549 0.914692301163486432 -0.0018676108184276962905 -0.40414663950358475919 0.10224833490462710561 0.96852652595566235405 0.22693974206717446029 0.39100290561764750041 -0.24890335584332376473 0.88609471686069152252
-7.0047262397753007335 -5.2616736577671110453 -4.3377416153842975888 -0.9989964104432026426 -0.003989746103332135127 -0.044612261180019763263 0.043886074707130399986 -0.28631758472956031492 -0.95712917264148600349 -0.0089545724834322708297 -0.9581264648264786743 0.28620533368716816192
2.4227915351246696041 4.756362047706701901 -2.7670763199054602133 0.99916893930970640536 -0.0019652467424394158557 0.040713247522946756363 0.040759538432562358867 0.055554786596039892888 -0.99762333859682617021 -0.00030123976138510775991 0.99845370623360585327 0.0555887197468689781
-1.9712684370249551336 5.8738702184541011775 -6.3861499951473916781 -0.89301951301686965934 0.00084909366993764917586 -0.45001714235242218365 0.42138019747089111577 -0.34945461410698552829 -0.83685136186698039218 -0.15797113201629961465 -0.93695290795178476362 0.31171199805294969032
5.7545486181324241315 -1.5406987677655894498 6.8617267385031732729 0.99940880012822586043 0.003253815002054923685 -0.034226640417075293588 -0.022622148597220038957 0.81188613433416823018 -0.58337735923564471019 0.02588993277610630861 0.58380674676118415878 0.81147975564208552068
-2.0391371975004624062 -3.8175207270428650475 -0.25461891869323005633 -0.99444257722623952134 0.016284382972383572991 -0.10401336198210386907 -0.071248457976678919445 0.62325773204853296416 0.77876405713003848952 0.077508824243098281559 0.7818469276737759488 -0.61863378815863456772
1.4685478747576616865 0.29460971439095168245 -4.1085458952320976778 0.93449477784484924481 -0.0035245017027174703472 -0.35595939103835133599 0.062519621259391755519 -0.98278331220735770657 0.17386275680618679118 -0.35044372891841657491 -0.1847282846085012975 -0.91818552249939200394
6.4258292397207590341 -6.6544949211374175846 7.1479250474066597931 -0.98763139726275139818 0.0083118027919433460499 -0.15657310457191023212 0.13015711211640479394 0.60026541411234302092 -0.78913912511426853591 0.087426250671363309186 -0.79975767989735557784 -0.59392280991604207152
4.7480468990174893307 2.8868348571783668532 3.2623934521035433676 0.40440167296707768552 0.0065343083105950825959 -0.9145581390575695524 0.044178490679799314877 -0.99894672413736540495 0.01239771335963531923 -0.91351384656317358157 -0.045417454246074885627 -0.40426440232488020099
3.2494170413098952821 -6.7934519933324333252 -1.9608988073967548171 -0.96717534556760398345 0.0025491313199952100703 -0.254097132718288099 0.0043271880819993552639 0.99996990783135109027 -0.006438856668551237554 0.25407307289326686028 -0.0073270295078597981464 -0.96715727173468124533
4.3370640592213023368 -5.8284084556765032303 -4.6554902866975540476 -0.95872149373664117267 0.010927058255042306628 0.28413675729351933752 0.075453302606851624379 -0.95366179834938091808 0.29126615576620185077 0.27415305318945942803 0.30068218066088303608 0.91347158119993776548
3.5891525907445016585 -2.8353763639016400511 4.0023836812662674234 0.73680942348087086202 -0.0045817244359628349695 -0.67608496601461676168 0.64354037823504506299 0.31133674995765858728 0.6992318712034658601 0.20728640826350497317 -0.95028860664898306965 0.23234437592120857352
-5.7683910422812081364 7.0109984530169322525 1.504360975909186271 -0.95376940426355061309 -0.00050875648803404239714 -0.30053895697177479551 -0.048208313804219034282 -0.98679072674944823262 0.15466098435485869933 -0.29664774054585907326 0.16199939125900472692 0.9411462772920974329
4.8500479725484542115 -4.9594005093700515019 7.0109939123136273409 0.99997211376638150959 -0.0062151449742102087351 0.004140490627729038163 -0.00073580650807808511971 -0.63372532961431282672 -0.77355779693189752333 0.007431707641648522579 0.77353317871854898602 -0.63371223054578285083
-1.1981047084140299397 -2.6560361408575938746 -7.1675054503611619339 0.89885793477285236275 -0.0044332436310854147349 -0.43821770781978003351 0.29845245744828557966 -0.7260302922297469097 0.61952089989593317476 -0.32090581755247887807 -0.68764842842518925092 -0.65127497659993138779
2.2497693122514812458 2.1755810698971935757 7.3828123168044292868 0.99658864040558214903 -0.012956396174277216155 -0.081505911520646887047 0.078433997501602042979 -0.1585480871727086849 0.98423097496966760467 -0.025674692803641673 -0.98726624365055248855 -0.15699100068920607276
-5.7420875519015384114 -1.7051393452172507459 6.163459435328028313 -0.79100249738612515849 0.00020656067994983401404 -0.61181288517128196158 0.20271004218530458418 0.94360447345616249581 -0.26176179337473248765 0.5772553056717369957 -0.33107484804228198838 -0.74643536697274792679
6.4357860133944750913 -1.7950357283935565178 3.823342373555242979 0.89327770830398545154 -0.0081664982815003936412 -0.44943102268658124965 -0.23575870624831291034 -0.85979099637094758002 -0.45296498207663576929 -0.38271760904796248148 0.51058079758787289215 -0.76995745392802728002
4.0161851011486406904 -4.7677058868449710971 4.610009572076908313 0.79689176607797129748 -0.00077583472437861740467 0.60412160302170103687 -0.16102556683749449928 -0.96409453353074381354 0.21116935677521092574 0.58226650254136780305 -0.26555814522751325368 -0.76840392471774243699
5.4951943305738346623 4.815490230767683677 4.6504621409020918676 0.99647676309603394618 0.0054149916612826875378 -0.083694315665738497345 0.077664769242652267889 0.31710594769939481896 0.94520474054669434416 0.031658241074448742469 -0.9483746600364428847 0.31556815424420220362
2.3933381271566465109 4.6483862025500704007 4.1345326814782383806 0.73230203952377348475 -0.0059956119421349512999 -0.68095357811438639306 0.046206057811602835317 -0.99721923119293587323 0.058470549513075689707 -0.67941057037026952869 -0.074282283057837725226 -0.72998864326292045579
2.9376667115640944239 -2.9023910158117107727 3.1621100949563225591 -0.81994521513789297984 -0.017503896413343624644 0.57217432464457407271 0.39969709905361028301 -0.73304321247854031807 0.55035432009512319507 0.40979516002566329647 0.67995680910587019685 0.60805153117969745757
-6.8213791325660899645 -2.8107320041808110389 5.9380535454556326869 -0.92515727316829543536 -0.009538674991907823697 0.37946414004910372642 0.1194763744367075553 -0.95619047278898405828 0.26725488900860172592 0.36029073795379773504 0.29258980403792389513 0.88576621673992916861
-4.2952891842144431678 2.8679256379547060085 -1.5406000556435441862 -0.90175629660784695218 -0.0016548124361590024409 -0.43224164899281042329 0.42031862738129299739 0.22992495385277780806 -0.87776236366802717903 0.10083567327331059704 -0.97320695496469677988 -0.20664072639226715999
3.4851387319493949413 -1.5364029460557393492 -0.45310188316160349142 0.94306328233238756464 -0.007957924738158700731 -0.33251814529475609561 -0.31683813060624621549 0.2827334862360510459 -0.90535925176399778547 0.10121879524250931848 0.95916549520647265137 0.26411419555759496625
-2.1937114323032114171 6.5680160027338789774 4.2249435586942869492 0.99603209218391608459 0.01143921109605347021 0.088256533974174850021 -0.055639202757912273323 -0.69395069098466699575 0.71786956865317552712 0.069457544270546969778 -0.71993165156934646465 -0.69056069002839814974
5.9278616455438850608 3.1257071862615828373 3.4662003749910961226 0.017832774595860939604 0.006656605785911703238 -0.99981882446261349795 -0.99439487016496919125 0.1043476692986928106 -0.017041305747480979538 0.10421532679919146003 0.99451860390411062074 0.0084801031123999427719
-6.5375906746729359753 -1.6706785347124077923 -3.1040072484934628783 -0.041011728962673785204 -0.012602291911082610237 0.99907918621396996084 0.26137286118393449064 0.96496619695489771473 0.022901226404432588335 -0.96436625071810866405 0.26207140434033288079 -0.036281035033411193624
-4.7251220454318172415 6.8901022401620997115 0.66223008123456683638 0.99997116242272565678 0.0036328063689182155636 0.0066691109564919141134 0.0074397271066963810426 -0.29229219157419117359 -0.95630012297669553245 -0.0015247241200079747828 0.95632216196356556459 -0.29231078966350648729
4.8612112974014287659 -5.5586281463580418105 2.2996259225582544872 -0.96417472288381611545 0.0018798871846078600394 -0.26526132355848686117 -0.26001486364858605871 0.19132268518175993277 0.94646072333537600851 0.052529748082587424118 0.9815253925187233941 -0.18397969835655086923
5.8640959824683056567 4.0775140946093255678 3.000599972496276191 -0.83824439888811619337 -0.0093533818847388247586 0.54521449171857638838 0.14190836962774669439 -0.96914331427506228422 0.20155210498898074034 0.52650578568723227502 0.2463204227083621578 0.81370627808471218678
-2.3152948447387298181 -3.7439244943495890716 -1.6839968308423922672 0.80139840982586363349 0.0028061922473814285978 -0.59812432989626596047 -0.52366107381793880471 0.4865122210105028433 -0.69934607925925917904 0.28903229663242435699 0.8736692647063346584 0.3913596139242384031
-2.4941879597019074311 -6.5628363660701802829 3.1332352461377337427 0.99974617038701629745 0.0043491091844670218269 -0.022106108791661152613 0.017943103042267500441 0.43967826043215213483 0.89797609787596743836 0.013624971553093122995 -0.89814481713852623024 0.43948862055526211057
0.26189881704768463999 3.6491877474626623901 -6.4698174568226152203 -0.98653905926442930774 0.0071729855374585860944 -0.163368396038657826 0.16295208418888007529 0.12673408994098087077 -0.9784605708486222575 0.013685861473377195635 -0.9919107917173628497 -0.1261969828102984803
-3.5786039590106279995 -3.590908954622839655 -3.2843973989366821442 0.76234216958612810444 0.0020580710050140471959 -0.64717090541413579974 -0.14012455206540327945 0.97679870132861978949 -0.16195495358645831119 0.63182238515210054075 0.21414962392320266438 0.74494322749743657752
3.8628163358836693497 2.2575394574311715701 -2.212989340311101838 -0.7699340863889293507 -0.010210645711181021156 0.63804172695084038214 0.63442865838385753552 -0.11968962630875754072 0.76365873973602249603 0.06856952703246269043 0.99275885091396198767 0.098631049342058393914
5.7692454569049305135 -6.2623412970316003623 5.2305323305114290733 0.71048549135593819237 0.0085463967579212218179 -0.70365995031345685007 -0.5825381315978106489 0.56811335821933295342 -0.5812886868391274886 0.39479069366843994038 0.82290593102436859763 0.40861490045962250983
0.043867834659902404937 -7.3437504402698587924 -6.4693761362618218413 0.93561964769183647572 -0.01529531874651269413 -0.35267822172258211921 -0.05758026059381812084 -0.99229334445582728641 -0.10971978918427487126 -0.34828205300146769519 0.1229632944140151285 -0.92928985778604100698
3.079344220924483011 4.8818879797191083725 -5.6615484865674865489 -0.92262772639000811825 -0.010704548858376895099 0.38554311189556272899 -0.38190503168230988118 -0.11437376115441785784 -0.91709715381481804464 0.053913127085595285992 -0.99338011626616273819 0.10143628214173086577
6.9019139079862945607 -6.3776173848841724023 -6.820209426720713175 -0.91791129442880270428 -0.0026248570058735654943 0.39677697222227270579 0.15342755060342713747 0.91984738948686128879 0.36102737675968277209 -0.36592190734643487149 0.39226762570964002208 -0.84393558257973655401
-3.8645237191877974681 -3.1258763740864061731 -7.3289797824870221987 -0.81758517705390354458 -0.0048478000783076426877 0.57578726722312223441 0.1316753716741733693 -0.97504136068543834082 0.17876224838311283172 0.56054979685680506041 0.22197036691173296918 0.79781769938795910058
-2.8075713872782404046 -6.6305954001562321665 0.63327735023883546805 0.37876908230687672541 -0.0061497332583875085471 -0.92547077915472109044 -0.77301205833259378775 -0.5519677814088107537 -0.31270421480865057129 -0.50890700521890785968 0.83384276039766769273 -0.2138221479914155787
1.4139216598446340267 6.4184023205110110055 7.2389288345878144426 0.95138392274050931352 0.0015059066935963379141 -0.30800383730723551734 0.28373378903224383274 -0.3933907027660349387 0.87449350594414299032 -0.11984894038887002055 -0.91937015789198550664 -0.3746928665793345381
-3.6942361721189302948 -2.2214892175330103186 -7.0405823558835898268 -0.80628754779548417186 -0.00068053263608907049037 0.59152339526457275998 0.080549246413630523622 -0.99081080764460738308 0.10865432507206947144 0.58601383018845909501 0.13525339304428046772 0.79893323281598660479
-3.882268642593914354 -4.3260746173623170208 -4.3355187838921782628 0.43251643048987020723 0.00651709466990954122 -0.90160249824043736666 -0.13457304032956371453 0.98923938455108240131 -0.057406766756119560757 0.89152657513546618162 0.14616075920018634093 0.42873931274989418583
2.8293947711922795563 4.0983720849524560847 -0.88917703332410347183 -0.8686663290473762844 0.0035061291656847725154 -0.49538521963998388697 0.46138147465620271692 0.36987854520443036455 -0.80642234383827648969 0.18040494345656107877 -0.92907350024408552613 -0.32291870110093917612
3.5929725922686923667 -6.3336753889035755094 -0.17081523840195261821 -0.99988010126312576453 0.0031616253274841955162 0.015158734227140381254 -0.014945643446167725804 -0.45314010804028626023 -0.89131401325637915622 0.0040510295064250349817 -0.89143370286884804354 0.45313302963852986061
3.2087222634560976786 0.24931580692290963852 0.93608961850139749128 -0.9990195174037025394 -0.00063338687968628962915 -0.044267399602353388333 0.015873288017865527788 -0.93854307998046981876 -0.34479693407600547905 -0.041328471711251008047 -0.34516153586656472818 0.93763290875705074257
-3.5211937571066567187 3.1127927191556175046 3.5233432334598302482 -0.77997904762755421171 -0.0039278644118448261327 0.62579330225172491442 0.228185505633488106 0.9293503601362468336 0.29024004398667230253 -0.58272125435813248995 0.36917811418851625982 -0.72397752708452978165
-4.466686930605241912 2.1923332335070457866 3.2510191117336093569 -0.96799828656659325787 -0.0017750233324931750586 0.25095052599330974763 -0.046818292609311092101 -0.98114184205514320958 -0.18753328570120664232 0.24655093729548896442 -0.19328097438931762797 0.94966051842631826752
-3.0351392814402227138 0.48638365190090226964 6.0584170087477664524 -0.99540908089360402577 -0.000345773219951806942 0.095711243410399091114 0.094538363148996676366 -0.15966401634841392854 0.98263416375404233349 0.014941872953807800242 0.98717135408418654752 0.15896370059940903574
-5.5990537764227124029 5.4885013379453342353 5.2087829121005482236 -0.99996423457631700149 -0.006325600642541356726 0.0056139420109868401476 -0.0081536838062432510921 0.54471283654031221744 -0.83858299717365769599 0.0022465548687375987841 -0.83859877920536041174 -0.54474493160241088674
-4.6501158944010549945 -1.9812115112694115293 5.1837866229007145691 -0.9995666868656999382 -0.0028391842333683253372 -0.029298080846286718437 0.022268868346771865385 -0.72384354512600890263 -0.68960468362832672007 -0.019249311960153364653 -0.68995830396656021577 0.72359311963056449635
2.7337303857288426379 -0.64284428696376993972 -1.0233058231154670281 -0.25204577565652275251 -0.0097169170104878868632 0.96766652752758386402 0.86290779987938814877 -0.45486882801542960486 0.22019191222056555546 0.4380217527488655116 0.89050543559467887356 0.12303257005837779647
-4.9913020299746406749 -3.3404053404321771836 -1.1903577080903811058 -0.89957973452438921846 -0.0032446530186213849364 -0.43674451737796038397 0.39945565096153573537 -0.41047071180203614782 -0.81972494024992470507 -0.1766111099219423719 -0.91186800962608138832 0.37054722893666630634
2.3146374281747705837 -3.1269680444313312506 -2.0960519680352676097 -0.9990027197913886603 0.0059179374127615973211 -0.044255438830199410327 0.031752651071023048346 -0.60266755997402321476 -0.79736038358127270254 -0.031390046180819516919 -0.79797041935883461505 0.60187862134241543188
-4.0916928020804643751 3.6824519669498880781 -6.8935935678166693208 0.97497925630166892841 0.0042922863330292727532 -0.22225441741251764083 -0.10019953655552296667 0.9009702323689874337 -0.42215245262684003569 0.19843261489838764922 0.43385967393026969585 0.8788573722065042837
6.8815409067857249426 -6.5859864295723573591 6.2676615015466738967 -0.98061726370958368637 -0.0041514692953329331015 -0.19588912021227669613 0.054721583521645883463 -0.96579497880519160624 -0.25346717186185047099 -0.18813646752219503888 -0.25927364736401564693 0.94730240439403368136
-3.571215928790894889 7.0491527855687774462 5.0249659092889036316 0.99924254656520705709 -0.00079616430059346226036 0.038906288132701180582 -0.025803920731287011137 0.73482340990757577526 0.67776744826433332758 -0.029128865558886544995 -0.67825800575771211243 0.73424627123133956452
-2.500095652488637743 0.59187536426746789608 -0.46095315464444430731 0.88822699852398545595 -0.0078029319153667259235 -0.45933856070058010079 0.22233394759968405641 -0.8676621845338547967 0.4446683587512861302 -0.40202041594635223865 -0.49709299711759580287 -0.76894612124573347156
-4.3204744708273166154 4.9866672283865431936 5.8072751775749944514 0.63122167454314381807 0.0025311660600615100772 -0.77559834372263947166 -0.54809172699151675889 0.70899945853491530556 -0.44375131166073472633 0.54877559748073367896 0.70520448168991689553 0.44892313664378052929
-2.2429220108692491387 1.5259824091207925267 5.151773584520560334 -0.92005838175821541558 0.002340685831350519143 0.39177429132883040408 0.35490647548972753533 -0.41854932390869303838 0.83597718695606892947 0.16593362471737019281 0.90819105074063988248 0.38425908908284289733
1.1243780777048382191 -4.2099119090509473651 -1.1185032113911217433 0.79657851810773838697 0.0077663185063192464314 0.60448519319021998264 0.08365739882465893229 -0.9917131914797111536 -0.097500694701050799607 0.59871871869119630549 0.12823661778978145964 -0.79062713446141452689
3.5703101382545519016 2.0389403905923937366 -5.8158527333256424541 0.98272868852158201669 -0.0085543349039367000408 0.18485439705646872222 0.17561844277903512768 -0.27176358956796325961 -0.94620437218447217553 0.058330843578658274351 0.96232602310201165174 -0.26556757698921695798
-5.9706729072406439229 4.5950086161525875994 4.6716907888171510521 -0.88593131596377194814 0.0096360070607313472874 -0.46371634731009908625 0.23673570059030976664 0.86914106238003363547 -0.43422346982967352513 0.39885073832293088669 -0.49447038440422746985 -0.77228047203482497185
-3.9996266364794252901 1.5119066190587495679 -7.2531830463195863246 0.89726985029412431594 0.00032342106297985132035 0.44148240185998954832 0.33683713737277343192 -0.64693732419987115545 -0.68411464057120874305 0.2853901866563389178 0.76254310957231019596 -0.58058629625941127195
2.334811832318942848 -0.80452089055065423295 3.2868284451519840239 0.72342579585806598974 -0.0078141521122687615519 -0.69035791942582880321 -0.52545998485392120259 -0.65483342082672801876 -0.54321726342744580673 -0.4478246556459958283 0.75573284300409360181 -0.47782941286656616109
0.33028135371235606277 3.9417684856464267895 0.28289311149397322609 -0.71549180158679837049 -0.00086755023880511535767 -0.69862059031981105228 -0.49080055642865699772 -0.71103185042356631396 0.50353601806886161274 -0.49717833387176119109 0.70315926719332733086 0.50831166550513762203
-3.5109891984223509098 4.9539370152940316316 -1.637664899802720786 0.96725501413443559784 0.0097327660932428096408 0.25361981566111141406 -0.25216308889258126635 0.15038184520172748204 0.95592838499221410853 -0.028835988485810495896 -0.98858007965850713816 0.1479118381677967109
-2.3036560321802590501 -4.2759103757047727257 5.5192991006777081253 0.96145246038539555755 -0.0099690831815831427304 -0.27479043614948495122 0.21729810370707261513 0.63991822821968891155 0.73707950406819322531 0.16849540214501834701 -0.76837834337820709596 0.61741721783837633097
-1.9869211450988999434 5.6438819403459854485 -3.1084321306754238989 -0.99992709299333115691 -0.0012810810010394652753 0.012006978358985394978 0.0094341023314535969735 -0.70353551614834441974 0.71059747764199643338 0.0075370027891637804418 0.71065894516943450832 0.70349630932897599944
-6.3080657905066281899 5.7385249292704338941 0.29876019865571318279 0.99098180086201048677 0.0078964264344058791162 0.13376366027386069057 0.048373833318582110108 0.90985960896303241796 -0.41208671930528784078 -0.12496016409379261114 0.41484110021463355134 0.90127233340566348385
6.3123747347337983982 6.1111910451985131942 6.8787836676100910793 -0.91417382591866269692 -0.012345483051658581036 0.40513430495749863658 -0.36070099798330290675 0.48070071272007419694 -0.79926316995359214523 -0.1848810592219658766 -0.87679781810783563589 -0.44389703772652011615
1.2775771619380962285 6.9647233040091096612 2.2277210902699380313 0.99771164731389339053 -0.0017818539549350753681 0.067589154533929940438 -0.010848848655204312158 -0.99091913892415484089 0.13402075435033286577 0.066736581400196559599 -0.13444733210546558344 -0.98867089751472669867
1.1876175467001179875 -4.2650847557584317116 5.8059092504662359602 0.85347172376969338004 0.0011801075644918149546 -0.52113781677384984903 -0.49808716370702804666 -0.29227969284162685915 -0.81638334041234883465 -0.15328142117035217784 0.95633215385585523816 -0.2488646568428086181
-2.0605590382597256394 -1.5121416139708259152 4.7252080967777736475 -0.99220738771183802918 0.0050027756214665094342 0.12449687548759165445 0.11994523695709310984 -0.23213384416016374923 0.96526007817913106468 0.033728917880404614416 0.972670987863519243 0.22972485600632991387
-1.4454093437561130742 -1.3690918056502958677 1.9175548831603019817 0.84821915950856840993 -0.011656809836748698722 -0.52951711608506923934 0.35121360941138562994 -0.73596082354088632194 0.57880105975834572618 -0.39645082671978859601 -0.67692376601614290266 -0.6201620409180710336
-3.7609026108257288534 -4.8964661698283267199 3.7608165053175275361 0.95211312226419286819 0.017027482246330969545 -0.3052714648649639817 -0.3057008890591928485 0.070163322316234663645 -0.94953887473333686842 0.0052506038515373991415 0.99739018094727172059 0.072008736339980478069
2.6562214161196200379 -5.136757557064442814 3.1840594030767044309 -0.74836154711092084391 -0.00015276037648537113892 0.66329101567118931015 0.50955997709369338367 0.64004168053898546908 0.575061107115655612 -0.42462174290783050168 0.76834017455619885162 -0.47890474168962426926
-5.3190173260225348528 -1.2996444900791663812 -0.95249938881460738394 -0.89488831720823547311 0.0053869862529355872632 0.44625763870575058112 0.067122134141752887171 -0.98692857344596840452 0.14651487987273759117 0.44121368840102920261 0.16106821938231194458 0.88282926428190777735
6.1270397444853337277 -4.0760491971212262641 -1.9514932105019549002 -0.96637379134536938174 -0.0041144884823874124796 0.25710847202139325285 0.21207761367259259089 -0.57817667975816222636 0.78786725580058192264 0.14541245194136401264 0.81590121826631589741 0.55960738098418305597
-0.9610950694583980658 -1.0276070081148585 -2.3583536401129134852 0.66188177891995936264 0.00014260410143075881711 -0.7496082246065745025 -0.061898564723642197916 -0.9965744747393142644 -0.054844179118911012827 -0.74704824370239319986 0.08270003604686780585 -0.65960565917746727393
2.3212183989734898049 3.5008314472183417188 4.4640419436760669925 0.91000570594669705216 -0.023954785836974929608 -0.41390310868630408869 0.0038282776579969929852 0.99877235796634566967 -0.049387460478689880483 0.41457804987097773841 0.043358334814250179545 0.90898025026253326253
3.6103510847600666089 1.390788513046711028 4.084745139262581759 -0.78790418680073692759 -0.0028549988588524159196 0.61579123199616725426 0.11453972166685738587 0.98185932552627352976 0.15110564859564029616 -0.60505177016706523929 0.18958932949546344893 -0.77328406265689275667
-3.7280404999161822488 5.961397557288764304 0.98865199292297833988 0.99679086898793967109 -0.013893707586283179922 -0.078834817128381348694 -0.07986037526301942302 -0.24029956393410631388 -0.96740810418137823667 -0.005503086862700210663 0.97059934291276550589 -0.24063796785290333946
5.3068670075871651193 4.3275408140331572682 -2.7600131806273586754 0.98887291820184075597 0.012132036949472393625 -0.14826720920812880289 -0.091539515663968437642 0.8352611994653031946 -0.54218008607831680301 0.11726409816695004817 0.54971951243099115292 0.82707774056245564331
-2.561325759694269788 -3.6279411609173561892 4.7844475665592360869 0.90777571258068689986 -0.010761295754899749197 -0.41931783907009423373 0.25219007245276597873 0.81281419948691269184 0.52510307985081938753 0.33517670415018829821 -0.58242361870563996717 0.74056688109091617367
-1.8860571654780142747 4.7509694755486187034 5.399488693037236331 -0.96715206801939312964 -0.001381228530096178294 0.25419474725777996271 0.14731247191588309198 0.81190231752733676984 0.56490146256832241001 -0.20716156241871788724 0.58379167431675771383 -0.78502953323730773061
6.6759808900675441379 -5.339274951806093128 3.6762200602972026076 0.99119364585164193571 0.0017718178948531173537 0.13240852345935799628 0.085518381574166385528 -0.77199495930455686032 -0.62984949727788708262 0.10110273406930282702 0.63562618217758659611 -0.76534802129103618462
1.0747063130354299609 6.6752986125084330382 -5.7099692997864384125 0.99404531363060411042 -0.00014780127298055605045 0.10896739238815457418 -0.099087757042647300887 0.4148422572949300724 0.90448190582593135378 -0.045337962606968290613 -0.90989333425256646581 0.41235735646334459314
1.575913821174711904 -0.24609377008789845576 -6.1308663598629742353 0.95182470447902234323 -0.01427672060690824557 0.30631014869287598312 0.0036226044184933898704 -0.99832234185835944107 -0.057787355743892120097 0.30662127891061008444 0.056113073301666198389 -0.95017614910283010321
-6.0749163487429065356 6.5037413407707784785 6.8176931101200519691 0.98526235316389243479 -0.0070368630817522776627 -0.17090517252512502089 0.064981193130434627969 -0.90884782602345204339 0.4120352820717791964 -0.15822623037038438532 -0.41706847362343374419 -0.8949962839767948708
-2.9121872276837894589 -1.1365791823418138762 -0.15016821592066126323 0.95591527183280999846 0.0018055964927176475221 0.29363707684471451742 -0.14945151087941355161 -0.85778400044126068558 0.49180367473519542854 0.25276518544395304433 -0.51400714820753556911 -0.81969897683177439518
1.505794466372614826 6.7945301070745678373 0.0092348765314290166134 0.93328927313720744241 0.0066326647103282908996 -0.35906425665284552595 -0.29939730540699605044 -0.53777701962933011082 -0.78813522359655974192 -0.1983239424827256403 0.84306102087406542545 -0.49991572181777238493
-3.6412036524069284482 2.2073529827241933354 0.99196032541328871268 -0.99615302708921471542 -0.0034749284063491960028 0.087561815271549894857 -0.024838570174856852008 0.96943054487985835799 -0.24410543641127940839 -0.084036849374294383952 -0.24534127970330646407 -0.96578748408790560109
-6.292698600977232104 -7.1140062559933072706 -5.1948392671748999661 -0.99624445431684494068 -0.003949896094777502302 0.086495003114750723672 -0.06895224665355946525 -0.56801180796179517873 -0.82012692535826658968 0.05236959923859513949 -0.82301092601302372476 0.56560625945856635166
-0.59251400028989187341 -6.2331531202248244838 -1.4058007291140617312 -0.88831556703650182971 -0.0076247669138444140388 -0.459170247609816784 0.33149832855215732863 0.68130628559199557515 -0.65263359044702584644 0.31781175486074991765 -0.7319587475686324396 -0.60268738192371296147
3.6077896553689781101 -5.5930147311967077783 6.0670826867189848741 -0.94871985340764120043 -0.0010263976148327750432 0.31611641250987515539 0.043956963389863185077 0.98985147693055230977 0.13513637181713972213 -0.313047001454671181 0.14210207643193561999 -0.93904663076655459086
-4.2184614417837131839 -2.7986492858651628168 -5.8222935738601142575 0.92206118595895414369 -0.0031454670001524968198 -0.3870313622760063188 0.38004582574378314996 -0.18193961783928425113 0.9068975387523128262 -0.07326895442498890243 -0.98330467379022179486 -0.16656403819438070357
-4.4154461416590073952 -4.4726817213825764696 -0.93905699305131629107 0.98364699432759450382 0.0012744240314087971339 0.18010265515413317883 -0.10235040065924069785 0.82677340417136968576 0.55314567126536651198 -0.14819914316573393198 -0.56253365588039050404 0.81338361181343143969
5.0151686413953875388 5.6384590126451685776 -4.0536755361663621144 0.71278107752145236642 0.00044901094964172627057 -0.70138643693499813647 0.69627237661916974165 0.1200872723604677339 0.70766081181178297488 0.084545331535338774653 -0.99276323733620452927 0.085283301468639827192
-3.290748209629876353 -5.8238810826054301373 4.8454678802167538976 -0.99788814003834769295 0.0013819563084462365907 0.064941128473910869623 0.063848712165751428382 -0.16293177211739554022 0.98456923554897146644 0.011941604811717038831 0.98663637062059239557 0.16249944690080528331
5.8942625639777768143 -4.2935860004070729445 5.3407519255554820603 0.85963174914133200222 -0.011119066882507248201 0.51079313055274655486 -0.032298670670652791792 0.99658072223761773323 0.076050377627226120603 -0.50989219619559811303 -0.081873258247110294872 0.85633329833828863986
-5.5180848390749845933 3.0443516705137207978 4.775516706441142567 -0.41729272954828855458 -0.0019084295016822162838 0.90877012261791034753 0.071770055484447481398 -0.99694362522002799576 0.030862068447257674786 0.90593368245249916715 0.078100998904769541875 0.41615429466505193812
-5.3017019931179678593 7.0080461128694384598 -5.9934031027506184941 0.99613729248215598933 -0.0040709941090073011039 -0.087715001757303928676 -0.0090584669719531944049 -0.99835939820480257278 -0.056537210687167771539 -0.087340933716414714816 0.057113387424770845069 -0.99453990481760157216
5.5103755993777543409 -1.6357614035205805258 -6.9912637553474290542 0.98484545969587211633 -0.011832244065940883404 0.17303010869988949549 -0.16703037015289368128 -0.33330967806737671344 0.92790382796564685464 0.046693425264518112483 -0.94274315511013151436 -0.33023486722351985678
-2.5835733915680791917 7.3632186278581777117 -3.573311197263548511 -0.94832799812690560248 0.0010941550702852865726 0.31728978992923217994 -0.31700235078520294651 0.039427801517632657391 -0.94760485333510846573 -0.013546865515798849761 -0.99922182286634442239 -0.037043638354417908476
-2.2170990014540445934 0.37823169381575089121 3.1311865106225438282 -0.99226580421933663345 0.0055323440727196590908 -0.1240079309797385565 -0.10591049133258649551 -0.55877575374362709049 0.82252819091742135349 -0.064742116141739955437 0.82930033775301570387 0.55504000594556168746
-3.7154224106770290526 -4.0182761624945655399 -2.0518242709651337563 0.91943113056495040514 0.0088037740203787233362 -0.39315250185005029548 -0.079122877430447824398 0.98344571513232037496 -0.16301563009394542947 0.38520899056886481748 0.18098900229250064475 0.90490718564613104036
-5.7326740285776942585 0.46562329118115947102 -1.9098921480806769768 0.96134471122049269809 0.013031947153776439821 -0.27503911460340785267 0.26488758692756569912 -0.31647469373922149094 0.91086680393696195512 -0.075172551507444604346 -0.94851143196902754084 -0.30769327409592245326
-5.6945164596420401182 -4.476386599004944955 -5.8139448580057200289 0.91632642211110681973 0.0047976224319227663007 -0.40040338530034014219 0.38051601523584416276 -0.32185743770964869714 0.86695752602994524683 -0.12471347276867425502 -0.94677598861086986748 -0.2967520464967537408
-5.3482919315724180009 6.0555079839918057871 3.6496437259938665498 -0.87071664345095167725 0.0010436269559245684238 0.491783933918466587 0.46492659856063406343 -0.32420589962594248412 0.82385301638005536962 0.16029904793325361334 0.94598596474287066638 0.28180626277851150707
3.2733941998397262374 -3.7652445559194904767 -5.28024960636584062 0.93434255958113165974 0.0010759058284749260792 -0.35637455546374863236 0.3367067845339826726 0.32496021745024772365 0.88375867651944362002 0.11675839414830961605 -0.94572707453113391551 0.30326189654261981321
7.1575478097578368875 4.7988518021648207679 -6.4343693485758377548 0.98849019002994609195 0.0082744356064502495168 0.15105852485042231548 -0.1295379123411296296 0.56207985432216622801 0.81687585753998503968 -0.078147766960332001873 -0.82704157760098273577 0.55668227512523293932
2.1346415847870923166 -4.097593203559531716 -5.8184367647967638604 0.91822089046998733863 0.0042510000590623752206 -0.39604586262611130021 -0.39510218514899358988 -0.059982158647498083626 -0.91667682633220159971 -0.027652479006600075295 0.99819039749065618938 -0.053397291713184164008
-1.9233703066574046048 7.4588222840846913897 -1.8689668947812512201 0.99997237112974557416 0.0065431395246896154397 0.0035276482508468124874 -0.005687343405432837562 0.97901362091300170309 -0.20371544907465696794 -0.0047865542940335892991 0.2036897576999122661 0.97902378495429731586
-3.624442627405896733 6.1170618713908435637 -6.1031250499544587029 0.8992347929867469114 0.012022164843350979443 0.43730110294232621415 -0.36283451599681765254 -0.53794811660004671072 0.76089614130165861283 0.2443929235544125278 -0.84289221813870318645 -0.47937960690631026273
-1.835952372972325719 -4.5516251070550186597 -5.6599213773209475775 0.84943135832890592773 0.0015019419848565796621 -0.5276969884864307625 0.057292711772049011165 -0.99434718065131588727 0.08939367711768288205 -0.52457974862289302731 -0.10616698404438697223 -0.84471572664046123968
-7.1220300741126152388 2.6287070280032374114 -1.6627231478851582924 -0.99895035622310901502 0.007978823902649024441 -0.04510569998230047617 0.028088256739625387659 0.88455076520985376209 -0.46559745875590191622 0.036183361301790041564 -0.46637568776228260914 -0.8838464132579658683
1.6064493048994279434 -0.028424015984772753318 -0.37665768692853696109 0.36566824004787384927 -0.0093897380553319646085 -0.93069789461438434675 -0.91498256522481169473 -0.18687743756600574963 -0.35760834534922553152 -0.1705685890044078834 0.98233836133388430234 -0.076926590312006520866
-1.7171379788712155534 5.5957875070984837151 0.95866285761550662503 -0.78903054515829840199 0.0099076938617131508902 0.61427407271488898566 -0.5947613049486477621 -0.26281757694297025463 -0.75972752443593083438 0.15391487563945097095 -0.96479467186135514645 0.21326380894270807742
-4.9653042574934262987 5.2853565146551817477 -6.20408225194096552 -0.85939815558373333637 -0.0047144122800607110232 -0.51128522812214949322 -0.054773434672359094799 -0.99335451991529244431 0.10122582979680168347 -0.50836471261616578143 0.11499813946629072747 0.85342881770308265388
1.877434862627554768 1.042732102306900055 -7.4245344498249528087 -0.96380023309470763682 0.0036760213646171817359 -0.26660007043038685959 -0.11504926507628233934 0.89629263227728761532 0.4282793293293737924 0.24052604285597520284 0.4434478596095343117 -0.86342412435360782474
-4.000810140572410134 -2.2700132061511255621 1.2343372511418018167 0.99405198932326011008 0.0059266286056400344084 0.10874519573682743523 0.088399031170534728141 -0.6271239066188694089 -0.77388708287149754472 0.063610170653588704592 0.77889696418760112628 -0.62391767515344109807
-1.8790241006836114757 2.5615894809476431604 -2.2147576974126215177 0.72167371624479614844 -0.0029073523716930302872 0.69222727090422819796 0.68879965899024531151 -0.096462238646447720503 -0.71850543929055632475 0.068862740696577467991 0.99533239865752098918 -0.067611678919126436127
4.80542541875979623 5.4890687295852043093 -2.4909430429764771731 0.91168335783045950649 -0.0014427431702184953521 -0.41089095091916705282 0.31168990369628768455 0.65402024828935712009 0.68928000026212377094 0.26773654772722799144 -0.756475666046058981 0.59670906452926042451
-2.4082779953362689618 -5.9292335311810910881 -6.7216415807646976432 0.8116049765243602554 -0.0044991808344498947919 -0.58418928392490299117 0.42925007804656090116 -0.67371739123324592136 0.60153906543707513777 -0.39628491338669052935 -0.73897539480135099321 -0.54486111377161250413
-4.1306345955660956903 5.1313106831985626499 -3.2258942669781549561 0.85720059565976525207 0.0045470994014873223135 0.51496258377437464926 -0.31778005118277513619 -0.7822075963969375989 0.53587975816320609912 0.4052443434161534519 -0.62300128412868660543 -0.66906384008057617763
1.189889683063879211 -7.3068387795796629902 7.1542872356219060492 0.9853908086211926598 -0.0051139584617396335528 -0.17023161196978628396 0.15927681226000295345 0.38156463008687696581 0.91051596918613297849 0.060298021205176903503 -0.92432801563916477949 0.37680481438437707364
-2.7391539498370574002 6.5440726713364201217 -2.3521587743790575153 -0.53825362609527671598 0.0017351610611236007939 -0.84278112414281902698 -0.42163641729799572477 -0.8664101048147214712 0.26750002221144530967 -0.72972992648192935849 0.49933007068581675147 0.46707998769530112426
2.2147023893767650016 2.1179829301840973343 -0.021938966736802029828 0.93427480608422996955 -0.0057380624391133857806 0.35650758947818372846 -0.35618217971944010625 -0.06065617174754635299 0.93244575374613780649 0.016273953620555212107 -0.99814222607217018002 -0.058713328684236537613
4.7467982215317503503 -2.5833292591972156771 -0.85013585793849955063 0.8604647189135943286 -0.00094944177186168359633 -0.50950914227839427806 -0.49181018116268160334 0.2597392397806936315 -0.83105852563031379354 0.13312855895585629096 0.96567832422526300729 0.22302950681893729534
1.2169343435070514303 -3.1108055334636000033 -0.58036345021614643702 0.77609834194773563709 -0.00049993244676546470806 -0.63061169803092975705 0.24618230086266171264 -0.92041062817052188283 0.303708001693821672 -0.58057354260067073337 -0.39095271532295505779 -0.71420608791416440031
5.3606974157252933466 0.38430046648888266381 5.3386756524130225543 0.94973024686902429714 -0.01259446015378474712 -0.31281598065896043526 -0.27427909006049555618 0.44827234215738331891 -0.85077781354028647609 0.15094183958659998512 0.89380830541576783421 0.42228340511085737941
0.30594119466422992071 3.5209668097795803199 2.9821024080236600007 0.99617657853687147096 -0.00036770391904164176616 0.08736182901309495763 0.081704460113052518322 -0.35010624300413412113 -0.93313986079639166249 0.030929040921595929436 0.93670992489851145901 -0.34873759623011585385
-5.6032697174870689238 -6.051585897806673664 1.7102063215777709715 0.99995368021195907282 -0.0072987456334232241745 0.0062742125212907132181 -0.0095583475101468431956 -0.82954023020667233546 0.55836515333766034708 0.001129346474460451652 -0.55839926108561932505 -0.82957157002606962681
2.3562384667413573958 -5.6625923532607291833 4.7388472689919032277 0.90142882959504078144 0.00012327072949879034486 0.43292730334249573954 -0.26136408305809316621 -0.79704634693297837789 0.54443175598791393455 0.34513023811641024841 -0.60391812826341007003 -0.71844833710755295897
4.4303834366324670313 0.076734192850964527688 -6.4154317412392476427 0.96908477822014527092 -0.010917752628963018138 -0.24648629840105393263 0.080380836631841340312 0.95848747739591788619 0.27357024103080307409 0.23326725814882315335 -0.28492553124073666249 0.929733202549376192
3.7346377582766132619 1.3069419026045920873 -3.5025293174847811351 -0.97583154375077363341 0.0059206836553280985797 -0.21844391437161458924 -0.13881696530729623063 0.7552294988481924598 0.64059211219960476846 0.16876803122576827798 0.6554337110452183035 -0.73615487640960652893
-5.2489608644374312618 5.8362298410681621164 -4.9866109873596586866 0.68612306414849666414 -0.0018809423861210674417 0.72748306021462927351 -0.70887974275066423235 0.22298542626196019012 0.66915395089059359623 -0.16347676030933586122 -0.97481996375256618759 0.15166208197252589729
-6.8068169829699645135 -4.6372373433481257621 7.4330151722919861612 0.33963501951426983139 0.0023799107706640289586 -0.94055429909404553168 0.32310531536412540055 0.93884516316233079802 0.11904921163246680316 0.88331818089697300422 -0.34433137474182090587 0.31809573349139491638
