1125 14.717824617146108679 14.977075390850430381 15.033177056927090831
-6.0225347692947428513 2.699723764371715351 1.4015560145958250171 0.70333531966029672056 0.0013709434428244185282 -0.71085691150355778678 -0.42679019147819152735 0.80052234502935215588 -0.42073044525770192381 0.56848004413200048379 0.59930133958039233377 0.56362074465083666919
0.38656110806751275977 6.2092667151660654312 -7.3173816264200315374 -0.99486366591050645614 -0.011195361116739466212 -0.10060293306138022584 0.018730101091146995201 0.95634275565684656595 -0.29164656181029707804 0.099475974809028297474 -0.29203287073908990035 -0.95122096951436807544
-0.71643528010216162016 4.536138465755350957 -4.5668083609800760314 0.99625060864638703695 0.0063699127179893833689 0.086279481822676876157 0.083578856137558374395 0.18671657972574517981 -0.97885213064195430999 -0.022345012382430699122 0.98239317132579728753 0.18548411617748783442
3.9076360619042147526 2.3492878861526249601 -6.611894951343482596 -0.63953802939004544825 0.00061577680167493233782 0.76875921443767825103 0.64371858605887022353 -0.54624231182209315172 0.53595309378487143714 0.42025883801099250814 0.83762697998217272577 0.34894634470012075855
-5.0565145967967977114 -0.3251300203544746914 -4.1333514316526436261 -0.92044777105312514109 0.0044393469701391385582 0.39084036762064366943 -0.35621388367983081169 0.40208666447552937617 -0.84346783182568840775 -0.16089614612258587578 -0.91559085100790671419 -0.3685184170614690391
-0.93178516815696288411 -4.720856239537128296 -1.0931104584365132215 -0.58216383545785355125 0.0025091538698005476371 -0.81306763115493418947 -0.62207225714544611694 -0.64529573219421720864 0.44341800245573043115 -0.52355646837280955808 0.76392874154514411877 0.37722871347007530529
-3.2252889834933675672 4.3516682051662440855 -1.5729105111206549417 0.89549132478367754473 0.0026538307315785115634 -0.44507105547269532053 -0.10969845323972905737 -0.96781726916729282628 -0.22648616482779307391 -0.43134850943749841745 0.25164000215403359295 -0.86638084738877463309
-7.040336589896549313 -3.7722748942127899419 2.7832731989355261604 -0.98196781802728749788 0.0084174543524154349372 0.18886066509759161236 -0.16080734164365634298 0.48807524366670629323 -0.85785986932204216782 -0.099399211427326022994 -0.87276096554656068527 -0.47792059359864463852
-1.4486364526844222045 4.2036528656512999191 2.5638992822215587175 0.90576503889212800491 -0.0014211298230784917898 -0.42377786009991930127 0.40463565132927592494 0.30006964774742533875 0.86384500703202471428 0.12593523730131409022 -0.95391623683147119817 0.27236763595384805292
0.45970342357303423109 7.3668580651710486862 -3.0087006291336670927 -0.98203306342343099633 0.0054716779404880584031 -0.18862959227991729638 0.17551005511524400693 -0.34077814732375999451 -0.9236159780234080019 -0.069334572160072674429 -0.94012781846257920115 0.33369507346721510865
-0.43080827902819152087 7.0435991268213324901 -6.4109691543156888116 -0.99645753675983761433 0.0018682191330971513119 0.084076674480919572074 0.028824261380501901147 -0.93160823078721699542 0.36231928776351590704 0.079003413789331011774 0.36345923304661004183 0.92825419283878995991
5.9116818987539199171 -0.352598301408211523 1.2259544620490081535 0.9411688343542738977 -0.0038362186287366267443 -0.33791494294692481226 -0.14025558068715340831 -0.91418105326152188095 -0.38026487340226200473 -0.30745665926485604702 0.40528790419177451732 -0.86093676735830304558
-3.1353909181684676 7.1950179721946261324 -0.84051164714775195019 -0.98276710062304328819 0.0080404612193961458311 -0.18467316241499079355 -0.16126217574711765312 -0.52561702825483347379 0.83529710300107451459 -0.090351184863614972254 0.85068330804829861425 0.51785574516635135556
0.40416141964559310074 -6.763274257607403861 6.4213810557175818872 0.84923654902392453625 0.0014171123560836268798 -0.52801067753845432051 0.49551391743078959662 0.34327227974604063165 0.79789103240384073867 0.18238213024964744502 -0.93923486612813034125 0.29081716733208023973
-0.28070420047490363125 -2.4267616072323310306 -6.6074330844317010758 0.91001552868669566276 0.0060781240248862049291 -0.41452960564650426223 -0.33957207998395905202 0.58453657682718185296 -0.73689062475139488484 0.23782880406805279039 0.81134459187170171468 0.53400132321567195248
5.8178676432413363173 5.9024752433303548926 6.7404259463891129656 0.99686214433184894279 0.00094763819332718303434 0.079151545657665092759 0.013285492588762784494 0.98374118293856593898 -0.17909991813845024811 -0.078034357079577038041 0.17958949571834056935 0.98064175525144403611
-4.6819355117523482335 -1.4455655163962310983 -7.4559719699478268495 -0.94645321545830074506 -0.0022902514513086038618 0.32283287579939151657 0.32137417786777439099 -0.10189849662306939282 0.94145384070903403995 0.030740018679424961634 0.99479216479339016566 0.097178187456576262115
1.9057223931345275147 1.1834680152406371612 4.2635583077425263099 -0.98683319014809345315 0.013609176200025307688 -0.1611677546698221386 0.036959326871223725786 0.98906340870334197302 -0.14278508928277947043 0.15746194136798791208 -0.14686171688850985229 -0.9765435848610698466
5.6205895502532836616 -5.5926115099596325209 3.8222378236785004013 0.78298382158037338474 0.0029242477076470334632 0.62203519508031535068 0.42275064342571627707 0.73105704361881718167 -0.5355721169539233717 -0.45630935627758056894 0.68231008181817520697 0.57116961020599443799
6.2675937272346704532 2.1794871326749287732 -7.270294935564966643 0.93419581814740482173 -0.0093435594227208786794 0.35663829190522872148 0.35673427342300129128 0.012305243452898975698 -0.93412485201325001771 0.0043395300564213895589 0.99988063231624912941 0.014828674856882020222
-6.5501414633593437742 -6.3046526610728612638 -6.6396185473840674263 -0.96919000289988432861 0.010354977988076410206 0.24609655160087881565 -0.023590823227090211567 0.99062067497245498426 -0.13458882337151542585 -0.24518199635869775133 -0.13624776235934826785 -0.95985537239397600295
-2.5296994814246138716 -6.3240530353254218454 2.1384932366358886391 -0.97881648774030161064 0.0055667629141388352138 -0.20466385728329705707 -0.020409312537384129149 0.99199830872025107631 0.12459059137010332352 0.20371976656472348677 0.12612837367884657813 -0.97087068658181341352
5.7302769454062030263 -0.32653404465904550813 -6.32927143577101603 -0.93558777030605089209 -0.0059494661598102965491 0.35304408776559081939 -0.28460063282456138367 -0.57909943952009557133 -0.76396748552759941031 0.20899283205330118629 -0.81523520716412245513 0.54010513157203676737
6.3060247785359200279 6.0746255311665118271 1.7555822754121643836 -0.96210699070134197974 -0.00062149904962298212208 0.27267150966442060822 -0.1171326881832604333 -0.90208765538868584954 -0.41535261568253667441 0.24623174410036127724 -0.43155240207223544147 0.86783204162039995211
-5.6677489803059630802 -4.9064628465268844693 -3.0759753054568030883 0.99910277252658752367 0.0099081751120055384929 0.041176182382204239152 0.0016597849264896537454 0.96234099381748616775 -0.2718401308348729617 -0.042318967894048584166 0.27166457200791238602 0.96146110959945774166
-0.20807574185940347355 4.9600887702488822839 3.0117307505612620488 -0.99930161181315391161 -0.0013068593560450567775 0.037344085825681168356 0.0197218879415847273 -0.8673013351622346212 0.49739264285044648695 0.03173855326808383559 0.49778176558039965993 0.86672139588912655572
5.4684468971049069452 -6.8142152494749588243 2.0523177542587403011 0.97083642691159111049 -0.001613170424469647507 -0.23973741857060495986 0.23973050073393650794 0.016680078147705980351 0.9706961738931938477 0.002432940517822571036 -0.99985957647769285739 0.016580353623124700208
6.3495981015587306118 -3.6016854355899989848 -2.9398913335580751927 -0.99258919122133781876 0.0018366515300627037077 0.12150442042015041633 -0.1193334677443120273 0.17402006617707510561 -0.97748480297332263067 -0.022939506241312954127 -0.98474039384957623433 -0.17251126274688746709
-6.5544865344259068962 4.2063870731201840059 3.1602537413479008244 0.86821073782219604364 -0.0050531167236087751876 0.49616991116129610662 -0.1886452661537925124 -0.92822465924807517901 0.32064301882551732303 0.45893690011610305257 -0.37198581690050325221 -0.80684786281973563948
1.5661116575269014017 -7.3316754625264746181 -3.8578818227102305016 0.9977124579434852869 0.00049209235441764927199 0.067598883935731185479 0.049452257274571198575 -0.68709881933647432017 -0.72487908420420865685 0.046090405885548080267 0.72656381021316451818 -0.68555138696809525545
-2.353665152089051027 -7.0555077449331697892 6.7317367053691574696 -0.45943282718793937436 0.0029879307676005028779 -0.88820749240914420586 -0.73754831332592374338 -0.55848710237224596931 0.37962434325785832101 -0.49491813748554153163 0.82950782320212224086 0.2587910516887885759
-0.63835253576692663202 -6.6869979212246111189 -3.5772713048170787786 0.98866831498569485159 0.0042641515590438744399 0.15005592275900977994 -0.018654276566084808386 -0.98835879715402685797 0.15099306624511499297 0.14895294864279812197 -0.15208124506257084119 -0.97707948192094695727
0.0054600676172511242168 7.2913295013832915004 5.1529617430160525871 -0.98614537667317003766 -0.0031816452212119518406 -0.1658528661188925224 0.13692284303944168844 0.5488085479955921997 -0.82465830057115463436 0.093645240776845828368 -0.83594201639869436526 -0.54076937237537203718
1.9304771715448176828 -2.2502427512682650068 -4.3809626154896257333 0.99161088246946627045 -0.00092854636362856750667 0.12925554367196076533 -0.11403249048817640232 0.46457404115182665549 0.87816146089482671755 -0.060864183896112228345 -0.88553379274285815015 0.46057079046455606797
-2.0938196431580951007 6.281406461500885996 -4.7577157927936815085 0.99791808910566437429 -0.01112527347933309034 -0.063527283317874536084 -0.062006895476920100008 0.10540524295412974365 -0.9924942718580893608 0.017737878933457230241 0.99436711683756229263 0.10449595496074041978
6.4412070757029527002 6.522173746408202355 -1.9138371519589787439 -0.90774607601459433859 0.0010677379898328944949 -0.41951867826768785008 -0.21715410567972792677 0.85440886704346197256 0.47204828386920116845 0.35894450248802223236 0.51960018076689096223 -0.77535443268253689819
-2.5066241135364144554 6.9777965433728281752 6.8810923191127359999 0.89167965736817145217 0.0025215477326247189883 -0.45265995010913762098 -0.43630170907742898967 0.2712395899549260303 -0.85794516345572191529 0.12061594957502284886 0.9625085592544371238 0.2429589802210022631
4.5391550907089168732 7.1647873261279890755 -7.0505358358785761297 0.89395763099792668882 0.0098273600936450589832 -0.44804372216793109107 -0.028931810924497321225 -0.9964084381419011649 -0.079581246008677400394 -0.44721661898586906325 0.084104978409508951431 -0.89046260354358675038
-5.111978384839395595 5.4305365672292165158 -4.6613613929452482054 -0.74272007254011152 0.0082599695540169632002 -0.66955109345662389142 0.14656913078341662904 -0.97366986651336118186 -0.17459805538837352978 -0.65336389841139663748 -0.22781300214634364609 0.72195349732899116724
-1.8305601816796734926 3.1334433547070226211 3.0717321867485321008 -0.62779180724383765178 0.0073393931506142585236 0.77834669657282273825 0.068994575839400690276 0.99654427306810000609 0.046252138542778313546 -0.77531748030237845892 0.082738413830711413088 -0.62612870850523660859
4.7686431738562449212 -2.2322850364789204036 3.801648730384256325 0.88293506093180051941 -0.0064515570150923953405 -0.46945080209700612572 -0.3716866520026938514 -0.62049251688668716209 -0.69053462564198675455 -0.28683568623937444331 0.7841858286781151488 -0.55025255583219900846
1.5918063457663327309 -7.2899132998136080275 -0.84413340248383306186 0.60434849979808236142 0.0027075663496673816472 0.79671548238766587424 0.73532621545184684297 -0.38683300296607853186 -0.55646705624458248085 0.30668917108541776662 0.92214581108457449599 -0.23577288953197741983
4.9174130359662342471 -6.6772051955026618941 -1.4995049335855277217 -0.97133933950472817198 -0.0077132817019732197866 -0.23757186873862745635 -0.00030436154337540322068 0.99951289913179763857 -0.031206919634916636258 0.23769685503737517096 -0.030240200965541121081 -0.97086854689551904674
-6.7165864797339303038 4.3202697168357220292 -4.8149628450086821019 -0.9723864269883293332 -0.00089621941468288109783 0.23337487739630438655 0.17141788969031698797 0.67584799379269278052 0.71683010286995640925 -0.15836837974509315741 0.73704049147733929903 -0.65703178783045868006
-7.0259527016322289583 -4.2796498760855028465 -0.96671018855764789812 0.56617499207888777324 -0.013072473676573700962 0.82418140526010408298 0.50906526608045654658 0.79195134501004305072 -0.33714332561561255464 -0.6483042751787121416 0.61044424607712710618 0.45503778877844203166
2.606444885626431951 -0.45930089903005344443 4.5851429304573230183 -0.9946697386448599687 -0.0069431178215567102008 -0.10287810330296878747 0.0054025181976066864731 0.99285074310019449939 -0.11924015566305841418 0.10297049976283446926 -0.11916037529453731014 -0.98752107883239126362
5.262532283034595082 -3.4669745335243722373 2.2550342829835385849 -0.99845497533241467369 0.0010212326439936521977 -0.055557351609362551348 0.025079475810214975351 0.90048361008263066996 -0.43416619843744697071 0.049585099849080147005 -0.43488875020677891792 -0.89911795267166316759
-5.8261151515797600098 2.0353903789461362805 -1.6421672590718474627 -0.9581398240321177262 -0.0070472338069432535063 -0.28621393065220129825 0.27875322481664915886 0.2050668673274304854 -0.93821331240757710468 0.065304802717694399039 -0.9787225942115433952 -0.194518293026176875
-3.2740247521201553127 0.014549912433315779006 2.6513271518469574417 0.61551342596165714571 -0.00010749106393120823246 -0.78812639272296181048 0.046507956631950522763 -0.99825238210886713119 0.036458079816822162866 -0.78675296785636528174 -0.059094585705339736093 -0.61443274449644558199
5.6754982190766281036 0.99841125721998835729 2.8513455175319828427 -0.99048654020447279844 0.0030726708891847948069 -0.13757533342646494079 0.054238259167639170377 0.92753590997167445487 -0.36977742894280352104 0.12646985773793897878 -0.37372141282874976609 -0.91887849070317517697
-1.9111831655908029237 -1.7198503886398330831 -4.2460112298453660529 -0.942577521662519624 0.0024048579101102942474 0.33397879021687321144 0.1285845403748125948 0.92550640402285999642 0.35623575352465902677 -0.30824281278379622728 0.37872432291986257713 -0.87267076013583555483
5.9804816417111128501 -6.5570674031801337023 -4.4248696303146379805 -0.83792372812040971652 -0.0014073455557646590702 0.5457855304342951186 0.20113155907186053284 0.92882194717501764814 0.31118464999325429199 -0.50737552345206804461 0.37052369671130552797 -0.77799888713105702642
-1.7437119030126937425 -1.4577095904442294305 -5.63858541280852954 -0.75181728302445682832 -0.0055146470218100261326 0.65934843718170854654 0.32286710572514443207 -0.87496248393933506726 0.36082888429210568937 0.57491530244586874776 0.48415931300245612645 0.65959241554661274254
1.0887593936875381573 -2.2542872489958343252 3.6737535408703259066 -0.88142468217915315165 0.0048565588092393417383 0.47229963315860562512 0.38885626558862851354 -0.56014138691481540899 0.73145911121390705389 0.26810694574692200964 0.82838278621764116494 0.4918339406147189119
-3.0557232154532378843 -1.2261470198418999988 -2.498678378524747945 -0.99858508311943983138 0.0064043231892513896933 0.052790306077775198124 0.050345634325310667512 -0.20576914406424537396 0.9773046487434405849 0.017121590921462377655 0.97857960534417498533 0.2051555681153724997
0.92011453130080034235 -3.9364447912404374463 5.3262445843320582739 -0.9999064977246142627 0.0006286902395418944578 0.01366018142543697772 -0.0012958249998156453134 -0.99880361685957241846 -0.048884105655829568349 0.013613105654579411852 -0.048897236085354824076 0.99871104112136110942
-5.4621130125581993653 5.7797286760287329699 4.5273789507081483308 0.92860282935976645735 -0.004007145826353010476 0.37105353803366192267 0.36849259722875415957 0.12772626504102260747 -0.92081442593291262799 -0.043703444859555171109 0.99180136317763278875 0.12008357467367469784
-6.132990495887269411 -7.4345474242889668659 -3.9249036010918536554 -0.84698259960295774196 0.0024571400933548078437 0.53161493435801399077 -0.51785049349231571103 -0.22993784977679979087 -0.82398995845209288547 0.12021373615207349428 -0.9732022131615412075 0.19602578896097475059
4.2888551298644905785 2.238411108863569865 4.2337746252536092584 0.99857271355191612461 -0.0014916612534102008381 0.053388301117798270257 0.01931345374494724057 -0.92187941493471325938 -0.38699526460163458097 0.049794841640321219067 0.38747402398924801759 -0.92053481980848717026
-6.2946486605041753748 -0.29597290629669636974 1.2500992989931944965 0.98844323465320516053 0.0020772890385869859954 -0.15157723027705377605 -0.046559577926086885558 -0.94741532223747604302 -0.31660134695364577917 -0.14426426297439973179 0.31999983134333992441 -0.93636954797163385322
-2.2888860004693443173 3.2265470772651085873 -5.8845164642608809302 0.4495145687190630901 0.010825553506025707359 0.89320740027192857546 -0.41573826813878012043 -0.88249476960391459723 0.21991969904166885907 0.7906316113805353929 -0.47019760634539231603 -0.39219365888914498042
-6.8891559116513239047 2.2279928952974357159 -3.6895153110028608978 -0.82273843036907190474 -0.0017554294339419077714 -0.56841744665453597385 -0.56526761299227179514 -0.1026466306541772705 0.81849630110179760756 -0.05978294820267833487 0.99471633528502667598 0.083459040381234583794
-1.8422785985208112169 -1.5560296185812394487 0.57618525354146699069 0.99254303555700740258 -0.0041032673589764291633 0.12182563672852077252 -0.11458114469223289189 -0.37238534758351748977 0.92097791188837740961 0.041587063473544676195 -0.92806913325577000684 -0.37007864035846071982
-5.2214724785533901397 0.27484308969736864769 -6.2120982976121057462 -0.96770872987767797557 0.0053506788659214484655 0.25201425426811624453 0.15997822768247157987 0.78565795004603766749 0.59761906947238951915 -0.19479933466569843148 0.61863798441832507091 -0.76114404907910027109
1.3777185224916086437 6.3230567364214023129 5.4142260032608966469 -0.82379479546163969506 -0.0024580715526389029964 -0.5668827858160530031 -0.36850526474625411311 0.76220683103131303682 0.53220730602227805939 0.43077372810409653159 0.64732889987499531159 -0.6288078327771445819
-6.0203566403262778195 0.89678516556825793593 -1.3280865284023486428 0.98643232946354331148 0.0026132465320571921993 -0.16414758704217224938 -0.16068400634961352291 -0.18954027461719127889 -0.96863570778788998794 -0.033643862629914686457 0.98186946955325438147 -0.18654874769536153312
-4.7588131510549791514 -4.7548464182364247321 3.632510530924727199 0.82213738748844522597 0.011898789211604296479 -0.56916476956065609194 -0.051677615411236214882 -0.99409395966374436426 -0.095428630008731751833 -0.56693874462687954274 0.10786852263394931806 -0.8166669098632438617
-0.3099739165368720073 2.3980637030258531439 -1.6958622210011904397 -0.90163962268580077897 -0.0098669784414190785798 -0.43237557000778548133 -0.26919828979354509801 0.79526698424495478879 0.54321515492686567317 0.33849412339851558951 0.60617907132000514725 -0.71970039733086843547
5.9117694433151672939 6.9825124389220780685 -6.4222098619011234177 0.97534561941305930599 0.010014116956332291125 -0.22045552874300788915 0.1667631401342873354 -0.68772453413911638354 0.70655857523328058356 -0.14453711559422097177 -0.72590266744563824997 -0.67243909732465345641
2.2260342488883084755 -5.1479478531560838306 -6.7378772277345300168 0.9882101183861475846 -2.9101420392861274133e-05 0.15310375917077223562 -0.042309633905317181601 -0.96111006222096628804 0.27290537403359549362 0.14714162156885948751 -0.2761656159820181089 -0.94977991963994268243
-3.5978561589700124301 -0.47293092270234043939 -6.1182832380984750742 -0.22185297407062778974 -0.003192548972454223831 0.97507490252132367203 0.079592560014611499208 -0.99671692383559695738 0.01484581187013029463 0.97182626136887428903 0.080902295213565109111 0.22137871700514438755
6.4445022872390484991 -5.650876090566129939 -3.7298032364141464612 0.86571233469656472259 -0.0037160605646458250845 0.50052806559482221349 -0.50032137571656642994 -0.036101539698019241564 0.8650868163557653423 0.014855118826834316781 -0.99934121786576990409 -0.03311277275204582704
0.083129773662072886653 -6.890624162396313146 -4.7159008883492639086 0.95334553579306891002 0.003115452086816918563 -0.30186517411189600635 -0.2746940321067752877 -0.40576373985038816095 -0.87172184562938559438 -0.12520174962135260932 0.9139726918135659961 -0.38597725387755271731
-5.2094728281387592261 -5.1957676441739764073 -2.1044131272684265532 0.99904552640467936264 0.00031040104928777164338 -0.043679970489504928166 -0.042025360013600653042 -0.26587600726932703044 -0.9630907630510733286 -0.011912400534828096813 0.96400718483296976569 -0.26560919092494472693
2.2375315216006845809 -5.7762241304485266724 5.4222650628881128299 0.93989822767664576997 0.0073713352348588976476 0.34137513826762916347 -0.18111148421865311264 -0.83678045003604217822 0.51671762958286993062 0.28946494070011585809 -0.54748894222125454867 -0.78515342847820568384
-5.847569836494034945 1.6699179419003054026 -6.1234600786355404267 -0.85781963589602827636 0.0028807125406803226787 -0.51394277285167078162 -0.20200804233790833897 -0.92139276113974899474 0.3320062206491412593 -0.47258673606220807928 0.38862202872997803071 0.79097072997911699321
1.7187821970155610085 -0.43909227336114525775 -6.9051022946710789441 0.97473915937434441048 -0.0014294359346814803843 -0.22334172896069032221 -0.22156957190125659007 0.11969278697362854824 -0.96777092411072396239 0.028115760522327986476 0.99280994830801949647 0.11635252704972215421
0.38007266186123483953 -5.0668031744957593432 5.3641386542656466219 0.81487730446334016854 -0.0021361683873231231481 -0.57962955019157325065 -0.57939772956077040256 -0.031520193321316919421 -0.8144352327795835178 -0.016530264679023975311 0.99950083251477572777 -0.026922781283505177463
-7.1856451048803799964 -3.0556328517073523265 4.6954960266989695938 0.95273416080903450265 0.0019786971393498014107 -0.30379878799171888826 -0.11714175935846489474 -0.92026148586200284818 -0.3733585486546152632 -0.28031308753243783238 0.39129896804962449597 -0.87653276639339672283
6.9272605138899434607 1.7562331975690284036 -0.94360416934489477203 -0.98483919020346999407 0.0068203790040149963464 -0.17333566242861758733 -0.16778751465747573923 -0.29110736660091096617 0.94186190656366586271 -0.044035433055389219814 0.95666607734408415364 0.28783831762760891948
-4.049065589701232426 -4.2664154733866643809 1.093342355002573818 -0.99807488769808583307 -0.013157567990415588305 -0.060608555096917510197 0.020643354869790239009 0.85103794424398893081 -0.52469826505973637953 0.058483933230239454337 -0.52493932588596625699 -0.8491279842828555191
-0.88224331300717617754 -0.057638708040474384564 -3.6968767710068606291 0.66103774220323996413 -0.0081660938636275819114 -0.75030821553137450053 -0.070041898474518179962 -0.99624636538706035083 -0.050865626026945762184 -0.74707645916655651686 0.086177110441498228077 -0.65912841677099098803
3.6721076421387461863 6.5220372868071940786 5.3444733627181442159 -0.99122055290142330186 0.0046051792442059471741 -0.13213859326536941952 0.090635066564080352114 0.75130359804277713209 -0.65370344061887120102 0.096265779043969226803 -0.6599406760400141625 -0.74512495857604843508
2.982289844880142482 1.547118042377490843 1.1911725683150582444 -0.99145983302670837034 0.0094813782943466880238 -0.13006730165675964295 -0.12996905931225488651 -0.15400725834633491318 0.97948446031475222551 -0.010744445826951533329 0.98802422431958702997 0.15392429646288335876
1.4409709883828616395 4.1258440566344285472 -0.043559868450633962289 -0.99266302058755051529 0.0034957959948062004157 0.12086317457451573043 0.029591841031292687864 0.9762083930957603517 0.21480571732063910573 -0.11723672846956362248 0.21680625604353084834 -0.96914941925285058577
2.6916553579257342932 4.6353587384041432529 2.9326636655673774534 0.99171170373705663792 -0.014684134605604415302 -0.12764118795186701893 0.063503885218998926132 -0.80759880229600233825 0.58630319041617928733 -0.11169222548139791373 -0.58954944722306756866 -0.79997268456250625324
-2.2050435341927032695 -4.0629541970102556192 3.7882812077718952537 0.8696813972001935511 0.011699575296979864564 -0.49347480918679231809 -0.33285810941904331317 -0.7243231565736101274 -0.60378923793431682476 -0.36449930913241712638 0.68936136009290904791 -0.62603607631892610463
-0.82890632943019970647 5.6513399086590361264 4.6026193044478267424 -0.99630581471714241282 -0.019681140690510964125 -0.083590527345330650766 0.059629925898179274302 -0.85901236832442817715 -0.50847027740378636373 -0.061798021797911217856 -0.51157639093964701882 0.85701260243659560523
6.2560516364318043969 -3.9878808380271193457 5.395452488575759098 0.85270935861541030665 0.003733733086041332843 -0.52237228962393977838 0.52122376780046641986 -0.07273797236197197813 0.85031463074352664488 -0.034821453294903735587 -0.99734409639500976041 -0.063970460186834388061
1.4678516325123798225 -6.3194852035435236104 -1.5509945728488772065 0.86686744827959161253 0.0062901934286838977542 -0.49849900760176052428 -0.20456000823171721636 0.91635723128587598385 -0.34415785288456401947 0.45463835094007798432 0.40031220083394997156 0.79564697681700036203
2.1033613238266499756 -3.3569258803436548 -6.8686247867211873697 0.99879067981788594022 0.0021724094060479870461 -0.049116784772284295679 0.047717246491264894703 0.19780268614858248499 0.97907975249202294776 0.011842394026556053374 -0.98023944931318174323 0.19745981797297965099
-2.5318531679689297853 6.1634347230004893348 -3.6930974374582246078 0.97250632949643078806 0.00029873372096311757648 0.23287625436576891991 0.22732059239282911833 -0.21834854300472528177 -0.94902542750024876383 0.05056468494393211166 0.97587080319370356207 -0.21241324843483277984
2.921422039939565618 -3.8823167667623703636 5.7765790558560423662 0.74254781277572901033 -0.0037721895483231850446 -0.66978243954869287613 0.66491143641119887508 -0.11635970149594938861 0.73780295580696930724 -0.080718817331739828314 -0.99319997505730450715 -0.083894469870063992367
3.242356598552786906 6.2116978264674811427 -1.7025832375655274298 -0.73840756771182480822 -0.0038727441024871689379 0.67434358141738259818 0.56720140720508049892 0.53730010724978916059 0.62417237876560083265 -0.36474213851754228033 0.84338223635685738433 -0.39454983942098093008
-2.4903358950807370498 2.6770945230327916065 2.3746919218713320454 -0.37711303829925052478 -0.0067653717487602457042 0.92614253011610581101 0.91746954538238700838 -0.13945093857736265419 0.37256283902949571818 0.12663091897526723706 0.99020587024875794668 0.058795789683300472839
1.4131737717763939166 6.7840706088663091933 -1.9599078097248292529 -0.96107684307436880289 0.0082643791008569899431 0.27615756687868514563 0.27112636648991772503 -0.16397167542265345119 0.94847445039559474811 0.053120571347306730359 0.98643042820928394931 0.15534868909185062247
5.8426773507353573223 5.6418870770486808652 -2.6095583069588883518 -0.99412230878970331283 0.0031045310273206737188 0.10821828428569792158 0.039512550016544766007 -0.92023257966558669185 0.38937226109863531942 0.10079480918098493447 0.39135963155261177526 0.91470106878323242938
3.7012079131414021838 -5.6190829140974729583 0.51435929660173296263 -0.96364702830749870976 -0.0026747106656023391519 0.26716521247538321804 -0.17259937341453096549 0.76952487809552183595 -0.61485032185807664273 -0.20394573084790024176 -0.63861123378391149163 -0.74201201537031491462
-5.4294922827259242126 -4.1832855572636011843 -5.4441002618108669253 0.7479764368901209437 0.0025702919885377886744 -0.66372030514084179309 -0.55054683367394174898 -0.55612962315223002374 -0.6225897735941646749 -0.37071476068369757506 0.83109159293759249376 -0.41455678785856758806
6.3703924586813585051 -4.4275353117006410741 -7.2167933338792655817 0.81016025662887558578 -0.0062481366931912765694 -0.58617516099438116139 0.56948216581310961981 0.24555010046643940824 0.78447129391814374166 0.13903388579682582349 -0.96936376502772414465 0.20249313482543712661
-6.5179140769003431899 2.7400758298804319679 -6.1283703059109013722 0.9879482646203424645 -0.0037065003090450119629 0.15474006685075789025 -0.07558222104838087374 0.86086991357821951443 0.50318020604673241447 -0.1350761055660675003 -0.50881160929299729112 0.85021479165787250398
6.5632163214908647575 -6.3076936102481893087 3.2827428987357256673 0.67307023746881300408 -0.002321099071952086295 0.73957492381276845883 -0.28211890424246888198 -0.92518698638529028866 0.25384633952917373678 0.68365589246537850077 -0.37950448313874846074 -0.62337065055622786769
6.5701869494000870731 -2.3051875779739261496 -1.6372173152902240734 -0.9285498932332273414 -0.0049348601910446099339 0.37117481451663253411 -0.16015346871155186625 -0.89673658330446825993 -0.41257043837761409044 0.33488201241069026626 -0.44253717054993496616 0.83187432370850666885
2.1155831759017647009 1.8508974345720550225 -7.3660495056928816382 -0.93222378632392499664 -0.0044140043461452123374 0.36185539760724028113 -0.17123338787353387103 0.88628363446187452546 -0.43032597662979338304 -0.31880705620988164517 -0.46312183694001063383 -0.82697051039325308874
5.7742258070163794414 -4.4106014835607245672 3.5714705714755199395 0.96229165455370346827 -0.0033856936424572128125 -0.27199872914189310302 0.25590269440620000418 -0.32780645256861146164 0.90942659992435703753 -0.092241978360900062084 -0.9447388351989627342 -0.31457900549010586744
4.4625012202204086265 -2.0514172589059889162 5.2644872821717578759 0.67741676990269594771 0.0012652359630388474235 -0.7355983408304422877 -0.42809093992293056896 -0.81253667326807432758 -0.39562899508304200102 -0.59820119275247085611 0.58290870106097192327 -0.54988433258011171212
-1.5050944395786332031 7.1153953263478060265 -7.3279297205528202142 -0.98988528887996640737 0.0058934525011575655123 0.1417475998973414808 -0.0023014084506896596502 -0.99967238398061342153 0.025491728574310118516 0.14185139540445762529 0.024907667979486250442 0.98957454984340609272
4.3368503769405899462 -3.2873213935638170291 -3.7851937067603595999 -0.30713073042226740617 0.0059384954675709405308 0.9516488053382424761 0.87148397138537703199 -0.39999863951487296676 0.28375478146551119663 0.38234330391482734823 0.9164964935326895823 0.11767657070797291063
-2.1957767407700035101 -4.656066738392985016 2.9469459942570681577 0.82546904537200582741 0.0080416062214720140933 -0.5643901024131225963 -0.48955228215233043132 -0.48751359464851107273 -0.72295854519625957213 -0.28096159554643140854 0.87307836280722983524 -0.39849059490257759952
4.4133853652600461004 -1.4120066137332838441 -5.1102476961286482648 -0.96503666748125371821 -0.0046407155782666300106 0.26207383344332779718 -0.21344718029528508829 -0.56640230226025489735 -0.79600799821252610222 0.15213326934223886377 -0.82411582666098670558 0.54560844257221507991
-6.0042042475601915541 -1.9994815075228362655 -6.4282483655575024528 -0.99931037973812475439 -0.0072526500418746298743 0.036416534911415630871 -0.013373909647890329724 -0.84461506663159691133 -0.53520699524535042535 0.034639623097198660173 -0.53532493710479134297 0.84393560668188649654
-6.1346804055519230658 7.4696521659944448146 5.7626920057453032697 0.38257442411319836362 -0.0034007465374954245346 0.92391841898378801456 -0.68512196310510597996 -0.67195446870349073709 0.28122070987099029304 0.61987474999825797894 -0.74058465209075508007 -0.25940252003835195804
1.0513842906510499908 -5.6651764564057769391 6.52447676064331894 -0.99759063239537948409 -0.0038608764911549362311 -0.069267768764548071081 0.065536229400279380486 0.27508974076908160322 -0.95918227525299670777 0.022758136850322744499 -0.9614108009358997009 -0.27417392117197791901
6.4977666856527056538 5.0187797997492644697 7.3106848379678375238 0.89758817065815110769 -0.0077841562819427742234 -0.44076624508409922854 -0.094426235939057120983 -0.98003275631093811349 -0.17498423507324992188 -0.43060325342590732856 0.19868367690565072459 -0.88040083749990882822
5.0985310181826593023 -4.8259121549874874901 -2.4800965938241064102 0.33510961161151264776 0.0067262998273944565875 -0.94215513855016297384 -0.74097884683670334205 -0.61575393862979244108 -0.26795043497335913063 -0.58193805232701811825 0.78790979429916174759 -0.20136101733289715754
-2.7238659061564991504 -5.261012188500227893 6.9962270737623057926 0.93411910691106092575 -0.005513625673346088385 -0.35691888999534493454 0.27893674593089784475 -0.61265666999675061355 0.73949043028148631063 -0.22274601202514590637 -0.79032993404048590413 -0.57075634861696233902
-3.0565857726473351086 4.302393419869869895 -6.3130964794348045643 0.61014440141365211545 0.0037053870209258783081 -0.79228156581523490054 -0.20080794149129091442 0.96806048672065247995 -0.1501168367775589374 0.76642023724431695975 0.25068937783055139645 0.59140075734245245442
-1.2807166329231784996 -4.4106379861494575678 -6.2196487804495239615 0.61384012342087934666 -0.0026740881311708023307 -0.78942583700507629185 0.65458327682818095994 0.5606962042577849914 0.50709022888224664083 0.44127206638929977744 -0.82801727988229145705 0.34592824059467625064
-5.8919585618800205395 -0.74718404027758233976 2.8288801938255954127 -0.79852955886652143835 -0.0085841986646803692534 -0.60189438870098177503 0.52855998238071211226 -0.48848001101072596741 -0.69427056964028999175 -0.28805362112304644384 -0.87253285919560930051 0.39460299160246586903
4.3759335297342625282 -0.017130888731139444492 -1.8266922381384282925 0.82332145269027667833 0.0037792254525122548695 -0.56756277449722059014 0.10884581025974976454 -0.98246881401918240151 0.15135263152196007375 -0.55704073022446165542 -0.18638869851658534937 -0.80929900403769072792
0.037877971789004837022 3.2688243899192488406 -0.9416886677792996041 -0.90317779627630057071 -0.00088195018914793803233 -0.42926575740160310968 0.42818427947559178914 0.069117816330424575177 -0.90104436643021168507 0.030464588026431732581 -0.99760811425605333547 -0.062048039830394106919
-1.4396137594777524971 5.1906753656027184718 -5.4662915176803679174 -0.98694465163791722517 -0.0022277640299680346973 -0.16104437795371570608 -0.1609423886045500407 0.051812030666371994281 0.98560289215710517041 0.0061483455782509292831 0.9986543699126916307 -0.0514941482209093776
2.804825830447388757 -2.9478977874296115047 7.0795744363908772456 -0.99816288501342753658 -0.012308147688963140196 0.059324231829171687747 -0.036436059434435244531 -0.66036128167500007802 -0.75006359146236079027 0.048407319224913883393 -0.75084717963439517874 0.65869966166724491785
4.7483479821862726311 1.707029875805177177 6.8099239551441188567 0.99808903592198094934 -0.0028766313014838545276 -0.061725208502522756204 -0.055764266527671961515 -0.47226284458796546906 -0.87969207805940452527 -0.026619972782797249322 0.88145307907695102934 -0.47152078049111129099
-4.6320122092901723221 4.1234127650555914002 1.8964280302782816623 0.99965433647814816442 -0.00064985558437042787935 -0.026282793765209915005 0.014187809237967988207 -0.82829869936941069586 0.56010710644650962831 -0.022133992622479926882 -0.56028639311570227477 -0.82800316669677787029
5.1555370395811843665 3.8164608821450940468 -1.8803697690140417365 -0.99766509850155338235 -0.0012454097150459550111 -0.068284699506098195387 0.062876987899195282972 -0.40706568756292071942 -0.91123213859126750425 -0.026661500796435110006 -0.91339803752992831942 0.40619353689071702185
0.36531656300011128291 6.0846524518060620679 -5.9365427453739574304 0.94467315134311258262 -0.0029192506936605369661 -0.32800017546769855148 -0.32738822089906816082 0.053305919965369791269 -0.94338509194983033446 0.020238328686192828126 0.99857396164339973232 0.049400943107937078658
-2.7915736545853686579 6.0932213794829488407 -7.3473810814344107101 0.93434618032454219705 0.0022962444764973001868 -0.35635928860386562045 -0.1364170805865786984 -0.92150753675832208778 -0.36361276080699278523 -0.32922271403593555972 0.38835368796854452533 -0.86069380014276941626
-4.4136660564876288859 -6.0605625233963946741 -6.698773162548490312 0.8543160255072307363 -0.0032597041133727118131 -0.51974368961125927413 0.23871333964338423139 -0.88581251417691186933 0.39793483286068642713 -0.46169261423361229735 -0.46403185672609431611 -0.75598569160094186703
1.9132271493472778889 -4.8977856415507190491 -2.7107229773604220036 0.96705015651890691153 0.0039478544328008704362 0.25455531662515790137 0.013666481133327936653 0.99763305343014330173 -0.067390785699239855178 -0.25421884680368367349 0.068649145290363783323 0.9647072471898133772
6.857305523357137389 0.74342948541129461049 0.9021575452543745266 0.99987496996238622859 0.004473243015707000815 -0.015166889578457784515 -0.014932388957855291176 0.58268360630752191742 -0.81256189838094572409 0.0052027110792396743383 0.81268678163072527454 0.58267754955898987124
-1.8314199278720353359 -3.368250816166914241 -4.4578146263217863776 0.94574336537368497435 -0.0015740429355440678852 -0.3249107711979810631 0.17689044702003170473 -0.83630768869008975663 0.51894047788824648748 -0.27254221068427925134 -0.54825812554546704547 -0.79065401483123476378
3.3738668741285127162 -4.5843397223395019324 -1.7529895005414921627 0.84190168324266811961 -0.0024353037871627531558 -0.53962544885187913035 0.24481676796404858165 -0.88943471636211224318 0.38596714297158191131 -0.48090155528630079695 -0.45705574564314482844 -0.74822038163747972561
-0.47335494751930795587 2.0553728061562965834 0.48419126426672198793 0.99922203657517993935 0.0044082222485820913779 0.03919042228986444748 0.038648092173624193357 0.088385650915572003261 -0.99533627567953941728 -0.0078515344990116378576 0.99607657551459560796 0.088146520732086522387
-6.8048535054511658515 -5.897335630123620831 -2.470073201743102409 0.96626945758794835495 0.0019087375702685357125 -0.2575260997523757811 0.19239866464481719666 -0.67006279407389135461 0.71693696085550873143 -0.17119021343430909643 -0.7423019659941639814 -0.64782845113928055891
4.3758593715976052962 -3.1702858926868748846 4.5148618636117010539 0.99313367374352112815 0.0021964480801250707911 -0.11696444627553884144 0.042307616324449105749 0.92540618965820531372 0.3766078195462813083 0.10906682207547280239 -0.37897039430309781283 0.91895912235745302876
-6.1524404780199866138 -2.5884214754399539338 3.533134628578151748 0.91764664998123046669 0.0026555918429643724649 0.39738844171705328678 -0.084089024919295915494 -0.97603710833674450775 0.20070027164376325057 0.38839884354419496049 -0.21758793850238691836 -0.89543387659385220712
-1.1980457380687596913 -0.38378322409774556778 -6.3266351045900099948 0.99983522597006513344 0.0050935321249237844321 0.017423456598457079392 -0.00076891435104518846 -0.94708180595673829849 0.32099137308741171326 0.018136418611917788646 -0.3209518791910827562 -0.94692183498085624738
7.0326339726687372433 4.2229976639004940253 6.0997870540422738372 -0.99687080868290878222 0.0082190097181399721787 -0.078619582007960014947 0.072459617580761859212 -0.30250684643737318913 -0.95038897914410469525 -0.031594218077040714387 -0.95311177504934607718 0.30096469833910505232
6.9351201892273008909 4.970939495770928751 -5.568886670511125736 0.99707506053607186658 -0.0021444958668639631585 0.076398460681624175139 -0.041156765498291038308 -0.8573593123647325065 0.51307029747902399563 0.06440065458339880311 -0.51471391144883527069 -0.85493984879075313188
1.5020999247680617561 -5.0807838025890550426 -4.4794315533736579482 0.9999691891590473114 0.0062858050250887030283 0.0047020620787984884759 -0.0020775729883803972439 0.78956020362587520101 -0.61366959232219286946 -0.0075699684995351665395 0.61364091576880430701 0.78954893583078522568
