1125 14.717824617146108679 14.977075390850430381 15.033177056927090831
-0.78110728689115482837 5.0341221506274216324 -7.0659555841354348971 0.833919092049544175 0.0084606741679906956322 0.55182185975895670094 -0.10066689583653559703 0.98543986659756277469 0.13701987229179360406 -0.54262797937246665114 -0.16981368117091713565 0.82262882862763242464
4.3925837747318299265 -6.0178122813124312884 6.892002572544234873 -0.93503724232797835736 -0.0078268336856938923451 -0.35446310969421052084 0.20481604950728965475 -0.82798872159437630902 -0.52200101798433440337 -0.28940584189656964886 -0.56069012617221125616 0.77580335207404538256
1.0857744151425967605 6.8713182491219324532 -5.6770447078347849867 0.98023583226976607197 -0.0018089626044496195933 -0.19782426744114381401 -0.19783081518412426458 -0.013136413329805800287 -0.98014815370352048607 -0.00082564998688646092095 0.99991207728440123503 -0.013234651600062515356
2.4895856303624972483 3.0442766679340356184 -5.1253461774488515701 -0.34248789081220593067 0.0041497672907109279389 -0.93951307818381768477 0.84044902786244879422 -0.44561158621708385486 -0.30834355156882709004 -0.41993746702569639817 -0.89521678584607822238 0.14912890439961207223
-4.3791702779276748814 -0.39354798630804421755 -6.7685557266201721305 -0.6973644204790527823 -0.0011198496098103402629 0.71671585093870449068 -0.70247089059535172684 0.19945613523384173038 -0.68319243115228689422 -0.14218830091162040774 -0.97990611593885279529 -0.13988027391110649522
-0.43834996549424048995 -3.3984088514384902524 0.38609534197538719624 -0.99593933477248641761 0.00078914391401558171661 0.090023434198041360488 -0.015378624625778960361 -0.98675524303775241641 -0.16148556666791716308 0.088703660339004286595 -0.16221426444468314831 0.98276049628236050726
-2.8955499927470391697 3.2442136865984458893 -1.7068835630447172225 0.90012848039247805865 0.0010996722076345374908 -0.43562312783794865378 -0.4063231747865924115 -0.35843649171452657276 -0.8404907846244793479 -0.15706749000853842402 0.93355346506161107634 -0.32219207230155949562
7.1004898479554192647 -6.8595741724056606969 4.9802488382664167332 -0.9696640404439866856 0.0026689582708750497417 -0.24442693250074193356 -0.24390634301582547749 -0.076695307883422395023 0.9667613591705835896 -0.016166153117611884588 0.99705100491911036187 0.075019657976845205427
5.6684287969188211775 4.6000186500219149011 4.5898164545372388545 0.97760967768914908138 0.0037206176539750471406 0.21039361942058298904 0.2099552693624486821 -0.084123766727386320441 -0.97408519993818676319 0.014074905169693584239 0.99644836739080666632 -0.0830213717580589039
4.8986416956841036807 7.4623040837309577711 -2.0429713633967017117 -0.97503531304695667536 -0.01358884861499963688 -0.22163366509790910497 0.22029881924109348534 -0.18430109460763308138 -0.95786300521918188444 -0.027831071707673578353 -0.9827758898751305372 0.18269368278039102571
0.69361909012633082838 -6.2651347212115195973 -5.6983144581964264574 -0.98486252989780675993 -0.0028726202702258167576 -0.17331343068575130739 0.081825761093170398808 0.87374000238122706552 -0.47946110693199223141 0.15280818703460982699 -0.48638478213413566253 -0.86027873487814221498
3.3876603180389981418 -0.59686402872125521313 -1.0174256066059959025 0.53552658285674648031 0.0048858343692241091097 -0.84450423780835348619 -0.6622983630239500652 0.62288698593614344468 -0.41638045233540554868 0.52399633337404427635 0.78229657507480776513 0.33680841918910592314
-3.6618009217666487309 -6.2707799009485825081 -0.014875071051728427224 -0.90772672555924838189 0.0014440332651463180444 -0.41955941947890518229 -0.26801168705485278743 -0.77137279362044419706 0.57719472352434231244 -0.32280323311192266056 0.63638190422907281452 0.70058271793009641026
-7.2344414142817372593 -4.1964974705846769254 5.2405024856649085052 0.9995628850921698394 0.0042053799525344267435 -0.029263518684300701689 0.024005495262775934651 -0.69320034941559338648 0.72034506437360490416 -0.017256156684501890858 -0.72073267606626434389 -0.69299829343730312559
-0.53388244727399425393 -1.8349004310949763585 -3.1914029604423124198 0.97548232995609907015 -0.00057636029937995804373 -0.22007701323008779792 -0.083809399225414554779 -0.92562004202580616674 -0.36905761393257768832 -0.20349498407815502787 0.37845370338912298624 -0.90297429965975639643
5.124739928685614565 4.0334734608545206314 6.4088620060453562743 0.87324208493434996026 0.01005751707600752512 -0.48718282753996267065 0.41520211425791769821 0.50795969523721262728 0.7547079914312443405 0.25505972911313962159 -0.86132211997871499509 0.4393958809773894636
0.29420227500534257281 -0.86400284135020721799 1.8157642593006144693 -0.99103828664570947637 0.0021482608314369105659 -0.13356084522694997019 -0.11886442387006375399 -0.47037785826757572138 0.87442319227574105689 -0.060945575232214957428 0.88246249519574038178 0.46641781851966268579
5.964783227051704273 -0.66166383765416603158 1.7093854592686474891 -0.96691844648011282537 0.0062968533702017258705 0.25500797535412755845 -0.0037681445447738217205 0.9992336041488550924 -0.038961589116665473753 -0.25505787371355692628 -0.038633586132343689101 -0.9661536767406276871
4.5045373590724429036 -4.0231995435309526599 1.3825365570096102008 -0.84974100579864098037 -0.0037163245230122463753 0.52718726463774467916 -0.36274307623208457141 0.7297615266825434599 -0.57953910551378762239 -0.38256722769978451781 -0.68369167254403817591 -0.62145636466615783444
-5.9896146231845710517 3.0397896458668753894 7.4125090598524892016 0.80225753310353942194 -0.0038409453673312714261 -0.59696574249878109342 0.59156662286583416854 -0.12922288499264511508 0.79583313370648745 -0.080198387075676350055 -0.99160813486632604086 -0.10139785785521505945
7.3429348619583088009 6.0546331737859198086 5.4260901595588997282 0.9747290323146530211 0.0012731109336936666937 -0.22338686790302442198 -0.16250506814573592584 0.69019219094890738031 -0.70514313609365153468 0.15328214635081596762 0.7236249848793303574 0.67295725337383005549
6.6260047407350439741 -3.3683050593083851965 2.1759001728143378962 -0.39839721551607587546 -0.00075011300456787716965 -0.91721267762673541757 0.65350692331097937071 -0.70191212955077708635 -0.2832808916502668195 -0.64359021112318171021 -0.7122631534201341319 0.28013004199175756126
4.4787625636247403449 -1.4679633084604923887 5.0653008039363252024 -0.88427275128652749192 -0.0057884205213231797876 0.46693489430546797347 0.0067351989477131011044 -0.99997725397559966698 0.00035864538756465343117 0.46692219740268259276 0.0034620397523954810765 0.88429162376077541374
-5.9343980195255490173 2.2108169612696397799 4.4311506743793449559 -0.76529478197871236844 0.011023782151828677434 -0.64358555989344101711 -0.56773328903317588079 -0.48271846484179004033 0.66682966057634918133 -0.3033196485555237909 0.8757062064002364421 0.37568049040684098339
4.4521291307513735092 -2.5756294064195932592 -1.4355839259596840929 0.73681015971023378075 8.4285973896095628399e-06 -0.67609968826845423528 -0.063265848882748026982 0.9956131178342667587 -0.06893440332259052894 0.67313313758347093074 0.093565589429234846675 0.73357839360347687485
0.77189896083703612994 -7.1322240428667207368 4.2140351948648424596 0.89250993028392666684 -0.0089238885852576301655 0.45093945109846872432 -0.45087869781273220982 0.0080479492379689626658 0.89254895124674227258 -0.011594145209649475009 -0.99992779475594883998 0.0031592833485660082316
-3.5789982664234418763 6.9328610985158354296 3.6074132116944612747 0.531903043193556746 -0.0052438425816381233763 0.84678902611958672964 -0.37227092737301492598 -0.8996155882502576695 0.22826771565428294331 0.76058760788901791372 -0.43665122866213512687 -0.48046039923549566097
5.3339624690453248945 -0.95712738186130041917 -2.2494796844365909649 -0.99361313358507463711 0.0078858448724375748012 -0.11256444473191856703 0.10922635914142821145 0.31765645656174129607 -0.94189382526552045682 0.028329194056053906559 -0.94817307969346076302 -0.31648896933205289406
-1.5512204676994034713 5.6202004380092871472 -0.48202341261174352915 0.99977203927703706121 -0.0072028248908444052201 0.020099472470755851139 0.014637624667566536893 -0.45410755946460101828 -0.89082661858587897097 0.015543790532002853266 0.89091775363989222924 -0.45389860852969104998
3.0458525635739821524 -6.5228447610623261355 -1.809074335505661546 0.93110435763380572372 -0.0037878568820398756355 -0.36473322762738347169 -0.13660228228081042201 0.9235531447171501096 -0.35831467365796626501 0.33820776406074148923 0.3834517453646913987 0.85940692765759107985
-5.686120581510717642 3.2734685813204524862 5.046783183672454598 -0.99343063341282700218 0.0032326298907665701986 0.11439023866086910075 -0.1074666522472643021 -0.36986317081546532526 -0.92285001681154499309 0.039325503832347667721 -0.92908061274475284286 0.36778080397164691906
1.2500464592959825705 -6.2130493201443908191 -2.2321092025204229969 0.99268979988015693117 0.0017946796534126611966 -0.12068032291565854164 0.05859609640425998689 -0.88130952077552282553 0.46889233953720260706 -0.10551520601437822111 -0.47253603853610598451 -0.87497213303305454435
-5.1771393302023360761 6.6417823264145381401 5.1799980707515569378 -0.94022272900798020689 -0.0050724221358851842231 0.34052237869269708082 -0.11674297669102676189 0.94410585361633914125 -0.30827782041632989518 -0.31992545577080427899 -0.32960340972298929341 -0.88826195181880229779
2.1596980339182008102 4.0001478003254034022 -3.723752681859134217 0.62294729719619268415 0.010919285992464288632 -0.78218759521580727423 -0.77622349354963249279 -0.11539000885547465169 -0.61980822349979403096 -0.097024496791432865428 0.99326024537871604458 -0.063406087819842402165
-2.6335967819253256472 -4.0296638533080599842 -4.1593299145140001372 0.9737997124442283603 0.00097892567489571468212 -0.22740528082718408642 -0.053086414448431151758 -0.97138316689822945538 -0.23150934250642279943 -0.22112429229863048152 0.23751586214668249375 -0.94588068094457966595
6.250684850030111761 4.1608472395656708187 -2.5260124172455613589 -0.99587126650289037322 -0.0074126599854827772418 -0.090473604027325335575 0.082678408741015022021 0.33742875242192826857 -0.93771323855800547964 0.037479344735391162402 -0.94132188411335326883 -0.33542273209679340784
-6.398082474419170218 6.7637842954218587721 6.3745605725277743048 0.92448059425542172818 0.0031192655858873138963 0.38121634412404142855 0.36450144351443164448 -0.30019209448562067521 -0.88148931024946586277 0.11168853352494668985 0.95387366909381954283 -0.2786587427095766345
2.9592405972925739377 7.2736539973355132105 -6.7345402075576652479 0.99963173126628235288 -0.015579579229067587465 -0.022218878382093597279 -0.0044898619984907080227 0.71253642556436003197 -0.70162075466964768378 0.026762716318570800578 0.70146212938046803576 0.71220407051652223629
3.485603994146009299 4.6957048818356543762 -5.6032508827527980344 -0.96908470151676318061 0.011182416165261176849 0.24647473471910655296 -0.09326200820690490334 0.90825419766033110847 -0.40789276808709751254 -0.22842293910934749479 -0.41826937014470533249 -0.8791323534526789274
-1.2282595450276991844 6.0214448371478743738 2.3690388909416304486 -0.68072326968422136595 0.017513010290003558356 -0.73233129427955589996 0.72368195466218432355 0.17108154257188135094 -0.66859220328048551973 0.11357930536308452618 -0.98510121320700583247 -0.12913303656090097116
5.1418025255720438693 -4.463880375442773385 3.885788254891482385 -0.98332176802932247384 -0.0075874116838768254634 -0.18171607442302911695 0.12304414667490108648 0.70801785985634901888 -0.69539258558984862191 0.13393445594323796777 -0.70615376605115620645 -0.69527578715411930688
-3.5723306804531760328 -6.4308910005660973042 -2.1329210901838950853 0.99601112689125215205 0.0029463128212516148663 -0.089180459460048794318 0.060519592927543504335 0.71212488276450902625 0.69943943999429047942 0.065568391627577909953 -0.70204662992458777282 0.70910599731707912863
5.5347867232469640797 -7.4135567709537335546 -3.8963796010312918838 0.99752531640524344514 0.0011063022088427202239 0.070299496627836660645 0.014857335001518695919 -0.98061337664745251708 -0.19538849796394877623 0.068720468037924448135 0.19594943642528794836 -0.97820310551407718691
-0.95557613388979623092 0.8027452135080984652 -6.3599867795391888947 -0.98729371233510798689 -0.0003286625781490806579 0.15890568764058540796 0.1330177409028726887 0.54536342152484729162 0.82757780242575362806 -0.086933343365578757966 0.83819963638957672991 -0.53839015905531806272
7.3215583300604993866 -2.7611829995122540993 -0.85072604245530814016 0.91862738323992410017 0.002341932087742839598 -0.39511801542822083677 -0.024555535348950975616 -0.99771115042768743209 -0.063003856992462400899 -0.39436120048194667209 0.067579402677945557554 -0.91646727595051369342
2.4219221361133582704 1.8146940781075395765 -0.79782668725934124954 0.95240266566051523522 0.0095185146157996374655 -0.30469420789115508885 0.28810530296228664682 0.2985324361596253806 0.90987566126680807788 0.099621768945860875166 -0.9543520222853723034 0.28158075344739025292
3.3811409142990762611 -5.0918501007235157374 -1.6843905169460395843 -0.99627467439832584351 0.0099957584731180711829 0.085655460801236343871 -0.013037941664838270314 0.96438317750209290313 -0.26418762088349684314 -0.085245441107802480407 -0.26432020687696006211 -0.96066021204523555088
7.2792379575891885679 -0.33581007411397972851 -0.66601887254877667477 -0.9483912032324985919 0.00014139274674915616736 0.31710267365528976846 0.22382720636453140584 -0.70806195061500865062 0.66973849805894114517 0.22462303381951137515 0.70615030560023384076 0.671488077763398028
-5.0027644058066886856 2.3885401361308886692 3.8705114470959558481 0.61805881016245234338 -0.0019521903443014488114 0.78612943980833038804 -0.67389477005298736856 0.51361865282511476316 0.53109482991774104033 -0.40480754201943663917 -0.85801635673387788295 0.31613096257916761811
7.0567378183018520943 0.35372694563269274637 4.713474875203507608 -0.90821712629855899657 0.02234734166229240121 0.4179021988679552102 -0.28615528341371576637 0.69549990761178837051 -0.65908651350675451219 -0.30537977220573409021 -0.71817858143548030103 -0.62527011754505912311
-5.078855692415828571 0.45968418202820204854 -4.0572358165861093227 -0.96704481138815590047 -0.0041738080300630043748 0.25457201749903690668 -0.019270221554641440986 -0.99579782897139901277 -0.089528444513889804401 0.25387593688311921314 -0.091483676917643003135 0.96290069349304185931
-5.2179473264090745488 -7.3353231761768844521 4.2247685780632728836 -0.90795615604665247389 -0.010790123731347293912 0.41892623685686003476 -0.16652003844414664524 -0.90806870841678621886 -0.38429454535674290039 0.38456039251812118573 -0.41868221125846055708 0.82268980210167463873
-1.4286050613315937063 0.53037926937095491997 -4.6065044281736149401 -0.57382979557754110189 -0.0012513590785051707452 0.81897362583171140482 0.27410107330651045654 0.94203440156116191595 0.19349363784800480137 -0.77174345952503975443 0.33551396450207504607 -0.54022440920830294697
-0.12255794760207447403 -3.9784032522299823675 -0.81260114268927152725 -0.93018189311893639815 -0.0057422897512664130421 0.36705404482430725732 0.36295741728664904224 -0.16415542044869455007 0.91723220133949256994 0.05498689798617047847 0.98641777358568638601 0.15477860641625029725
6.7232021457929134201 -2.4830733943582594669 -3.2415730943822005372 -0.66313153864153107087 0.0023514531496205163738 0.74849918712508967111 -0.029894662781262570928 -0.99928038181829303976 -0.023345827259006534521 0.74790565688199794891 -0.037857485142198013528 0.66272463302836848165
1.0212299777601592243 -3.7542401360164481261 7.3541250145884236034 -0.56022852546822798914 0.015771134870825972984 0.82818794398160544556 0.74809720477957208917 -0.41965561262460715497 0.51404254589832087952 0.35566075332066188208 0.90754638344139015871 0.22330470315211747856
-4.8787801535901582639 3.9823406355405581714 6.3606660517300008806 0.2490797072320030392 -0.0051598485406250949037 -0.9684692433981409998 0.8343523815347771988 0.50888610276922319198 0.21187505241391954569 0.49174729574483710959 -0.86081839569757556685 0.13105833341041994711
-2.7491955438986090954 -6.7555103325081944377 4.8931268391520905681 -0.65256611116060836419 -0.0045993816514804143625 -0.7577178341924272198 0.7575842847470224406 0.01577017467676997825 -0.65254682061528201942 0.014950654474378384517 -0.9998650645357026745 -0.006806662302422831351
-0.93042879367169961657 5.4893070096785887557 6.587546219662191227 0.99979173931565745725 0.011355297756143887394 -0.016956863182996731454 0.016582986881026631071 -0.93633128773230867026 0.35072599584247726723 -0.011894643426385725221 -0.35093414884628038042 -0.93632459149141089583
2.6388653104294133023 0.85037496523516475921 -0.025734948737714175016 0.77359142820553072895 0.0010221185586863582723 -0.63368387819203209066 0.24005732814169300493 0.924993313473730705 0.29455024908198679245 0.58645441545984366982 -0.37998200655087305266 0.71532153140048226891
-0.22893978873525966389 4.4167334654079368761 6.0205902775095134771 0.99819161658654076419 0.0016967933855088108974 0.060088413762835475584 -0.060091631373916015724 0.054418920934979013448 0.99670837103085618836 -0.0015787384664524058836 -0.99851675095436165375 0.054422473743634819376
-4.8599732040656382637 0.38729644039291211133 -5.5913169767483976713 -0.9454144274196938369 -0.0053246317947213753219 -0.32582696131974503428 0.28957501817260883348 -0.47231016310715573381 -0.83250790907714289357 -0.14945858716358728646 -0.88141633642790873093 0.4480707227671746895
-3.5644896535842249818 -1.999778400399999656 -0.034720065390619891943 0.49980357849405471216 -0.0035287219072330684722 -0.86613158991364214145 -0.23348932594696825138 0.96242249690400827333 -0.13865666995157638341 0.83407380824088717119 0.27153358093410906449 0.48019828907619582781
-6.4026810602532311378 -0.03513035007838625351 -4.3531237184949223007 0.77190219078963451249 0.014397071903211008589 -0.63557826597113964429 -0.56461760255923676421 -0.44395961389456756185 -0.69577785543291548187 -0.29218824537369264549 0.89593112768284666192 -0.33456455836544440885
-4.016984117688338074 5.9147958730993748233 4.3479089562074308972 -0.26776287450199764972 0.0045151872211109536984 -0.96347426334219754551 0.80135141639167195571 0.55623007993095885393 -0.22009999006593525261 0.53491957384772526041 -0.83101607160412949149 -0.15255601676161092972
-6.3683295788965192941 1.3570727695652924361 -5.4840103989751618485 0.90808902901912613714 -0.010019799954714084939 -0.41865728105940391846 0.35344842396031134202 -0.51784995832968372387 0.77904148301497089246 -0.22460749536726176689 -0.85541278004653165112 -0.46671238333484166283
-6.539696435576628275 -2.1024874775567155005 2.6411066769910953589 0.98207318458888537283 -0.0047951671237160421041 -0.18843902590441702349 -0.058434740258370872212 -0.9581738947237642412 -0.28015739968939129545 -0.17921395381633128951 0.28614645523235626712 -0.94127709252664992778
2.2319781031871164245 4.5690907525455823901 -2.043029750269750533 -0.99598929348209430668 -0.0015466235811005279478 -0.089459125999991895295 -0.031935408041685424407 0.94013675394053763945 0.33929782434230276733 0.083579046311819088499 0.34079391403849890185 -0.93641553338881144963
-3.9600756657889966128 5.6379514465533917544 -3.2568509058885362073 0.67289935887728402619 0.0088836792019141661708 0.73968069669715219572 -0.44488587059534834278 0.80374052422248620786 0.39506674356005000437 -0.59100170470745472251 -0.59491364916784139627 0.54478870680885249644
1.1360266583626872361 -1.6297019633310769748 -7.2360093574538222327 0.90276351620043959745 0.0066079454960629464139 -0.43008646674084816119 0.38012442371685911668 -0.48020125197369345482 0.79051387090728930662 -0.20130438721305679572 -0.87713345202379289223 -0.43602001218928593262
-6.0079250313518723914 1.2874532253617303468 -2.0737967737434166438 -0.96522945747530208838 0.00095471356477410600043 0.26140233920896205344 0.25946094322953106026 -0.11820339239263247255 0.95849255446528969227 0.031813729117335029506 0.99298894583410812764 0.11384568542883992393
6.8165851076335783887 -7.2737095794949855332 -2.6346594537436991423 0.96890413515627205054 -0.0069270574073225553782 0.24733942822113924587 -0.084692425066066889805 0.92994563703922916709 0.35781043205614460057 -0.23249079554577162243 -0.36763178321175926655 0.90044150390747246249
1.8423691011691096797 -7.1424889312527319873 6.2537988825993133801 -0.87787154282827262186 -0.015854258242925713812 -0.47863367703055315072 -0.41134799543666838995 0.53674175438440885344 0.7366825067493953938 0.24522312481179697752 0.84359761236975361332 -0.47771192936916084815
-3.0358214330514030621 -7.4473663199982356176 2.0591275125981671756 0.99136725337018072324 0.0045678950256460232673 0.13103474073796450572 -0.041006204457273702502 0.96006027093027490604 0.27677204948706013443 -0.12453698302607307813 -0.27975598387926065014 0.95195962589931604203
-1.4951984709519552386 -2.8675326064214048394 5.2952776880974781193 0.85054607588057451473 0.00011225355611567421933 -0.5259005231062136021 -0.52475796207445446484 -0.065701205086740682715 -0.84871222030188697705 -0.034647569088677825089 0.99783933528868551388 -0.055822996219881251823
-2.558499458514846836 1.7911544150786939955 5.5560666571051928742 -0.48144414410262070803 -0.0031980456897435002167 0.87647093997068281634 -0.21081577116993663323 -0.97021361924430393753 -0.11934087170174632886 0.85074570039188368575 -0.24222986095088622216 0.46642946704546306425
-2.2204701258430681321 -2.1635404258392205712 6.7272193642771469513 0.64345034836019421309 0.0051735626612645132377 -0.76547036745033791849 -0.25546255259910205515 0.94410018391225447587 -0.2083596097052374807 0.72160275319234612468 0.32961807745681170889 0.60880324374863636905
-6.3658940034971926991 -5.0921214689454323832 -6.9038218660583146047 0.96219610767041374721 -0.0047363779340398540901 -0.27231639155228332116 -0.26718366974723228857 -0.21037695562003838612 -0.94040120329799026244 -0.052834997911766518053 0.97760887028921228392 -0.20368937067900183546
-4.2199848492734917116 -4.8286010819741136402 3.5267906422035255609 0.99307145857988976534 -0.005203509814730246201 0.11739677014178805103 0.062876199027450146994 -0.82045554785595198322 -0.56824227015264050511 0.099275685593114365579 0.57168664273179969904 -0.81444381069044669008
-4.8853003828135985742 -1.1740362709781710926 2.0445166542959691824 -0.78013507234180901051 -0.00069907422393788477832 0.62561072576914589227 0.62059089577916037861 0.12556547249833852065 0.77401566663230358945 -0.079096200782682812847 0.99208508879604850872 -0.097524189872324751338
-7.3228510045604604528 -6.2558911314545024851 -2.2588934588335551901 -0.9056992228551746793 -0.0032411902250548615956 -0.42390849532103164199 0.13314700043513788552 0.94719231078133647728 -0.29171664791680385065 0.40246837639067323256 -0.32064968592322934393 -0.85743978501276418847
-4.2095107032669805136 -1.5439104486432579932 -1.1466482907520978429 0.8386350604758818772 -0.0026194103067428437664 -0.54468740946548699355 -0.00093834366241750920279 -0.99999390063671411699 0.0033642533388990110595 -0.54469289957893518572 -0.0023102768235939803373 -0.83863240324304333395
3.0142588648216892544 4.0616384931729179186 6.009243899122281185 0.99994704092490571679 0.007918212576630048391 0.0065739832180764122202 -0.0028332882283692928729 0.82589775836839696144 -0.56381279268908812696 -0.0098938275493027430518 0.56376430769573460111 0.82587645416539690046
3.3632430650109612635 0.91056220031506929224 4.2165338189401113667 -0.98386503518850820793 -0.0024362268155762173416 0.17889566046266838772 0.1692786896332269253 -0.33636019466146371837 0.92639437859006401599 0.057916472350420342141 0.94173026087420053098 0.33134543603961180702
-1.3215687561793303395 4.6666519304863953721 -1.2033469019836404712 0.99951990710521065875 -0.0011061082134204303778 0.030963394918539388634 0.012233242950282871564 -0.90407721932513662733 -0.42719401829157344075 0.028465822791150938165 0.42736770821141301102 -0.9036296469854208091
2.9070728786323583037 3.0503905678884115638 0.13864758136093083274 0.72609936982355494095 -0.011103985379558322516 -0.68750011392760690399 -0.40869891554336729156 0.7970996598673810718 -0.44451921069067190651 0.55294204178691930274 0.60374566975514065703 0.57423537393351231639
1.9206350028685952314 -5.197954246934020972 6.7203619520295916345 -0.99596436723086001486 -0.0033200899970114365438 -0.089688105169925605442 -0.088996789011898447264 0.16569020788451294113 0.98215392202895357432 0.011599601378323016326 0.98617226284939385472 -0.16531702040100723639
-1.7291714592472715584 5.2364441917721666897 5.3640531952867274157 -0.99723606032879164029 0.0026685019980563539146 -0.074250380988170425201 -0.032136288514103140967 0.88554573714430395714 0.46343932330577936041 0.066988797125608054439 0.464544536640635497 -0.88301238640071344488
6.2494589834106317738 -4.8251565811329104605 3.1793797691844796205 0.96991826064351849279 -0.0015835810243172161304 0.24342567642177698195 -0.091975019924906850632 0.92347221569251691786 0.37247773430597308497 -0.22538669743365333242 -0.38366203762560241453 0.8955469153009052441
1.9133890843494880674 7.307562397312533875 -2.9891613469376805412 0.99868587976899247938 -0.0047599373876246195772 -0.051027997669207500464 0.048178665869435831348 0.4266771368831531186 0.90311983535742701434 0.017473686076506286108 -0.90439148816057779445 0.42634575925845191735
3.7589793358380303445 0.18966804811177437329 7.0681946432644560119 0.96638104502882149482 -0.0021092574123637020111 -0.25710547804793459914 -0.20307783578094404375 -0.61955991267115662069 -0.75822483949393904012 -0.15769295616365830437 0.78494653680630255277 -0.59915929929542566246
-6.58829809039076153 4.7822058283782427068 -5.945048528591652115 0.96407528174885681604 0.0093911863927216704395 0.26546309863876643709 -0.12667709545020197637 -0.86215636293963271441 0.49055001715540114127 0.23347754626316991056 -0.50655524028576504048 -0.82999399029753950785
1.920957701676489382 -1.2002341366228488351 0.51974352749192842538 0.64145915684883159091 -0.0030880315358140682236 -0.76715097220547434631 0.70028593542866346411 -0.40597414012544019712 0.58718362220890873981 -0.31325669783022591641 -0.91387934740351273177 -0.25825332457461769309
1.8275011034108501473 6.175225568570162693 1.6181688640920079969 0.95184559901049081709 -0.012410922134937770606 0.30632650008760425875 -0.29644955663263655721 -0.29196563774610190256 0.9093259738662625713 0.078151238099635408907 -0.95634828142630012859 -0.28158541971523598502
-0.84993534858547814537 2.2116370108802070327 3.0197865664424266008 -0.81294463307367437199 0.0021473863758692882109 0.58233702637610307296 -0.00878165908313090042 0.99983428766329918158 -0.015946149270866825237 -0.58227476849042925089 -0.018077221705085404213 -0.8127910605038106695
-1.8907342082563685093 -7.4695252222260473118 -4.1578483580277740828 -0.94785920337406937008 0.0030687604700383314116 -0.31867461977432970377 -0.30674380681262675141 -0.27999560866103245793 0.90967614902931870358 -0.086435915921808756379 0.95999637595132059076 0.26633773784240694082
-4.243391961164028281 6.6248141821530142082 -1.6817826360616310311 -0.63141371044330341089 0.0062078388013007742424 -0.77542129774827028843 0.49181773404164330632 -0.76990681169656938199 -0.40664335453220773475 -0.59952651546558688445 -0.63812613489853575732 0.48307659145641512755
-5.5868724568950920428 7.1968897305617627325 2.0501417422424479398 -0.9847306688872367042 -0.0071593957850017240357 -0.17393749683402953687 0.11895749459722006203 0.70181769456143461294 -0.70235392650683781124 0.12710084276679464721 -0.71232062068464574445 -0.69024974401694727533
-5.8733187697471977984 -1.8743463117204905988 -4.7286342339499034537 0.8458423461501404228 0.0015344813306598381348 -0.53343075541837836617 0.10906154840791759675 0.97837503104077072624 0.17574947309923844019 0.52216501617592225859 -0.2068331308152427106 0.82738367876036478243
-3.0427751444868262887 -5.8593684592921153609 3.4119131234339303838 0.87696188347293879684 -0.0072525925482600783756 -0.48050520791850714897 -0.42174715420094566198 -0.49092480736866406232 -0.7623136962126001448 -0.23036317600441150177 0.87117175884627773286 -0.43358110398143923092
0.23541562357798226368 3.2809334888090027071 -4.9983562540409467445 0.98660970250971258277 -0.0045013973927595504407 -0.16303690482543484186 0.15739973752760086367 0.28822119574728943814 0.94453896952335403281 0.042738946405036316867 -0.95755327775722465233 0.28507034696136807073
-4.9647679156768500519 -5.4826154728988161224 0.82170901071110713509 -0.6838311965628786071 -0.0056016678568420394391 0.72961874696618833624 0.71969598248891408776 -0.16971005368853958606 0.67322818603085798905 0.12005243602977000439 0.98547811695348341843 0.1200845269343848859
-6.817034085313633085 -4.076573652472389675 -6.9961389384568173355 0.8748109675363886506 -0.00059646320582093341478 -0.48446404955337124543 -0.21132313996254370458 0.89937949094984015463 -0.38269970182269580361 0.43594529656184155542 0.4371683605780069537 0.78666099618275286964
-4.5190001908402370745 4.8781038871271871216 4.0777328061878641563 0.80672376662444489348 0.0015737697126254127089 -0.59092663471209627701 -0.036518408756595586995 -0.99795234463939530567 -0.052512128604596183812 -0.5897992626183746756 0.063942482572953013298 -0.80501440281354519346
0.36891540301593928053 6.7327761328815798336 -6.7862791976697316443 0.99677674439186714217 -0.0045264605841322975988 0.080097646620332682565 0.07783288161696604035 0.29657404589918601179 -0.95183290436830791936 -0.019446449000980990662 0.95499913426859872612 0.29597041941332480341
-5.958576785678521226 -0.76170860935748085918 -6.4047471648602911642 0.73477814027399546148 -0.0031329462531330806371 -0.67830027953938520913 0.07626175470450831384 -0.99326754859987653745 0.087199321487447425949 -0.67400684666027155245 -0.11580052480984878716 -0.72959235817610301744
-4.1274968126080677777 -7.4805648375273090522 6.8173727644558779204 -0.98373991642068303598 -0.0049308348920142743357 -0.17953123323781569609 -0.15925708842765218254 0.4860485243414330303 0.85929855799434218255 0.083023831676035234062 0.87391791310910105217 -0.47893060512041485399
-5.0767366377649079112 2.4665692418397484609 2.5346021268146659011 -0.87318298515549253036 -0.0027264838059591067765 -0.48738489997212031124 -0.35265430571823652706 0.69379233806093609793 0.62792287130370205706 0.33643188774727517121 0.72016995072955847235 -0.60676917107978267651
1.0522064671275950243 -5.0956363338646850636 -0.098026882303250115203 0.92900499526485846857 0.0041179881662322184721 0.37004426890074548773 -0.36869727330098311935 0.096258380292509951315 0.92455213205304587198 -0.031812567222071881645 -0.99534786200444935744 0.090942807136313891236
5.807383642069874341 1.6905921894538631367 -4.7634105918549298764 -0.99405979043391734518 -0.0071154249807406141221 -0.10860250351582993733 -0.038908522429242482776 0.95514919338512282998 0.29355773752042618741 0.10164280557394370086 0.29603950598362710478 -0.9497522576819679152
-3.3282343530360476436 -4.4794822738089683511 -6.2370220127541005084 -0.9960182162405349926 0.0039681591031442073336 -0.089061588972192878844 0.046867612983216830336 0.87312367160161086233 -0.4852406423024540616 0.07583626949015011276 -0.48748262307718798203 -0.86983306009125604952
-4.0268664844209522968 -6.4429940930782967357 7.1232820438634725235 -0.99983574798533658701 0.0004043939421992315199 0.018119423727332821528 -0.0072530700785472072833 0.90727486428369108484 -0.42047558028188442014 -0.016609335480604388996 -0.42053793777078835037 -0.9071229094617844213
1.5308891418327745804 -4.8007509911785133383 5.2018777447712620798 0.85556829759492536436 -0.0065425229110041204991 0.51764861010576557199 0.51764878053790741586 -0.0017990939450151352454 -0.85559131790157449959 0.0065290242799643620486 0.99997697906244842336 0.001847481262725041368
6.6125571881610758496 3.3433274285220044852 -5.937629077243373743 0.85098196277962978584 0.0087879920902055180809 -0.52512138617540815577 0.45700689603590921584 0.480298663162308348 0.74863735622820359872 0.25879411894301096453 -0.87706098155129175176 0.40470932611079440955
6.6447170152275676358 -3.2641898291498177009 -7.0121597716909498388 0.99955234197652331751 -0.0013896054835495349686 -0.029886194908344841659 0.023370519922192876938 -0.58741738612069860359 0.80894661955019042665 -0.018679787152562563057 -0.80928294401880207509 -0.58712194821198804284
-1.8574262977131228425 -7.1154104818778041164 -7.4733739425102614362 0.99796606409024235518 -0.0037839756166625918357 0.063635025360541219719 -0.054939242774624225119 0.45525536449206238654 0.88866429696732884835 -0.032332870696134830002 -0.89035287084943304237 0.45412151550308110792
2.277816562378411902 4.9430081172627673425 -7.1001535053569249101 0.80726541571276522191 -0.0026821827662193982282 0.59018247558677716658 0.56934739081193153076 0.26693443663576693625 -0.77755357057473151183 -0.15545448584624560473 0.96371095896718006468 0.21701403271852556798
3.5796848090587207736 -2.4140159683388886513 6.8948684331486349564 0.96874288027141375323 0.0014905961002661203413 0.24806251237648652141 0.20352652113803507139 0.56693234388475288732 -0.79822595338088475625 -0.14182449406481989485 0.82376300935438961925 0.54890829589531409116
7.3120348014234828327 1.7675340891815978228 1.5028339256171274751 -0.83235682697248303263 -0.0037948623737921243979 -0.55422712998545009544 -0.056350338846387307279 -0.99421528620675192478 0.091436338425756019666 -0.55136807298220957829 0.10733854709460456667 0.82732803917388697545
3.1088982387038699429 -0.44908111778518405854 -4.4884177773627911279 0.47349068534290283949 0.00051662143544259526984 -0.8807986739294246803 -0.7623120252301063271 -0.50070645008844716362 -0.41008953538146336593 -0.44123343831031142104 0.86561699610291042983 -0.23668601347519949152
1.5483372283026202165 5.4770005956513108103 2.7099778493101496224 -0.98058250641537236802 0.011648233107065334921 -0.19576073860144377337 0.1790450622571925221 -0.35406965541313406565 -0.91792022790480887195 -0.080005086048316922942 -0.93514651139861204587 0.34510895152883613868
4.7086645126365329617 5.3743516459689333331 -6.514889978916027502 -0.99843710675590047199 0.014921476079285142177 -0.053858085783837390814 -0.05285002156481025809 -0.56544310584179868773 0.82309232123532538594 -0.018171930917913591691 0.82465231680244177603 0.5653479789644325626
-7.3507710591772745801 -0.24512877958114553945 6.0445919792456503927 -0.99934185336754399742 -0.00016938112147743197844 0.03627439066195321804 0.035790041867745807369 -0.16753672055563956222 0.98521597640746016999 0.0059104154646347842328 0.98586582179094051082 0.16743251898454419857
6.5470286247062619012 -0.36938234250784390822 0.6599514544093153523 0.96964397900144405629 -0.0029771589143852156961 -0.24450294581268031124 -0.23991329503246339172 -0.20478674967096208159 -0.94894889115591374296 -0.047245791907369376339 0.97880208606446905684 -0.19928449880264420546
-4.6496275204611068332 3.9805108158477495728 1.366295658146505998 0.98331613876308088251 -0.002747972437115628417 0.18188408367825092959 0.13701031322544918178 0.66890757572038361811 -0.73060990221434762848 -0.11965594560176966155 0.74334050326301259748 0.65812411511106139184
0.43468957027165328055 3.7358620453690645213 -1.8412528165912249722 -0.54912270813147512349 0.00019199797759469579891 0.83574171521543727525 0.014373023766048105554 0.999854247917245198 0.0092140712863487822526 -0.83561813503673543213 0.01707179131266176042 -0.54904543194456489896
-4.0338929039739932492 7.097040070543741308 -6.270798382185303943 0.96566984353167228949 0.021585206384617257325 0.25887416278730940311 0.243889820325821155 -0.41844470336165684454 -0.87488386987648392168 0.089439973361710486954 0.90798574278126897852 -0.40934384332879730772
1.8446497077635428674 5.0424438572301832906 -4.2017605336932319915 0.9774130606128570431 -6.5783339387528311226e-05 0.21133789204962086239 0.0629990117692815349 0.95462649952850986423 -0.29106592193844971206 -0.20172960481676308064 0.29780571195057831124 0.93306855293180090971
-4.9215157408045095977 -6.2845679666533147412 4.8980461114340716477 0.92077871450947290644 -0.0052288772829613599027 -0.39005027592442548245 0.36164097644733222969 -0.36338304618414224434 0.85858521178750069058 -0.14622709413975329418 -0.93162515025533343405 -0.33270439785356759055
4.1818511355294312182 4.6121247796030120369 -4.4411072390953485467 0.97389257900803949397 0.0022482459878620905842 0.22699821572666545322 -0.15845723297235048133 0.72277497504235599379 0.67267201574860946423 -0.1625562975459468873 -0.69107979339762526383 0.70426143532462159857
5.3660951471268383273 1.5440566470064656102 -0.23288913501030239495 0.95319346501197188548 -0.018821833481727716364 0.3017746789290052245 0.16219366754415823206 0.87414119188185079867 -0.45778858752037682178 -0.25517725695468973512 0.48530703192893881459 0.83627845380191700997
-5.3636775211280784958 -2.2633800459426982599 -2.4211869243146786346 0.43938354361033160611 0.005177482291459297413 -0.89828464045732292487 -0.85702407050556528301 0.3020536973970318062 -0.41746054479772770618 0.26916880238710289008 0.95327685252812499606 0.13715465087131337163
-0.47432001096728904077 -4.9414730386148146835 -1.0750067007946670916 0.55375262398711733169 -0.010667760178036833629 -0.83261289343855626743 -0.82606201162452896902 -0.13286627568908501718 -0.54769344138440434477 -0.10478351195807869556 0.99107656196544757776 -0.082387280234400603329
3.553803832971883736 2.6622484828125001499 3.10851527898613611 0.92611617518049060838 -0.0017706354500374751719 -0.37723427060546871337 0.3149519158451503098 -0.54678430901978591905 0.77577845427367997377 -0.20763940082407747467 -0.83727163110896929421 -0.50582812789082076677
-1.2333173257904439524 4.6569430127315003531 0.030117058946667961405 0.86256863306830633409 0.0024080267721567419348 0.50593433828302469824 -0.26260959679506212794 0.85686343310872703505 0.44364541772934684705 -0.43244832398553345598 -0.51553783411903597589 0.73973589116251647901
5.2044456796484155348 -4.1007896835545558645 2.2886275114713887646 0.75050654307397046683 -0.0050785915005865369873 -0.66084350394893942582 0.66024977323500655402 0.048830920421859554115 0.74945698886197820165 0.02846341065889617522 -0.99879414751941930639 0.040001064167552502493
3.6200710973102117052 -2.7590014539554430506 4.345882616081268246 0.91239081443763447865 0.00039547487920601348283 -0.40931997914786294457 0.035097385379728097965 -0.99639219003514412076 0.077270804166698708881 -0.40781267178628405334 -0.084867232997657846005 -0.90911296189963131109
4.1420748777236466864 0.6865689427245691423 -4.6161602800747498776 0.95803658421458648409 0.0081956120134502770391 -0.28652876862561132976 0.27391561040280709705 0.2684083242534606728 0.92354058375861047825 0.084475686940354649535 -0.96327036880359850901 0.25490008807521702394
4.2595290962701994886 2.7059062454423044031 -4.9470318237075554535 -0.96224687938958264333 -0.00048543430650373230791 -0.27217771300845150506 0.25545521600294790465 0.34350786110755487934 -0.90373944363083458242 0.093933890166769021257 -0.9391496758828569158 -0.33041536067088833617
-0.94090277360539920082 3.7288400706614366342 -3.4631565335240463988 0.77331371385273217633 0.0024931227470597386829 -0.63401867819987656194 -0.42257439775529581638 0.74752924602674586385 -0.51247527227803735261 0.47266984072304651932 0.66422421716890345245 0.5791281473018307091
-3.4759230942091088323 -5.055530674004026892 -7.1635648077417748425 0.99914218942909205357 -0.013692275749528300816 -0.039082053268565140891 -0.035084662342977586402 -0.78124124050179677425 -0.62324248138879978498 -0.02199890386287315508 0.624079038042637535 -0.78105147237861838327
