1125 14.717824617146108679 14.977075390850430381 15.033177056927090831
5.6200567064545268181 6.2528404749655859263 2.2219714251028479524 0.99746857999441762566 0.0080705205546836890351 0.070649123291543755587 -0.061704137274136913738 -0.39556190232354127012 0.9163642184598407292 0.035341637867354273872 -0.91840385894670162337 -0.39406258450229775248
-0.060079128023738111175 1.5187958262793264108 -3.0934902263296311098 -0.98418357426519986753 0.014509335317861984938 0.17655642535794066617 0.025907832034573880647 -0.97413588193289391004 0.22447286644508754327 0.17524690121600824955 0.2254967022362641127 0.95835262867843207246
-0.7336022132524537831 6.4061239124429185665 -7.2764439905241191653 0.92896586645377376978 -0.0027480206313126366059 -0.37015519359627602203 0.27629236907077231455 0.67062397295190645519 0.68842284512895035586 0.24634314635687903916 -0.74179238017441873065 0.62374603722843557918
3.646905461140400373 2.3149788162529265634 4.4430727338896467415 -0.98728128718857433022 -0.0079704682569848740031 -0.15878328502406643952 -0.13261131147812713071 -0.50960112910468224889 0.85012994846862210974 -0.0876920750998050752 0.86037384946946859898 0.50206268444665491657
-3.1622119891833504468 -1.3174247868788711013 -0.47030436637513145515 -0.99106818059930423814 -0.0015503617824686607117 0.13334713263499795022 -0.087082565481069809654 -0.74977636333719832606 -0.65593599670253155409 0.10099746626956954132 -0.66168950525097347537 0.74294448678745428349
-6.4714663986505902571 -6.6539984751742800029 -1.5366547352737496279 0.93107152718843266825 -0.0063914909245859716919 0.36478070138481882845 0.34188342548949696154 0.36432953435525600172 -0.86624460389200841348 -0.12736378855304125723 0.93124816200637183794 0.34140200076328802714
-6.921377498781669857 0.15571012348870824638 -1.0030096568719695238 0.94790928476666569402 -0.0042077704744069629322 0.31851260967309413807 0.080158871281230531514 -0.96458440355628471963 -0.25129958967522808555 0.30828970662036220274 0.26374082559149297778 -0.91400122194031208078
-2.8110238384569727899 -4.9736334502905217292 6.2219505397723180451 -0.10033606785199061795 0.00026841978866687897509 0.99495356747888485938 0.85543756111515356633 0.51069404554736896884 0.086128803984841476038 -0.50809374383210970105 0.85976247870746913549 -0.051470648775024316346
-0.40743478410476619 2.450251198979874534 0.92025392273537653942 0.9312173069648728152 0.0069789858833785968842 0.36439761383026236796 -0.35949414652847538898 0.18214407919000100144 0.91519806218537824716 -0.05998571347364936579 -0.98324708398856619507 0.17212462347668811002
-3.7663545447402424493 6.4044175790428923278 -1.4353762930904521156 -0.96478640827293915549 0.013393640807830040768 -0.2626933512628052414 -0.243686487746847813 -0.42146023744074240236 0.87349193696684412913 -0.099015564945109588169 0.90674796864532092311 0.40988295799691532029
-1.9808503601942792915 3.3412302288381376947 -5.6484376487277057066 -0.73089690960944087017 0.00029835575909922069579 0.68248781564745941708 -0.68108967710532031248 0.06365906417418790153 -0.72942742976195285021 -0.043664164528936365295 -0.99797166018496341611 -0.046325006245932540128
6.0096358710764681277 4.0839826506695136032 0.99270886023511295537 0.70554107864085691126 -0.0080178407951695448291 0.7086236663979416095 -0.20732265675601085908 0.95385307748189007704 0.21721331122621440057 -0.67766444671817571699 -0.30016665505551104465 0.67132024909633258858
2.5887993123451669142 5.1114177334537522768 1.0795616365978730755 -0.95394270584224571952 0.0034937650039971509391 -0.29996851097491938898 0.216562047653681089 -0.68392988593770331907 -0.69666404431224493443 -0.20759140995350933157 -0.72953937846252570054 0.65167330909447562792
-5.9996588175473775095 5.9576540565224220813 -6.7002910888821229918 0.93347585296540169786 -0.0053424573015688732805 -0.35860046023485447897 -0.35101778454102638971 -0.21866246602680705635 -0.91047967626254977525 -0.073548262158916258291 0.9757859314938076567 -0.20599142951180088312
-0.98564854235500265478 -2.3019924118864385498 -1.9745704436292890183 0.96121642695419018398 -0.004396733379869164661 -0.27576012998435917023 0.14895060507264609728 -0.83323272385655755556 0.53248187306519811912 -0.2321135450634455033 -0.55290496166168612291 -0.80026208554943933926
-3.8441385046300884376 5.0722371243847694799 6.1579203387309249251 0.99992340552936376241 0.010779132237233037331 0.0060822185767162350103 -0.0053575709375989688174 0.81996715024992727905 -0.57238550728033021908 -0.011157038507212665296 0.57230907979785894391 0.8199620952656763162
0.47447197892660425422 -2.1769238109788942026 -7.0270372984844389208 -0.62424043723751021506 -0.0011470012895604217874 0.78123143875907674616 -0.27810117127741634802 -0.93416723536770340797 -0.22358737643166656794 0.7300572683370147864 -0.35683365978216419201 0.58282598105681870937
-4.8632413309290942749 -4.7805033594787564866 5.1103080639932594309 -0.60364334258590846005 -0.004434849211410025159 0.79724215083258831438 0.64720311843250621919 -0.58666649615049315525 0.48677566268860544829 0.46555648254857723289 0.80981649427954782716 0.35700757295882495912
1.7080678654074576972 -6.179306600169727659 5.4552893071943868719 -0.92280992431262143239 0.008187213310639464281 -0.38516855158250795643 -0.0029627418639808613191 0.99959378459005643336 0.028345863359947626181 0.38524416381125142772 0.027298999014241050187 -0.9224108081013592253
-3.8994103853773767199 4.5166541936251665135 -4.6629359657796509708 0.96608527018743595161 0.011340876971605120746 -0.25797409799484621873 -0.24473531375380716546 0.35887081066776638227 -0.90073101836916924512 0.082364294014840397362 0.93331834106073985335 0.34947531717042679134
-4.9916022364742413941 -5.1734733491474935718 -3.4674266218352949309 0.99577417521351907492 -0.019122405392442035771 0.089822745392554317889 0.089545739532392740201 0.41923008740372830205 -0.90345320539972395757 -0.020380198955020242119 0.90767861461391685651 0.41917082444163800137
-5.1253621518313279282 -7.1928976468497252128 5.4650766918001645323 -0.94658477703102428258 -0.0048795017352116663509 0.32241812969438160552 0.013335772449627560088 -0.99962243052309196489 0.024024020652067119147 0.32217916919938910381 0.027040467043518579687 0.94629244743682028318
4.6124584700466346732 -2.3483328184460989796 -0.64096262810280746347 0.96671235726547444234 0.00034709235201801566517 -0.25586539007298098047 0.2197116700166285852 -0.51360514293843295697 0.82941939886027093998 -0.13112589511149372323 -0.85802659438627892907 -0.49658469867396265451
1.6003598477475633466 5.8335358072539325036 -5.1042003636163499891 -0.84992082315304140483 0.0089052182511509675455 -0.52683516535902463751 -0.5161657971650521759 -0.21495984270685417061 0.82907486746396830135 -0.10586531163672202593 0.97658228691257409348 0.18729541553581555147
-2.6930019185773308443 -2.1341473638782844091 -2.6889802944763681047 -0.96491302167088999209 0.012708298523778223735 0.26226200593778598025 -0.083608679446817352199 -0.96170812929602178531 -0.26101161423791013894 0.2489024896039467305 -0.27378088537098438371 0.92902722106219670639
0.29508904831792881485 5.5803657492044127508 3.1663233788098947841 -0.99320546492426287077 0.006677530686513916125 -0.1161822491966566645 0.084975721938804232858 -0.64049906373844001095 -0.76324313035307878028 -0.079511201257696575984 -0.76792991863457438217 0.63557974239302150732
-2.2124481430923701453 7.1578476089368328061 -6.5185494809807407179 0.80279866619246853521 -0.0047618385775571783064 0.59623118540806752108 -0.48645775723945999802 -0.58345932470645789358 0.65033381184952554488 0.34477986017354206316 -0.81212840198238545053 -0.470716800966634763
-4.2720070270576186999 -6.024474892637300627 -3.1739715631192493284 -0.9614872615239387077 -0.0011162931771199480213 0.27484722995988447591 0.17442125740523831134 0.77035093615146432722 0.61329981260041943614 -0.21241344329460154494 0.63761915675435232309 -0.74048790675320674826
-6.4351920464323058013 3.3687215921624229509 6.5929412366723845196 0.99803488647957228075 0.00037357102524154708455 0.062659602732116334578 -0.0014493309702850322006 -0.99957707849867716288 0.029044166018848467659 0.06264395269772807251 -0.029077905438290078954 -0.99761225463890723653
1.7686850274721164222 7.3131998130735489383 -2.598569552448310116 -0.96525735649324884147 0.0068718403118801438256 0.26121066889835153901 -0.13708373809432000678 -0.86435951115303388814 -0.48382918910421401915 0.22245512915116588681 -0.50282741899180249945 0.8352713943530241103
6.7107608876802542497 6.0640792850552465154 1.4055456884662256289 0.98065359856164446839 -0.0071074604454519785951 0.19562209393121590684 -0.11127342966665662582 -0.84242010069231432201 0.52720640910346738828 0.16104888536792166809 -0.53877440358232830953 -0.82691317474453962522
2.1848657797002211112 6.5558598978647655287 -1.463300410113335337 0.97439313252200787652 -0.0072911585699027021273 -0.22473286875945527874 -0.21624282101682618107 0.24351876202030814378 -0.94548276287982402355 0.061620334734882487027 0.96986878058367798072 0.23570634865519976553
4.6956782578472315848 -6.4021776743201268545 -5.9444199249229541238 0.98535330982574087511 -0.0087024774385071942268 0.17030302904512256701 0.16230153860528867549 0.35426005247904707174 -0.92095495317843045768 -0.052316970305033544397 0.93510645495798871973 0.35048374072718835315
6.6511678498381403557 -1.9293584269194867797 -1.7196719431748859197 0.80444021845995983266 -0.0010948757032560015381 0.59403260531000523503 0.58580268242373989551 -0.1644291677670259022 -0.79359830270268272301 0.098545178417393616832 0.98638828563333857957 -0.13163205451578385841
4.745889146439565387 2.7919700086204084499 -4.1660883775294212938 0.98980625105977804168 0.0072034647120235283796 -0.14223816456614946091 0.12796790330610902098 0.39338383249725050739 0.91042483273097185581 0.062512407459976174207 -0.91934611024682921787 0.38845196419589039794
3.4710384366231687991 -7.3964559678201506898 -3.9526989226918765041 -0.94753857357630155711 -0.0025208556532588469873 0.31963150168837523024 -0.11409503981189231259 -0.93142822078450904222 -0.34557747527358900763 0.29858495185649530645 -0.36391635689112428187 0.8822765505848031431
2.4746908006710057748 -3.9708431834627360146 4.3082552757508230101 0.81685552320186260999 0.011757502171857045492 0.57672247689621125577 -0.54075604687980938223 -0.33246192576517924477 0.77269137802829834794 0.20082318585637193298 -0.9430433866260155007 -0.26521541992001701482
-6.6195826248283848869 -6.8058201172423542502 -6.3068578661147407516 -0.88324094142190168188 0.0089327178181830384218 -0.4688343480894693327 -0.4569315304376819209 -0.24102389852523448122 0.85622488683267394816 -0.10535186703606103098 0.97047807130924190755 0.21696381546219420389
-3.8386936127378419314 6.5412766969173992138 -2.807782871292780591 -0.9656801609401254316 0.00074069417582506118236 0.25973309018830659234 0.25948690020544235013 -0.040871204747915869382 0.96488138817389856872 0.011330286333432972382 0.99916414867351199813 0.039276311143018910466
1.605636147574895034 0.7731228577316031636 -3.0200478457380026676 -0.96965838503550183525 -0.0068516546137458618493 0.24436790124636267874 -0.10296830018775329774 0.91805822548768911684 -0.38284020657551004474 -0.22172087291672792908 -0.39638636384646469546 -0.89090835952396474351
7.2765970947621685383 -1.8598058110679001054 -5.636104912560168323 0.84670263042736515491 0.0043559582945480066971 -0.5320485703907182895 0.48109709487113777593 -0.43335223899215025156 0.76207048379193498278 -0.22724489198646977139 -0.90121410474297636295 -0.36901611953713858716
4.2390150574459060095 7.2951283768612329439 -1.1465658111936216645 0.94200475908173908479 0.0030801579635769157743 0.33558537884455391653 0.18216748986571212887 0.83512572878729007808 -0.51901832602860131782 -0.28185464250813568876 0.55005047926935735081 0.78613130630466454551
2.4063296311527277993 -4.1348579312330846491 -4.446304638440377488 -0.87770863301703450077 0.00025680464567917962726 -0.4791946259911241679 0.47451830223744656534 0.13983031568539100453 -0.86906838836590194486 0.066782755027571069628 -0.99017544751766817246 -0.12285213373901562872
-0.92955076171038175659 5.1843866343387086104 -2.6471504693106120421 -0.94268841418823556833 -0.011554140531131597974 0.33347422028088552493 0.32516166582141403651 0.19249476333892015512 0.92585941544459249286 -0.074889550910703789333 0.98122997708164172437 -0.17770561960924607936
-0.12604266968246879976 -5.1323953695923734131 -0.87775385735760591555 0.95945329522257272181 0.0084659885078360343214 -0.28174048577569688057 -0.28175121312245049454 0.057533500894371307488 -0.95776100890503335084 0.0081011227957018591 0.9983076796826790833 0.057586009551227383685
-4.8736941356875602693 -0.19157946158322636254 -1.4326139780490625419 -0.23185349283106820861 0.0093463290040175957263 -0.97270581575124792639 -0.972700396531525735 -0.012398524578189046297 0.23173306880052241263 -0.0098942634618536234176 0.99987945409558220966 0.011965819157658381944
6.7401451913222265588 -1.6548233513712633513 2.1046550791983107409 -0.99746019852044820464 0.011778810371754485503 -0.070245369909632343619 0.071055611771747573258 0.096367974598926930963 -0.99280628196412579189 -0.0049246729079740411694 -0.99527607883334123784 -0.096960169651375133215
-5.2827613411871858773 2.3158190127649578294 1.8052469233607382204 -0.94494318502191509968 0.008011381426601854247 0.32713635513079519779 0.29817913668650103398 0.43289981228157908832 0.85069792227992091505 -0.13480200119237190082 0.90140644012241510907 -0.41145455421022236742
-1.6278950295759668787 -2.0220046507562394744 1.0961728641885322144 0.9988446274645336187 -0.0054306740283645614856 0.047748486518409710699 -0.03054347679170756058 -0.8388335672613441707 0.54353044299389874361 0.037101296617159620905 -0.54436086763770941133 -0.83803027366201454651
4.9624614970386007329 1.5800071195977072325 3.8571696244846078727 0.93738137670673615798 -0.012640265264731057743 0.34807524803905648403 -0.25591501598499721837 0.65290211366167871798 0.7128999470960326601 -0.23627030959648209762 -0.75733681652892403946 0.60878344847157550568
-4.4872510184616523077 -2.5925529413006223045 -4.5143118864459568229 -0.82183102886873882209 -0.0042776867940255286493 0.56971524587641575454 -0.38415085925668046585 0.74262766371067912008 -0.54857293993053002357 -0.42073967880485391158 -0.66969086486779161316 -0.61195773399137498583
-0.88402611683602905224 -4.8440882922253551968 6.9898227014991674011 -0.99983762147908372686 0.015735099937429906924 0.0087827845927055739339 0.013439595156441743601 0.97579924822418251384 -0.21825490704046077162 -0.012004497377006333528 -0.21810143006213683625 -0.9758522727583446299
-1.1850877075712606956 -2.4758442056714846657 -3.767724155983005474 -0.9975441962330975354 -0.012594800851116166873 0.068898095425368510725 -0.0098051194792492905872 0.99912414159958662374 0.040679347401498117121 -0.0693500987290015386 0.039903892849410871335 -0.99679398229613813687
-1.9571441337670258953 -2.1906126784924975226 5.5724471366948780116 -0.66960327035313038646 0.0052128413437137503458 0.74270067094179459399 -0.3466363204485224947 0.88219384432117065042 -0.3187119112740544602 -0.6568673547059726836 -0.47085756585942578623 -0.58891292310033804824
-3.4559014572920694341 -0.93462847753684119567 -1.8021734102463988769 -0.99475594937414235641 0.00023267620296515533623 -0.10227681578225365777 -0.030165608715800956707 -0.95618074053973667326 0.29121886524018170128 -0.09772736175488991317 0.29277694117324276624 0.95117349914809634637
-1.7524621323206415191 -3.8928809519816693907 3.2580696130901909413 -0.95583611701198611943 0.0035797439228621233398 0.29387838105037911163 0.28643085272319923629 0.23534562557747390477 0.92874636103176744228 -0.065838317290235370827 0.9719051506988826139 -0.22597719801206905821
-3.9162928509790977394 6.5807169957159699081 3.9367750206845282257 0.76937737020085961159 0.0053199476511841320078 0.63877238542359626727 -0.10187652885433146066 0.98818840246227324098 0.11447643472576379819 -0.63061845444878572575 -0.1531514916542665028 0.76083177214985364678
-3.1379287191003188973 -4.2399892688904978755 -2.0815413412303422902 -0.47676423736645984208 -0.010463375636418177292 -0.87896892990521446887 0.86158085930457906088 0.19268976906045690023 -0.46962652797674753202 0.17428219888576801377 -0.98120393938755012808 -0.082852546622357914341
-1.6955560071377093756 2.0470669672802608297 5.4435532070075112188 0.81726417867287548535 -1.564883244121670347e-05 -0.57626318814692711889 -0.43612531982788593776 -0.65364454215545386706 -0.61850102499141379475 -0.37666160895842942802 0.7568016994336580483 -0.53420709474077809897
6.300104104351151868 -0.78041260552324587252 -1.8748979002070715882 0.89869863096652280454 0.00011269223569361128644 -0.43856670872197339728 0.43316498358277183423 0.15623884577499835835 0.88766971338922306956 0.068621189850659930487 -0.98771929735692320929 0.14036282247137632506
0.88610485535486027686 -1.0874386105053426288 -7.4554089819607831657 0.80671044112014400618 0.011569526590367690613 0.5908336569984056208 -0.54641627538171644307 -0.36615293125186637591 0.75323388461587548193 0.22505003484903943201 -0.93048276555244280317 -0.28905761506020372087
3.738818719791331624 2.1137963118315079569 2.2406320639939130146 -0.9676588538785479976 0.0026975645046414865359 -0.25224802408761953787 0.11405169476820231633 0.89658686659176178857 -0.42793013632558757342 0.22500789637449045144 -0.44285969990603329949 -0.8678978815322992979
0.60011131934513484154 -1.1352493681778799139 2.9201123208633203987 0.93113428753900007173 -0.0057475479622200809429 -0.36463118937053667912 -0.24743764638200627104 0.72453999704724703079 -0.64328563160688134737 0.26788719589091358753 0.68920879156558767509 0.67322187420379664413
-1.3087431557185209563 4.7064381376577788529 -3.730885449930324782 0.53991277339136767299 0.014826340309604769258 -0.8415903853787245481 -0.5635923560661633136 -0.73626463795605456841 -0.37453709973675974876 -0.62518625489742096768 0.67653127239495103318 -0.38916267056189113305
1.9559638101164602553 5.6959442599590559553 -6.2390129127511517737 -0.9965243884880439218 -0.00020236802365090054458 -0.083301273674160458693 0.079551521632902050252 -0.2989720881066836311 -0.95094019051621581085 -0.024712315845270175357 -0.95426183491756999544 0.29794907595975383963
-4.7704748196560018414 0.26972654081487196231 -3.3702131528074144029 0.98882084864529129486 -0.0064602947497748083178 -0.14896843248237356949 -0.12087682030031816904 0.55023182156654193431 -0.82621651935184059479 0.087304774202835166985 0.83498695027374869593 0.54329979686550278206
-4.6706703478446023325 -1.9057458894925354276 6.2658071670864528002 0.82820679392405083252 -0.0039152550574813576451 0.56040893754112597325 0.5344018502432589246 0.3066834664438909952 -0.78762929977651052749 -0.16878438599190251357 0.95180351028336307451 0.25608965003990746823
-5.1801592202378605734 4.6323303764248988657 -1.7441758203105515168 0.99218875414500617982 -0.013780418749210800178 0.12398216084335038356 -0.060407303590770629331 0.8165025770222380519 0.57417288284019729616 -0.10914409659333527969 -0.57717730531891475731 0.80929223671280026142
-1.360076949655474543 -6.3814012845398835339 -3.8352196431251956987 0.99832416325762163289 0.00065724782249464977144 -0.057865646814633714401 0.047042594537323470516 -0.59156893026816748105 0.80488085766814809752 -0.033702512594297802384 -0.80625415891431562176 -0.59060847596183851937
-1.1041362134693664121 -7.2251561222434874665 -4.7700049857327684322 0.7718829742571531316 -0.0014165182300827725698 0.63576305926654763656 -0.032327081181999436921 -0.99879139469546485142 0.0370230969070324753 0.63494222876895323182 -0.049129862186258158041 -0.77099586429978295143
-1.8111906531617840699 -3.6773747938116807532 -5.6769783044169557229 0.9995513188624223222 -0.0008724983211935968732 -0.029939934986035077885 -0.022379844647009920766 0.64259132276138730688 -0.76588219359468645564 0.019907373354215253392 0.76620860779450916667 0.64228347777881056313
5.7373369923001193982 7.4685017643480406946 7.4456008235414197216 0.8637973079873502158 -0.001894554125390563934 0.50383590719443827055 0.11170362964858800148 0.97582705079740661436 -0.18784000121224422863 -0.49130083435415305981 0.21853598696037418447 0.84312840811246836381
0.21492647510117371401 -3.0968318740144549217 7.021043119721824155 0.8185255319607870339 0.0007746309215869696084 -0.57446962798313561116 0.017988984010878034114 -0.99954324836085350903 0.02428355637926216809 -0.57418842724532315192 -0.030210835855764089919 -0.81816560390573733752
-1.8755396971520366112 -4.9792212080789592932 3.1387624826390587707 0.9860557447097704209 -0.0023730698870866439448 -0.16639842806997298674 0.16402622311431272473 0.1826813124703848823 0.96939307621055537112 0.028097445714899648567 -0.9831693173677321651 0.1805232033033466188
1.4599395726830994846 -6.5890144285161129645 -3.6776292785398942975 -0.99519405976889108167 -0.014200696320740772982 -0.096887169557060073832 0.059136643331122035194 -0.87578251098836368271 -0.47906977661148109071 -0.078048964223151370834 -0.48249697788805495646 0.87241333409843546676
4.1991740750134933791 1.1182450578189824242 -5.3204237622342631653 -0.98573358320308679392 0.0033579921417221996957 0.16827960908667588535 -0.14811501317045078219 0.45757867875173158234 -0.87674608389488684068 -0.079945267646700263198 -0.88916279535326114836 -0.45055330155303285888
4.827085014211898617 -2.8466561819417139922 -7.1109225086085618983 0.81572429902640786192 -0.012282097093662944221 0.57831048587146438589 -0.35693040423310790077 0.77605422767628484682 0.51994280670082071438 -0.45518628550503670294 -0.63054657702413141607 0.62866243699718227234
3.6830281675868774549 -5.493612870574606788 -5.461279606108510265 0.99920626997395622926 -0.013156307374802812815 0.037599755598590710315 -0.011241210054527625214 0.81239834613003913955 0.58299447887745026176 -0.03821603382506667812 -0.5829544054051954971 0.81160562835495997369
5.4531284732652940406 -0.95954291006512848483 -6.9491491822263116163 0.95281771960815342393 0.0045390159523334833169 0.30350912759752113335 -0.30350277353700400029 0.030537341281770151447 0.95234108240841608417 -0.0049456704464004297428 -0.999523320449078434 0.030474123813644185543
-1.194154095608083832 3.298646811442461857 -3.0190151222792276364 0.99414198743185333562 0.0033378660492546187097 -0.10803040069920455402 0.083524446792211659574 0.61063541285772693357 0.78749479957146750753 0.068595740487589471068 -0.79190482459340993948 0.60677950951944059632
-2.9343722129363327689 -1.7646361414620543862 3.5983600979053407265 -0.56216768762865476639 0.006749306014381849933 -0.82699573025167327778 -0.80052086976580072442 0.2466765913215007433 0.54618403158954953458 0.20768685094532393642 0.96907435533208585721 -0.13327064861441964561
2.582964271478473961 -0.63926835982796992308 -2.3495486017447846372 0.55988863548440859219 -0.00023587873235319904708 -0.82856783682244417033 0.71785967253725369019 -0.4992366486611281573 0.48522186593173849412 -0.41376588356226989829 -0.86646564443993845384 -0.27934759817317666997
-6.7583485989732272614 6.8345897140697413619 -7.2470653577637023091 -0.99886946870329507142 -0.011085370659195995305 -0.046226605433980730298 0.041369927629654773549 -0.68171508524924273598 -0.7304471723756503776 -0.023416096611481838213 -0.73153377030797273051 0.68140298599177473449
1.3110292411337660656 1.8367837237711119869 2.5341271714685200678 -0.99507121748838356368 0.0055527845571803728653 -0.099007265944495076448 0.089411875394802872719 -0.38151111092265804769 -0.92002977602951230285 -0.04288109915236167774 -0.92434757468511696832 0.37913424075025714544
4.8290455610115472496 2.5263505128156604762 -0.67317666616851268291 -0.80661910478262965896 -0.0089807534767379557095 0.59100335520752678153 0.0034740410602679765682 0.99979525962425108698 0.019934138342951036177 -0.59106137654079704546 0.018132426747526242394 -0.80642275777778027468
1.4375365899336209896 0.29809718417656694278 -1.8793207227527941594 0.94128718057693272492 0.00027942628089715638301 0.33760682102470029875 -0.028268567310526439285 0.99655318650720803308 0.077991246717511383824 -0.33642136047480397654 -0.082955821877043242618 0.93805063820306344713
-7.195252629883633233 -1.041023455610590176 -6.5461641381628119518 0.68262786980822853788 0.0048506139689702722217 -0.73075006870020753347 0.36231432328379403751 0.86617072927728944176 0.34420429818165892977 0.63462392210235163414 -0.49972466347724014968 0.5895148328990442721
-2.664242067832587324 -6.6400568499248944221 -7.105026433635459604 0.987215798955013768 -0.011771119211352636807 -0.15895410358366118819 0.01465661679802876538 -0.986339842672306788 0.16406979716344430309 -0.15871405066220731217 -0.16430202527579915173 -0.9735577510413870872
-4.6965221142632138651 -6.0889854133877445719 6.6778689827786426036 -0.43802866925297623268 -0.01083917799942596405 -0.89889565419617867281 -0.7151559239251618072 0.61006378704727370899 0.34113660051093547265 0.54468604662418207418 0.79227816324434974238 -0.27497713115656186034
0.052292623525341544455 -4.4331917812124004286 -2.0323508198642010747 0.78054161096170227019 0.0013388865514604372797 -0.62510239236480102942 -0.15844051061913702605 0.96776668098637064208 -0.19576581868958853327 0.6046911593136655716 0.25184490972673245768 0.7555942980811336529
1.3887008346626028565 -4.1016823276532718978 7.1687333290525021567 0.85469492854449335972 -0.0022411316466309314649 0.51912576168913926455 0.19648663144637304456 0.92699260871085409352 -0.31949602041092822757 -0.48050971143482229531 0.37507290054661301948 0.79273623387122826855
-3.9169448057577622713 2.461441146127145263 -4.4150556400912766009 0.72613570209829114699 0.00080663038920013654942 -0.68755093737523376163 -0.4596612992038922596 0.74423778220461522803 -0.48458395924073655037 0.51131050463724070365 0.66791427061161567913 0.54078840128190563963
-0.18544506003788915893 -3.738858909491039384 1.7647266695006229575 0.84800145813505578563 -0.0003861986017056114745 0.52999375265308723559 -0.50733326525123656481 0.28869146262630124289 0.81195455376289460414 -0.15331824734953122813 -0.95742210662662396992 0.24461484986061182711
-6.6436255486882833665 6.9160572985410890823 0.30262636168024231731 -0.95260874041074128371 0.0042243913896067072228 -0.30416893695819680055 -0.23470228661950748306 0.62590823727246369668 0.74374304377923861065 0.19352370487480941019 0.77988526914652978039 -0.59525418320210343737
1.9964042722862693768 4.0702552141986148015 0.58333812133220852569 -0.99707966751073562328 -0.00053393358975616827047 -0.076366560428373003733 0.069064612866876443076 -0.43306267846305457336 -0.89871396771827360972 -0.032591653629206546183 -0.90136365105176041723 0.43183486736993481614
-0.92428096670395676338 -4.628635723619485276 -4.5487962948771007987 -0.45018965341916600265 -0.0031524496896077943559 -0.89292739795314257645 -0.15229251208838484599 0.985613412526652799 0.073302058699344904702 0.87985013878282392064 0.16898598494756614241 -0.44419305507303669112
6.1622116671792461773 5.8401908580850685482 0.0012837199895910124392 -0.99013380068735068473 -0.0025207094026910171342 -0.14010247235695999501 0.047641736290522151975 0.9342195516902803698 -0.35350260848077419418 0.13177754626510468361 -0.35668960632966661972 -0.92488226441896348451
2.9574181568184894076 -2.0317474651549072284 2.754908016769145096 -0.94018785985960551255 0.0083137404769371078816 -0.34055494401336455779 -0.30739050421110036826 -0.45158528398744918197 0.83760480490915745211 -0.14682597213538847725 0.89218922488749130562 0.42713056657325415566
1.4985836229903037875 -1.5598094807385707306 -3.1182196719754360359 0.97210701651952913238 0.006326304096880990685 -0.23445239668211353967 -0.17256891290743434086 0.69626387240161291547 -0.69673279690721723334 0.15883299006022433275 0.71775803573678120806 0.67793471913138891871
-0.14899779554008618643 -3.6121574091697770115 5.7849816501261113189 -0.98311572130822078019 0.0061384302209381690768 -0.18288192417791343525 -0.139616188006425751 -0.67120633448868716187 0.72800369270266562793 -0.1182827061034911198 0.74124515257547718416 0.66073052390528441702
4.0202005536090545945 2.1079391902273916237 -7.3072575781137452111 0.98351909529055248083 0.0078371115586273187859 -0.18063435133220367979 -0.046608151212020221266 0.97628454255891938818 -0.21141469249120858898 0.17469364453066996146 0.21634942025105124985 0.96055976332435866194
4.4619936591565574346 -3.5769633044788045062 -1.9687044815920093921 -0.9284067390844384926 -0.0061088440276931034456 -0.37151528750130152767 -0.085649737617163962389 0.97645678643198074997 0.19798047044361383184 0.36155919192939123263 0.21562658986219851442 -0.90707228183628252349
5.6529147851911956124 4.1894146898804125456 -3.0335815516056512386 -0.74743454013450472129 0.0029934880512909062961 0.66432871926719716527 -0.36068255916190744559 0.83794586250057145893 -0.40957883616547247074 -0.55789757100237069576 -0.54574515164819836777 -0.62522998146456487678
6.6115834838501728044 4.2520505457599915289 -7.2866022242677122023 0.8448093235158412595 0.0075560203333632572353 0.53501412454010155439 0.036835736415298699076 0.99670671249907094591 -0.072241662370057732612 -0.53379802868072678823 0.080738069186478467198 0.84174879195668128595
-5.6410063233775948888 -4.6872907839149879905 4.4815021738872360402 0.45856322549001726774 -0.011038946125721416786 -0.88859321958732828683 -0.83496511440637055657 0.33696242625591121822 -0.43507422472034762428 0.30422528815408511615 0.94145337906890991242 0.14530144213814250032
-6.6061227071900292529 -3.2463659972812126675 0.83246450122503179436 0.91583042262811475975 0.013987216798199605602 -0.40132156029170956701 0.3187342640507581093 -0.63322144575411620782 0.70529360521499473435 -0.2442603240577130852 -0.77384427270821831701 -0.58438166953456205377
-3.3251493625214991745 5.9236483392845231677 5.3237952670315165093 -0.93524465135961687423 -0.0066274998193098103375 0.35393999258251629403 0.18252259502147336057 -0.86570845357869752323 0.46608408652199878608 0.30331987143912825244 0.50050469493154403633 0.81085886931186401672
-3.9315313129761966238 -3.2197771988414602973 1.051227628684329396 0.99402194120963782709 -0.00065685384352006694064 0.10917851865951820611 -0.063150001478892867079 0.81227953129937291443 0.57983966779207141151 -0.089064345879104889203 -0.58326797578391764709 0.80738219618584827764
-3.2565073197959657492 -5.804050446598452595 6.9562198645303396916 0.71831582841965824215 -0.0024799210503958449975 0.6957127428998947094 0.16939382176217174236 -0.96927611031613636339 -0.17835233421292664979 0.67478004104341549052 0.24596274506910720259 -0.69582628884475705711
3.2878719332314778612 0.021372879976054293821 -5.0580152550005337275 0.010544099634118928727 -0.0059465020985784494342 0.99992672785349390185 0.64536188546470762972 0.76387362675932557465 -0.002262549677704279831 -0.76380420184261155203 0.64533845496320829671 0.011892005434662211369
2.4182488095249703441 -3.0337564661526723597 3.1692026946500559959 -0.84899560335452561866 0.002722478255440518094 -0.52839289699689229174 0.10021935369564917429 0.98266534111041492494 -0.15596444634944264807 0.51880877655404644688 -0.18536832386473567347 -0.83455139918294185541
-4.4439593626356446165 -2.547562788602244499 4.6918725474633289352 0.86538362639966992518 0.0055065851252506315197 -0.50107969094718574077 0.4273826480622984203 -0.53019890552117288074 0.73227944988191995268 -0.26163954459287680487 -0.84785541108397732835 -0.46117887050565142815
-3.868015160594691082 -3.1430120830265653176 -6.8961236872202578141 -0.96381119380758795145 0.0036114489698652447146 -0.2665613252658152188 0.16847841137794150601 -0.76665721053463997681 -0.61955770226406570167 -0.20659866309034621845 -0.64204647726745522895 0.73830435014137429928
-1.8048313295797455691 5.070861757460379593 -0.3253559993337263867 0.96864426322850571971 -0.0043503990386878363741 -0.24841369797712486989 0.24835248818169486373 -0.011311485008734925573 0.96860368155453901995 -0.0070237403456906537247 -0.99992655947092967672 -0.009876372636434465474
-2.9353259689835748958 -3.9023309770305218969 7.4067228765631600851 0.98236366489163895466 0.0022593874768364430143 -0.18696664159447293208 0.081408679989858429016 0.89500971239160342918 0.43855471898839526457 0.16832782516027139375 -0.44604092849527926523 0.87904108742647502073
-4.4246988757349035026 -1.503035534389668193 5.2685469897950314433 -0.88902199138780513277 0.015425941771257101892 -0.45760456635532592573 -0.18567639640754496355 -0.92571053860946195257 0.32952128083700882311 -0.41852619350038966495 0.37791803215492986157 0.82584125976264366464
-2.9952460009507668737 4.6814681101718669254 3.8926297260460538396 0.99998999577967018215 0.0019077288360068089465 -0.0040458511187043237622 -0.004218603345599668264 0.70294732993382758046 -0.71122939669608253865 0.0014871874121745220013 0.71123934924149945225 0.70294834544513506991
-1.699145593025837675 -3.8623395064186687442 6.4221255073254779333 0.97419367479038676549 -0.001449163486160232571 0.22570906920969549536 -0.07203266689577220161 -0.94968652314210233456 0.30480617228362938409 0.21391114720416140593 -0.31319867127353906433 -0.92528299098943600498
0.25936457234555537754 -0.52054199765933906185 -3.2801901151063619366 -0.85927943924940231035 0.00095381109243197759184 -0.51150555767034000532 0.21504573372363408601 0.9080033066769291894 -0.35956268920872608286 0.46410578286693221495 -0.41896191391119830261 -0.78043368520407041533
4.4663125550024886934 1.4680838585329807344 -0.98266342460099354028 0.9496163531551660153 -0.01018565477253196086 0.31324915683387155596 0.25684777912785455856 0.59804777390012775484 -0.75918909271022194662 -0.17960512291526189999 0.8013957278211718549 0.57053210887090000103
-6.7503396212194646253 6.6943566708148214417 -2.0558113171936516217 -0.99966882176768578905 0.0032498428720640465915 -0.025528127762197122541 0.018901867157791622798 -0.58044393283965700636 -0.81408080695192142073 -0.017463281584041919631 -0.81429373038897645554 0.58019027434576719848
5.0741802627555632199 5.974127898296859307 5.0323511451942426476 -0.99022305757661988057 0.0048880897271593691522 0.13940732700337701844 0.044162328094645167398 0.95896482735525412355 0.28006454376210332402 -0.13231774265253298806 0.28348292095686522529 -0.94980495287460986464
6.9311277269038065185 -2.9980121373223425074 -5.3420310143888123378 -0.99841305575053262977 0.005058309468055348368 -0.056087285655853191813 -0.036508873658852789013 0.70016974632106632193 0.71304237495455646823 0.042877409565834162519 0.71395850008382011342 -0.69887394278725756269
0.57456702878623000519 0.88642868540661801102 6.0652811262139731951 0.98485144703005289557 -0.016553288399764384126 -0.17260827305190146186 0.17339520634918317854 0.086464077090603039255 0.98104947163134736954 -0.0013151798107665481699 -0.99611743886760750755 0.08802453229656521938
-5.8491466545314638736 3.0899876047377246024 -3.0253378089466860246 -0.92569070390220553612 0.0013287568420284551554 0.37827893823767616555 -0.19659780586577813022 0.85264556709579597538 -0.48409176778846141342 -0.32318110006270384105 -0.52248805854008451011 -0.78902484450435517171
6.3186646885075967717 6.7601675132710932203 -5.3597238461156067046 -0.99741292674659953743 -0.0071907024496271768413 0.071524452861717477403 -0.061486299213389966623 -0.43012537792997174169 -0.90067285640774452649 0.037240952833230492325 -0.90274052366052970342 0.42857048238679640306
-2.1211410763505540444 6.1602580356034994935 -5.6879004516857181173 0.98819103552621978537 0.0036546671415172765282 0.15318329123542909209 -0.1530841780072587921 -0.019588335013048012445 0.98801899352958910683 0.0066114861779772750305 -0.9998014505588790346 -0.018797545345479654139
0.29223902035542104194 3.6186179773024944595 -6.8909425595720081859 0.99620722968407759979 -0.0087667692673036468759 0.0865696210098704233 0.070641820398286217508 -0.49939497254560966111 -0.86348966097274071352 0.050802448129971033985 0.86633007863792288461 -0.49688158157785944358
5.4077652251193715216 -4.5221550049623946421 -5.0207593193596258274 -0.98892319470461442776 0.011172643157615593651 -0.14800705057599708447 -0.14768616352964625271 -0.17364825312895118548 0.97367093069843013708 -0.014822687921676052508 0.98474436085209915426 0.17337483004361456396
5.2825619609370617624 7.0534859323501706285 -1.7131961450436563599 0.98233315731686643435 -0.010220851626312074667 0.18686118438017573773 -0.089211186705874440106 0.85217437272100149404 0.5155969381640438387 -0.16450815238904104021 -0.52315807617741039159 0.83620732783666851251
7.2420047679815633401 0.74133934829655545595 0.92375635370160902315 0.99697858715051013156 -0.0034886222836590817173 -0.077598494042838056517 -0.057689890664044632396 -0.70221387063704110432 -0.70962494065531900311 -0.052015125476458423659 0.71195751937842532975 -0.70029345086337713155
-6.6720676214421335004 -2.3446778684585924957 -0.19257887516965133123 0.79061383901774628935 0.00055292202186334963449 -0.61231483064744762768 0.30337254712205280471 0.86828141932872970887 0.39249519041789227014 0.53187860946489728953 -0.49607163910647450455 0.68630756492112177103
-6.4821815021721054251 -6.2662917770469599432 -5.1884203641891319947 0.96343917851154281529 0.00086392759003124956416 0.26792574146218545161 -0.020010946817919442187 0.997433790804221454 0.068741508344449905876 -0.26717880027499668616 -0.071589710092574185274 0.96098408004108948344
-3.4469438362618269878 5.1066140255819361116 -1.7148036078650221725 -0.70073603723643018704 -0.016684857158452619935 -0.71322550547487362227 -0.51262014438969083496 -0.68352147852777489501 0.51963350157313159539 -0.49617496277438744023 0.72973968230654018274 0.4704151383438302525
-4.7288282935235637083 -5.7040046907478743066 -1.1681639533363483707 0.942527654649333968 -0.0088289995963669806733 -0.33401148032281685607 -0.18351252068572077025 -0.84905948971070344111 -0.49539997747651365323 -0.27922173083922702252 0.52822346757622717917 -0.801882281465873481
1.7461893901982208366 -5.4677864512500393701 7.4227229231799283227 0.90411528359742832084 -0.0083116408016502014294 0.42720776045478542349 0.26437458261315477381 -0.77457672139674937917 -0.57457548045364237321 0.33568085145519893642 0.63242534681772399896 -0.69810926556572794333
3.5207345536415162179 -1.5524762976122903346 1.5288131091024019792 0.96664918835756363791 0.0023471737152272404217 0.25609341542360158916 0.15884401640376732967 0.77889064054934220582 -0.60671076182764704932 -0.20089281993264967996 0.62715537216888905814 0.75254117100615303126
4.5462413468553464213 -1.9189294381684993684 -6.4411084324695746517 0.91103700235985674016 -0.004260875418058646634 -0.41230258945560105399 0.10239875891443087075 -0.96628188728031028099 0.23624946240538188813 -0.39940715379657382167 -0.25745127549637175646 -0.87988224566771888746
3.2447270425534626703 6.9225420866833209388 2.4009319256998202796 -0.96711693648114205324 0.0041374404645834672242 0.25429847179582765193 0.10677569575629435039 0.91408879800162767815 0.3912040646051894166 -0.23083280089069652119 0.40549297275572293575 -0.88447253607937059705
-0.49114372073990131273 6.7624047971817917713 0.60196637051167845023 0.97029245871163372072 -0.0071793118639997769576 0.24182845582876411061 0.0068776072379436187926 0.99997416129218508196 0.0020917138189361699982 -0.2418372243597654847 -0.00036637300618069454372 0.97031676409552036766
7.3375493462380960707 -4.7816880019859109296 -3.9367109396190977932 0.99320777259338266507 -0.0083733129845720687817 0.11605260914705167741 -0.11598048585685932776 0.0086400657954168198077 0.99321391259062663526 -0.0093191931294932701946 -0.99992761582671552123 0.0076102395955145148501
