1125 14.717824617146108679 14.977075390850430381 15.033177056927090831
-5.9640151983896858567 3.1373450475944002491 6.9348004014671449369 0.89715381484906497889 -0.0058772309733328611386 0.44167917163685166404 -0.32156705416811531828 0.67683567788369125573 0.66218433598009596164 -0.30283603183141305504 -0.73611067326843993008 0.60533578658858044896
3.0442009311243327652 -6.4472470535287147442 6.3174017800830908342 -0.98172232834534234325 -0.011016416258369431114 -0.18999975947616903893 -0.18873143993361427007 -0.072320039308882144713 0.97936216768614958728 -0.024529851380914086817 0.9973206357472903516 0.068919053273023750394
-0.95798529636560758593 5.9280932721738830438 -7.0931622293006313384 0.92101034899666600619 -0.0044724470496642666772 -0.3895124314554542222 -0.1466847241948576186 0.92234896406633937183 -0.3574296856357386809 0.36086497298692066238 0.3863319630876772548 0.84883690162955161007
3.8505460239122362154 2.7929876278369412113 -5.6095498531877101556 -0.67061801944456567171 0.0048627263578981064912 0.74178691407210695097 -0.67850774388314205599 0.40016281614223869756 -0.61603324753429333782 -0.29983114162275836811 -0.91643116188252338183 -0.26505699772653101842
-3.427606578156882744 0.049841295579196392973 -7.428088979427539762 -0.84628368437229206656 0.0012849634209078759049 0.53273095877215348448 -0.26424593947486224588 0.8672961086614390247 -0.4218667365078683229 -0.46257757083144246391 -0.49779092877403313677 -0.73363899991337633288
-1.7693470861402711414 -3.1722334405747774078 1.0229954637585114696 -0.89670086667626380805 -0.0081979382790765206734 0.4425611251680430791 0.21179475925223356647 0.8699992130722945527 0.44524639157075496243 -0.3886779330697253676 0.49298495216539250929 -0.77839276800542889223
-1.7368799412966962059 1.8892723551982713026 -1.450630572905259541 0.72281786067230668902 -0.0010880932524467753358 -0.69103773872788776256 0.20201970487912213059 0.95664533144116525865 0.20980407210625112713 0.66084974020854725385 -0.29125337059841460707 0.69170014817222247316
-7.1663731396040448729 -6.5307464134843504766 4.1865398880970143836 -0.9995591220924021636 0.0093247728906377894825 0.028188828506330421142 -0.024494428377570719862 0.27759575672791209078 -0.96038566150539839139 -0.016780477361437333428 -0.96065271792516426785 -0.2772449659097697694
1.1473934521734545644 4.5719100871498481453 2.8552360633860107697 0.94163664909438493655 0.00013314467290151247615 0.33663096018472066229 0.26351441881806991763 0.62198297446972239388 -0.73735834608748052066 -0.20947690125007786821 0.78303075402073285538 0.58564687833226847236
1.7628049965514693831 -7.3414876534197377467 -1.924784465048874349 -0.99822424421293265429 0.011145679406125548472 0.058516084080411104318 -0.0220050115185921151 -0.98185206083778908681 -0.1883674868355970089 0.055354654127646590878 -0.18932063928494810567 0.9803537921624247975
0.80497777235525036499 -7.2780081959875753128 5.5962270235720517064 -0.73737013661991190894 0.017676157126730523278 -0.67525760646612831284 0.66844644367493277759 -0.12487999209256676891 -0.73320143174533469743 -0.09728634826899357213 -0.99201438550266152205 0.080267212461151704606
2.785696083363664588 -0.8056189354660511226 0.40045521201999978445 0.30900556834523873473 -0.0073894479157477922088 -0.95103152144980296345 -0.090889456671702562041 -0.99562244901925112117 -0.021795542542117705975 -0.94670727545396282654 0.093173682272852553776 -0.3083245036226009983
-5.8426379180488128284 -7.3858564067767273897 -1.6219408528766505739 -0.78926896235983123873 0.0028548607510355070854 -0.61404100418910245729 -0.59597287248045127672 -0.24440002828419016279 0.76490846605475915077 -0.14788793163357261129 0.96967029239058077916 0.1945987762869224591
2.2470745800378955082 -4.8662829517347958586 6.9776146822517519652 0.93332500115133465446 0.0034274678930901482897 0.35901628749933067741 0.34673545878300626732 0.25086113253082598096 -0.90379378942765686844 -0.093160956674387410126 0.96801701671475259836 0.23294654215581792056
2.3772129660022227604 -3.61567344780390032 -6.2195772747127602287 0.92755013687182674698 -0.00052483992955935270322 -0.37369836517190946346 -0.18613785490264536659 0.86647215328112214827 -0.46322640961047484298 0.32404234686425259504 0.49922513171053095604 0.80359867179287713945
5.1721300499399038841 6.1072278342529662254 5.5106750277659353188 0.91432903234359008682 0.019613762832159372523 0.40449687380900845035 0.029744309137123461917 0.99287619854253350571 -0.11537820609460290588 -0.40387831916017907785 0.1175251235915661524 0.90723213602525587529
-2.4383494321734802135 -1.8965028272399582221 4.8373790940089627099 -0.59259774034118173347 0.0043833626195201400716 0.80548662575779628181 0.77825375510717142991 -0.25476223589954033466 0.57394886167768521812 0.20772339975103715215 0.96699378968621318986 0.14756015689972878935
2.9049522105557614715 -2.6317726108652230721 4.4812345943081979271 -0.78005443901791615691 0.0098318921458317321688 0.6256344028786794409 0.62531734156886464859 -0.023242197988861547364 0.78002437305896921149 0.02221023416732396949 0.99968151634890423107 0.011982127054482307957
5.1825555656410404737 -4.1884721155179578389 2.6311298497368409421 -0.98955249944076029145 -0.0029267501308212523665 -0.14414327935802057068 -0.10502000194633247243 -0.67034568161848839818 0.73457978894515507662 -0.098775756345375081979 0.74204319366810900238 0.66303487743049505099
-5.4213438880844044832 2.0829270207537402548 -7.027786598471916335 0.5432786234731673547 -0.0073108541250208360085 -0.83952063029379608849 0.78564547463464950994 0.35696952430354228492 0.50530579543916132046 0.29598906307998829046 -0.93408742103225728126 0.19967765124462008575
6.3303441134694233838 -7.2644584070467965731 4.8921208257097701377 0.9967809687382434003 0.0086426863179939091009 0.079705735894488413673 -0.00010128120464336209244 0.9943074931223828683 -0.10654857513201086705 -0.080172876357231484534 0.10619751924479800542 0.99110766155993468285
5.1314342370177090658 -5.1326623996240723358 3.0183409938479637269 -0.97589737389491781894 -0.0027371430779366051275 0.21821279447475008806 0.21748752379721214556 0.070212185904123092239 0.9735345016706815624 -0.017985900514673858197 0.99752832390776446925 -0.067924593368911920233
4.2088834196667708198 -0.97462925097691233134 5.7384844326959800753 -0.72689161625787523935 -0.0067984692240451102818 -0.68671854425977485459 0.31197252109342271664 -0.89408807991149563676 -0.32137151622810561369 -0.61180203031427971005 -0.44783957638461130424 0.65202606506720717228
6.0012941021850370049 4.3693687575732713668 2.4994096019777396478 -0.90083029841133133164 0.0050952404422931049308 -0.43414146541089504439 0.33957824562243432709 0.63134143707398848733 -0.69720485148438304801 0.27053907031006596551 -0.77548825159264467288 -0.57046172796918959147
4.5532498204913567363 -3.2845874586393879468 -3.3088073464050906658 0.9605006260972592802 0.014896858354042436662 -0.27787880609700355006 -0.16167912725158073428 -0.78286354763244492272 -0.60081987783316936902 -0.22649151656932026144 0.62201507168203462594 -0.74953241659223923676
-1.3143448283755592154 6.3159591995003268039 2.5697174883721141114 -0.99920098150757274968 -0.0050908439494566012917 -0.039641920514528410091 0.038024381171127552559 0.18441536468049676833 -0.9821125799551844171 0.012310361113668040825 -0.98283521333819701127 -0.18407443720302318901
-3.8985443411161995186 5.9392573639407633124 5.2770557078618436364 0.025445324305308329033 -0.0097543461224846913366 0.9996286251417842994 -0.40160830829842114609 -0.91581063101885229472 0.0012863975064521455168 0.91545797400901485208 -0.40149189387156447584 -0.027220524953323766565
-7.0302270621178841736 -1.4338776294234785169 -1.9187654367617588136 -0.99762415074685772964 0.0067455195405406731535 -0.068560570393267378231 0.052240711171453957373 -0.5746969782367233881 -0.81669718458057405375 -0.044910599448485702401 -0.81833848814031595609 0.57297919411225173292
-4.9756832007609768098 4.7891674309468550419 -1.4196281074993459814 0.94989512688753385827 -0.0029867176084464415117 -0.31255451913771670203 0.14516505812305890988 -0.88135610397982055986 0.44959818046519078871 -0.27681465607081678915 -0.472443115618581988 -0.83676230118776617761
1.8564078059095243667 -6.389692479004724035 -2.6849990794688052276 0.97114836182993591329 0.002346946394915788367 0.23846457002568541284 0.062300339394603249099 -0.96772301437252661316 -0.24419425702695099489 0.23019454169519187881 0.25200527632620589591 -0.93994883567008324921
-5.2556868461768111445 5.2157130391014643322 5.6830140391820318513 -0.95933512617471772277 -0.0068202543592565580827 -0.2821871716037671618 -0.12062745069900668304 0.91372886572543399186 0.38800589954013969818 0.25519626530396000152 0.40626720772235758172 -0.87739490658667973477
-0.57616926377342703169 -5.6094056812059545081 -2.5577420452182955124 0.99753926566390449526 -0.007789267860818017454 0.069675969782351868109 -0.064675805509397429893 -0.48586749984184063322 0.87163628468484666278 0.027063880738633916412 -0.87399776882076640749 -0.48517568617539419407
6.9439831033209422628 -6.9226605606170688034 5.9672617475343594506 -0.86973562875290433283 0.0010905339855809114552 0.49351671381369571767 0.13721731854934868244 -0.96003303386278016074 0.2439425780431281332 0.4740583756965197626 0.27988459162275819425 0.8348252941809243266
6.2826256798001764992 2.1678001138963924888 -2.6555523964301590567 0.88748427472595081689 0.010612432677251742302 0.46071578916608435517 -0.42245404018355781073 -0.38071585002695568223 0.82254971003026911003 0.18413105671461743595 -0.92463117934177241342 -0.33339606497713364375
-0.40179394005213681096 -4.4922890594732960423 -6.6062671176815150886 0.76440615347763885001 -0.0031903832328371200047 -0.64472711590284803584 0.61342981163471699269 0.31141435461291255837 0.72575820073825147993 0.19846183190560695575 -0.95026886784526598539 0.24000412513291233263
-5.2591476950941773438 5.0208616963358760898 -4.6609356714293301849 -0.99989711265946157326 0.012015512775772408879 -0.0078352758611480617656 0.0059664516702419480992 0.8451028791458357059 0.53457041174553210361 0.013044751801056013452 0.53446866242281032555 -0.84508761873441939905
-6.2426876417117922458 7.2538259100853457184 5.5983479681815042639 0.97057417965287462458 0.0056778770948428466947 0.24073538066269450919 -0.19983284919442009797 -0.53882111599965465398 0.81837560895689831497 0.1343599425943633463 -0.84240107233101835238 -0.52183123628384830983
2.9194072514284910014 -6.7123235280992874507 -6.4883750467572047782 0.39914782323120784335 -0.0070857381658135844965 0.91685920812541932268 0.91363728835638735593 0.087184930887873574035 -0.39707139553345854877 -0.077122762752489304461 0.99616694391087623472 0.041273469986311837887
-0.53015132810213805303 4.9417103028670208431 -5.2655878420236739146 -0.99970861534409638516 -0.00517659701708702083 -0.023577261293130515052 -0.0240009631381973218 0.31741559082293469007 0.94798275114639918293 0.0025764656415094141714 0.94827240049769612185 -0.31744734410443498085
1.3455533790838740682 5.0789318748444465257 0.4265239224811963048 -0.90203697623558865004 0.0040699125934226280596 -0.43163958265595381292 -0.14896694355814751876 0.93558785544329392536 0.32013155807238569128 0.40513965892120151757 0.35307053198819043915 -0.8433285576872667777
6.0225711365967429245 -2.3189867124103256124 3.1081991909489357084 -0.99926433728922015032 0.0045022491608047547629 0.038085613747106172866 0.03714544198939845332 0.36064387787191087842 0.93196363099252443885 -0.0095394109573812939373 0.93269272705743655472 -0.36054580365411587062
6.456947690962743458 7.4624147861040492913 -2.0973479872822422543 0.45457110788682525415 -0.010069886677329923166 0.89065352705570866032 -0.88991328866468655256 -0.047430136093502425765 0.45365705202074463331 0.037675542896175348573 -0.99882379806080889839 -0.030521695480792813276
2.3721521077099154695 -6.3621044261559136501 -4.790835135766793762 0.98707250558853121269 0.011947668836021710023 0.15982841399646338654 0.13150719983062017504 0.50966279808078396307 -0.85026448158502387908 -0.091617275139309201082 0.86029127942918726113 0.50150293063377293645
-2.4124242202776899902 2.64562695811158477 -3.9094371975049493351 -0.971369896977956504 -0.0053908566635901544739 0.23751097218767111552 0.19123090913376092348 0.57546350284506286865 0.79515564280535444563 -0.14096546611484322975 0.81780969397392000442 -0.55795702505233712998
6.2956459208285027174 -3.3613144187221046799 -0.96242629500708232193 0.86848131881380374875 0.0028413202559353679943 0.49571375386478155889 0.20174093535413553657 -0.91545502997725480832 -0.34819920030313133985 0.45281430396347394085 0.40241025706183880528 -0.79562880235542288165
2.1397593827195682259 0.18793568592237630543 1.1859055806919465148 0.86957857660936788147 0.013779654845836914953 -0.49360228951506884831 0.48842076547003399067 0.12306982890846726586 0.86388597226150831698 0.072651599843430086922 -0.99230234219456170397 0.10028861707803884973
2.0230522976793561263 -4.5638069622532349001 0.61578964638351585403 -0.9830483280457461559 0.0029816149239562301544 -0.18332237915462812339 0.16311575126317814921 -0.44234499036056668109 -0.8818867054178349818 -0.083721182602111351989 -0.89684001888592190799 0.43436015483505785451
-5.4130216142668041712 -0.48905013701467447973 -1.7187614476452151013 -0.82800490784646241238 -0.0017095329237923227381 -0.56071824482479859508 -0.53474254813534893849 0.30326134158154377518 0.78872236301238274336 0.16869582032756999523 0.95290589052609042664 -0.25201603918136339377
-2.9748633611770003426 1.9462543815507682421 2.2553402770628072638 0.99806372432743217793 -0.010253533109700277079 0.061348734626878072274 -0.022679076307315589045 -0.97840849194376167119 0.20543242779606488146 0.0579177147287082833 -0.20642598661777442071 -0.9767465640427841489
4.5711174126362479342 0.49059690675238171176 3.1508278630753157046 -0.89485961680165915233 -0.009093918595061357274 -0.44625504687591388553 -0.42407465556651252614 0.32920487136341736178 0.84367341974060783283 0.13923703790211769404 0.94421472839342479588 -0.29844864543349380881
-2.6972217914105245384 0.34121303912915351697 -5.1418975230046131131 -0.99691127620438635404 -0.0055942932107522335555 0.078336525706602211372 -0.0022287024827292081092 0.99907323494438327049 0.042984928789332674248 -0.078504396447262023151 0.042677571407614814381 -0.99599984168534938522
-4.1112194542271778275 6.5406847924160294028 -7.1743532922829107434 -0.70239766065286035612 0.0041525274360161186504 -0.71177263422068914878 -0.70966614559533069961 -0.081182039225606891786 0.69984529597845557269 -0.054877027118539124795 0.9966906405816803316 0.059968982579098162322
-0.10025228051612344871 -0.024338445389904473509 -5.1045535168424631678 -0.99165927605300863146 0.0022350568910166181483 0.12886770246555148689 -0.008548512848243658771 -0.9987885667231239939 -0.048459487320651757625 0.12860327813140554065 -0.04915692732457185854 0.99047705341917269273
-3.4033094450241527795 -2.8465799418353721073 0.46687223816422374068 -0.98870789449213480893 0.016727822464058055701 0.14891903613830420605 -0.099717684895392830202 -0.81523952075568817399 -0.57047428260820098878 0.1118618911328933957 -0.5788822883401073538 0.80770180980257488823
-6.2123779395156111249 -2.9810961803983939689 -4.185754806903059233 -0.7845155191904080727 0.0075651068571109432448 0.62006303655968286748 -0.0011248236058846901309 0.99990657604484445287 -0.01362255314708701523 -0.62010816388852318948 -0.011384565895605811003 -0.78443371723692789654
-0.64639791388600442712 -3.7837903237027075143 5.586863561063183603 -0.87349503377690962402 -0.0027698023264848018951 0.4868251782334603317 0.14648049986529526612 -0.95514046910850103345 0.25739103991858930387 0.46427350681059148529 0.29614019056220985959 0.83471617835502109894
-6.9196589045219800695 2.8780636746630845479 5.4168976482616635337 0.84432366070314213147 -0.0012054019291767319091 -0.53583215933998551428 -0.036787499346972910019 0.99750755564704096656 -0.060210931886713933703 0.53456920587386580479 0.07054943963676738039 0.84217488724038702674
-6.9188397196872415407 -6.0699090102594466245 -6.8229851886456813759 -0.97763589507021098068 -0.0002919928717242878391 0.2103044731110917942 -0.010943366422310569705 -0.99857362672110461244 -0.052258537565612106501 0.21001975955063442725 -0.053391261057508784815 0.97623822596785647665
-2.7356497383619209351 3.8762010597902398779 4.1605728083369033499 0.9999363519839256087 -0.0099612245901316599783 -0.0052977340175350655371 0.0082230468745587391444 0.32195384749717842476 0.94671965310851768916 -0.0077248612385142278666 -0.94670295979611296389 0.32201526739025060353
6.6880283192651468482 0.22033263001714753493 -0.74188568740466220852 0.99299116518847552193 0.0059541049396141113373 0.11803852969232435377 0.059379286766118075103 -0.88866396019211624235 -0.45469821437817031784 0.10218926636741684777 0.45852035340855146206 -0.8827890117968677508
0.13454395056721027424 2.9090252671684164731 -5.9737439098140505678 0.97037117831788644029 0.0055020909092841742763 0.24155641843169151084 -0.19247117137555433408 -0.58676181763514978496 0.78655287015858210697 0.14606376853696836915 -0.80974088223399576236 -0.56831776248827470255
-3.9456359621629468748 0.88941307727033080965 7.192505554281835245 -0.5058054134901680543 -0.001266855149624249513 0.86264667086935520324 0.64729509248894823159 0.66047284462386857129 0.38050582749033678986 -0.57023674638142063387 0.75084886401491857111 -0.33325071115278542822
-2.8996521913923070102 -0.71569268009884656756 -0.39013780885806431664 0.99965539481843690428 0.0063949009918784441991 0.025459710363266531419 0.024709463236917500462 0.0981907012122713585 -0.99486080866730164374 -0.0088619431853617820771 0.99514707025483395419 0.097998849616918279337
-5.480462862961189785 -0.62749881997751033591 -6.8377975410238809317 -0.89190622537332320263 -0.0065196895155884872219 0.45217339460551109198 -0.18370864356383101446 -0.90844912684328560371 -0.37546147367950510887 0.41322441774458512631 -0.41794458674121076625 0.80905370834899326127
-3.655769534272189869 5.8801001545402975523 2.5175780153587887789 -0.93470162088129848943 -1.7502821607917953828e-05 -0.35543336874231457045 0.33704925560675602636 -0.3174879878624075058 -0.88634032789778927075 -0.11283031160445172736 -0.94826229349092083787 0.29676243617839920264
6.8266074123494773218 1.3333708738420455564 -3.2621060753298509738 0.81741881341615452161 -0.0094509438867999683714 0.57596628645525038692 0.51055963396462011872 0.47489590290457528443 -0.71680034986779939121 -0.26674958976412965761 0.87999122783366501288 0.39301411589993612283
-4.4812726157297824159 -5.4300789593073774952 1.8448116777205540995 0.99905252945301992185 -0.006327872884597124728 0.043058116753530092935 0.0023280781432220231351 0.99572702059023576737 0.092316198570826082936 -0.043458295476964205195 -0.092128489031158694589 0.99479833034791942392
3.3251361799985166279 4.8094915358631737945 -2.7800400477461955084 -0.98373262056432231315 -0.0004400052128712840082 -0.17963835234491937198 -0.1419302559180607437 -0.61108983317527365564 0.77873295695308097919 -0.1101178173268291538 0.79156112978416648396 0.60108655293717117019
-4.9295700284087473619 4.5185443223469654583 -3.5718933869443283413 0.89788229400835406491 0.0024693106891410972203 -0.44022867763359058157 0.21630644967865048089 0.86847822006572183984 0.44604607508514476644 0.38343044471417692121 -0.4957211754363815559 0.77925708870052778909
3.7174116225881252973 -2.3607529896298462546 6.1567621706330646347 0.89082007007426722289 0.0093906950374792481223 -0.45425919649411672374 -0.33316046984112901441 -0.66630455503444685483 -0.6671149385792406461 -0.30893964473345641997 0.74562058366639483165 -0.59042886203578248683
7.2048470378490598875 0.3042578652891357871 -5.3365057162783378075 -0.85238950401894275632 0.011955903523269650196 0.52277068568277185179 -0.28518607964711539804 -0.84859541562503271184 -0.44559479412998748149 0.43829331892442308094 -0.52890724796614407843 0.72674348269175914616
4.2398645399656693655 -6.2326105233366675407 -1.5897807388450824195 0.98401633173011859856 0.0036007385811725666977 0.17804183095570971784 -0.14857214023897694077 0.56778560716303716482 0.80965784343967062142 -0.098174222855140463873 -0.82316859693520272323 0.55924527980720106779
3.4023709101593087034 -5.7447277994075127694 -5.5232277139311456438 -0.98296397548374259134 0.0055599594715475212509 -0.18371420672279972774 -0.16228262145450378373 -0.49552789065791164047 0.85329740439895418458 -0.086291214355603829134 0.86857423196338578997 0.48798835016245067919
-2.600703091766024766 -6.6417115716293064764 0.68230150783062426534 0.53344061326014358126 0.0027529559671073868671 0.84583304106546619572 -0.38985286627096660261 -0.88664325130341703485 0.24875386947423025474 0.750636966039390785 -0.4624458521292471036 -0.47189827194374084351
-1.0222112385229178422 -4.0143225118668670603 4.4304407661913884908 0.9983958077235998152 0.0038035811812633011329 0.056491980760327915878 0.056029507511873778702 -0.21007719250233433672 -0.97607800276332745693 0.0081550847943078000335 0.97767740383042711638 -0.20995330107309412293
-4.79927226925800543 0.38324013568854420342 6.3659838500814167617 -0.90059506325604765653 0.01313469975704970559 0.4344605985600539233 0.35160352327321509058 -0.5656388089013913989 0.74594081553840940746 0.25554548413279343233 0.82454849313227496221 0.5047933121709339277
-0.14983330489433396848 -0.8818119323464677084 4.4418224884418879839 0.55795525370103016272 0.0020757372621178597771 -0.82986843908071505904 -0.18272960862464729392 -0.97514657028451601217 -0.12529587620656640334 -0.80950344347582581239 0.22155102747969446231 -0.54370885336126573151
-4.4870647704035739878 -4.2641852531478035004 -6.409136355142171837 0.82876476351280214949 0.015433865110881956131 -0.55938427093312825811 -0.32480794921124456209 -0.80073185898294962914 -0.50331728178034851329 -0.45568493818512706417 0.59882408586937840855 -0.65860530767221925341
6.3598077039993494708 -4.7834935559738873678 6.2115742867637697699 0.97799554443729808106 0.0061496625039172050226 -0.20853512105154534129 -0.19540175228447054234 -0.32321059629833281956 -0.92593361837910759249 -0.073094940078224160396 0.9463070812857224956 -0.31489686826544444065
-4.4120420937681261719 -1.1815655045420843106 1.6802885184189804146 -0.84316158649825501126 -0.00072612500439597489447 0.53765975467406601496 0.31757427490093936839 -0.80759257085681868116 0.49693140313125500063 0.43384918920623677385 0.58974037697901482424 0.68116163190959577722
5.0142019710752556705 6.903385446928569813 -0.28492510187052894066 -0.97081436768216000655 0.0024562557929122116537 -0.23981957866126216161 0.086691928618418498398 -0.92874120224985734495 -0.36045011965028916912 -0.22361568150339722338 -0.37072057678378805834 0.90142236545074394538
-4.5487127984112776247 -1.4628557832235951075 -1.1922645627595496176 0.97211746398333720443 0.0083877181492558877673 0.23434436712419048909 0.0088387403717494310296 0.99733924823274799909 -0.072362287160855243151 -0.23432778940450998961 0.072415952101383199158 0.96945676386002144209
-5.0938067882937714259 -7.2574661508012789923 4.7101674314062398352 0.94486137775962997232 -0.0054738933297277473505 0.32742482085238755474 -0.24463670101144791014 0.6528767306315390595 0.71687157784230692847 -0.21769212511393218334 -0.75744439471932167862 0.61553889200577782681
2.9476011740929259908 2.7421415205461787679 4.5869526058956155978 -0.9979712105700661029 0.0094606067752529901527 0.062959985647359759109 0.060462605114116066418 -0.16893681004564695125 0.9837706173668385734 0.019943326103775829011 0.98558147868708378958 0.16802205989952312404
0.94511167965900844123 4.174072045378638407 -0.20918163019720767415 -0.71625512205467811722 0.012841816724350979192 -0.69772035076635074979 -0.60080897311469660949 0.49724353160229761706 0.6259212794788228118 0.35497489764088707709 0.86751596989499346613 -0.34843774769968471894
6.5051229853658281144 3.1002007062362317846 -0.21913292839999592987 0.85933758468412957399 0.01039287693864767749 -0.51130314262492437827 0.020686648927922136887 -0.99968160995885735343 0.0144478810297566998 -0.51099019374682719263 -0.022992755795133632685 -0.85927897395181263018
-0.20033973371148672271 -3.1458325266348694527 6.4752375428014303793 -0.72080827406297587334 0.0047142474802381161697 0.69311846600216431291 0.66024884583707910135 0.30902882315865104479 0.68452366506065698282 -0.21096656989496814782 0.95104098877377940546 -0.22586310911449747341
-3.375959444805263665 4.4688054957305824999 5.199183382211524318 -0.9995943673071540081 -0.0057444359498830671606 -0.027894485177598522807 -0.025669983239575935863 0.60594055054350803857 0.79509565535698989436 0.012335023639383437336 0.79548918953227631956 -0.60584222082090732897
5.6872292770108865412 -5.3282909055138869547 3.9421568091377450216 0.95913261195138821424 0.0073298012819066078044 -0.28286199232927761171 0.03670125992964089201 -0.99444237224161657895 0.098678193183642820552 -0.28056665912197448209 -0.10502686467560815031 -0.95407112286536788215
-1.4966035208999477479 6.358144405440495639 -5.365786403755355316 0.98458355718638357335 -0.0018715438843730078031 0.17490487769574358801 0.03707426465348837713 -0.97499034970639708586 -0.21913310311223385685 0.1709406850888880447 0.22223931988447137575 -0.95989008062314873371
3.6011525071221131 -0.89135758641785023393 -7.0774560580057483961 0.70984297594042466972 -0.0048820797760336324261 -0.70434303773458717401 0.6517620629199811777 0.38371787950376412546 0.65419171676779241942 0.26707520073264390259 -0.92343746634315915234 0.2755613958945842823
-2.7709185699825273907 5.5189957206989816996 -4.8098816856864079483 0.92013019993646416594 0.0059709105189052385024 0.39156706116875517054 0.35102494371356174341 0.43070489223136265711 -0.8314293624229341928 -0.17361423920784641028 0.90247307108612473403 0.39420864007366229753
0.99117551228861933144 -2.5700297947721404412 2.6702835027034645954 0.19830816422920582998 0.0030328779327948368269 -0.9801350282748173548 0.97626999351972199026 0.088161609662404327725 0.19779896444346187212 0.087010181893601545866 -0.99610156722756126868 0.014522259247840818217
1.1626325799277137385 5.1468438360912891483 -2.4351367640459469222 -0.95450496177022969846 -0.002540953631330093547 -0.29818420734580375342 -0.17678626139789621607 0.81010232084682154419 0.55899986363105913512 0.24013932567733761725 0.58628301468928156748 -0.77369589048272369158
0.43467428771279165156 2.4598824975430022555 4.2257256209020006565 -0.82444936402948032494 -0.0031175662588739201306 0.56592713924329207664 0.41709093696841897936 0.67254244537060914322 0.61132790667017788966 -0.38251587738326914279 0.7400519846305214644 -0.55317688273664100684
-0.83564847327775149122 6.1653885925952920388 -4.0460527363875486984 -0.92306485501569279783 0.0088542920439267439048 0.38454242281875883336 -0.1865936676122281479 -0.88453084114242275238 -0.42753712619498329683 0.3363540941358565961 -0.4663976764311582035 0.81813148746250652366
-6.1283424728843840512 6.2494229984493587793 -2.9418124833019723141 -0.72720477217117673874 0.0017392244589202303113 0.68641838147717759711 0.27377151392352389037 -0.91628300054845057687 0.29236043006844891767 0.62946197462237740705 0.40052769942176835727 0.66584922054503081768
6.209250540973489052 6.8019439291146213122 3.1262130946026647216 -0.98959598228496126193 -0.012103312538227170916 0.14336422730615347443 -0.041665675611193137007 -0.92964681519269110055 -0.36608847356601059708 0.13770898053988081533 -0.36825304999088870339 0.91947046056473558107
-4.1285637143517872616 -2.3308005334022725563 -5.519851225160069319 0.96073803602178664551 0.0046645965602443084305 -0.27741785753605563425 -0.16722439636739244717 -0.78811750766623522857 -0.59237386452251605817 -0.22140105555426684014 0.61550713696002423703 -0.75639443212560775187
-3.8089443196304220152 -4.3697766421193673381 3.8337944746362691006 0.9612337848615642999 0.001322405143819399987 0.27573150361394577201 0.22474765429768261971 0.57557483247145135863 -0.78625829350985265709 -0.15974386601140078135 0.81774804400252965042 0.55296476723358456429
-1.1438810384032771506 2.6719656905473465613 -4.9290938844182203837 0.96096901203568019234 0.0013443240003444228807 0.27665276195982113627 -0.25922333618998760763 -0.3449825356285370348 0.90210327129759659837 0.096653090388009926803 -0.93860814129450531595 -0.33116904628025822799
6.5468315851225664659 -4.2680746699460199167 0.65519560264458054366 -0.92815927771278683434 -0.011904205955634517 -0.3719928024520777754 -0.23548563873208502861 -0.75520574874510693064 0.61172770986227120726 -0.28821323555058281363 0.6553797120318177738 0.69814795273670648967
6.953469763585539809 -2.0744893748333841366 -6.5489692705915958371 -0.9060089563595529194 -0.004298119414736581434 0.42323669165816313331 -0.1536208126320808276 0.9351006225472813238 -0.31935477393949829317 -0.39439626890034512607 -0.35435624995362913214 -0.84786981972256758588
-3.7798393756553467782 3.5091370469746507865 5.052006714588102021 0.97555051037512541257 0.0067369604579228282992 0.21967206256280458199 -0.033832932794156937717 0.99221892925692156684 0.11982040344928866771 -0.21715555338365480353 -0.12432300586777340901 0.96818761397089458942
2.2698682032096160199 7.3102359011966164815 7.0761680824234094445 0.99779648680398436156 0.004794224265164941795 0.066175420930336070757 -0.06471927158048300377 -0.14936560641754384471 0.98666171077303754799 0.014614609392408425825 -0.98877041371261120695 -0.1487261986305542516
5.429705317957797206 -2.8454224986247598217 -6.0442141979088592763 0.974986785791892685 0.005878511942926781253 -0.22218508192155334013 0.22145308204029631738 -0.11094598687854413666 0.96883926450701851607 -0.018955209996316512572 -0.99380905162562582777 -0.10947268573089002919
-2.7643270433346533999 6.2623453974719938131 6.4138793154684732301 -0.75991248629456120689 0.01068353425375124198 0.64993759336529910442 -0.63770780929330406206 -0.20597839861780850579 -0.74222749158817613591 0.12594349185242553757 -0.97849821737133069188 0.16333853024104211249
-1.0698041953954655625 -0.136762499857903147 2.006646747893967575 -0.97845622145430444228 -0.0050138160855756506648 0.20639351817697629277 -0.011983194675481440711 -0.99664043783699818313 -0.081020001934099333818 0.20610634571157077088 -0.081747778662659767446 0.97510895542036490902
2.8286371658610702795 -4.4372293626760948015 1.7577669274617313544 0.97151480071569207286 -0.018773059446921681881 0.23623413011083468915 0.17211023389113172533 0.74114595247564973857 -0.64890734663652760439 -0.16290199317427567216 0.67108140293706586288 0.723265297972867649
4.8327006696053498302 1.9344739205711811714 -5.0260193903086651801 -0.98863278707442980853 -0.0040139455409720879719 -0.15029670842277148557 0.11876265086773403479 -0.63385760001321156398 -0.76427742061659775796 -0.092198942946168288559 -0.77343935195112711867 0.62712911252228620285
6.2550871679258275293 -5.7073222362513575945 -5.6262979002427071507 -0.93455124147121848566 -0.0083071841738426750734 0.35573159510450946819 0.31557098614572060002 -0.48125732985696850763 0.81780580528746815716 0.1644047741628459347 0.87654000088421002435 0.45238114138684881738
-5.584950229679980005 -6.2597867975879353253 5.9193502373821935691 -0.89873845688494069517 0.0060908279840510941294 -0.43844279892663207132 0.08908353054738930854 -0.97651438048863148378 -0.19617285562489281125 -0.42934055329229209308 -0.21536612201850435788 0.87708843498555921769
0.38761170305884784515 -4.7990333996634833014 4.6289468070488899443 0.95479626070374146174 -0.0069803639361627339843 -0.29717902864336498414 -0.2442138967362540436 0.55156377177774751353 -0.79758195710733359451 0.16948059826131320338 0.83410351886419031864 0.5249263249555012889
-7.0131206213570136399 2.8222957715381018495 -5.6567500631161369284 0.88048236787224087863 0.0053583948163727608896 -0.47404861298300887684 0.21031912023616225471 0.89173410881227554992 0.40071953638934426634 0.42487253091875065714 -0.45252797348445683578 0.78402918675582333741
7.1946945704589007065 -5.1270141247061147283 -6.8067863013707414765 0.99645632189767974207 -0.0045896002249497325556 0.083986511537085889456 -0.050384917762539956076 -0.83210900535476572948 0.55231871529901643836 0.067351010478370734735 -0.55459312903901936131 -0.82939152552356509851
-4.3718251182465417415 -7.421437263498853909 -7.1162991652526939035 0.9425299292616579061 0.0017476793241513704884 0.33411716217949255503 0.33055191392879190726 0.14090889754263694056 -0.93320957710003815677 -0.048711032055841055333 0.99002102412545134325 0.13223315448771946756
1.7744638735475697366 4.6669804292929972789 -5.9851652951760252463 0.9946370381488104373 0.016637781837762474768 -0.10208009873665982448 0.099036465580970650668 0.13130764016297727381 0.98638232046198504044 0.029815110729237186832 -0.99120204189170724174 0.12895569518962843314
-1.0232726294424387969 -1.647779501039075889 -5.2179390625513395463 0.93501868108188901374 0.0125922237945230997 -0.35437480430700057932 -0.25718934345480115589 -0.6639189285885529479 -0.7021860849341622357 -0.24411822472119476535 0.74769853026591803768 -0.61753801518384399127
-4.9129728618962307252 1.0966456758393772208 2.2636773144678739023 -0.97123991244075269513 -0.01216853441339604304 0.23779184017188767508 -0.2373321499961652814 -0.030820386031779063718 -0.97093952148578122063 0.01914374728988859839 -0.99945086451253917215 0.027046004596271915749
4.6331229513642817608 0.36060092488327621929 -3.9655185506020540487 0.88758905974127666472 0.0029145933007075439797 -0.46062692732136467644 0.44898837417950221429 -0.22892687183556198471 0.86371403091719012313 -0.10293250642675132178 -0.97343925978851286729 -0.20450160542949238907
0.033808274639538504758 4.2804497383725159665 0.41882370052451262099 -0.7843271784034969718 0.011672664147121055919 -0.62023755620687393009 -0.40651105142132548664 -0.76490957502612511032 0.49966199285674356423 -0.46859325890365627343 0.64403190211744620886 0.6046844356893589234
1.5705121782172231093 6.0313134100527996395 -5.4205054952980429306 -0.99965772982846523576 -0.00061244660470480597435 0.026154313279775971701 0.0068419598450388035768 -0.97105171305608961596 0.23877135120511161492 0.025250956010825879872 0.23886857365504501893 0.97072354135491623062
-4.9436003393237806236 -0.22111473793527891551 4.1852942276697415735 -0.81372475287168288816 -0.010547438432137361611 -0.58115469378331729988 -0.51995601436707850063 -0.43369072825760279777 0.73590630881033125554 -0.25980332886120138802 0.90100005758377899046 0.34742067662513542725
3.9586496745541590592 2.0083076940135220489 -0.70931937828003466251 0.75509511758924341418 -0.0036284103625610682892 -0.65560521507319158285 0.41526253872862844974 -0.77117097013625934832 0.48254777872034848585 -0.50733459109514011942 -0.63661775773022521996 -0.58080069147772217519
-2.9019485085756597798 3.7903563051047881594 2.0391121191388053013 0.91080164784802475353 -0.012864523629412183067 0.41264374744935222727 0.40946470129284034956 -0.099479810230393261872 -0.90688611509472549788 0.052716379545866928757 0.99495641682849977894 -0.085338806760309832145
3.4898009055798731026 3.5808531395006761855 -4.0145410290991891955 -0.99372894858058025136 -0.0036362434644627130223 -0.11175667535552719078 0.08404970791573490585 -0.68347050477163684423 -0.72512324173650644088 -0.073745666668157447421 -0.72996907252336362681 0.67949005129370221301
-3.9178365460902480066 6.7546933599319594066 -4.5228356706452679248 0.93934445010008327248 -0.0082035676692720615327 -0.34287709976558738978 -0.20025897921510363298 -0.82472104953616554024 -0.52889652267312348144 -0.27843912316680013985 0.56548023124554980257 -0.77633997884996397421
-1.34168028080725521 4.4622753891009505622 -6.3706123232096105724 0.99909790318721147795 0.0099131962905366736993 0.041292958071123174457 0.0029350877477856227721 0.95392693600096190032 -0.3000246423739338919 -0.042364668143053452187 0.29987518955566627721 0.95303730545149945019
-3.6514202078991910838 -7.0526422533330173081 5.9834991602018270385 0.99515360904685012944 0.0018750326364630172729 0.098314691952497382244 -0.035130022917976296004 -0.92705694714003006318 0.37327107877414089643 0.091843213635434101105 -0.37491585857637743651 -0.92249819679876621237
5.3031360261051636584 5.4782467183776475395 -2.5026581119752950855 0.98279935815149865874 -0.015584386699874771404 0.18401779399888956723 0.17460912251440544041 -0.24608557263166547235 -0.95339055233275549206 0.060142131254150063557 0.96912280843742371061 -0.23913156674606558805
4.4233470211295520258 -0.084839471727017695679 -1.2139857954047243993 0.75292854472718095948 0.004987159862093698201 -0.65808337980179398841 -0.15171464507850385139 -0.97172107029272680734 -0.18094426771196089887 -0.64037588415212975956 0.2360789905638293884 -0.73087990614782505361
-6.2881820519630862165 -2.3463719723258842365 -1.0989911723425138668 0.54041307374312619327 -0.0038326639150319270072 -0.84139112213929490025 -0.14592151940551414957 -0.98526341021388275099 -0.089235209800126349955 -0.82864987775409881809 0.17100094497114062819 -0.53300849610220635277
2.4604208784384891118 -3.6813821504665442674 0.066587733141618810073 0.98970866163834281259 0.0052928052490669712932 -0.14299913038410599908 0.0062231065706038254243 -0.99996227895499489868 0.0060591758421515715463 -0.14296166626975362335 -0.0068867176412199648111 -0.98970426648440001927
1.4029045360118830299 3.5138460248092782123 3.5938342132493823478 0.68312063035739145622 -0.014010003544536693554 -0.73017116088002398389 0.69850344984338841314 0.30436452893583487711 0.64765358339361756013 0.2131645724248032725 -0.95245259899185641395 0.21770372467323825805
-5.2588514264605885629 5.8609120640589686957 -1.932121011965541868 0.99115877780353911497 0.0049969976228314569658 -0.13258697974491134852 0.13129643204077806606 -0.18093194104805862543 0.97469219738433832134 -0.019118685009603630237 -0.98348292446965490665 -0.17998836951355071112
5.1561804388145411338 -3.2057997447654060785 3.5758055906960368731 0.99799029411599560202 -0.0035231135979899462149 0.063268953846566125532 0.014168245227004725231 -0.96076923705757022454 -0.27698688407792354527 0.06176272077430330909 0.27732663196052431687 -0.95878845713114102534
0.84428668688326258263 -2.2725751137776177835 6.0007321750118931547 0.78798225415418443607 -0.0012298038900036504378 -0.61569672300623778938 -0.27193790024182307175 0.89647856013024151967 -0.3498227688973362115 0.55238912511950488682 0.44308540803021329024 0.70607476632470078659
2.4520610412156420566 0.17010864222829569226 -6.1080803765880071765 0.998654204562217096 0.0037086909375304076379 -0.051730313372969925767 0.0279170544253333347 0.80216570012094712272 0.59644851212975158461 0.043708326235933708803 -0.59708997241707428838 0.80098261345453469762
7.1362342450052596021 1.8334760385740349609 -6.0414055094181797756 -0.85480711737522852012 -0.0058889548581629765078 0.51891243220345861786 0.5168786471684765349 -0.098824565807257361283 0.85033532755864138508 0.046273709446197332229 0.99508744610896671112 0.087519817243852535138
-1.8858795994888706282 4.2825821991479831041 -4.4066531043250112276 0.99872918918150832557 -0.0076596220863458909858 0.049813019045061114609 -0.024105768991628681586 0.79539218265834454868 0.60561554443997167585 -0.044259672143043118919 -0.60604670278415284645 0.79419674858707423049
0.20609048312957015114 -4.1131578177232190896 6.9711826306296238442 0.82208272641693658223 0.003436411483215720368 -0.5693576924948309248 0.39498488573198153873 -0.72366884650851670546 0.56594199405637812816 -0.41008161501126227932 -0.69013882057838060735 -0.59627298895776403853
1.4907491049543593054 2.8631194195733598029 -7.1729104797215397227 -0.95095701899861984074 0.0033187804978393664265 0.30930524359174116356 0.19331711482639471478 -0.77422861458474590002 0.60265956017772071007 0.24147306502491194813 0.63289733610938692099 0.73561655827830207954
