1125 14.717824617146108679 14.977075390850430381 15.033177056927090831
5.6375700347076236341 6.9014457574645229343 1.5061685465541003737 0.96336470685945574388 0.010830193172453079706 -0.26797602223596139748 0.21909584496683259802 0.54448866274805141074 0.80964752013281848786 0.15467854504044259434 -0.83869827891479631354 0.52216831065232727216
-0.056200776785172948391 2.2196382299351187228 -3.3705910892286579106 -0.98034616507749927639 0.0019431737204443069386 0.1972754944074280592 -0.041271001785569048914 -0.97984654396554571321 -0.19544169127992655488 0.19291993424585479611 -0.19974226982453266444 0.96066899846722286771
-0.39616030696931398003 6.9814673589013827026 6.6204128523915866111 0.72413675019201462213 0.0023268394159702125192 -0.68965248701034476131 0.62902932357272334229 -0.41221414472330192291 0.65909150273359118355 -0.28275091000198676605 -0.91108401627312263216 -0.29996306136707323597
2.7293121842935530452 1.260913954259335279 3.8643583705010144946 -0.98976138931141988131 0.0069725382117084948319 -0.14256148126067386128 -0.072982142394029836385 -0.88308510675967388792 0.46350221262772395292 -0.12266213401015228779 0.46916103624452404341 0.8745524129233515076
-3.5359660872130507236 -1.4247700160858207674 0.2159269333694395776 -0.98766137950559684811 0.0054323345169520215886 0.15651034845929734374 -0.13222541220942163331 -0.56443335773763192442 -0.8148198727566280386 0.08391328738171698054 -0.82546076491544051468 0.55818732141282356718
-1.0324226859133991407 -6.3016646878440703006 -2.1368707060703799883 0.94344151396904185614 0.00067932670807209797822 -0.33153830583366372675 -0.32814639348160801191 0.14460538364007613499 -0.93349302486269192247 0.047308077162891398748 0.9894891720163149218 0.13664964067871560038
-4.862655718481961209 -0.44483536242879984091 -0.51186012967584071376 0.99988197334813300188 0.00088910526039275104143 0.015337824659102093985 0.012644017833008829033 0.51948701175463674051 -0.85438479236896958113 -0.0087274387122590526417 0.85447788392102830279 0.51941445657923090984
-3.6522570986676194948 -4.142507386896888022 -6.0782345376599984377 -0.99879620559419279857 -0.0075746525675748788836 0.048464051927921324159 0.048850844032093242164 -0.24307749277785739572 0.96877599451174700729 0.004442378658271986698 0.96997729723080006181 0.2431549056230405681
-5.3970539438185163306 4.5381279623185077909 0.67981149822087982848 0.99283765338011675805 -5.2717564398412422588e-05 0.11947129886114719877 -0.0081922786335127187329 -0.99767617596793822798 0.06763974036662645517 0.11919010278334871145 -0.068134023269827176383 -0.99053090525814624367
-3.8915257584657809709 5.9129024863554020541 -3.8946373958000277682 -0.89603872592372335593 0.0050255618076138980702 -0.44394745789728379259 -0.35779667717669877414 -0.60019837673992826321 0.71536245803099574037 -0.26286144534014349583 0.79983539074447362882 0.5395991181112473889
-1.4651845130379761439 3.1872110900549532886 -4.7165565481251672253 -0.99904807338478707202 -0.0068334219952427563763 0.043084236212712963277 -0.0099632843974713329593 -0.92580526331519863437 -0.37786948458692609654 0.042469754298948142468 -0.37793904106590803238 0.92485588131774187914
6.9460914860769511492 3.7805431498809669577 -1.3250913065744445163 0.96819328385505287748 -0.00053457232290006354361 -0.25020287634313864711 0.087646331361466420229 -0.93591069324820430619 0.34115875316696986363 -0.23434992147818106689 -0.35223697775216178396 -0.90609559418806251418
3.2159225834654754372 4.1645048056924194313 0.50684491608133719343 -0.99997980208974868166 0.003172129181310603778 -0.0055075411058418330401 0.0018208500132703385466 -0.68724067273960010027 -0.7264275202921702812 -0.006089328189925412825 -0.72642287638056834975 0.68722101594268369951
-4.2785675847730777477 4.6184097802730121884 7.1268472348577986963 0.96995668989908723212 -0.0032089033639588785893 0.2432564956159123104 0.11908258741101276912 0.87819422460851881418 -0.46324317721894464617 -0.21213994695870472262 0.47829343169600263552 0.85219248770506383917
-0.30309461566550549572 -1.4028593967079576732 -5.1653540082953020018 0.99906807960714305583 -0.0039636055679231107021 0.042979787586408677025 -0.039607956077932833516 -0.47989016002168677355 0.87643405007428965003 0.017151738261693763588 -0.87731962484900682941 -0.47959993091049651914
-5.5434603139426528173 5.106691649134162958 4.3200522479044183299 0.86106047318234302246 0.00010404890687419100781 0.50850255721761816741 -0.47953301212008664356 -0.33254246673524340272 0.81207364081381583354 0.16918319009293511512 -0.94308827635131275979 -0.28628927887455873913
-1.8657755632712800242 -3.3827145651413985661 7.1203166914059341508 -0.99127965729463984879 -0.0086219749319797131526 -0.1314925951607616994 -0.014222839027968820977 0.99902831262200642026 0.041715002452444832626 0.13100515976032039989 0.043221431349476618911 -0.99043907232518357819
-6.1465104656750337853 -5.0897524840637391463 5.4532001628983621799 -0.99986717888396114962 0.0037943886963652654655 0.01585014842270310309 0.0014365459310915363461 -0.94821827108559486597 0.31761619403836932607 0.016234559630254809248 0.31759677736728997299 0.94808687686291570618
4.4275238830517986699 -5.9790368425325572943 5.8180942237069359635 -0.9366557424426186218 -0.00075882003534227587468 -0.35025054509776309963 -0.34955204489898705766 -0.061135324397715011535 0.9349202319009700668 -0.022122116898446078648 0.99812919820180057151 0.056997505568159252676
-3.3371068724977717146 3.4524553539256621626 -5.1010349481863475063 0.86200903949275142768 0.0058832146456698295595 -0.5068587610154169365 -0.38662122871213522313 0.65430724519941574346 -0.64992773012738414007 0.32781769528474113962 0.75620593535427171883 0.5662933356428249132
-2.8737904504243374504 -3.5403158077157996786 -3.1993687532444412547 0.99432524208165418145 -0.005280773798429992151 0.10625171239739869544 -0.0023193411902536400365 -0.99960590036740193387 -0.02797614353561264991 0.10635757432232967323 0.027570951720455871836 -0.99394562678523423749
-4.3679296331985968393 6.9596590459012936947 5.8805094775941384455 -0.86472281912673409909 0.0019129363527073113375 0.50224574339232175291 0.16130014239113360519 0.94807733967651020013 0.27410148131036066177 -0.47564346957135056337 0.31803411557010219379 -0.82013266682140772978
5.1410219539895161134 -2.6600883290915384727 -1.5149058832092736626 0.904464089571312857 -0.013428036167544166873 -0.42633836154007842545 -0.33957521882837410354 0.58220107911065110962 -0.73873579461137361957 0.25813442512316919775 0.81293394032177901387 0.52202014064520985137
2.8557190887138110824 6.9461317632656518484 -4.5247594776724593402 -0.84737898467735628394 0.0042823668604160423576 -0.53097129645711649282 -0.39912257957199365199 0.65439309491644304106 0.64223893046238067495 0.35021425271262690559 0.7561424063361391612 -0.55280976704213835582
-7.0737496671642912105 -2.6398854448295576702 -0.83466838327802617137 -0.99975975797723370952 -0.0073951138906653349214 -0.020633434512485601675 0.017994508785675579488 -0.81441390204677099884 -0.5800053394637634252 -0.012514950371446379243 -0.58023728632640281244 0.81435131704557939258
-2.1851553447676348441 6.48575275461168399 3.3268189507637053737 -0.99517509308889362529 0.0067041144743449024995 -0.097885591097477075984 -0.094949664756214496864 0.18555827676405955984 0.97803511546725696579 0.024720340978085009187 0.98261039113853498872 -0.18402642193023430184
-5.0409762743859873879 -6.5770082051877869489 6.5797283946001803301 0.90060256875308830615 0.012971165159017760543 -0.43444995342378583958 -0.16884868362468177794 -0.91060729179404498179 -0.37720615340929536385 -0.40050609882209314838 0.41306913344626439155 -0.81790510195271648453
-5.6535757986713797152 -5.9982852458083080194 -4.3437062825512740005 -0.966784511899273169 0.0083545935721414891356 0.25545627476698395952 -0.022514397623788061364 -0.9983641702647787497 -0.052555546150163626185 0.25459931156865400759 -0.056561332177976229862 0.96539111568895608073
-7.1154650077741257164 3.3841427310790668237 5.2596570389302597093 0.12363496034757943953 0.010099654326072763852 0.99227636954756903709 0.99179571581585013185 0.031482698663585155507 -0.12389551151721422961 -0.032490839772379320749 0.99945326887620988821 -0.0061244316909089772244
-0.46170904209138580176 6.1112380295026094146 -4.3113163586510614422 -0.69173143175652362924 -0.0026175536217377323722 -0.72215010540264401584 -0.71767918319418366746 0.11365259335032004695 0.68703688258663841992 0.080275876386889030711 0.99351710425027539575 -0.080495634866297571808
-5.964220028822150077 4.9636010605566820431 2.9494936742935098373 0.90137151523916914098 -0.0012547233701161314423 0.43304482121900716995 -0.43228287188060615653 -0.061972638874990562674 0.89960597525224528237 0.025708173681094285967 -0.99807706000087126341 -0.056402766827973196961
3.5364185233679394926 6.6499422527243545744 -1.550067371755041945 0.89079510789393978598 -0.0054507967725581684196 -0.45437249539002044774 -0.0079739242092446982468 -0.99996159370453352455 -0.0036369834561016233659 -0.45433522016794736231 0.0068629389112134613071 -0.89080435999410578773
2.9965328877351571357 -7.0958718032991567881 -6.623271237429603886 0.91592059698819328073 0.00051624196582134365685 0.4013591826619801739 0.13175052990839730693 -0.9449731256328215423 -0.2994454703290617692 0.37911905502319698247 0.32714755894850816587 -0.86558836452003784512
6.5530470884855551716 -1.3598052279180383728 -2.3623204144076628275 0.99536518504474613689 0.019470138987170218514 0.094175697973381419792 -0.093212277613419367017 -0.045566141631639134335 0.99460303540605699002 0.023656282528560085288 -0.99877156568691694005 -0.043540094996504657976
6.1839861489359648772 1.9704022283985183073 -3.7605337871780042391 0.60225922879746152105 -0.0030130261578498415166 -0.79829489726647628878 -0.095915712284046245051 -0.9930218071901766308 -0.068613894961500276892 -0.79251750609393512015 0.11789237514834094434 -0.5983455443275231822
0.24083139550237003812 7.1112824713736344506 -3.681230758476766507 -0.95152303889090161793 0.00076620805586625735997 -0.30757652606276586482 -0.15212227511130829716 0.8679559639357573575 0.47276977281046617119 0.26732512017134807403 0.49664057183590276656 -0.82576353911502520244
1.5371449517495914261 -4.7117757509574387242 1.3957099295298471819 0.8764825076815191407 -0.00083726488805478324617 0.48143297842569882095 0.26041495079456933315 -0.84025115818966733539 -0.47556497407128184296 0.4049227915676982259 0.54219672642715233124 -0.73624740591775417187
4.7904873206383049578 7.0176077767706246391 -6.5310544833368524564 -0.9864948157123157868 0.0089249961839609117525 0.16354914556733959885 0.049383619960128244397 0.96825610846718135338 0.24503339873512999803 -0.15617053708151354408 0.24980082637804376655 -0.95562037990434389734
-3.2062947101719405651 7.263076266470209319 -4.1553451897074760168 -0.99168982548647943709 0.0097244493773234776113 -0.12828376791653733902 -0.12846822686705020033 -0.12810381721828709156 0.98340496576937630469 -0.006870568550229463195 0.99171308708632310847 0.12828853491001585008
2.6652631518483005379 0.16196070949852567344 -0.9132935986052951316 -0.82240037502362339783 0.0019882950808807267618 0.56890567745792108845 0.44538739945313088331 -0.61991919195008104992 0.64601103694928174725 0.35396000843242486633 0.78466313927359854219 0.50893621436867597652
4.8239583007194353215 -1.5053604412811525393 -7.4806170018498745478 0.9986837555956727952 0.0093882153908474499926 0.050424376259725338378 -0.0094764918809184250925 -0.93240665309820602857 0.36128663047458470237 0.050407860607643850681 -0.36128893516107274397 -0.93109041071156684044
3.8467492467697836922 7.3447203490755406108 0.67806101383399652871 0.98834263020166301938 -0.0015152104097617331326 0.15223846249698930189 0.1474281647452149735 0.25908989564668077898 -0.95453515504333807939 -0.037997125758388872185 0.96585202288511129431 0.25629297361206432315
1.062115789151196088 -2.2550248515501607471 -3.2914807844307718554 -0.43988374742975894227 -0.0078291525696284058888 0.89802059726782279547 -0.12421238557177526063 0.99088138120196211922 -0.052205092258807692107 -0.88942316813639410444 -0.13450945229696739669 -0.43684509293923856621
-0.43500167679342693905 2.5959371162987054937 -2.098700063752187539 -0.80708435946380308046 0.00084206634074830699621 -0.59043554062509651104 0.58938236631283891231 0.060867385780283236874 -0.80555793561220290222 0.035259934606518050781 -0.99814550656329126266 -0.049621414117219091178
0.2303715213845197729 -4.8213823330914307164 1.7289710900627566215 0.5625760721831147837 -0.0061957797044545747517 0.8267223084693483548 -0.49647750098915133243 0.79705520696800402636 0.34382130250569120644 -0.66107356173013398504 -0.60387466361743902254 0.44532812242477287645
-4.7932363018237884589 -0.98319353683025045854 -1.7552018325857774439 0.78783347371805301229 -0.0045666201052167870733 -0.61587138565635490828 -0.10781725981496029232 0.98350812661340569765 -0.14521433597062385901 0.60637765144792865613 0.1808062799413242272 0.77434826335333817315
5.689970073032083242 -2.7828992316876446367 1.6119986446336598274 -0.99444656533568198675 0.00087897759789792211452 0.1052390426144644564 -0.10249715092954013451 -0.23500656314620471665 -0.96657449238510606548 0.023882268388137034565 -0.97199338612799746073 0.2337915622515895353
-0.30592440301275952708 4.4963539902767806211 0.69434372319616943781 -0.99837937450631430991 0.0048020215056181888777 0.056705953389687042965 -0.0098553647081652956397 0.96678881878854738829 -0.25538647507613315701 -0.056049053041428438526 -0.25553144709567865434 -0.96517469050857229718
-2.755778198525046907 -2.6964333212940920781 1.6479507257572716394 0.84027072791331736124 0.00031450457198952536109 0.54216695297561767752 0.1949132072660881565 -0.93331721090059616142 -0.30154241073193061018 0.50591891192685090051 0.35905276064057883856 -0.78430043327230802852
5.8061974654935699647 1.3639120351128013464 2.2838747453968744061 0.89796602501156519427 0.0087382352383831955744 0.43997802350784348535 -0.37320136243699919554 0.54491712715979434556 0.75085688889633883658 -0.23319039645775707648 -0.83844437369024449325 0.49257818793260887968
6.7660435928513917858 -2.1168550132374202022 -5.3148267326149429834 -0.93368551728603843554 -0.007322466854422187213 0.35801918424751616454 -0.066376021191848641467 0.98600432409282479096 -0.15293690424824457619 -0.35188858836404957042 -0.16655886151587909194 -0.92110399360208083941
-4.2974543977015882135 -4.9016060625525552652 -6.9763467303326960334 -0.62396547112424227688 8.0832171475997329629e-05 0.78145190786834217711 0.74635474880988528223 -0.29626312054752396152 0.59597210700877611966 0.23156355450243129579 0.95510635893059847579 0.18479762811414474077
-2.7552164042669455846 -2.4469927686501988795 -3.5212827511288837812 -0.99863140612060352641 -0.0045970335657736678681 0.052097811777848286596 -0.0050379568273467116579 0.99995257047942243123 -0.0083352134179467702452 -0.052057023547758929372 -0.0085862724223851934896 -0.9986072011683545524
-3.2656654621487195556 -2.0192559829957481554 4.3366589653461495857 -0.89062721583414750093 0.016965475975480752424 0.45441757782935832122 -0.097009400367588524694 0.96921095589683847749 -0.22631681159396377367 -0.44426606741436353021 -0.24564668854802326758 -0.86155984455499989849
-5.9184317890738959989 -1.7512143370726571678 -0.33065064699068058562 -0.99848933909480441784 0.011245282916181691818 -0.053782741899051911272 -0.047130891374239133884 0.32786441466028481972 0.94354841141185441522 0.028243916023023715733 0.94465785828074000374 -0.3268391224992502897
-1.6073487732733537925 -3.8017479309115733699 2.9068210145657737975 -0.65370470973137273507 -0.013477248340592497614 -0.75662970880878943625 -0.40858149649128683301 -0.83529948125171660234 0.3678803301964751471 -0.63697041783738317378 0.54963000318186649995 0.54053265063488076247
6.8351525877524865749 -7.3459604530616200435 3.2588786470722301836 0.92400530681429060564 -0.00101958586321107352 -0.38237828576378046774 -0.38008893227136730797 -0.11174395222752239731 -0.91817519717385631672 -0.041792302446251712589 0.99373650913371169846 -0.1036395381647358116
-5.5074646217431997286 -2.4607696688522548989 -3.1539264139643066187 -0.98455495980597929062 0.00068714487338526622842 0.17507443832096658554 -0.14951877044204239797 0.51693090310871303572 -0.84286806719484974604 -0.091080559983806472224 -0.85602685077227347321 -0.50884414347602702211
0.33391001679862231111 2.2005681609018514777 7.1694762399233828987 0.95194256418460720948 0.0075874451336885055316 -0.30618260102426836378 0.13624992472283167788 -0.90581667284123090766 0.40116344950143401071 -0.27430149927895819406 -0.42360191911653638508 -0.86331923505406549246
5.0920980780964235635 -0.63956783172028996987 -3.8394905665649754489 0.99473121334958725104 -0.0051404870240237474088 -0.10238842015136020991 -0.074794652026832220137 -0.71942524929310414095 -0.69053100633324271396 -0.070111149014365048426 0.69455085204222211104 -0.71601923208195217274
0.31990158688897041284 -2.1878845189387359227 -6.7988832865349575485 0.98516996335928863626 -0.0053751548142427080235 -0.17149708745418915101 0.10857153101656384642 -0.7544306799357513027 0.64733806610170019358 -0.13286220661754294392 -0.65635772021235361251 -0.74265885652183627474
6.3004016590205651482 3.0958570660491884219 2.7518004080388109855 -0.97065597456232188822 -0.00371017716792019581 0.24044378476422273438 -0.016428487692451032576 0.99856799604940127413 -0.050912297708744773395 -0.23991057467002163683 -0.053368453708414975711 -0.96932694397207264103
-1.3816437565912040863 -2.0598413297161277669 4.3556645897120072064 0.7983841985384864115 -0.01154196607829368823 -0.60203775175915097417 -0.5916313715607460777 -0.20108407615248147238 -0.78072883545005844486 -0.11204905938626368023 0.97950598637121688572 -0.16737093819924406257
-4.7701776681466583341 3.7804904706046555951 -2.3546982790746979752 -0.70878937004791242593 -0.0044927112599866302414 0.70540587214218075651 -0.43105650321750910159 0.79432399252378571575 -0.42806504871917222532 -0.55839763604528191987 -0.60747774481579241979 -0.56494501468056335103
-1.7261004351890734121 5.5009503056122515119 -6.2847005029969640333 -0.99323698531987147931 0.00080345760603914751115 -0.11610187530179054416 0.11227212953659407302 0.26145175016400606927 -0.9586646709175784542 0.029584792073559587622 -0.96521621245814248624 -0.25977375403586111524
-5.434827954541082029 -1.8193096520872300559 -5.3209343032634537352 0.99696488378947112352 0.0083211632328109852441 0.077406580684061046527 -0.025552969517874959959 -0.90421414692812174252 0.42631422946472624647 0.073539555611706122762 -0.42699828423273522571 -0.90125712148248648958
-5.9421648126388086908 -2.2787776932815466679 4.9997033523149356782 0.99376521065758938178 -0.0028945635660684275459 -0.11145549599963415488 -0.074615505903117940179 0.72553049577802108949 -0.68413304698342192189 0.082844627861922481848 0.68818392977297515589 0.72079098665049512462
-3.5565544653145075848 4.5941977821197959031 -2.0505648803084710607 0.9243194691901613913 -0.0088999217994266376086 0.3815158060527598094 -0.22399879034426228852 0.79673639482040048421 0.56128037476200576261 -0.30896287932436478085 -0.60426145711984513564 0.73444538982757656687
-0.92838205109032323481 -5.6695021358176971304 -3.0247282129793986449 0.99962317146056112183 -0.00062693275252335197573 0.027443068969179175431 -0.0079942217112360953318 0.94975596039829990325 0.31288929049611641231 -0.026260378869194651169 -0.31299077085943266541 0.94939305340739466033
-5.3556060528208728755 -6.6861894685538354466 -5.8587412732534991378 0.93185127050593041798 0.0093245659135015954849 -0.3627206392348213404 0.3303157838656411438 -0.43547935788809744029 0.8374062405921339769 -0.15014890137995950958 -0.90015042149846036246 -0.40888204422602208998
-2.8873703622099711197 -1.6708348816012619231 -5.1405330594758966711 0.9369755864244107002 0.0061747513760527237073 -0.34934026806250911834 -0.30688616759160580738 0.49251285578253056752 -0.81440282847615297346 0.16702583807750656653 0.87028326384823362361 0.46336746765403125092
3.0448797012412511798 -7.4063779112672012417 7.346405217373655816 0.92682626877152318734 -0.011525368144021072223 0.37531351348461616801 0.34155088499503138966 -0.38938460236326938313 -0.85540787020084363412 0.15600019382716409644 0.92100314729735599517 -0.35695537843593028171
-0.10473482432913208684 -2.4875829413130414736 -4.9150405706105955161 0.96630260859296790432 -0.0056245657257966100856 0.25734730013479567567 -0.049538848411917295322 -0.98513559305391429355 0.16448028999328631605 0.25259685493746797391 -0.17168642217325766341 -0.95221772789473546617
0.31789230304588012022 -5.202382922120208697 5.260315197566416856 0.99904658493929154872 0.0042151479639283657638 -0.043452889993413269798 -0.043149472952002304593 0.24664519884514179981 -0.96814475615509354434 0.0066365732950923427003 0.96909668166505613662 0.24659192501093019079
-0.77527884503307986641 -6.8946280468284566467 -3.5334005352443993431 -0.98912372736297893283 0.0024403018000031060503 -0.14706562104970763438 0.10686300379235652569 0.69895790669006119256 -0.7071337519140468153 0.10106705886731923161 -0.71515864645731130889 -0.69161662791564859631
5.0148380431076127195 0.67128604638096456281 -5.5808266032960354153 -0.99688165407407414165 -0.0077413222025959288822 -0.078530501724152532161 0.031136377355006045198 0.87584359817004175941 -0.48158957375489680475 0.072508577256085754437 -0.48253296620523633553 -0.87287137812471793374
3.4501147816575010729 -2.6116713130764317441 -5.0604070496299140558 -0.81920529220134274961 -0.0077797848431089000609 0.57344761240860853135 -0.3300881746863981725 0.82407524963598099976 -0.46037134996627959715 -0.46898239429806554135 -0.56642692192844024124 -0.67765482065214799334
0.1550361142810354198 -5.560863115329572004 -5.1818421270010412982 0.87912569816873775697 0.00069237181612577525236 0.47658947474811808043 0.4109041433607409366 0.50550825839829960362 -0.7586957134846583628 -0.24144521487985254327 0.86282148867103891643 0.4441208021464709832
7.1500150820592267564 -0.54765066025752973111 -6.8575027169988818088 0.93130482950954329713 -0.00011264188173283813145 -0.36424071964032278537 -0.3009711070312551251 0.56299632369303531654 -0.76970873208023538048 0.20515288753681007461 0.82645939211789543055 0.52428729329953349669
0.10280317119999927977 1.6655926358139439003 -1.031943787898722098 0.77900276729503570294 -0.0060930822394949721299 -0.62699087943562226144 -0.13192461638378644162 0.97597667837132706659 -0.17339382592019161877 0.61298497872185742086 0.21778980146937756968 0.75948470572967474723
-1.4632653150345857895 -0.76859123302380605303 2.8512063440375383649 -0.5875106698261886029 0.0023725438857685604566 -0.80921294099625717955 0.0056758863440329286598 -0.99995902142678394497 -0.0070526435761755100137 -0.80919651331092978808 -0.0087365040326582103086 0.58747312818775676568
0.67196553684143367491 -1.2345363180260409131 -2.9654842505123841789 0.78651402415023097259 0.00074761919211380027661 -0.61757196413094173071 0.37976518562165961779 0.78799387963724976114 0.48460710832996883868 0.48700522954557251554 -0.61568261849733618707 0.61948431753790811349
1.9818130096580770516 -6.3725758453152971938 -7.4849316170324833308 -0.99662334936704477517 0.005453183982486850892 -0.081927786989895737269 0.035821129431940303134 0.92670874036285333375 -0.37406918774657038629 0.07388332817913058348 -0.37574083264878871402 -0.92377490791730165753
3.2101931255818350053 2.345517541337920786 2.1881142658226115927 -0.63057224645880682878 -0.011914130702759845315 0.7760391069304799494 0.30648568449652863199 -0.92244285379297030758 0.23487381012992650242 0.71305341117940301832 0.38594978297165166703 0.5853183730497319992
3.7991672373581750755 2.172628214572052574 -1.6142199651080750833 -0.7053970617222642403 -0.0046284740044172049261 0.70879726476749915776 -0.44509986694478892444 -0.77534334684248507052 -0.44802768101171580595 0.55163492797250879285 -0.63152297799477286055 0.54486478552514028273
-0.24351707049464529908 -0.23094180813231579563 -1.7067365600982622453 0.69276060601233979686 -0.0040845579533694050672 -0.72115605741312815979 0.36753858595502209017 0.86237138368075294537 0.34818240111002851656 0.62048217588550103052 -0.50625972879040093133 0.5989181550209191629
-6.8751174462812878474 -2.9672102387315657523 -3.9315858609782465827 -0.85832748277963377692 -0.00099354835097329938232 -0.51310130107709595038 0.49339533148360248394 -0.27607846158130538994 -0.82482830329780409961 -0.14083671103614356368 -0.96113458782448368822 0.23745594309671011479
-2.6282628149862548028 -6.337524375534512977 -6.0748798415015601293 0.99995827630880629311 -0.0032189796159270054297 0.0085489070457847073092 -0.0082087239255823393064 -0.72723937832427176797 0.68633483334743816684 0.0040078040070938326933 -0.68637637254264427522 -0.72723545892807361923
-4.9563341434560754806 -4.2463750066389467364 5.7844511179225817088 -0.9985051070479505908 0.0081530727106909148955 -0.054047003659094247641 -0.048677663909163962352 -0.58238528125080313291 0.81145416951214022205 -0.024860334581391817926 0.81287201427266830844 0.58191155013181838918
0.96209365853151873615 -3.6840702810256118482 -3.286678369861694371 0.72676512496060419188 -0.0050606120283707475144 0.68686741322250888242 0.50944282132245244377 -0.66677546183708868988 -0.54394714384285292041 0.46073904213121597007 0.74524148683352742228 -0.48201105937341204299
-1.6243783131884859117 -3.3989418380759102156 -5.3370647787460292477 0.99739965311170186713 0.0023345471111937427661 0.072031117320963136685 -0.042270328264982968969 -0.7905550426797089969 0.61093039197780774074 0.058370808809714402887 -0.61238654000841619141 -0.78840064326165881781
-4.9268432747216159839 2.5059547426606743059 -4.7567018861537588847 0.93130536724531753912 -0.0057205338053200700463 -0.36419443767442272186 -0.35072168885087234846 -0.28395192943836988775 -0.89239318617854757054 -0.098308747879189833929 0.95882145223252868149 -0.26645227120295633672
-0.71129452162565598439 -2.9992914515880464421 2.1296456741751090824 0.83674062814901439822 0.0096962206146958378195 0.54751356559489350317 0.027806810818698606685 -0.99930566293191880334 -0.024798655294142081529 0.54689295339835497511 0.035974648547249764297 -0.83642926908683479237
-7.0592433969571199981 4.9271791828340640862 -0.52400127481454683576 -0.97041376712582816388 -0.0039965070674928427491 -0.24141488873670607918 -0.2399909052957886757 -0.093714146622039654067 0.96624118319297569446 -0.026485579997304765226 0.99559112423424422911 0.089982372707351154784
0.66989138309323181808 3.5022088797939803229 0.47944252212495769294 -0.99268648137527226716 0.0097257411593704642949 0.12032854878929011289 -0.039492684800439117887 0.91574119234416295754 -0.3998229564335921693 -0.11407838332522489411 -0.4016509412449709715 -0.90865980644847355041
-1.0744989077423980905 -5.953442617010910709 -4.5025130126790102736 -0.83495890548573992174 8.8283628292610411004e-05 -0.55031229166370321249 0.54190800266023941845 -0.17396721532555919909 -0.82223544355910760384 -0.095808886868407355797 -0.9847514408204040004 0.14520763409394477073
2.1883189872438140178 5.7535215930954093366 -1.8281487552495219173 -0.83041102080133011309 -0.00033659605880310364961 -0.55715116730991753879 -0.26803538319027475634 0.87691685398119234573 0.39896599424215123397 0.48844095844814161556 0.48064198516849332421 -0.7282916395260559117
0.96822576950086902681 -2.4520988813871293921 4.9882316591119444382 -0.96257446398822221756 -0.0017454583199268849762 -0.27101172419858693408 0.099774569172525126581 -0.93203009167885353392 -0.34837471715331641553 -0.25198300860239553067 -0.36237668465346412061 0.89732251827050579784
1.7208730443420492406 -1.7159944640278228523 -2.4545968495021970313 0.59198901229070555186 0.00076959156522532056605 -0.80594566631746811236 -0.25578635405495186994 0.94847940942077391124 -0.18697633803237856398 0.76427897420139212503 0.31683784122726754706 0.56168623978165510557
1.4673350301974836807 -4.1275879680366838187 4.9688710897082168927 0.18887423743497575024 -0.0045616116384090323738 0.98199068943275147348 -0.94663808397366966396 -0.26678631151373322083 0.18083528958556438493 0.2611567736130263051 -0.96374491214642632464 -0.054707256446437042829
4.5759684709927688218 0.7543986888074425412 7.0085639475488488159 0.99055665376389523402 -0.00049818727001392157372 -0.1371031272198299511 -0.1325183439246698236 -0.25994337583374577116 -0.95648749593691584359 -0.035162539832433732656 0.96562373270841717066 -0.25755465948595601677
5.5791900669847382943 -4.1031585415763665026 -1.4185516882517286152 -0.9949637018517877296 0.0047077785370247616017 -0.10012526563552159864 -0.097986226858477881718 -0.25612309169524088981 0.96166504628510385277 -0.021117086526676050184 0.96663271138611150946 0.2552944768985356272
3.1330121227078433499 5.8362362581871503053 -2.9990148265032186004 -0.45738547077005270447 0.00013506932107296815669 -0.88926852687178981061 0.44093175056445421678 -0.86838146880986588627 -0.22692028550100262763 -0.77225495950018985258 -0.49589676988660869039 0.39712551056740053035
3.0971535960879350569 6.8384958892754950099 6.4782375267832819077 0.95481261147363849506 -0.0014977591822015251175 0.29720469997682336105 0.2922742455596828437 0.18619079855466041939 -0.93803451531171810895 -0.053931830614381275069 0.98251246467967301434 0.17821507903537309181
-5.1807442983326001951 -5.0077665424374719905 4.0576917796115621329 0.98566315085052902401 0.0066275225096497324129 -0.16859486647209190324 -0.034164092554197007801 0.98636938083562419877 -0.16096042783805739051 0.16523004519543682544 0.16441265308743591156 0.97245437510948740112
7.2782521099874664117 -3.719204438934826662 -0.68027000049161534534 0.99224915078800168811 -0.014130778970415636825 -0.1234582676296485243 -0.12422841355265419605 -0.088917457607721600565 -0.98826159846412087173 0.0029873109345797117624 0.99593875656005004249 -0.089983716055175133608
-4.8401937771687029155 6.0583660087390711624 4.2066631907095679566 -0.63227758788122367939 -0.0016228998058557828413 -0.77474022617860238693 0.64569088637574367784 0.55152441024171472428 -0.52811372275190338055 0.4281452219919019142 -0.83415717410075485017 -0.34766863215111726282
-0.87653459586472681764 -2.839660882469551062 0.98173612484006711476 0.95197095098667561253 -0.0026111129355305033942 0.30617722084866755283 0.30530259666228032334 -0.067911302160159295327 -0.94983071097440374686 0.023273009015610482408 0.99768794576660480011 -0.063852407340675626513
-4.0586265039273952127 -5.0795574248746317991 6.450000626367210721 0.97864418411770492945 0.0023711312565969345188 0.20554789862480205009 -0.066832892261177584414 0.94927883653379752094 0.30725080149775196858 -0.19439373807948642781 -0.31442657051448896777 0.92916468203969426742
1.784230008227424058 1.3782026783621681432 -4.2467867376830810144 -0.67675271950423421252 -0.0066935303676830103931 0.73617997344055718933 0.68035446142020794547 0.37637514608060945731 0.628855751534877494 -0.2812891101151051565 0.92644316936548631869 -0.25015893041558601162
3.9986428563307634398 -3.4953558403794371401 2.3143699622583784326 -0.96515691905387390737 0.0029172368377295273753 -0.26165552035372424688 -0.24391412644186183378 -0.37211137717838888017 0.89556631351141002817 -0.094752416984747692141 0.92818350163303720013 0.35985742561733330414
7.2069801182580564003 -2.8911288343188208394 6.1986887052730903491 0.84541746793817873495 -0.013429123478418703366 -0.53393722809682164776 0.23045863068006661178 0.9110068800429207414 0.34198725715950761828 0.4818278992027713592 -0.41217244347122772297 0.77327598720820889255
-5.1023310273712674245 -3.7752541010766003104 -5.4871647219513572935 -0.89547124287819768185 -0.015691767883498044384 -0.44484269309362778344 -0.44511753608678039651 0.034436310359663435676 0.89480976726719263503 0.0012775938727217581864 0.99928369793038185342 -0.037821406695043552348
-1.3292580446790689397 5.7997527144569609447 -1.9463740674694813837 0.99446198913479344483 -0.006704266308835278923 -0.10488281546228532537 0.091967667201943686939 0.53851422702698026335 0.83758245891322324894 0.050865512436966117682 -0.84258974602294101075 0.53614850511942624411
-5.9373259732739427363 -3.9960904049672207883 -7.5083135882315739096 0.32281171636413713566 -0.0011310059597834550005 -0.94646252783920237217 -0.53491032850250497255 0.82475751277174735865 -0.18342842088366220765 0.78080953902949423728 0.56548542505715615469 0.26563640151256756594
-2.5909241389855144355 -1.6738119827742297119 2.4528605277818003039 -0.49442271475076560172 -0.0021903809141124389731 -0.86921883399397514847 -0.43893612139108761916 0.86375974765892293838 0.24749581746424179074 0.75025413059624446177 0.50389909759358342267 -0.42802387663281427077
-3.364203063515196046 5.1501211608995376423 3.9863144205813134668 -0.99919645496114473104 0.004836929881472774341 -0.039787542050393975845 0.015319857659918792447 0.96340495032546002996 -0.26761203943320860388 0.037037094302394629741 -0.2680065405874944573 -0.96270491213449493895
-1.1017898314950698158 -2.9497518482434128551 -6.8467826429716938108 0.93192400527439911428 0.013837504955669965509 -0.36238953054667472076 0.066334009356144973957 -0.98891735024896376682 0.13282422060498549898 -0.35653533849537177858 -0.14782083017352554144 -0.92251371511262147962
-3.3552494808106128055 0.12263965238149063253 -2.8123859951758412024 -0.95297507552009386167 -0.0041919516096740180519 0.3030196907449724808 0.24630377369397410403 -0.59326627214107074959 0.76640040540432929905 0.17655864890057523797 0.80499537755285077711 0.56640046399770005436
-7.1443906270048866958 1.7492267909205747589 -3.9777955515853857804 0.70501948545251347245 -0.0020890982868214634516 -0.70918485657873797656 -0.67357596942825459507 -0.31487483357078316359 -0.66869219570182636403 -0.22190749996578532088 0.94913090501375263486 -0.22340005954976077662
-4.5810794258209304175 6.0374222325290318736 -2.6584238459543043653 -0.45409513554653413436 -0.0024639815546730302331 -0.89094979469551371931 -0.22195430804772298128 0.96878175951986222891 0.11044540533927493797 0.86286377430740524019 0.24790286649486995008 -0.44046597572513940255
6.6683119774127748158 5.3439091741073365682 5.6522975936413715203 -0.91614612791016369897 0.0094325319580239163492 0.40073345212979571972 -0.14780348593854536476 -0.93722828392951873511 -0.31584374831049422117 0.37259951940318114527 -0.34858882819630465644 0.86003222439467719163
3.6232013971315146783 -4.2479544264622282057 -6.6511517377231275105 -0.84853090693363497632 0.011864333488642068992 -0.52901279527936251323 0.46600025245667658913 0.49037535796164305468 -0.73646165753166326073 0.25067721214479793401 -0.87143057434021897745 -0.42162742962997568075
1.9041010862158571637 -0.50755786390086188309 6.0368084970202167128 0.9737033827807088926 -0.0046783667655307843714 -0.22777145397478804068 0.061214020504581662108 0.96839478453648020206 0.24179409623968109444 0.21944148663147539091 -0.24937853589900466078 0.94321565920946093264
-6.1444446416127149746 2.8636133756703054942 -2.5354154826587209648 -0.98258831688435221974 0.0052188509363775229671 -0.18572281259234715844 -0.07703568692523329875 0.8981897154568564412 0.43280565845123303292 0.16907306841201533154 0.43957706792141154617 -0.88214868298672943769
2.4825857230089063421 5.8241493483449104929 7.1642595244814710753 -0.80258165412041282405 -0.0073045523553102193609 0.5964975540472424731 0.16354912180581926417 -0.96430578980326153715 0.20824511640978077276 0.5736849076156274041 0.26469036111445942705 0.77512878898106507553
-3.6134438427051462916 5.6114208092391466565 -5.3722393563321055865 0.99999725262232441736 0.0018547154798489191158 0.0014334497970133757046 0.0023361741368037782646 -0.8387643204866199742 -0.54448962980846182802 0.00019245319993573071354 0.54449148267815672408 -0.83876634902267999117
1.9011520163560642338 4.2749072919092698797 -6.4197336671037481537 0.99203550037872045841 -0.003559523667915009959 -0.12590828320485031311 -0.12582371829365177063 -0.074249851797687976829 -0.98927011044638191173 -0.0058273409959646062239 0.99723331738333131913 -0.074106361384465718745
4.5459163129222455169 -5.9048596489462452652 -5.2467013309090733131 -0.9985344828697492181 -0.012683230970342344868 0.052611996467727351057 0.04059257713053311678 0.46742800477957269223 0.8830986938217418869 -0.03579286523973437828 0.88394015408278059365 -0.46622813599988960354
5.5547391575280720133 6.5370355185633659545 -1.37877618784783329 0.98479900854328039639 -0.00054523435891742607143 -0.17369690697216430553 0.039293975554561447194 0.97477065336748813795 0.21972290918031214813 0.1691948470175867747 -0.22320814513154135783 0.95997459741885338147
-3.8169528888137898015 0.57614834821445992663 -1.3366011806031494746 0.84472876646290073754 0.0066993981937778284905 -0.53515271574912781638 -0.52512260913339925406 0.2034521747164628469 -0.8263494769042942778 0.10334193963157276008 0.97906196467175632403 0.17537991004163563935
7.2966935055203503424 -2.41388929294762411 0.54547392833686458857 0.99718606182842428609 -0.00038100161266409519022 -0.07496541157660428778 0.061890666804206913298 -0.56009527278413628881 0.82611308594369003977 -0.042302523064317601453 -0.82842811410686190143 -0.55849561887253573733
-3.8142734745994353318 -5.9437547805829646919 -6.8956974974725762095 0.95245681424005579352 -0.0086745259926831481262 -0.30455011017307176413 0.20615651134422602331 0.75435827248487319352 0.62325202732452777976 0.22433347908422329731 -0.6564056286569208698 0.72028198702273638077
-2.2603245167442116426 5.4847228280060793537 -2.8094764609163207503 -0.85088400678480469175 0.0017510673638775789245 0.52535068360195213977 -0.41901483860458454966 0.60093945964419348549 -0.68066021690102895825 -0.3168958378191717995 -0.79929262451600335826 -0.51059605204827596125
-2.7487021484895337586 -4.3997027162825217417 -2.5671808644342477557 0.98955969823356249027 -0.0059909316451862443947 0.14399900128127587906 -0.071808993664808001833 -0.88678117733924288757 0.45657706024902505737 0.12496028193317670896 -0.46215068133118036853 -0.8779531170195352674
-2.9959976239287744448 -6.6208097548545428168 7.2598953764636755537 0.95039460813676457374 0.0093303536284479876572 0.31090679202260906866 0.22683356058835721369 -0.70472033137064038488 -0.67224682248694089814 0.21283003692009513919 0.70942385007417507747 -0.67187884051400881269
6.5484309613822588858 -0.70433098216584744122 2.5027304567353367837 0.96375231367069458255 0.010252264721338614356 0.26660151717984664765 -0.17190582063385118072 0.78804643572650667771 0.59112706245871571298 -0.20403398424456509197 -0.61553042671093294302 0.76124399969157430235
2.232903983902568168 -0.76581211626185108354 7.1708505624235856502 -0.96132606864077752018 0.0078022755198066543261 -0.27530222347146160455 0.12624304768027222456 -0.87591746829047845146 -0.46565145941575131205 -0.24477516758040659961 -0.4823978785611514053 0.84105731320495458192
5.2123482448056366323 7.2905756990048224964 3.0761359289803444916 -0.90012210218930499561 -0.012297212055500125402 0.43546409694248483513 -0.24777257103036848251 -0.80772550564763578862 -0.53496566298333858569 0.35831404409439493453 -0.58943047605454268467 0.72400466828799936447
0.21203358908485084311 6.7545244793905059311 -0.05616604144256839154 0.9924264019092580158 0.00067587815852785662271 0.12283883743426765589 0.061312776032042042018 -0.86924270508146161962 -0.49056891784734479867 0.10644519852361405965 0.49438513615541695989 -0.86270085015599551337
-4.4925998382015146504 -6.4833309352972392503 -2.3874434098087271572 0.69921734665063961511 0.012211388394121787393 0.71480485738167498511 0.71330217408782747857 0.055085462219002373496 -0.69868848587466492184 -0.047907312432785786882 0.99840696804749862192 0.029806300841668194324
