1125 14.717824617146108679 14.977075390850430381 15.033177056927090831
6.1778788074605603953 4.4813570130045699003 1.5813325045678447989 0.9947442379877822205 0.0098778020928138865475 0.10191334562210632719 -0.070181807548218649861 0.79051922817997910542 0.60840271512137078513 -0.074554777709712416467 -0.61235755805207636726 0.78705768925608277087
-1.593738343503407151 2.2668733874156350439 -4.5672274558988057436 -0.99889471703470822384 -0.0063251716699121050477 -0.046576136416426723585 0.024776836425659160695 0.77120238385226147493 -0.6361076886167327249 0.039943117766042805783 -0.63655861893775311788 -0.77019326925085107582
-1.64483247061450788 6.0469926688058519559 -5.1878569408033516908 0.99450596546274905307 -0.0018389712546521049669 -0.10466376088987307258 0.093419108084872928832 -0.43553196897315077374 0.89531266842761325631 -0.047230868121638909518 -0.90017138489684522806 -0.43296734623917165763
0.18501012692134163884 3.3154404933300738456 6.749906663885340663 -0.96848407949016246388 -0.00075646149825826704965 -0.24907431730329729347 -0.18331568462451924839 -0.67483045820736364817 0.71484208916814218071 -0.16862368619127396374 0.73797241170759997342 0.65342388387150396323
-2.9750172336042859378 -2.8410744931402782676 -1.9594459051904791203 -0.92951282864655726534 0.00046158916325697552617 0.36878949051859427621 0.35198987840200013366 0.29949432312585533289 0.88679550964019737691 -0.11004102364147441695 0.95409797052025746567 -0.27854629016569354416
-4.2313837395122346763 -5.1346501468914658162 -0.37685537814075120711 -0.41659924450839436183 -0.012163470572794861033 -0.90900886654570711709 -0.79738234030285060072 0.48511516601111026592 0.35894941019469106536 0.43660791661185338608 0.87436567046611712861 -0.21179754829136809846
-6.1380536411301989119 1.6250330892825584073 -2.5913518165145523753 0.99134514035857790315 -0.00062530029537026217759 -0.1312799363456627344 -0.074419059386471142492 0.82112358723798295479 -0.56587795334461887808 0.10815089591591567353 0.57075008846339636559 0.8139703435824573452
-5.3443513865390217532 -5.0513018656698269737 5.8492410199273034976 -0.44027735973172837936 0.0019181961056879475933 0.89785977024895868848 0.28079278550394087821 -0.94954409979932985486 0.1397190543385396222 0.85282545583285940261 0.31362768222844084054 0.41752415358075606333
-0.32637322957481296193 3.6600658603628408727 2.5452950410493691003 0.61279826262526460035 -0.0098152419997661350531 0.79017842943731231298 -0.50402513659619652131 -0.77498625694861589253 0.38125445993465145733 0.6086353185633419649 -0.6319018614985369986 -0.47985736050616145665
-2.5976050770122065536 5.8270353945285338071 -1.0469025772004441066 -0.9972345881283700697 0.010216101867370371709 0.073612549902025564696 -0.044594515157178840625 -0.87462607947723891577 -0.4827427371967698555 0.059451706942151863466 -0.48469047067276083141 0.87266296024343592563
-4.0401471321054476249 4.2692328417877236646 -5.6170353342094045956 -0.99995595354809962974 0.0073649473295145668345 0.0058179476235190822481 -0.00071045533480738713716 0.55870073812172382777 -0.82936902551007130047 -0.0093587508212223391446 -0.82933662813907083056 -0.55867089687041704416
-4.2966438406253928406 1.4157401629327281967 1.6238202931851113409 0.84993462532708508039 0.0037679515125538225878 -0.52687468644023127684 -0.10993927819297269477 0.97923197898839675624 -0.17034695898888421728 0.51529068279994605373 0.20270800148920140038 0.83269741103936112392
-2.1117976185344700113 6.753487409440750433 2.2185411747290717521 -0.99909210079387755776 0.0079131040311727421366 0.041861162381023012125 0.035588810241746184071 -0.38510166915464993931 0.92218769293458979774 0.023418170656158150689 0.92284022842471058468 0.38447041769713807824
-3.4987695701100762768 7.3771275835907283991 -7.3081254277139988673 0.72531271477895531419 0.0046918728192222270909 -0.68840355323717994374 0.56523608951661341582 -0.57488252916325521813 0.59162339437432187594 -0.39297535404671535275 -0.81822250274141117288 -0.41962162375122402658
4.7101643339992529391 -2.6297678685382672725 -4.7652410069521495828 0.37636523807039906631 0.0050509549533799338872 -0.92645760584404390769 -0.6462428617941331499 0.71797482939780055133 -0.2586161401213938893 0.66386698302619950862 0.69605073967722308481 0.27348491117878681589
-4.8654112782001037729 7.1752651131361204762 -7.3881448733515435734 0.48352011000844719035 0.0018870632053451788165 -0.87533121857381823716 -0.79797017048380369797 0.41198619474487918612 -0.43989883195753787248 0.35979426098175498749 0.91118813333575776614 0.20070943035270830124
-1.5860926388273608456 -0.75204583315510775687 7.4817875021701514271 -0.96870130496097883732 -0.008594231528836981937 0.2480804727327513004 -0.066458942897099720915 -0.95393642565570480052 -0.29255513107142622209 0.23916728596503394888 -0.29988570321318219758 0.92350829684010293796
-6.2207002340530195283 -1.842745093476154894 7.0372183462008415233 -0.99995888140169830738 -0.0042576860419109401057 0.0080067231397375829283 0.0059957791114849346911 -0.97281543189695740548 0.23150418159540758767 0.0068033917066217669545 0.23154266901137521284 0.97280095923499898536
0.18270934074294731264 -5.6090711747338444226 4.8838393297007804961 0.98110760070882496731 -0.00026904232402435811601 -0.19346266680529924931 -0.16785196199108781689 -0.49841366216602722705 -0.85053485538337014749 -0.096195606380684528514 0.8669392994797722185 -0.48904259153020024353
5.7110899718181977747 3.4902457711790138006 7.3502537171670612182 0.99394370006393750749 -0.008366580509515560149 0.1095715356909154059 0.078614398262860457622 -0.64256214520549537195 -0.76219004581177374202 0.076783445408798375875 0.76618789463137904061 -0.63801286243442423274
7.1082518867776665061 -6.1391110153369066182 -3.1515117068301816694 0.12500029033006587742 -0.0032534957954285202708 0.99215137059954705556 -0.94228391446145054466 0.31267023215894113042 0.119742851430954797 -0.31060578224583207385 -0.94985616842063802512 0.036018153043622096188
-6.9657691144904161362 -5.9635724058300176864 4.4947478893319390281 -0.95330680480724083736 0.0041562143025238047073 -0.30197493569923761214 -0.29987834602501001191 -0.13144076232743634458 0.94487898885734711296 -0.035764696184453798056 0.99131531405569017767 0.12654973182663467601
2.2977105060466409547 -1.7048386825388790466 -2.5814546578917361153 -0.99392864122661217507 0.013426244478373938057 0.10920435938513420315 -0.096838234832317071632 0.36442809491923888743 -0.92618276809068578181 -0.052232292923615253333 -0.93113473761468623646 -0.36091534739215541672
0.33098773558345501167 6.3688497512002948397 -1.7708418100569243148 -0.9794324973302548365 0.004239718474839809792 0.20172755875383785451 0.11239966097884621088 -0.81882278341735070804 0.56293477914275824592 0.16756580613406224511 0.57403072578383573799 0.80150510071414016178
-5.6839243540217427864 -4.1314370891226808169 -5.6102883138589323408 -0.98226074024110143768 0.0042512828258349823207 0.18747203731564870965 -0.18536396121015796812 -0.17318751128335224676 -0.96728811003750969633 0.028355600248072859032 -0.98487969444490142124 0.17090332765862203956
2.200483194020120159 5.978950471078181117 3.0488514994692907933 -0.99839830879133828478 0.003402925278727313152 -0.056473330891955490773 0.039310132490670696148 0.75960417851982597881 -0.64919658460189311189 0.040688210651858680578 -0.65037674625919628113 -0.75852129662863176929
-6.3693269105781826767 -5.7089145342226563784 6.1087851913578150587 0.6609989983459766405 -0.008371559469308623852 -0.75034008368060012284 -0.55503178449307200015 0.66748334714488866126 -0.4963926867780734109 0.50499509144954668471 0.74457766436840355784 0.43655934228409948306
7.1454124735058686113 -4.6609704754407701444 -2.5924786156587558139 -0.54319928184128973836 -0.0066641594722570661469 0.83957735152011381263 0.11020786541774804657 0.99075058011031913452 0.079167634871188913293 -0.83233933380998426088 0.13553183017121986365 -0.53744056080959767829
-5.7523424267377158969 2.6469681511898217607 5.841607493794300332 0.97196948422278284241 0.0037251082605658956612 -0.23507753041995363419 -0.19819280740968919785 0.55084442865397831302 -0.81073425147325284268 0.12647107507629315459 0.83459962795899167443 0.53614226486987015541
4.8260894892735910489 7.4403675507012216883 -4.8549144223648568186 -0.21418252463059214707 -0.0039278690873268892747 0.97678575848914306334 0.77051691519142684328 -0.61529535791312994775 0.16647914564382587654 0.60035783458425684422 0.78828687314641132655 0.13481200272382193317
-0.7469258531271619761 6.3187665199554867712 5.4708121412598149647 0.95607410809893944581 -0.0027326238735791473847 0.2931123207739970149 -0.21392703494704717881 0.67711033398476017098 0.70410000662536176286 -0.20039342190176304137 -0.73587643553641146621 0.64678307652610012024
1.2027271635263325766 -7.2854418321812737247 -1.842270606417483414 0.78141467460962532599 0.00328909228011906897 -0.62400343602975760771 -0.28635803578599672292 -0.88658642391731623533 -0.36326792903637000753 -0.55442779660264029928 0.46255128882922424971 -0.69184978395374863158
1.7237393886777505614 6.7082617746956758609 5.0306071824460349973 -0.98782251032632018006 0.00095367892199873160672 0.15558206384147893475 0.11117471614723943574 0.70388827195199588083 0.70155647178112612306 -0.10884333044429536641 0.71031006687573539082 -0.69542270477237011495
4.178951662575816961 -0.79389327277947852046 -2.6473195434076424171 0.84295045814038149778 -0.0099703328493917810216 -0.53789879864521716879 -0.23141901107812895555 0.89588066735539628738 -0.37926649096708414666 0.48567454785349412072 0.44418287036055636996 0.75287569441814983229
1.780125517672737967 3.9072136208956815828 -5.0559357710449193135 0.95933267258390919618 0.011076977175826820121 -0.28206049686134054832 0.0088900842766185331212 -0.9999196924601625458 -0.0090318897214647104327 -0.28213789131302291491 0.0061570453167908659881 -0.95935410619775018937
5.5941703659999326703 6.792097640719627627 -3.8916765697666608759 -0.81310487201555892156 -0.0081743667478840903451 0.58205983097325819653 -0.56305868727359920101 0.26480679843008864127 -0.78284243254365770692 -0.14773415918537902147 -0.96426684026431819241 -0.21991834615674438203
-1.4385957508668123506 -6.2582913956362142827 2.6338936470064582274 0.99538591421181032981 -0.002211630500565555605 0.095927005995294453711 0.011164941557652035067 -0.99027373987494904384 -0.13868404448227655834 0.095300712844702609172 0.13911516381937405473 -0.98567983916011936429
6.0958693115214011016 6.9015689399234876333 -6.5673707615580774188 0.9447841428346289705 -0.016080478312600648971 0.32729855127296980655 -0.31273312788207990875 -0.34258619709542759146 0.88590783283862661879 0.097882144302553222848 -0.93934877216979362213 -0.32869890485037023264
-3.2817900409564262354 5.2553623229173371811 -3.1507625635778682138 -0.99732752860440232467 0.0052573390436776445966 -0.072870852019090687213 -0.047023860607671399969 -0.80954296408553838571 0.58517428671576343646 -0.055915625914077247971 0.58703709396075642868 0.80762670404870806617
1.8313334254790769595 3.0300211596305710593 1.515406223669937491 -0.86160542468506140512 0.0014141320858928924271 -0.50757668620993945385 0.25807491628301493236 -0.85987168911388278669 -0.44047476187160816696 -0.43707371202001182864 -0.51050825506628738637 0.74050515985391895946
4.5009786862486027559 -0.43116986421969827337 4.8745966183957438744 0.97928142802428941316 0.0019831820588971562497 -0.20249432514448501008 0.2019402569828789018 0.065000345347848292876 0.97723850093730257882 0.015100242927713457969 -0.99788327077542371413 0.063253146719676620058
2.3412713845607968643 6.8303334334684002727 -2.6340888669291189217 0.98886966144843757576 0.0015653951089108601724 -0.14877614797056212814 0.14181632704231519893 -0.31234540485856882031 0.93932341472358171774 -0.04499913389210995901 -0.94996731396506750578 -0.30909089334220346545
4.7347424313728225798 -4.2295921020995503881 -2.0410097738655137434 -0.99055447520427097885 0.00060867761907378026276 0.13711842022269793429 -0.13250282584625233673 0.25305769514027764977 -0.95833439053020963438 -0.035282188077891026012 -0.96745099743704332518 -0.25058678090153863049
-2.1046526105946909979 6.1767610705445470387 -3.1907010969569329362 -0.95239942060588778094 -0.0053192240976762845961 -0.30480657716766951237 0.18325847230998382198 -0.80901382994704962304 -0.55849167879305072759 -0.24362199399124020993 -0.58776553897743144539 0.77147909578564710653
-0.014647659090348699382 -4.1828676243920446254 0.50493258456372069887 0.96848996511003104803 0.0049558725696456163226 0.24900326666182201474 -0.23383036937237450248 0.36227169683991194971 0.90226524704647959041 -0.085735324343883839715 -0.93205936345054585246 0.35201533654630684511
2.6944885998573546715 -2.2228485912143916003 5.1576000680996845205 -0.57356258719652764011 0.002722322830945786247 0.81915721783241768339 0.45524082674979338137 0.83241096727517682741 0.31598697951053444921 -0.68101523347773018635 0.55415211857255819439 -0.4786791004972612007
3.7212560751977163953 -2.4890533221550548149 -0.14095963784568801835 -0.99220648127338317845 0.0029338854189820372242 -0.12457002382371107352 0.024603846268191134627 -0.97542712577081003289 -0.21894422362622181777 -0.12215133756081288097 -0.2203027794350855828 0.96775293133383244459
6.7743434792522201349 3.0854124748169677872 1.7424205594540647102 -0.99263683091015364468 0.0041478275571719108034 0.12105749645193131236 0.078108310718779175308 -0.74195209447613275078 0.66588751399848944423 0.092580849625127401015 0.67044006818581647345 0.73616499594428286279
1.9680486949559410359 -2.1503808577711778227 4.3944299187602533507 0.58705192635291425507 0.012765881254648815679 -0.80944861976598014852 0.10518800000028594166 -0.99260219235080693334 0.060633096542828120168 -0.80268643966448105509 -0.12073905754242184041 -0.58405184663906584142
5.0947584625170607708 2.6230774899740127992 5.4783707786068989165 0.98762514390009381593 0.0016658500827584025311 0.15682410554455825102 0.15652786724703879329 0.051870708861784443899 -0.9863105273377674731 -0.0097776229947942709664 0.99865241926586989507 0.050968064343268920657
-2.8027039235343753631 -1.3424526465727415481 -6.0825989570026610664 -0.97323234018515147881 -0.0050596417473981218291 0.22976773499100922038 -0.086715731775945020798 -0.91777634342514957666 -0.38751382596206834785 0.2128360727887342041 -0.39706546497343941926 0.8927708679416758164
-6.136660896338938187 -5.8585632482426426293 -4.6942821110005157337 -0.63984541132662342555 0.0086939515019518291694 0.76845446502165593028 0.39849884827734560755 -0.85124604566517270143 0.34143643282626845448 0.65711225641135317943 0.52469475406823706809 0.5412013465682437019
-3.5660134221003039201 -2.73555447433529908 -4.4463047048723263188 -0.66376567663258856378 -0.0046327346632316392105 0.74792624254940098805 0.050007470602134750093 0.99746832594168044483 0.050558793767027099264 -0.74626696255998481444 0.070961091541383219949 -0.66185356694573116432
-3.9627648697290633883 -1.1570206666076940927 2.6186985124342343489 -0.99470110785128562636 0.0027969354290604507562 0.10277102311188118788 0.021617028948475572325 -0.97159288304982804885 0.23566920389939671754 0.10051074618507566116 0.23664202238674042489 0.96638405571599561572
-5.3400329759626439241 -1.1698070510173315117 -0.5155554297925126761 -0.97969442651899274477 0.0021227596459666804238 0.20048522274504804175 0.08357672387616832399 -0.90460108051575716104 0.41798542600902999222 0.18224643171756477189 0.42625389032982818893 0.88605522350746923621
0.99754933255663913449 -4.4342279548851637472 4.622934458318921358 -0.819645115415779002 0.0083245141038673226008 0.57281112702171099738 -0.57274610002706682899 0.0090217682428410609502 -0.81968317818623759319 -0.011991233412465504907 -0.99992465224271542823 -0.0026268152850578291302
-3.648510694302339985 5.7089649445390042715 4.1795516930318488136 0.93160765112784493791 0.0061429733618564071745 0.3634136049163242399 0.051775304271727232153 0.98741787421277271708 -0.14941639653197341664 -0.35975895017021969347 0.15801330818419065394 0.91956799216214502035
-2.1974833444403043536 -5.5543493640527250577 -2.7077950239688064471 0.84397831560310199173 0.0087686117721666508723 -0.53630561645334096088 0.25476820835316305036 -0.88643267215788024149 0.3864327596667634368 -0.47201034184040219222 -0.46277449063090592141 -0.7503639170542117931
4.3803644494410809429 4.0268952150403665158 6.1055600491966464105 0.94825389493369027782 0.0021168086401659996082 0.31750601547724288665 0.24524517020282726731 0.63024669450479220423 -0.73664367950726816758 -0.20166645044542555465 0.77639205507724395883 0.59711474573811196276
-5.1711853167806145493 -2.3619020037027955716 0.99274706715421034975 0.94012442358066228287 -0.0036507494438954711698 -0.34081188391179412234 -0.33654899432000701109 -0.16795814495667785171 -0.92656615304291811697 -0.053859470933048124441 0.98578736732173288804 -0.15913021026697773963
1.9612031126579234641 -1.2890107196562519132 6.3427999374251529119 0.98946086435635605127 0.0054734312693008784281 -0.14469706098343301792 -0.13731721997631984866 0.3525579942153143076 -0.92566021941787013372 0.045947567999442780196 0.93577395895856541053 0.3495939340576516563
5.9453684604330065966 -0.50534600559848164014 -2.5846581292339023683 -0.70404900330809128128 0.011462878562795580234 0.71005887316183835534 0.54074511402655589531 0.65679205085452352364 0.52556533712819997195 -0.46033653189509621262 0.75398461811192141191 -0.46861228436033097733
-1.2731687767770611952 0.27147706334509841275 0.49219114638205835321 0.70200249398220171404 -5.7290512700465187623e-05 -0.71217448364894397894 -0.25398180042607082507 -0.93426637345861185402 -0.25027902124826545416 -0.66534633349495531096 0.35657585468236596693 -0.65587187495915610924
-3.9826856363367313385 2.7567086024202893668 -3.2777450226635744812 -0.91256186122802218641 0.0089443092274045805229 0.40884085994986374413 0.21858114566321390493 -0.83429245757947512185 0.50614067015660235693 0.34561992447292322339 0.5512495755629649441 0.75938842053907196217
2.1603209136666468027 7.4383698861584202078 7.3080757551973594133 -0.52572372155798341442 0.0026736129295688512708 -0.85065117432773551531 -0.34466312793831205274 0.91356574929460654388 0.2158817962579859806 0.77770296182481002401 0.4066822758735087473 -0.47936168981178312043
-6.7359828737110278851 0.036404830817697880763 -1.2689148467969979528 0.79087798747397941579 -0.0042441989081402411998 -0.61195914545404206386 0.58323218359425810231 0.30808191988539390671 0.75161542736952635657 0.18534354304667177704 -0.95135036522597571373 0.24613056217282022753
-4.4392694335142808271 -2.8185476808443965524 4.5389213710782714273 0.99988529429939254634 -0.0050571213804140799364 -0.014276686143779727944 0.014032736309828120272 0.66400854083271998451 0.74759329853388201137 0.0056991714803810104156 -0.74770788629283413407 0.66400334051862963669
-5.0620168204978108761 3.5395162327288116622 -2.5875904517599170873 0.99990450875473624315 0.003266045919544472223 -0.013427818739340331364 0.0050865555227947176556 0.81647271100631813034 0.577361619035253959 0.012849137128976517025 -0.57737478740079628547 0.81637813208640785945
-1.8019199418169549176 -6.2263133188061825507 -3.7206671628346974501 0.87119785891777534736 -0.004689125262591121307 -0.49090966859637746866 -0.4159489090443855841 0.52409802002058791803 -0.74317411854512283043 0.26076962185405327954 0.85164504197153922949 0.45464263636746515829
-0.87769729208768432205 -6.9176653050377172605 -5.0556508814317311362 0.8433860232815827418 -0.018189515064643956704 -0.53700014643845506157 -0.11789133972504652059 0.96880885100441116453 -0.21797027832567283934 0.52421526852146571596 0.24714075292686257801 0.8149354578686748285
-3.0699295123508463234 -1.5775368954963719936 6.1519252005535767225 0.59400948085067351023 0.00011030814292359043122 -0.80445803152899697519 0.78408980540839301465 -0.2236802307126097844 0.57893897039585962006 -0.17987749640832823017 -0.97466257864984506831 -0.13295466921249626813
5.5216857561520091835 -6.2752056290811690786 -5.7810074062398708605 0.93986604800885220623 0.0031332750685124717734 0.34152890710386019091 0.06259895345544572165 -0.98459919369559345537 -0.16323540914994924544 0.3357576251204688611 0.17479877105237151547 -0.92558749279156127265
-2.1876579753313021293 -5.9838478773680456868 -6.9441725028311918066 0.99347274290161924348 -0.0005033686054092129103 -0.11406864482165551822 0.1030188299639670374 -0.42542196153755096333 0.89911249313660757121 -0.048979891631745660352 -0.90499497305873011221 -0.42259326657456108833
3.2804886457223663143 -7.0251248930779164326 2.2752103958273424134 0.57703472509718300998 0.011021437548398908129 -0.8166452436317583885 0.65682580999473927363 0.58800924459557202262 0.47204341282866019158 0.48539754980509386417 -0.80877911458223961105 0.33206258816479722329
1.4932944730513724174 7.426034118915538329 -6.8186003564136257182 -0.59938175495669809845 -0.010237442091342249112 -0.80039784270355496254 -0.6182781818433081833 0.64100497468657779976 0.45480183847884880777 0.50840299141684786033 0.76746844704308214702 -0.39053627374655386362
6.7481340215998644183 2.2082233259061458952 -5.8077524222173089186 -0.88444986996612107166 -0.0011425258515610496775 0.4666338201969469357 -0.44897644143634996006 0.27457770318679614041 -0.85031008458531542882 -0.12715574132543247532 -0.96156423578833027932 -0.24336318107028936941
4.3177790432436182755 -3.6801056721880489597 -5.3553625536486961778 0.48789882444082482982 -0.00036907101534963302706 -0.87290010934577411117 -0.50277403969002010253 -0.81758173120088450947 -0.28067486139746145035 -0.71356359360818477633 0.57581244914748841435 -0.39908272486252460709
3.9681818505371539985 -4.5716464496079929347 -6.1559523517757126498 0.9314421219794747353 0.0027558745450272808565 -0.36387907133823937933 -0.13543461337372911246 0.93075697446495608833 -0.33963056397369045802 0.33774700428397608221 0.36562803453830461375 0.86731949214633641265
-7.3522404725946106652 -0.93092491431509127864 6.7775793151827246064 0.99984610181875099855 0.01753687052552669462 -0.00048046865366041871526 0.0073753523147786831035 -0.39533295378246091634 0.91850827967520043416 0.015917815685284990301 -0.91837046654698795134 -0.39540145335848309038
-3.3231857352455707044 2.3609930838739772163 0.073690412519924086698 -0.92669564121033964899 0.0090699321798316002996 -0.37570324045975567184 0.37246968090907855986 0.15521290904786336218 -0.91497283548111474349 0.050015251326280409094 -0.98783940455680974146 -0.14721340101911922771
-5.5014257671112964942 -1.4578525625745775152 2.0497566888552825048 -0.90098614860192227649 0.0044890703694899650525 0.43382462847862407473 -0.38394696620583090851 -0.4738531488338617037 -0.79249474476589931715 0.20201160156959047098 -0.88059243784362439822 0.42865868852024502367
0.95864580801393739495 0.23912685915184483942 -3.0972419660028918109 0.92351246057166413994 -0.010032003092612484796 -0.38343721009157577528 -0.059350429290664918902 0.98388107545926217767 -0.16868774672788994229 0.37894889063290398967 0.1785423990738683464 0.90803102921705858286
3.5055392536518188429 6.6656878403460586568 -7.1062860510928649305 -0.90565936686192172189 -0.0083145645323026567963 -0.42392449708894253124 0.29007287887620669675 -0.74137482922921738027 -0.60516203410809243923 -0.30925529285028435789 -0.67103966395586878146 0.67384488811751086512
-0.57400252176106847379 1.9672130264124418897 1.7854161937812009775 -0.60198458386281938903 -0.0009735822991515652447 -0.79850711513985195289 0.77904915411390873725 0.21869995009881904036 -0.58758211962339079726 0.17520552578563489132 -0.97579167037043801347 -0.13089552998443987342
0.65965698206521972136 1.9996027132830438422 -0.46763316316137881756 -0.8497431728076146884 -0.023337562759952013708 -0.52668007217966861244 0.093042051831027663966 -0.98997714353974586299 -0.10624703224009665603 -0.51892168663281512675 -0.13928608485119803317 0.84339769368250516735
3.0909770775118574626 2.2457003229116452303 -0.40635894463113542141 0.93656967191011097906 -0.00037957193298472982623 0.35048124854726531163 0.03343826130909812594 -0.99534102607570029697 -0.090432983425301483038 0.34888269137165606182 0.096416273189359275042 -0.93219352600504834516
5.9010877371500871647 -2.1242547728122840311 -6.1825156933360752021 0.39986097815533472311 0.001521345823326128964 -0.91657453797042232058 0.90612765122754401759 -0.15121581828886995758 0.39505247243899999088 -0.13799955735299493376 -0.98849960131813308095 -0.061843838531135945924
2.7306656577608019454 6.7488784350637507359 6.4792021964798927058 -0.85819009314947514167 -0.0034018278219282689981 -0.51332074922751813606 0.27346907797159347719 -0.84929433679687549308 -0.45156814865330330289 -0.43442424818772235051 -0.52790866355108523322 0.72978628072495621559
-3.7061841010531990648 -4.4464147990463667171 6.051369586044462956 0.99432676699833433265 -0.004880920756364686558 -0.10625656235366702507 0.094079936563500179969 0.50645920995926096975 0.85711611476132831822 0.049631098787529123739 -0.86225010597852991268 0.50404514557050217327
1.8617325726928086738 -5.3740834514449487003 -2.5217239901638421884 0.99620070225777068718 -0.0017806624765451372489 0.087068881136605102977 -0.074948849956552487939 -0.52667215617522245008 0.84675799954872388309 0.044348965167430164092 -0.85006662630107543421 -0.52480463044621861179
2.6140189627309808884 -3.8103469159539824496 -4.7754847653357996862 0.70800303120159735482 -0.00063659897794743781213 -0.70620910681690718391 -0.48911934377003390972 -0.72176534744813669597 -0.48971119118634853784 -0.50940551170884251775 0.69213754266396210202 -0.51132342668385799556
-3.0236807225009738609 3.370604969176302923 -5.2579099183489645952 0.89986773416957177574 -0.0016419855545472357081 -0.436159792832719162 -0.083257613942153391173 -0.98225181345219059192 -0.16807600867064181882 -0.42814276908655635179 0.18755980073946762476 -0.88403342155460074014
2.368439727629954028 -3.487661221708572068 0.3514233966150668298 0.94802397427925322315 0.0073782621450553739773 -0.31811335312952693233 -0.10108644057874739686 -0.94095854656868971322 -0.32307668620710799923 -0.30171522288866092776 0.3384413906234925995 -0.89130541869222956741
-6.7854611878455299845 7.1618904251083188583 0.62119052057810986156 -0.92698270201691590486 0.0037346174282660710153 0.37508548731440649604 -0.041328247102419141124 -0.99487946007120153791 -0.092232510102559367438 0.37282039396026694922 -0.10099956713294712396 0.92239039526985022732
1.0904589820793084698 3.9654808172666342614 1.7438512433448709604 -0.98416792233787342425 -0.0057569475882576128661 -0.177145020239609291 0.17563246149719249911 0.1025694514368900162 -0.97909792467368650382 0.023806282986827353998 -0.99470918623810666848 -0.099934457040348659285
-0.13489243573267906129 6.8873242563839482955 -4.7164661100175724329 -0.99585270457954377932 -0.010111991879274055336 0.090416471961191791085 -0.079104586308552493623 0.58716049186832519613 -0.80559606578859677128 -0.044942799274466295467 -0.80940737852408095598 -0.58552526878359689722
5.7169540925424957578 6.0416285084140239903 -0.21630208684190718738 -0.9942017804751238641 0.005256770711041656996 0.10740198350953032713 -0.046659923623430889228 -0.92096285779556108508 -0.38684656659763494435 0.096879673964898521676 -0.38961491362963873719 0.91586819349175352389
0.69183692229911863958 -5.5649949697047951247 2.4326945673280717664 -0.99719886366275922729 -0.018292487613898584381 0.072524555887196348603 -0.074638317578852836354 0.30627442425943596227 -0.94901269675047106311 -0.0048526135983340858149 -0.95176749363566648388 -0.30678182834024764203
-1.7339053801830601742 -3.9321468768042988629 -4.2503200590095442379 0.91465132430722595469 -0.010366684083533968946 0.40411073581899104035 0.38597857787015898978 -0.27470183771474437906 -0.88065852507165587326 0.12013947048462628175 0.96147357333271910029 -0.24725508167564316797
2.1493675902926319132 -4.4832194144760810772 6.2225722704262516061 -0.80881365108125680141 -0.0015227863667577742554 0.58806305694731342282 0.23980747454322701162 0.91221827026938528959 0.33219000969294787406 -0.53694771903580118533 0.40970173115118641016 -0.73744941420678122856
7.2318964829199741118 2.5330384950082911466 -7.3868942630736391664 0.99148462172788176527 0.012648830428046877253 0.12960807060450166284 0.013559458830929274967 -0.99988917797414755828 -0.0061459617988097780053 0.12951596794701378257 0.0078510419067779040753 -0.99154625468900015051
4.7904712345892619396 -3.4902221492950329385 0.5006460735802282791 0.98731310933975779953 0.004521830169610883618 0.15872106721448134281 0.12616825081516436224 0.58456839473751076586 -0.80147449389251401719 -0.096407451019242668133 0.81133183403948350154 0.5765815280270555343
6.2837792777497369912 1.8911457442759502801 0.98110305394935604095 -0.49187026072242168162 -0.00048547382413267111539 0.87066837023750198732 -9.3616683846673223734e-06 -0.999999841541395873 -0.00056287616530512887478 0.87066850553425900738 -0.00028501295474279465803 0.49187017823650158732
5.270215557834102782 4.4329246651006677382 7.2776793842096960674 0.99977518305341250837 -0.00089797650579440417215 0.021184357169772991686 -0.020638540759666163665 0.18785963957285548021 0.98197902546583881733 -0.0048614797965596222296 -0.98219547415864072448 0.18779887261753644423
7.3032104770388173165 -3.7731521243620025352 1.9964422000093768883 0.99031530729303063332 0.0073492014170516081761 0.13864191783008816827 -0.099761624327398268353 -0.65682799071037378802 0.74741194058623849905 0.096556773209394347601 -0.75400462853882943559 -0.64973364518820886371
-0.17778993283578239937 -3.0772887087582501131 2.8214634174755981455 0.6524053761953995112 -0.0079631231412178211937 0.75782835377220914008 0.69123544634346656412 0.41625012339347067236 -0.59070245682011601751 -0.31074230936534241732 0.90921527893276965493 0.27706821132278575126
-3.6594309467008248049 -7.2518050469177275374 5.5123785167257075557 -0.46435530348726833383 0.00034330501389033063822 -0.88564893398280375436 0.87994874167528935871 0.11345316984880474132 -0.46132265311316750234 0.10032130455380669498 -0.99354328561619109639 -0.052984671931714126536
4.6080664343936321714 -2.4469394843594911571 1.1267710752414714648 0.90390322303473091825 -0.0074354749573767300527 0.42767239459591582795 -0.42055383758259340388 0.16701983697062128265 0.89176165187383882316 -0.078060445052659702125 -0.98592549808304263959 0.14784275142085009924
-4.0638630751831552601 -7.3544232349866138776 3.7028876370344439017 0.99858110954369794232 0.006174449189133277005 0.052892757912708324164 0.049338796799622108846 0.26644079464693665171 -0.96258765111455724117 -0.020036236991214491365 0.96383150971791731187 0.26575810445228054135
5.187796907018983994 -0.28089744357811979869 -6.2296120066065334697 -0.67672572018466026211 -0.0055305226030957317304 0.7362144476715940522 -0.0034078587995979448683 -0.99993754253845845703 -0.010644130804459889239 0.73622733319200972524 -0.0097120719682053172073 0.67666460637382963572
6.350641767850662589 -2.2541672550574225475 6.5228461049557049378 -0.99920919563069232616 -0.0029325404134966943231 0.039653292091954339682 -0.039632898624011647648 0.15362548725758243262 -0.9873340078268526554 -0.0031963594394052302627 -0.98812479468520697523 -0.15362022462793806232
-6.5379771600350817806 -4.3136366053079715499 2.9765572675167435435 0.99569822006437735951 0.0036013343575432591945 0.092585554767113636965 -0.0067865192875685032697 0.99939501441374933854 0.034110824101086442695 -0.092406697358214828775 -0.034592420495575267048 0.99512027751805320896
-2.5295825983228663603 -4.2047580231605339307 -6.1798051775401496855 -0.97909332373466428923 -0.0014747487252248737619 0.20340621557457896906 -0.15940372620044668261 -0.61562194515863544186 -0.77175130237172362424 0.12635946933871669562 -0.78804025643065378492 0.60251625600734337596
-3.5363752626859730199 6.080578304468634343 1.7517998171092181714 0.95279918116481598922 -0.00058851389413771149767 -0.30360068185527566698 0.28671931334706463046 0.33055858298366080916 0.89917910260958500146 0.099828631791797406425 -0.94378529172022784799 0.31512468549351058122
-4.6027341957876659606 -5.0761965168720681874 -5.4916716594000209994 0.87172587690628966506 0.0034199616086785433397 -0.48998193782503196569 -0.011447986516795769646 0.99984483511081889695 -0.013388401955285129941 0.48986012201122103304 0.017280323052524138028 0.87162976733152697228
-6.7061910473031653979 -4.1136177809753169399 7.2315867146476984217 0.9792282832823177019 -0.0022264291917440384369 -0.20274864298659200923 -0.19205489394053654184 -0.33081166630129898998 -0.92394727076409732813 -0.06501451325148137339 0.94369416891922464075 -0.32436773670430490979
-3.5389182792304034741 4.3728118707195076098 5.2160860915673383786 0.78342463921434424279 -0.0037596556791158653073 0.62147542160657276433 -0.17370735262518990916 0.95880263744630678246 0.22477379311186418409 -0.59671734541217291703 -0.28404817798246817517 0.75049653048433662139
0.029826835426943899832 -4.3976512144776327418 -6.8766213915655951538 0.93216237537595703078 -0.0046001547602525991176 0.36201124914770482777 0.2566557964897847044 0.71363389271871546793 -0.65180861400519529703 -0.25534507643880283156 0.70050375140990439604 0.66640332096950227747
-1.5169033723907130451 -0.27586530792698943371 -0.57652040850117602933 -0.86577860665787664818 0.0014281696502506709828 0.50042518380373679499 -0.49960839378487409412 -0.059649070236981203974 -0.86419525645512385026 0.028615679499970930744 -0.9982183873036672983 0.05235641446320818404
6.6185021824667593648 0.17796892373763806283 -1.9652774424804284603 0.27082323494971549671 -0.0013787127157270568679 -0.96262810813036614466 -0.95774755301239922201 -0.10096607396574419635 -0.26930554507230625161 -0.096821485787632860509 0.99488891392923850532 -0.028664417501290718332
-7.0106276408043246562 6.2491646036787722451 -1.0367186342477745509 -0.99881404059779599347 -0.0016470196846068109117 0.048660041420562308301 -0.02834354174172454971 -0.79294827740881934641 -0.60862933957856935052 0.039587320526023345169 -0.60928672780590953373 0.7919611905725342238
5.4105440445593382393 4.7179098322382593267 -6.8124082982298252986 -0.99531737776416218111 -0.0059039412385303224537 -0.09648036586954915339 0.094326640140956999336 -0.27735127523343233724 -0.95612695552736681748 -0.021114035146865293979 -0.96075044293732425604 0.27660944292556427504
-3.2405458247323672971 -3.5747147017963434301 -7.0453410134122540498 -0.9980289674311580983 0.0010922791522228487288 -0.062745414928508810859 0.062704124671272426506 0.05757835613720925505 -0.99636987391917219981 0.002524463805534915041 -0.99834039276732489121 -0.057533357730053066859
-1.5728798698048469529 1.3043002634082532243 6.6018912323957978927 0.78198078648334701235 -0.0085015135504976288572 -0.62324455379748500139 0.61871150153159970575 0.1317248955891915374 0.77449637168594820391 0.075512432376732427364 -0.99124985556090750016 0.10826632166635974386
-2.1145053494974606068 3.8771516213292551711 -0.99894936377474474742 0.98123361234278672072 -0.0053936757629279470649 0.19274726008539966315 0.13024835779486584886 0.75562767373124684056 -0.64192069913904148404 -0.14218285163972246843 0.65497918054942927402 0.74214978929206154579
7.2583666065548539947 5.9296263575424736914 -2.3593880688527368861 -0.93340626521244784985 0.0027009472367582713914 0.35881116056535933279 -0.31309970699197414712 0.48232966686294587166 -0.81812386956096716517 -0.175274976947016492 -0.87598561480653824862 -0.44936386715919718338
-1.4905335070744059056 5.6068534377897618626 -4.1382304139373013996 0.99748810803259624347 -0.00054506981531350119641 -0.070832035354404826455 -0.067653827870072319461 0.28893706428526205743 -0.9549546232448431482 0.020986517292792813971 0.95734793872513190838 0.28817440953491541
-3.1973379267884967092 5.7373600294916267117 -7.5133657888191294205 0.88390847097894520434 0.016023134537954900752 -0.46738535930347013814 -0.4066950937205831007 -0.46706233571658783976 -0.78514449326122337514 -0.23087857344331205733 0.88407920104172998954 -0.40632382481256762441
7.2757366324967591709 7.4422378658983756594 -5.303863917059418398 -0.99004292474195343399 0.0062823110163717273829 -0.14062553017416518086 0.075926951769073713905 -0.81738745874283524895 -0.57106290396502834561 -0.11853313951603629273 -0.57605405550018973226 0.80877167357551904558
3.2410034328811350157 -6.8920070950165239765 0.73154065283488689531 0.74693277120115697532 -0.0014261164525868554216 -0.66489803842215966512 0.057490685722372668331 0.99639110148663245781 0.062446728765089651314 0.66240943257234641273 -0.0848689523333707313 0.74431915504629286851
-7.2397191702472074581 -0.95366320749059618755 1.0183243536991644085 0.97501958883221595542 -0.0023365995962247865236 -0.22210659984697830871 -0.12652860704416932225 0.81600361314235969612 -0.56402891321103432176 0.18255769770873872537 0.57804207774248284046 0.7953238606796269039
-2.7143621412357732403 -2.5769719050915878 -0.89833604990180260241 0.92129747479671553201 0.00027557259229091073116 -0.38885844081478221357 -0.38681749794113018392 0.10297270206337194587 -0.91638902542332301149 0.039789272671618837462 0.99468414418324690995 0.094975086684675344428
6.2870134564218211892 -5.6973684205688783777 -4.7337530256855675503 0.99908504040370893495 0.010984765160925913721 -0.041333001050206930049 0.032063918567270123516 -0.83194039666685026813 0.55393779571357382174 -0.028301716689463310428 -0.55475626299142144493 -0.83153141943294317517
-1.6573379862252601846 3.4702416281566561551 0.067148557010645440468 0.99678938832239705192 0.0046374045660617143477 0.079933783889146917123 0.058179607856142893929 -0.7278299453102871075 -0.68328522883155828893 0.0550095315163826315 0.6857419814978404915 -0.7257629683676707355
-6.2591301906153402612 -6.8087619873423923522 -4.2131899631093423508 0.87258647522602728053 0.0046201019588692207249 -0.4884378137599401648 0.44065154525182237411 -0.4389015991479344736 0.78306551573449600934 -0.21075829502036166896 -0.89852325563856194623 -0.3850154544389097766
4.4115960427954883372 -3.8333807545181763921 5.9870833625351194129 0.99712415220665340243 0.0039411332445149598047 0.075682841879679108033 0.0001874960078818398157 -0.99877211674651211748 0.049540121670376691121 0.075785156405974982152 -0.049383461590048707834 -0.99590053910509646062
0.91468672921903126927 -3.2714310939185802241 1.4679736791308661825 0.640650164792584631 0.0048633192922713699285 0.76781750076226407131 -0.089220611375151442912 -0.992734647746840837 0.080731664599124175474 0.76263166001496751623 -0.12022590107194038034 -0.63556170735370098868
-0.44417534759777371756 -0.40298172344627908315 -5.2574930781302171567 0.40345749640241779232 0.0022376730489191368895 -0.91499565103664393106 0.11221041753986334133 0.99232792813621395478 0.051904770845191655626 0.90809188455359279857 -0.12361341294650565747 0.40011105126886381544
6.0677732144338856202 5.7374763746928651997 4.5107379131806224493 -0.98958527607831325845 -0.0027264384427743617451 0.1439220202136014537 -0.14377090343463916344 -0.030837739298057040283 -0.98913040654938388929 0.0071350329039436295037 -0.99952068531289106623 0.030124590238836845835
-4.7003045784548271868 6.196750555501769675 -1.7998442616857064369 0.99994583155866989532 0.0095742405632497206563 0.0040826298055675778673 -0.009531536167132535417 0.99990096488809998565 -0.010354237497803987778 -0.0041813594424955973991 0.010314762891210528875 0.99993805903154675541
5.6617475733127982096 -3.2249032756417346235 -3.6022441514153356046 0.81315308426353294369 0.016222456853282548467 -0.58182376493782894666 0.58204703072630381566 -0.025790643770305814175 0.81274602227063341697 -0.0018208721796504189622 -0.99953572952034797083 -0.030413974369539617526
