1125 14.717824617146108679 14.977075390850430381 15.033177056927090831
3.7576068742721662197 5.8449236160573807553 0.60793903922965608633 0.97515556425967153675 0.0078858256311069366284 0.22138075627177747351 -0.1660808772388332466 -0.63529919193623152207 0.75419631326389879877 0.14659047618770226773 -0.77222584162884522208 -0.61820585714766518315
-0.47348307749010593026 3.7760148837806104538 -2.8039796343300911197 -0.91435227174040833997 0.0098941823049579404742 0.40479875039289298089 0.26748468245981071867 0.76528421332100327046 0.58548442975966530355 -0.30399320356300213453 0.64361648362843915105 -0.70238590118919719263
-0.21027950953161692049 -6.6223789818817717645 6.9591488918529416097 0.99619321514437497722 -0.015434226542284247563 -0.08579547045870371258 0.027006367238397770147 0.99042216563309881661 0.13540528036664048472 0.082883859881071386688 -0.13720684557859794128 0.98706866392241476849
0.97890752787212842456 1.1313270960539261178 5.3182023127065845003 -0.98131025093688994954 0.0020152013143957172442 0.19242175129093658237 0.18379023000153310585 -0.28648356840786237676 0.94029161242044512203 0.057020546842395679332 0.95808303606520306417 0.28075888809063948015
-6.436016866420409599 0.095628978858865926194 0.42118979192807987078 0.97176189403433566039 -0.00055313839573687415344 0.23596295332267969158 -0.2232109040417157575 -0.32645243761560766016 0.9184801022840779483 0.076522634688831914218 -0.94521346795989935607 -0.3173575056107936776
0.42792895148531784333 7.2759846390656539583 -5.1903667888886575454 0.32235227941772737204 0.0013553140172259418514 0.94661880980580537237 -0.94652766655467424073 0.01441159523171779526 0.32230060870160487374 -0.013205468592895678454 -0.99989522903492911166 0.0059284527871843427371
6.3691906251918224413 -3.1902718111714509774 -2.439133466444508791 0.97329002867112468511 -0.0052257052283700439893 -0.22951952442925480091 -0.078076689255355435915 -0.94768488313188259387 -0.30951153916827556234 -0.21589476761674689098 0.31916461941807894309 -0.92278025283789588684
-4.0609002375086449277 -2.3617241118211369511 -5.0680387578478196531 -0.91376521266922328124 0.012582191791558530042 -0.4060478106891055039 -0.20046001431419924188 -0.88332272826475233263 0.42374136025660080751 -0.35333966487901524722 0.46859646411450572856 0.80967180699494023521
-4.5430299410755248246 5.6934128548998383934 0.39050893788151314068 0.92682720284365516239 -0.00016477346699239094063 0.37548809424367257659 0.28631987580933548898 -0.64664607970140652871 -0.70701469314535114741 0.24292440137943108192 0.7627901549289388683 -0.59928199936081660848
-4.6083665518463350352 5.7431357231718793699 -2.4188920464999772442 -0.88605691161657273991 0.013391110568927257207 0.46338302465042474632 -0.35663656466859777749 0.61891175080138316478 -0.69982755408840902067 -0.29616466723407780526 -0.78534637127686579561 -0.54361527480790106104
-3.526041863272783683 4.6046702339623211131 -4.291560546298295975 -0.98044423020280280223 -0.0060290184682955834383 0.19670475947058663202 0.15781748394232053556 -0.62122510950758780268 0.76757605817241458812 0.11757020551223790195 0.78360896769603916034 0.61002805879912103126
6.6813221051125966099 4.5814234707639620581 0.55830494171888145338 0.74379890144091376225 -0.0080159128842815577376 0.66835539898759799282 -0.08035062525964570268 -0.99374906903888560183 0.077502030971012492166 0.66355630600238924011 -0.11134869969998351102 -0.73979354947133824094
2.2861264298645282977 4.1854458421156648384 -0.42259976828162415519 -0.79634240068202999385 0.0074256584192381397749 -0.60480049642261390908 -0.20943412933993740821 -0.94145307403903755183 0.26420343459204176373 -0.56742940207889736026 0.33706226276409195775 0.7512741874155131061
7.2927477918832561699 5.1698168347406552314 6.3727549660924234232 0.97071960010176727707 0.0028054692309283082649 0.24019905770166882775 -0.23214367825326839845 0.26798959908729630408 0.93503523325498161256 -0.061747636597883147347 -0.96341772047413265501 0.26079402840385845774
-1.6203693311106810437 -2.3318435812170315025 -5.3312729250241535084 0.99307609469643154387 0.0038278285558893784986 0.11741046746777504539 -0.064718233996480217796 -0.81628702424793064818 0.57400962033120705996 0.098037851520831997831 -0.57763383018392655543 -0.810387399887367188
-0.86806290695244892053 6.4248425225797944904 6.0770489495488888565 0.87457297743794271128 -0.005771929681284298369 0.48485955900972688148 0.202434855847826084 0.91296664998897203436 -0.35427676348543452045 -0.44061574673768816313 0.40799335881306952878 0.79962440113534516417
-1.4548207500754721799 -0.93295233187640425054 -5.9592267817644986039 -0.99783978736322709313 0.012771723836677247033 0.064440994911457216698 0.044904589573701560179 -0.58338888601299720982 0.81095066774232427154 0.04795139820854140561 0.81209253829030669802 0.58155513295228689064
-4.4622622772179765249 -2.9363962659363154195 6.6805150501338319557 -0.94505570112054593235 0.0047953105492210042898 0.3268741757561668404 -0.14400171246509338441 0.89155237947306209545 -0.42941572102479447226 -0.2934846309207342907 -0.45289221637482368621 -0.84187612613767637271
6.2962769056867484707 -6.0342751999496906379 -4.5626921397536106539 -0.81858199401377274018 0.016644238823397897176 0.57414848984411814836 0.34536444032623381251 -0.78444654521363321731 0.51513786607138167817 0.45896287696774851206 0.61997305345991737813 0.63638548895233304492
-2.1034350254476961162 4.3543161482288619268 -3.7992146587175241734 0.85915725647298646361 0.0034532135984268767445 -0.51169999410348676605 -0.2007952782940804759 0.922049130599038258 -0.33091790065843895707 0.47066980449623868621 0.38705745836664451343 0.79287859036456664885
-5.2585376230503459993 -3.2455228635275097382 -5.8671636450026642962 0.88331988672381345218 -0.0070912924942171922521 0.46871706955156655638 -0.12772036953332047138 -0.96569823691753775563 0.22608498937484355906 0.45103601289088479653 -0.25957008453425534089 -0.85392615974122265676
-6.4770305329227841895 6.5155599750811639126 -6.6996301982316888157 -0.9767465298334346846 -0.0010494655705567783321 0.21439476458171802253 -0.19556261177339601121 -0.40548963599986642681 -0.89293528319418591366 0.08787195988697378557 -0.91409903933801472942 0.39585535861835985383
2.8955683225557300453 -3.4329468861717762351 -3.2843151356336366398 0.99285510740519034023 -0.0056631846259430820151 -0.11919171128649304336 0.053504824370303023795 0.91395859790852840288 0.4022647325807063301 0.10665818988058445305 -0.40576792585048176987 0.9077314695891003371
6.404142703236799683 4.2209054343919056862 -4.7560167331230811527 -0.99913128436633202867 -0.0035042705974184830409 -0.041525855658351595867 -0.014397943408370316581 -0.90607021151119071511 0.42288233710768624585 -0.039107234959639247673 0.42311285952995719706 0.90523263986349766785
-7.0446510531761532548 -2.2785958185000163567 -1.4543204442565194068 -0.83374103244214670116 -0.0035832613692155738244 -0.55214404919387738424 -0.41515907174743954533 0.66334548475020371772 0.62258791588601358757 0.3640313667365562833 0.74830470271102811353 -0.55454597278546624572
-0.75069144437254942126 6.8746577215481892154 5.0269699262050071553 -0.96527582568020264819 0.0087881476763019376885 -0.26108494559757911002 -0.21461256841049289323 0.54315394969056818297 0.81174209723026458096 0.14894302883160015494 0.83958713389138406313 -0.52240733031464658964
-1.2629937264532484775 -6.5933398759302352943 4.7455012298060328391 0.72766829705454083577 -0.0053663477394983146243 -0.68590819485836995728 0.67396792549301809405 0.19152339419901368012 0.71350264532181784105 0.12753856228030471809 -0.98147337803246958998 0.14298224835631784257
-3.5543061016858623624 -6.6141276059566864731 -3.4191114139267750893 0.20924709886310149942 0.0090136287205133808209 0.97782125468540870283 0.86059155129840636533 -0.47651398372705261464 -0.17976819837321550422 0.46432513764728694516 0.87912068443983759636 -0.10746622138599636054
3.2178197203535714443 4.0293471548231378776 5.9087915704928803962 0.99107029739923135914 0.0094090976969566243043 0.13300802417026427737 -0.13108514528786638365 -0.11393435268153812023 0.98480233954018470133 0.024420284560217019043 -0.99344372370031508446 -0.1116835598574817956
-1.1557561636401993965 6.4479875312743129001 -2.8934214415364523099 -0.66732360034521298608 0.0032456601884594785297 0.74476081939921590092 0.73153900992350839871 0.19049624597508510448 0.65464636043393586995 -0.13974938061532246603 0.98168255865091413881 -0.12949696775711438956
-1.1641614071764674332 6.1057347183272216995 0.54315609023860045301 0.98979349162578467158 0.01166115669663150313 0.14203119854320439552 0.11821134408162833895 -0.62381642642518075892 -0.77257953911072552167 0.079592223649962989818 0.78148389845636379025 -0.61882791985153007275
1.1853670670812883614 -7.2360716942167089272 -1.0354149584302114739 0.84659893309651212956 -0.0058058009016369264282 0.53219971735799331825 -0.46573837679866908479 0.47589084200460135543 0.74606680054346774522 -0.25760048691131720577 -0.8794851898537741075 0.40018469482351964883
4.6904877349203406567 -6.7920573736744387361 -6.5521639714495067963 0.92859548473430997273 0.005078306299955992649 -0.37105880468769125713 -0.35608829854901774548 0.29365530992573873892 -0.88711198988002004651 0.10445836188417505219 0.9558978866791523199 0.27449532031517265285
-7.150225461316495057 -2.7092019981738810763 1.9853633831044252833 0.90123042953682352962 0.0084604958188998005686 0.43325758260818286738 -0.42542270522954384049 -0.17297313845742229299 0.88831065244507290135 0.08245747238513730093 -0.98489020371956925715 -0.15228936885143051772
5.7032670899563484568 1.5938154782601103854 -3.3511615934778813397 0.92037228631659584455 -0.0020257840740468078394 -0.39103804262411601123 -0.34438682205111936785 -0.47789098323808643087 -0.8080952449663522108 -0.18523652819555017079 0.87841681697168616516 -0.44053527019237087581
-1.3045069630007839478 7.3265723025669338142 -4.375329910822209456 -0.27248372052299119073 0.0037155501112825410973 -0.96215321895067484892 0.91707764392048396473 0.30351687097640395185 -0.25854613525230057958 0.29106909329419555776 -0.95281881998623996211 -0.086110854187057869757
-1.4906088217762203385 -4.0740384957069100125 -0.56148011719605905867 0.89096573211079144183 -0.0018703871112031025467 -0.45406669758568990458 0.31395511279952520445 -0.71990587555718843493 0.61900542605467767654 -0.32804306325743992634 -0.6940691838643672229 -0.64082424787023395396
6.4292128124121710187 7.2607872077662944932 -6.9363565726291005475 -0.9922347389689892827 0.0083198217733285798059 0.12410077900138079265 0.11401521137031628284 0.45958344817270541105 0.88078577744075603473 -0.0497066832455870522 0.88809562251556350976 -0.45696324897018786304
-3.3719409148631789286 6.6605488260729108774 -4.1500662080314940638 -0.80488431705905627567 0.020527767551074046354 0.59307659447304317268 -0.58688651245582257321 -0.17555890018663533603 -0.79040704327758570802 0.08789458259701396492 -0.98425488737646671389 0.15335207538696896123
5.6691881351961779245 -1.1409615884645893935 -0.32476241502002856087 -0.95697361224646892985 0.0045969383947859253706 0.29013854211658413051 0.24831434888733147637 -0.5043676668445700173 0.82701465572163490592 0.15013823497289785491 0.86347676563949227191 0.48152506227618746548
-1.4099619607572957403 -2.6206897539194113911 7.1913269608625283169 0.90018584781268584649 0.0066134595819244464815 -0.43545574005882203839 -0.21285013764331783825 0.8790087391697960495 -0.42665964816020235384 0.37994770469503308385 0.47675979131563567259 0.79267890288663545029
5.8612471035651667606 -6.5985978815357002603 -0.89846396731448463502 0.90271259545224658005 0.013940438339224736283 0.43001817890729709948 -0.40503898387525327784 0.36460389827631761728 0.83845537681081538928 -0.14509786887869904892 -0.93105835560435512566 0.33477895230470799959
1.1794009263341336258 -1.1374303619681656041 -0.27080248359676079017 -0.83803784741172970829 -0.0086301915868008637067 -0.54554384434134284287 -0.044278739728427204958 -0.99550111319956757772 0.083767098710621226698 -0.54381243045153215832 0.094355992981427758148 0.83388547599475526528
0.71199814895761570632 3.4314255937775333116 1.8877096121932914752 -0.99476936579667085692 0.0060478336599317401856 -0.1019673113333261355 0.03404328965167806309 0.96080361890961829552 -0.27513171449305323657 0.096306610895716127096 -0.27716390385151018494 -0.95598389479085377207
2.0592002399781184074 -5.2443759932845805949 1.8970815804012222117 0.99227682803349603891 0.0022917282056752266706 -0.12402195180530034557 -0.12395789295323433876 -0.018737704238206882162 -0.99211054787982599912 -0.0045975343777211611154 0.99982180733454473209 -0.018308911926458372454
-0.94089552263862819004 -1.8143207750262839717 -2.3200975148774136692 0.97933767279103989267 -0.0076849454556703767488 0.20208578442257441043 -0.082799723568431418674 -0.92691982944654205401 0.36601070415468378583 0.18450454853298642321 -0.37518071831077187683 -0.9084038199933623936
3.8886191077748888389 -2.3170880583287725152 2.3757595726897515753 -0.7983207092909512248 -0.0016222957716436605877 0.60223036561898612984 -0.15356361967083956288 -0.96639167025542704881 -0.20616826713754971001 0.58232487481711858734 -0.25706907207468671084 0.77124135804031357377
0.27839586327756343787 4.5745016697175664433 1.4126062736996580771 -0.80814949442448835715 0.0026476389166218512392 -0.58897146337459482801 0.33208863778821340329 -0.82382778436825931934 -0.45937448596406788015 -0.48642731349436124644 -0.56683398955158803556 0.66489675662892211427
-5.3625286892909409531 -3.7778326056460125315 1.1333447938817295952 0.86448911009127649141 -0.0011977204400753973385 0.50265012085875737657 -0.4803070115261218187 -0.29680740060734206454 0.82535479741963702072 0.14820173147584822515 -0.95493661172378807578 -0.25716203914473234615
5.0230349134088401186 0.83457070383974429895 1.8544150751472976424 0.79518610947436485503 0.0090821828177717525005 0.60629742309719869553 -0.58435561066298125077 0.27842821513200344263 0.76223765933278908591 -0.16188752757937938109 -0.96041409973700553326 0.22670947364529969725
6.8921633438996634524 -3.323844390081341249 -6.4719305774318911517 -0.93651440507094507737 0.0096233434850352406187 -0.35049701903806307346 -0.22359244355807195159 -0.78639432483118376638 0.57583885337574003405 -0.2700873715636979977 0.61764986613253169967 0.73862132015553205733
-4.7489808532715995781 -5.7003425830863800883 -6.3938230482896543094 -0.91572918666609903759 -0.003954887786716096594 -0.4017765741685966896 0.39675114822856499819 -0.16686122448546730768 -0.90263273713213520999 -0.063471119947370688297 -0.98597245936481836548 0.15436879965463667919
-2.9737022419320382483 -3.3069523263613316288 -4.7389054018296796755 -0.61926410717344027024 0.011870508153022832354 0.7850930241715922131 -0.60789722954107483499 -0.6401033558062904083 -0.46981767974599109028 0.49696370479443646717 -0.76819710030812493606 0.40360908215154828182
-2.5812874911245748955 -1.9726092111339275093 6.2244301016943408555 -0.87481658573054543737 0.0041796662117587262894 0.48443624113082045524 0.23133874151727965018 0.88218991837590710059 0.41015038045735735528 -0.42565047633465535881 0.47087522583643681706 -0.77272129108082887594
-1.8985595441599067978 -1.7675128352891473771 0.25346531543338340908 -0.56362355153063048441 -0.0027299236157433612315 -0.82602726327713149601 0.62474341262606414293 0.6527907941602888453 -0.42843884912554902611 0.54039259852480792112 -0.75753331713970184502 -0.36622276401514963773
-4.2974192639714976494 -2.9462448285582474305 2.0672410627038253494 -0.96671524060152136393 -0.0032356732627436390198 0.25583427058773738905 0.080330330955624418277 0.94551901733137821982 0.31550091250767975382 -0.24291702599281553288 0.32555079217101751121 -0.91378772162883925567
-4.0120904311173548606 -6.2464998139049363601 0.12987976665065403825 0.96992531642125590086 0.0036965908099242557328 -0.24337464079368867353 -0.20508943952899619245 -0.52607691714190940591 -0.82533714265384561237 -0.13108471443590982708 0.85042895791878203582 -0.50949718858343828742
-4.134571366224638389 -4.3315357062576147484 -5.3626889603425782482 -0.92944123118978727582 0.0011410295276176574651 -0.3689684211637658251 -0.36867762365287248816 -0.042686374593927725596 0.92857669755479044227 -0.014690390808554340887 0.99908786974698671202 0.04009514861235069505
-4.3760993324228296686 3.0979392462278507736 -5.4026238059596911611 0.99866829823009506395 -0.0046632167338395832598 -0.05137980653819425314 -0.051554705317476023918 -0.052860082997931157056 -0.99727023618730947785 0.0019345464155438255732 0.99859104043415880536 -0.053030099896351365341
5.1131065565311715204 -0.11587347291407307237 -1.6023119105973691045 0.99858603932050638008 0.0018940530393095227936 0.053125649522056117569 0.050841612094964357127 -0.32590507016326752954 -0.94403443566498657091 0.015525867242889459033 0.94540060175824014443 -0.32554054991876962832
0.88371803692297179467 -2.9872005603697076026 6.9962598226600345441 0.9655321221502625173 -0.016990862656674727421 -0.25972876560379920541 -0.084409678662635989621 -0.96437713121164969632 -0.2507025228113364812 -0.24621682973340386358 0.26398496052249897925 -0.93257129130910088044
-6.2754381061169679512 3.7463531751401344394 3.8829072116258704916 -0.97737366037150374964 0.0020555137169133521659 0.21151005383971577256 0.10181345170494446317 -0.87191980107204036798 0.47894663747686788691 0.18540428545168199936 0.48964439684514082796 0.8519821685776745035
-3.1019249304256137911 -2.1021266896601984442 2.9952129145182282421 0.87206330751849436833 -0.0030953570753858416359 0.48938329195483487588 0.085453125621620884544 -0.98365480668795002295 -0.15849600815584716229 0.48187482918439117352 0.18003788502540674088 -0.85754475623968762221
-4.7793395364595934183 2.3383434093207360327 -4.2117267179369797248 -0.81310583278752190939 0.013310985141666668852 0.58196367787132907701 -0.14098214911023707052 0.96547235898926364595 -0.21905971254422976213 -0.56478574549927584858 -0.26016522000878428145 -0.78315459519722163684
1.5477865086154332097 4.0999616446215307874 -4.981875267425967202 -0.96744223979585164397 -0.0018822711990719477593 0.25308490613615364229 -0.1381871310094538452 0.8416931318218731084 -0.52197412643474372373 -0.21203733039765129686 -0.53995289507427701725 -0.8145495943272639261
-3.8989313670232896847 -0.98188494385034075229 -6.1013586507058148456 0.78413498084114741093 -0.009362319057168246722 -0.62051968446072103269 0.37555900668744635063 0.80316895597060899981 0.46246628056676714058 0.49405239025562891486 -0.5956777443779374126 0.63330897714754863514
5.9244801253489169923 -3.1347412947965747065 5.9645556848688929819 0.94740331636143826355 0.0031054845867174983055 0.32002704903323042629 0.3108981917864921396 -0.24624954168563295553 -0.91798882213423083076 0.075955714013503441984 0.96920148533988392803 -0.23426312198807949794
-6.0758063012223670896 4.036260776430940389 -1.2204278156053007809 0.99986847276445600663 -0.0028324309141269233929 0.015969173644405434964 -0.008043008752249310514 -0.94162121051365710311 0.33657808294819047124 0.014083578450800701698 -0.33666225396674648307 -0.94152014294546582107
-0.051424757886107300142 7.2820940087808780916 -3.8364111540154830493 0.37050881780199423909 -0.0042364512415493677661 0.92881928727380957955 0.92514671596601627535 0.090637603196394023186 -0.36863040952169240372 -0.082624269244903097986 0.99587493058488352204 0.037501370162163767674
-7.331735372532473427 -6.9415283918330965562 -6.1749598888748113978 0.99388860210445251209 -0.012060154470294130041 0.10972693051815993193 0.017970390529494027765 -0.96307711803141693441 -0.26862525902940159739 0.10891515813236940513 0.26895541897966218636 -0.95697464487332650762
-0.42424462625888947898 -3.1460699329181940342 -3.4040305687545924229 0.98379509286232391663 0.00080899389647413519865 -0.17929462007774815691 0.15015702128806507343 0.54274631947754059524 0.82636511400928402971 0.097980019482798302866 -0.83989629015877509399 0.53382968965731958377
4.4312344273102786119 -6.1059770934317008084 7.2343272384381771545 0.88536011030278161105 -0.0086487091303673237913 -0.46482542412714955571 0.17229698507294999299 -0.92252531950778238201 0.34534154659103710738 -0.43179998149532006213 -0.3858396489443204902 -0.81527697212863303733
0.96537168404727757842 -1.9380388269687995884 -1.4922874527683542834 0.94296282227347627547 -0.0097461310263356887296 -0.33275535869451994264 0.21792143299494032282 0.7737067397720126527 0.59488497196748391094 0.25165723683482471573 -0.63346893669805148797 0.73170058178690000616
-2.3863420514848199261 -5.1881349751368723844 3.4396505399710144424 0.7517145472477022583 0.0039395347320420100873 0.65947685290863022889 0.6545173478460987182 0.1180945357615380692 -0.74676684580379704137 -0.080822526715508047346 0.99299454212461790714 0.086194886657805905306
-1.093587345975233438 -6.8848595505462819588 -5.8734912999224606622 0.98148927123395468541 -0.0020823460889742052837 -0.19150580745102671609 0.10431873051638718142 -0.83277080080340815105 0.54370064906418480444 -0.1606126175496046804 -0.55361399653928855535 -0.81713837868491323579
3.7562102374399288784 0.95780266073507602798 -2.3360860961629508203 -0.99322336370570496467 0.0017197221825869506845 -0.1162084004909440943 0.061319713507249642981 -0.84163802138424403942 -0.5365494699423777325 -0.098728124282913096166 -0.54003933515600621718 0.83582909375045633116
3.963278877584732296 -1.3535462795146162573 -4.2749551285787683597 -0.72135590554437822863 -0.00098204308430471700525 0.69256385490987848463 0.31824492138078158687 -0.88863830326254367176 0.33021528733565175262 0.61511448328873141733 0.45860767717754524764 0.64133701817547239532
-6.3859270966404313441 7.1127206289690647623 7.0810263593455271547 0.86504119225646758373 0.0025054890392944579453 0.50169458660048527054 0.465739150386212164 0.36776606240997089525 -0.80488208275304318207 -0.18652286588265376555 0.92991496700733422553 0.31696588876211900798
-7.161888902383489075 -0.31912724411963216964 -6.2039529521915772747 0.94369433692371496036 -0.0049569325522019046931 -0.33078154011046995153 -0.08926792828315868733 0.95898165751895148023 -0.26904538190104931861 0.31854706942340316189 0.28342478607542825886 0.90454306431467978999
0.33318045054717060349 2.7789831794301469436 1.043911571644547065 0.99817658123454600094 0.0077563566460925941967 0.059861102616370585883 0.003700596451543276301 0.98198074508735555543 -0.18894475876186159202 -0.060247973084355713191 0.18882175512703208708 0.98016147982359158597
0.31231425850527838595 -1.2009580421089045554 2.5273729995346427835 -0.99575811548868775613 -0.003178404355782730225 -0.091954734429837411969 -0.089617914346824062433 -0.1928851012729226877 0.97712024190223434328 -0.020842381496011724851 0.98121620219638050475 0.19178206298002278829
1.4724792263402324277 0.16381575183390964523 -3.0128213055953412258 0.97001717895013017667 -0.013067353637503992606 0.24268480959990362811 0.11210571713809784622 -0.86191808507131018047 -0.49449926472335853367 0.21563622313190719537 0.50687913637858794669 -0.83461042431627996407
-1.0904970669466327315 -6.3179396551651549885 -6.9825391427543479494 -0.98940197126674434003 0.00091968414576584257836 -0.14519949529784134667 0.10454846453638982906 -0.68942850104687924961 -0.7167691124116818413 -0.10076387158482323636 -0.72435315704799752012 0.6820257664178753787
1.6337959560465105113 0.10149333806667416857 4.8420142540787241003 0.99709303476406641042 -0.0081170895572185708389 -0.075760100858369844312 0.038843545292783283884 0.90954953767327650915 0.4137762892039636986 0.065548905513683128343 -0.41551624682489662899 0.90722080532280957588
6.6477887555465438041 3.7401792151107438045 -0.87812724056493196567 -0.95328003988516885059 -0.0035695321181780730567 -0.30206691973286819985 -0.097347511947448325809 0.95021876532241522639 0.29598608066378245818 0.28597312369186678183 0.31156308585823333512 -0.90617206757679202855
-1.3877064390789153325 -0.73259516437704363945 -0.45999904577446149023 0.94816967029189291871 0.0039164985303142422005 -0.31774036158115759321 -0.05413083910610553412 0.98729971470708077774 -0.14936239686413230188 0.31311999073221158385 0.15882044697896055552 0.93633964832504668063
-5.8143698780148698191 -5.4126909034715309232 -1.4605699518111174839 -0.92988950591015706593 -0.007699283034119428111 0.36775838241848773924 0.17793303544505148506 -0.88444315689307906325 0.4313932511321353358 0.3219399659805760594 0.46658442244228803819 0.82380436696983816436
-5.1897562795086384924 -7.106301000737017759 -6.7928364157137970381 0.99998266142501535114 0.0010738933937501045964 -0.0057899570189605146717 0.0058205346967860685514 -0.32942648400125312813 0.94416328726256548709 -0.00089343446645304396697 -0.94418061746237957887 -0.32942702284924324507
-3.5830466336972053298 -3.8075421897747889766 6.1971004354578917983 -0.98801389425620267382 0.0035743024730763017782 -0.15432358574924257 0.13676005257323692321 0.48391965053398144914 -0.86436014475858868877 0.071590731081854513951 -0.87510513436317760583 -0.47860816022541380343
0.62372044894014000427 -2.6438534113406144677 -2.4143564662582019942 0.6822730757618902242 -0.0095066756161981975232 -0.73103561692248519854 -0.30649147465357218234 0.9040881642781626315 -0.29780457883761862758 0.66375178045346672207 0.42724023023439944291 0.61392129757341629137
-1.2516488346716239111 -4.0522961369805488019 -3.9585423746285823832 0.89845015403088257511 -0.0066569859473012216525 0.43902506222316312057 0.33121107490750401059 0.66668690279658426867 -0.66770337538328539129 -0.28824736699669595286 0.74530816323021353842 0.60118981797920589827
-6.0724496287356206636 2.7132862427817641127 -2.779267822786439357 0.99276298995367551203 -0.016787345135817345609 -0.11891102060559916032 -0.079652551509642621763 -0.83307704280984951062 -0.54739210058354303978 -0.089872781286492786634 0.55290218464621865291 -0.82838521075485105349
0.21630147777386721231 -1.6670487459488012583 0.9973808868424232088 0.65662866365567862381 -0.0084771946860847588456 -0.754166384318390004 -0.73349093550439925515 -0.23996720445599348248 -0.63592986116281868814 -0.17558429769979175261 0.97074398167376030333 -0.16378729024387125857
7.0699722510870390835 5.379819901845101171 -2.1423323779577421178 -0.99933102340019341892 -0.0057474777374176399397 -0.036117477340090957394 0.035374919305004762227 0.098686851366575789601 -0.99448957784958136319 0.0092801268268288533009 -0.99510194043969435462 -0.098417515611161313083
1.2924033769147029727 2.4571395207681954176 2.0346945480982712162 -0.9813058975317084931 -0.0089061813860843910134 0.19224831703467171184 0.1667644776515134486 0.45926851860752054835 0.87250331621697552187 -0.096064272563524899518 0.888252839989384535 -0.44919767117351688812
-2.8102704021692654912 -6.1175426560317980318 -5.3180667632978373405 -0.19332514969932626525 0.0018953280352844662643 -0.98113291363885568597 -0.8352196003071217234 0.52439409378757684266 0.16558699726638662075 0.51481414681094861407 0.85147357101226539555 -0.09979555155882070816
0.85048650856236274187 6.8302819863759154373 -0.59363985838740873646 -0.29093751269272066784 0.01067895603413959206 -0.95668245703903009858 0.045807056494524406309 -0.99863548084161923857 -0.025077678907773008621 -0.95564484892844381303 -0.051118844882434164023 0.29005135134043286138
0.27330243362585471267 -3.2695184961087009334 4.0255124864758400349 -0.99943706828318756852 0.0022302386427885531259 -0.033474954476155914518 -0.0296079300224101373 -0.52786215882837506097 0.84881382632291957346 -0.015777104340523883524 0.849327126208020311 0.52763104122666415474
-1.1155800408383338418 -1.8812866456746726307 -0.65803526341491813678 0.54328561729846502892 -0.005584178970092021875 0.83952936516946663481 0.83589057155038248847 -0.089640201758313206581 -0.54152708761595691467 0.078279565850222512791 0.99595855896411900066 -0.044032469796074551194
2.6450162745436807121 -4.7613080325015548766 6.7949572239654942862 -0.98034077147351639248 0.015131716525527704603 0.19673078798627990915 -0.19461464875173412059 0.090141688557321603126 -0.97672903841097413746 -0.032513232351806822806 -0.99581399223901112538 -0.085424718805549526568
1.5892047080788966884 1.5993144233382941 -7.4580490150234517444 0.71277148386858568685 -0.0010484982304937977976 -0.70139554634683098921 0.50161649397129404182 0.69971341564912126199 0.5087062304873212204 0.49024249587298590614 -0.714422869603295152 0.49926171356130333301
6.9617701937604623552 -3.3241025775105432771 -1.2990089683793657471 -0.99083719287157945299 0.0081931095999330256358 0.13481294514035216392 -0.10380817369630629399 -0.68475106696363741143 -0.72134585280988461342 0.086403242393823284639 -0.72873098551331949579 0.6793273367505192617
5.7791800268026376486 -7.096743166025270888 -3.8505569103813788168 0.88391060764022377771 0.013037044433297447638 -0.46747414171646800574 -0.46055735040062822927 0.19777267088057148836 -0.86531664588448986564 0.081172438013582384753 0.98016121435469305556 0.18081766833392601268
4.8504520849925834014 4.8476973241995739983 3.1108909481826070298 0.98450553170560706207 -0.012419562136761845214 -0.17491315707336146934 -0.086814931840987527578 -0.90118402331182478893 -0.42465341601940637117 -0.1523549331347136826 0.43325871093821460844 -0.88829885947556130876
-4.3390331317074855022 -2.9563569794154060943 5.3729026921291316299 0.82204894229934255545 0.00068302575298005729389 -0.56941642928556179815 0.25195467061420201427 0.89634218923811581625 0.36481436888834944954 0.51064114642299041069 -0.44336239496329693521 0.73666505707297524896
-2.5576544393802911337 -2.9984921485093209981 -2.1541336812186555605 0.90516899432439512641 0.0012728128241790686442 -0.42504996372334080679 0.41714459896390337912 -0.19464899709778465953 0.8877511765602751348 -0.081605608073022903315 -0.98087213635438574855 -0.17672118394443675493
-5.376878029483400212 5.4965441770029990209 2.4689707743820266117 -0.97516344539957156012 -0.0065545013916239909524 0.22138946060703521002 -0.086308486840168646692 -0.90930222226917722939 -0.40708759951110273789 0.20397818475451579001 -0.41608473546612922966 0.88615257888040943612
-0.89289254370217208123 -3.6831442832773766405 0.29329263100541069775 0.9998110936817670158 -0.011347589865139895426 -0.015780023921095898132 0.012439550764245419293 -0.2502323037075199208 0.96810590937045692961 -0.01493434054386211414 -0.9681193244560809541 -0.25004387432423141879
-4.8618158390146710701 -4.1376260768994770345 5.1844679042270334079 0.99990223283922274877 -0.012757541822618158334 -0.0057244990810986703944 0.013100719668780236304 0.99782736840440011683 0.064567127915539423988 0.0048883440187820273448 -0.064635810428371145986 0.99789694663474315384
3.0868338641402952582 1.9293177829376004784 -4.6673204039450686409 -0.96050868941171352322 -0.0087988828373042945324 -0.27811083622446414187 -0.10497588206245224429 0.93709845398960212037 0.33290622060213698186 0.25768803183281913105 0.34895424799126573134 -0.90101487837824689731
2.040697549424896895 -3.2272815112314829911 2.4785584589411429057 -0.77074581403827224779 -0.0036336907170343201237 -0.63713239317598036049 -0.60345372680118103403 0.32502331300882003617 0.72815070254065228372 0.20443700680692628024 0.94569902310019160474 -0.25270312217168289237
1.7357980888850190748 -3.9065216082850233725 7.4874185079336914583 0.98796855794153060071 0.0069442092131102419253 0.1544988882726143764 -0.089478235380495735329 0.84047796653571094083 0.53440661781188292245 -0.12614188008845786393 -0.5418012234448975617 0.83098716016637907966
-5.0635862700361808919 -4.7276125931101011801 -6.5857202282433577878 -0.9681608464038955475 -0.006224438493443128044 -0.25025153716983228325 0.097916217636321148388 0.91062599949755429485 -0.40146320299973731194 0.23038443917550641138 -0.41318463839357044698 -0.88102296495678766863
-0.068032697995449309403 5.8359411519889086151 -1.6791580681964901611 0.9867313580030419029 -0.0045268618462660885349 -0.16229828913222835163 0.14681318992911940313 0.45174186364475171773 0.87998589528114301572 0.069333357024397329615 -0.8921372070218921424 0.44641246560908376395
7.1352426366109487077 -5.1086649257940752733 5.657100040913008776 0.97872520966667131415 -0.0051992746295004459503 -0.20510955976371053611 -0.19357501431854953755 0.3079780900792041809 -0.93149246366393712027 0.068012335606912471819 0.9513792427704891308 0.30041947112465805514
2.2667051162811802101 -0.21518664622554911636 2.806738658040230483 -0.99752854553499203938 -0.0029867025999860716094 -0.070198863597000213388 0.062277280973909152073 0.42500728099934598214 -0.90304504393301676668 0.032532155127254269722 -0.90518500357950149038 -0.42377089114009347526
-4.8423264352641863795 6.4537961581966794 3.2197758845902431091 -0.98633910001564006897 0.011349247881101627231 0.16433616264493694503 0.15988253168382476899 -0.17421970693686858467 0.97164040147428398786 0.039657985862683771405 0.98464140085986828765 0.17002516246110999099
-0.50685438450803588228 -2.9776051286847016186 -6.4852781815264650689 0.79002219483588120852 0.0059631797744661282565 0.61304924121441617402 0.59144328476216800894 -0.27071186596134128033 -0.75954586861983841573 0.16143039545381360211 0.96264195115046424789 -0.21739526514838267146
-1.7230374680771054496 -0.12648566080495585173 -2.2133704821848563249 -0.83347185709402882292 0.0032481430046677234498 0.55255236222394521484 0.36002171147676481633 -0.75540036630945062157 0.54749854232215111605 0.41917661038945708274 0.65525547395388128447 0.62843554415369695665
-6.5862548027890106539 1.0998294577658276339 -5.3484970710679631267 0.90734763421612962819 -0.0014577854550237730712 -0.4203785740781095237 0.23789793731677563726 -0.82268133294827827662 0.51633322170748896518 -0.34659030872612600627 -0.5685009228488902 -0.74611115701162622482
6.6463684067765891328 6.4739401172799286854 -2.4083793713891381572 -0.9398766307952222121 -0.0072723473050548036525 -0.34143671719630641626 0.32765594387214180827 -0.30111470268606954637 -0.89552862504301944391 -0.096299020401730731078 -0.95356019673162073502 0.28539350006393149339
4.3436708135393518049 4.8729573814663202924 6.9309381577690576393 0.2802885146273032535 0.00066688014939886319267 0.95991557120338044662 0.26875397111143256579 0.95995207225993917088 -0.079141152225634170403 -0.92152571943483030381 0.28016347769584615257 0.26888431375873939055
2.3369598450127351263 -4.0293000401525507215 -5.4429975023343111218 -0.99330815264129435072 0.0084806917104339081537 0.11518242819314780667 0.054087635058419410161 0.91533452398254078197 0.39904540711478153625 -0.10204627200514533591 0.40260500130234078142 -0.90966794562421471326
5.8857083738864313105 0.43060838025633707549 4.1129761883154944968 0.99420480052902193702 -0.0099199799456747474874 -0.10704395640535314949 -0.05851577800438555188 0.78536193779233143264 -0.61626498390851847109 0.090181585313025128259 0.61895736578945603767 0.78023013336161506359
-7.2225717683941006442 2.8637783692235512234 -0.37080761604524969943 -0.96623602213576831321 -0.0068393988251317502577 -0.2575678010755743097 0.16062555460610997149 0.76563470253541088262 -0.6228988148013517856 0.20146310018131080577 -0.64323924390313935717 -0.73868524715749861453
2.8752836325088493297 -6.9149964790490994204 5.3608905686816417102 -0.92454920344318669567 0.00084582496441290642552 -0.38106174695552641474 0.31126429925167237167 0.57855009810262025827 -0.75391930602479007018 0.2198256273140358763 -0.81564641148338890009 -0.53516130746754353442
-4.050820896513375402 5.9061845500625578254 -4.9334978464507424079 0.69967414164237995422 0.0041260276295389912427 -0.71445018819580763392 0.36871520268553492627 0.85444455096811067207 0.36602405471416388227 0.61196829560496179834 -0.51952621225194162147 0.5963114286659735308
1.4897586284990129712 3.8829212965036061789 7.2426723254336291546 0.87350476873671123457 0.015718616178008574386 -0.48656175774475718399 0.47897103457065431931 -0.20645360110870455972 0.85320786367179590748 -0.087041180119063851772 -0.97833012613063607965 -0.18786696694410970343
1.789819342435107874 -5.9189118098850377336 -3.6441925356280022719 -0.66116718899360060746 -0.012037665488127270719 0.75014201509316136285 -0.70142583767332511435 0.36468631021160402561 -0.61237708104441790358 -0.26619493316481723788 -0.93105262458881343779 -0.2495621521856821734
5.6981441432664752256 7.3451962895186841962 -2.8407775295469845922 0.85226347771614741067 -0.00014308733187815177168 -0.52311274509157545953 0.49238448376548549223 -0.33746666543655184922 0.80229282052514649948 -0.17664791167252386073 -0.94133746831038578318 -0.28754005991620190663
-7.074339467358906397 -0.32184416642262692054 -0.77476096898435398153 0.94259384460808937067 0.016654738916806886145 -0.33352580676507637136 -0.21924594555595475209 -0.72248825185951148775 -0.65569958157847363367 -0.25188898241883894702 0.69118257037960051381 -0.67736149502270093237
6.1358252891757150138 -2.3857956956708381568 -0.11713554666985462327 0.96900048522075554747 -0.0078834445368027184636 0.24693300902099088456 -0.22679771090934502942 0.3680155379198223331 0.90173574963835745333 -0.097983967914099259766 -0.92978622013445266781 0.35481928763805731242
-6.7079565344978577812 -6.2686475676846562521 -7.4546005072067691444 0.94153231779528512302 0.0022812760530190028668 0.33691496008128629658 -0.33692218002116963715 0.0046465662860333345821 0.9415210321769960089 0.00058237168936595595965 -0.99998660251088777873 0.0051435048260918530411
-4.3333215003744172122 4.4989687477178836872 -2.3728234835640171774 -0.99285603323914461971 0.0066258695894037249879 -0.11913435739921399148 -0.067961041198040111899 0.78926659186255021528 0.61027825116825296092 0.098072392343692804673 0.61401493859833922162 -0.78317779656864816573
-3.8640671426589783266 -5.667651467571933388 -3.5162396224446768045 0.2582871939037167941 -0.013241062249459482209 -0.96597743231191202096 -0.96483436426842605904 0.046983604356012564907 -0.25862557964827337376 0.048809578895952200617 0.9988078970413853952 -0.00064016854912402922084
-3.9152600782574022986 -5.8994496829766980284 6.990812341055725021 0.70108477574820193823 0.0091020517528546326935 -0.71301983834113136229 0.6969066026854235929 0.20299629583032727242 0.68783260391810185919 0.15100107399490556026 -0.97913720005572879579 0.13597433257536062357
2.4080967637649584034 0.38368016202183796715 1.6055935147399078566 0.83067757145941978347 0.001049109789204272572 -0.55675279221845386246 0.55559709058177975116 0.062864614789024525487 0.82907171773291532535 0.035869837070541463198 -0.99802151258184290672 0.05163734319707496967
3.2967681433564024474 0.37550013187489772459 -7.4956935942204481194 -0.91496180371152768807 0.017087492033884141285 0.40317851550509387071 -0.21312631486815089565 0.82793317154353340825 -0.51875219263981242612 -0.34266904099961470465 -0.56056639310061684434 -0.75388543378050920651
6.4998736762543973811 6.1877294973723566684 5.7686813950042168386 -0.99860549653056218666 -0.0032209316831030773698 0.052694287147537210991 0.014756050539989719328 0.94132484502633884116 0.3371791735984357441 -0.050688472766049458285 0.33748653563536873401 -0.93996463603342372828
-3.6048744434234558653 6.6261941051170092365 0.095690902170785532843 0.96352802697508799223 0.017716918473527579897 0.26702032138653031268 0.19426941043575968182 0.63993093499660336221 -0.74347010336886998338 -0.18404656313685877067 0.76822816222406298259 0.61314953589101517384
-4.7455577170401870291 -4.5460079435373517143 -3.5097029650698661207 0.9900741868629655551 0.008841307478601357836 0.14026737250631096665 0.096498938857169896943 -0.76835715037538465655 -0.63270470542472312392 0.10218150178578359888 0.63996024935090611852 -0.76158375766801333917
