1125 14.717824617146108679 14.977075390850430381 15.033177056927090831
4.9730318929776284875 6.0462144627913101402 2.0465568699391987195 0.77756353669480227087 -0.0037060593385835434097 0.6287934569688267139 -0.60827055397889162602 -0.25789339618608059235 0.75066499143488840673 0.15937967111558348776 -0.96616627002178945283 -0.20278278799559099066
0.32066475911976477509 3.4356714223746971371 -2.7460890219202331863 -0.99345155343546021065 0.0050221537804190693327 -0.11414372058093766316 0.1134441255326718162 -0.075392432577775003733 -0.99067977242503035828 -0.013580918922338185845 -0.99714129343915947068 0.074328995417718909944
0.29085309491697436401 -6.3409569749662297866 6.9350522843416948504 0.9653595301011405061 0.0019522921528532881895 0.26091601368663214222 -0.25892719678458603338 0.13062248938742845872 0.95702375729730482234 -0.032213109257285599263 -0.99143025666033812726 0.12660316651013719946
-0.34840561719662072049 2.0605435465301682463 4.9619613284466348446 -0.95759085346591998888 -0.011970711885185883125 0.28788271816035332362 -0.11269449022978729469 -0.90398390845544962513 -0.41244762713029847756 0.26517863645146710905 -0.4273988714428393898 0.86429768914370108668
-4.2094237958007303391 0.056353458854850171922 0.54541365767433258593 0.92764575459936826629 0.010714386376526861128 0.37330758885722781226 -0.36920073818861098847 0.17686853862913032298 0.91236414603174609272 -0.056250945723708770108 -0.98417616409246921894 0.16802710834097633885
1.6328056467726415057 -7.2155582294533200383 -5.7637843117998874831 0.94309611824294503624 -0.001618357590197082134 0.33251630437294227294 -0.058237350354000828878 0.98372812094655215365 0.16996292267050422398 -0.32738070007081870871 -0.17965624113197131706 0.92765592341314129232
4.7620430073657065151 -2.8391960496156842808 -1.7685942352661798704 0.86819599417719872658 0.0024113957750347241038 -0.49621557902295521103 0.31615004115490158432 -0.77344778518701429171 0.54938845552773896141 -0.38247204757009445331 -0.63385543206617511736 -0.67226663167815159383
-3.3576676360685158151 -2.1348264556992329055 -4.7909211682347434547 -0.99728420472860923596 0.0022575238137133657804 0.073614662840967112767 -0.07310482665437541272 -0.15165379549857399555 -0.9857265394777429135 0.0089386418875053077343 -0.98843109516900684586 0.15140697072488459862
-5.4531934677161864045 5.2862100665252169662 -0.57400404799491433483 0.99914079828954349694 -0.015549012480377375975 0.038417358111369849516 0.012234539854813469145 -0.7749875264817102094 -0.63185809311299589996 0.039597742712348983629 0.63178521825749578422 -0.77413142086042374679
-3.7779923880960160076 6.1251950356157651711 -2.8890359271232362026 -0.98912849469438623995 0.0014215989109475184182 0.14704693142019473195 0.016287857450756667438 0.99485971697383646095 0.099944230661112715142 -0.14614898796516007096 0.10125276588477200024 -0.98406724908287268594
-3.3580124627070104815 4.9812601362055985987 -4.9082148515739003614 -0.87642199219149052869 -0.012188988475670309991 0.48138957213785821265 -0.3020157662657012021 -0.7647093941161694497 -0.56921526637778008251 0.37506128636542013233 -0.64426001824614997915 0.66652686394432159034
5.2613393989124981331 4.6407945436389432814 -0.17312698205694113107 0.8712145436820276645 0.0021691754504338349452 0.49089766097908632547 -0.13567748537211471449 -0.95997397135339124219 0.24503386355154788134 0.47178049857949111434 -0.28008082583739041249 -0.8360489771288170946
3.4936061376083924479 4.4277143902760860428 0.44919010220569965952 -0.99852770893181375111 0.0003354218381092588866 0.054242990216180168861 0.0021037042683186013559 -0.9989891226814311409 0.044903309373681504768 0.054203218758262811106 0.044951309842409845063 0.99751761429048990681
-5.965650584865574757 5.4857274396865038923 6.3781834723154862132 0.99236080833405848622 -0.0010462053480521909393 -0.12336503368885315401 0.11697759914236555145 0.32567425418800732828 0.93821773669980634835 0.039195246925691637485 -0.94548145704376862497 0.32330874872934262099
-0.6792171268745775814 -2.3760494503219509177 -4.8411576569018732741 0.97950810399683219121 0.00092032226748254642237 -0.20140264946472211105 0.0016134955793140628132 -0.99999332698649934237 0.0032775927789558132255 -0.20139828906056919666 -0.003535390973153401846 -0.97950305266196346921
-1.5459639054311224982 6.4746270835884800476 5.9426660307202858746 0.8885804974277994317 0.0089404822553093184212 0.45863358726550385036 0.415044744141941091 0.41011305270834425007 -0.81212384791873182266 -0.19535239939948390031 0.91199087263805567183 0.36070776020703959608
-1.0520047987681786505 -2.4400497107558267729 -5.8853468091467684431 -0.90106558470849373865 0.0045684812440592442728 0.43365878410691544032 0.15220899033649434862 -0.93300395502293587136 0.32609207775152249109 0.40609510624325118044 0.35983711438743537503 0.84000239035058987813
-7.2290770778940540708 -3.5957783852568305782 7.377107547077070393 -0.84001624873921776349 -0.00036116049795978811404 0.54256112228684516552 0.041369725395423592729 0.99704595468366796762 0.064714063926177525787 -0.54098174430828649406 0.076806469859112602716 -0.83751986156335478384
5.5171381903922940282 -5.2983610530186169285 -5.2060152675532087585 -0.99857549176050863782 -0.0030691786907752300825 0.053268822000079985024 0.051889607407066162814 -0.28839541215797437346 0.95610436401546228247 0.012428028735696596344 0.95750648373179436668 0.28814384899447126331
-2.5004293029086772648 4.2226878710699446984 -3.9211749583083261861 0.87366768048554710457 0.0060567021787822881984 -0.48648545757666805667 -0.30723517746928113992 0.78219107226294770641 -0.54201814747976184705 0.3772417392075213538 0.62300918358463519553 0.68523589176951515967
-3.7214739802728140639 -3.1617185691437339479 -4.6305704794118947021 0.85371336471612102592 0.001564627483592880659 0.52074085958943394647 0.24208042256181580565 -0.88656484211742003776 -0.3942078762957511584 0.46105374948848387717 0.46260169980464260764 -0.7572510200854637441
-4.8153014065120753884 6.8260592348977864319 -7.3409042100209145332 -0.91636077777463964544 0.0060612985413445868987 0.40030761373715495477 0.13797793837993893584 -0.93384584489943489594 0.32999094909483184246 0.37582577542850870156 0.3576243820323835032 0.85490337927712711785
3.0219827460015107334 -3.0075795106635059284 -2.2295865873847797722 0.99360787167013742138 -0.0061440035907519858355 -0.11271933540921391659 0.0065596287227855619439 0.99997298487686192558 0.0033167435129597949012 0.11269591219840657814 -0.0040349394529505810958 0.99362133161349053267
4.7051835439108575798 5.389902382227623967 -3.3765231939241160397 -0.99991070904626933036 -0.010534095005499947983 0.0082223340422299985575 -0.013350014631903151657 0.81472928132787447719 -0.57968782569264565296 -0.00059248967568776081394 -0.57974583309356331196 -0.81479716369577048773
-6.3455992754118772936 -2.6762091601013073827 -0.87552459104751356733 -0.86774526565997689431 0.0087913108402489434368 0.49693145078404599158 0.47939806271559498585 -0.24899613180833940485 0.84153337652702953076 0.13113219051456920239 0.96846457818462505784 0.21185067715875416372
-1.8098138198488087358 6.8674004924277438633 4.6384821472647175256 -0.99026301221474599679 0.010582238777136359492 0.13880627817833840476 0.083573519861046843826 0.84261886760484538961 0.53198581817034795716 -0.11133118798115616832 0.53840640800310690661 -0.83529869292598601938
-0.55565001083675191751 -7.0666765542754159668 4.5292261881923234768 0.99421678994588513767 0.0099179664549149271907 -0.10693272899952503685 0.10624480442897760168 -0.23597168753721661782 0.96593447200769877448 -0.015652990823955676564 -0.97170931693704176713 -0.23566074610770396114
-3.3580913015509650243 -6.6689942023463908427 -2.6657982423663999505 -0.71585638426465258988 0.0080231412945385299773 0.69820145109501263736 0.2148270741603104661 0.95396228462951049298 0.20929712781624318363 -0.66437863098933536143 0.29981926006876380431 -0.68462357976970689144
3.7909949875939834563 3.3085676385342237538 4.7418992030818616357 0.64505421472113821935 -0.021434460070028506229 -0.76383612378058995951 0.49587326917815988114 0.77228839617583699972 0.39708983120529095512 0.58139036884445338682 -0.63491038505733043973 0.50879666072141138677
-0.20411571542453749162 6.4675235363926883991 -2.8901077763994234004 -0.91024635845449497484 0.0121106035324595393 0.41388996146602335946 -0.11295371034642759378 0.95439931887747919692 -0.27633928321005696294 -0.39836293281289780754 -0.29828723306261323289 -0.86737056691625036287
-5.1288294549121085097 5.5554654769615590126 0.93200463976967085067 0.99372044361492672948 0.0083996173978667272586 -0.1115756531202489743 0.016598167369343632543 -0.99721168218307409958 0.072755492971978794059 -0.11065342643411724133 -0.07415057211634967782 -0.99108905345235365214
0.37984225421101097675 -7.3188119659891830437 -0.025915810948945933179 0.97650213791654183471 -0.005998425224649127363 0.21542421762521812845 -0.19266511763766169807 -0.4721810267863021382 0.86018906665265459921 0.096559448477566034441 -0.88148119482942122183 -0.46224146944196253806
5.413809181447940766 -6.907649133953888132 -4.9310792493498940559 0.98047493717368983113 -0.0036930102139789977578 0.19660940783668537368 0.19641103140053586817 -0.030271512391596130942 -0.98005425476434948617 0.0095710144986485713031 0.99953489044315557699 -0.02895511126524274309
-6.8763319329643017852 -2.3049503661630326157 0.75964763925292866364 0.85874377928674239246 -0.0065516354053534158614 0.51236334530286842259 -0.37027523410038881702 -0.69912136184416817652 0.6116580518762804175 0.35419679917855245721 -0.71497300472586911013 -0.6027920287835758506
6.9408510540194461313 1.3541751203855283414 -5.1996413027668868523 0.528909645677537954 -0.0010023188137552041521 -0.84867754893498881241 -0.84800489175559923272 -0.040448169062475135271 -0.52844266404031525752 -0.033797784954675363922 0.9991811352185138162 -0.022243398024331579449
-1.4294497679283895142 7.0212828956932291646 -5.1144644604595601578 -0.036858377121156131462 -0.0050747345011487726696 -0.99930761385349908821 0.99460599962052032019 -0.097206448095939299026 -0.036191324476857911208 -0.096955482334970408131 -0.99525130169129716329 0.0086302333038683846228
-1.2167016504297827328 -4.004503592992135097 0.0633880795882602599 0.94344036061316749464 -0.0059761956383932186149 -0.33148841767371933775 -0.1900260718456916742 -0.8290589078661472211 -0.52588156395385166064 -0.27168065441801819704 0.55912933420935395645 -0.78330326798854343906
6.0417432495030247708 -7.1501360475869102373 -6.098468418045222883 -0.99867330649207741722 0.0012656471927729555371 0.051478393888207206464 0.0032108709531064576898 -0.99622201808836197134 0.086783529449585755655 0.051393746777683692317 0.086833684784153652991 0.99489627297469607203
-3.2835810279573349746 6.6444399425501528 -3.9943287180826794192 -0.99342752137157452896 0.0085119783965934558978 0.11414598549791020454 -0.10912282872367867759 0.23061299789126565862 -0.96690736549840183844 -0.034553842519561110691 -0.97300832032788164838 -0.22816844773040756422
4.6975357819127330217 -0.14824380603294920467 0.1957650418314152152 -0.97077194946429534728 0.0029649818339827788832 0.23998548084458676266 0.23532836046965910359 0.20816683015311754357 0.94936143464046895968 -0.047142177422658942954 0.97808884039580068492 -0.20278026383536493227
0.071794765664453918941 -1.3130509941487424896 6.7502116951806785394 0.78100296179478967407 0.00077785883104494225881 0.62452683577527046133 0.37319351982593285122 0.80124113546398878505 -0.46769566985396776593 -0.50076039223133617106 0.59834107144325909822 0.62548140803413199151
5.5085455821925668474 -6.9889860317676379964 -1.5134490596531211537 0.6358006468158768909 -0.015084406959509416221 0.77170590134789363024 -0.091584926816175651898 0.99127144235583442011 0.094832108221966193717 -0.76640050801695913663 -0.13097094424502661592 0.62886951991250505944
1.1349034296223006191 -0.79183944057051069976 -1.6390624074501967122 -0.99999303901177494236 -0.0033641376215133166235 0.0016138482269389925298 -0.0011195280039534875535 -0.14207391457690346503 -0.98985541845955871132 0.0035592955882742540429 -0.98985033483600992632 0.14206915935580294308
0.24036834894052949707 3.6127154959415652691 2.0563017652975075222 -0.97913409578035293102 -0.0087509962446823304216 -0.20302670401982000903 0.13909811000774802148 -0.75720988999776150941 -0.63818876383235101368 -0.14814904074174753412 -0.65311300902239133315 0.74262726799717149184
2.3159888853764996064 -4.5833127422491459768 2.353499554489113077 0.83004941021129718948 -0.00057555848758236380098 0.55768956000653557847 -0.049676647228111374399 0.99594801699525592475 0.074965179672487752827 -0.55547295823294728923 -0.089928950708840771355 0.82665747229208830227
-2.4870470302851526156 -1.4060439105855806474 -2.0226134286154677788 0.91803278015600964235 0.00016347540671154438263 -0.39650446130521338484 -0.066733151083674516202 -0.98567141335231445165 -0.15491465859144692985 -0.3908484375119529175 0.1686767268352266369 -0.90486775869112401338
4.0206964703837124731 -2.1512040220318349171 0.82875765441425486291 -0.95309198068699374495 0.0028637303941042497636 -0.30266726846213326541 0.18238016637552753596 -0.79261237259279904155 -0.58181019389972110645 -0.24156396929780368787 -0.60971913686633938401 0.7549102084857720607
-0.31452234735053757886 4.9343802758639982997 -0.020193028470797215468 -0.91155818063030902287 -0.0069653646231743115633 0.41111211004010111969 0.014525888632629387065 0.99868682164850952621 0.049128716906995141545 -0.41091444594388087941 0.050755452526410657632 -0.91025996405063014372
-4.6286026698143274416 -3.9497681500307995073 2.5629332159560371807 0.85920284801288038246 0.0061913736004660328144 0.51159762788688367685 -0.51018607984686237256 -0.064834404634098147246 0.85761685145890664828 0.038478953949677617563 -0.99787682950788980651 -0.052547152484716558307
5.0982195803819321256 1.3169466252586377042 2.6914605455607247819 0.99313425695906609736 0.0062194430435815366634 -0.1168146659568230078 0.11284437416486838013 -0.31411201735090715781 0.94265571009520987555 -0.030830096881212708249 -0.94936555608673900419 -0.31265723411164936252
-6.3540288973471765743 -3.1671193103183474804 -5.579873057907260403 -0.94883296083445434199 0.0029310793415826511162 -0.3157648194587324153 -0.047652027959407670943 -0.98983495934567700125 0.1340001398825425849 -0.31216229218993818417 0.14219058348246385592 0.93932770708824508965
-3.8382758481946805951 -4.994095939330966516 -6.6285746621110268606 -0.92407797533349578245 -0.017054709757037475604 0.3818232999423573637 0.18400591827528695044 -0.89546097968239868337 0.40532882442040774063 0.33499510077524796703 0.44481318633943350838 0.83061393662473204103
-2.8732837473743839674 -3.0178544605029635761 -5.3664722645590865469 -0.76383880388874825229 0.0053609598199628964027 -0.64538480132680675627 0.59115514301738203429 -0.39548650513746025359 -0.70294097983995829093 -0.25900941789427545103 -0.91845614177491119445 0.29891878006921446254
-2.716547794689383899 -1.8777978786241593667 6.5919281396357831682 -0.79230263800270095409 -0.0049395469133214292903 0.61010829423151713424 -0.35906360525066788325 0.81224193013983680967 -0.45971336102761412024 -0.49328476278756627771 -0.58329979238730267355 -0.64531503546918989045
-2.2036005313508586489 -1.0791771624480102076 -0.26282540940817777919 -0.87180657978122655383 0.0024691609282710066942 -0.48984404731967673419 0.1733340223798106039 0.93684490012884502619 -0.30377121290259351261 0.45815783757986083824 -0.34973638121731975836 -0.81717553776231810492
-4.0903888300991653182 -2.8941509852369935452 1.8036880598600415482 -0.99501471852213108082 -0.0011655400990993943378 0.099721369026332953855 0.061411818189547745517 0.78069393921371776912 0.62188870536579043957 -0.078576704632253788207 0.62491248570596857892 -0.77673038224207546776
-4.9287248842019639739 -6.4953175541706871243 1.2557794026000417276 0.59373534954859308321 -0.0083435169057559342709 -0.80461712660246387241 0.80432159111661860607 -0.022860128342721094952 0.59375432006484252234 -0.023347649988233593749 -0.99970385627834457143 -0.0068619954991412743933
-4.9437692611896908446 -4.1218064415643098641 -4.710549420871144477 -0.96689218829925660526 -0.0030621522693703804446 0.25516684625829022526 -0.16409761592350721737 -0.75830557019846978051 -0.63090778617342457846 0.19542637655681385778 -0.65189208112189367395 0.73269724028165283958
-3.6209875255424606166 3.2052196661576637382 -5.5537708051598846382 0.9525561551374269742 -0.00052981518246242136072 -0.3043624329737200096 0.12980847142895091118 -0.90378257193440580952 0.40783185679018074676 -0.27529353798284017518 -0.42799156763132628623 -0.86083487730318897224
4.7544343021852402131 0.15510433644709931134 -1.8231802688115912314 0.85820162468971283865 -0.0031684324816132099223 -0.51330296357553073516 -0.32845015849556669085 -0.77186335565218600063 -0.54437804289430513638 -0.39447492285826868397 0.63578056059996257421 -0.66345505801000836943
-0.2666734310299591626 -2.7392475054828246961 7.0971109486936168054 0.99510979350294825885 0.00092164918828372592932 -0.098770691185093253961 0.003943875085652475028 -0.99952980340035835205 0.03040753136414906313 -0.098696224465377471735 -0.030648371524909609476 -0.99464553113112164073
7.1650896462369368933 3.0736582117959474481 3.9175019060135776172 -0.90599376544113519039 -0.007209806202622441422 -0.42322962523460838646 -0.29756658184555107027 0.72195118023947590924 0.62469242249251877297 0.30104721614804225149 0.69190643301340759574 -0.65622866563735093859
-3.5326010723277936343 -2.6537660900652979556 3.0595409906615436135 0.96112212251455009238 -0.0067380811099633794795 0.27604141695796119427 -0.023888103399727373538 -0.99798314613712069132 0.058813251418028220097 0.27508839330145623547 -0.063120822945757867894 -0.95934463962725857744
-6.0413279722643240532 3.1466311250083047746 -4.6660835661408839314 -0.99810344169533948833 0.0091738438198820087405 -0.060871670467677989336 0.060674287837150946145 -0.020444992581201287124 -0.99794821161911206886 -0.010399541884824564306 -0.99974888990576726844 0.019849601020162737502
-0.6526211777596439001 5.1461950295351801543 -4.6422206571363959782 -0.96584963630557985059 -0.0048869046362104246947 -0.25905713310287353801 0.21007400923618230193 0.5704863251210471331 -0.79398631190553936587 0.15166868724904150612 -0.82129256115771698266 -0.54997739798570000058
-4.143512440334984781 -0.96077593938053451605 -6.0075608042320318702 0.90780264752827399821 -0.0051094545542918696004 -0.41936648246481850189 0.39734048092601426116 -0.30952771938302409138 0.86389416779561212234 -0.13421957889308175349 -0.95087669253581563744 -0.27895989000942300606
6.1965127639147299377 -2.7880922752871049042 5.697720755113403257 0.99956240175728361397 -0.00035509314915525488909 -0.029578351917589576492 0.0043143672203463743348 0.99098524759922002048 0.13390155068594347676 0.029264162875301626132 -0.13397056747461680293 0.99055312619852842193
-6.4763088162247335333 4.226286572517186535 -0.69043466869712333267 0.39372703075234416481 -0.0010619767522335975263 -0.91922679326725575955 0.80925278591307359122 -0.473901801032529435 0.34717000370153267008 -0.4359919193596802911 -0.88057705806107700042 -0.18572854134340663346
-0.30015108044225641271 7.393852314868680331 -3.8562670035308825867 0.09223857203473644073 -0.00020043016558618596129 0.99573691588527335483 0.66855493252324948994 0.74109200610049053015 -0.061781394390251667681 -0.73792028568647483056 0.67140345420742297833 0.068491266964908786852
7.0894270561513845763 -6.0917084922150213089 -5.7979519128145096118 0.93259232319106477593 -0.0092318360978187880006 -0.36081343091309514559 0.062247056365544055356 -0.98058001050270626742 0.18597888852346036725 -0.35552336449078114633 -0.19590205768409194031 -0.91390673544746414692
-1.5438188584611898246 -1.8159779699503364458 -3.8010250582111240192 0.9959016990578352102 -0.0061815507571688277019 0.090230783238775078003 0.048360289894368677088 0.87945676929288418844 -0.47351565265188466647 -0.07642701207676115549 0.47593862984128815219 0.87615143237329196069
5.4129260525628417611 -6.4144012825775771347 7.1382226505493573399 0.99418306239759657306 0.021857418550194081253 -0.10546227617504214114 -0.085970931077576667745 -0.4287842778150046108 -0.89930697879443510789 -0.064877094967022902461 0.90314245628974487712 -0.42441096380234316632
1.4309978597981956039 -1.7732264132048651817 -2.1841252883234889559 0.99694187460656891187 -0.00062930661839738152863 0.078144114487119747947 -0.066572325621272548934 0.51686504654881848531 0.85347445721440440281 -0.040927058496467501325 -0.8560666607392477534 0.51524251401990717181
-1.4810342033120353911 -5.6247914517600801076 4.1252705260357558359 0.98487682256230846267 0.0040376098322264797336 0.17320895498330815543 0.10967749898723176682 0.7593817506592935862 -0.6413347043327001229 -0.13412117877307497271 0.65063281078688461889 0.74745465075279526879
-1.3275791059545813955 -6.9630407539085599211 -5.5284322576321880405 0.36532210600301795456 -0.0036256110983690463534 0.93087411276162457252 -0.75579498098680863993 -0.58492858522128809984 0.29433398870380572676 0.54342773722065806918 -0.81107669497735135344 -0.21642756128551710049
5.4558211008798842556 0.4126685659644950821 -3.4747517676527048813 -0.99832981075614923849 0.0051661965354214906335 0.057540415091193529429 -0.057757442797515462507 -0.11150992944653338734 -0.99208347100229521409 0.0012910294364471344708 -0.99374989109335354343 0.11162207306268197293
3.9809449203369449144 -1.875599592249570513 -5.0008472023979475551 -0.60085253455275089429 0.0013465180957688803465 0.79935875463433214705 -0.068114762048892260604 -0.99644770633217538691 -0.04952118472461675136 0.79645251642047654173 -0.084203060719420713687 0.59880984765860878483
-5.875302298169197357 -7.1632052272180555264 -7.5038784464568104582 0.95518922450378584976 0.00024545775577505335799 -0.29599575189925009244 -0.10732906614237233689 0.93223049306362248956 -0.34558179836798103013 0.2758514400051771398 0.36186495761928699766 0.89048286647994912002
-6.6005942345036352492 -1.1941578454714054658 -7.1015736650412968345 0.98693077193642442246 -0.0063241918964959129359 -0.16102066948658566581 0.057457524812180166274 0.94736369613937887468 0.31496136283620262963 0.15055326050113265746 -0.32009691006636514787 0.93534575634807692879
-2.5071620750875367456 2.1017040580487655888 0.92015345454105501588 0.45602832045753027845 0.0037505563885743323747 -0.88995736092658306315 0.88451049732381870072 -0.11245685679673117496 0.45276333275052693672 -0.098383693082771311866 -0.9936495301091768928 -0.054600918025436803727
0.55258550572210995977 -1.7417795026275195713 3.0232750133743908627 -0.9519808622251415553 -0.0071828358004429864597 -0.30607326708947946159 -0.14532253966304126136 -0.86932229486550194331 0.47239825054257361669 -0.26946947400928022986 0.49419343836162399342 0.82653435987710532906
0.8975153703337239719 0.96023048841345448601 -3.9271105108334380951 0.99957095413143359774 0.0076511960173745608565 0.028273076526414350762 0.027764351695430424666 0.059968854846871234854 -0.99781404942166085359 -0.0093299749032500333551 0.99817092506631421855 0.059730694960369243307
-1.6817628632802956723 -5.8194859903898423781 -5.9014861858361458147 -0.99624839627251848828 0.011138535773867306797 -0.085819962394829765739 0.084150532272893915908 -0.10672802250317273143 -0.99072085732099068878 -0.020194574588902579337 -0.99422586077482333344 0.1053903075419937857
0.29478932968112436797 0.66989530617637293997 4.8031966837790518454 0.9523546513063598784 0.00015225477566972083279 0.30499277852696332625 0.20020685920054856477 0.75407355192080349759 -0.62553200703287514806 -0.23008222804945063777 0.65678996270652656442 0.71811497214848107884
6.7138058776721196708 4.1257753162381805012 0.20702680729205244492 -0.46725501456088586183 -0.007015327569671802807 -0.88409475541184001646 0.81573745762335236886 -0.38904232031046837026 -0.42804027057924221022 -0.34094743230867685657 -0.92119317093999653068 0.18750464051757384509
-0.71374710737089286372 -0.48626806648752246565 -0.88639868320797354784 0.99786862897698880293 0.00090862482021318883782 0.065248553274596665652 -0.049595268390275976111 0.66039231377088736252 0.74928118971828783224 -0.04240882758095587679 -0.7509202130142702547 0.65902983622141086961
-5.4910449611620624211 -5.3183337432321682314 -2.371022214643376369 -0.84647593324753489519 0.0051373745227604608946 0.53240219929660759224 0.44450151724689862531 0.55725687842578575104 0.70134383337446903894 -0.29308172170576285431 0.83032426125588532084 -0.47398810699406296321
-3.4663615116504340463 -6.8343508821104492768 -6.6166515821699087851 0.85305119907601201223 -0.00063555491635460242134 0.52182683701098864226 0.49346075422133728328 0.32619722189454719574 -0.80628273978278208745 -0.169706027583763297 0.94530152253041155319 0.27857655268080605548
-3.769011784416075983 -3.9291398718400092349 6.0059774351658887781 -0.98137752111826692669 0.0087936393526484753214 0.19188755288106193464 -0.052936387094234350903 0.94788859803531932968 -0.31417343082429832757 -0.18465075132577260519 -0.3184805765214071549 -0.92977105913951030303
0.59526785510044211147 -3.0078408172283079836 -2.363305742968430323 0.87895134384005324524 0.0060969285599882091717 -0.47687248046412900049 -0.080611985430829910526 0.98742981825557551989 -0.13595610256438372954 0.47004919207114992385 0.15794043649975383903 0.86839425121982394273
-0.13870425355671947565 -3.5082762344107645269 -4.2571365299123105075 0.95335803146556241661 0.0013428543656397663904 -0.30183879900093396609 0.12419339339627544216 0.90967731234032078724 0.39631198373266868229 0.2751080967127214616 -0.4153135973641736145 0.86708139812103302013
-5.8112214174507945685 3.0745185518008191217 -3.4836099797599469063 0.96970596852129031795 0.0070127033867262399125 -0.24417443888610920744 0.10818183787347508684 -0.90854568812622715779 0.40353614775089219346 -0.21901375429061226141 -0.41772665054856539246 -0.88178082359115705913
0.098731083843746444972 -2.0331984199540795721 1.3537515450333805767 0.73190884704485092982 0.00079560846104259532602 0.68140208880257879809 0.31647066753700131558 0.88520703269914458033 -0.34096161931920060395 -0.60345319305316424963 0.46519659958692127777 0.64763907195807257633
6.870548571593780629 5.1399951556206433523 -1.9024869209845061135 -0.87139336632166441987 0.00034943110908256663771 -0.49058483367133021158 0.27158745156136143706 0.83312661720242120467 -0.4818093978568486202 0.40855092373521184612 -0.55308219787534829148 -0.72607590864062976355
1.6610827331044717425 2.7592651726271886226 2.7534984776188524691 -0.82206489822473671758 0.004898993643688619691 -0.5693727276293513162 -0.36889059115049938065 -0.76630888219813553253 0.52601371543414099374 -0.43373844061537680794 0.64245365352338390519 0.63176282591417964873
-2.5204655041474670618 -6.2146842959069736878 -4.8057313876616163384 -0.9322235287118671998 -0.0012131974697708776401 -0.36188094819702215643 -0.23656479519155362845 0.75878801926668637545 0.60685899473723736719 0.27385468809582397265 0.65133652589834334368 -0.70764704467595129778
1.1406924857686269181 6.6569810560314071068 -2.5710681632674234898 0.61844374309988414673 -0.0026390856440157324514 -0.78582464446440469796 -0.78445592222676974181 -0.061163902094559227662 -0.61716114845620106966 -0.046435360490584581816 0.99812424692897117051 -0.039896678916644008617
2.6590199454541618707 -3.3552850158822113968 4.6961185851284010795 -0.87478753721361768303 0.0027955301684845072253 -0.484498658147651029 0.12775075723703813169 -0.96326554174911227513 -0.23621862776729918298 -0.46736121871762981161 -0.2685361820871730032 0.84229555985348092406
-0.92485516383917143468 -1.5657754273111712529 -1.2817157719227114665 0.99996379295320447778 0.0056521536757173692495 -0.0063612845761877850198 -0.0062195723213246557198 -0.024745684270800764187 -0.99967443101743025391 -0.0058077278494733947795 0.99967780022801633333 -0.02470963432409957472
2.3299298228386469134 -4.8324138226554440578 5.9614832513729218988 -0.94832964562124566488 0.014712465713895931177 0.31694546311394250493 -0.2153230292990611916 -0.76352458927158151081 -0.60882361536909723743 0.23303835797861366386 -0.64561114064908819987 0.72724093585302906906
2.6702246287550392978 1.704345226437427252 -7.4551679407981303882 0.97985099564657984761 -0.0045259864103727254561 0.19967859619239639035 0.1069006550024134139 0.85637603927284811078 -0.5051656454267654528 -0.16871359248858869284 0.51633283336082214099 0.8396047456412614185
6.0093125910172187076 -3.7496134359089836607 -1.8227170848132738801 -0.9970994112079301086 -0.0039791702521331621945 0.076006120627595236128 -0.016354306479510825889 -0.96410399307245320255 -0.26502080522354976022 0.074332367299341020606 -0.26549511623730787102 0.9612424472659051311
4.5676149514924846429 -6.9409288375308211272 -3.3798347366661065649 0.73964947237135925118 0.0096234407879756071053 -0.67292350784333854197 -0.55254151713361343567 -0.56215451795178117411 -0.61536994547194612259 -0.38420896640305390868 0.82697623142012810504 -0.41047994202116921958
4.5311654911658409972 5.0357985988372959696 4.8145664228212687874 0.4403022067368957404 0.0050363339343962101879 -0.89783550947994228419 -0.7757158363545918478 -0.50140021384966282358 -0.38322678244117386326 -0.45210497450400666253 0.86520082113459906292 -0.21686085662623535986
-4.5699708580324562845 -3.7831137630068716327 5.0689278120884750933 0.79413710893154609849 -0.0019960779704933048241 -0.60773536007915518464 0.26667304480674791645 0.8997265590815370917 0.34551064535944669975 0.54610597816844119734 -0.43644946391992850421 0.71503854864812554926
-2.1495629236741340407 -3.3034079608943240913 -1.736194770857184988 0.91855847915044863683 0.011325717388278649586 -0.39512282711378632349 -0.061767934758136827655 -0.98319759073111878678 -0.17177665678526760074 -0.39042930552979970837 0.18219282561692473621 -0.90242491747366582189
-5.6785500523093492831 5.0552318195497019104 2.667776524407066141 -0.94699578648981919127 -0.012667809419412714989 0.32099611675996858606 -0.055102995932428337766 -0.97800735849007758294 -0.20115980358546692308 0.3164848182927146869 -0.20818533412278089623 0.92547081339525560928
-1.9042297190653170169 -3.0397393657651687882 0.00640065483229436058 0.80969166814110749009 -0.0018348399578699452553 -0.58685265263524144519 0.31382368281290323742 0.84635704235342978929 0.43034225096368838859 0.49589726622401153477 -0.53261279577298126231 0.68586406169903202379
-2.5549367076892819384 -5.0275051636482439577 5.9523176075034562871 0.96557743162064213482 -0.0047489772753586036863 0.2600724336789137503 -0.04956844047083522331 0.97815197075143867078 0.20189524963288316139 -0.25534915949366759902 -0.20783688154375040691 0.94424606825550383427
3.8248056660969806941 2.0173164850113778357 -4.3419418362837216563 -0.99141086164518477108 0.0089433303513926053208 -0.13047804510437352454 -0.12458325938399031352 -0.36813607221217092835 0.92138745586074843885 -0.039793402635223518171 0.92972891166105764427 0.36608828979937541037
4.5892808250170613604 -3.7474649751762556527 2.2054251348949369671 -0.98832404387047001482 0.0060886421380900576303 0.15224491040533574826 0.150673877138443435 -0.10947271625668535122 0.98250348963419609216 0.02264877602614792651 0.9939711529176521454 0.10727711830683756
4.3702253328611728733 -3.516964239863239694 -6.9959569157027674535 0.76022776122191004777 0.003253060140744527904 0.64964849624038012443 0.41621952515579513365 0.76536270209866041903 -0.49089840202965739913 -0.4988136505216764216 0.6435909817857354831 0.58049598639210819861
-6.8181199518760458034 -4.1058245520739360401 -5.8267564476393403083 -0.91977820077199479165 0.0074170039986332647608 0.39236851228945840431 0.09928346478752424209 0.97169370407191624217 0.21436916542894587923 -0.37967203611059308077 0.23612779065288627689 -0.89447907268807025361
-0.9347093252780732664 5.9213404591116631792 -1.7222013323967797493 0.99994818550640651722 0.0058487979545284660143 -0.008331738407679149111 0.0034927328143491490064 0.57165790002603489306 0.82048464102350304739 0.0095617529718790839066 -0.82047122856351795139 0.57160785157296611914
6.0304932757322440295 -4.9401466841913732608 6.586322569128146398 0.90354852963668552679 0.0066138288553756648114 -0.42843472298525497877 0.32085587767687412386 0.6522585476398801152 0.68673888253898685008 0.28399218361027939173 -0.75796770663309620542 0.58722516580073724768
0.91456225946541658267 -0.75788687448300207095 2.6914232526183252681 -0.99976953743901098015 -0.0062983854755760456529 0.020523214886492672365 -0.0050209906990145991568 0.99808154909830437695 0.061709083625272831419 -0.020872509702385494412 0.061591815120757203994 -0.99788315280345851743
-5.2779095694460211874 6.8543929219732993019 4.1809002065420122207 -0.71419242858480169733 0.0050624822284542850964 0.69993110105625733208 0.56957382237818365844 -0.57701652106635903383 0.58535253931104214153 0.40683514574519191731 0.81671678425885418928 0.40921737316036044252
0.96014885520422421639 -2.6964444255517863169 -6.8865644874329241532 0.97771973456323701956 -0.0059126002691316167925 0.2098312698421157807 -0.14756630203664386491 0.69156522730590175296 0.70707971466064101218 -0.1492926895354851069 -0.72228981547535853203 0.67528446991762225426
-1.5793916943225154714 0.6663676156251238103 -2.1736446610358259868 -0.99818650591031565789 -0.0060194916944331950531 -0.0598954517330194669 -0.016289084941760827857 -0.93085846465873123279 0.36501669069365461073 -0.057951403178123306326 0.3653303771833401048 0.929072306323161623
5.4878703459963462663 1.1642176857264443512 -4.7505357458488122191 0.4763749919226463736 0.0018696645331931615458 -0.87924022395771450622 0.023214807550226174149 -0.99967586076141590201 0.010452086935114617006 -0.87893568580486569619 -0.025390505418893836997 -0.47626398399778530068
-6.518058697279228042 6.7351336606612779434 -2.7452990619894173108 -0.92382644831046700773 0.0086907144310074957438 -0.3827129013828102222 0.36141334502725369626 0.34936782522924209049 -0.86447817597132881051 0.12619464108407965619 -0.93694535282332858106 -0.32589617730859765654
4.0800572134349435416 5.5400823268927643639 6.7720482898307157171 -0.32414341649230088427 -0.014512300373884144677 0.94589663213396579788 0.20132690468686476049 0.97591877817771288672 0.083964372499439499098 -0.92433680170913767871 0.21765093966687870664 -0.31341593046343368956
1.1725955839655830548 -4.6335465053576792016 -6.8975618640482103672 -0.94224102695957023812 0.0029362081712994633764 -0.33492271615369839655 -0.23732240946549715277 0.69976928618724587583 0.67379597807827462663 0.23634703526739578305 0.71436288032796246839 -0.65865450285399862462
4.4342423245980313595 1.2388038342991609664 5.3835750307179850438 0.80344799289747259596 0.0091358191018319941101 -0.59530484587172194377 -0.59537459533420677982 0.011248114486364004655 -0.80336951096696118668 -0.00064338146346536683167 0.99989500285276211589 0.014476509608814814786
-7.3026219270700529762 2.3766906812103525404 -1.0670496024606399565 -0.85146502549226799061 -0.0060044463356396333628 -0.52437701798191393987 -0.45520988808211210186 0.50492498380999240037 0.73337215553679413471 0.26036756356283047298 0.86314234477786744293 -0.43265924755587520378
2.6009239494658622505 7.4190285762376904088 6.1026384626299305936 -0.86223594488492816268 0.00015805380348106056083 -0.5065068117681071902 0.39919149153965788335 -0.61530113715886503023 -0.67974308653596948737 -0.3117616532398805318 -0.78829213216297533418 0.5304716636533892693
-4.8463216711298020556 5.9235212026225303461 -5.5937525780325394464 0.98174641612932378454 0.0044867719078160069046 0.19014164008735381928 -0.072054457356391640732 0.93397617397885523971 0.3499952308458367245 -0.17601741275322949076 -0.35730711624259769987 0.91725105346911606219
1.3849221747484294909 3.6146619019835632969 -7.0411346482566186111 0.9170039600332395846 0.0050551241834845220963 -0.3988460642940275247 0.22720543391204320316 0.81522852050630389975 0.53271019340139935672 0.32784360308568955 -0.57911735000124098249 0.74641922995285447939
1.5433997509754733279 -5.688467057749051925 -3.6581142483339670335 -0.48384212505637980151 -0.0058331124804142479856 0.87513585963543660817 -0.72963149126397885968 0.55486898629732639421 -0.39969775456118594725 -0.48325426534780824284 -0.83191729327142127648 -0.27272501201574517182
4.8329993683126692972 7.1914913226523893286 -2.8861339186577339433 0.98144516729116682008 -0.0069792909936586371156 -0.19161595209711701493 0.15613444872301052158 -0.55098384745995432343 0.8197797471029920624 -0.11129877592693289412 -0.83448672208448793075 -0.53967072659329062834
-5.2778207541438710848 0.023872371480195643534 -0.96410739855316907043 0.89193038885629394308 0.0038061482855912473489 -0.45215671472359264538 -0.37354264041307788657 -0.55729245260552373598 -0.74154636946186280877 -0.25480595995323124248 0.8303075547675686785 -0.49564431527875862926
6.4518476073496779932 -2.077348583187540676 1.0818425688267696572 0.84039024622073832393 -0.0066425198080220888494 0.54194105859182317708 -0.41350976841374664783 0.63854020529674804241 0.64905783844430020579 -0.35036253436034203723 -0.76955979829397458403 0.5338762135237087314
-5.156066946501453252 -6.0139159807830449012 -7.4953297182402796039 0.99829061542996866407 -0.0043751454168342255452 0.058281259826855343065 -0.058301010367988716221 -0.0045311769660816778038 0.99828876615210249135 -0.0041035758178031428445 -0.99998016307216341936 -0.0047785068404026364436
-4.2929257485936274108 4.8925669875838790901 -3.2946969298212955835 -0.92669780208173657687 -0.0060822420329908321451 -0.37575815353607461278 0.14467994479378212813 0.9170281970677476302 -0.37165440849958925051 0.34684131413579943892 -0.39877599239993166691 -0.84892803622808321595
-3.5286204559623435273 -5.4855039423603457749 -3.2164427501855747948 0.9873190897363600671 0.0059262385531309033984 0.15863762081819263172 0.10584307718093860506 0.72020080986925016919 -0.68564424921128053203 -0.11831423437238790253 0.69374034995834410466 0.71044075670287576418
-4.4828673351012344739 -5.4902236534817197011 6.5848603748804910296 0.96843453068376506021 -0.0043009156955713103918 -0.24923094090324771077 -0.0021540489087487849768 -0.99995819815072295444 0.0088860578759128762416 -0.24925874077480120183 -0.0080687096523930218472 -0.9684033127121199902
4.816411044031672084 -0.065310676024386088434 1.5048867877734950493 0.822984496248394648 -0.021004173957364605241 -0.56767538577189069482 -0.5599716673656368604 -0.19807001612520233613 -0.8044874147306672052 -0.095541879208185423455 0.97996280204333108266 -0.17477029475522590229
2.9483886883066854345 0.041269864057079275188 7.4390959027794822944 -0.99931548576491091573 -0.0057225207570245845493 0.036548771067974515636 -0.031315805758412286475 -0.3951112997212287703 -0.91809933076020067144 0.019694674917165335554 -0.91861543291448233273 0.39466163506362628155
6.417095248783691197 6.7687508008455292696 3.7681863555536598831 -0.27649740750996454342 -0.0084877953882749532233 0.96097718025438516598 0.84583379609656605957 0.47253407386947454683 0.24754138727315411206 -0.45619554252652033677 0.88127152816922982304 -0.12347518219128930661
-3.4208716927590105961 6.4299650340100376056 0.6782440728922253248 0.98790987292961418564 -0.0018510883274310736563 -0.15501824550762138832 -0.12791947662205926939 0.55516803711943452093 -0.82184247764501183742 0.0875824780935297309 0.83173615049060889426 0.54821919475522529197
-5.5613714284233095597 -4.9025402164075622125 -3.4617264526068161068 0.69831028240543324692 -0.0022226725055746743287 -0.71579173592176414953 -0.70935344070169881192 0.13170811293746256809 -0.69243820601642935841 0.095814642156838936149 0.99128604989355650901 0.090396469151072689208
