1125 14.717824617146108679 14.977075390850430381 15.033177056927090831
5.5246142896717893578 6.0723699602376219886 2.2212248857779992584 0.96262028573238545004 -0.011795128763101930813 -0.27059759872166677663 0.25549262169293418534 -0.29213093071649848254 0.92161979122589288149 -0.089920552472315673498 -0.95630559668768577719 -0.27819759162662560659
-0.32437872449897087179 2.0133293589718261885 -3.2120307589129630799 -0.99931646879903801572 -0.010307811766861742567 0.035501326785879111503 0.025636725140644231469 -0.88512625917279907917 0.4646442334160686416 0.026633691277051355084 0.46523677234212601483 0.88478550629501928615
-0.9996102896782190772 6.2118953150040878697 -7.1501943403409846667 0.88755631531476808505 0.012502411366086787353 -0.46052956132566102987 0.34142117250261005967 0.65330436203717567878 0.67574032994200117219 0.3093143548427580436 -0.75699214015289106872 0.57557582440107124544
3.5606317207568785044 2.4420984217391419335 4.8674383324326200295 -0.99961151096971756491 -0.0038809900633436002909 0.027600091539083358022 0.0068909994635282523223 -0.99392818462886334263 0.10981474366746600546 0.027006318950056219103 0.10996227406008696192 0.99356879833270850266
-3.0857787363025432903 -0.96350810417833221422 -0.26362480953936745509 -0.99990631677663044385 -0.0012624228391768226726 0.01362952526021310104 -0.011599435422485575992 -0.45050264909193737939 -0.89269973465835106285 0.0072671017691851250847 -0.89277419846778305335 0.45044580115937771225
-6.5520052202487084614 -6.5286760682567681613 -1.7406869749197366737 0.83473213108769828139 0.0020227260067914500791 0.55065250195503157027 0.37245312779430778116 0.73447348439492909922 -0.56729830628777666579 -0.40558715083940816148 0.67863437085094868717 0.61233524622849433428
-6.7261632358833951528 0.020734961490865864986 -1.3636862529398625643 0.98830925306824490839 0.00075792661388791242143 -0.15246063704089593549 0.075948700611374098113 -0.86952950790838334783 0.48800638290099357386 -0.13219914967622362068 -0.49388041105503616146 -0.85942162202328165055
-3.049874775356696599 -4.9266741347206375323 6.8591858137724139866 -0.71869304775118292294 0.0045196726738567696152 0.69531278980986466198 0.58231521200465141685 0.55038556039247232832 0.59831825041484731909 -0.37998591682079951859 0.8348983815233623762 -0.39819014998790919213
-0.60265044766649411567 2.5882706567898998706 0.97564801643025855782 0.98960385473824385993 0.0079956529787284912753 0.14359763306096362534 -0.14135748350472535084 0.23805083117406922177 0.9609109551017864792 -0.02650042536432811735 -0.97121978527557351057 0.23670626553754448018
-3.6500471333847896993 6.8749935748183981232 -1.4443798275807440135 -0.95482182423728145793 0.00072539267462555273754 0.29717799004238237837 0.27461169444813310347 -0.38008790657448376926 0.88324492670393395244 0.1135944595149071118 0.92495008356202834676 0.36271702701448649275
-2.4509348431924422584 3.767217967388492017 -5.0849627160146226856 -0.97013519702881800821 0.0011617093332420072582 -0.24256205374566211508 0.24256061359265898569 0.010546208186564124884 -0.97007892783346538756 0.0014311601725205871233 -0.99994371237801993324 -0.010513032685692128357
6.4957332805934147046 3.9598550677119108698 0.94240697514265536761 0.94950173049833019867 0.0063126707407908681444 0.31369828493120954782 -0.24643700067927512554 0.63383321764588851366 0.73316045781586136609 -0.19420419273760025636 -0.77344398788577961579 0.60338141264569267186
3.2374321284294089729 5.0254009495749656367 1.0279674788100656713 -0.99975245022745384826 0.016271463716811832012 0.015174904703350087717 -0.0081688806684852323381 -0.90284015506161641174 0.42989873667777356303 0.020695595011194115737 0.42966835335759534509 0.90274957683192924573
-6.4708805836981007076 5.6479509107457648298 -6.4674438883566551795 0.90879544570903303402 0.0036601196946489792695 -0.41722588771850610545 -0.38263526971762629181 -0.39142644955337363433 -0.83688445137804601259 -0.16637634515402710544 0.92020211807736063125 -0.3543260837974971933
-0.71921087971313857334 -2.1517007066773827795 -2.8453326162127274834 0.79874841892473935623 0.0043711468778668948615 -0.60164928017923613446 0.55811347299302060954 -0.37891139568363219059 0.73819747052174222723 -0.22474499889630211724 -0.92542263171807903621 -0.30509447417981488959
-4.2812097198405014709 5.1819924145673468274 6.3355845508895054508 0.98557045774543661221 0.00547604696211070191 -0.16917708393622796215 -0.16918102659740480442 0.00026158571473186001052 -0.98558495920558208958 -0.0053528552133545893171 0.99998497212827597291 0.001184254399378653665
0.26044593361886653193 -2.16186350011280215 -7.5023174274840700448 -0.86330541233178514915 0.0034247340606734680106 0.50467022523155979918 0.31301239747344394848 -0.78077857328510347212 0.54074768471701328831 0.39588761544987116636 0.62479844005527540585 0.67297838393071263141
-4.5426221107341975269 -4.916980674347834146 5.7420971325347034409 -0.43784453406519591168 -0.00093419104535086272805 0.89905021621504177531 0.5596344655951329683 -0.78292433546096051877 0.27173286488986342357 0.70363444266704167074 0.62211623691264605895 0.34332194637462731812
2.0035195860259120693 -6.1267315806530353584 5.6049803988447033376 -0.91271341508968584222 0.010511428565102291094 -0.40846509249221368831 -0.22983237717340831985 0.81332530300478356189 0.53448950400830175234 0.3378332433583006722 0.58171424373289859489 -0.73991704826979276532
-4.2031086217744153544 4.4853830571688666495 -4.7374428737003793088 0.98460810963571665511 0.00028915864321768340595 -0.17477639093061456133 -0.16178429734659321992 0.37985590374746941444 -0.91078830335053129197 0.066126481620580324083 0.92504562524000155666 0.37405598465086387083
-3.7473510162898753251 -4.8710030821951093571 -3.0035331092109096573 0.97755068212655682469 -0.00077805033551198794946 0.21069897605729992485 0.20643378998757774823 -0.19668525195461281085 -0.95848839430370724735 0.042187133409170726739 0.9804663718359718505 -0.19210918633290327562
-5.895206589378531703 -7.4183651440731752658 5.0833556420168459766 -0.99728224709685253657 -0.0089999481217782183878 0.07312400808858225687 0.044166533892524999227 -0.86743189611667748107 0.49559179057300523086 0.058969796583208958229 0.49747452852701262715 0.86547192707659192923
4.3724008641713894008 -2.3857075752913687872 -0.72842236982551133995 0.88877340526443560087 -0.012069691265452540604 -0.45818790539198012146 0.43653485069894099047 -0.28241887913586821712 0.85421127411954178577 -0.13971098102852649858 -0.95921525178680111523 -0.24573754804597722212
2.1810132993340616281 6.2370134568209669723 -5.000761297816787021 -0.96769656999529118924 0.0035396238229627721358 0.25209287868294033563 0.20160171284144762227 -0.58956568042761414716 0.7821566709050707944 0.15139384993729165796 0.80771268377135296834 0.56980709251123828896
-3.0141607943572159556 -1.9633238914344322001 -2.4261533232495255952 -0.91316673354758770564 -0.0042803581108494170512 0.40756373155176944811 -0.19371755133608303812 -0.87522825752560018397 -0.4432256846495130076 0.35860845925094236852 -0.48369119876537591818 0.79840014854125040955
-0.057271364770847058012 5.6755815696878473275 3.4878137043705446096 -0.92744610152549189497 -0.01715318670527673714 0.37356324357583947648 -0.36448440536573262216 -0.18195009873308662374 -0.91326079507236601618 0.083635201980141876676 -0.98315814076719565406 0.16249684068575565021
-2.1259667612672936698 6.9840342877910721597 -6.2637372434106586283 0.9097894647416870928 0.0062228392036803199805 0.41502338020579132571 0.058485620689702866315 -0.99183371370917505772 -0.11333718067124158579 0.41092890141447913077 0.12738587293030154135 -0.9027238101213937993
-3.5361999031660120707 -5.6898722243752253291 -3.6503959587241880946 -0.96426703662725532507 0.002605159715079001341 0.26491941268399055165 0.065706849138097739305 0.97106131011452989643 0.22961389760851549924 -0.25665481107965165686 0.23881613249840050184 -0.93653358872403547064
-6.6830338823518351532 3.1322561212989796786 6.7626278903702647938 0.66744194373550191912 -0.0048136015572560562209 0.74464627910355796203 0.23062327810484267721 -0.94947760719423390796 -0.21285012810152290075 0.70804954299737865586 0.3137978691398983222 -0.63261105110838522503
2.1999752304310518092 -7.2214784269591643096 -2.8367950658852967294 -0.8418430543606549854 0.0039580535636276710162 0.53970788917398881956 -0.11773639799414621632 -0.97723741980652611971 -0.17647993063550290738 0.5267242280472856919 -0.21211166667997449764 0.8231465412952306826
6.9681733341554217276 5.9834658717077173762 1.2339513201668381726 0.92850766963944175725 -0.010867276665550280185 0.37115415896703035648 -0.34544464229977683845 -0.39184235675717993264 0.85271775316183240356 0.13616720062867759822 -0.91996818953086167969 -0.36758267603913519217
2.0693578463362358733 6.7889157814020544279 -1.5517867761217640776 0.98763952552258904571 -0.0003522744288615895468 -0.15674196479703927931 -0.12927866247321964654 0.56361506188136623052 -0.81585849842339763782 0.088629538275091540589 0.82603749183874775053 0.55660297072686470976
5.0549706523078770104 -6.1710941820126565815 -5.6505065012515842682 0.95881605800364400061 0.00067117122782052365121 -0.2840269642896476876 -0.27180775764714026899 -0.28799790112732215341 -0.91824710826066691105 -0.082415470618172961825 0.95763080489065988132 -0.27595458272580303261
6.9460248400366273458 -1.7758701360970328142 -1.4512816564290780263 0.9188901772916557853 0.0064027720597442687109 0.39446146400753551164 0.1101627676167684089 -0.96426003620162370478 -0.24097042809324525914 0.37882054683984489607 0.26488032598587735178 -0.88675442271105142655
3.6775407437956073586 2.8675140693142942006 -4.142284501866163815 0.98965811605866027545 -0.00016184382339718382526 0.14344611227153100663 -0.10263017918844132004 0.69785324769142542678 0.70884969563814259619 -0.10021905826231196357 -0.71624075456032787468 0.69061952033513240856
2.0588127952509456264 -7.3155284563679883192 -4.1754057716905945696 -0.98489205403876090017 0.00012079621513555634238 0.17316936016334208426 -0.075849983831627637576 -0.89927065192647082092 -0.43076568402836995508 0.15567408854355674341 -0.43739259252066076122 0.88569368190365949101
2.3520683816647829367 -4.1828101806954487429 3.8506517705151441788 0.50266551799557268598 0.00052656342937028527765 0.86448082671000348043 -0.57935417371804232012 0.74240751806596894102 0.33642208386854249857 -0.64161991740717383426 -0.66994835610665304237 0.37348772635298144174
6.7801060668951569355 -7.0985604669370854225 -6.5085996918018116375 -0.86303775320543119065 0.019219283765245172985 -0.50477366776964349704 -0.20268536868249864558 -0.92848242967225225186 0.31118968349224757075 -0.46269263865347237674 0.3708786822150087481 0.80521085761081834242
-3.8452295663096287548 6.8437091284874380648 -2.705454308338389513 -0.99835468361755075328 0.0035392590960372592029 -0.05723110468902789516 -0.051141861827844560529 0.39641228804930428442 0.91664704649742978493 0.025931364554516292409 0.91806577734300809368 -0.39557906011793403378
1.144677236805368592 1.1540958858509582363 -2.6802166707810055613 -0.99231562125361139071 0.0015087392150732676158 0.12372320526965127629 0.10696725462422071451 0.51304762328371000812 0.85166903353416989475 -0.062190949939540704494 0.85835881771490263326 -0.50926655672324361301
6.0578106090258412308 -2.3464342452014266271 -5.9749273881295223987 0.80743582994401952302 0.0011512072865970789798 -0.58995428233422242403 -0.039546661723125695054 -0.99764322190161602855 -0.056071947889787712715 -0.58862844143752079962 0.068605222216559819115 -0.80548735645901270441
4.2042475846057074662 7.1680160694994903281 -1.1331546477451754917 0.98854519052161471393 -0.013692782141977156291 0.15030274120510433988 0.10076118290286578683 0.80130547333522939013 -0.58970901504303363527 -0.11236365211484268534 0.59809869262543491342 0.79350637273009916317
2.2024299651156233892 -3.8395656445113224287 -4.3645105884046149214 -0.90941615135905051748 -0.000371399785179974979 -0.41588715501867457025 0.3723489997546640673 -0.4461660824963992189 -0.81381327662517977117 -0.18525249263912627051 -0.89495010413546172146 0.40588893194941011444
-0.55065811420215604599 5.4055165770140414239 -2.8495399722851910695 -0.94085000339736946096 -0.00081360666363930380512 0.33882238584759227784 0.12861600557385868826 0.92429207410294722536 0.35936344396829505987 -0.31346322626022204982 0.38168507934514772639 -0.86951555822065018653
0.48744872716136011803 -4.4967259251636759743 -0.90744573286767504783 0.99117254364577600523 -0.0089398728470355907222 -0.13227648088844157215 -0.12934678839625277091 -0.28414669231956285467 -0.95001582385524474539 -0.029092903848207816303 0.95873913861767434685 -0.28279474363629997224
-4.5338389561154253116 -0.10047797780024024517 -1.5433930649395846135 0.52788958791605322673 0.0034008920788236255556 -0.84930619737701862348 -0.74828465483884265552 -0.47116261415721527595 -0.46698593806801097505 -0.40174949695373357583 0.88203980916601798512 -0.2461770028736162963
6.7623620741974743709 -1.9830930149374890181 2.1702216789864547941 -0.94209909017081994165 0.002852676442577042025 -0.33532248140616388588 0.29881585819926120839 0.46093697026738045253 -0.83561126867064161594 0.15217880006063300158 -0.88742829100597597769 -0.43510072527434612288
-5.1494656723329317316 2.2650922682835155086 2.1126275309097799493 -0.77099224629787310725 0.014289046670391923957 0.63668420688265470186 0.32601244934645734475 0.86767345949631025093 0.37531140477840008174 -0.54707114621372687768 0.49692916077734688995 -0.67362791669399213479
-3.4347571723999523741 -2.2105928931954812455 1.6342215406848881187 0.99589862132248085924 0.002427043211557759414 0.090443604025900681265 -0.079400787210670314975 -0.45579827638016839897 0.88653451497347324217 0.043375696400974855793 -0.89007979457470565166 -0.45373616590653897962
4.1556797394536433288 1.8350528315505252319 3.9047660571440849786 0.89059928430655665998 0.0056876172353923712399 0.45475330213519010725 -0.45329016914093661628 -0.070008978069789701282 0.88860945614472253151 0.03689088441467699292 -0.99753014691272667847 -0.059771804785381577041
-3.7460253984987392784 -2.3288278922284897376 -5.0689671771888775709 -0.63698783045908147216 0.0070015584919409937573 0.77084206036353386526 -0.13959847882086490189 0.98237803241833732137 -0.12428059435335131466 -0.75812846441604908598 -0.18677360520323396664 -0.62478544464606744491
-1.2319812424364038339 -4.4932267530154179624 7.1269159724140855872 -0.98770263837741079094 4.0694537230618037932e-05 0.15634416038487403133 -0.14099146283639180099 0.43191784651899939318 -0.89082455133754057108 -0.067564084762138251761 -0.90191295156593287441 -0.42660065898675547658
-1.1791533026525000682 -2.1939774803954388283 -4.0080954793049219376 -0.96359967967706716685 0.0026694654633235806625 0.26733598949719761251 0.17021942853430763187 0.77720490570324785029 0.60578699284515680201 -0.20615771505271535124 0.62924193161698216414 -0.74936879306468273665
-1.9923075813743913454 -2.3866794139255360641 5.3549766556124618333 -0.79774752175278640376 -0.0039545426547420645114 0.6029786506415917291 -0.23582069255329804469 0.92238104441440249559 -0.30594412867204112683 -0.5549662084316743238 -0.38626101343199792382 -0.73675975528086723454
-3.6780419522347367334 -1.1187014689395067268 -1.2921862462358386647 -0.98037399194166563454 -0.00098185064200449886571 0.19714429206473227385 0.057005519908557136799 -0.95868290693032853778 0.27870675388240578885 0.18872521459611860117 0.28447516575095277425 0.93992375937975747302
-2.1567652936740495662 -3.77473677312200806 3.2082317322723428177 -0.9999818202913932641 -0.0030424227595296842938 0.0052060301916192061253 0.0060293444551357943534 -0.49333314562878044507 0.86981955279781364432 -7.8051553471693811692e-05 0.86983512868113754823 0.49334252079081319931
-4.4477625977178227856 6.8311943634586187457 3.0865325213916938729 0.79286675465724920642 0.0071145375217684329178 0.60935350389989839659 -0.17069874803645732064 0.96249481889950794233 0.21086882417811586565 -0.5849993562201852848 -0.27120676051187314615 0.76434458608314503891
-3.4679010292605148003 -3.6989917096600795077 -2.5357018973727525335 -0.76296884145582588577 -0.0019310622773125838032 -0.64643237694756849887 0.446051078327600381 0.72221761731692157849 -0.52862098781636090994 0.46788565108409618798 -0.69166320144675319526 -0.55016818635209363553
-1.1619118158192913715 2.3582014380439892953 5.4661406310732845171 0.97079336302127716696 -0.0015074515336745385186 -0.23991242965655945607 -0.16076416353565306516 -0.74635977240894546547 -0.64583432384193417697 -0.17808742245455480568 0.66554099627272156336 -0.72480345766560283494
6.0669045194842503577 -0.69995184958193634728 -1.1524523685553407226 0.95832918321512283732 0.0046779032496122602974 -0.28562789397971344307 0.23719199409702221293 -0.57025462318763298075 0.78647925762175807662 -0.15920155317828046937 -0.82145467431516272505 -0.54760120846405868633
0.52535944389537470034 -0.94587148021781586316 -7.4472929721741500941 0.56100547303082215489 -0.0015726035460990554077 0.82781059799174416813 -0.82559552330636865047 -0.074193301266518532633 0.55936337558294346728 0.060538344260382286055 -0.99724263896267506535 -0.042921182520339870581
3.6895649053644365978 2.3766644242490464478 2.8455093142543468332 -0.98665887697110765675 -0.011286864455766539711 -0.16240956617386234639 0.12479846146134949969 0.58818000500749578752 -0.79904294360580274681 0.10454474884424298786 -0.80865127737492403792 -0.57892443987880115586
0.45550823205607982036 -0.98548260411003041348 2.8962399146352746371 0.92270219562377686628 0.00105134170527103896 -0.3855120657927462724 -0.28905978209609151097 0.66354365078831401004 -0.69003932197609907373 0.25507861644158064118 0.74813683118747165146 0.61255708407876929833
-1.1603977412268418057 5.0378666761284733866 -3.5926826223418464323 0.95468925116552516563 0.0042959888222947086034 -0.29757348367940023026 0.24391818037138901509 -0.58416417340789594803 0.77411636062736988162 -0.17050617288925803972 -0.81162415130814657971 -0.55874312704484041525
0.99935419789194823714 6.0364076028947000196 -6.2428669545546009445 -0.90861671853108327834 -0.00013705434491063342613 0.41763098546675142542 -0.41748105543014096819 0.027093244137037675312 -0.90828163279847340394 -0.011190494304177126678 -0.99963290128836568282 -0.024674592174714515824
-4.4198983841574355225 -0.085617737158431905797 -3.2968550112661119122 0.94930062090869449243 -0.0062008521035032482596 -0.31430857540904816316 -0.2614957315522713488 0.53937787149970994882 -0.80043206714661663259 0.17449445126551529905 0.84204100919716318163 0.51041025196202149949
-4.3596087910406229327 -1.9275918529575992721 6.2624894396563295373 0.98228228963427477449 0.0036091865911072381484 0.1873725626741783723 0.18529894166421184698 -0.16825587328121011099 -0.96817057553118890389 0.028032225902552106861 0.98573674724973636696 -0.16594354290666379903
-4.0693965602388502134 4.6500491342726633093 -1.6827337404648570196 0.97889161936223689775 0.011188752557468246637 0.2040735390948429373 -0.14619075430135866633 0.73611276448538076611 0.66088294070778486056 -0.142826681328358851 -0.67676643665148206175 0.72221030823629928097
-1.3352218583150035069 -6.1213132377418038033 -3.4909057768615538997 0.99936460947698368962 0.0088490122045027461845 0.034526400158760628401 -0.024772922252861918208 -0.52400863600794123087 0.85135260128350576103 0.025625761412575345788 -0.8516669797356423155 -0.52345646999512773778
-2.0201776737141026175 -7.1469707233584447437 -5.3089297390365173257 0.66989518852913099156 -0.013571003919701335808 0.7423316403320384671 -0.22011723256290233186 -0.95851223709830968289 0.18111514365643011093 0.70907604691900305571 -0.28472814961898407216 -0.64508994760433391313
-1.9927861990264679193 -3.4536259186825750689 -5.1930921653178971908 0.97912456448795848196 0.0091789277842880458852 -0.20305377243698724543 -0.03653083931245099808 0.99066017853638310697 -0.13136935883776665324 0.19995145659707327934 0.13604469099174534841 0.970315029800927209
5.2356542267366537047 7.2323135711032415784 7.2679091779279207941 0.97800273171674023676 0.00046909305882476479144 0.20859155473380616708 0.092902827623755124264 0.8943596095931737322 -0.43759565051301102523 -0.18676113453835030409 0.44734848684229461258 0.87464256124770811684
0.47028858027280556753 -2.999398711793944905 6.7859310331141440287 0.9864278151067785716 0.012556708729868637509 -0.16371467450835880397 0.018914564455549114086 -0.9991238169648722911 0.037334134849211289553 -0.16310243663099116551 -0.039924020831523673869 -0.98580102846653561155
-0.88267705739327873005 -5.1057942396730808809 3.2234335155964681796 0.89616389330809209657 0.00043455538075157966807 -0.44372298508472385326 0.2036682792774065498 0.8880337798818956907 0.41220776048598939401 0.39422012676553525035 -0.45977800833692172855 0.79573530442141127139
1.5020222550282915641 -6.4893943715151296558 -3.4291295635688023857 -0.9681056329962577367 0.0011820546624414368653 0.25053958990096042436 -0.16623708024948055662 -0.75119070581622415794 -0.63880964038246934589 0.18744790345874928761 -0.66008418117865175212 0.72742845507086018042
4.3092891542310489683 1.4821929200475960631 -5.4623815109312889859 -0.99740154306179984456 -0.013870248630245293406 -0.070694965173321161478 0.061648282002701573767 0.34344085369694171694 -0.93714879786387916827 0.037278026021164173409 -0.93907188021721532678 -0.34169336042881415239
4.9078857858765321254 -2.9720371894654911138 -6.9982440580043991929 0.4517496542121806069 0.0028399746277306802539 0.89214022690568473006 0.28396110733824880823 0.94753073666004639097 -0.14680460688914320766 -0.84574720776268919042 0.31965205713200572912 0.42724024030146329212
3.3953692542886653172 -5.3241387444770591486 -5.2880351661829223531 0.99650323854064337681 0.010984494481464358862 0.082828959060739115738 0.007509194758046061971 0.9755353785897855623 -0.21971421691294204526 -0.08321602953864819241 0.21956790749245277961 0.97204167936735019762
5.7337455201197524701 -0.61599460853596832433 -7.2751241877105652378 0.96485777867168487365 0.0040290146533294608766 0.26274176291136064343 -0.15247132242107452882 -0.80576547588284819224 0.57227134622878361725 0.21401393126624251861 -0.59222104396601293885 -0.77683477799832290067
-1.6157979675167526423 2.8389242073812237521 -2.5448374870029342176 0.99156661065521578546 0.0074325208424358300482 0.12938475284052403103 -0.091011061871819814995 0.75068753280844224829 0.65435862850803139246 -0.092263986748083337552 -0.66061561116877964839 0.7450331341822715725
-2.7112397124809493043 -1.8278777134531964954 3.3641778574381291378 -0.82071636615899801193 -0.0099745658943669428254 -0.5712487674856792097 -0.5367875227912142222 0.35587460536318138438 0.76499177814750307647 0.19566246879341381293 0.93448048309891451613 -0.29742633543934798857
2.3243007487885924967 -0.72244163886016454779 -2.4959722312045338199 0.98480655754679868874 0.0050102190260889120643 -0.1735826659494865698 0.15552587996807593074 -0.4701162211235800914 0.86879366900122478867 -0.077251180398504357139 -0.88259029925650400727 -0.46375275609451444003
6.7783660987365061956 6.3179135067032579087 -7.230210173292265452 -0.98646286230041058118 -0.0072788007560677520091 -0.16382319848492174486 0.054310349351206932411 -0.95713525301127055922 -0.28450394267293377393 -0.15473011101795441924 -0.28954986876640886884 0.94457369550594205698
0.87247952256291261275 1.8245452184254351558 2.5767102966049799662 -0.8829469631228717974 -0.016382178292440173484 -0.46918683330465527082 0.43762160342671452273 0.33311769233382587663 -0.83517658927222471199 0.16997644697502281574 -0.94274292746677235133 -0.28695605967670034797
4.8307057685822734072 2.5248095010504409963 -0.57029219437035283402 -0.98085867830727824224 -0.0051626107636318970678 0.19465251254299112404 -0.071665867141464723034 0.93905267147715787424 -0.33622029040253764709 -0.18105318742306705793 -0.34373453076703891496 -0.92144794518316763821
2.0853691956018973741 0.054310157588437268927 -1.6701942294835874225 0.97779925463877070957 -0.011264051543780198572 -0.20924086305166214594 0.16367869173107718606 0.66453623252071969407 0.72910964987468374066 0.13083540614445562933 -0.74717114291847330776 0.65162671805958805038
-7.2489243240292315917 -1.1080940152713074642 -6.4707041920897143683 0.59728918861730362355 0.0018470094054484802789 -0.80202382365942725961 0.75574014167449388157 -0.33609615558069738661 0.56204645045206413911 -0.2685190187357606173 -0.94182586647433219618 -0.20214245921392337557
-3.3484577732814502227 -6.9792371526389684888 -6.8178327111169672037 0.96755956065441717229 -0.002155358303999233352 -0.25263382793436089946 -0.044830270562456780992 -0.98555960140323284335 -0.1632866158729689432 -0.24863375359649983465 0.16931516917433775404 -0.9536842402284303466
-4.8712082848384037348 -5.9189583128354472663 6.9271525340927135872 0.013766844753366874396 0.0038224974317023628807 -0.99989792603992022624 -0.78577600414652715166 0.61845338791918791355 -0.0084544827555650056694 0.61835794269414656732 0.78581218842969502436 0.011517778536373311435
0.93688157534926042036 -4.7516115799570375344 -2.890884496705589779 0.99927717211178879175 -0.00079707101234252012573 -0.038006551726696889693 0.015778797882903539129 0.918286665498116772 0.39560160452853537771 0.034585587080741969634 -0.39591535035413710775 0.91763547910939968766
1.3975013830269078507 -4.1508113418265093486 7.1747212121549797104 0.8209020880179420665 -0.0052107230749496771111 0.57104519107762585772 0.21027662555825199497 0.93245969903153380631 -0.29377312747419348504 -0.53094585659142845557 0.36123642956810952942 0.76655380719245014287
-4.183577000471622398 2.6107091456237299099 -4.276723927415639892 0.72216633218122061599 -0.023780650549967263102 -0.69131054477946218828 -0.36754246453626721047 0.83346208930801535253 -0.41261784068191520447 0.5859934516925278114 0.55206469398596358378 0.59315786113626067788
0.42580596288638045133 -3.6898267078466151503 2.1710496069840719002 0.62477511494144666315 -0.0076596131119902165912 0.78076717789410021719 -0.70988089375655050173 0.41084225564791598817 0.57208195012046103578 -0.32515407490815223523 -0.91167426820172470237 0.25124660449347036018
-6.959813331617883847 6.6888158445151262299 0.29214329018360263301 -0.99932103909908531758 0.0047783583707680984259 0.036532562256668225931 0.036736789967705456295 0.20472270311212878435 0.97813037121504964322 -0.0028051874497522356726 0.97880834800362503945 -0.20475924594903560649
2.4146306389762020039 4.0257263050600595733 0.087931813823604904057 -0.87832014625680232545 0.003060512444111171057 -0.47806312757110119849 0.24429682614837866517 -0.8566878847958205867 -0.4543180920653017707 -0.41094133573214680633 -0.51582603783409597398 0.75169855479381164631
-1.2542244064093985845 -4.8944260550571359047 -4.4344930403326818791 -0.33397000604805310298 0.013325126875618854838 -0.94248950978464218764 0.24845244101734856312 0.96578380226529747521 -0.07438435208221043371 0.90924992142577976129 -0.25900596185398394589 -0.32585348258270629973
5.9793858701664950317 5.8537251485735533052 -0.025335442678349622686 -0.99702496901169379573 0.012768139719132884716 0.076014378740771007537 -0.060913008590472987602 0.4737826413663622227 -0.87853264829728561214 -0.047231520742904556376 -0.88054925094965796895 -0.47159537752221170059
3.0133116027449511343 -2.5673839333460701795 2.8911047280676220872 -0.96943559667445611261 -0.0071865409334962299104 -0.24524065227832114733 -0.12475683888550280487 -0.84625700501614886662 0.5179621729552071896 -0.21125897626324510736 0.53272641673811138574 0.8194950944683045968
2.0140861742991469363 -1.4607237299631572469 -3.4597200845566731253 0.93747259200977983706 -0.0056652592011535007205 -0.34801299410893199449 -0.20917265809570440016 0.78999643883439274461 -0.57632666581900426905 0.27819406596055823444 0.61308525627933052604 0.73941499186667269949
0.85939801664258941294 -3.4189041258123098466 5.7674689801760141705 -0.99988952609084935652 -0.0064842096029471187751 0.013375000546442581892 0.012000785934302735797 -0.88310210641044928348 0.46902734546109808855 0.0087702195382850928196 0.46913604069521736006 0.88308236227999670209
3.3715348498095796259 2.5205478193057722081 7.5055317761078219618 0.8574333500030643096 0.0051654366851587255743 -0.51456910961143964567 -0.50810900183586837908 0.1667604861249113446 -0.8449947825405644819 0.081445027815229636969 0.98598390378918121524 0.14561060714437154551
4.9659961314426768197 -3.1864154043233869906 -1.5518476863444379266 -0.99545439257798207233 0.00059172126154360613071 -0.095237608973976844995 -0.0157893900904240575 0.98511733274269319693 0.17115646610784771009 0.093921496249274330492 0.17188219976454008342 -0.9806300331655769531
5.9809297923143240894 4.4917834756879519986 -3.1310795426674586928 -0.73908461415593840194 -0.0043072083331363395647 0.67359882799358183902 -0.34004898112849196723 0.86559624672687274227 -0.36757288812683397428 -0.58148140430408490342 -0.5007240613439560839 -0.64121352983214996435
7.3477432510052018699 4.1078377235905909615 -6.9122447421051091965 0.8612843192675605497 0.0006849473866545213209 0.50812287119443666494 -0.12102759903522025686 0.97149533820404887496 0.20383603243668010907 -0.49349938364252760037 -0.23705766955501794691 0.83681659857432844074
-5.1204334284220927032 -4.7755061633279183297 4.5801206214627825375 0.55005992221826016664 0.0024841760870642232845 -0.83512149465712959273 -0.83045980989321277477 0.10718075727325203361 -0.54667064071741089393 0.088150928079326854037 0.99423644780284692324 0.061018847410088193628
-6.3789493113633639609 -3.0093572884307042692 0.73817204654205115233 0.92230961050981652427 -0.00354780158542314112 -0.38643549974745777797 -0.014870312886694346532 -0.99954310641290933237 -0.026314486830760881741 -0.38616558126770417214 0.030016520891499021834 -0.9219409700831421306
-3.8213061903165321809 5.946930522459072499 5.4383898254432212482 -0.93945942842609619916 -0.0023093038751459023239 0.3426523740715481936 0.10812340339556089641 -0.95088811967160657979 0.29003640031141164624 0.32515428949879909837 0.30952617172545937585 0.89357049919835462859
-4.1159750891802637796 -2.8336228229926301303 0.83835933274300766804 0.99794585162449056526 0.0022232997879513514972 0.06402448096907398245 -0.063796764523587845552 -0.056541439608640532699 0.9963598940358990852 0.0058352430653458861945 -0.99839777771429982778 -0.056283455769359266863
-2.9277844151956529117 -5.8694228705221869191 7.5040123473653412844 0.70537280464811968894 0.012641023820519205895 0.70872379032987542491 0.70842769397970684064 0.02138094355253304657 -0.7054594656359611804 -0.024070913264826090949 0.99969148229317361665 0.0061262847648951099938
3.5629743210562900835 0.0003286120445434512205 -4.8822352960368213814 -0.31448242042185048373 0.0010493985391371361913 0.94926271706436504694 0.77414069832760534773 0.57901577709438833974 0.25582593509783446706 -0.5493696264251909378 0.81531566196070626162 -0.18290266516101663652
3.3384793180339658036 -3.2585234896432155871 3.7732424119920375816 -0.96123046267102918438 0.0048674709782585805218 -0.27570329225355216796 0.10218330473494671717 0.93494750070068000092 -0.33975247337864572517 0.25611436872349180316 -0.35475270070821607327 -0.89919739294202072344
-4.3782117357720675699 -2.7562475375995409976 4.652923755982635079 0.80672289125161433798 -0.0070042751442659558631 -0.59088841320544915892 0.55431466424166209173 -0.33753876818516914682 0.76079092593080288598 -0.20477653610077775626 -0.94128556777512162324 -0.26841767855499515383
-4.5020441317017629856 -3.9313270519373628709 -6.0511770739792858365 -0.84356099486590696568 0.006032532642355764238 -0.5369994939389587385 0.50317788312876410295 -0.34054071565374066655 -0.79425690989252006879 -0.18766157270702085724 -0.94021041768952906548 0.28423142788430638683
-2.2142085674147931051 5.1227844314573971474 -0.15951536286281720045 0.98038117339528818572 0.0051392883410627462903 -0.19704401175216137987 0.18104999781790123703 0.37176629603717531447 0.91050025778200149862 0.077933645764810904888 -0.92831212899884785195 0.36354220939486936448
-3.7954702019904815735 -3.7253024912998959906 7.4812257870649050417 0.94752463631466710137 0.00033872175038062693649 -0.31968257513438252948 0.046510226963255497934 0.98921329450704509334 0.13890232812419170405 0.31628130258487141546 -0.14648188706483206145 0.93728821308985854621
-4.0938859740189847969 -1.7420018182493843817 5.1794184714971880368 -0.9847355085277834652 0.0029855101829027392082 -0.17403179299596377438 -0.12011870207228321494 -0.7352546776751639479 0.66706225824073772657 -0.12596616869986934639 0.67778436518246254483 0.72439000452615764925
-3.132089598554254728 4.8306759535614851586 3.6333179782783315837 0.93791970459213547251 -0.00077044711510427556223 -0.3468516024888255167 -0.09966189708997283403 0.95722999723048685095 -0.27162149891072340235 0.33222602849006066528 0.28932704473188769478 0.89772809200801650942
-1.6486480093171977934 -3.4227710328176628174 6.3303874721923509838 0.99483591010037009106 -0.0019685388056554869139 0.10147727247840937492 0.087114219518518568042 -0.49649263721527830961 -0.86365859802861344452 0.052082864095262644544 0.86803870077667300009 -0.49375721688058077374
0.17208581495878874645 -0.59166886397932794139 -3.616731457210904388 -0.94317772098016605664 -0.0078000732249538812929 -0.33219714854939957904 0.098717378298170968542 0.94801109818169559951 -0.30253898417601415849 0.31728640983916767127 -0.31814166118570397224 -0.89337294426753210974
5.0870329433344876335 1.5674968675402294327 -0.82599031854093241112 0.99991254048196176463 -0.0038190135174818555519 -0.012662011003813719232 -0.012815084208954533387 -0.51641111622589630503 -0.8562449022651277275 -0.0032687923802029172915 0.85633228023597796064 -0.51641489213842461936
-6.3264615091018772119 6.7048808672223536576 -1.9246031505107565884 -0.99953357320389568663 -0.0042069931524242910881 0.030247929631579104776 -0.023035952558727344069 -0.54639516777132490777 -0.83721064585071280906 0.020049462040048589978 -0.83751693824341155725 0.54604340232914339026
5.2057359939685419192 5.862610612082342243 5.0932955942850295372 -0.99622202594449305035 0.0008292776470266217427 0.086838858360940338055 -0.062228638141181208399 0.69067039838869115354 -0.72048733325756320056 -0.060574512940179819909 -0.72316921469886374929 -0.68800945872416485738
6.3598592007117247249 -4.0693704922375770749 -6.0789209366930068157 -0.9012937843173910446 -0.0054380359106016643023 -0.43317426298927835804 -0.28710794113487608792 0.75628186325808999246 0.58788329917096848742 0.32440490823685291799 0.65422333424620293663 -0.68319344584066321602
1.4163975190180186914 0.80266807956257701928 5.9211146553263978021 0.99435082702323152049 0.0032431045104245334945 0.10609389742742497686 -0.022031951183899913665 -0.97145775360313912916 0.23618726911400006463 0.10383171926357867565 -0.23719046194482520939 -0.96589836879316393059
-6.30152692389865976 3.1659170611967071274 -2.8676745206010849643 -0.99954273326206521944 0.0040862831493596180055 -0.029960418437527926161 0.016703599731320444705 0.90054463399093009901 -0.4344425761203288272 0.025205438677859376417 -0.4347443668180474563 -0.90020110052192547911
5.2732910349482908785 6.7997580751174968583 -5.2267542504980202267 -0.93577792135442594557 -0.010319513821218002231 -0.35243891604105176407 0.25517154964451088661 -0.70963349347465543016 -0.6567402722469689591 -0.24332521891027167338 -0.7044954311941531433 0.66669260178053668664
-1.5662109651402555954 6.0145557847865447343 -5.6807423193262653882 0.89886855181517710811 -0.00091177587402442019857 -0.43821740634354350297 0.2916317525384472531 0.74764607145462558258 0.59663747179487669481 0.32708752264351681482 -0.66409677043576509359 0.67230144431486116297
-1.6137504922719190237 3.4414279072280709038 -7.3807115262698097524 0.99559809787850206408 0.0030449685444233478768 0.093675800862735039698 0.093321997645483295569 -0.12482342973989205004 -0.98778039874420719979 0.0086851745043530874379 0.99217429897907782888 -0.12455813176709071288
5.8378592996655358505 -4.4259663124192281103 -4.9643410315875566852 -0.99582072401071763945 -0.0055394497505844254512 -0.091161396036637865059 -0.0094000520903353718821 -0.98664119372758463111 0.16263700028128796893 -0.090844508098112994321 0.16281421724235239923 0.98246567676029528116
5.7592934481266366831 7.0155539518489211659 -2.1104308246939109672 0.98773072707684472782 0.0003138201201211675978 -0.15616629695690123492 0.14273710881104903492 0.40388728383707600544 0.90360454830805658766 0.063357150792659217009 -0.91480870321153751057 0.39888708674474854243
-6.9211588228181222249 0.54357748414129536396 0.62449229264969585707 0.96368989135553995151 0.013402000777596343936 -0.26668741941473350643 -0.20957613355197923788 -0.5809315701815610522 -0.78650896689849458809 -0.16546793509427973334 0.81384205908856788181 -0.55702914224847377422
-7.1435704358956400029 -2.5303151268981882716 -0.1156529669642746283 0.61382439598277305226 0.0051585285906998578492 -0.78942574095295070524 0.78738500004477551819 -0.076151494968360544657 0.61173998685600361469 -0.056960272127813661724 -0.99708291500602241886 -0.050805393436818613306
-6.2296958234492736395 -6.010136367412019176 -4.8567935905705805766 0.82115135424805707487 -0.0097627663785255849871 -0.57062697255664418527 -0.069942513469462591624 0.99059520434425896163 -0.11759755924265963278 0.56640841998165136761 0.13647647974244944691 0.81274576113994168036
-3.0930356428394611967 4.9348455899377157152 -2.6345135732786615357 -0.98816605335594787096 -0.0040393560364953232794 -0.15333471426212197386 -0.091150172805418636091 -0.78854047145646488648 0.60819040675828772713 -0.12336732546577722225 0.61496959963730757348 0.77884073758979488478
-4.7498992189326836311 -5.8395909689392571096 -1.3768059383054580547 0.99344602104574852852 -0.0048089451944456282351 -0.11420103902578884747 -0.013732710687972389529 -0.99689906724501986535 -0.077483303899142055848 -0.11347429632127671584 0.078543769785234487935 -0.99043145159184498016
0.45998928689001350456 -5.1277096671235007364 6.8950119294738625442 0.87714761013590303307 0.011851200939580353727 0.4800745974004689276 0.42985862137472269362 -0.4650522363458181041 -0.7739172973255749044 0.21408791573262075936 0.88520391238743345586 -0.4130137985965622871
3.6355429897963720265 -1.8181269961066182095 1.3120507566647461317 0.99089947099239450434 0.00072001966341096127616 0.13460208006857973806 0.09178132140172588771 0.7278564134813102493 -0.67955958561115303862 -0.09846028350993250855 0.68572919066196447169 0.72116645072086271728
5.0537088533419085579 -1.8797180113925344713 -6.9046777887350883063 0.9999744656299419665 0.0055468323456826992834 0.0045056341392232914303 0.0068279647735866710184 -0.92766414317449874538 -0.37335320591287401992 0.0021087875943056680339 0.37337443688510790762 -0.92767832943076899976
2.450493479095892102 6.8721013393302792238 2.783166133586954416 -0.9777570282542199509 -0.002579694952289950452 0.20972491238141074965 0.10307032537063073874 0.86494842939814653437 0.49116262328234466805 -0.18266828331000189989 0.50185412188759703778 -0.84544351592344502144
0.011079111290977439186 6.8070368510798653361 0.78977307518238093476 0.98452529401409016874 -0.0036358749651865824443 -0.17520481117750419386 -0.14423949961885557114 0.55098312361228840572 -0.82195654644523263865 0.099523425364195186593 0.83450846485081930926 0.54193238498554596738
6.9904862261014848457 -4.4626461121316891578 -3.7188742238034881993 0.96809638865846747713 0.0062346278649919005532 0.25050052231862196539 -0.24786573259682234682 -0.1228648894341229092 0.96097179851892633451 0.036769020530409105008 -0.99240382322918618829 -0.117399705150896011
