1125 14.717824617146108679 14.977075390850430381 15.033177056927090831
-7.0274669899690316299 3.0866879475488708806 1.8094897241589857906 0.99407174259543262806 0.018201237095414012079 -0.10719181657864999824 -0.066631546290786866638 -0.67707339291401347214 -0.73289280092441799752 -0.085916282578650818302 0.73569038023886701438 -0.671846750987003416
1.4933895310885740848 6.534911421027284284 -7.1999148953452989375 -0.97724685106328668116 -0.0040463588408207063624 0.21206654395967852733 -0.077692029684704511094 0.93716011365023710322 -0.34013948595616311232 -0.19736398002256724804 -0.34887612180139765394 -0.91615113983809504106
-0.82113771318815442779 4.3662822942603369825 -4.5866557830740628532 0.98950077162721639112 0.003348322753749943901 -0.1444887943191497659 0.14407885774744427776 -0.10157150210051439643 0.9843396328052991251 -0.011380057085733811389 -0.99482260664695942864 -0.10098750222153031475
3.8213473128399542134 2.362285531101853131 -6.5769917787349347904 -0.99592238821260337112 0.001562426521961726017 0.09020064013230359723 0.058727070912043655149 -0.74775795919022691738 0.66136915985681443697 0.068481587299167243077 0.66396957256404109948 0.74461713578864197061
-3.6886607599497778232 -0.26671393659727615777 -5.5766701855565798951 -0.86802878151766793557 -0.0041106919216038415033 0.49649686471206627703 -0.27736826009540704874 0.83340219484298583286 -0.47802471685320790939 -0.41181656444176995002 -0.55265168401336539628 -0.72455726716977519875
0.04208518416033478482 -4.307713306203114989 -0.33953281426260306652 -0.91241269953766857004 -0.0044211542065642536053 -0.40924750349624139378 -0.39318491058528393101 0.2870593029217787806 0.87350019043732129997 0.11361642403467132889 0.95790260987304953755 -0.26365488462765229727
-2.8300861448925207497 3.7373187000506673527 -2.6239098607487103543 0.93202678605223487907 -0.00041569953327588748428 -0.36238915170710311875 -0.083075659780915259156 -0.97361339820482195595 -0.21254502014408732657 -0.35273857860044660617 0.2282033698919052056 -0.90746830089928753882
-6.9655121975116136568 -3.6250167315655450473 4.0171721428968814038 -0.76019853152356264836 -0.0023410592826662401759 -0.64968662608292104821 0.22416182102593326664 0.93764101443537994918 -0.26567048395142478512 0.60979477749797039721 -0.34759724896787885795 -0.71226854615797097203
-1.2240365253162317494 4.4848382182405375218 2.5008987566003599845 0.80878130709039963708 -0.0087581753113552263112 -0.58804429396641422212 0.49393834034431938207 -0.53260421363435805908 0.68728281482728481588 -0.31921421215085449274 -0.84631911592739672567 -0.4264343334872571778
-0.84642117195729993373 7.0354582043732039054 -3.0931127561784603763 -0.98844796828536662936 -0.007862471596654327724 -0.15135651797299012888 0.12464389449241959629 -0.61031001085773650683 -0.78229507873480552682 -0.086223625290782826558 -0.79212364703202831073 0.60423969933670629295
-0.12825183786471561209 7.0831777103975852583 -6.3009065746499173244 -0.98791459847743179346 0.0013508060034071280638 -0.15499329481719228974 -0.15269472766797770324 0.16330825826308395521 0.9746869922829357602 0.026628298059664837205 0.98657416756482052556 -0.16112835143516135439
6.6093540419761245275 -0.88429586732289944262 1.8489158144682222851 0.9862965916333646943 -0.0039095455650275095366 -0.16493558980962491622 -0.016663224671679355282 -0.99696760922870364396 -0.076012650869518944008 -0.16413826572716952445 0.077719377262984862265 -0.9833709005872379727
-2.7924804710635746652 7.0132498121811810421 -0.81470225284639419261 -0.9820871889262507981 0.0028016618699766818353 0.18840622080414251571 0.1667450791656386877 -0.45274717387949331426 0.87590871391847069383 0.08775438405577776213 0.89163453681144444474 0.44417003595930332205
0.6609762953389013429 -6.6554940571055860588 6.5864501654463305513 0.99985917549111846814 0.0021252937028095782168 -0.016646690752496834387 0.015609449945332989906 -0.48202505865386174877 0.8760183718976765066 -0.0061623257570634221159 -0.87615485272669679784 -0.48199035237740545101
0.62897212497452625879 -2.6175963143133342825 -5.5766433400199177939 0.99930050009620641216 -0.0067819376127082817152 -0.036776566312271406767 -0.026204993112270230649 -0.82858566485692497494 -0.55924868737401756125 -0.026679745941319159275 0.55982122263792177819 -0.82818378989248331301
5.6311664359836770544 5.9222777404452164873 6.2155631467050538319 0.98722826210571024141 -0.00075060898697557510047 -0.15931037344102844111 -0.086846815008053773743 0.83580255329714914225 -0.54211781249541679539 0.13355893539074567555 0.54902962441744596056 0.82506271415520360257
-5.4250602699498440273 -1.4645152847007649743 7.2319948918093146517 -0.97338659831189577876 -0.0053729779261067001431 0.22910622282027870433 -0.098102657637917881073 -0.89372321370999940893 -0.43776099168412868634 0.2071096298851149986 -0.44858661190914694838 0.86941109541159833363
2.5572603222264080891 1.2170907074008088244 4.5766138500415500801 -0.99847985257835747408 0.0049956442646706383098 0.054891051488301430272 0.041774817143544445974 0.7182555152562791756 0.69452421084991899924 -0.03595620457910499862 0.69576149530021280665 -0.71737235311238223279
7.3242322001642525819 -5.8961076906369136452 5.9766710280268773303 0.81073699761913620154 -0.0035725003261777446908 0.5853996565875265734 -0.1830831207521523285 0.94827274210496803608 0.25934412944277634994 -0.55604504456662762202 -0.31743667686988041865 0.76814573134970032253
-7.2826088316680284152 1.8871465876218562752 -6.2001877955177393531 0.99677583482485077049 -0.0087816963379942058338 0.079754729756380343675 0.063803344896288749499 -0.51596884931350062153 -0.85422788512082270529 0.048652526030232692844 0.85656233185200525426 -0.51374497891793935445
7.0019267055572438352 -6.6390057326781111158 -7.0309956344206980816 -0.99149301250362542604 -0.01092605664734241748 0.12970052984730046086 0.010295626688235481189 0.98676487382058786224 0.16183041699530584245 -0.12975209527258127484 0.16178907589795823996 -0.97825798677670394721
-3.3726143237276300368 -6.143563780972708166 1.8772891648306213597 -0.99699378465659360682 -0.0012503148116340206085 0.077471479065991596946 0.072959735349778884195 0.32142857867761298607 0.94411892567991984038 -0.026081993280928021661 0.94693299948946119127 -0.32037107251479263192
5.7030671445079805792 -0.86570348176751621416 -6.215586712449811202 -0.94890410686628079429 0.0016122716953020704497 0.31556044833338503519 -0.24801116700879566324 -0.62211966437418608766 -0.74260190158514804981 0.1951190841801533904 -0.78292050923381983907 0.59073176587161735362
5.0301487765189003554 6.000329507629224679 1.9780329720136005101 -0.9948914276907460108 0.00717157431972934023 -0.10069565844351663353 0.10094252784666508937 0.057967368226412949173 -0.9932020893518302973 -0.0012857602864977009383 -0.99829271896710214396 -0.058395154574747691612
7.2157724515947547772 -4.5688200433376682241 -2.8573386405149294731 0.85134407846414306142 0.00057891954595154677954 -0.52460740074472822503 -0.3405641453498080562 0.76124537737840591856 -0.5518347019915539331 0.39903549086040535077 0.64846367691034978442 0.64827890352978767563
0.12003719392352395212 5.2884999419286824462 2.7711947992008454378 -0.98416604855293254861 0.0084520565214793591524 0.17704731462566755673 0.0025230310598445119565 -0.99809322577909131979 0.06167290302953427894 0.17723098823250652001 0.061143073151219244632 0.98226814130136275161
5.9648921443781137697 -6.7455775911261985911 2.2498042788745746812 0.90506958170750539949 0.012282010213457558376 0.42508611420875597187 -0.38835516573261741335 -0.38344717008151957272 0.8379430368499518611 0.17328969247117984032 -0.92348114219055810192 -0.34227658772059937897
5.78155058709208447 -2.8210068062399398237 -3.1923034959705698377 -0.99733099063730967782 0.0019185334401156774534 0.07298776845301901961 -0.072906225386194123406 0.027869637988432748033 -0.99694932949387549126 -0.0039468233110981796805 -0.99960972509673806652 -0.027655380632308552979
-6.3883086336234979896 4.965817138808474418 1.6063532070666066698 0.99982474044740965446 0.0044291625766131621084 0.018189857292742063477 -0.018664987106693384233 0.1605031473081493798 0.98685883385642492183 0.0014514288707544835411 -0.98702539087054697031 0.16055768786069526954
2.6792373263317159626 -7.242514130630888225 -3.5519011330492151757 0.91461513666511007337 -0.0046433203060739971363 0.40429888864484953004 0.30817212376524261153 -0.63930725649052821957 -0.70449710711430901799 0.261742419024838191 0.76893736505324661312 -0.58328915188612628917
-1.5373282433314916506 -6.6427357059758262992 -7.3408104483008731478 -0.96039501073969357758 0.0018344765212023441195 -0.27863606737482926601 -0.26265463734011967878 -0.33981012115225656123 0.9030734317021154034 -0.093026688804695889523 0.94049227336447627223 0.32683377871881325039
-0.12707606182480973844 -6.9133393674034691045 -3.6102411508267704399 0.99688199796469267877 0.0040198480897776639464 -0.078804333354695166314 0.01777565371690173826 -0.98447094896791909058 0.17464528843688473247 -0.076878529311313267836 -0.17550154261314876436 -0.98147282197287810668
0.019888817737127251206 7.3458774625764702293 6.0172842557558876564 -0.48602070519330736742 -0.00024166917249719569241 -0.87394726140622147614 0.87050734311259980736 -0.088772032868168565534 -0.48408314551059478115 -0.077465087041366190168 -0.99605194030059462929 0.043355420805357508529
1.9316221549477625707 -1.380902431002017039 -3.8718326010217651856 0.94596472759946692577 -0.0029591445287854498125 0.32425603710877165531 -0.30322938679222943836 0.34625664659292121339 0.88778278518782538509 -0.11490288561828948533 -0.93813515985380280249 0.32664927479286653966
-1.3778067366647324121 6.7551263696944143788 -5.1335176383875351647 0.94983714267094332406 0.0051316556323836130804 -0.31270284378816876059 -0.30691153415545840977 -0.17692073014424852806 -0.93514938135444025669 -0.060122480031101058207 0.98421172587800653808 -0.16647091649656545198
7.2341068406155937254 6.8482726284942989636 -2.1387437187100726277 -0.80190206583792522643 -0.0040822484566136497952 -0.59744155534428022847 -0.52191518284877547185 0.49148564753652868031 0.69717028061832830854 0.29078792739159126102 0.87087610686766880885 -0.39625394353890897037
-2.2012656305666422618 7.4597104630819641713 6.0864278951395878181 0.95559541094880573464 -0.0053284009618630714597 -0.29463370261523891269 -0.2946141689890368065 -0.038707490669383684545 -0.95483203842185648824 -0.0063168033429022059366 0.99923637759502947908 -0.038558522874387823887
4.9617835177546254499 6.9518279620207037439 -6.9823166107922478574 0.99999276351734689428 -0.0027344940719383741684 0.0026448922543659478257 -0.0033031766915989930339 -0.96899509783926551787 0.24705786647515975973 0.0018873093574991658961 -0.24706481519159456672 -0.96899711824017265016
-4.4810067602363030659 5.3641024603733313825 -4.1412270834963731403 -0.74360861808936007389 -0.0069083325748491106882 -0.66857946277480928554 -0.46066482904823197186 -0.71944471814437849222 0.51979535666670728666 -0.48459688234776010507 0.69451535078444792681 0.53180286680631194685
-1.2777668048949313295 3.4482294531372317259 2.4878258276709912522 -0.66555654108997763796 0.0028750634254309653803 0.74634189526166583306 0.58426332603808850408 0.6242377977835738001 0.51861694695130733379 -0.46440376447583398001 0.78122909945074348048 -0.41714534362993094252
4.2862012838775109813 -2.0988020418823558622 3.9088400364689217525 0.93928591239454095607 -0.0072142300722712656563 0.34305965904153951085 -0.010304044313198782931 -0.99992110022254276913 0.0071847060065884284924 0.34298075958866708346 -0.010283395065502565907 -0.93928613869138199988
1.3527945100355240893 7.2106831813931284714 -1.5251330760864425518 0.95458993800881819514 -0.0008255180471936629516 0.2979217494111713882 0.26793062160323211085 -0.43489267150533228445 -0.85969852057466489281 0.13027368214482970554 0.90048191697058510563 -0.41492298676929456613
4.2408006188835232209 -6.8845706744474268746 -1.6632082918418316098 -0.96815640053659013375 0.011418087264590764604 0.25008560810912072725 0.083705765613726015872 0.95622892274846116312 0.28039185455756365783 -0.23593755297342214328 0.29239677594398666427 -0.92673491167354815623
-6.4387172837409263337 3.4785549043941408343 -4.6693944863437044646 -0.85754292976879897825 -0.00094471945852784514758 -0.51441153866218891633 -0.50779957317049972954 -0.15827308205053675083 0.84681120976645107845 -0.082217498693979707003 0.98739492555070951241 0.13524623434736249283
-6.2809606037694694081 -3.9009825971217257923 -0.91993131075006107089 0.92742356074865073268 -0.00021067784018859170292 0.37401269307768320038 -0.2413205240692923581 0.76365960102288987787 0.59882252665411206394 -0.28574454260976889231 -0.64561905902819227698 0.70818506549370374703
2.0635289630166866459 -0.46585237316501831861 4.5158155673497120119 -0.99306386101533516975 -0.011579182775128227592 0.11700466004271688203 -0.092243925094886727867 0.69378464355580427014 -0.71425060493448189192 -0.072905598060401824445 -0.72008943256543245237 -0.69004056611120756504
4.4619918201785484513 -3.725829596012739664 1.9184811218952007028 -0.98734715286561702818 -0.00089812727365679002021 -0.1585710979200584958 0.15829084100052190354 0.054112962531807591582 -0.98590861490371906051 0.0094662232967706542303 -0.99853441635898232409 -0.053286114167433659694
-7.1750585446929555644 1.7519687064899647222 -2.2059666957436467882 -0.98364875004734064756 0.0010533429364463023099 -0.18009449463819163229 0.17421787341932101767 0.25899490987203405146 -0.95003671994381255761 0.045642842939006521286 -0.96587811194219896915 -0.25494353053060153647
-3.2412565350898630001 0.26940938549216753017 1.9655804376779753007 0.75340241918942718602 -0.00069205820129556415432 -0.65755936295886296961 0.055911961436627084787 -0.99631046173802717547 0.065110033018793672666 -0.65517833246205436915 -0.085819490133960271705 -0.75058401780567374217
4.9025352276625673298 0.86898434222353448941 2.7742538114726178478 -0.94647460400848104634 -0.0021084653494218516014 -0.32277140260699160867 -0.11518206651031448473 0.93634961814791917156 0.33163607184492516211 0.30152763641397417604 0.35106259693696861834 -0.88647399144610750099
-1.995924627590851097 -1.9142789951209928656 -4.1048062685422399554 -0.67488723822278007258 -0.014790506865409128179 -0.73777263204218235249 -0.72881642553953174257 0.16992925078365142544 0.66328777132696870034 0.11555878827611383575 0.98534526468380800868 -0.12546264710020282873
6.0076971377247785355 -6.6114672102720559721 -3.7444784215425372942 -0.92010531634830117209 -0.0077180439362280013268 0.39159499310582757126 0.3009842490909644952 0.62583834286137174363 0.71953794229614009836 -0.25062858701055895638 0.77991461096868086589 -0.57351417678266392031
-2.0873111377014152978 -1.0816416226392369104 -5.7594149704757224839 -0.96561180959614434371 0.0056484348428647197793 0.25992677498152383375 0.13882835294566200912 -0.83409566094666787173 0.53386432434508657163 0.21981929302694458439 0.55159090236681296293 0.80462845763703783053
0.77514623033634788563 -2.5860447754489994665 2.9299668504618465725 -0.9896781811018228181 -0.0074190004810150110559 0.14311553473572413697 0.09797448725941305947 -0.76384502190815795064 0.63791988709602376328 0.10458536081629275782 0.64535706468438980288 0.75668762469391837033
-4.3829011461661941951 -0.97299719909627990777 -2.536736558139172093 -0.99156965683875430972 0.0071606659526140346156 -0.12937673863468185376 0.034257170088690211407 -0.94845709084386797816 -0.31504855677432402894 -0.12496424262218980283 -0.31682467026913618824 0.94021596794284378884
0.843464244110675887 -4.1347224936454640698 5.9040427686384227002 -0.97999476048122158289 -0.0028308854384129656517 0.19900315454005382265 0.093733170406082658155 -0.88862715748698273277 0.44894973854786435208 0.17556868227244876168 0.45862158809218578348 0.87111530622586363926
-4.410082875545533021 5.9644804579662125121 4.7939139333999669645 0.99993614265852603928 0.0056186840846162077953 0.0098051514155435941233 0.008978026129993092741 0.13197628272521977344 -0.99121221534277093035 -0.0068633557341915701899 0.99123695007157830439 0.13191741037813228821
-4.7644349220721311511 7.4146164996821166682 -4.6977683460304806573 -0.95424699979454130627 0.0051388376253549156863 0.29897534301521100364 -0.18217530473034768135 -0.80285824320538445864 -0.56765376741783779568 0.23711773811671182921 -0.59614782870110849533 0.76706123914932300423
5.4735796354791554919 2.587225236939459716 3.6713120309496587446 0.99999938214289441074 -2.4879811821845428457e-05 -0.0011113481891635514261 0.00029381981278382186817 -0.95827901264796355729 0.28583430093040274045 -0.001072093149013861671 -0.28583445086176018091 -0.95827841325842655351
-5.5557634437432845687 -0.41097327007468564819 1.2252590464457580044 0.9005712530160731033 -0.00096979431367221792526 -0.4347073472348529366 -0.1845997764037273503 -0.90620759945349260711 -0.38040860826786948579 -0.39356618349731503637 0.42283193610652214378 -0.81628353714606050051
-3.1077614058374769535 2.7047746050166967535 -6.2247293288798486444 0.7673057937860464639 -0.0019392804099171779327 0.64127845590959420274 -0.36108409346025782671 -0.82771431551655894054 0.42954311697292868466 0.52996235363677945962 -0.56114637224201746601 -0.63581023320434593149
6.9708134860493906615 1.7710577386853960657 -4.201099317875091721 -0.97133529730577972128 0.010431774356704674039 0.23748456432280798389 0.22237960254603361676 0.3928785873460106659 0.89229688331655321321 -0.083994360401660181359 0.91953118146630674623 -0.38393665328010284643
-2.0796900159015496712 -2.0902032140587083475 0.69174211965749543563 0.9979290715243966936 0.0022085887906033671059 0.06428600424707271721 -0.027855162447736447895 -0.88600279276629689829 0.4628424582246906116 0.057979807963740338794 -0.46367464168959260373 -0.88410642375369308255
-5.3295402471829662616 0.1672018589524968124 -6.1286691728986006922 -0.9916623175108449928 0.013028788540945069468 -0.12820334901354030199 -0.043616078945240256692 0.90222107821031538588 0.42906265706826640649 0.1212579304069478503 0.43107699625730439008 -0.89413038065546868172
0.43273478982382052038 6.7490334064914057066 5.1080471169382697383 -0.77844373802084321223 -0.0025879987698171286539 -0.62770904804576466152 0.12289222555776502244 0.98001171222033645059 -0.15644342366622776552 0.61556709433956735555 -0.1989229654246567891 -0.76256593563636154709
-4.919815995108161033 0.88476363165070837091 -1.3806192526704685886 0.9418945627220434158 -0.0016201606012153100048 0.33590476000550345548 0.19930509542373858745 -0.80225358745692110229 -0.56273142825943667233 0.2703925140473603661 0.59698120279655131348 -0.75531538568659006838
-4.2186105566693843372 -4.4140022921010926282 4.1140641864504017278 0.53022381170243892967 -9.5118301682668910703e-05 -0.84785771238829854557 -0.76449253047709908593 -0.43246697070093648163 -0.47804130584851517449 -0.36662498598485115942 0.90164977136644641753 -0.22937700287159767942
1.8476483189211077018 2.9621672743669504868 -2.090298209477180702 -0.91488652099449707666 -0.010981707001377854702 -0.40356171252242667435 -0.12976046859350903739 0.95458567397817584155 0.26819472743898864486 0.38228899342389943694 0.29773409805900202807 -0.87476255770343258611
5.2031293414470347614 6.9502948754219895378 -5.2179540484004869327 0.9714871820537285263 0.013548533840505718601 -0.23670465212179758741 0.18595191265525137791 0.57582407724794670845 0.7961460407748018886 0.14708684946379299574 -0.81746135645184569984 0.5568863343829808521
3.7713719370051030921 -5.1981531025313501004 -6.8898008973309075031 0.82560803668994597881 0.0026808552853748242491 -0.56423770059061717497 0.41365846215306978362 -0.68296769263596690536 0.60203140076301209227 -0.38374216140790190499 -0.73044366232476121148 -0.56497257431443326237
-1.3664746397795344279 -0.19605844747730241662 -7.1848361506064852833 -0.92327013478247021983 -0.019633754833676995283 0.38364928501143757966 0.31335194285616441157 -0.61621132491556984689 0.72256083685329064448 0.22222245189658845765 0.78733609006375993022 0.57508178823194211482
6.2553432132051973724 -5.5809620965484230126 -3.5606894696336146566 0.52015491661319079864 -0.0089270211402231094272 0.85402527539685213487 -0.5310336758903010379 -0.78653998274734893137 0.31521118414528126461 0.66891112847200295821 -0.61747482850188040171 -0.41386318798971233335
1.385368307275110622 -6.6495432726756593667 -4.5186380030055506296 0.9998402357442636168 0.014695810049253495502 -0.010175271679485063323 0.0081540580429272924157 -0.8815677497129726925 -0.47198709092876589555 -0.015906423991206897206 0.47182871450661878487 -0.88154673718577758468
-6.5830915864253976011 -5.900209268474272406 -1.9408953277636238344 0.9945427031587179556 -3.44975212081518115e-05 0.10433029475487282101 0.081516575589165252147 -0.62385896279349162263 -0.77727411023813663959 0.065114203503791101557 0.7815369430500771486 -0.62045156712664550902
1.2390056235697344267 -5.4098719098947851691 5.7916434385053712219 0.98201226356747750579 0.0047068076450346623199 -0.18875847044556695598 0.1720037573556546795 -0.43467915580300042766 0.88400720526818354905 -0.077888520711883416081 -0.90057308280470926842 -0.42766985031572452014
-4.8499234075054911131 1.2995385001838155592 -5.7797704002075498408 -0.99601868614141197966 -0.019991592401150434788 0.086874122098636763489 0.029151567093004166625 0.84790500818901415325 0.52934609021287959418 -0.084243474484088032295 0.52977111408698052131 -0.84394644598204615615
1.9549901808989955665 -0.18570342667741324139 -7.1297740895267844863 0.31502799292814809284 0.001087926746231072505 -0.94908175627134716557 -0.94529499764676361284 0.089607699272692992176 -0.31366834021814443689 0.084703784424406139419 0.99597654422502712723 0.029257345363751855599
-0.68788687296369688262 -4.9876214947198382887 6.3484595632119802389 0.82286693386878262402 -0.0078468406496335040001 0.56817993297661073537 0.21862132798501576758 -0.9185659391177534161 -0.32930431282129857262 0.52449473219054265627 0.39518988168275448469 -0.75414205115486254716
-6.8275803807902164522 -2.8064615173184459529 5.169879159356240983 0.91783418404167393945 -5.0501085091532883081e-05 -0.39696398835952084738 -0.1282608920426964727 -0.94640097818647161976 -0.29643605054061122894 -0.37567213654596098849 0.32299409582427379695 -0.86864564690417789272
-7.0709749793191942757 1.290589530839620469 -1.0221907135117456189 -0.98174215840109446685 -0.018496157422891752048 -0.18931515147629715545 -0.18887933182983257518 0.21259596299449778911 0.95871140314796865489 0.022515159901831310885 0.97696512152635539561 -0.21220796143304704318
-4.8193648739009313786 -4.7937742647426277998 1.2076165638605085295 -0.9811767601287051388 -0.0039806169990195539032 -0.19307076441436263337 0.032693750058296680572 0.98193114176770079915 -0.18639300291030891366 0.19032415529922491748 -0.18919669002160474647 -0.96331787505187560505
-0.73119728555042706741 0.026600862393011518586 -3.5608910284343400221 0.55772465856542741136 -0.0028992709669527112759 -0.83002096326295049522 0.66442045665065807558 -0.59779440392671867599 0.44853908126047153937 -0.49748232331628866598 -0.8016442133899853717 -0.33147834488258848262
2.7773614799838495237 6.6717992624317927763 5.363149974079414406 -0.98448192178195548241 -0.0036518220508132814145 -0.17544802615146143365 0.12370302539606153891 0.69469502844643071793 -0.70858759441562635395 0.12447050732036721299 -0.71929512833576370046 -0.68346295522134181688
3.571237187833196991 1.6987654551249724566 1.7287482454260465481 -0.99619963775785125293 0.014785959843642457537 0.085835057654795585136 0.086811466607927906258 0.088509472434951788622 0.99228516191396187729 0.0070746728880883751403 0.99596558609262486605 -0.089456695237069214222
0.63971093350570684688 3.7572206653181945413 -0.11687676996398667362 -0.98502735349669767739 0.0079412974730104640697 -0.17221512319654724843 0.092907939192745050971 0.86591871010711041201 -0.49148031732842706321 0.14522130593729662418 -0.50012170846784398393 -0.85369142494291261336
3.1119375375777105219 3.9403423645628201655 3.4645485870785006632 0.97313288281776089139 -0.015167010753453358599 -0.22974410582979845619 -0.072782477915246071576 -0.96692575376885614435 -0.24445305808494952049 -0.21843787054281427196 0.25460665443656543827 -0.94205113886110125598
-0.95245257751789991207 -3.6454788494506482621 3.0913113261728510928 0.81997440861660664257 0.0061901724015124386102 -0.57236671023011231885 0.043321282584586909281 -0.99774470387462310672 0.051271555129932200323 -0.57075847404062240997 -0.066837023092384179046 -0.81839328971767388854
0.15450000968717880756 5.7156587238038163434 5.3785465205606790562 -0.93615959199246290279 0.011783205179321168746 0.35137782285759644463 -0.25423464215059460303 -0.71301279256565974762 -0.65343515697300180722 0.24283732219532846996 -0.70105200499927455837 0.67048946392588704146
6.0933805630734463321 -3.9265486591658755877 5.8915174632036517721 0.99695766943585273356 0.00084486545007205274271 -0.077940307642623204987 0.071592528367645541509 0.38546768028375955062 0.91993976832101642671 0.030820694914072896409 -0.92272095113259433585 0.38423447412488498376
0.28403841036398674857 -5.5952235692152765267 -2.0441408998297014854 0.9990865952878618117 -0.0071061332898585041068 -0.042136421132488166563 -0.0035948805462018146306 0.96860259900752287976 -0.24858817757392381864 0.042579947745888573063 0.2485125913617531046 0.96769232712918662465
1.9700235515172912493 -3.3396466526961701149 -6.8590375962592027292 0.99028799339611550678 -0.0033290248442034821655 -0.13899139444278038602 0.11199104297049440604 0.61151267341741544215 0.78326895543255725674 0.082387477385413840358 -0.79122763339229462698 0.60594647925910816166
-3.0356472696720850912 6.152369558326202359 -4.3297030826202300702 0.9512594320572763662 -0.0033236654169789730043 0.30837387400710708496 -0.15422904905832360289 -0.87104018760985812975 0.46637151713551971977 0.26705597418617921246 -0.49120051386057511644 -0.82909779992146470651
2.2343715681389260119 -3.6601836191144152544 6.2432591123679683776 0.85991184531473241481 -0.013404947685568678606 -0.51026652414671924696 0.50254321151351311059 -0.15295358131944716829 0.85091452127894473545 -0.089453556938310058166 -0.98814245397066136078 -0.12479003089983183028
3.1013633962861621995 6.1142273830978028926 -2.4901219218487686824 -0.73724854156555386098 -0.0095999438850886010394 0.67555342426537134948 0.53316532120626247693 0.60587454418948094581 0.59046657565536653234 -0.41496906899471058816 0.79550228018556146115 -0.44156176691037019033
-2.1616232765424019391 2.6294473906913244932 3.3530539450575207461 -0.27874471465540417991 -0.010127846686076222987 0.96031182996630437554 0.40238544305231049858 -0.90917105488040728112 0.10720983251189715457 0.87200191471769117335 0.41629967534117878758 0.25750192434158031274
0.77847005187895168543 6.3665051031946457982 -2.3145000108421736051 -0.97443138246554428239 0.004388248766386115135 0.2246424361938967329 0.20758920033076389 0.40011782083920338637 0.89264351975079314627 -0.085966300213504667771 0.91645320268937957575 -0.39079831436169232273
6.4151198281946530955 5.8319484772365619563 -2.5822965689780881249 -0.99241081310087519984 0.0034390428333563789233 0.12291847308223503854 -0.065599045803348479677 -0.86029428743999247775 -0.50555959509009928965 0.10400741911117653005 -0.50978614338015748597 0.85399095123276291819
3.6222368736741175077 -6.0532764370965512768 0.30706525666157907795 -0.99900211701811103548 -0.00077738261897444403854 0.044656084351775815477 0.0068464611124281135601 0.9853657517617289141 0.17031576916208412964 -0.044134976646765057551 0.17045155009935805679 -0.9843771497272395532
-4.9805786029696861306 -3.7912104513957238794 -5.5750638007770598747 0.78482522582308800185 -0.0033505825609196080231 -0.61970810750565086256 -0.53742998439573097524 0.4942412475576509201 -0.68329686160916647264 0.30857475072361800761 0.86931833226332522191 0.38609229519208371206
6.3833333648692631712 -4.4809693011991065248 -6.7595687688131276261 0.85925265284027674273 0.0025808989417144545531 -0.51154493209051221658 0.49126095522219326295 -0.2830071464709647544 0.82375337870045683974 -0.14264484729930607121 -0.95911432791243056428 -0.24444253625744291614
-6.789918970872921733 2.6987369427104979103 -5.5146478345168112867 0.99547883138667592196 0.0025028176952045498062 -0.094950682801500665975 0.091571011408250690966 0.24026343563454793939 0.96637892742275710578 0.02523184754562514398 -0.97070449540564707203 0.23894797858270125368
-6.9497176559491267156 -6.3204843792546183678 3.8712341292585903396 0.77801700116212302305 0.01542849841098019141 0.62805374558182958111 -0.60900293955406292756 0.26403478193498969295 0.74793118235776634428 -0.15428857869961515314 -0.96438975283091588064 0.21481955012874368038
-7.2941491294582858629 -2.0921378204959872882 -1.6622710745852105063 -0.75128188105722892853 -0.012971424989101842593 0.65985398182390209154 -0.65802740204106502375 -0.062157769418237515668 -0.75042411332795655454 0.050749121747976751184 -0.99798204083779262774 0.038162452844497908588
3.5003408082344176222 2.0131302693698223116 7.212800600960951769 -0.77281288373275069947 -0.0016652816153876256328 0.63463176218480665813 0.086309556641319326586 0.99042978188373009818 0.10770101016293080753 -0.62873755030937128474 0.13800751426958376977 -0.7652731661544638353
4.7295920349628870483 -5.0365613191387312852 4.3857477991854638688 0.99996314470699365629 -0.0077644449585206444867 -0.0036636896895839328459 -0.0032802050784575820241 -0.73988032292403171919 0.67273051662937244366 -0.0079340709789806739688 -0.67269370529563721206 -0.73987852338982229572
4.4432453525812531936 -1.8980629715132870672 5.8758361934290910256 0.16501219415650716926 -0.0019283700275239353851 -0.98628964162087973122 -0.92073866047593122541 0.35818175742381275217 -0.15474542886250533535 0.3535693636116968297 0.93364988621961075843 0.057328832863295715871
-2.3617229810658137978 7.2204278527128407106 7.3859850861015159396 -0.93616520948508052946 -0.0042243058152489831522 -0.35153499938148968784 0.29201539472349891113 -0.56613324721065283462 -0.77085676727083896065 -0.19575931598329679439 -0.82430291861868920655 0.53122781230147342324
3.5432542565208966501 -3.2691476784767190544 -3.4012070186303393626 -0.78862354897381414798 5.3306889421546321817e-07 0.61487632740535869136 -0.091385226028091612327 -0.988893918315953524 -0.11720733245591996585 0.60804739820804232231 -0.1486230746463320096 0.77986508013560074115
-1.7309630485356692908 -4.5664834463448622515 2.8698499032630468975 0.87747431548781629207 -0.00090540032007844530038 -0.47962277459408964031 -0.4173323263301861874 0.49138958518891850957 -0.76444097546354627948 0.23637376135879678563 0.87093940995809482342 0.43080388707960337591
4.6016899642306130502 -1.5249260844911205481 -4.8242385640046032691 -0.68732343499044890045 -0.0036423110545564193509 -0.72634236368477811396 0.22886947228334450499 -0.95013432495409144707 -0.21181012535006654707 -0.68935133304410733945 -0.31181965639484787722 0.65388320173871838925
-5.3727342442010597168 -1.5446670494962382314 -6.7301683509082357304 -0.94268022925806282952 0.0065512199524800423731 0.33363313217220630369 -0.079359445363422057018 -0.97552368061206551353 -0.20507468638672618488 0.32412353169361629579 -0.21979679270214291797 0.92012678806803693821
-6.7696644880813421352 -7.1905091169578261301 5.9825927063206778556 0.44112551228082685917 -0.0023321426983603128769 0.89744239008722570539 -0.35911661631607622036 -0.91690340897013733468 0.17413613784783202321 0.82246187650289126481 -0.39910236748147404073 -0.40530699718862572833
1.5367262402647883235 -5.7296273296528399399 6.7666088767064414 -0.92256271302945358492 0.0067738221422406963076 0.38578770828167952001 -0.2465434244943249531 0.7587671386557913733 -0.60290029783923126949 -0.2968069749285905945 -0.65132675718838428658 -0.69834022868807965612
-7.2224836657080189184 5.2180864025558548747 6.5940468882355656177 0.93163516670034429712 0.0014929737350698633544 -0.36339191955333649542 0.3411244473237276531 -0.34828342030455305967 0.87311669929010882196 -0.12525984035335066547 -0.9373880894115748097 -0.32498237217461073412
5.4451866885414688113 -5.215249760991331307 -1.742002333799922198 0.71605815578112874675 0.0030629450814148783885 -0.69803390741926674146 -0.45375778883619499737 0.7619308816707053289 -0.46213115089436940242 0.53043810818037029353 0.64765110200163555909 0.54697665714923282554
-2.9983768441328577659 -5.0893391899259210476 6.8366331899554344531 0.80001198838386378132 0.0037314089957291747546 -0.59997241188982808335 0.57334030660566348558 0.28993070575968571401 0.76630351602934376753 0.17680981664871397996 -0.95704036615218801565 0.22980867323068449037
-2.9821210404930620363 4.2564720803809095173 -6.3304612232759804868 0.79409153960025569141 0.0069786171290424159688 -0.60775811441584604022 0.60496572291355898976 -0.10549835067173157777 0.78923163399924589623 -0.058609733278420034219 -0.99439499038783563112 -0.087997171866687651232
-0.81302903386166724964 -3.8834254626292774581 -6.17809006832021268 0.58296355231441254752 -0.01363264956718039829 -0.81238392865602615522 0.62395405072256160395 0.64793711140427245887 0.43687394320564204575 0.520417946711912216 -0.76157182887167640395 0.38622986706013412439
-6.1505363676265183415 -0.43786815165915193848 2.8048684982704208402 -0.98592902508901092418 -0.0010418351660863404973 -0.16716121579638357209 -0.085291600767080699708 -0.85688866991355272518 0.50839664653925453752 -0.14376821736950487485 0.51550045776237063411 0.84474255114854945869
4.5438889854596187234 -0.00073344974237092228075 -1.8336619191595080469 0.78095120543091578469 -0.0095653693960686993203 -0.62451878950463957096 -0.50995597664004832517 -0.58709559799996302587 -0.62869997669647337268 -0.3606384846701143343 0.80946109388743592294 -0.46337093225352193882
-0.76290456090735825345 3.2828204498033222158 -1.4752632797301057366 -0.8090435930370035722 0.0025732328949713721353 -0.58774300764744258352 0.54240677310087981322 -0.38187503712070836048 -0.74830899267500916583 -0.22636995617833441385 -0.92421038432622037995 0.30755781317231134508
-0.40831956993266249611 5.0735705850801666728 -5.8336728639069583835 -0.92107984008506516016 -0.00055334060370871348405 0.38937337094722335173 0.32293188567461295069 0.55762514848090138919 0.76470202758738070603 -0.21754752447055250575 0.83009269819451836359 -0.51343859126573321294
2.7217151237140679854 -2.3293836209524396708 6.3518225007147517402 -0.78597287847588315213 0.0047362214381912251526 0.61824283457780471185 -0.58646201652576634977 -0.32227818976147304397 -0.74310098343130337462 0.19572669075231516334 -0.94663315841486439517 0.2560795304522636151
5.7520497540753652288 2.2799039627340142999 7.2231809505967445872 0.99948622843815704275 0.0033665708500575566159 0.031873897834620190661 0.02833248894531915224 0.37214322206905492418 -0.92774279427995998137 -0.014984966887679336892 0.92816921327356738392 0.37185664213328567529
-3.9593264346490779637 4.3979564605025531776 1.8576860258299674467 0.97174591454920822287 0.0017218518438551202662 -0.23602311917077145598 0.044471224518214107213 -0.98339923357940262072 0.175921168667128619 -0.23180204431090795092 -0.1814469140591764007 -0.95569076046156231641
3.4944627448451539564 4.9367598833703381089 -2.3519009091112246246 -0.90633941678713203505 -0.0059342622454647969699 -0.42250875270185017651 0.33550157306925998402 0.59776214394959370502 -0.72809279197695508934 0.25688043141910482658 -0.80165154761434831432 -0.53978443860627611794
0.86214522080045608021 6.0059246290306784744 -5.9042927990907472235 0.88456255147309059694 0.0067617923685561638625 -0.46637256640518848227 -0.14518621238925377703 0.95421113094422460588 -0.26153791563406786347 0.44324942894889202138 0.29905751243890721369 0.84504115165504667395
-2.2459364568555990616 6.3051934706695558219 -6.8848363743748191013 0.98865887782536232553 -0.012796468747761583634 -0.14963246200172974909 0.035036197111840985952 -0.94921570793801623989 0.31266916172770831128 -0.14603454450593289504 -0.3143656949974216186 -0.9380021970229540651
-3.4022750180600502823 -5.8416929549317355708 -7.0367027898242682227 0.90549768094148042064 0.0012839628684615470716 -0.42434926799636235595 0.13602001847068526108 -0.9481100521388200475 0.28737759761076653309 -0.40196082444049874294 -0.31793974346197995118 -0.85868609814199592378
2.8864182347749149926 -5.1320768437919497273 -1.8296713826105568401 0.62117706576067421853 0.0027813611033820008663 -0.78366530930198463611 -0.56645251364926008097 0.69262558679350405555 -0.44654377870424860619 0.54154464520790446258 0.72129193850289130552 0.431818638663529486
6.7373013216234767242 -0.17757712087283583635 0.88692140986438505745 0.95447627621017794297 -0.0026535820898435612258 -0.29827503525084658742 0.20845275930795237329 0.72119017940594376537 0.66063013272580095592 0.21335998989662571801 -0.69273204316713887785 0.68891206338744437332
-3.8073399912474439333 -2.6994990053421212828 -3.895261734735704362 0.95044148201020450806 -0.0050731548256597990693 -0.31086211151304021794 -0.055910575239863230523 -0.98635525113978872458 -0.15484613694020629704 -0.30583491764441400607 0.16455267135204229567 -0.93775658968646480318
4.1536245968467788714 -4.8358173489786198118 -1.7396840191145959142 0.75950650560160304359 0.0037637494525378403613 -0.65048881784306311626 0.52684941191647771674 -0.59009670370481703827 0.611731622069782488 -0.38154890264833718483 -0.80732379778299678819 -0.45016521458350888807
0.071778901799325695032 2.6786347654933200246 1.6656008516513296502 0.69580927678203408071 0.0095778663179555099949 -0.71816273561147547788 -0.52402831760474910539 0.69056822787678440179 -0.49850761779083802017 0.49116572833665239628 0.72320383511425012646 0.48552285238040593374
-6.0054616822014192934 -6.0671960315550315102 -3.1378477373635154102 0.98156534998052369367 0.012546780781372213892 -0.19071455636561052138 0.17240664596219296145 -0.48881785089079465845 0.85518013136329351642 -0.082494921939412158007 -0.87229564193716091491 -0.48196981327844223841
4.2678491424090987394 -3.2066264303013283232 3.9445106863280434695 0.47668246758581367395 -0.0036020816737991762091 -0.87906817147700389015 0.78291710078677456686 0.45649557918843169935 0.42267315916346492877 0.39976823084380225248 -0.889718388698901963 0.22042357047040742057
-5.5493310561919129142 -2.207995101958922568 3.9839221768117023537 0.91937968866467245643 0.0091999722791376407904 0.39326371378634394915 -0.33479173418345858915 0.54318713801481199877 0.76997547221831752484 -0.2065320381766343194 -0.83956125065741260549 0.50247529650844602322
0.3435852966297659461 -0.44776277898031302538 -5.6249411237440574141 0.99653099856855609229 0.0029694726323791793138 0.083169412191071295792 -0.04591290679223726523 -0.81390200991971106692 0.57918522360178470443 0.069411626416710198173 -0.58099457870186521635 -0.81094224556197491705
6.7643104504193285464 4.1837216410639168629 6.4583260199117260569 -0.92531424483440427586 0.0059617448935621831715 -0.37915432992955344638 0.34371103804376934576 0.43553697112577194339 -0.83196770917473850115 0.1601757492049579179 -0.90015110086051963734 -0.40505768106059114597
-6.8580409419420984563 5.5683271623893997315 -5.5781288654664287208 0.978391377586020905 -0.0064959099569614191932 -0.20665941889788805308 0.044001046201457789941 -0.97006963349499941707 0.23880706460253131596 -0.20202529593727835966 -0.2427400035526043609 -0.9488219382354255993
1.5114951595055841072 -4.4495771577249101369 -4.9747927389434485335 0.99354367761651030122 0.0010432034979726261675 0.11344546000054445134 -0.0093184618682337610335 0.99732930879127501544 0.072439050894354012344 -0.11306691353654425847 -0.073028498221805362989 0.99089995030324473646
