1125 14.717824617146108679 14.977075390850430381 15.033177056927090831
-6.0034959551806013067 4.1324603353482691759 2.8536021540768365945 0.97522918353905385658 -0.011430610669149101483 0.22090129178762152318 -0.21983271446379384906 -0.16082433378791605172 0.96218974808152002431 0.024527886684466752854 -0.98691685303340614954 -0.15935340590449251219
3.6011770588273788185 -7.3780766751736281961 6.1861315678539030571 -0.9999650552066770004 0.0078103728533341692727 0.0029810134834333239934 -0.0074266116790577801215 -0.66620626437498453587 -0.74573055371660224022 -0.0038384638157903244737 -0.74572663314617537722 0.66624098854105928691
1.0345230822609101651 5.1387733047850128187 -6.7778067465222218146 0.99453712710719055501 -0.010070268205549242832 0.10389654712052007191 -0.084748514211257175432 0.50317992783177722949 0.86001607517897082911 -0.060939249620204832825 -0.86412299467469555481 0.49957767957571780348
1.9926038199332645195 2.992742308683551844 -6.1897484293152560397 -0.99630145712376638745 0.014659044080270971708 -0.084667106716314916026 -0.072159011361490665859 0.3922427384364352565 0.91702710495554806691 0.046652798548247859101 0.91974493560475389931 -0.38973422972199905923
-2.4815392772829021339 -0.32034010687346869961 -6.1318914362900676096 -0.59728169425421884231 -0.011280642374641176168 0.80195219609181078724 0.34909697219645036137 0.89655630388302987033 0.27261345889541244158 -0.72207055175519085921 0.44278611210750001836 -0.53155863008010872939
-0.77452470053272381989 -3.9203835770627644131 -0.80813497772014286635 -0.7664806443536185121 0.0071283283635981201098 0.64222784801504140262 0.40351725403202404197 0.7832922209357534582 0.47289229462945781002 -0.49968114586178258296 0.62161280839142785126 -0.60325472970710780629
-1.0404994461987782106 3.1237803251344962163 -3.078374350595974196 0.94407209273258774207 -0.0078716081105054923339 0.32964514482884815783 -0.051161599404407578917 -0.99110497408604247838 0.1228552851459571299 0.32574587406425353775 -0.13284941899628038842 -0.93607727106396854122
-5.0294056654732406386 -2.868542420680420868 3.684726433069113849 -0.94697249289775986547 0.0013511652825373911442 -0.32131179879912674657 0.30670930185837858017 -0.29426289588751947113 -0.9051733271906926559 -0.095773179171807693022 -0.95572355964269273265 0.27824445312535878161
-0.22388433490788298141 4.0600858571896907279 2.1808605583024562868 0.99324691985257540505 0.0072933073685456676835 0.11579017173785637052 0.11375040742288083928 -0.25764098656789014008 -0.9595217386028880302 0.02283420711497392841 0.9662131906095549061 -0.25673073302093885051
-2.1707062107363208625 -7.0035876614288206099 -3.2992026703375887386 -0.67891261072688546818 0.0051312978852408111519 -0.7342011555275650414 0.13521481133995319479 0.98374581701835173142 -0.1181571931509044493 0.72166101584490394139 -0.17949327920848573426 -0.66857126839910552274
2.9577564361277466354 6.9842017845899082573 4.7107613468439328841 -0.99827048210337088197 0.011368854839779106783 -0.057678364234206212779 -0.038320189830433303013 -0.86988295230867063168 0.49176743724470362018 -0.044582593155432961862 0.4931271625275119308 0.86881413085026837351
5.5197992424292774416 -0.36515605352610536194 1.3710974118984782244 0.9987007701300841811 0.0063262770607505772538 -0.050564315085714885145 0.050641008623952252221 -0.23380853150777697325 0.97096295441153845918 -0.0056797875915956313672 -0.97226207825492383385 -0.23382512953099138242
-6.5016288166965532369 6.5560036236818906019 -1.1364897647777580936 -0.99980990163835259388 0.016116556782974217343 -0.010973476357831388889 -0.019064093965282150056 -0.69001702769358530531 0.72354202491239849593 0.0040891205894970266213 0.72361368014324034537 0.69019310414000256682
1.8155520956021675705 -5.816490608923593264 7.4478511556893645107 0.55255397339793799194 0.011572517937798726742 0.83339677423833169456 -0.63411846932488336037 -0.64307413787738387789 0.42935931345954642113 0.5409046804598689473 -0.76571648148772686326 -0.34799482271269177591
2.3471500813155885545 -4.6428722266818764908 -6.2054631995624340846 0.83154818851046197192 -0.0039856507029147197896 0.5554383177036731345 -0.42076756754876903921 0.64827288698558660496 0.63458405124810413067 -0.3626048321301328925 -0.76139764813653720843 0.5373931122818862427
3.9431449277473475945 6.4810435779852220151 6.333483584429929536 0.80658445938085354676 -0.013951502325151673989 -0.59095419912900382098 0.30793849829447483835 -0.84343733528180209191 0.44021283797815258243 -0.50457446541958417274 -0.53704638257366632548 -0.67600724242488097193
-4.4641036920885515116 -2.3550391509362191833 -6.585108662112839184 -0.69713472140797494436 0.0056675807596975741331 0.71691774893341952968 0.49357053609459683452 -0.72147628686324039027 0.48565429411605898213 0.51999164042003431785 0.69241594870598188738 0.5001688193709794561
4.2209865802024273407 -1.0186591436347072204 4.0866163882555710529 -0.95067027098286971398 0.0078508492840367403304 0.31010385362798947861 0.29933627686033248416 0.28549977498283191091 0.91043268385987563551 -0.081386910647898463855 0.95834661926172715063 -0.27376619244340510972
6.3655208783114218818 -4.6818906530421049439 4.4082434149222811115 -0.99653739226811222096 -0.012113183362854414507 -0.082258717472092943157 0.04950242215251018929 -0.88131698725249363324 -0.46992539639959896025 -0.066803712564305769983 -0.47237023484667101103 0.87886496415467463272
-4.8310846931939082083 2.6019035038965374618 -7.2335002563971775302 0.99235233408359124763 0.012548513957341011008 -0.12279812635444660451 -0.096575158756281462291 -0.54064691915176787962 -0.83568782899042659551 -0.076877069077294066246 0.84115601621183722081 -0.53530035740784653875
6.3790621852384656876 -7.0118036459652968162 7.0196291785103124283 -0.71642436342292337148 0.0072974947487751042757 -0.69762660361004646958 -0.65457704606107414147 -0.35299689517033738806 0.66852231284375374099 -0.24138148699515588058 0.93559603385780254481 0.25767234846898479095
-4.9366471518106180838 -6.2188369239797518517 0.59757172203754838069 -0.96769048742945029673 -0.0035886963444782225829 -0.25211553263688984972 -0.093600625040670570876 -0.92333672474661065976 0.37240866763038332765 -0.23412399178687703927 0.38397449653944998316 0.89316826101073598654
6.3256118052971368471 -0.71566478620875983996 6.3919752046876308071 -0.93201541046722313766 0.0068760009270552426355 0.36235341210334059969 6.1800030712196550586e-05 0.99982300597006124043 -0.018813636376254706112 -0.36241864029381654078 -0.017512205577618573937 -0.93185087424085477625
3.3273354714189404824 5.2018415301048346322 1.5973998712947869993 -0.79443186190699643934 -0.016798477985747746477 -0.60712093352517748635 0.23382475594393348217 -0.93102708856199301035 -0.28020446797214965118 -0.56053902655821696843 -0.36456326131574073868 0.74356548346735185095
-6.7683406592609829389 -2.5967077229940858096 -5.1599255439277875723 0.66641298933570891627 -0.0070825293697215213617 -0.7455491703585416241 0.68637976901089192694 -0.38467339182914822571 0.6171784136788618369 -0.29116411237852690697 -0.92302557895021997147 -0.25149004009406317195
2.1985431269660433706 6.8339671879711652025 1.8772010152527318638 -0.049293443244786461221 -7.5055098483946779131e-05 0.99878433649096731717 -0.15047549307951699205 0.98858640048206636308 -0.0073521945227758480484 -0.98738406024982372511 -0.15065498049701309125 -0.048742121577677682831
-7.0160069504328586021 7.1413672330508148889 3.3701720271413724284 0.98915329106982496921 0.00046319215236712766963 -0.14688618797874206101 -0.041720461068037777153 0.9596962311162006154 -0.27792543444183670509 0.14083738812604282287 0.28103901763711136574 0.94930601002595760285
3.7159852226218346161 -4.2655317865870898686 -2.4996598053855656474 -0.99160009389240022504 -0.0035869047985161179454 0.1292918709991298376 -0.083461006763905568051 0.78140042065102222058 -0.61842351423303720814 -0.098810496114767831788 -0.62401964449880631403 -0.77513609717087172957
-4.915218659001030943 3.9543947061674438181 0.33954364997478414523 0.97111816403616979532 0.0050274605643594021814 0.23854608804060811744 0.20967552306926090511 0.45914375769871967892 -0.86326310287877194849 -0.11386696845368612929 0.88834775533379606305 0.44482870758153042479
0.98671344426242901804 -6.4532446457467509404 -4.243283966284414177 0.7451997705307794595 -0.0060273200994992344459 -0.66681404710244884804 -0.66333943147785690009 -0.10904463098154557055 -0.74033105236818275152 -0.068250279467372762521 0.99401858124814779227 -0.085258193073262392159
-2.2089483360652204524 7.4041209562712007042 6.7878672423609325293 -0.96148166571568371985 -0.00099965891599223134084 0.27486725373269971229 -0.10826527426525880959 -0.91777872964415518897 -0.38204820873944472792 0.25264923684971996032 -0.3970909267343646909 0.88231919338998676672
1.9659444787473097094 -5.6452752710859490648 -3.4533045485994806612 0.57004276099005257716 -0.000384872003410108212 0.82161493567034982188 0.58435510446823313302 -0.70277203185277992148 -0.40575926745728146949 0.57756416312377512057 0.71141501468490331295 -0.40038520746410144469
-3.1663836257357145243 -7.0853174408750358992 5.4766673605825895166 -0.90034585888214280214 -0.00011764149355486790832 -0.43517504587727107168 0.258614667956651334 0.80411552945310160734 -0.53527251826520727551 0.34999398267897763315 -0.59447304518611110424 -0.72395166319013648515
2.5373959271396073767 -1.0664305465891681379 -3.2181332040646024595 0.99523747083274261005 0.0021346224420584099246 -0.097456759835292491867 0.075256271084959316942 0.6186249704465827115 0.78207393486958420858 0.061958617745672010801 -0.78568351728099705689 0.61551810725601363572
-1.2415651731127803625 -5.4146228078875999756 -6.483299718621597485 0.99847799418398885951 0.00034276361827600320071 0.055150499938347877227 -0.036574248730158770426 0.75257944300750734268 0.65748498560222412568 -0.041279770592529456408 -0.65850137773256067764 0.7514465490400628056
-5.8059303788084353215 5.7620483059275224846 -2.9146514798555358539 -0.9847823197645466653 0.00084191373395009255678 0.17379031578377393541 0.13549056193262176695 0.62997504286785033223 0.7647050104391635017 -0.10883974598517717758 0.77661492165987544567 -0.62050235547411281001
-6.4532380238019788621 6.6247203825000102739 5.8674744358192576499 0.95493050946305302329 -0.0073581188501422103987 0.29673823512247993195 0.132983675529445039 0.90435723365512721283 -0.40552846506527412407 -0.26537344279202684794 0.42671284492324063065 0.86457682356061893447
4.9502819405400373398 7.4766850203329440205 -7.3975348439221022545 0.99902566545400761644 -0.00038805142955382170011 0.044131272134214055702 -0.026969450243099650499 0.7861585367975375549 0.61743615360130599257 -0.034933773310098149845 -0.61802476037496734129 0.78538208984277591007
-0.72185708869555331724 4.4616135626360700073 -4.6977150920365229325 -0.86777119678009029258 0.011970102942836350485 0.4968197527014825976 -0.33026655716873465352 0.73312009014850598732 -0.59452412452035863222 -0.37134505686050495177 -0.67999386030775299528 -0.63222717332367828202
1.8335765510119810262 3.801162230552818766 1.2021107850864609645 -0.98365899812917756417 0.0059755697372535828554 0.17994240180114781658 0.11831378874328030149 -0.73189292688399343323 0.67106973629443900098 0.1357085951324890627 0.6813934517908711852 0.71922607090106427385
5.9318146772323805394 -2.6683065243699051194 3.3282822061031271943 -0.84079448722640992564 -0.016953595968647927617 0.54108890751289318022 0.54040296253584796382 0.032948911090248243771 0.84076096920604548313 -0.032082212083720348939 0.9993132365987860144 -0.018541489317696453754
4.3944575805295480464 7.1444531752677731262 -1.6039839044528723111 0.99869376975089718673 0.0036529815920373007176 0.050964791632601966209 -0.051029629952463503861 0.020661318372850852321 0.99848339334713398507 0.0025944416700899777112 -0.99977985859325835261 0.020820740232671622327
3.5912352156642088907 -5.8975783397049479362 -6.385663913109338452 0.54041880407381814866 -0.0043236260520492179188 0.84138506194324846899 0.58202724967483854268 0.72405823513675171554 -0.37011343229672960531 -0.60761155094305230318 0.68972529197382825839 0.39381115369209679367
-5.0387230045559618929 2.059794396119117188 -5.9077605732574571817 -0.72795386957876828671 0.0079428987238161913309 0.68558010044433004282 -0.67276814323160993858 -0.20101986969730761823 -0.71202109339511765462 0.13215971102430476569 -0.9795549613710716752 0.15167692123463222265
5.8857617881098880375 -3.4900472217270404052 0.12037018300769150581 0.77442059560940357255 0.012536620338900093807 -0.63254689489913185074 -0.14762638284449505766 -0.96862402289863225313 -0.19993487277575150429 -0.61520662560172989508 0.24821429333163130826 -0.7482716568209928365
3.6212125953523330857 -0.16308183670072248783 1.7967732807992242705 -0.64765082425339259853 0.00058779081366508618978 -0.76193704749539425958 -0.74027925432703345354 -0.23721705608219700867 0.62905857749241855803 -0.18037470847375894345 0.97145649558056146322 0.15406895124378458539
1.5108284837479697416 -3.4849605005437704897 1.5578800863008950284 -0.73400983971914135484 -0.0092569367123813053183 0.67907574269605275319 0.67899719323313945107 0.010417724200312582228 0.73406694694964691461 -0.013869635069073110029 0.9999028853569399411 -0.0013612780248752724688
-5.375097871317771947 2.3482701700865327155 -3.3739536124753981561 -0.9544083335312143479 -0.0051182680874416811023 0.2984602757788374916 0.08105831006211114409 0.95783951932631206105 0.27563201117902014214 -0.28728780561663497251 0.28725817403251840965 -0.91375514126896628664
-5.4757651802691178489 1.1608642322448079476 -0.35890949789289855465 0.97797140825037309764 0.0050329821496836492367 -0.20867820618208110517 0.16428952823848427811 0.59814118314489173045 0.78436985914633949868 0.1287667486421306684 -0.80137493978576335163 0.58413810894979301125
6.4641973051468930578 1.8759918082386559668 3.9529318750718100972 -0.73305876692003024697 0.0087373136171542409301 0.68010918505228246111 0.53799704489023669751 -0.60434324910901759953 0.58764650679282792733 0.4161538464691631467 0.79667615541520309108 0.43831846808192920228
-4.434717354442779147 -0.49866353248397876641 -1.9479279602679719918 -0.99905431470668404348 0.011222681104366496324 0.042006281608381657033 -0.042889245161372720194 -0.41303315877720331306 -0.90970551410883981891 0.0071406522975161930422 -0.91064683669323087667 0.41312389171460389692
6.9937076585289990049 -7.1673719320883213513 -6.5535189747736959376 -0.99881922964333980097 -0.0038403936543884194255 0.048429307980059725647 0.02015999376549501565 0.87422072230776115553 0.48510999097026985538 -0.044200917934208057425 0.48551352202014785853 -0.87311104608142953154
-2.5223033225194804174 -0.31711387756488990108 -3.0695443923477734316 -0.9317835305986728045 0.0021090034258760782457 0.36300827016701781025 0.14404052954569956935 -0.91574589327600564026 0.37504904318826137732 0.33321431234762943774 0.40175242507391034641 0.85297315959765684923
-3.7224923618228125122 -2.1541663867796279064 2.4057175298968860311 -0.9999471259595582584 -0.0027296359838773461351 0.0099143518414862644161 0.00085719026368845548103 0.93864483638061835258 0.34488423617362440332 -0.010247463583504583251 0.34487449923652574446 -0.93859286661817431519
-5.2556767529497410152 -1.2125791605160896047 -3.7422456476572700801 -0.9868970547116455716 -0.0052998592214111694271 0.16126411533155760036 0.1192507222578166326 -0.69721711971489963577 0.70687166672425949532 0.10868978168363074843 0.7168404281768505637 0.68871353398112644673
0.080345872861659534125 -4.4235361470456009414 6.0956713736179590768 -0.46979725074945449803 -0.0062060164135123892237 0.88275252961881245373 -0.77280014512447059438 0.48623862581115423476 -0.4078626416636143559 -0.42669717468462947663 -0.87380403073546109027 -0.23322957999931714923
-5.315857350972763129 4.3985602824919229903 4.8199429444529622302 0.99104202588898082649 0.0034067070263732834694 -0.13350691843132830861 0.087987637567550958106 0.73538731421437675273 0.67191046555899647252 0.10046829627840515864 -0.67763846735536126253 0.7284999855890305076
6.3643490980125871914 -6.0928712458672684704 -5.1133708111351365844 -0.83370773867516234645 0.0017617547167481113074 -0.55220313535290654894 -0.52681474596795174747 0.29720831795806951225 0.79632495827229010654 0.16552229428068976347 0.95481103468527495082 -0.24685675631667872154
-4.1743680589585849816 2.0640355884336836212 2.20602895090858242 0.079212157433402527462 -0.0010604803581871051227 -0.99685721620307021773 0.85552142035408274001 0.51335717539782543817 0.067435226572887738139 0.51167229105174982795 -0.85817439128024841644 0.041571393059445155282
6.9235150426408011981 -1.3373580285747936891 -0.035701241556793411602 0.95311603882550921529 0.005062715810318835219 -0.30256269671278834821 0.26070585029857584747 0.49388333513526222474 0.82952499112179922669 0.15363032302768286907 -0.86951343875995878996 0.4694082483959334251
-1.1893242231064036218 3.0190283310681511608 -5.6285914054349230895 0.9866769107523035709 0.0073802981049919461065 0.16252447504330408412 -0.00012352104409723814807 0.9990042353382386775 -0.044615272258332956679 -0.1626919129237235917 0.044000783811400302759 0.98569532437421425453
-7.3057581859452840334 1.174644037974990507 -5.2795794069436334794 -0.61976671915758596576 0.0055053635655050933706 0.78476678369854357964 -0.6989213222976765616 -0.45867120609297507006 -0.54875286781832044447 0.35692884313577233346 -0.88858900267405371842 0.2881169645552183467
0.47951634030203282855 -1.6991808483922767881 1.05753537891116145 0.9558955697777129501 0.0018890910998349301139 -0.29370068269279692164 0.29358494964718107045 0.022651014934125874439 0.95566459014828197827 0.0084579560215008418866 -0.99974164805578580317 0.021097396111044219857
-5.2536723954049069363 -0.39066921489845374271 -6.88468106814640457 -0.96396550901647581888 0.0034300075177149148831 -0.26600513618189403076 -0.21795140118422734465 -0.58352551240221817164 0.78230119717252755152 -0.15253748440470280001 0.81208756388953740046 0.56324604253145282851
-0.57395141822482320659 5.7857496399150090127 4.2597365100669799531 -0.98102198634434911728 0.0024326901270203095742 0.19388126347779507941 -0.12938462091319405389 -0.75295522537987724654 -0.64522712934614334657 0.14441427277169541221 -0.65806725385161712882 0.7389803835204149518
-7.1674853037720351878 0.71164084704478813848 -1.633391974851211792 0.99658691774250129924 -0.0062188503955991018129 0.082315498445548695994 0.056720313348936443609 -0.67291079175263635026 -0.73754584426780389617 0.059977674497896406314 0.73969750049791926916 -0.67026135672520259501
-6.3494477663982458182 -4.8248764896497755572 4.771230599218800883 0.43907196696275757608 -0.0079944912016951981404 -0.89841632662032766543 -0.54260519553911346069 0.79464365275400639099 -0.27225184464325097311 0.71609734645602318714 0.6070235195180894161 0.34456789918743546686
2.8836141901898475481 3.593131377447396968 -2.7554694720020411758 -0.9144388961564476892 -0.011200288877979846028 -0.40456897894592769305 0.1305676717955260302 -0.95433371789397469787 -0.26869915886102629932 -0.38308430962148082299 -0.29853259188865849394 0.87414226719795473652
-5.096220490507207046 5.203106572499446969 -3.9875909741707538103 0.99702295645520833123 -0.0022389911312922410394 -0.077072765748073271408 0.075298799186698461838 0.24337698903608490086 0.96700451500950301842 0.016592623131466744529 -0.96992918717100207182 0.24282103848556352288
7.0392914446185459454 -5.6433340341668074558 5.4557499181937139099 0.99728182876818005642 -0.0087168195869557433403 -0.073164001154621627343 0.00038295524424236844496 -0.99235078576832558284 0.12344946873227356787 -0.07368044078279833986 -0.12314193047572784268 -0.9896500682588098563
-4.137780209800681952 -0.30395634026350787371 -5.698084653422851531 -0.76776698049034519666 -0.0057118556255929993359 0.64070370560343015143 0.47490075139984594399 0.66619791729553878845 0.57502140074175400741 -0.43011991349919098671 0.74575311578051250994 -0.50877219884243340964
7.0412307770968096676 -5.680409571419449577 -2.3906313540104444648 0.99909448077426421531 -0.0056992301377693579956 0.042163221677379729424 0.02503870211981817917 0.87997060604558008379 -0.47436778547029573305 -0.034398864552886002088 0.47499394866849403707 0.87931647706949400689
0.12731526049815955481 -6.8503828140560569793 -5.4478208297966039808 -0.9865733334533363097 0.0044394291093738953019 0.16325853480864235823 0.058235855900377941907 0.94348304293773188611 0.32626420701095604215 -0.15258323238885793116 0.33139106680498553459 -0.93107374468172998672
-4.035183182443885741 -6.255320373772867093 -3.2408800693143988703 0.99953592918536060541 0.0019723839793218686869 0.030397959947587215729 -0.018730358698528470213 -0.74717247659301933016 0.66436621217887625868 0.024022904290695479279 -0.66462726390308313196 -0.74678879219362270803
0.55026534013688543912 -5.2349855602712684899 4.3286902890115932507 0.99988935553464741712 0.0011824112674064931813 0.014828303752977778363 0.0015470880573053319863 -0.99969602979279215127 -0.024605985759976873456 0.014794701995628985886 0.024626203935408451373 -0.99958724825435751882
-6.0286746792729095645 0.40985859701069415895 -6.277312827797667083 -0.96343858672358217987 -0.0011653436634039403968 -0.26792672801764749746 -0.086602479880231203468 0.94766632735569267254 0.30729227532497138675 0.25354703723512594937 0.31926035452272039095 -0.9131192287643350447
1.2327383976348897932 -1.8853594140099263488 6.5328226254213257462 0.99457448995698294336 0.0076350594199971998088 0.10374627605126074403 -0.0094510307624961209516 0.99981041840426010392 0.01702366787643007362 -0.10359663095083794515 -0.017911815041868180132 0.99445809611945201745
-2.666221946879678395 -4.9436562443955107682 6.6881805153210072135 0.96809984199509568903 0.010266747076779655229 -0.25035432856973427462 0.19844334370170266246 -0.6414446649037480741 0.74105936415842843523 -0.15298017933588864414 -0.76710060342245411924 -0.62301984636074891899
5.8041460961522721718 -2.5675375452610755822 4.890748661561413968 0.9952559201888926399 -0.0083332763817477121387 0.096934048888002721789 0.09138688759148781704 -0.2617383227032738513 -0.96080252248045927566 0.033377988336935601743 0.96510289966051820976 -0.25973506301874355051
-4.7149353639954521 0.80452342048602087932 0.54842804719954518777 -0.96723686542359033069 0.010290243528747987367 0.25366702003530267051 0.2493111821784011195 -0.15011758905207683856 0.95671764063279896018 0.047924738980109279907 0.98861459646583615957 0.14263379350060975681
6.6998275800783702039 -7.3732314781198668996 0.57611920817955453167 -0.77550847574921377703 -0.0063825369167640122123 -0.63130489247553656096 0.53967261481107497989 0.51221466354549904931 -0.66812394603992752984 0.32762794884450446853 -0.85883374507032561596 -0.3937823325955336351
-1.3259214533752792242 -0.83527760454677435487 -2.3414742582598697673 0.99447323853426139451 0.0048596271430575042546 -0.10487784257503074414 -0.092519615448758765752 -0.43163662143733594334 -0.89729033639693878133 -0.049629614106626460113 0.9020344844063034051 -0.42880145795622059968
4.5176483871679558035 7.4178491831235939813 4.2252173405362141168 0.39793613522303317165 -0.0081710065455785352295 0.91737673119390494847 -0.84195379375436396607 -0.40040083284772259864 0.36165312419157474855 0.36436333716011998218 -0.91630366566271748141 -0.16621356992333877201
4.5769714037734221534 2.353484724518315474 3.4146283666673169499 -0.99278537596066906978 0.0036713468805980066512 -0.11984873170242919815 0.092449350467514027074 -0.6130725237752968626 -0.7845987498013590189 -0.076356498588655632997 -0.79001810220010448838 0.60831002237300146884
0.86714184208844979906 4.801483452143837205 0.23204256481186999461 -0.95790301805232980215 -0.0062993968647602361505 -0.28702286599719650795 -0.19102647598592889522 0.76030664686534887853 0.62084030813458024323 0.21431447332947661799 0.64953377150954072494 -0.72950338326159691604
7.2612419137756178955 3.8222947601231185288 0.86355248369085646498 0.99931290434514619125 -0.012735303426166818749 -0.034807057558012943765 -0.025063452253857112367 0.45964438013218655854 -0.88774932676631856943 0.027304625438172389768 0.88801174308657526701 0.45900936980651607655
-4.0673381826689860574 -2.9571245132779422349 5.3541808602571894227 0.99940490983977958717 0.0060584010073666859711 -0.03395764958767835684 -0.018056035362200618249 0.93069087910241443673 -0.36536073563351251225 0.029390572898176339084 0.36575645357649844147 0.93024642482074870742
0.037141772302412334739 4.100082478894496063 5.5570185407140977318 -0.95420505033407676532 -0.0073031571841839296177 0.29906418343222918033 -0.24292730776474630305 -0.56449818772313464788 -0.78887775935155379781 0.17458248783602639542 -0.82540199899959620922 0.53687288531697352489
7.100911061296431015 -3.4151564839850783173 4.0397956186426755565 0.99726621869597908976 -0.00017910929948630142233 -0.073892198287214175267 -0.072094141570696698706 0.21691354665902873311 -0.97352501150557113618 0.016202586183807359682 0.97619080163445037801 0.21630763972934838324
-0.10631995011618719515 -6.3595810415155575868 -2.4230412701554029375 0.91092911773793516783 -0.0003485589260072584003 -0.41256274791109237565 -0.12937638437515774914 -0.94979885789611173674 -0.28485764989733192154 -0.39175233710000040288 0.31286100435455616031 -0.86524453094545583642
2.6888093884095187747 -2.5089708703494615349 -7.0617562808499307891 0.45014904551404377742 0.013657160517610907047 -0.89284898991345373886 0.85771424990377442832 0.27150884115980428168 0.43658815224902619567 0.24837894905741811358 -0.96233904167852013511 0.11050550450747179121
-0.87987303275279771242 5.3068168572814871098 -5.8181328140803509896 0.98158903038995615198 -0.0023497309264110862598 0.19099071752985777306 -0.19076279187843539487 -0.062418230327925233736 0.97964969338924212661 0.0096193894156850374977 -0.99804731515462341562 -0.061717291417921149588
0.085347020179738330992 -3.4833005344315348673 5.4588017985630719053 0.84159318022108264845 0.0066979387883455959035 -0.54007041820594858805 0.0032203957651355218095 0.99984310226079109452 0.017418378591801744748 0.54010234961194780734 -0.016398429121036745687 0.84143956614011417017
2.5734717400919935315 6.3693063941284124851 -1.2777876951890858592 -0.8957832424690673756 0.0022485772058694220715 0.44448546254286275259 0.012173571975836490824 -0.99948798808640659797 0.02958996141113922132 0.44432441600341404664 0.031917167347887138995 0.8952972175604472227
1.0168784663106011923 1.1714294046264224214 1.7662347820743296012 -0.99330372794624632871 0.0024073390020787153315 0.11550718058669466604 -0.034258164445420999367 0.9486805581484383243 -0.31437489842541566087 -0.11033622350343827434 -0.3162268225658843579 -0.94224546402356490482
0.66729346584522386543 6.6031809251654864923 -3.1424915034832685556 -0.86961323944569079991 -0.0040515523014082411787 -0.4937169216310095532 -0.39695355781556362906 -0.58889453774734412672 0.70401072175718382162 -0.29359953460180976403 0.80819973294683677967 0.51050220856154826521
-6.0882915223264539861 6.7410160688906639592 -2.2381648142545738089 -0.999632432663607573 -0.0087147018451425098395 0.02567203807203595825 0.011768160890122328008 -0.99254576511773195957 0.12130298650877566202 0.024423553310002912853 0.12156051216755064948 0.99228349372812518769
4.7541161350975604805 -6.3145617858838392067 -0.27758964205400454839 -0.90326472757491693688 0.012176315884338338724 -0.42891091062194175443 -0.36220426569461339206 -0.55755308470799425091 0.74695557273857215996 -0.23004543427697701774 0.83005198335055041525 0.50802834872099378316
-2.5098836004502285135 -3.382153519640321182 -5.6933176265613649747 0.96978532215108059766 -0.0053452594907369595234 -0.243901326649281186 0.2424410751787426932 0.13250123281078970972 0.96107530837580856797 0.027180029551809158778 -0.99116842741509070258 0.12979366120488339265
-5.3487884868131283511 -3.9939263244640961226 5.0858489002071385343 0.97124101425004749633 0.0039290498278545370886 -0.23806607235362117758 0.2380935447649368264 -0.022472848167426125177 0.97098220119443356957 -0.001534985247339294874 -0.9997397329618479267 -0.022762033248343388481
-5.732335830210476324 4.3013962697974523763 -5.8483024722829162201 0.99888872069916034846 -0.0015418893219324497287 0.047105692195153966995 -0.020826836371129357761 -0.91102793728536324291 0.41181833418675101166 0.042279623302962067444 -0.41234175153978752659 -0.91004764347286737358
6.4571587116242881166 -5.0599425405141102985 3.3426634797075767125 0.9029298015047912962 0.0012544330792822605547 0.42978622587520076692 0.40813894521345295274 0.31087421492153582969 -0.85835879671440595828 -0.13468620922152682584 0.95045023483319923674 0.28018561017824944459
6.1570613271923058107 -1.7270063026810005269 -2.298297673838482158 -0.58447900746849201781 0.0078193661577892030479 0.81137115264318004915 0.035237720278031403609 0.99925478294993064221 0.015753787522641490848 -0.81064332039329811685 0.037798627813603442871 -0.58431898038416851815
5.9788414227369726106 0.94945595833371365657 6.9214740939137682219 -0.076716284347127086662 -0.014959427726287914326 -0.99694073406500516299 0.63198988328570226969 0.77263288762568793633 -0.060226309729792787406 0.77117014927994287365 -0.63467679686694089547 -0.04981931732026950721
3.3153602269140520775 -6.2239254647388584374 6.308522704796113878 -0.4132208446055739004 0.0068112370095974265199 0.91060537041784972434 -0.39008140797635498798 -0.90490499345558228494 -0.17024525829023731682 0.82285176595474396333 -0.42555911442427285518 0.37658254260625484422
4.2377186988398571899 -2.7182930005212866398 6.0669910917351961288 0.96742850602745866784 -0.0010591910731171045104 0.25314218107560265691 0.24215360393197948863 -0.2875856914267775899 -0.92663698511845293826 0.073781554796546564012 0.9577543255976643799 -0.27796210887620093066
-4.027695104248550706 6.7898138926719369124 6.2204857993976823138 -0.79888363395766548436 0.0061903482788193625944 -0.60145375465016648331 0.4284374689954102422 -0.69598273447738401298 -0.57623725015851079423 -0.42216853809279830667 -0.71803183278858884186 0.55335703894230769961
0.38867110442543167936 -1.6511859811349107741 -0.38856654470726709194 -0.74832884383716335996 0.0031488123627954577033 0.66332045533202677046 -0.6629973445814260069 0.028016442653403018231 -0.74809731988490946186 -0.02093949758701642988 -0.99960250295883668059 -0.018877857904060348776
0.29901821086024737983 -4.0103471916260122754 0.87238242936003274064 0.52158321326447831812 -0.0028897073402598194916 -0.85319552344822169321 -0.19931943378558875102 0.97191118728123981896 -0.12514154926691667402 0.82959189663112442581 0.23533018002172489958 0.50635658523897641992
3.340214655851698744 -0.42080366311397232604 -5.1238171482311472005 -0.95916309853374503991 0.0029724198825584868117 0.28283796621257067949 0.17274912570458891836 0.79794580853215213434 0.57744283371974869379 -0.22397296707305400232 0.60272186899592739007 -0.76587365710965371601
7.3551766184202955756 -3.4588414249775047971 -5.9278604623578798893 -0.74082288036289312139 -0.0061397387836929417579 0.67167236323850676438 -0.040729287955133489096 0.99852884098717398231 -0.035794955222636239134 -0.67046445471289850548 -0.053874458924345371147 -0.73998307929454887333
-6.0947362801893651962 -7.4663314854501221518 4.9544482076219615863 -0.32587150820921306771 0.0048563801544257859458 0.94540159493694264636 0.36956794628032424432 0.92107284882809914439 0.12265537180961323671 -0.87018807922172591862 0.38936001685256099725 -0.30194616085822167939
2.6624154565996689392 -5.8029261711381350253 3.9646784274726867281 0.33255458286966665948 -0.007247520115257661405 0.94305616103416955998 0.79521687938799134887 0.53972503452540987468 -0.2762734186325609409 -0.50698872191466526349 0.84181016895659654953 0.18525138405027263833
-5.9527908827181530427 3.7810784050577299631 -6.9507702887977442785 0.92406883037822218352 -0.0025783194564287228653 0.38221741063462683075 -0.30318742143115962051 0.6039836484882197265 0.73707607466598179524 -0.23275348377499877062 -0.79699253737273745291 0.55734074959851320763
4.1589456903250061615 -3.9445397641821107193 -4.4360487799929311237 0.99988870683967734365 0.0076372389557581212699 0.012815869687660245285 0.0021899019430118992109 -0.92486451204810360416 0.38029046620113532429 0.014757312228136455767 -0.38022007697535376014 -0.9247783057580379884
-5.0404471719148062903 -6.9565321487842108894 -7.1883380864363717322 0.93618701371213097762 -0.0096637513525339984594 -0.35136944555047228134 0.32991474952726229652 0.36907565019691951358 0.86887250070193022822 0.12128533877200693702 -0.92934911434920863815 0.34871204489871032717
0.41623632623797796048 3.1623112815286478217 -7.5055654420271746829 0.95889847800822869406 -0.0026388316001395815957 0.28373710621153808153 0.26015932441396627528 0.40736082639386989035 -0.87542805703270210049 -0.11327327484435939509 0.91326348535752388536 0.39130419307566766118
-1.379666529576611067 -4.3708409844856044302 -6.5163659246438543349 0.84895876543473447473 0.0055584637829287474736 -0.52842986107123079975 -0.15261951447515798019 -0.95475732252043987724 -0.25523663313685229781 -0.5059410028776233359 0.29733408579248987724 -0.80970126777299666898
-3.6884419606645830747 -0.14967636072986628681 2.4406395807872702797 -0.9085766274677080645 -0.0074513034150543539999 0.41765175696601786193 0.29732456728586442729 0.69075199504799889016 0.65913563325423296657 -0.29340520395455826907 0.72305335862194575203 -0.62538566251367799786
3.1709463389771430641 1.5781641559147443488 -1.540976360296183012 0.71774893534932748818 0.00093195158646985952824 -0.69630136957440502687 0.63338422202489308432 0.41452301898526433543 0.65344861620578864603 0.28924192831406314586 -0.91003834984998333013 0.2969331721239684696
0.049384936922497298106 2.5307458330956267289 -1.9886994091864886869 -0.96337530030259466152 0.0040681794354858399898 0.26812586723993786508 -0.19397120061640360511 -0.70097392703151950588 -0.68630221255171131034 0.18515724155031759723 -0.71317529650006916686 0.67609007710766388932
2.0545018306652496065 5.0181988561276549277 -5.5427275439380130351 -0.86969213411299495231 -0.0091797282530118474303 0.49350919388694464152 0.23894859129870446579 -0.88269189754786969715 0.40467095858203810943 0.43190179737782524727 0.46986247625508342773 0.76986368327731935501
0.60788218702676999339 -0.7447179409685229512 5.3856755355871959168 -0.9123892304427840827 -0.0042989197238642220394 0.40930112565347437359 0.38321833707023894577 -0.36035782028101659424 0.8504621963940627305 0.14383879276851566087 0.93280424562261854415 0.3304340191979466268
6.0172163239465925599 1.0159077875217306097 -4.9679788884272841898 0.45180085197215447135 0.002057679287834592724 -0.89211644761947617166 -0.82292924471357953298 0.38709222281461819204 -0.41586905298632487193 0.34447561358173844903 0.92203870688409161893 0.17658192052168214525
-3.1350273583521581777 5.441346931110149221 1.0670407056476889363 0.99993291853735200014 -0.003391050107847322706 -0.011075161600412768148 -0.010562530304750902127 -0.65934242002803289395 -0.75176858547365565943 -0.0047530389089675412206 0.7518351374673886145 -0.65933400844368572624
5.7304443248449503656 4.3581899668515857726 -2.3253437651302442113 -0.99535791350589875037 0.010217560295033054074 -0.095698617978065850243 -0.095948415121120206317 -0.027671603009175975429 0.99500160001007575961 0.0075183546765376935844 0.99956484724531868835 0.02852350775120575388
0.39304703631223714133 6.2526814238958401404 -6.7075050091927090889 0.90294724732798392619 0.0027869056093476176142 -0.42974236665694232062 0.42687094065217690009 -0.12140073921229620202 0.89612669893572505231 -0.049673620459005890515 -0.99259966435416513431 -0.11080811231428605579
-2.1344887243577899127 5.6271774950329183085 -7.1703407390164430879 0.92755695484677602725 0.0076624304667490209658 0.37360324232365055286 -0.13407797022733591863 0.94004158527745385054 0.31359992960555421737 -0.3487996465237930277 -0.34097376014620744966 0.87296947339341979255
-2.2167644057486444176 -6.0479714118630383268 6.3198156149548561089 0.85265675246269678755 -0.0080307620239907437365 -0.52240977148324552193 0.25425191548659065166 0.8798810384186900313 0.40145400944897102757 0.4564344705992504081 -0.47512615702832683429 0.75227834539895777066
3.2371355296879436025 6.9180769077745249973 -2.4917840085977238651 0.9902837712439376272 -0.0033470717510697047675 -0.13902103985218594584 -0.12704385581860075383 -0.42831323077552985179 -0.89465503689490510908 -0.056550076123938274042 0.90362413284134091018 -0.42457686634691682581
6.7223137959170093936 -0.11294338448307644773 0.39711193363233610043 0.99319499694086488262 0.0020506409011913475163 0.11644523572634209174 0.092875041962558954611 -0.61722156224989865869 -0.78128853164129463682 0.070270368092914023417 0.7867867169478989231 -0.61321182099039328595
-2.14851102794654647 -1.0895155981244026844 -3.9996722071593882042 0.9803971524213171973 0.0044432139098114810383 -0.19698142393210710255 -0.14929337201149056602 0.6691739200795511211 -0.72795449978607040808 0.12858037407637773475 0.74309253968498922838 0.656719548107827511
2.4407303871693599717 -4.4736749480832909143 0.030174342890102838488 0.96653272701066672568 -0.0096391428884656862874 -0.25636219405695420681 0.25654121522560086044 0.032243973329053987609 0.96599530592786342353 -0.0010452310356720161035 -0.99943354611912438301 0.033637692901709828619
3.2769791544149380336 2.2768228819342888336 0.55700285802622540032 0.94600856143302025636 -0.0055542680773118533258 -0.32409404777262107444 -0.059806120787287898877 0.97969619008316766173 -0.19135987837829510072 0.31857656789520277796 0.20041089102817474799 0.92646880419440447163
7.2524496424134081707 6.6377096513512752196 -2.9504790411365924285 0.9789916301190377812 -0.0016901748378676446395 -0.20389343164013257192 0.20094711766418379972 0.17757489688722213894 0.96337293500383613942 0.034578086405271990511 -0.98410583745068058725 0.17418397353390438487
3.1643513493842441164 -2.6251659574752146398 4.1920996941263339863 0.87710513381199084471 0.013162424002239828807 -0.48011804260521578902 0.14338377838178478774 0.94686589601054449439 0.28789940442678746413 0.45839685463316365288 -0.32135918466210239286 0.82861366033612704474
-0.72189521198170614191 -1.7158153176376140792 5.2320564760899523904 0.86846050622101200744 -0.00064469428908880271889 -0.49575793841726756295 -0.2864078299993718657 0.81558428422544670955 -0.50278507360466651033 0.40465652601869878113 0.57863793489006587478 0.70811809485192023228
0.29962141493724198105 -0.62452355379041912808 -4.8150839430299061661 0.99350353265115853851 -0.0025237078785098946386 -0.11377328995941445033 0.073753239091284991669 0.77565710628678363747 0.62683052988067700095 0.086667123715884739066 -0.63114949446656209986 0.77080420685235262468
-4.4083979571470397474 2.617965229396383986 5.8288215720957197163 -0.09934320440593553958 0.013941102226336189729 0.99495556353389946747 0.85279957954243523766 0.51639357108090966353 0.077913778489766272184 -0.51270245256935065292 0.85623789066764266487 -0.063189158202790696173
-3.9200259726870094745 5.0163304727909050484 -5.1829663407555814914 0.99187820482455502091 -0.0030903175615071623583 -0.12715375232942530137 0.11518734827065163495 -0.40213395558837600197 0.908306201983259065 -0.053939795999320368225 -0.91557562860763397339 -0.39851194048279808824
0.45647356878549094628 -5.0046016881051871295 -6.8194168505133081482 0.72554868406015216031 -0.0053351960030079328273 0.68815016002483908597 0.41178905289907596909 0.80455274395962472767 -0.42793066973479865212 -0.55137000550550896438 0.59385723694402792194 0.58593915994603229525
2.8088214012720400525 1.8553754162062754407 -5.7456044921141158355 -0.75015412781926715802 -0.0054372465578087034871 0.66124066788550228679 0.23898137911167444125 -0.93460799347828515948 0.26343082386953503571 0.61656847547830695433 0.35563792665653892744 0.70239944488153471802
