1125 14.717824617146108679 14.977075390850430381 15.033177056927090831
0.31858612497171634459 4.239483671547368715 7.4205620673416445854 0.79403545903155237085 -0.0037633408802016572216 0.60785979227608422093 -0.60784966794410943969 -0.013379500349860823372 0.79393939954550762916 0.0051449957046747520073 -0.99990340845291747485 -0.012911343206235641884
5.3647668225527729291 -5.7147297235596861142 -6.75784801131623869 -0.97034801713645812971 0.0074744745491940080273 -0.24159647735327932638 -0.20468958135899684159 0.50619554763471963366 0.8377757712167397397 0.12855699484038499159 0.86238634021252513762 -0.4896558988643509025
2.5165411210990376034 6.551004157400696748 -5.571046579239958163 0.94156793187919074484 0.0015052833390942347343 0.33681977937578294613 0.31883808682898967524 -0.32637904894216873686 -0.88984211565807436184 0.10859145474647720342 0.9452377746015765414 -0.30778798778116600587
2.1915960292783798202 3.9791951866198855825 -5.6022180673497148362 -0.78493484493344167774 0.0008488055109857504596 -0.61957773421782835754 0.61675025596609567291 0.096506956673558727533 -0.78122053805520019765 0.059130457254142322621 -0.99533194806695513002 -0.076275174087806915657
-5.5324384858262485309 -1.0443297864693961152 -6.8279133612105971096 -0.32085574756065327051 0.0076998917528475502997 0.94709677484633392197 0.92058224591002979498 0.23762302298739840234 0.30994132906341775868 -0.22266548401702457305 0.97132693291873506425 -0.083331096321353229084
-2.8585242889065343164 -3.498184640175095339 -0.47781133784116558427 -0.94880764986474419587 -0.0061641203610117382278 -0.31579431150397768713 0.21453197362560294525 0.72122613806607893672 -0.65864170082262085693 0.23181905842788103067 -0.69267226116714564199 -0.6829824761728650051
-1.3350459533550171898 1.7312978619427497051 -1.5825426147876824334 0.7797477706048160373 0.0068682458527477320553 -0.62605610086930951752 -0.067754876597270974337 0.99499300502767296095 -0.073472420970262700135 0.62241681446933172506 0.099708310309814307537 0.77630893458798422291
-6.5121021031808412616 -6.5376670921504942413 4.1598954023270904301 -0.99998956170903952057 -0.0045673205642906677254 0.00012671210671294291447 0.003924481831518019867 -0.84438073417066372706 0.53572919857313439085 -0.0023398537238304931846 0.53572410375513501712 0.84438984464529120988
2.7791110563209748818 4.4600102324605597204 4.6425670340962827964 0.98736699120970528032 0.010812561346774912652 -0.1580807173146645539 0.1394472654770406439 -0.53303272476720198192 0.83452416051202582548 -0.075238851802486211851 -0.84602553321062901048 -0.52780669978227157113
1.7013593742191936986 -6.445940660031761027 -3.1521631543432739875 -0.99828883327020989658 5.8049304757688932783e-05 -0.058475653038561642427 -0.05238299145722746103 -0.4453285178223041485 0.8938336161838591476 -0.025988989476421590213 0.89536724747144780245 0.44456952727499154943
0.87991066219179070451 -6.6685548280050710446 -6.6885646399721059296 -0.98801064174424091391 0.00034064443600273931062 -0.15438541304632308337 -0.051338073879056110582 -0.94381491591054100798 0.32646256550365765348 -0.14560004797563053103 0.33047433858953223496 0.93251666878576744413
1.111903357975713158 -0.71948037081961224715 2.6992655176915603121 0.96958932394784669295 -0.00097400623962547205111 0.24473576403582175676 0.22971605980826872995 -0.34132425700341317842 -0.91144296774239830228 0.084422003959300995213 0.93994510631887384644 -0.33072061071936781351
-5.7374869986757754958 7.2230090428158817417 1.5631996123814975164 -0.97667532817068813955 0.0050792910994916316142 -0.21466137087212436296 -0.1548943874666350029 -0.70901859604690442573 0.68796828356484673872 -0.14870451262175857221 0.70517149067563289488 0.69326772365679967258
7.2156435143488524275 -4.9856169109475283463 6.3547470256685167911 0.96500488850813670449 -0.0013593339920613470295 -0.26222836872962829169 -0.039628040386403426409 0.98774646228156759431 -0.1509521270651616176 0.25922033788000975463 0.15606113693499071293 0.95312629696599249218
-3.4143890438067279192 -1.8231096355853819713 -2.1704340621251447807 0.53980069920307227616 0.005966953160396846513 -0.84177170337918594267 0.38330137832815841525 -0.89203788753046497906 0.23947538617133667938 -0.74946331365294838189 -0.45192123504006026513 -0.48380981677529227847
5.9381343966905246745 3.6627375200555158941 5.3037486754480669404 0.99995432710887621752 -0.0094752659269271427567 -0.0012502127441027383048 0.0050717027282580866288 0.41520023738068562169 0.90971591209035673753 -0.0081007115569504042213 -0.90968070344186935383 0.41522932971744413999
-3.4302657434691150584 -0.32094865388469007161 2.746751587780597692 -0.47644682058951992598 -0.0027735672853782030595 0.87919891632931879144 0.78312386928996491342 -0.45588909426185691975 0.42294460521617271986 0.39964413232083995098 0.89003226967213067145 0.21937895624677608564
6.9464157017958090279 -0.054429857866314455828 4.0617056491010581354 -0.92688622382649199505 -0.00035269226384594155876 0.37534224873965893465 -0.13082103436335307256 0.93759785668091599753 -0.32217404630972656943 -0.35180645964635648415 -0.34772134641936025545 -0.86909267641350496092
5.1480770985993711264 -4.4078476522279954608 2.7752901813000963038 -0.82695326055283435718 0.0018637405742184865766 0.56226757983364972215 -0.5467890646434887536 0.23037823978658897306 -0.8049519149733106449 -0.13103443687537774665 -0.97309937473207708258 -0.18949296358664122208
-4.7250961118001582051 3.9886872414632730255 7.1944386508686548609 0.95709391942932675601 0.00091517607579516026262 -0.28977645150008968233 -0.25628964807242554658 0.46933488038321430347 -0.8450091042979416267 0.13522886408658260637 0.88301978036084027845 0.4494321103454798072
7.0345819878456730123 6.8675741180331923985 5.1199990587432626654 0.95059254035298790253 -0.010881620140890254159 0.3102505641709472628 0.14925141523413443245 -0.86028752244186013076 -0.48747245438212338797 0.27220917926453558344 0.50969301454294768661 -0.81615880418592523515
3.2649604873120923187 -2.7746792846317194225 2.6693661743306416056 -0.9728728377385970072 0.0044314729741574254013 0.2312980839466659555 -0.20844251479906181213 -0.45048873979908282683 -0.86810806547258057009 0.10035018492429914616 -0.89277111140621334684 0.43919196602859444933
-7.2602940869997487638 -2.0571529842107847408 4.8379056330755290105 -0.70234824768480674795 0.01108454361953090106 0.71174719659921836801 0.16378322453478852405 -0.97053578635080450798 0.17673523353697695448 0.69273515453967970945 0.24070193249149116066 0.67983864656238046642
-4.7533404545667599095 2.3185668763666060777 1.7066346548823814189 -0.99166488160769894478 0.0046843723643619971861 0.12875876374710867878 0.12467078795301046734 0.28716614151131075738 0.94973301606328430768 -0.032526254277041054264 0.95786933546549579699 -0.28535658211726916411
6.2280406590818122581 -2.7829028767737518102 -0.38468893441496831986 0.88540111500803464484 -0.0061251950079528960993 -0.46478742187004529196 0.0066029557855849909179 0.99997802034459881693 -0.00059983543068733947631 0.46478088011171647675 -0.0025378758372337959469 0.88542209858851017579
0.67415518968074550354 -7.2628054704032383171 4.1758534528275887965 0.79521777427809769989 0.0054361500306747776584 0.60629954621865111974 -0.52263219616186395999 0.51308683823107026356 0.68087993359255438719 -0.3073829517183880311 -0.85831948871432561798 0.41085688053873004044
-6.682871511914475704 5.9840829227664071865 5.18859107380073592 0.30659408662892456698 0.0074941890741179739699 0.95181085472611670628 0.23321538632876617769 0.96889772947327612584 -0.082751274317085121712 -0.92282752972793113955 0.24734798756345630077 0.29531055420454038751
5.5874072562491985394 -2.2851839435231284803 -3.1045431140787775881 -0.24367581665401510937 -0.013291663975164486056 0.96976565625241262225 -0.96939647905410875062 -0.027463502820321027131 -0.24395946878584473527 0.029875789118201476202 -0.99953443546568365718 -0.0061927007803894646223
-4.1931013887376753502 5.460884012430967438 1.2801096008272139226 0.80201720415529609287 0.0068692034747634186237 0.59726143210717308474 -0.55096215452453889405 0.39467133097219764259 0.73530622518122756848 -0.23067099627102824466 -0.91879668836599293069 0.32031786857284838543
5.473842029336293713 -6.1544894427495915323 -0.46410678660654619554 0.99755844207041144411 -0.001523600808270915213 -0.069820006406157347767 0.066206241819498454215 0.33877891890619193926 0.93853373815158225302 0.022223595526302132586 -0.94086477388908307251 0.33805264243395516388
-6.8781656566113404949 3.0266487608997665326 3.1624014843088468218 -0.89785506661852798604 0.0063101881053118785703 0.44024590954764264428 0.031722183846717086353 0.99822582301673157268 0.050387590878429019958 -0.43914688021138814644 0.059206315445292742594 -0.89646228577217679234
1.9026005204665414894 -5.7405414356979580504 -1.3845578706211396636 0.99529205641945706073 0.0096277127606757828548 -0.096441845562677611103 0.06572640544681367103 0.66424893799117690207 0.74461626896319443869 0.071230345047447019002 -0.74744943342321135127 0.66048889651516196064
-4.8800041616801772548 6.3888177281263738294 4.5752724291054365224 -0.99637972662184104422 0.014340710371925724162 -0.083796088232743259905 0.002083792646829654184 0.98949344552120799268 0.14456271676584855901 0.084988812118395359874 0.14386474653837549864 -0.98594109180939137893
-0.89151257989047638652 4.8166271909131097573 -5.3723529499025604039 -0.24586159559692977172 -0.0062499725669666111524 -0.96928479491507335553 -0.060907660226746249132 0.99810270615895713142 0.0090135943953336232493 0.96738944212569433212 0.061252965651738461306 -0.24577579511140434931
2.6141655369603289394 -4.5166321446531689787 -5.1352437148687348767 0.99243553738600931435 0.010353806840822451715 0.12232948466044309133 -0.079665662746799301153 -0.70383347983061672615 0.70588371198704702447 0.093408170480466984342 -0.71028954050682668875 -0.69768451490206306875
3.541624264150757373 2.6627775650633287441 -1.2358334049359063211 0.27828495763527422158 0.0039958901538054069844 0.96049024732978505181 0.94514048706078690465 0.17697074030290999014 -0.27457388221573753029 -0.17107583719611524353 0.98420800135860242452 0.045471617401651606705
-7.1231778905019451642 -6.5287693560826234318 6.5335345917481744138 0.99561163234240790398 -0.0096372037838820135552 -0.093083843107603356226 0.067893524994883186485 0.75894639120665585708 0.64760392566600999409 0.06440455580328409424 -0.65108179177240077529 0.75627015914563378018
3.7013693439960970721 7.1940126021300523362 7.0456203690699128472 0.96844095323744239234 0.0067511466127145227517 -0.24915164481075796621 0.095229064151066911137 -0.93381551179130228846 0.34484781466448688469 -0.23033355255673229611 -0.35769122432253114274 -0.90498808976101929868
3.7362686746341129407 4.4891743547018663207 -5.6013713457221045999 -0.55512336389909600065 -0.0081662525215648925497 -0.83172793819438894936 -0.70824299244712629609 0.5289847097034343637 0.46751154055236021634 0.43615354464110850374 0.84859206290160671404 -0.29943546262470427388
-4.9713506302147152383 6.1438331076440704237 2.0621166061256328561 -0.90267924766756324484 -0.0015153937509506908154 -0.43031137495105303836 0.063293101539502780173 -0.98958516562428378016 -0.12928721233671125468 -0.42563383221737605133 -0.1439406251135240955 0.89337390677924233273
-6.0569874691028218194 -3.6641526133448882874 5.7888726382116262315 -0.94596811917792478219 0.0092009247323676796038 0.32412907997146889194 -0.29965853288930088816 0.35711531396403883853 -0.88468831584849383365 -0.1238914087646253992 -0.93401498677284799932 -0.33506256627362301925
-5.273776870056829047 -6.1228931031298907683 -1.7963017569417063513 0.79349168204642084312 0.01342804445060795035 0.60843293644025342459 0.4157831872297170217 -0.74201412177219505661 -0.52587012113995845741 0.44440442362808507681 0.67024975249002682887 -0.59436518870723642483
4.4660393703735126181 6.5290282114099573718 -5.483310389787076744 0.56249638091498155301 -0.0048862230370914179131 0.82678530845804976135 -0.43544032161260437519 -0.85181343855600011317 0.29121399727553554104 0.70284390000306651292 -0.52382248015886234693 -0.4812696349333171475
-5.4127653667201300891 -0.17689455355323055463 -5.0116989792527268932 -0.89971813063752437145 0.0031235240581922686307 0.43646022613708174154 0.42146684385310373422 -0.25372244188264136966 0.87062656863757981185 0.11345917739299450633 0.96727202279530111184 0.22696221928494400566
-4.8647529015556632004 -4.0059692834972233655 -1.8652554856779641757 0.92404462211419946538 -0.00017692174555891324039 -0.38228458645434804097 0.27942495965888586307 -0.68213514304155964396 0.67573170603963761405 -0.26088930269662152783 -0.7312261041061476341 -0.63027387413109425829
2.4311523038595694857 2.3771334611654872937 -1.8534282104164045979 0.042468047240461846703 0.0056571516790740730349 0.99908180926219480877 -0.33788356815966957836 0.94114456536568014133 0.0090333521163749840033 -0.94022931209964033528 -0.33795695542129744471 0.041880030457066529104
4.4160483877702585431 -5.785279233757835371 -2.7527935062291457591 -0.64115693894565772837 -0.0086608702627299378324 0.76736091180627130637 0.54005616330065353559 -0.71550564754040724136 0.44316025184885271537 0.54521291265229299139 0.6985532604347507446 0.46342876714023545359
5.0582643480050988316 -0.36922930823528271604 -0.15406290627508542612 -0.86019666785373372075 0.00015749660928948217356 0.50996241803509401169 -0.37152405414980876897 -0.68520508078999531332 -0.62646937231407406887 0.34933017304769170552 -0.72835017158941772752 0.58946964107076504913
-5.0965871434642160409 3.242601337972968345 2.1142393687518010736 -0.93884845183207066288 0.0050055153530410897295 -0.34429424814902109819 -0.095557682217626463417 -0.96440669654929467303 0.24655314441329023722 -0.33080555294860114479 0.26437599828068136798 0.90591004943725650378
5.8747148005587899178 1.1071408253092429597 4.6937040958880382746 -0.97341483900334413448 0.005145446876262159755 0.22899143124701518137 -0.21985314087136642591 0.25945027561987238363 -0.94039893179961564496 -0.064250662697688060154 -0.96574276018884885886 -0.25142150561488291194
-3.9248080994977856406 -0.40838690550654477285 -3.8199393738625029293 -0.75748840607232514888 -0.0006867227358315335789 0.65284825425028780721 0.6377920800949988811 0.21274842464884957671 0.74024277799755466845 -0.1394007791721676992 0.97710676807673368938 -0.16071647875956696083
-3.7465113138141203919 5.2676707622991081337 4.3008235094133304699 -0.97402251399590444869 0.012124158825344111962 0.22612639607541995534 -0.14522765089320038845 -0.7996173254000193964 -0.58268435909700300179 0.17375002631738833969 -0.60038748962068955173 0.78060604062594296515
0.32667589036883981635 -0.21089175831838130604 -7.3816722076974823352 -0.72824521161052047091 -0.0060478390701123457829 0.68528996447413148552 -0.25782198739186285019 0.92891670099479684009 -0.2657848480075259423 -0.63496986903609298203 -0.37023936346048080814 -0.67803840537294202129
1.7122575321358157741 -2.9208931053370719155 0.2693168003145903211 -0.99975095354474186049 0.00022684391362975606099 0.022315452672844723891 -0.020416398964966758073 0.39447070427921676616 -0.91868168269478611698 -0.0090111896805563154733 -0.91890848946307546186 -0.39436783141285536303
-6.1294387931900073951 -3.4032346419035537366 -3.3670991744174409988 -0.88693501292070875408 -0.0010287213017851244701 0.46189308783281501913 0.13560077824367317012 0.95535363582199928079 0.26251068447120290417 -0.44154129115515355908 0.29546297949871036526 -0.84719709392251107971
1.1572460804175566107 -2.7031535310194083621 -5.1887250964832363209 -0.79132881910393282343 0.0097736375926528642338 0.61131266636941106185 -0.51248696070501842392 0.53464129263816217996 -0.67194925650193548794 -0.33340038266756688579 -0.84502258207364144837 -0.41806820092270358113
-2.5114979532953700669 4.2115956063939883336 6.7116213148877692518 0.91962029010544521501 -0.0043051256683915347517 0.39278491304944107565 -0.39201492567190693306 0.053470792387240555221 0.91840359995576870134 -0.024956363450599067244 -0.99856013351949846069 0.047485152088448445706
-4.0301348132377405875 -6.7020260433387282006 4.9660688850877736655 -0.79526769785743456342 -0.00062748295065466930427 0.60625810923220635473 -0.54318371047025049148 0.44487064389876862514 -0.71206851276893901037 -0.26925962457147356588 -0.89559461614180657651 -0.35413209133505896276
-2.0902658610244642112 5.7754472164598738004 4.8930077237645273058 0.93491266588942656401 0.003634637991399348924 -0.35485926304122783481 0.15795624595940213619 0.89117178075770187018 0.42527953341727614545 0.31778629851200890233 -0.45365145936937306681 0.83259367154113750331
2.3651368721711403253 0.21294672512853179969 0.54800067282510711575 0.94122286642088992537 0.0031483626774243623006 0.33777152564832341186 -0.33429991658314656133 0.15197782336061629871 0.93013241368040200374 -0.048405387084912848694 -0.98837888940370288715 0.14409749991635964483
-1.1512091946823037603 4.8930467283285254965 -7.391147586455875107 0.99967931551506372667 -0.004584414944658018673 0.024904804173566656711 -0.025172587514826372246 -0.072786161054060175002 0.99702984689363249871 -0.0027580734427985983438 -0.99733703325335920642 -0.072878221247881042055
-3.422980832469080692 -0.22490488933518112957 7.2431774085712135047 -0.40128492244637714581 -0.0061129173971766013335 0.91593288141545659009 -0.71834614981502098452 -0.61831728897999915784 -0.31884563536974719344 0.56828621315592964258 -0.78590480491556824472 0.24373021467917357907
-0.39561452551664222366 -3.0354850687693315514 -0.24011945769136913698 0.96241212049409863294 0.0084122031705573252491 -0.27146297199429481051 0.15854382287394142015 -0.82894191745933765159 0.53639458769411130223 -0.22051477627287910388 -0.55927142991284595208 -0.7991174513978741567
-6.3265365670862419023 1.0198435293872325502 -5.8896251630153280132 0.999299424069756137 0.022202299406088206457 0.030128374583483184812 -0.00079703718509080423438 -0.79221683979271262377 0.61023916908092012967 0.037416918441814384089 -0.60983566364220831435 -0.79164413568487745909
-3.7763280743794411798 4.8855005889879894454 5.3491477320945097773 -0.98621310957125085661 0.00055463446248839201429 -0.16547928840312003951 -0.1649519538936143892 0.076544656034638530739 0.98332688793666056526 0.01321194219170595055 0.99706599982803723048 -0.075397855210733416564
-4.4350762503156024863 1.7765016112867033637 5.5371779447562783361 0.51597692429514951939 -0.00027913050361806808486 -0.85660243735419983047 -0.27377635631818408868 -0.94760379709869024811 -0.16460118603925544267 -0.81167377702879162094 0.31944790782003373852 -0.48901811200957062686
5.8345366472367352628 -1.484686342731497577 2.8066114900354302009 0.83385300306153953276 0.0017997516835845227962 -0.55198363216607371218 -0.54878434314873991706 0.11026118485277178194 -0.82866049491307847141 0.059370986181117191283 0.9939010172088017514 0.092929295656104637935
1.7504655172524148377 5.701320407436319293 -1.5233585361571706507 -0.74508147774065358604 0.009703438123485112754 -0.66690286760256867193 0.63792479743041152762 0.30224265445330295021 -0.70830878199585256549 0.19469346252825228683 -0.9531816307071655503 -0.23138546741559384845
-4.2125493895867807126 4.8757147713352670948 -1.8330207921197771981 0.76579688869830675468 -0.005042758208246077116 0.64306274643276761793 -0.64025312882437912521 0.087720711441830911959 0.76313891776968068026 -0.060258246660467175426 -0.99613234430649155726 0.06394760617591577212
-0.56516025718087226082 -1.4323641456119879933 5.6950068592078313401 0.98179399045621573716 -0.0059794769357228508277 -0.18985469749123418115 -0.18923819280352457972 0.055586831242112007267 -0.98035657317983748715 0.016415440548095440454 0.9984359519007652839 0.053443271452791561715
0.34424014787810008897 1.7670518956530454346 -3.5393903904230485935 -0.81563826903940750412 -0.0017400337539717324747 -0.57855957892069509452 0.16834342360230561408 -0.95744203916604075921 -0.2344466535643245364 -0.55352931793012360995 -0.2886203629686802663 0.7812192907701969169
7.2995897090491368431 6.9511970400056659614 -2.3398886069739543991 0.75055402358190392853 -0.016745287611422101509 0.66059689147606071025 -0.56855289820888121888 -0.52583831242067835543 0.63264656098721505639 0.33677330598404703332 -0.85041969905069658697 -0.40419064294364337453
1.8763449659778843603 6.3331899305793166732 6.0012269722565498853 -0.9989756472185791214 -0.0067778407113572806258 0.044740553633745933082 0.037732241674060057468 -0.67054267019294422347 0.74091079448794050499 0.024978674953126694946 0.74184000183717579979 0.67011154106748127557
-4.7707177192820697798 7.0290505156399190057 2.6301544114574411104 0.99774253524665246218 0.0016597821433654415344 -0.067134778489084667719 0.013740619049839824031 0.97349901231720081807 0.22827805064330844442 0.065734532383439361891 -0.22868519440615658889 0.9712785661753283728
1.0801139849681655747 -3.3373163507901177915 7.2145058409572202507 0.797385075947738442 0.003333587061357312295 -0.60346162086184362838 0.26947282490408330791 0.89278397879757953604 0.36100022692612543374 0.53996429261030942648 -0.45047270105938652662 0.71099430961591014722
-1.7229621599601103732 2.2867556035254752445 5.9181602133847812652 -0.94089204298963713402 -0.0066056141039139435259 -0.33864218476309554395 0.30021517918580831186 0.44664879425184350614 -0.84283788523028091433 0.15682158532930412509 -0.89468498392201123437 -0.4182651909006597224
-2.8039851407376046311 -3.3731521811613029982 3.9909701184205332858 0.9932172037743730586 0.0063566940460672103491 -0.11609986463154627068 0.0078776124547172768353 0.99253139575886650814 0.12173484158242044162 0.11600659183290383536 -0.12182372869803451132 0.98574918198159955374
-3.0989184609985471752 -7.1995594653604397806 7.5127936693068271268 0.9931167703576218031 -0.0086275321771437755991 0.11681029973029596891 -0.021040303116931498989 -0.99420169835988903007 0.10545277911429333517 0.11522320113284639786 -0.10718464753284326352 -0.98753990565144034175
-2.5159577448913297282 -5.1382422258421804884 2.2377264737290176733 0.9671372186910315305 -0.0052321182937339321545 -0.25420115098253465158 0.24681071055225767275 0.25947736267119936304 0.93367873030173453852 0.061074326679677895524 -0.96573501707212738854 0.25224155768084627338
-5.8185747760575168286 -1.4845232168616975255 1.4563609823153280676 -0.92778995995721935675 0.0041119199593741065368 0.37308026256657289554 0.35709424272441309123 0.29954923939193212057 0.88473383285187778835 -0.10811795417789184237 0.95407198119109370982 -0.27938711976474722709
-6.3231603024951557046 -5.9676461890543146538 -0.65610593392115090783 -0.99995078565490858047 -0.0059912346722007167599 0.0079076782393626525447 0.0069746119159646655788 -0.99137814703364779412 0.13084618593124230923 0.0070555691943858279969 0.13089489940885373764 0.9913711435441632247
-4.3893233974910845774 -2.4972760227900914209 -0.64039961434559034004 0.98047106504439918151 -0.001776740438127211337 -0.19665536810394232403 0.17847956495874131577 -0.41191319155093181203 0.89357292232835872081 -0.082592587456819618885 -0.9112213593960672986 -0.40355185376539493003
-1.4601397173522252526 3.3370490839749780143 6.6082681387512627325 0.56028109069859388658 3.579456562698406924e-05 -0.82830254021376081841 0.61497941863754979064 -0.66991116732305178161 0.41595593822912568793 -0.55487423264907387299 -0.74244126139015409471 -0.3753605724200478333
2.3106613729555722792 2.5764249268622703148 3.348382770383179885 -0.82938957595475337747 -0.0050582721132316713769 -0.55864778275829718446 0.16471626267189379278 0.95329464480565584417 -0.25317557740856511117 0.53383657059905065267 -0.30199955971490655138 -0.78981946153727333737
-2.6667716884569920843 4.3743730315988198498 -1.0295234277823148705 -0.34190126253628888575 -0.0013735033106390304343 -0.93973487759294849209 0.79803985144680311681 0.5276188038820252002 -0.29111989504794227868 0.49622164622148812185 -0.84948014178014275011 -0.17929742480715360475
5.3636352815742203148 4.0416174549757162282 -0.031298030186139719211 0.99997660209899719153 0.0062184507652677479747 0.002850635819890024597 -0.0032159408481496325888 0.7951401771884311076 -0.60641714713989469665 -0.0060376302436798857248 0.60639379077537902685 0.79514157074715230422
2.7759574084520801662 -4.935960486073535769 6.9175406183383367775 -0.87593157160514445447 -0.0057092939689546559276 0.48240158149393463916 -0.33011536687764675424 0.73627217034464742529 -0.59070054657780468599 -0.3518063763161221047 -0.67666143316904781013 -0.64680876497216366339
-1.4207387643464801652 4.2792750464901221363 5.7773204625233116616 -0.95564561029881167631 0.0087860804881830720237 -0.29438796223039759292 -0.25815551937085590151 0.45613954283510987908 0.85164103076388475433 0.14176457715124465842 0.88986488988603418271 -0.43363957662247709646
4.6883213221021264872 -5.9601000425550019202 5.2523584336916906423 0.46791617993986678314 -0.0099594718631020456856 -0.88371672920156352227 -0.24911455988805825124 -0.96087620373297411014 -0.12107376739590877679 -0.84793654515079730505 0.27679907879156623318 -0.45209057209581532399
0.91437006599916870186 -7.1509740707352769107 -4.135101460559851283 0.9612405131248876744 -0.005553006921493630621 0.27565529206159594677 -0.12760954292044870972 0.87730268911854702996 0.46266164334294257454 -0.2444022923032584671 -0.47990536127383170983 0.84259027037914824287
3.2143912382541772743 0.065790789964733253914 -7.276977210559138598 0.66800609853824610695 -0.0056740796709555786984 -0.74413416608544324937 0.53241047680803588182 -0.69499369607438576946 0.48324201659426196942 -0.51991050816541251045 -0.7189934403294699905 -0.46123908796025120393
-5.5471934084739142889 5.1241118503314737609 -6.2437083631407022111 0.99467571932580423066 0.0037931217587009796385 -0.10298458919143053947 -0.048429613754035441553 0.89930415883008130162 -0.4346338716928562218 0.090965850159498512495 0.43730726284660748071 0.89469971049869745361
0.036660302223569599112 -0.14816820112982342916 -0.07203119792586223924 0.96199547831263798603 -0.013111051525942789622 -0.27275043544184957023 -0.26744663681866720495 -0.24682233269820796906 -0.93142419580766766529 -0.055108948096461322919 0.96897205140772957321 -0.24094847463802795962
1.2226287345930977324 5.0679142983401384015 -0.71598075347271294966 0.72188640699444250881 0.00058024168941540681891 0.6920113284593255587 -0.36216817463605049943 -0.85179725900062308597 0.37851769158099768386 0.58967298452382399532 -0.52387125601478812253 -0.61469071771418581918
-2.2098400486331031267 1.4997461009884371919 2.5280407005216156691 -0.92274779092139658232 -0.0011638842491798794335 0.3854025943390115283 -0.04390237670771585804 0.99380368469889335259 -0.10211178971255494008 -0.38289567204295621439 -0.11114351826510435184 -0.91708125195017420328
-1.8776678246414917339 -6.7585744803481633269 -5.4620128472743854076 -0.99997814558316755473 -0.0057702229194975009074 -0.0032268999924449622355 -0.0056515344651866241885 0.99934822294036962376 -0.035653744042999861719 0.0034305268241305681906 -0.035634727914705753571 -0.99935899338129607905
-2.5044722151470577565 -6.9733623216046431992 -0.51622334460434127212 -0.91165762726680943384 0.0050552800102679137928 0.4109194748246991491 -0.40648290174976431377 -0.15813571907124851501 -0.8998692932524939847 0.060431955381769104918 -0.98740444524916903823 0.1462205193223607147
6.1639313180345220999 7.3840458261245736082 3.0516979541910518314 -0.96717483330994469259 0.0034021001189506027557 -0.25408909367912085875 -0.061524140612073049961 -0.97329582540723114104 0.22115609050342188713 -0.24655145899764829842 0.22952921809573184619 0.94155653898559665826
-5.9509377230955102789 -2.6566478955751673396 -4.6289778140628738967 0.69185389509311645551 -0.010904910804404151226 -0.72195517226818051171 0.53049276623907104522 0.68597417001411542525 0.49801291453260615461 0.48981181367167392349 -0.72754417116324698878 0.48037887775579968253
-2.0784710289592531751 -5.5546796053965321605 3.330633786196032009 0.99454013180287015317 -0.0009173009697860104103 0.10435077763168466858 0.088612392082158195072 -0.52071555186595430698 -0.8491190481989400185 0.055115970488530764693 0.85372974213376962016 -0.51779122935137300576
3.0713978797236247686 3.669144562192541148 -4.0853011134952286199 0.99776688173356031797 0.0077395041352364551956 0.066342669461409542464 0.064709012738004084708 0.13414537973486984068 -0.98884668213340531917 -0.016552745572938676322 0.99093143918821535721 0.13334500156539022542
-5.5485160867718930078 -6.2199247040464245018 3.2234517434607878883 -0.97150274405573899816 0.001073423119236778002 -0.2370258763402818547 -0.16336839048854506773 0.72149731656277460434 0.67286877708953163335 0.17173580663698784221 0.69241639925372788777 -0.70076125946228295938
-5.6338102529008358133 -4.2713527530114410169 6.5623883804253129171 0.98400268888000275158 -0.010626079892601466778 -0.17783642681696984478 -0.062604001932388353424 -0.95518129031844667409 -0.28932583978554887727 -0.16679162814413039939 0.29583067631957593591 -0.9405661931674064169
-5.7505529587992887386 3.8123728051892111779 3.146456239266446353 0.88944664995065059188 -0.0042161200658271816635 -0.45701956328276238661 0.22389774065975964756 -0.86772897640151203102 0.44375243688414450771 -0.39844003139624917242 -0.49701976605035647072 -0.77085465136835895628
0.1118528325984077948 7.3644190170785153171 -5.742908395158586643 0.79998977929142844889 -0.00027494447315017404507 -0.60001356437567887614 -0.44398702606768380985 -0.67292033056587763351 -0.59165340309568303923 -0.4035986542506127539 0.73971491340703465767 -0.53845145850908127105
7.1050797010297426226 -0.72891584037338674751 7.0262677838581044654 0.81354472950933676145 -0.015120042125806995234 -0.58130573488796466464 0.53566793970869797104 -0.36952055471513750584 0.75928546542874320036 -0.22628484583775176908 -0.92909953394089461742 -0.29252217792010321018
0.046934640912495086129 6.8229661065377449347 -6.7303489669068525814 -0.90827374680251782291 0.001089537743354201775 0.41837496791375383687 -0.41479699565342659229 -0.13287307640395915054 -0.9001600957407235315 0.054610010677734230344 -0.99113246262778964546 0.12113706393713204179
-6.2345740587448696957 3.0806636385153680635 0.84752158806451394213 -0.91088329821681390808 -0.0029573254919417488532 -0.41265345176725282128 -0.073833510916694239379 0.98500645511367768137 0.15591951786114641165 0.40600520895082298223 0.17249213782151603946 -0.8974442783228541165
4.7841198750088018699 -6.0647804591371432537 1.18334677645207198 0.9995077072878401081 0.0010164946403025650404 -0.031357771137975019859 -0.0057930414269132691346 0.98826897046085981913 -0.15261350757778696652 0.030834781385992753727 0.15272003392759522789 0.98778834144464622291
5.9112497774574217502 2.0391390071938180206 -3.5600337876593033393 -0.84352165045656191111 0.0082452235161516590489 -0.53703188126987377871 0.084715100751026381487 0.98940866056741749723 -0.1178721939174744715 0.53037211174403675606 -0.14492245748458187915 -0.83528612127866563863
-6.2438156672856868212 -3.7938996724719902254 -5.6169037396081469282 0.076167552894877837977 0.0053275134175658879834 0.99708079987867270777 -0.019986511611551998485 0.99979297027832336742 -0.0038152241865070709442 -0.9968947001763687199 -0.019637570694398306242 0.076258262356365777435
-5.6802239418571840446 7.2354191096634012936 6.3515692758276278695 -0.94021008110361881105 0.0057191004663845416284 -0.34054705296188853003 -0.21038038921338120257 -0.7960666333698671604 0.56746630478781523443 -0.2678527491470181765 0.60518196199572660277 0.74967306050665083461
4.9470592130736816827 -4.5032422876806830203 6.2187581880100433196 0.99975459955549872415 -0.0044533480230942602135 0.021700423013499725577 0.018725760452819831259 -0.35348684622992260218 -0.93525204914922643873 0.011835816957090631446 0.93542889480370405852 -0.35331670807251469579
6.4057590355287610251 3.4535846214858549885 -5.0923652023900496388 0.6264932820743110975 0.0053114207848750562974 0.77940872225363722059 0.063376482584162424638 -0.99701272301979781965 -0.044148064421362494258 0.7768459235725218015 0.077054649088358184716 -0.62495839228135707799
6.5184104184266882243 -3.8244427056155680944 -5.5058011906746751052 0.9938944117676272727 -0.0053801164125116150358 0.11020414059696791165 0.10230988613116336061 -0.32902749248045559671 -0.93876173568794940572 0.041310839463200417498 0.94430501615709860896 -0.32646814699664927772
-2.7366380470390931912 6.517272493891381302 -5.9114552486087932337 0.97289231778187590383 -0.0027771867732510986324 -0.23124191928479018165 0.043782414278979511768 0.98405613120695967222 0.17238512358608365505 0.22707628277913108339 -0.17783649194566064633 0.95750224225939584155
-0.73372573472585722598 3.8876151458091170454 -6.2124483050512164795 0.8431307541115726778 -0.0090337054635692137783 -0.53763270328067569448 -0.20336085445781676428 -0.93095082060869971396 -0.30327369236728929369 -0.49776992109346374082 0.36503282287152144514 -0.78675036948257937031
-0.56725080809235239876 -1.9825298519994642987 -6.5288356641827265392 0.93631794285337288652 0.015508547257618306159 -0.35081076786870951656 -0.14759115738569608678 -0.88911756574540889986 -0.43322835150131089321 -0.31863075832733478432 0.45741604611664765656 -0.830207805674463728
-5.8276753560145575506 2.1122887639976490881 0.59143205046907454392 -0.9922639799908663516 0.0011383365443394777815 0.1241406388038608366 -0.10614830015864865076 -0.52633790478880626562 -0.84362370068409375801 0.06437959603906331929 -0.85027472864495745597 0.52238697671495371022
3.1040678320063106455 -1.5186162338308260011 -2.1758834035265133267 0.375156848947452215 -0.0087287491517065961266 -0.92692024879497048051 -0.025823805872828183017 -0.9996659710144016886 -0.0010380009972372422969 -0.92660157011427413121 0.02432602174781042445 -0.37525694520931074383
-1.2957326550701622203 5.7830327714052627286 3.1384881765288503708 -0.86392744736888371637 -0.00058089833805347219908 -0.50361595312296769666 0.18189318956029337793 0.93213784818737377424 -0.31310365626755320978 0.46962137225043498745 -0.36210315454810337865 -0.80519381032883041716
6.436536168007100045 5.2151700041707833577 -5.4856006791754587937 -0.9538313838713635695 0.0031875108832368128503 -0.30032570805077046794 0.21376151917955396597 -0.6952133308547060464 -0.68628305932751088037 -0.21097797055585823522 -0.71879639980757636941 0.66243492628627942409
5.8597236984845970653 0.47232409771605582405 5.8727644000409444658 -0.76778008576518785855 -0.011821004641918653189 0.64060440503607019025 0.51844040372132815797 0.57602480311887482856 0.63199285912189884229 -0.37647481680942979088 0.8173467379521393017 -0.43613188632259980437
-6.6817883783854092883 -0.92502839094901923023 -0.2364552410132356175 0.50426839908530241008 0.0013199292576388378488 -0.863545968359938243 -0.19668594200927541626 0.97389050467421334201 -0.11336633151640534978 0.84084958339762616575 0.22701441075908218581 0.49136181720589089394
-4.2634133786302204072 4.167666441165475355 -0.9121955116457861612 0.92842188703577532838 -0.0060178801798099878367 0.37147891567486635012 -0.31092338913289346847 -0.55990256184270326134 0.76800766098522110781 0.20337021847591169044 -0.82853660532292661145 -0.52169689272304520244
-3.3440469368478229484 5.9011398714429610379 0.74934669063482661766 0.54020300303689050558 -5.5876997236439102101e-05 0.84153473629304320625 -0.49551580695020192024 -0.8082824366892243928 0.3180307966254640184 0.68017997660366347201 -0.58879495532608450148 -0.43666428753689340292
-1.5809012102648940523 -6.5123803489573486303 -4.2726466552390736098 0.98486576001412995396 0.0024757636080396530978 0.17330119834074006469 -0.15908177422085900687 -0.3839604315989706973 0.90954239927398927712 0.068792614883644340185 -0.92334622843279345883 -0.37775563341476275925
0.42126601757403014936 5.3099440369296813103 -3.0952885297157619604 0.9485452001306908798 -0.010144623990232064931 0.31647920929047473892 0.083529551425084266891 0.97209943921613228834 -0.21919282450450813804 -0.30542563308892906049 0.23434966797432627006 0.92292763300960867223
-2.8601323201161248377 7.1511732638162319731 6.5806545792424291363 0.95457220649138097013 0.00014367779257271062754 0.29797966700927835948 -0.12117450297107756896 0.91376951316379806389 0.38773962480267348818 -0.27222902568237705712 -0.40623300723729582895 0.87227639049037641872
-2.2759226947938580032 5.5773223263883195955 -3.4833113371852912898 0.9773284714767253023 0.0039473528121564700061 0.21169193949413850353 -0.1802189764810329109 0.54029403179938761959 0.82195102026711419629 -0.11113136081741530059 -0.84146703893124674689 0.52875612812998973311
4.9617351695134432887 0.53647718359891172213 2.4522524128655458497 0.85043888227694552917 -0.0037914841005990953735 -0.52606019822799743313 -0.29966134514670522693 0.81839663016867092438 -0.49033665369150664093 0.43238499712205430425 0.5746412623339753889 0.69486015419428004414
-6.6129690686167323932 -2.6299672691628099841 -2.0784404408368963857 0.98990596965094412862 -0.0039431978253350284669 -0.14167082423816837466 0.13432111980538791185 0.344980953786657496 0.92894885666468574037 0.04521070695800880751 -0.93860140246829615318 0.34202836031676892015
-1.2612879715627316468 -4.1842983482740532253 -0.58040209549630750185 0.97971444088095460678 0.0028609403858077982197 0.20037821575557174247 -0.02476896177313240438 -0.99050245739885955931 0.13524562994648334224 0.19886204479980346127 -0.13746525709080065214 -0.97033869871861055945
3.087583452585463295 0.94803170672716263745 4.0593368883160438898 0.90015385021319227477 -0.0018662033588388369891 -0.43556809253143929928 0.42789908314470964656 0.19066009737952971381 0.88348803156080757404 0.081396686605481022303 -0.98165434066795409507 0.17242196744441773415
-1.3870628513966556383 3.7258925320415148263 2.1092676346126961739 0.95035698397116352698 -0.010551216971641767459 0.31098275649590145786 -0.29653824248479038195 -0.33349578271277935393 0.89489978972887407327 0.094269155938464882505 -0.94269254517751499556 -0.32006888556279777802
6.044120201329204356 -4.1452672736798685804 1.3247779108176482854 0.98046162668979364163 7.5828799459267889893e-06 -0.19671044337128026913 0.097983951130346330638 -0.86713117959782082256 0.4883468671860229926 -0.17057005572410574579 -0.49807983026008761929 -0.85018958990232562645
4.6456754496004846189 -3.4916382796205147621 5.765828296837789857 0.41925582772618269489 0.0045305059520655676514 -0.90785683091202562522 -0.8478974542361782385 0.35937047768659630131 -0.38977271180419265084 0.32449107540510985226 0.93318397665368157945 0.15450957154598077281
3.9662000034922813008 2.1478315140710049214 -5.7164608267152425825 0.74449170597780189862 -0.0011759422972821833783 -0.66763067401813558366 -0.020045975912985774386 -0.9995869555907629378 -0.020593131441658644315 -0.66733069656643018153 0.028714723968584699582 -0.74420777075181521187
4.5730881550425994675 1.0616489523653360738 -4.1964323987165226271 -0.98357162964180877562 0.0027338117423607241618 0.18049757792580153892 0.053285003068004876958 0.95972955062597253839 0.27582584741691784647 -0.17247480341127793824 0.28091229223472424792 -0.94410842929171756577
-4.3614276428701437283 3.6316770099561832552 -4.1439745263361924543 0.86722376588227589878 -0.0071713473883803589143 0.49786696181372985803 -0.42989017382156252678 0.49372767757076835293 0.75592818366049252532 -0.25123172240115493326 -0.86958700092472562826 0.42508948408789420936
-2.2986851326183739275 -4.4949517793031779078 6.0870115154948614133 0.97335209683405454761 -0.004537173251971960905 -0.22927082162298520474 -0.1976208925703847874 0.49057736450806288531 -0.84869301414125764005 0.11632574267332390638 0.87138582929226160445 0.47660786617545530808
