1125 14.717824617146108679 14.977075390850430381 15.033177056927090831
-1.8900657796689408485 7.1435159821869733676 1.1363363615050063871 0.96412058146308232676 -0.0045076685161519348261 -0.26542642167607133352 -0.07393613443950652897 -0.96485274963527256631 -0.2521757711309126071 -0.25496068799595933418 0.26275245469042263213 -0.93056767359002801054
-1.7770983096815096136 5.260511527317456526 -2.6528574642543394368 -0.99901534457432306091 -0.014769453559212449012 -0.041835446054442296249 0.013215213779292453444 0.80109543227812296529 -0.59839073063331249536 0.042352088847893570867 -0.59835438631689741307 -0.80011144782813081733
1.4875413958637548895 -7.4760104853131670311 6.9496161768769280087 0.9418050416066602315 0.00096773134830665380468 0.33615818761439469897 -0.21280650719872876153 -0.77238966898362060309 0.5984376239351982818 0.26022423810638878328 -0.63514822108179225246 -0.72723454480560556501
1.9936861397921774586 1.4375776696325741622 -5.2270334080643721109 0.64492060522303817915 0.0086251707631744625737 0.76420090250407568533 0.059218238630648512011 0.99636601211299991032 -0.061220667421026726818 -0.76195184439189078685 0.084737101291667407676 0.64206620413511206191
-1.8044980072699552398 -0.3360788269482046231 -2.1604704559510450324 0.75378421891151958789 0.0092310907673724754141 -0.65705718037568006107 0.53485117397906956072 -0.58952463937314147913 0.6053056428493348573 -0.38176376597735045548 -0.80769764549323563863 -0.44931162955295300687
0.74942288149414615361 5.3483523280291107582 -2.9288885481397270993 0.58625999911688797539 0.011426043190348039724 -0.81004238097308689515 -0.13761412984999260578 -0.98396418558508380592 -0.11347613296002934113 -0.79834927487982887406 0.17799979500815937827 -0.57528645758088936546
-1.6503018586394262446 -0.52536847288350352336 1.0389373386386075993 0.87627154429665998769 0.0088873445875178765097 0.48173560773741980201 -0.48163962092622025768 -0.011014646533132492479 0.87630015012887407799 0.013094128837956964251 -0.99989984131813847146 -0.0053713240493285310806
-5.240384680363887604 -5.7934250578787924724 -6.6719510463690232527 -0.82797310789431788347 0.0053763651765068466021 0.56074203275788803147 -0.15743539615609078441 -0.96196555236125769195 -0.22324061482520698996 0.53821429620650951264 -0.27311786973365725917 0.79732803825713938206
-5.5717664779197049185 7.3216559950332760209 0.68375732459919580375 0.99270085337172686568 -0.0057156599019591632777 -0.12046720278547894123 0.10610060767046974872 0.51628607460635578263 0.84981842191115430918 0.057338266166883304631 -0.85639711606209312222 0.51312406183448244779
4.2524974310543708356 3.9799924021694206289 -1.4849626470373460396 -0.98464479192220788484 0.011049948124473168293 0.17421978184712141879 0.11994205073810274009 0.76795489960551222008 0.6291734074455597181 -0.12684060156418350274 0.6404085967711263816 -0.7574881457663341644
-5.9153520182267236294 6.5417468055097813817 -2.3785150813730036035 -0.99212660603517111024 0.010193647273569288875 0.12482342389322194365 -0.018449857497176237742 0.9739112645297780535 -0.22617792018764218409 -0.12387251654622859209 -0.22670010669899171019 -0.96605520611776773965
-6.0463723257885249041 6.3003555384259870564 0.41709200525474698917 0.61577427122606920307 -0.0095500616632368563741 -0.78786473662561595788 0.064866067188825246581 0.99714673137418452509 0.038610742509985779281 0.78524801191933846223 -0.074881188772261769726 0.61463677675893324537
4.2060697090447041191 5.1823555900766518079 0.60534546508019226874 0.78320810727495959735 -0.0053580273983723928147 -0.62173656176967184717 0.4821326883305573352 -0.62617328850069098323 0.61274389724546285407 -0.39259792605405613442 -0.77966550796527311906 -0.48784071595901884466
0.090112383944326829299 4.8666294987144320672 -6.3848310932618268509 0.85696189186801718929 -0.0025121868464844142668 -0.51537365551935154784 -0.010036008123959589897 -0.99987984750742009421 -0.011813936243181846764 -0.51528205327477838438 0.015296387347084629965 -0.85688413808820451667
-4.3056564409534878735 -2.36446257422727113 7.5123512830921708172 0.91235253683620365361 -0.0039820561389076998896 -0.4093861157359897085 0.35000721172796006586 -0.51115578670310224396 0.78499344803526804881 -0.2123859700331800493 -0.85947885660367762117 -0.46496053035095863404
5.4749074491255189656 2.8930370621420853361 -5.5312998878462273922 0.98664750300360493096 -0.0012722849926642429506 0.16286523910159378392 0.09332302356773630736 -0.81512102247746198724 -0.57172417474460235365 0.13348227630996950532 0.57928930596558914079 -0.80411838799072654638
-0.089086229915554204783 -0.22276961302911540974 7.3065797432997277028 0.62801292945587627869 -0.0019662138026064462232 -0.77820042048275239743 -0.77705435145789381046 -0.055894725024874608588 -0.6269468195905757435 -0.042264587026961640548 0.99843473182663622367 -0.036630464995221947988
-4.0237966999599921181 -3.4670343697941552463 -5.7875855777394473733 -0.99791747844982681137 0.0064826106323448819471 -0.064176958199207087552 0.056772857595620847271 0.56056134979052685274 -0.82616452100150006288 0.030619419405683585833 -0.8280875248913153186 -0.55976200502963335826
0.16375940589960505389 -3.9021835098042698675 -4.3478770647689231055 -0.77422650223636990674 0.0040199443403576597122 0.63289585500479139668 0.62120143003488303979 -0.18661860118134374065 0.76110595912514911188 0.12116974274727736194 0.98242421475691377175 0.14198787167196397219
-6.3340388988479796595 7.2410580549963627917 -0.27486821333890659735 0.92731489322271187792 -0.0068467199279313084234 -0.3742194693404669037 0.25211216072291775525 0.75040909239025255228 0.61100380724960146051 0.27663432039940205609 -0.66093820927858037972 0.69759166873825340094
2.4560016292360029588 -5.5498526020337788367 4.8912409173669075813 -0.66172033622384862639 0.0022148602584270739302 -0.74974748483862307946 0.64603682229787473545 -0.50578447944641857781 -0.5716804042350940307 -0.38047683354320560589 -0.86265703193397713644 0.33325699451290219377
6.1261084556171008231 7.2354871010978785151 -4.0877691886722917758 -0.96016510893769690949 -0.0021550270644401358505 0.27942497997975912494 -0.080151777653733713436 -0.95582693920669825616 -0.28279065547815279702 0.26769134486811047013 -0.29392212939004680461 0.91757894795896666196
0.68000237925579742893 -2.8811065927118160168 -5.6162243492428176594 0.82309581283135235807 -0.0073195544859884506886 -0.56785535748263471501 0.56162018450080319898 -0.13782826204247314306 0.81583462695800856856 -0.084238063016923742099 -0.99042909605103945925 -0.10933505583607605605
-4.5316075653823251201 5.8094231788045549436 -5.1638964033875343063 -0.86496063319032934213 0.0060731088270932383211 -0.50180296968057491735 -0.060067405782095427413 0.99148518131997798175 0.11553805427431874941 0.49823188355791520054 0.13007787118515393154 -0.85723085434107049174
4.8447779269835038463 -4.7553552780892047736 0.13788547749523727415 -0.97575398851166861292 -0.00068040528526249702962 -0.21886911831547201102 0.096694253119112894002 0.89577497059350208453 -0.4338633695899540843 0.19635268095260161036 -0.44450729927294652111 -0.87399020908468105784
2.5548207012803541005 1.585812493619539687 6.9872178402993130319 -0.73049038276480049436 -0.0026816165979347281537 -0.68291771804545198243 -0.48932124124873010995 0.6996265361881168765 0.52066057342977745126 0.47639114554205452823 0.71450368704004718623 -0.51238262817472990385
-5.4550383583525414721 -6.6478797434384295784 1.3088496320634945835 0.99992471036839758458 -0.0070306313354472991378 -0.010057028282350785955 -0.0077430730803839829465 -0.99732739826145666573 -0.072650571204969843775 -0.0095193704686151580513 0.072722973675207747135 -0.99730674854115730632
2.9843996674195585328 -3.0680984642030315612 -7.0206037622309658275 -0.79798631457315127857 0.0047739950573713494861 0.6026566607323383673 0.55355686936138015497 0.40121698169425296099 0.72979430388498511828 -0.2383120520173559187 0.91597060136853580836 -0.32280833832471556022
-4.2577910208046452212 2.4925061894345934554 5.7134991394818888111 0.9949255553167972721 0.0075915359233198085806 0.10032700513842469914 -0.087552077778153034049 -0.42600646447059759003 0.90047383410398085246 0.049575932209563015884 -0.90468826720122597074 -0.42318006348836628705
-5.6724821552410622516 5.4828383869242838244 -0.80437406560514101983 -0.90924950185340591702 -0.018032917301923207659 -0.41586074264453193328 0.40428244552648473498 0.19959855950959712323 -0.89258955812885376613 0.099101198874720436427 -0.97971180912311550681 -0.17419449889803326204
0.79898082986068930111 -5.5144698142911776628 -3.63323299007042122 0.99710757380794534654 0.0018355132938438281642 0.075981031486056282986 -0.040979461324570753966 -0.82896063255231478006 0.55780368717676931389 0.064009140005858569666 -0.55930394292311302884 -0.82648770676051286355
-5.972835784227353173 -6.7413834992707997174 -0.11238884710287252999 0.94512403114504073276 -0.0079966700889913169131 0.32661386838256301068 0.020951893003036143465 0.99912612215155438555 -0.036166423849461414031 -0.32603923679809365677 0.041024935124340897175 0.94446565356620426623
6.8982666848731897247 6.1954146054414209743 6.6584030553273869657 0.98403295693824732737 0.00030416568657384325525 0.17798608693569081818 -0.12514973523446357162 0.712230519911380755 0.69069908808212776563 -0.12655703627292530511 -0.70194557765543752481 0.70089637078521738189
4.3857525839389053246 -1.6066743632430899869 -2.4198815735985146347 0.96535466163315031274 -0.012376637579469810038 -0.26064764741975904316 -0.19166119052596572447 0.64421496374501430182 -0.74044113103827668976 0.17707728626057916976 0.76474433592496748879 0.6195237972518380376
5.6441774646974955942 -0.55999244163627948101 -2.8303065277698951085 0.98584531717032486409 0.0089950529212695674863 -0.16741594797500294889 -0.009539372380394720019 -0.99393260958716433962 -0.1095763111893055114 -0.16738581477531447317 0.10962233632892803836 -0.97977800158499872563
-5.1580710635808815212 7.1978508846841258162 -3.3033657363217208136 -0.82078391236102921091 0.011651014052708418695 -0.57111997258076718786 0.41698086952506979719 -0.67112876191970893824 -0.61295443499020585421 -0.39043658084151011689 -0.74124924202023134701 0.54599344093599544436
0.13983744737149989001 -6.4477987895000543617 -3.3381802912955755858 0.94743028117612959615 -0.006990301191552474383 0.31988591403775101796 0.062804237155429390449 -0.97624969020100049732 -0.20734553329551216883 0.31373793220750523236 0.21653562771872117421 -0.92448949795145296537
1.6989525875207742711 -5.5476573544908163171 -5.6201008397565850316 -0.68081570580504957579 -0.004180228460413746433 0.73244283081965377846 0.73245282566530900414 -0.00618339018261200319 0.68078970604787891752 0.0016831233046027309699 0.99997214529998612598 0.0072715692991706269363
-6.9871175134942431484 -6.7501610606664694814 -4.0105074172093102547 -0.95735430192990833564 -0.0090918016457344312531 -0.28877340549144348003 -0.14579720227488807138 -0.84770264626611757652 0.51004254658052461391 -0.24943118567074704095 0.53039378074821319498 0.81022621591651744488
3.5980134838505821726 -2.4703910484498536881 -1.4907378926903078753 0.2187192608361984425 -0.0044103595452594668985 0.97577786082083806107 0.81457578216746662214 -0.54974094091258296491 -0.18507077832759175062 0.53724126800305882501 0.83532355803803226557 -0.11664636017152320291
-2.1920268636622055602 -0.1258547669189528373 -7.0006656732941561216 -0.95176787323513623029 -0.008459557806869331259 -0.30670238238275970843 -0.18163716493833662047 -0.79009557442402145178 0.58545445902187398524 -0.24727688082533005876 0.6129252965551152954 0.7504510144253624393
2.7976488919617605866 -6.3003261409244677438 -3.2431567957447651196 0.97544450192937359745 -0.0051127966626648389814 -0.22018601900666065485 -0.11261891560968223525 0.84757188940583338965 -0.51859316630272456194 0.18927494156015309268 0.53065596350109167645 0.82618354189499632056
5.6262059302651357129 -3.2845722039196689757 1.1853339532377344945 -0.99090606305587836111 0.0064418547790708272777 -0.13440117821721347946 -0.10541463875475752532 0.58360318671636690624 0.80516773059444257665 0.083623729499325880066 0.8120134376729967185 -0.57761687034159225895
0.71869984490462890392 5.5990711256807905727 1.1641098861014180788 -0.61957555317359458424 0.0040920614613639012119 0.78492635892970430422 0.27504092795694967677 0.93771968684739637201 0.21221281028107943922 -0.73517251163125008073 0.34736874345832235988 -0.58211367808182623573
5.8641951157604648159 -5.7299416319048930291 3.1698040374785629858 0.99989569216274742924 -0.0089587329467987822373 -0.011328984876397860809 0.014274735059574803625 0.49354017001556887978 0.86960584894532200195 -0.0021992574477094463739 -0.8696768604976370387 0.49361657344708997908
6.4386031248787913839 0.36829637942314225052 -2.9080709766056598298 0.97148782084939078185 -0.0055527438994838846861 -0.23702443118077212714 -0.19838492652394773552 -0.56647119333268580732 -0.79984611523238235975 -0.12982617174301208651 0.82406283386611056674 -0.5514214458752432213
-2.4642138826940307439 -5.227311485549261505 0.73071261049643698726 -0.4594319730525162071 -0.012108565868126607012 0.88813042103602668487 0.83843088380700403484 -0.3359626893215740262 0.42914184655240938948 0.29318239240384491584 0.94179745912614454273 0.16450419680947850343
0.3207960775311023971 6.4609803498710203229 -1.0511349112217520663 -0.98371780103304462539 0.0079561941562886363127 -0.17954383003955487474 -0.15321254914702303607 -0.55932955095210945551 0.81466334655210703719 -0.093942550075006542309 0.82890720373647763797 0.55144142470360557606
-4.0870595047880060591 -2.3467486693287757937 1.4699953010756809935 0.84090008810366612124 -0.0029265845800821206624 -0.54118248025034576543 -0.13305022123251364352 -0.97041233265220050441 -0.2014883204221919466 -0.52458048043863469978 0.24143599511929433876 -0.8164091987499424441
-4.4958676956149732362 0.51188551455664843548 2.5087448410062447302 0.99125559848169342292 -0.00085476077137919617699 -0.13195305173720814351 0.015238210310794949101 -0.99254751479703196004 0.12090172793134967844 -0.13107301562584855459 -0.12185524303152053816 -0.98385525577719723511
1.3828876181661744482 -5.3523069353330692266 5.5168980685888202586 -0.95622234985614851244 0.0047441015669562568158 -0.29260265059578449698 0.0023309189266509811739 -0.99971339766969402607 -0.023826232112616443221 -0.29263182405937937514 -0.023465208715188874689 0.95593723618636583517
-2.5370088725435726573 -4.3693122706636922103 7.1389843270742936454 -0.99527161664724084211 0.008893897203692009007 -0.096722839542278976621 -0.061048225260679420123 -0.83180844162106681861 0.55169541473590033576 -0.075548152122420830779 0.55499154501720504573 0.82841828907284920103
-2.0928211456193919204 -6.7315688485257876295 -4.4856967389322583983 -0.61231883960481181539 -0.00061737953154953858267 -0.79061068643650811438 0.72909498211089829312 0.38629156151584398415 -0.56497728853682704919 0.30575504202842684887 -0.92237652200400066516 -0.23608347237801965979
6.4484002455713200774 -3.080490893795400531 4.5939241393179681694 -0.99379782690093954045 0.00012076047836047723583 0.11120190944282952461 0.11087791860451241821 0.077363363067962279129 0.99081834723672612686 -0.0084833019965658770789 0.99700295660130067166 -0.07689693176907499983
-0.44389240398025764378 -2.0316265565632676271 -3.3000451310367466817 -0.89132713873725588627 0.013955134188413709229 0.45314587715255266742 -0.11092783648560294862 0.96243157132248802199 -0.24783156702580921849 -0.43958042136014402468 -0.27116549329077577202 -0.85629336585377935354
-0.92776896412158749161 -2.0426211735410442216 0.10785472905220302997 -0.89302080087775548289 0.0063666634088616518364 0.44997034879710690047 0.32768830332368126257 0.69452638289857449028 0.64051032725678125335 -0.30843836509814948066 0.71943906556070036373 -0.62231278781714438608
-6.450968047743575795 7.3421108910047667706 3.3593561501798649971 0.87078828382749462467 0.0057495199999749776326 0.49162455976946894953 0.31774941165788211928 -0.76962836929349598414 -0.55381177720375496243 0.37518405635078677651 0.63846622165808197824 -0.67201027347938679934
-7.052559125510577509 -7.0090089377353272937 -6.0482211680415414179 -0.94148268137850121828 -0.0055083323072725592917 -0.33701634817855180559 0.053940426078418167444 0.98451785882738451772 -0.16677834417118173049 0.3327172840399027498 -0.17519772808228276095 -0.92660939180210422084
-1.85117366518844495 1.6204177506991619406 -7.4246568814578832729 0.99930226616899930914 -0.013794827329254917558 -0.034708551805818541047 -0.021685121444981855093 -0.97091134842414539285 -0.23845525578009033052 -0.030409477756394964754 0.23904153664209787378 -0.97053305323546845695
4.5209074072326620453 0.2699290042340777851 -1.628054876110984539 0.99545477288934669513 0.0041076742862875314025 -0.095146845158898360473 0.0048081491762956979352 0.99562760541725292551 0.093287475217530349547 0.095114020171764221412 -0.093320942681245910855 0.99108250152233146046
1.0046607175271777823 -3.1943455568914771447 6.746658078116892554 0.99602477786128784665 0.000410164737339691228 -0.089075662507722128125 0.033679688147626805905 0.92402167598907547497 0.38085380516488309688 0.08246405576116674907 -0.38233986722178264772 0.92033467034563243292
-0.68383584354332105359 -1.2596224129233668521 4.4270651934641307435 -0.99760664891210748539 -0.0098727429476736846409 -0.068436123450865832263 -0.062542887101979582898 -0.29321274874335861993 0.95399930358847540024 -0.029484933766952197559 0.95599624106010816504 0.29189351784462336248
-0.13447825684408845626 -4.7082808000711384722 5.3677986144109350874 0.72807118680025639801 -0.0018974562678897889667 0.6854989034353282662 0.44635764750079381935 0.76026674137169147905 -0.47197386843103444898 -0.52026646775367713094 0.64960825242898312393 0.55437525279120247745
-4.1071682380766789677 3.2438401754469565752 6.614314406690280812 -0.96374520823438092343 0.0021469660682268999763 0.26681559951036526446 0.23986229404487524608 -0.43106104090610258828 0.86985772337119138253 0.11688136507120923391 0.90232021453005240019 0.41491803642343039193
2.5758815386577076367 1.3221303878955510402 -6.6797958987623022864 0.98992202193716372083 -0.0076579475097263149941 0.14140631642122664102 0.12871170792231489965 -0.36776225935581735582 -0.92096917257704535853 0.059056639995856877179 0.92988831395681759151 -0.36307029187046824248
-5.018564097070229657 -1.7476109075184731445 -6.3369359981157975525 0.93379705638666055112 -0.011232295943803994806 -0.35762675097304552629 0.33694069545416427403 0.36391221957056740788 0.8683541122113481725 0.12039113435201277691 -0.93136552006998463149 0.34360477702493430474
6.4289309404158023753 -2.0178717270176220744 4.5653237910462571847 -0.88600167767746518255 -0.0038846575429927901815 0.46366575956022187954 -0.37051068543450854653 -0.59529628564762226972 -0.7129825834288776587 0.2787881976189245381 -0.80349688345995773364 0.52599420067000901557
-2.7657848095577044489 4.2946087064099103259 -3.8515921376066204473 0.8854572987380388005 0.0081487450253550017254 -0.46464929792918502338 0.36397176921528612281 -0.63382777805847656527 0.68248582327828155591 -0.28894622912553485916 -0.77343128053887366669 -0.56419334536851284412
5.2012564803688183801 5.8228715919393492229 -4.3030303009227033328 0.99000247577480937622 -0.0056776820100504690053 0.1409356657724697981 -0.092259452529749583216 0.72973738661936649041 0.67747438327131370706 -0.10669250854040819576 -0.68370396407857270127 0.72191799958467817167
5.8385602106451157667 -7.4858544893518432772 -5.8027715977488361077 0.99771211778764734568 0.00072632588496645590637 0.067601793396065965047 0.029380211320850509182 0.89592206518323525 -0.44323859974126744721 -0.060887874017711299257 0.44421067700872468587 0.89385096141863251695
2.8195392624977175799 -6.4495703678832159156 -6.4469987440976908033 0.649451114722655376 0.0090376073484943995895 -0.7603496374950683423 0.12836362364102665845 -0.98688203505008609273 0.097911332445273752123 -0.7494905134230989141 -0.16118985870354157752 -0.64209173779131645254
-0.76343971147006406408 -1.9845263077663746198 -7.2665557211449751662 0.98371048059813570585 -0.00039443673003848340325 0.17975965838031882083 -0.09013004162066694247 -0.86630114790508050415 0.49132361711589345177 0.15553220232101971909 -0.49952193701381680802 -0.85222506914735829398
-3.0681362522780544211 -0.30363775758823374762 -4.6969383106320821142 -0.85916984422516151643 -0.0020526879642794224577 -0.51168639345413358122 0.21641031860144424592 0.90469641582016857573 -0.36700268283062009722 0.46367418817187644464 -0.42605185326927602629 -0.77684365579499337073
-1.2058153757157026309 -3.706580327041927525 -1.429705566604983602 0.72482796933583693022 -0.0094996796056675096576 -0.68886440679993776737 0.52569370349941846321 -0.63864165329496513923 0.56194569913623382273 -0.44527580775235980903 -0.7694456412015091562 -0.45791141093709419874
2.2588732540468572374 6.7405318223060923799 -5.3523471013028132148 0.82173907316361194386 0.0083720017004394117754 0.56980242648111989467 0.56134228519495388277 0.16038009171066339165 -0.8118947376569919383 -0.098182149540183658032 0.98701982541922461678 0.12709102934999763623
6.9206530067179610199 1.4466625332736804399 -2.9121198499457503495 0.98948657150082697243 0.0053323687124761081496 0.14452643586347146964 0.10855569698891766317 -0.68768892881277177143 -0.71784371407658909003 0.095561422502664264411 0.72598588349364612249 -0.68103781943232688523
2.595662911682576901 -3.514946321869750534 -5.7308502618985546206 -0.91894525571455576429 0.00062714931769334127457 0.39438461390305440402 0.36211539512860663192 0.39751132018472917773 0.84312347312596902515 -0.15624358422226075627 0.91759705590674078834 -0.36551824219953965578
-4.5205125629857825231 -6.5404667773464089109 -5.708127892460519881 0.99993288743618724546 0.011465496489859878723 -0.0016622315827918819359 -0.011218396960431687576 0.99406730703689538675 0.10818658257814983692 0.0028927829560279338938 -0.10816067432542077198 0.99412921712237112271
2.0417183237213443192 0.3587467218448414652 -5.8651623260806369231 0.20304829604305693613 -0.0028192474989700826854 -0.97916466506794230806 0.15096284230230869183 -0.98794940621430216154 0.034149538867968565192 -0.96746142544184232648 -0.15475148659841614363 -0.20017584189298306963
-3.7223579378196789413 3.8705791311456221315 1.1502696997474308738 0.82496859786480203347 -0.0084615343207573804479 -0.56511522274123848764 0.3741795782295102013 0.75754783861635333064 0.53489336829284694907 0.42357579696307595674 -0.65272480774414121107 0.62811931158219203031
6.7484736423058544474 -2.0285578672329473982 2.721722794393874878 -0.49909165072667949214 -0.0066135539744877564275 0.86652396682299326347 0.56538298033490053118 -0.7602920277965439233 0.31984076978503150901 0.65669597967593318355 0.64954776065574293398 0.38319459404400418867
5.1621247386751836217 -1.6267614922420312595 7.2754897794556061541 0.9322752512487939569 0.007546401504250461155 0.36167099376829892066 -0.33720394507467971179 0.38012946141448061832 0.86127527074150433961 -0.13098227107161303229 -0.92490250534260309845 0.35692996550556105317
5.5699998789794209486 -6.6520506756115400648 -3.8264504623441975006 -0.95051332849627645505 -5.8619693613181853009e-05 -0.31068377639466543405 0.31055692938665918623 0.028394066466294269613 -0.95013060712700125876 0.0088772721620185932739 -0.99959680549371376923 -0.026970733874374944183
3.0495324932681917574 0.51813943222509428743 5.0228292391716555798 -0.93687754618663465767 0.0021601865593805086307 -0.34965096459944217111 -0.040916015633293015274 0.99243361527978157799 0.11576441131624184977 0.3472554436088727825 0.12276340194345711221 -0.92970038400944798873
-6.392618103249752437 2.6904370189902695465 -5.749694571305179025 -0.98711898969447542385 0.002467830381152624937 0.15996877819656984965 -0.1505099358659861275 -0.35336067793652681246 -0.92330005442096629853 0.054248127987008454287 -0.93548390745186926765 0.3491804683949179533
2.1968988077063262843 0.62765675068003090598 3.6530151224071376603 0.93956392604540706071 -0.0034059145118691229459 0.34235658109697886253 -0.25907762234228831622 -0.6607906001191220513 0.70443918715224540517 0.22382675102754770458 -0.75056257736490528121 -0.62173740677554767409
4.9044397331695090969 -5.3021723913203411271 6.8587221111610743307 -0.58426615559687944401 -0.0010270379130704302036 -0.8115614607762470234 -0.098402609622523160016 0.99271075261758290331 0.069586550833940788441 0.80557432049658916906 0.12051683214639838382 -0.58010835826234241619
-2.0301386287650240448 5.5812242401654392765 -5.3761684621685326135 0.97738706903321592723 0.001210117873805778739 -0.21145461191789488575 0.15975489308681517509 0.65092138094470786136 0.74214535635809564251 0.13853841135743080737 -0.75914418356716639735 0.63600881844106915697
0.6263909224697266076 -7.1989275588152681351 -6.8612798203163336552 -0.99171723726256466591 0.0018948815969738724146 0.12842636310375499242 -0.015481730723986987519 0.99083733039966026546 -0.13417041663555598352 -0.12750387182406186515 -0.13504737727957871751 -0.98260112383396613911
3.1548223579117871118 -2.5278057349636182671 5.7535561843804989834 0.98409365498740575262 0.0023483665626616440081 -0.17763491601628569883 -0.081856226482598659633 0.89343541547669391711 -0.44167037093046013219 0.1576681210633503194 0.44918553354528895083 0.8794163519369608828
-1.5835852199308115829 -4.5864126174993042895 5.2612102326256398044 0.61546601068406314727 -0.004276650611808846536 0.78815182544500284045 -0.57222611351767138643 -0.69008311958221257854 0.44310558908263508737 0.54199526261883168576 -0.72371748516064615675 -0.42716991580807966988
-5.0425210302846208421 3.8920105774354532002 -4.6445911523146987676 0.71851172301991217406 0.0027375503625305178113 0.69550946054019668896 0.45135362083156399526 0.75899080039073385517 -0.46926844543880069649 -0.52916992813766250414 0.65109559262856742112 0.54410818447668973796
0.99742547436716588738 -1.165403090451219148 -0.85871652130241682421 0.9535268710452433627 0.0083597807913996062534 -0.30119199899680204613 0.18749317588051406247 0.76604359008184075286 0.61483617906956844479 0.23586609589505116991 -0.64273426247532172706 0.72887574568473623149
6.9419370672651545817 2.9855668889365016838 -4.5271701035318372419 -0.95977377146517550699 0.00070394408420870573095 0.28077359574939114717 0.27715517474067363768 0.16242069116038876375 0.94699763896082156389 -0.044936808095447325351 0.98672135050657550082 -0.15608222106464605949
2.5752289202035556492 1.7846636582042774144 3.2472087521169239466 -0.99989716255946381462 -0.0091670463476186420798 0.011028579547800128335 -0.0030156231940844328149 0.88623109401203459257 0.46323358473119952139 -0.014020353859091142998 0.46315268893469735412 -0.88616760063222754784
-2.1023665954106580678 7.0734681718266676498 -3.3730881623235440259 -0.94274653743478931123 0.0035099821411755946846 0.33349159836521102829 -0.33253844199540028015 0.066379902034223087215 -0.94075070725530263172 -0.025439157810464858855 -0.99778824839306312633 -0.061412218805347890127
1.8422775040509626887 -6.5037954687185770553 -1.9161148565919843278 0.93815119486826969997 -0.0053734857111852364631 0.34618414351124238149 -0.34314166769404552682 0.11873233718534453862 0.93174912288582922848 -0.046109993053845707567 -0.99291175728651848154 0.10954501715164938203
-0.86924140011432804442 -6.8091660487309724203 -2.3537203373099471193 -0.98326038457823039529 -0.015845078271623312671 -0.18151570073620676427 0.18076636172066559705 -0.20981334686145666768 -0.96088598800752400564 -0.022859102989325055105 -0.9776130589212905786 0.20916540927497473401
-4.919702999511544661 1.1023783571606229348 0.24711294921889834231 0.9980441444722016886 0.0025029333658564646356 -0.062462957096949843494 0.0089545554987173481276 0.98316994635493348831 0.18247375844266228162 0.061868421836599282737 -0.18267619414945424072 0.98122459532488004452
4.4698854609641722746 -7.0471231112769654459 -6.5725111831074949365 -0.9958014583611505266 -0.0086997889961941271553 0.09112501960046502647 0.079073551995370874867 -0.58327155657037310643 0.80841923818694627624 0.046117555232156104417 0.81223063532927186614 0.58151058987089221386
-3.5136513555537232101 2.4748847958567297134 -4.7656387736325465099 0.93434793389816939158 0.0098120753622039785791 -0.35622698044541795115 -0.34456293425324757695 0.27997136193601124265 -0.89604264454015680741 0.090941314917718743538 0.95995820725327030143 0.26497154105349801645
3.8965279343939447365 -0.90598691620108462441 2.4315642064328395477 0.92319871027274991171 -0.002822825057596975093 0.38431259803629186367 -0.18312200489268343206 -0.88239280476136316977 0.43341581585061383919 0.33789121426103302381 -0.47050501566299907097 -0.81514082069362614469
4.2087543247206227193 6.8858819760906797569 -4.9662510427776727084 0.83599352517314473587 -0.0052727643333500759382 0.54871397268966604077 0.44614120503420734432 0.5887267394729370773 -0.67406145966097663624 -0.31948842082184525371 0.80831492884020705869 0.4945241397291825769
7.2772673168741262018 6.383692102238791577 3.8671582492415126353 0.7905760844606570803 -0.0026511293510493401035 -0.6123580865735492873 -0.4249008918866169493 0.71771864324299283755 -0.55166944923150129654 0.44096336214335318804 0.69632817022906123849 0.56628472749369218597
-4.5513896813535916763 -5.1749127860192114525 5.8755063175893909033 0.94565607684797414745 -0.00055501646438503972683 -0.3251680738897852474 -0.32446249215454159298 -0.067473914388523376084 -0.94348893054547933179 -0.021416710889141547108 0.99772088423261695578 -0.063987199195423186127
0.37425095334566094163 -1.4135718896130271549 -2.3113127154380808115 0.24251040155032224654 0.0074894076981663112308 -0.97011989666855580339 -0.92611033420645505476 0.29964817804250670763 -0.22919558955599170225 0.28897812030677927364 0.95402037618083979087 0.079603817847283445119
-7.27452130295723709 5.4080893166890042778 2.0680576582981915479 -0.75272127603866012535 -0.0066008271571271464467 0.65830624308106577836 -0.54303833014620650488 0.57153276802208896612 -0.61519075665114897333 -0.37218282146105768904 -0.82055269432123012496 -0.43378937660057992343
0.06119010573677041015 -2.0943896528038212779 0.83030376309525266709 0.98661308323284646615 -0.0049696754578843734332 -0.16300284144580615142 0.060179402083816078972 -0.91789439968349351151 0.39223501959215029133 -0.15156867604618140533 -0.39679361556780756715 -0.90530755165636167536
-2.0514088839689015309 -3.4536312979653995825 5.5185375647723695636 0.99889225787538826751 0.00056429206558180266748 0.047052510358488119913 0.0080803984705843084207 -0.98713207295210525505 -0.15970277928008985713 0.046356923076567684017 0.15990607281671542772 -0.98604314487712763082
-1.5507528417844456126 5.2361086471693258915 -0.40688170490199626617 -0.9986560275804426956 0.012799556416362482814 -0.050222603803885920715 -0.036879365310904424491 -0.85634464104045826538 0.51508617548487589666 -0.036414983064127617873 0.51624609162387991024 0.8556657769780694478
-4.9729759003039424314 -2.8757596672502492297 5.7739278375343294769 -0.96606555165627994164 0.0080373285702322935092 0.25817194125693615492 0.17680800966217771752 0.74922337062822075282 0.63828149638201214788 -0.18829837392345080693 0.66226863299867111401 -0.72521995292738039574
-0.44117913813742215545 -5.1198928909038983193 7.3399330277454923888 0.9500994277948628941 -0.01358223663603833932 0.3116514080698778999 0.075668876365024256847 0.9792485282318060813 -0.18800675813773798373 -0.30263063039561527434 0.20220742519443526963 0.93141121892675615701
-5.5108900067839678982 -7.2761104534725120629 6.0739537093887570052 -0.88895037484459371591 0.0037008494619463257885 0.4579885749413848961 0.25806406842137186164 0.83016757741928282055 0.49419098534022032343 -0.37837833930262965154 0.55750165660293227177 -0.73893283539943788174
2.6468089740297209289 6.2434353556723989342 1.7929238565230354308 0.93816921551583110084 -0.013675352247121205437 -0.34590679062319112935 -0.11667432105487883509 0.92826559515405415723 -0.35314315462682777103 0.32592272989890941348 0.37166647628533866499 0.86927464275745092159
-3.2336832497823140287 -4.3318343810537589533 4.6338610724688544806 0.60957317202939909073 -0.0074313243949256369003 0.79269497498087948539 0.5921676384177114727 0.66906559874164317492 -0.44909766486952473752 -0.52702754762240433539 0.7431661994454803466 0.41224502913792598902
-0.46923607531113381564 -0.93643959562660261664 0.3735938059802235145 -0.96772061269699327646 0.0019344555057150851149 -0.25201800261706380768 -0.25085685594738510451 -0.10357758737773548052 0.96246689356940184901 -0.024241567305493923884 0.99461949572437391431 0.10071943774500663471
-2.964263338276186488 -7.4691147287791954668 -2.1376859720746792526 0.95961501293327677864 0.00022050056097407100784 -0.28131650917187761562 0.23499773948432373105 -0.55034702716748284956 0.80118300788590623984 -0.15464504321314312407 -0.83493598620928843879 -0.52817308672654428303
-0.76078804332580673986 -3.8621137167097372433 -5.507274411537969705 0.99799228317769261842 -0.010355151597560511428 -0.062483386216738628915 0.017007518852754970051 0.9941250224118839407 0.10689333055452007737 0.061009401080401023942 -0.10774140638559363825 0.99230521631701373853
-3.3670939837986759713 -0.42213805282647121064 -3.3125908347879193805 -0.98851783721972852348 0.014577943470437278867 -0.15039936523351654651 -0.14045744217250832886 0.27835220847554725809 0.95015354284198449974 0.05571528010191817426 0.96036843534179550108 -0.27310854245556476227
3.1237839287145829914 3.685560494788864716 -3.0198884974762911781 -0.71713798919449434077 0.011644991599706467147 0.69683391035792552337 0.63281466909984629421 0.42978839076459740554 0.64407106264449343058 -0.29199092284878286341 0.90285454716397783859 -0.31558670383796810777
3.1287971150809417153 -6.981559542487470793 -0.78630503783268812512 -0.99697725162519656994 -0.0095013117280757126981 -0.077110860566980340969 0.022134065637615725486 -0.98610018683932409989 -0.16467089801709383634 -0.074474444477818604882 -0.16587991617686459467 0.98332975675956413308
6.4732838470195988023 6.2956838991647545711 -5.8419186732572665477 0.90976710127721016619 0.0047656273641792654475 0.41509168894269715677 0.17844960995567657469 -0.90731829012286946412 -0.38069575400192684489 0.37480602735301482564 0.42041742257460973375 -0.82629875508533845441
4.178954902669518745 -3.5420340796906502057 -4.0729089252672610044 -0.84956914754731627237 0.001895489629231018186 -0.5274738577927937655 0.51419740345615427835 -0.21999897497388185008 -0.82897616448805733214 -0.11761502376267354841 -0.97549826146922336001 0.18592968578429586168
6.6409409419617730919 1.0439448923503686917 2.9931986994945432023 0.85563362112547147742 -0.0051198812114571137094 0.51755665701068009898 0.18539401526251425567 -0.9305703604711936805 -0.31570217502815589583 0.48323924251297883936 0.36607730198558796619 -0.79527809190654208393
-5.9261835259075494875 2.9738816777573502392 -2.8970447552414331227 -0.6728776127976637822 -0.0017155647971682974531 0.73975183340973549306 0.5866115592395451106 -0.61048068746613604052 0.53216558400308178189 0.45069124327213194725 0.79202928422384988316 0.41178515778198171438
-7.0370593174991338259 6.9057735365993568877 -6.2628311777174632269 -0.5424064857680368501 -0.0074342588195239842769 -0.84008329110433832554 0.50593058448771155433 0.79541216432707551043 -0.33369706699420215168 0.67069325915558997142 -0.60602328390620474607 -0.42767549787997349853
-5.8811650610338368494 7.2932442262790520005 5.0843829545204810572 0.9014073688852974886 0.0078657663345494642504 -0.43290054867060168142 -0.18746544419670221893 -0.89416755788893564905 -0.40659695725740507832 -0.39028382307173942189 0.44766338708769237709 -0.80453466631949444032
-1.0033906215491876779 2.1458654412710980175 2.9458034978247269464 0.95448585047550149607 0.0024788033354261503061 -0.2982458998479385337 0.11604865479704476461 -0.92425426436036117739 0.36371247508342224863 -0.27475347306610681253 -0.38176944658472944383 -0.88247527936628256118
3.7960039905782507752 -4.5562481055102086458 -2.0675620202756928023 -0.9982222131300925172 -0.0017043095746399426066 -0.059577752078047087336 0.0094779189399578096104 -0.99141073262086953921 -0.13044128294626072817 -0.058843710508141897075 -0.13077405925098778416 0.98966436894563514226
4.4478120247457688663 -5.8232516016295541306 -7.1614620418170913396 0.24503291266902094137 0.01336840974871155753 0.96942258965310690311 -0.92121068565323871447 -0.30847069091185502776 0.23710062312588128797 0.30220811429750638055 -0.95113990478215171276 -0.063270349956482563325
-4.1130209931259722467 1.9239763378632153135 1.0885292713304861589 0.9817469741005513395 0.00054066284238254210676 0.19019092125503136992 -0.11781067150830805412 -0.78331902209682935379 0.61035395902702660464 0.14931016215551187742 -0.62161967255298944401 -0.76895738384657619235
6.7987921915770037629 -2.0692834767570293941 -5.5487591379651544088 -0.99196190423822561133 -0.010854021344319921688 0.12607049916909271459 0.12629318133980463323 -0.14672796182100383833 0.98108151423157929916 0.007849387692806462577 0.98911733148327574128 0.14691933729882453163
-4.1818291631510673412 6.9106475905886313171 -6.6289706282196059206 -0.9742556455442924479 -0.0012722763119695000653 -0.22544249474761232643 0.22542385620292257342 -0.019539626894938783713 -0.97406482742961564281 -0.0031657826273805175603 -0.99980827376739256351 0.019323393246637374926
-3.9468577646724094521 2.7826910587237496664 -6.113517237204812993 -0.92301550086057604361 0.00021071552090207710563 -0.38476270709381177326 0.2845061709508330261 0.67360415438391674225 -0.68213904879259057434 0.25903402066538683268 -0.73909228029773865742 -0.62180702580643176791
-5.0876446919930584656 -5.6887069092928328473 -3.1963204661010671259 -0.99231492411622246319 0.0071882496158972870176 -0.12352902672556703711 0.034560008371015006612 -0.94248179675881804673 -0.33246604127292578301 -0.11881370795364698534 -0.33418017871470240276 0.93499032666468018249
7.0308849611890744669 -6.3650407816981831033 6.6539103771907512908 0.99972264076861194759 0.0026591853273328688173 0.023400219401767660687 -0.018766395486750096777 -0.51036896050462432495 0.85975074675977070093 0.014228982222575660421 -0.85995142472516150622 -0.51017750163843966771
-0.98848978775621698656 0.47875105885435836894 3.785161844393957864 0.93621383999989160607 0.012756946652773997961 0.35119923989786350216 0.061498718436629816464 0.97797325166773618754 -0.19946485067097502464 -0.34600802508523281764 0.20834005696128254925 0.91480755749064845972
0.99261978341289169858 1.6089735969961129758 6.6464165667571304397 -0.38983933096457018541 -0.0014953111206574437077 -0.92088167539466037059 0.8610762506163317509 -0.35509382278719037185 -0.36394514372758973719 -0.32645518322982464143 -0.93482947164864660383 0.13971711519829982384
-5.5749963149127106377 4.2504031151237420261 4.8419254924112502536 -0.94549995414531962101 0.0068717034058961914966 -0.32554971418116790405 0.044714802368521593123 -0.9875660044132605897 -0.15071155687709811288 -0.3225374755904832913 -0.15705466124721281784 0.93343634502851968726
-5.5527777528302859622 3.6264989884944869303 -1.5247034381249688906 0.99583615985889106792 -0.0015538430730260574877 -0.091147837545713969454 0.091144085202396515899 0.036277218004221949144 0.99517672761499464951 0.0017602415086198598335 -0.99934055708032087928 0.036267789073106689035
6.2972686418800103425 -3.1188496092429907058 -4.5391883954796758971 0.9548705978014968565 0.0021846563273804180116 -0.2970140884387374447 0.18083129109741621909 0.7890155114411274706 0.58715804249409542237 0.23563146142741484002 -0.614369392126772218 0.75301265886009616235
