1125 14.717824617146108679 14.977075390850430381 15.033177056927090831
-0.14640093862845338091 7.0718897404103300275 1.4182816675616838342 0.97138258710075531255 -0.0099687586876638836081 -0.23731096335308921041 -0.18048597157201196062 -0.68047452361013593958 -0.71019661839753833732 -0.15440428602557232374 0.73270392831464092875 -0.66280032429772239855
0.90321186748481885331 5.9896914544839203742 -2.1082748151741297349 -0.99696504465899815628 -0.00068375778896639753668 0.07784749323742967686 0.073173881940834156756 0.33312854544511433241 0.94003774137599305227 -0.026575980316309165408 0.94288117209168043065 -0.33206748197514956988
1.3402710330211928813 7.3511032582634179278 -5.7318959147142178878 0.82501715212789750176 -0.0084769741294765822009 0.56504410412309313827 -0.51091740370266480742 0.41607057870281483059 0.75222914070884838722 -0.24147485436029370032 -0.90929281007139806103 0.33893433031216857465
1.2450681956739253486 -0.18617772854750955225 -6.150158720537453938 -0.139344831629219984 -0.0034812861026483491247 -0.99023779898833741431 -0.98603596239852919769 -0.091602728703413127676 0.13907559437532648894 -0.091192646386608136599 0.99578954641086980804 0.0093316935153544312842
-4.2443555314098020403 -1.6605613577122602109 0.21019190394531489519 0.98056522985099692225 0.0057373180599751220227 -0.19610944186547660251 0.17026220432658417669 -0.52153599631297031802 0.83606876889867431935 -0.097481340702520902219 -0.85320999040764888832 -0.51237691251993877639
2.2760878848111434358 4.9395188657792594711 -0.30234234249524699623 0.48887984878950263568 0.00064846079655613009241 -0.8723508886601732959 0.86411629399207090518 0.13671852176844501159 0.48436667542565581268 0.11958061676118859895 -0.99060972401047042712 0.066278584708554563742
2.5459119777444265686 -0.82363517134574237843 -0.31547288912845905529 0.46224284864032910702 -0.0028331785810328351249 0.88674884943820653227 -0.71641746696694841301 0.58810885949487179403 0.37533182972990042359 -0.52256823660223650219 -0.80877681871012263581 0.2698193759010240611
-5.1406006543795443875 -5.386491762478510914 -5.2046053971780841252 -0.99982954724609296449 -0.0058372086991095384692 -0.017515805673922864305 0.018143554793187580826 -0.48631073814527631116 -0.87359754886566298726 -0.0034187531747253271583 -0.87376644073754938802 0.48633375285649016462
-3.5249346512457342406 3.9836117710185581231 0.029641212687127556358 0.90365199874924717616 -0.00031864331685583884013 -0.4282673973383276933 -0.29782794980419852182 -0.71906602134843256025 -0.62788738580864378314 -0.30775246135805883752 0.69494169209266098974 -0.64988034830994445556
0.086410363165235939964 4.8759278434045736361 0.3045439724718896346 -0.59692354223319932238 0.015008060204688231792 0.80215774187907629145 0.72429987115768790229 -0.41994362829289832995 0.54684279797503454468 0.34506808222244189643 0.90742608910319233484 0.23980390206633220296
-3.8444959779952672108 6.9300002954836363855 -0.31114595065405953322 -0.96805589941496406059 -0.0090091958215341404193 0.25057256433725666467 -0.22313352887906276467 0.4867772932631481142 -0.84454679861655301831 -0.11436434714489203401 -0.8734796512536157076 -0.47323788410066691679
-5.0321287279195940911 7.4513192063421147537 3.0853017471221999557 -0.99948253364251626873 0.0005105328204480204593 -0.032162156328617075296 0.019294759237930780849 0.8095306226744934941 -0.58676049902675342373 0.02573668994681039407 -0.58707743127154865537 -0.8091215684197303748
3.512782547514658571 4.7168302584653218901 0.34615111796960362778 0.35766428709307257483 -0.0033318545433643383114 -0.93384428920644735328 0.16589851306006664355 0.98431416579733543859 0.060027546804100141709 0.91899615946026591562 -0.17639308874261808158 0.35260677409998697485
1.3219700811506056581 4.3093754108726773921 -4.9945028287963300073 0.97092849803033409728 0.0016022486076155690975 -0.23936433425240258299 -0.065479089296529013886 -0.96005902604493997821 -0.27202785771794041336 -0.23023974586851664315 0.27979295793345049237 -0.93204375439855480234
-5.2940287104311192223 0.14588938147688246261 4.1796679642050769132 0.96556895529662190025 0.0059182227396018180499 0.26007992465190205023 -0.18623181775140293381 0.71377705221730880503 0.6751592625336055864 -0.18164333905861210217 -0.7003479809120217725 0.69030312400280890994
2.411700097496826789 4.6535644798754347562 -6.6963906830142070348 0.70443091504123378499 0.00038414123880457350796 -0.70977245534723321096 -0.047660314204001227867 0.99776843240261436918 -0.046761626904774776514 0.7081705870650064627 0.066768313864511583122 0.70287723812872671125
-3.2285692508228422959 -1.6698090826095464134 5.7537740443392983991 0.73283223560119792328 -0.010338155229456856207 0.68033082908994479965 -0.61315613955852976691 0.42340729110144348368 0.66690765055130152295 -0.29495162821290421551 -0.90588044928050004412 0.30394760835708661828
-7.1006797065215110365 -4.3901594298459034604 -2.7078916997811277589 -0.85496524688512776091 -0.0019314652700579805836 0.51868169050057055802 -0.16413059434190885311 0.94961478563949830445 -0.26700731618438017234 -0.49203208698176648106 -0.31341351013789731095 -0.81220465219276594127
1.2723531431693106963 -3.7263879260160632789 -5.4039913462189428373 -0.8866829707822034834 0.0043863448209361631525 0.46235707986781637846 -0.4036287440137051874 0.48046058904555727365 -0.77861509064490430632 -0.22555962921300831692 -0.87700534910181560111 -0.42424576758781817887
2.9387252292820069677 6.8360859762949797158 -0.28029027913620085943 0.86789230858697630211 0.010095848334499453458 -0.49664979063909814316 -0.41021326382204842398 0.57842686656973674175 -0.70508683026606833177 0.28015713248092427579 0.8156717684686309866 0.50615367947248024461
4.756626515006304956 -7.1282989811997197194 4.1175611072616540298 -0.73235912549337278676 0.015997084965465317025 0.68073064025294360846 -0.64409075378858471339 -0.3406015249430355829 -0.68493627593411321453 0.22090091034357395294 -0.94007164326931280662 0.25974620946280463363
4.4864138284128110001 7.4434360601506668331 -3.1449721226787605843 -0.93333541704467060107 -0.00078660135419102833985 0.35900470825333619107 0.18701639712495940482 0.85253269258608421755 0.48807056383107649822 -0.30644716754477341336 0.52267331032902808463 -0.79555184882788443357
4.5089388855006315993 -0.70230122291872032481 -6.1573077234416260239 0.95969504481038636623 -0.0040876663725607611036 -0.28101372199618418479 -0.097801514736811909212 -0.94225492640117003429 -0.32029754508576530059 -0.26347729443297546181 0.33487153455676610392 -0.90467716377825790897
-2.6260618579722816435 6.6587516387211591606 7.3954733543570716492 -0.99489894689581059861 -0.0086550648480755582037 0.10050460346762074559 -0.070399122632122751453 -0.6540085947478698758 -0.75320430264869542292 0.072249906562816074151 -0.75643760340717891566 0.65006315320384466805
3.2662286547332781694 -5.0666020039965697919 -1.0715451571725211899 -0.99848267266018264632 -0.014165499354370650678 0.053213635709521339701 -0.011668985272742286863 0.99882973230004856724 0.046936133800192882115 -0.05381623528352191127 0.046243967189690489417 -0.99747947764280864291
4.1815490020573440333 2.9412255004591543184 7.2840966017206056904 -0.61397038466237752186 -0.0052845877381529973715 0.78931137068321177708 -0.19404495178805111766 -0.96827936870990738427 -0.15742179269823516896 0.76510582499611257123 -0.24981420548717847563 0.59346940889461230473
6.1688908161727891155 -6.814488590201421836 2.3050699930489262357 0.85724545455979572761 0.0048559765753294148807 -0.514885084390905301 -0.51226963788089829865 -0.093054255994545032049 -0.85376854213937314331 -0.052058128492034734525 0.99564919772618998284 -0.077282768616935365591
1.4113025120174902405 -1.1810042091674293196 -5.2982944278913217673 -0.25056785829052979908 -0.0052974002543417922709 0.96808454483175587768 0.37333221458627841027 -0.92316663527056763705 0.091577404829535566377 0.89321822974223252789 0.38436350122478357694 0.23329357681356235887
-0.62367198935407563987 4.487666786167705979 4.5651908774429328375 0.96242043006869215649 -0.0056877983432080201492 -0.27150426283306994257 -0.21777156231109887075 -0.61346951012955286409 -0.75909861466734374069 -0.16224198727543143184 0.78969792268400185176 -0.59165423050419885254
-5.5909124792064091025 5.245755874169351074 -0.62027022644403018159 -0.9873262044111977831 -0.0049519833363578166785 -0.15862674410066621156 0.068004844513966711261 0.88990040584353380382 -0.45105721233785889268 0.14339563175202890699 -0.45612799249816371461 -0.87828523114876322353
-2.3372724682817862529 -6.104236514313828188 -0.48298758589668616681 0.99189964631926108574 0.011340192441621290559 -0.12651676437147119092 0.09521825041598037942 0.59285863584005682458 0.79965750337101770828 0.084074826311809278123 -0.80522669972201432742 0.58697647792338525363
-6.0035265287349615093 -3.8444496829218404166 1.9229184183892846782 0.93220742406073509034 -0.0040363862665656873724 -0.36190195649117085086 -0.2599521550180589613 -0.70320940024635136822 -0.66175631202635443184 -0.25182175368240827806 0.71097134048510135518 -0.65658629088739028923
-3.2433530624334463432 7.33428510930833788 -6.1857703972683477645 0.32203467356413739697 0.0047440780952868241011 0.9467159884281648452 0.90457087326805596383 -0.29662371371190915381 -0.30621219390939219407 0.27936571775636198645 0.9549826522963030806 -0.099814475682164144343
4.4870606541274815626 -1.5421781764281363714 -2.0571974029886432866 0.99561475618868677806 -0.005023509272831801209 -0.093413176875656062093 0.09150611455232428304 -0.15520344501186517094 0.98363536010863550363 -0.019439348213152962686 -0.98786975609699068102 -0.15406315825013980336
3.5749820972317127854 -1.2394074666268319884 -4.5043087313721388298 0.34836036899615413498 -0.0088693817183296760898 -0.93731872241029545734 -0.92338706629080280486 0.16877018027992030103 -0.34477957024040645218 0.16124943137810160421 0.98561552357718429374 0.050602969913108551692
-6.3719387909783797852 5.7379761908390500835 -5.0291586741563572005 -0.95279642072958325993 -0.010990912468003224967 0.30341091029792655043 0.27410475545986362489 -0.46087919967725232695 0.84407164763369524341 0.13055865991562493056 0.88739481807586106932 0.44213671321555253479
0.81965812150888395227 -5.7961632309759636428 -4.955522107071216098 0.88173112488024041333 0.011445801466976960811 0.47161341906927750633 0.24361569131330212956 0.8450444367692806491 -0.47597404848485647122 -0.40398220055262146211 0.53457356230352548465 0.74231360496938469939
-0.81258752597732453182 -4.2867316374452535399 -2.5776142034737326014 -0.98444547761771650229 -0.0063344681400413936287 0.17557612625681520702 0.11936346576865541902 0.7091795396123188322 0.69485015912421344009 -0.12891650258081244207 0.7049994717080216855 -0.69739248651942065127
7.0795864263973014019 -7.2969155866255457354 -2.9541475337943348123 -0.99731972001726942878 0.0042393214506704825911 0.073043851338064055834 0.024435577835730824814 -0.92170125772991473578 0.38713007379307662337 0.068965778473745964483 0.38787732552040221634 0.91912725002936712659
3.3635946785979506934 -1.5835837471796967435 -0.018876056937944994674 0.26033375682268306006 0.0015442124161597924926 -0.96551745218134055193 -0.92631721117352394668 -0.28165417244151941256 -0.25021461074436196492 -0.27232840348058445779 0.95951474327098851269 -0.071893658297737417229
1.0659528951174219724 -0.4754760758197831283 -3.395702219189415505 -0.24509052559460242637 -0.0042743210608945925166 0.96949077584229037541 -0.3689063419362453855 0.9251782076677418365 -0.089181808323152700346 -0.89657054666262536724 -0.37950891193231206522 -0.22832923733276960787
3.488477839053885976 -7.36033151659364826 -5.3244859519452285568 0.93515726172296476104 0.0057548945336187108321 0.3541860768518067526 -0.33634556690913214316 0.32813830495482315674 0.88272131074417137242 -0.11114205085087518199 -0.94461216063011732569 0.30879655199236366592
5.037669221439911027 -3.5666916873261866883 3.2910311358540020876 -0.960334501633675508 -0.0031045797213770883784 -0.278833295280228044 0.26038254593931442482 -0.3678330219208997276 -0.89269244298057381926 -0.0997926587591608516 -0.9298866756596416705 0.35405112016280188003
-6.7724533587622799402 4.8703007926234462843 -1.504376139388997391 0.87356072706880638634 0.0023513960465755840562 -0.48670948938735131284 0.012089056222873779262 0.99957499733629184835 0.026526956474374082523 0.48656501193848339382 -0.029056765766075076662 0.87316103527385258154
3.6835878010846632158 -5.1487068046951858236 4.7134451588026493596 0.58921865412824547814 -0.0055388897048595578387 -0.80795463878122453227 -0.34708182255534125726 -0.90474714305831716032 -0.24691459166964266347 -0.72962701846829813856 0.42591305195852324772 -0.53501634189288793664
4.5127729727573608898 0.31079844165134201672 -5.8399067361183467639 -0.99930325231601557778 0.0089026963149273757175 0.036245715733706038164 0.027536247956345467902 0.83141566706800607012 0.55496823657066940427 -0.025194542250547662804 0.55557963475294058764 -0.83108152698074233555
-2.6557715021248191611 -6.3082307392311429695 1.6973537779642313694 -0.86338985264959822175 -0.00059325777775403286396 0.50453702578387049638 0.061655374584957463313 0.99238052782663710438 0.1066747522860316405 -0.50075600558199051537 0.1232093179743749406 -0.85677470016213874704
2.5925061936204620849 -6.9126680388814127909 -0.69581843594716585866 -0.9625144029411404345 -0.011178276050932202043 0.27100012965939046516 0.2701658313015041224 -0.12795733778510512413 0.95427320160634554469 0.02400932585511118128 0.99171667619913483893 0.12618076882194900756
1.3988987686368670182 -3.4966793538788265572 3.5835998548426926114 0.051327640803259175217 -0.010414072288748001116 -0.99862756840973121442 -0.63118463175455907788 0.77457352624206887715 -0.04051929271179514902 0.77393244790900594943 0.63239813372858411089 0.033183829348040441709
-3.787210834512627855 -0.60235311834749605264 2.3426578778708035955 0.70740881907813490947 0.0019064039670895222695 0.70680204323024309332 0.70528753924677789477 0.063579893925902492002 -0.70606450418617228149 -0.046284443107011061236 0.99797493090369593371 0.043632414716529191456
7.2169147905519261954 -5.3724895654610209661 2.580349502331815259 -0.9747223233258019981 0.0084519324290534200705 -0.22325984244450014504 0.21883283015646659564 0.23756503500873007995 -0.94640110238050556557 0.045039814118291068845 -0.97133486449294448306 -0.23340950315840652829
-0.71744940095042608608 -4.4509313949907962638 7.3730230764289057532 -0.84414875059280203295 -0.00083335587844551558059 0.53610837746746831112 0.52923509505070109871 0.15832704818488763099 0.83357228839488750616 -0.08557511927825291187 0.98738637388366690129 -0.13321053873273627777
-4.6914891813936199227 -4.2080008565203925741 -2.9407891456015251563 -0.99969866959532371897 -0.0038459853387032144623 0.02424414168802849559 -0.0063728904028253763325 -0.91312158140763610703 -0.40763753977717598342 0.02370561699953071394 -0.40766921145027151807 0.91282192006889817382
6.4457381667783906209 -5.0986983946375667998 3.6685725816579703995 -0.99808107271812440686 -0.0019939781404687282121 0.061888579987526233517 0.045110796977621187009 0.66124849005378105726 0.74880935517512892119 -0.042416839553992100043 0.75016428764166243059 -0.65988965234296992346
-2.2578962087902345601 -2.3744990291358831769 -1.9611895267897510031 -0.67914530897758151884 -0.0039441716119449224745 0.73399325119795444383 -0.24279837456610439683 0.94489925044988753999 -0.21957767602240779725 -0.69268362085575185816 -0.32733751696014889987 -0.64268153185580068065
1.6029954065939515662 -2.0399555468715977469 0.84553932134848319713 0.9938855667437300756 -0.0063482018575262161991 -0.11023239338578472157 0.10402911559438440814 -0.28075911851023910293 0.95412381821329639298 -0.037005720193355240433 -0.95975727020249812504 -0.27838203779418058126
5.3173366084087350103 7.2018892797979283671 2.8208657024942827007 0.9087413958446916018 -0.011738235270875571614 -0.4171945461184226045 0.13444616594674724253 0.95455246811103100502 0.26599589110595150965 0.39511176132895237112 -0.29781168455212897461 0.86901950300541497274
3.030660175723615346 7.3660654237706371106 -4.0330192329716281208 -0.98003314581393685678 -0.0045482261688279505829 -0.19878215902042170593 -0.19181539832975394444 0.28490768844342750921 0.93916689785653073574 0.052363021968572551201 0.95854416836393085966 -0.280091397986031998
-4.5096932410612309283 1.4147723244005827592 5.3858213803250540863 0.99998984110634281386 0.00092263984294193267244 0.0044120765870303245426 -0.0045068778892621060711 0.22110449148588978696 0.97523970996698605695 -7.5734937328351265018e-05 -0.97524968730098315906 0.22110640353395424884
5.4722408387781209527 -0.75285631478314252174 -2.7822706846551410464 0.99588127438508922129 -0.0055777971191886700081 -0.090495168425431010695 -0.04575213262317635865 0.83079151723543820385 -0.55470009667380504315 0.078276622879891011308 0.55655578612465450572 0.82711451881924713536
1.1196072472362517125 -4.7903878832906663376 7.223020536084641563 0.71134474455697227491 -0.00071614545397949425087 -0.7028428996061569789 0.60361153299151359963 -0.51166503314434264027 0.61143438821918671966 -0.36005801147979182852 -0.85918471878464641733 -0.36353795864546101235
-3.1748057209315287963 -2.1763724778336617227 2.0418281063154379851 -0.97010226653721820522 -0.001943510139074954967 0.2426887208495841497 -0.11986462737680049495 0.87333505507724129568 -0.4721423013001683211 -0.21103095404014160508 -0.48711610971259394764 -0.84745727449552676891
-3.6931088908570135487 -6.0960455018003409933 3.8521086785059317492 0.50393111139058199832 -0.012997015644390801786 0.86364605745470179876 0.77882589407708580076 0.43917941256237608139 -0.44782995689940130468 -0.37347511521890924824 0.8983053607575176569 0.23143858180199272656
-3.328826234255124028 4.4668318924101315659 4.2396920099555748251 -0.95980772260755142788 0.0027567347528702134882 -0.2806448574916469707 0.27787788528820417389 -0.13107289079506093121 -0.95163216536979422511 -0.039408330220385277831 -0.99136890092038965072 0.12503873718610838961
4.7534007341318336159 1.7807903247332264041 -4.7459224133397581724 0.99318006806536485165 -0.0078504123912860081236 0.11632593615786293584 -0.10911673573911757906 0.2888870061008556589 0.95112451113812657155 -0.041071771076464501371 -0.95733101314610924426 0.28606020500803641671
-6.5415420454321191457 -1.1095164278685021308 -6.9697284708988922475 0.99002216391845199173 0.00080933399466543830963 -0.14090940326606787858 0.038456237739191448388 0.96047183013784886985 0.27570814512960872822 0.13556265241304005231 -0.27837601996283378725 0.95085727571519196299
-6.4918305242760290241 -1.8330519960151745451 3.1495783201681812891 -0.65851547807809041046 -0.004467392974694223487 0.75255392333816895079 -0.73314274584964644887 -0.22192130796849210417 -0.64284729701346321473 0.16987960248251179896 -0.97505434488009623539 0.14286337946031751889
6.9700406378032750965 4.9637657342235277369 -3.6408302001246259927 0.66494427280991263984 -0.0017426884643184778131 -0.74689094056243710007 -0.72410801567221949604 -0.24661980243389974854 -0.64408559577650625894 -0.18307565566336980734 0.96911074500511129592 -0.16525031987576976888
6.0897788480142152068 5.9537106235393872922 -3.8920906881230861174 0.98668130406966647605 -0.0048161348242023224037 -0.16259400064186840806 0.16134872854150125732 -0.097940489611443415363 0.98202558433714948194 -0.020654103645706172604 -0.99518061945550317926 -0.095858972780610382514
6.3314286725349138152 -5.5090095508930820856 -3.7327911522148586876 0.63675840473884903759 0.0041213073766550598412 -0.77105236451223135852 -0.4830779657243347569 -0.77727094808282981564 -0.40309496684791529253 -0.60097788064627710725 0.62915251576382469345 -0.49294289616740710747
1.3806412995865937621 -4.7786074231637094556 -4.6481511195448019791 0.4353048816389475939 0.0050260370798849091437 0.90026907031870673226 0.81820006566707936813 -0.41937900873817696157 -0.39328094229471688426 0.37557730570908209877 0.90779732648925726135 -0.18667003362942014011
-1.7021284434563852539 -0.37697002429255666023 7.3369803052599982252 -0.34068826810945540551 -0.0056091065484135116392 -0.9401595832071582004 -0.64892456517050645104 -0.72218779099981000869 0.2394612771391052275 -0.68031493640138285262 0.6916742965114488495 0.24240102073756261691
-3.1579191567984365996 -0.9106874543596031879 -0.66376066676708056491 -0.93913363158848650603 -0.0066667515329551074038 0.34348737450351896072 -0.25045539398910554585 -0.67108062081266384169 -0.69779860704313390052 0.23515977045637626031 -0.74135440566143828711 0.62856465663068494809
-2.5797780905496399129 -5.3742734471201210056 -1.2955907702321602937 -0.9845721379557696995 0.0012569954953768162909 0.17497464137255649974 -0.17478885590937567884 -0.053689477302618006382 -0.98314103559808008193 0.0081584931834590042332 -0.99855688870950254366 0.053080872258087927196
4.7508859726072678598 -5.5276228913488747452 -6.3363372073283947827 0.96251431813297094742 0.0053199772340627475217 0.27117869612353612263 0.0025673457187772139206 0.99958413306233695472 -0.028722285182137517051 -0.27121872377287403744 0.028341820201878819424 0.9621003820302738152
-4.4163151608975272921 2.1223782115138889459 -2.3879360432240419598 0.99980105172725719509 -0.0072088864037129548462 0.018598089198410695799 0.018640207752779722888 0.0058201040387807264492 -0.99980931634168335176 0.0070992689727887234308 0.99995707825171364913 0.0059533212793569031951
3.9597406175065392731 -3.5204574823841503495 -3.6721716648190816379 -0.72136435266977805281 0.0016113282971387428433 0.69255387827840431125 -0.29756486382038288552 0.90226624099991170613 -0.31204291719506399572 -0.6253707880265175767 -0.43117633744576222554 -0.65038322818930194291
-1.1250586913458135996 6.7982016717507223191 -4.6129327309439247529 0.90969010395565907956 -0.004562060470835904713 0.4152626907987940208 -0.27127705286736597534 0.75058884689468230444 0.602515679053064801 -0.31444025720750956587 -0.66075378963836273183 0.68156566384016348259
-0.76978647811246836419 -1.1920838907830688669 -3.8390170026050012275 0.024928858591684577989 0.0007502857004284928244 -0.99968894616311165802 -0.7019306101032409817 -0.71201688430392395812 -0.018038155844793766353 -0.7118089424904605611 0.70216194253000696612 -0.017223119724280640946
-3.5439599098525271792 2.8468150808221919235 0.65205155237468770402 0.921907139701232059 -0.0029175386573778508414 -0.38739994028914609414 -0.19437522431301407222 -0.86848382063087836702 -0.45601987399197391193 -0.33512012464361629061 0.49570892797141996589 -0.80122853218560796673
4.2394366959750131585 -1.4237880143564192181 4.3809635927893983975 -0.68670604850477612313 0.0021409449894425214983 0.72693205961867379816 -0.50475442698646955098 -0.72102941718043034314 -0.47469942911074669567 0.52312309391240452427 -0.69290114440301553422 0.49621591338903670021
5.8363778694509464984 -2.7171142652825985842 7.1302596636204764735 0.99062796079124826321 -0.014633345887674790303 0.13580172490332564905 0.13528429865125504716 0.24215231194403560866 -0.96076033242356684294 -0.018825563391759034954 0.97012789002695842822 0.24186251291736007851
5.8932894808376010687 -7.0827151157134853321 -1.8948883927583370923 -0.80202146950013275539 0.0018356859780877224537 -0.59729238461413702854 -0.036712000465361029067 0.99795310228308820033 0.052362531121812265489 0.59616590935981261801 0.063923672458951891207 -0.80031242188071149979
4.0770274927745164817 -0.92677913350408891446 3.1210544692395592037 -0.86112563072737791092 0.00062221195311804207428 0.50839183801143139618 0.50837223301404799169 -0.0078130136463301323724 0.8611019855499482123 0.0045078603163308025165 0.99996928436332155332 0.0064116710240715735908
-2.6766107196237491905 3.4423835780668254891 -5.9965646291659018274 -0.9779136028818686821 -0.0051131691743665080851 0.2089469808337403034 -0.17223304336442743501 -0.54664230649675016327 -0.81946199882681181048 0.11840930737046964638 -0.83735061010835665218 0.53368829074582135874
1.6798627009090720819 -0.40293591829178360131 3.9356284984321576736 0.89893141593025649438 0.0073129666182637602379 0.4380283438007085417 0.42822689752326459356 0.19629601712429786686 -0.88209387136448491606 -0.092433942311141478743 0.9805174114622174919 0.17332504760839792524
4.7971137880016243571 -3.4873021951304230548 6.5095977773079640727 0.7761796947770916999 -0.0083417444599066560562 -0.63045657797758825058 0.46985706923379172428 -0.65913077554459786889 0.58718051331859644204 -0.42045144298346304179 -0.75198207161431263046 -0.50768449657613923254
-3.4802397794237607265 6.0852362588496546891 -4.4499251400252903821 0.9975160044965853956 0.0061510019955046575657 0.070171119042092874873 0.048242687340213884217 -0.78553397902866461955 -0.61693517561379818126 0.051327028857745926604 0.61878795476797865405 -0.78387945702310202201
0.61907400629398867675 -6.181902911330747763 -3.8567346865688860724 -0.93319095245124905613 0.0083771366313767931661 -0.35928327242581342693 -0.25787321455691974981 -0.71192790861384536161 0.65319220613132811248 -0.25031190838080397132 0.7022025893703810473 0.66652492226792137142
4.1311913102826069988 -2.4573235213129858145 5.3824124317533135198 0.65577035023750596121 0.017922694922016941393 -0.7547476563436263941 -0.70253687577925150176 0.38052012981114974322 -0.60137040913122596919 0.27641849778855842601 0.92459894430792832765 0.26212517289480313787
-1.2406827848660850755 -5.6271945160287710763 5.8802474149107730739 0.99939670387342238733 -0.0090348815712522102805 0.033535044387034473878 -0.017555974573197102861 0.70170912311380762016 0.71224721431239168545 -0.029966915821130042652 -0.71240625871333007613 0.70112716856661327913
5.203491268870630293 3.5078378955279871931 0.15231412283552553388 -0.12178431519140862915 -0.0032941714932275189751 0.99255112160909220176 -0.19501987422960564977 -0.98042254115332028164 -0.027182521112214204362 0.97320903675876146988 -0.19687759962149747883 0.11875765886231168245
0.59529276512931461607 -0.4975677480550117493 -1.3997483075971188793 0.81980319843679616554 0.0010565201824582549136 -0.57264439192033367299 0.55126548051575285925 -0.27215223569836433093 0.788694827291390399 -0.15501317951844134635 -0.9622536278806428367 -0.22369369639330896615
4.5280843538917991964 3.6367676625235310084 -3.886398246824136482 -0.99998528492368377041 0.0041187780830643540286 -0.0035306660838783157641 0.0011660498047426949564 0.7987983764852449875 0.60159770116939170759 0.0052981377621567011041 0.60158473168086668004 -0.79879142480657783221
0.50613051509644968462 1.3932580274232388984 3.7218342380824402937 -0.9365771091260564063 0.0020214749775354801803 0.35045574941789020551 -0.16050823047535139887 -0.89141623204942788128 -0.42380916600330947874 0.31154522402181311636 -0.45318099571548769999 0.83520450101252885489
0.84994432633381056252 -7.0536864808752355316 -1.5369044255750765604 -0.99997166937693815481 -0.0039851803024806816203 0.0063858266139755412438 0.0075095668716970639944 -0.58638587709923484237 0.80999704292307050935 0.00051657427952842005503 0.81002204999406191011 0.58639919139987362051
-2.5140683348683552367 -6.6876611954402465088 -3.53772349116254059 0.96861323152882439214 0.011098695009632529584 0.24832484103775123718 -0.17783373564522819699 0.72893922446049674857 0.661076976992288734 -0.17367662529483388067 -0.68448844110909712324 0.70803390018716294563
1.6754269267602657223 -5.8357657007892118628 -2.6547643264105471594 -0.99131590878851094661 -0.0011268863892154243334 -0.13149714487394781326 -0.12039444861646590723 0.41000458599129580017 0.90410254739633866272 0.05289561158792042278 0.91208276466187854226 -0.40657973963490012803
-5.9731097600334228659 1.3809117685964915623 2.2157865053272161049 0.85277664356736693207 0.0038771116304149024975 -0.52226139450601816172 0.52219725688412488296 -0.023669703614327117225 0.85249619942463794597 -0.0090565494874579703655 -0.99971231518682213135 -0.022209587460486047983
6.4296153499296551104 7.0307587040660193267 -6.4132484816021957386 -0.82821150971199353208 0.0076753728721640100338 -0.5603630821456624389 0.056440808367686230718 0.9959646516955540374 -0.069777128944007033029 0.55756625644966240074 -0.089417566641815215966 -0.8253025920500405288
-1.7319312913035695978 3.391044526955184768 -7.2342622220155803348 0.80055277695927540282 -0.0018517732550097998692 0.59925939478538448046 0.050086424430900534921 0.99670305978605611141 -0.063830719100360783225 -0.59716547236967321144 0.081114619822522826542 0.79800615101681759977
6.7745383124143687681 -0.77741553812929797829 4.1403581429480409426 0.96113154280632706605 0.0084131787635645677997 -0.27596263487252808977 0.20921714142019631755 0.63000880202404252461 0.74787505447645863388 0.18015089552557311814 -0.7765424185421384573 0.60376115065973168239
7.1850413139786066807 6.4488619189525540065 -5.1771017214556200869 -0.87545694128391116084 0.0028475464124927767594 0.4832877356577843786 -0.33772052017119147393 0.7117140279120299784 -0.61596103182638861639 -0.34571663861188872691 -0.70246354635149155232 -0.62211331108910405963
3.790936112514855072 7.0946938691025795976 5.1749111022712384056 0.98588958042340335552 0.00021912130976174367183 -0.16739679566351442497 0.022868274751161765668 -0.9908002112674603179 0.13338659363755869802 -0.16582755266382404047 -0.1353325287511390751 -0.97682461549619337138
-0.77878800936472647454 -6.285298485801409818 4.7047258009018522174 0.87953093651605873671 -0.00042662875309955284805 -0.47584151741841385075 0.41530685978675085934 -0.48741883158706511558 0.76807753178195281585 -0.23226180040043559183 -0.87316819720042182507 -0.42852275957363433756
0.77461135439769379651 0.48985686737019090709 -4.7074321703145969309 -0.14262978705898066156 0.0016990207206412340571 -0.98977464969156703223 0.73366284714054208482 -0.67105627858739758107 -0.10687515003111738854 -0.66437607615666749439 -0.74140446741107224327 0.094466105740278097369
0.19367320860238210201 6.5354442802993331085 0.40885065098551570673 0.9791199820067909565 -0.0072687311108797572623 -0.20315320913783832535 -0.20102145504293630895 0.11404051074037821478 -0.97292606940224435341 0.030239633717830127074 0.99344950926464636876 0.11019817191988895422
-0.46767614556113329405 -3.8173866112677221629 2.7503466257216269142 -0.66894884670991905384 4.7710124285106798869e-06 -0.74330844234577153617 -0.58329354221530460567 -0.61984603724215370235 0.52493764746401982979 -0.46073428795261839319 0.78472344816017158831 0.41464807465155234523
-4.7403410132989733938 -2.9535165843809760844 -7.1506221913433201109 0.98985103582801259314 -0.00070730977552248817421 -0.1421070954705517253 -0.11828246767325867328 -0.55836363190133209145 -0.82112076603325279134 -0.078766647201214207152 0.82959601872401012024 -0.5527804817519660352
-2.9190880700775645451 5.0621075856421597905 -0.091709910480053016824 -0.84680723223635268049 0.00010681051822490281178 -0.53189989661943015697 0.016186565725930933402 0.99954200622450484204 -0.025568982826562013794 0.5316535587412600794 -0.030261632214750838754 -0.84642112869036534306
-2.7707842206263846307 -0.083103774775409755549 2.0313565550045424857 -0.49600969702518604709 0.0026776448945473839414 -0.86831285299405902567 -0.071550288959419922064 0.99646846994455617885 0.04394478986273121085 0.86536404859855631244 0.083925077444559306739 -0.49406643760648666364
3.1947849122261677834 -3.5093144698490168487 6.3469528198325040336 0.76100481115162998957 0.0061917165784842118081 -0.64871668704449736431 0.020797198847243649616 -0.99967334050933442935 0.014855598103340524746 -0.6484127959288670251 -0.02479667156513444895 -0.76088499206849324885
-5.4714526145765862708 4.0068969074743323588 -6.0701870452173105619 -0.33485132625051561295 0.0038144958146686166328 -0.94226325351776907269 0.584571985265076699 0.7851309464125375559 -0.20456048256814107766 0.73901974489957722447 -0.61931804963757119964 -0.2651319860777798243
-2.0133357166022407547 5.3828737590500903565 4.1520704243513888443 0.98338833078736864746 -0.010690670861069239556 -0.18119906298785753984 -0.024501011250506153638 -0.99694604454832913554 -0.074150419467874623125 -0.17985297139284500689 0.077358217508508464455 -0.98064703888059523429
-1.4017028146233037056 -6.2612327825820859317 -7.3650901078053356841 0.97134029480800299083 -0.0054288498641241206971 -0.2376311412076486107 0.19182728432407711305 0.60825039638740308057 0.77021668917479757521 0.14035784506514856207 -0.79372664241773438487 0.59185952087040527569
0.1626457317602560404 -1.8791253822657809636 0.061767270639357919892 -0.99301300808833525835 0.0082126831262108422604 0.11771880734636830379 -0.11595578255125231493 0.11718947918226521598 -0.98631682661395936318 -0.021895713281899056857 -0.99307561535109389883 -0.11541836914035177863
2.3372096165152793645 -6.0642218862690304704 -1.450891541819800068 0.96937220513357003071 -0.0011159449955944313396 -0.24559373481690821572 -0.094716062981091031503 0.9209337725921592499 -0.3780341967500992495 0.2265974301000159008 0.38971751457416214937 0.89262190400313023986
-5.7755370337792255597 -2.3039953017793939338 -5.3403601982478363652 0.97356639982383796905 -0.0015818500882584561953 -0.22839869282521468863 -0.2196864724678921077 -0.28011882931413589759 -0.93448985830681507991 -0.062500551586284203154 0.95996403016678022446 -0.27306179124415091986
-6.2671104600203841883 1.3541961807653113414 -1.8877252712915306709 -0.98732700117456029254 -0.00555171102767032347 -0.15860192702601946801 -0.12508349532103296697 0.64229074150235421214 0.75618564028858392678 0.097670425155146095575 0.76644098395438764459 -0.63484541910998593117
0.6859205764287503726 4.4302467987912024228 1.1019119803498280685 -0.620916639047550456 0.0013740502773181501386 0.78387539784058768433 0.56897045066809437408 -0.68707054764652886192 0.45189234207192635617 0.53919862167896437377 0.72658941262762799518 0.42583174122766959124
4.0187801281105119955 -7.1999521290111436755 -1.740187485123254385 -0.9617228124610014417 0.0080690878935139043193 -0.2739053154152599201 -0.18415097266413807398 -0.75923907346806063234 0.62421506597179809983 -0.2029227716620492783 0.65076179907851994244 0.73166346745004740004
-7.1818549338542361227 7.3177113268284275094 -7.2399663125395044005 0.9809605948849907664 -0.0061807005644456715354 0.19410850116172018165 -0.14141010800540451675 0.66234737215067251981 0.73573034459572694832 -0.1331145846127537169 -0.74917138062369859064 0.64886265867112691286
6.6443185166007614484 -3.6518758392042318661 -5.1016123104889663509 -0.98779739895051066334 0.010956339089407841209 0.15535847984704995173 0.12156447669356643115 -0.56931932349280822692 0.81307907727591444136 0.097356954722506369726 0.82204346997681920772 0.56104024529052287651
5.7499836285349337217 2.1231692475997658853 5.1243988461282521385 0.93786635483340652364 -0.0058419995896245874994 -0.34694750541294677726 -0.28424920239054357607 0.56053525970057271888 -0.77781913937168589701 0.19902032914209094594 0.8281099526471601413 0.52404657704727175549
-6.3643593762161243532 1.727723115650752872 -3.0782280254514344797 -0.96768418759069185775 -0.00063080288903386537436 0.25216446057007069204 0.029821861145502975843 0.99269290016763012119 0.11692502963233003532 -0.25039562632904399653 0.12066651583778387202 -0.96059441090957953246
-5.9060420799422033156 -4.5201310593010255445 -5.5800943483303120374 -0.8793766348013234424 -0.013490451010199702719 0.47593564890343686979 0.23211894747338840395 0.86061715104258806885 0.45327575884364229575 -0.41571327665767449089 0.50907379333739644078 -0.75367522484667714977
-6.5828636704774607935 5.0016048350256250288 -7.2629934511651521589 0.96289832726712176747 -0.0018019162684051520315 0.26985841555151957039 0.26948519346821070419 0.059415454378440125949 -0.96116987795202468714 -0.014301812738042065515 0.99823171502356544682 0.057696631388987958122
1.4246435415333527086 0.30038512257465671551 2.9071451331020270459 0.94325037160795233149 0.0036525514010493243672 0.33206233651190952827 -0.25178329172688657112 -0.64412214274510826151 0.7222962267881903875 0.21652692781414487055 -0.76491393247458772109 -0.60664879909030600125
2.2993256569434987746 -3.5104694583067943547 -3.4119763319557483428 -0.68200588168684916912 0.0025838850282550859458 0.73134212300595435874 -0.12359418595303631183 -0.98601790232253727631 -0.11177286566083226294 0.72082761777223025579 -0.16661938613978141688 0.67278936199910177596
4.9145722380142808916 -4.5541100219533978688 -6.4075655887676994382 0.96841208133648837286 -0.0010072921328716207337 0.24935321550779676603 0.22267591415720464076 -0.4465462270057989902 -0.86660943013630109544 0.11222066643798758734 0.89475999715532350542 -0.43221646141105085626
5.0832371000485006007 1.6231139470926281287 0.85608725901577731321 0.93022489172241240585 -0.0031498548099336146425 -0.36697646959233937158 0.36684638007538783455 -0.019990676162664842291 0.9300667214195310617 -0.010265682899002951875 -0.99979520467002924722 -0.017440311734085431339
5.4144199130069088355 -0.83408959301412965992 -3.9652472399890004162 -0.99490850324012236605 0.0072152643387592835245 -0.10052367950407567476 -0.098959848187805801722 0.11888591841546028438 0.98796411212613988173 0.019079272186515484899 0.99288170411338882992 -0.11756658968349135985
-6.6564125787327554917 -6.3180222394519471862 -5.6050940430641951195 -0.96830339610496907188 -0.0087778336164215375881 0.24962268071742971243 0.12189593594837512536 0.85568709631830919271 0.50293237516958932964 -0.21801356354782228109 0.5174191171878101958 -0.82749473912389859276
2.4846821960047114075 5.2467205278309698713 -5.4465221967807151415 -0.99913386056229813725 0.0016811620711489883278 -0.041577666746156788369 -0.028891790870382395157 -0.74710600555503448028 0.66407671310167326606 -0.029946503940614599415 0.6647027833232729277 0.74650747936243599945
-3.0214208355868743539 -4.9259129219716832893 -2.7826255838384823527 -0.75809636590380102827 0.0024993236182824750402 -0.65213775644795579645 -0.64599052330557016344 0.13415428448168020825 0.75146448469280646698 0.08936522703461730055 0.99095730550648930546 -0.10008733616385916132
-7.1377166344678064647 -4.77915900677821881 -7.3337047076161780979 0.92366036140579343972 -0.0026680672247080877355 0.38320284208892296807 0.32833906074274793463 0.5211337871561678714 -0.78778997015381846403 -0.19759807174749252634 0.85347082978951083199 0.48222665287193289263
-6.5549524402853034388 1.0511756261566942428 3.8225508282303457541 0.82369251154973033291 0.0059621051899292707571 -0.56700537891512547972 -0.055372918733489262522 0.99601124105270566478 -0.069967475070215973121 0.56432657769053085062 0.089028428035468593071 0.82073713984056961834
3.0169482275471675159 -0.033531354934723020533 -6.7902326535516861483 -0.9995719454188043418 -0.0011000083008534944362 0.029235524851495334892 0.014727974014443045297 -0.88235443714599259835 0.47035490220707193432 0.025278700778232889024 0.47058414468670617392 0.88199294218055790395
4.7653928659285629266 1.0107219654874404213 4.6489474446842145028 -0.98967125087805718486 -0.0087861634237561946764 0.14308605284129721769 -0.03844893529475815197 0.97781870666916026469 -0.20589379850432160124 -0.13810320257006894473 -0.20926867950109634409 -0.96805688119021471305
-1.5078306839489972191 2.537690855595237327 -3.7087655855368937274 0.98793798512170705184 -0.013265337611423174552 -0.15428081012156638629 0.15460873613775041879 0.14010124177980912141 0.97799170792069567426 0.0086415428940881493236 -0.99004831845210483632 0.1404622755995169614
6.2627322192018697322 -2.1144977939937432687 -6.201579994665143758 0.90022728821871988991 -0.0056454241465224716881 -0.43538369139498217519 -0.053896497244395859261 0.99078147934917082384 -0.1242868768760888587 0.43207174998063191396 0.13535209405483364375 0.8916242557848111927
