1125 14.717824617146108679 14.977075390850430381 15.033177056927090831
2.315575934276983272 4.9467649818040930754 -7.0445654047718146984 0.91913698209993932586 -0.0031230987700909540461 0.3939256965345678263 -0.37381561461269052771 0.30859305147898813404 0.87466120003729352916 -0.12429438606768110354 -0.9511890321239301338 0.28247182294723094387
3.3531355049759059561 -5.9488790472523458419 -7.3658656205520527394 -0.95403260826865865507 -0.0049421005955796685344 -0.29966207301183350742 0.070731527586657086393 -0.97533241984602025987 -0.20910218029111690696 -0.29123673079698070287 -0.22068585464176695976 0.9308484947594377612
1.5703810300715781434 7.0453131837868552267 -5.5567017167113652576 0.86445015461480945174 -0.0019898196734232944348 0.50271460174142312827 0.37330568172850286945 -0.66721807182638614986 -0.64456412607087476552 0.33670283363175573799 0.74485977555912463721 -0.57603395436244109185
1.1091230774106284329 3.7536160637709983234 -6.2785386282933597357 -0.86981594728956757034 0.0041119099901040850539 0.49335920994440601861 -0.36268800286939328892 -0.68324867265079014533 -0.63374179591964263647 0.33448113611274910006 -0.73017418710689585559 0.59579193185832013402
-3.6013429735696473877 -1.1055603317451194734 -6.2853499683670897014 -0.69482607104702953649 -0.0040934184226556142097 0.7191661664170577728 0.43226456136774049632 0.79681856077928714388 0.42217002520689700384 -0.57477306824420837383 0.60420478740512051363 -0.55188087020463216792
-1.6693240864301013282 -3.2815240627808313079 -0.0055124471200703184515 -0.38900766179361978558 0.0036145767680523686535 -0.92122742789206324421 -0.84119297004057858036 0.4063054634539178811 0.35680562989075009783 0.3755894383766412159 0.91373015995002671019 -0.1550153817452699645
-3.1487838574721851437 2.235341866119541443 -1.7518254059766347197 0.64138270438093381021 -0.0033435660257189565511 -0.76721382096986456833 -0.56196014595933230229 -0.68284902328456653642 -0.46681688674748939016 -0.52233037521694003491 0.73055186808716121583 -0.43984650409000330962
-7.0835772210024492423 7.4793205858722506818 4.3994854003968750789 -0.95429364891922652259 -0.0026871953562439977042 -0.2988585127006785358 0.038331333156430835718 -0.99280171871001599015 -0.11347006752850753719 -0.29640232882175149287 -0.11973941000184944172 0.94752737858134394866
3.4293594670921088152 4.7472985737190205313 4.9459222593425904435 0.99876740798499752394 0.0013573066641040503616 0.049616755896077120724 -0.018928798175224630096 0.93449754611056090603 0.35546594339410220176 -0.045884260337018069331 -0.35596698446911578806 0.9333713840809699791
2.9830635591025926878 7.479575679111423625 -1.4059288015628408353 -0.94455450768875670597 0.0080028934874333580718 -0.32825711827874654025 0.16283161699937837019 -0.85670440541706083248 -0.48943173808456719165 -0.2851361894082274917 -0.5157455917745866758 0.80790088380626068343
0.34164234040787649915 -6.0440827615217562752 -6.456350874161537412 -0.99173142977667716469 -0.00026458896833055946252 -0.12833043748767380965 -0.092697731598821775378 0.6930190761596616289 0.71493474571831150399 0.088746277384063487759 0.72091919801843684645 -0.68731332605946815484
1.3206905371543200545 -0.7996875625822769118 1.4514873125815661581 0.99208945322098052166 -0.0025826954770481278661 -0.1255063603637665004 -0.12135558709776442243 -0.27550268304450337142 -0.95360950766825069991 -0.032114456057083788643 0.9612968330954048124 -0.2736367307084546785
-6.0347849397026944729 -6.3192761412306879265 1.4149744042486198659 -0.99379790935095146942 -0.0053066598419028348024 -0.11107454582882864136 -0.095411661751091739192 -0.47235818783571958956 0.8762273433228408015 -0.057116811637523461076 0.88139070890607340569 0.46892226230204769877
7.2692500321544777364 -5.0663411405789124942 5.7170749547397585744 0.95030947188131598136 -0.0064518967315085988534 -0.31123990856144639894 0.22602182810459678364 -0.67320287797855526968 0.7040681915139835878 -0.21407017744898099165 -0.73942968435817924 -0.63829280194680004801
-1.0764818376831415403 -1.4839538024839329378 -2.7809389774944044404 0.98350982285803389971 0.0039408563257798462018 -0.18081177504031001324 0.023964633347271821484 -0.9937863942967355424 0.10869360081997023193 -0.17925993609940854556 -0.11123431198193725611 -0.97749312179036618176
5.1862549667750457161 3.6493954697061901093 5.2367779631373920779 0.99267436211517878775 0.0036755578602433430085 0.12076465159019682261 -0.046973049706184689944 -0.90916191240403376739 0.41378514912339275922 0.11131551284779010735 -0.41642659294063349984 -0.90232906929295475518
-1.4332348290149627967 0.31499888147853932763 2.0849732224815058501 -0.97821735262480413731 0.0018313397552689007763 0.207575184495695092 0.20727759706410395224 0.062863028671745285747 0.97626033279120694175 -0.011260940415572916889 0.99802048366806972446 -0.061873301189119392363
6.1495097793743775938 -1.0118287038367932418 2.6500733032315895166 -0.98198305033505561834 -0.0012039857829384955842 0.18896518005437093479 0.068142029621834743214 0.93044592610298915147 0.3600375569263318809 -0.17625536205679398494 0.36642724928240355542 -0.91360008665156078322
3.9139670478489940741 -4.8375611795912334401 2.1634958306154130625 -0.99802721946627048766 0.0074846190940094960153 0.062334979596693984583 -0.062756054760520679769 -0.089997755500936513218 -0.99396281700864852482 -0.0018294248260170996225 -0.99591384390511583646 0.090289914846539739979
-5.9806223390416448638 3.0832637631220065622 -6.8846521027730283038 0.86576728674504199734 -0.0035230276667223376849 -0.50043440477049827564 0.38688348908757314026 -0.62958576491860762658 0.67375287048225951381 -0.31744002752244726562 -0.77692300319136853304 -0.54371175823122541715
-6.6209148897323197858 6.3728196742569753752 7.145038559053634053 0.76654041179522525162 0.00059623285541274620436 0.64219579692740780263 0.49738405125145618291 -0.63311874796397049625 -0.59310180958846647759 0.40623257211290886293 0.77405445253087512558 -0.48560766249269238237
4.4147467074510382545 -2.7399900169865984978 1.8952825208636869814 -0.93576086438681593815 -0.010305883102410966917 0.352484600309281082 0.15916890561144536598 -0.90429983736263153116 0.39611496264650331023 0.31466945223241338248 0.42677346791874681831 0.84784877361016575126
6.8638297578386024966 -3.0943911445860425857 5.1925138265323740328 -0.93468484231833437459 0.017949080361888615498 0.35502404996639708168 0.06866395826973172023 0.98903191783455290942 0.13077127490084061723 -0.34878289289342601087 0.14660728501209249752 -0.9256655970739687822
-5.6265376445939407901 1.4872934535979793758 3.4083176754446311563 -0.98109389947076963701 -0.011790034287949217873 -0.19317286432844865685 0.10206812257086109175 0.81652007273628335327 -0.56822272849084898283 0.16442888668424254783 -0.57719664405662363116 -0.79987947549215399068
5.7290509236918873981 -3.6524432502889858654 -0.95738370616226398102 0.96476966254727836159 -0.0040116515434111925387 -0.26306540038602460596 0.16492193556358869522 0.78827011865624674325 0.59281613945943689714 0.20498842259585137171 -0.61531628183044606573 0.76116070570943195062
1.3991174035231415118 6.8437978813546260781 4.6476594109087407958 0.96195231827156257864 -0.0084516172051221152839 -0.2730866300983734174 -0.08613827414814785588 0.93916509620675081571 -0.33248927771231950867 0.25928350332917132759 0.34336204250543739258 0.9027040338160617905
-6.1164178328926039896 5.5181331097199004532 3.4978906904305118175 0.04601510820880963526 -0.0037981371630848742051 0.99893352329911222487 0.99402690987191355543 -0.098890277785018451673 -0.046165088650776890666 0.098960154946633446804 0.99509109488213387529 -0.00077499628557825984282
5.9007416633970972697 -0.032719483832622658914 -2.0256789752345119027 -0.75790977884273735832 0.0065136863199829692431 0.65232686517187943309 -0.33601697187241880149 0.85320174717565411271 -0.39892276599619080901 -0.55916487885792187651 -0.5215403632576463 -0.64446123835726265572
-3.1073839659084230291 5.6321910412739759622 1.375261692027834437 0.99979037409296478423 -0.0054619569469624568159 0.019732584664394387658 -0.0066176681969636972497 0.82582672091882047827 0.56388512436848903242 -0.019375611960977125181 -0.56389750313581321617 0.8256174608245452351
2.769206745733345798 -6.246971320460168009 -1.290514640059053475 0.90366569636715010638 -0.0021181203775712462156 0.42823337419596996245 0.12104169256544973499 0.96047468898624110967 -0.25067365333748781175 -0.41077635992115713037 0.27835927392986653528 0.86820440954144495471
-5.8846000024992921595 2.7225271237289341286 4.3128899655807275693 -0.71005067780206609918 -0.0001105330991232715554 -0.70415056822755095478 -0.07293254575000643336 0.99463315636010063425 0.073387519644288579101 0.70036339047888995779 0.1034643515977430317 -0.70624800829825173931
1.9830063549318683869 -5.7707874049415401885 -2.6307306816172979502 0.87058557856797436081 0.0026458715220901915521 -0.49200990818636980428 0.28014668927656644071 -0.82472536877521207543 0.49126968010046029312 -0.40447321651376116902 -0.56552724555276057128 -0.71873524448199233028
-6.0800222818632523314 6.5083663290414621727 4.8570589160818498087 0.32855430752344089163 0.00057630401853458221133 0.94448490452815658802 0.8336250186555660413 0.46990297380104306679 -0.2902766326875275138 -0.44398355293792074461 0.88271788420010299792 0.15390822471215745426
-0.1660686248334468651 4.3840607614386595259 -4.6925975602571412537 0.90994632319558799161 0.013360926673606226753 0.41451076529006053439 0.20029939990152859086 -0.88934172982545622865 -0.41103702751721871156 0.36314988544955456584 0.45704788942684126951 -0.81192942271387125164
-1.1468452619995794795 -4.77852966593532269 -3.5693539392755928574 0.80285058524315267015 0.0010032164480239906534 -0.59617944557953395091 0.22628421378835311684 -0.92567995090900356825 0.30317005636320937256 -0.5515672147299250927 -0.37830625429912234647 -0.74340970238037651363
2.5466329855929972226 3.5432955643971300042 -3.4976451429257022774 -0.42874472330849111579 0.0063249712658990375758 0.90340354049197668651 -0.56441897215921676967 0.77892704797431022712 -0.27332010134759954223 -0.70541419471238586691 -0.62708264899641319445 -0.33039092788043172844
7.0529456624170174805 -6.577561717450108425 7.163698478148374349 0.97556979388792797181 -0.0061825886865656560359 -0.21960271594534103157 0.2047606581243807955 0.38778882193609198747 0.89871736517425093727 0.07960307869606413067 -0.92172751134948405216 0.37958101201658234203
2.6897281864616697789 7.223648326336415515 -6.3886470786719122827 0.93989351065362047866 0.010262083424578101812 0.34131346043619636976 -0.21512150879938293779 -0.75845677899635266517 0.61519594508283326206 0.26518469994147103597 -0.651642543146351505 -0.71066100982026403354
2.5128230765668999602 4.676401735361245926 -5.8561145316564484631 -0.95436400030699841679 -0.0015854919116335105048 -0.29864166007676962167 -0.26335654099940897233 0.47601839376901999845 0.83907676711165024575 0.14082857391477549003 0.87943389462131771328 -0.45471236816274107628
-3.1159693272607302816 4.7023546198792747219 1.7170427620647021882 -0.85346376080080266213 0.0049485797301348066063 -0.52112869865185507123 -0.48129675130389276694 0.37603818681748407693 0.79180093409850427211 0.19988258099231961951 0.92659095269367941494 -0.31855322977832839504
6.0404079980209397505 -3.8779458644853117555 6.0991315907068415214 -0.91849914905402385568 0.005569834281641248587 -0.39538372517493369784 0.39351193120379479584 0.11106102590814322106 -0.91258632935428662947 0.038828767523079947555 -0.99379798021033594058 -0.10420125403434041256
-4.1705338676601195758 -6.248079727403884398 -2.8578979978075702562 0.94375274309878554035 0.01312953652417226183 0.33039124559243604473 -0.27002511015529406802 -0.54608265972224845353 0.79301965211229685782 0.19083291062883686595 -0.83762840449775277651 -0.51182170352538614022
6.3491153057903435553 7.3525521774914102124 -4.3818724295776592115 0.95595807475679772658 0.00085854106310444440464 0.29350199695165601899 -0.076792981022553816195 -0.96442903943428148761 0.25294162560049898714 0.28327900976425873791 -0.26434048271691679144 -0.92188779784967211928
-3.6451636848793418366 0.64631205755452802997 -4.6931608539558453685 -0.99076416095303310172 0.011634759328566874823 0.13509629804867329117 -0.10219058407619249773 0.59079743208856005943 -0.80032210938082037899 -0.089126101099799279193 -0.80673603279690198065 -0.58415195924504015323
-6.192647382555243496 -4.0998956110937587738 -2.3375511400077977342 0.90879294316216185923 0.00026388861785141140906 -0.4172473089445842831 0.41374497056152120811 -0.12986711387304625265 0.90108247795041607198 -0.053948918374300020018 -0.99153137272456826068 -0.11813149922515962797
1.3634367408563319302 3.3248647438001803778 -1.4875924259325872256 -0.027670000531301509883 -0.011771898292211474893 0.99954779449577035866 -0.71843112980219980823 0.69549974380446322186 -0.011696926911775817892 -0.69504753995813473022 -0.71842990526467265244 -0.027701776470504171218
3.9128976253014209341 -5.3891805925671656397 -2.0618568342654031156 -0.65515318716441195424 -0.0056009783692695987861 0.75547530097922721559 0.55640604112766589573 -0.68002030287265258224 0.47747743933885833378 0.51106420217516501658 0.73317188756951279238 0.44863388696437778158
6.7416478024831514304 -0.14715390897249400193 -0.73282096906365223887 -0.88331906145735838987 0.005094014814446084366 0.46874458575988664499 -0.24380755479798288388 -0.85904841806938048165 -0.45010408977907490069 0.40038145797429430806 -0.51186899342067992968 0.760055801691453925
-4.083554336382465344 2.8168952458615468259 3.9017984949867678957 -0.93300138517257225068 -0.00012837473506890906272 -0.35987275360315756911 -0.22336253820052609509 -0.78386461678021479571 0.57936641177119929669 -0.28216589410238951396 0.62093175637896624863 0.73131809913708134552
6.6412846728939625152 -0.19190884205699365594 5.1435609454129025409 -0.95012081956038108022 -0.001214518979787561348 0.31187970947401272293 -0.28511332749747325677 0.40870961326203320008 -0.86698722165358366176 -0.12641526300745414835 -0.912663671332897386 -0.38866978826227360777
-5.0859019646194241204 -0.35714321155149830744 -3.4969838997833653238 -0.995674725725185783 -0.004000410433268646905 -0.092821534506840525092 -0.077451072909633697505 0.58754341919544783579 0.80547753653672082841 0.051314441018243513171 0.80918275270579209657 -0.58531196883928005015
-4.5854093886343463282 6.4557404636929121011 3.6163502270628251622 -0.86540642546602586371 0.0038277709177767871643 0.50105595189770812947 -0.055532355557077028863 -0.9945433481370977713 -0.088315831891313534285 0.49798381123138779625 -0.10425390566392410407 0.86089676901782818952
-0.40420484049963556483 0.28717158384634955404 -5.0022324702384084461 -0.72563558684395101928 -0.0050730962632486147762 0.68806050518830841334 0.3136216355833851277 0.88762316158959542189 0.33729303684457129231 -0.6124495610249609534 0.46054249174656053389 -0.642499921008742092
0.4930881358190929431 -3.3802183738166804439 -0.75144502113338418336 -0.91853369486657510112 -0.0065978142123504866096 0.39528764241014302527 0.27628756051574127062 0.70444997431767808482 0.6537701565445267482 -0.28277382357447350403 0.70972297590793842481 -0.64523814376515242763
5.7734244862634263029 -2.0518657953364227708 -2.618932303215210311 -0.99250261106444614967 -0.0071719431611588120579 0.12201282826592431408 -0.090968585311754140976 0.7100619246719369615 -0.69823834012297913976 -0.081628937984821098306 -0.7041027100946343209 -0.70539073577758271139
-0.56277312398505408009 -3.7858722796952450906 -6.1211231573958722052 -0.99989231511577358891 0.013044208146344122429 -0.0067236006833349968095 0.0059732513826502948648 0.78025319748481214432 0.62543526290305628823 0.013404418683150485375 0.62532775122216877062 -0.78024709234397204849
-2.714800476214715097 4.9725200419545538821 7.1883058620995345933 0.95732779694292480244 -0.0098935830312709138745 -0.28883491169719266445 0.14219339233351632745 0.8862029724951320242 0.44093687838202449969 0.25160391168866502731 -0.46319154629098518994 0.84979354143671326227
-3.4514899710798951915 -6.3996582480707173701 4.96432870903108725 -0.96850758269370162967 -0.002464756064783807897 0.24897186034260926357 -0.12682960777783694462 -0.85561076166724547853 -0.50184108551434480905 0.21425991892048840137 -0.51761390002275997624 0.82835290646396297909
-2.3770535411142064142 5.3776517804008898693 4.5305314033806727281 0.97102856385475988521 0.0097320446234028488985 0.23876518901545024098 -0.23744266044653714043 0.15184065427694359851 0.9594609938443895425 -0.026916745312113247307 -0.98835707262935612594 0.14975241502425482021
3.6213165023083018212 1.4162350532229530664 -0.72130341252658247697 0.94389658391634168044 -0.0017285790215803851014 -0.33023665890619996466 0.28439271089162854178 -0.50406097160204554886 0.81550188405618107002 -0.16786907059568584311 -0.86366634120016261278 -0.4752898339068096778
-1.3047818698035147378 4.7070683164384190533 -7.2913979938859654339 0.9831143236776328509 -0.012060364378152374498 -0.18259456232571613654 0.179837062112045587 -0.12082418356154643602 0.97624799500818870701 -0.03383574545905292108 -0.99260065700045407855 -0.1166150850082245255
-3.1237765362455895968 -0.0022348762111057390162 7.4547608738913080373 -0.74631257819627994099 0.0029032466428161873839 0.66558929287126000762 0.22512967517745355317 -0.93995060611816383389 0.25653359899350125506 0.62636583957022096136 0.34129815296449445006 0.70084335325559588004
-0.58915524512325501139 -2.3595505773688865148 -0.3023007263623348484 0.84939771058703528173 0.0070569944825149225759 -0.52770610009594742795 0.1192774444957104274 0.971470913610313902 0.204980865555546371 0.51409767601513012281 -0.23705371298128827262 0.82432342965470406515
-4.5605634627182514151 0.37613893606717108131 -5.8709452135172428555 0.92119826744510735494 -0.00094850759158018708994 -0.38909234429578282155 0.16373601729589956633 0.90808921493488192755 0.38544064959345430976 0.35296496808640914766 -0.41877568942363740945 0.83668551633896381947
-2.1132374426935820466 4.3740463190985785502 5.1065720496250541771 -0.99960793460199637295 0.00011377384028287904072 -0.02799935956828506281 -0.023650402962810339325 0.53185271679638379538 0.84650655406557440141 0.014987845756512815573 0.84683686427300108868 -0.53164150495215922732
-4.2383650064370348431 1.3474509544204138489 7.3541345079072462099 0.23443050449435620664 -0.016353305940349734116 -0.97199532300697477627 0.61961058693403414654 -0.76793340413316135695 0.16236073224759614564 -0.74908281192538661575 -0.64032090095624383252 -0.1698943338570128303
6.1940909547921538802 -2.0571145017109415676 3.2069612517580816657 0.8838160837131973091 -0.0063468075028484793182 -0.46779145802856492153 0.30042270612836557975 -0.7588039433995955596 0.57789512294502853873 -0.35862979214287871166 -0.65128818008289135477 -0.66873640447625248839
2.2693884551277814232 5.3136624994251580034 -0.94616164031807170609 0.18572871971500651278 0.0099909225764131682351 -0.9825502654517225265 -0.79809470086727396509 0.58484577772871326751 -0.14491468083166644809 0.57319254279923093076 0.81108297833140341471 0.11659635989326302963
-4.2735098144955783184 4.5545936814582583807 -2.2063005018308516902 0.78206912947661821889 -0.0082296402427910544941 -0.62313734420362554278 0.57533901635701278909 0.39378846389821803298 0.7168791125133909814 0.23948464037806571625 -0.91916425013263292065 0.31270463428109290804
-0.10307393922511484674 -1.4075360380523609383 5.2491633247736402268 0.73324827427907246502 0.00048238641419110937433 -0.67996083385000316568 0.34251977213076584272 -0.86412038497598764319 0.36874946232969618709 -0.58739013778420379186 -0.50328493676274499435 -0.63378000793770894461
-2.5296769950336708277 1.5115746775355292097 -2.9680204436301469428 -0.9986070430695996869 -0.012318947633598654676 -0.051305136789178085177 0.037804249908987577755 0.51127210672330025698 -0.85858702038617640273 0.03680777391493877948 -0.85933059785848775469 -0.51009421812391786411
6.014479361205224528 -7.4261231294314233864 -3.4096012191155220528 0.90498288148597583191 0.0070206444557523416117 0.42539005015253850139 -0.36712206675995801008 0.51818033110008787645 0.77247040885654172371 -0.21500551694150674131 -0.85524257086076682643 0.47152176267091450157
1.9902938925010524862 6.6081497274501046491 6.2599853404485390485 -0.73683150058410840089 0.01096744383573049729 -0.6759874665425433804 -0.67550946717158055765 0.028996856887286572013 0.73678093219912377254 0.027682115318045274338 0.99951933321291697165 -0.013957185430748255198
-3.2501164645162865519 6.9927681026389540975 2.4455051674642520609 0.88234969699057741455 0.013689980462472777986 0.47039514948130684013 0.17184199232816854686 -0.93992398338055804796 -0.2949800588830882031 0.43809741142043123752 0.34110920524205440296 -0.8316941554476072751
-0.99674211204107499018 -3.4647057935746490287 6.2264556297278286223 0.62921466678558068963 0.00088946365099058745038 -0.77723105442101392271 -0.31984515742187841214 0.91169713894354387218 -0.25789029085266290675 0.70836994457400448422 0.41086194238059342565 0.57393770213111694467
-2.8172864201976088872 2.1833207339275486625 6.1585852996263064085 -0.70145567314071100018 -0.0056446227741136162717 0.71269073015753636735 -0.67339702146018620699 -0.32228433747821111366 -0.66533394419977076595 0.23344461892957069082 -0.94662608460248209852 0.22226710472511665428
-2.2635486785181204716 -3.0748437652665927544 3.6150721943561583416 0.90629713793903021735 -0.0062976293484578952514 0.42259417604616966724 0.42241303066900059981 -0.01934670466529071764 -0.90619696343552069706 0.013882697309707286992 0.99979300101728785233 -0.014873662367539074863
-5.6536542342844731124 -6.155458316929100171 -7.247918427275629405 0.9995642702250200351 0.01551165997363952026 0.025112906930139448913 0.015091033736655698472 -0.99974408289309779629 0.016853172427378670245 0.025367900787854683053 -0.016466849272750529176 -0.99954255161285421316
-4.4220225543275413216 -4.8646076559892703628 3.2885738577570124974 0.98769640975515216041 0.0081154600637657146184 -0.15617279361286515171 0.047702370481843225924 0.93542319144555519106 0.35029692655830729775 0.14893047373628370833 -0.35343682916999136223 0.92352700110980745496
-5.9936802026226381201 -1.575536874813240118 1.8353788563211830276 -0.94059653676966137326 -0.0068727051904711941588 0.33945680276025269606 -0.33188690821096733519 0.22950498880375666544 -0.91497461181845374245 -0.071618678953008371724 -0.97328321984791565935 -0.21815255851688200583
-6.1044097200540150538 -6.0356377783598516018 -1.9889287812189684335 -0.96504052049831956506 -0.00032141433234951412995 -0.2621005350796755673 0.18278310858111798676 -0.71752892369463017186 -0.67211797988079924338 -0.18784868648378133527 -0.69652863570304701657 0.69250323510575229058
-2.2115262592438860167 -1.7591767927539809779 -1.3681252570504516264 0.99926560305056011391 -0.00022215071874805277993 0.038317165983842965682 -0.037527002409976806252 -0.20778495581026135142 0.97745441644560826511 0.0077445884395996424446 -0.97817450528414240374 -0.20764069582319261142
-1.4577421340417315854 3.4755528971437081864 4.6700725644627372191 0.97251387314985249244 0.0061836701300450819599 0.23276281652149935497 0.2224096510693071016 -0.32057944861768367106 -0.92074033485841910718 0.068925420872957804397 0.94720144602281586277 -0.31314326914334628116
3.5152382792991239135 1.5970541315991160225 2.9362462252125869355 -0.99839410050356092174 0.0040069167470191593278 -0.056508094091257607405 -0.0047120489772417700758 0.98816493068766975139 0.15332275223648939022 0.056453668384642219369 0.15334280021284760198 -0.98655915633518442842
-3.137327299872517461 3.6603420639399630865 -2.6903092565989088492 0.96284915469085119444 -0.00086644527718449820299 -0.27003843167882851661 0.02352558209414384871 -0.99592364593139648399 0.087078346686772778451 -0.26901310804148254041 -0.090196123792231977512 -0.9589038569923288291
4.5079930023559402485 3.4322040568839837782 -0.52651521058310957191 0.98590069775563982102 0.0054390610607214524147 -0.16724302909140731366 -0.15905590640917116607 -0.27996426384947570298 -0.94674243044434402972 -0.051971461411548437737 0.95999501435274803285 -0.27515184828881367185
1.7627833464285385112 -4.8725760227613745812 7.4897697754749144039 -0.99953210922365431923 -0.010646886825482841307 0.028674142218732226461 -0.026467302477648477904 0.77094832871911245231 -0.63634751224849739337 -0.015331162076393388752 -0.63680869831227138178 -0.77086940348097143794
-2.1334937473657791251 4.1393000129739796478 6.4501024080457094456 -0.99623804765061496624 0.0062917879936010695507 0.086430121005484111807 0.071819449524117243144 0.61807105604073453442 0.7828346800920215065 -0.048494526322452838341 0.78609705704102739166 -0.61619777492965421839
5.8077825933631093136 -6.1606049422413597938 3.1539406382115657834 0.98498739264742385391 -0.010309374079265087171 0.17231817411909675086 0.13804617087181958457 -0.55231116139996550007 -0.82212872209927967404 0.1036488834155341876 0.8335742905099118305 -0.54259636118173359964
1.1606931407676988055 -6.9029380665397450656 -3.0610761455934123454 0.62856563437190249299 -0.0056827373329243029143 0.77773578404433862943 -0.50987986476312796569 -0.75811839427760729926 0.40654522966931433414 0.58730551401782660204 -0.65209217657799911638 -0.47942468277101679686
3.9187585011829049186 -0.8851005954205035664 -7.1836232735124205817 0.82147271038245206487 0.0018892999000522173181 -0.57024469891695606094 -0.56329621962781206701 0.15835520576431755257 -0.8109383439945020422 0.088769110900788053553 0.98738040255681469581 0.13114871557383647738
-6.60194110559630154 4.8481687001409463633 -5.9842619098723703885 0.80479925441032440503 0.0061715868859183418971 -0.59351501380823890042 -0.54460401858692109034 0.40529696000760895291 -0.73426210384829504463 0.23601826844444165343 0.91416425533051226537 0.32954376224801817941
-1.4204309066783169513 0.74043591241441708561 0.27852610624744184031 0.98692448182497083398 -0.0068913536927335773338 -0.16103594759742032028 -0.067346003081906843923 0.89006766255020297596 -0.45082598854932909305 0.14643969080556751283 0.45577633256546695728 0.87796546152451404588
1.6074393054564941608 5.5385855784314879102 1.0926726055136464222 0.57072577567671900489 0.0023347881575508174119 0.82113740490996256494 0.49947838303946823224 -0.79471115934057567909 -0.34489928688797849565 0.65176179226328290195 0.60698329629712832745 -0.45472831906728794493
-0.067374725963316187127 1.6793367769958016389 1.8742356864149587459 -0.93239855435193730315 0.0040801687440679065833 0.36140875482691420251 -0.34543046634880947288 0.28417316811342963057 -0.89438437119753622095 -0.10635190999966817604 -0.95876428946195002556 -0.2635532365424929635
-1.5048215970262184271 -6.9502726084683379426 -4.7907634132915744019 -0.96599090376145857473 0.0025640897516802539299 -0.25856333710317008778 0.24668819367457328617 -0.29057155851637733734 -0.92450695210101541122 -0.077501670638465580687 -0.95684982877410462709 0.28005695174933126212
-4.3377386697416495664 7.2980664762416669333 -1.626680354531747863 -0.73695273303133990161 0.0049660200212224211991 -0.67592603731676970114 0.28110776910498008752 0.91164926092001263846 -0.29979000519138970793 0.61471870918855409105 -0.41093912409139199404 -0.67323840121055056329
7.0629192514844252315 6.8235932932384377736 2.6595133282620877502 -0.65822303356528966134 -0.0070454810831316033032 -0.75279001008276713591 0.47832496000060475971 0.76825585068451041071 -0.42542705664941665722 0.58133266786276505123 -0.64010413925032749738 -0.50231366713460046114
-6.3617015187839127677 -1.3983691017908892462 -4.6557034755944890492 0.86982267461292095412 0.0034958855231847904207 -0.49335209892486542316 0.4176592040569490627 0.52707337390916875197 0.74010434925240642379 0.26262007538570947274 -0.84981258951621352349 0.45700028304588136141
-0.82652394394918693443 -5.0918842034174041089 4.5444686028937875122 0.91899077453540778393 -0.0010964587515594759193 -0.39427750899196523093 0.049329261267933480206 -0.99181897416214970242 0.11773591837056809895 -0.39118100708169206703 -0.12764764106710194125 -0.91141839976404792623
1.7351243933857949386 4.0762139996537651854 -5.0192555265339668935 0.99766090399194795602 -0.0027727767369868407121 0.068301042122151975344 0.061547961626979799665 -0.39829685410566306736 -0.91518930524186259401 0.029741705824985510687 0.91725237951110061285 -0.39719454076803362153
-1.9541863570381241555 -5.6335435975355663274 2.6557291778336886701 -0.99629910701007862173 -0.0020584928694864692428 0.085929342938985617262 0.075731051119071648992 0.4518373422820871621 0.88888009540989998403 -0.040655839275837192537 0.89209796475863134546 -0.45000924880073550627
-6.7785177186347187472 -4.1872183297649643308 7.2215545363871145312 0.99713888543744499948 -0.0010720483222854994276 0.075583687796627191391 -0.0068991291461659286915 0.99443545101014696463 0.10512152867642195198 -0.075275794021523609323 -0.1053422255633614385 0.99158286105997928139
-3.7689377696968993092 3.59951531693896154 2.8127387468153073335 0.98952788137592828654 -0.0058648084321295985977 -0.14422266119348509106 0.09872525251012551073 -0.70140977386613800881 0.7058878477788345096 -0.10529908117590645877 -0.71273412514561917952 -0.69348552281676711928
0.30632766715836673432 -7.153006189004773141 -6.7533918207611680629 0.99078984423530058745 -0.012208721126820226699 0.13485707874870270229 0.12286188271918320469 0.49973562409050570343 -0.85742012093813568807 -0.056924883266543123417 0.86609194266168743059 0.49663296761474001739
6.2238495931546049533 -0.57221661653865307784 7.1280348411728864377 0.88746716275501336124 0.02043161521984629761 -0.46041783646056116952 -0.43705439997612127723 -0.27968488929979806734 -0.85484490649412969709 -0.14623777382422839533 0.95987442501456543553 -0.23928142784182551694
-3.1273826654270786563 6.8869911257372748992 7.1029771593881267933 -0.99956237806171643889 0.0061429638283206026289 0.028936419249967655631 0.014012820660726595448 -0.76315607401557705725 0.64606226290533130818 0.026051741222763259015 0.64618501273907280602 0.76273601992485817735
-5.7820394252186879669 2.8022910517149184351 1.9969274472417748445 -0.99405228450742622037 -0.010438009743799546089 -0.10840250743407418843 -0.10437920514762405455 -0.19262118892096938283 0.97570592860317206796 -0.031065047853820991486 0.9812176748974561491 0.19038602173095306447
1.2519845517996472939 -5.9171569696458981014 -0.17524290182443877373 0.90092384476171194496 0.0043740880623209044478 -0.43395517429026470024 -0.075580032970457955432 0.98624936126427731331 -0.14696889474286017885 0.42734515857310051423 0.16520612809278084621 0.88886616016397979045
-6.4872709611546106601 2.0203114399064645568 -4.7012248047571398857 -0.99210115774851681536 0.0088088192378972356156 0.12513072163841582052 -0.090523017687796872299 0.64028211165171156072 -0.76278725786913204043 -0.086838217754639165924 -0.76808933217596941923 -0.63442722335555301605
-4.6007255203029249202 -3.6942245095734134175 -6.8791183270920512882 -0.90125321837001026726 -0.0087158496587455523696 0.43320511347666140756 0.43035100391721992086 -0.13431222110901253064 0.89261315287650822015 0.050404858942976304981 0.99090073227624964058 0.12480019619155879873
-4.4896357428026734127 7.2684026795445362268 6.0849458007479348964 -0.96417403061518047735 0.0014165320287042215859 -0.26526671884038272031 0.24107316143024917765 -0.41258541793054903657 -0.87844009684726631626 -0.11068951858829438606 -0.91091781536430282973 0.39746265752472970112
3.3858178108918983718 -5.523516406487173569 4.8466410014146745766 0.99990454913752935262 0.0017898516692355487777 -0.013699965146815276662 -0.013001058878307747077 -0.21369840219956651173 -0.97681316809579377125 -0.0046760113414962244105 0.9768980444899324489 -0.21365473453590902442
5.1309525080004263486 3.1257915548375292403 -5.7569531802136673093 0.997563823440156483 -0.00067798096517404562306 0.069756422681453808532 0.049944575572404184549 -0.69117578705312832099 -0.72095878575867777815 0.04870274668231963644 0.72268635778841794348 -0.68945809933046364737
6.3524272361851155111 -3.6375178611068346157 7.3027501314306952906 0.8279900571948822785 -0.00079027180577015019788 0.56074222300193066193 0.46993469895280087778 -0.54460341652508981181 -0.69467150325124527033 0.30593110973998338675 0.83869332546510522164 -0.45055483785393601881
-1.6316204127227156295 6.794699415635447437 -7.195540174480758111 0.93790394619011063781 -0.0049383726636733783072 -0.34685991436935803556 -0.2051585369807189807 0.79838998098545288507 -0.56611254443429193106 0.27972515515198653757 0.6021204619819738868 0.74779996445432794783
1.5116492407533528297 3.8611664657590898386 7.3977004999873470226 0.88081766271202499574 -0.0063944018640840509168 -0.47341245936219916723 -0.4292671932555722214 -0.43259179917919393654 -0.79283920947270425383 -0.19972461503029426133 0.90156721707684450706 -0.38377940440211061324
0.72117795834806874833 -1.8664550661760346273 -7.3285229782685137323 0.99874631661600110633 -0.0034432870159677494287 0.049939351420907440726 0.018661826501406068857 -0.90010039921939100083 -0.43528267546131732546 0.046449233335394385369 0.43566892831564268951 -0.89890770028013089465
-7.26999640065406183 1.9438141125183383551 1.6380915480375739524 -0.98673138753857292382 -0.016967216367241889918 -0.16147223419208292516 0.042892102661420190846 -0.98643426552343282943 -0.15845411742992543402 -0.15659321944291182405 -0.16327753479871381925 0.97407341112174472553
3.8433398505536686685 -1.0322700753507474403 -2.2291276160525614891 0.92947371625917041271 0.0093239621511765746059 -0.36877049029609437758 0.24577730874849115783 -0.76112972812955936863 0.60022916578733842563 -0.27508566899752845414 -0.64853265198236254019 -0.70974169528430863796
-0.53215906875259288977 5.1951245080279440103 2.4303387449428734968 -0.99837662699855833637 -0.00037509832342728574583 0.056955859789679784411 -0.041171037945395269619 0.69574995188686916681 -0.71710316557926589986 -0.039358052513163002684 -0.71828397152563006056 -0.69463593338645501785
5.1326289862548604148 4.8636692302736959093 -6.0388368371133900325 -0.95302416669750633638 0.0014785234486297536057 -0.3028906595765522014 -0.29854561929901224371 -0.17342589136153441221 0.93850624579849939444 -0.051141479131025104066 0.98484581238585522378 0.16572047229727379647
4.7170173493714342428 0.22813545449787178687 6.7926658306679392751 -0.96860747507432576331 0.0082492727354490404112 0.2484582635563060693 0.24704979131347032384 -0.079326165724033823046 0.96575036114072509985 0.027675979513719285718 0.99681458101839526265 0.074797935981418511853
6.3974033654902822121 -0.93867613095478907859 0.43276144061725863033 0.93548679479826757355 -0.0030471760382182588173 -0.35334851276930073771 -0.34001048820254015093 -0.28003690328082531114 -0.89775954504160893066 -0.096214991921077283599 0.95998439962284953797 -0.26300689688774220309
-5.2001478027403269522 4.197355264892922655 0.37867857573997409926 0.92348026934348759198 -0.0045520348944726399948 0.38361891391264041351 0.18956350023139842409 -0.86392377063294045758 -0.4665848239230236949 0.33354140899326845116 0.50360202294423239699 -0.79695365672862494844
-3.5087101033412313456 5.1059489587029363022 -0.52812261288997175424 -0.92101187384220772891 0.005749439230660385175 0.38949206948318992882 0.26400021045328964098 0.74444144800161249353 0.61327874525201264699 -0.28642803131394822813 0.66766299466553580277 -0.6871572661567003637
-3.0306274860835875629 7.2624347319316706617 -4.3637140089978352364 0.97049407565610346094 -0.013789848108177626962 0.24073032464886065518 0.2403878401771024631 -0.022672233166108574781 -0.97041210634363406218 0.018839729599433405194 0.99964784295901365496 -0.018688356166533207081
-0.10578830548686340984 5.8513370393745303133 -3.4621547491114297301 0.92439306354764239071 0.0038587795503578661664 -0.38142177951107369971 -0.37822593597957426814 0.13883434655618592801 -0.91524322754585374362 0.049422721670645645975 0.99030810056106322037 0.12979699744585415644
-2.7242275773717534726 6.7358020106122173942 5.7156926411433603974 0.96783544092757767263 0.0059715349619858266311 0.25151322043741508594 0.24521480558279173945 -0.24591792315779634204 -0.93776013681152337043 0.056251741373779369504 0.96927226094625984487 -0.23947239037617512603
-1.1709813690061583458 5.2751148372068037418 -4.6666506127774161072 0.98996938209772189499 0.0031788406301392901909 0.14124630077046548826 0.10016458588552494546 0.68926948802249010662 -0.7175476490210600522 -0.099637735037921504322 0.72449807995145865114 0.68203728190108259266
5.8748289209315638359 1.3961881386465853083 0.6985735670999325686 0.87608368427368921161 0.00174320653219540273 -0.48215592849229604866 0.28282502567485323652 0.80802782916931714663 0.51681818093011999693 0.39049632904965986269 -0.58914173890406063006 0.70740697514214756492
-5.6900410456758265809 -2.4614332174153989996 -1.1431653467801778934 0.77934842999170117483 0.016780219030783742606 -0.62636606622545731859 0.20772632413170688537 0.93619126145098763292 0.28354134838765843174 0.59115632359998138146 -0.35109022520157795455 0.72613349656638903618
0.17935781136369677302 -4.937339299847486096 -1.5017124334115345974 0.99088098087586995444 0.00078201569521919433309 -0.13473778308212813748 -0.076819918432632625094 -0.81825888851881156683 -0.5696938576920933528 -0.11069589816444058705 0.57484935401503856056 -0.81073709568392027247
1.949978938789475702 2.1383854851404024977 5.7638272222707245263 0.99971671266583284066 0.0014548480717513200683 -0.023756637678804645025 0.023547243780824483883 0.084946851857381280859 0.99610720290031862234 0.0034672362249371507792 -0.99638442168502139307 0.08488852982797791269
-1.3622484726644348285 4.4018146175105057338 1.615258866277403893 0.93216405328344853487 0.0040633548103299749199 0.36201335184491967301 0.13036243665279653725 -0.93662944044091311913 -0.32516292286983561333 0.33775111084386660876 0.35029813080712685069 -0.87362200446005366938
7.3220166473350207781 -3.6901449551353469047 1.2579610481083680629 0.98138079583470894107 0.0021243708953808454129 -0.19206046083237526823 -0.0020615417224788910172 -0.99976473347291050509 -0.02159230765291912657 -0.19206114550471731217 0.021586216721598189272 -0.9811455303037301956
2.948731516676312836 -2.8464308515190936966 4.5573840971289829582 0.87593312374314424851 -0.007158411076126150463 -0.48237943559049717424 0.16407052573833086351 -0.93586910160007852344 0.31181707338485403769 -0.45367612380821870088 -0.35227515072908022198 -0.81858426131047457019
4.562036233041329325 1.3612147765569819757 -4.80708009681326498 0.98936012980306642373 -0.00055223066929015922691 -0.14548618009035388376 0.056220334529982596283 0.92376411486866072398 0.37881279554199637216 0.13418572033315276371 -0.38296155828263411802 0.91396643118672904471
5.2471686762298634932 2.2329768515125461015 -4.4197767582624578608 -0.99937156952762040696 0.0090694530252581739144 -0.034266762929827457307 -0.031263558624976255096 0.23005791625159915936 0.97267463474279491908 0.016704966984998150664 0.97313467731439073916 -0.22962979747030273781
-3.0375239067427224349 3.664620787062468743 -3.9010100798800277921 0.99203870908564451003 -0.0055362488514594798694 -0.12581156395335696407 -0.12229655928878026272 -0.2807068135654484653 -0.9519701867201864065 -0.030045819374131092078 0.95977759651214611392 -0.27914908914687069919
-4.3676979789078549388 -4.2727739513213993661 6.977187867370891361 0.99866073199302285435 -1.3597329327637817931e-06 -0.051737243581103029011 -0.043512149385289231041 0.54097916769284626337 -0.83990965762896685476 0.027989913024070535441 0.84103599216720170695 0.54025459243621698491
3.9869404909885082233 0.43147078656596715707 5.8594891494799519194 -0.89783131085804201987 -0.0025475883244805621469 0.4403322007720667508 -0.40232326224644332502 -0.40171319536388033766 -0.82265576113348237719 0.17898304360581004935 -0.91576198789008467216 0.35964573073694749983
