1125 14.717824617146108679 14.977075390850430381 15.033177056927090831
-4.9694944356259345142 -6.9841550016865179273 1.6349127581469178327 0.99711492596510586939 -0.010326530266500558164 -0.075200978651779784578 -0.075722229377456456989 -0.20434386192877132538 -0.97596604965039879254 -0.0052885154477466667089 0.97884470109647159219 -0.20453626265208288415
-0.42203738154655479065 5.4783607958823896666 -3.1496627175391358477 -0.96908351978271167759 0.0097941578764643311833 0.24653844762433421711 0.059670092308919966961 0.97885432662284499461 0.19566217655837667144 -0.23940887988830444888 0.2043239626750271154 -0.94917601450283539677
0.16415790917968747786 -7.1675535795198515032 -7.4317701533137539016 0.99282943071166129823 -0.0018126619032233582188 -0.11952587907843281734 0.11589835905300072127 -0.23031138117130450782 0.9661905806163478827 -0.029279547152960730405 -0.97311529736192914353 -0.22844983291467721442
-0.036595998775852185692 1.6391367977240598464 6.5682819489588837314 0.59227270278727017772 -0.0019454737499838355326 0.8057352298770099619 -0.70629427262077071337 -0.48250646365147026318 0.5180114989048106855 0.38776467863399510794 -0.87589024864220266231 -0.28714948430627507125
-2.6092077288847543848 0.065120533223077606277 -0.90120479974484601904 0.96710270536223641447 -0.0029957250645096101908 0.25436859655319871143 0.21300368632949734371 0.55620533578193631641 -0.80328391870982929213 -0.13907475288907400479 0.83103949971054125179 0.53854578545352749241
1.8153732655891663406 5.323467396563684062 -4.4763610026039915013 0.95603736830323104989 -0.0045432372013943468289 -0.29320966799142084147 -0.27938511205758498335 -0.31787295985495028772 -0.90603572807791155075 -0.089087089796899471272 0.94812242900843368698 -0.30516774082909525756
-0.75587865324835812331 -1.8090026593190058346 1.7797164543631784905 0.78289164705714231474 0.005880611839279741189 0.62213028167142969682 -0.62058293981727741251 0.078490840249936411066 0.7802025396040961347 -0.044243460261860427518 -0.99689749041783470851 0.06509923058529017148
-4.6509432076818999491 -5.5877219795664991864 -5.4276253800051543763 -0.96964819216889897024 0.011046808846477363872 0.24425468560095162096 0.23401178863568347643 0.33143605557421995655 0.91399596489534529198 -0.070858070840426473636 0.94341301087044349138 -0.32396145560394673524
-6.970421003657815362 -7.3084758410530872297 0.60440141098411481746 0.99456380432512248024 0.0087403792131904405049 0.1037614807988966048 0.068867300853347301892 0.69220482804032168467 -0.71840780265173953545 -0.078103354598470967063 0.72164817037729711569 0.68783994082312460705
4.6541396269896724291 3.3324325161238501636 -0.5177444224863417821 -0.78911053976844791613 -0.006396563254809610119 0.61421790921854757528 0.36596759222232999598 0.79819732709593038678 0.4784858915996632045 -0.49332775866491218597 0.6023621095283638871 -0.62752498877355133988
-3.6326908443109200419 -7.2217377620853060449 -1.8343389523959359177 -0.9891159414546293327 0.002975856025249377923 0.14710811888291930316 0.11898270118016157637 0.60435224837589307523 0.78778263290258432328 -0.086560794706514274099 0.7967116819552618745 -0.59812851851074633203
-6.7785738955944827566 7.1465907786708164906 1.6609325376648707007 0.90407462535994020936 0.0086273244086856951118 -0.42728753908084210478 0.33876700408665783026 0.59506031804405223884 0.72879361607479686835 0.26054939785450015322 -0.80363473491551129513 0.53505628125902260361
1.6881664727807947912 4.7677439869453301924 1.0661923724233106636 0.99121592645889566864 0.0035645594423626631234 0.1322054501532895221 -0.116844336590890302 -0.44468116195075690911 0.88803494594128951078 0.06195472654207456048 -0.89568183978588189476 -0.44035855133853973875
-0.56196581730016426093 4.179433885151635053 -7.1204398430644042506 0.93101065667119775604 0.0026676640176923000283 0.36498224714840676874 0.1447493641273925602 0.91527607056643345285 -0.37592198157768419442 -0.3350623505402087754 0.402818319118211976 0.85174563282317838908
-3.5465960372235012521 -1.2171046611027900308 -6.8065957057571555566 0.91616569763660427039 0.0084590502772786471675 0.40071044276681505591 -0.13890781522687625782 -0.93111129388472635426 0.33724824279624004975 0.37595881867941843835 -0.36463708378145814892 -0.85187719994637611798
2.246007124060301674 4.6231119829827918011 -7.2709634493308774594 0.37527058017305287008 0.0097904993483893532069 0.9268636025754126706 -0.019253134759673086462 0.99981081570243146572 -0.0027657921630428157836 -0.92671533302214414984 -0.016807109414580332502 0.37538808267522222328
-0.029276213500523361188 -0.38333389861421363065 -6.981002490479816025 0.32475479469373252916 -0.0016441825732001562853 -0.94579681749681121516 -0.90484802342378201079 0.29052535558261133319 -0.31119940917307303829 0.27528962535750817198 0.95686588110733983292 0.092861766854045901809
-2.207559325926236049 -4.6036262664270068967 -6.6961429155716949424 -0.81341474254043599768 -0.013909149204032505293 -0.581517834796378974 -0.38039291546618814177 -0.74360110353316510867 0.54987146560590227651 -0.44006554793693486438 0.66847882119997437123 0.59956515836580515089
1.0684829545648293347 -5.1466676683951000371 -3.8640246451511894854 -0.81536213103954757742 0.0031560940049493333912 -0.57894268657369196696 -0.27122596333958015613 -0.88554433689270972696 0.37715739977871448607 -0.51148907327243897658 0.4645441491053051708 0.72289533229579028273
-4.4487709018534795646 7.4590449006816523791 0.28314731645896340506 0.78849786026101986725 0.0080745815570722745402 -0.61498449207792460491 0.56074837149285894355 -0.42019185205308318132 0.71344240926381485846 -0.2526507237904319636 -0.90739936555025635379 -0.33584818470170385574
3.2507540013339966123 -5.0504819230513398054 5.0899000905332245637 -0.44543004827327847828 0.0050604912020270455611 -0.89530244248749535352 0.85727677816286995682 -0.28597720634166412523 -0.42812797511459238509 -0.25820262918483471992 -0.95822305799943952032 0.12304459923223556861
5.1848982890771981857 7.263727808126822616 -3.9634636761558756923 -0.86411209524581855668 -0.017542557373965775303 -0.50299358398525995106 0.21576058500410388863 -0.91581325922669787332 -0.33872325604144049027 -0.45470612136669252834 -0.40122105242050248863 0.79515030672584996463
-2.8199945537898201131 -2.9201631914168393322 -4.680507596432484263 0.95826396669029800801 0.012742936530624925789 0.28560074879391228464 -0.28549795037584718704 0.094614662851753419948 0.95369753376252142107 -0.014869111415221583639 -0.99543241013241667847 0.094303904392639137377
-4.2981798210972872454 5.9603093834629259362 -4.4835395100956034753 -0.76683385290264016731 -0.0037411818996954263397 -0.64183474944923557537 0.49110281445011239043 0.64043113558413000685 -0.59047945452283812084 0.41326004849453912282 -0.76800648703798712891 -0.48926697025848597811
2.4968917661314393719 -3.7224388771435674705 0.46983118220745884175 -0.98924002000840938198 0.0038712126903557224182 0.1462504582079457438 0.12803913273969114162 -0.46073427890293539022 0.87825389536912967792 0.070782507026741020573 0.88752968285923516945 0.45528112056494035587
2.5533001278491784802 1.1791974444446451376 5.8651885068949303204 -0.98135031160211871892 0.0031716280404569252571 -0.19220173436745113804 -0.1845228483204637282 0.26470333772083554091 0.94651120513555919711 0.053878422081617444173 0.96432467757233741867 -0.25918146511461498394
-2.1074944598529481432 -4.4950007812833323584 0.43941695934288305114 0.88465704854214477493 0.0070348724865247277971 -0.46618925023425267229 -0.083885552447781522312 -0.98116799897912809758 -0.17399014877262347634 -0.45863397230838354179 0.19302815428972322498 -0.86740706193582906014
3.0844853350748731025 -5.6126381560847367069 -7.128544508752830744 -0.90779702095954306618 -0.0046561850020489159094 -0.4193839394613050886 0.25726344193206113209 -0.79591026574487699907 -0.54803500830434515034 -0.33124023031956251195 -0.60539670367712916654 0.72372283437431927933
5.469147784057899031 3.9706131545361520452 -7.383437336539270035 0.96143348679122231371 -0.00615168381221694021 -0.274968738701133808 0.26667792665102896255 -0.22376173847260252825 0.93745056820760142013 -0.067294382482588024907 -0.97462446161687599222 -0.21349151014577116836
-6.4377890717742234372 6.6060360283085923783 -0.79812634356386780166 -0.85321325889518506713 0.0037596268942269661997 0.52154865549728079976 0.34560644181860289414 0.75299663614341383333 0.55995736742188106927 -0.39061915239646921583 0.65801362536218344079 -0.64376606513454104341
-2.0418262878096253843 -6.6883308013916291657 -3.3214321496603669281 0.98301688973777623382 0.0073075014318531045926 -0.18336955830503604004 -0.17907958502949836155 0.25655405143094361931 -0.9497949888897216919 0.040103574851018959635 0.96650226027520047545 0.25350559001130307246
-3.6928228465222381338 -6.4436809600578710544 0.29550796123757344658 0.90459535259861667544 -0.015076703631252082183 -0.42600462563779195602 -0.35249105654272167021 -0.5884287629180575685 -0.7276686375186064426 -0.23970253047171583005 0.80840848831418732345 -0.53760432746314568142
-5.7505332922524470263 7.046658712851792572 6.7325291234723270151 0.85713458255309538103 0.0031246444246551866551 0.5150830457206218016 -0.48304233920384054279 -0.34235351190569918156 0.80589339954010152933 0.17885861994321988755 -0.93956602188624938066 -0.29193369896084292447
5.9647010371124595807 -0.57347962132539653801 -0.87036643647157119208 0.98027608468748061998 -0.0039079528652254252874 -0.19759434631161143514 0.12399105502956674074 -0.76639971375150495181 0.63028382260243243085 -0.15389936992251668224 -0.64235208932960530248 -0.75079875950312191524
6.1067065561643376626 -1.1857657395678937728 -1.9825677444423499551 0.95518652562680195217 0.0041385900764401486324 0.29597562962727397284 -0.25222856713054436772 -0.51193102949438229476 0.82116220746214707571 0.15491756254333788334 -0.85901658488825938242 -0.48794575077834739796
-3.2627908488572248125 6.8217896837859566261 -4.4035713334580011136 -0.56247736779925983086 -0.0054591016920730282835 -0.82679465946637098472 0.27614458117558360328 -0.94379754243091973365 -0.1816325113756911136 -0.77933521734924338098 -0.33047904186193904907 0.53237225875238203265
-1.2606597182513255007 -5.0035704403798790807 -4.5843264545509239127 0.96484161897692022336 0.0027491606920401218811 -0.26281760292170530668 0.10772608961174068298 -0.91623189269320026717 0.38589403782466308312 -0.23974098503795474024 -0.40063894085217238716 -0.88431481903550701595
3.4993481679629137027 -6.867028320301248101 -4.4807956674782207784 -0.9809311433239901179 -0.0094429978622769545488 0.19412604629054464045 -0.15531457764739819982 0.63853984081049908195 -0.75375344355295603727 -0.11683952253937623933 -0.76953083205880967732 -0.62783025132884417996
-5.7309215244989966109 -7.3172479849227149984 -3.8413051368650936723 -0.98457677408617683135 -0.0019704739470689288522 0.17494197084319332292 -0.17062270920464780999 -0.210283135573500507 -0.96263642877109301121 0.038684196175703268461 -0.97763854267600613923 0.20670368366447863795
5.3236013767943006769 -1.8091656536085836127 -3.2809858923526431518 -0.80660623893580052357 0.0019479479199672753223 0.5910859335231151146 -0.023037708835347094072 0.99913115630079496476 -0.034730339483374207676 -0.5906400251266786805 -0.041630974140839577258 -0.8058605479303202479
-1.3727190044469330665 0.0039594859133240123406 -6.1116583591698621092 -0.77460436648979447138 -0.010858116065022568181 -0.63235288939843736777 0.47837833490311082452 -0.6640791621043742321 -0.57458944921912524784 -0.41369341801665748815 -0.7475834186056889985 0.51959290614428776944
5.8642178788929708588 -6.2483528848754135154 -2.4893586283600401821 0.99975821968736944267 0.0055606040145005919406 0.021273971197695806801 0.020310979410429259862 0.13712677339626502815 -0.99034524895780184917 -0.0084241487948013664411 0.99053789816490755982 0.13698067752850404122
4.4073290832524065763 -3.1920143604666049164 -1.1881795326548212355 -0.99570135033234519195 0.0093578883384095937203 -0.092147983549526246705 -0.072373912773945600629 0.54224187460960382445 0.83709961543986655119 0.057799980070839557245 0.84017032757991017 -0.53923369976123569636
-0.094754247814118064408 5.2492293387899913171 2.197032132846147956 -0.85044602868290908315 -0.001605036094923323331 0.52605985986067604898 -0.5063889590307066868 -0.26841833734310649451 -0.8194643484311909809 0.14251938278448655906 -0.96330110559318593566 0.22746253646178274388
5.1154666257673717666 -6.3093999392655337743 2.9812881646796998147 0.87209994603849783079 0.0066935356728674948179 -0.48928200528918436296 -0.065044457043658382434 -0.98944747177416514372 -0.12947169268815666987 -0.48498546651165369559 0.14473733858218260084 -0.86246170934864196944
6.2152751376153716478 -1.6550923084298692078 -5.8883861894470266307 0.93851186226467109286 -0.0020481251022618305463 -0.34524091526376382566 -0.28711209167905454853 0.55071483740192361811 -0.78376004917134323158 0.1917345331448968293 0.83469094463098658654 0.516264366144681075
0.30092039817980636984 -4.2889206178974763617 -0.33599473893144043979 -0.81280900674535405681 -0.0065425454232125486442 0.58249353099665135414 0.35366311516769177725 0.78902126087752622041 0.5023622705310548664 -0.46288650825384325405 0.61433105487403849576 -0.63900973035937402855
-1.280122726893981433 6.0168377760366071882 -1.7978594458556012015 -0.96270173779193468633 0.0011798439589270461395 0.27056232557516723958 0.19236082969987181035 -0.70024110000616701655 0.68750251858392097404 0.19027000617432696106 0.7139054628102654565 0.67389636808640307475
-3.4701982120203642701 -3.2524776047309211791 0.91604327210675495774 0.87914649314784121259 0.0050882887509428077755 -0.47652445152731520706 -0.19203496870536310159 0.91894460052225213076 -0.34447553173684597461 0.43614678077472412987 0.39435381383811551892 0.80886405231732116938
-3.9968197157998561764 0.35307690999838464707 2.8492998927978221424 0.99936200049616108476 0.0013405872452938792476 0.035690261839799251875 -0.035360896323241824968 -0.10331354528955928596 0.9940200794606486312 0.0050198581231008718162 -0.99464793479173552182 -0.10320022693237276834
4.0739333468660001714 -5.3560042498968138958 7.2559427994139795715 -0.87713757475532050378 0.0041813267639530075914 -0.48022098190168993614 0.17155499649342342838 -0.93125355953129085318 -0.32145869258499842891 -0.44855162259240488609 -0.36434780686425877194 0.816120161191310034
-2.9562712717691508324 -5.8664782462304456701 -7.0088105263470552586 -0.93956258853663621178 0.0049473862129528660761 0.34234144591650828016 0.074181931029367639829 -0.97320193821648814936 0.21765805420565245698 0.33424419715423941968 0.22989891435473125414 0.91401712557660452774
-4.4506311355691545728 -6.4695818032659007102 -4.8848515968855048541 -0.96118391443935791152 -0.0024302578082876858181 0.27589776452538483653 -0.21460904986574491637 -0.62186877395263473467 -0.75314154293760615655 0.17340253267711994156 -0.78311769347253135098 0.59720870709616846739
-3.7066007528593591935 -2.719749801563996261 3.4121533618839876567 -0.96818924778556902933 -0.014411833138037332194 -0.24980368199421459918 -0.11542463622311179006 0.91149819382604158058 0.39477613403648342816 0.2220061571781207499 0.4110515073779376638 -0.88416623123558613084
-1.3973602162297760199 -1.4468236764689546003 -2.7214119605125892676 -0.81298025330751622075 0.0032649124105368475951 0.5822821035195119288 0.23595407270195090099 0.91605348161782995664 0.3243018569039390897 -0.53234273105536356052 0.4010428395606803198 -0.74550376090909786786
-0.71120730762077633003 -1.9735568238072196401 -2.0652883471263665527 -0.81686871328150889582 0.00018714009255565815237 0.57682360409426425285 -0.41267599631451107323 0.69849644134194111 -0.58463770276845672402 -0.40301864389573616165 -0.71561350351371189049 -0.57050266104662383793
-4.7087030203479187662 -6.8280545556390777051 2.7828386269929903385 0.89766795028794232891 0.0037386736724572843839 -0.44065663883005817825 0.13696878689400363016 0.9480682225619986303 0.28706479544660057357 0.41884579792881898586 -0.31804507178575219806 0.85053837648291708007
-4.7426358877342993381 -7.1715102299147455156 -6.6732707277506637666 -0.88917594344834982589 0.0084115827473862560953 -0.45748812757107293336 -0.40505046948833761666 0.45060579037200521046 0.79554292080978539214 0.21283857441744460925 0.89268340802261803013 -0.39726071323631267918
-2.6174986618382867221 2.7645446427989446292 -7.4939804918485064533 0.31642587779084324628 0.0077768144630780289966 -0.94858535990236581004 -0.80913979303602046045 -0.51973361675108942226 -0.27417104687491555826 -0.49514387726189523775 0.85429297596072195642 -0.15816463585274626036
3.3099507701597725706 0.59596625401646252662 -1.2759649706900291211 0.93173482262415396882 -0.0008819237372772164435 -0.36313832422365621699 0.14060049588960127354 -0.92112509466120517931 0.36298768648651064117 -0.3348159507326856632 -0.38926569614568057309 -0.85812032777407742934
1.5954761767822815965 -2.8190491782201734239 -5.8473078659003174806 0.99954662458704190975 0.0055391590126312902076 -0.029594982581726818338 -0.023467948351913302946 0.75911755344248388333 -0.65053039548939717296 0.018862679468434926516 0.65092999452544786365 0.75890338090585041098
0.054230465753983846111 -0.56569290497499113979 5.2855850057503586115 -0.94239770229077346464 0.0061572830224551951955 0.33443782468911675831 -0.32758294780754149134 -0.21918824604273032253 -0.9190462040084810269 0.067646012615163536585 -0.97566315942670500672 0.20857952036279833741
0.80990863942318946922 -3.9330347343911284952 5.9765419982062750748 0.79243744715278097157 -0.0092080828791309791981 0.60988368035203233131 0.49112656066393245435 -0.58332060284546249918 -0.64694031850438460385 0.36171479615915375083 0.81218980879213276136 -0.45772275531568290541
-3.2837086185389208204 4.6838608769057730186 7.3021776311240857993 -0.9428327565945834321 -0.0083303459250502961964 -0.33316212033954362148 -0.28374968674672529367 -0.50425443269126180024 0.81560626676256631207 -0.1747927583267895324 0.86351495206967443519 0.47306386375262249322
1.7742728618181193845 2.4183279191986422063 -6.9403097377559772596 0.99917317895923685178 0.0017921211102636717093 0.040617074617277572346 -0.0043284851743501445362 0.99803907247715573092 0.062444167262111535677 -0.040425519967456795267 -0.062568347516103656192 0.997221629942115384
-5.1969485339343401975 -1.8153183004754815943 -6.2175269357853206742 0.99659205678308082632 -0.010269041145442719953 -0.081846314217100799016 -0.06971574802656364811 -0.63520864144832200893 -0.76918768600825793147 -0.044090666065203329427 0.7722723150699757344 -0.63375980035226553433
5.0306036043582311734 -3.3329733960882661492 5.9367493714283758877 -0.89368437349948848247 0.006283351088006870408 0.44865215931945329197 0.39701054719946471394 0.47698076491822438694 0.78413772725862274093 -0.2090714374926804231 0.87889127279605427923 -0.42876481272093702746
-3.5810358473812935465 5.7750892439466436912 -2.4719696281302341312 0.99347781878506813413 0.0038643541537759628496 0.11396003838659218843 0.1080468827398850945 -0.35127628400056709612 -0.9300165823408861332 0.036437545365977902501 0.93626387256249643531 -0.34940272783990999894
4.6537566293245369309 5.0968901420591050666 -3.0540018452691581885 0.97059235438080060376 -0.0002934513206301156852 -0.24072888381711171624 0.12249083862056915628 0.86146677092490753225 0.49281943655485471734 0.20723531569579523026 -0.50781386006923312504 0.83616900651110948051
7.0775521435367254597 6.976753341924045948 -5.4276153612928581538 0.94887580897734113972 0.0071674367618830220686 0.31556826042527752474 0.31486733219620971491 -0.09183578592557806175 -0.94468235483634388494 0.022209508170957743822 0.99574836995781823568 -0.089397547355109602263
-6.8725441529408239916 -3.6733063466308912837 -5.3237399224417991661 0.80788942745107517052 0.0010846520197473480396 0.58933309472890083036 -0.34342543624863225427 0.81352753446897818623 0.46928873883605043416 -0.47892968455732581878 -0.58152538568051603818 0.65761279113084647463
0.35227776258321835678 -3.1346849905322802243 -7.4394244910825113593 0.99231093138176174051 0.0012887456774809435186 0.12376330067832104487 -0.12179041960223663255 -0.16795914718711851821 0.97824169741906152886 0.022047883194120071471 -0.98579311420340187677 -0.16651074090255896243
-2.1719655622161804231 -0.48135443280717821191 -4.1994564117096464528 -0.96459754811841713629 -0.0085041839426937722302 -0.26358916711290208967 -0.25476783905044453338 0.28833929213700898453 0.92301343478597974723 0.068153637829363372669 0.95749053857746135865 -0.28029796678754881345
-2.8981220359120798413 -3.651618564800229727 -0.53866405871931921645 0.90984092035330721426 -0.0046175945858378635023 0.41493153347371780626 -0.35066547311374524076 -0.54318776813526559177 0.76287664436271274138 0.22186307853383871458 -0.8395985507183757468 -0.49583368987494874647
-0.42977277537856889422 -7.1863302465755571902 -5.1848149663210678639 0.93163082681639119986 -0.00034819091335472514281 0.36340594558776517786 -0.12577907987316588878 -0.93850185738708136185 0.32154919802011372454 0.34094519441070675336 -0.3452740106701633338 -0.87438105649892017279
-5.7871911890546678947 1.3009683908534108721 -2.0566214703246283868 0.81510207200429918295 0.010065770005526279013 0.57922991332321804858 -0.42698197015277916666 -0.6653050894798727688 0.61241777821705278839 0.39152906581577240352 -0.7465037295192857858 -0.53799365464208370735
2.9241808365719781371 -4.6617293826816563751 -4.246311245178646665 -0.99290034415139649671 -0.0069206144287408590671 0.1187476807351907776 -0.10530625335122838215 0.51536631602830207388 -0.85047525143809643566 -0.055312743461032980175 -0.85694204319742961484 -0.5124361765248510725
-2.0045536841210713774 -6.6313540876832286486 -6.3441590702293026993 0.99921692359310787523 -0.0085026210498919448794 0.038642528908906341456 0.018427400898141866464 -0.76425127806210280124 -0.64465526824533792016 0.0350138615599432379 0.64486253528610804064 -0.76349612971063407496
2.3945333201677332369 0.31856169873523915159 -7.1729536412673757795 0.94112368341855789922 -0.0064535246736154242703 -0.33800083509964029549 -0.32218694116752566448 0.28566792616393305027 -0.90254607134616127162 0.10238060094512839437 0.95830693829297142194 0.26676960953156536593
-3.8099266736936594491 2.1110487999928375658 0.99433585702597371281 0.8256862407951812699 0.0098414736801040077208 0.56404377237700042969 0.29315463554139015168 0.84675878679904559299 -0.44391431227118843816 -0.48197779141997099117 0.53188598625496896766 0.69627200590252680268
6.4543680342033002972 -2.4758435974127253054 3.1831021414908002853 -0.98459653034760930002 0.0087045795153799648824 0.17462503463933487513 0.15133973794111799105 -0.45771886519456322917 0.87612198018594567017 0.087555446131374697893 0.88905436883267974224 0.44935105776244332887
-7.3333688992660768236 -0.11538842894035716835 -6.5185615078078509299 0.6597478177832313273 0.0049080450680188507373 0.75147104270484088584 -0.54282899259246819579 0.69463606369103325644 0.47203540526203913164 -0.51968211603946434796 -0.7193445976118987284 0.46094885633355003884
1.7283222059520453318 7.3655223907683753382 -3.3799276541260616646 -0.92253478701158897479 0.0043451301415250668386 0.38588947458788180889 0.38582755636453697212 -0.010770842112072076535 0.92250804100021410736 0.0081647720982292552871 0.99993255212752263361 0.0082600055892150386905
3.9376630414651345724 0.9518042610423909089 5.1196359648665792363 -0.96147953161541177547 0.0069753445962215249176 -0.2747880180290843688 0.12920179700124434508 -0.87089484620097934453 -0.47418252025167978436 -0.24261905517957851885 -0.4914198931955871541 0.83644634175507925899
-7.1639620674942294798 2.6242389527990637177 -5.9934093801157990455 -0.99202293622540771434 0.0099960333114459433423 -0.12566054798814732529 0.11759776925928536184 0.43241320980530051354 -0.89397403801846153648 0.045401086637845249061 -0.90162015023174924 -0.43013933327258224715
3.1442088323674695083 0.23723530680427121209 3.3184647014856452074 0.77776782684647982613 -0.0079540648226474140042 0.62850134476805163963 -0.12693549169685916511 0.97732992912370930672 0.1694508500621118019 -0.6156009977820561252 -0.21157254664040067715 0.75912612195737394494
-4.1388944727623364628 -5.1141725258839807466 -6.6961040228809780572 -0.92066939637780087491 0.00093688718090320774121 -0.39034213815043228291 -0.14211741968010127568 -0.93216828487772673828 0.33296385343103773735 -0.36355261186917503524 0.36202404742032845419 0.85835196014949022292
-3.9944790862913270857 4.5945432777269816782 -6.8545983404490948843 0.96375290560107396143 0.0068113108945017418819 0.26670947300261105273 -0.10335820542504618735 0.93114118560594949514 0.34970440923685619516 -0.24596222945149634476 -0.3645952530029762384 0.89809402802326754323
2.1828487290470079962 -6.9212667662219651277 -5.6607559008036005821 -0.99481564508113207168 -0.0048671853579549898688 -0.10157825952694618521 -0.089390557673788562099 0.5181121853945935829 0.85062864491167244907 0.048488766746463386748 0.85529882137901780403 -0.51586118835116434589
5.1929359886394239609 -4.0072561894958820261 -7.3387121571736280146 0.97492907894504199362 0.0066990703803349368334 0.22241495786821705027 0.21802333940295171022 -0.22859647570975072384 -0.94879369452398631957 0.044487239777739565061 0.97349821455882246113 -0.22432590520903003539
0.19229967195507485789 -4.9114418690957286628 -7.4402257083506997404 0.84736533980248007758 -0.0011515114613212475061 0.53100909118666039799 -0.52031521187664631078 0.19789006403766504216 0.83072956059421165786 -0.1060380176697309218 -0.98022354418599300097 0.16708603242680636347
-6.4969687504970847769 4.6171567027357456325 -2.5292686051108663747 0.95143580218694379091 -0.0011726168647269337442 -0.30784499230376083379 -0.076414677117504922754 0.96779637604316159916 -0.23985614780283678882 0.29821252729866215558 0.25173160208341871513 0.92070651625518795669
-1.7161900601012283207 -1.6002530597929780498 -0.63269007924418396716 0.97907914172480547954 0.0096839199568106784644 -0.2032492458376695954 0.10748618048132418945 -0.87274678545356376702 0.47619299604899284484 -0.17277371109296660312 -0.48807711498779149384 -0.85552906121318295085
-7.1602479133720589033 3.5752237335906107418 -5.4111517809200400109 -0.9517694265209190041 0.0085435722447986701955 0.3066952332742787779 0.18820473312586297188 0.80571113989381104581 0.56161244419970557384 -0.24230958951077968822 0.59224704847236808725 -0.76845917029254251496
2.4488634922957901452 1.4093029122167413103 0.86184321532935515009 -0.8854885510029832929 -0.0066821783615664594874 0.46461314503039841117 0.015363887096775672228 -0.99977090695291803701 0.01490250260074896943 0.46440712420885471579 0.020334259338195329742 0.88538835596663256755
-2.5719973511694367296 -7.0930286622145510833 -4.370877823716936561 -0.99766198149949691931 0.01026327777814860058 0.067566528694581115544 -0.02046463074191136669 -0.98815736364750972331 -0.15207308623805035341 0.065205594539009259503 -0.15310026060921319568 0.98605706763970191187
0.59363359095661727416 -7.1014093291042694744 -0.50871770371520197429 0.99967357984605420551 0.0021555924944857236467 -0.025457556419214516508 0.013046067796039862233 0.81366176057162564739 0.58119217088532704185 0.021966653657308040509 -0.58133457905442598168 0.81336804296867493136
-0.81842834871691583221 -6.2382168708131233714 -1.1265676638899002615 -0.99308024441009212779 -0.0062873333673341448569 -0.11726933785799135979 0.06269758334127392696 0.81596324700423594756 -0.57469382507697464035 0.099300761354995381591 -0.57806958835210664471 -0.80992278015674146197
-5.3288299218113932554 0.27384625449055599589 -1.1204843959186472357 0.93675459947371575442 0.0094423926288188207712 0.34985948834676389163 -0.13522299908516854927 0.93177446106846528728 0.33691407542412993292 -0.32280886122165786123 -0.3629148590536345198 0.8741208407278692194
6.812067446234076229 7.4536310517607713422 6.661734489582657126 -0.89119561281537551523 -0.0015475288242637482393 -0.45361656148462259353 0.037933423486795819768 -0.9967458297219525809 -0.071125286041113788826 -0.45203034752235959903 -0.080593772007468422736 0.88835421360648414435
-1.5329795675431339141 3.0166278038575855547 -7.132602097918511852 0.53090727871225407153 -0.011283045854194657942 -0.84735479834987748049 -0.28726436858423093357 0.93831291299182428833 -0.1924787257198044832 0.79725569546561603218 0.34560319759671531692 0.49491593817405754585
5.7491116034712570482 -0.76243872025685743843 2.3707097273209734034 0.98074245537633575331 -0.0017348194939826705983 -0.19529778960271557131 0.013246323364290059008 -0.99706711984873053201 0.0753770086557113278 -0.19485577009600205112 -0.076512410221328222559 -0.97784307531543601666
6.981920621204490196 5.6401526820460512468 -2.9507964519891283217 0.85649937490890026837 -0.0011780781332298103682 0.51614671646013277062 0.49644404430659272442 -0.27178469470868887869 -0.82442488474979080948 0.14125201468721912401 0.96235736182255959825 -0.23219857125484894
-6.2119309269383400363 6.3361535822590804301 2.101933271419306859 0.96393530823242268291 0.0055769478410224561718 -0.26607822007001846742 -0.2549445900937255538 0.30623499764636163967 -0.91718230586861659859 0.076367385216334002229 0.9519396114613769555 0.2966125395291068223
-2.7034858294240464716 -3.9184552166881916335 5.0105347745949533333 0.97475029506976385019 -0.00011206034849179681567 0.22329767061900474001 -0.13361262360134143479 0.80093386450446990565 0.5836545309549296956 -0.17891207079392876245 -0.59875281388266932137 0.78069554807999275159
0.93115113639479141217 -1.1325288866987992531 -2.4637225772999249429 0.99638210579733255123 0.0053867202277358494991 -0.084815579300192303625 -0.082278369482996563389 -0.18878385803098887696 -0.97856574887036462673 -0.021283072195025939943 0.98200388909223346179 -0.18765764744820612187
-7.3543308789270582793 4.4722883480618280672 0.50547680640192615975 -0.93511787620379882568 0.0010268011360450787772 -0.35433529782318801127 0.3489272864113202588 0.17673672255859299018 -0.92033356979785674312 0.061679059669150673728 -0.98425762713768072398 -0.16562794758035742637
2.2657526540225361167 -2.6629324595038239565 0.78485551991152824325 0.92860969069160836931 -0.0027400934952826472291 0.3710478867222968824 -0.19701391302305049091 0.8437379935000368647 0.49929121402226206428 -0.31443530404326491823 -0.53674825590044350498 0.78296344062725631296
-3.3360705759739359699 -3.4442967443174028475 5.7621841899668462261 0.82600362101829827299 -0.005488676650363763336 0.56363808644665769343 -0.5461068897642501474 0.2398422428387016192 0.80264747149796655812 -0.13958969523801964541 -0.97079636020055926071 0.19511315692352970697
-1.6538191551203238472 4.6801100849910772794 0.11973150030292985246 -0.77835341900848864505 -0.0062368615934604576534 0.6277953939583423848 0.25331683102930330209 -0.91806210763226048233 0.30494679806021141033 0.57445325156631221741 0.39638752261819248934 0.71615668235205631742
-5.4710379187122235578 -2.1586655261468026268 -7.3199289322797769231 -0.97411895595993913677 -0.0043888813120368866394 -0.22599335689401514604 -0.2210125257474243321 -0.19111935651244196799 0.9563612575951037087 -0.047389060996672699444 0.9815569923785470996 0.18520299028568298905
2.3540651382800792391 -4.7319652507805525232 7.3263991996837827259 0.44087536888147133007 0.0025105215815492444575 0.89756482016348559938 0.49614194811320100342 0.83265406797745167289 -0.24602920640238878924 -0.74797866041494820433 0.55378777556203639953 0.36585109430195017488
-5.0751168653447535917 -5.6636103976421736661 4.7034441742061883218 -0.92826031603158565275 -0.0097946979444528698561 -0.37180216456206788278 -0.054048949207490273872 0.99259401281253401006 0.10879263218712993677 0.36798301152416401649 0.12108339944362390972 -0.92191502515614420776
2.6622220355720447316 6.2586351800819857161 2.2711276032206271225 0.96637218248826228795 0.0066175860044965697376 0.25706227352192140279 -0.19010826245856898842 0.69154248445660726485 0.69687003145254733383 -0.17315788592430389481 -0.72230547536841172018 0.66954547776477824073
-4.138408631030315199 -4.1571277903441963275 5.963396486230025495 0.74595342636293393568 0.00096668067872976784494 0.66599741082533758796 0.66445093252805964568 0.067043142619402945614 -0.74431859797422283975 -0.045370077805608782784 0.99774960914863075612 0.049368750072641000293
-1.1640205239109477908 -1.2522795052316639808 0.42590664808923828222 -0.98348025815411899142 0.0051138061206550972787 -0.18094317010573976456 0.15432261763102683716 -0.49876887552797077863 -0.85288577106902208058 -0.094610313964422099176 -0.86671994196025603507 0.4897401665169802687
-2.1149205164864492978 -6.8537688207486073821 0.42006204432659460801 -0.87429264382924409826 -0.0043981624286043375163 0.48537926316787183278 -0.48365516938995894991 0.092583582825782828607 -0.87034818165687188873 -0.041110218541072968135 -0.99569520253856813596 -0.083072339398260169885
-1.6805217161626253564 -3.5970503796402208962 -6.8020312343084530227 0.99595309293857636757 -0.0073646992526064276874 -0.089572305267612839508 -0.050487852894964310724 0.77867196476649835901 -0.62539663254348876187 0.074353301043645611546 0.62738802386695313729 0.77514892384129008285
-2.0534429506129625587 0.40269495884364664429 -1.8824871480170779492 -0.9505167108321636027 0.0013577082013209763878 -0.31067046698598393961 -0.28033591533039103894 0.42725333391613951051 0.8595733611702079946 0.13390204257119756037 0.9041309337069936003 -0.40573081927463372498
4.0474549270769859532 3.0852610241778863909 -3.4508382214971904389 -0.9502902008183520266 0.015780251916363237374 -0.31096546090852522637 -0.30951666799165672428 -0.15655192795777156389 0.93791840054880148969 -0.033881653795786233208 0.9875436585296997194 0.15365401405074358143
2.3707167723034321405 6.869317087311662462 -0.068145796146164519524 -0.9233933422425367743 -0.010136872962680669452 0.38372122603365521609 -0.31038441107995606849 0.60787420116036727791 -0.73085598644476079677 -0.225845639454844066 -0.79396863878251788815 -0.56445331761715655805
-6.8226181910616245929 6.3638271572071891669 -6.0333688042994433332 0.96343718896242180882 0.0046625774624901947935 0.26789371641642079069 0.22816622041349260419 -0.53843017066020837369 -0.81119241070473424582 0.14045981199697360475 0.84265723262440095365 -0.51980749275050663893
5.2655088158291958322 -3.6471684559502950407 -6.1359407458903003629 -0.89574545509306446878 -0.0052887240899152244272 -0.44453583553820197327 -0.42244170995259539003 -0.30139783911820500206 0.85481129161187296983 -0.1385030013120708281 0.95348380792357378954 0.26774156691690231824
5.1944158677894876064 1.5925602664469689085 4.0840853256352431799 0.60081167307349470086 0.0072251063111973979486 0.79935794944280258445 0.78730783848514374057 -0.17855047451585226437 -0.59014074212018929888 0.13846191158058990256 0.98390422597378079939 -0.11296359215464570058
5.675331230752344247 3.4766673826763043742 -2.1620746690410070912 -0.92321193257051592518 0.011147262787986226412 0.38412949130687779054 -0.1938968910168536175 -0.87652695803501745608 -0.44057290825898076658 0.33178867252109345287 -0.48122368018431288528 0.81138156647560810697
-7.317487237187864757 6.4670748166826310666 6.800799993466778659 -0.97778680221016767149 0.0028753554429605779515 -0.2095822076293809566 -0.14463296175387138631 -0.73296232715565134974 0.66471612989678774408 -0.15170456749232563709 0.68026315444965035351 0.71709676118379306331
-4.7017602574850032582 7.0464568034452677026 5.7420122067936176791 0.99946330781225756201 -0.00057208451493839752519 0.032753153379998400929 0.017747887903558929451 -0.83093205128960645478 -0.55609076472690288639 0.027533775839660393214 0.55637361445248567637 -0.83047594325738238741
-0.27776596540055653595 2.9541079795773805827 2.6891313960764535729 0.94119618043639274862 -0.0097436199891920115268 -0.33772001984110089357 -0.32302913216515694028 0.26696053239827471915 -0.9079560858951868374 0.099004695366167447257 0.96365820497271537093 0.24811476031125134778
3.4014222365241688628 -5.9724127332552470193 -2.53937044394620548 -0.95985127501843570119 0.001980137260951185009 0.28050242227484467605 0.030711361452312759684 -0.99322193685910509231 0.11210261557855666359 0.27882313771161792992 0.11621644977467261717 0.95328452975925326296
6.5835372800697440354 -7.1107178849277330457 -5.984697977607217112 0.94867554100531559236 0.0075706684502569289788 0.31616040687835872403 -0.28932765449164693505 -0.38286273755215027847 0.87732869127850632296 0.12768800352660769626 -0.92377421980325813422 -0.36102211093244979123
-5.0127120857933151754 1.2462606684992016959 -0.3379791891448109542 0.9391978513445952137 0.011072945526321454138 0.34319788155930258666 0.27438487811366185642 -0.62511486206231492435 -0.73071495666319141726 0.20644692948060519577 0.78045422614407167217 -0.59014478410118598184
-7.178914440344410508 -1.3757937657876553317 -3.097529690755051579 -0.95526046857502833198 -0.010373230823572688122 0.2955838853187015558 0.1286602636431760649 0.88529883973099499084 0.44686966884117684806 -0.26631555293881720159 0.46490682986294001866 -0.84435636185780138518
-2.7317309502102737895 7.2135609999444678664 -6.518271701420595754 -0.92989675849133701657 0.0017640143017088290908 -0.36781640365926043801 -0.011056572865925515942 0.99940255487375206922 0.032745770847003446979 0.3676544175496070932 0.034516975033251476312 -0.92932169225235117249
-5.1487988301108762457 3.470062898528010642 -5.6157122324354729059 -0.37270825356801240424 -0.010580517393386112968 0.92788825317172052287 0.75800986999693564794 -0.58026101624889503405 0.29785598870772928004 0.53526591028158188035 0.81436183952436635991 0.22428820659358297829
5.1130346954562559958 -6.2094314622599089404 -3.6587520258194121681 -0.94880566696572299357 0.0010413888631603026441 -0.3158587055046030434 -0.029954043993751795771 0.99519111152652961483 0.093259888414165256765 0.31443689602562197027 0.09794675618849971177 -0.94421177252242183275
-5.2551600212779767674 -6.1971394626716813647 5.547158816139296178 0.9644236934274479367 0.0010267281810014893765 0.26435938679196474554 -0.071500394534980540873 -0.96170959891242324691 0.26457955503248803408 0.25450861112565015265 -0.27406859212445816576 -0.92742211191765233647
-2.8502313130484391301 -0.55621046324821821205 4.7377069923832824117 0.95179030573173284413 -0.011760955316511953819 -0.30652388788678358589 -0.069644110333963171744 0.96488442055915146778 -0.25327406669086771629 0.29873886893234435913 0.26241138483756198951 0.91754855637001397906
2.972614554414946042 1.3070292343838003646 -7.1793209194764182612 -0.32426934109626281977 0.005213404340281662698 -0.9459504293778401296 -0.21793741368019906024 -0.97349617864043980209 0.069343160375243129145 -0.9205176142492960123 0.2286438509726855528 0.31681116026586159107
-5.2472781539840438469 3.5484833802596664754 3.6217633320498725524 -0.98150769477204924396 -0.0051265062595877214022 0.19135402801290152253 -0.17892580809262409458 0.37983841929026473938 -0.90758378700228525826 -0.068030877560070562859 -0.92503864468712426739 -0.37373159557865032188
-5.0252759841341783087 3.6291089606736295359 -0.62978098050608088965 0.99666567504915393183 0.004717689183536169506 0.081457200956323042029 -0.040366125525445550881 -0.83908889605992464933 0.54249460865430609857 0.070909153773952279809 -0.54397386694369775917 -0.83610066618403677818
5.3893667360303982861 -2.1903723099513263683 -4.7847885275943422556 0.99555368215694473033 -0.0073470249939673066414 0.093908930180441232971 -0.055538908301982638227 -0.85101055799623814835 0.52220346594379984939 0.076080849157472832389 -0.52509718281745754176 -0.84763474031498642347
3.0989282302801082203 4.1591020451951914438 2.9888669825664822 -0.96455359096188275636 -0.0077487967036676264065 0.26377324790854650427 -0.26388252999269273813 0.022478449533149470058 -0.96429286509410983008 0.0015428957330730465672 -0.9997172977678567829 -0.023726441295007751758
