1125 14.717824617146108679 14.977075390850430381 15.033177056927090831
-7.2325909031891857381 4.2616303185701722711 7.0631177529525439596 0.94800815394177251338 0.0020202151676848544015 -0.31823962479639889001 0.29842621816870590346 0.34173724537492311537 0.89115511973681305058 0.110554657836750031 -0.93979336763681442513 0.32336680994871314088
5.2716322385548748386 -4.3875553675488294658 -4.7143697656755367831 -0.73740999887346259101 0.0042560779855754723999 0.67543199462387959464 -0.63946338840519079127 0.31762755584357432737 -0.70014235028181059928 -0.21751567403476934626 -0.94820600165218382749 -0.23150012954689697109
1.7764487382592342168 3.6823132019026338924 -3.6985518676634816515 0.97984229324775296011 0.00020311224278472952498 0.19977246834417683452 -0.042089940268597088313 -0.97734268180119054925 0.20743606064971703562 0.1952882927650975986 -0.21166303662924160212 -0.95763314564288326558
1.9661436672691563476 5.2875795356307460082 6.7155092065176242855 -0.70755312159938443806 -0.011203331756064815322 0.70657134492739481768 0.19511745398884544622 0.95790734437102398324 0.21057706130739350936 -0.6791890453061261157 0.2868588589490972951 -0.67558436614428329925
3.650363352524494065 -1.1599135984028481339 6.7868477482286504454 0.9838852902964861924 -0.010287656161521920029 -0.17850462086161766884 -0.12770417572974396281 0.65832362818242773361 -0.74182318922899470603 0.12514543155634746951 0.75266470935433449352 0.64640115737294168152
-5.3996048273444179344 -2.8162268824749432383 1.1941932050146000233 -0.95837326918997312042 0.0012402331347238504389 0.28551556651754472771 0.084714933455216967495 0.95619509566673599466 0.28020406683796378333 -0.27266106607245271798 0.29272751979382283238 -0.91649688608502755116
1.735407015708290368 1.3367051067339701387 -3.7349783520185231289 0.99768448077569205079 -0.002968676485572736487 0.067947507527655465198 0.061513802812241322182 0.46555849933758636228 -0.8828767387115861176 -0.029012564224419310627 0.88501213023014013714 0.4646631042623815544
-4.1753243251611911191 -7.0242776742472239349 4.577899607212781774 -0.95468376420213907352 0.012912459018334251915 0.29734185506088167683 -0.19364518740313896306 -0.7856194283779960319 -0.58762543780093523527 0.22600984882202718174 -0.61857528414666818062 0.75251854866051448578
-6.3447696348282409673 1.7821546631350468903 1.3818595334248056083 0.80695403659922881889 0.0035926914197732186425 -0.59060331474238914051 0.55534177273257234742 0.33578479042873554672 0.76081803999056418775 0.20104899471153919732 -0.94193188027852037258 0.26896772044310907068
3.3314134629994991421 -6.7620823781164087762 -3.3572914160195717059 -0.29440597410199653705 -0.0018139755648622865082 0.95567872839445688893 0.93828727556107172081 -0.1904649359427783295 0.28868684884596879092 0.18149961689578372748 0.98169232332186084911 0.05777604518925410354
0.45390577882423394085 -3.4597306752473326874 -1.5095899402947166035 -0.98017891333462336956 -0.0013629538337065656706 -0.19810966713159947061 -0.080249553778362334167 -0.91153396803809183524 0.4033185270120939192 -0.18113339551977067354 0.41122252792089247775 0.89335699782216859699
3.4975170196368612352 -5.4825655134475210772 1.4314059682634503456 0.84317310466059136598 -0.0044379249405187941313 0.53762386516894700161 0.43003030238932588025 0.6057532763298294487 -0.669430285573036854 -0.32269653639894496644 0.79564016555080319115 0.51266331286552502267
-2.166301639561369452 7.3385239994018434118 1.4849732200824345973 -0.99809273144376087217 -0.0020806656194609818473 0.061697408939079011192 -0.025366890574874581543 0.92497838438481416734 -0.37917213674475619412 -0.056279839212366011836 -0.38001402507218989824 -0.9232669822140641136
5.4171427457194170074 -5.2081772080459742824 -7.2542189082487400498 0.99859215347779350935 0.0080300326885023101675 -0.052433096300602659301 0.010091029661532165476 -0.99918193887770934136 0.03916151351852779211 -0.05207573458935221139 -0.039635484047845455369 -0.99785627535807364108
6.0770582848645773311 -2.9892264536861321567 -7.1081103759407078257 0.76873561301974924209 -0.0081488919632016227484 -0.63951477921544364058 -0.042093189450655571493 0.99710619635576636099 -0.063304001380425176104 0.63818000648479977777 0.075583257065773595818 0.7661680302481114202
1.9889013242274857785 1.6989824812193983217 -6.0103728910997844537 0.91653934660816360758 -0.0094499076404600621665 0.39983287179110321707 0.35997318606880718272 0.45514058911840965527 -0.81441165846783891702 -0.17428405386214573802 0.89036944207578805344 0.4205559715268117893
7.0616656048151833502 -3.8478023333228761338 5.5241593790768588335 -0.87019229171007261847 0.0017213034080248625773 0.49270925763877848613 0.25217512787365387039 -0.8575374264937576374 0.44837179554962064421 0.42328841270495054516 0.51441870035709957865 0.74578838848078865542
5.1641198908604986073 -3.0648957765033784106 1.6336450019821935342 0.93008419922321794449 0.0063631133620862629849 0.36729129195201021263 0.33820416894322263834 0.37545475987199472545 -0.86293201551397502591 -0.14339219806141514924 0.92681887878806357151 0.34705250821363764491
5.9051453301439122967 -6.1497233766277474842 1.092698901356276231 -0.65836831844310228501 0.011310646925185857334 0.75261093968691594736 0.64978087221166147547 -0.49614250101111517788 0.57587102444758786479 0.37991574773659314568 0.86816743083152858595 0.31929506207453656197
3.2440389078769031883 3.2489466932881003736 5.5747347215557043754 0.49739147791317062097 0.015348845934987980985 -0.86739041418937457006 0.29726244911116073144 -0.94232957712462273037 0.15378557937708520198 -0.81500721104047701981 -0.33433423546561213957 -0.47326933658109471281
4.2450651350442960563 3.4975967876442854987 2.9233464054045912306 0.72688192556881980888 0.0058571750911599468337 0.68673747515432348454 -0.47519456229331769048 -0.71764458675282205569 0.50909368005419097791 0.49581528238671068731 -0.69638490836907906978 -0.51885958133926834979
2.0935519347032203186 -4.2766413752017697902 4.6290957448001091024 -0.99992706261372488186 -0.0096785822546752303674 0.0072245759618524297424 -0.012046339634749729866 0.75618888868415545801 -0.65424250116613569261 0.00086899579423350276075 -0.65428181212386726795 -0.7562503257321957495
-6.3133153217376074551 -2.3460463196962857424 6.5279130976545864939 -0.79587756253920061145 0.0012614192103028855178 0.60545628600937873021 -0.54266070830371027078 0.4419975929706867479 -0.71425309482800369842 -0.26851119363992348443 -0.89701534916058567326 -0.35109144429958366596
6.0211197303581656115 4.0364341361344120429 -1.6984811615267136897 -0.95919915495458207833 -0.0062102051832495881387 0.28266307591566941504 -0.28143299739434418649 -0.074727483226344509903 -0.95666675035159010054 0.027063797075868038094 -0.99718465521801380458 0.069930782103431080032
5.8953899235001667734 -1.2032269227556879887 0.76802005362241210218 0.8363898920764433198 0.00030818877955478100883 -0.54813488618401784436 0.41618599321078064701 0.65041102088439339823 0.63541696779921319482 0.35670879928513365975 -0.75958239114123393687 0.54386893970952243649
-4.0288040060656111763 7.0388240226766898289 5.3425551464795413281 0.99991834717984162673 0.0066808425439748792343 -0.010893361095795351529 -0.0057723848306851909679 -0.52438744958602712121 -0.85146020593447113711 -0.011400813410757788119 0.85145356247978265518 -0.52430606747779839871
-1.3671271131838582669 2.8736909715995953007 0.8167777774816291636 0.3131340848084023798 -0.0083376222094518042532 -0.94967232716728300357 0.94217123312453132655 -0.12300852520567888415 0.31174070988465291121 -0.11941696865979443964 -0.99237058943858480475 -0.030662694165531193674
-4.3631383171852107239 0.27761773237220632726 -4.7295757523120851573 -0.90207359490628491461 0.003028545084065851177 0.43157161316218101144 0.22603739079801735135 0.85517181666177610744 0.46646356979782183094 -0.36765517449639112391 0.51833579068211987906 -0.7721124793474569703
-6.594804946381904287 4.803154813986675542 3.2479774976472537418 0.93871963341787711954 -0.0077158999196044950053 -0.34459529121038867672 -0.24816988952215918163 0.67867302558850817196 -0.69124136904051425301 0.23920107811313029433 0.73440001989850267616 0.6351688397604546843
3.5924458033123332079 -3.864346101141162837 3.5116152870689454346 -0.96953980463291222769 0.0084522472071026800294 0.24478792198433801941 0.23020608910729234431 -0.30988182482303555654 0.9224849110864339341 0.083652398472466527046 0.95073751065238965019 0.29849700512454480084
6.3781277760605332716 4.9565784091010387513 3.2520269154318750537 -0.72201582864145275042 -0.0015674614733770251065 0.6918747619733366383 -0.081324237432483195698 0.99325768522361346236 -0.082616821230278886246 -0.68708042585797290958 -0.11591684005661019585 -0.7172752432601936512
-2.2157384322325794912 -2.6632731813337362503 -3.2108861412657505596 -0.87909498256027718277 -0.0044215480799278256141 0.47662612344491506189 -0.45750147024176290866 0.28838494302316275419 -0.84114596198530344751 -0.13373263013986250169 -0.95750434701372555413 -0.25554062120482540221
-2.392706463024125263 -7.2272417531703174731 0.31111507769697610559 0.90408488135900588745 -0.005201195142648828984 -0.42732127827583654689 -0.42651602464458715502 -0.073530059592014529457 -0.90148622344312900889 -0.026732153290061216183 0.99727943822463116508 -0.068695808278195560903
1.6651197933045833732 4.3782552530696605686 -7.384954709135539197 -0.73915768632408607175 -0.0032379184987704956109 0.67352463253538319421 0.14817128499223500282 0.97470883916496309229 0.16729599265226444138 -0.6570321035169346402 0.22345512913681742084 -0.71998376385208961992
-3.2271583002576762489 -5.1484273183389603901 -4.1244651155255001029 -0.86395490815275433061 -0.0084274106687837347512 -0.50349865484257572135 -0.48017754861556311008 -0.28741091625306147694 0.82874874782657426131 -0.15169521575966363192 0.95777029812373970508 0.24426341835736495312
0.13953143847185289772 2.8881299582800896708 -2.963720414232141831 -0.9817042130063250438 -0.0071206368870366468921 -0.19027909684397539825 0.051482589657825622576 -0.97200776429925650479 -0.22923884728369803288 -0.18332043292429167636 -0.23484080282643043924 0.95459070611444085674
6.7715099019031406158 -4.6356000931289393918 2.1806417454063922179 0.9913973885961939736 -0.013657943255671779401 -0.13017172684830469187 0.038675336528378331802 0.98069970871175116134 0.19165672353704862885 0.12504173794800732544 -0.19504241056390655973 0.97279135576559461196
-0.45481593682004239909 6.1486185596981783874 6.5471367253407626308 0.99866646649002344116 -0.0048465315996992896358 -0.051398441997341517973 -0.05142630618508317597 -0.0058114567401614039555 -0.99865988304462849356 0.0045413368583506648346 0.99997136864115176991 -0.0060529461858041255784
3.2726470692871250101 5.3761158053591744377 -3.7158693588269593455 -0.95597382844875400387 -0.0074006862809501416933 -0.29335860165267957367 0.044495931379339943856 -0.99177868623206433263 -0.11997978840878167905 -0.29005887576786681947 -0.12775080187019824396 0.94844376807993779899
6.6517559219775321822 -5.9640967209295761009 -6.4524833662881544427 -0.76467079830740758428 0.0015652076698614864753 0.64441921164796822641 -0.44635656529885203714 0.71998785244232754721 -0.53139750559260889862 -0.46480575171856297612 -0.6939849007438442241 -0.54985504517917294098
5.9679512801530254507 -5.4063225709744449077 -5.0089715693191179113 -0.86807764635090867156 -0.0034945947644396228859 0.49641614368736813878 -0.39990716955067051597 0.59741050265564821231 -0.69510786721093043017 -0.29413509761319212021 -0.80192797626969580804 -0.51999621655154393274
-5.4059294970553919413 -3.9711477351280861647 3.9252144207531918241 0.91722646299549837057 0.0061764154849074806922 -0.39831829919362626846 0.2083771243434075493 -0.85962026104977984353 0.4665104295116441202 -0.33952111809307278234 -0.51089613297083635857 -0.78975347525946659744
3.0121386244081587158 6.9978990847470283754 -5.3089519898920638497 0.91485030580435344749 -0.0063317610347700340606 -0.40374351607419595167 -0.19957500078148121547 -0.87630287620592151043 -0.43847815021520047951 -0.35102526551924406739 0.48171898234897675417 -0.80294961548774279603
-2.9894978791066506574 -4.6115326657389159593 6.3648315717938208635 -0.97996652474925416421 -0.0071127126124697678117 0.19903522223516567635 0.19707704457078978333 0.10960392330894998258 0.9742420738700154903 -0.028744545120061297527 0.99394989275843814713 -0.1060064234433385072
3.0831960779788456506 -3.7626913858062644991 -5.4755172359915373903 -0.99962226214678773228 0.0021029156235666604524 0.027402751074048829066 -0.025911329678737451965 0.26026391940903681466 -0.96518977162423846838 -0.0091616600475715303381 -0.96553522462920571279 -0.26011111853478513511
4.8054349937640070678 4.3199462721438273149 0.54951862021379094259 -0.87884033828047425363 0.0019763232939654295714 0.47711188830025458296 -0.069365303716857507066 0.98883748014131800375 -0.13186695002213152939 -0.47204672909735073683 -0.14898500600429803731 -0.86889317728617498915
2.8317145027173222793 7.1209361212762916082 0.4752385572881701048 -0.74245995724977453811 0.008511463611760340664 0.66983637320460120979 -0.14339689343130396226 0.97472227643033659827 -0.17132955023791263116 -0.6543626997582239202 -0.22325778557007613934 -0.72247174224835775114
3.8694744302668242497 -0.8250813000472705383 0.094741772552679542896 -0.85705856221338805323 -0.0078420012255064446005 0.51515931900094535933 -0.50284897167222264436 0.23051866505677884311 -0.8330690588111970829 -0.11222090992745337168 -0.97303630357617221236 -0.20151133788903810573
-4.037882308481663074 6.2828665348127739065 4.634889271301520175 -0.99910015150853392907 0.0076684229685966606022 0.041714296646513528144 0.042202160311713782237 0.27775296204809468703 0.95972510112974074303 -0.0042266914442423593468 0.96062192737967477818 -0.27782665047958415849
6.1194949689497253331 3.134789159104385714 2.3472833327467848008 -0.98710943721666588591 0.00031961607165320441749 0.16004642077655675814 0.034140801078098186039 0.97740144709057286132 0.20861643494011722355 -0.15636292610324689645 0.21139136470279740188 -0.96481310432094791185
2.9715660706196289631 -0.087959857184152639986 7.2837254755121403349 -0.99945726942726131892 -0.0014995925268435454647 0.032907716587082039283 -0.013944062395327732479 0.92431246101610486932 -0.38138174777281974581 -0.02984509528615738802 -0.38163362749185858469 -0.92383171879665548776
-6.5667201059513722328 3.2966576198980184209 3.6201755031263553875 -0.74905800482285256336 -0.013912204452435274205 -0.66235832898686619608 -0.15390291925248694715 -0.9687744699834343054 0.1943962904843140882 -0.6443803200412990817 0.24755297791732391866 0.72352714273054130611
-6.088601453121316176 -3.8444080559212809867 5.7133562947822591482 -0.89504597681245268159 -0.0037475830780159384049 0.44595813145740381689 0.39589216140521227283 0.45372449828521077553 0.79837552329331495926 -0.20533410805270868593 0.8911341286680503071 -0.40462064800658620323
4.8465618036910536048 -0.40725418303724131297 -4.4517625348278597741 -0.90145379927552604649 -0.0062938916024783166103 0.43282956772846326032 -0.37800458951220011761 -0.47579113896635216729 -0.79418846780153895537 0.21093500913601440083 -0.87953577471850052927 0.42652460997121971475
-1.7621483256461878408 -2.3805454320011913971 3.5486010483791972092 -0.6213217592395468003 0.0050737241500054715282 0.78353910484326572128 -0.43315433960547877756 -0.83551645343093872143 -0.33806741062581413537 0.65294455321752187249 -0.54944200182498781349 0.52132225835282441917
3.4026914016823037734 -2.0979168367789275962 -2.9063537425338132891 -0.89495498024694541961 -0.0067213457101805559532 0.44610582471305759711 0.43374894308347095029 -0.24727357804872318603 0.86643962973360755253 0.10448654317674224701 0.96892239168615101885 0.22421409675609690892
-5.4582145033702120784 3.2313368657426759789 -5.6125698530914922557 -0.80295663666472394393 -0.0033866322591274405224 0.59602782683185151491 -0.29688397077994482798 0.86938027453377331177 -0.3950162606088087891 -0.51683706090991310411 -0.49413203597157107083 -0.6990800980550334609
-4.780250893901797582 4.5876253976980745364 5.5135416271770179009 -0.82104539777779994569 -0.000282932221065554379 -0.57086283355759481761 -0.1514347144053255767 0.96428107575824029141 0.21732357029913956792 0.55041073941279616832 0.26488096738711414124 -0.79176138517549587981
0.90591576505746107539 5.94352779082637106 4.4959283345293910017 0.55115825266915408065 -0.0072626655819651988674 -0.834369123471925489 0.82636489048467087759 -0.13369434956335160547 0.54703463205643099165 -0.11552336685273269234 -0.99099600129555520667 -0.067685132248888085771
-2.6852073032120387097 0.53603108975599100816 -1.5401643921069576582 0.82070030233977575573 -0.0029105794666261248366 -0.57135150500059495027 -0.05993706943746320015 -0.99490816374371560116 -0.081026498278104902573 -0.56820644263022468401 0.10074360646279142961 -0.81669588238845580719
-5.3646844548913588113 4.4083219567816041007 6.4014368827043881538 0.67022212998805108519 0.013648370137078228923 0.74203505204730302314 0.73173173186676510049 -0.17917638465303975526 -0.65762032797190206335 0.12397971226581674942 0.98372229067721073115 -0.1300749236833061151
-1.0143586653434055744 0.23002149292829976446 1.7011639489518408652 -0.97909491520175462309 -0.0030639561405713128944 0.20338082308498647843 0.016369424018124696663 -0.99783026138220054513 0.063771556568540263554 0.20274414660670056487 0.065767633700983457734 0.9770206903510711971
-2.3040726990605255864 -1.561935610257524365 -0.28369702841965693807 0.98345682446842619395 -0.010796599461014196042 -0.18082065105121936099 0.13828175861721397899 0.68954160602036396188 0.71092230855469784601 0.1170078187141074394 -0.72416559363660792936 0.6796273709561194698
2.2150670035029182969 1.3104101591766250667 -4.7778312619088811886 0.82171168549007389537 -0.0031424392801996112526 0.56989475432271408106 -0.32885335520838659962 -0.81932255816032972806 0.46964456396070070054 0.46545179846817058555 -0.5733242283080344226 -0.67428032192669984379
-6.2439972751745527191 2.700122024301641499 5.0981046222212951236 -0.9940229562144874409 -0.00019895698535289554724 -0.10917107187680683 0.080114275320391614699 -0.68065017619641521307 -0.72821496862784707016 -0.074162425853560628997 -0.73260855718440531792 0.67659783958541297455
-4.9737897206168986131 -0.75346514634819949929 5.5386965651415556167 0.96042577880952750835 -0.0064976817860901495139 -0.27846023689140891877 0.23842176310223150981 0.53604343664699183325 0.80982250950881196072 0.14400481338277545951 -0.84416539502597587319 0.51637912386481421567
0.55197186016841504053 -1.6081223410195637502 5.881175868487250824 0.93909909611830266751 -0.0077515486191651345599 -0.3435590213688228256 -0.21280984548646705856 0.77186054743219234542 -0.59911874030247891376 0.26982375235309108419 0.63574460973853730295 0.72320393655899450902
-0.24795049419030756876 2.2744140702770332396 2.9586942590758500415 -0.67952657408084327084 0.007373992527558888288 0.73361383530591228741 -0.73092490145219868314 -0.092925179979083241677 -0.67610184097000469716 0.063185627757759460499 -0.99564578799894765115 0.068534963958556516239
-2.6786004224649553329 4.293685023346637486 3.0682177032593105359 0.90225533231469623452 0.0052632839581181964372 -0.4311700513157861181 0.0055116442898697978747 0.99970304707889090512 0.023736879288593606269 0.43116694804551464193 -0.02379318186181594158 0.90195839560910995303
-1.2600430110935476602 -3.0645271427070657211 5.4279391142119068903 0.88907290588250276198 -0.0040252747117411769723 0.45774792756378246406 -0.054664671554572254186 0.991872303929800192 0.11489606773383964633 -0.45448997976775645791 -0.1271736209296793485 0.88162675119928757272
-1.3179731223337836088 2.4418019363195675453 -4.20806013660195255 -0.94625564381242643908 0.0098807272222865352718 -0.32326866192477637929 -0.008080903198523951142 -0.99994347851328591048 -0.0069093257505469830859 -0.32331865946241616916 -0.0039256857222577483391 0.94628200523673755562
6.2000673424025070091 4.7825115383346492592 -0.89995071182762442774 0.90659862100177746047 0.0074655996670818141128 -0.42192796212062572137 -0.052642538891780540911 0.99403408989889885383 -0.095524819905417931998 0.41869762776583224761 0.10881402915314841717 0.90158294325193233387
5.2004178054936760489 6.8592254703200046251 -6.9605601016487170796 -0.89535602819978499234 0.0011041869454726446764 0.44534970925942390929 0.24507762300002858269 0.83618469894390945463 0.49064458415103051614 -0.37185284921715533457 0.54844683427233142936 -0.74895362239982865571
1.472484267435401506 7.152087876664804611 -0.31817402821174961547 0.97651958648765058157 -0.0025904173828400238119 -0.2154130612187890037 -0.21075481862587044923 0.19566947571904527714 -0.95775563830119536668 0.044630747605684160939 0.98066648051691907018 0.19052913257167122807
1.9309833871553088169 -4.8784917947416159834 6.048552302857066465 0.79287267405221617533 0.0095542919882879596277 -0.60931243073319640846 0.22657657353665675015 -0.93281657312816446126 0.28020759665282823914 -0.56569954840508074323 -0.36022486921673718685 -0.74176954947755435743
-0.65813958118707849287 -3.3476040771478863256 3.1076863199398570003 0.72610574832338703466 0.0004760718653324082705 0.68758287908249016152 -0.68723684079391600399 -0.031227000588686722182 0.72576194381457181937 0.021816665812214745823 -0.99951220492284564845 -0.022346930505649904852
-5.0722983994095498517 -3.6732622985012772787 -0.39851639760863194484 -0.99665317234743944219 0.003623494356814005099 0.08166593132062102689 0.079547345145567480151 -0.1871651567245700698 0.97910235623693853135 0.018832788697181784138 0.98232177742168480528 0.18625050784617189215
0.53838803693792736116 -6.2332435566788086945 2.9133436203457012681 0.91986683686803327742 0.001439291090515620701 0.39222816175243646608 -0.22849902986573819574 0.81474671549857624608 0.53289396969245861335 -0.31879961697109332475 -0.57981524473347234583 0.74978736065228224206
-6.9347515738865261881 -5.4642935693751644166 0.17368151895512212723 -0.93982781765837686283 0.0061776607662215989383 0.3415926077406577499 0.14714667669134018357 0.90966865114328854247 0.38839516045623817542 -0.30833671317943345258 0.41528879305200838701 -0.85584092544764744925
7.1515529159894075661 -1.1818169772492106429 2.8310233581625752208 -0.98805191400253611356 -0.0030354775580325962271 0.15409153484799539835 0.15410927928436141121 -0.0069041484153491376047 0.98802968719218420279 -0.0019352711159454304667 0.99997155890086475427 0.0072894523150619340915
-6.5556424427723634096 -2.9306033317017514683 -2.5365128108852244004 0.52873517292013560986 -0.0075910983429769828684 -0.84875290405568903918 -0.27621055254043480609 0.94399362145753562547 -0.18050975960532569808 0.80258759495924936189 0.32987636755814558898 0.49702588920919343884
-4.0068873865252081501 -2.1889162174992544685 -1.8864195059720638703 0.99966578481358148167 0.0013364197290235495762 -0.02581729372535394168 -0.001958567777422363064 -0.99187754872971123365 -0.1271813364381609579 -0.02577756166228960602 0.12718939542374255169 -0.99154343072119999203
2.8466698298257577804 2.8048468028388051643 7.2527086442250698894 0.99664834844724170537 0.0055294645909936702283 0.081617979385282798943 -0.05291487654614393521 -0.717305208643858494 0.69474689887217522255 0.062386580109057239441 -0.69673715465284102866 -0.71460846059124194518
6.4926566032289159125 1.0523935292525172791 1.2462322581482607742 -0.9383341094242948488 0.0016873901958259726087 -0.34572568866833747192 -0.10489062581915781225 -0.95424486126654317619 0.28002625120078938892 -0.32943444826874063169 0.29902156688213482605 0.89557749348294224401
-3.2713641754575673026 6.4055926999739387639 0.1095915305332922085 -0.23466162054153366645 -0.010976474396108137563 -0.97201514435450586671 0.8262466271590781508 0.52452827866574192051 -0.20539375839606924257 0.51210392983548591594 -0.85132226676499023199 -0.11401738094364514964
-6.2932681829495242809 4.1590751099831422266 -4.5799190321165657025 0.9598809317472722924 -0.0026988349417316204182 -0.2803949235593720668 0.28039016821918744116 -0.0020109577416355531657 0.9598840084172042264 -0.0031544308442086662486 -0.99999433615350941107 -0.001173553207414488285
-0.29077488315851096612 -1.972771909689670089 -6.7321516746686924648 0.99864691745324096761 0.018176549256724901932 -0.048723170241431516814 -0.04599565766993441579 0.74588490901515891451 -0.66448483954041315247 0.024263835986200368855 0.66582679096034513844 0.74571170750001969374
-1.3743794868957486255 3.5387552522387166754 6.2863813509395862766 -0.7771487725179972994 -0.0077758584968253881969 -0.62926887846001255955 -0.47679161073670262017 -0.64535519127706431064 0.5968135697375700488 -0.41074267529059238502 0.76384305529112872524 0.4978295306415121968
-2.7739988080304618379 7.102768628481345381 4.3856089075388640097 0.93410210241513791374 0.018909766571434061255 0.35650481482282142531 0.3569526231348009726 -0.066732286704529783505 -0.93173581381650583122 0.0061714747688304174428 0.99759171139271096695 -0.069084660090198396487
3.4101655074547148061 5.2342394224712966988 -6.0896161244363629095 0.99848520950907759808 0.0079631630492085006545 0.0544414770732155745 -0.05122771291160290591 -0.22647310060733788495 0.97266934573418528664 0.020075054707412359756 -0.97398486781650606137 -0.22572210667757419689
-1.8406190570820177843 1.1663994667740029687 -6.6786148313180682123 0.99194584462708623729 -0.001366280490622457473 0.12665533784570309761 0.071532835452331744452 -0.81917087605272342898 -0.56907128664111295002 0.10452987505654925959 0.57354791352146350381 -0.81247541262237532589
6.2628489303634458096 7.3541176171031734654 6.8944615893806204809 0.99776321212453145115 -0.0033652182337028891876 -0.066762623054329769956 0.035319644936906022248 0.87448164288790830589 0.48377099844219290103 0.056754693307181129647 -0.48504693747970117901 0.87264447126492217244
-3.3828066901362245922 -0.88062335621242615602 0.61705176207688194889 0.88317933169692908191 0.0032452053608216452699 0.46902423893157635382 0.12592846908641436299 0.96162051235642032054 -0.24377861040123255387 -0.45181444060228159731 0.27436373458923979385 0.84887469770603551922
0.78603846506667363059 5.4799510720237227801 -3.0258261242674842073 0.97878027717666116203 -0.0059311431959355245813 -0.20482673299683681889 0.016278147276626110662 -0.99417146501935060865 0.10657448129120196401 -0.20426500172819153645 -0.10764720006406379438 -0.97297887407025940298
-2.1315896147647306336 2.2215374253856818854 -0.72295545690486529011 -0.95175114512377845255 0.0013107480807039956043 0.30686811449731515866 -0.032167824735094149857 -0.99490772415077965984 -0.095518854038781353388 0.30518025625431743908 -0.10078145843623047273 0.94694672966755810695
-0.22947724607762953752 -6.2324412590526439004 -2.7697710841709834995 -0.98869316093202841422 0.0087119934795877717465 0.14969948128130544651 -0.14176240168544165798 -0.37972265266795368621 -0.91417401435359446626 0.048880006082923643795 -0.92505935389052962314 0.37666422286284895193
-0.30286903585812369188 -4.4538341467159021647 -2.7954531839952858618 -0.98767128671271309237 -8.9827861137854389528e-06 -0.1565421007989385993 0.018395158345019306523 -0.99307843606879453446 -0.1160036118594106741 -0.15545754260469624164 -0.11745305332039136792 0.98083522199858697022
4.9336463483961656706 -4.7615294722412988548 6.5564814168606426747 -0.73398325820279675114 -0.001295344632618504379 0.6791663262856130201 0.67879935087085707668 -0.034323320612123939255 0.73352120004768661676 0.022361080816545465116 0.99940994178790054647 0.026072021790969721056
-3.6931219408269044813 -2.0138514051791913673 -6.5145619734292052883 0.68952892856258185539 -0.0040085198761170212634 -0.72424704931650552009 0.18720624452106265911 0.96698825226552076462 0.17288013764622764401 0.6996453949591165955 -0.25478942628895184797 0.66751679346939485349
-1.2794095121598236808 -3.0733456901325526545 -0.99303911049253712484 0.36016810859719594617 -4.3845496200877517173e-05 0.93288741637294247955 -0.5411730518734730877 0.81453158127863756199 0.20897375678661853082 -0.75987542497128013341 -0.58011921290125156858 0.2933445710208738566
2.9017213867427207319 4.2170179373381184718 -5.4487215509463968743 0.59159998383226308771 0.0038532260360845897035 -0.80622243318990749472 0.55543982348869247456 -0.72676438164052237223 0.40410411537318585706 -0.58437664362336394497 -0.68687603410502451329 -0.43209403161782355962
-3.497695537402522703 6.1901174148148756515 3.2907288047319487312 -0.79232402307852345391 -0.0050359683074176738241 0.61007973370354162679 -0.11037219170395906609 0.98464963726164633773 -0.13521490723672399681 -0.60003385050434376868 -0.17446985660501768134 -0.78071739277738050333
-6.7310137439812116611 -5.5772594220571765078 5.1375165150831865191 0.9608978364619282786 -0.0029011269380370945797 -0.27688794005029093714 -0.10210948313812143184 0.92576311807787592389 -0.36405535658741983163 0.25738881354102799426 0.3780928889429638895 0.88926754466516710895
-4.557422773417887818 2.8324806793145813621 4.3419658908903508987 0.99946522923979808084 -0.00035365588555777075072 0.032697560584040663567 -0.031088551153420448947 -0.32026202000370079803 0.94681874745395511184 0.010136938779204060501 -0.94732893625743874733 -0.32010174788889772524
-4.6530312739877093264 -6.1619224687675790975 -6.7968437723080974422 0.87283858664189739596 0.0095762370461050568687 0.48791505136960372502 -0.48038208129103593391 0.19293156031022645758 0.85557610357627211783 -0.085941012580849934777 -0.98116548488033938913 0.17299836310290592212
1.1314461788582517165 -1.9837667917282237884 -4.9908454033119902249 0.89814917220015577648 0.010487949297284202346 -0.43956577141040320544 0.10865964663523018652 -0.97400165507413860588 0.19878092742016781336 -0.42605298457967305525 -0.22629798680591725613 -0.87593839709104981406
-6.3586844665297430623 6.9615822615998270706 -6.5935396668596748526 -0.97144514295254069669 -0.0048508588357182597789 0.23721467788174288582 0.072927062278139317963 -0.95749699854271819177 0.27907192866587871016 0.22577860355109635737 0.28840243922399511067 0.93050956751037117165
-0.063157929568566528733 -1.6759808847699204648 -1.6006637779499943708 -0.59588869455496795702 0.010408292980386571816 0.80299958352335920608 -0.76448762803521363995 -0.31354904164001046185 -0.56324565250668257033 0.24591732407991670484 -0.94951496350697484061 0.1947973403143848925
-2.4276958670988975086 -3.3804110252528212222 2.3946886878646549413 0.42604047001416373019 -0.0015007628078428196516 0.90470286040278902195 -0.0030297170574119197499 -0.99999538346336480643 -0.00023209145184288453023 0.90469903212316216123 -0.0026421133369290208948 -0.42604305006941090017
-4.8426110341407797577 1.6608773969777059776 -2.9086878103991753441 0.99278311177146838507 -0.0033755417933936044186 -0.11987618069919721286 -0.1176862875013484494 0.16476580851347086276 -0.9792865597357183205 0.0230571185444815481 0.98632694075668114753 0.16317945710765507927
-4.2841319177664027862 -5.6482598112796740253 -3.4977963532118350187 0.9681313900440128295 -0.0038781715079495662248 0.25041280198330106987 -0.024074848817719485261 -0.99669066901941416603 0.077640916687105876459 0.2492829983488195067 -0.081195258946361606456 -0.96502088923454099056
2.8293103642080299487 6.8403026705750011871 4.6282510271122809797 -0.98207903834460719139 -0.011641346475390220577 0.18810965285292233218 -0.18700240221174063704 -0.064105595388772904086 -0.98026556310361268043 0.023470492352518270568 -0.99787521849782012673 0.060779801716039527637
0.53757419540017903348 -3.9659483592438733446 -4.120853515008373158 0.71402392766849342998 0.00072912683074270083841 -0.70012091747844962253 0.34952656220944811061 -0.86683615231281385682 0.35556471612558476769 -0.60663087048612163166 -0.49859257256558581206 -0.6191966033139972847
-6.7967143303786938802 5.2444873206432571777 6.4782313413299581484 0.87508110430377128441 0.0018256186392441534766 -0.48397285875046497372 -0.48396498423885003781 0.010139598534367735491 -0.87502861814486698755 0.0033098219341090155156 0.99994692642078641942 0.0097565065785331275133
3.456528261722328299 -3.4466452860027776417 -6.6676792910206943432 0.98997839101321549737 -0.0079825544814387874859 0.14099313512055308695 -0.097195994266706595144 -0.76281480508927423934 0.63927029638106780407 0.10244864091667588157 -0.64656774738660516277 -0.7559460457028936986
1.9299237928141028675 6.4903492966528055774 -1.2643340714348854092 0.98214104539125446358 0.011981718327729070153 0.18776422817876206595 0.18161570243338284736 0.20027306139044726008 -0.96275980260437721281 -0.049139633569099963606 0.97966685118325069759 0.19452032568735788676
-0.53791046178560253388 -6.3859957454085849449 6.6458255857433039537 0.99373529598570253807 0.004241340800224120168 -0.11167888135364772983 -0.06531940552003659417 0.83287653943930128886 -0.5495907980616479005 0.09068371835507403611 0.55344257252192585739 0.82793585629897081812
1.5826035479063644829 -4.7796025618554107695 -6.0195770318738821558 0.99524404582976533362 -0.0091906842839865401928 -0.096978454115337245356 0.096940537644212954049 0.19137301548596594158 0.97671843491618193234 0.0095823484315256321486 -0.9814743502844446299 0.19135380407067012487
-5.4362371147849550823 4.7913052995471456796 -1.1525043768433054225 -0.97006236404569390341 0.012145151104411295445 -0.24255206691924791063 -0.01374203808058180841 -0.99989360245966296681 0.0048928672186930857388 -0.2424668353641429297 0.008079546081282789477 0.97012605092506665194
1.6153007337594489368 -0.59045448648906795341 -1.1593037611496956885 0.94484975382878644279 0.0058191741637672357579 -0.32745240860595981047 0.021892971126717831326 0.99648339623905579643 0.080879780137906809312 0.32677154176119316276 -0.083588146480015307338 0.9413996926190066894
-0.41311267392352551964 5.0461084046569828487 1.9934369627770744948 -0.96822434998543238649 -0.0008268598916321510256 0.25008183540241707421 0.24166471033759456821 -0.26037084351423889217 0.93477547658520254714 0.064341090082090143798 0.96550833251214207564 0.25229721357283479977
2.7181946132786025672 5.9740445203368128801 -4.9340088617995787601 -0.99976755721451615599 -0.0024473140010726861238 0.021420602122396527334 -0.018926155241072085966 -0.376239081380633833 -0.92632929041979883422 0.010326286307207176857 -0.92651938150053858578 0.37610530907588707317
-2.7125421228032324805 2.0075385650739501209 -5.6979907277687358302 -0.86322088124873053161 0.0031865972714611393718 0.50481635846512518118 0.048410079408279224622 -0.99484915467140622169 0.089059663491577012451 0.50249992476397142838 0.10131636120291954983 0.85862030057809834993
-3.4167721818018059743 -3.2190591515022419777 -1.83919918685979078 0.86071639976054126198 0.010833640210854781835 -0.50896946020665467803 -0.21758589397606492577 -0.89602642780022445645 -0.38703103160648838488 -0.4602430422352422057 0.44386853112558088963 -0.76886739373613399717
-5.6766199888165314036 1.1031316990235244813 -4.7052372449904877882 0.2506478575908983597 -0.0055950641404086832315 0.96806216057765348548 -0.95422372124773990887 -0.17000174291472455734 0.2460822976444282939 0.16319540830881223981 -0.98542787796119035715 -0.047949515572964701571
5.6900454407315672611 6.2361219544710833063 -4.1443004110302243959 0.97036239061422768781 -0.0096306762447970831187 -0.2414623800029100098 0.21415329243339797927 0.49721212131778358412 0.84078443952929937666 0.11196069945089920372 -0.86757556240936550829 0.48453838371039836819
-3.4074253269502445818 -7.0186021990091980172 6.2034105609493170874 0.98593209041363838452 -0.0011918743392313499267 0.16714213271392611149 0.038272289391311310747 -0.97179784495284682322 -0.23268902081907508195 0.16270570044518403718 0.23581248478516597666 -0.95808106497427003578
7.282946308295706217 6.5485188581308655387 -5.5064585004797628187 0.99997858572289877177 0.001458724131728359125 0.0063796723709494190455 0.0038336900618767297093 0.6594900696819427921 -0.7517034992676899785 -0.0053038586107607013989 0.75171185976738064127 0.65947035488268912484
1.5047509863644374928 -6.6047078631503239876 7.2131888974239810608 0.91625617940526349336 0.0010445582352999610576 -0.40059146595985933859 0.10346663974792591478 -0.96668288331058038754 0.23413427253107441106 -0.38700034646109737757 -0.25597482691172779301 -0.88583724228914761945
-2.4695640886034913031 7.1107036791714675061 2.5341028080929630661 0.99506675360256802154 -0.0024891488348064375741 -0.099176408550444697387 0.0084356637301019263275 -0.9939417753884518536 0.10958369730526021368 -0.098848345723759376003 -0.10987971275773256163 -0.98901741808310494886
0.11511051576595961177 0.3369573492690778882 2.7517702327805597662 0.75851030759936566294 -0.01155743142464207493 -0.65155854613703978462 -0.19581634714318005286 0.94959327172875074297 -0.24480313821297353116 0.62154490703153553177 0.31327151812169001799 0.71801315062943948941
-0.071141737170208774188 -1.5597108780760733371 3.1932227054064181715 0.91335765373918476051 0.0035151128721737311643 -0.4071430219683478402 0.11927877639658453213 -0.95840081446037306279 0.25930764034823827746 -0.38929470823187922734 -0.28540413946389170397 -0.8757819975996332662
0.38331343292052183491 -3.9108590320851503996 -0.58204708086413747825 -0.99323019917100063836 0.0061006677684208240886 -0.11600238492134518076 0.026739507539767431304 -0.95979533744560940889 -0.27942424546622735004 -0.11304322266812569242 -0.2806344456238294427 0.95313458532265737944
-6.3628175202124657162 -0.094154309922436868474 7.2949011585917462597 0.47293225700363783481 0.0072350440693380695112 -0.88106908606696232589 0.72658490689471699753 0.56244370680030952858 0.39462824246829647512 0.49840691543989668055 -0.82680392525559953665 0.2607408978730432203
0.36923396129907920526 4.257471694343256452 4.1752648074212910245 0.78616805830779568076 -0.0056155080062545038172 -0.61798725728488290709 -0.49719240758513322254 0.58817873953821386834 -0.63784440124129704319 0.36706878638240969526 0.80871146673281013584 0.45961534965520178808
4.5842927226127212492 -6.3432185797381386294 1.0624669135881472659 0.53708188521583621888 -0.0025519592854874404569 -0.84352625097078759442 -0.7678144040350483035 -0.41555934899545415862 -0.48761815841805999927 -0.3492908380267908397 0.90956248546555762413 -0.22514882967537694358
1.5284304536604047531 -5.2200800101111308749 2.4743707965025310003 0.99967124266328588611 -0.0037372615532782352613 -0.025366108654858714189 -0.022912234166737825009 -0.57425086232040922773 -0.81835870903282614819 -0.011508089228680561458 0.81867086182449955167 -0.57414770214807320237
-6.3418246936082560694 -1.3504069926265060975 6.7484474721859761814 0.84801628349588775713 0.0010333596308395318411 -0.52996916428563478618 -0.33353745073447932379 -0.77607876872861114581 -0.53521445578975157531 -0.41185088549533316327 0.63063513769577816959 -0.65778276902024823691
-1.4779849648845311272 0.88771559625325402454 -3.8204798958892904892 -0.038228155517404667496 0.0038243317040103745608 -0.99926171877677560929 -0.47179794350969483929 0.88144640640889115879 0.021422724590010096962 0.88087757868261351568 0.47226857519407383634 -0.031891758471194291136
-3.9853463308982388646 6.8102223864569708667 -5.0002268814200814262 0.99898961232565908208 -0.0056015075823740764077 0.044591227592849197459 -0.012019726922752015097 -0.98935879656241887403 0.14499895802817111545 0.04330451050570285898 -0.14538842724697792486 -0.98842648922040010628
-3.4896966798008386412 -7.1661392947644708684 3.4347623598364327435 0.99516838445556943249 -0.00078654493598447647144 -0.098179773513569643106 0.014167285295547570739 -0.9883526290322265373 0.15152019242518266484 -0.097155414709950024821 -0.15217904596978071297 -0.98356614589990898345
