1125 14.717824617146108679 14.977075390850430381 15.033177056927090831
-2.0429732639996460719 -6.6902936599112150517 2.6263927600810834662 0.88316998615948061335 0.0022333418677924904427 -0.46904774568381563116 0.025910842753357674756 0.9982294523621680904 0.053540532912885782646 0.46833684861943436495 -0.05943881409381904235 0.88154842385674037075
-2.4593049699256792628 5.8485291526499869619 -2.4331720842633863811 -0.9984147395333567987 0.002343344924146123151 -0.056236257139666921689 0.043799505130092147853 -0.59515890003557303523 -0.80241353868114195791 -0.035349840634292493957 -0.8036046244535187677 0.59411278081196561285
1.9350181998124289517 6.8266652206162845573 -7.2160484342809407821 0.87133806418921311288 -0.00017477575070894168542 0.49068314353391950799 0.3022196400749073697 -0.78762058997950201711 -0.53695166951345241202 0.3865659931343951583 0.61616051130674109881 -0.68623097952384715104
0.59756439983079034928 1.2895526918153412677 -5.2913030579766981987 0.30399299143797969824 0.0014720878625011238686 0.95267313078195536846 -0.47755922128231115265 -0.86504700997392791617 0.15372332517664263896 0.82433333750659987249 -0.50168865194714751254 -0.26226521916317269145
-3.2849367578420771707 -1.8463398730692539562 -1.4153449198154075539 0.72004741944391581487 0.0038449614490226029923 -0.69391420941183545867 0.48204240147381788306 -0.72209789985955252778 0.49619527023123372045 -0.49916614161373684677 -0.69178019579197591593 -0.52179816383013688519
1.2218348368962561601 4.2729268054724744985 -3.0502267466139643126 0.64463907992757285559 0.0068965318910815219533 -0.76445594672162897609 -0.68860948941071320473 -0.42908811561018811442 -0.58455141787157216537 -0.33205033914109982618 0.90323630733603654797 -0.27185795075059360215
1.1187901566253910524 -1.1505162569577815912 0.2845256998356169853 0.98774987226772015259 0.0015321636443665158887 -0.156037951504382294 0.11552784141355523784 -0.67937239197305421268 0.72464230547439756336 -0.10489760575649428875 -0.73379207238797738988 -0.67122700095214060667
-3.5521537881798108671 -5.3156482387719439231 -5.3667980987127208437 -0.99993835311678924693 0.0088139163405909892041 0.0067531359350813252584 -0.0046772660286067855792 -0.88595477895969032556 0.46374804885954468148 0.010070409560415712752 0.46368787402435190925 0.88594138764026919564
-3.4451336907307958946 6.7671900825208899377 0.80381743980134512384 0.7302712831234049462 0.0001505400475159588379 -0.68315725157755879948 0.41443819207115306646 -0.79506571300630712873 0.4428447774950139415 -0.5430882414470613595 -0.60652328012985778916 -0.58067604794967420112
3.3432047161837488147 3.3756144731271069404 -1.3438388311886333426 -0.98586965927178293878 -0.013719053738830908062 0.16695149742300069429 -0.10768631659551552993 0.81532391668559811571 -0.56890295138852642332 -0.12831473861321865404 -0.57884255065173695343 -0.80528046630330285538
-5.7953814054400156763 6.8514174666335589947 -0.87532892723464827966 -0.98471228072815208954 -0.0068211129950365269672 0.17405515390443651591 -0.16601633213997157856 -0.26572565480447946085 -0.94964648887973135416 0.052728565749354777692 -0.96402455819150656424 0.26053089942993651329
-5.739431597630942683 6.1313177017347690878 1.3074316042457001519 0.97190634878984938361 0.0025156279069839353191 -0.23535445778256952609 -0.04906604322744149288 0.98013939292464813402 -0.19214394041769011778 0.23019681271439279557 0.19829382757276300953 0.95272713059012970049
4.2720045821666348118 6.2694330298689093794 2.4132999331301325796 0.99998803113060896752 -0.002886666070250420036 0.003950285372186231915 0.0040830433533780687363 0.93721606723930572791 -0.34872535334506149507 -0.0026956172756664427761 0.3487373086832628033 0.93721663620529049865
-0.72722082611091942717 4.679525711166508728 -7.1721049396518035124 0.82628907778045657118 -0.0011935208433644073876 0.56324500481484107706 -0.51050362968763607352 0.42091935698018140277 0.7498086015745730748 -0.23797563744343763759 -0.90709727726828792704 0.34719177057637662376
-6.4704721421751090205 -1.0873081964624271567 7.0893987862384850729 0.88587947549206080833 0.010478402896778208492 -0.46379710863111045516 0.26466595457610730957 -0.83250017892413585852 0.48671899960814446473 -0.38101113814456172291 -0.55392567657037883322 -0.74026809835747420241
4.0804448970001230279 2.5595272053910780308 -5.7202472672916480079 0.95807590387304208956 0.001701277158698345001 0.28650945547024142535 -0.26901842043468165988 0.34943073991360124042 0.89751169767875593752 -0.098588294866293141316 -0.93696065214035906266 0.33523884687766369872
-0.88582086084446354235 -0.31257233630598735274 6.2258919382118484975 0.75960806551382764606 0.01088172047222614458 -0.65029006986568682613 0.5948865741220961123 0.39251139934296824796 0.70145902611280153138 0.26287934634670723222 -0.91968276571077889336 0.2916814353347783606
-4.2316360743873886463 -2.9225021568404456751 -6.1512372773256274172 -0.99938080003258711326 0.010400477084830281674 0.033613190901776016095 -0.015686026033095688131 0.72343328843159238062 -0.6902160718039751508 -0.031495477667129317956 -0.69031594742239321683 -0.72282219640863076826
-0.81099362202958158452 -3.4467138777475674338 -5.2101274885440620466 -0.73172367444758579236 0.010332436355997783733 0.68152307738755335542 -0.64608940985280893798 0.3080195165614205699 -0.6983498062528585848 -0.21713806374967561941 -0.95132392915154906365 -0.21870949475232170922
5.3992983289022751237 -6.8790672403048871431 0.36363237916807983341 0.99416745005043338779 -0.0040031528615431712786 -0.1077731693291607562 -0.024549519009089349614 -0.98147633816742174684 -0.19000399662567851733 -0.10501620054316322672 0.19154156829398863437 -0.97585010387824488998
4.3533306337610326864 -6.1234111090011156264 4.6813600661182777074 -0.94667815597629756397 0.0078451239298198208183 -0.32208527291361166434 -0.32217972018491258801 -0.0204612606249381275 0.94645737606888979965 0.00083480469703135599946 0.99975986659003923673 0.021897768309897810285
3.484620311340383747 6.9041624950029722996 -3.3025296113753515037 -0.98449940503788146984 0.0030164586619657110522 0.17536197551605534062 -0.17038880566600095312 -0.25346704984554041529 -0.95221957002907875456 0.041576151619040158103 -0.96733931772658265924 0.25005213055838226843
1.4660999844817679261 -2.0760758982582485643 -7.1329549202620468051 0.947097281793940593 0.005558075336591200219 -0.3208984989326238435 -0.30160322499303077182 -0.32645265423055502829 -0.89580363876226098974 -0.10973711082620334067 0.94519721346626217606 -0.3075060880098691718
-2.649606924877345282 7.359790053994378134 -5.1644094522044161621 -0.99994326107578579421 -0.0091453478023957920223 -0.0054623477361818960352 -0.010518381581687410303 0.92876550189563666926 0.37051856382297071457 0.0016847190033139926302 0.37055499605607106206 -0.92880899899809221676
5.9719758221169083612 -4.6819775615282299697 -0.4051948015549001747 -0.73175705762555920408 0.0037107092053874470364 0.6815554557424923221 0.67653137395866702608 -0.11736082231065037007 0.72700188269093468652 0.082685601314623435876 0.99308240746872489257 0.083369198817449557959
4.6411409399626286643 1.527421471034191125 -5.541334955384622063 -0.78265976050006003106 -0.0094757644648508984608 -0.62237762586845146728 -0.61984383601351267234 -0.079533474869876913393 0.78068434423342669692 -0.056897436233936116157 0.99678715695119568529 0.056374156198359649805
-6.0907428601102608923 -6.8696804582265382777 2.0979321006772022606 0.86165787438680041532 -0.012360328691466320253 -0.50733906786490789997 -0.0045682062639824062497 0.99947393931002670442 -0.032108817040561087042 0.50746905225726446353 0.029984444547997611552 0.861148125519805685
2.8619336720547137176 -1.2673159117752694769 6.9248541870137136911 -0.96572156343065052031 -0.0070554182436381972232 -0.2594842634888838151 0.1550914467955979148 0.78591210807858613574 -0.59857230265550909198 0.20815500247607596207 -0.61829796979202378271 -0.75787803470965131591
-2.1080311772947672999 3.117990135338212454 6.3124787807480089441 0.84944422031561617192 0.0080599954294985065584 -0.52761686198056179098 -0.5147059566177758505 0.23300182999122170946 -0.82509873678418199638 0.11628540232836365176 0.97244289482438384109 0.20207058546690503942
-6.5888013902947477618 5.1164651759269785813 -0.77238703204309699935 -0.89736056656320228875 -0.0019878094157390223048 0.44129362355584911271 0.35311634764735749803 -0.60299298883346508227 0.71533789249676793531 0.26467500562294948852 0.79774400908520493036 0.54180405809404419415
1.7345396780311503893 -5.3199934701391198288 -3.3004005929728945645 0.99025309160773022921 -0.0079002288403746383921 0.13905538804916905971 0.12669537582397094599 -0.36361794392391627584 -0.92289234074259984819 0.057854094980907593004 0.93151466829070384001 -0.35907287067265358793
-5.8929275542688905887 -5.6112580437621462082 0.5298622582749724641 0.9180293066524652934 0.0029812340663430145563 -0.39650132959526784848 0.053742426888914021643 0.9898086485641907073 0.13187338920227886785 0.39285359064093516857 -0.1423725797724111064 0.90851312860604960253
-3.8297404323720738439 5.3516546383062868486 -7.3199034730777396973 0.84037830740942798258 -0.0028822022221075185161 0.54199261373756801863 0.30420388392866970495 -0.82511861253389906512 -0.47606645781111622817 0.44858031325330588457 0.56495218218933695997 -0.69253500590308170182
4.3217863995251777354 -2.6490797115454594035 -2.295405056719548309 0.93781825919260031199 -0.00057332480200819211855 -0.34712617882223101295 -0.34684538307799639423 -0.041795601555387119908 -0.93699061250802984091 -0.013971147502056722317 0.99912601757204066999 -0.039395533353194622794
4.1738718906954455079 -1.3020392510464011693 -3.5466918921430758971 0.84410859300248508585 0.011530901714156400334 0.5360482455200293872 -0.19754889549709703234 -0.92274686237262693034 0.33092697362009854123 0.49845272304138454889 -0.38523404092466556614 -0.7766206387970776559
-5.50375511785978766 6.3383263621547270006 -3.0474008318723893041 -0.88274555154713973959 -0.0094214845238819091428 -0.46975688058067033293 -0.43434224035906215944 -0.36492458530020854823 0.82351494539156055996 -0.17918456815100106128 0.93098941061256834661 0.31804340562836436179
-0.16994853471001458711 -6.2929708413852099014 -5.6499481180487505227 0.9960713171868104121 -0.00031498446199042587357 0.088554118269782614026 -0.066862361751050383707 -0.65834918707190948073 0.74973713557664067864 0.05806337622651699254 -0.75271259366799836421 -0.65578380254065760102
0.94877039112157512957 -5.2841628194277108221 -5.4039729588980787156 -0.96494010968889809554 -0.0088108391470148594848 0.26232223281116140434 0.11890468322004166257 0.87632275713430185515 0.46681913160973986798 -0.23399201059408103465 0.4816438460543351896 -0.84455132735441595937
-6.1800165615075632886 7.2478445900955303927 -4.0327770662979283145 -0.92581607215704753155 0.0034176363853132959644 0.37795888704623742393 0.2694461088719844466 -0.69530118996291134792 0.66629951947304211224 0.26507243340151470656 0.71871035542684957864 0.6428001478319117501
3.3542900794128986952 -1.3650179967544804338 -0.25741391565903670724 0.99909548456488617152 -0.0047792690036711485066 0.042253654397896640849 -0.010370689507382218481 0.93627382919039259246 0.3511178798811793178 -0.041239077600300252935 -0.35123848786960898405 0.93537739074549353102
-0.84579064793319180815 -0.94898457146729509049 -6.8612863184071413158 -0.99988405221486065244 0.0093092102250161012922 -0.012050756468080299488 0.0082159741538575213615 0.99610515914933472903 0.087789576172999803094 0.01282107230963874453 0.087680388462410621675 -0.99606614719296382443
-0.66678249888674889778 -6.860037374562168111 -4.3007862124282461025 0.47821811460743135491 -0.00065894503050011130757 0.87824085571824306307 -0.84434760488922644406 -0.27547316439038166402 0.45955593546221673584 0.24162896552172274944 -0.9613085360550034375 -0.13229263595802409625
5.368043824718237822 -2.8848165450044058744 1.7754351099368808065 -0.97349361083884888846 -0.0059031484771268055017 0.22863801629232299861 0.17377162835237705552 0.63087785476407520768 0.75617230413970371039 -0.14870645862161657735 0.77585970716769847577 -0.61312976110933936624
4.1528757426012052889 6.4203260878338497264 0.49063445403001210154 -0.99986454119176992883 0.0063199222518285514544 0.015197297461675631988 0.013594330972797519577 -0.20342247139858410376 0.97899667634548059869 0.0092786546875409867119 0.97907065971399964699 0.20330900091823392306
4.5775601000354653181 -5.8750156476310264608 3.5949393913669149825 0.99978874505797699079 0.0006867041846931824095 0.020542485066845850988 -0.0075825613348831713556 0.94126884735986238173 0.33757289842842691518 -0.019104188518822545068 -0.3376573491384149972 0.94107520664071397931
4.8976806058326172177 0.56513420425691562876 -3.7487799162642096995 -0.24518002236556152296 -0.0023255239895182359261 0.96947477974988593985 0.96897569018256113349 0.031584921486030009818 0.24512956690279061323 -0.031190839489472075435 0.99949836651839207846 -0.0054906155435034634943
-1.8246476046419721762 -5.6584359262492833764 2.4464886598585620092 -0.81484417387882579487 0.0050344967818872297244 0.57965819768016257907 -0.43282508228249666482 -0.67046255834007895125 -0.602612981947132198 0.38560526506113879108 -0.74192628455006326416 0.54850156595119647918
1.2039052911260488266 -6.5794746672920760844 -1.6936530882792768526 -0.99534611080576362863 -0.008215972779755574551 0.096013631819239594889 -0.095510717899663116759 -0.048227598236503264884 -0.99425942365889941055 0.012799315221456594727 -0.99880258137411148667 0.047218438879793475649
-0.23661722727830225566 -3.2109249574960543328 2.087917992015328128 0.88224893652486857665 -0.0050746833224374759963 0.4707558407390069477 -0.21903888068274446344 0.88069542795463306994 0.41999706181009699435 -0.41672386870684091642 -0.47365579355580961218 0.7758810517605260193
-2.2897342174180730368 -0.19029790016971495636 1.4702313311002697116 0.99982381195154501619 0.0029723624599028060367 0.018534025901499343036 -0.016988198984405684933 0.56326616978635279942 0.82610085526497234465 -0.0079841186099466054937 -0.82627016588742741021 0.56321742410398922818
4.5096207832173504926 -4.518497271511139779 3.6521968903868629042 -0.62722395472850001052 0.0017968907167360366126 0.77883687752844599217 -0.77589726701207328841 0.085389911518925637468 -0.62505359294543760829 -0.067627965058431119272 -0.99634599120714362197 -0.052164395400591478946
-3.2169673681457080505 -4.425796560315395034 6.7504080650894069393 -0.88382241939489936122 -0.0094189906383914581006 0.46772771308795951795 -0.16632831341163115124 0.94079931711871433997 -0.29534985536943320072 -0.43725601554783138925 -0.33883318539428836091 -0.83306617344774436251
-2.5005636790578087414 -5.6765431002914574776 -4.2868237052852027347 -0.97289200168551448478 -0.0039262690026314302563 -0.23122659334116540952 -0.22062582794708615608 -0.28395232374210871429 0.93311056251881774326 -0.069320971567853884032 0.95883036156205514455 0.27538870827929806673
6.4918254185845274407 -3.1574054903100878811 4.0742528142251801526 -0.98731743171779595691 0.00083871668240458789947 0.15875637177876800177 -0.15845130928528980419 -0.067392324992081406587 -0.98506418933900063983 0.0098727712325487951284 -0.99772620046107851621 0.066670512985032959197
-1.1510562816251246332 -1.781630055952526881 -4.350354488064756886 -0.91398804134130695598 -0.0098616489038862720218 0.4056212619748896242 0.14888956863243421602 -0.93811492673467833381 0.31268559383212596314 0.37743576491588443078 0.34618366818582324562 0.85889412109045804034
-2.5994843834357559409 -3.0255137223111971956 0.011292702557639129265 0.97395421270408044645 0.0099651589849642768087 0.22652568764330935358 -0.20110679114365084819 -0.42349287167364757511 0.88329488065845274125 0.10473418788428809356 -0.90584462423090772454 -0.41045860527000788132
6.5369974664451442337 7.2470330481797269329 3.4498153827787834125 0.75948336855571974002 0.0011838415571444275282 -0.65052564238961174681 0.41749369447786738307 0.76600224254284499104 0.48881446325822841548 0.49888277977744815983 -0.64283680894800032668 0.5812717171023513707
5.253874340432689749 -5.6347886246270837418 -5.4470404291930520913 -0.85082052788735074156 0.003534190427888250427 -0.52544451545674975002 -0.5057062166120501745 -0.27709051951661667346 0.8169957567050173397 -0.14270827518207307438 0.96083731895258606137 0.23754156415776089828
-2.6727920177294417492 2.0565176946747327769 6.6690962905334290056 0.99945015002430170892 0.017694167864518151739 -0.028041291695858550775 -0.013719090511541714994 -0.54924184376410967179 -0.83555082646967027138 -0.030185827335447463354 0.83547609988697324468 -0.54869709525921228632
3.3554599473331037096 0.025974126752137075003 -1.8262530212355221337 0.99206846855996733137 0.0036094049647755629094 0.12564682998313167483 0.10910209027963790884 0.47169415397099212495 -0.87498649075632672911 -0.062425055751865493603 0.8817548396835263036 0.46755910333237293841
-0.90226555727485269198 -3.172646427759660881 5.4505449094327058646 0.87441878765412428542 0.0028392468210552881253 0.48516360382338791224 0.31441038428470324817 0.7582778945397320447 -0.57110484580878995153 -0.36951034363248291825 0.65192528201462440762 0.6621597485642777281
-2.8181162749009582846 -0.27205713537709130811 3.9996283248842350311 -0.80508685667613288928 -0.0081461858468279638862 0.59310099718634401444 -0.4052166723262407011 0.73776027410557198927 -0.53991594384727392697 -0.43316809863626087873 -0.67501364253458473463 -0.59726207038121148507
-3.50054559333700821 -5.8731860894335747858 5.0663401629205271348 0.98965572856815275937 -0.0068994817741421165733 -0.14329667150201855219 -0.051157321620963244757 0.91620811382712308291 -0.3974237292890838158 0.13403159089140714855 0.40064334427104275616 0.9063776494014305074
-4.5403034815463270135 3.8017313920826367735 4.2859625514771586552 -0.76285762361155351474 0.0016626564415727839667 0.64656436777121573112 0.14279200975890471437 -0.97487209787205308942 0.17098197197241868373 0.63060184589550627443 0.22275912633176497835 0.74345119785298885429
6.3456104658113634542 0.9417159837412781842 -4.3101871460736580488 0.62878725833538529066 0.014583637270559009214 0.77744060948670801192 0.73273359521297287689 -0.34574249203090590132 -0.58614299249461310204 0.26024615693865049693 0.93821609809691763893 -0.22808439462269566866
-5.3838759154746842484 -1.4596690978591686516 -7.2560535143879363318 0.87826072782503028513 0.007587798143296024117 -0.47812186655672062052 -0.0086685172839594520217 0.99996242625305098439 -5.3762982710489539556e-05 0.4781034937839842569 0.0041918255803961960992 0.87829350323794774802
6.4606110488926722368 -2.1193171044930969593 3.8629235861341211233 -0.94435098746412093895 0.016432349387298091775 -0.3285288273032234696 -0.10066809303434381961 -0.96526807836818795394 0.24108809993059787669 -0.31315674592834125134 0.26074415578672716087 0.91320607625148009223
-6.165729981731177034 4.4279642707457469442 -2.9923437312576068869 0.76544801681020624429 -0.00010636150772624052008 -0.64349772513085812253 0.3299361005109835987 -0.85848919832048309342 0.39260471972039895361 -0.55247760419852465219 -0.5128316342176405529 -0.65709376180625722608
3.4749685207705089951 5.2337891830178326913 -2.3588223536925774226 0.80609552854068222683 -0.0070476624068985310387 -0.59174346580365355663 0.57202330101361431591 -0.24696993531038147207 0.7821733785742672751 -0.15165533938565819994 -0.9689975136744203299 -0.19504993342319676408
5.8222941086881494499 -7.1230869725656393854 -5.1384570942716765174 0.85193308218905650087 0.002587601498631537239 -0.52364427600259944029 0.30402901140382221357 -0.81662668936251758822 0.49059882841858237779 -0.42635241725199385376 -0.5771604235733130972 -0.69649799839196890883
3.0356460336990789273 -5.7427937496480856439 -6.1973492634060534101 0.73048064998699668848 0.0022725772024151259104 0.6829296123228202342 0.25093897996028019515 -0.93093413951355763469 -0.26531350554526111907 0.63515954557184939322 0.3651800422820043468 -0.68059965353197615645
-2.6009100361494748022 -1.0471837513128221531 7.3662371855219372918 0.99999067432360533303 -0.0031768670900450012885 0.002925539482324988113 0.0011493643363742346141 0.84874907207492800154 0.52879456465967800138 -0.0041629589707661267955 -0.52878627078199746947 0.84874480829348775135
-1.111287672774316837 -0.71453091135515023336 -4.1719546823742632569 -0.5980484068486690008 0.0026140565461238059186 0.80145571915983981892 -0.80128568605164218752 0.01890394713961607645 -0.59798318547530404654 -0.016713838410182417504 -0.99981788716289743402 -0.009210869377080373871
-0.88071018564528635864 -4.4462491483396195946 -1.8887522078883618448 -0.7455680311060980392 -0.0043026563304378526165 -0.66641563467631248496 0.47150203273950103133 -0.71009953349068422046 -0.52291919610854897815 -0.47097148970508961874 -0.70408816186949130245 0.53145622228001043741
3.9184159728451684046 7.2115727803330731405 -5.5625429756864459563 0.94299727669748545367 -0.006507823991144334394 0.33273680945762401651 -0.30552412417798346933 -0.41334065248326773423 0.85779048406362035095 0.13195130043486325011 -0.91055321274037015478 -0.39176740686523031654
-4.7356230671685564104 1.4051744250790090263 -1.9204603556091577321 0.97079658498210530393 -0.0011193785154843434448 0.2399015164161311664 0.23817577630739142358 0.12431553680865498057 -0.96323306986836387811 -0.028745263390708892387 0.99224210467990658913 0.12095170744096260529
3.9078668916398919819 -3.6459262321511785032 -5.9028595563621033548 -0.85481624255797072909 -0.0060860617513865053474 0.51889512554219030527 -0.17484063067803434777 0.94484461576754774637 -0.27694657592996169138 -0.48858975155359557485 -0.32746238243128061862 -0.80873261512641203552
-3.7267971788295213287 -6.4120808684805989941 -5.0383913296441180663 0.94949624730034065667 0.0062743283304193724417 -0.31371565017805114195 -0.31145952163046902728 0.14017094272037025626 -0.93986439085778383795 0.038076800657307889597 0.99010743842322312958 0.1350459833938077725
1.0584832521368645608 0.30940043408185935458 -4.2798898850123565651 0.12775949054362364943 0.02095766633666561185 -0.99158372757816071186 0.95879861308834379852 0.25316709625152411522 0.12888615486349164208 0.25373752603024218866 -0.96719553224632548449 0.012250317822299756215
-2.6646870519228156304 3.7042841408267728198 1.4516638280129534611 0.76276879233386984946 -0.005297994847516153058 -0.64664959652974041138 0.48328889511961364844 -0.65973954107280086134 0.57547856762793359042 -0.42966919053562069308 -0.75147566108001673246 -0.50066827092280430378
6.0725545375601956977 -1.8852883445615800095 2.2741445709030068123 -0.94953627357867009806 -0.0076902691526942899489 0.31356295208240803074 0.30133991542451943335 0.25503499194552908813 0.91877712654121435065 -0.087035168353191250112 0.96690124244603259385 -0.23984759082808618236
4.7513054357374695513 -2.0560208658675391824 7.1036052199447654587 0.98640438776044192526 -0.0013415413586791540002 -0.16433071555171263611 -0.16431859206225360448 -0.022685800322166903287 -0.98614641649526812994 -0.0024050175963011002564 0.99974174401712201377 -0.022597813164865594715
3.8895139401161316073 -7.062329348949461405 -3.3491918176625565806 -0.94712494639507871508 0.0041755878268728667535 -0.3208378100888580331 0.28116825664734373946 0.49255805172459560248 -0.82360850963018927828 0.15459219699000092962 -0.87026957326313991725 -0.4676880610858129006
1.4617669457658768462 0.80294729193205249818 3.648757946748995451 -0.78815532414903721747 -0.0032726823421194450349 -0.61546768766994153221 0.49217043184834324832 -0.60379890569152439017 -0.62705274698379820375 -0.36956657185098512608 -0.79712995868680580624 0.47749803971777265987
-3.2601610587499068039 3.1368132794233898331 -7.248256263210483219 -0.89304214936769388267 0.0094272427842856370422 0.44987425637187639094 0.12496965183888888995 0.96564541768525036236 0.22784098275475062056 -0.43227110193946155503 0.25969223014340642175 -0.86354017858533327345
1.4166418971255112513 -0.52148335979676996299 3.1575712119152328228 0.93407598064751184985 -0.0033854773099255591924 0.35705825984104133664 -0.26143551985967561357 -0.68758618618501676778 0.67740438847360207042 0.24321498994313650588 -0.72609488024020873986 -0.64314282516102405651
5.6812502336620651633 -2.9556108423343272484 6.9466305593401873608 -0.86430323007053588835 -0.011109841104335620512 -0.50284838462540759618 0.47672443691062860172 -0.33683268775102120918 -0.81195908253724835557 -0.160355036534433254 -0.94149897073391852764 0.2964219127611694149
-2.3731674952934773692 5.2073370587922269692 -4.9460589221662383252 0.955332019682130551 0.006650127823905990776 0.29545982462924241796 -0.097366183681128704031 -0.93684892930430629931 0.33590759136520598194 0.27903504877596907452 -0.34967107324073171126 -0.89435428220217538797
1.0957416686038896625 7.201900758293231064 -6.3343865526506979435 -0.98401868279674420403 0.01055557172329667226 -0.1777521077584488518 0.13989912921888741915 0.66339695872681769817 -0.735073267637796679 0.11016108909576660668 -0.74819319367226555517 -0.65427171679028472973
4.7258499749711075921 -2.2578658842862657785 5.0980599928959451361 0.95428995484090328727 0.0078493299593078279947 -0.29877930000089225615 0.26684868584887705412 0.42787915622557293194 0.8635457176827776582 0.13461969005507026798 -0.90380186749472846142 0.40622619728748710077
-1.9136877848550377657 -5.1803599558459509922 4.1671711811135319081 0.9920975143048119671 -0.0083961395716280889934 -0.12518796647683369527 -0.084153726205655685066 -0.78458312768095972434 -0.61428614352286681211 -0.09306273408842771766 0.61996678991601061881 -0.77908953716836892855
-6.707589654233340859 4.3700960825021404332 -4.6062992172243797384 0.74909642019622524334 -0.0026478698188263172578 -0.66245569061979869829 -0.47746362213252979689 -0.69535562196246514244 -0.53713038318955563799 -0.45922003744309652928 0.71866094077157416375 -0.52215266869007415096
2.4694110338978556562 -0.45659076404480031242 -0.62927408423425845729 0.94538827274200776252 0.0036216768111694760957 -0.32592621437812557827 -0.0080656201561327758864 -0.99937214112642080988 -0.034500279882694141753 -0.32584652757593651762 0.035244957051534568648 -0.94476549125647457661
5.1352746490232981103 3.2605851044691687157 -4.639699560783462573 -0.96781253060750616068 -0.0041161500974809406977 0.25163855608245871975 -0.1950213852212800969 0.64426221342318368279 -0.73952204812389354949 -0.15907722937379351058 -0.76479360461713197239 -0.6243277804417350918
1.6586328895463224864 1.8972292919123641131 3.8559269471463717416 -0.98050976447382143242 -0.0074882085621704001788 -0.1963276050484676627 0.11432074518814787367 0.79094386029381058556 -0.60111444591115026359 0.1597853841599591318 -0.61184290189233980772 -0.77467212058578294176
0.12572789038719797694 7.0602894389974473199 -1.7974177610619053169 -0.99928134695713954905 0.0016283986795859115015 0.037870013749282019355 -0.015750745549915935728 0.89090038665837334442 -0.45392556115153065432 -0.034477581676384691511 -0.45419582711627909388 -0.89023448989124942532
-1.1148882188863511455 -6.9574441729101579313 -2.3539185171702303734 0.99555137726087317152 0.0085459860059769812701 0.09383187815035017032 -0.023454031403306162956 -0.9420520189003879219 0.33464593542504111889 0.091254389729833129685 -0.33535795772391741032 -0.93766074704354940295
1.239915706126061945 -6.6667512904089667458 -4.4889267053390664586 -0.93267957581978944148 -0.0059960339439027923042 -0.36065614707872833966 -0.28223886359224592546 0.63474310490436425258 0.71933470280157540966 0.22461084730452041125 0.77269996658041972815 -0.59370424364311380483
-4.785162741078798021 1.1546758791937865585 0.60878513546575629967 0.98036252513961585908 0.0061967755297266391423 -0.19710636538401510309 -0.1741505572581368011 -0.44174894066585035368 -0.88007355194165992618 -0.092525146357900878158 0.89711731306087960647 -0.4319949350372495056
4.6009585496529972204 -7.0331234507947719692 -6.8229588926075210864 -0.82090423716718252667 0.01294597183925764658 -0.57091911442344167593 0.13571640323558953334 -0.96667741200911860844 -0.21706183221399172334 -0.55470468836464870144 -0.25567006653971802166 0.7917926027577026904
-3.7924043976094634623 3.6742789356780156673 -6.093605090698221538 0.9251014663679375527 -0.011251810606198222806 -0.37955325539630990761 0.14808371886458926436 0.93110875768852729983 0.33332820697172815816 0.3496548142542026949 -0.3645680706176243624 0.86303628704425161544
5.6082646133745424066 -1.1800816120477501947 3.2263812738378758738 0.98984677751148875124 0.0048274702323732252007 -0.14205651192835974661 0.12879091404117481989 -0.4532928077734129646 0.88200823742259226723 -0.060135326643625225396 -0.8913485995680687779 -0.44931215934738377715
4.8658265941778635622 6.0751992667980942997 -3.5068843246451062434 0.94611746064482038499 -0.01051132520399935405 0.32365299736827896071 -0.2824672518729054449 0.46194721691105655736 0.84072410480941917044 -0.15834772585170683867 -0.88684512787219538232 0.43408722267191868216
6.434195611106391155 7.0765500834218393322 4.840088847638582159 0.99977244432659650997 -0.011736617566640156207 -0.017813235902128431165 0.020064499214318184256 0.23380853104531518216 0.9720756074923863066 -0.0072439931315775116932 -0.97221181983067028742 0.23399081594151746599
-2.9830426703511574438 -5.2395222901374989277 5.8694654355893582931 0.99946142557134720619 0.0090952039100604484961 -0.031529923258425289478 0.018739243026385282026 -0.94694319052244635415 0.320854226548249577 -0.026938811511445517888 -0.32127226956107057809 -0.94660362837120559654
0.59038163839643253983 -0.54090322055542650048 -4.8115279045846781614 0.23786857683843898315 0.0056922726601145732031 -0.97128066910898092079 0.73323504463946753695 0.65477312491139139095 0.18340808108266234977 0.63701248768407725542 -0.7558040439994454518 0.15157617757669153424
5.5017094524537721867 5.2418542772255740658 0.20346606030457001224 0.89684469031628999414 -0.00061384419364523526343 -0.44234514199515739818 -0.16312882394872224578 0.92905628433287146262 -0.33202922663330636244 0.41116734822759271051 0.36993789172909324892 0.83311905992756829509
1.2567964473225472499 -2.2295727342040683183 -0.1165696629886033564 0.89430990475392491135 0.0015394891385317266766 0.44744544274360065206 0.44302520615386065117 0.13720835366059810911 -0.88594725260481499429 -0.062757158724501327374 0.99054101260812410512 0.12202475720077445021
-5.2522285236825547727 -2.5681261814978761926 -7.2277165338015301188 0.83785297592061325211 0.0023565618690491135605 -0.54589086579378442998 -0.31553334022282653049 -0.81393144431082831147 -0.48780561207294076409 -0.44546728493659643044 0.58095615202707773239 -0.68121130897327109022
-2.0593007434424395186 4.9979547313768861727 0.098067536478521885601 -0.80792624886703001685 -0.0051145477776293876357 0.58926141719336244673 0.0060255705618438111168 0.99983835571889401184 0.016939744178538284486 -0.58925280558608394976 0.017236700219550007279 -0.80776483414077226985
-5.1608846058723027994 -2.078678714944713235 6.5414840528148401333 -0.87077186808197881707 0.0094164020544777009281 0.49159707599745933182 0.17713179386409111382 -0.9266758655905534825 0.33150590904895727018 0.45867273884486825519 0.37574349163261894224 0.80525533039924979128
-0.13157762097784081456 -4.8382728769673883917 6.5656554164619524983 0.98240997701286303379 0.0021464220092934425781 0.18672447600209132745 -0.16094057146148835202 0.51684882412210197966 0.84081236043557083804 -0.094703587700389002535 -0.85607399556126195783 0.50810288780965695565
-5.2611574447727731396 6.9057203796849693234 5.6327497058384565776 -0.95880261873881411638 -0.008350742630733626326 -0.2839503537540171707 -0.28169335712445087161 0.15706160580476549726 0.94656246731734605682 0.036693198980906602258 0.98755350086942017551 -0.15294342767504121028
2.2586739034771143864 5.4036716037322136685 2.8425300265216866258 0.99996806437240060017 0.0079576121664387856891 0.00073935365695096671047 0.0010343766789222316304 -0.22060408678209245115 0.97536288988255392951 0.0079246640375656030725 -0.97533097628644538357 -0.22060527282055991671
-0.34815129730738020308 -5.7123218567148414948 5.9293738415826986454 0.99142649465825827271 -0.0093143785353417950929 -0.13033321925869140179 -0.051896550167446327262 0.88734087777530945562 -0.45818436759633690558 0.11991769581904057618 0.46101996592494831617 0.87924987190676129334
0.44838069080694992197 -1.2038055063728121397 -1.7632788325411745678 -0.82409257692715431887 -0.0042079878823144669861 0.56643950911936724602 0.41817641410524497569 -0.67904553151210500506 0.60334538435249263078 0.38209934747327922722 0.73408409529934004478 0.56135606319798414532
-1.6738428817422352779 -7.3787594241674998585 -1.1750334394821702055 0.98494527966539258124 0.008183795806392087438 0.17267258482788847007 -0.15670949407733439362 -0.37938597470263213385 0.91187083332284968318 0.072972121601138847935 -0.92520230635522071605 -0.37239194645418793872
-3.0982421753122042496 -3.9128360213285078295 -5.9282927696688370034 0.94030262264925701388 -0.0068594566242152063204 -0.34027037146024535774 0.013667425960011364214 -0.99822930913075602621 0.057891690767889789071 -0.34006496336220776167 -0.059086328767022140707 -0.93854388626552354147
-4.1337361225314799285 0.0048669198935982378729 -4.284817268513763544 -0.91507353266586100027 -0.0028636983690456859625 0.40327686401045248488 -0.19258650186243037039 0.88168975421494699685 -0.43073613339584820858 -0.35433158074716203378 -0.4718209157551670474 -0.80736246775600151171
3.1812247083923921309 4.1484672216281692769 -0.54547118969864527571 -0.99978043473303634947 -0.00012530231316478651626 -0.020953916683048114111 -0.00040708164713028696657 -0.99967725517321914808 0.025401176623735255422 -0.020950336740954849518 0.025404129362520191937 0.99945770976157000121
5.44135343709138386 -7.1578825999394393165 -0.85530852804227563979 -0.99643590358151257202 -0.004198120372606300478 0.084248832864818767874 -0.083596256199330643 0.18266000042570224027 -0.97961573598728324264 -0.011276347068356343956 -0.98316717806777809141 -0.18235992971857853395
5.576680268929630202 7.3895403306467759563 -7.4409177071213354893 0.32557414837714332423 0.0055831815850608968593 0.94550002749428785354 0.21645052961729316365 -0.97386765001921260509 -0.068782035986161990659 0.92040786727236256759 0.22704763449417969534 -0.31827461339816787156
2.7866771614763936604 -3.1726079478122541921 -4.0123005012528176749 -0.71955363481495171474 -0.0045281935480008164013 0.69442210656616465414 -0.22310631724214086136 0.94847268686060470788 -0.22499585215291106888 -0.65762157646417751522 -0.31682654204253246633 -0.68348723793949073269
4.5705984561953654222 0.32919834726898311583 4.3150024479315831627 0.98885913759574617377 -0.0042134199429656460367 -0.14879466753132575274 -0.12660208962792071641 -0.54955407440389969498 -0.82581004486992337643 -0.078291231279295381285 0.83544752462292592998 -0.5439649958464833901
-6.7741231341915657538 3.3151142930859922586 -4.160080381059393595 -0.98420523136868443004 0.013504499246640990287 -0.17651541305659348979 -0.062502338394969811364 0.90636819332296980622 0.41783986864291799979 0.16563067421702210025 0.4222728106715946117 -0.89120825463287867141
-6.9888937134905360082 -7.1729520928187726625 -6.3938055861210507658 -0.99992417809275113694 -0.002026482410515416388 0.012146251877982310388 -0.0097247358200491604979 -0.47515129668802275065 -0.87985037067049876036 0.0075543086297563018239 -0.87990177782793932426 0.4750955628044047363
6.5562536910781714639 6.1797919434784009951 5.3620098959652811033 0.96143286182117970728 0.0041250611463809717591 0.27500879273383427304 0.27486277877515946644 0.02145073789584027793 -0.96124415144520680698 -0.0098643324332798095616 0.9997613963913563051 0.019489618554012551332
-2.0606353312380272236 2.2384879234204873022 3.0231379550520567356 0.92206506122699283257 -0.015128217155305859545 -0.38673913677074095441 -0.02844015908123897346 0.99388600621112510591 -0.10668535048892241468 0.3859885752401484571 0.10936975680335506156 0.91599731226731806455
3.855271555995495536 -4.6961662865681388368 -2.5832752483014811418 -0.94769721575338383701 0.016695916941090401669 0.31873379740924540071 0.2954965842880771798 0.42332992630517979338 0.85643069898765267212 -0.12063065915211246271 0.90582173734786120001 -0.40612217893209084929
1.8342765965732412692 -4.5550603064325327907 -4.8598414383593562249 0.95804339014934269958 -0.0030907216001320484897 -0.28660654219882414351 -0.068354770193804731404 -0.97355392127294559934 -0.21799171490187024824 -0.27835317131823544834 0.22843644589714073856 -0.93291816479412803531
-5.7607397761883865073 2.2607356970642364935 0.53523646504999466966 0.99399022293276184659 0.0028712267893054263003 -0.10943122392875410942 0.099734815163533399596 0.38833690105071771992 0.91610447980923559452 0.04512652610287640198 -0.92151299900707350776 0.38571672157534420133
-7.2692506923705213495 -1.0779853808225472456 -4.4356042121933221267 -0.9649009105982657708 -0.0060630474862315908088 0.26254422900121771045 0.18603033599394652731 -0.72142489958279576445 0.66703735154183629863 0.18536166490571898136 0.69246613904018028407 0.69723145329671065706
-4.5242859470279377376 7.3020472647198539917 -6.0590302236530417801 -0.98667501339619434475 0.0084931622541919681024 0.16248164245389146165 0.13701657005246792309 0.58192132709974220273 0.80161962837597422471 -0.087743247436169777287 0.81320073491198419102 -0.57533093717260952449
-1.5669791178649947749 3.7556030707815444281 -6.4029939594371567679 -0.87261715709358633752 0.0069457895865965308541 0.4883554577897209481 0.48838737245732738446 0.0039504940324478036995 0.87261799661773797876 0.0041317756722845482009 0.99996807429234157993 -0.0068395047975278629171
-4.6670428285447886907 -5.7730734342184426566 -2.8426334261865013886 -0.85639362738819979626 -0.0053859620232195107303 0.51629540612138202782 -0.35545792999606162788 -0.71910341726005155838 -0.59710965097530199763 0.3744858007613665607 -0.69488219627363212449 0.61392110106270947334
5.7880493776117143412 -5.7366467725160781299 7.1907404183926866281 0.8150982852315894478 -0.0066056885275123065904 0.57928503371970840874 -0.22405450802543933064 0.91852907772304359657 0.32573595259174925598 -0.53424185800634016452 -0.39529823963233340356 0.74721144189412502801
-2.6009460092728535763 1.2197345869911633276 2.8455175964596510774 0.98762628005246910767 0.00049417366389954177353 -0.15682501950321103834 0.03569133947310017263 0.97304490294134038386 0.2278371022169347615 0.15271037697684233803 -0.23061520472940921778 0.96098708009588829082
2.1148516168937914195 0.61549919060444024943 -7.0759803147974853488 -0.67393641292170169965 -0.0076466615470339258792 -0.7387497816617888402 -0.71284386669345312093 -0.25594258145890430578 0.65295253787213913821 -0.1940704332340833782 0.96666174206037802641 0.16703814947784070832
5.872815309588546917 2.439007916763465289 6.1109694035057922079 -0.99108982422316360683 -0.00041836364411986307066 -0.13319453927657426417 0.079571495320356136483 -0.80379534630856963595 -0.58956036025595959238 -0.10681450020347585395 -0.59490576247377258134 0.79666667830513382409
-4.5496376202713939563 3.5056988008963263503 -1.5278353264917896581 0.91383133205471434035 -0.0052831596067986243137 -0.40605958279509019038 -0.22701156729239443943 0.8224431871752386769 -0.52158695553519729415 0.33671656459196530609 0.56882272466348116069 0.75037501493308433886
6.6514044982579498821 -2.753122712828874441 -4.7258322014506246589 0.86464584705969593781 0.0065535987343467144023 -0.50233913793991369356 -0.0036284357326208729888 0.99997029426764738602 0.0068003703262301366805 0.50236878248627103716 -0.0040572066830701185303 0.86464394143332945486
