1125 14.717824617146108679 14.977075390850430381 15.033177056927090831
5.3572210826820603202 6.8770824801578687158 1.8821451151784356348 0.95263455815970154994 -0.0089920623421273701559 -0.3039844427181625508 -0.028572290109213478726 0.99249513210706219457 -0.11889927241916403711 0.30277222930406566537 0.12195308753262935897 0.94522823783648912688
-0.27221370677772149804 2.2400357590066475311 -3.2263651248570548447 -0.84797249006027020091 0.0090484951292470021389 0.52996299949793290729 -0.46681427585591617202 -0.48632721218561075771 -0.73862729068513566233 0.2510519626652604197 -0.87372991674989464173 0.41661606380245347347
0.083135879885934294009 -7.4173949175462183803 -7.5048520200433346261 0.83268271851134934014 0.00022160784043320335811 -0.55375034192530703248 0.53002155256886895884 0.28927738552196896604 0.79711714825238277893 0.16036409855388508716 -0.9572452899416972194 0.24075882284862781813
2.5625626296651815572 1.0188053526498523915 3.4829057012340025601 -0.99995227487803350908 -0.00088458113516892656822 -0.0097296188249286780919 -0.00815140813645809717 -0.47342687148095435878 0.88079540865351280132 -0.0053853980034307396413 0.88083268267923497952 0.47339706654400259822
-2.6303288355785645614 -0.77788418747424370459 -0.94101680407392929162 -0.82073880510777819097 0.00051962921834407087285 0.57130337280273946199 -0.077455502239911905304 -0.99086764177314978763 -0.11037192423684182019 0.56602867326937211789 -0.13483711088741778816 0.81328377247087602075
0.29305525814158173148 -6.843328994967037282 -2.9659694574648858278 0.95371249107735200923 0.006646857115567259694 -0.30064647620347223489 -0.19711887116909498907 0.76883723923697233626 -0.60830374829643119039 0.22710489865283040034 0.63940997712965819133 0.73455989963715573321
-4.0872287013256567434 -1.3901983137807956137 -1.4372041307668237398 0.97627708764382314932 -0.012152093260840502939 0.21618365981512482898 0.15524044373779205541 -0.65672833282386255949 -0.73797581362438224861 0.15094188540556632838 0.75402932535540323489 -0.63926232779229241743
-3.0943716812272539229 -4.0921869010309865899 -5.8145818540637037586 -0.954339544319101174 -0.0034524833191955234257 -0.29870405840544883569 -0.28206448919742443948 0.33967622774222300253 0.89725118235678691381 0.098364923030223774814 0.9405360921653405093 -0.32514027934334938097
-5.2467432324821041689 4.9420601289731287409 0.90805323406539506514 0.84670404489775974444 0.0062221767670222506708 0.53202776701043075214 -0.17655149089096663917 -0.93999129358165411929 0.29196907208632094655 0.50191815211048751433 -0.34114168978160314127 -0.79479589585937870932
-4.1135254455481025104 6.0972576950285031216 -2.9273673108338638116 -0.74732362263868923336 -0.0058928841758092934816 -0.66443410279893755366 -0.60934493924664467901 -0.39267272011896792172 0.68884459777873419117 -0.26496442791576096942 0.91965939825054032752 0.28986280056058616461
-1.6094689805286646056 3.4858728058537113981 -4.3338144990734255302 -0.77197360271083537153 -0.0046164728861774603427 0.63563782525569756388 -0.32504656728102127028 -0.85647866282911078173 -0.40098507355932949681 0.54626137133841723426 -0.51616178500220000203 0.6596783503245086111
5.5403484261696780422 4.3003347660337229996 -1.5047739955510690546 0.74022153600083995251 0.0031671578855621473556 -0.67235559546378054208 0.47434690013820324239 -0.71116972086783070139 0.51887633059328375218 -0.47651557788784543179 -0.70301322692503376288 -0.52792547466331096739
4.755707581489717839 4.774729583108690889 1.1062937392571807749 -0.9833992282722189282 0.0053039142149941369275 0.18137757945134572179 -0.095066646014439773471 -0.86646768240981730802 -0.49009803932998508014 0.15455837295077956561 -0.49920499179546495849 0.85258787553976378426
-4.244684050137618847 4.7601784842232808259 7.2193323504455024775 0.93941721043351267273 0.0030292048510894920357 0.34276249599308822313 -0.12074750941795464598 0.93878868599873976919 0.32263887244143962807 -0.32080421398543484957 -0.34448022723943383383 0.88228001752866580532
-1.0467969118390854089 -1.4116681764053304882 -4.8578793887338385105 0.91677195589903048845 0.018364051085876995778 0.39898864959387825291 -0.33321395358899813521 -0.51561806041197522088 0.78937093746255615478 0.22022180185121587037 -0.85662172363572830491 -0.46658501967455484616
-4.1620546725004761157 5.9045105960859274319 5.4130125828406594479 0.87313966682370280914 -0.0018379067893090628161 0.48746665969854030553 -0.40905673353241461809 -0.54667074260348824666 0.73063238905284655367 0.26514092662348648366 -0.83734564027038882461 -0.47807171820684335461
-1.9212146292260625646 -2.6807644016053142622 6.8734249911534819333 -0.99015195806025957381 -0.0044177477704011036685 0.13992706476623983924 -0.0039689978725319496194 0.99998604759744336157 0.0034859240278158135085 -0.13994051238060817299 0.0028962242794556627978 -0.99015567709309126876
-4.8118218303145008363 -4.8168152204584346876 6.2276565749856489518 -0.99812030080268920873 0.0064828397774888951027 -0.060941266100597663025 -0.027330932351004776082 -0.93711537887405571556 0.3479479656712229918 -0.054853306758584012559 0.3489595097806830748 0.9355310659039736132
3.349007818238267653 -5.4047972480011283736 5.6642128329820247146 -0.98045709020594939975 -0.0030631784870956400325 -0.19670920467101424278 -0.19661406426814756476 -0.019513837020960916185 0.98028675391271047346 -0.0068413446562459283296 0.99980489451807708079 0.018530215892406973893
-3.207945635705705012 3.427564662747907942 -4.2875999666946968958 0.021610495132901835769 -0.0042603992832128271054 -0.99975738831874794155 0.063676049528217273932 0.99796647601754362444 -0.0028763625398336768214 0.99773661214614828285 -0.063598441356211302122 0.021837835068614374484
-1.8577337327940508516 -2.9183768348507062029 -3.7760474340190230969 0.93064105199841129501 0.0042361952047548154243 -0.3659088506520445927 0.285174060083777825 -0.63499745535990870238 0.71795124287223333059 -0.2293098074454186508 -0.77250261251120400097 -0.59216275285828756658
-5.2418148127655834756 6.7935360486686837689 5.7962234887098045277 -0.88403345538584521268 0.0064803397786993141225 0.46737870614160609284 -0.38828959622912623262 -0.56684554346985416284 -0.72657918997767534375 0.26022305666191453133 -0.82379860102134150335 0.50362667297984253789
5.7959004895627677101 -2.3365993206794719583 -1.071517724031875618 0.98222048339070822109 -0.0034817737820568668214 -0.18769869274749534371 -0.1294603314935481031 0.71149815660276283236 -0.69065939197299042185 0.13595199364986804147 0.70267933682599692524 0.6983973117219226534
3.2017179436807863269 6.9950361343053888419 -4.1495030348432271339 -0.97358850837470156669 0.0041147844125360754156 0.22827282998653339319 0.14543361054862682935 0.7819152075661905954 0.60618287100469592232 -0.17599568541188365112 0.62337121903886349994 -0.76186208856357717778
-6.416749014694010711 -2.0194308951627371052 -1.021556892674974959 -0.96954107318672322346 0.010436745299729374009 0.24470631735087400305 0.17304550472102664394 -0.67786820415527893058 0.71452778188892274169 0.17333597635721648134 0.7351093606688441362 0.65541503427784364444
-1.729453559200501811 6.548849847225154619 3.2997265062034126792 -0.90799714681111209913 0.0002424533980079539644 -0.4189762792797537827 -0.41890346627237212696 -0.019176896517150900795 0.90782825059863381245 -0.0078145587067483968796 0.9998160770142976439 0.017514131891124790769
-3.9526498527016418194 -6.6516138070315333763 7.0604711406641804672 0.99991324319007279797 0.0072621297843367769304 -0.010989429661290607554 -0.013117566650661499281 0.62487763665120221734 -0.7806124958380336043 0.0011981395788442684991 0.78068892696401825937 0.62491868573225872741
-4.941521328103360311 -5.6130749486134012827 -3.6461068990102663001 -0.58984921065440876209 0.0029685798023564697289 0.80750795427923061087 -0.24127157832126067127 -0.95496239575079788775 -0.17272767061545166167 0.77062697473212438126 -0.29671199880664450577 0.56400004927261848664
7.2554527876731809144 3.5280935962766073466 5.5764138155798992358 0.94841892508230474235 -0.0072432190973431955297 0.31693702580006283265 0.27539946797344661 -0.47636058868241076825 -0.83500642068790198458 0.1570244426380796865 0.87922018023204318027 -0.44979461878386267637
-1.7036231765463702992 6.2676936089927925977 -3.8126564950591439462 -0.99595610544489554528 -8.9518225277297920617e-05 -0.089841126514838207107 -0.078067741967643336509 -0.4940323031076435667 0.8659315857214788803 -0.044461935304726411811 0.86944354357981945558 0.49202750008142859262
-5.2091216034130676249 5.009933965740152928 3.3621337347863304856 0.98629602507222713381 0.0095437532372222820543 -0.16470903952354068456 0.027780139309532495689 0.97446505554755158407 0.22281409151279429892 0.16262968605569932956 -0.2243362928526705935 0.96084588406382653858
3.2533421781640954329 6.9218264813376446654 -1.4182649210079072422 0.97988450927345327468 -0.0058145452294773702223 0.1994806746276148457 -0.098097914446094280905 -0.88450922879223292661 0.45609234082888511219 0.17379052812928258431 -0.46648645772969199452 -0.86728728636330221224
3.3505309080266569843 -6.1098976195577243686 -6.340808864635514297 0.96463321265195489662 0.0046530672789038022771 0.26355476473349775945 0.2362457194855794862 -0.45875703363753994601 -0.85658037808066833652 0.11692187594110445281 0.88854956702091536513 -0.44363153841163976976
-6.9913032697214800848 -1.666820078480186762 -2.0351701321051485216 0.83683255291420355348 -0.0032038137922619151603 -0.54744955380416815416 0.43461259915723249314 -0.60418599970750253014 0.66788559380425271961 -0.33290113703164581072 -0.79683688000410946017 -0.50421009473078315377
6.391616262066353471 2.1315977319973367088 -4.6277682811565927778 0.62978186022305970848 0.0050121750147842170434 -0.77675587325467676525 0.39217313056246150271 -0.86522590477179894819 0.3123849698315143697 -0.670503575082793013 -0.50135716990329048937 -0.54686922018688521874
0.85742490203612276023 7.3644072831389424394 -3.9741704945892526446 -0.80436765537489218758 -0.022628230639020703585 -0.59370079852115409391 -0.31024016593681763565 0.86821721296908749288 0.38723366401132786052 0.50669883996916398328 0.49566806865307000418 -0.70538602998041965986
1.042872100104306865 -4.5672549227044472175 0.97497382052209069503 0.96937143362903144261 0.0098517316748133326731 0.24540164434458511256 0.24411471750778732104 0.071048660288648368688 -0.96714016180030570879 -0.026963463429295578266 0.9974241982497308312 0.06646758898671262239
3.3518775094191011199 7.3765174221060760829 -6.7945125865703595025 -0.99320698951862818049 0.0093693947335665682397 -0.11598314711041506075 0.10817708647938162336 0.44155039462000866823 -0.89069128600869051926 0.04286716613150480526 -0.89718752970227855226 -0.43956449198561886593
-3.5824245508263481419 7.2481622306967672387 -3.7691462252189125159 -0.97557970660549309105 0.0047007856983981872318 -0.21959539765971616831 -0.21947134938439452623 0.018965386252886875379 0.9754345907972519214 0.0087500205101136603603 0.99980909014568608573 -0.017470558175941109519
2.2261197899261859767 0.53372344858477061003 -0.15199550912496431754 -0.99425447572182157341 0.0077705113150594185695 -0.10675980826701131354 0.01513379173070520875 -0.9771390030530648918 -0.21206210661092372849 -0.1059670036151342809 -0.21245937933240144346 0.97140722988797223447
3.305570646614737651 -1.0329405783005658481 -6.5903451075912231616 0.99252156294218496502 -0.0045107413044416060088 0.12198606603938659532 -0.071513134281405141279 -0.83135959136891435239 0.55111441776096792289 0.098928351447558210419 -0.55571654919719937205 -0.82546489824105551136
3.4677822659284869289 7.4827231673346732421 0.69644923423735161094 0.99113545562444671511 0.0036765028366046864639 -0.13280433701872745855 -0.13250966827747379106 0.099405897636530113348 -0.98618439215393616237 0.0095758246161743616753 0.99504017549144307964 0.099011881817074307022
-0.4237138036667976726 -2.2045680780676311095 -2.2306143425695164062 -0.9401469367969728097 0.0042074316391118617153 0.34074335613528533573 0.32199488734143383306 0.33828601514694711661 0.88424084076786801933 -0.11154832924473764844 0.94103393640988342028 -0.31939333237833372747
-1.4051245639942984145 2.7806653106309933143 -0.75954586991641015459 0.20753261227961819491 -0.0072328860382356585657 -0.9782013597414449535 0.94297609582432240227 0.26750674979714877955 0.19808135075497074196 0.26024276655526240587 -0.96352883930501243004 0.062336813225710517583
0.27668067151656705605 -4.750645426695609963 1.8918688681483346592 0.8110711124589828902 -0.011414695890106569057 0.58483617813221944193 -0.56974580573058053456 -0.24187026377503417773 0.78542249290032095654 0.13248912176831989518 -0.97024145459731414576 -0.20267745901791273111
-4.3657192958544852601 -0.59756402155913546093 -2.152983512298399571 0.93836566490737749469 0.0026068315917970393165 -0.34563432027520873957 -0.24430037159889123055 0.7123980339464915934 -0.65788020920667744651 0.24451422731557176382 0.70177079282218624012 0.66912670472941815358
6.0711766758338541194 -2.4507260811929594269 1.3753655542259968225 -0.93247667074530449227 -0.0011014340436487192812 0.36122852234944274885 -0.025492582749623224347 0.99770273288801070155 -0.062764520332229706279 -0.36032955296569313397 -0.067735098957827644117 -0.93036260115542979143
-0.90202373519572121019 4.8345737547407425794 0.89917744190226722711 -0.87305912320666856363 -0.0030603696048937777119 0.4876047595373542709 -0.12098902214218715256 0.97006869554660291044 -0.2105430655269382445 -0.47236577342845204042 -0.24281136723450880144 -0.84729759591008790842
-3.7270359975348066328 -2.6153040171141799242 1.4218312054171677872 0.99011927455381409935 -0.00066575415364731401098 0.14022617062593326076 -0.0031792528715294519383 -0.99983826413178378267 0.017701353879788661594 0.14019170627459603962 -0.017972266117736314384 -0.98996125335409801416
6.0191308890971910728 1.2843372218103970006 2.344453222959147265 0.98504672835485607152 -0.0014465889176290625331 0.17228131163281371063 0.010122596699861518763 0.99872323905502713437 -0.049491664020284251158 -0.17198975548985850903 0.05049553596055166016 0.98380370239927250609
-6.5071917120948414848 -2.2993576617342323942 -6.075164275164271821 -0.56419768428298722185 0.01792309659694818133 0.82544517422896335201 0.7037825131853944205 0.53319286629026141355 0.46946303525588367611 -0.4317072470830421449 0.84580383656351154631 -0.31344014240430845275
-3.3720159818776695992 -4.9289276318951760203 7.1756197179308465195 -0.9955717312997395263 0.002479897534771342664 -0.093972219007921187206 -0.025601860821859417916 -0.96901734344322976167 0.2456622332162340383 -0.090451492853983295195 0.24698023851014863639 0.96478976426268003852
-2.3132530388872414306 -2.0112997171641286975 -4.0585813923751503651 -0.97830878076929761455 0.016131952739673487141 0.20652285483826313128 0.20695446207241285919 0.032590635314455627947 0.9778075992332233568 0.0090432349331890805183 0.99933858656146168364 -0.035222284300365135079
-3.7357197907136976411 -2.1947792618332360171 4.5256559718015010318 -0.99931617867152700008 -0.00077756644798102417249 0.036967153469200236815 -0.017037290111742153798 0.89700412098036141906 -0.44169371479577435036 -0.032816242789978466998 -0.44202149533112400359 -0.89640397805590243951
-4.9859552266005442434 -1.3583670383341548416 -0.4571697942117802782 -0.99984137110636506218 -0.0075148913130702703345 0.01614803494959766994 -0.00037532721186915932177 0.91531976113783686255 0.40272769211982084592 -0.017807070327923817804 0.40265774707458878989 -0.91517738551993854657
-1.877411986470973293 -3.6751367162426737956 2.6360669331120853975 -0.89433778342825365204 0.00038661419269115596814 -0.44739219892839160453 0.15749162239634792448 0.9362637135692584156 -0.31401695420530389979 0.41875567817940140269 -0.35129775003958391144 -0.8373969027943857224
6.5707603732744450653 -7.3621460020195694796 3.3313033060787531348 0.98223621126383375834 0.0084402927960398922702 -0.18745876010349057927 -0.18162100242128786931 0.29392737848171945902 -0.93841382537674655762 0.0471787744806163728 0.95579048835839541809 0.29023904906498210199
-4.4600254007658195476 -2.8713075814139288333 -3.5080907764429576368 -0.99301819138822322586 -0.0047731158637516297658 -0.11786470607031682145 0.061609365697279962204 0.83108704823755730207 -0.55271928165229466945 0.10059402383081463006 -0.55612187119080713771 -0.82499048888618831121
-1.0345584826861131678 1.8573244591222921596 -7.2047933422254342162 0.84718160522475971508 -0.013856429932000197472 -0.53112270438980691001 -0.29712516523585497108 -0.84108116212724692851 -0.45199459609409109451 -0.4404542699899399727 0.54073142877433844067 -0.71666558308845507153
5.3887822195562158356 -1.2249726609540276812 -3.5183517640672263838 0.9661354782591402568 -0.0056767314757354605387 -0.25797289076298535182 -0.25802561291837633473 -0.02993559099463090345 -0.96567419115857155987 -0.0022406978693140832196 0.99953570977302930167 -0.030386578640997127798
0.64334570395316359459 -2.7515304574863619358 -6.9052167847776209086 0.79088410970994893479 0.0081783998967091438292 0.6119112997676373622 -0.07285295042900064022 -0.99154163404887685207 0.10741338632294950006 0.60761399969222085193 -0.12953108400191926108 -0.78359870192290936863
6.8270195994208329182 3.4581295588258020857 2.3818942618414400414 -0.90152097015934717916 -0.00018545495428867742049 0.43273537637833253688 0.31527249390015787966 0.68470344254329584821 0.65710307437973225486 -0.29641726493714348756 0.72882176241916807324 -0.6172160429471716947
-0.70127550630238888463 -2.2383172250880707388 4.8233789314304269524 0.99969803109341615066 -0.001921853383903288125 0.024498022524800884547 0.0091606414365152932788 -0.89592746832912351085 -0.44410590419627438141 0.022801957734522267096 0.44419621562220867883 -0.89563932068131035802
-4.5619134737529938306 3.9027846592054609154 -2.4210639107924531999 -0.95184228271831494705 0.0019492630037879401378 0.3065819127140018141 -0.2771782041589808121 -0.43283945465436035605 -0.85780082165599169652 0.1310286684997319373 -0.90146891619633628956 0.41253518778748460294
-2.7313127360979394531 5.3689867786116298731 -6.6310492373225988771 -0.99996191421799496268 -0.0071087757058958412487 0.005063143437431997726 -0.0057636346902190053326 0.10225322550279877798 -0.99474170435819531111 0.0065536729140003016289 -0.99473300095161742984 -0.1022903034949560197
-4.878471981561542492 -2.2267490950865189703 -4.9015703884497376919 0.72690712138563529088 0.0090851968000722795049 0.68667568478726104253 0.018449504358457283204 -0.99980993061451828297 -0.0063022562438396949672 0.68648791152350796541 0.017249980983806333101 -0.726936575973663901
-6.3690121283930931639 -1.8987315307237324635 4.844009460514150156 0.95524089752040397538 0.0024565205267555517352 0.29581885202164476256 0.29282711748704426391 -0.14994564898400664088 -0.94433499438223234002 0.042036971450235882664 0.98869118932941724154 -0.14395355213965552177
-4.5355801100890973387 4.9001008309714597644 -1.9258437819550926484 0.99805428703136955804 0.008430421554222876368 -0.061778379153401494217 -0.0034576510509650342298 0.99677580175272817442 0.080162620275857993102 0.062254998093440566675 -0.07979303874837963273 0.99486551160428726703
0.30001891621642956531 -5.57504604250933955 -2.6822971700394364625 0.98749243634001027115 -0.0045733665543828292896 0.15760003962442503678 -0.082568705713172541039 0.83654834323379623218 0.54163574316109319717 -0.1343171508337856479 -0.54787403091497810514 0.82570754461892381659
-6.452689130796732897 -7.1018655786865370061 -6.0180023861512301764 0.99878155929945655611 0.0014449224275559949086 0.049328582003047564963 -0.047664963363225079651 0.28719691469714131449 0.95668489245732324378 -0.012784681100454905675 -0.95787047370066413787 0.28691585446179318497
-4.2645804008000300911 -1.2968334499968645623 -5.6927133972533905393 0.72507997722249450945 0.0014997840155395181228 -0.68866303609156276355 -0.3455194956738588119 0.86581805852104887222 -0.36190519151875311099 0.5957141132626125879 0.50035671294266925724 0.62830554276792083268
2.1335333850592634874 -7.052404575512098539 6.8618361834090908502 0.73427949606308329233 -0.0029629222291818252052 -0.67884080810833091757 -0.60986711528723458464 -0.44208111460261123593 -0.65774340726682090086 -0.29815385852374931552 0.89697018300703346139 -0.32641808688217016643
2.4086230101863530528 -2.6344412821595049046 -3.7837243738328987241 0.95147302878437478579 0.0022671822368609830488 0.30772379722802667423 -0.26143468816208836891 -0.52153412884264993554 0.81219089891346918364 0.16232984729043484218 -0.85322740950874065291 -0.49563293710327205321
-0.61496042262359318364 -5.0019970332159564563 5.6919685030780069468 0.99999972670911951855 -0.00073039942564786576075 -0.00011444805773778944299 -0.00034168706034673501128 -0.3193192437947504625 -0.94764714097194358011 0.00065561546019926890058 0.94764692109399462083 -0.31931940609576564549
-1.5084953832137923957 -7.0503137151343846512 -3.7579600648531146234 -0.97741660383093764697 -0.0073151919460465340481 -0.21119486386375685427 0.17945556613298654924 0.49901211023019825808 -0.8478104821406746705 0.11159069109714835066 -0.86656413600522719243 -0.48642997013971400744
4.9491183970386432023 0.31302185234289092719 -5.2673964489483253715 -0.99998340018927400763 0.0021708051471846503619 -0.0053373168217708951908 0.00014563366533930192925 0.9355404395508246651 0.35321957017632643616 0.0057600465865358611156 0.35321292950534427524 -0.9355252258990324199
4.0210668006657650508 -2.1460647848179830177 -6.3047428930859190643 -0.77617487274045804391 0.0016145677417975959171 0.63051563033549451465 -0.62274275115123278734 0.15459329784555980725 -0.76700220218067338696 -0.098711867650256843176 -0.98797687494810448872 -0.11898597292430898587
-1.019629938413512793 -5.8837276757110910097 -5.3668297964160620594 0.71749137860596545746 0.0043943032248993174962 0.69655352394870984067 0.6964550184256210752 -0.022486366603394022934 -0.71724805376288613967 0.012511152462784013578 0.99973749225296826282 -0.019194208707589106161
-7.3082010662652505673 -0.63279354398387110958 -6.9881888382807471061 0.95301149260089201842 0.00044543924718328485601 -0.30293381546898479062 -0.17617507248972705258 0.81431595711919591007 -0.55303875615940434329 0.24643749472022125069 0.58042167737336802791 0.77613094103445368077
-0.61190611024641072824 1.7102223398215254946 -0.88516935706822552632 0.85321269230953022955 -0.0024260487014187686466 -0.52155749056990485801 -0.05919794447212982369 0.99307667885474815161 -0.10146089534929962628 0.51819272964039420071 0.11744285505088654376 0.84716200973918909245
-0.3340981798961346616 -0.93743230179590930629 4.3041354239687619199 -0.99950667875963683517 -0.0033288390740707470353 0.031230080775197208848 0.01169093289830174312 -0.96234291069180477596 0.27158690014287384384 0.029149977749136451316 0.27181802933522547505 0.9619070837277022834
0.59437217285699228686 -1.284500392079599207 -2.5108463304962325147 0.98603704182196916239 -0.0031151437414002934936 0.16649699106724877296 -0.037113861905326936408 0.97056638501736258728 0.23795683122943214749 -0.16233765246987783004 -0.24081359628094486935 0.95689879215969975146
0.92832037076890472349 -6.7898824553780521285 -6.5354843915725346903 -0.99996194726690701415 0.0037618011941570467238 -0.0078710145564015298464 -0.0071964784473835235329 0.15427892391237876812 0.98800112567469522418 0.0049309954702280948263 0.988020173118076106 -0.15424598145642218205
3.0903896483368415993 2.1645624926818021194 3.1554231636159695285 0.39031338838696738591 0.00089815423545074469635 0.92068162367064743101 -0.69270261407290001365 -0.65844273526005192565 0.29430639279466130898 0.60648045912659953594 -0.75263029284120697149 -0.25637686127142905734
3.056547933510396664 2.3712906009172685096 -2.4265463358908201386 -0.99795880555597893391 -0.002160169171149194621 0.063824416036089820503 -0.051138085147481388004 -0.57159445987986789994 -0.81894118817044014857 0.038250734118959482666 -0.82053342838895038103 0.57031725752919570915
0.49961567150384444957 -0.52211309225634816578 -1.3414170562842413492 0.7525003316108535012 0.0005425731088088182625 -0.65859164627247257506 0.3595677692544477777 0.83746957305807412375 0.4115285330512614137 0.55177374913901466869 -0.54648368668828195549 0.6300010396379144284
-7.0870143171409312188 -3.3999091598459467711 -3.6818162962638680824 -0.98407276782596031506 -0.0052185396086482146311 -0.17768948890653613049 0.070690516560750010777 0.90564941758429562402 -0.41809327105044508111 0.16310621843411807208 -0.42399516421019839418 -0.89085602778140227098
-3.4568033744577126853 -6.1098469265950470231 -5.6532190879336781109 0.97871701378773345859 -2.9002401919382084922e-05 0.20521453672003750479 -0.097824890226216626443 -0.87913429809057386244 0.46642596065510721903 0.18039761022419842362 -0.47657411289292844758 -0.86042653210242225903
-4.9527646086886907284 -3.8395928971437665034 5.7135673035944130049 -0.99441324638779926559 0.0080362267935201840696 0.10525072193286680311 0.021288320611339991983 -0.96134159049203249392 0.27453443098391727695 0.10338811737335637519 0.27524128587298773985 0.95579973411640661851
0.3958254071285158826 -3.3044350569332561207 -2.3312333915119021199 0.96062595100441994234 0.0020649420144197524508 0.27783721541835976199 0.2655895708549304568 -0.30053631390984680838 -0.91604590707803323912 0.081608590908104933215 0.95376813746112454329 -0.28925140942448074322
-1.6919813970542811887 -3.1730884492815238929 -5.8252737486499013286 0.9697147637036174217 0.010598994443573775404 0.2440101194050933453 -0.24337802091737034682 -0.04193827594808989534 0.96902441658864357787 0.020504048128900116688 -0.99906398309981214734 -0.038088603059776009185
-5.0727707526764787005 2.796252336652430337 -4.2509660346398954189 0.98594944629148117965 0.0063310241052306186899 -0.1669239572118022541 -0.089032671963766574219 -0.82559732827852927439 -0.55719138082209240803 -0.14133956516294493566 0.56422421932527799804 -0.8134335606836056165
-0.69412064054843169991 -2.9755951559884610269 2.0250544524073585961 0.9999531410372112239 -0.0035938598924365261836 -0.0089888765002775865287 0.0044172903881240250384 -0.65684803137188740862 0.75401004716688135865 -0.0086141323004640009409 -0.7540144215159236829 -0.65680137703169616525
7.3092430494803073415 4.915063934405267787 -0.81357016804193571513 -0.99659235786561151116 -0.00074268237016961429625 -0.082481032162571799038 -0.075987133561396913439 -0.38073468122277054349 0.92155686642076972692 -0.032087813525094883993 0.92468402762075840862 0.3793808393765837339
1.0581926212134551424 2.7378501297781450141 0.94356416327434444735 -0.99994700810775927202 -0.0057566357907778602579 -0.0085347595609477078238 -0.0047389849503458262442 0.99337748160546535114 -0.11479861088344955888 0.0091390917508754505871 -0.11475208139073786451 -0.9933521212634073283
-1.5799632998975079445 -5.9724293009168958335 -4.2335838064663589009 -0.92696707828281033059 0.012290462217283580279 -0.37494130249734591853 0.20201850353988545783 0.85852032898951402551 -0.47130814648106300613 0.31610213540472037463 -0.51263221636018230232 -0.79830298179463610175
2.065273318128813429 5.9418755360839625723 -1.1023242310609182582 0.51977818424058808144 0.0016978770736809332964 -0.8542995706431190106 0.59400746796417314144 0.71798656597883736552 0.36283662863135818233 0.61399166703651864019 -0.69605488884662736204 0.37218520191218840143
2.4976792105755718509 -2.835144644120495272 4.9367876177361411649 -0.99512940374757707929 -0.0062592290581997712257 0.098378309848472969557 0.012756571458522603102 -0.99776741742582941708 0.065554943430099696378 0.097748348741340779222 0.066490621707891023329 0.99298754148444290379
0.80640641323692352493 -1.6566166282834129397 -0.99280305771868404552 0.79162531011593950669 -0.016075917134073403753 -0.61079532846293738135 0.073676195560342550017 0.99487124458460207688 0.069303859245570309522 0.60654858551609314166 -0.099863765134678830759 0.78874966993431117057
3.4936547593010569557 -3.868415584982804134 4.4251939919166369819 -0.7552196280250654814 0.0022365717815427147916 0.65546800928218162952 -0.59567889333596313328 -0.41961764056965134007 -0.68489976767169669092 0.27351411203031500419 -0.90769820616181351447 0.31823575702751516481
4.1735864033753831137 1.1281893926029848974 6.7239909081764244192 0.99874335073475817293 0.0026813556788743767023 -0.050045276448077040399 -0.03931469161250589206 -0.57737737401162281259 -0.81553033236226490921 -0.03108173718520269857 0.81647301137960837103 -0.57654639648721561773
5.2005020861247839292 -4.1479900608772570791 -1.2187787261199172217 -0.97112593363229882115 0.00018867552951363510648 -0.23856736035823419839 -0.10800051327908612164 -0.89200809979293493868 0.43892760113175244285 -0.21272120288820589584 0.45201937381638396252 0.86627257577299243696
3.486327753234561122 6.0113000265240170705 -1.9238448577759843516 0.15996521887580450461 -0.0029938491698459405131 -0.98711811128008253302 -0.27075159283065597382 -0.96177748524245454398 -0.040959051019659263593 -0.94926534948333896047 0.27381582450235808501 -0.15466153536804985724
3.0009532035470360967 6.2533981770571447356 6.3031520963888532094 0.99898064826205956734 -0.0069571108871863164558 0.044601154760927207155 0.032637263435135038803 0.79389648222710706982 -0.60717640315059462353 -0.031184506303184332532 0.60801313646620136488 0.79331428352897281897
-5.2803703892467730441 -4.9851522104144381231 5.1402391097502899697 0.97095768220685196859 0.0028604745102472745565 0.23923418871270904495 0.18610384127140558452 0.61936360065074402836 -0.76272805799504284074 -0.15035471268809480483 0.78509906882797719785 0.60084350083698956357
-6.7417727878239572803 -3.048095140718373397 -0.49894971077535382742 0.94090969145308023247 0.00034843834660004614941 0.3386573948998101713 0.31204777508649189643 0.38766250032628124522 -0.86737764088339264212 -0.13158700009193383118 0.92180131505196594155 0.36464667415920154481
-4.9633500485413453163 6.4590112437195443817 4.0856989684443023592 -0.87669817238791847291 -0.0076711717821506628795 -0.48097969567864967688 0.26417443629385944925 -0.8432805526898186077 -0.4680702689383338666 -0.40201017616529066689 -0.53741888930213432829 0.74132904683473144214
-1.6902905824311951211 -2.7759517752904208088 1.0134860261528320091 0.97969835726875775794 -0.0090922786190000826068 0.20027096453120654673 0.098592884809777278643 0.89166885551258667775 -0.44182133852239019456 -0.17455821902625495712 0.45259693169337439356 0.87446294695198822922
-5.487254847514583922 -5.7371651788258652971 5.8318773691178149576 0.99286179402751051359 0.0090349905850519891815 -0.1189278222516673561 0.013034615504778286274 0.98293466657586281432 0.18349261576968875498 0.11855613336744524888 -0.18373298611966551452 0.97580050884002567102
2.2700038631758139296 1.8234231906990054917 -4.4619550634019145008 -0.86970733978988445934 0.0022366818139965202739 0.49356270155894060858 0.48818740146370415145 0.15114860727767912008 0.85955055672729763216 -0.072678773846406363734 0.98850852083957341243 -0.13254697303114731932
4.695088526393354833 -3.3141279131588117224 2.002898280534093356 -0.99996993858832761148 -0.0015677491547342638223 0.0075936869931642119944 0.0049509403394493688155 0.62461620838362830188 0.78091618014619290644 -0.0059674206586549510822 0.78093030059480073035 -0.62458966970623819304
6.5268643343333021534 -3.0846949454663801227 5.8068451024930993754 0.73085745202894347727 0.0087733011751867668454 -0.6824737460154576274 -0.37772694887077057357 0.8380315556454762671 -0.39373273148056925352 0.56848019922469716914 0.54555122667707967032 0.61579551976334556684
-5.2265815196265341669 -4.1177712072812404642 -5.4122407166716843818 -0.64921387161072041661 0.0040178933952701601645 -0.76059529675169967877 -0.75469284623964805192 -0.12785129312193821427 0.64350039213792398218 -0.094657576256784614621 0.99178521030493815847 0.08603510840049402586
-0.82076202629525574217 5.4640593246634807656 -1.5459789624884803239 0.93132643145389248929 0.0038533977610741097092 -0.36416511282797736637 0.15572757986223131899 -0.90812875648382662686 0.38865290751202113961 -0.32921117682360989676 -0.41867327711837165616 -0.84636439438439037275
-6.3936145539192299481 -4.1447354144629251493 7.3228773452602169414 0.92250201739462323047 -0.012900827480210333431 -0.38577661483478214999 0.25374822679646624746 0.7733967015459054517 0.58092114734749633609 0.29086399794520850781 -0.63379106232910686902 0.71673357951970773083
-1.6057592479440858657 -1.4195224896246849688 3.6010598993934817003 -0.96152518686503685164 -0.0048883524413972810271 0.27467329508795879089 0.25213609391137492555 0.3812683595672119452 0.88941656614883879417 -0.10907201827765899971 0.92445148169248170245 -0.36536660058842540533
-2.6940119370934376697 5.8039481664594658739 4.2982524209917869484 -0.99194083001375199515 0.00098491480044040138897 0.12669814400560880374 -0.075869115573258552598 0.79625730400495109418 -0.60018179172715080405 -0.10147545049801853789 -0.60495730077550580184 -0.78976540642431458661
-1.8537251467246194103 -3.2195638807312780827 -7.24147085262055068 0.96572952663846756138 -0.0035701061623764256472 -0.25952598274651272892 -0.18560358956877756609 -0.70845900386656213144 -0.68090905955171676656 -0.18143260158459711961 0.70574293774888530173 -0.68484240296575216167
-4.3975781140154479587 0.40256403361673787078 -2.6948246753886473392 -0.97303668235108653484 -0.016720001155091257505 0.23004359665196430496 0.20683867862054564069 0.37809354428249447588 0.9023652435673695793 -0.1020655467123189053 0.9256163964262669186 -0.36444054500155387277
-7.1728584244718085472 1.9207079515049321206 -4.5325460029966286868 0.6793311984814681681 0.0042360699703713911718 -0.73381958169629668554 0.033145652194899184739 -0.99913988905885797731 0.024916818255918623398 -0.73308286605980732542 -0.041249700636864519709 -0.67888730558689913686
-4.8227924161511666057 6.5963638635755037498 -2.2441455129247671607 -0.80161614373731526761 0.0064190522208788930447 -0.59780461178248489595 -0.4211578637469553521 0.70363252539164966581 0.57230002884411068642 0.42430839245047896613 0.71053505541908579257 -0.56133975729195617621
7.2535470408253983621 5.0641983170880369158 6.7884274716623371759 -0.84720229595443430348 0.006639889650856493214 0.53122893520096681197 -0.39333655709079762275 -0.6799867079740811171 -0.61879271960359139015 0.35711989945305816496 -0.73319437316712054997 0.57869801154895850193
4.1230372744508203553 -4.1249120268770518294 -6.1062966231714144172 -0.99867901323881957953 0.014406684946118354998 -0.049322164847323053671 0.036804788508986344131 0.87038626301828314613 -0.49099201693291416593 0.035855767446403140342 -0.49215871482478518173 -0.86976672928023202047
1.6744960986292511951 -0.9838896873307274582 6.6755380203132661521 0.99380916113085293606 -0.0028366640573450393331 0.11106441639607969596 -0.09327079448473032941 -0.56445952767742324507 0.82017437201520093648 0.060364808858810320435 -0.82545587098964223749 -0.56122962760377292923
7.0507696795816787727 3.3577362964444046334 -1.8872611786167117209 -0.99990666569323172208 -0.0016643847267320461582 -0.013560594591277902107 -0.006516625076943532123 0.93047080525272163332 0.36630808641070350395 0.012008059784724398056 0.36636226661021842332 -0.93039480657637874117
2.0807637463380705967 5.7645905495767051363 7.1795374750057270319 -0.98247127065478123686 -0.0069047930085920534993 0.18628614057841733076 0.14850097474430720701 -0.63305660678393693708 0.75972810472383622837 0.11268390673947262237 0.7740747098574368712 0.62298529735553498377
-4.0357717557111971729 5.6999662700662536707 -5.5317448958767423406 0.99463235596450005893 -0.005065225949592050414 -0.10334805249550305106 0.041854202322724569363 -0.8937477837672613834 0.44661294737050827308 -0.094629288364955210788 -0.44854123834626336009 -0.88873846281483437348
2.4532330138412064002 4.5368892224015446857 -6.13887486172804131 0.98981283800396857586 0.00049704969077055171159 0.14237379907877706353 0.13117996209967922039 -0.39186457622939552259 -0.91062284807702054135 0.055338623637148386114 0.92002277517363006965 -0.3879377912705255782
4.401834502706885921 -5.5474102225614547734 -4.9527532525035837807 -0.99904269911805398952 0.0012444920068222934187 0.043727983931153444064 0.034737117134499298499 0.63014930938077140521 0.7756965776514023192 -0.026589810684232134674 0.77647298673330988894 -0.62958929695565679641
5.8983656427565822611 7.1681849970227764501 -1.4910665604809343332 0.94416728165433516651 0.003125081101009666816 -0.32945163244641406664 -0.21253624008803917445 0.76984760993983936128 -0.6017998040205635446 0.2517468786354769561 0.63822009631310849809 0.72752911815214738045
-3.9253435493767767639 0.3618979799425132704 -1.5626133875138068507 0.99844020424278645542 0.001743820731112889072 -0.055804279769910133946 -0.048658982434924079319 -0.46291989076004386172 -0.88506354470570569593 -0.027376303252677619549 0.88639840581305773259 -0.46211297773621629048
-6.4829746426133638693 -2.2477028622063750518 0.44871262832926950281 0.95995906807314324016 0.0071567290846919345837 0.2800488686870787336 -0.19372448589178259404 0.73907419561427767363 0.6451667667689275909 -0.20235960859333657069 -0.67358601129031347998 0.71086740972141349015
-3.9112188292687695146 -5.9329184140025263972 -7.1127197508716264451 0.98759285005603825169 -0.0045530988749794189946 0.15697016216073977901 0.0065380201041425342959 0.99990503971109812031 -0.012131193411167692092 -0.15690002170568809192 0.013006953951468416125 0.98752883620560849565
-3.0612862984458546478 5.8666208015308480839 -1.2668100467669083375 -0.9328604368373424327 0.0042677998638333426024 0.36021270281333445107 0.32239952183199155344 0.45600077463040467052 0.82953109758406007312 -0.16071699880927159398 0.88996914520722369968 -0.42676101845522679268
-2.2404144393249776357 -4.4211396345234375005 -3.0183742563532494074 0.96269089229719817524 -0.0031305874404254489286 -0.27058537527070847251 0.24402899943503647551 -0.42209058693259521311 0.87309185304731662391 -0.11694483025285412614 -0.90654825345660716707 -0.40557880964360060183
-2.4132788494950854208 -5.5571643706012352482 6.4267973841082950415 0.99676101102403991128 0.0091013143543837160543 0.079904023549560346251 0.011217480214940419789 -0.99959704924504844126 -0.026075031703660683791 0.079634509102579451034 0.026886896766701112726 -0.99646145923571338709
5.9405633684078980039 -0.4995599414263968141 2.1523235792052841653 0.99904190450551699776 -0.0025571143558565912444 -0.043689062799476471866 0.036189704985219665889 0.60961275360326172557 0.79187284073735797474 0.024608500466471134455 -0.79269524523017531603 0.60912122758475273354
3.6865939518866825964 -0.8093452778910363854 -7.4826758244660558361 -0.99924983389640953391 0.00088136573796158414976 -0.038716826476142780777 0.033035391806515192192 -0.50231812627969396612 -0.86405159735925274322 -0.020209709204731425569 -0.86468244067125044072 0.50191218798562964309
5.1255822272844628884 6.9582004856510160096 3.0634005013196663469 -0.95031105851093988779 0.010849018040891092798 0.31111282660688466262 -0.070529539485127856757 -0.98090831255085619844 -0.18123042357334015473 0.30320698562500020268 -0.19416792004887614698 0.9329331930487142488
-1.5503089226790207622 6.8244539819983485174 0.34443318208863005214 0.98015844423653308848 0.0042699666696230454202 -0.19816960305886838212 -0.055581733337930538941 -0.95373667607764456289 -0.29546069725688994811 -0.19026322585044122548 0.30061290738927887167 -0.93457572448677128651
-5.6337625219972524704 -6.3969025971628452609 -2.7903708402407740863 0.99997848368235531247 -0.0028460401361352508434 -0.005910349227209965757 -0.0064040423602173390111 -0.22831113967184810121 -0.97356715831180196119 0.0014214126398692942047 0.97358406085837922994 -0.22832445341839946451
