1125 14.717824617146108679 14.977075390850430381 15.033177056927090831
0.98797808171866929872 -7.0125199189441262959 1.4188255045628830331 0.91671458242897729818 0.0050315220721679990851 0.3995110238123583124 0.23391056875057694708 -0.81740592009972501408 -0.52643461855461459731 0.32391390860652591321 0.57604014232647204885 -0.75050485290881219225
1.5289600407450585351 5.3510262935453001276 -1.6880922664931583554 -0.99709209259431696992 0.012895272676077745161 0.075107062440699839945 -0.06958597742085219362 -0.55585722793578618006 -0.82836014745874475551 0.031066873551226024952 -0.83117775120260073418 0.55513817673946186382
2.6878616401984118944 7.2757495815939909889 -6.756281830219397655 0.91424757585323235265 0.0022720840219046922054 0.40514961147775629957 -0.16146527423694626013 0.91918578251214855257 0.3592025367993046947 -0.3715916243161588306 -0.39381764163340221563 0.84073023609027308645
1.4750752411464984615 -0.40995008975812757823 -6.9628301285180116409 0.8571819308919486069 0.013701039643278107791 -0.5148314470435960688 0.052064545070656643999 -0.99683013114028184987 0.060157898877782493841 -0.51237527311424480025 -0.078370728996948912926 -0.85517811497816420552
1.2637286675999204189 -2.6581843551891362054 0.71444311015223593841 0.99808476043808447287 -0.0035591347552795474934 -0.061758752748877925043 0.014140995111991534056 0.98503633467709406091 0.17176568814292531018 0.06022327821152355376 -0.17231004592229512418 0.98320008382615531328
3.3696482612256248856 4.866774046713358004 -2.6143577314049468718 0.99884671752097708985 -0.0081445866178971471766 -0.047317022375075859508 0.012419573756195203401 -0.90813697115625069411 0.41848894347031068142 -0.04637875683254567144 -0.41859396475345206357 -0.90698848040463442288
2.7824904301016664121 -0.95189399605318958386 -1.7993313516543407715 0.42098885453888756913 0.0032812402630523233513 -0.90705987554093781 0.19932604675815407402 -0.97588490336061373132 0.088981922190460513433 -0.8848940679187844438 -0.21826105666211725875 -0.41149070427768080771
-6.5035869430510935274 -6.9942979137378360477 -7.2477439478848664223 0.84398090767718236815 -0.00564479213377323992 0.53634351287052073332 -0.32258727840929424246 0.7935445265494414091 0.51596950703694111073 -0.42852499960325252104 -0.60848600699207233689 0.66791549166776442714
-6.0499775656316368 3.8231539974489594513 1.1864520112730363444 0.57615480292320420119 0.0014208158190970405967 -0.81733935690809955688 -0.68279158067450884673 0.55050574146146613597 -0.4803530846970900936 0.44926751543885762308 0.83483016829795197999 0.31814664805876441411
1.3441127451005920879 4.5420083505550961078 1.0377348527897880537 -0.95621630876034424684 0.0079544439753486059774 -0.29255272632752082895 -0.16657521417469539626 -0.83670539182961534141 0.52170565006133273744 -0.24063056514771904992 0.54759548400649560307 0.80139635450406820905
-2.5177676032970723874 6.5359696590391154203 0.46582988051528745332 -0.99798229253333192723 -0.0044137938204890482877 0.06333926281565013805 0.017607081404401540153 -0.97769530624271472341 0.20928898402800724665 0.061002741531350719584 0.20998191963872378518 0.97580031715027670813
-4.5109256409278977173 -5.6378289836643862287 2.3603090771650712121 -0.91683301086620061504 -0.0041437928756337992844 0.39924936965079838025 -0.071331788722145517134 0.98555871631956826207 -0.15357666686107904197 -0.39284730634637793356 -0.16928332956043770641 -0.9038883494266043428
3.5891121160711052518 4.285254198307110407 1.7167154039296201873 0.85382085435501509085 0.00094875837063989644504 -0.52056608468667953105 -0.22998524666387012982 -0.89642575207045238628 -0.3788504419187657124 -0.46700828149560158487 0.44319292738335724913 -0.76516880107069928929
1.7608633310047636655 5.4836660867695501409 -4.342900167169106318 0.99042369734013402383 -0.0011674445149403855915 0.13805628135128053535 0.019414785950451381169 0.99120534161930051731 -0.13090086642925682914 -0.13668930402097820287 0.13232765326537501704 0.9817359249552009004
-2.3729272756667283417 0.082315396838176874139 3.6123229548239850217 0.99943171551384768492 0.0037981339279719475259 0.033493584514771343463 -0.019765707686378152647 -0.73884708202976923097 0.67358318430293828705 0.027304996331012122007 -0.6738624218300592883 -0.73835213389048781618
3.3129972118864543518 4.9917700734092065318 6.2401141415647520816 0.90609600180852534201 -0.011817166917651748467 0.422907070256094475 0.14147862981589218179 0.95052425139836804746 -0.27656363609298090234 -0.3987152277151780333 0.31042551774871895987 0.86293810039784502042
-2.5542211583745402237 -2.3202417596746753858 -7.3616017779657161313 0.8447962647172824191 -0.0075960552889097155901 -0.53503417747259851556 -0.53477462974931899709 0.022235234321117680611 -0.84470213077226408149 0.018313014393905591159 0.99972390903630237169 0.014722065244892307279
4.9633625983796569869 -3.9189733302360907352 -3.4582766626228162998 0.86914532576344205594 -0.0078026449524967490812 -0.49449521881942720691 0.023300143702879881624 0.99941127201241919398 0.025183579533225107505 0.4940075971146539735 -0.033410000096232288225 0.86881543833355945328
1.8417381526120260027 -4.0732292194008827835 -4.7254369226823857986 -0.99834203924077546954 0.0025022707525375201612 0.057505750369711589043 -0.046499044915499068709 -0.62391333207158705676 -0.78010896218754732789 0.03392656048659652146 -0.7814895346096850659 0.62299526145001105082
-0.43476270671354638742 -7.0612739911679653915 -0.39412494636190448238 0.95688293219682851731 0.00064755335718907295478 0.29047312224186894181 -0.13530330567085799287 -0.88389312143006959488 0.44768958594435831477 0.25703709760427934095 -0.46768849736031686826 -0.84569462567301656453
5.4337969231791811708 7.0597874504530189199 4.2600525824051231893 -0.97985952507312890081 0.0078048833944030010165 -0.19953544777473566918 -0.10073780465799671291 -0.882086509067825153 0.46019048798644746068 -0.17241579346493099423 0.4710227959618501492 0.86510711466738166031
6.5886993443432979589 6.5765262687142520548 -3.8509692153680989968 -0.99896968892377913107 0.0047484338168427338983 0.045133280265582248481 0.01855600986875070163 -0.86484054344149885463 0.50170360664202695578 0.041415397003999342151 0.50202418945316917842 0.8638613766657738946
3.1591259377777909378 -1.219691270326757726 -6.9362220157238789753 0.88950503571564965011 0.007409207089765830305 -0.45686529205766013284 -0.094716968448501165367 0.98114040051064677073 -0.16849988241474717077 0.44700054510538639319 0.19315438937842902001 0.87343110463237072505
-2.2320073219007934284 7.4461039289808921282 -6.1484646172374581852 -0.9974241229732137004 -0.0069840081941771568752 0.071388672356055629664 -0.0076042180497777576986 -0.9793448150611089309 -0.20205422312026230514 0.071325274475927125106 -0.20207661131962234569 0.97676903532951575571
1.7081171492224576092 -4.9315940447967800964 -2.8884526298917179155 -0.99608823125073286953 0.013981127828542071201 0.087251152590842026568 -0.021609292416125691627 -0.99596469647781582513 -0.08710546395681473264 0.0856812350813184187 -0.088650163194942260825 0.99237083518237045876
3.3021637437807522808 3.8407426608190737838 6.7645983553211506134 -0.99532121321148159243 0.0028259387814343660608 0.096580001040958110559 0.039506510742581060769 0.92410063416522725266 0.38010163580861949795 -0.088175496256117230631 0.382138760145369627 -0.91988860730767207929
5.6089203556062496858 -6.2220174999936910254 2.0742097812824429326 -0.58336782347234461543 -0.014269553530258886204 0.81208273124069441096 0.40208406524576928431 -0.87380388828799981926 0.27348705506536796772 0.70569850999745142861 0.48606907395444254316 0.51548663254485438401
0.23151646562732985934 0.11080418857193517768 -7.0614431642882546925 -0.68697722092865576293 -0.010905451481823506474 0.72659711605056309658 0.19973226350219658309 -0.96421071709788108706 0.1743694811309393633 0.6986911483920456023 0.26491274820509314036 0.66456896933057940657
-0.45145677082693491666 4.6069564748805147403 3.2964295853915199785 0.99596314711326738855 0.0065526122729608563683 -0.089523588314825722212 -0.019699879555527908398 -0.95706130062780347956 -0.28921545876040904988 -0.087574678634042724124 0.28981154240804102296 -0.95306869928102555534
-4.7496224337403791793 5.3425730797801813665 -1.7941138217788907827 -0.99915078660984202319 0.013202585604736551822 -0.039030723158200136824 -0.03395879750462579838 -0.80033385845174687123 0.59859211077965945869 -0.023334645678530403085 0.59940921476815733904 0.80010254815373260673
-1.8945891235381615569 -6.3217655704662982785 -2.7246415808788335688 0.96472421190910584432 0.010051348947002308049 0.26307064705249089132 -0.26083225162547735154 0.17195992118568401152 0.94994543107369322499 -0.035689374725049086146 -0.98505266655650225438 0.16851561542352366807
-4.1002237581684095602 -3.9593814595119858346 0.98211422312289364811 0.93905225080969034757 -0.010344264140610699015 0.34361878069864737473 0.1880831710981410998 -0.82122091059831592297 -0.53872157627648287193 0.28775960626728847025 0.57051661868481717832 -0.76922376250703328182
-4.1049179807331261927 -6.9240804062319512013 -6.3335372248369079529 0.95676607144185310538 0.0014309785579049378104 -0.29085500999319768844 0.23667486360501943654 0.57743198826971708915 0.7813816659356691563 0.1690671271280272947 -0.81643753663297136125 0.55212865828670476542
6.329677494299063234 -0.54074932847747148035 -0.71043817766425632065 0.94227436244590034864 0.009908088979792598408 -0.33469516825015777073 -0.19084618821221263629 0.83720487351776928797 -0.51250925084629228579 0.27513043874156117852 0.54679962466241194274 0.79076760944478230453
3.5830524933999159387 -2.3475086599239651797 -4.6346026545915810502 0.40959932779184859974 -0.012886746519426214852 -0.91217450218511786364 0.12725984475662416306 -0.98931630849684548679 0.071120838399817087883 -0.903345627423434272 -0.14521423313958969903 -0.40358332957240239391
6.445917737927834068 4.8391334723786574301 -4.6485466157037649282 -0.88022269317671764099 -0.0072908946168200403776 0.47450485063084058002 0.47399244672064366757 -0.062430847444613392361 0.87831289967700432175 0.023220053149345540322 0.99802266113697690741 0.058408877653198729152
1.2520266832807283031 -5.0165143935836145062 -5.0869627450459793394 0.87809608213980572256 0.0070525804840186074457 0.47843236892926377379 -0.15134105459312932607 0.95265228892121756044 0.2637223949679811108 -0.45391976793850036254 -0.30398006105918656816 0.83758758751129669395
-2.4891998737977103495 -4.6267632886730565289 -1.5376878152893496132 -0.75942879559273857026 -0.010235344351475090738 0.65050990934075891836 0.42525267166505908989 -0.76452043472494290999 0.48442612453264788375 0.49236985048462761361 0.64451822519928825272 0.58495144048007163828
6.1060024386399396334 -7.4467829589177059191 -3.1987528384401850978 -0.89320065988484764752 -0.00083522066748410381254 0.44965751810428056245 0.16294252503639472529 0.93143164697941249752 0.32539947839553046149 -0.41909702303407059265 0.36391536023048060011 -0.83181926875507250507
3.8274961663592210748 -0.58035505381132368452 0.62915451005012756891 -0.86990427485282728615 0.0034056994862783841922 0.49320883386648917135 0.21729515147870390179 -0.89505354977288220653 0.3894380055705776722 0.44277462634700648358 0.4459456741016453174 0.77787086718388531725
1.7099494044942327164 0.20391663490274541948 -2.3496795018357587992 -0.93434011792351401304 -0.0053567469819423944866 0.35634232038942009746 0.33821310939571858079 -0.32851739734223517342 0.88186632335986092635 0.11234071689106692182 0.94448272874901695317 0.30875870582568787359
4.1207312291875268784 -7.4019026251275086281 -5.2691207509727213676 0.90900059524786813725 -0.0054840180462423886165 0.41675873522344925037 -0.32323830610376114159 0.62197628775005020518 0.71320578723379424169 -0.26312528442960653186 -0.78301687275736253646 0.56360417109094018695
-6.9433973124881873673 -2.2836180653913840111 1.3396342520400363885 -0.89492408339274753803 0.001888967537253136153 0.4462144291317419742 0.34165460075234926896 0.64613242873130771748 0.68248444548317410696 -0.28702442186763738041 0.7632229794387870303 -0.57888484598252720748
-6.6454988723567023357 4.0985987124628726619 -3.3708594735626884464 0.61461335697990560067 0.0086047761206111614274 -0.78878157892400202478 -0.53658885736580275161 0.73751093212282292644 -0.41006099930399519948 0.57820655441873403113 0.67528037349477043616 0.45790129678781271716
2.6893715284151102907 -5.4887149251118136917 4.0512172672344375357 0.96853196240784478199 0.00015417538413619799598 -0.24888916011816469842 -0.087712788541749825422 0.93605432943919508748 -0.34074735371575726184 0.2329212410249330012 0.35185546545134627205 0.90661205976505565562
5.0323235155373531313 -0.37371295998541476102 -5.3427574974473843739 -0.99942994982243704705 -0.0044849889994085312753 0.033461325013805151563 -0.030907863460004125766 0.52029968308878804528 -0.8534242460547092346 -0.013582318445097276219 -0.85397196947641540454 -0.52014170758965938557
-4.4385878796977733529 -6.3084183763289063407 1.4827045179239219941 -0.98191007818246933692 0.0058150631426079710945 0.18925850946328590108 -0.093203954992538154412 0.8552071559613203533 -0.50983697704881347779 -0.16481996583354510677 -0.51825370759232114448 -0.8391945384888469528
0.36929940556457185874 -5.7649238946892680246 -0.80356320068518027888 -0.95440993276316998806 0.013613382333541779526 0.29818845729583109971 -0.26046508751387753566 -0.52593909673033956143 -0.80965795538411122756 0.14580678457959783678 -0.85041327738450611662 0.50550730876880312081
2.6337759356249614839 -3.906139187551903813 4.265202320280360837 -0.99933695526707633228 -0.00063723085500251401558 -0.036403897790687721192 -0.015313681590756102885 0.9144653512562934683 0.40437434699535917959 0.033032423369395200186 0.4046637064139221307 -0.91386877817207567976
-4.2756128814053857568 -0.81685670588459280417 3.1531676245855182472 0.9432159702649055566 -0.00019137267006574787929 0.33218006685195966554 -0.14793515396706791165 0.89511630768364847111 0.42057340136961640642 -0.29742028118136015769 -0.44583265817500244976 0.84425968590627875621
5.1597744079481673296 -4.4198162114443508841 -0.49236653752235171044 -0.99785292015627946594 9.6876977817738317567e-05 0.065494582602113132763 -0.029307869471748217161 0.89363002394473478596 -0.44784643472020357891 -0.058571311428077900418 -0.4488043793452166641 -0.89170848967481208813
0.04780424325425572385 -3.834342718017862417 -6.8912689250696548271 -0.98694074341749060686 -0.0064359429494215397022 0.16095511057773395636 -0.081793398532643529775 0.88082760493852940709 -0.4663180999434852203 -0.13877250786528641524 -0.47339339773253064081 -0.86985106888715846285
-6.9051623927117775636 -4.4920309357102468084 -2.2770526164892439525 -0.9020368913039249481 -0.015636706879769313172 0.43137563691610619765 0.37651871205210540872 0.46021999592557250036 0.80400946190013611314 -0.2110997541481990647 0.88766719481365408129 -0.40924790170546126999
-7.0268205288677814124 -4.4866892882298632372 3.4693984158284338903 -0.99939485423222218508 -0.00024199893713863253331 -0.034783139170116147976 -0.0087681114302738498434 0.96943739604113043917 0.24518208617086356682 0.03366074205888112264 0.24533869770930519238 -0.96885286697741102024
-5.4397448810765638427 -0.97588684918612011998 -2.3042479601271619316 -0.87303272024259670481 0.0061782353429252973367 0.48762249619347003415 0.32700962235299213532 0.74920659213486784367 0.57598106669431126114 -0.3617714420382535101 0.66230756579533667239 -0.65610221156143011534
-0.77410862755153553305 -0.61225596161113060578 0.30298986276104206139 0.92520601823405534958 -0.0015839544369893304027 0.37946187543903603379 -0.37085247963221634748 -0.21561851413019833545 0.90331450487349607137 0.080388196733238020952 -0.9764763936996402327 -0.20007896034653674389
5.4272171387077081661 -7.0877544666482297231 3.6417078701773908378 0.98685563957491884146 0.018911441750772962217 0.16049393761157543237 -0.16033435706814666566 0.23883700680214281498 0.95773157937139186124 -0.020219806692864290137 -0.97087550260201216368 0.23872980095623452801
2.753624371893669931 7.1450456885146556019 -5.1386206998999952589 -0.90983936368558981922 -0.0029569465876601789926 -0.41495010393435899365 -0.19923319988453563889 0.88029035196176108613 0.43057522955558164002 0.36400338508315627228 0.47442612987686405557 -0.80151193561794342735
-3.646103595260930863 1.4384367866867744379 5.5706561403937193688 0.99552737716040518023 0.0030054841943992390008 -0.094425676533782657018 -0.03084699115760151239 -0.9343727301602572366 -0.35495924311027832188 -0.089295601574920155374 0.35628439230157366024 -0.93010092320233683783
3.7978644370688554588 0.25096591772642634632 -1.8104512421348171181 0.99939507352793566231 0.0049025767513842574002 0.034430389907971301056 0.024516155152508399551 0.60287031616423347735 -0.79746243800221650044 -0.024666680858125303311 0.79782413264399065778 0.60238543161849500418
-0.75840668268716393552 -5.8827484693086331546 -7.1016297964412471444 0.9294969352257147488 -6.865194072956095836e-05 0.36882982890872184623 -0.36812408218510112023 -0.062005708382137272872 0.92770682451049291117 0.02280586593998689543 -0.99807579242003718889 -0.057659388340348047275
-1.6285908747237118899 -1.6183056485248143996 2.9825774717674988779 -0.95304818006003333419 0.0035300364626024644324 -0.30279812635939451493 -0.16483794298556347924 -0.84485187627524016563 0.50897324065854732122 -0.25402287108935850402 0.5349886409978659163 0.80576642705364642794
-3.0330671188454298992 -7.1799767087534327459 3.4874420180008631753 0.94397334396473553397 -0.0038853594503808134945 0.32999883312830624593 0.067636433485173855229 -0.97642792376160869594 -0.20497273614833358413 0.32301646823265511843 0.21580874329063240435 -0.92145914047765686838
-3.1269387820969236635 4.3752108543354761849 3.3275452671089920109 -0.71160897182341753542 -0.0023038083011152794832 -0.70257196335167981793 -0.38734549024562575648 -0.83300156362650190633 0.39505931982705011496 -0.58615368497250042168 0.55326583796857431441 0.59187901646371632314
3.5668060579390847842 1.2907532645217427714 -5.9585679718664552595 0.9849191382152717722 -0.0020307493877425694846 -0.17300337347650426856 -0.092279135004619441962 -0.8519970116164686802 -0.51535003001788093346 -0.14635181044365744296 0.5235427091017285095 -0.83933555824011407687
-6.6843934678129786064 -0.33394735914292300594 -6.6089237982926531956 0.93059646358692793555 0.0048810485151889772271 -0.3660142037202608889 0.34045948781259005589 -0.37881946414566280978 0.86057140943851107018 -0.13445281372275336151 -0.92545771861815273596 -0.35418985294930216412
-6.9061153916142714593 -1.124128365182557765 3.413609630161166919 -0.68044635455947755087 -0.0037998863358970963108 -0.73278804536552266669 -0.14240201273236893775 0.98160939224674248482 0.12714034695042289447 0.7188285089898215352 0.19086267816610916204 -0.66847364401801834255
-7.3480301593655639181 5.9049433109995348445 -2.7379183192678508973 -0.35750574262343354226 -0.0068489742905934319905 0.93388582575305134625 -0.35710828165246977228 -0.92297804019374984907 -0.14347547698258858451 0.86293876907140232291 -0.38479166944116682814 0.32752412424458537954
3.0048554138310263895 5.9896952497594018183 -5.0427710234546667678 0.97649031048863221827 -0.00684374496288699119 0.21545263209506854141 0.17592495309705677431 -0.55228259180188110644 -0.81488302821351099592 0.12456758968369237295 0.83362887542796937357 -0.53809461403446345873
6.4601432564160123917 -4.5336898147932300773 -4.3620597743533329194 0.3362296497696550257 0.008607980050359825136 -0.94174068898777629766 0.7518200692463316015 0.59978565615220980067 0.27390463696799183246 0.5672003227204684972 -0.80011441016489048828 0.19519406894739449454
4.7530386902415004968 -2.9120731401357615731 -5.8317228901307327504 0.38940206923313530618 -0.0038018144061087947444 0.9210600277311475903 0.65477496188537587241 0.70444309976588870281 -0.27391544038307574782 -0.6477930053380976938 0.70975028383185323477 0.27680093358869828357
-3.1210941109924332793 -1.1636568787892653809 4.6223737033247207506 -0.93387620185915276583 -0.011805168319193926063 -0.35740156351367513565 0.018102959717605164591 -0.99973413892639095835 -0.014280557221941280605 -0.35713795996863939575 -0.019806298646108784489 0.93384162901607947749
-5.4747656988217405782 -0.68833848569022204611 -0.98823593842076784544 -0.99999811979062680489 0.0019238693658485818243 0.0002431908370383664697 0.0017596310083784691414 0.84754203443536879625 0.53072535605882231735 0.00081493179744425436883 0.53072478611022000372 -0.84754382617915324794
-6.9834221822361817189 -4.6191629437698669136 -1.1010922305097567975 -0.99908643146483033792 -0.0032551764844282946032 0.042611105229220146151 0.042517909745897530804 -0.1761492303975113749 0.98344480067830308823 0.0043046270036343967091 0.98435809157863241037 0.17612670930308993444
6.4051613270964500302 -4.9179402998406409608 -6.4387748781357290184 0.98147540320541304393 0.0043266415633921688488 -0.1915393251412557396 -0.18490626876917704013 0.28311974920675286871 -0.94109132361267833211 0.05015680086154857692 0.95907480823032920103 0.27867509315584815255
-4.753947713738063463 1.3962366627736606528 -4.2798924222082366242 0.80320962664187733893 -0.00091055907703227988159 -0.59569578356065400193 0.5906157311444620861 0.13154530540598627364 0.79615883512654672671 0.077636034123445399335 -0.99130974145709105372 0.10619624615670224255
5.3426219367872382904 -2.0189190725864589737 -4.4786931538280150278 -0.79689158280480398844 0.0067894380761556938006 0.6040841901469441444 -0.57920031199660271248 -0.29283020449135821472 -0.76077425687305444413 0.1717288672237155811 -0.95614035312194722849 0.23728636980216313845
-0.024220166915992602519 6.847080944363125532 -6.9015823995019864867 0.999545828701179917 -0.0053465138815131582617 0.029657227035570721263 0.014632959846368363485 -0.77421618700399508217 -0.63275206223844115971 0.026344122916963714359 0.63289865742486128841 -0.77378632490992937942
-2.5366319258669283165 -1.8024939974776783558 -4.2438872839343577681 0.99968733222501493518 -0.006017108146986445763 0.024269985545919414704 0.015050521718497227724 0.91989721110330691101 -0.3918706454946924711 -0.01996796396360508638 0.39211339611641204961 0.91970014950588796498
-1.8278155674197265057 1.0981357054096434478 0.94551996621276113153 0.98085594298051792528 -0.0037308270523692742097 -0.19469899858311057184 -0.1942165269146777784 0.054150091485748966247 -0.97946296931802445673 0.014197175528170860592 0.9985258376835416394 0.052388850774100007013
2.2352135086761046878 -2.3907527763827354228 3.7741386432785222205 -0.97077032632037374427 -0.0083824599320001299402 0.23986393622480944865 0.15048883761000350634 -0.79979463037792353219 0.58110382804924687328 0.18697080865897550139 0.60021519772844511564 0.77767836097271947349
6.7997496512516324429 -2.069974191669610164 7.0701853796405478292 0.98802599995645257192 -0.0017814671029350503603 0.15427718491413114354 -0.15062190036398098725 -0.22780599075859625513 0.96198621284573349044 0.033431520169209888449 -0.97370491266569869637 -0.22534656977581279946
-7.0823220120392376131 -6.6207117118283305146 -1.3286990055536378463 -0.89793769657785060812 -0.0040958215847086342984 -0.44010353021785242333 0.33584723768216340201 -0.65265658798895742621 -0.67915094868223535585 -0.28445478727895157078 -0.75764279340610440894 0.58742052364034302858
2.1418659230546901462 -0.089775034874912562621 2.6962973754674242066 -0.99967698909562974219 -0.0055484267124007021973 -0.024801863512638862297 -0.0060041124442737235298 0.99981384449363752687 0.01833649346526014523 0.024695507819019982265 0.018479483755296281788 -0.99952420709742673122
0.71930098780546225523 4.6970563242535270376 -6.0311972646274885079 -0.87389268197503977564 -0.00071998201310697132471 0.48611836214682441204 -0.37001794307792867933 -0.64756935661973169527 -0.66613861182743938638 0.31527496283524492071 -0.76200617451102314881 0.56563971555779168909
5.4542602977477612214 -1.3506332511460503731 3.3553484586601101114 0.99998095879248272144 -0.0019958397628981692368 -0.005839407164502465053 -0.0057849955637624059235 0.026259775470802639019 -0.99963841363694527775 0.002148459615443895198 0.99965316025912920317 0.026247729528812512034
-6.255420804764041165 -3.4355195697590255044 5.6539231442911672687 -0.93361885401562050291 -0.0047872153173362519407 -0.35823584130591801244 -0.35152681014293968298 0.20529601957573845317 0.91339063171085732584 0.069171794666618949265 0.97868821741954337146 -0.19335106906024679407
-1.6873127446811426733 6.271118282099664043 -6.4675936958651716324 0.89351903601554139023 0.0080338820781393587012 0.44895343747053284567 -0.40803855821421641803 0.43186551276442386449 0.80436105941002267183 -0.1874253645810126101 -0.90190223174332873057 0.38915819031367088199
1.1142727086655512814 -4.6246299366233971639 -6.3788733333247114032 -0.99994581986014641206 0.01027225506744425601 0.0016846720933407222098 -0.010190813454096385449 -0.9990328337074879661 0.042773174951536291344 0.0021224196983720133858 0.042753689315850940122 0.9990833886040068057
4.4776882802055038013 -2.7493578994761245227 4.7594694719154713169 0.80180365362325722867 -0.0055633817501473028372 -0.59756167030690321429 0.59692612853127557937 0.054491207684130682498 0.80044356788072090758 0.028108683943172410591 -0.99849875166110080293 0.047012177341161219546
-0.16845162494493592931 -4.8341946812064122696 -7.2334595095271954079 0.9565260927455785378 0.0097659656555051047727 -0.29148320674064570612 -0.27784454471786923513 -0.27330655987398694284 -0.9209266709681526164 -0.088658010735179967887 0.9618774091560032824 -0.25871143555667264202
5.1203219098969459111 4.4525885556210145211 -0.41583267713307142666 -0.76781560145609306645 0.0048419759591337013793 0.64065260276483637636 0.42918617345300047461 0.74631646045200916717 0.50873467483084167107 -0.47566630180975300046 0.66557365943018675924 -0.57511153109239920855
1.077530781877641175 -0.31927232769592656103 -3.662785073607422337 0.22757596891093864744 0.0047771802617911068162 -0.97374861074247920367 -0.41833491435285813376 -0.9025251282657570373 -0.10219732032857498094 -0.87932080483042796004 0.43061069587006517434 -0.2033945692358642976
4.5683430410161740554 3.9325340854102730503 -4.3742865199663301112 -0.98200966801020450614 0.0018953336298603061863 0.18882113135113695601 0.18720651459265610916 0.14063920661808498869 0.97220076859453408158 -0.024713009294212308353 0.9900590998885288041 -0.13846387940307497422
6.3703864246444856789 1.6207612472169004025 4.2756624659153708023 -0.89657480562689306769 0.0080733801709207235475 -0.44281874220472672299 -0.11647417960095327039 0.96034143957004747261 0.2533339395556297724 0.42730244956169760595 0.27870977732600454857 -0.86007759918598669646
-1.2302164914059912082 -7.3775586505492016798 -1.8424705815157613742 -0.99597934932828136034 0.0015977075928192904786 -0.089568873176728375229 0.014742475157837078154 -0.98328568057406517955 -0.18147156748199405607 -0.088361728921055329722 -0.18206240058997835707 0.97930867817736089176
-1.4005481220011075649 -5.3262305262029840947 -6.2117179356161935644 0.99991200367556665185 -0.0010286168778235772747 0.013225991565591482813 0.012565148538584272608 -0.24631785725028584877 -0.96910764636427282337 0.0042546383839015995687 0.96918855500204870168 -0.24628325746033924437
0.47422060910303015513 -5.9184604417247550501 -3.000792273596584181 -0.4493089805611654719 0.011394956843862848878 -0.89330375290028973811 0.037612805492485010261 -0.99879076664530586083 -0.031658827002574614629 -0.89258429117378568218 -0.047824255589813569056 0.44833706485987318002
-6.109925976053828478 2.6837531862581220921 1.2134004938617308778 0.49342298976322945814 -0.0015779391135538663876 -0.86978805652943580462 0.86932881513566218068 -0.031647452012807650301 0.49321987992767030162 -0.028304846720407304816 -0.99949784836647714847 -0.014243832450609429652
6.0328639820684317741 7.4200564711792242889 -5.0530592649851211462 -0.78720615169243446374 -6.2123041390506786676e-05 -0.61668993090390245015 -0.60760172349011276616 -0.17096859728793628586 0.77562225622602964936 -0.10548279646177187441 0.98527647636695570021 0.13454978546424750663
-0.43579221973832826809 4.2153439091092703705 -6.7883083324775279621 0.99950559665070481952 0.0083702023902465817751 -0.030306797518003716213 -0.012527945324440977956 -0.77806802948226172489 -0.62805508682246213858 -0.028837698413644492074 0.62812425618632072855 -0.7775784886046602784
7.0157354228900912219 -1.8678324728211501693 5.8509102091536737689 0.79776902699975815736 0.00087887819867440118704 0.60296252547977036151 -0.4939592362037704687 -0.57252674258930769113 0.65438322257606784671 0.34578729376427119746 -0.81988557530493588743 -0.45630997236306936049
6.5094158611090486843 5.8041882149903143429 -4.6987486111205560846 -0.98678690046321893004 -0.010626971451793629231 -0.16167461319560189059 -0.14391690862784561888 -0.40088719233979408507 0.90475266367611373308 -0.074428062484414650446 0.91606578720948483863 0.39406082908499762141
5.0860343550094819776 6.2026457864183672797 3.7908695863701606932 0.9992920567251195596 -0.0066045804958793398465 0.037037344431792351696 0.024248163501029790234 0.86577567913377817543 -0.49984447579945506801 -0.028764768952930896972 0.50038870184775174899 0.86532290801189315488
-4.0338401225714184406 -6.0383360089113473634 5.2920590718810425201 0.90762825357566734308 0.0090606035323024577272 -0.41967708869413106187 -0.40384207971238972323 0.29167643389485264915 -0.86708502037795653905 0.11455360301922506983 0.95647413105324530225 0.26839282527916302756
3.6123204163949433898 0.2914136403085839655 -5.659352216731404539 0.93584852277107100083 0.005473992029666632439 -0.3523600116903749524 0.35240055459271135696 -0.017883799257476983013 0.93567837361294958765 -0.0011796397559709912231 -0.99982508727052643582 -0.018665564943786180224
-1.7278685664779533937 7.016851685558534335 -0.46942327546144702044 0.87325372772187770387 -0.0061585858402036404435 0.48722684536080113071 -0.4013676732146970183 0.55786867261562134157 0.72642035696441820125 -0.27628231560863109051 -0.82990638986244025244 0.4846890406719258082
-0.13100474468373801695 -3.4825893498885882593 2.9129611949854288255 -0.97433900396918560194 0.0011002726267108717956 -0.22508286195151053222 0.08780622014924538421 0.92261882039788756238 -0.37558564928743326528 0.20725243797656553446 -0.38571142276026548767 -0.89904011329020250276
-3.4220540975299704733 -3.5697903625033258201 6.8136803808484680545 0.99785854675347362974 0.017802995241681204841 0.062939447340114723639 0.022986168013763706719 0.80542577277683791159 -0.59225075823238781947 -0.061236890442768990295 0.59242921763475009378 0.80329176850106831509
-1.1600870300982402128 4.1288879805160858538 0.2264561388827819044 -0.95432681387412698903 0.0089859749126685144194 0.29862951055740960538 0.25484725683106068672 -0.49718531168593738112 0.82937304123629107533 0.15592693162688109343 0.86759784353046021099 0.47218722334974694288
-0.73560960092937710542 -0.218575988537357907 1.5454216813875087944 -0.92992680979350983428 0.022436053287221171398 -0.36705960270784204758 0.19765179404108473848 -0.81121862099019537151 -0.55032546485786493218 -0.31011271618476482503 -0.58431239287871017396 0.74993941807921837839
0.83375028379197058115 -4.084208932501526057 6.4617022364127922884 0.64305721981067065496 -0.0072429389195766066822 -0.76578388066430447267 0.53349361638872527802 0.72163314519685162196 0.44116908892823941679 0.54941966958048671366 -0.69223777966040245246 0.46791546575099868255
-2.8962996948913719564 3.4052466823430247445 -5.5391655895816054311 -0.7367451809073168878 -0.0059191229399566409192 -0.67614458689942102954 0.39315415693096694705 0.80980649137348548194 -0.43548048798673738569 0.5501239381245333071 -0.5866672059292485919 -0.59429390219771094372
-4.2495501321842219511 6.9579570349785901939 3.9522327135044248436 0.99986378891400728985 0.013127420740561035126 0.010003721463726113206 0.015414072724229267719 -0.52604850410792447502 -0.85031486973237369043 -0.0058999983453859178306 0.8503532455107470911 -0.5261791974879553857
-1.2084097182231507972 -7.1002280370082928584 6.5133011690649178504 0.94219342814820183918 -0.0023507315765214469028 -0.33506121532578103661 0.1699724278920543008 0.86511605450194040134 0.47189361724806216936 0.28875754139240461527 -0.50156623321756865774 0.81550622069054534702
1.3381315745972734987 -1.9340365404157273677 1.7066843808450289366 -0.99757722323038977574 0.0066691306470703657153 -0.06924742874778792856 -0.049103452189589315291 0.63761208095020449615 0.76879105432447403246 0.049280165125940536552 0.77032873302426418949 -0.63573981187469386089
1.4069821152170358669 -6.8523157393934095438 -2.409669214848122909 0.9761726686353446869 -0.0028488352429230767021 -0.21697650828412545776 -0.12295099694733999107 -0.83117867260600042378 -0.54224078282119403394 -0.178801491489965797 0.55599811001719556813 -0.81172417008380159942
-6.0595399130144524946 -2.4391380827835917877 -4.3343579331142620958 0.66804366627218181307 0.0095237289013752855771 -0.74406112554100301004 0.24983479673072556126 0.93900536403982470812 0.23632922089103042262 0.70092812348779909293 -0.34377059922605890385 0.62491722716830433448
-5.2322534829067510742 2.4322756754580119321 -3.0910802958353196246 -0.52315653575497533812 0.004562531310057732839 0.85222439674357153283 -0.62947880806848888202 -0.67618131412239679268 -0.38279924323907005279 0.57451167898446908744 -0.73672112345154638913 0.3566206906092617146
2.9071227573254589949 3.0467240079711581657 1.3823838414660312157 -0.88805752340770116593 0.0012187276759886948863 0.45973073621614946038 -0.31463612543686353407 0.72750257937085138771 -0.60970821347496761966 -0.33519836468730163093 -0.68610386364720787888 -0.64568068315489646203
4.2630182300973240572 -7.0747969964474739513 -1.4922962053805410854 -0.99006914888760932936 -0.0034478908357790374536 -0.14053893577873180498 0.11651052709732585833 0.53928554581086662889 -0.83402421856618980112 0.078666241149127819066 -0.84211591371272487283 -0.53352826576966039251
7.0716570483070846365 6.926629557440102225 -6.9486690679023750405 0.98251384078265480149 0.0071814425200626827092 -0.18605101330999396225 -0.1686465085689101695 -0.38911055024284685322 -0.90562207064381139432 -0.07889808500757443388 0.92116307273634034924 -0.38109537600068210672
-6.871749848425204199 -3.9354059346854026735 -4.4379054397694748246 -0.82858850977518661018 0.00044908490974621606204 0.55985791035878929023 -0.15613843991821568791 0.96013758136439508739 -0.23185472268550169628 -0.53764474241683490874 -0.27952749985370722863 -0.79548884830466926044
3.4216969031492387998 3.3105108984988516063 5.5052407840852763954 0.84864427456082081047 0.0011069717229978438822 0.52896282465661148553 0.51950513996940994588 0.18652086754042046524 -0.83386112483882668389 -0.099585665637730413913 0.98245037563514858725 0.15771478882439163294
-3.2557729765913161479 2.3290473752788170003 -5.3155915314644817116 -0.96924708299326067795 0.0077848392548775331365 0.24596643752100405544 0.18386768612176637716 0.68722324249582911193 0.70279220895914218392 -0.16356272836203422649 0.72640457821467041555 -0.66752050353482872413
-6.418020667426229231 -5.5857377717182750132 6.9130462726072998692 -0.91219208326995038227 0.004795231937913763641 -0.40973480322080191307 -0.05034299253332800983 -0.99366770231153922488 0.10044939266007107959 -0.40665856233764569039 0.11225641689302733039 0.9066572177752176831
7.3076371422013002288 5.7641172694117264186 -7.3707270996190699108 0.9613094365084188242 0.004409085839245811822 -0.27543552283967293048 -0.22865730151395147196 0.57037426409168534569 -0.78891636903168571582 0.15362293365335058515 0.82137309355981447112 0.54931433208303914739
4.1466070305397257911 0.74460863864529802658 3.7723563444019703184 0.85608458788898278424 0.016996733237141230244 0.51655618226698674089 0.47841894590149175448 0.35206847894503146001 -0.8044644792255735144 -0.19553641753253306335 0.93581990638834089413 0.29326883950727644645
3.8680550397675004248 -2.8917973899725235576 -3.0947449530746293789 -0.704372591694500505 0.0028091854348191169777 0.70982488019716472039 0.70901814608022750708 0.050610645631405604128 0.70337175880019631169 -0.033948793771906182748 0.99871450926973937001 -0.0376405150796941812
4.4636852388906254063 -3.9789285493255732717 6.7731175199791779917 -0.59868927346184852567 0.0041913690574671598477 0.80097040286588538915 0.52039462137394798535 -0.75814809261427373865 0.39293880911717871118 0.6089011347391992679 0.65206893967646717414 0.45171396482996484245
5.2221637127071520723 2.4001538053312994059 1.4493138298888768034 0.95782461489878512051 -0.01085055718293505278 0.28714851993795892371 0.23113814385932784923 0.62279885484469066359 -0.74746019616923820017 -0.17072540978726913341 0.78230675045847908322 0.5990400509482020075
4.9285958121954642763 -0.15928281552934975274 -4.1184375425299384332 -0.90722196316331249477 0.00094344885630180848335 0.4206511850195804314 0.16687108246084469965 0.91875488749997757942 0.35783166228451468438 -0.38613773629690600897 0.39482726172238225004 -0.83367204703552466594
-5.7334919997598250418 -5.8229198590406063829 -5.6070314099679920972 0.76389065528244903813 -0.0048777777273632475646 -0.64532726120671013437 -0.63068225632008878545 0.20631217252707467757 -0.74811441573482861944 0.13678800508508681677 0.97847406442457796061 0.15452361280153170675
1.5614270935673810747 5.9047472805048704103 5.5446604776072296872 -0.87644088299940992037 0.0049721813833695348989 0.48148380660164735723 0.1273362708616397887 -0.96195397613404565185 0.24172302729156275314 0.4643671529408208154 0.27316629589360780228 0.84246265321227031819
-1.0389932251158495724 -5.1787638691415640579 -3.1185761861613534585 -0.94490076293088332005 -0.00059712397279313746135 -0.32735636797787082131 0.31006047160408478636 -0.32238355416696590217 -0.89438881251464874556 -0.10500024838692777196 -0.94660894113972782193 0.30480561082928547822
-5.73112427484299225 -5.1411070647727949989 -6.919105863466583628 0.956900049709566769 -0.0044426927371648688991 0.29038346603602338547 -0.18594128283731337081 0.75870014789073203509 0.62433959102999536661 -0.22308772759316608525 -0.65142485988167309063 0.72517412924444235589
-4.621722017735841348 0.83131102254793565187 3.7644767169475765733 0.88593834315399633272 -0.00019561040245930257087 -0.46380299035927707862 0.12985022675031998585 0.96011371876252982194 0.24762989653310160665 0.4452551748632633255 -0.27960974371556002183 0.85062695729494230967
4.1595516186894379018 -0.68041271659748092659 -6.4312742165003475847 -0.95679834064216995326 0.00085127575185337716127 0.29075111465639469355 -0.27033711625811529533 -0.37070671001950694645 -0.88853496201318327152 0.10702700088094449504 -0.92874959514176058661 0.35492169644347715263
3.1739028563039415332 1.896525198380283328 -7.0334599800461692354 -0.63531528526972114168 -0.0015169773387529036316 0.77225137557815726197 -0.559706793657773094 -0.68808358131823432746 -0.46181088148028465179 0.53207404882777009636 -0.72562985323097228818 0.43630095423227693852
-1.4885571953153007296 2.6170240774313162646 -3.6907022626467784754 0.4169576239469721668 -0.0084586343848892450725 0.9088865668150768462 -0.42196889039934543097 0.88386441079732203097 0.20180673641147034436 -0.80503949925930662346 -0.46766671340846660554 0.36496472405165086839
-7.3189085396045774345 -1.3376798161039502588 -6.9037619030227403982 0.79239649665613853813 0.01122899693057686013 -0.6099030264846765359 -0.29165803209052676426 0.88511822291024999654 -0.36263111255025881619 0.53576429929992286372 0.46523073963387845398 0.70463960610764986292
4.2690145813458411084 4.2838393001856021058 5.8283598746967131277 -0.87898045255340395698 -0.0029781328222650035702 -0.47684850293775904451 0.010615154660618268331 0.99961050391126926584 -0.025810055442920885882 0.47673963808413061249 -0.027748354822017588794 -0.87860647976448047469
