1125 14.717824617146108679 14.977075390850430381 15.033177056927090831
-0.4073028305491074863 3.9058207631940273785 7.3736200833111062991 0.90625032731960497578 0.0040822652955119012597 -0.42272175167968006892 0.073982523822839152405 0.98298982087096131721 0.16809996499973955952 0.41621740761516529128 -0.18361467036741974113 0.8905328306266607763
7.1092958153820520195 -5.296277294091260579 -5.8748146940389602833 -0.51385199168675432801 -0.0082777471850735730163 -0.85783891817813839875 0.61003926708643030352 -0.70658203724635904042 -0.35859994039788717357 -0.60316517078839437804 -0.70758271851595466728 0.36812833795510507828
-0.12595869658245992251 5.8926936289535021274 -3.1817081220147227505 0.99438893001124784021 0.0010114259484020095281 -0.10578106110529121586 -0.031438381873664690558 -0.95194959934195377826 -0.30463681402268666387 -0.10100635631567286832 0.30625306093210008518 -0.94657634591914741051
-1.3597402014193793462 5.3780150013203211756 -6.3017625655799216489 -0.95877134200566327404 -0.0099923544571619855176 -0.28400293414159549776 0.28285237141981917075 -0.12999651911611637134 -0.95031333832571796005 -0.027423525135225744476 -0.99146409812463121014 0.12746329824321805946
-6.1087959299598653118 -0.50672256409759541818 -7.230497545261185266 0.92344209725906145625 0.00011776302948433847728 0.3837377739312461955 -0.11036594017219358843 0.95782976524538054885 0.26529511880146205982 -0.36752421996346473776 -0.28733626109806187365 0.88451332426278383991
-2.9174685383763505619 -4.5427942773617129291 -0.060207958436570160887 -0.93953964491709784923 -0.0025872460566283023847 0.34243037509375867655 0.27550917370201222223 0.58816101805245701861 0.76036919456897122949 -0.20337146022749647001 0.80873971276383471718 -0.55188778403185068111
-1.9172269952817970751 0.49881500299949749211 -2.0591903213725903932 0.98792931608312173353 -0.0029088654561074192562 -0.15487803241661574072 0.014319125620689907713 -0.99382799960321199784 0.11000395377473616565 -0.15424211184025624077 -0.11089384882112600372 -0.98179016354250447929
6.9262246861896148431 -7.213371782849140601 7.0021844154350132428 -0.93522312429879883577 0.0116893954838176925 -0.35386588675674579552 -0.15123369515991327838 -0.91688006400920840644 0.3694040033226450026 -0.3201344674119874778 0.39899161176107916793 0.85925526854303080349
4.914881710314421781 3.3315133214531376105 4.1148036203689120072 0.98330612243000048434 -0.00015933019338511874435 -0.18195890801409389526 0.18177686555746019881 -0.043868815149205819814 0.98236077802688959171 -0.0081388414331665676765 -0.99903728742787012429 -0.043107511976833927381
3.0151603214947391152 -6.767261258449114969 -1.0583343451058748741 -0.97289441932690645665 -0.00107299110913457868 0.231247264919259371 -0.22315441034889740846 -0.25791638631857882746 -0.94004321539509838601 0.060651116926299576682 -0.96616664523184514479 0.25068597020406685472
2.6470121681647689194 -5.6833513751260840152 -4.5105633796026705085 -0.97069190712098596396 0.0064438465206333693513 0.24024091718907120141 0.23888533340606624145 0.13521245482052193787 0.96158795205896918645 -0.026287238982317526897 0.99079567464913131936 -0.13278897606072989634
1.9653327294118085877 -1.7541566106842325645 3.1679544945395359257 0.88005015632730665409 0.026261399994897231813 -0.47415404798293003807 0.44318835505053055801 0.313225887253288926 0.83992477371596985236 0.17057492282234476555 -0.94931548097804474562 0.26401574437796337946
-7.1720713305391656789 -6.7868834106169506626 1.9546339761930775492 -0.48921888213025577219 -0.0034944480567353185252 -0.87215404270122331987 -0.16657282260164985033 -0.98121001183506240118 0.097367383888547015536 -0.85610652382617591361 0.19291112333805590651 0.4794443850487087877
4.1763990471027980789 -6.5172270286097333525 6.6577127732767129586 0.99697760066464657935 0.0064967704787934552058 0.077417412423813114497 0.077211224974975220525 0.027547826587161712564 -0.99663410737757551772 -0.0086075844992852153237 0.99959937436147805467 0.026962942447416669844
-3.6072866322020864516 -2.2781797369072198656 -3.854144876758828886 0.99948201750637233332 -0.0010983229106862365913 -0.032163494340856309262 -0.0057771623615277181013 -0.98930566821100185404 -0.14574264729524857853 -0.031659454772360276498 0.14585296888430182571 -0.98879957038375287937
3.5853672511892691332 3.0931713151978055265 5.8229567292568731318 0.7724825958455943109 -0.014087344107501297702 -0.63487966249656047069 -0.40792103334243673407 -0.7772230231409944512 -0.47908746889932896096 -0.48669402058432659208 0.62906749958610508333 -0.60613778243217864006
-4.9768406561977709401 -0.77743052738880813468 4.8313208618031255881 -0.61180150281171497006 -0.010833206633049416445 0.7909371421240533051 0.70955002554800727932 0.43444011251553737996 0.55479775583749890711 -0.3496250597456634357 0.9006355701789978685 -0.25810441167545566943
6.1748231985527812782 -2.0545457451843582852 2.7796833796263977767 0.73098348217394371051 -0.0088537380868647271026 -0.68233771705135770613 0.25923204869694410624 -0.92135274963243196655 0.28966852723976965756 -0.63123838105536478338 -0.3886267130122787461 -0.67119846857398202111
3.5354695169411791689 -4.9557622855854406296 4.1160352950186496201 0.83001798817821392795 0.0044501550817623745579 0.55771886772840062463 -0.49826367581618508096 -0.44339628539954473174 0.74507250885809928054 0.25060616245959804749 -0.89631463795573229625 -0.36580954214405114744
-7.1123540836251342157 5.6897400660979471354 5.5806950969438471333 0.9615145592778522321 -0.002390929702975917899 0.27474358182071501044 -0.056626332408681923081 0.97676977943264398085 0.20667427625339729325 -0.26885537148163141108 -0.21427804703733893676 0.93904297440723705215
7.0388120916010832318 5.2123375715028315014 6.4559467727606092424 0.9534600480714807702 0.0048794725984896321347 0.30147989564597343914 -0.29229543468738050649 0.2603788036848801446 0.92019903143419490288 -0.074008888604307321302 -0.96549420989396816939 0.24968703424237059796
0.46864964227038002909 -2.7176968476073946057 4.9130684139659024368 -0.99851223198882532728 0.00035113248167995382912 0.054527050849407135424 -0.054456277364365382465 -0.057758226457916096719 -0.99684427125411378956 0.0027993613482344007273 -0.99833053844020536172 0.057691416983980753352
-5.3991416102913225572 -1.6490941162473500281 4.4601757905764554124 -0.73657229120079104057 -0.001580841644386011928 0.6763569773240569738 -0.42955093661877807865 0.77352671281105711554 -0.46598542618585919728 -0.52244354018889604951 -0.63376172613011894086 -0.57043739516926239563
-4.1650490914550228894 2.7843665957347516482 1.3626459590735635619 -0.99863412805585916043 -0.012058210019346348937 -0.0508377601135914306 0.047433332088054148967 -0.61721792896664795514 -0.78536113168982124577 -0.021907927543661137593 -0.78669983331209747401 0.61694684939427024695
2.5045898326834028502 -1.8797504346858451285 0.61585000442233184259 0.81021530153777732153 -0.0086713047409396355053 -0.58606823291155829558 0.46210851086663395915 0.62454192527141738633 0.62960551757655336402 0.36056468121352769352 -0.78094314265026165689 0.5100205080278638059
-3.4935661486890587923 6.3665272450650123304 4.2475670611123375053 0.53805182835329445901 -0.0050179518160386156825 0.84289682059261439306 -0.76838394166353951587 -0.41402890366933486899 0.48802273012626046222 0.34653477199143772891 -0.91024990364508939766 -0.22662472220588675276
-6.9565873648019316278 4.2884438369740935926 4.1436902154764432282 0.95843223936697496956 -0.0082722895817413846092 -0.2852003011345700112 0.083134700458219995545 -0.94811065559551432891 0.30687913960716406425 -0.27294003759411944454 -0.31783290259408591982 -0.90801210449354496923
2.867092542348501194 -2.4247421736020000615 -2.3187980592271189018 -0.98517202100545753218 0.0013592972878447321869 0.1715641027103144145 -0.074825622206847769435 0.89645413606666124462 -0.43677352047742601382 -0.15439305453701582249 -0.44313444262412804431 -0.8830598227023054303
-4.3401573699688542618 6.6660007591516388104 0.55087097581261801338 0.91184436545987290756 0.0035195213205706002944 0.41052096919511532613 0.22286360443506805784 -0.84403600628457853272 -0.48778584841436672948 0.34477770664214901775 0.53627496031872778914 -0.77041384978318538934
4.3939938526082773507 -5.4518826875383412656 0.87939441153292619013 0.93845115594914430002 -0.0085465913219331061251 -0.34530621725421595247 0.26573096686364860997 0.65653653041054060857 0.70593685091945901355 0.22067279204142406512 -0.75424580874753355264 0.61839855986204206317
5.2962438328780416796 4.2744581489016990616 4.6498663625996288218 -0.88370344253257349099 -0.004693033307141859789 0.46802371851688029381 0.018975762238957701034 0.99876835380425088573 0.045844256854739987017 -0.46766242750885822499 0.04939383440759903543 -0.88252597866514947977
-1.262359187059222565 -5.1236485563332934134 -1.6126928566323215364 0.9705482375125850103 -0.0019032343361443816027 -0.24089934902464241184 -0.1940454527185468403 -0.59878175402002375982 -0.77705004557748913463 -0.14276722642355524351 0.80090997543534281355 -0.58151588998714220935
-4.3336350102221610214 7.4720526856760480783 3.9971142459258888202 0.60957357188274996496 -0.0057968676202566002398 -0.79270830498235911321 -0.77434758964202687892 -0.21844786306572852586 -0.59385717267502835526 -0.16972292384255710518 0.97583140318805972058 -0.13764883462831281613
0.84087439941570907287 3.5031413994184763538 -5.7134461379652750068 -0.9662775434775222605 0.00048661755370133473464 -0.2575023731434691876 0.19774639975537172676 -0.63911987923231872166 -0.74325106212768277114 -0.16493656463914427301 -0.76910697771733427253 0.61747096002290202676
-1.9144609648626098597 -3.587224846995458627 -4.3017845688979772234 0.69827937465643130643 0.0014535542049603812631 -0.71582386248971452414 -0.26867123354983851735 -0.92635686094638070021 -0.26396729805101509791 -0.6634920370224953734 0.37664419995235487448 -0.64646536136904431125
4.5294718624490073466 2.0814427674699564896 -1.6455730522259977011 -0.97886943778399082561 0.011045603841283580318 0.20418770386104451164 -0.15322100614678255126 0.62164776953120048919 -0.7681649392624966266 -0.13541767627477180325 -0.78321902764966455646 -0.60681958412664560587
-7.3068020334046224207 -7.1723371276891558779 6.1115707395142786496 0.89007809726039999187 0.00084011653125278841492 0.45580727833315859421 0.34660232647980554477 -0.65068630169271957087 -0.67562871761648857216 0.2960199453685665727 0.75934618652732466249 -0.57945281166831930086
3.0421213859927367373 -6.083012975995559124 -6.6276508131994162909 0.98552040359439996298 -0.011663639702739748288 0.16915523523668066219 -0.16876951763014549912 -0.16350850551616308293 0.97199887785057825784 0.016321275011084095119 -0.98647297384814758292 -0.16310943519389636824
4.327355381345866725 4.9936510239502940323 -6.1805488926744018841 -0.85702795333202252959 0.001324709722412202844 -0.51526821399312239258 0.28785538052466841386 -0.82817007974155665284 -0.48090913790859501908 -0.42736678288152141203 -0.56047530201159523333 0.70938358363045173061
-4.0357917101716376251 7.2884897247961264455 5.3472633585505322529 -0.67129872057947548303 -0.0028399931223162004287 0.74118146373718141184 -0.73877211104110096507 0.08321931369561950953 -0.66879766280681063328 -0.059781231973583613681 -0.9965272099984113785 -0.057963126525638737629
-7.0066032520338987766 -3.7915257890024176568 7.425603214984243472 -0.99337097712104216463 0.009337835945438363941 0.11457271330277757349 -0.10430996719945802298 -0.49206496938359972626 -0.8642866981784494973 0.04830665126607846388 -0.87050839784874667338 0.4897770888047994764
-3.5198813706168090576 -6.3976981269267279018 -0.5542751686089888441 0.98851513837902349469 0.003248900082458059356 0.15108694795949623169 -0.14913114180646647178 -0.14077021049866403346 0.97874595804002373356 0.024448389291602683898 -0.9900369652111687957 -0.13866897193184352099
1.9672149092922817104 6.9789227131303581686 7.4329061125085722495 0.9756182946638345399 0.0039415847203836318 -0.21943884575709393658 0.19452695982247944495 0.44744664697106550921 0.87289790927487065364 0.10162777681083125236 -0.89430194119453543244 0.43577039017846513902
-4.1498875685136527025 -1.5994179190257800105 -6.8865412822474532106 -0.906112985317501618 -0.003918224544454736169 -0.42301761825658296123 -0.048320909859456757929 -0.99245375328434981554 0.11269710405411660636 -0.4202669955033351834 0.12255690559181026122 0.89908590100295882053
-4.4477352611065468224 -3.3448548334096970258 -3.3566149889877601176 0.98087125134179042885 0.0030043436192967740497 -0.194634432232997312 0.18629074498711709063 0.2755076132759075036 0.94307545475380605282 0.056456590610802111219 -0.96129419479495326062 0.26967781597701689922
3.7822330550853848763 3.7810612905536644668 0.9043161038933318352 -0.70227145911912480791 0.0039050829125015238188 -0.7118985517854898859 0.30912911438491358362 0.90246341026882825886 -0.2999983062713181825 0.64129087655008054636 -0.43074881712373586096 -0.63498147075345290347
3.3630962105277597551 -5.9533887891216856758 -0.30571495644667118219 -0.99981720694139653016 0.00048016085344298716289 0.019113402352228973241 -0.011361097630101098591 -0.81897116997796759463 -0.57372218730454038749 0.015377846551603105776 -0.57383446410129534954 0.81882692288721392604
2.9954788520423818454 0.93544928768671953279 1.769394233360125579 -0.99990410332126911097 0.0027423480184148871577 -0.013574376179822855368 -0.0048978026655167794176 0.84682079045980918064 0.53185577027422825669 0.012953597584359249212 0.53187125168811189013 -0.84672615167908560352
-5.3172357222829544909 2.5455691507810076502 3.4070753724039359867 -0.11526779658957043984 -0.0073662593956943878473 0.99330713945478199545 -0.92328665586657432396 0.36965143025529328957 -0.1044010115320333637 -0.36640835985018344045 -0.92914130159661090236 -0.049410074875434591146
-6.4570512208812331778 1.7714526110978832119 4.5380807214990763754 -0.74444622724222153654 0.0010613716075627238448 0.6676815769774919751 -0.66186264362292190899 -0.13291810399300779677 -0.73774698820630568719 0.087963945576081753464 -0.99112645566604051783 0.099652863267861102603
-0.0016594290510737984279 -0.3373722182928913238 -6.7621509675280986329 -0.99819819447355195852 -0.0036777466000824056078 -0.059890222319098275483 -0.058879727723561453567 0.25226577300042873908 0.96586497888457045757 0.011556046586306890564 0.9676509980114065268 -0.25202778385498175728
-3.5689985130860959472 5.4799814325959559369 5.0197230102948724451 -0.97197608329809503935 -0.0052492811827449309056 0.23502114488646172474 -0.23507975985876922165 0.021709037305978350768 -0.97173361792424828298 -1.1798068601416578094e-06 -0.99975055026058134988 -0.022334664812754468494
-2.2562252458748037753 -1.2376602288531763918 5.6661300041882816103 -0.96656609999453568793 -0.011981582320518081863 -0.25613749437848937207 0.19760276727500047933 0.60178306908777223772 -0.77382832987989469409 0.16341089531192737327 -0.79856970856930109548 -0.57929552030801612084
2.0854035371573407254 -1.9033321547087367342 -1.4531080515472540871 -0.97698534628822186754 0.0056413932364277052933 -0.21323181709167324249 -0.19538513183978634125 0.37740819902579197942 0.90520036542425863502 0.085582027282566169868 0.92602981916920745764 -0.3676200356559485849
-5.6951245623403599083 -1.5401068742336923023 -1.8145251730626468234 -0.841182985874598943 -0.0056569214807383090549 0.54072098490287912043 -0.18412447346538329818 -0.93719748062100016739 -0.29624155783561428867 0.50843816000191066617 -0.34875332479715243084 0.78731299741382965163
3.1357599078449194252 -2.9414988496873122337 -3.3256142689849643723 -0.94666517482779044546 -0.0038813538470269691102 0.32219556461949466764 -0.18183897654884786932 0.83192218078722623975 -0.52425191627867251398 -0.26600682956617660579 -0.55487874369677958608 -0.78825753812928633923
-4.3493837099147372172 2.4568896337454542156 -7.024225820794247177 0.99993782709858602953 -0.00011688126039623462568 -0.011150259011144709326 -0.011095039334040993767 -0.11036767806900575628 -0.99382889661130824344 -0.0011144682228469353184 0.9938908199477657357 -0.11036211299245710094
6.8382810759527652422 -5.1015461551251295447 6.137742126313873392 -0.99841989981603673776 0.0082944727164801935332 0.055577921639885043137 -0.053753044932886004381 0.14733290490820136198 -0.98762524536983786749 -0.016380287295790895569 -0.98905218105697934039 -0.14665425099340859139
-3.5787029203453424309 6.1366506645175595835 5.9014326506615013557 0.99933219434955899985 -0.011401188755936651417 -0.034715677026607688616 0.013083431969825925698 -0.77543773798168491584 0.6312884747259357443 -0.034117285125776039556 -0.6313210969141521689 -0.7747707296013636169
-0.95497242353523514868 -0.20135777402183827056 -1.1445068552143209395 0.97751098453166762603 0.00076967810003516351491 0.21088310201492788121 -0.15559850478162867704 0.67760622170304007916 0.71877598291743161063 -0.14234247584445078316 -0.7354245140766096922 0.66248728566330838952
-4.0282912270026844936 3.7207548265420165023 6.5712143098800295249 0.98299575425005070173 0.00046808454245775201613 -0.18362768860712519459 -0.114648975531771391 -0.77957486171110024209 -0.61572611394806109342 -0.14343974182858232336 0.62630888216991031925 -0.7662651137688435421
-3.7550908650873902062 1.3124474777066583719 4.6136702349946672186 -0.92218987744499014703 0.0044008900134543081639 0.38671237645697986718 0.38515336212356865442 0.1008615820494132842 0.91732427685707618181 -0.034967378838389427675 0.99489073441941910936 -0.094708547574053253415
0.84494555337486232371 -4.3661285508829852375 -2.0851428511349388017 0.94862443757306325054 -0.010642455494939879329 -0.3162252592382784333 0.02753823678831218702 0.9984186414901282669 0.049008793494303315441 0.31520361982987760152 -0.055199225232052520629 0.94741739670537283846
6.8859549408541287363 1.7083664747470848067 -5.9825252519973206589 0.95196707583344508663 0.0015455129564124845537 0.30619650213372162639 -0.22220189364376702335 -0.68454233309395573492 0.69428244444420494919 0.21067749046902753407 -0.72897147104119308647 -0.65131834721400416743
-4.6880038517110200758 5.0581330863747773208 5.9933971930371088277 -0.96723081744019201444 -0.004144640709496877698 -0.25386486119065004852 -0.12231763148171055644 -0.86858123829309441533 0.4802135249177388876 -0.22249256801660383109 0.49552946878933701313 0.83961157849249978824
-5.7982214974994956691 1.569149527748071371 -7.4339724939098008605 0.83221008111646332939 -0.00022017986398160244166 0.55446039751188747058 0.33201713042947295085 0.80108803989218246855 -0.49801865170225534385 -0.44406193936162169367 0.59854649264921533369 0.66674664614671241836
2.2785954564849864035 -0.093464285484660514225 1.7879366553852176214 0.82904118225041856238 -0.011523740261272692048 -0.55906879857788716048 0.18465842862720027728 0.94934321982926961336 0.25426111716317550959 0.52781813427525126059 -0.31402970301314336865 0.78917258109719667925
0.30928632045239234927 4.2457262672757192234 -0.096951313646770009846 -0.99619870439835478404 -0.014022746155819169195 -0.085973856173939683378 -0.082567118890072122017 0.46656381291485432561 0.88062527749130525834 0.027763505422833768821 0.88437637410130698346 -0.46594808369389145719
-4.5187105490189667378 4.8124936333868424398 -2.4231742862313003783 0.99081098734672423678 -0.0077038138214897853781 0.13503421272271098896 -0.097250964724718530485 0.6532770174035733568 0.75084711386030611457 -0.093999134108474699523 -0.75707977768834289201 0.6465248432983675686
-1.0911249384398167273 -3.4228193430436455458 6.1461368668436540119 0.83695829917041864032 -0.0048258397568532816063 -0.54724538985746318254 0.14862346835458242755 -0.96037579070403411574 0.23577405557825600879 -0.52669903180456556502 -0.27866656042697046658 -0.80307725530976992179
-1.4462277732689798881 4.0063810963470265492 -3.2725778440812316461 -0.83159152337419550705 -0.00091978918058118668086 -0.55538697521638002996 -0.012897373538586810737 0.99976093743314931039 0.017655756531264721332 0.5552379634065972569 0.021845410747984142508 -0.83140458383460613678
-6.5180371777611005868 6.985720690401294064 0.68124383611893613022 0.99853822917367562884 0.0045171387183411421812 0.053860935161782599878 0.01962767597472686934 0.89817101947808863915 -0.43920789394727888233 -0.050360294027410802686 0.43962303764426297059 0.89676943834968658731
3.7189131484742383726 5.5825959039051991084 7.316904363018168489 -0.95928501863595483368 0.013667903647731282149 -0.28210891767264412167 0.19707017732544823696 0.74790027492052557623 -0.63388368332265720984 0.20232547597740210832 -0.66367037540005768825 -0.72014306536057115515
-0.80423441269411743981 6.0635432846124626138 1.9351634262382577667 0.95994629628645844477 0.0076024635109299566055 -0.2800809004456176754 -0.12073451556080619373 0.91328592596802615766 -0.3890141310813368114 0.25283647877264314729 0.40724810616781642603 0.87762332183256019924
1.8405596546922808887 -4.3044866060035502642 6.103044082890490607 0.97038827029511509625 -0.0047549810489032886748 -0.24150361286938187844 0.18286939123967316245 -0.63875113847035347447 0.74736588686571592266 -0.15781441829360523532 -0.76939870890079375965 -0.61896707191942734738
-1.0253668350762861206 0.20168659954015585867 5.3061062124701443565 -0.90913408419991714737 0.0077644318038614622279 -0.41643118344426893751 -0.12582524731998248613 0.94799097123720865721 0.29237155400149178464 0.39704310103931184095 0.31820250164191576925 -0.86087394191357069495
-1.5526203048266851159 -2.216668766924021039 1.4671198884852880706 0.9188911016722463021 0.020160641541944780697 -0.39399580175457044051 0.26258694503721768942 -0.77658822825769169285 0.57267688972729691166 -0.29442696813232710484 -0.62968585204388660692 -0.71889393388185562905
-3.7848589789561919439 -6.2001378546924881263 4.2008098907381290488 0.9997967659029238785 0.011201584017649843933 0.01676160510384492805 0.018097256886063957382 -0.86504634626670673381 -0.50136544366728996724 0.008883478111886659867 0.50156688818736028246 -0.86507325729720063734
-0.71664520125521025129 -5.4462763498775981219 0.17849312193062172316 -0.72702863434906983553 0.0028671812911464965648 -0.68660115358779105765 0.64617494502917693922 0.34094626708152264705 -0.68279834752266255204 0.23213639364193075498 -0.94007841281170079206 -0.24973039965588889055
-6.2447085366949162122 -0.64340620654963032177 1.8119910915043291322 -0.95986759116318987051 0.0031512189513324068493 0.28043587012649157097 -0.22652695178741472093 -0.59824539275923893644 -0.76862734153569556295 0.16534735422250332326 -0.8013067576536448966 0.57495020009578079456
-6.2641396162279834314 -3.9627711948391635133 -2.308284158790750773 -0.99362131185551616497 -0.0010195671448953429888 0.11276368701508421299 0.08862363251052740587 -0.62539940933711313242 0.77525571946385096744 0.069731917993435837966 0.78030413255583375154 0.62150053928315185381
-3.0552376596965395983 -1.9322734025860830442 -0.18997886708364206121 0.71757381950793719394 0.005055965508583887616 -0.69646410587305029871 0.12037573544340027243 -0.98582534791811615715 0.11686772744681338254 -0.68600109028570777081 -0.16769860051555354752 -0.70801107583981504057
1.577792893995498158 2.8738574690505904741 4.6311524574771700813 0.60914088872218230541 -0.0071210553246110093462 -0.79303005507864920975 -0.11229146466637457413 -0.9906596046589668525 -0.077357447346783944631 -0.78507197418448593229 0.13617209063533708413 -0.60425090573543505101
1.6714565135286318931 1.9932185085162004157 5.3611387246139479146 -0.55106859667557561711 0.0059358451337829824454 0.83443883388808215429 0.83411820753712773158 -0.024697299653261440416 0.55103253918874284256 0.023879229739153223083 0.99967735251547684694 0.0086587097583657561539
-2.6214706051063929593 6.3267900310441476108 0.71963386078835100967 -0.13607954434070124172 -0.00050115346010125121079 -0.99069778765127414211 0.78046674357812906297 0.61588337416091842869 -0.10751433207053988361 0.61020817741199873119 -0.78783717751666360041 -0.083417995313774473409
4.7969430296716319972 3.6973009347472070019 -1.749120033941310659 0.95221628761333176882 -0.0011329594649745634155 0.30542242551374604309 -0.24610977118220919713 -0.59503578426208914021 0.76508979602157634048 0.1808704567708098454 -0.80369840851564833262 -0.56688159788185421561
-0.4488983270736519593 -6.2839587593050172387 3.1576862337812312553 -0.9860582384293773428 0.0050823484739610010757 0.16632293936696798675 -0.1312010152811799446 -0.6385389795392741874 -0.7583233249730786385 0.10234961658390501205 -0.76957270049221260244 0.63030343061270077687
-1.6537458383074550294 4.2984388670052711134 6.689517484826986049 -0.98838702828907998299 0.0024169562442068123764 0.15193827902238457583 0.065360531112847744528 -0.89589386023239614421 0.43943394517332956539 0.13718266392809927434 0.44426157781252850754 0.8853318966338067364
5.3833081283844022025 -5.796063252868006721 4.4227257809342983563 0.71068821026092410253 -0.00090446077941778112684 0.70350653852457789572 0.37498352838327891901 -0.84561477887371072626 -0.37989866963643342812 0.5952391294575811731 0.53379286966108629997 -0.60062929587359836781
0.17820181189696693291 6.9379591530261341958 -4.0453827343364041624 0.95944643118680328353 -0.0048404774384113342933 -0.28184945531458238666 0.13727279043951395865 0.88131217461417021841 0.45215598180449340093 0.24620870554852183898 -0.47250970429704225451 0.84623628654017313266
1.7891667843537473193 -0.49022120057583090658 -5.8545965362730614245 0.97817225982668265516 -0.0034244079058589468531 -0.20776742655227276035 -0.14854816751128191443 0.68763226425403323194 -0.71070057765988770004 0.14530131463522677482 0.72605106059244906014 0.6721141163358029802
-5.9352087448901631461 5.7428638641497213868 -7.3182127720216536559 0.99716123761601760389 0.0087048576907835552297 -0.074790986412731463862 0.042975629341775546666 0.74981620037882668051 0.66024901433648908178 0.061826866964877262578 -0.66158891398071029144 0.74731355361669649096
-2.3568933859933141051 -0.21682714258233248827 -0.42357384149605453727 0.98225217840297296412 -0.0007657964356556022081 0.18756351345139871123 -0.14959731635099160485 -0.60641263160428493517 0.78095093518833269552 0.11314283434242110304 -0.79514975557228395608 -0.59576468949604532988
1.8449136412362097115 6.807977336259482648 1.4039790213857337164 0.98121659045227582752 -0.0038799763873347890668 -0.19287028906561096142 -0.12890460689855859355 -0.75700637580007434924 -0.64056611627399151487 -0.14351865711942476955 0.65339596936402022376 -0.74328736184412780297
-2.9747028156541599486 1.0946958044081291916 3.1193375133779888131 -0.78222422142284986357 0.0041476935593233741142 0.62298319725145745451 -0.48917058288692821799 0.61515300061275968169 -0.61830326432515325674 -0.38579451558774813247 -0.78839684326821934945 -0.47915864728416046603
-4.6644729836334724027 -6.2179625254109573973 -6.0434550870758609875 -0.98097018196799723455 0.00079538531978380470379 0.19415681665066744643 -0.19351976051875274809 -0.085049096263621420944 -0.97740306604475735153 0.0157354497393529906 -0.99637644421517679305 0.083584550214549996339
-3.2301130645058573343 -5.6380473271040516536 -2.1221667184471217915 -0.99693008949693806553 -0.00019223232031516103132 0.078296613606828477372 -0.071668068994373612668 0.40492598044495908827 -0.91153641630332937762 -0.031529106269900603055 -0.9143494481910976468 -0.40369667084386468003
5.3175237450290380181 -6.7010195652803368205 5.471484431390012837 -0.98033445047540024309 -0.0046553860366904484952 0.1972883488499762028 0.15589359576260955476 -0.63125468326202749392 0.7597464785439399515 0.12100228101687375559 0.77556163664837562965 0.61956645789459585671
-5.8973613683223389259 -2.6301786730509060241 -3.7683010199623239167 0.52565539321167931153 -0.011107782733220186028 -0.85062507883916393947 0.84531446018723854774 -0.10549024072966925458 0.52375115513853010007 -0.095550358374979521559 -0.99435829874015113639 -0.046061944605729293611
-5.6986251259237645783 -5.8140489324501301027 -0.064350189487480100037 0.83985516396498516301 -0.0097520161604774044384 -0.54272295118415425641 0.43561841083045377276 -0.58441476312234652557 0.6846137486130788874 -0.32385166929752656761 -0.81139650161021703578 -0.48657559892354534936
4.4874461268937135827 5.3007578399915287193 -4.5912151671128897945 0.74849925135534634002 -0.016597604365794084436 0.66292789219465553252 -0.045293783849280976062 0.99607252956850766967 0.076078834005199380552 -0.66158698888731770626 -0.086971462953625830461 0.74480777437322831513
-2.9382956872479355503 -6.7426552866751903181 2.95771212530880101 -0.89667045613090246015 -0.0010352949302655559648 0.44269743760983054637 -0.24785731566805474513 -0.82739862782812034769 -0.50396255985740257 0.36680900230464724698 -0.56161413695931250434 0.74164729959437591944
-4.9926198103096286474 -4.3017310315290835376 6.2841054569808578734 0.99000705143453027191 0.017944401712334030752 0.13987150016026853039 0.13607627478634251594 -0.38183531848661333985 -0.91415810284462706292 0.037003858584841030355 0.92405616063283890771 -0.38046146512678979956
-3.622912557682431256 3.8054611919938174935 3.8314186289131124674 0.47149549107779487045 0.00052460389515029265395 0.88186831595430570374 -0.77467475723112910746 -0.47759322924216529582 0.41446800587125492976 0.42139176831327457284 -0.87858091953604466884 -0.22477665676188493538
-3.9719331433923223962 6.8367163772242687259 -5.8857312176624514422 0.94435398287419303198 -0.015477270917133800765 0.32856659768548684974 -0.28989835863340779332 -0.51113053235333993918 0.80913813441085480349 0.15541716987276318895 -0.85936373729714610192 -0.48717498943155640445
-6.9368689439887356585 -1.2535482775327275728 6.916176244461179401 0.98975852828185073573 0.0062223475761935690201 0.14261605128417273458 0.070647745902925440653 0.84677334762752021202 -0.52724168437881324678 -0.12404415218819914157 0.53191745613237206847 0.83766154750570853693
-1.1085802400035726922 -7.1602443697432516245 -5.5297514953354527378 -0.69609447495380194493 -0.0031749304643511975371 -0.71794317446115396564 -0.69406073570578974419 -0.25283774399211689232 0.67405694890315537293 -0.18366321648710243197 0.9675034857971700486 0.17379536207885395993
-2.6280729741760477935 0.76208079720485888409 1.3735160622101061367 -0.95637292004391305511 -0.0090783751463570493828 0.29200756995538068583 -0.19736039530829974087 0.75703656450238721032 -0.62285192009830281368 -0.21540592417644768841 -0.65330943901886340264 -0.72580098148073446396
-3.6369146736574786694 -5.5033533081104746287 0.95073013246886595162 0.93192319870692674755 0.0047457256324435325573 0.36262464036512820353 0.33846495560218792242 0.34769666140080218719 -0.87438464389526859843 -0.13023296641374046412 0.93759506704063622085 0.32242032305680756732
7.04605960943971521 -0.1943321843002249194 -2.4579257670463583452 0.62616518008583177402 -0.0097554145162670538594 -0.77962939858355173595 0.7787693373838631139 0.056414867279111220733 0.6247685026476184067 0.037887813327843813949 -0.99835975211216276826 0.042922243228053325037
-7.2499058461074570303 -4.3119209072422499673 -6.3116353585344624477 0.75320304090863710034 -0.00043531250923575272316 0.65778795190312266961 0.52176891361808752645 0.60933389805075399703 -0.59705058535104194029 -0.40055259323557856899 0.79291362151834432481 0.45917927747561587681
6.5484719397784392214 6.1664537871283382486 3.940703669951748811 -0.70660395117396068709 -0.0066050169037967206356 0.70757842670414339281 -0.67685188274459329172 0.29791904667763591252 -0.67313874532055262279 -0.20635499754190528288 -0.95456828743594901443 -0.21498139363930546253
4.913740720921095928 -3.8019486964365034609 6.6221057273463141968 0.41496109353765314731 -0.0023694924616471596882 -0.90983607114440601116 0.87073013862843795518 0.29107015769863198162 0.3963674923367470071 0.26388693892285253195 -0.95669877641953915415 0.12284597943443924251
-7.1079504770984556217 5.4422581683487267767 -5.7186935323831029621 0.87728624063766813546 -0.0049143098736386531256 0.47994239398735244473 0.052953471859160432256 0.99483422566347445848 -0.086607120185541702773 -0.47703750565958769059 0.10139385093411534822 0.87301460765961635957
4.5576298994095045813 -3.6909828620426630152 -6.0198435681045401324 0.89262583312457843832 0.0028838053016060076657 -0.45078909226589475301 -0.40990869394063766951 -0.41095115757668509993 -0.81430584470348632564 -0.18760059880167007096 0.91165280109997248736 -0.36564352254057691516
-2.2254617896685262579 6.3740319977763881809 -2.8201211934232164324 0.82480904808997390631 0.0014342234429722466524 0.56540956588289725815 0.30744321172589500479 0.83810601774339799075 -0.45061843569236581519 -0.47451944718058003403 0.54550549587084540271 0.69083648443190337485
-2.7102424351977494332 4.7303782020600566582 -5.4499848085456461533 0.93455298651101503804 0.0048220045101491550849 -0.35579132040547839511 -0.016116528053451963098 -0.99830835642040938183 -0.055863073891369741109 -0.35545882029684117143 0.057941123337426028717 -0.93289434198063581061
-1.1581033388487709246 -2.0569215077439406691 -6.4355339516964980007 0.87384884841485332974 -0.010879099930331214557 -0.48607595631609007425 -0.36108134227521426762 0.65497556641867082927 -0.66379761347515919834 0.32558939538115500012 0.75557173887015094405 0.56842140444930411292
-5.7906683577537760854 2.2575611602515195386 -0.95319495030491474541 -0.87779357629753240744 -0.00027930061887704044771 -0.47903899570075558767 0.47903749485274338404 0.0020584246562711967787 -0.87779202628703956179 0.0012312335362920714954 -0.99999784243713074616 -0.0016730764717420854026
1.6350570246733910906 -1.9178831694784601591 -0.093055641582727402494 0.89134416606748934075 -0.00766425180311026185 -0.45326243707352570356 0.010214566916167342955 0.99994277693339250757 0.0031789119958936123446 0.45321213602483795269 -0.007463384156064400976 0.89137144763385878221
-2.5362009556428395385 5.1926752193215657272 1.7679832393211432073 -0.86776401590105811668 0.0069844638566754482442 -0.49692738903391248106 -0.057217190787873274671 0.99184818856914802598 0.11385676927774350531 0.49367175915354682969 0.1272335965719859352 -0.86029053587582460239
-5.4553115685080530994 5.1321443587152293375 -5.8741266620432490697 -0.83659236537973491465 0.0041888863159959795548 -0.54780988255011797694 0.35959365703414025717 0.75858875425902916323 -0.54335578006729268186 0.4132863607827444441 -0.65155625631498415018 -0.63613585722539733869
3.1949821309216694942 1.6015794613847353922 7.2249572101109595934 -0.88809431775737779358 -0.0017301430389729324788 0.45965801349710477819 -0.41101062958790751667 -0.44475585575099441105 -0.79577791571575351437 0.20581240276715470627 -0.89565017466653396028 0.39427404110217539879
-6.1786891797474678967 -1.5952604045267801958 2.3492121231789764302 0.92639901519710965427 -0.0050706534264681399349 -0.37650916737267858814 -0.33634248205534150733 0.43840169000876161309 -0.83347327069467924687 0.16928850937587153203 0.89876484503533438097 0.40442941772581997295
-3.2286860168265465454 3.7604628215221715948 -1.5152442763764351064 0.90130670727669370823 0.00074036500253365708502 -0.4331808759370693318 -0.35220098038994068768 -0.58093165886216235894 -0.73380711167439205411 -0.25219176994961128857 0.81395200079066587495 -0.52333684332216368063
-7.231404263389180187 4.9986380008844699674 -2.6495503659291466114 0.93920167813743371532 -0.0048107756754072967045 0.34333229417191030164 -0.26477502741813951914 0.62648516701343825996 0.7330828877882028527 -0.21861928697999330473 -0.7794184960274543883 0.58712214692580377839
-1.7642987514151344808 -5.3136978662271339147 -5.6417546376892682147 0.90967396452026338949 -0.0066890770230311931421 -0.41526923136989757346 0.34941757815555596345 -0.52814889409519405472 0.77392900303707512499 -0.22450085601143512926 -0.8491254335578213297 -0.47810601725510820659
-1.8407115460523237882 4.9861126631159438105 -2.598185247791872321 0.90463779229380392177 -0.0025984546202233770387 0.4261733365514461247 -0.053737852611849955264 -0.99269564605377902389 0.10801665381970398938 0.42277973928570139472 -0.12061758718919980693 -0.89816963303728070134
-1.387366498329682063 -6.8106785369864670798 7.0254983555547978469 0.97890219826201663178 0.012442491841049629214 -0.203950167037637492 -0.091227243729528686988 -0.86652331314195474299 -0.49072898608400383758 -0.18283346586280926904 0.49898149482545950395 -0.8471064818441031985
-0.91353796877264126231 5.9327562418856798487 -1.0047339495132472376 0.58276680316136764137 0.0093067569446380598447 0.81258614153104502531 -0.30933793464875580792 0.92719569942799384688 0.2112301520842402025 -0.75146050815744791507 -0.37446163920684299997 0.54321780663205487816
3.1125367927726146355 1.3170441012511227008 0.5381601960135448115 0.99710662756625612069 -0.0043719764226717756916 -0.075889782483684789516 -0.068291894275916475987 -0.48998629013345573746 -0.8690510069365406931 -0.033385482465859678269 0.8717191757116417028 -0.48886714786031609803
6.0118177992741745896 -1.4990742501008196275 -0.749878966208411879 0.99534655692619777856 -0.0017703299669525394792 -0.096343643002358772542 -0.022672103677051275161 -0.97606478764106963109 -0.21629495149450608804 -0.09365472401330385277 0.2174727483134094308 -0.9715628628200433381
-0.03272794044751923398 -3.1756098142655599936 0.081443485220927314128 0.99957413455868671104 0.0033877755854796387167 -0.028984004170987426319 -0.02051916896855220801 0.78782078006986377972 -0.61556265497111140039 0.020748812641700867948 0.61589523578830718264 0.78755478876530482513
6.0903069485730236821 0.16951531627187410578 4.858143929840333719 0.99352324568168048913 -0.0081399958649278521261 0.11333711112231018014 0.11361509710405308382 0.055535158664251293992 -0.99197149952115359905 0.0017804494555153302371 0.99842355071355515239 0.056100297506152418947
-1.334283935451918035 3.9188188276683799671 3.7759121010640388505 0.58329877585389189321 0.011222241732591321794 0.81218015204631333059 0.26259399258953969314 0.94360459110806471639 -0.20163028218900011512 -0.76863966404505401631 0.33088432560378311376 0.54745650962107605952
-6.592991429489791777 -5.7183909060756112908 2.7635799395447362414 0.98168633120548565163 -0.0020344479945872974945 -0.19049359082578992686 0.11074512831764229959 0.81971902460010004354 0.56195750485496454019 0.15500794714542392994 -0.57276223839407247596 0.80493226708308018846
2.9959694360654034462 -5.2634890030182743814 5.1340932444396392142 0.99359219641790741395 -0.0041324193374619100014 0.11294897223087438376 -0.06106329003295886404 0.82130511455368604423 0.56721176241187520883 -0.095109525432190894501 -0.57047421669912501407 0.81579001357803626604
3.2031355668653809232 0.22343784009610173635 -5.0412600866424837065 0.22844310014985674817 -0.00011708950230728334962 -0.97355725886251864853 0.89616771546853279951 0.39074788134512455917 0.21023681641493829897 0.38039081974442756628 -0.92049773466001161282 0.089368589223249764175
3.3975301321353086337 1.4750104265398633618 -2.8287323727440099042 -0.89533303451403811746 -0.0051209383990181364665 -0.44536786289285740237 -0.35329537477516304023 0.61706812206150851718 0.70314245419965548667 0.27122156158818394589 0.78689307324777901798 -0.55429067807811593926
-4.0499984944392020125 5.8944008063279831333 -4.8982270511954171255 0.9441573293184045701 -0.016780187231126245107 -0.3290674137784755926 0.31083445781918900286 0.3766824012442622216 0.8726352665490196836 0.10931092043616755238 -0.92619047388179287505 0.36086331036008600925
-3.8068832912862213824 -4.7750686256178012101 7.2751881984896025202 0.99774780521417094636 0.00065240896798985682781 0.067073776939067519809 -0.012667414489001629224 -0.98012702826463615757 0.19796602000202287441 0.065869976472604119255 -0.19836981329781541716 -0.9779113269473110881
