1125 14.717824617146108679 14.977075390850430381 15.033177056927090831
-1.9762216697638708141 -7.4532066911239676088 1.4496011004189646165 0.98252093073246138388 0.0070274959749426066033 0.18601944783507398662 -0.12175307568897328347 -0.73165111067226440422 0.67071815303627624338 0.14081480473593593894 -0.68164306389226914096 -0.71800691097976876431
-0.21608152033197697284 5.3199384439447170436 -2.6894886649960954017 -0.92358508880334200253 -0.0033045260804109516731 -0.38337926893283869045 -0.20211506628845674061 0.8539224136919312258 0.47954771542958668507 0.32579147275416009411 0.52038984569451840478 -0.78933790278865512136
1.2975838255965401746 7.2266052092982260291 7.4189822221207286645 0.90540515221415052149 0.0024449252700146943337 0.42454155589809539073 0.0097567796841397849 -0.99983913998983187099 -0.015049896828456700917 0.42443646826611763911 0.017768412556467150926 -0.9052833633294271598
1.733564759241612574 1.0437024157758540976 -5.8774339988737214213 0.48730834606767181594 -0.010233818039516050583 0.87316999766432301655 0.07877745723785233023 0.99636923188073012181 -0.032287241946243799839 -0.86966929811503224101 0.08451995462438392781 0.48634523662351780704
-1.9365436433231772995 -0.62023138025871893397 -2.0184519612797178212 0.795168127464525476 0.0083191782749803700608 -0.60633195556347996291 0.27145774642826253631 -0.89900193062246669395 0.34366585608877803226 -0.54223458112583600155 -0.43786564150433776588 -0.71711598714666591192
1.2059783723630470575 5.3683102276183687351 -3.3029323270224160147 0.98677325633634183077 0.010983317549217682871 0.1617340635582492081 -0.048386226750362915094 -0.93226554689845098078 0.35852436894449435378 0.154716882208507156 -0.36160796009186496613 -0.91940326818972628597
-0.36177232848242768526 -1.7151950745364745732 1.4332720903362565767 0.99265252645785717611 0.0048732133397058931268 0.12090166875850652528 -0.076618887517305389601 -0.74803310824262370105 0.65922379739248615493 0.093650989276453447396 -0.6636435193420331391 -0.74216357458646819989
-5.1039840637988156402 -5.800439986790524749 -6.5341348420240681349 -0.90584327551552978885 -0.00048008835020036375908 0.42361271194169913823 -0.33855582193036265481 -0.60023074962499156637 -0.72463991239907499242 0.2546132668194335813 -0.79982674168833844952 0.54355245159934095778
-5.0302815743961248884 -7.4627335441432265384 0.50803271011328166029 0.9792184396210048547 0.0037789451562058027669 -0.20277319122540479746 0.16452762912035565068 0.5698007367062853934 0.80514457068595091105 0.11858291091998025835 -0.82177420257787769931 0.5573376474052748053
5.0587824258009934653 3.9087424594670170386 -1.2452367456840269799 -0.99346407482954113277 0.0095713280909362919574 -0.11374322705813150192 -0.10870696062660673009 0.22457726922445972462 0.96837381566161684354 0.034812766829818153624 0.97440927737081228788 -0.22206897901192232392
-6.007067324984410206 6.694654420084638069 -2.2812444390964019547 -0.99997077166767467382 0.003227902570946137098 -0.0069308336721766346245 0.0063585280605215153266 0.85448311756674366624 -0.51944024768435892447 0.0042455778526009572277 -0.51946913521255044799 -0.85447866715927478509
-5.5092323744412361464 6.3870540180850348122 0.26364103765798746482 0.43063321996340775399 0.015015326632993306055 -0.90240211094055766683 0.44738790037762909968 0.86481883793139069372 0.22788691088922574668 0.78383614133278900482 -0.50185945993378799912 0.36570204540762712986
3.6552760966175168456 4.8132234176587145313 1.485729229204965085 0.99986264613985020855 -0.015819455192535789023 -0.0049430447729350707187 0.0069467682650144642331 0.12922937990220598192 0.99159039415523941852 -0.015047633198862139792 -0.99148853357343957882 0.12932152383731815304
-0.40338457799877425192 4.5994241568225815442 -6.3553124406310939065 0.99513292164076427859 0.013450072652588131519 0.097619484799406519571 -0.096563343169552118272 -0.064407666147779749077 0.99324074287022845464 0.019646603339583762482 -0.9978330261557505354 -0.062795405008544413761
-4.0579630281679053283 -2.0026336576155303604 7.255923975268428805 0.89040948269106845459 0.0031339620459798888524 -0.45514957037841913268 0.45278795204908006689 -0.10806372612729364668 0.88504536695845903438 -0.046411459931378323818 -0.99413902919930019486 -0.097639986735263445405
4.1126439663348808295 3.4760724574544754617 -5.9268840139788387944 0.99621048296207082018 -0.00564845603858593788 0.086791523669208003877 0.060511520067053105321 0.76179560646930077894 -0.64498512378438621617 -0.062474231292760543099 0.6477928286947067793 0.75925056570007343204
-0.43043403154308523817 -0.11878491710487507071 7.0951185999199157806 0.31417088928903774692 0.0127720599567387183 -0.94928053114335053664 -0.9277594858105840947 0.21624493178263184956 -0.30413889255864534622 0.20139262352872919215 0.9762556038061169783 0.079787262300602429521
-3.1971450711057292082 -4.0366327909229839932 -6.6650333316013403717 -0.99543165187003035399 -0.0044226514834443302407 0.095374349849081399566 -0.09291595161782921497 0.27468008562879475676 -0.95703577597396838339 -0.021964798889014078287 -0.96152550185265428517 -0.27383618624448391454
0.32918968593119485311 -3.5565655597822605216 -4.7155112608949592001 -0.99765285077946508352 -0.0077705887177240348662 -0.068032398770674781807 -0.064865289872132192439 0.4255608271774942164 0.90260205879550958752 0.02193817452107392485 0.90489645834376231104 -0.42506601390338816238
-4.0773976610573576806 -7.0242756449949732556 -0.708321980454336253 0.95233455731304361702 -0.00080888287881930598117 -0.30505448145492081169 0.13576185005612403933 0.89663147882571403446 0.42145072220604729019 0.27318054655588558388 -0.44277684773178926925 0.85400295789673352775
2.8109059616426548267 -5.4719015501114602884 4.5077084353420708851 -0.77800436472921863373 -0.0034305122835707243384 -0.62824950461402750967 0.41605986517882187492 -0.75209153321189248231 -0.51112866702855475065 -0.47074769999402782394 -0.65904973807479927395 0.58655779399293128673
6.2262553931011836994 6.885400427859213579 -4.1011170583171772108 -0.998949697591273722 0.0070081258263340320477 -0.045281208623284933956 0.01357907090965363231 -0.89856144431199458378 -0.43863759486532261089 -0.043761975677702492915 -0.43879176948572856665 0.89752251922518966332
-0.27565294306418425263 -2.5403608274787856658 -5.253948906525937268 0.93840115097679244194 -0.0053441884773958118343 -0.3455064680943818467 0.34404850320555602217 0.10749255654995035214 0.93277863275722727732 0.032154428738844081925 -0.99419152578156588795 0.10270979883440831126
-4.6713968439241071451 6.3048536776009109772 -5.2201885208346281431 -0.33397930997429714495 -0.0072717416797329122863 -0.94255235519419122703 -0.19763772449908464934 0.97828178847064029 0.062482575182994458396 0.92162744662036344412 0.20715179004686853914 -0.32816304715257110791
3.563297951212661463 -4.5271864800279111307 0.39825102211704360711 -0.96394202557749730786 0.0071787333239110079006 -0.26601548284524623167 -0.057065099433138317953 0.9708055127635779602 0.23298118124546923768 0.25992180699627775997 0.23976055175046387391 -0.93539057728426189264
1.6708613673698300417 2.1420320785896378446 5.6707292224849492612 -0.64812332123169835718 0.0051399253759188906834 -0.76151805076608591882 -0.68442516290994637185 0.43453279051194221294 0.58544295225547093864 0.33391369671106085892 0.90064134656199201778 -0.27811294110791284773
-5.5590513667630574446 -5.9879855675229274325 1.0019961684340312758 0.90331656613344701867 0.012547144094609040746 0.42879103363308324059 0.42247588228173538205 0.14730956619123211637 -0.89432321931107083834 -0.074386223451023261721 0.9890108497299886503 0.12776630571899857958
2.7912914350361757165 -2.5145013710490178305 -6.8169515859065787922 -0.91973423734746706515 -0.00086680364174814873712 0.39254067471054915339 0.28921026842515479283 -0.67764542553207907094 0.67613171637846869455 0.26541731911884935968 0.73538828241071241276 0.62350438715770850617
-4.7548640135547426411 3.0521226656438451563 6.2366787050009220295 0.97236078910763368288 -0.0059170484367051263269 0.23340840675504920254 -0.060245118181255982726 0.9594689766727426683 0.27529948880775723108 -0.22557708558594322112 -0.28175214522753005975 0.93259353799940980512
-6.6004169892730910618 5.9457274499349663799 -1.15596280406564067 -0.98121562588117672288 0.0054305265651201917176 -0.19283776836445606917 0.0069259235674580324482 0.99995094136828432951 -0.0070814150603513963816 0.19278985219477187685 -0.0082839747551436415662 -0.98120510019720363903
-0.062463539523102844242 -5.6006706498940017624 -3.6450764883367434699 0.99134695627942381879 0.0083665143025998586074 0.13100081569916743884 -0.12213071428996684353 -0.30702858912016189885 0.94383130594926523127 0.048117573738206576017 -0.9516635155879316077 -0.30335004894716588453
-4.9017940395586343527 -6.2028710565529499021 0.19005565559240364393 0.78586480046460294169 -0.0085048273816682121856 0.61833986067705504208 -0.40883816532252303944 0.7430600167935194067 0.52982371220869073358 -0.46396968647375724792 -0.66917074006123877794 0.58046761380752431858
7.1341427750511980932 6.6865970902151614652 6.1658387065975519548 0.90062542530859923673 -0.0021779280563950873667 -0.43459072691114342124 0.42730751367164709897 0.18681136748408838644 0.8845958409004969214 0.07925990188965327532 -0.9823933884184046228 0.16917771231561226641
4.5850922121820545385 -1.4498356478072820241 -2.5970911308953041896 0.99991080833391887683 -0.007402460425584058909 -0.011116607249603317753 0.0060206639133751765902 0.99280873389720070143 -0.11955989922857342134 0.011921702191292692791 0.11948230612587137922 0.99276475135843489372
4.3286825158588539963 -0.50965679499744709346 -3.047421752607973211 0.93859747555592842883 -0.0023769404234557011887 -0.34500598405585891637 0.30156714279581597893 -0.48013323449516470687 0.82372892113801354785 -0.16760679361549840616 -0.87719235478173029907 -0.44993503469558704388
-4.1489083329876956796 7.0177159430719502353 -2.8691771106261665381 -0.97892787603866870949 0.01188563819682647224 -0.20386011164243744709 0.18539359059315002609 -0.36680392775898562618 -0.9116381382695031288 -0.085612090741715080044 -0.93022234448820917407 0.35687106878198904258
-0.84379295352769612126 -6.3192473923389602675 -2.9885859940536980695 0.99911588053208788551 0.0026115065620908768651 0.04195994878532832012 0.038052785394448222778 -0.48048450731179193074 -0.87617727872668205169 0.017872962606013981235 0.87699932626356025267 -0.48015907670360896686
2.0656137688909175232 -5.2690543575130650567 -5.0719530171321700607 -0.39516931545337902199 0.001965342859644838517 0.91860619938659227035 0.88823551825422397688 0.2558357426603030671 0.38155699035543599873 -0.23426240892593519494 0.96671826826892093276 -0.10284412262907993707
-5.0267026271356165523 -7.2865002314564737418 -3.8922686876918022314 -0.99330904317507795476 0.0019729020639685681919 0.11546970340333209681 -0.013250941820660031706 -0.99519760974382331931 -0.096985205578747152311 0.11472383051253579045 -0.097866364077312459346 0.98856492831513465003
4.4346453936084104797 -2.3946605016680675426 -2.8885078149654370705 -0.79076852713580980669 -0.0042524753101273338879 0.61210052519610436139 0.55927069803139017878 0.40143016651729251931 0.72530690589112556399 -0.24879996546441168759 0.9158797616847510481 -0.31506005668968589672
-2.7053354633236663673 -0.14881234971625889596 -7.2942563924664760577 -0.99169480009876631588 0.011040605402298467319 -0.1281387080062438566 -0.021736904094695926049 -0.99636401001437102654 0.082378799143405456729 -0.12676328513232815176 0.084479965555650071707 0.98832899631757775705
3.5504622755994317274 -6.5671126599009070901 -2.5676892821531938083 0.90623566648655007327 0.018285309918162163945 -0.4223772771218042843 -0.42137141677649697646 -0.042215053300485812227 -0.9059050824443825034 -0.034395434455571027854 0.99894120783761142235 -0.030551880017079289381
5.7237275049262299476 -3.3748386937906098559 0.50875352172101895309 -0.91482063714636541185 0.0074470845210080150248 0.40379170717502288479 0.041094485591772735023 0.99635692589407276465 0.074726966195355140621 -0.40176416602917069953 0.084955383319406732601 -0.9117939118792405262
0.92419932965706930172 5.3171895847766688092 -0.11754702625035931551 -0.49237357801670283974 -0.002771109038824330368 0.87037956124080584352 0.39586096707336848599 0.88987005472539804085 0.22677164825158740991 -0.77515311675741671582 0.45620566267606299515 -0.43705152891108378643
7.2008119943227706372 -6.13689241314484768 2.4763009000456692732 0.99994753327098118145 -0.0098235586618843958456 0.0029031707602792857642 0.0090603838568894187744 0.98041076538908999982 0.19675528087824648016 -0.0047791369109181618818 -0.19671865393082402229 0.98044833165548705978
6.1458226788228795812 0.089261807995022590667 -4.8230216990998231452 0.71351487613514330555 -0.013472003325936969878 -0.70051054714424210168 -0.69501960177701538335 0.11277712157196420617 -0.71009089136227843131 0.088567909987925325099 0.9935289759118052233 0.071104847542499044488
-1.7474418424809308181 -4.585485520750236077 0.36123037026173282493 -0.38961779670045243451 -0.0016618046866131524174 0.92097514130371871399 0.6493821717891637979 0.70860936001370367077 0.27599922076583838226 -0.65307026226635644939 0.70559904570951115232 -0.27500767123341163245
0.14671321059421893462 6.3912402005949839889 -1.4484311586669678107 -0.99119292816262527523 0.0030107319629789526527 -0.13239152032310377849 -0.11738524211112809359 -0.48273182177255491432 0.8678655962662473744 -0.061296689102506213276 0.87576305228135864489 0.47883378344041821473
-2.6235975843066556834 -2.6734372467825751052 0.3482282081475266966 0.91454799426627331194 -0.003655997759342260317 -0.40446087556634141569 -0.31917702297661404431 0.60770412989290367722 -0.72720129160704150006 0.24845119075443911072 0.79415510084086426978 0.55460768262000792461
-5.6131425405832668929 0.59670456988825448796 2.0957447321430966447 0.99982276388420243673 -0.00068862068336081327935 0.018814000652261939767 -0.0034299804113831675566 -0.98926846209382879316 0.14606897391614018233 0.018511511374483341497 -0.146107616872198115 -0.98909548994952634082
1.4204560715877301291 -5.5117848801290554306 5.1265395677064962143 -0.9928274137617192352 0.0060643629619429829589 -0.11940247059777106542 0.095689196831833162049 -0.55842953207597512133 -0.8240145844067916503 -0.0716749893103942326 -0.82952979524984482573 0.55384385407810698965
-1.3380843746494435198 -4.260671419957208883 -7.2850554595958643134 -0.98879417864053520404 0.0081566929654295801388 -0.14906220395078234597 -0.14693915409521135507 -0.22950168359527228779 0.96215272291922293579 -0.026362042420433079437 0.973274085541624423 0.2281284662917470174
-2.9197400406300504372 -6.4568214476271998947 -4.2175586421975337359 -0.97793508381944960206 0.0029633757809015672316 -0.2088879849084251672 0.19046131188392656508 -0.39817907544985586821 -0.89731706355636164929 -0.085833912357341238253 -0.9173029174040460143 0.3888288790863129174
7.2648290889438271734 -2.4749665516536505372 3.6887748283197989707 -0.97970325011620051914 -0.0010157512448440188246 0.2004507669254925184 0.12450007512792740649 -0.78681053693057212417 0.60450716312408736552 0.15710274664926240917 0.61719376797278369118 0.77096730136291158342
-1.9825606589404709545 -1.5717876101867813698 -2.6676272775439162643 -0.87873619103962163912 0.0066285421490704437772 0.47726174054314413064 0.017224971406711940547 0.9996926438597200093 0.017830260035246087852 -0.47699686258642537418 0.02388891462296905896 -0.87858028252449638096
-2.3385739558205771438 -1.8653490337663978238 -0.36913940952070301016 -0.9079247252096903642 0.0047121882645695667424 0.41910677474190988212 0.41765034764141362178 0.094211282321697564779 0.90371036366649404314 -0.035226133307907296632 0.99554107377098488563 -0.087504799680414635521
-5.4988528639032043799 -7.1334395993407131442 2.586028134120561095 0.97714764200011960948 0.0044810881803576865096 0.21251448322952626313 0.045569015434359455563 -0.98094937413379224012 -0.18884329540320721197 0.20761972585942181646 0.19421185657711373396 -0.95873656663285278245
-6.6156555312837568295 -6.4459205242487005449 -5.471256159400834207 -0.99995306356081437027 0.0080925561959341342499 0.0053274017701731828794 0.0096715970998252683705 0.80110012110958195297 0.598452217113279894 0.00057522599429198073562 0.59847565238064126536 -0.80114078826543444478
-2.7622503187178395478 1.8308167128783510158 -7.2851546818512700199 0.98386365282452781234 -0.0061491422671781552703 0.17881415128603439513 0.14026470624781767205 -0.59394551788043226104 -0.79218339667717907471 0.11107711209780597728 0.80448176476493316045 -0.58349889916683506108
4.8358733245346980922 -0.040606936244000621516 -1.8996348797466813263 0.80509928667058350271 0.0012600724574064173147 -0.59313872814024948266 -0.25517385244716489501 0.90346336474164301578 -0.34444194517629350694 0.53544508927592449066 0.42866345865607735632 0.72769924802985497259
1.3236716809718473975 -3.1863878402317160621 7.4343807042456049317 0.9501784755622715295 -0.0037947036032529336824 -0.31168327642439958014 -0.032469635598687818234 0.99328112823897385386 -0.11107800434089047659 0.31001062456335609641 0.11566417124085306978 0.94367113559171800219
0.199710987593627598 -1.6924744577504617915 4.6094681282493885632 -0.97249025847064907158 -0.0086598435114469095308 0.23278252574018939991 0.22457477969120762107 -0.30030499311400665752 0.92702916860119533027 0.061877827258845698177 0.9538039202169137365 0.29398846282222301785
-0.91736570097541747515 -5.209428377237236063 5.0214143552597416686 0.94170003027336779411 0.0036827822422518686346 0.33643348539964734734 -0.21770146418869434912 0.7690736701183943369 0.60094239526002490859 -0.25652899538511486632 -0.63914953418249598194 0.72503844551929530482
-4.5696653519987870951 3.6326853741430089606 7.1148571969462981457 -0.99758927514203410425 -0.0029937117050780883906 -0.069330194085420154826 -0.034636875853672241532 -0.84424103540112072075 0.53484330506791089022 -0.060132561501980215379 0.53595532634260778515 0.84210210973025112491
3.3287688482144428548 1.5785801321714303391 -6.4530061949110475439 0.99415621564540801458 0.0048601336645065027625 0.10784154113514399231 0.063744529628387266995 -0.83265265929489029606 -0.55011470068670076383 0.087120915032423210111 0.55377425731967855338 -0.8280966236460035601
-4.8309822667900554904 -1.6767057864068477535 -6.3400094946679796948 0.94672465730396548889 0.0057856644847719329236 -0.32199215726358371148 0.31303425638689336141 -0.25138087086304605755 0.91586964798092429518 -0.075643754408988655991 -0.96787095413115309395 -0.23979958000027165599
7.2336785214739585115 -2.4758549244245253718 5.5468707302531177206 -0.91536982883510409348 0.00094595442813091151768 -0.40261294269891600983 0.23623789015234580857 -0.80849659554657327121 -0.53900363101363735208 -0.32602106636658767513 -0.58850009359366595163 0.7398499200009391874
-2.7105411356851769611 5.0266364341211415834 -2.8036713629405780601 0.83775091794988720828 0.0025302960336752318947 -0.5460466986221395036 -0.22832124565284417361 -0.90675403459152636998 -0.354494752479660169 -0.49602702371712048546 0.42165236671224537446 -0.75905630449149841255
2.7985877124254994186 5.9053094276285067465 -5.8671553070706181643 0.79886534389470809092 -0.0026819396849666280597 0.60150392311563427583 -0.14419164777752735418 0.96997952350860083826 0.19582771173976387669 -0.58397168684371025815 -0.24317181410170651823 0.77449631231603588422
7.3032830191533708586 7.4158888132918203695 -5.8491139186109686321 0.95474396988261056585 0.011684252966600300674 -0.29719931057352561021 -0.22613963843424828015 0.6775698358235566765 -0.69982853722245252914 0.19319631441000797989 0.73536562050088549736 0.64954798766811117083
4.9193282517451297764 -6.3334637924310630552 -6.1912896890084283541 0.93857002209642670376 0.0038381452313268780638 0.34506750392215851386 -0.34370907937104855367 -0.078931559113013263773 0.93575310725316562799 0.030828272410119570562 -0.99687264864531788255 -0.072763589816874751914
-1.3030223389519519639 -2.2125801880448583425 -7.0613530003508957478 0.94925321109174298773 0.0052752287163565399208 -0.3144686203645301048 0.21993864469761101321 -0.72586229590231654552 0.65172917684882458733 -0.2248228942980044498 -0.68781981604882413972 -0.69018734185010077731
-2.2374384344543569725 -0.421404446424924084 -4.0841432023655945827 -0.64812830743179195014 0.0045532660703979732988 -0.76151754075238131669 -0.21112117630867366369 0.95971135499671522684 0.18542374174931300357 0.73168131452128093439 0.28095085488100496329 -0.62105480524829914657
-1.0058584695987324853 -3.648603795004470296 -1.6296232505784113975 0.84163374420107039953 -0.0091283507230671637883 -0.53997158613682039174 0.33121324300012672248 -0.78101043712934903329 0.52945300523874538889 -0.42655647724936590626 -0.62445125534989032179 -0.65430130781504647342
2.5350909662647107545 6.9147027525265798431 -5.5267699513197339201 0.91035323552792835056 0.0025255996647606630823 -0.41382436843448872077 -0.22853425304804278473 0.83673840785264808062 -0.49763534039305074019 0.34500591552564413567 0.54759698517316801603 0.76230470291199137201
-6.5111543094821291433 1.0778347976259554653 -3.1703191155001451129 0.97663630401951440074 -0.012540319538211011641 0.21453267829616151641 0.015252145586562076626 -0.99173355012202102365 -0.12740462164717986093 0.21435694932993556994 0.12770006244296069897 -0.96837172218417844061
3.2172844302510985592 -3.9466735014154532557 -5.2577680952325289709 -0.85141320087133764982 -0.0011476092153979771879 0.52449427487354660649 0.20162613181270283569 0.92244030906685092752 0.32931865902048401695 -0.48419259014602417102 0.38613800538389553285 -0.78514646814833799482
-2.6112085487084160107 -6.160448813336522278 -6.2515741859569029515 0.931686864660995262 -0.0099792619077662264582 0.36312532347662601628 0.36322368825951428795 0.010994762023434641318 -0.93163709001686179079 0.0053045740080358968691 0.9998897586933868098 0.013868379673506462529
1.848929455867481586 -0.043137757231773370126 -5.9673593835738127922 -0.41741502111805611763 0.0033327211103672763765 -0.90870985089580635918 -0.90176896922880911411 0.12189494039031656403 0.41467378702219104269 0.11214912519094312471 0.99253741313725252216 -0.047875434636817176814
-2.871452146233772762 3.7192224267954703265 1.0738102069787878179 0.90442473142862600533 0.0093340706265230086874 -0.42653110121742177085 -0.14680567463822513652 0.94551614614604062581 -0.2905981955744885159 0.40057957895309337371 0.32544138105452719012 0.85651848107504513496
6.950394345622513903 -1.4090654132269984089 2.0102455143520572278 -0.43979868580054953808 0.0018259206209081547262 0.89809452842220038882 0.2055686331111346854 -0.97324473769653385702 0.10264607945194120786 0.87425319733409545542 0.22976367545792358849 0.42765640459502984871
5.1709092660794517826 -0.77453813316238750986 7.4379719533201233972 0.97567195018016816821 0.0019677980197690949846 -0.21922676251453096508 0.21392607545273770175 0.21019261604325462089 0.95396787073901134768 0.047957062806623845796 -0.97765801379202943444 0.20465807630067567313
4.6764115095372389419 -6.7902451950184561369 -3.8740558415557599936 -0.99690008013393494046 -0.01634077885758424345 0.076962388057208216963 0.024720423437687082807 0.86360237583218779633 0.50356711282822252951 -0.074693580006605919674 0.50390863795275242509 -0.86052132669818259814
3.4415894515355467398 0.73871316111837526108 5.5904895968172718668 -0.86559252130228148125 0.0047892178831585629009 -0.500726123202698159 0.26829059486382750288 0.8487554198105692338 -0.45566917171319742952 0.42281171196306543969 -0.5287639366808730701 -0.73596124591764611189
6.7891948949372293853 2.8479655385173017201 -4.5047061080937922384 -0.92378756259915417726 -0.0071605620622793393279 0.38283843268145478778 0.22779961404558551896 -0.81391892704542145864 0.53445609364831203614 0.30777244033172729276 0.58093433927437554409 0.75351935504279310418
3.1744543155695388315 0.19156615229125886768 4.3174343249134317091 0.99977558065107308138 -0.008596769589108580259 -0.019361918458254828712 0.0069395081229715327442 -0.73063394366398970448 0.68273412364774577199 -0.020015782791714235161 -0.68271526709070151639 -0.73041031791773769477
4.8515069189975283948 -5.5844357051191551022 7.1369282222063521459 -0.93948676524978436131 -0.017614009865124458099 -0.342132086447721806 -0.33437813594075538326 -0.17014013906077574134 0.92695393374493850747 -0.074537776498856359031 0.98526244206142032933 0.15395466910016661344
-2.2446876485243283383 5.4224696677504455877 -4.918521041669671412 0.98876855547518882616 -0.015825406899818737078 -0.14861460291613814988 0.14659512531455651252 -0.090895538301806036441 0.98501160924674646679 -0.029096613848940015845 -0.9957346823393184998 -0.087554722598207943007
1.645152167126384235 -7.3547239773809112151 -6.2813925717859389053 -0.97926387918130763932 -0.0096427633468925792737 -0.20235926478872820478 0.20234290551359296328 -0.095761372536211780693 -0.97462152044687788699 -0.0099801562671742345689 -0.99535761244138665216 0.095726797898279702981
3.5574148166504269142 -2.8102628507511910882 6.7887827582789368464 0.8965303753022231259 0.004980398584887992669 0.44295426602583531928 0.44178994838188417882 -0.083368253832269076375 -0.89323646128083611373 0.032479650078365930599 0.99650636218892996165 -0.076942461930292901928
-2.4080375934406252902 -4.5467517601469102928 5.7113222391163160907 -0.013294627207328334889 0.012744482704652585967 0.99983040114216314986 -0.88777672533019491574 -0.46023605223279479004 -0.0059381973103928165775 0.46008231747105410303 -0.88770510553097492501 0.017432921863404469975
-4.672198835054182986 4.1187083829806887536 -4.1163338550497972079 0.99396841988257889078 0.0029594574199577478035 0.1096267389273827414 0.054335709038086030254 0.85502320919863739057 -0.51573534148345800965 -0.095259702914748098368 0.51858128904109701551 0.84970526399284540542
-0.92175647326046772356 -1.8127380671897581621 0.11697610130860520983 0.93232468239639887386 -0.0025722499226745435159 -0.36161314982268966123 0.30621876104320772116 -0.52629550417420944974 0.79324845582660219456 -0.19235580828113657548 -0.85029784535557362268 -0.48989061759144325592
5.3810110183979791287 3.7565664310290114436 -4.6241984565973837107 -0.98631461898646610731 0.01527934485550053699 -0.16416459421621579229 -0.12635702293143794006 0.56956622762625852552 0.81217499044443564049 0.10591211039958565998 0.82180341564649361796 -0.55984084426045999106
1.9616604462406836973 1.8497917974797970508 2.6544941671138264638 -0.61518502337879454878 -0.0048924404130100372645 -0.78836758624216340952 0.0049030777184186687817 0.99993766341729106717 -0.010031406102766718402 0.78836752015753097655 -0.010036598343890600765 -0.61512268683117421464
-0.9774932926022175117 -7.4515962663791572851 -3.4855004305010726107 -0.94777451375539090161 0.0021815749278683554263 -0.31893371067773623739 -0.15359263514806675843 0.8732649570692417873 0.46240417081087376028 0.27952240250848531256 0.48724075720920850818 -0.82732319622387273661
1.4920465880253275248 -6.8815183346950936638 -2.049282313194708216 0.8137639042987848681 8.90381731977083965e-05 0.58119557821155787281 -0.57690289166163122303 -0.12119149510994872698 0.80777204402314406462 0.070507883621906311533 -0.99262914201890894983 -0.098569897848915566385
-0.55537538573106381978 -6.3716512346590796767 -1.9502647147674028183 -0.99965527817334332017 0.0064392495097557326048 -0.025453111519916377797 0.017569944246885103173 -0.55631257557184610185 -0.83078734662963615865 -0.019509533040501899487 -0.83094816584817543514 0.55600766522969380379
-5.4479359191027389997 0.99103365073031635113 -0.2314597036441493616 0.99974155743588322132 -0.0012780181632296794617 -0.022697687221861689855 0.012711318869725927658 0.85918634263866511258 0.5115048885355000241 0.018847830332398327058 -0.51166121144042342461 0.85898053761364367986
6.0367732720367834887 -6.848291935580209433 -6.7744359975246606353 -0.82200624576823444478 0.012004332379946514725 -0.56935193678610152013 -0.15659897619595503082 -0.96599924383075408407 0.20572365341093259983 -0.54752396529501745626 0.25826605840196986685 0.79593727799688995805
-3.0878387781715415095 2.5136391604963552737 -5.0259527540448676319 0.83166898549996004508 -0.0014075734626100289137 -0.55526994992919265215 -0.4883265292388220824 0.47415964960714668264 -0.73260482357545630983 0.26431780000409949016 0.88043775783498245957 0.39365651929016387545
4.9822994854536659659 -0.43888483419268475849 2.7446844673555119698 0.98552079612930132413 -0.0079709284956138992673 0.16936712991476796097 -0.16557170811836516289 -0.26047714349564687897 0.9511769904634536088 0.036534502424613000959 -0.96544710990047788446 -0.25802540207762136859
4.9820174797266361111 6.5307652146983805608 -5.3036429656114272291 0.93076580881891946007 0.0034645037554793889703 0.36559951633913373437 0.28191966619715475018 0.62990717450003752553 -0.72369762561773764986 -0.2328010114775585504 0.77666269945659094365 0.58531934901205684429
7.1986169565452211572 6.6986149172105893257 3.6614863407636653037 0.99991306924350364937 -0.010552043589163808551 -0.0079062211026177664497 0.0036433260348493852129 0.79738765150520851677 -0.60345642709512248292 0.012672021600147579529 0.60337516323019524389 0.79735677852854847103
-4.9473789616009193892 -4.7973212409632326469 5.8218293945915045029 0.9490076767649955336 0.0030030185566844568718 -0.3152386577192475281 -0.10712051185700655065 0.94352957207592336175 -0.31349185405304752505 0.29649557396453113389 0.33127470247165191619 0.89573849203986810608
0.37886409207273230582 -1.8763520724782569715 -1.3315998226858800635 0.96198313487980646741 -0.0078760270130830509899 -0.27299526810052898718 -0.24050134276947884859 -0.49808166776579532176 -0.83311089079534705881 -0.12941233454686967841 0.86709435497776732316 -0.48104035925579879951
-7.117407248249476126 5.0843879293882725534 1.7958682130099949958 -0.98016194092420982908 0.0012243348666470740826 0.1981945270882899679 -0.11880469648808995864 0.79678750758931315978 -0.59246528323773672842 -0.15864429916004804677 -0.60425836258482978902 -0.78083533321077436273
2.0410144297757808474 -1.877499209601678265 1.4284993585910876757 0.97311719611233238325 0.0098449079646010691225 -0.23009997917736904616 0.18216000596307652115 -0.64424486074888920317 0.74280972774063325215 -0.14092783563863153784 -0.76475593308295342077 -0.62871910099538097505
-1.6978597911773900542 -3.5056181840646836179 5.2808982226741747468 0.99970005856832133695 -0.0038916835235488986267 0.024179489196635095549 -0.0021039837643099315589 -0.9972911792399364872 -0.073524669754396101973 0.024400126040178250764 0.073451743406899555611 -0.99700023833482098734
-1.5023886473087033622 4.8485754743647841991 -0.34848776618951721185 -0.96400537510786277196 0.0028098205546019765222 0.26586790267283522127 0.11283455385355255218 -0.90111163326644505567 0.41864804770670177581 0.24075298590022456424 0.43357805444975211495 0.86835941319229992263
-5.1862279433964193487 -2.6413016457823141891 5.8079204036231457664 -0.89919628363733927756 0.0017596725778018587616 -0.43754193747009850757 0.28207622884835320543 0.76677884442632149309 -0.57661356631525595429 0.33448325012082241736 -0.64190895561024563509 -0.68998104908475887953
-0.49750274117875475932 -5.098655104870789323 7.3624206318984057873 0.94763223854029421389 -0.014528441840699226825 0.31903301530859545787 0.15510020979211830428 0.89418248550610568426 -0.41997810363937015943 -0.2791721071340778626 0.44746687809463392416 0.84960951478110968704
-6.4552555159939659646 -6.870818974147952396 6.0604004891218767881 -0.92894317201819198715 -0.0032369427411823377579 -0.37020819191692261318 0.040064162834511855837 0.99321042174178741924 -0.10921502185966350251 0.36804815719827971288 -0.11628663012193957149 -0.92250635425329940986
3.2999092585705316338 5.7427475099410871806 2.2637471735339729229 0.99987942436185117678 -0.0067384049752751513582 -0.013990376553359022346 0.0022268649165757322533 0.95385258837615938265 -0.30026701570577485345 0.015368077640363516506 0.30019965614009158639 0.95375258250932992699
-3.6401872398682617593 -3.7395515491765554117 5.2900256068679354371 0.52289244330828799079 0.0028748214855524034661 0.85239382220467774243 0.36117282409783602048 0.90504388385838108189 -0.22461023891113746087 -0.77209952976567219896 0.4253084806254860406 0.47220230033718529894
-1.4123962662854072647 -0.83313255179309586573 0.35400402679931852745 -0.96211594209528183974 -0.0076917917053955613127 0.27253210876210881564 0.24785655165885706053 0.39174454226219557196 0.88606057547297312205 -0.11357835958367674956 0.92004187401890769049 -0.37499720837116479188
-2.2629940792907192737 -6.9634934712512253085 -1.6231033060397856982 0.93472927106981396062 -0.0020960800697288309476 0.35535446564482664478 -0.35297538558574553802 -0.12114381301190257911 0.92775673198283425958 0.041104342543635367935 -0.99263275334696521313 -0.11397653270210000853
-2.2694184409337125885 -3.2170729086322631396 -6.1200336236100607579 0.97759546528222229789 0.0066112169720801122058 -0.21038868332142224293 -0.14791964839084351113 0.73268164743772778991 -0.66430217606737729241 0.14975608127716152906 0.68053941496299008573 0.71724418492060626473
-3.3042401984426832406 -0.23619851796887936235 -3.1828115982872566825 -0.93961071057959022479 0.0010084307186119523259 -0.34224362029357141557 -0.31802279703151720147 0.36693952371824095637 0.87419499340920303609 0.12646427611159427595 0.93024425233420193759 -0.34445960266284103568
3.1641176151362242486 3.8099901797724804453 -2.8945509714772308385 -0.98443473409340009894 0.0080036428987954964104 0.17556820899810698933 0.061630527813557996197 0.95124821136370629748 0.30220608600547160805 -0.16459019518748291278 0.30832252930605347219 -0.93693504874699418128
3.5287531656131485569 -7.1615315277077247202 0.040826094587593335372 -0.96147392532746045468 0.014939182127723389659 -0.27448991193270971811 0.065264531413665546888 -0.95756752716969795181 -0.28072223255277817255 -0.26703638676181506995 -0.28782156233923456012 0.91970121039266461427
-7.3578358103612444552 6.3263042721091782283 -6.1961714239699698936 0.85904770371221628178 -0.0065128006671835349944 0.51185410633699390814 0.40031742954343763063 -0.61464366853524388112 -0.67967574352273807392 0.31903447830968628685 0.78877800689230126441 -0.5254010444343267805
3.6432466217037697831 -3.7255159011618381726 -3.7885041105715324683 -0.85703682431834526945 0.016419561777321699247 0.51499347544739737526 0.2423202701584298846 -0.86921860519945104429 0.43097552487979001734 0.45471833967045122149 0.49415525330225174017 0.74097356039277817441
4.7642799999110350129 1.6602763145303884862 2.7673541276197997085 0.95076676950064786809 -0.0014727665308084010587 -0.30990382535881011439 0.17223658245114370491 -0.82881689664242874649 0.53235055321255875249 -0.25763755486897593761 -0.55951799148809466811 -0.78775789905423321269
-5.2200031243503550726 3.0662573470166796241 -3.7649921241769201963 -0.91852258219986837595 -0.0087824540261591810264 0.39527096337839906504 0.37318480634420447828 -0.3494341477021118969 0.85943520799036576818 0.13057322199686896558 0.9369197643986432178 0.32424063406118380781
-6.6878220524903042588 6.4843235623558186376 -7.0443557413852904148 -0.64040276601548573598 -0.0002715021088637139049 -0.76803920705029316007 0.10821978134114808301 0.98999130774688781642 -0.090585261009620235417 0.76037673307793796074 -0.14112808675924645718 -0.63396378991350887944
-4.7574475476201367741 -7.3009722819525793014 4.7771520720099971413 0.93850324225057335514 -0.0070326784404353371791 -0.34519879159574640148 -0.33215995383360796822 -0.29128285994531372127 -0.89711986967810142257 -0.094241335699725023445 0.9566111210602377124 -0.27570588261686546083
-1.7983395594658651007 2.8218925079258916355 2.8833129052179393703 0.86506422189777543164 -0.0039390262149248331247 -0.50164566784225672613 0.18662232921939087005 -0.92567375672010288046 0.32908996088646358391 -0.46565652387695438685 -0.37830223392424550122 -0.80003213784126070429
3.8489876917144463242 -5.130598473298924489 -1.9225844671284491039 -0.97682665550936853549 0.0033247559483370074315 0.21400614730519179618 0.10265714771152630036 -0.87008447169198355198 0.48209389349396808422 0.18780627015690951054 0.49289142629820781316 0.84958039453095590687
4.0233071991341518014 -6.3288113820251661323 7.2081421915285872615 0.83629332546101742274 0.0065079442980264306726 0.54824366886483733019 -0.54618404723441904558 -0.077508064698168108175 0.83407163148821183984 0.047921397475041843661 -0.99697048430112467088 -0.061264941820664983729
-4.1507624516236552026 1.8803815370306831145 0.38164933061139827419 0.99610439599389044574 -0.0039995540292277415376 0.088091065659038653157 0.02446807617104710536 -0.94720875297618034594 -0.31968248549729666452 0.084719215824152496741 0.32059254803071318696 -0.94342094137096310646
6.9116867963043073786 -1.8004043145783528157 -5.0278125738835468539 -0.84208396400689444761 0.00081559298526223764775 0.53934583744618525003 0.53709839154807026418 0.092475835710514070476 0.83843517197582262401 -0.049192635210021901093 0.99571459496071867967 -0.078310471990520977292
-2.7394536888499030347 -7.1873236963287245871 -7.2035471035528315653 -0.97003754879410619694 0.001733048127303163724 0.2429488639069613265 -0.22789709885475448181 0.34007715414410971677 -0.91236530050353781274 -0.084202531215476231208 -0.94039594095965972631 -0.32949265236640618015
-5.3856184669409996602 3.0042651598051111073 -5.7802719502271280305 -0.98205538361797106717 0.0099842260300321752226 0.18832827386676856407 -0.18848021190773053823 -0.086451662615694938041 -0.97826444264842560283 0.0065140790807714449642 -0.99620601547150167132 0.086782149732319638358
-7.3355477005234206445 -6.5532507289707719877 -3.6760571353299442698 -0.97885164363648258234 0.0017546896125162341623 -0.2045638795452481562 0.19538079918412393221 -0.28833821913860385733 -0.93738328057106778957 -0.060628401433506527718 -0.95752701917407367915 0.28189750706815525083
-6.9190683929204768177 -6.5618752134515334618 7.0708911539138226132 0.99983478190474128766 0.00064377834301625625618 -0.018165749171640037385 -0.0039729778307307263285 -0.96746931000251124022 -0.25295720912941510594 -0.017737653189741468124 0.25298758813984922877 -0.967306908848727387
-1.0154724268581982738 0.018088513551079900971 4.1821800068730494715 0.97663835934233089731 -0.0015776762149307180499 0.21488374996486769852 0.028112093282775283548 0.99231729201353058301 -0.1204827879088953696 -0.21304277803403856573 0.12370894433627185882 0.96917948379996421426
1.0832649240694141035 1.1279593950610562469 6.5103698800331715191 0.18099891469516715681 -0.0015893067153449264885 -0.9834820115199152113 0.98302260390822515657 0.030896857547795926469 0.18086443652403266791 0.030099054547207224064 -0.99952131457896975508 0.0071546221093825423248
-5.099978564634771061 4.3345449777545832504 5.0424790391367810827 -0.99798759789360080852 0.0016955051560877528946 -0.063386747138260465806 0.043245330494414570277 -0.71288975774158269694 -0.69994145090679527055 -0.046374517150391730835 -0.70127406808561865148 0.71138181421066970511
-6.4190705926737665621 3.7360590707566472268 -1.5258203973450423785 0.99883471071647411677 -0.0024379681394918160942 -0.048200383601690585667 0.033540257455889795069 0.75319371307755911271 0.65694313430481077187 0.034702619465830517043 -0.65779425878599784294 0.7523977945943356449
5.5310878511528747126 -3.164381059162164167 -4.1104739996662003065 0.92404376447063540922 0.0091553446441982981596 -0.38217705452779116015 -0.091634428179815333171 0.97587289206576011136 -0.19817979236927066311 0.37114182318254684834 0.21814737723797655855 0.90258820560049579651
