1125 14.717824617146108679 14.977075390850430381 15.033177056927090831
-1.3116180642905514997 4.1261275920800342121 -7.3213500168136498303 0.97455013574109561336 0.01123658200837944314 -0.22388785619535470084 -0.11441889305191142723 0.88378242818783625534 -0.45369255728877011524 0.19277019956352656194 0.46776314396419210739 0.86257596263107494394
7.2045939242813012982 -5.2726556846889600649 -5.4901013988742723981 -0.91445965044061305882 0.00024029759662454598483 -0.4046770193290587514 0.22208322881935779747 -0.83566131098312457226 -0.50234371978066350017 -0.33829364048583265845 -0.54924504147336650206 0.76412518426235009894
0.94384042778376364691 5.4039221163454769226 -3.3296184135417927763 0.99815814159982130249 0.0039946487908772091574 -0.060534016378790460322 -0.0094271174986221874248 -0.97549516952284409665 -0.21981879740663742839 -0.05992873946257594453 0.21998458359319170152 -0.9736607875270779644
-1.6311073986892175025 5.0283740587274143863 -5.8380141958975588778 -0.77405202327357391923 -0.0096180346932388267184 -0.63304893860957556218 -0.21855021767152382761 -0.93436374530380639225 0.2814252899393864249 -0.59420473544208296524 0.35619079840771755707 0.72114412395017057911
7.1648708879854936526 -0.49818013281701489792 7.1799819857544759927 0.8474714632666494607 -0.0014026941114521542658 0.53083910123309840934 -0.5098808636804458283 -0.28037710467544207926 0.81327128562755979235 0.14769435940883565705 -0.95988890587559438927 -0.23832680205074788238
-2.3334935924340340918 -4.4956238789646940646 -0.66540156265510841394 -0.99615764325740918661 0.0010510244885402336701 0.087571942580523351451 0.072457285520337130769 -0.55176523842647373641 0.83084599261183822438 0.049192393261818165295 0.83399881115721397062 0.5495690051608649318
-2.0052596627502206061 0.52198881447825906665 -1.5037105392196910003 0.99081563861842580909 -0.0058627129101698552405 -0.13509255666556102549 0.11857874563249057309 -0.44248712787259508739 0.88890056966526331816 -0.064988086241538220444 -0.89675569151493894626 -0.43772797304073213231
5.1471666216517517611 7.3459982129494552083 6.9058756098573113036 -0.94394845490469081462 -0.0091639804145867490015 0.32996565873758176846 0.32483418759208715354 0.15193002466738267375 0.93348809214473071894 -0.058686157265029299801 0.98834876894108047996 -0.14043733790530857353
3.8456658143233051206 3.588691972955284637 4.0993633360310841596 0.96591583470679465151 -0.0053811594549153917572 -0.25880039293963180702 0.23596499521612093742 0.42936576722782859861 0.87176003519637956796 0.10642894951755277333 -0.9031146555425613176 0.4160009587113575602
2.1971329665016630095 -6.981181132352457297 -1.0476306861293149808 -0.72140318443448681052 -0.012061136461675048964 0.69241026456502841047 -0.38384019709199579395 -0.82524694710162749267 -0.41428755640975140073 0.57640623572631732863 -0.56464325488471878156 0.59070622658739524447
3.6058999815496677321 -5.7407406424948552726 -4.1718526583815824793 -0.99424982154697805203 0.0047928256462747894501 0.10697813410290020475 0.10018103188198480835 0.39453893674649781476 0.91340176715511067762 -0.03782926386911819594 0.9188667238578673846 -0.39275041767238738633
2.3782258216736424927 -3.3926539888145921253 2.4596795154672483896 0.80447571969047870777 -0.014232571508479929454 -0.5938149967260437645 0.4503806622343443089 -0.63717822753985053907 0.62542878526203737888 -0.38726744701021598161 -0.77058506360898781917 -0.50618433818994090778
-6.4427285039989756754 -7.1667797421600125674 2.2885873659055850915 -0.95362283784526191699 0.0080646697034286833616 -0.30089606883873454279 0.22096560263655723455 -0.66004696642116511551 -0.71799178586515122191 -0.2043959040477720257 -0.75118104556816445161 0.62765384662856327225
3.8988057064510672767 -6.0662187574840285009 7.4400282796081871339 0.95079380707219007807 -0.022351826095402340527 0.30901704209228608722 0.20221470223461296412 0.8004329250527719708 -0.56428392382890257828 -0.23473463875927391697 0.59900544935896615772 0.76556653597516655108
-3.3620414959637607843 -2.419219899120488293 -4.6677907489606669245 0.90829888589967044954 -0.0086656216014350754412 -0.41823204190462986984 -0.14651484669836845054 -0.94304743416735004047 -0.29865521359475727392 -0.39182462093446479567 0.3325454012802424586 -0.8578385760251430181
3.5154680728021303615 2.8455592463179701923 6.1416912202696734013 0.95716213190180476911 -0.0058192216576237690978 0.28949402396696993778 0.28815592864856509614 0.11722160302059717041 -0.95038163732782598991 -0.028404472147421776229 0.99308873341934467138 0.11387692267291023296
-5.7828882366367846402 -1.0519549945418764647 6.1516969076961371954 -0.92923170938905552685 -0.0019527005552577359794 0.36949237776500404307 0.2094277852336605128 -0.82663365509414177268 0.52231867957965438798 0.30441490278567606698 0.56273704980771399597 0.76854315411421936233
6.3691367883501328606 -1.2556851291024417883 2.9891177805272919343 0.51534740257599909175 0.014515195053762643476 -0.85685842691242231073 -0.38258052513832363495 -0.8907944110763211798 -0.245188619189787127 -0.76684365840968771177 0.4541746649780591949 -0.45351535503123174831
3.6376164355913500614 -5.0343754307887369492 3.4272821227927297016 0.73304297123248052248 0.0084093963744599087989 0.68013034366890789961 -0.62276126468881121134 -0.39380754474860352188 0.67607989535434531714 0.27352588457012855239 -0.91915444825762870895 -0.28344080637487206742
7.3004808582363009961 5.5264493730194983456 5.805784055995543369 0.93710487047282797768 -0.0019521570722920685362 0.34904247709794039567 -0.21026862734407192335 0.79501999097111830661 0.56897303829877488024 -0.27860647173172675695 -0.60658008790192941007 0.74460662827451606915
5.1842360417359705238 5.1737793641643277098 5.0223641426291960599 0.69188128122620751181 0.013324945584473557592 0.72188831443234047214 0.19574727576707301457 -0.96584516793524333167 -0.16978255389112920093 0.6949699969916105502 0.25877704187431554983 -0.67085851405510954493
1.3054823602250649195 -2.359300427625535157 3.8144557048382941034 -0.56012445531581356306 -0.0090046160626079847777 0.82835953030456055401 -0.7428649578346475657 -0.43707691857792607681 -0.50706550037233111272 0.36662276112961311725 -0.89937905475719537307 0.23812825721789493416
-6.3249418720626024992 -1.9623626764371231435 5.4623440428555944948 -0.9554312781396991916 0.0023812949271241655794 0.29520400096683813151 -0.17232162386957911027 -0.81642835707673722112 -0.55113518823232943156 0.23970050208396592728 -0.57744183013997751885 0.7804515373201007522
-4.3107203454718359126 3.2273541662698415067 0.30812873585462458026 -0.96331860336978336612 0.011794160051568466224 -0.26810103727977818711 0.14249317860783861089 -0.82408753407949830727 -0.5482475993791268154 -0.22740484263100577134 -0.56633968072478857447 0.79217826502913890607
2.0790217649278210921 -1.9882749678487248168 1.2045339588171501966 0.79729493278110763477 0.0025852559077871508503 -0.60358438234715861004 0.025884364568267245743 0.99892444735536811695 0.038470094184999630016 0.60303465060679706244 -0.046295409357778462278 0.79637048240125296594
-3.3684718579165173757 6.0975683575052732621 4.3625887277252157759 0.85287710914305159271 0.0096405436571148674096 0.52202269741619589105 -0.012918632181589718294 0.99991306508222932425 0.0026403068654508136948 -0.52195186142234684112 -0.0089956765050032260617 0.85292750697929664572
6.5659099980884159109 4.1608634553665533318 5.2943317928546136386 0.86956170081851080766 0.00441351084792705739 -0.49380458624012735225 -0.13749728985705966799 -0.95825323178599242091 -0.25068952721189946553 -0.47429626158309751149 0.28588680398674998218 -0.83265346426625319598
3.4700569295475358622 -2.3676633172868277732 -2.0623710257912737376 -0.91721147266993929836 -0.0036583121441585691319 0.39838389921630862345 -0.34036039245594162939 0.52692609080136920685 -0.7787834731682052869 -0.20706983761470951211 -0.84990323660113475945 -0.48454780028934074654
-4.7188282499870464193 6.7848264713605965781 0.45939830891158511816 0.72893528129996310039 0.015462112883660266566 0.68440797682482756858 -0.33247614577223050247 -0.86592748948284736787 0.37366990171847752622 0.59842540735556748466 -0.49993050119292925526 -0.62606431443448573582
3.4713961587824346822 -5.988689264801128509 2.3449799359648402231 0.56645291452767387863 -0.002932306386184569541 -0.8240888891389596127 0.72590986669172807844 -0.47160221326471052361 0.50064580082460208299 -0.39011019092378385054 -0.8818065286802347913 -0.26501185806365018527
5.0131153424574312893 4.1821635994276844528 4.4898758549590231937 -0.86894239241630177872 -0.0010060643110715514204 0.49491222100120685345 -0.47179059630875042064 0.3037732947633194347 -0.82772907320163435774 -0.14950836731241423649 -0.95274381300700716757 -0.26443614518498731458
-0.92493355007642075183 -3.5158640026303600301 -1.8977137902821568094 0.98862119868854336779 0.0024546981290197601028 -0.15040644919993825801 -0.13018314731837932197 0.51492976327449568874 -0.84728961226275456564 0.075368917055556497453 0.85722885704529228068 0.50939004013697630757
-3.8889168897558521465 -7.2271866512613929245 3.7832538049079036391 0.98950034813791543087 -0.0022654385296506079212 -0.14451272893181296708 -0.08843542433134116143 0.78136263862633781319 -0.6177795745103664693 0.1143163888441327547 0.62407314855489848249 0.77295825792509309515
1.2499666839344145686 4.5203502948778329085 -7.024820898954909687 -0.83728442346310261168 -0.01125374758521018384 -0.54665176062230025344 0.50666888059552417367 0.35984599963744073881 -0.78345229719561393367 0.20552722365235498447 -0.93294384059828439071 -0.29559152665043680885
-1.8928881736215230625 -3.8697142569747673413 -3.8774194956398493339 0.94404728355134104323 0.00044620602506952652261 -0.32980983508623828993 -0.30815887312155276767 0.35754358278920350678 -0.88158986797869853813 0.11752801936514627179 0.93389634719621472669 0.33767555042924224384
5.3976829078875248058 1.8425522455536749167 -1.5689847847964337735 -0.98690018225657527573 -0.0042458861677846437485 -0.1612761690777456125 -0.015368078970391843563 0.99758199004898473472 0.06777901798172955572 0.16059841970115193432 0.06936963010178484601 -0.98457909890918116069
6.3824474592142310669 -7.1927385828146022106 5.8211454439769294567 0.72447930753628120293 -0.01252526850738790859 0.68918274107854460286 0.51186525938632942978 -0.65985895488692447586 -0.55007282780443211845 0.46165321312106599727 0.75128508390907955405 -0.47164290889468268864
1.0230676768534880949 -6.6834255756258666992 -6.0176169645313493106 0.9690039830721168812 0.0018301890103896963427 0.24703831929179889682 -0.22385899101983694481 -0.41644794444750965479 0.8811686908334066537 0.10449130552311933218 -0.90915772007592943194 -0.4031300126466457745
4.399070141231429254 4.7650281602564170669 -5.5694095504398948293 -0.94925613180792189905 -0.0092269412445133112965 -0.31436866857291539956 0.25855165459827983421 -0.59200254508249350316 -0.76333742769529044914 -0.17906378229426819781 -0.80588327329148445877 0.56434768689110703654
-3.7248545713673024693 -6.8566936855267739404 5.2606389424117505627 -0.98216661153519901895 -0.014565396349176831098 0.18744758311275327989 -0.081715856681890922109 0.93097307591608879918 -0.35582530922633909265 -0.16932591636364141552 -0.3647971780983070289 -0.91556089524359152154
-6.7120779249977591263 -3.4861742890228222258 -7.302976122620534305 -0.96903125685317648141 -0.012126571427083922966 0.24664016199132152152 -0.24650307277009642082 -0.011756879757189003799 -0.96907069447647475879 0.014651223722259619844 -0.99985735084742699552 0.0084035468488729073155
-3.5824222596639563321 -6.6513027652613985197 -0.30823598676048791223 0.77543886437521580834 0.0089575362624081736329 -0.63135911346914541653 0.53246226241317207162 -0.54670645100600590016 0.64621667847115593641 -0.33937959090429664633 -0.83727642924700951266 -0.42870697953864189689
1.6147086219590627287 6.2207805180581239313 7.4374483577233192477 0.91706451441960290527 0.010099949715912773934 0.39861092233927003514 -0.12631350528662418919 -0.94083532861342566989 0.31444201820832501371 0.37820308668043695066 -0.33871355958756871329 -0.86153093373193989635
-1.3149891552795904826 -1.2061740488118535275 -7.2202095055666806189 -0.91258301296296318039 0.0095338303002678245757 0.40878032062625047072 0.088214164116771923152 -0.97159490982222584954 0.21959415396758383276 0.39926245215478295414 0.23645810894817126391 0.88581999131422983762
-5.173688589779644964 -3.1118723766197389224 -3.5676742085892181322 0.97027613337184814846 0.0076803237279874691026 -0.24187855968742824619 0.19931219989098516998 0.54152009534539269353 0.81671943365617682975 0.13725477034933300513 -0.84065272197537888044 0.52389324203671794322
3.920937671103646327 4.5300854802129979504 0.61332153051170434921 -0.99585480659490821509 -0.011523911830110193655 -0.090224185438713994101 0.040445754410730977435 0.83237331562344873959 -0.55273755471134045081 0.081469903228660156547 -0.55409553589091598003 -0.82845687393717437619
4.3687281592296152155 -6.7617695172699416872 0.049432742921426589544 -0.8557694772067453437 0.0054437265407831234368 0.51732868441897816858 0.32561505311066207824 -0.77138626987158132042 0.54675228380071427825 0.40203661409011065553 0.63634392312246523815 0.6583562655857360113
2.0510172240517690057 0.51856503166534284599 1.9468957963684629942 -0.97497888249266406735 -0.0034908828985829145133 0.22227008892329175316 0.083108773737654059732 0.92164552443492231415 0.37902830899131861875 -0.20617737611377062734 0.38801719166239689862 -0.89829480047098042572
-4.7859729993329764852 2.5906322433677320127 3.6182092127658171954 -0.87591083343152875695 0.0062171452392100687301 0.4824329580183125965 -0.2604498986099613167 0.83561586605777637971 -0.48364447139045352309 -0.40613552195206403805 -0.54927904702210106347 -0.73030573482012206554
-5.3252185859983001137 1.8494026364782141236 3.0774504691628807862 -0.62015274186555102709 4.2899589137467865341e-06 0.78448108755931689196 -0.29615424428172865134 -0.92600429904966630179 -0.23411258346262492358 0.72643185526966891352 -0.37751296417893404067 0.57426537552444500978
-0.70693920233124707408 -0.48271209110170326673 7.1501777961126071759 -0.90852117063218706949 0.0095200051834211096846 -0.41773035802316932363 -0.19134199615852651166 0.87927711964979859971 0.43618801836640602732 0.37145325818877755752 0.47621540962222380644 -0.79702030125920031445
-5.0253506168210249072 5.5079307513862429957 5.6479480383011937406 -0.72010973441387826632 0.007049295911658856606 0.6938243854389345433 -0.62738078617149395377 -0.43372548522130149884 -0.64674226134723833415 0.29637024065396155859 -0.90101748645450041586 0.31675253678218334707
-2.2919385050073772803 -0.71429346447807839926 5.3297397376782544853 -0.89694094878708607865 0.0016792731990780888733 -0.44214716377071316966 0.39888855893500446692 0.43448025273967544324 -0.807536270101950171 0.19074813744754723355 -0.90067979327885627772 -0.39037297298800155421
2.926697399178538106 -1.3263984440089622296 -1.7999763447077588019 -0.73049623567996968543 0.0076444014934115081528 0.68287393623052794478 -0.65023604198734741288 0.29784048644764826719 -0.69891640010334532551 -0.20873030292217503723 -0.95458504480136752157 -0.21260068881264376772
-5.5275713548955174304 -2.4196223393531943735 -1.8555538165617868618 -0.89493902084602516833 -0.0079606040977092829697 0.44611744838040434669 -0.052229566200249356867 -0.99109805818210194861 -0.12246106108607364427 0.44312100083567995679 -0.13289570290333219127 0.88655654685313456387
2.5937790788789940599 -3.1689901253288614846 -2.894907323036853608 -0.97879454246538788453 0.00069698146281969896101 -0.20484325191886282314 0.0063361701024895172168 0.99961873008387547301 -0.026874661186845845429 0.20474642020873856652 -0.027602693388794272145 -0.97842577374545436353
-3.365125567648640903 1.9709382998873605786 7.3914338846778004921 0.99799633398971998588 -0.004069573112287975733 -0.063140762726197993682 -0.05571566481445380109 -0.52944623210430330484 -0.84651193258255330587 -0.029984696717484715656 0.84833373496825581483 -0.52861213765632864003
-6.557775265031099643 -5.6100229700499708585 5.8052017627773100372 -0.82975899733861468999 0.003999811615077135743 0.55810752354970682987 -0.42776711299511688269 -0.64685664011845478427 -0.63134125809626717718 0.35849031141092396746 -0.76260113338605339806 0.53844610499353762201
-3.9573586130592159904 6.5552710433174832261 5.2459214345743818697 0.98563473456822281449 -0.0053713315320487522997 0.16880556510429817196 -0.08966694789350188044 -0.86363817539621334785 0.49607352323402631455 0.14312235488590543953 -0.50408357520944557795 -0.85171341467435823791
-0.098667633403530533021 0.89961928003378321961 -0.35916193224256903749 0.91775191980232362354 0.0023877752514420854356 0.39714696552835559995 -0.39715413676785205066 0.0057018379849839689183 0.91773421026550505708 -7.3124618973779932293e-05 -0.9999808936038796503 0.0061811875759204435929
-4.0223503288423545499 4.3619778431180256106 6.6076789552979926512 0.64998731685339627973 0.004988776456276534238 -0.75992868088995613185 -0.74201877346809030911 -0.21174895286695194496 -0.63605858282127403225 -0.16408725651482705676 0.97731135932678425693 -0.13393236793330348666
-3.2759487382390375387 1.0163046399201596248 4.3282888783087374307 -0.86958542837659913438 0.0049647166547326093688 0.49375756636586864978 0.43286373754731793939 0.48880840645966094904 0.75742677962354054699 -0.23759243984514619163 0.8723770362423239888 -0.42720971333235080447
0.00096113198665081361893 -4.4468423325070167706 -2.3117362321733923025 0.99813110956199546653 -0.0032604091942156163825 -0.061021781820181732192 0.032789885583900349464 0.87122170226364548107 0.48979339410448990977 0.051566573747115498905 -0.49087892115764691914 0.869700392799235944
5.9649333004606006625 1.7623645368956115664 -5.6651746012818797738 0.98518381816775257853 0.0051649188931666778837 -0.17142394241571476399 0.052774963306679099906 -0.96017455342198898549 0.27437133634707283614 -0.16317980165604439868 -0.27935309300907468222 -0.94622101105271505528
-4.0023839909647369595 5.6135524357755057778 6.9124198579256450614 -0.9835369325660313633 0.0092022279266901312045 -0.18047277157447647045 -0.10755630074506708493 -0.83234807916668795968 0.54371712983641173889 -0.14521275580540538019 0.55417686175871283538 0.81963483420521365819
-4.8997738996280375545 1.6060015127739681873 6.693923711391685849 0.96186737231009566962 -0.011473291691552955571 -0.27327554164819484184 -0.23346975811662468159 0.48605256281821890285 -0.8421667164065815836 0.14248870176391489895 0.87385426116471032199 0.46483943476655192883
1.5928516314878731208 -0.82607894245267754485 2.1405152955817929872 0.63012477391827004247 -0.0029211841312812951432 -0.7764884004142166285 -0.39915888161241708243 0.85653387444901551984 -0.32714203207662395645 0.66604426018424323086 0.51608254049576840483 0.5385571973996744477
-0.34088555608424758736 4.1685464269197911591 0.21055095375333526819 -0.92830041058703838264 0.0017476351432056046967 -0.37182696711706608728 -0.11888717321340237787 0.9461017275884794353 0.30125962407783540842 0.3523126278596501737 0.32386488976975652543 -0.87805885077538958772
-4.28252735671493312 4.5624427225032899713 -2.077848181089548607 0.97178960441755413147 -0.0025347856550032264733 0.23583583189939261171 -0.23581872391171854186 0.0056983275477673466652 0.97178035507812010607 -0.0038071247215147414542 -0.99998055177318190267 0.0049398255550452459944
-0.29746651125177703268 -3.7117775246116662125 5.6670075976696407949 0.81497759460903052009 0.006185836513210123816 -0.57945945130936260536 0.50267100984375578943 -0.50507156884832349331 0.70158717648180102255 -0.28832859058333981661 -0.86305529705092343118 -0.41473145297228580786
-0.72373024757259651896 4.4845182338693030388 -2.4023790751658782305 -0.96039290585051984017 0.0054088069178525712347 -0.27859686143184025919 0.1543454362294897908 0.84274853064714749795 -0.51570573043868572771 0.23199774289218388912 -0.53828027912958831269 -0.81020453491261057444
-6.0821577350595541489 6.9410665815402285972 0.40596705051041731549 0.66222461698266521513 0.0015164459552192812233 0.74930384828441232159 -0.35950391079454452337 0.87802845292074116479 0.31594773932585668019 -0.65743098100533470252 -0.47860603449327032699 0.58199722418675980951
3.1331040597505102063 5.3908149336173227795 -7.2516622333688482982 -0.96593374517225039089 -0.00061852301965046197624 -0.25878875046400207083 -0.016156542409402105398 0.99819054967462950145 0.057918845617167084849 0.25828466093600543907 0.060126898885031629383 -0.96419592923622698954
-0.41150596985333820488 6.0575593604571542627 2.21022759385208456 0.86918445303441072003 -0.0062069886775504932303 0.49444904681348883502 0.31832109071955733137 0.77220843413515816156 -0.54987800233652017745 -0.37840463766488724451 0.63533897058347721387 0.67316738085818694781
2.9637073082948206526 -4.3773970063807814412 6.0816367435107947514 0.99986761875468033178 0.002202406487880097935 0.016121239765776784747 0.0062341495402748704421 -0.96704208467646002312 -0.25454025584222905731 0.015029316199811047078 0.25460706170556440808 -0.96692779657236416213
-1.933919191888275213 0.23766189413592672675 4.7841573750073491667 -0.99938557125689442273 0.0027880839620411982348 0.0349386111831154339 0.0044653752710699014944 0.99883633807309080144 0.048021142927619865637 -0.034764067473019084897 0.048147651367520888366 -0.9982350741586024645
-1.9260211885742195559 -1.7701602543353005537 1.4135842823362727572 0.85111123608397754037 -5.8176814466564565065e-07 -0.52498539390282816797 0.29936652529074936346 -0.82147912191757033185 0.48533672412977152399 -0.43126482275620053874 -0.57023859239203789073 -0.69916993671049965098
-4.216928641605782957 -5.5245804837924179509 3.3607617456079945661 0.94222797133990421337 -0.0049275984596676572838 0.33493606673247439121 0.1773754873275436017 -0.84086438607142943713 -0.51135606061912441955 0.28415556746288916923 0.54122343168970488136 -0.7914119094820165623
0.54947643678025614999 -5.9300526090881904295 -0.11063329344010586208 -0.97743643715908756775 -0.0038268652193180876034 0.21119509089098739696 -0.14301209285498861501 0.74780996755934503462 -0.6483269188581445297 -0.15545273433138159791 -0.66390180563201206532 -0.73148399836728472678
-7.1734689195156002839 -0.39718465475922842822 1.5550250776286125287 -0.74357873516487005272 0.0071358208224579552231 0.66861030852934488777 -0.63487033922125191143 0.30626571072943681306 -0.70932430298732962459 -0.2098340224738455273 -0.95191932141991875138 -0.2232023488224063601
-6.6330209902136463285 -3.6232918460953293938 -2.4531796263867438057 -0.98362418885001012825 -0.0068845105512857756452 0.18010013499024896122 0.15530645643909207765 -0.53941646043022306589 0.82759276628378519725 0.091451406207781277269 0.84201097720367634736 0.53165228728102853495
-2.4992047271909250128 -1.1876132678443860335 -0.9764043447551629118 0.83135930709802552396 0.009463529394645104828 -0.55565469863293948105 -0.21978341704925533073 -0.91274158060034771278 -0.34438068562759910352 -0.51042820463957139232 0.40842777654637174578 -0.75673628117972691065
0.81495608665176377805 2.9795852390214707661 4.7171310909971007064 0.98064764860819486625 -0.0056479799604913175776 -0.19569948799578762433 0.084484129370666793957 -0.88951826127587119153 0.44902081771475538252 -0.1766143288748703577 -0.45686470992965416693 -0.87182682664448651888
2.2178468687317915986 1.4780433208915142451 4.1875621141140868531 -0.71502585690167153043 -0.003112738722783257167 0.69909107762838318401 0.43988211133500748629 0.77522136239874872565 0.45336030638774899026 -0.54336152982097063457 0.63168200080277281394 -0.55293408085628859006
-3.0298486069525059072 6.4424754723402930523 1.1165073963354934516 -0.61918298408476701855 -0.007936172760514805663 -0.78520662846266342516 0.22813971724225076687 0.95499814243453962082 -0.18955425968064298914 0.75137520696156034905 -0.29650559034935625169 -0.58950804341851703594
5.9309486880888728777 3.5611679284398674028 -1.8795613569880178506 0.99919504154335714308 -0.0068172782564544405493 -0.039532185270941357091 -0.015927197916365661012 -0.97187227030444423015 -0.23496939072976699703 -0.036818382931056374552 0.23540988707053467355 -0.97119853364177588517
-1.2445448146026101277 -6.1078644079211512619 3.6780552483561121946 -0.95794574948552291271 -0.006426389138750327433 -0.28687739988604660235 0.27903608062237367227 0.21230483895529678184 -0.93651776334844261118 0.066923887765338016531 -0.97718235600051095435 -0.2015833236345391799
-1.9500050258205041676 4.5971785724983513788 6.7093156821800938872 -0.99973988932096879978 0.0057514149401112265453 0.022069774049177648401 0.013841860893129404736 -0.6160679321451101309 0.78757139731552117112 0.018126129962268196921 0.78767202832697302828 0.61582807601145594933
5.0249432231485213762 -5.8010870110961647583 4.4256545140466112542 0.99959851848377700989 0.0028967344065151771904 -0.028185293591262004786 -0.015039075840960649047 -0.7888235611310863149 -0.61443568874395448898 -0.02401308066231268995 0.61461288493995136495 -0.78846329884335819571
1.4723110260296570218 6.2756310385850708755 -4.0324769643818632048 0.98471347269740350239 -0.0021397661670090068614 0.1741688780724733876 -0.047872277510078678486 0.95809256522491792474 0.28243031265521068018 -0.16747424200242677639 -0.28645079483447732915 0.94334422158852337947
1.5967726267683091113 0.43504714615081863105 -5.3799495240031731669 0.9225139077819165534 -0.0052528015555785116664 -0.38592809955335533045 0.19916388165441856195 0.86297764889948624933 0.46433105188480272574 0.33060828512513534827 -0.5052147915252517274 0.79715505156194199632
-5.4414540903770509672 6.4667891740484435559 -6.9618873548254951444 0.99973340657409437426 0.0045882760157458712599 -0.022628820183013612088 0.015753963462053658523 0.58093611626345709187 0.81379668311940334124 0.01687982271561570824 -0.81393622388000974599 0.58070895898127505852
-2.8273320450708072649 -0.50040388916444400458 0.047293985740856650524 0.99334943039582535018 0.011826737522816285417 0.11452963551695666267 -0.11470590498165797455 0.18781151332932979892 0.975484182764373986 -0.0099731887802841957813 -0.98213388279833735428 0.18791905641800435434
0.80636720033286524156 7.3381284413814480416 1.4404576296867801499 0.89481864639613606371 0.0097207419632055914321 0.44632398236849335493 0.068222420811722847556 -0.99099759894656425097 -0.11519314294135177268 0.44118623206093698919 0.13352627478441142506 -0.88742630261998955987
-4.7408983332888201545 1.0271923473396977755 3.5805538247089594428 -0.94737958571499025773 0.0035649804148067728432 0.32009250457521915001 -0.15738220320887547077 0.86555354111171756148 -0.47544495957159593758 -0.27875215278764059468 -0.50080371242992782754 -0.81944669072046905089
-5.0052316448527234272 -6.1463203876957166472 -5.9586677520324053958 -0.90705169488369830066 -0.0027858772897967273852 0.42101004940070774207 -0.32335271146094995975 0.64501721654986110543 -0.69238415229213279289 -0.26962983291819914156 -0.76416295987312621296 -0.58596478047608291373
-1.0110748032367697924 -5.1868499974538311292 -1.4154180407407448428 -0.98742651873548048513 0.0070227272666845558247 0.15792261205922714096 0.09770370419150874175 0.81245970374766962596 0.57477231663792183181 -0.12426928938851308781 0.58297505185715570164 -0.80293040335199084012
4.7836608391133701446 -6.2185299190405363134 6.3733001885832578637 -0.99760899687145887516 -0.0032487576960333413266 0.069034302593411478455 0.05611497217933866799 -0.62114817227905239072 0.78168155790683258033 0.040341036903296129124 0.78368641282589390773 0.61984530900353895788
-6.7285091209622889252 -2.522712253233262647 -4.1649704806860770034 0.82963152380286975252 -0.013576451276173484919 -0.55814623055537693208 0.5094270240894474 -0.39067601839288951249 0.76671791147711720882 -0.22846365540212257295 -0.92042812246436922496 -0.31720092928122256559
-3.6641732919448668504 -5.6708274897979604745 -0.52363659470628109993 0.99385291070896053522 -0.0022206889795718851542 0.11068631539473570979 -0.069003440742732430335 -0.79425989503388028101 0.60364703619439441518 0.086573188926325095327 -0.60757410056802285681 -0.78953074371931197817
5.9436345796661909091 5.6791309577794697461 -4.3054070676589466515 0.87450138728469928306 -0.0035118171326695103371 0.48501029966116226966 0.37426435257517015609 0.64092577547754370215 -0.67017933772981752583 -0.30850205514471318313 0.76759482636933396016 0.56180482776726303751
-2.8646044766083389455 -6.3274210340857113266 3.3612307476692491193 -0.2378529897679301508 -0.0029448383709004726308 0.97129670193269401768 -0.45738741151379075367 0.88252119466066802911 -0.10933021889429155038 -0.85686796593589142912 -0.47026340374486502727 -0.21125723668338619587
7.3487791748303870065 -4.6119257323612741217 6.1353587087229257691 0.97086572345439048348 0.0041389798258050277541 -0.23958843016175626617 -0.062135878141268266472 -0.9613028131772036744 -0.26839529434250264384 -0.23142791462786926893 0.27546282911420705286 -0.93303877202798557455
-4.3842346583996487652 4.0967612792518970366 3.9454890215438962464 0.24192054772219495629 0.0098900500163912833523 0.97024565729534317793 -0.90830923849507494428 0.35398262368008598378 0.22286908578134634329 -0.34124591697813411173 -0.93519970543369801419 0.09461889400386636062
-4.1917004451855435221 6.737520706271574511 -5.7809005561073991686 0.96093020526201688991 -0.0010223071065712623084 0.27678890061432892544 -0.064771651941405564146 -0.97305822729666824333 0.22127430803209363619 0.26910550666949212273 -0.23055724056835144586 -0.93510725860827037526
5.1857424851161626478 -0.88989151999231619339 6.8700922167197422397 0.90893855800180145543 -0.010004101529606542267 0.41681004753975398058 0.021464269190876121562 0.99950920588007985401 -0.022817372968031383179 -0.41637721230351576462 0.02968611314471960444 0.9087071870304495036
-0.37689769783943916082 -6.6977240276163154675 -4.7317311778907180653 -0.87738592400665593729 -0.0009579292922655082863 -0.47978435023088833455 -0.39099397310941697015 0.58097839732940770308 0.71385419717809117657 0.27806052101499562079 0.81391841372967532742 -0.51011681254867580204
-2.3958659993850264236 0.22959185778561519431 1.9630918194709487956 -0.74827212669215070751 0.0084842672457670995773 0.66333765280193524028 0.52574305754415640024 0.61739645311501356595 0.58516310301067497868 -0.40457763390932865999 0.78660640531976666612 -0.46644110158741164396
-3.2533170247893909988 -4.5931651602031839943 0.61953948321299812108 0.59139133467821047851 -0.0063933397499028286892 0.80635935814886505746 0.53681997242945422855 0.74930670211628624955 -0.38776769252268955546 -0.60173134077277556919 0.66219226163590150236 0.44656556311614842292
-7.3354358295265731371 0.18849549217409586332 -2.2756466012193725668 0.96828533801232263833 -0.0005778175912259132796 -0.24984629338304886748 0.20164596864358416695 -0.58863602810586335146 0.78284515055374159775 -0.1475208714732215709 -0.80839797905638688391 -0.56985112085288069927
-7.2128300661550390771 -4.5617511785934086177 -6.4634624909547113703 0.834000404969117759 -0.00016363904900644748314 0.55176380611047060043 -0.25999185131506974411 0.88190909582971077629 0.39324366993319470609 -0.48666986937870626573 -0.47141947341520518133 0.7354699982487103993
6.6925279937148696163 6.0853776060916793256 4.7408771737415085212 -0.99635126820797648151 -0.0010279042595885690137 0.085341043778750694249 -0.0080920838276561518621 0.99656058442446326939 -0.082471326840500805422 -0.084962747835376301042 -0.082860997968523822377 -0.99293272002484467276
4.8825702339971357446 -4.3887450732328661118 7.0727365819893703858 0.79577016936101385713 -0.0028102978219206537283 -0.60559222235862886219 0.58025486773413714747 0.28979940196764442106 0.76113112870907295715 0.17336125872264251946 -0.95708328208428616879 0.23224440817553307359
-6.9487984671384968038 5.4448871787033255032 -6.0884310931001266454 0.93454223740563380218 -0.0038226920212816846781 0.35583169270119630045 -0.3206920153335321988 -0.44243745885899482539 0.83749968734318691599 0.15423176652760298144 -0.89679121428813091121 -0.41470239952238746595
4.2145571241819030917 -3.8546966021514541545 -5.6742441520712256775 0.70436500690864867202 0.0038404218105322698862 -0.70982757638961757607 -0.7069364489096752191 0.094118013347884194042 -0.70098691625908815528 0.064115475867243046371 0.99555364030463699976 0.069008369279080356007
-2.177831635706427349 6.9420924245384645346 -2.4649608600004473402 0.93432665032122519388 -0.0027717955064541278422 0.35640710942550235529 0.10249887589056831672 0.95981705761616553652 -0.26123781569688370174 -0.34136152527870777806 0.2806127813528196957 0.89706676228746606849
-3.3810089785126260509 4.5445731830718685273 -5.5358043625466448745 0.40568354526199740251 0.0013455186869791874865 -0.91401260969591935357 -0.62469225207824297108 -0.72957847698791888913 -0.27834301879034800686 -0.66721844346279957083 0.6838957782406960284 -0.29513744799254632012
-1.6299163178831348464 -3.1268624122309018887 -6.0729399944429545144 0.78425177343318064338 0.00055844036009737758885 -0.62044245825953792117 -0.28657503655914245977 0.88726394190899426917 -0.36143802485250564605 0.55029437966235039692 0.46126173213533450124 0.69599835501213425104
-5.2331439805986770253 1.9742803222508811256 -0.82865647856567048457 -0.88713393451450972549 0.0063909205450322584957 -0.46146780859277919395 0.38471310845219086616 0.56256710161810397075 -0.73178827563853665605 0.25492980684472504871 -0.82672692729308761006 -0.5015310371955555846
1.0481676501064653984 -2.0177920812497465164 0.097996007216679240082 0.84790676237018414163 0.0084114522988715662022 -0.53007864491715872557 -0.17335744216974374732 0.94930462253215919244 -0.26223640266649578257 0.50100031893333096811 0.31424509719219428927 0.80637999684981986892
-2.2411125212300317955 5.3889586808513474381 1.7712128333670016378 -0.79818661237790933249 5.591435942536512882e-05 -0.60241026609316350449 0.59985252920594789305 0.092126250598598385944 -0.7947890897312294145 0.055453359014437791918 -0.99574733282302285708 -0.073567480246211472417
-4.5515919926343366697 5.606170742312881039 -6.0726875700629658894 -0.90840434267653191736 -0.0032620478889045997906 -0.41808002732705062954 -0.097306286390164031808 0.9741592950444286636 0.20382628512410522204 0.40661165359007817033 0.22583849743151038214 -0.88524795184329252429
3.4463546981736592478 0.91845425962165472278 -7.4397924927100076431 -0.9966634769125263249 -0.010330564069916106304 0.080964147834793886993 -0.050758137172989221952 -0.69836763606728546883 -0.71393715157881620925 0.063918114015822521945 -0.71566467311141990226 0.69551315613797448645
-4.9640250729307879851 -1.8748301085014693612 1.6811778550430256374 0.92115115123208479719 0.0051071780789111584017 0.38917152171746238754 0.30137040675528281586 -0.64209564366548255165 -0.70490358370357164564 0.24628527060295044016 0.76660752743375326634 -0.59300629369853563588
-3.0878601066956434806 3.9708620867973891677 -2.6162673754100258527 0.87168092011592079871 -0.0036435817632903943347 0.49006030018528462522 0.26114003578210448486 0.84963426155270571627 -0.45817846229105985145 -0.41470261057468604804 0.52735978791300808233 0.74156145994431277302
-5.7706022886659145144 5.3995961671741889987 -2.6904455060891261375 0.9509987042845948757 0.013300469309711189514 0.30890866282008022647 -0.073938745671448632968 0.97987060419182425708 0.18543640669868258208 -0.30022412684138377603 -0.19919010155367702919 0.93283909497055006455
-2.6147687627166114055 -5.2212378904307819028 -5.2228998292933610514 0.9120872970923481482 0.0058465339244846243824 -0.40995436395264428509 -0.063934947903611788478 0.98969424590104482231 -0.1281312688884414519 0.40498035127566089919 0.14307731361568262751 0.9030613475336688456
-2.2846093459901006817 5.0210881343159714518 -2.1504386643938415702 0.89505621266103041478 -0.0024125571565943859653 0.4459468082012445489 -0.43770331227270842245 0.18670544058625043737 0.87952082913416973486 -0.085382589573991043985 -0.98241297732856380787 0.16605588027592649292
0.79903518555021113556 -6.3094493351837996897 7.1215823888180000978 0.99662278095294709601 0.0010100743754178293302 -0.08210975724890758054 -0.078636597983901768139 -0.27624474426451373077 -0.95786487915768814272 -0.023649903662392494919 0.96108679161453280937 -0.27523237643995651647
-1.2918759075092418609 6.0343981235530428364 -1.6412729405946073769 -0.61770096050212752736 -0.0033939491791526140221 0.78640575055361094936 -0.4090392676468924682 -0.85269083301621495519 -0.32496956905695401074 0.67166390473040193942 -0.52240484722008562191 0.52531968807873685723
2.4546413316413095984 1.1649970208791082804 0.84514566171998906086 0.99874196504684098485 -4.7323170612252564091e-05 0.050144640937127733793 0.049845829501540810103 0.10994766556740369345 -0.99268670995311314442 -0.0054663091292840547408 0.9939373765971003527 0.1098117064238284396
6.2635997928342250773 -1.8817262292152416858 -1.0733085855561386168 0.99409004569008174723 0.0046089939136085278371 -0.10846076818367063332 -0.093271471763354707463 -0.47494934069014294042 -0.87505631609231881995 -0.055546499574481086881 0.88000106872275640768 -0.4717125241414640846
-0.61826145698987977628 -3.3248346271892721404 -0.1345451886682102749 0.94659884398325255805 0.0049333989672035952895 -0.32237600739530930527 -0.32237070271405088295 -0.0018569312756347607085 -0.94661168482013891001 -0.0052686431988659167269 0.9999861065938941973 -0.00016738570703354882507
5.85568835629212181 0.21827447230978022641 3.9166261259037002951 0.53373376839215636025 -0.0055279996278301060664 -0.84563449888123065623 -0.17740207648837616472 0.97699552226669073018 -0.1183564646671922127 0.82683539337377587319 0.21318815795213186259 0.52047482318881210794
-2.5775759513321729877 4.0839644097192353556 3.2758860250838428563 0.99368271753522563472 0.0036593593550497747861 0.11216624251991602623 0.01970137256052977015 -0.98963488723793580082 -0.142248535601371906 0.11048308825862018789 0.14355974035432955693 -0.98345517852024699756
-7.1908595315437047191 -6.3066356419573290637 1.6449865534439722659 0.9521148174449040047 0.0076584875771794893792 -0.30564476434239817859 0.2718840297781533466 0.43604335098197460896 0.85787252573809502643 0.13984437333505922441 -0.89989307344398306032 0.41308111505369426997
3.931637077033869776 -5.8492324267621107481 5.3254024092088307896 0.96506640499139662026 0.0061044913092472112559 0.26193428401604884614 -0.24279052526010583279 -0.35495678106367517524 0.902805873054069008 0.098486520910574776311 -0.93486278071320927374 -0.34107475197700914959
3.1998567148727294907 -0.048490100709917861865 -5.3940669544439137084 0.72832798040217694435 0.0009467327924521965702 -0.68522803259953590782 0.6118437178033092616 0.44934733567900736473 0.65094872064002684553 0.30852166528114205457 -0.89335663405779996982 0.3266929849826430976
3.0480971165808434797 1.4296922056240617405 -2.6508072145698160504 -0.56276172380339328782 0.010072602188017396735 -0.82655779284146246866 -0.14847453808215729798 0.98243194502127051404 0.11306097886968040356 0.81317559835690278458 0.18634917785392626777 -0.55137956994254078147
-4.6225898041799133864 6.0521979621859918197 -5.0313566219655312395 0.94153108467916890589 -0.0034909372824782421325 0.33690804374457156145 -0.25326607776686749229 0.65214113088521630246 0.71454057915580460048 -0.22220600899948950158 -0.75808954534716344043 0.61312701033299432662
-4.7047810513258072618 -4.2164136785398174112 6.2396271018264402031 0.9981597146407130694 -0.0090268953323106877057 -0.059964149531750457478 0.04624628031251863669 -0.52629905196050807969 0.84904098220455836987 -0.039223279129360480444 -0.85025162338350068758 -0.52491305118869746593
2.9332324608580520042 -1.2429143293301554429 -7.3270619812545838556 -0.98916794061758206436 0.011401479143885118184 0.1463447693900543356 0.14205097640547037496 0.32559057872708135895 0.93477927616448941439 -0.036990611738128412189 0.94544210891922431106 -0.32368335348875282298
