1125 14.717824617146108679 14.977075390850430381 15.033177056927090831
6.7225062311013106253 2.4278030225761964012 3.1012254577146038947 0.99266902964305114843 0.015561340334616782094 0.11985842596363237289 -0.070227898785424014427 -0.73283446132675178486 0.676773000735215291 0.098367880020258133267 -0.6802290033356289678 -0.72636923338015124685
3.6965995891887257763 7.2384821959711000972 5.8153164777441288535 -0.92264888475694295522 0.00056523143260704363563 -0.38564065653168122516 0.37056673632697095799 0.27815671179191137075 -0.88617669660912889995 0.10676764203039112999 -0.96053554031003196556 -0.25685043588975831064
0.96886802574168517932 5.1995395246652886811 7.2361793109711971539 0.94401617444967345083 -0.010211091049293522653 -0.32974110450004706641 0.29064457737080473532 0.4986128861678377211 0.81664614086663656067 0.15607431570351354422 -0.86676462973926760025 0.47366642757401350439
2.3581074695025217025 2.2613764265052571645 -6.1130297539701592413 -0.84465262086625647608 -0.0020462209426154219852 0.53531090316152740716 0.2163958252424150186 -0.91595128543408255162 0.33794391476874069413 0.48962720194189879308 0.40128425796602223974 0.77410344749727699742
-1.5507842784196810282 0.54667565386540184491 -5.8017828957072570262 -0.78707954413820702122 0.0045295228124045509854 0.61683488440775668948 0.43308713868461196084 0.71612379862473030112 0.54735932927951969074 -0.43925086397770818358 0.69795858649810338381 -0.56560807104246402233
-1.1126860125639785881 -3.9265771400064766183 -0.76544202451317189251 -0.48573982135150489681 0.01009200522112035231 0.87404518040204626228 -0.75232071000777422931 -0.51394424359517087986 -0.41215878465549804499 0.44505098050302999146 -0.85776422512601668835 0.2572356096019392524
-1.6885787032398675844 2.1216693132819033352 -1.2896887485920691674 0.99597912842835956138 -0.0037780521945368567352 -0.089505877218536797346 0.08856092701901964459 -0.10915615987660136355 0.99007166153087922122 -0.01351066025714520516 -0.99401743399332986861 -0.1083826691718886015
-5.328401513954620583 -4.3681307959691464404 2.9635901632513412807 -0.81098670044397824785 -0.00018398468280910769542 -0.58506455870507667605 -0.5736528737202362116 -0.19629421095271001874 0.79523013223782912373 -0.11499109607102415975 0.98054502645003804862 0.15908645111476513168
-0.42945498436138968001 4.037573817678814514 2.6247879589239357934 0.74048980780215878372 -0.011789606961990911627 -0.67196417293549604022 -0.41564106068941464311 -0.7937358376162151341 -0.44410125957122059681 -0.528126266351310103 0.60814835792872279363 -0.59265354258483682326
-1.1893036611443077444 -7.0531484176937304653 -2.1497645957901689862 -0.78890539388579161706 0.0093112320811084576394 -0.61444412313491947319 -0.58859734500866944806 0.27587061343938129587 0.7599003685282856857 0.17658268586329517458 0.96114967908115234163 -0.2121552484752495249
3.237628628571841638 6.4054470381749757379 4.5184200718905707106 -0.8911541380817105118 0.0046348130990309646324 -0.4536770003949725516 -0.44373681706185924556 0.19950878114809117436 0.87366691789762562781 0.094561828258947711046 0.97988507731894824992 -0.17573643869148472541
4.0815331195283208743 -0.10441205871827013985 1.616035609323711153 0.89081369500378215776 0.0024710885009950733088 -0.45436203023063470585 -0.12577414284101595676 0.96225131608543923445 -0.24135714135757960208 0.43661404671200743088 0.27215124180006355914 0.85749744944244277178
-6.6297683596102912063 6.7986083147298783658 -1.5532850942814002693 -0.96059193604005288503 -0.0032595757233027759792 -0.2779433531871778329 -0.27775320138304848694 0.05004948671637722557 0.9593478034587000769 0.010783855352910268893 0.99874142001099719401 -0.048982490934966212148
0.76529987524257125919 -6.9160333232380732937 6.9582253076903581857 0.95560555544748104762 0.0082288679660235137386 0.29453405258140041845 0.040402716488533677031 -0.9938273436120262927 -0.10331907660024831908 0.29186579604049894821 0.11063225940561603744 -0.95003939933069869728
0.58589660116406849788 -5.3727026307822578488 -7.0945307218652153836 0.86665482128081072766 -0.0016771364706048069379 0.49890540983639192207 0.11626898841207469748 0.97313896435491187287 -0.19870097731990138401 -0.48517104518349485343 0.23021238730246809667 0.84357057419521119801
5.1840006204623128028 6.3519192679617377806 4.5661856303484658071 0.8926243544919585382 -0.0027837406916598143175 0.45079264918099071213 0.045582795465152779746 0.99541311998220005641 -0.084112599084700173657 -0.44849076972154827692 0.095629343587408072169 0.88865688435943557266
-3.9723030040673736885 -2.8083744917928719076 -7.0441323377865119326 -0.75055778078744628257 -0.0047743896388520706137 0.66078757774568341876 0.6607969640319834026 -0.00054500289233040850878 0.75056450442184130534 -0.0032233562521166063755 0.99998845402110980718 0.0035639583398797743813
4.6289579371582911804 -0.16641511897069752313 3.9813639184659357362 -0.96438680149909983275 -0.0031717339865253778124 0.2644769124099862756 0.023244482155393129258 -0.99707556992369028581 0.07280111201639737073 0.26347256241157213097 0.07635606043416459654 0.96164024504562439777
5.1566791704730707835 -5.2283400128930637152 3.4738572946789911811 -0.99982731735015983876 0.0010917457690971365397 0.018551107013558169184 0.016663844654012875679 -0.38917112287711730367 0.9210147411415335883 0.0082250690940046909672 0.92116483064097298694 0.38908572709450006677
-5.1096259666286263368 2.0599151108362501184 -6.6467228762372148054 0.81728541554593647778 0.010412439266323823134 -0.57613898552717113244 -0.57517073400261764515 0.07542516251565270502 -0.81454875336359922056 0.034973937191134063518 0.99709709956866421354 0.067632815624922223985
6.1347016897277075742 -6.6321951636873981428 7.1444649131154740473 -0.52452229705907515989 -0.00019841491638400345771 0.85139668810692237244 0.55796512695550282146 0.7552428799453561048 0.34392311552621129822 -0.64307952617803532114 0.65544500373660097292 -0.39603102162245518159
-6.7162345928537785511 -6.3140705701317001441 0.55648205971962161343 -0.96558025378542378103 -0.0041341592425446268416 -0.26007245572476983542 0.098305008930821946578 -0.93151220360707287504 -0.35017301402341860506 -0.24081299532726554991 -0.36368657283230831911 0.89985619852445408728
6.9826955194183888409 -1.280287247334649825 6.3285393743312381432 -0.99082517646601286909 0.0063158645907257521951 0.1350021464111896552 -0.013127166420590089674 -0.99868175735969266782 -0.04962282759654954023 0.13451076976557860276 -0.050939742553151118321 0.98960193787488781592
3.42585724593570351 5.0246708676078650768 1.4651656719502255122 -0.96626647351611660852 0.016719397522796573818 -0.25700109708975127365 -0.15957841144585141469 -0.82211759215784208088 0.5464955583214089474 -0.20214804663732710566 0.56907216274483674034 0.79705272148689687572
7.1102988739249806116 -3.1480912886694709663 -4.319002225789671634 0.69927032086794405075 0.0039239084265495207879 -0.71484657185709732374 0.51656073540854652304 -0.69402255758805064811 0.50149545979306919818 -0.49415182382282357709 -0.71994256194611705446 -0.48733631355679124519
0.3126383032409506546 6.3040875213002571797 -0.23282893500637211193 -0.9953926725079084159 -0.00335667711135871627 -0.09582358914290120544 -0.0066758164900700715447 0.99938796394112872079 0.034338477015004156834 0.095649678471218357867 0.034819969102357704871 -0.99480586486004751734
-4.2558923278983362692 6.4393670452439462082 4.4816893647554332247 0.98801000542724626285 -0.0024205384437480399057 -0.15437088510938229424 -0.076827388433821044988 0.8595807033322947488 -0.50519161398942713515 0.13391706971947173188 0.51099428123260426382 0.84908837171718110071
4.3637151875908584131 -2.9099518915966768873 -2.6278745538310901431 -0.85707327209037975635 -0.013988049410100044864 0.51500460264146086242 -0.46066361582756898407 0.46840041991295799928 -0.75391649383602687973 -0.23068255096751888455 -0.88340555867572312376 -0.40789726596300052153
-3.8137946435187686234 4.3188858930036566619 -0.2335047220341515406 0.51614320750734943299 0.010408418502730134442 -0.85643905455582580721 0.39422596813215260436 -0.89059819449032573413 0.22676142092690476648 -0.76038284790912658018 -0.4546718825645454376 -0.46377947756545095936
1.2177828317574272976 -6.203203748312810184 -3.7966224954713378992 0.96968209781423075899 -0.00061902418873833521019 -0.24436907739627941605 0.23584042501673327386 -0.25952418240267627336 0.9364969261433846448 -0.063999399265694589811 -0.96573641101355645056 -0.25150996269801312311
-3.565104175989082691 5.7000136757678854238 7.1256524748576381967 -0.99971302187728783295 0.0041661124592255859705 0.023590620929829574093 0.0030919194890496014272 -0.9540850766840289765 0.29951979314008364552 0.023755292520783868188 0.29950677781277307288 0.95379839385548670361
1.667710707749385568 -6.1455955852102857051 -2.8280441680002206262 0.92744927128213328071 -0.01825375697371327266 -0.37350321224160648592 0.212471759602966076 -0.79619786523384183941 0.56650217190080742746 -0.3077232532156348177 -0.60476091123141417771 -0.73455472204390859225
-3.4991648029157826905 -7.0416863942594734027 4.847373485761743872 -0.88434710095688073839 0.0019910811937886383621 -0.46682570690236435684 -0.35506174159529790835 -0.65210656394486510301 0.66984191337605036853 -0.30308639805264503408 0.75812470270777598813 0.57739550609598266906
1.8825388899029869005 -0.30904361871620034119 -3.0353972542269458401 0.99356491708172212096 0.0018579752451813478717 -0.11324885638497708684 0.096661250980247206965 -0.53507156882934847619 0.8392586125798670027 -0.059036921527527742859 -0.8448046899482172245 -0.53180793312818297469
-2.4208843683272323055 -5.4523966620679065187 -6.2856832976792391676 0.99774386588034347234 -0.0026725503647357182896 -0.067082304467953768334 -0.063851236044600162556 0.27092505125672045052 -0.96048041950741047668 0.020741209071908031647 0.96259673491871444728 0.27014316236055763154
-4.5204282960402135672 4.9357233707352889951 -4.2900596762918912219 -0.94253589248290026159 -0.0024566081317633518474 0.33409587913913180168 0.11391680760210634582 0.93768900354025430666 0.32827167648969285407 -0.31408446686676355641 0.34746697356163114279 -0.88352569286735649357
-4.4772312390138333527 6.2152818372742038022 6.4585210914795245785 0.98002889825118277844 -0.011107824586743166723 -0.19854464189572781918 0.18462402132886424067 -0.3200896549982967243 0.9292236455833966513 -0.07387373918317405308 -0.94732213581016166959 -0.3116463406862154395
4.6430164821899948535 -7.4763015308229787692 7.2379276637802236749 0.95749061950397418297 -0.0092082756951540785384 -0.28831739666649780496 0.14055104702500273439 0.88771606356996057841 0.43841258382949083172 0.25190696048740718327 -0.46029924846630898561 0.85127403644148325057
-1.7387261110826615074 4.3507518218145344591 -4.6748445248919558992 -0.93869319625145564157 -0.0072843151461427953219 -0.34467669208122231339 -0.054823193741424046388 0.99020872104065982278 0.12837876071666901034 0.34036671508709026579 0.13940454629597104352 -0.92990153873012670882
2.4145095856105345256 4.1669595058452619796 1.8275324022260792667 -0.99605981587198499927 -0.0012849039932170628481 0.088674642525054442332 0.08677236267706012196 0.19236581207984990161 0.97747938669733813732 -0.018313936787558476177 0.98132244617388431074 -0.19149636120500576619
6.3778637349217435215 -3.4582313315341903781 3.3991050117017662657 -0.19056867265946830781 0.0051670676334711045791 0.98166026832756680953 -0.98166622138631354222 0.0029435935143319025796 -0.1905853222212549325 -0.0038743760489751474102 -0.99998231817824145828 0.0045113790505522102445
6.5840824139010107885 6.947428438094304326 -2.8425743150922784253 0.99783962073845011709 0.00019663457406950569234 0.065696671295515360334 -0.038930312080824577836 0.80728220163142638821 0.58888018962297594694 -0.052919959238079121444 -0.59016557699005933735 0.80554582095024307442
4.099468670824776062 -6.2728172479690407215 -5.5980439234504659751 0.65466388755920501552 0.0093145861384821438539 0.75586270764670127065 0.049853103637034927587 -0.99827917123724507764 -0.030876598444495310242 0.75427439462285139626 0.057895895871976882363 -0.65400168413975301451
-5.0470064214811456438 1.5818063363129974963 -4.5026974668321830819 -0.96411006497549722738 -0.0026502014955563598687 -0.2654896590172112214 0.2465623216064072587 -0.37984675829841613171 -0.89158480346754598322 -0.098482506959850599215 -0.92504562949195368038 0.36686752265723548971
7.2680447180196825485 -3.9781266042234344482 -1.1725551865322916267 0.81178862635528725722 -0.0092211616357258923554 -0.5838785800989468866 -0.23490247430256971928 -0.92056626702059185519 -0.31205540468038678314 -0.53462141154910369778 0.39047755146982132679 -0.7494712990578172862
2.9579539451231489089 -0.80214612848343358475 0.80316762272468023021 0.77941212973350171289 0.0034008776449235798844 -0.62650232725480570206 -0.59886653992259131218 -0.28972620628545159294 -0.74660404013953429736 -0.18405325149420209696 0.95710352596922021462 -0.2237794476526748233
2.355844271454283323 -3.8376414460844125998 1.7241882552061025269 -0.9687207345959704119 0.0020671379624176010499 -0.248144847426871068 -0.18984958946946287051 -0.65012313900514306919 0.73572891577560028953 -0.15980385396523619224 0.75982605316656892658 0.63018021008844238295
-5.8712877523856699113 1.9902875304185101424 -2.7027927667748214979 -0.97645231457206704828 -0.01062748790048703533 0.21547142239242841888 0.1985988048796313854 -0.43437242917204088588 0.87856650714418871306 0.084257890237366156461 0.90067066637927939432 0.42625457024722124277
-3.5338840197222163297 1.6691996781193725319 1.3398353621556242654 0.99973999274460667586 0.0063834964413104012051 0.021890588847895249558 -0.01644307961195824383 0.86693711324494815429 0.49814623034950233915 -0.01579784921435357925 -0.49837665741049474999 0.86681666764575027173
7.0861484237410925502 0.97126878994085108499 2.3533598367395134332 -0.87896438560371770166 -0.0040156974503952180128 0.47687050969241029375 0.23573446139791282006 -0.87290849262518444007 0.4271534000945456655 0.4145489989732435987 0.48786743863154546919 0.76820211518407988116
-5.6912596568233748684 0.18817485806669342896 -1.7873232133742289474 -0.84653062452128757798 -0.0039538070407703993642 0.53232534145694609951 0.44438072635476999483 -0.55583427291067566411 0.70254824112104907741 0.29310692893849515928 0.83128372320632382131 0.47228772982209643594
6.5246633231142618925 -6.7841590444938129068 -6.7077952544964327686 -0.68473746170028959579 -0.007065727008224015164 0.72875557222312159489 -0.72407271140955109523 0.12018242151050256838 -0.67917221244100567379 -0.082784763914405104512 -0.99272667993852170554 -0.087409506359032426714
-1.4684158655891614842 -0.036283876649733835806 -4.7532364166819753848 -0.75964448727444167098 -0.0040891272467304508667 0.65032571223344448619 0.27188549470488354576 0.90640109237237354023 0.32328831948488101489 -0.59077790304196153848 0.42239831768681002089 -0.68743081869579691912
-5.700164687175277578 -2.0729831229393345104 1.5883304196675884779 -0.93207542086657724223 0.00022751496631472642798 0.36226421028465960461 0.11623703379243380263 0.94731341553104331243 0.29847318929889787853 -0.3431098392518999729 0.32030804078589636408 -0.88299399613843332357
-7.1199812244380664694 -1.1389446669198948214 -3.8462714927731025405 -0.91247742978795864932 -0.0010734899692334282789 0.40912563809520874347 0.40665152703164381132 -0.11221949521043872444 0.90666494387818785672 0.044938576861996239187 0.99368286314799803005 0.10283429289690285136
-0.22713739207095556827 -2.7680067314478087326 5.9430108267708980918 -0.77269981971968937362 0.0023157423610691615229 0.63476737939372762654 -0.61944884047642267966 0.2156403033293257665 -0.75483931641933277312 -0.13862944361690091033 -0.97647012085233353407 -0.16519073958650531964
-6.7785351888444447255 3.6406432182327073122 5.0563587111675500907 0.99911059503873378418 -0.018989921359020202341 -0.037648396619936200236 0.014528765799395396141 -0.68314167468300557307 0.73014133376728984626 -0.039584515225257882465 -0.73003892717993112971 -0.6822581849684075106
6.1265976913384374569 -7.3060397497233076081 -5.1271970357739196089 -0.96348440453026040764 -0.001663094253099893418 -0.26775928806410681515 -0.094759269909212767713 -0.93315109519347116951 0.34677040575227857655 -0.25043658477415858821 0.35948055254326832797 0.89891893369187725327
-5.2650608050234000146 2.1135560938237452078 3.0510534868438492495 0.9554701719271651017 -0.005601518358837813405 -0.29503452941906327389 0.23365667451821361955 -0.59628154637697561302 0.76801879918619886389 -0.18022571684018470761 -0.80275584111391429243 -0.56842039948193912036
-6.7652751834004964948 -0.43837983030869659418 -0.33281410559184487763 0.99471164055641680957 0.002911771001420141846 -0.10266583526726914821 -0.0011199909402991113216 -0.99923110102679113531 -0.039191228112387850591 -0.10270101149344833258 0.039098955616454059148 -0.99394354664027229074
-0.98519629045253853672 3.5611880509866491451 -5.2623151321830974325 0.99415528804861796885 0.0080576479466103138188 0.10765843002044384047 -0.10379680339111869991 -0.20290336997364011307 0.97368190188530800988 0.029689844234573273957 -0.97916561253083111982 -0.20088110012247387126
-6.9122284276239298606 0.36704515930280123825 -7.462316239139279439 -0.91603104574395288751 -0.0090319248867104795497 0.40100567024168026764 -0.378591259226182697 -0.31077850041957222338 -0.87182875733393905282 0.13249823270777733031 -0.95043944994399121029 0.28126334691796622822
1.0615633689964847353 -1.5671108939221602974 -0.23382731082633442798 0.82948432088450063659 -0.00055669781488283860173 -0.55852972301783787579 0.47257737999095872361 -0.53230976880838098975 0.7023652397095395683 -0.29770183292641200223 -0.8465494670240880648 -0.44127952428537076113
-7.1156757964639165692 -0.60344030352607991308 -7.2154263168405163853 -0.9930871030666414967 -0.0059783263218410563622 -0.11722740864330155608 -0.10855817273768929299 0.42662672562447567781 0.89788905779878114277 0.044644471714630401538 0.90440803656163315516 -0.42432649522265003528
0.17668658109464810413 4.930251401992293836 3.2339672231760143717 -0.99980975125917448398 -8.8677733998307126106e-05 0.019505215285604556724 -0.0043772509854981371535 0.97550432451212043539 -0.21993670119362518367 -0.019007918373284964086 -0.21998023773604055697 -0.9753191242073983025
6.9778729409311530674 1.0071851662782624892 -2.8308282649474856285 0.99851867984995390515 -0.011287824468687465695 -0.053226224828955281954 0.017873794210840700941 0.99200408108444759758 0.12493370478999184237 0.051390402521141305414 -0.12569999256493918915 0.99073636170175860549
-5.8280687051583441871 -5.5177645158197474728 3.874934054400578809 0.98404545762267259246 -0.0020128602852300223232 -0.17790583387214001232 -0.17378653135142374531 0.20334252940653554931 -0.96356113311783075925 0.038115336192978306606 0.97910559396214669192 0.19974848439692602375
2.2330414377274303561 4.9765408477049719593 -3.3371100031634211014 -0.92848871708478941667 -0.0061796800449147055306 -0.37130918895297515547 0.12279541069465928216 -0.94872700115833352719 -0.29127026004297945638 -0.35047109632418332881 -0.31603621442438883937 0.88164115251814512142
-7.098930557669392627 5.2764501759516120316 -3.8455440869578469965 0.98444962763157262131 0.0091587068480516262842 -0.17542818685989816641 0.15748925004273275907 -0.48841350455954524179 0.85828281159814712176 -0.077820734878555536396 -0.87256424786524922066 -0.48226089056660637056
-4.1521277073900417776 -5.1623338564461631606 4.4350673771388464672 0.98827796627420738673 0.0049383204512204979808 -0.15258530193930880392 0.059454457841438594634 -0.93301819560231291639 0.35488338101100158628 -0.14061233523260921463 -0.3597953024514558007 -0.92237493001176784624
-6.4290221480329625692 -0.66507630216688373714 -5.5112042316691267629 -0.99911200052184623299 -0.01501566670109956772 -0.039366739345312547205 0.0084991396676658108322 -0.98695838612820696589 0.1607510767496724835 -0.041267118121708176726 0.16027374646144484927 0.98620958784479728632
4.0612694433439218145 -5.7497270331241088215 -2.4350212724033974965 0.94278071736385615775 -0.0013559776962468661141 0.33341067813037933432 0.28966534692637391224 -0.49185026722767144491 -0.82108300519384147531 0.16510150137685514204 0.87067874440155235138 -0.46331416802270497524
0.41950887833480549061 -6.9114537290720994278 -5.6746517688230291299 -0.99247422581026334409 0.0046141955699117963297 0.12236674508002411133 0.10271765637081603506 0.57537934983892369267 0.81141092354528587816 -0.066663289537236616877 0.81787365343201801071 -0.57152313413358890593
-4.9783197213353549415 -7.2012410689110026851 -1.4304452230158739567 0.99999422655010450356 0.0027694757733542898701 0.001968976989450824111 0.001022542073523757377 -0.79783471560866170424 0.60287537765061127715 0.0032405669491556415157 -0.6028698836180078624 -0.79783294125532222552
-1.0724187318364717392 -4.0029090555690141073 4.9313871230075951857 0.99981549460372831639 -0.0020264029195248586639 -0.01910158217520254928 -0.010960094832596124076 -0.87684226756038075035 -0.48065321609345190712 -0.015775077548096434754 0.48077388813334859252 -0.87670269499848374473
-5.4936630483875070752 0.27415907698846364582 -6.753282468772466629 -0.96836965946311914788 0.0052976286695929448653 0.24946370028886019621 -0.24657940409970910411 0.13271895511595838135 -0.95999181060381133523 -0.038194241780074238146 -0.99113955328362612907 -0.12721472324947338817
1.0510926206907185154 -1.4176974893795335486 7.4018762305013190428 0.93108500605629251901 -0.0012795152464825203242 -0.36480004706404223214 0.24267415890160970449 0.74881430692204464794 0.61675472138477871464 0.27237834733806343124 -0.66277861808426563606 0.69752027878168343378
-3.3171896345111511195 -4.463309185270069257 6.0308854099353661482 0.85141680853002610352 0.00038235734316933306376 -0.52448953464819658699 -0.43457954741601756421 -0.55936219151911104053 -0.70587148665072818599 -0.29364951067595163048 0.82892327298836143701 -0.47608420723453259704
7.1495302394792741296 -2.6070359650263137397 4.3470956020147051291 0.88029070168558176679 -0.0074976647169037085108 -0.47437544787838414884 -0.23210254273083585908 0.86524617238282985898 -0.44438437285163889801 0.4137833855822364848 0.50129117905727205162 0.75992793317220963534
-4.1419984174472581628 0.67879259674586778228 1.1152291534257499084 -0.57403859086803987744 0.00278981633277494874 0.81882349326273884405 0.69805917927860461347 -0.52104072012362900868 0.49115165702449881113 0.4280106054984314512 0.85352726078191198944 0.29715002386502165077
5.9397914304255250428 6.1841718762865216519 0.8804054462842726414 -0.90518942314472272681 0.0036872655675866494555 -0.42499236734261519599 0.10561230682396630098 0.97054828962112771329 -0.21652265045677165922 0.41167723871275690994 -0.24087843736244024528 -0.87891946703872070312
-1.7435221563713814152 -0.88520850998896494222 0.20984125123127320145 0.39433535384166817916 -0.0019464302863339000282 -0.91896454780349001723 -0.76060184909121697494 0.56052131937342586365 -0.32756782150700913814 0.51573680872087601657 0.82813770710967438138 0.21955291433597948214
-7.2967376695511276807 7.0412170288594113643 5.3361344861543908991 0.98547821743675056982 0.00038855997312300417923 0.1698014486954086133 -0.028505512190075958656 0.98618426176200202349 0.16318099652765705176 -0.16739211072417178872 -0.16565159484329455841 0.97187418444633522085
4.1336135324728848772 1.8112345590132319373 4.7675324755518895259 -0.99945461683000791364 -0.0029631350572586027947 -0.03288903658924437895 -0.0016001772663961164739 -0.99045018046142607737 0.13786181290181434567 -0.032983455395857411152 0.13783925367793509187 0.98990526406099077494
-0.89021471553203368465 3.9452986399989180555 -0.15414100195674787508 -0.51470523991509864459 -0.0090816531817343171262 -0.85731910020673063322 0.53988914022485190447 0.77335692143986756175 -0.3323233189654036801 0.66603170515461085355 -0.63390582552655072579 -0.39314777386164384554
-7.1275684773823542173 3.7947439943336904733 1.3037125324750722388 0.99919173968385066598 0.013443589165338167349 0.037883205485628138054 0.036786366111865864692 -0.68574430934930097337 -0.72691230933543105053 0.016205882135692333684 0.72771836042902549035 -0.68568459022997196861
-2.8518385228509215423 -2.4753374819894289338 5.6987071457081279746 0.99960594767656929527 0.0057945251860670073107 0.027465848751510209269 -0.027909103037708177936 0.10040670679374305574 0.99455496338742255258 0.0030052183618313704598 -0.99492960389598905646 0.10052886129807599158
0.98553243548908253668 4.0554403990741176855 5.9237147526130016217 -0.92384854560840812265 0.0046462483138058566917 -0.3827300316851989237 -0.16889399134555718729 -0.90226407374599559841 0.39672958159771903874 -0.34348025338374077453 0.43115884961805445164 0.83434007570749779692
-7.1526453255030757461 -4.6325501068449961295 3.4189129958716910629 0.99899234112956425413 -0.0082580833693255417671 -0.044114696231093819545 -0.042816875720175638642 -0.47001895593424358744 -0.88161720503627971635 -0.013454275084817293728 0.88261768910526838816 -0.46989892249339665353
0.71652761979740309251 6.9684709507103450576 -3.7262493560666825054 0.99741061612064008113 -0.016409317443684231369 0.070019976799278182966 0.028140466507291204967 -0.80694211910551671973 -0.58995977028779722495 0.066182905607742745224 0.59040253278119192437 -0.80439087034285905453
3.4309371345404691134 -2.8145742044806634219 6.7194245230430738047 0.53211810220289212925 -0.0048562886599916570834 -0.84665621226596621263 0.23893900404224951983 -0.95847546287360996242 0.15566932715437942214 -0.81225518013450492827 -0.28513365906152893237 -0.50886178753656063911
-0.50221130425010807041 5.1308740427075738566 -5.5390774003598686193 0.98749290266433442653 -0.0021014078195389111411 0.157649456937306226 -0.045042885683667890917 -0.96199711910618856958 0.26931892113409500178 0.15109237451554169418 -0.27305150964006436043 -0.9500599809730935208
1.2017974222859080236 -3.6617352058761500899 5.3322253268718071695 0.95581114701137392942 0.0091781869466836824706 -0.29383807127903560641 0.28985009703259173586 -0.19639757171226460142 0.93670428368609015557 -0.049111836646388212779 -0.98048138927260886089 -0.19037928666563841418
0.091739179949513166568 6.9558136669307497613 -2.3737424360499841391 -0.97924666453798436816 0.001468814329154546211 0.20266675251625160259 -0.011888877588723631429 0.99783545904408132987 -0.064676512459683754841 -0.2023230698182449383 -0.06574373931206455024 -0.97710958247289370071
2.1518298782327298646 1.8542542838179212339 2.2505535165804766429 -0.87854346770962721269 0.0060717136312813035567 0.47762381602931397451 0.2851928815440294418 -0.79546451401121620606 0.53469732303940942231 0.38317932572280677395 0.6059697527455820687 0.69711854307296994282
0.020235274229751087222 6.0170097748310507058 -3.1861897147299225175 -0.9716807698030200946 -0.00043800100215505427537 -0.23629703711685490219 0.16661660283916479575 -0.71036286635151746349 -0.68383002695652228553 -0.16755712235954342559 -0.7038354965927826612 0.69031891505486941973
-6.219993363164708633 7.4600293132461361623 -2.7812965265348288391 -0.84249200881757380088 0.0029442732122907915721 -0.53870079481450561243 0.13063971423718476195 -0.96901897314873353118 -0.20960795486250824449 -0.5226284341121805177 -0.24696874485019237877 0.81600610225941205833
-7.0944422836932670151 -7.2930320792204739178 2.2996585425799027647 -0.93375144072424354214 -0.00087247549572681110629 -0.3579210607549470069 0.34167651776333768376 -0.3000262453409376362 -0.89064101034911913324 -0.10660864952982178344 -0.95393054825449152823 0.28044804323145477998
-2.1748720158392500501 -2.7493862074732575707 -5.6715929519260965819 0.86201888867123233062 0.0062004464050994141655 -0.50683822866705752208 0.30783519477613446869 -0.80080316446539145936 0.51376238149479425132 -0.40269210127721172254 -0.59889552197897266694 -0.69221616950369613264
-4.0785335496992987103 -3.4370280916401458882 3.7148793090835865449 0.78957654662606580054 -0.00074076864955111444005 -0.61365163430055436056 -0.60595650492539510079 0.15693197239866782389 -0.77986477685399402393 0.09687926071409953821 0.98760913690628449046 0.12346093123993368001
-4.1123837849090492114 3.9147158399497365977 -5.9462103351969632925 0.89232541748846738727 -0.018897196360717530284 0.45099694596926620527 -0.30589341839476424934 -0.76004047067133062576 0.57338268157003635661 0.33194060596244290284 -0.64960093820083375515 -0.6839839582928345374
6.8290978964879283097 -4.8448991877229676817 1.4103564555845544692 -0.92056664091715789677 0.0019686138132818786078 0.39058057323689182594 0.39058047478830348886 0.0097296023328524404439 0.92051736950078522081 -0.0019880504475773145071 0.99995072848515809127 -0.0097256494548876235018
6.8443489184569648032 -2.0489593821242544358 -4.3895408193860570023 -0.48439254197121528467 -0.0056263618149613760233 0.87483267505013129206 0.69866820745731095244 -0.60431878571222452656 0.38296415122528432162 0.52652312501074138851 0.7967227555982555609 0.29665847289586372293
4.2193175779628733224 1.6956997117095518046 6.1083347030785999365 0.98592819179782675842 -0.0035774924717146350597 0.16713109275619092431 -0.16502084204166642123 -0.1806029443478913421 0.96961368502341538367 0.02671558178519857496 -0.98354958087555088841 -0.17865189517438295752
3.8512357228258355946 -5.6000554238856690148 -7.1820230899433994409 0.56446479252516934544 0.0068648082125355542812 0.82542859921842981485 -0.8252120192395351328 -0.019674810988299734626 0.56448031419630506633 0.020115200770618579112 -0.99978286453658693489 -0.0054408158557849063686
5.8566387520185019255 -2.8687792622524801445 5.9842572217496998732 0.88880164258733473925 -0.0069454237964756918716 0.45823945838645069317 -0.37825329013407171797 0.55343314284546263337 0.74204865399987707253 -0.25875874601023368671 -0.8328646453588375298 0.48926515702088635429
-3.4308206318836766968 6.2445244161388977489 5.4140932093872411457 -0.9950507138512101335 0.0082971205205883483136 -0.09902138483817320147 0.099341501675271823291 0.10624327506409166066 -0.98936526750670972241 0.0023114733632343511041 -0.99430554875997056996 -0.10654169510657054976
0.091651887843188437066 -1.1530147513438393503 -0.75548940266266950694 -0.88808924310348780207 -0.0036755601516929746128 0.45965637876711090692 -0.18604273799849085913 -0.91153286132246069684 -0.36673688438344337337 0.42033985764111669869 -0.41121081331445191731 0.80883871760156644815
1.8201656985217391505 -3.8207709279501052002 0.60787025258586147025 0.9988912659870681221 -0.013128258979413378812 0.045209374589951702161 0.017269827561179010994 0.99556543107984796226 -0.092472836523894000327 -0.043794883156031333415 0.093151066848172911494 0.99468833659310162965
3.3317359342838974712 0.19604131040527456031 -5.2630107665314014298 -0.99714518964069520646 -0.014268372745660590217 0.074147719558200694823 -0.071420061643452284472 0.49695185676059699942 -0.86483410366211399545 -0.024508071554755594956 -0.8676608010054497333 -0.49655220151279505503
6.9289525853976154934 -4.189638690784300401 -6.6583369912578778127 -0.87293753775882387824 0.0091276145545323150721 0.48774659591227520483 -0.065328438014656417532 0.98863195628537370307 -0.13542174935299400307 -0.48343794881872925728 -0.15007845169712594191 -0.86241765286792892997
-6.8847997684996942169 -7.3623478759594478404 4.297770670824032635 -0.97583936780768654184 -0.0061841649039311207339 -0.21840165828402474668 0.12468298760343922427 -0.83661944323209247454 -0.5334060927738094593 -0.17942040251605703705 -0.54774963560957301567 0.81717724873529018481
1.4642379335596611423 -6.1458729461033714259 3.8160996179588777544 0.86470961669264345684 -0.0041255957514145201459 0.50225517245609230255 -0.50169074313266059928 0.041004229586191515144 0.86407467930208714524 -0.024159409228099514716 -0.9991504554448630282 0.033386978449931707658
-5.0082222855359734837 2.910046744453254064 -6.0049372715752324936 0.81303876102395744585 -0.014849647030722860561 -0.58202015519715444292 -0.34320218282409048483 -0.81974271690482314323 -0.4585129657779680179 -0.47029802761387151655 0.57253940132077230096 -0.67157903418586639699
5.137283925825778752 -4.8062279591613847884 -5.3541167707310792778 0.86462053862920262848 0.0078213980047853182143 0.50236455877585228791 -0.021664746583010818792 -0.99836843111919459925 0.052830999423451117936 0.50195812866838129818 -0.056562368035984134096 -0.86304040205887355697
-4.0823169265349559254 -7.2087898376217207641 -7.415869986281911963 0.85220428023574334997 -0.013461976725381420358 -0.52303598339923262905 -0.51483989997315871001 -0.19966400175288137597 -0.8337110793311894863 -0.093208058360618448179 0.97977194366180009322 -0.17708527965351167355
-0.23637640906071435976 3.5289777342961059503 -6.6793899396129239321 0.84355930570954495984 0.0083084054839862205022 -0.53697175731052637637 -0.5147181130922755532 0.29776012914066118942 -0.80399264272053738711 0.15320888291988787877 0.95460456519563274824 0.25545481459942731561
-2.2147559115032793287 -3.6463054333948643482 -6.611279717848909776 0.64724070974092418052 0.017297640970509661762 -0.7620894011011778435 0.064243903275860839153 -0.99742350164041515548 0.031923020961471454404 -0.75957368605417063812 -0.069621476516063110496 -0.64668436308748555863
-4.2662863840041804764 0.089402602214341805875 4.2091112241193640031 -0.81268458288527445355 0.0022297130156485635288 0.58269957707247643786 0.55687591204789288479 -0.29144729110906780756 0.77778383570628151222 0.17156044801003070277 0.95658429052794247127 0.23561304673875402282
2.1509617369284241839 1.4074707686251453076 -2.5407774098865010259 0.72508853040928000766 0.0039967627429170135556 -0.68864406550592827116 -0.37185690331108162132 -0.83939449520486564271 -0.39640802827347210169 -0.57962838657965620737 0.5435079643458621268 -0.60714909714485965075
-0.92115620572710021907 3.0797718642553189028 -1.6520070999299705239 -0.75707076505884463025 -0.001564430568110398035 -0.65333101047663066918 -0.34751462608731392701 -0.84583387987293146004 0.40472043723345257904 -0.55324266045617986887 0.53344409286830962724 0.63981244004411996773
1.4583354911343748839 5.93526700212735836 -5.0496356342156838437 -0.99974170253553640286 0.0034832685529958291176 -0.022458741088943950243 0.01336693392011834014 -0.70908172794682000628 -0.70499959444635229566 -0.018380785856027578862 -0.70511769934684520589 0.70885201331393110635
-2.4031697299302954285 -0.93077490758744341193 5.2624777373613937925 -0.99592150058755457565 0.0058931410492417714286 0.090031303200486148541 0.047022882219934468429 0.88552756096492524218 0.4622010247924785431 -0.077001384501446362707 0.46454946955085807403 -0.88219304980535551142
3.9272869286678373513 0.94507432942779745488 -2.436582059933269484 0.99997564422969653641 0.0007899985299756008203 -0.0069344682375331433838 -0.0041684048484340319174 0.86450196252948452447 -0.5026121578154004732 0.0055977985345958417365 0.50262882198010583323 0.86448419995196679189
-3.2898875053760296971 5.3283766346117538149 1.402598661919298717 0.80172343108142074541 0.0042879931062268245717 -0.59767980823355482123 -0.43266033989708280183 -0.68574326082973269259 -0.58528728886477110471 -0.41236460849000489137 0.72783088237693849276 -0.54792119535859840074
3.8330663193014422596 4.333641198959869989 -3.3123172641576377195 -0.95542537137079641685 -0.0066212353820823775102 -0.29515846419017593982 -0.16361520809292223744 0.84405533039177227383 0.51068646243845527977 0.24574869973572524562 0.53621521656808168732 -0.80751521230196721124
-0.67758430746665421207 6.1658502381418518468 -6.1777201263029866141 0.99215320467894341228 -0.0039362863785211048631 0.12496609178023063147 -0.047477491348227957024 -0.93649832152728107459 0.34744320628252006733 0.115662899239849154 -0.35064996709850926315 -0.9293366958822972812
-3.5168911405272327286 6.1260337473593633462 -6.5194155239511415445 0.84337545411038450371 0.0017405520762057570105 0.53732189038100108824 -0.53573130436194094095 0.079678548932988049747 0.84062078154565644805 -0.041349884288894710183 -0.99681909056686701653 0.068131400623356444535
-3.2295708558019509127 -6.4581056631231481546 6.1788233076054828175 0.9876946689486074682 -0.010030433703624606553 -0.15607251945907268942 0.13242922851216576419 -0.47723426379277728016 0.86874044276632877981 -0.083196997339153047624 -0.87871886736421889186 -0.47003341559064049093
1.7498898479009084017 6.0987210179034203605 -4.0378659321142240657 0.99292021353625303792 0.0070542635506358822295 0.11857355066325067638 0.050946975385135068182 0.87646263547300606866 -0.47876680578218733242 -0.10730263393901037783 0.48141820279817054695 0.86989807377886341211
5.3809176780366962944 -0.22183850656308598537 -0.22012916088952061422 0.77939800155973948392 -0.0013529328325081776789 -0.6265276727625581632 -0.11985853960231716842 -0.98185020688420288071 -0.14698333825918133422 -0.61495746653649652202 0.18965321197958986965 -0.76541424963006066129
-5.3313091154941556482 -2.632828981606188723 -2.4076032348020164342 0.52728154283539452329 0.0013444433535382111465 -0.84968957099471942307 -0.82284304166962218829 0.25019777166336554242 -0.51022583610647453956 0.21190446753439559635 0.96819381712897611969 0.13303093291502524065
2.5277246766599739125 -4.7669294073865362549 0.18868894086608556382 0.91767457372276761696 0.00073987026358257341335 0.39733213982099158113 0.14521641569517884651 0.93019382943087780546 -0.33712257756119223817 -0.36984533166632627132 0.36706796684103332185 0.8535077845946869024
3.7912230068248087278 3.3124990043579813914 0.0069376805250253720247 0.99541822706247007346 -0.0082193099756322478971 -0.095262774342480482925 0.035162470152013063085 0.95795174956860162929 0.28476665217563040811 0.088916555965182025867 -0.2868115904945645056 0.9538516434085911877
-6.1148960759761923356 6.3817894546097830855 -2.3809262758942142391 0.95516491961777560959 -0.0019105670241231320454 0.29606811051736292573 -0.092406214643943454523 -0.95195159925093919551 0.29197473208947710699 0.28128467399920242809 -0.3062425548764026173 -0.90944732104502490344
4.4443325088159904013 -2.3495959746815211489 3.4291933843681716709 0.72382178534606655962 0.00030111109391946786276 -0.68998690740517854003 -0.11851021182981166802 0.98519347710036964116 -0.12389165577683761144 0.6797332953081069995 0.17144597403023553728 0.71314018624553499048
0.44980553982281351599 -2.117236848111997638 4.7594682080403734048 0.96070068905001326787 -0.0023376792144997838793 0.27757651434306118698 0.26849197558568216326 -0.24603824298563095607 -0.9313308982497954247 0.070471590765703640002 0.96925730239421292733 -0.23574146145832311494
-0.13361976324503138658 -0.95423947542749554263 -5.0883971003774535191 0.86309360237785648362 -0.0059175620758713486091 0.50500932267974152357 0.42443415214502477895 -0.533445527961096011 -0.73163619319396455687 0.27372446735230793191 0.84581372131062304565 -0.45790180695779725273
-7.1443988844605472721 2.9282886913225949499 6.9734498323839924083 -0.76426029117707683369 0.015017805380125946735 0.64473302447717228958 0.53942003166575447359 -0.5330397783030169645 0.65183941594871952496 0.35345754591975359071 0.84595689031311294137 0.39928023112109789494
-4.0058597604756309707 5.1530714334331735316 -5.8295421866745531503 0.96021055023640378145 -0.0023518847547457375283 0.27926719795363225129 -0.25375858368886961003 -0.42494223119586982396 0.86892501480307304806 0.11662881470294135522 -0.90521741520167564587 -0.40863082457964816641
-1.0332809580525144089 -4.3701955992211356516 7.1450668888593966699 0.85986660222362609751 0.010024668857871224179 -0.51042034872710673188 0.26478834352549734943 0.84605513686901212544 0.46268546390689563319 0.43648202656407786293 -0.53300113638907054003 0.72484014037212851633
