1125 14.717824617146108679 14.977075390850430381 15.033177056927090831
-2.4817195332343868763 -6.4789768131471072721 2.7972664599026231258 0.97636923406770570466 0.010507680652793015968 -0.21585343966046879882 0.022721852657539863551 0.98828979952332762782 0.15088734065524811445 0.21491122859860836702 -0.15222634727761166773 0.96469700062596186463
-2.1519653759943149218 5.7813854683352330355 -2.3108840824460457064 -0.9329093201983258421 -0.0037757019399578691486 0.36009157774368000249 -0.31872827438949802303 -0.45675125156539947424 -0.83053632148035527738 0.1676081364128099993 -0.88958644226875638328 0.42490407663367968372
1.4444735420113903324 6.9296628081657347664 -7.2156640175156558925 0.7059180747376926357 0.0088517051559561625573 0.70823817962204616006 0.18954839903053136152 -0.96581218025485371381 -0.17685654326680133597 0.68245957842469695542 0.25909164360737407806 -0.68346210138473695306
0.47201786997415268177 1.4188590267206815376 -5.4095537231733112904 -0.16371215444854381182 -0.0065214409392422298742 0.98648659458397069955 -0.98650503094862629361 0.0035969167055975304059 -0.16369143564409269209 -0.0024808060821808180368 -0.99997226611456679901 -0.007022293278852991677
-3.5753980032638188469 -1.6422661553350392794 -0.90857718673427123601 0.90548102306444544496 0.0017569360509415493307 -0.42438311706041986771 0.35430465595317339744 -0.55358317337342299869 0.75366695623981128094 -0.23360720802258755358 -0.8327920408683147091 -0.50188154880041724315
1.3925771194982468071 4.5591702144855270618 -2.9464835211135058657 0.80078364882122132773 0.010834205345446365487 -0.59885571532311920873 -0.37648368823178829379 -0.7685218076039745938 -0.51733380300591014223 -0.46583857748797979914 0.63973185885315286825 -0.61134079570427557471
0.3476212876993825529 -1.3926891148418176769 0.093324258052346842351 0.98449787617545159168 -0.0062833490761670498029 0.17528391634839457502 -0.15881447868184711547 -0.45609366839422710305 0.87564634814051489631 0.07444389274521180655 -0.88990959382127821087 -0.45002113467911963873
-4.4861538427959049002 -5.8027268029412919503 -5.5624306966645598038 -0.98987111794647297813 -0.00075714104220184815647 0.14196688555072442539 0.10039233018621038229 -0.71079351162919346407 0.69619965804765893136 0.10038201978097988087 0.70340032027518362145 0.70366997913891604632
-3.8057555047215956279 6.9367163264993125793 0.70514249058286626592 0.89210370305486363929 0.0022781521438574800498 -0.45182495838391251164 0.13579813761329881383 -0.95510553060976211004 0.26331025657851908628 -0.43094065579444190695 -0.29625704282174747384 -0.85236254948347367488
3.0763750419231663535 3.251891090924508454 -1.0182431308211059573 -0.99940412550380663959 -0.0035565639667203305212 0.034332852760201704179 -0.019834166373697531549 0.87323293848515848303 -0.48689921029805383057 -0.028248889715643783066 -0.48729004299017403268 -0.87278314272934676143
-6.2699121410672011834 6.7429550127720148112 -1.080937998600012051 -0.93375385822884016118 -0.0013190335305755542493 0.35791338671992994902 -0.34063345902320535385 0.310259332234398999 -0.8875291507074216657 -0.10987528765231593941 -0.95065104371272657335 -0.290155155479474125
-5.5648810090989302424 6.2215740808838644327 1.4641001012817438376 0.77494634636204628997 -0.0029656430643076152343 -0.63202006710327973682 -0.53029856483055337613 0.5410063970178017323 -0.65275991798241495001 0.34386275226988327613 0.84101324802102506162 0.41767825446668294109
3.8047480703907337052 6.5465431759795347233 2.6635856443680521188 0.8849530756360610706 -0.0011153844446947754412 -0.46567886986614392963 0.45311328741313156021 0.23280849203214007415 0.86051644656424730595 0.10745418880584772792 -0.97252195962629994774 0.20652998657048823872
-0.93166660210997898073 4.8566358368204678442 -6.7999522171524375835 0.72750459443726922526 0.007477191462584860393 0.68606206474388953254 -0.55415284323471480921 -0.58317979918340390189 0.59398312110645246076 0.40453886266675226357 -0.81230869343635281332 -0.42012247638054828203
-6.3792317276361547584 -0.85659927700593541111 -7.356469596523294463 0.97104897830898750932 0.0038480267797881377578 -0.23884948066702280101 -0.01323602457064101956 -0.99746749971293013903 -0.069881289841791871531 -0.23851349936345536684 0.07101957269860330324 -0.96853886391567023395
4.676467335062200803 2.8693078783394545539 -5.3706998318141927484 0.90127107712492626757 0.0023276975440378998988 0.43324938241409194362 -0.42700855231844664361 0.17397377278644432508 0.88735383169809567416 -0.073308538281247226376 -0.98474753526291991523 0.15779147634920773213
-0.62046461107697370441 -0.21475485624155862818 6.3899644702880333824 0.63145636523234283111 0.00028927553022973389631 -0.77541135865244914527 0.60279993746621640671 0.62883117594029147579 0.4911248187134181209 0.48774490689123578546 -0.77754181140646227988 0.39690507343252012795
-4.8104525417098304985 -2.9169073189905101451 -6.4096496983626822797 -0.73056555506629361485 -0.0079621361474573222605 0.68279614391017717789 -0.64853382184228747231 0.32106060093545685241 -0.69016227979640287771 -0.21372377424460406448 -0.94702518177455019543 -0.23971953071803511759
-1.1353894032467086728 -3.3276694956295491679 -4.3408527148117928007 -0.72022487483511510309 -0.00020654346547837394883 0.69374064823135461744 -0.67909062787775964498 -0.20421367364965778424 -0.70507637502839737298 0.14181695525338355868 -0.97892631634583038291 0.14693950581228790164
5.8835397794202402011 -7.1537742578722385289 0.23981258277544950652 0.99752715410415171426 -0.0070822819801575551124 0.069924374195941829679 -0.047706295591838226988 -0.79883252487693712229 0.59965882513266377529 0.051610911497871128639 -0.60151179413258082374 -0.7971950045841937893
4.5275655096971849645 -6.5294083251934651457 5.3584758785667201408 -0.98100466316352807894 -0.0092129368718526782889 -0.19376525138838557316 -0.191794258164893483 -0.10360109396506211876 0.97595172824490672436 -0.029065673678528018697 0.99457625907891933359 0.099866167895714119673
3.7238967730722203342 6.9233849230216977233 -3.3991775674612143554 -0.97119298647406049341 -0.0014713875801816616098 0.23828977745987695025 -0.16713336307536441616 -0.70857419678215793901 -0.68555747140680534102 0.16985470841397934394 -0.70563477994863799125 0.68791637235670555217
0.66626958774695166365 -2.1661506333828723925 -6.9783471081009889048 0.95813475035889239528 -0.010563525624655564078 -0.28612272206381977879 -0.28617160272185399039 -0.0034167546592972792424 -0.95817229117903823798 0.009144066406937557609 0.99993836695767690514 -0.0062966924309197178783
-2.8652235573393709522 7.2664916537831505394 -5.3246222456291469882 -0.99206069327412560455 0.0023513051195875544173 -0.12573803014516354848 0.028082314015813000796 0.97872104988224373212 -0.20326458165873848016 0.12258451982230736399 -0.2051818166447147429 -0.97101671335686767783
6.0135435036781448304 -4.8284250567487863037 -0.30726695778828944094 -0.73368706568019659287 0.013244767501179630087 0.67935842218037234552 0.6615207804655077739 -0.21447178605832367682 0.71860427913926638865 0.15522096078128674868 0.9766403786035661172 0.14859348644983677579
3.9232883987942321902 1.6008153797075082014 -5.7070259189580161419 -0.82861469277227861596 0.0057529730695995663289 -0.55978977681145847267 -0.54151804258993962993 -0.26182578751347146406 0.79887762926652827744 -0.14197147766857637352 0.96509800553815794366 0.22006803319608220226
-6.1901198904996688199 -7.0036826196365256081 1.6304536846618631341 0.89150874526076695492 0.004048543052562676367 -0.45298539316725611181 0.27065949506680431202 0.79709306530795231982 0.53980189233483444333 0.3632569267803368307 -0.60384290551204333752 0.70951966189027759757
2.5936621227219585073 -1.8473892987161146806 6.7924520016584573057 -0.97789816037189680742 -0.002494257234664643344 0.2090668950886555022 0.0055540309822939542411 0.99926608972512431794 0.037900325398407465338 -0.20900799190706123576 0.038223822497282546051 -0.9771666176823682326
-2.22990209566816322 3.2782086041857363412 6.1600040251574998962 0.99268113245622080498 0.0015605882014948623676 -0.12075485013052163208 -0.10257218839928497478 -0.51688396831937044595 -0.8498881746802529058 -0.06374257158725175898 0.85605404494046477559 -0.51294089007267207325
-6.4832304517778940323 5.2319461929951707191 -0.49934614542155508765 -0.89110382387368369805 -0.0095225653667807101665 0.45369956560094748532 0.37539918231977581486 -0.57719966547237666621 0.72520066194954890815 0.25496946678237991657 0.81654752888447468262 0.51791959229342687809
1.7718211403873018739 -5.0899063337232464121 -2.8561586032255603662 0.99891570743288704559 0.0047295886368231686986 0.046314581236256341379 0.044800719169369562778 -0.36820712805920652322 -0.92866377468289640351 0.012661161308129751518 0.92973175800208440744 -0.36801977277937719668
-6.2628273929048292601 -5.276492810619385132 0.51948687272381233182 0.76822838559069461795 0.00028376135131243269971 -0.64017580948704888577 -0.13526839523629238804 0.97749336973660494454 -0.16189247472087781032 0.62572167041193937909 0.21096594891247552606 0.7509765373008907563
-4.7934014673612672652 5.5746770009356296782 7.3656587379744733468 0.36644717662508979883 -8.9203180519759669304e-05 0.9304388527927848207 -0.32869285584017454704 -0.93553514675555593527 0.12936381141830916031 0.87044670903114984561 -0.35323360716083657129 -0.34285353361033482633
5.3431895066966479391 -2.2027570696744027678 -2.3187813716938112663 0.97729915809881473532 -0.0050863277143875472441 -0.21180293871857366894 -0.20605871475982870389 -0.2552417689833304526 -0.94466472647064436696 -0.049256082375295613673 0.96686388320006422248 -0.25049564809075031135
4.2616115447279367956 -1.2006638620561365105 -3.5193992618826750451 0.96602718557849975856 -0.001221740075847758001 -0.25843758255049953387 -0.00032752353817247178459 -0.99999381044715207612 0.0035031122915778444005 -0.25844026283005039346 -0.0032994573163594360411 -0.96602160645084012014
-5.0757107020653524643 6.5416268014857834601 -3.1012466553307818096 -0.96919183412297327251 0.0023362757872488516819 -0.24629602206404604958 -0.24537313372470237471 0.077840222298442326987 0.96629856930380086943 0.021429277059436351721 0.9969631094518274228 -0.074868848506815674493
0.50258711098169894793 -6.5457030425733613299 -5.0368424546311629797 0.81985088343483980555 -0.0059251265621180354559 0.57254643637555546754 -0.37635320229811980441 -0.7591677775536594952 0.53105795601235539216 0.4315122200483396675 -0.6508680191861521136 -0.6246343134583237644
0.94690303765929617619 -5.2173662937076112911 -5.4217714918748312058 -0.9436224895407989699 -0.0022557424216023548406 0.33101587402854493192 0.29090160201586923172 0.47153890042028956398 0.83248262644635140362 -0.15796472763682375962 0.88184237651436125915 -0.44429851204579506874
-6.1575129243474577834 7.369372062428341863 -3.9377926999111725337 -0.97789637285744746009 0.0059954254292232450271 0.20900415982981396246 0.18886057550613835621 -0.40361195845567598983 0.89522570897576503324 0.089723837254745239522 0.91491061960472719328 0.39355837071861998755
3.6442170367336177428 -1.9613770494873639105 -0.028880453650773758173 0.78122410793073826518 0.0042614907331255374306 -0.6242361194970112992 -0.5913090640995977143 0.32559840011127855197 -0.73779351620801592038 0.2001061815676723199 0.94549855713363506471 0.25688517776765812384
-1.1741215189726932344 -0.69224897729391487999 -7.0852267508157442677 -0.9105040557931367573 0.0014296069097542824736 0.41349766699270368298 0.32989096323846273107 0.60542822136427498769 0.72431251621737380297 -0.24930767488768659779 0.79589862733872984712 -0.5517164654442943128
-0.88669247859560229585 -7.1701294701460538406 -5.1646956243308643764 0.6099431189594163305 -0.010574940755100110598 0.79237463504457916752 -0.69276826596795793023 0.47837830420825816491 0.53965389624327841922 -0.38476164219132624744 -0.87809018255011506149 0.28445757154164652558
4.8868200441385454269 -2.8930360087854656292 1.5593671642751605333 -0.98122899790041540058 -0.0081930851477543253925 0.19267207123815224823 0.081891748233273720103 0.88683854028066766428 0.45476493383291616279 -0.17459494623477633812 0.46200679305454361856 -0.86952074611296759077
3.2803040072971612062 6.1643276855101918343 0.50544684081201129988 -0.89814914442984816745 -0.005172452444995419979 0.4396605054990391781 0.42056145091289887095 0.28162793843219341428 0.86244638691368780137 -0.12828164469640659928 0.95950974462489257988 -0.25076855784535601046
5.7335644540026233784 -6.4035587149950448094 3.3816989416426834758 0.91122845281984343746 0.0015823240395285318935 -0.41189829208453426768 -0.029616144772643803601 0.99765609869787563735 -0.061686244006839710541 0.41083523551456746503 0.068409100136536546422 0.90913948560064750115
5.1234759582154314472 0.34809755514257634257 -2.9559588794714795057 0.49076372667154843921 -0.0027020522309181916124 0.87128850761230958177 0.81699006452911682175 -0.34608255272922799906 -0.46125275192364134647 0.30278407990549260909 0.9382001735291827238 -0.16763721348682911194
-1.7697482439329661474 -5.5758458880929504531 1.9799740524838365108 -0.76121959378961134846 0.0054048979660238300263 0.64847167795416205127 -0.14936336073952397041 -0.97454161867210831183 -0.16721010718414042184 0.63105888512829999559 -0.22414151903188994641 0.74264746882134458072
0.23814620157863095051 -7.1681366505780301779 -1.0312106186666820662 -0.70987545075081548429 0.0012693183788994037882 0.70432608446101407917 -0.60251010537749671858 0.51680571855615986543 -0.6081886402963705418 -0.364771733196647574 -0.85610176854068131824 -0.36610291526045840582
-2.4685833403932386787 -2.2959967085552026589 1.6305811080692282911 0.98221186522034109601 -0.0033533844246849842802 0.1877461228181692976 0.005414329977456038695 0.99993057617645308977 -0.010465555808431217452 -0.18769799373263418296 0.011295912552146123928 0.98216183264692213939
-1.9576447377715526788 -0.17087310069771566301 1.5805013741531579452 0.99852219537391551096 0.0037151393764242712087 -0.054218291056671301387 0.053990555065361711673 -0.18164083107787942772 0.98188167741796428256 -0.0062004281643665316859 -0.98335792376157682426 -0.18157298385453740641
3.4547093071458641056 -4.7262433909393104514 4.0784598910240239533 -0.59975403775107039017 -0.0039471207614839593641 0.80017467745408465962 -0.78528594754358116425 -0.18916439099584811401 -0.58952761917467755293 0.15369149225606276721 -0.98193749975080157899 0.11035248883123874308
-2.1865432562749544942 -4.4550018437194971455 6.1047448779524806639 -0.88543042567989749259 0.0092488272273554723857 0.46467991184838891572 -0.3116042612810007717 0.72999873274072257789 -0.60828006259338007755 -0.34484162398413559236 -0.68338591541818793917 -0.64348111470042590465
-2.7434663415452957835 -5.7199638617391732609 -4.560777377416656897 -0.98759529564887860165 -0.0053205922744311278522 -0.15693063216001201798 -0.1510071963461589728 -0.24175759070076466295 0.95851452466319264634 -0.043039036513016853958 0.97032209015174908373 0.23795521154125498509
6.6881952056771405424 -3.3592499837724667522 3.9408438887839807308 -0.99996507110236620974 -0.0011822227860303884811 0.0082739908373441663908 -0.0079464404128256130311 -0.17234726904358252386 -0.98500419945203643302 0.0025904941337581170388 -0.98503554311635577179 0.17233185468044637245
-0.60039621555701805367 -1.7031569909621460113 -4.5060904837335806761 -0.98123899546561288432 -0.0014110801149258660192 0.19279015179895678256 0.18165064844614667305 -0.34182462181978673366 0.92204065519746480906 0.064599347495552780773 0.939762702372613834 0.33566797215768956475
-1.247646535952525948 -2.955356038771995042 0.11933785748769301649 0.97188468798177019004 -0.0064179589400047559744 0.23536984316075387769 -0.18432344356115562545 -0.6427404434119501353 0.74357890674513438256 0.1465094584668135691 -0.76605713377375583839 -0.62585257559118256943
6.69241948198897596 -7.4450826313272413515 3.1790437177229802224 0.62828992414462181415 0.0020475661597912009002 -0.77797659263705243315 0.46386680889583004062 0.80181327334957974706 0.37672676873976818079 0.62456333131487729027 -0.59757115237700819677 0.50282140271044906132
6.1961361652896922436 -6.1983746603516207685 -5.4572491106003750971 -0.98896949944332390725 0.0059820039732180326983 -0.14799846215197320909 -0.14790216209139050996 0.014201859073001466688 0.98890002409122790272 0.0080174571757406463968 0.99988125436337915719 -0.013160454137315069287
-2.8278422191106966643 2.2300420966130118927 6.5533695239181177783 0.95559086577592189382 0.0094698352445985387038 -0.2945444269818344174 -0.28466156922983709698 0.28826465821393154609 -0.91425996184259816779 0.076248857363379357599 0.95750394727404564144 0.27815877247638853831
4.6466594403689738257 -0.040925120064826618627 -1.1515185512597980733 0.99710607233663217652 0.00041355370612043522438 0.076021769794396426567 0.048554970127399593727 0.76598945671854279382 -0.64101682276819427209 -0.058496969026321954388 0.64285300121355970493 0.76375265855208007704
-0.80328440278648893802 -2.9368089833729591476 5.7024836438430188679 0.99381772270717472217 -0.006108555525051330426 0.11085585046554895239 0.0026165599999597166647 0.99949658504334226716 0.031618508826395191891 -0.1109931873891986942 -0.031132973453136252029 0.99333340340346165664
-3.1495782850264153474 -0.32570379233979818157 4.3990088714815183124 -0.93626339330702590402 -0.0069529046538536840721 0.35123000365860956862 -0.25758692007267164348 0.69342231648367846919 -0.67291490517736662902 -0.23887200957967869019 -0.72049784740780054015 -0.65101690832120850949
-2.185796833369070491 -6.1127661305602591924 4.8702334885769893447 0.99874562014480017247 -0.015271350686379456252 -0.047686183427244066557 0.03857720226049938389 0.84182184539719751015 0.5383751295128080816 0.031921555529059529588 -0.53953940213889117761 0.84135500701680177027
-4.5009042952464257681 3.8944857830800780896 4.2520645491564366125 -0.88022146097994657943 -0.0049903260146497100541 0.47453690718077340405 0.39754926247350519386 -0.55382950391207053098 0.73159241692578014238 0.25916165522161255241 0.83261514353433363489 0.4894765154939020313
5.9659130500118857654 0.68274219453993312268 -4.2524710037484299008 0.95916170702926828451 -0.0049104757922472028198 0.28281567671582263923 0.10284384570819499194 -0.92536533749499083612 -0.36485906260190670292 0.26349945572742672351 0.37904469313039712564 -0.88706998452263019495
-6.0189938759512404687 -1.802911676527747975 -6.7414439471738401011 0.66342283333238427634 0.0026880023307386488075 -0.74823988055756762705 0.19887902661356987588 0.96339013786466209943 0.17979592609009659165 0.72133021355450233081 -0.2680899418270398793 0.63860042757950741255
6.2865198986188053354 -1.9030169095796403145 3.9244751228140675181 -0.87162916420655101035 -0.0055658799764240771482 -0.49013428882782295037 0.15803031975205605875 -0.94973286725443395451 -0.27024784716195404677 -0.46399247638695284568 -0.3130119835353001867 0.82869444309684314742
-5.7040454316898365761 4.358422784641768466 -3.5834735712660439333 0.90096136162592643792 -0.0026049444899694370811 -0.43389150616415533834 -0.27189023592201277957 -0.78269983873423965015 -0.55987200506521406229 -0.33814837640812406283 0.62239390799527394282 -0.70589057142229849617
4.4836136613551769159 5.1261427988466339301 -3.0742100810006105505 0.85111157751661692394 -0.010626474664458675917 -0.52487728151767043538 0.52162448736281974426 -0.095822823986356261972 0.84777702291743961549 -0.059304104416395900246 -0.99534168225754215964 -0.076012885485750039671
6.4643911952456134529 -7.3144754849317514811 -5.1990767407265474631 0.93453449709136171553 0.0064629765318242830135 -0.35581386100107903481 0.22028956684012607203 -0.7957574776247886561 0.56412989953173287017 -0.27949558223258430534 -0.60558093326871764717 -0.74508654045944122668
3.0484339890296747733 -5.9855858444094200976 -5.7065924339187015235 0.93856585363343802975 0.009704937574057465044 0.34496369748131500144 -0.039543580392344082619 -0.98999602943457187809 0.13544063996309813058 0.34282713376139278827 -0.14076105956738166336 -0.92879270048078321764
-2.2836180246975814612 -1.3632344088817482941 7.2766893089037738562 0.99447505190037721601 0.0035634033313304402241 0.10491269372382651393 -0.026181015304853613029 0.97626026754611472391 0.21501266113520789425 -0.10165591761080210176 -0.21657144818177817558 0.97095977375338593518
-1.0423406167526971799 -0.6559738759175355316 -4.4769858841815741712 -0.58055386727615609921 0.0031192993805042885241 0.814215866439570779 -0.80413589025295317825 0.15471312637571876802 -0.57395933526168796401 -0.12776023324048549346 -0.98795451236298992281 -0.087310963251529427609
-0.05266234757160159069 -4.0557491573836150778 -2.090397602225532836 -0.16540246708153572008 -0.0006583902121210941441 -0.98622593273835212901 0.96246297197267494106 -0.21830384409037245641 -0.16127138381271219347 -0.21519073275780081778 -0.97588062701215116945 0.036741670586232809403
3.5072210492123572223 7.1573853178263684427 -4.9577388513158293648 0.90470970997034916294 -0.0098893147303438927453 0.42591377312731582006 -0.41311630082577399659 -0.26463086938993501951 0.87138133154094943311 0.10409256783007728164 -0.96429907415712312613 -0.24349955421401014988
-5.0705647773831898917 1.6089582366858135032 -2.6548805523862251121 0.8846220210621754676 0.018227407823319271424 0.46595240256473779983 0.4553531585330921061 -0.24909344895601714942 -0.85475490914110774376 0.10048572468627574306 0.96830791347128741808 -0.22865345797309885589
3.747601799299561165 -3.5895549394832775292 -6.2037403519033205157 -0.82783143274399151323 -0.0030650027056350272366 0.56096855947499790762 -0.36671728886022864069 0.75968898132887818786 -0.5370205598472369557 -0.42451566403615564882 -0.65027936873776870375 -0.63001840733579372866
-3.4348949997965236847 -6.6840834621365452506 -4.9472193323681512567 0.99210730112069633879 -0.009687014193454475397 -0.12501705811246086042 -0.085172493785690472912 0.67965214071957780195 -0.72857299834504729574 0.092025808148585630519 0.73347060566281729876 0.67346278387399893806
0.68343349170252853941 0.4200806550453293764 -4.1808328774528247251 0.78323362524944006857 0.0011424329257957762784 -0.62172645361580003431 0.61465918940043362539 -0.15178351339482315518 0.77405157835068338912 -0.093483523490910241938 -0.98841310184986963527 -0.11958415834546436141
-2.7613607734307747954 3.5642455769478358363 1.1639703878760909728 0.78194322830793283607 0.0044001097588859663587 -0.6233341212683831678 0.37066174917039745873 -0.80726233424497184643 0.45927920855541226608 -0.50117327882206796907 -0.59017638273949135641 -0.63286426811069484977
6.5777545568651278884 -2.0023552800533832574 1.6706197204294415126 -0.99878731128888054158 -0.0050543091452714562078 0.048973061649592100619 0.045390186983004059129 0.29074697653377085116 0.95572272472834074453 -0.019069287714148466795 0.95678662699449978923 -0.29016497492038756389
4.9120302759445326757 -1.6952065093084842662 6.5059933929990343415 0.94945301223770595112 0.0034719687137768386054 0.31388998548218072226 0.3126625576421691588 0.07856770199289646317 -0.94660933930119850466 -0.027948212848096926075 0.99690273429090225932 0.073510786703693306587
3.7488192878740398406 -6.736381594855050281 -3.2649566945041539334 -0.86221151121172767695 0.010498719009495460081 -0.50643961815140781102 0.49180691770434165067 -0.22209129411681133304 -0.84190344623108326338 -0.12131473790236745047 -0.97496935027552988906 0.18632632769149504171
1.8666472737189674369 0.7552490447478278357 4.1588060149814669586 -0.95096098775820803173 -0.002155857182291486332 -0.30930333338279836219 0.28536993451160841406 -0.39186564745715590785 -0.87464582250177946854 -0.1193197395183135251 -0.92001992729659265446 0.37326415999730222506
-3.4760744939753780436 3.1906897444819382059 -7.073874187893847143 -0.6590085365419086072 -0.0045443250966481262346 0.75212173075522859023 -0.11846824950614140426 0.98812664459760546354 -0.097831529146457471557 -0.7427469438670197821 -0.15357435770861666002 -0.65172225221376944848
1.2715660723745627614 -0.17238203248767389186 3.4171193944704194578 0.99186292804563724879 -0.0091152228340687525138 0.12698363942395432535 -0.11069617913049517588 -0.55441609986244055897 0.82484492126658337519 0.062883128854849201783 -0.83218970248744283946 -0.55091379650492233733
6.2444245616261051524 -3.7446226908860151816 6.9245574582832292165 -0.9879079388847984422 -0.012969528911484862546 -0.15449820584171597426 0.15025757960859034701 0.16554284349661366194 -0.97468878455499108338 0.038217326681128295507 -0.98611731466740570884 -0.16159231929292008911
-1.9463837584371348477 5.0670680163584398414 -5.1651602102151823459 0.99314692161511419766 -0.0018831064333278209506 0.11685737459202699684 -0.05017198934304127611 -0.90991987249390959835 0.41173850576070158969 0.10555549995971862109 -0.41477979645934237585 -0.90377859947970640153
0.057302511164967970259 -7.2578525715336308366 -6.4496010705192734491 -0.9998750450360661679 -0.0030684338052225047441 -0.015507386244140924231 0.007694283694264129371 0.76247112151524454315 -0.64697649636877485602 0.013809138733932227808 -0.64701497167311239345 -0.76235223756361414349
5.4627339995086074964 -2.7657628299710150799 4.7927997660859089635 0.99538589287432699404 0.011338445815342729911 -0.095280448746625764911 0.071497344400507714668 0.57460190815703682254 0.81530410086409543791 0.063992609030516234281 -0.81835449946145943922 0.57113996463282323823
-2.1381594513073953756 -5.0877255192103669756 4.2726174445751476938 0.9530338810152375606 0.0080557383102974524508 0.30275654694392295507 0.15271541849660438817 -0.87604123197361338793 -0.45741639764627478604 0.26154239157455511089 0.48216891745793377666 -0.83612721068441375749
-6.8182150198602897717 4.1106029132741515042 -4.4879410737807576837 0.68266653615433980917 -0.0085249971218019238856 -0.73068031644423003801 -0.52936520770084227738 -0.69506752866151899628 -0.48647056177767517005 -0.50372500165353240043 0.71889391082725362381 -0.4790121790567883342
2.0933156533067696081 -0.61061720919527717744 -0.18985280770466073097 0.86821191165387834321 -0.0013390689627726230261 -0.4961917808232275684 0.37894581473522881421 -0.64377296212748846838 0.66479804657380670019 -0.32032506295457635614 -0.76521538152856138915 -0.55842391954069170446
5.7290916913459986048 3.2543820345490126478 -4.0589536873453404553 -0.99998222871402475675 0.00090047697130022719483 -0.0058933349766264377795 0.0054273726234332674359 0.54655359476917919626 -0.83740653906643081061 0.0024669581126543389804 -0.83742364260028556711 -0.54654876903305715796
1.911957864207335378 1.8089333501349211808 3.8168066729591609842 -0.92454792065597735107 0.00050319590658073117678 -0.38106546577278488375 0.13951853048301118831 0.93101101747686676458 -0.33727298289141105503 0.35460643263000474201 -0.36499072882816813168 -0.86083450546952433591
-0.43423082056899003911 6.7366341120281090227 -2.2675110527080679645 -0.92505819448011517014 0.0015565746906264872271 -0.37982221354275502723 0.32588163150166438164 0.51693563660886354683 -0.79156724910379461235 0.1951115042100132202 -0.8560228528953499616 -0.47870280576348561707
-0.3080000672682590146 -6.3558459051531190909 -2.1659138202700818354 0.91983109592608991445 -0.00088862651879981213732 0.39231360581858276682 -0.2060201200073728256 -0.85210775803058480538 0.48111129570620242424 0.33386593884310244995 -0.52336562654312679399 -0.78397828785848167055
0.13540753161558474749 -6.4187022398832160874 -3.9391245167385884329 -0.75720020529624942895 -0.0056898947732219404966 -0.65315807749495380374 0.12623223357834698066 0.97983619906287633405 -0.15487558300760959074 0.64086915381004094794 -0.19972142625066732768 -0.74121392296102761588
-4.6942210027355590896 1.2531402023066005036 0.5220003711825007553 0.94580221935755215412 0.0046594828742639038399 -0.32470979516741182991 -0.12543178346162237036 -0.91705793254552070426 -0.37851237239078533436 -0.29954136535034647792 0.39872677057679073442 -0.86677098063410507045
5.3029914985953423567 -6.9531842319019760978 -6.2926580877398805569 -0.99947145142146709418 0.01453514886091737332 -0.029078295015406124824 0.013724396072343367226 -0.62219403048802324196 -0.78274276066755754666 -0.029469624121479857243 -0.78272812513195944017 0.62166568457774129541
-3.8832544830509432288 3.5001839501616447414 -5.5791314088052041953 0.96504600850871780082 0.0031794012836686520382 -0.26206123877603082484 -0.16405342830728722459 0.78712157422265682793 -0.59458060854177052779 0.20438364445814075077 0.6167896876576191012 0.76013012509527411176
5.6030732034345618331 -1.0800581014272765401 3.1163053154472182271 0.95906315033055389296 0.00097329915715985149127 -0.28319061842997272915 0.22667699017197878719 0.5967777839695134201 0.76972320913883229831 0.1697510406583015441 -0.80240596286987475594 0.57212695701758231603
5.2104200579122963433 6.0410593518240025546 -3.4639435235741244945 0.95245840427996897315 0.00058503842788548959114 0.30466809128378785632 -0.30397133428877093353 0.06944354641633923575 0.95014684222594114615 -0.020601360323827564575 -0.99758571140089546958 0.066319924318798198493
6.2999715816947210456 6.9401547115204209604 4.4653340802044372282 0.99998363216004593212 -0.0025950827086637720531 0.0050991134256173978323 -0.0027365114373305785 0.56574227173187252582 0.82457758487651877655 -0.0050246310457120035159 -0.8245780421047778086 0.56572591027938146091
-2.9690545115876010307 -5.1153961865599173464 5.6584480147833540187 0.93636230510173068531 -0.0025780509395161100086 -0.35102562191083425125 0.083350846936147832134 -0.96974241735256949681 0.22946084699165289478 -0.34099599689675019754 -0.24411677050226823771 -0.90781536253801686787
0.90193900340927601889 -0.88709189612341809994 -4.1872409989032162159 0.43403919466706819552 -0.0048203541653219113272 -0.90088109186421194696 0.48163600563333025528 0.8463220251246179604 0.22752096137858313085 0.76133877844910713417 -0.53264978548278008041 0.36965858634001891314
6.5121475578880279045 5.1620365651348896208 0.68227194681369041085 0.98024330487695643388 0.0056771795893246932915 0.19771401790399106835 0.13400839607156209143 0.71614883814062646472 -0.68496174448808089252 -0.14548131504137162828 0.69792450255155724648 0.70123931415178131221
1.645017944219074213 -2.2093683881224124299 -0.066121950383532190898 0.99522995277656001178 0.0075441369879423120573 0.097264726870897738609 0.073981644983027866624 0.59153926579994753343 -0.80287484281325249835 -0.063592902919783117488 0.80624089639123308615 0.58815946790331063987
-3.7191082482501180984 -2.7162905659991984919 6.8760966302046186982 0.86829825573999563915 0.0034947614454281408607 -0.49603016614041256505 -0.34928188448370234287 -0.70573897836716692478 -0.61638839994335048456 -0.35222195310681292391 0.7084633237194228883 -0.61157126706052744591
-1.9048078874306018093 5.1947967635668099717 -0.07108512712752769469 -0.73803145570408790199 0.0012568875114742682556 0.67476513738125210029 0.66646461027539072308 0.15773777636111527278 0.72865884826796734064 -0.10552011013002568496 0.98748023481101410148 -0.11725311175285639542
-5.5605676733919837673 -2.0098630782982724874 6.4615479484823694634 -0.96656963330740064411 0.0056568475803488935116 0.25634184996470776863 0.21779109233586096961 0.54572618069098910443 0.80916622260661696941 -0.13531512874405704494 0.83794447058497023573 -0.52871436537054539162
-0.10037239929693121676 -5.1887760882160351983 6.6156223821354931403 0.9694298998490400443 -0.010465409088458050083 0.24514514984269211717 -0.20689339078362298241 -0.57198329260833302712 0.79374444113138031831 0.13191206968583910064 -0.82019850535681415593 -0.55666293004088773788
-5.9689618216991462418 6.6592897432567497162 6.0794872978791048013 -0.98566874934321557777 -0.0014468308117253042382 0.16868616792348184452 0.10855511842721952964 0.75996998487109446163 0.64082868877586962597 -0.12912359517676896825 0.64995655914498040584 -0.74892160363614701524
2.3293141947205562303 5.639457036495810982 2.7573628505967175961 0.99198785098481645495 -0.0097117436907224168746 -0.12595945987866516425 0.12443454093678769923 0.24732505921239086866 0.96090913207626316161 0.021820827672099613048 -0.96888389248674244847 0.24655193035069516982
-1.0317564299876631484 -5.7846435955699861964 5.6898348574665691402 0.99999725191235822042 -0.0010608147409314930103 0.0020906554029605081343 -0.00021072557613428192363 0.84748742390235609623 0.5308154311265572689 -0.0023349009957832397161 -0.530814412953764303 0.84748487139177486327
-0.67075622848164295764 -1.1993312831967055665 -0.88509836594065349757 -0.99974282203711772876 -0.0062835145559718740341 -0.021790071820254500873 -0.010109681890510070768 -0.73660281681122052877 0.67625001633847203752 -0.02029985510245186503 0.67629639043145295396 0.73634985446614087401
-1.5406839228918158824 -7.3054939903923443723 -1.8014955677452033633 0.99668354532399683343 -0.0089767583859362530541 -0.080878478530173963934 0.080554523930519011943 0.24963076537664605214 0.96498468881726229274 0.011527322100402682264 -0.96829948816794819688 0.24952599475567688314
-3.1726187506566581042 -3.7711310327691367483 -5.9600650163209198951 0.98525620481627695924 0.0041903973361758078964 -0.17103406514826205442 0.0047689874986053875858 -0.99998421133931236771 0.0029721760271572365136 -0.17101891015097753224 -0.003744014191144750571 -0.98526063289294352199
-3.964675699137796272 0.0066980962600115892536 -4.2892253741976098524 -0.90569569256168858118 -0.0077968642006022229052 0.42385672270695112784 -0.41750933524113403861 0.18973850197449865229 -0.8886423666779619257 -0.073493315762275843173 -0.98180370226283397717 -0.17510060754076842149
3.330559463879795068 4.4240284304967740781 -0.63026852299017466219 -0.99231417732387450226 0.0058301232804950859148 -0.12360656594447724799 -0.086949283147711858843 -0.74359162859572780491 0.66295649332550177224 -0.088047689590017796935 0.66860862957705768927 0.73838344023482826994
4.9675714155976571362 -7.2122850596660166289 -0.8444799473351141117 -0.95842132273533242603 -0.00057356822982363754593 0.28535633713971519931 -0.27313798198257077665 -0.28764831157623615976 -0.91796192276466093141 0.082608782370926003846 -0.9577359343090078303 0.27553161199466047471
5.922120950476097434 7.4769650539107646026 7.4547231021359596781 0.48784968850054466483 0.007669541165810297989 0.87289395665684421655 0.6186508344151246952 -0.70851236538576922719 -0.33953110781323825318 0.61585211415348961594 0.70565671982470523638 -0.35039230479411864749
2.7943393192779844014 -2.9066477624919064837 -3.7626840978659799042 -0.20564426062818086383 0.00098276917445296041453 0.97862631899793517398 -0.60702579778955711998 0.78424942447840007009 -0.12834531944403923531 -0.76761326127714513134 -0.6204449003498390125 -0.16067982680274225937
5.0413964461332048117 0.61828402579423991092 4.1705693546895252766 0.95475541179516287826 -0.0060500339800733460641 -0.29733062529223269754 -0.06135280547663325007 -0.98229277542289628045 -0.17702185348787052854 -0.29099473690774702028 0.18725464063937749537 -0.93822052986016168941
-6.775952013333156998 2.7877193237503172796 -4.743060227783785443 -0.97037288967037826914 0.0084867861468243474543 -0.24146310163995871045 -0.24160841382527495358 -0.039678966734170081909 0.9695622486295847331 -0.0013525389173992257309 0.99917643790256571723 0.040553872548409121424
-6.7048995264842297104 -7.1199947502485816386 -6.2836286575813309341 -0.94193892587949079598 -0.00067085969075232577616 -0.33578357592410240651 0.32040571433428777226 -0.3009608809775703997 -0.89819971406320830987 -0.10045515484553049768 -0.95363625039557275986 0.2837017162382122204
6.9481295651587897666 6.3637810531007330539 5.3287199229733754891 0.99705585353951564631 -0.0050812134305357574415 0.076510170518118550409 0.069646153432907434433 0.47744307565677635008 -0.87589812353909013432 -0.032078625822082020014 0.87864799025411655098 0.47639130028570336739
-1.0569916454601264721 2.3732691606710574206 3.0537359731416557906 0.9973703833789305806 0.001352853698022593934 0.072460252176284781211 -0.041231501595849498476 0.83283955381675178753 0.55197666696544023246 -0.059601020416827715787 -0.55351282495082088086 0.83070528527290021792
3.9965415254764309338 -4.7608320475874066346 -1.9481432645523044656 -0.99055654602460740943 -0.012428770138220043492 0.13654030467515612668 0.13164180714251208504 -0.36453650754151606384 0.9218370622195819486 0.038316624853713177057 0.93110614880483943967 0.36273016957175197028
2.8185593636233607917 -4.9251350289857693809 -5.3942380713190667407 0.82110028470779061749 0.019393988647213190185 -0.5704543764904924652 -0.34087022289355650706 -0.78497047346120207845 -0.51732856768076329601 -0.45782290637018802082 0.61922954467506408083 -0.63792864601313514772
-6.054911384731799906 2.2852178386318637848 0.41468045795311941903 0.97113667949129300894 0.0021413535031749308946 -0.23851407579331698749 0.16252022120692521945 0.72597968860283745851 0.66823698598245095948 0.17458730608269465434 -0.68771280803927314906 0.70467749092296616542
-6.6369529698498936909 -1.2256721363279625692 -4.7450064547458232767 -0.99657049222496263408 0.0099746925438220397642 0.082144747459473421713 0.073709313958762623376 -0.34413898701243417211 0.93602099049850395751 0.037605731773842271393 0.93886573221457592098 0.34222353193639815094
-5.3078096155887966034 7.0111360261367803304 -6.6343360717225365875 -0.99993438449352145536 0.0012748807669220663715 -0.011384260475028908782 -0.0095703449552410977536 0.45319332372857396019 0.89136088080270992062 0.0062956496861908250312 0.8914113450068074096 -0.45315138617037126201
-1.1211154018913138675 3.6947230739465433125 -6.2931894283620746222 -0.65933245006704710445 -0.0085977110129393970184 0.75180236741713257764 0.53638120496336516574 0.69531830865994737056 0.47835933418753667778 -0.52685474587467340246 0.71865049155180438234 -0.4538342734321608174
-4.7098526903088604456 -5.8927394172488840596 -3.1349510554175812338 -0.97610809788437125079 -0.0053660518883997436815 0.21721921354190204534 -0.11255489236709792511 -0.84262998374597186668 -0.5265986201050192328 0.18586117789595704708 -0.53846626261954366743 0.82189397526181562359
7.0654414481982845686 -5.7487000763281992377 6.816810438688013285 0.75640217960969391431 -0.0079511795657111906249 0.65405850000230114638 -0.48183309748228925207 0.66947565576062262327 0.56536644091653420752 -0.44237157328699472369 -0.74279144117809547954 0.50256170373412289987
-2.2056574004197919692 1.3803153855171794717 3.1884233956832561674 0.99912486933376598586 0.00076671071154844330428 -0.041819943012120462666 0.020317208704923796214 0.8650579806677695105 0.5012603127253930646 0.036560997104748811648 -0.50167130896414102725 0.86428536447918835606
2.414271517870442807 0.87663479157574863976 -7.11664841009052207 -0.85257525217911611648 0.0081869154259952853919 -0.52254034656421410876 -0.47745324600351535249 -0.41875868550836436999 0.7724503616362714542 -0.21249432287079908499 0.90806064650275786221 0.36093216124436838799
6.0765981166087854604 2.622983981230953443 5.8622535393364048062 -0.99094201527469427671 -0.0035521455513478185709 0.1342434528207893385 -0.10480265076329804697 -0.60458359430563324288 -0.7896170476182924336 0.083966223901365433235 -0.79653377816537784817 0.59873501107358373385
-4.6053288169340378388 3.3834902313230887927 -1.5924804075023659689 0.98608071363958349487 0.0036185647932765172864 -0.16622795245365812322 -0.15087689416579089241 0.43956581791630450207 -0.88544794004303173374 0.069864075138732703585 0.89820309379806317907 0.43399333323983940724
5.8333469420820840412 -2.9150350730586214176 -5.2073014587604475878 0.82186234332626517674 -0.010249454389530933407 -0.56959392316556334279 0.43337200752614007948 0.66022271868163717734 0.61342861428984407635 0.3697715398934858233 -0.75099994036053963065 0.54705401731769742746
