1125 14.717824617146108679 14.977075390850430381 15.033177056927090831
5.1193265257065636575 3.992033636570034183 1.6266004216913989566 0.98060026423667312478 -0.00091720990727942562637 -0.19601602104148346806 -0.19569723334057284592 -0.061780370805826080594 -0.97871639336735216652 -0.011212254091415005397 0.99808934695699413897 -0.060761343378151679018
-0.57134758616392533614 2.3515179490548945296 -3.7958168236407257012 -0.93008459973964141554 -0.0021142006953260095506 -0.36733930838200029578 0.15465116705568038302 0.90479360683076837102 -0.39677644280690071987 0.33320512279297775926 -0.42584511174086653318 -0.84120763605133130891
-0.65521158191833706042 6.6328915130593495419 -4.8253862158996101428 0.92856954328359364581 -0.0014722576636713329869 0.371155541172930592 0.038630387133609063455 -0.99417768199201328461 -0.10059040619694364915 0.36914265057826844973 0.10774306978330418227 -0.92310624222662618354
1.5907566286514611686 2.8572951030378219706 7.0900314005578124466 -0.97241831618042551266 -0.0056223053905763830523 -0.23317591650709648676 -0.18912750501084446553 -0.56606641590431594491 0.80237123554724232299 -0.1365042314552482039 0.82434046513999670314 0.54939001840911705354
-2.3699038686348852245 -2.4259582039015867849 -2.3351037404412031684 -0.984273819345205081 -0.0049846953066804526589 -0.17657916458164907292 -0.00076180975929901776841 0.99971227542035856484 -0.02397469540611045849 0.17664786496742784783 -0.023463145284092896264 -0.9839944169637604432
-4.7875895184825765227 -5.6313676318287919642 -1.5387878883701910926 -0.97711603425664561584 0.0091555904766008194828 0.21250983685856073002 0.20485632097027883791 -0.22841808702518451302 0.95176628710951427514 0.057255072763445893913 0.97352008334846973359 0.22131539476521955301
7.1119878183725822041 1.899199728891478145 -0.89420568652785747954 0.96825980274298428796 0.016087381431477719429 -0.24942764592313826366 0.024091499470640223568 -0.99928700648068247148 0.029070231030678378437 -0.24878214173317148017 -0.034156622163112972113 -0.967957008919919204
-4.1925961528142128287 -5.7577866171418632391 5.6375673598769679984 -0.75771591668134474773 -0.001963584044189873104 0.65258159179186214782 0.55674138717619681138 -0.5236362492322127471 0.64485975707528486733 0.34044914071410231626 0.85193968262288533033 0.39786072909910846773
-2.0751716697519984045 4.3778041159313572095 3.0258934245656980977 0.98940950102852909254 -0.0050286409475609247094 0.14506395846236330716 -0.12543428343065782249 0.47328778214886674247 0.87193171510671740876 -0.073041630696442080839 -0.88089351685592764962 0.4676446644048815604
-2.1760206621566986485 6.0786030301865103809 -1.5818514176498101875 -0.97572383385207372974 0.0013456956359998569969 0.2190004318631615654 -0.21736175394530476979 0.11630217271348977648 -0.969137592163261119 -0.026774390279384413516 -0.99321296494030830715 -0.11318629908160444952
-5.2539686082251755295 5.2785065769848662498 -5.3011123098605725801 -0.93931922945461321373 -0.0027930110082349862352 0.34303292009119212835 -0.33984690883377138837 0.1437863172325188621 -0.92942432372566297083 -0.046727547901944437025 -0.98960481711953796058 -0.13601044886647506438
-5.007154628164303567 1.3172373143974331899 1.993055258074621694 0.96454583134080962292 0.0032156608282258945103 -0.26389581044136650734 0.1138620856816496274 0.89700711237256069985 0.42709912877124150965 0.23808982482935434066 -0.44200441160509368332 0.86483832907325153272
-3.3013137456822723159 6.5462260387518105276 1.5085827036485437436 -0.98859814029041215289 -0.0030943329241655721795 0.15054614614163275288 0.12763668298292771275 -0.54767157837831637046 0.82690067081473517252 0.079891139505457925418 0.83668767610169936244 0.54182205426518337266
-2.6185041400220900876 6.9846424125383634873 -7.4010272176672362576 0.84695549096142652701 0.0070030361666339729226 -0.53161767635667978027 -0.48252399053786187988 0.42998168597909242061 -0.76307689539008094481 0.22324200967977547716 0.90281044921243325252 0.3675544829098901789
7.0545633681257182701 -2.5868197891040614067 -4.0806072949965752628 0.89197881047719151937 0.0026194543491603228431 -0.45206961866354244961 -0.4271148573849717911 -0.32280817235916348107 -0.84461102435328849758 -0.14814418740101348293 0.94646078752214479746 -0.28681924172243389304
-5.6285451989842743004 7.3093100990109176607 6.8295081361395988395 0.82042989420382261834 0.0018932479997441735431 0.57174400242481637768 0.54915811616557286268 0.27569930923881474927 -0.78893298469175709986 -0.15912307232518246858 0.96124206446506232915 0.22515226260589593643
-2.0450706786734249576 -0.083636241360698776459 -6.0730537202783558826 -0.94110635777774864774 0.0048974510071517832199 0.33807519625654752771 -0.24108366113338200454 -0.71077796198378717651 -0.66081264901083447416 0.23706010141905642374 -0.70339939133599682641 0.67009835441028953174
-3.1099260040563216911 -0.38495197558241106561 4.8091500567108447228 -0.93073836772747675639 -0.0063944956032402876234 0.36562986922021412095 0.14227268899338932351 -0.92740472149694019866 0.34594647636871944663 0.33687471381300759798 0.37400480340680747338 0.86408091879301751614
2.5316834411812587646 -4.74164184264294164 4.5011740625292908646 0.98150226245081240162 -0.0041013084139965181804 -0.19140660404766624003 -0.18977163826285806114 0.11127128236118564997 -0.97550265352419640585 0.025298895525563049741 0.99378160628530820553 0.10843470336657007325
5.5468232306655256281 4.3069195328956890734 7.2959460223624352793 0.96279650298058716551 -0.0036649355372926897476 0.27020263154849372134 -0.1847829302042936217 -0.73852662302560079244 0.64840858707098192326 0.19717546133669269781 -0.67421435414110064688 -0.71172806753494943788
4.1989730543489294234 -6.0640982056124279609 -3.1937952664369566591 -0.98380602224412039281 -0.0022252395079220797791 0.17922265176417223609 -0.069976910892519825214 0.92533587072240441884 -0.37263488604300226692 -0.16501194665291202268 -0.37914189251977098438 -0.91050671760195278637
6.8431648902779489418 -6.7807201388649458451 2.0624958986405101946 -0.95149402836791407978 0.00062801061621248839735 -0.3076665720915074953 0.0080099831093564319295 0.9997095247234533133 -0.022731175680161246067 0.30756292713929295202 -0.024092981963168121073 -0.95122267323141407314
3.6527873154576071535 -1.5933649187893150767 -2.8114604251560773029 -0.99233475062232856523 -0.0018591129311546755049 -0.12356490766599771691 0.072082190445640348386 0.80346518701066060864 -0.59097195456511308898 0.10037878524852106299 -0.59534883636492075265 -0.7971724170535570142
-1.6243976500602956836 5.969716415777434726 -0.40907428583307825498 -0.99736865996104495657 -0.0031666304651397332928 -0.072427402128771967149 -0.062120961840905299101 0.55235189805217299597 0.83129318944530050661 0.037373014697651044114 0.83360503427566146062 -0.5510951865174887887
-3.7601937569356884694 -3.5712532190364365547 -5.3400272745603984959 -0.90786800558991875842 -0.00048207893113985222228 0.4192558312367409834 -0.2761469812687614156 -0.75175313811416322185 -0.59884059988583870915 0.3154655752412234837 -0.65944445325997536056 0.68235949755422642404
3.0121884110131387224 4.6788420395072982672 3.9187961041178502875 -0.99707357705960042438 0.0026673870214328288322 0.076401354542507599055 0.01562652093684878396 -0.97117863048570318707 0.23784002928709740976 0.074833774279149112285 0.23833789613559600018 0.96829486908313033844
-6.819983846752684542 -5.8733539110184542764 5.0923595207658429729 0.97463225930228503113 -0.0061922638958291399691 -0.22372665240267844422 -0.21158769793657181135 -0.35133809202476268263 -0.9120264202172868595 -0.072956186916272980358 0.93622817782859735214 -0.34373564527172395522
5.0586497572297401959 -4.3335949111861333805 -2.9109103927611568174 -0.99999109874311853385 0.0040603442102262188307 0.0011471875749231416793 -0.00083796430698984247093 0.075355329601353049362 -0.99715639300786973465 -0.0041352448848651270769 -0.99714847836503495149 -0.075351256420676637759
7.2210663749518122501 1.5552831648200291514 4.3850394497532159122 0.50788856720963115876 0.0064919961163826984951 -0.86139831511581899104 -0.42958606114959096978 -0.86484488648888013795 -0.25980596294151331316 -0.7466625873604226804 0.5019971875423887564 -0.43645595921675384155
6.813030436810278978 -7.2876624306951400811 -4.556724947784641877 -0.99785360815550616653 -0.005092779881112058718 0.065285835247878148957 0.058469840180710275224 -0.51821245030782625562 0.85325092096935606367 0.029486513530308615383 0.8552367625044061672 0.51739793735659189711
0.20552862790996595521 7.2513897904962343333 5.587368586444048546 0.72993372211750151557 -0.0085369430003931282003 -0.68346461643587497203 0.68301925280213993119 -0.029078867511760711495 0.72982129303403497911 -0.026104819809410016035 -0.99954066453961665228 -0.015394749568533455664
0.83882305275879009976 -7.0775810490252322182 -1.6255459872744122407 0.99818523381546020445 0.00050416449685874911019 -0.060216150750123584312 0.049944173628493709893 0.5517253841421965177 0.83252908658724233959 0.033642510512279726054 -0.83402568684147782019 0.55069895149265635226
1.5105673014716858304 6.8749056293308274945 5.5688682065850869662 -0.69968998552110472922 -0.0075504140738822901266 0.71440668768485560136 0.49517228051917944187 0.71569052751608674967 0.49253576664964143772 -0.51501294815456255538 0.6983767321948297635 -0.49702273907957911225
5.0837404418347729163 -1.4591882063188854612 -5.2961826948685803984 0.80106065114301594488 0.0019379487851009387887 -0.59858005107504197451 -0.33081256029547184694 0.83483623225351244468 -0.44001308533671051881 0.49886359171744210084 0.55049496788915686096 0.66939555360603975043
-0.022498540620921419347 3.8262777941388783631 -5.4946898566457944568 0.95098551583836843371 0.0023465973069160383363 0.3092265223856635048 0.18531898854544126554 -0.80484019824068897542 -0.56381657281460373365 0.24755488512682757851 0.59348694069627871972 -0.76582624013079936276
5.5812831375193923122 7.1283787271230494298 -3.3492411538552380179 -0.90931543793637348294 -0.002620747404854357164 0.41609922616295391684 -0.35451593810634846049 -0.51868187801198128994 -0.77800228730413412137 0.21786207554098169226 -0.85496329810400983895 0.47071634232936399034
-0.72644112446465791688 -7.1974711836327864845 3.6688396240700407169 0.91678043584058843685 -0.0018707698345622730124 -0.39938719643992914854 0.25862317681677604586 -0.75923993793720589984 0.59721752239377556837 -0.30434796676355424516 -0.65080812599503257143 -0.6955724967720167129
6.4415900444127576208 6.8396237348173727355 -6.0991557177703974446 0.77390481078027639761 -0.00026097472006710378811 0.63330188357785222042 -0.19211073131415642989 -0.95297657481829367576 0.23436961142944590097 0.60346069529429680056 -0.30304385778268233542 -0.73756329185713509489
-2.999383294657830934 4.7938927437821607924 -4.2037083923694114063 -0.8869979468858513183 0.0032374280986151963979 -0.46176201801314470385 -0.18294051213178402771 -0.92061846621255127854 0.34495566191838528125 -0.42398987162574586218 0.39044994394659487957 0.81717894614992803159
1.2804714366784772928 3.2975095014492827872 2.6264954333315069235 -0.84574257978885269971 -0.0076980839670664734375 -0.53353559228554470195 0.49657253306074000676 0.35458449705715366918 -0.79226608778632301444 0.19528238052064825214 -0.93499228550293433937 -0.2960645502390558681
7.2098113212404308925 -0.43778593167408541564 5.0011045562628737571 0.86787097417034320124 -0.0045460947982693478489 -0.49676886498127614811 0.4934709810072991365 -0.10750091167703507145 0.86309324229317863075 -0.057326809577441344146 -0.99419459212498373368 -0.091053555081511278191
0.52402088143329628167 7.1430644206567075472 -2.3056763366124317649 0.99574760648308491273 0.003374566234122657743 0.0920614820970187403 0.087663006739165355574 -0.34189376050952802188 -0.93564087863565292835 0.028317864195886645329 0.93973255175473902057 -0.34073571832141985594
6.1217140506762923735 -4.8179795268722198642 -0.29047257374186818968 -0.93273968958315356392 -0.001083791392266882786 -0.36054888277814289843 -0.34852339786680297529 -0.25341855424631215543 0.90239153226465684821 -0.092347780783840469065 0.96735611941002364045 0.23599581696373100881
-1.7187061270252481648 6.7306672772223423706 -2.4043963513454587044 -0.99428329808114457311 -0.010009374226788861698 0.10630397727538505592 -0.034613029484442836559 -0.91161776629901913882 -0.40957903554497326892 0.10100822415470581128 -0.41091709698625905611 0.90605986449980602249
-1.7934919277320240383 -3.9083957417544277213 0.45340712246807646224 0.94639897762090907651 -0.0076566827276421979553 0.32290919833246278792 -0.28331276887167189393 -0.49979690870903092925 0.81849674711576547725 0.15512204921401467894 -0.86610878373010169451 -0.47517651940434046942
3.4575274101890642875 -1.5541402878062378079 5.3235707335949467023 -0.97135899254489010968 -0.0054764834638061617514 0.23755360601588002001 0.14854118312851211092 0.76631880818646647135 0.62505279867742213895 -0.18546488755851101016 0.64243715050469296646 -0.74355718215505062219
4.7824646231117799999 -2.1399966628348385811 1.5833027982967544656 -0.98898996685053364164 0.0027639644987341371526 -0.14795677060970102712 -0.1097941175306960393 -0.68405503499649633614 0.72111993513672401068 -0.099217423997323861418 0.72942516380789179653 0.67682703342813055336
-7.0893927516095018859 2.493528128614321826 0.93362475096636221572 -0.94577658632644401315 -0.001088261183086431088 0.32481604708556832684 0.21026483952284716339 0.76015310489374710023 0.61478122481152897016 -0.24757896925442385294 0.64974308215474119166 -0.71870618556886589623
-0.053228088786434868407 -0.48218847200100045658 5.1532314754670620616 0.92539053491099854121 -0.007424325388901475975 -0.37894226115540963207 -0.33291151893752113367 -0.49383039851413323973 -0.80330657787805281878 -0.18116919841904402522 0.86952654755093949923 -0.45945762007863555354
5.5554554183448399129 2.3336277327149694827 5.0829947009190634688 0.9665537689922782949 0.011527649020203896771 0.25620484959291422999 0.18280483560776392138 0.66970217989891167587 -0.71977870371184915488 -0.17987830254163467147 0.7425403043247006396 0.64519585609954910321
-0.98967553648922235165 -1.265344707950111669 -7.2455312567038427929 -0.99965961347765885936 -0.0027808038727329424319 0.025940784708765839139 -0.025619724003972027537 0.29245257084769993305 -0.95593677800708942716 -0.0049281764834721237048 -0.95627598575643746326 -0.29242426736190235692
6.7822946252380571508 -5.6322241932378140916 -4.0338854443031211261 -0.81451291059885877477 0.0021761611349569161093 0.58014134725140908966 -0.038331013302428412759 -0.99800974578783108182 -0.050072754386038795249 0.57887775210928849035 -0.063022310615491197727 0.81297523730899046157
-4.6585370982935092599 -2.2104371630714152452 -3.2705151514578023608 -0.99997889913171078557 0.0060445455116376195503 -0.0023800758259374735215 -0.0064285258975599118489 -0.97351274124273423638 0.2285423739548682609 -0.00093559936096550711665 0.22855285189137911073 0.97353105679593399113
-3.2992304557296057155 -1.9479626260035367569 4.4667462546877896301 -0.96508082643038595183 -0.0041996405796174852282 -0.26191861612968758699 -0.24391011349147334597 0.37906192321791898348 0.89264769920900499667 0.095534574855674056493 0.9253617786495631492 -0.36684972893778133862
-7.159248199964417303 -1.5949012780333409189 -1.0767238124730926785 -0.97403128886573775436 0.0040068807388398018296 -0.2263779874839971229 -0.1770779624331203228 -0.63653685235341028736 0.75064254530144347566 -0.14109019643859424531 0.77123587864077414178 0.62071634098522676659
1.6257571258696734695 -3.5016365996970133523 6.1866351366648242305 -0.92246730835010426475 0.0014357618707673529962 0.38607253672471869566 -0.069902827418007948412 0.98284409425601915178 -0.17067829711175031004 -0.37969416606554740046 -0.18443271123594087713 -0.90654118234195812942
-3.1463949204077596988 5.9995640774546616925 3.9121383820144872701 0.92277379815761717552 -0.005706232518466118446 0.38529982655609185116 -0.37585685626820825034 0.20715657819017446739 0.90322631477864367966 -0.084971413015549127068 -0.97829115861433502133 0.18901393585438808209
-1.6231935244461439538 -5.2962466894310971099 -3.2477509880437045453 -0.065993090130696777096 0.016202352076151890076 0.99768852646617744995 0.86743061631652207399 -0.49324297417211948602 0.065387264101705672159 0.49316228356578434289 0.86974068101764201444 0.018496211803669958956
4.3916250881987322074 2.9090752232199461602 5.5411335979928093565 0.85378901847016641646 0.004065952971137489283 0.52060328462866245491 -0.23657820494396503141 -0.88773187624282590136 0.39492134514094001663 0.46376186225830334786 -0.46034289820619239686 -0.75697381142681730015
-5.688116749465226718 -2.300796177492165917 0.22479125650675849113 0.92952718383804944224 -0.0078505427453238428581 0.36867001978001068263 0.2754485844974901565 0.67948677540027202504 -0.68001896984886212039 -0.24516788493662985959 0.73364575309521085078 0.63376384967980659013
1.7968470568495520379 0.47137364135324755221 7.0364002139177035389 0.99313200539124968369 0.0015015401491031117945 -0.11698959459990507237 -0.067505709811556610656 0.82404797690349873562 -0.56248369834509837073 0.095560446892522854512 0.56651802896145309063 0.81848978237439184991
-6.6185936344880822446 0.25377258102629229874 -2.6068450941105636431 -0.81318742543932431843 0.0031484029315104172103 0.58199338369628583756 -0.55027426104601495638 0.32150069586447299619 -0.77060725417613329391 -0.18953745998498733316 -0.94690410819555648203 -0.25970783805042962911
-3.7842708951641994553 -0.30306703396996742539 1.4382281277751916004 0.99833744438804994381 -0.012940623915987589654 -0.056168384216099952189 -0.040306216280574139188 0.53986906702872061725 -0.84078344381585057299 0.041203835524464951789 0.84164952962517658452 0.53844991709523259971
-4.590870024387670334 3.8210514763171548047 -5.595317961809484153 -0.56945982686515428384 0.0032879070698939426992 -0.82201258825755330051 -0.4530374043597442113 -0.83566965429800932341 0.31050497441498642326 -0.68591006395711739962 0.5492225583062416705 0.47736984153771916395
3.3854580159221985269 6.2759813039092913201 -5.1633844625863574151 0.92481962217448343555 0.0088443634115674754637 0.38030309448768812031 0.34722863222326155741 0.38870450068999001791 -0.85342901761524392334 -0.15537356083154693631 0.92132002495284970323 0.3564105332553457739
5.7284722701458390404 0.41304416157599860293 -1.1482979487103777139 0.76420771981539137307 -0.0053315012233992988347 -0.64494816541281974054 0.63038781842974567216 -0.20526016105120969968 0.74865176461482796366 -0.13637360210128460225 -0.97869292496681503657 -0.15350048622073789173
-3.2342869842486265952 -3.1946594910241032927 5.8665085598156343494 0.90608496794055271017 -0.0080834209417538199077 0.42301854472131072971 0.26406706311232824858 0.79198174383290931289 -0.55048478963048352863 -0.33057316444543366485 0.61049125771068202262 0.71973731819832253986
-7.1496967107769231475 3.0724074397262595149 -1.3415612009015154271 0.99656964416535398499 0.017140814910261231718 -0.080963799271420139325 0.036824532698488156301 0.78428450869978816318 0.61930748679889502384 0.074114088537823863412 -0.62016449582169808075 0.78096293126010174479
-1.6255493736789843329 -6.592463348479778773 -4.1674904729459401054 0.99444551112357093547 0.011857142957699538799 0.1045826637981812357 0.017566729706389026811 -0.99839488233023054864 -0.053843002741794335209 0.103776372135811909 0.055381107768800716395 -0.99305760028731182576
-1.2941922782453338936 -6.9296921627181102821 -5.4319775878114615608 0.98733021572273704791 -0.0017205065268655304889 -0.15866973554562766036 -0.15855324548549548647 0.029115233828115108516 -0.98692105636934546187 0.0063177105708222720815 0.99957458101751384127 0.02847355820259550585
-4.0046748431644809685 0.018261328105919634457 -5.7186697569194677726 0.17468374401952929675 0.0059604857541312155494 -0.98460655197129132166 0.88212048366475925842 0.44330986267210087393 0.15918485467133056122 0.43743461439896258458 -0.89634861424958323095 0.0721811599960136413
5.5431806577029156813 -5.2968337365468771694 -4.5047024779934154992 0.95097773353442904831 0.0022405261775696829786 -0.30925124149169147536 0.04142127055969623689 -0.99188662089554546775 0.12018822585304662909 -0.30647288406464279209 -0.12710590596400195285 -0.94335489610341627387
2.1828828291606052758 -6.1143416347995094284 -6.8018741644067892693 0.82516489970757167516 -0.003648319828125471103 -0.56488014485632531692 0.066301277189406385149 -0.99244206572097548591 0.10326125522423985903 -0.56098754793094229854 -0.1226598383737245862 -0.81868646936209021892
3.0562875220007219568 7.3234951947493049929 1.4548023244061301096 0.99263936428512911103 -0.015946163808144279972 -0.1200533728447593651 0.079085479933338559411 -0.66539988283463757934 0.7422859845015354896 -0.091720114126169011159 -0.74631676638239219379 -0.65924100667443852331
0.8985193669796183169 -7.3638237569455213816 7.0128914691595101161 0.89351184808914507762 0.0042045088574630372358 -0.4490199321073004568 0.29847895977578958737 -0.75263410362832339207 0.58690051680578469995 -0.33548008569142440116 -0.65842556766963200587 -0.67374244629795809747
5.935529591497615165 2.6750715310321373508 -6.6252756839384412402 -0.89322527736445822555 -0.0031282634286213277172 0.44959850738754791877 -0.1885556105584642872 0.91039677858198242433 -0.36827230044377673446 -0.40816098001162415265 -0.41372444877621150638 -0.81377926668146460809
4.9075577109354311389 -3.1994773774734577287 -4.4163583351434647639 0.90922666181496503146 0.0024960109277937401681 -0.41629394347538034582 -0.41432505439428191085 0.10274990180069107359 -0.90431034881905791867 0.040516993299588181798 0.99470409047582752926 0.094457110079455341989
4.9208289586357665257 -4.9830010174644758791 -5.5046897211059766519 0.78525991280651052939 0.0075049323063569421677 -0.61912078412075199907 0.59867730380295602899 0.24590040365408677436 0.7623112732958330362 0.1579631452284696036 -0.96926604576550434711 0.18860269689413164396
6.1613302407183052622 -0.24009491057070792008 7.1600289397082095277 0.60263487888835698403 0.0059984791759929035476 -0.79799449935127209077 0.78565520809491617982 -0.17978703905980986111 0.5919649606010964904 -0.13991817873526382621 -0.98368726678431650523 -0.11305867691480803172
-2.2584702173475372788 1.145414549449085273 -0.090663440464568492705 -0.98869462894114579221 -0.010147059188408811062 -0.14959935792881678962 0.12720090978843393015 0.47149778344871068336 -0.87264527085861987032 0.079390548882688885546 -0.88180886670115543602 -0.46487661089296339334
-4.2427660866419154573 -3.0433057680921820065 3.4337860719635662221 -0.98788809688123591091 -0.0087434618237805569047 -0.15492146370221915319 -0.13701173399244953588 -0.41949432652782231434 0.89735850960435148416 -0.072834694951445302924 0.90771584864777055124 0.41321549502041110546
0.23496417981998807267 -0.3475202238036143032 -2.0368191576067471438 0.80223793418709288261 -0.0012129944658428966006 -0.5970032040078462332 0.52260729487203938515 -0.4820029052592547103 0.70324591336754860293 -0.28861031218188143432 -0.87616877824194983049 -0.38604709523092384238
2.9668929072235066258 5.88248661802593098 -7.0802908757956002361 -0.99161246671199232416 -0.0023681333115114179197 -0.12922502778561653636 -0.12451818203381478933 0.28547467835486622922 0.95026282172944875892 0.034640124199658957338 0.95838332621285959867 -0.28337512564202205212
-2.0518249495779996572 1.4826824176467998662 2.4116391883378907046 -0.83046504682279853604 0.0052920687262392393513 0.55704559958244315165 0.10062354725012935541 0.98493181860262313254 0.14065637007566911265 -0.54790757226412067915 0.17286210317089661936 -0.81848395558069564348
0.15349938274672594862 1.4191316795808737172 -0.83154281143459041203 -0.94380776412036593292 0.0086464875281319058392 -0.33038181342112771244 -0.25487534590067489892 -0.65542603586064407395 0.71095377456475961075 -0.21039358934620647212 0.75520987134000272523 0.62079995795153497529
3.8000079582004633316 2.0735750622856432557 -1.0587608320225572189 0.91852555131817170686 0.0014907196824382601408 -0.39535881086727348022 -0.35510503440658469643 -0.43651857188064291382 -0.82665104544928402763 -0.17381376848423846226 0.89969401140513149961 -0.40042409983319893207
-6.8982968591007365333 -2.4063041186373439473 6.8287980033146631342 0.99627625708675826566 -0.0058973781640015267638 -0.086016512927065469363 0.058769415550215239885 -0.68352925984813139859 0.72755337036359712943 -0.063085460775281626544 -0.72989928884899679673 -0.6806373871427354727
1.6634098762159652551 5.587597976014842871 5.2091966127515334506 -0.98103574300507279116 -0.0066117790907356177241 0.19371410718809325968 0.15084321969449770995 0.60156196498199332456 0.78445492245205283854 -0.12171768161872112413 0.79879877733028048503 -0.58915644723378823855
-6.3338440194223686319 -4.0117887106851597423 5.7268060643196099235 0.97973309119333584771 0.0013619612796899396856 0.20030280847321815796 0.10596547537541978201 0.84506931250120498333 -0.52405073714012839758 -0.16998349346105851021 0.53465503095938715639 0.82779804893502506591
1.7473900980844498942 -5.84629690151223258 -1.9493870225350211633 0.60076413020439611845 0.0034712555870927931309 -0.79941879527848425102 0.71621762837310187777 -0.44655948331130640439 0.53629929766146167136 -0.35512641223562185777 -0.89474721472011031764 -0.27076309402010750871
2.4050321341282452359 -4.6958774117616162158 -4.9316485431557355312 0.88238190983883535434 -0.0077548392873023116317 -0.47047000718095971505 -0.33984234646316652251 0.68103657983980003809 -0.64861109801686900322 0.3254371594328292483 0.73220833059159717848 0.59829893520925958583
-3.5295539709930170424 4.5829093726754583926 -5.7621198736883174618 0.81371478597996038662 0.002088044283823393011 0.58126060175154370402 -0.47317099051261291009 -0.57842906198346710767 0.66447651124051509974 0.33760548102013504534 -0.81573001680953638459 -0.46968827839444721173
2.6384830045352756223 -2.846425734173244404 1.7623641055185348403 0.86364363700592428064 -0.013148896127716098309 0.5039313195164740744 0.50409392929951490903 0.02846877192290672709 -0.86317949435136143155 -0.0029964482893257947393 0.99950819684275715726 0.031215152439567090542
6.6528328418486468721 6.6697592469987965202 -0.68355121458240075683 -0.99894043744861826806 0.0017446648011186739399 0.045988678764440349411 0.03734336726189664557 -0.55330329747634110493 0.83214237599301199566 0.026897497119899173301 0.83297804121500385044 0.5526518863643767876
-0.32667670710129631528 3.7398175454124089612 1.2524856918602604861 -0.99664764804381211771 0.0065718048136523196656 -0.081549230715488418841 0.058113985981930203761 0.75846899321502569968 -0.64911289539234240387 0.0575867196676518589 -0.65167599135834863855 -0.75630825197475015642
0.59645726044737645832 6.8716819531465107573 -3.3069785069841106662 -0.99547424482305146842 -0.0041463436659595100109 0.09494122249187719742 -0.093138585955446023812 -0.15585085765375966682 -0.98337974047414422607 0.018874101310231126277 -0.98777189573441626091 0.15475933024196517063
5.5626609068643073641 4.9561075352864483179 -0.82994189029979203998 -0.80971416295085774095 0.004173285083633297872 0.58680964375886546236 0.40021231874768770087 -0.72740961552078076124 0.55740950043069714681 0.42917720610417520177 0.68619081525438319069 0.58732366785373113505
1.5094391467267940232 -5.6388066346497103254 2.8900992024373528544 -0.96943283812831870794 0.0044714416886415982166 -0.24531607890177742348 -0.21102389016064801441 0.49489738775658631553 0.84293860593356439992 0.12517543744666848049 0.8689399184068551385 -0.47882619817544086471
-0.51785766567287583317 -4.1835112837035133282 -3.4446307907815274518 0.74925089720656723458 -0.00064041754656061697371 0.66228595251638633368 0.14645939669215507495 -0.97508091327073109778 -0.16663390319974244469 0.64588910670152566151 0.22184860252066695985 -0.73048645394961386756
3.5819684208970214989 -5.0693751256119430337 7.1512880088175085902 -0.6099966627577296796 0.0017015929582557837857 -0.79240215547772607785 -0.026028989799740467198 -0.99950107775988372705 0.017890982273424321097 -0.79197636524985526307 0.031538867102494455574 0.60973661260206324375
6.4135598531762925134 2.5843777341944269565 6.7786228755760022935 0.99988274416417555202 -0.015312975385149134311 0.00010347695267270886482 -0.0029838006268934434001 -0.20145045311337894667 -0.97949416122521382189 0.01501981545980582769 0.97937900106411601708 -0.20147252273767163322
6.3923247845115422905 -4.9346828187703364321 1.9528886053271081735 0.99681059616589384742 0.00099152903415056312803 -0.079797570398439959805 -0.029934770419528279606 -0.92226515475165926627 -0.38539705999249251889 -0.073976650986977532387 0.38655659508160494786 -0.91929399753701690479
-6.9115769540208944477 -0.42726697405467900515 0.13953624561755317846 -0.98168823892670309395 -0.0064026916853931036683 0.19038699297005373667 -0.023722372800285346922 -0.98754625385940375537 -0.15553020773153208856 0.18901177365901136729 -0.15719860695144138862 0.96931065577082198281
6.5878275472383007738 4.6513632631881343116 6.3863799160256586873 0.94929693813311599726 0.012084811092621756609 0.31414850085896972587 -0.079699342267189554612 -0.95736636533828711748 0.27766464910231392071 0.3041107332753141268 -0.28862363011327357709 -0.90786180779177116928
3.2257323379319848833 -3.8591833283969001478 2.1456258474225862187 0.64225101577904841754 -0.0014473046584784852314 0.76649301238821143656 -0.64451489293828312377 -0.5422705587325342691 0.53902058765191329659 0.41486646708482538548 -0.84020268176270751503 -0.34920662658013940094
2.4628785352818645116 -1.9032143685497906471 4.5102855740232357107 0.99986478226689279314 0.012540518534557180269 -0.010637320018504722516 -0.016353885189861430693 0.69053964737289807996 -0.72310963611706857712 -0.0017226785796541005998 0.72318582038159917591 0.6906513603676127655
-2.861494700612578157 -7.4234299190354100517 6.7101873058335970157 -0.96049563141095894991 0.0017628831727166797451 0.27828947928975117376 0.23182822902303337753 0.5582846559313576762 0.79660147826858618281 -0.1539604308531474508 0.82964759699204781995 -0.53663865918972519786
6.373939962295159134 -3.6580982361843110695 0.10902424537390748016 0.70255972518463971621 -0.0068788363459230533747 0.71159153603652891551 -0.67965615961537739764 -0.30283141887733899811 0.66810226495463154173 0.21089650837615012136 -0.9530193142591817379 -0.21743240191728685495
-4.7161045032272523869 6.8609955699475770885 3.1937802684896947625 0.89990337534994158109 0.0035040052059020776465 0.43607526527105955338 0.031150047878489021264 0.99689688766635309314 -0.072292944872004077927 -0.43497538959218856602 0.078640430496205449007 0.89700172415689738425
3.0142866319997647651 -1.4711153180845799593 -5.0284040331853043782 -0.90652909941899817436 0.00059770950595502709418 0.42214290785234659387 -0.41167361677172664702 -0.22258279478314199618 -0.88373170856355198755 0.093433533384776668029 -0.97491360756213651939 0.20202384173505263942
6.255764236760487762 -1.9385685543800543762 6.4060421336813844206 -0.94879855978461524746 -0.0038090083607741809409 0.31585880454070736079 -0.24639031610463577038 0.63464803254816237743 -0.73247094612176277817 -0.1976691809069797412 -0.77279192945972041695 -0.60309164202596299287
-5.1084127063137616531 -5.2007874338185935414 3.754331690299328006 0.9451130951876072217 0.0069768598820716953846 -0.32666888546529887494 0.1549257239520252516 0.87067404927043179352 0.46682407819747118172 0.2876790874618650462 -0.49181096302663573905 0.82180455053737955229
-3.1031040946618362319 -4.9415329592475432108 -5.7463058580716648294 -0.49512697315172299328 0.0013825401185147397163 0.86881952616202329231 0.81588113229454950481 -0.34299272956759974118 0.46550399077714949003 0.29864235872255950888 0.93933704070823698107 0.16869696360656549761
-3.8397065183790406451 5.2550529776145689098 2.9507184114741171754 0.87359537883197402319 0.00336593792867444664 -0.48664133049426094857 0.037017145997979172822 0.99661942814256021528 0.073344709087381054768 0.48524307824597451289 -0.082087672100029276945 0.87051752946384330922
-6.8415130356477824591 -4.6777816906514972928 -5.353660204172543402 0.85039870416789886676 0.0013246628365475403288 -0.52613713917394822062 0.33433413178084847583 0.77078025120480908594 0.54232692416934014101 0.40625451662234568495 -0.6370997171723188357 0.65502764682336744873
-7.1349677018971506826 -4.8138460676100187641 -6.8004420860513272729 0.79107372916619234093 0.010015514332798555741 -0.61163881866313662972 -0.58782718134021971768 -0.26427255134349986188 -0.76460396512441364258 -0.16929725308047893773 0.96439603279938335145 -0.2031716811476532436
-1.1593028333354771231 4.2028166236183226445 7.1216280569020460334 0.9690379022562503053 0.00734894258004934256 0.24680262768813973628 -0.22673914901874936412 0.42219676858709187517 0.87768972131202949161 -0.097749180523650724961 -0.90647442414972190239 0.41079096395773667671
-0.11976863107924830276 -4.3005357674719810746 -6.0634155754711187569 0.71300266959699432068 0.0042678711257773766993 -0.70114832840381402512 0.51808938024212081164 -0.67700740747201304526 0.52272781091921705077 -0.47245167713521457609 -0.73596382757857747858 -0.48491922757103717023
-3.0713754041370506798 -1.1166844369369104406 0.6515809361775685149 -0.99914235033379350526 -0.0030529226991928212764 0.041294593259307815769 0.03635031941747466494 -0.54226039246134483118 0.83942380300172414476 0.019829726364960359453 0.84020494311241977758 0.54190629773196219432
6.1493285209503802946 0.15126853924463656842 -5.071086200009690792 0.93629635457000515153 -0.0079383754713553585092 -0.35112123065091893626 0.089306061242748535633 0.97226479137306509593 0.21616105773607249829 0.33966684242680705852 -0.23374806448642063139 0.91103692488546239581
-2.9047927752597502149 4.8205227218150632496 -0.74624053425139524887 -0.79111684130560278039 -0.00067563964931973558015 0.61166468503085635877 -0.56242628562505281309 -0.39228523554928756978 -0.72786603658088888658 0.2404388001982511458 -0.91984337660332216036 0.30996345894017124367
-7.2584315919327462296 5.0556188069884262504 -5.8274080923688105216 -0.99798149922538959 0.0052217392325368478315 0.063290288694403465386 0.060747643006011764477 -0.21200187502145595442 0.97537937688703435501 0.018510836632800242024 0.97725530872276100691 0.21125674072176864327
-0.56074752610259237517 -3.3756756308067696892 -4.8540093117815734658 -0.89708383041550554537 0.0062579725914930373759 -0.44181606918047683363 -0.43498468212494745266 0.1632004462523964361 0.8855246697069756312 0.077646168763880030195 0.98657308503832874536 -0.14368235923124575426
-0.5652622426161224567 1.7014936197526744355 5.8302423214358434223 0.98935719325757132125 0.0022248727503655554155 -0.14549018554778622714 -0.050695245217132374471 0.9425055574500634803 -0.33032297269229127235 0.13639038185243887447 0.3341830697643018433 0.93258744341814203693
-2.5584141965828939291 3.6603026329384475979 -0.30797994161896974363 0.82033884262577960733 -0.004659343719293352129 -0.57185878833454617531 -0.55857631480905056698 -0.22094480950901021488 -0.79948476638725651799 -0.12262415672971417602 0.97527518253412781579 -0.18385220836098417618
4.9603128198203556565 5.8182456015456152087 -0.10971356897278589093 -0.96654884542831553951 -0.0029749705823678244954 0.25646535623999555664 0.24423667468572460293 -0.31596120455447873621 0.91679712257124579278 0.078305658414388426558 0.94876744609340080139 0.30611853438452973908
-1.1973748892449307402 5.4660646012887728062 -4.8332688058468153969 0.99904997633366843246 0.0054082446825016710495 -0.043242290378175618493 -0.022691884190912583324 -0.78257815488313775543 -0.62213865809120938444 -0.037205149906461044973 0.62252886068771406958 -0.78171196385332530898
-4.1635377598603362514 6.4157281672692727525 7.4458203297696536893 0.83841176999658351132 0.0044772176119327114496 -0.54501895238023623236 -0.52091500575254701122 0.30077894512921626857 -0.79886142912811863859 0.16035354911238494657 0.95368337549184289959 0.25450885760157426763
-6.5670012437841966957 -6.5627750333271990257 -5.8065015140857330067 -0.65898663772186005794 0.0014185973602697540905 -0.75215330809991631789 -0.74698342443321741335 -0.11829458920842771119 0.6542340206577613726 -0.088047571948759589811 0.99297753133966615291 0.079014222317230375925
2.265300435372594734 7.4619640779706086775 -0.738943887570310598 0.96070542835754246802 -0.0023154522850959077807 0.27756029724201286557 0.14285895318030292223 -0.85322948041365709315 -0.50158825070899004661 0.23798403186047489832 0.52153052876489702783 -0.81937141037836636048
-6.773634855829117285 -0.63459603418959609211 1.2737401726879042929 0.97670650647236534336 0.0011803195752789295142 0.21457634319761093034 -0.15500008042069149394 -0.68764363451345966727 0.70931037422460274655 0.14838926943663599545 -0.72604740806556455901 -0.67144306233459316591
-4.4605381190848198969 -2.718516203698275735 -1.0317829697523832611 0.97882529334336643156 0.014396886828473502706 -0.20419053543417395313 -0.20296857664452833125 0.19763499759459998706 -0.95903293197921657409 0.02654810739292993646 0.98016995331190903684 0.19637225012320005946
5.8457518923728200022 -4.0812899475099708724 -5.0971509139447714887 0.99742338764602089807 0.0078722524162673536419 -0.071306475291971108121 -0.0007729409452162591676 -0.99272409752917323278 -0.12040875693777303157 -0.071735544459943248463 0.12015362594153214393 -0.99016014756911485684
-2.8112853999566080887 2.3546502553562076443 -0.30332438346581930277 0.96078367492710659015 -0.0050305999054662941389 0.27725335535977480017 -0.20336337991444092266 0.66693275808352292522 0.71682915112664224999 -0.18851542563788500906 -0.74510092555287776861 0.63975506644096724607
5.2901050223896124436 -6.8960682973094558079 -2.7868549631468759742 0.67811583763706473338 0.0037337599455036143276 -0.73494555565872343728 -0.59418717569861390082 -0.58574822172528173692 -0.55121739901869282185 -0.43255116573774793354 0.810484472264757283 -0.39498659374293909607
4.7153179746512803305 -3.5684326725807369307 7.2058357624332369795 0.8878784696225353601 -0.0070903374328255405409 0.46002342363828241378 0.28065388471684232785 0.80064378583396023092 -0.52934197377402680829 -0.36456168226260943221 0.59909870248618168898 0.7128643100234051122
1.6427768794010553233 -2.811743646406755115 2.8936802476822349739 0.95613164751882107062 -0.0084898773503004655583 0.29281426637996760265 0.27782725648751382952 -0.29060586416312395031 -0.91562014354576370945 0.092867045638805836849 0.95680518063850616972 -0.27549874434874138673
-0.24777405365330820719 -0.87082597931899086152 -6.4114489018342890603 0.99987701971356768293 0.0088604088980443630047 0.012939806907375677944 0.00039147960314166087986 -0.83894800650776146789 0.54421143788095893701 0.015677761076157373937 -0.54413944493193766583 -0.83884830111090480376
-5.9549613071527316421 5.8163637290629077725 4.7100679931733813177 -0.93959072619633621226 -0.0061419021391426768461 -0.34224486012781485389 0.0931588323116712691 0.95751005945679645848 -0.27293940353374079866 0.3293792634761862903 -0.28833446390805733683 -0.89909539967384799475
-6.3847051525255764659 5.755359209997268799 -2.7042725025829987828 0.80448449350322071005 -0.007402556852616354495 0.59392752240065482816 0.21256674722085674989 -0.93010993268601183104 -0.29951776423911358194 0.55463508515859549775 0.36720663838079603547 -0.74668548066790063622
4.134676435502881553 -4.5951346225754088337 0.47863026329303215434 0.99705802490635775381 -0.00079363205375143240292 0.076646364023837496027 -0.063204151325204918632 -0.5742331317737153773 0.81624845827036618395 0.043365080712192194401 -0.81869144402619409284 -0.57259391304254181332
