1125 14.717824617146108679 14.977075390850430381 15.033177056927090831
-2.0268737316323455211 7.4851929643029420092 2.1245308103228666141 0.83674594833913362724 0.002431511675180609254 -0.54758588886943826424 0.4918628775478965931 0.43618421863445838715 0.75353449629371505036 0.24068055099717672318 -0.89985410771145390996 0.36377940734255459487
-2.6759755913554421625 5.6325034041078332336 -2.6624904404323164187 -0.90218239192803473259 -0.0086709391419795799061 0.43126760428923532897 -0.39808736997674648572 -0.36828045293196792764 -0.84017614453946554143 0.1661125448603743282 -0.92967431006923184622 0.32880434856823798073
1.317503458736204669 6.8264005399576888067 -7.0156704416873081342 0.99725780345505787849 -0.010471970509055184007 0.073261253617035587693 0.04276581702502225274 -0.72637119568691721483 -0.68597082370207451696 0.060398330623271517803 0.68722283424667884866 -0.72393150072911949255
0.90097943842885075405 1.5494381749652625935 -5.160737061196214448 -0.25168978012193576888 0.0061153604347454239287 0.96778864270506803624 -0.72807125437564423898 0.65762372204235119977 -0.19350268411316862149 -0.63762410802454905223 -0.75332173908219091096 -0.16106475186114055376
-2.7368698272399964999 -1.0008213578106577302 -1.1993603084139170534 0.98484273719955317539 -0.0029756465464246357674 0.17342412898141099098 -0.12022904221520784585 -0.73238536024165878935 0.6701915110711095247 0.12501904012324757676 -0.68088385913563287399 -0.72164216199946629171
0.63990322482260753034 4.3411605635742116505 -2.9778608623146576306 0.86371465908997269167 -8.0045712131313062621e-05 -0.50398113185499593403 0.03826309255891434391 -0.99710335686492124196 0.065733031853014142754 -0.50252654001651675397 -0.076058459893989155409 -0.86120972315554722432
-0.48293728055755297257 -1.2121625957698918263 -0.20586207117092950036 0.99926652423754436239 0.0028082204342455355239 0.038190672110204958167 -0.037917838186720592697 0.21196315804341794853 0.97654178465625096628 -0.0053526708737134231358 -0.97727362265149020359 0.21191416985243849425
-4.3667642063702878374 -5.3910893386697118501 -5.596169057618588738 -0.9480856945093267818 0.0028238049499226484246 -0.31800242450727816967 0.1277413655242102819 -0.91236087776687624373 -0.38894700442929730499 -0.29123128163176725813 -0.4093771547682106271 0.86463557974033777853
-4.9595845137353444798 6.8941710980439117051 1.464982361153603474 0.79789397462859146248 0.0030852913603916726562 -0.60278991881800281227 0.51635067540834167499 -0.51948881064544283337 0.68081815165253223299 -0.31104209563450968545 -0.85447168273232243507 -0.41609008417874732144
4.6486828038963263765 3.6103014204044328039 -1.5027439863679659116 -0.81259538222208949065 -0.0030014836316718802693 0.58282050057223744322 0.31361312502801674817 0.84062545007978306533 0.44158312975968777581 -0.49125915014531573721 0.54160857062477107959 -0.68214705425175092834
-5.8555851934930194247 7.1632324515104306428 -1.2522981539502584525 -0.9989507857224316778 -0.0013560759861583936495 -0.045776508850001132456 0.041305307793014639506 0.40501448811540241568 -0.91337677656311289098 0.019778757612622550888 -0.91430926139606316649 -0.40453352799585157173
-5.7662174105934500545 5.881800832040479321 2.343064880125160343 0.82799111456766461004 0.0049072421250039247737 -0.56071974565877313879 -0.54484178948895556349 0.24347316771080326769 -0.80241400849640509563 0.13258257284931485032 0.96989521886614959989 0.20426729008107649688
3.2508037393869910758 6.5127941070376857979 1.8371227120001403232 0.99260220278543209727 0.0067890142388177610391 -0.12122201248606379043 0.12080525240822681532 0.044464657884481388617 0.99167988039990684346 0.012122624141633139491 -0.99898788955872108719 0.043315568783500853212
-0.26703109380192652234 4.8362581107516584566 -6.9247997514972752242 0.8636211672600199174 -0.0080568896090985123171 0.5040769445138427729 -0.47312462834633572939 0.33234712952242584372 0.81590346950508396695 -0.17410216975306413989 -0.94312272373651184765 0.28321010303166732625
-5.4881901948931153257 -0.92377223215289483438 -7.2479818514359326542 0.5965079836265233526 0.0036104696189796464494 -0.80259902191498377899 -0.42704538379066747655 -0.84526234255398879913 -0.32119123967378215845 -0.67956638060817087243 0.53433934608003952338 -0.50266390120816606402
6.156036419188031239 3.0613007471996729336 -5.1500593100928080403 0.96267976049112313763 -0.0031455069882967857248 0.27062480397500116025 0.0011121412668245516872 0.99996999261285091087 0.0076666169582894167986 -0.27064079862896062156 -0.0070795239648736357427 0.96265437123491515159
-0.82993360239756697183 -0.55641139474287870659 7.460271720414676011 0.45603179415650346717 -0.0037480405814072706439 -0.88995559153825631871 -0.40589093416347499232 0.8890570484670908824 -0.21173123089165460375 0.79201486872553017449 0.45778107951597762915 0.40391698522707086827
-4.6824463510967246904 -2.665232539331463979 -6.3112614756127038973 -0.032590654999249304979 -0.0053058984021075190213 0.999454699648176903 -0.60220281192074365251 0.79819460691214805248 -0.015399441914590895897 -0.79767764323790468772 -0.60237630841420020111 -0.029208911993649489675
-0.28805454678686415182 -3.746718975103087601 -4.3585133281290620033 -0.56331530256590678363 0.0069078738547595254504 0.82621313907115112585 0.10893749621853796028 -0.9906144858158557609 0.082556419553567336744 0.81902899326750988607 0.13651088517287379709 0.55727577232160585563
5.9901577258683538219 7.2891798288729630073 0.54044162693932307207 0.98641682073685788001 -0.001954518110963139859 0.16424991819241899216 -0.15437363021648856098 0.33065960375903069579 0.93103867198712475517 -0.056130544813414937066 -0.94374806293900159737 0.3258664690299745148
3.2172388715596897946 -6.1769485517683104803 4.9992648587737624766 -0.9976781732730485297 -0.0052163962887194327903 0.067904725787739469989 0.063964437494270998119 -0.41411539653397821947 0.90797411256575044636 0.023384039655098696336 0.91020944159201633283 0.41348755619261101657
4.1716017208231352953 6.575693916058356514 -3.7769771430835090698 -0.95204048875479585501 -0.002921853159144358579 -0.30595811894005353615 0.27359025082818161367 0.43958312657293546755 -0.85552033843982411287 0.13699373132765929606 -0.89819715965173063665 -0.41770154413224558354
0.33302979777500724134 -2.1292343719445341321 -5.9467698051295281303 0.79976765200766719577 2.1849637987532595507e-05 -0.60030967202341611877 -0.51014551185464684924 0.52712368428920108876 -0.6796264990390031846 0.31642259643840814354 0.8497885742842152812 0.42158761779633296962
-2.1869614281969140812 5.9169538659788090129 -5.2367814808133594795 -0.99020058171662483915 -0.00069631045304943163521 -0.1396507182935236846 -0.07442013225229621165 0.84880167776122317225 0.52344756733150388239 0.11817128197534125522 0.52871091059432895332 -0.8405357345972144234
4.6507648164425967607 -4.921797968460835726 0.68497238053606290809 -0.90235131471224672151 0.0040783848903028947774 0.43098198525431963279 0.30804856790557028079 -0.69326872805378314535 0.65152478887148490561 0.30144350158591826094 0.72066763315657422773 0.62431560758338799921
3.422596397929940526 1.7061112178326283129 -5.7917486718923774092 -0.5239309373751971366 -0.008254066470813208739 -0.85172075426615379001 -0.2260913392000349631 0.96542981336717093033 0.12972271119800402039 0.82120586895114311421 0.26053242763334111265 -0.50768472002966080758
-5.9940898859143132427 -7.1144496735034348234 1.7157635729320843687 0.98097784226078643677 -0.0036598131727591499095 -0.19408523581427641891 -0.1040613512357804471 0.83411041431531895984 -0.54169276523673248747 0.16387101077532267857 0.55158537190386169868 0.81786298933817114243
3.1084516775395947263 -2.0082895011414216846 7.0815805324464298209 -0.98748349915003696964 -0.0084942424162214834327 0.15749344987038635391 0.15022135916654041909 0.25362590935659079516 0.95556655516672039941 -0.048061233405511702421 0.96726508566624203045 -0.24917538380574483226
-3.4701335461410085514 2.8162751076236984815 6.4259713873672623663 0.99273866263292376289 -0.010723286246181597953 0.11981218154273697019 0.022448298214922012689 -0.96200646522389998694 -0.27210225058718745528 0.11817792357797744784 0.27281600392842175751 -0.95478029220305649094
-6.3794659587472084539 5.4457396223708984806 -0.10552629422514805957 -0.91999192250956829398 -0.011583944118519678979 0.39176609699636172346 0.35531775946368199248 0.39722538940641122229 0.84614495201500594668 -0.16542113627597102021 0.91764797294474975686 -0.36132816859966632173
1.264104884602315737 -5.2127808578026435526 -3.0729402540173711422 0.98754097513300198585 0.0035895931973404233799 -0.15732112780536086638 0.082716086423802237526 -0.86232568109645035825 0.49955226830458965281 -0.13386885926156408266 -0.50634132217523541986 -0.85187886109337085383
-4.8490442189559415098 -5.8311774828980382779 -0.13230926205663523509 0.94145816566471240971 -0.0069484850549847172047 -0.33705821583053163781 -0.19662734990218297404 0.80081062512388834218 -0.56572080389464785011 0.27385070307356207397 0.598877334054472521 0.75256343997167429727
-4.9670931580567030394 5.370697488250606888 7.1434209900760698986 0.82622630535414476327 0.0048221964385095029623 0.56331770677159520577 -0.55615221994951280493 0.1661930672741966375 0.81429391047409693805 -0.089692812343311945078 -0.98608144228131455744 0.13999495920372162505
4.1604339984986857814 -1.6573524934195649205 -1.8068474013976922876 0.7077913982565291473 0.0066878726282859329161 -0.70638984202341514873 -0.55434894932897449404 -0.61455376527977412238 -0.56126723756013841005 -0.43786822096605954036 0.78884658961056375315 -0.43126845366647842406
4.0787111969339617801 -1.6418307690224696049 -3.4622443421619668591 0.9483544499499824143 0.0071166643940270956498 -0.3171327645451497701 0.24290854880577864017 -0.65925778349665486999 0.71160003640820890247 -0.20400802478625709724 -0.75188332072672459105 -0.62693875126353049154
-5.8994881478763652183 6.9240899884329918379 -3.1820185109251983846 -0.95246836211783125759 0.0053488549523941835914 0.30459055946476160104 0.12182331629268797202 0.92310691540702571878 0.36473648341658826411 -0.27921872926397611758 0.3845061930298869779 -0.8798817470261344198
1.2030425826436375036 -6.2117421229669780303 -3.6958319228739564544 0.98987668037120402076 0.0021490148190453969151 0.14191384496447112529 -0.064480398080735010224 -0.88393183014681586673 0.46314878593869407419 0.12643747830704890611 -0.46761084395941998615 -0.87484493636919458126
1.5502646373243549327 -4.3863423130034240316 -5.0027836240450511696 -0.89790381186576495587 0.0013570127037306105658 -0.44018962181469850625 -0.43197608228359229976 -0.19501517087660996674 0.88054854917993030661 -0.084648738748798538212 0.980799287134978659 0.17569106233308953713
-7.0386060034932382834 7.4064414400572502473 -4.2170806618424627743 -0.99171939993964342008 -0.001429588523171060159 -0.12841568463395172661 -0.083521636576733893076 -0.75239908296862900716 0.65339096731713242061 -0.097553923585390125983 0.65870598617647846407 0.74604936550356948377
3.8507551890279443363 -2.1042366785278612262 -0.068455924667851483778 0.84435057689530024216 -0.0010675207167615118758 -0.53579003695126337092 -0.27717698869759077596 -0.85665890141032152716 -0.43509590157913952124 -0.45852483055250131683 0.51588214451946035055 -0.72361632978596834853
-2.5603245939817314003 -0.79935573807919757527 -6.6176867854116157019 -0.69284429215560294768 0.0070515350192475838298 0.72105274611594705192 0.19819350009695504977 0.96330231161048740507 0.18101931655230010798 -0.69331531307677407572 0.26832616775040779578 -0.66881607662613018483
0.97033033523339440318 -7.1475970808260704814 -4.1710763195330713415 0.72531724346465542563 -0.0019776956797832746099 0.68841192977212795068 -0.58594243545315016775 -0.5266981539589229433 0.6158413082535698635 0.36136734587951896414 -0.85005008283985927786 -0.38318206899066842297
4.9904303985972786606 -2.8881694988793151779 1.3238918164088502305 -0.96000339478461760301 0.0023187092554376367154 0.27997875917556119818 0.15774372399978725534 0.83063922320717731296 0.53399943671164273873 -0.23132314959978023117 0.55680616416945738489 -0.79778223595304864624
2.7586206631258294308 6.229013008074058888 -0.051687934702027232836 -0.99993505087230094563 0.010118996968081505478 0.0052440382716915732303 0.0088996434069625336011 0.40581956805154451029 0.91390988315790067098 0.0071197179905145274031 0.91389719557880522149 -0.40588326588922912785
5.9707823056144393448 -6.3147758594368639251 3.1186740319372256991 0.97788178190894048392 0.0070395403495554622134 -0.20903986577260413871 0.20676705456930555282 0.11816103331425138745 0.97122878630669207123 0.031537370773372423727 -0.99296949352827612589 0.11409197678588769986
4.5894976814944481447 0.28806184955169383821 -3.4186616112581624805 0.11760003642643605815 0.0028909600025225491542 0.99305683310818115839 0.98903564981278979662 0.089606450211162355646 -0.11738469866191161839 -0.089323652141486992173 0.99597305507269939806 0.0076784593042739310298
-2.8229242531127165527 -5.4289437275701146746 3.1691340861689232256 -0.8173578978448411414 -0.0094602468287425141302 0.57605257621205141483 -0.17171365316517553379 -0.95042246319614509531 -0.25925192915161465734 0.54994589565459250924 -0.31081770410019537998 0.77521085303973957803
0.12114441161882719133 -6.9710105029377134045 -1.2543373744568480088 -0.98381839589106312438 0.0080898195696464253457 0.17898580593350624235 0.070725252908962102372 0.93539014070304948856 0.34647254332254212583 -0.16461865783463119906 0.35352487818362837713 -0.92082618229389412434
-3.3686948635946474262 -1.1434510688493830788 2.0347298426472599786 0.93788871541914320407 -0.011749417257433503181 0.34673723290629793192 -0.26892625560166921739 0.60679892818288105882 0.74797976563823065366 -0.21918810765526505757 -0.7947685272770830256 0.56595014048264025153
-1.6851806836231186804 -0.06190725025459270503 1.1813872535220981685 0.99993821580830355433 -0.0012968156812235955358 0.011040055943270097455 -0.01086726556984681652 -0.32295386041442453173 0.94635231630851968099 0.0023381841623458530025 -0.94641382191535050605 -0.32294799981162680691
3.1586030382944683126 -5.1934682138314700595 4.2612464709888753234 -0.96861016390320353597 0.0096257022384822737288 0.24839826134576581396 -0.24775664299928112921 0.044111090684919480875 -0.9678175745089203641 -0.020273042025566970215 -0.99898025883147723025 -0.040341619105140183454
-1.8412882630244549187 -4.4497803414744430128 6.6815388625039133785 -0.99772022469898435926 -0.0073497329994773388795 -0.067084533624658465589 0.041824034955125134749 0.71279465344818693229 -0.70012465469793538908 0.052963226175083311098 -0.70133427368168299587 -0.71086224631259864459
-3.1015656346307283187 -6.0961668623789773136 -4.327364819983608335 -0.88588011281629852611 0.0011664649385286531003 -0.46391277744444264775 -0.41705280771650471427 -0.43997667521559263859 0.79529081526324851836 -0.20318312255811335487 0.89800844351588005043 0.39025306415426547213
6.4260973853108884768 -3.1462244903997849121 3.88222180837349784 -0.99521855452338536807 0.01490630276330911011 -0.096528912094606136862 0.074735956350305624007 -0.52007632078650234408 -0.85084379141282728831 -0.06288533661083574311 -0.85398970877594748696 0.51647556742222278103
-0.78378308593457723941 -1.445096685701568795 -3.8854305004899307718 -0.97261466246481564912 0.0010500655687015062259 0.23242120325149417948 0.23240913394084861121 0.015541152364099853483 0.97249394190615912059 -0.0025909109282106230349 0.99987867761318083293 -0.015359597490341369078
-1.6465718627549703612 -2.9132389566865177777 0.19376712912816651535 0.9927257490153823527 -0.0065914449359689483016 0.1202170540955065231 -0.04820132923672539732 0.89322876373582038578 0.44701119392551902365 -0.11032778028022181827 -0.4495541441123119264 0.88641347711432239009
6.4424753522968307706 -7.3568824021130057034 3.0530228100031884253 0.77207189207398219111 -0.0068523102169950941137 -0.63549826066951908832 -0.5677625949475806344 0.44187607642514792339 -0.69454385668680318489 0.28557070796500838572 0.89704993112301167901 0.33726961295762769577
5.6981024261490587079 -6.2638461621666268186 -5.9709618768719012749 -0.97646702322633160964 0.0014211051360523392975 0.21566208060705227556 0.19077228656262656958 0.47208945070562341462 0.8606610745306194632 -0.10058870329837946156 0.88154950569586543185 -0.46125088810329067934
-4.2702889119285112329 1.8306317211572136205 7.4394841198650931702 0.94309399125644710615 0.0044618692333017731175 -0.33249633889552027144 -0.33008498656845963737 0.13350271540203054177 -0.93446290810412047101 0.040219712804477940338 0.99103840324348113633 0.12737840475807055141
3.4926908772869769138 0.2280175231189503493 -1.6986349082997216353 0.96988246792483001624 0.0033978219282204827692 0.24354969352907057667 0.19800177066481453036 0.5713427363359597777 -0.79646894255181777122 -0.14185660797282351187 0.82070453419133448936 0.55346252839026999215
-0.37656931074098703993 -2.9845920295857450988 5.9592081136953423126 0.99934211602192546398 0.017227509778259309653 -0.031914699616114330927 -0.025729055848619005603 0.95695680724515308491 -0.28908767658314321602 0.025560728273698749002 0.28971862552130689394 0.95677048825521271436
-2.2250692911617417913 -0.56100140747667892605 4.1042854131612518387 -0.99995900721851271875 -0.0061990554195658596759 -0.0065996662347809296328 0.00095914302181535938951 0.65226104960250574916 -0.75799380156837370404 0.0090035508089400494158 -0.75796905931794256173 -0.65222836582711796183
-1.7280717370168392488 -5.7701963239145257489 5.4522982075965504833 0.99756145758735159657 0.0025712435829849770996 0.069746161490800664962 -0.065965729185998342454 0.36113506964454972215 0.93017739385878250857 -0.022796072232412711162 -0.93250997323317164067 0.36042404041833947526
-6.0816201842164758773 3.6959536369594361283 5.6551753897466143783 -0.92689571376027202199 -0.015830850428493439125 0.37498495968191336569 0.34451103866883259208 -0.4323102421133072637 0.83331866581715197118 0.14891769555114064971 0.90158595748744951859 0.40616041315362910735
4.9223493094247841029 1.0895526059069740032 -4.4262770474457511227 0.50142778264028331492 0.0075149519753049068976 0.86516686499963246781 0.82408612883858378684 -0.30873470746992631719 -0.47493676701147258257 0.26353791198284687303 0.95111850255383578734 -0.16100112747249217815
-4.3043052988639960432 -1.6695153714176507176 -7.199485444135468093 0.84666910732635758396 -0.011301613285365975925 -0.53199971450784866445 -0.10223608634750429303 0.97769321261388653088 -0.18347687771849746641 0.52220609470557821652 0.20973377302218240703 0.8266272068510495119
5.7787516729123353798 -2.124789837249839497 3.4696310081507490963 -0.80799918626798539201 -0.0065106320727033647339 0.58914762722119062843 -0.45264807852916183473 -0.63323549146405855303 -0.62779178821808290234 0.37715650861965072105 -0.77393179545761525695 0.50870673672123034592
-3.9010262707590652731 4.4512987375692212311 -4.0201705605618966999 0.9999931765360414726 0.00091268610022817928118 0.0035796487939265889122 -0.0018161043605594189357 -0.7223600548269353272 0.69151475252192640131 0.0032169312017856924527 -0.6915165350116762033 -0.72235346829586954964
5.1917651438532885777 5.6413266396280610238 -4.2395969210270472161 0.97274474259149146249 0.00022016900628235277007 -0.23187845369117732197 0.20892170574677268458 -0.43465891051358629404 0.87602702719664815589 -0.10059516205288950019 -0.90059512714460465688 -0.42285816810688842127
5.1968102073517297157 -7.0684358059130323326 -5.0927218302030388131 0.91421685366828631114 -0.0048512284825925995266 0.40519626115133505762 -0.28454961204317374968 -0.71961312548225964125 0.63339440155386761422 0.28851180695928740905 -0.69435827583162956778 -0.65926286261943622957
2.4718318929649618632 -5.6893595935683496378 -5.0923361705340264294 0.8619174696990757889 -0.0036562396729706118925 0.50703541034029975254 -0.16302169372736036168 -0.94887946508070208917 0.27028075795827788408 0.4801272777105785039 -0.31561747838113396458 -0.81845183397591225738
-2.626780584300560939 -0.9945254471169414634 6.8893248332839043258 0.99676493249080355685 0.0056780822845781207114 0.080171246330153322912 -0.061131995298097700775 0.70114557166362778684 0.71039268470853456083 -0.052178046220964363622 -0.71299554466921688523 0.69922443090504959873
-1.3019420994829460358 -0.58919914706303611052 -4.6733800183542593132 -0.57014388629213430537 0.00051585170754137022429 0.82154469313640399175 -0.74480435005615230892 0.42168788737022222524 -0.51715162745810894229 -0.3467022195790006589 -0.90674089989489781161 -0.24003856231186376791
0.24691291699443124186 -4.1268361568234634973 -2.0150087529940421405 0.54381093715276995759 0.0012472250639040806212 -0.83920683330310452686 0.77412839595105931156 0.38536719077728193161 0.50221245987594409499 0.32402915179846236704 -0.92276246819103857622 0.20860138082643223112
1.8829263030790555078 6.931062949947363272 -5.763701930794526973 0.97782803584027622179 0.0075211125104308208106 -0.20927437777085644566 0.082992015034416791175 0.90360410336430319056 0.42025224547151329713 0.19226195090374392782 -0.42830253005310264802 0.88294523328741658652
-5.5418394434585867003 1.7081453168414928445 -2.5279710961439789685 0.88807037876835781542 0.00011141843860261024107 0.45970750476808486251 0.39383661480777615305 0.51561185300024059419 -0.76094489805905052293 -0.23711542166406007759 0.85682227132086818955 0.45785573293072856504
4.8833249474381741351 -3.2037640904814508325 -6.7382335832594257852 -0.64582774367207029798 -0.0060134526171266846836 0.76345947102061106904 -0.73915332525367816174 0.25535304538296899057 -0.62325531203530315505 -0.19120378466427281894 -0.9668291786046080416 -0.16935894463763578877
-3.3470598511279505693 -6.9179740871294326254 -5.1914623025817041579 0.99976615062089346786 0.0032624417168206562567 0.021377571115402348861 -0.010217466453233844254 0.94251665457036970519 0.33400293297609073839 -0.019059051708398923319 -0.33414325121326898804 0.94232958152479395775
0.51986680903852544589 0.37488764140325242513 -4.7804985736284733022 0.65109858190026725921 -0.0027662958187429547222 -0.75898813182747404404 0.75217311871613778962 0.13610650335896815055 0.64475624791412400327 0.10151963420128559679 -0.99069034887334728179 0.090699484677655456411
-3.0994682955203773922 3.6212912067012141826 1.2618734835178677667 0.99655566872381606824 0.0034760828142477388086 0.082853581592149880275 -0.082925473383999706578 0.046666782270958204193 0.99546249416866749993 -0.00040619998434111414393 -0.99890446404085841969 0.04679430222612170065
6.9169606026631527129 -2.2994895923257323567 1.9989697760283560157 -0.99986007085140038431 0.0018902715908266874961 -0.016621239131926028587 -0.013264047342385952219 -0.69502443653990175765 0.71886375458812756811 -0.010193319629278290231 0.71898362949774363706 0.6949522550140901922
5.2542286294376259193 -1.5854135021662043581 6.5988036161693548465 0.9956390074129622958 -0.0012387534395104649043 0.093281468725819050025 0.033023885932574569002 0.93984568654987488134 -0.33999927710443561546 -0.087249010742993779455 0.34159705936014872485 0.93578793493010259397
5.4541055565704334995 -7.0299113060975537692 -3.6791059187320911406 -0.99557239757054916129 0.0099190216142183741665 0.093473066741375940292 -0.09382099118723283282 -0.16583632344675103276 -0.98168015944013287122 0.0057639230099398291313 -0.98610340575209631808 0.16603267857760470316
2.2730698386130421262 0.74662389412770424624 4.3314352055905054328 -0.98018701163563981549 0.010048090468058726299 -0.19781925613729620106 0.15583508662696046732 -0.57735584522412308761 -0.80148340828834041538 -0.12226548162389566654 -0.8164308077623660953 0.56435085553209118903
-3.9904111495051166614 3.2837007850122299502 -6.8027484994382012573 -0.79979125844984488847 0.0081264783858437522612 0.60022321119412991308 0.25421301395407325252 -0.90123149284857329011 0.35093808547125854291 0.54379195143323444395 0.43326176457995663194 0.71873121325673905435
3.6062272141065081499 0.22280040712365314914 3.7101890649928170873 0.94712795726572140964 -0.0030818442825158807313 0.32084129223249369112 -0.059368404559522955366 -0.9843705752406921583 0.16580097448571562424 0.31531575461061212007 -0.17608257391399029235 -0.93250785629845567293
6.5205379795002533783 -3.8027032166531298252 7.1425193422218029582 -0.93345793658366182921 0.012981086756401173654 0.35845191032508250117 -0.33434617158207269316 -0.39335234487575282403 -0.8564383050338345571 0.12988039951240015757 -0.91929615694145694338 0.37151804485803685552
-0.74017747141321910131 4.8681670945073669543 -5.3018935832083151638 0.9964650338725522527 0.0016631706636648841725 0.083992083750057108804 0.031512620547150427264 -0.93419786828086703867 -0.35536079925304903115 0.077874199935449583965 0.35675142152888483782 -0.9309479213262328301
-0.71610115922702255453 -6.8791770954081679079 -6.1890311562919952948 -0.98148965372510710292 -0.011644001892898912104 -0.1911608664201530916 0.1802867207927259241 -0.39292582710929663259 -0.90172390047962214243 -0.064612366745057950301 -0.91949644458823109883 0.38775189290729517033
5.9028263543533538993 -2.7152843004689515283 4.8467532941789039924 0.9945283213696368696 -0.013342540758662951861 0.10361174933318269276 -0.0055595219751682529996 0.98364505049169259632 0.1800319592696007498 -0.10431926815883214854 -0.17962291404260366523 0.97818868274059189716
-1.7260820626135837674 -4.6970847985919785827 4.740097079097937538 0.83302848166481080483 0.0036098631988214519711 0.55321832726601527508 0.45662955304400154599 -0.56904016016799408018 -0.68387334163787294461 0.31233475634667090537 0.82230180895078652803 -0.47567503084997503349
-5.4528680681680112841 4.3853741999963791187 -4.8318683419999821638 0.98051875346651162779 -0.013921459072517093636 -0.19593153671043270214 -0.13957479570015127179 -0.75123342836106377085 -0.6451102328425858401 -0.13820944434324333727 0.6598897855628926834 -0.73854154954490047746
1.3812512836052548426 -0.45204680918068723683 -0.59135983829414062729 0.85766319446456684705 0.012205530925655801167 -0.51406698967697672664 0.51408179387863428556 0.0021321251939646450324 0.85773851682478363667 0.0115652091732829157 -0.99992323658214987692 -0.0044459959286547228938
6.6698964591175124994 2.926131926140043138 -3.846379109175015909 -0.94994585442780643536 0.015614343461492288107 -0.31202414319004928567 0.076869190416276170219 0.97972800628117606703 -0.1849977331563395222 0.30281017357413853031 -0.19972287296774388077 -0.93188881997442529759
2.9427110049673550485 2.500404305629174484 4.2549703704033934315 -0.99849820257766597198 -0.0033367009667469370131 -0.054682774946697591811 0.00080537399236725874981 0.99714162812589102192 -0.075550809599228607727 0.054778561700185392225 -0.075481387672908961672 -0.99564143610693833786
0.81099241054041437682 6.7148814148131359403 -2.8130733458888173004 -0.98964292346457582994 -0.0066013431999165511632 -0.1433991154245637667 0.089784056872256184922 0.75097413886859709642 -0.6541992554889338729 0.11200762102709212187 -0.66029861806506429112 -0.74260354686281504488
1.5008758523645981953 -6.2125866388233079718 -2.1472900237464398465 0.95766007932404129122 -0.0091600635772838955723 -0.28775556589645434613 0.10480640286258326166 -0.91982138392017154249 0.37807967361662375705 -0.26814695670124477633 -0.39223043599179546748 -0.87991618617543809755
-0.88518510680547324299 -6.9863371366769655424 -4.1470694882852008334 -0.97627715875357334863 0.0073645502704038807995 -0.21639933617154255563 0.028730467818930360141 0.99499025437109323011 -0.095754654850653445064 0.21461004057372567999 -0.099700336538949566045 -0.97159784549938399412
-5.1166286459347363191 0.98026956524772479451 0.51368984442231346854 0.99981672079420369492 -0.0089800487114752268469 0.016908091123794450478 0.0031414370756538551044 -0.79424367057147615689 -0.60759124675243803004 0.018885343349043209882 0.6075330036156130209 -0.79406989196438748646
4.073924590334435436 -6.4555941507491416687 -6.8968808770167910893 -0.95716169300614439841 0.012698242802825353281 -0.28927538448903750146 0.20802093839374286022 -0.66478561763088439562 -0.71748684432598697214 -0.20141693730006909879 -0.74692625956032210333 0.63366582687395445195
-3.8568807913880331917 3.4249362410210193453 -5.6830425428251762909 0.91829556624982644486 0.018264784336841595469 -0.39547395699211651543 -0.35746116315341508463 0.46760820663494812033 -0.80843310293720727078 0.1701610115240472787 0.88374711470017419668 0.43593149394872215963
6.1603953787238570072 -1.0652617520703404619 3.0667522455664073533 0.92089749179092605935 -0.0031361045933103099716 -0.38979221960056276153 0.3792872764090499671 0.23792908151396774397 0.89416492557251758821 0.089938710060594992401 -0.97127746654486990519 0.22029777896004373861
3.7067188634602126207 5.9330532388833940871 -4.6547821085284102338 0.94626360958140209867 -0.0064748227194114755731 -0.3233314983925023034 0.2910948813540606972 0.45261179416513636076 0.84285605759950554816 0.14088630604658283763 -0.89168415958422431178 0.43017485783712522407
7.1281333851870396501 6.9524838627158835891 3.8524060111656757144 0.85338093113928614741 -0.0021077022021440067548 -0.52128355427661865473 -0.22594589516798654905 0.89968051937811754915 -0.37352833293907428125 0.46977594534473271493 0.43654383587781042664 0.76729397269396026893
-3.2290782826412685047 -4.8121821257306223174 5.9183077070219010096 0.94550865907845615954 -0.0041465361756733015719 -0.32557054818481417913 -0.17093050234978957036 -0.85736951715813736197 -0.48548972637365839233 -0.27712116298486827448 0.51468467753152236099 -0.81135907201452583948
0.33920418310024058606 -0.65321756910173900401 -5.0315609366213367437 -0.019618814574769889714 -0.0084111341902673598253 -0.99977215151067466703 0.99411214977188755437 0.10641780595050005787 -0.020403045182014835357 0.10656517156503551857 -0.99428592638056279007 0.0062738194895170587562
-7.3174374412530482914 5.6706492218936475069 1.9903156337353433702 -0.13073339015131396623 -0.003192556222530898262 0.99141242088458447768 0.96067513538795612504 -0.24750092342794061118 0.12588318851079771665 0.24497360051016101035 0.96888239765573047624 0.035423644166602097361
1.1741407598590523076 -2.5878029608197561373 0.82063784201143508135 0.88174805301529179946 0.011711369049221008465 -0.47157524833108593887 0.097820762779669501175 0.97342146882574187572 0.20707907281586390713 0.4614666503364592276 -0.22872141977545668023 0.85716686984680123818
-3.3401114005150680519 -2.8852583789410815029 6.3006072811338551531 0.95367515203257224865 -0.0061189437318316108882 -0.30077610098413953832 -0.042851953787364283066 -0.99236141891209050936 -0.11568286092298543655 -0.29777074143076370794 0.12321271355792076663 -0.94665263574630909016
-2.5695397716831331891 4.5735750098781684514 -0.36021345427913792347 -0.60691570142168960178 -0.0084504140583781910123 0.79472128565309707593 0.77338216107773172237 0.22411638011041759566 0.59300242924714507975 -0.1831211738020517843 0.97452575064408408778 -0.12948435054837001412
-6.4156478075613074807 -2.5234276837562847895 6.5371756394165032589 -0.8707115342392673929 0.00033775756209058083873 -0.4917939711529701885 -0.26261622549922641889 0.84516728459241219351 0.46553730157648665067 0.41580541392241177068 0.53450177452883129714 -0.735808202440332626
0.729410217845319786 -4.9175796215936138367 7.0807517970241473648 0.98821444349796194739 0.014141630012967457489 0.15242121887288839766 -0.153069027640442612 0.081894481506654182024 0.98481631113418643952 0.0014444512125693920179 -0.99654067061981532749 0.083093955022958493339
-5.1948406250692595876 7.208967578293095535 6.0409977802402030633 -0.94928542145442385003 -0.005105602612852020751 0.31437417425097896606 0.31421555132985845571 0.0202595449594828933 0.94913546880328847344 -0.01121498624683644682 0.99978171800642867684 -0.017627830935416394231
1.700849386596529067 5.5838767325763223326 2.0708702634030440315 0.99957346199029917244 0.0086486456790396612493 0.027894354492857754285 0.013104999764673762666 0.72074608436363263309 -0.69307527791416068119 -0.026098909284119130997 0.69314521047369159756 0.72032531826375112427
-1.915921341977665282 -5.3961952807531394782 6.386201850933242774 0.99963269533299192737 -0.0002024049200136711444 -0.027100432722416880477 -0.00039449660110187274344 0.99975748832506905472 -0.022018376651632871888 0.027098317178840616165 0.02202098022771419375 0.99939019288560770882
0.19789622369177348182 -1.0966270938321278638 -1.2607107149037948268 -0.9998188452136899107 0.0046664252458263853762 0.018452675438245618594 0.014544866017838515432 -0.43801439635439354259 0.89885028534164423952 0.012276955156955281223 0.89895584600234923478 0.43786717542010444859
-0.80539378546298423522 -7.072209804275969347 -2.1038811716059884205 0.92816341481358766163 0.0060205164037494636117 -0.37212421149920160701 0.31485174720566416751 0.52043890690930871834 0.79373277710859979628 0.19844659907193668014 -0.85387768301863176124 0.48115678292989477738
-2.8318266309012596338 -3.347737992731846024 -6.3669987356757093977 0.98302986141748127658 0.0095944049012454558217 -0.18319453855413159182 -0.036587366498499807044 -0.96831363034364636988 -0.24704266413600700636 -0.17975999603412579075 0.24955292161239334137 -0.95153017983698873206
-3.7034108986526108609 -0.70628569710727673314 -4.1453003163387007746 -0.98588548574943346559 0.0097478141608913666805 0.16713703691198858459 -0.021630705522959987885 0.98252018126850126922 -0.18489512156547688315 -0.16601783508764494934 -0.18590070876470407568 -0.96844153407084043739
2.6965512583886290798 3.8337457082651069662 -1.9764240307475458014 -0.95912391442968769617 -0.005891023524930117175 0.28292510070848397863 0.017646330085794949272 -0.9990826493914491957 0.039018799564460457385 0.28243569852910760387 0.042416453491271377541 0.95834801646878486903
4.3320766491092506101 -6.9416115479977742453 -0.079704071395149900248 -0.99336740499751463584 0.0023136637656920901185 0.11496019158185009912 -0.10735401989029683123 -0.37678286626126283876 -0.92005966442688114082 0.04118632178231421137 -0.92629871998824131474 0.37453219921140223914
-7.1838697253493242201 -7.4815131053922385718 -6.144261147478134788 0.72176901626425193914 0.0038457577628032584872 0.6921233252159436633 0.67627919050816809321 -0.21672872346135121924 -0.70404198519148653013 0.1472954298219711633 0.97622429316938008625 -0.15902888347566696003
2.9895968297572332872 -3.0708817507626200438 -4.376456772012173424 -0.63206008235019917052 -0.0040087908372266577162 0.77490901523695088216 -0.50262633988782046135 0.76322510077440930409 -0.40602242302465701984 -0.58980235227606414572 -0.64612024820771407629 -0.4844190439130580117
5.7476598510226217797 0.88865274532433824461 3.8990752938591470844 0.98797158646372895685 0.00048453101293565586927 0.15463476184230323662 -0.12914676641837016802 -0.54740554661221274557 0.82684235514516701837 0.085048557095365712177 -0.83686733283594705313 -0.54075855071197698187
-5.9515345141776894167 3.4106792035389283946 -4.3010113766686517422 -0.98929262706468756861 -0.0031359602992923852824 -0.14591183566928545012 -0.070480594438218385767 0.88572569444307791553 0.45882728777926329311 0.12779899781689085803 0.46419840580969246036 -0.87646292346031018372
-5.4974601334353652149 -7.3630236117444098909 -5.5147328985200907425 -0.27137802678206501827 0.0063052766727772144306 -0.96245218585967839964 0.95051431945462527828 0.15889942924069980212 -0.26697097201527325572 0.15124977716234905278 -0.98727464004356568772 -0.049115069329735618064
-6.3374400846906713269 7.2411812613823709484 5.3836085127713113607 0.8511412232616695217 0.016330271281707012254 -0.52468270440766573426 -0.32701305822605603035 -0.76538267261268577712 -0.55430300758142081463 -0.41063496905931173853 0.6433682356971583971 -0.64610853227744546867
-0.19475453016798616179 2.7192239354064224877 2.7005642471422262041 0.98999246634025772629 -0.0060310144235876756921 -0.14099128857686676897 0.033381787389131341304 0.98074010145630097224 0.19244352331531036637 0.13711518099851352503 -0.19522417949710610396 0.97112663792088582682
3.4970139403754947338 -5.0660688788092569368 -2.0252001925407814298 -0.94635742634022679276 0.003951722192016412713 -0.32309751701700611948 0.10383507325167357083 -0.94317052333396744768 -0.31567014663520226447 -0.30598349493662230225 -0.33228564188903031429 0.89216610169893539872
3.1795385267134603779 -4.9107931272564533387 -5.8793298765465609179 0.88002617643241876078 0.001201581287289044727 -0.47492366228285748386 -0.024688844629225475263 -0.99852894080059217963 -0.048274375548078493625 -0.47428302704672747891 0.054208030642141642741 -0.87870194017606217951
-6.2411928123178910255 1.9267219500696026735 1.0696895382796609564 0.97852856063734094949 0.0031639856993152209834 0.20608698457506019475 -0.14852993413763912467 -0.68241353739573262782 0.71571685927051209575 0.14290106606256097743 -0.73095947437150776693 -0.66729118991986946519
7.0732202212554131648 -1.0783026801586146348 -5.2468789220031188947 -0.97404041128354157397 -0.0037840410736805123529 -0.22634256828923365878 -0.064303195084472658527 -0.95404840703274229607 0.29267172077300562805 -0.21704924853259122131 0.29962863359746672032 0.92903837683921208779
-4.1962016542811477748 6.602148848054194552 -6.1646059983810923555 -0.9584334801973882767 -0.00065576255280223004485 0.28531532382990915098 0.27916731044307224741 0.20433139524419594024 0.93825065611361302409 -0.058914147848137948804 0.9789015532181862822 -0.19565498278932796916
-1.2310842458578254988 3.917448080263690624 -6.6126942556602577028 -0.92421243339768577307 0.0039593586554115094145 0.38185822163762528358 -0.044376423891304625502 0.99205828190400258126 -0.11769068913185587455 -0.37929159093740244524 -0.12571670050054747914 -0.91669689661275621795
-6.1992911887120021319 -6.0082314874708799834 -2.7279531399904382027 -0.92899774586591998826 0.01052447490399258459 0.36993570198632880208 0.050795085418678609379 -0.98650945862437322553 0.15562437900912728939 0.36658293396368107908 0.16336561288301146289 0.91593047173567920805
6.6253577238581495834 -5.8142530448130962384 6.9789805454379685301 0.97225767504690474574 0.0094551380815854103867 0.23372123069220976377 -0.11609950562447245159 0.88692633595599579266 0.44708229598312310138 -0.20306628993062858513 -0.46181411298444691171 0.86341867419125517547
-1.4954819254279656526 0.84095622067779374209 3.2535330338421535323 0.99983760719594294564 -0.0030934575920445036776 -0.017753584339166912642 0.010920164805976189867 0.88768451917631063797 0.4603226525117347645 0.014335593373571256168 -0.46044177149228149304 0.88757414666476708298
1.7677054863324344058 0.50051826304557234248 6.8102649068073404237 -0.70184723602849130586 -0.00096860191040550784949 -0.71232683445833566704 -0.53159062935386036663 0.66635182035725593064 0.52286389652540776751 0.47415383586157161533 0.74563685083075792459 -0.46819208303942461136
-6.8134673416199484919 2.6673650360105192192 5.4268131216902419922 -0.95480741270315316882 0.0035439436351586100886 0.29720404625538715537 -0.21661517173534355907 -0.69298402109306211916 -0.68764163187209792483 0.20352069187465365863 -0.72094423291483533678 0.66243395218365941357
-5.0578324949821276135 3.6048286882416720189 -1.0664069345682540835 0.9687027334914901644 -0.0058925732830372298462 -0.24815376625445922931 -0.22709897633997447319 -0.42461399140314659562 -0.87642969669564374513 -0.10020513495581181984 0.90535530919348017331 -0.41266293151152427798
6.5719520524062433608 -3.3102419983101079026 -4.7926140885272578984 0.48606599652399362643 -0.0071048634950147127043 -0.87389322456351070656 -0.73194527969477896079 0.54304731056660682231 -0.41152852394344935361 0.47748921930850268813 0.83967204276505835736 0.25875646087215453672
