1125 14.717824617146108679 14.977075390850430381 15.033177056927090831
-5.5915502498732747583 4.2923811296695255635 6.5795026696461071936 0.12013872620088800192 0.0014901041575189344357 0.99275599522560953325 0.98296201430700058665 0.13994900273863089546 -0.11916356432243294106 -0.13911277761714788137 0.99015759160956084983 0.015348579137897036886
4.6049604069841922893 -4.6696767745846603503 -3.6579006155454378835 -0.97111752067555578982 0.0027585999187607190136 0.23858573126534440845 -0.22028252963365108075 0.37387363104834736571 -0.90094068347747768843 -0.091686248560740229996 -0.92747555123215574824 -0.36246756226137821777
0.42610292245573055947 3.4725947883449923559 -4.1775919029989134756 0.99990755782341678159 -0.0023830721831331253859 -0.013386439948718242832 -0.013046785947700090258 -0.44537003434521960088 -0.89525153665537227088 -0.0038284701857828158308 0.89534342767141383845 -0.44535995480257489776
0.35700916957762196535 5.4367147829729418618 -6.4950122640191194634 -0.98860498917194916668 -0.0023292502650864447059 0.15051494934893225319 0.058559815294043873757 0.91516968106064167099 0.39879218008881400781 -0.13867560498170639072 0.40306206651154796727 -0.90460491217017025001
2.3096360339552943763 -1.3327596179940062182 6.1768003195351921519 0.99895760088009255551 0.0027823256997989188888 -0.04556281716110694574 0.045093715638924551647 0.094882078464077299063 0.99446666510053216559 0.0070900249528084323056 -0.99548463064478054374 0.094657708065121567986
-3.3212046306510849547 -3.9168592917266988884 0.56888960525217835418 -0.99401331552887883802 0.0037326650791561118148 0.10919521858870644138 0.044563898640418611596 0.92635623359532692778 0.37400292434286286358 -0.099757643763297820794 0.37663005149679257277 -0.92097677322519067022
0.78416467702687620012 1.0048802085781209925 -2.5396729473710135672 0.99738113573187947569 -0.0042497337482176704426 0.072199791199196602931 0.026804043203618233004 0.94890457467481836851 -0.31442272727817133227 -0.067174499284163913249 0.31553454315521273221 0.94653343243748533364
-4.661381252339277026 -6.3988178239408064485 6.0837406343477695714 -0.97223966942635853261 0.005433071654399730839 0.23392414780488973713 -0.10038719486422910399 0.89336211775572582638 -0.43798006537556338769 -0.2113585491554899054 -0.44930458298511671833 -0.86801667922181591219
7.2519376638035657479 2.341670141137496941 3.1700054065185820917 0.99091151667279953053 -0.020614779082312562758 0.13292628411538828792 -0.13435126042485928677 -0.10288648664309743563 0.98557805864811676155 -0.0066411555922483746228 -0.99447946270878262442 -0.10472102607772253158
2.0595186984716078449 -6.395228885514478101 -2.7052258242727496018 -0.93975483513261137691 -0.0061027246443716822236 0.34179468485735081673 0.27790835455658918773 -0.59587084225803310655 0.75346193388550231074 0.19906731603268187913 0.80305709392218616038 0.56166850329076656312
1.2659114420755230856 -3.8049076881757084578 -2.1477166593510572667 -0.83404087000341409208 0.012288546706401965586 0.55156578826445101793 0.54674201689043289143 0.15217614371735641021 0.82335629483839056775 -0.073817302379368635035 0.9882769919932210545 -0.13363978811067087071
3.9193436513643011843 -4.2800396772989435235 2.2069265588566859826 0.81521930649911888977 -0.0039379367678470146574 -0.57913899451262351725 -0.46954497606079431682 0.58089173972835794757 -0.66490021971062507333 0.33903539308912178374 0.8139713013179256107 0.47170512278706577813
-1.2148024735928106832 6.873063505501183279 1.0383999773299752434 -0.72863640483487035482 0.015798013904129853957 0.68471849128389217221 -0.44322510633122291779 0.75129392607769085455 -0.48898767035232437728 -0.52214987758975772714 -0.65977864424026122503 -0.54041802887901801977
5.7795405848883412148 -6.2246739001204707264 -6.5447632471094250306 0.87388219473357764411 0.0083535650394026064736 -0.48606597050072142263 -0.29583090912071469125 -0.78427336324247876043 -0.54534334589986643849 -0.38576415455111029429 0.62035917794428008243 -0.68289128520136366252
4.7993975945303457564 -2.8312684857570027397 7.3725184826949137218 0.78293395552899702761 -0.0055870879505752974251 -0.62207974225817930236 -0.06558214341617704668 -0.9951289649594222686 -0.073602483407198895926 -0.61863834648743643019 0.098423206343836458498 -0.77948667000030424923
2.8072407394507727929 1.3860886253606208296 -5.9597320817215173605 0.97998829654262575861 0.010332267969723848977 -0.19878677742283545893 0.15494723651665251452 -0.66650155492532381363 0.72922358106269646871 -0.12495716280160208689 -0.7454320368219797821 -0.65476467982309405347
4.3600957314127466447 -2.2682132730533313136 6.0755861460743103564 -0.99951904810507208321 0.0041313175956613186826 -0.030734421908553778702 -0.030050992621686329481 -0.37370847329798251302 0.92705928334047515982 -0.0076557375596847405258 0.92753701230749374673 0.37365288769422000392
7.1929592967404696324 -3.0665374775579543609 1.520491354512253368 0.99699534926413924119 0.018526909140617484062 0.075213211495617604552 0.065605143867796755774 0.31429884388937140427 -0.94705448725404095534 -0.041185417854837300111 0.94914329285291254568 0.312139025097276257
3.0739323375487757062 -5.6534429657777511835 4.3940225058442470285 -0.78915711195280680013 0.0031712994445371950683 -0.6141831937736611513 -0.27884554050145571313 0.88913766761713242115 0.36287652523531011006 0.54724420252450667324 0.45762883528492559471 -0.70078501119753200399
5.5050305656222109363 3.2638748343870180868 5.9214404207098265687 0.9970178620832019778 -0.0060532766424957855367 -0.076933351212175704603 0.063474754732355517794 -0.50265883225913032817 0.86215141005704654109 -0.043890069474964266139 -0.86446368124626660201 -0.50077560404626664248
2.9149451792810316952 3.3740338213197773598 3.6458493327283392205 0.93208589287789556099 0.0035472704937859894647 -0.36221996793397159831 0.28641287233701978598 -0.61942065251691358352 0.73094850830619562121 -0.22177365681635863304 -0.78505125444614221042 -0.57836923589936284351
3.1305493234821644144 -4.7242043324758062894 5.1517865163956919616 -0.8924596032340215146 0.0076951518214193386988 0.45106168229350251941 -0.27064499670551034338 -0.8090686616244091578 -0.52168878321817835353 0.36092539721287242305 -0.58766375200091680586 0.72414375108176942675
6.3239146715705070179 -3.2551825942992955731 5.0438987704401991863 -0.2795326968519755706 0.00077166184966428888817 0.96013586326554845041 -0.15227374959960712775 -0.98737887422208314714 -0.043539222808321287328 0.94798427021420805794 -0.15837412439494544247 0.27612218336921212636
-6.7438909502276960239 4.736346681457869856 -3.1651092139981402696 -0.98821101756394535975 0.010658132294762378417 -0.15272651695543748573 0.061457905747098792726 -0.88605162751063948345 -0.45949476515723719494 -0.14022093490818951511 -0.46346404132545510057 0.87495095394643829234
5.0619730578239749974 -1.5386624550631731179 1.1253419754429543342 0.91682493612538251693 -0.00465969555027755198 -0.39926222427873298004 0.12532611608285032512 -0.94604213585964302968 0.29882711022528202216 -0.3791113307805846766 -0.32401013011224383265 -0.8667710392361218652
-4.6570000546674794606 7.3917356487187966252 6.3299419358814610348 0.99968079388701580612 0.0015850901161206919915 -0.025215031680845333834 -0.023460814848572396352 -0.31211866057366338678 -0.94975340583136624861 -0.0093755266508878543769 0.95004180392811088396 -0.3119818428835309243
-2.2927263698837698769 2.576638517603988543 1.7401463361487761183 0.55462177141738178143 0.0049647971964800908379 -0.83208776067123302322 0.46691530864310198945 0.82585803881104324908 0.31614647599801415367 0.68875596928426496834 -0.56385623213727975589 0.45572070860924879243
-5.4248434634582611835 -0.97067785374185244773 -4.7967644231252455356 -0.91027209721290525124 -0.0054747040662111636639 0.41397431883015722853 0.35816446592674827665 0.49112567269210838372 0.79404898398652268288 -0.20766059901412714517 0.87107152475453397678 -0.4450971516186177368
6.9099077676720570551 6.1528689014214492659 3.7654346510631908629 0.95341843071009646504 0.0062280653274118481441 -0.30158664954652852908 0.29999677667810731307 -0.12413662507758616016 0.94582875421346424005 -0.031547265573379175418 -0.99224558931580408849 -0.12022254579832411525
6.3651494564707506996 -4.3810636467724082266 2.8034611779450218094 -0.86607907758031199563 0.0051276548151480191157 0.49988072430694280301 0.42021658593612892796 0.54911163854137901019 0.72242261130342622089 -0.27078598981806240031 0.83573328016448000799 -0.47772882699686264329
7.0197669239340543257 4.4575163152456926952 3.7375915694678636392 -0.9188710651477888236 0.0094763968170835828631 0.39444411966394654634 0.36849594963231374622 -0.33669862555154289607 0.86651299508791046478 0.14102021393628433321 0.94156477921327741409 0.30589061085011409746
0.76016586163525423636 -2.6069979385361867763 -2.1561758529963013231 -0.80568365311360423675 0.0012651190792991669383 -0.59234470587610132952 -0.23054642247279649725 0.92047763371065027815 0.3155459917721343821 0.54563925646037214623 0.39079320018668223247 -0.74132211385958812766
-0.68873141639954815751 -6.1474834392196697763 1.5106584584358313528 0.91916335048927622076 0.011632943945878364972 -0.39370472404152528911 -0.38172955958000848176 -0.22001336955011344121 -0.89770633314132808334 -0.097063270397511572374 0.97542749183857879736 -0.19778758733902734868
0.6961021247250032129 4.3959708356919602323 6.7722638064553377646 -0.89911491089638717611 0.0018079101618574573707 -0.43770893121425952232 -0.10087525144589369608 -0.97392935568637872823 0.20318905919885899003 -0.42593022979077260759 0.22684431135303842475 0.87585677924943716732
-2.3134000051212355586 -5.0431038083340613554 -3.6687315485051894548 0.50332248000356594186 -0.013097543504546501486 -0.8639993839565422995 -0.73649776910879527492 0.5164407130169507143 -0.43687529803858676791 0.4519264511188604283 0.85622277725641426915 0.25028990887858576508
0.37014930569734494359 2.9222267024523191914 -2.9812572830744956676 -0.99987954965975478494 0.0014115880015235365841 -0.015456182947815276518 0.01499255429606312362 -0.16968654895143239769 -0.98538403600856050435 -0.004013662626500160216 -0.98549707382825568747 0.16964494683911393591
-7.3108381330198115577 -5.2178860301468041882 2.4554884848882791992 0.44658280982193987452 0.013245765003411616098 -0.89464425537809033617 0.68246382747803868707 0.64158104327944509571 0.3501669445969238792 0.57862502378953306614 -0.76694088078146038789 0.277479309554122755
-0.54946871429539501097 6.4657091995256044115 -6.2894216831996381245 0.63139000864325722784 -0.0089672223283562731144 0.77541359667545861623 -0.40497871742012875318 0.84892885543137530657 0.33957626073202756833 -0.66131603293904306362 -0.52843106205043488544 0.5323736631709625744
2.6679271771019656967 5.6431669022763726318 -4.5516772074641460577 -0.79647440257719104295 0.0033602958694630134275 0.60466290976954506498 0.56248795774882187626 -0.36283849345337970682 0.74293709360628623628 0.22189146767476136679 0.93184598302515009305 0.28710144634414225262
-7.2030101162832531614 -6.2222059251533421431 -6.0074024409706519023 -0.17008383570188384537 -0.0029503662238637663393 0.98542517938817364431 -0.92140339020409645077 -0.35409849088603218004 -0.16009388268323188065 0.34940990448654335454 -0.93520348271992437272 0.057507952105210174976
-7.152963309235681244 -4.2568556580297460812 -6.081756530519037085 -0.97755824728395901424 -0.0024707863504146803345 0.21065082098596848992 0.12366134161316175155 -0.81625864513185841798 0.56429575298577527853 0.17055129948979311227 0.57768133037357816129 0.79824591122036392399
6.885391942558520384 -4.1287826206014361929 4.1626486265837110423 0.89345687285136266009 -0.00020573554892280680739 0.44914894414606837403 0.093444733164945198434 -0.97803328316758009198 -0.18633029506826734312 0.43932095123996534047 0.20844868598620985845 -0.87381133382005549137
1.5773209861139767529 6.310860463215746563 -7.2839915695770551807 0.91286914135240571078 -0.013169100075402865799 -0.40803983331262744239 -0.40824207531665906989 -0.036515517714568762608 -0.9121430945345182506 -0.0028876820665935496076 0.99924631186176482434 -0.038710070046957013867
-4.4302297118053992619 -3.5901048607983141459 6.1221927054892137932 -0.92099881522210713669 0.0052524261018102565493 -0.38952996595841599126 -0.21238731497109958335 -0.845006002456881955 0.4907713156361479534 -0.32657741930342482073 0.53473102381648818238 0.77936507579516156596
1.7947820022138785134 -3.6605008515117694046 -4.2422138661719364094 -0.99785685200328033684 -0.00027524634607275014209 0.065434143606856343123 0.047170292737163034558 0.69003256770722709579 0.72223958558527412421 -0.045350483935682264769 0.72377826697319247451 -0.6885407423414394712
4.4068769739124959983 4.5523653540558539632 0.20046332160671706535 -0.9571047271554271596 -0.006022672532190700978 0.28967959657597569523 0.28925632383269778147 -0.077736851414006769012 0.95409001727045117391 0.016772608016382608426 0.99695572085617978342 0.076144404078871769093
4.0493234554850481288 5.6060608692134534792 2.1879158697155296487 -0.99996674284520703502 0.00097023335990274912899 -0.0080976447702404402013 0.00022750236734746069611 -0.98919347556056058668 -0.1466158796007054621 -0.0081523889915776862752 -0.1466128458070500018 0.9891603570695645109
3.735503865552865399 -0.40514820212654084619 -0.85387797257204400836 -0.96737079083977262073 0.0049733308222636093965 0.25331604570297816537 0.24531255451659608746 -0.23167237779755706084 0.94135522517385694652 0.063368001598405471197 0.97278115490901750917 0.22289307083726056513
-4.655118042238081344 3.960892487963682207 4.8321023026011102885 -0.99974091221014738107 0.0037206617738968442849 0.022455848439402688321 0.0086017578163457928536 -0.85163855738625982017 0.52405894452387924431 0.021074112452007399271 0.52411632701996213601 0.85138590400322911034
-7.0136303322685824568 3.4592556640857408112 3.7688010219987666538 -0.84578392662577206451 -0.0062435403631578255401 -0.53348905112030486908 0.37366241084483320378 -0.72066845531014434023 -0.58396350934165541791 -0.38082273065454258498 -0.69325175493796742376 0.61186277227180907445
3.582563100372185616 -0.16851036802293201111 5.6519079062174819583 -0.91768263404834304886 0.0076026992784640218953 0.39724146577302082983 -0.36156490463942220215 -0.43046284021172298573 -0.82702633750681020519 0.16471005706715122208 -0.90257628052179006417 0.3977771423050960875
-7.3201365077510303081 3.6231405957128965944 4.8387068938178563471 -0.98199578954919519713 -0.0041503023758439807483 -0.1888572061056505158 0.17158431741426274919 -0.43777061024457042393 -0.88256201755103680373 -0.079013235127671832547 -0.89907712004944662088 0.43060102284864576472
7.0233623811656213931 -2.1710474854557917368 4.7092385256584234909 -0.82432657886872506836 -0.011151502753453812131 0.56600471319325595942 -0.56576523093289787791 -0.01888994287888345544 -0.82434997029514922584 0.019884537664946418112 -0.9997593780727516144 0.0092623494578227254931
2.0117828784794862251 -0.20142386615615601175 -1.127060382807191008 -0.65914081870650731432 -0.0061890436453728558258 0.75199406703342208669 0.7095406105417378928 -0.3364410024904965768 0.61916037812138136065 0.24916962717593788001 0.94168420799220664552 0.22615337563494905537
-1.8632862837943289236 -2.3742487164618637507 2.0179999189630657419 -0.99574672613132675369 -0.00720112902626971179 -0.09185097244650769488 -0.063671527642872816077 0.77434886809735747892 0.62954727149283806753 0.066591245417477032409 0.6327179262649940128 -0.77151385717732612335
2.2464926500536814835 -2.2985430460493758709 -0.83897363948232062114 -0.99672286613623339857 -0.0061346598839527805361 0.080659122665471830183 0.077394389410826672226 0.21771667882257561555 0.97293861895299571518 -0.023529483818712663978 0.97599273240663453333 -0.21652840386575050724
-5.873699666047209611 2.5073303008181841989 -7.2114734339872619273 0.11471212841628866674 0.0027055678475345675688 0.99339509133914227768 0.97970731577409109203 0.16514496646662846224 -0.11358131655027094153 -0.16436150100546326192 0.98626559300899807603 0.016293465987115528237
-4.0504906710299941608 3.9081396137699693227 3.6466144754764284741 -0.90705301916618208402 0.0098130653213741904362 0.42090203631089717629 0.41300381409311953673 0.2148537660666232918 0.88502299899584524479 -0.081747599146431745853 0.97659692962648836367 -0.19893659059559307134
-1.0949309682279859679 6.3711340459472145525 6.0295922275490161368 0.87095912368907968393 0.0017791028424326889995 0.49135225618267452941 0.15636467506799672789 -0.94901046422789026025 -0.27373203535003615139 0.46581143529729046593 0.31523954951611676822 -0.82682751113364483242
-3.7951450783603379868 1.0554915952765253628 0.9037702911853788823 0.86842072163231409654 0.0017197805579158252642 -0.49582506249111135688 0.304940565104589556 -0.79036491896163951765 0.5313516224011359812 -0.39096892714530823154 -0.61263393411520705722 -0.68689370413277905936
-3.9720381412286931422 4.0488367566107203999 7.2125669699678027769 0.80393439418361867244 -0.0030474613612574592836 0.59471018389449714636 -0.31705379495727908923 0.84383473535296360524 0.43292012024729464859 -0.50315641797732180152 -0.53659449530442016041 0.67742155756749800055
-3.2463559963330834712 0.48331864744173663739 3.669519294366362594 -0.68076144217206435716 0.01322513664390260503 0.73238579629349320754 -0.72974184114367379728 0.074520936365797638135 -0.67964952389254063014 -0.063566533144250481069 -0.99713174947140681414 -0.041080044548512113789
-2.0954168287974108686 -2.6265234518806348518 -0.93827806079674047623 0.96156165387623648844 0.0090927670324420298287 -0.27443853115505123519 -0.084188840983282664521 0.96107915993212245098 -0.26313321226751118509 0.26136454397781921921 0.27612346863674985809 0.9249023760480352685
4.1228134150283297643 0.9535122426934615758 -5.3214022237302618379 0.98873672699246439866 -0.0065238111349225202246 -0.14952299015404921234 -0.097408092775309873534 -0.78654365129911729682 -0.60980386032144684449 -0.11362811341489943706 0.61750022225844092283 -0.77832006742238180053
-3.8179528459562575016 4.2953971119302947201 5.8091467921367314631 -0.99127550125686847426 -0.0060260060682961304537 -0.13166840114015743168 -0.11171738389365448718 0.56851238491622979598 0.81505392111982233327 0.069943596875737507057 0.82265263352622108872 -0.56422560896186879642
7.287385529137769602 -0.10259825048999308972 -7.4880650279390383872 0.99891107368327414218 -0.0076510581143197885223 -0.046023126607880493477 0.036895066066487382239 0.73332114213308152717 0.67888059082641438735 0.028555576915531469262 -0.6798393661819389644 0.73280489573727591868
2.0883297011540897792 -1.9674682078102534444 4.3658359469944425513 0.99361338004322241613 -0.004154777628006417825 -0.11276164605940325325 0.03786134960113939768 0.95366410631215847715 0.29848164187790210411 0.10629660956746309064 -0.30084466117019076359 0.94773072158697324596
-0.41155106355304410526 2.4295940417643131504 3.0008377772730954192 -0.89836473069667854841 -0.00055493806312275945243 0.4392499319113737366 -0.29776801973206634688 0.7359224065376349655 -0.60807270780787103792 -0.32291642427297556628 -0.67706565678644736739 -0.6612919773708776372
-0.53799686777652322434 4.0939880724860833183 0.77012640734811177445 0.86583549378079471825 -0.0030345116522665924533 -0.5003195873123227333 0.43986379855360452362 0.48115402710525412289 0.7582945607891048434 0.23842973059445160544 -0.87663081963796418705 0.41793500646545023169
-3.5721985480590139339 -3.8810497835858481785 4.57985131124258249 0.98660573831672704337 -0.0043614413435506390812 -0.16306469559568734229 -0.0082376202208630719404 -0.99969916960994364974 -0.023102205396052257619 -0.16291488186598759857 0.024136033445275102693 -0.98634486522514264184
-1.3633268766130812732 2.2739711797411521488 -2.8063626680341382524 -0.93814130334112821874 -0.0017138335501150608192 -0.34624840467492118412 -0.1356954874872979 -0.91817791990924280121 0.37220430151573130617 -0.31855553619573323543 0.39616457459716780676 0.86114807100355017511
6.9283746425917307477 4.8060925158705689597 -0.65645711479514290421 0.99803333384702774822 -0.0083870240507229760346 -0.062121834790434649065 -0.011140268108619236914 0.95150278141906752261 -0.30743837004888185938 0.061687591593714542759 0.30752579530733842317 0.94953805940786650819
7.0100022910132686604 6.7300666092372125604 7.4667482477341478031 -0.99851815333539795105 0.0010284289125809132487 0.054409923668298040833 -0.0076019795926168080846 -0.99265419375594443618 -0.12074709737712871482 0.053886059105238401368 -0.12098179182303565871 0.9911910505454942788
2.7057933506111795374 6.3199034314604674023 -0.53314772272475019488 0.9999627640688817376 0.0016912037452627693129 -0.0084622872503230459063 0.0015604926688394466297 0.92900567803469724648 0.37006217726464124551 0.0084873634448930750096 -0.37006160299204832187 0.92896844653223897836
2.036011199523279025 -5.3456274134663175346 6.3185694863288404122 0.89932012431387808871 0.0072617848745031438051 -0.43723058045454660236 0.068507025024199488805 -0.98985568154790659623 0.12446894082380857705 -0.43189130753751980851 -0.14189078965149320988 -0.8906946178605040787
-1.2650843674873588629 -3.4602332783242935044 1.8455808936254431973 -0.02243913258161907287 0.010821158281561550976 0.99968964577136265603 -0.69513719353621428176 -0.71883454091491993942 -0.0078220809185216948201 0.71852680359981213609 -0.69509697547958770869 0.023652213166442379033
-5.0523235952469702781 -3.2498607061993447509 -0.32976375306572508483 -0.25342910159087250754 -0.0060394365715297753522 -0.96733511032774499583 -0.78570737267188539565 0.58462047621936497066 0.20219501307956505576 0.56430276890688202407 0.81128442853967996928 -0.15290507190099159041
-0.66239076077230618633 -6.2983299299711656971 4.1646452213744655779 0.63035618353650246792 0.0086203949602685538828 -0.77625818557240500173 -0.26814220475584943371 -0.93597705464245084528 -0.22813748313545781365 -0.7285264853840861532 0.35195545452998217018 -0.58768743233172227036
6.261902871259865222 -5.1724006080645770211 1.1959266946700088941 -0.99983470029931542644 -0.0092512007900559124068 0.015652072113027073325 -0.017614877363900299789 0.70614709104554074237 -0.7078460297998133699 -0.0045042394413685338944 -0.70800473239367089917 -0.70619332391008726724
-6.1387747571120279133 -1.1932897381863287745 1.4474434560893636448 -0.72951098869581532114 -0.0050253714624269255756 0.68395062907611270386 0.54403927598927559472 0.60178538564847716685 0.58470130477103021693 -0.41452983433412354808 0.79864203199024097479 -0.4362750522152035737
-6.7084688920253459088 -2.7947520475998284262 -1.6855646000694635145 -0.73549050365930079831 -0.0072313382992062981078 -0.67749644041373324743 0.33781040125562650234 0.86287622503090843917 -0.37593716639870711216 0.5873140998055657036 -0.50536356024438400247 -0.63219444805117153141
-3.7645819909840754214 -1.7465631131511243357 -1.4971529006791595151 0.91941769791720129312 -0.0071510750107628591465 0.39321744478442477444 -0.069290735963040792078 0.98124877241086638779 0.17986005824489736948 -0.38713032775316352785 -0.19261284684145230095 0.90168198416362987935
2.9525392483136960742 3.1862007881406064769 7.2124263368918803963 0.79688308728418133509 -0.0048182020300475136843 -0.60411433531231728544 -0.11232404357632874703 -0.98371417225991408806 -0.14032012161365906011 -0.59359974261722958655 0.17967529664427769887 -0.78444638653039233667
4.9883970511302919704 0.55506073296088920266 3.9568044046653843004 -0.61860865843177137435 -0.003316904111488067769 0.78569225900496764137 0.53511102911818242411 0.73043929457871936695 0.42439913224620784415 -0.57530819065023408587 0.68296957112478584584 -0.45008116011265930645
-4.6193750342400941022 6.3567546793526092941 0.36118761269133003999 0.86715421527557057235 -0.0032743096836842159984 0.49802896083036474195 -0.49457192305901087614 0.11213817131011380446 0.86187217350184286424 -0.058670093330794217956 -0.99368722917798224525 0.095621706307840767525
5.5974890069519842584 4.2235651874143744777 -3.6896441270186652872 0.88531616269845292422 0.0014357644315238001637 -0.46498734460768526011 0.21217013850697771793 0.88857950449615463739 0.40670664675587647752 0.41376215920595305064 -0.45872039715929741055 0.78636917083480761814
-0.58083041984042549366 -2.1304329319758785743 -7.3488701257513886489 0.80131813941795670964 -0.0076603559303815068476 -0.59818940009572085792 0.34385171842303735579 0.82414294057520831593 0.45006045064822214341 0.4895459479735649877 -0.56633005610432696209 0.66303471430645632978
-1.5100324160624143399 3.775656485918196914 5.6667645459327573576 -0.78374705780779729825 -0.0048690949740671750356 -0.62106106083997103529 -0.61898675459158392087 0.088156331603775311967 0.78043824793406046947 0.050950436874992392766 0.99609475107160927454 -0.072106170817430204067
-6.5131005984194434433 5.9875021581982803554 5.1350324507719413702 0.9887836074681073395 -0.010460954819543389488 -0.14898840903451801565 -0.1413148825181348156 -0.38841252805120518588 -0.91058542269887610132 -0.048343371637188992107 0.92142621868338570046 -0.38553422927366332029
2.9061340043215193596 5.8251602883612250139 -6.0960090216344315905 0.99999504895120294723 -0.0030704941759183185419 0.00068857726110201989203 0.0031463236258510484181 0.97199884629497479427 -0.23496455785645292691 5.2161003014254865573e-05 0.23496556102235513497 0.97200369464970293176
-0.08402401920704263838 1.020493640643870048 -5.8131060186455805194 0.96059640957393910288 0.00060305610203541509112 -0.27794635136501022465 0.135276238940321758 -0.87458263197442576153 0.46562383855108729902 -0.2428062542273414226 -0.48487612456396206317 -0.84020251531161771474
6.2266838079913124915 7.4184591115635933889 6.5481942011041036622 0.98509399455341295493 -0.0089966927950948950149 0.17178149322165769952 0.16787522116644015835 0.26809922987239387382 -0.94865205057507606679 -0.03751975497057408182 0.96334929410917913284 0.26561326308443122812
-4.3331646837505326531 -0.49258323206981974307 0.3291952207848579115 0.99846529003830430948 0.0071571125669380262352 -0.054916667126085942641 -0.051168542794465428358 0.49856112917519079808 -0.86534304221161695292 0.021185958010810877761 0.86682499745642593858 0.49816220146439349481
0.75595601501587406101 5.2911229665277748069 -1.5281066429439027488 0.95692397864280209774 0.0032144167942477451516 -0.29032079950098571564 -0.26492878085262328014 0.41875863889814296526 -0.86859308276320446041 0.11878232265021790304 0.9080918840473040099 0.40157177434791080373
-3.3246811179714361728 2.8866488139853041517 0.5715239238673679445 -0.99331355263338250161 -0.00513595175359113712 0.11533346502433165781 0.089400067694422963305 -0.66631785014373301479 0.74028923433750570826 0.073046656673331447629 0.74565014891668446317 0.66232170534375334192
-2.7854010216912716835 -6.7983946889449429207 -3.3767113823712051612 -0.99891690841918279187 0.0069457605323689809718 -0.046008330603807025272 0.04387994671435951205 -0.18829259033342035656 -0.98113222895900398246 -0.015477737259212224694 -0.98208841599729435057 0.18778387261202855729
-3.0553928910164267485 -5.7741542638136982291 -1.1511176678332053491 -0.80720545401939491903 0.015167402776263409422 -0.59007567726041210143 -0.43754905023749779414 -0.68636203847361587638 0.58091133641755166028 -0.39619462848144659795 0.72710185121154091714 0.56067166356716313658
4.8064212611674657083 -5.1970022395351849198 6.8293146510412574557 -0.96194666416615481896 -6.6151192578469200645e-05 0.27323727952757281834 0.27265604817082988998 -0.065423961567277783002 0.95988456839801794551 0.01781276776553273114 0.9978575554040398643 0.062952398108850643466
-4.8758258143773387516 -1.8679812425504829232 -5.6405759807946855844 0.71121510035484891699 0.0056999604447522675757 -0.70295134360642697047 -0.13503661303507422109 0.98245218507915710315 -0.12865775209057009332 0.68988273943266986699 0.18642750463362731117 0.69950453275785373641
-3.3170094195073489551 -3.574465543545350954 -1.24653091523729187 0.98556199119807819109 0.0066097194892222408541 0.16918591287058118433 0.038959785973017448113 -0.98127764586878474251 -0.18861685183191348458 0.16477164981430270085 0.19248504702009847089 -0.96736746383730898291
2.1209463917736615102 3.5515539228068533362 -5.0148794823189346559 0.98415140737916573244 -0.0061163828471714979523 0.17722470825006839124 0.14303726116791171119 -0.5633447180148855038 -0.81374631833412036652 0.10481578731788013248 0.8261993213175985451 -0.55354162642330295707
-2.8060691116169333981 6.3164161273445298406 3.6532880974907193661 -0.9965795233909213735 0.004744890209077777532 -0.082502967066286431175 0.070619566061870600593 0.56740713323073344032 -0.82040357266907115719 0.042920047146650132375 -0.82342372517178086255 -0.56580141249124782377
-5.0603239855125696778 -5.4593429857791599957 5.0359921593552492425 0.86461162916940115242 0.012846775891358182958 0.50227650856299876914 -0.34793397094172756612 0.73650282409653677895 0.58009097731521319652 -0.36247576825188387861 -0.67631246509808773393 0.6412587363796744544
-2.4517554183673309076 2.3855760375519170502 4.3596105635472390816 0.99758922844446773492 0.0086770719286533692233 0.068850851224297307529 -0.038418039078002563791 0.89529571239805594285 0.4438126199591442278 -0.057790877869878860829 -0.44538780381185927304 0.89347071504927599861
-4.9668815834455060099 -6.1477768350990134039 -6.5467142536928291108 0.56533177191712535858 -0.011039166877818510151 -0.82478974560531947979 0.77758169372814045506 -0.32653858154641446365 0.53734464205063836584 -0.27525751077856785987 -0.94511940597813148823 -0.17601878082666963521
0.70907108412809005671 -1.4652980808667024348 -5.7219981774414705455 0.99629777065111535528 -0.005593077903340672348 -0.085787351486646915011 0.085542829793214925083 -0.034797060171152929819 0.99572666373583273991 -0.0085543244323384483307 -0.99937874806456539201 -0.034189785762723121088
-6.8295765294399712886 6.9584177393829893532 -6.3657238338746999773 -0.92775003843016567995 -0.0075368292688661273765 -0.37312606770025380509 0.043519923355298965884 0.99079013745876565178 -0.12822215013684595819 0.3706560163602680702 -0.13519652258519132548 -0.91887758587146062261
-0.67977527851879293586 -1.4709907425324157959 0.3198626228020060025 -0.96630134881314688755 0.0010519820269032046246 -0.25741133738743177117 0.24901216552170840624 -0.24957409569284680351 -0.93579148969267778035 -0.065227637577697589188 -0.96835513325055500022 0.24090182897430140185
-0.18890440687826620669 -4.2659731832546130548 3.4542034654575122232 0.81948119519939888189 0.0027455027083253058864 0.5730994965355734605 -0.50251004494669093692 -0.47737366961847005342 0.72083148813200503824 0.27556165452057213017 -0.87869610319488977712 -0.38981910264624275442
-3.3008080029266491096 0.85832389929248698035 -2.7872172618796788868 0.98906951457753711221 0.01273263778156712156 -0.1468992010480097421 0.093095806257024460439 -0.82650779357570414163 0.55517388088414121317 -0.11434450660517690712 -0.56278126043217924224 -0.81865901736653501342
-4.5867261564529169249 -5.2967803325109423795 -4.5391468865947626199 0.91684050970271468994 -0.0059986026468525676172 -0.3992085877511625247 -0.38788742094276912331 -0.25026744119182708914 -0.88707922788984439055 -0.094587675953940381079 0.96815816096633744436 -0.23178211085427144478
6.2207884396137238525 -7.2730774498174577403 2.9276318104999896619 -0.50020264501854694306 -0.0029263099360060671264 0.865903430312334077 -0.73173932924752704832 -0.53324943120533618846 -0.42450276577603701655 0.46298473835415598909 -0.84595300154873476206 0.26459147987378084377
0.94772395455129865294 -4.6975868475760851339 -5.5874072944365851257 0.67940634893320606125 0.010383645694801997561 -0.73368875753364581893 -0.64226953462185032429 -0.47509787799024755239 -0.60147473033013021393 -0.35481947230372623547 0.87987168736758691878 -0.31611541538325566014
4.8511429089483435462 5.9602736781257990017 6.877795762128007695 0.91221044244697546688 -0.0053752067219254729552 0.40968672890809887388 -0.35176806680189159904 0.50240592920548710065 0.78984017970591924307 -0.21007459596340979924 -0.86461516841427366042 0.45640910889135449802
0.76292287973793104783 -2.5784507819219535385 -5.7666222682671142152 0.99996084974362997588 0.0032777751912350522323 0.0082191952210123875311 -0.0072642293240942189952 -0.22630807900458521642 0.97402868764200689622 0.0050527173493326938206 -0.97405026028800323346 -0.22627540847461388718
2.0031678310006832966 6.888348518128764475 -1.965722491246921777 0.90023904575610980139 -0.0045582266450854037887 -0.43537212022114946119 -0.41569723230713767625 0.2883733898567472087 -0.86257556137106894401 0.12948154906454634183 0.95750718566100812001 0.2577101431056151859
-1.8999470771303756944 -6.9448864693632916811 -6.5055131240257253467 -0.33384565544450978125 0.0020369503243311036858 -0.94262555088125998815 -0.8694735638861511573 0.38558555441791431129 0.30877095382708186211 0.36409174673962863 0.92266983859746820595 -0.12695498768668381229
2.5177593523338668291 -5.2034663622211381195 -5.7287546687452826077 0.92498366899008088726 -0.0044548745692168396221 -0.3799807445043155707 0.23182691017857315341 0.79891623573886494381 0.5549676855367023931 0.30110047462358885406 -0.60142580786455634989 0.74001723075613601299
-5.4651735496700117878 3.0256403363335593326 -1.2580997679366365816 -0.84862065289166777049 0.01498128766028712644 0.52878970158827309778 0.47058653737128441907 0.4779860847290300363 0.74167217397601581386 -0.24164291491918876709 0.8782396391790260326 -0.41267885558129713264
-0.027117652472938368058 1.3676494668453225145 0.75331407906551672848 0.38136993943591523948 0.001126341058275428424 -0.92442181965300351809 0.89432163339263748281 0.25265766684108925677 0.36925996185935733296 0.2339781727867080996 -0.96755508098627895919 0.095348727926287499268
0.29229577424961239451 5.1344378028223012222 1.0370704605187508474 -0.67529914048689054784 0.00036785513289419114261 0.7375438532999222252 0.71182952290683032537 -0.26142727825771860939 0.65188534919949969737 0.19305388153564381759 0.96522310522766463503 0.17627976616341056726
5.4174187063155594402 5.3136763205599795157 -6.6664447215029225546 -0.90386380104751395947 -0.0087515897048362784744 0.4277308018290906233 -0.4270808877501584 -0.04029880816738773408 -0.90331496244599229772 0.025142483455773266543 -0.99914934606295158215 0.032686997227478323258
-1.038251823204479507 1.5963651905222231431 -6.8194075051921805297 -0.99105954629473624884 0.0018540834019111253339 -0.13340741385990348422 0.093963313232792652907 -0.70016876136599703884 -0.70776733562201255001 -0.094719963388791530989 -0.71397497713983881784 0.69373471914977191677
-0.53338018374883822137 -3.0448155657720876732 -3.3491506448807912832 0.95978860772649332578 -0.0004183623295552774124 -0.28072344656514308658 -0.19735384635616168292 0.71016571880027545838 -0.67580774719552261232 0.19964290071744295041 0.70403442871347166054 0.68152640108753193005
-1.5611347238652097946 1.6222618460400128892 -3.6835262863557982627 0.99989183077639320896 -0.00024480862567204466924 -0.014706012895425515929 -0.014462306103219775902 -0.19837552864851670797 -0.98001938314275072184 -0.00267739588412335347 0.98012605806701746936 -0.19835761101893478742
4.766869497363258823 5.7129218553788572166 -4.0955513945694494993 0.96377042109404242876 -0.0016535263620600058887 0.26672802866391293053 -0.24564784980711887319 0.38417141148072891932 0.88998284280432016224 -0.10394089334562224558 -0.92326030590059171566 0.36984685781954862449
-5.6722061601753681614 -6.9314248668643685392 7.1503703631503983118 0.96350774263073801773 0.00010444685443418660724 0.26768044191064993553 0.16867819993363561415 -0.77671222110679327688 -0.60684906727331155984 0.20784728710711278254 0.62985563002503641705 -0.74838585673976920631
-6.6744629222706883809 6.5464720381080931944 -4.0234628549253868002 0.97455459951071954361 -0.0025120138684903100569 0.22413616923390802804 0.095646773522169034609 0.9089928769725171831 -0.40568909811318876191 -0.20271908466480681454 0.41680407795452228958 0.88610345519771904765
1.2828920450493956906 -6.7072051658934688234 6.6085328926691619955 0.98517079571881027711 -0.00041149706266851646119 -0.17157602959926659958 0.15289427361170895847 -0.45167234243668380467 0.87898545845453712744 -0.077857847129344695536 -0.89218379594560914825 -0.44491148545795983216
-2.6160344867458871221 6.5175457383386179444 0.5335398363900049068 -0.16854846994756408907 -0.010384733424152636783 -0.98563866126998356254 0.42678401897116485797 0.90058537328013577028 -0.082470519488531554564 0.88850819603927677637 -0.43455510898574095657 -0.14736024845676926054
0.017703892567599754243 0.50320648391932643051 2.0756849365964922249 0.82201449359142564344 -0.00091968863995833729369 -0.56946582557539238145 0.45199434988818509851 0.60934227964853693305 0.651462273582911644 0.34640046188562784168 -0.79290676652774372268 0.50130387949811272552
0.75645409421030196384 -2.2434359135597037316 2.1325816174223084509 0.8414317840809296678 -0.008277644451360376826 -0.54029994756680788104 0.51364473536228683059 -0.29826953591676397259 0.80449013031768434878 -0.16781429788000370995 -0.95444578921297595908 -0.24672169924986644962
1.2881865439338824331 -3.1983964366953898661 -0.089738004066075724441 -0.13836074549378096776 -0.0077912238781628426892 -0.99035125129259971022 0.76775375527703693113 -0.6325281005376722776 -0.10228574332902982957 -0.62562806471937615349 -0.77449822392353639966 0.093498800926800254563
5.4796710751936590356 1.1210578908832817824 7.0465515763246928671 0.96491820904901615119 -0.01048712267290253207 -0.26234113307635159584 0.17975398105899445533 -0.70190751206253954031 0.68921284869314214383 -0.1913670717212446748 -0.71219089068050289715 -0.67539823740705851041
-0.92434942238602257891 3.1436767995560672695 4.9633192251408857487 0.81235628741316034951 -0.0018569309048325130778 0.58315848112500501266 0.50870390867971226889 0.49118778295640913578 -0.70707488653486150199 -0.28512733224713737723 0.8710517284765930679 0.39996411179458901675
-6.9392710550040845874 -5.8381768613945466129 -0.1776882081695029536 0.53674278204206249399 0.00074396277879258156107 -0.84374559699305362592 -0.49421349571823036673 -0.8102234101786562892 -0.31510481787602723225 -0.68385686117474664414 0.58612069756836582268 -0.43451389080919805563
2.1277506444611544723 -3.7388613059054534027 3.807369101581073334 0.98360291575429170674 -0.01258286829013398854 0.17990824201634553203 0.061646009381135360994 -0.91401866733197800752 -0.40096090245328391832 0.16948472983489296095 0.40547693793160149989 -0.89825574262482676957
-7.0925052002347799274 -1.2763689708994629957 6.8177372191331260254 0.94541257948366341779 0.0039496936089676148302 -0.32585189039556189394 -0.11065208318119748587 0.94440867990774046703 -0.30959386589964354997 0.30651455274036076837 0.32875012583323326432 0.89329288798401629279
-2.921168536284450834 2.0227774100821096503 -5.0238962108852689425 -0.92533913695942215938 0.0085196910434742721685 -0.37904471566779079916 0.31172713873375634819 -0.55196694259358403123 -0.77340719240302713278 -0.21580934314347507974 -0.83382246860369679808 0.50810079537782248948
-4.7220388511539042042 6.2095639182698860736 -5.3665082991012029723 0.99063137378307564163 0.0030888515326148368798 -0.13652816659166575053 -0.13012448564717418731 -0.28200627817366064054 -0.9505472514849901966 -0.041437899460924902673 0.95940758703843231903 -0.27896233154567945389
-6.0702529288397339968 -6.7458375519034730061 4.5522033503512986385 0.95801583315899629945 -0.014399996993856146663 -0.28635345903843339999 -0.25008609973357681655 0.44648281345948642729 -0.85913330747067817583 0.14022341508026586743 0.89467633106728583492 0.42413636544317967481
