1125 14.717824617146108679 14.977075390850430381 15.033177056927090831
-6.3216446511126980212 3.1133291309903645683 2.364485034232491234 0.9695034291128770132 -0.0087374990553224941153 -0.24492194072517095571 -0.23761705636210259107 0.21119414682186421484 -0.94812191561740644108 0.060010294651443724101 0.97740507900174788958 0.20267727074678798527
3.1591651419413513402 6.1895605855434459031 7.3412174264715996941 -0.90859372612787536738 0.0051997512477268744563 0.41764866027320979303 0.052722075779465797651 0.99335243716623500276 0.10232945959680365966 -0.41434022682642351887 0.11499520930387235884 -0.9028279339224924982
-0.76957265988325118666 3.7010511261870520094 -5.0139767322278245842 0.99738884955057738324 -0.010920639518826026626 0.071387831068043874905 -0.071509060033066770834 -0.28753715039009686283 0.95509624723310482253 0.010096391696032139609 -0.95770722393543361584 -0.28756727229759243558
3.7253532066088630437 2.1994927845613125861 -6.8302789956930913817 -0.86225085959740754848 0.00026845845833275809589 0.5064813748338651278 0.50547503341319033332 -0.062553275265740754252 0.86057078636763717494 0.031913096363611198614 0.99804159015721383152 0.053800916320418896988
-2.802721233159941594 -0.6491434881491355835 -6.0970788226872327797 -0.98479171054295000509 -0.0035325914144630271227 0.17370321713726297186 -0.15236884422417948382 0.4979555707671619591 -0.85371188632453598455 -0.083480669353603098592 -0.86719534727753755377 -0.49092077518112287038
0.79091790658861338414 -4.3308072467856684185 -0.75942010986139918405 -0.91114039360608722884 -0.0029614218301949454468 -0.41208544395563467821 -0.40784053194294322964 0.14981710026749439635 0.900678042905378895 0.059070158657589424966 0.98870929319402700575 -0.13771219956117092265
-2.7303439397233093544 3.3613035437035518882 -3.2931376901713900196 0.98488333120346427396 0.0084931129318206784878 0.1730106671574096755 0.1173571603706753258 -0.76734805924714921677 -0.630400073667024885 0.12740534065442435385 0.64117456515562198938 -0.75674504040023937712
-6.0553043605422125495 -3.2553201692491731123 4.0561562993239510533 -0.45095678888944862317 -0.0017154290812786527308 -0.89254413440330560015 -0.33107042065149927534 0.92898131341713485742 0.16548744934727732669 0.82887294027737967728 0.37012265078603012736 -0.41949835786433564699
-1.1451971782490779628 4.7937596156738626618 2.1124088529838744854 0.58439246539874356579 -0.003724299440174775027 -0.81146261526884255755 0.57552039909462238132 -0.70306663321928197785 0.41770034651618637156 -0.57206793006700040749 -0.71111422348831654361 -0.40872343282640039019
-1.332249416314120305 7.4613257057779494019 -2.476036759688302169 -0.97891377612893049065 0.004821271491059229107 0.20421697834948510097 -0.14538316682265911561 -0.71872418544163019227 -0.67992593719168081812 0.14349757388052555851 -0.6952785776957122188 0.70426993808336757485
1.1207500419685534343 6.7055287098595224293 -7.4567282976418782781 -0.84581903684572967705 -0.007160549414185486683 0.53342186254542700574 0.46831439089141568832 -0.48883212863511443791 0.73601955225261872506 0.25548344015488394509 0.87234848343201254472 0.41681690855875985768
6.330035406892156935 -0.85381110240578939052 2.5962477422506964331 0.8739478509895034497 -0.0082045117354770935592 0.48595044987939239878 0.043422808702901119493 -0.99454082821486122779 -0.09488414355368604558 0.48407604096369666324 0.1040251267759317727 -0.86882055659612023035
-3.473486033403566875 6.9845120704239116449 -0.81895293329352591982 -0.98572356268263816581 0.0057557665184945769679 -0.16827337615924642389 -0.033002437932854601643 -0.98663379001121687129 0.15957632499440305152 -0.16510571480940558486 0.1628515752457087018 0.97273812888018151845
0.32838365205834041394 -6.6228982882231788309 6.4897591009113648752 0.96824968616349416095 -0.0030918344498715990762 0.24996596929210607163 -0.2161822899826987554 0.49175516823427306567 0.84347025555903742955 -0.12552992767568629806 -0.87072802589259168382 0.47547338746042966395
1.1496311576069115912 -3.0529455150922260032 -5.171254880733780368 0.95474370883462489346 -0.0059344652489655520464 -0.29737053075741043395 -0.29251073421466944335 0.16234612863744707356 -0.94238060510899890332 0.053869479391585081696 0.98671602634122745901 0.1532630501831520331
5.5262503210256888053 5.5001405775016962707 5.4708147411311687236 0.95512693760305877877 -0.0072975809721094811455 0.29610686985781481395 0.12866965322427006968 0.9106662298001955147 -0.39259538744175520586 -0.2667895301622510984 0.41307839838621168704 0.87074082446058975737
-4.8313646310691060748 -1.3722991181628980684 7.4863761647259279286 -0.99742760721307055505 0.013402273431172373117 -0.070416954180530844098 -0.011550162700971811081 -0.99957826386138703967 -0.026643726418465851769 -0.070744343312889673703 -0.025761861011143138978 0.99716175438418253041
1.8678719378990076283 1.0630837284075480564 3.9475604547731233396 -0.88149575907808275232 -0.0015886602214668418126 -0.47218926595812060754 -0.044656031158876056952 0.99579288612927252533 0.080014791230188495041 0.47007559563172079953 0.091618797706380900037 -0.87785814930343308848
6.6410771218734332422 -5.8832366683528727336 5.5333575312933698243 0.52964747241997989224 -0.00050103548202247785714 0.84821772200446154955 -0.71951320504119120613 0.52930712460666451413 0.4495939452573096129 -0.4491929459937124558 -0.84843014845308517557 0.2799856790363186021
-6.6813839143884710126 2.0784971401348952824 -5.8807671648080592774 0.50008275157809889411 -0.0028694462628379401037 0.86597286784984728314 0.77191650775498521497 -0.45177409838381055174 -0.44726398143007789487 0.39250751155774749046 0.89212775447683034802 -0.22370946127317539731
6.0720420283711575848 -6.3142841675100571663 7.481025610561410133 -0.97618842664086291627 0.011193889554811459197 0.21663529843753595583 0.12339536707313357444 -0.79269721585630248395 0.59699640481203020137 0.17840890974772019573 0.60951277329540376471 0.77244057383874475953
-2.3086625953981414483 -5.8634665461814199361 2.4010331490520870901 -0.98425682152835491934 -0.00048626940095960872502 -0.17674352270067431037 -0.16812036488662837619 0.31112720295932860815 0.93537981937239167429 0.054534871274623343551 0.95036815346513559 -0.30631082366484219115
6.4009388166801253206 0.097579413022257033283 -7.0723254730343372287 -0.88402476769444127136 0.0033715172365170742452 0.46742790136490075525 0.069581579585885303119 0.98978220176460518509 0.12445720892068315444 -0.46223220775404721961 0.1425476269234741411 -0.87522657647796631153
4.5243657487748238921 6.201853013602164566 1.7754204001548472558 -0.89908037535739226964 0.0069212621893628084938 -0.4377288827311314745 0.20114729216255791688 -0.88155263454663534972 -0.42708865517544530865 -0.3888370423493296979 -0.47203500786873470174 0.79119448041770279456
6.3600075391523844814 -3.9720283639949252041 -2.8329508172283714984 0.88695101631938733089 -0.00086227848368203210278 -0.46186269726592921181 0.31414878884570468509 0.73417322886274494209 0.60191378825207775272 0.33856821043438073415 -0.67896165318606493955 0.65144657523559590384
0.38744444549285073087 5.542373621853764476 2.2022931040421100946 -0.95517285303579391176 -0.0011114610368119473734 0.29604659342359335161 -0.29092983161843199991 -0.18162910232448359338 -0.93934589064050111329 0.054814723367279175048 -0.98336647992650494388 0.17316383068931640032
6.3130431620238107726 7.0484085790307515751 2.2371772964676504003 0.77930706405490857147 -0.003196038223222070606 0.62663409199784958492 -0.32983047166092305247 0.84816753474032791082 0.41451621557726947565 -0.53281550266311106245 -0.52971843308709143372 0.65992880053048508238
4.6258562545576964453 -3.7643740342773850394 -3.4192260191749781484 -0.99601336322242217669 -0.016867978059722957968 -0.087594814906208517957 0.088851729799989481728 -0.10039616379299107218 -0.9909722399780727109 0.0079215146170090351696 -0.99480454442667898274 0.10149466978293827935
-5.87739339583933873 4.2893988932779540946 0.88433580076030504635 0.89632866199937977214 -0.0067665373036820512798 -0.44333863315924104676 0.010128678135555922724 -0.99931015017511171106 0.03573001030223552088 -0.44327456452834096412 -0.036516266647703903014 -0.89564179375038999176
1.8033062083921844732 -6.9742533218256195227 -3.5844712788517303359 0.99393707672853714996 0.0095657358338851351115 -0.1095334843878876252 0.0076807676118275328842 -0.9998152875498895753 -0.017618075668972589531 -0.10968178204733487757 0.016669957388682116878 -0.99382695636998374944
-2.5237327276261081188 -6.8461610691021608233 6.7206828685415072044 -0.92641836355135609438 0.0062588409053377412963 -0.3764436778394048555 -0.3729846204504421725 0.12097539387997312266 0.91991707614493301026 0.051298036825896682622 0.99263577458500340533 -0.10973937502877260941
-0.82033125280300500659 -6.5630641076612086238 -3.1528142795826150646 0.9838680436799717155 -0.015285146709417865921 0.17824151288527012582 0.13085000173761490716 -0.61793439838183594759 -0.77526470082276133233 0.1219915967221712888 0.78608106680331291116 -0.60596584618492521646
0.50883314311392568996 7.3033367218356550765 6.2864335282352667988 -0.9961758617278887451 0.0059139862824028194277 -0.087170392203882202109 0.077945999767477805453 0.51090050902081163287 -0.85609876241147764286 0.039472441411299588609 -0.85961950573994916347 -0.50940772640445175501
0.76691122571687986298 -1.2290090089369596349 -3.5236822674021421875 0.98165126352617249061 0.0031537516739629728804 -0.19065899052497628507 0.13999749688483834054 0.66694026568363740104 0.73184109127312968468 0.12946620286240237419 -0.74510451338068173222 0.65426123716461181967
-1.3974685932225712204 6.7604984361037985252 -4.9935565062882147913 0.58616785027037909828 -0.0060559159246353182204 -0.81016700574125499745 -0.80980501194608733861 -0.035188366917770594333 -0.58564291292620229701 -0.024961849620120896837 0.9993623490586582836 -0.025530400458419054421
7.0914971892313154456 6.8999793614851832046 -2.4516407694975388409 -0.82060313562690423428 0.0059383761731559465968 -0.57146761018233172003 -0.31024982586482557911 0.83514194234743743817 0.45418386330087673342 0.47995368458842202486 0.55000242892233253134 -0.683477716410237357
-2.3886139398541148537 7.0221837896144716495 6.0580133514562195529 0.93479893838045136079 -0.0012502360719653243804 0.3551751423066339397 0.15003578480255416738 -0.90500227216228268379 -0.3980705347795100435 0.32193199294485075335 0.4254048945308231966 -0.8458075830989802979
5.4333319529320203145 6.6918644811174923248 -7.0024210805235247435 0.9721351634033366107 0.0013612204781859240255 -0.23441708801516372707 0.17011598267071170731 -0.69211126238783549081 0.70145744911287188916 -0.16128786846715376102 -0.72178954519631499664 -0.67305726051402481325
-4.69021124871587336 5.1198524014039792362 -4.3551661100235836699 -0.81628391488072671311 0.010449748037824245495 -0.57755638086071448001 -0.43786495104080552787 -0.66332987926761177722 0.60685068667753516714 -0.37676896761413880554 0.74825415069800427226 0.54604108911876880761
-0.83943285162651515297 3.4139349139127173061 2.0486915416895734587 -0.70907643716675394785 0.0071904287674292004934 0.70509496097275492499 0.44676879142039688242 0.77820492068125579621 0.4413555805018326561 -0.54553483231392341235 0.62796926609634629024 -0.55501923171248868094
4.1202318886024542621 -1.9638720984050113127 4.2144487408922879368 0.98292160169474829257 -0.010372797237096081924 0.18373222362827154597 0.18377550832655831226 0.0033783570746909173145 -0.98296243531615024036 0.0095753569757000972507 0.99994049411993202181 0.0052269262319914215273
1.9607289554153373157 7.4082008450391496623 -1.3003055738727908874 0.92991540140331696573 -0.0023758854750691891719 0.36776582413413244632 -0.12686359643370087591 -0.94067361137018801198 0.31470428146385048818 0.34519990459551741502 -0.33930445331589920155 -0.87504829228299740862
3.9470963697083019106 -6.1399083395416313991 -2.4746496459385278754 -0.65968553694018006173 -0.0058855454104223851527 0.75151869751006838971 -0.52684228859584480986 0.71674590774182622699 -0.4568506393585688441 -0.53595913584807941543 -0.69730958984555146962 -0.47592766321208090918
7.2015489794343565677 3.6136281717577767303 -4.5872137512422197503 -0.96715807328568281775 0.0054254237651409345164 -0.25411774053656804861 -0.25357350405143103123 0.048181671667945367987 0.96611541989474747361 0.017485403098504985475 0.99882385398636697182 -0.045223549022924351692
-6.6621502302132942219 -3.7131243185412432517 -1.4431815988733716072 0.84938128034775683961 0.0066908519935738042239 0.52773731447992955346 -0.49623535180798550304 -0.33038305373233428641 0.80286830390945096436 0.17972733851819652773 -0.94382321983837780266 -0.27730094389150594658
1.8436066297118998136 -0.54361606069747714365 3.3850441118943375152 -0.99567507826028567308 -0.0057087785863724352722 0.092728358006424607685 0.06212888829173619093 0.70117288903036467662 0.71027922743699412056 -0.069073437522417249768 0.71296843516100505411 -0.69778569109213717248
4.7200593071072507456 -3.9523895098987438246 1.475465696809167282 -0.97360714588325569796 -0.0068495297531193316889 -0.22812761653782789861 0.21708118818277422069 0.28080047452910711359 -0.9348940320920718916 0.070461927465860010877 -0.9597417243437560419 -0.27190244451164258255
-7.0681080738805954766 1.5410829363921558777 -1.7130077366990361654 -0.95938819261480901002 -0.0030801948688786110614 -0.28207234581022377906 0.21417578867654565866 0.64280824937873715097 -0.73547691063377840237 0.18358384301479002687 -0.76602093113060532037 -0.61604294140401183455
-2.881058689689285135 1.0891041523625801801 1.6994294804035317004 0.56318484085780373682 0.0021111789841259608579 -0.82632825072798288257 0.22351555374616988159 -0.96310840452773727183 0.14987661045547676086 -0.79552726682461227803 -0.26910545154528897616 -0.54287993487243169088
3.9001855482734413272 0.96114469502376664867 2.9948062987734895835 -0.9526124632637513745 -0.0015210508660108564786 -0.30418280891408466804 -0.30273151945817766695 -0.092952663252268710736 0.94853225012169828378 -0.02971736800461182923 0.99566936720907139868 0.088087395467749809996
-3.0676315126929294408 -1.732119924663247934 -4.4475465212274354343 -0.93531937185509794741 -0.00061609603328892717511 -0.35380403199798043934 -0.16969270275126963066 0.87825466075602309779 0.44707173640625624822 0.31045460097319022008 0.47819281810375269259 -0.82155314462827699895
6.6172570876910077331 7.3687448171908345174 -4.8186026894755284999 -0.95752652546582528448 0.0019723196500017105975 0.28833845214383835298 0.2571994348884051873 0.45789763848588443951 0.8509866058653469123 -0.1303510787166910212 0.88900273488012071521 -0.43895641429770054787
-1.9701665683617675118 -1.2112843085725697456 -5.400228286159430624 -0.96024362554269626635 0.0056792589550699766263 0.27910558149622616275 -0.18701932169613583179 -0.75535959145321607267 -0.62805705227475472352 0.20725817937287091541 -0.65528591745699826809 0.72639136384296731919
-0.71987653982891031124 -3.5714690072282708755 2.7324694130502198419 -0.56466516883645812008 -0.0013914765108393335052 0.82531891466017925918 0.66898802935261569846 -0.58639865383823808198 0.45671833262943911658 0.48333038771203645778 0.81002140871080807738 0.33204977600404295135
-4.3058795426835621001 -1.6094897306838247264 -2.5261182553966889941 -0.99775619842494400746 0.0045950706857898525673 0.066794115234449544238 -0.065123777806036134419 -0.29815361222510938788 -0.95229371366268678045 0.015539049804660311563 -0.95450684064729229839 0.29778386304276893704
1.2463074810270946546 -3.9592289870390735551 5.7425487331460010054 -0.9056758074186712637 -0.00044257175547615461818 0.42397067821570244561 0.40970786382003943071 -0.25811256581532021626 0.87493849480533114615 0.10904493651915539432 0.96611474861866575292 0.23394763157827813682
-4.779126910098799641 5.9098189426253027179 4.7171512394873120755 0.94678500780781615909 -0.0033116643389155347131 -0.3218496261759525856 -0.028821650664670944025 0.99505773229197536089 -0.095023270091020531347 0.32057364433663620984 0.099242845007281352276 0.94201029520467371992
-4.5685445190330664644 -7.1286629394102165591 -4.4991203370054551058 -0.91475693535372570864 0.0016533574352303051849 0.40400125696777183792 -0.2839885550542481929 -0.71388071337984471132 -0.64009751418247495813 0.28735039554612823443 -0.70026537360737362015 0.65349686816841767723
5.2256222046238240964 2.0458007437002359019 4.3439551738960684446 0.99846472548173803574 0.00049367573029339330976 -0.055389062574793944405 -0.051776216172681167882 -0.34701034386953621969 -0.93643101437660369868 -0.019682870915556711922 0.93786117177974381853 -0.34645202706969407958
-6.7523893696490979721 -0.57044447108526175061 1.5739235824416080156 0.94940801772431537842 -0.0063535525442365899801 -0.31398096797541036329 0.10525028602359169649 -0.93553681712757741362 0.33718428357594310008 -0.29588307348112535822 -0.35317204896304049688 -0.88753744183472083051
-2.4096192764381325624 3.1522491950213917811 -5.6070792544505954069 0.95644729107550829905 -0.0063213530681201206968 -0.29183663219282907075 0.28809951768369951308 -0.14046728299493554948 0.94724210755134852224 -0.046981350605364236017 -0.9900651407374089219 -0.13252837353519264507
-7.2176511252082606873 2.1977955314239210338 -4.6622054899510292358 -0.88308108090099679544 0.00035642891437781543118 -0.46922028676633587008 -0.41650424628364302038 0.45992009645973569443 0.78421790192530382857 0.21608335748586882108 0.8879602343747997617 -0.40599828175340912928
-2.1271441588527424393 -2.0284171429823185662 1.5665761799287045708 0.94268476655637079009 -0.0090111857190567010156 -0.33356293174534840107 -0.10149963586410515326 -0.96001123948455591162 -0.26091424641619909153 -0.31787301681971935619 0.27981640158400744589 -0.90590260325409133202
-4.2114378217322592235 0.13184220033143226325 -6.2459640049401494721 -0.98833960889427863172 -0.005044038408186356931 0.15218204613994615326 0.066810502389282558355 0.88373761382693105659 0.46318914784134873619 -0.13682534217492650641 0.46795554017883361775 -0.87309589287462374685
1.4684988377300909335 6.4846067970871841268 5.6608297809963543656 -0.9969094352223848432 -0.00353690953147873903 0.078479731367870411707 0.0084182877005048450947 0.98842422507007310362 0.15148162834744843819 -0.078107044476054224291 0.15167412951967823576 -0.98533966125272276493
-6.7033829545870098343 0.51734067122124771654 -1.298002060307709149 0.9998344552473581448 -0.01402277867875389647 -0.011594126893588319396 -0.015655783019613914164 -0.98771450274254923851 -0.15548298148141576069 -0.0092713838418047971046 0.15563875722470296714 -0.98777052936973008812
-3.4941415657554744101 -4.4565988050442832957 3.893297065015229208 0.46269921907833155839 0.0018908590327985901752 -0.88651331479932637958 -0.85052751599917320036 -0.28108346566732977934 -0.44451662494961247107 -0.25002475315955008384 0.95968146276796684191 -0.12844887242382699299
2.6539477851595925095 2.7217888449498586212 -2.1735366974653422822 -0.98043658750034745619 0.0026642823477197614263 -0.19681717275267518463 -0.0298990955350857332 0.98628963170334638111 0.16229234880519313733 0.19455112946718366995 0.16500201209104159439 -0.96691478116164186751
6.3358771085660459121 6.4479193373196910244 -4.1449709130896881248 0.9937367307393993876 0.0014370441720871955735 0.1117373925032869586 -0.034828346853249612936 0.95409398720241711533 0.29747546090332899205 -0.10618048895558240829 -0.29950392065573300249 0.94816828953344745035
4.5321218962317546541 -5.499518165633414668 -6.8286088850591797339 0.98372671155535451604 -0.001457652704721203521 -0.17966533394328818019 0.16841243069801783983 -0.34093302096151323344 0.9248794128990273089 -0.062601998041102627224 -0.94008645903798426779 -0.33513943273597346373
-2.6146579814102479666 0.028490097367705007753 -7.0654317178150769507 -0.97419849384048251562 0.0069808598427115176044 -0.22558493343904817419 -0.19932988386941910552 -0.4954026345527828834 0.84548437423457678541 -0.10585316242538704568 0.86863542253004644156 0.48401199440764569593
-7.3532358655551455229 -5.490599110061434196 -3.1111024692960671523 0.60203641250378892025 0.0033687544722967753194 0.79846152663284719608 -0.60783372890684084222 -0.64651992320349038756 0.46103161161052108596 0.51777438718315238475 -0.76288966462676488511 -0.38718089258496884986
1.7178126661504493633 -7.0494887574967828314 -4.9802312612608332643 0.84020436488310823453 -0.0095431588152226666522 0.54218590294390578421 0.51248553022405607393 -0.31282966161542147265 -0.79968505308309323354 0.17724335401433877202 0.94976130208249176512 -0.25795011634879455586
7.3496880889512503643 -5.8261534623355792917 -1.6262988224831702588 0.87555254467426213427 0.012417917443607713601 0.48296328725976950258 0.31055669490339521399 -0.78023804206717128906 -0.54293934924807285558 0.37008415362600877163 0.62535941108893478013 -0.68699587058244404592
1.9967489667225888361 -5.7834750381043873446 5.6890439651648261332 0.90245817146191353864 -0.011597216872909984348 -0.43062135725309635959 0.17210217442962758017 -0.9066878154430044745 0.38509485439814394869 -0.3949051662339561064 -0.42164287007868739288 -0.81625192177028182972
-5.5381490192958793273 1.0231447368759922778 -5.4019123276952276669 -0.99693086464177516071 -0.0081965009144146887266 0.077856717740842684705 -0.013158949749394237283 0.9978988527124282859 -0.063440695112398970412 -0.077173137593995549954 -0.064270499668290029249 -0.99494402340339049839
1.3270403658712266459 -0.50113181165984355125 -7.4027827044756779884 -0.23701974997622371477 -0.0085611713977809412307 -0.97146710930713020549 -0.7801158973852686529 -0.59428212007910474757 0.19557082707091472118 -0.57899984867706733027 0.80421108429231713544 0.13417789360877233062
0.02800931350991803237 -5.022044593511489019 6.3631429344094332379 0.99814570132228697119 -0.0088726009808298908488 -0.060219896079047582904 0.059774795795358201533 -0.043951474074123676739 0.99724382260019217572 -0.011494899719755521939 -0.99899426668959434572 -0.043339617001983181399
7.3575978819061207403 -2.8698676956379789438 5.5801512924920597669 0.99917777830266685246 0.0042079245552337773972 0.040324443172689281023 0.027251593850786060697 -0.80611334333670414676 -0.59113334225632618857 0.030018627197873987145 0.5917462049438563243 -0.80556521210614950856
-5.8438577028525298118 1.5480987028862185362 -0.33322584593302206901 -0.9779735521544735688 0.0090223802410767939275 -0.20853375731783579949 0.10466939961148018223 0.88556993876706902036 -0.45255960970577890912 0.18058806181832570692 -0.46441843224281270652 -0.86700834582016372831
-5.0751514821304350988 -6.0046846007498233533 1.7977732577017997428 -0.98790408048667399665 -0.011846674456095135364 -0.15461301388308426596 0.058998167520389409313 0.89337471915859612004 -0.4454220778066067532 0.14340412820737738486 -0.44915617269798402411 -0.88186959837627643122
-1.1408486199895491175 0.069337656062021801873 -3.5620398120601333147 0.75275771414049774677 -0.0057329063669952773363 -0.658272707611799901 0.13257867885095936389 -0.9781524500335830874 0.16012706956472555486 -0.64480905523731268936 -0.20780981275631993377 -0.73555174121611888172
3.2950004041062679327 6.2762335182457489324 4.6289706322048296272 -0.98485440045870176196 -0.00041509551804358706811 0.17338292186103121395 -0.16955441127177950378 -0.20669217686003721335 -0.96360243131863843047 0.03623688060022309948 -0.97840593401747988356 0.20349131864478081644
3.0005500495273462747 1.0389093788219492254 1.7366823402315474389 -0.9989807827835288645 0.0034119802860844853157 0.045008377217033962436 0.035837344750221163114 -0.54627688106230487541 0.83683765088459038939 0.027442309495303813388 0.83759771227443480246 0.54559782994640815268
0.92206521310266065239 3.8075510011745241634 -0.54450065437389771894 -0.98768314236869858558 -0.014144084474941460636 0.15582668306463198782 -0.13654450992097291739 -0.40839411429943534015 -0.90253523156488657531 0.076404234771298665252 -0.91269611168224995534 0.40143268505331053397
3.8136780615154877161 3.7953937971968949583 2.3835498456035484338 0.91134029275852868057 0.0022055862410434142265 -0.41164791531608435626 0.11150699823608374583 -0.96392317238937053059 0.24169879411207212394 -0.39626387690426551069 -0.26617147315253891771 -0.87870796442320242559
-2.6820995870268351524 -3.7921832374649007136 4.5083277246107513747 0.77065242451169468918 0.0031285968624229069414 -0.63724803057841294951 0.63220299057175610713 -0.12942967565424168264 0.76391579233069628607 -0.080088821358041004106 -0.9915836681499190508 -0.10172320163940846982
-0.2478965379320797191 5.2696353086391036769 5.3192800560435298252 -0.93921642082080791791 -0.00014584990818871691742 0.34332563782549269105 -0.13346984438205078405 -0.92118563832052813289 -0.36551719575511160132 0.31631995748151520154 -0.38912337179853800917 0.86517321157046633839
6.5786516619571600017 -3.9243459526705604112 5.3036341614926394428 0.62841816599231359319 0.00035253731551841910666 -0.77787562268548038347 0.4774133630961909236 0.78933340408887109341 0.38604307781204594274 0.61413930780248926489 -0.61396470004949010857 0.49586314412856946632
1.2076869639280616298 -5.7413577532551665072 -2.3854111979322416559 0.80423322756776771669 -0.0069698714151840883771 -0.59427294786862328024 -0.0038149737007713603598 0.99985008465163593971 -0.016889470020342297468 0.59430157466695987534 0.015850208653533745529 0.80408607078725591322
1.8277152556803621941 -3.6404449392161883914 -6.6202181946902927123 0.8072820823374957655 -0.0016095377873945613048 -0.59016357810781561177 0.51946174448511350796 -0.4726700973923211313 0.71185846560097076896 -0.28009843904124398506 -0.88123798625528004802 -0.38074200717469214306
-3.5704601290881141651 6.1278061621541128901 -4.4903652282083674763 0.99876297742533837187 -0.0058608297268054158902 -0.049377784471061461624 0.046094731499356070281 -0.26330855529732305476 0.96360981752750107798 -0.018649146156448085515 -0.96469386614728214191 -0.26271268329769542627
3.8131639265101742176 -3.8252637146029480064 5.8020040521580025228 0.98582302711812042073 -0.015370216109995629705 -0.167082960412520104 0.090982258359376969037 -0.78772045616642150101 0.60927720423541809058 -0.14097938809378882108 -0.61584108290515771067 -0.77515454764773017438
3.5109798763837076763 6.5521585066026988287 -2.8105409690114870891 -0.95683918451802352223 0.00027091946120043168544 -0.29061779294001494067 -0.19275353405541284513 -0.74898554362750979774 0.63392959431321316277 -0.21749678176883169289 0.66258628271307717927 0.71671093746393599311
-1.5167856743130025965 2.0188512633429578358 3.3636907050306201761 -0.7539740654343664028 -0.017298632726856326414 0.65667637840736436949 -0.079153843146962152288 -0.98997722732358284237 -0.11696049972429777009 0.65211791707288468967 -0.14016364252711915883 0.74504790151113897689
0.71622186914430552296 6.6472655599938432758 -1.9813554310376813028 -0.99839239452320649448 0.0058219790177319189275 0.056380236950645014338 0.052931015273039623559 0.45152477372989435755 0.89068719892591863285 -0.020271511548435393324 0.89223958848980855496 -0.45110706329101019074
7.1222134832169290419 5.684825397329140273 -1.4708791481313050475 -0.98736373606683258686 -0.022198617927486896662 0.15690785213708896562 -0.058262261553132993486 -0.86994291255870503932 -0.4896987214272125466 0.14737150870802828706 -0.49265256545651675557 0.85765674262507163306
3.7507386124583099729 -5.8076266907978943976 0.15770906750510887973 -0.96496295387502950547 0.023341403425989025455 0.2613458944290243946 -0.22149384781168651726 -0.60644136590438413315 -0.76365525278202261994 0.14066617585744192742 -0.79478553623354775137 0.59036342905332772624
-4.6848067407120987937 -3.6263620860275271873 -4.8975888301615304599 0.99946597541739801152 0.007956274598769609574 0.031693243403738718955 0.028771637638086683397 0.24551556052964373933 -0.96896558370527985371 -0.015490540679991659026 0.96935999877870626662 0.24515553413519608483
6.5752669804420218469 -4.541145228220794472 -7.0545141311887631375 0.9654263656124750792 -0.013570031224888229326 -0.26032246701491573715 0.19430076577276075844 -0.62828342341117393577 0.75333070579044236759 -0.17377901196721068366 -0.77786618008443808581 -0.60392471457995156037
-6.5360112537246841669 3.0648840499017842021 -5.3108040208629621048 0.99356922868159980311 -0.0010789282859256649205 -0.11322112758080457584 0.097885606425657481489 0.5107721837430253542 0.85412539147894406266 0.056908662535767803869 -0.85971542514263810109 0.50759313618315582417
-6.8480819663759486815 -5.7628028122433496705 3.6130451260435991756 0.99809761213610315167 -0.004811367706380409448 -0.061465497548519695825 0.055546765836742770239 0.50277406231732635344 0.86263132279442045203 0.026752821405823787315 -0.86440447303429546189 0.5020848469582269713
-7.3440608776503708555 -2.4599171932395011986 -1.684781635173585812 -0.82056672324402490926 0.003753199816187483516 0.57153842057704040691 -0.49902695345334169286 -0.4922165379135657326 -0.7132285605130166406 0.27864377335882173359 -0.87046469962633943318 0.40576945951223108988
3.1979068586892807069 1.621989789540214888 6.3074517827729668085 -0.9956004657598003238 -0.00065410624095562069219 0.093697837348975965277 0.065355499699374666744 0.71172310029043039936 0.69941324492177536776 -0.067144405857035391327 0.70245982138337026424 -0.70854910070095522556
3.8460575507991290323 -5.1745242090028700233 4.3017998731252404809 0.81625776789993664817 -0.0034021831987415609988 0.57767783538270767174 -0.56714177849095104289 0.18548257018341859914 0.80246272140718033494 -0.10987929483324480884 -0.98264166475262115785 0.14947206849215691205
4.4223556897072420213 -2.0270722071579143631 7.4240200229547674837 0.31839431961188907616 -0.0062300858374457054531 -0.94793788998503769605 -0.14174286516192630137 0.98842380564698595347 -0.054104903715609872772 0.93730145493044425553 0.15159012652814413125 0.31382545487037621923
-2.0592793608448927145 7.3558106300452905657 7.5139107663159121486 -0.95197574592979550268 0.00078096296053773751888 -0.30617245019477973278 0.25374305678871728054 -0.55759601478791964713 -0.79038038021207868145 -0.17133779586811168083 -0.83011208543767123214 0.53061971817633368786
3.8126410946280167025 -2.7745193202257469878 -3.8272380239430661142 -0.99975654633209143363 -0.0050132191216613660595 0.021487570826203682833 -0.021328893982295850373 -0.029807458629340977119 -0.99932807110151489205 0.0056503404733017383033 -0.99954308713726691682 0.02969327547512860474
-1.7077045580352725462 -4.4733090946377256358 2.3933285966255861688 0.93012310462811320644 0.0010150604242960444001 0.36724648383503183391 0.36312689640955114756 0.14684498807605228521 -0.92009532472503730016 -0.054862257890399161731 0.98915899587945677052 0.13621532046676215755
5.5290174672401217748 -1.012536640364148699 -4.7539297962387978558 -0.99975371867150564231 0.0031517058634076382251 -0.021967447569472019209 -0.002215422080350996567 -0.99909332240263104552 -0.042516173810784214926 -0.022081528651141248132 -0.042457035702547954448 0.99885424673059841627
-5.5658872926211602206 -1.6873569927277309866 -6.5550779825630218767 -0.99561729488620864803 -0.0042916629839536068677 0.093422608357065423101 -0.053120304899269742138 -0.79620797670186527206 -0.60268656119382812975 0.076970353583821760068 -0.60500780116055763447 0.79249045748458679661
-6.7188862015351276114 7.3373914904024815087 6.1340288709124024535 0.62488620343357204057 -0.0096063352882438182712 0.78065674344154856179 -0.67725079983890146273 -0.50411457767090583904 0.53591029724868255446 0.38839231052618289342 -0.86358335492412852119 -0.32152014279380752848
1.5661072007905063597 -5.6554751692817273323 6.9014427793388986032 -0.9213891080255949273 0.0010805973720489940246 0.38863986404000783192 -0.27498915083466940468 0.70483252419828112956 -0.65390525288869105758 -0.27463262467329407901 -0.70937292388520833963 -0.64912785822481122722
-6.5304865958937829973 5.5339127338754989793 6.1686208763860745918 0.93680445339139029048 0.0075245436666688718733 -0.34977249369937180035 0.30043592098211063801 -0.52958214763049960006 0.79327234055834705551 -0.17926425602926693292 -0.84822528266609498182 -0.49837555754327067525
6.2340923202575151407 -5.0595559366935214385 -2.1937222487265359838 0.23026936031636535684 0.013793339237890316767 -0.97302916990828847155 0.1306840907603189772 0.9904038068615764745 0.044966296002806979693 0.96431202943949112516 -0.13751379256908274895 0.22625708106402780961
-4.4548469627366191759 -5.8319185176015206906 -7.3808234429875581029 0.71638576203521475705 0.0022009979023774593233 -0.6977009356173703436 0.6391998896218614723 0.3987697375269089739 0.65757600134131999337 0.27966934236802187819 -0.91704844585281897196 0.284266084678577724
-3.420795083055235164 4.437869198064744225 -7.1972214892589603252 0.9962846313906766893 -0.0079888673815936943334 -0.085750284272080062875 -0.008462273869864589404 -0.99995088775895524247 -0.0051586811228902466203 -0.085704860864046258917 0.0058651571109697969025 -0.9963033056034003021
-0.75816266527859543789 -4.3522645046563361859 -6.282446231043930851 0.33246185692605489947 0.0092762467375143986548 -0.94307108159226038513 0.54749909575098687498 0.81230754701893870262 0.20100047066607393265 0.76792828691301595612 -0.58315555412138220248 0.26498253877624206032
-6.6464391103873934341 -0.11308659106961108098 3.0174475627275598733 -0.93275799293202144025 -0.0084441997009884316866 0.36040424818922095485 0.10118181596903239039 -0.96567362016171798267 0.23924192659515311488 0.34601266846554290524 0.25962117559081354656 0.90159418722947248792
4.7085088637104757225 0.25202675171723443182 -1.1273621497810610848 0.88948709564700012553 -0.00011278013548094139445 0.45696027612707906806 0.38918243587325845878 -0.52388055283195911205 -0.75768476160751319082 0.23947805386970419383 0.85179173137874708566 -0.46594109935665561917
-0.63575113183940212824 3.0437426322167775439 -2.9714687974150524319 -0.76608952982695477374 0.0036912835336184402976 -0.64272327382443794619 0.64273052254623530555 0.0011705913927213765918 -0.76609144695863151675 -0.0020754944111736738782 -0.99999250204269063413 -0.0032692784040253991019
-1.0775198334277942269 4.91394446003472396 -5.6607091102639541802 -0.99981018313074265791 -0.0023583876900488214522 0.019340002981535972526 0.019162081991940933118 0.060469189522574663676 0.99798611800574110742 -0.0035231124811543391463 0.99816727812829764144 -0.060412519832064338898
2.1867835748603643431 -2.1967359482927184544 6.0950988258959375443 -0.98507356083355501752 0.011319774443494785496 -0.1717612949800867983 0.035179302317444177683 -0.96353524243103971791 -0.26525884204261479526 -0.16850073125999648349 -0.26734191459595768592 0.94875487048289430803
6.1145412473372298123 2.2029679670495503352 7.1337708846483627312 0.9136276371462885848 -0.0051597108287959204259 0.40651927140868376886 0.37441938210463254766 0.40029730253442696863 -0.83640432560347854896 -0.15841296331713633494 0.9163708021144721938 0.36765457441095378277
-3.8773691771620981683 5.8450615015508828876 1.9073114171804186334 0.93588891014499164811 -0.0081279155994007923347 -0.35220148332392553492 -0.084792814186765652629 -0.97554143965847250897 -0.20280305266753786975 -0.34193877599629307618 0.21966528286685974014 -0.91368760360042122759
5.088196716380966933 5.595985762330449198 -2.3833215406034620187 -0.91331624487365592469 0.0086351279159184689271 -0.40715951593432314626 0.16296581584394820297 0.92398830778724982959 -0.34595917380341079106 0.37322323040811905548 -0.3823232161906537363 -0.84530076224110761718
0.43610167576778641196 6.0853198231569027854 -6.068621803001830628 0.87116996372391886094 -0.012010628271112360616 -0.4908346352018899128 -0.42249356536731746958 0.4909461956596617993 -0.7618864877332565122 0.25012413223935281437 0.87110709891263071736 0.42262316630265717166
-3.2654253141721216736 6.2156463448427166085 -6.7898599114930711096 0.99803036699540126353 0.0060398512548124234922 -0.062441226380253553319 0.060154151358211262191 -0.37457655623509733545 0.92524260688387205409 -0.01780069182441521014 -0.92717631749091344862 -0.37420210001376896791
-3.1100226742198362473 -5.9221454178396069068 -6.881314926365745599 0.43793464271289639367 0.0083044526917576688696 -0.89896845594131646884 0.84346038585829929968 -0.3498374465885396023 0.40766203950350898833 -0.31110741906880590157 -0.93677361034020723007 -0.16021041405104358146
2.6965388473632208033 -5.2239133844454190836 -2.1473947590212132397 0.84253636943482357324 0.0079680291278618736034 -0.53858052015590018868 0.41024953445624323667 0.63843636771899947568 0.65122524816861948604 0.34903837275865629008 -0.76963336393739212316 0.53463697913279584206
6.8956623689495986085 -0.8011155211574326751 0.5022844601857856528 0.99394905384528853265 -0.0012247512498676804173 -0.10983523270919308412 -0.05596496218319423066 0.8547681859934609383 -0.51598378968846692061 0.094515614412305534731 0.51900852420531229381 0.84952748656793597437
-3.1503880981341554346 -3.0129392432528390167 -4.2015078993338743629 0.93644362905095634986 -0.017446183397739799953 -0.35038401832091647936 0.073688291330096258869 -0.96669983627247113578 0.24507440150212356222 -0.34299178609800456963 -0.25531756154953211269 -0.90397432343720518499
3.6468875653353567401 -4.5936018193277243782 -1.6364164308417314952 0.94741451019325051419 -0.0030552278277011317952 -0.31999439285427533353 0.054003252387449678096 0.98713947060884088547 0.1504636643772672977 0.31541939478547442732 -0.15983219684774557789 0.93539525027868197782
0.96549635623192819889 2.6130841005740950145 0.86004744147217537797 0.92673902844722100269 -0.0029544943743169205588 -0.37569408315248814523 0.12089660613649282073 0.94912844472221225001 0.29075626570018553441 0.35572290308253540214 -0.31487531878860680612 0.87995156107613958785
-6.4257291160454830248 -6.4810478575564491877 -2.203238988970278367 0.97538642581020862377 0.0049495848353338098638 0.22044686878074598591 0.10196722912365359381 -0.89655633354850572392 -0.4310329743289613158 0.19550960214305426743 0.4429020686155800135 -0.87499357316835024712
3.5959052433078939615 -3.1868590644431895598 4.7275190890050193815 0.62898905117904346795 0.0082938606826109990966 -0.77736991540185096383 0.74309762253747557725 -0.30022612260525732841 0.59805534750953182055 -0.22842656779833073188 -0.95383200154969682849 -0.19500209215148237019
-4.7923238289668379508 -2.3511302217942233739 4.7213842705497732766 0.95742265229650180824 -0.0070261905834349113603 -0.28860439621657624221 0.039980427171515453555 0.99329765031605743442 0.1084497271545940833 0.28590808018108060384 -0.11537075245750101626 0.95128658098632035145
-0.37237024005498564616 -0.40796850212317914419 -5.2785093989621287847 0.93231181795731032924 0.0023566565239641315728 0.36164778482264281489 -0.25121736410451511734 -0.71513019708204483837 0.65228723519159426125 0.26016246860278635644 -0.69898730130912190006 -0.66613230107761611798
5.9062597422522591373 4.1039510493954036718 6.1984328983128325063 -0.98858422075446317212 -0.003938318173265981971 -0.15061782140645552097 0.081972421049370788881 0.82470410494671586576 -0.55959240655260000796 0.12641898853639227385 -0.56555073064581506959 -0.81496663146620862417
-6.8478462461575508868 5.3077099933333178328 -5.6664322490908345387 0.98259578851031992297 0.0034678676619447814516 -0.18572423184853117939 0.15296346058195239848 -0.58237844859562204469 0.79839684514542486049 -0.1053930554098561484 -0.81291039881728055505 -0.57277306794767812725
1.5184735399283777468 -4.3351179832248876167 -4.9909583418519014586 0.99999791026871354127 0.00057901433248742895619 -0.0019606633128136465895 0.001568827347456348267 0.39758682197498845801 0.91756321731678680553 0.0013108161493215421314 -0.91756437579847638375 0.39758508275181708713
