1125 14.717824617146108679 14.977075390850430381 15.033177056927090831
6.9383220856381901953 6.6715332100231554691 1.9869973020584426049 0.99835475006629326167 0.0031453122466384791055 -0.057252947792203218169 0.051684288253232721355 0.38302081422014311318 0.92229268143143949832 0.024829969145770004052 -0.92373435731543229732 0.38222808602618357776
0.20946541502597587625 2.186203982553163172 -3.2064113039709458697 -0.96703496901218677362 0.0044860848616824124807 0.25460409217092072609 -0.25418391993324318534 0.043045112262232454459 -0.96619752284803139819 -0.015293905810578834956 -0.99906305774613191062 -0.040485838167381882347
0.29530655337841010821 -6.9178921731956579677 7.074911181267927951 0.91778934885426810553 0.0079585212064567818768 -0.39698787521755357632 0.39561159455120581407 -0.10387102521031102431 0.91252521958484245079 -0.033973186283392027562 -0.99455893342826906522 -0.098480203857393575073
2.7128100593154513831 1.2101053960752161665 3.7690093688941566086 -0.97423965279486501867 0.00085885374176905581768 -0.22551355013038021369 0.11980956153451963186 -0.84522494507222090121 -0.52080750877126114062 -0.1910569754996357672 -0.53441000607957911406 0.82334875813046060067
-3.1454050296105418028 -0.16592812053502953296 -1.0531788747070733869 -0.98890548830787350365 -0.0045018658135646573426 0.14847783807294373526 -0.029912769466124661949 -0.9730301947163640941 -0.22873011693515540865 0.14550313198516698354 -0.23063385131960600916 0.96210023656997334385
-0.25808946770644763946 -6.6422015762154416052 -3.6619576634176951302 0.98100436761611076175 -0.0010244801923877475819 -0.19398294038001728801 0.17608023503834768775 0.42432252567389822095 0.8882264041529897014 0.081401360842306980103 -0.90551054364157734788 0.41644264167704664326
-3.7305824524569222156 -2.13397904984711273 -0.89456162946737971531 0.93041521492207790445 0.003572032911628376245 -0.36648979306710594006 -0.36526431271072595797 -0.07324397136488638993 -0.92801794299396944687 -0.030158078543860492721 0.99730765626245510003 -0.06684256921273110108
-3.7183654306061977302 -3.6130725645186214656 -6.0730318259236915068 -0.96817195994831861672 0.0076921051655857294524 0.25016771871705734132 0.17153419203332728737 0.74825987345802880135 0.64084567778529000215 -0.18226101320203216827 0.66336113338866120603 -0.72576368728102091943
-6.0815104841369613808 5.2398863162192839127 0.53511358950676168877 0.92100645709578787823 -0.00064395588324388242096 0.38954677679160970571 -0.14309602321393211088 -0.9306450236139469645 0.33678385971277935429 0.36231289533810201453 -0.36592270405578175563 -0.85722222353844268472
-2.9338438501722956531 5.797916311753480656 -3.0965956672487333634 -0.75025777416932637465 0.00062356894830254035178 -0.66114513040648459352 0.252898488251211917 -0.92367791670429366668 -0.28785666716811253441 -0.61086465517231292033 -0.3831693063838284008 0.69283883819157010553
-1.3943479506404268253 3.6927185575075340829 -4.6352824620425003843 -0.98881269867582100019 -0.0069476291286640328576 -0.14900059525714140496 0.14880816659378223732 -0.11475724401174480782 -0.98218476087848582967 -0.010275042213406778216 -0.99336926940407332953 0.11450728409663624152
6.3660260117581151107 4.173867450651686184 -1.604704965118180171 0.82854603437832741175 -0.0096343970971264399766 -0.55983805453764545756 0.26155765502614480855 -0.87739635648321667727 0.40219799443445158893 -0.49507480446204377156 -0.47966948206282439271 -0.72444332142981415767
5.3767043316603002623 4.1050205525530216732 1.5257906633216646863 -0.99714986281329442974 -0.0021316816082088399162 -0.075416225210295603776 0.046029148573010283951 -0.80920345781882219161 -0.58572270003465309873 -0.059778495908618826948 -0.58752465462117509087 0.80699523644150483737
-5.6720138592066762229 4.7318070594606913559 7.1135312751440631374 0.9691730109037773877 0.0010350613001610020538 0.24637898364902388604 -0.24471203589207307649 0.12024625275515707368 0.96211062679302261635 -0.02863030606515474738 -0.99274355568121686044 0.11679271479056893557
-0.59349913530872522305 -1.9467982399455971976 -4.6579246954932775893 0.96463036571607474468 -0.0032914733243614800046 0.26358570473716957938 -0.21116479660275527808 0.58888698174318210299 0.78014200720705484393 -0.15779000669931037004 -0.80820869145085527663 0.56736322126929195075
-3.6201766627155977929 5.3580978794666878073 5.8927366272898504818 0.98155036094883174602 0.0013209356282894400836 0.19119922607141642823 -0.18407701288293989994 0.27699754584253249989 0.94307370492726727562 -0.051715976731846483028 -0.96086971787341302065 0.27213019498830348653
-3.1978814953899092899 -2.4146630509682589505 -6.2816319794126300735 -0.90902716937450644963 -0.011311919097583470958 0.41658329998372028991 0.29478322683193658449 0.68913854427853460383 0.66195990510620006386 -0.29457164581393685543 0.72454130819165274424 -0.62311109619914040181
-4.884276107975114023 -4.6875153423342004189 6.4832716964863381648 -0.91592211271959667052 0.0050277551150519350642 -0.40132456330226207175 -0.17753702406936625047 -0.90185091039841691618 0.39388518694961188737 -0.35995456451595558844 0.43201812125451588553 0.82691780389104951876
4.3665637108065942229 -5.3919341685464052816 6.5898792142361637403 -0.95924093606903515496 -0.0018811272503308005925 -0.28258324070888068968 -0.28197841694274555779 -0.059355296004944969879 0.95758295787606195759 -0.018574147294825323062 0.99823514774649346748 0.056405592416333236172
-3.7038436809045709452 3.6351847599139417433 -3.2623972372015961341 0.73855032982034163336 -0.0073310263252755226981 -0.67415848757925933565 0.23367082162414043456 0.9407444279193051262 0.24575977795427789152 0.63240916932293289587 -0.3390371327624059905 0.69650015446144963871
-3.1763777604814356081 -3.6346360558754096104 -3.801020676704751633 0.98541985624338956917 -9.6242380535149687354e-05 0.17014022939528899991 -0.073061528063852548831 -0.90334440524169967723 0.42264748743544783283 0.1536545477304404328 -0.42891593145502532325 -0.89018054556691750268
-5.8750204145077731255 6.6658189734684087924 6.1149628706830627678 -0.99344535032285241627 0.0091216858856755476948 -0.11394354202058128156 -0.041453553498348748307 -0.95770367010668877583 0.28475477724977116267 -0.10652670474555001046 0.2876116741559350265 0.95180438434859504504
4.9982609268841322603 -2.6478054547737475133 -1.049047587093314915 0.99819871730489451167 -0.0058447494871564087404 0.05970895807467349603 0.053330096706237339887 0.54232984182915611182 -0.83847137306345387309 -0.027481294660731916957 0.84014533359711462968 0.54166465352537884748
4.6025522064393538102 6.4844605286449237269 -4.4081226583801393915 -0.971679038367662673 0.0048862670009766195206 0.23625403867826136328 0.074878874897977287795 0.95463141630251768799 0.28822215928385230832 -0.22412719712476122935 0.29774986717554063897 -0.92796121476385140525
-5.3707894536599658508 -2.2417377189735381293 -1.1290535339621268207 -0.77759564612374987291 0.0044640181487690293663 0.6287488239919761801 0.57953366733973477043 -0.38280049241756530787 0.71944736529129071911 0.24389698552678967802 0.92382025066944606362 0.29507694742909007513
-1.4561351117074692318 6.1511351601158770208 4.356872995267951687 -0.77945409728264913873 -0.0061917268119775501281 -0.62642874514843871481 -0.48607603260588655436 -0.62483536296935560106 0.61099170183324980066 -0.39519792605143055919 0.78073198455166437082 0.48402083378983834505
-3.1956723111957288097 -6.350387485231054896 7.4514152691587600685 0.99958403057292477545 0.0020117281025426726575 0.02877010208184798204 0.0030788598575756764668 0.98441996855992464077 -0.17580627441182034021 -0.028675537409710218084 0.17582172348892943781 0.98400428612057133648
-3.8057085846229776749 -5.7017805530529583891 -3.5143675392280782077 -0.97556932826801490144 -0.0096502668852021470519 0.21947974414883769656 -0.21918394093248461107 -0.025136160628773187437 -0.97535971490836026465 0.014929359661627839007 -0.99963745717036245342 0.022406883812924459354
6.3589797371809826387 3.9128998962156229524 5.828209502869042602 0.99744079538048213696 0.0015111129676743306413 -0.071481299991721106157 -0.0028723866556238982634 -0.99812254279733192419 -0.06118119772143079671 -0.071439548611447148407 0.061229944449855876198 -0.99556380247418130303
-0.76553882877460133205 6.2353710023840500654 -3.7876326936901345555 -0.88330519882821778577 0.0033886051148169235928 -0.4687861378905626708 -0.24263360310190315583 -0.85892611790625850166 0.45097101749907941848 -0.40112449485017226403 0.51208831399843601773 0.75951609482451631905
-5.1826603081786464244 5.0209647151836520607 2.4745503681188329992 0.68178743107517769673 0.010751998789439189824 -0.73147132093461109115 -0.10672629366671655682 0.99065578681568722264 -0.084915312451695521001 0.72372328763691662346 0.13596141574221165538 0.67656418495309467165
1.5333748929432526875 7.0108810780740116186 -0.85766889509786792267 0.99297177237983969 -0.0038416169806274077896 -0.11828905797243317866 0.11802080113268682837 0.10679666859535083545 0.98725151915659326018 0.0088402351226327322009 -0.99427346014865969348 0.10649946801304704946
3.7045682094098437709 -5.8748653969320985269 -5.8088160542839153422 0.99561101053298328711 -0.0032093063807148089484 -0.093532967760668841994 -0.09114406944721983872 -0.26015308289536681619 -0.96125601796016268974 -0.021247924843440943454 0.96556205073143241968 -0.25930378299838985345
-7.245111138995980582 -2.035775744804420917 -1.1790568963753746967 0.79785752570226897706 0.0075742396518102307612 -0.60279847343373893498 0.19844393820757960656 -0.94749300732594798902 0.25075287527186929104 -0.56924807603449678606 -0.31968677164084763342 -0.75746748839071920134
6.5739357836390714951 2.1443104445298266647 -4.7469246626629049146 0.3084759353608239052 -0.0016710609117553442207 -0.95123067909878145088 0.89426459622691789608 0.34137509636451535133 0.28940261836616648639 0.32424285533893781874 -0.93992566255933207575 0.10680037277141912755
0.070356124364795338821 7.0021452390171745606 -4.1219275577394318688 -0.80750100560753157453 -0.010074842984441254728 -0.58978014842946091534 -0.58944872477498300167 0.051392824859435429219 0.80616932366225935169 0.022188438519054196757 0.99862769593663158751 -0.047438361104498075194
-0.09123606843904827346 -4.2913319546075667787 0.29333353441828252661 0.42325532046771330297 0.005583043999904344426 0.90599324683769122402 0.90599916788240375531 -0.0075983280858077824338 -0.42321126309036338764 0.004521226829889023538 0.9999555465269103216 -0.008274266007110290394
2.6818666532041239847 7.3140986648540629034 -6.8774085904515560586 -0.98016249148743006536 -0.0020786535483718259973 0.19818468528255916983 -0.12962116647838056727 -0.74972439585254468941 -0.64893118546143546688 0.14993279655200117406 -0.66174693763021574799 0.73458229427010146573
-3.8550743776719107458 6.9355670460776073227 -3.9246577458044180631 -0.98363927109234849944 -0.0056560453124013584242 -0.1800605273687589658 -0.1535959995030316827 -0.49596963630224544239 0.85464752313630454328 -0.09413847938845780472 0.86832144337085070962 0.48698646560314690079
2.8639462978600636056 0.42278172508001682361 -0.25595899596634996698 -0.99243584315507094029 -0.006407751398797512099 -0.12259705519823752007 -0.11570651267765941217 0.38254869292737586628 0.91666160629944637428 0.041025603532785615002 0.9239131118571851653 -0.38039645318173992417
2.4910296405169050082 -1.4985929908956363565 -6.9892589151939983338 0.99955813312805941173 0.0052332761212129071463 -0.029260063545266237761 0.023282639705071619951 -0.74979696976769394379 0.66125821190772704483 -0.018478560171094931402 -0.66164727532733591531 -0.74958750380847360972
5.1446624113972765358 -6.4343187751554964393 0.51895097562896208565 0.8962033296966931406 0.0073202225076336117221 0.44358314461098380388 0.31855411291187030187 -0.70652445114028850082 -0.63193866560593436876 0.30877640613793072566 0.70765077141440035913 -0.6355214526113377449
0.20016459280381065922 -2.0755526559480026449 -2.3275460460766916881 -0.93708808208170513154 -0.01044949574453087407 0.34893657655680337948 0.34134192750563197016 0.18203536568405759288 0.92214359736805318057 -0.073154732910579736704 0.98323645868074360799 -0.16701632068105201623
-1.4512240418331954217 2.9837856534602713587 -0.41391380618323198037 0.59871028631286704602 -0.001403318592382369473 -0.80096443351758850326 0.79564937189704165732 0.11606638123735732449 0.59453399578690468985 0.092130722688123251052 -0.99324046728037096443 0.070606685898519302991
0.93011202148727067929 -4.6118260289375383465 2.4768482273753025247 0.80140647337214476753 0.010203155936611772725 0.59803307604693856092 -0.531011530057424741 -0.44802380353630416598 0.71923669706910708932 0.27527153754660427243 -0.89396340365461868238 -0.35363118293356338162
-3.7972111579167213691 -0.4537251729902329056 -2.2256443343709193528 0.98286464225303182829 0.007619169052348237145 0.18417123356238976339 0.18326133475342878953 0.066980121306384254876 -0.98077976454154780495 -0.019808538394240945979 0.99772521849094353286 0.064436093875607919346
6.7884817489299731363 -2.7910726119151263447 1.4575635629814882588 -0.97787281068337061907 -0.00082711021018042757413 0.2091986663792800849 -0.087977495813131495472 0.90889191477534914121 -0.40764622834811914398 -0.18980180809628632854 -0.41703093787473716203 -0.88885345839383567146
-1.3705591437891717632 4.7823671629302788588 0.61973943011350096643 -0.90241184031200116777 0.014742667358643053721 0.43062225235564166592 -0.28705266303779891635 0.72475777314873524038 -0.62636007128750215145 -0.32133104286328156851 -0.68884600893056557869 -0.64979807392203414729
-3.9064748109151259392 -2.8243897188115942853 2.0985933210007519101 0.62963421371559413764 0.00030737335327173922681 0.77689166711990342851 -0.092441358749906665793 -0.99286588586256152578 0.075312202748792314577 0.7713723822585295542 -0.11923606087099941631 -0.62511391735969112915
5.7385436980557722464 1.2451370423168175439 2.394558047707894044 0.98856045913273937753 -0.0041014734015322653476 -0.15076934885850099 0.073417939178680988177 0.88628993405688349938 0.45727448977196089031 0.1317498571006077146 -0.46311265444318128193 0.87645230586066424916
-6.9687530751333479628 -2.4311280637202119514 -5.6058172798508874024 -0.51440467714086401951 0.004143838251373842263 0.8575375541280629843 0.83867374472536848629 -0.20621395900135131019 0.50408546202141957249 0.17892506264859162068 0.97849815110583560074 0.10260209665817671132
-3.6580881910220304221 -4.9226608554916557736 -7.4324639812767987479 -0.92401194457939828109 0.0081152699337043218003 0.3822774760154232232 0.35310120357945906644 0.40169527880011318688 0.84496179974040042104 -0.14670196421843995083 0.91573743255570105859 -0.374036747273344794
-2.7734287144215903353 -2.5365382859205412025 -4.1183977416459569554 -0.79740513510073329773 -0.007985732696519044424 0.60339148037432932536 0.43570792293738558332 0.68417664771540420698 0.5848597443922934902 -0.41749689388618355101 0.72927261212411076396 -0.54208652519788225188
-2.0516160257119695487 -2.483222456387990551 5.2959533292036393703 -0.8776705112560606592 -0.004758587894935164056 0.47924088881545529039 -0.19048544974216768955 0.92104054633299492494 -0.33970517430168711837 -0.43978377312952482425 -0.38943763024645838833 -0.80927656894293287237
-4.040397852309658866 -1.1087887711254009737 -0.45825986627310899557 -0.99998506471725334688 -0.0048422402987964227594 -0.0025343739573245411753 -0.0035824380278530239957 0.9309389074322722557 -0.36515738629621347089 0.0041275271342133615371 -0.36514285332975310316 -0.93094235062216612597
-2.6515321450783506663 -3.3987628231250992528 1.7199265278698399051 -0.82668404096426018057 -0.0082040211044421013781 -0.56260660363401471251 -0.38287797778373611202 0.74089954191580464915 0.5517901076651401393 0.41230807722276024974 0.67156575465597412311 -0.61563096626974977976
-6.9826938878266586741 -7.3702299522629433071 3.2605405647722189855 0.84330473414150797229 -0.00080657138921233517172 -0.53743508893359748235 -0.46286765354601039357 0.50708725242139562894 -0.72705986942781519744 0.27311290829113027412 0.86189434844085166532 0.42725574478348388174
-5.0617853991542149927 -3.021697519855091052 -4.0624557696131029516 -0.96771036397369647464 0.0012814948710851326204 0.25206151873863014146 -0.24646548386564573474 -0.2144121280835727672 -0.94513607728919890594 0.052833859605202142251 -0.97674244153793554624 0.20780468276159427821
-1.2480533990832058944 2.1744672128148216927 -7.2457242319463937008 0.87975447951019225545 -0.00047506845552559113718 -0.47542804933209059648 0.098533348006946228081 -0.97810496016601644609 0.18330811828502074912 -0.46510561715844678243 -0.20811165562890923675 -0.86044541005183694526
6.5567051782745728872 -1.0592122514959791957 -3.5555604622515781799 0.97014648018745919256 -0.0058612367045140388241 -0.24244886653488856298 -0.19445806307983309891 0.57858601007503895897 -0.79210118712733912361 0.14492021488734779799 0.81560031562626089663 0.56017341642322071582
0.20707789382862959449 -2.0633635913100252246 7.1836467942409223397 0.81587576463187150289 -0.0055824608619402769916 0.57820028780430121618 -0.31739638986815082999 -0.84016428707348678184 0.43975391121042517462 0.48332832359058230942 -0.54230324252853934208 -0.6872415330566851166
7.0187876471429682113 3.480691342186776005 3.693019504678991094 -0.9371108817754282283 0.0054262786999923241782 0.3489896141111422101 -0.21767390119559804074 0.77252279122500822073 -0.59651203657275753134 -0.27283927136002600333 -0.63496385136270827587 -0.72275835482292150047
-0.43497560989368477813 -2.4645692692340332997 4.0380010967511488218 0.86662244562880452747 -0.0018397104981373729737 0.49896107282807194983 -0.15596141404429375577 -0.95088696279069473416 0.26737617942544045224 0.47396368432800761727 -0.30953287298784559756 -0.82434690906087060291
-5.4143177949076726208 4.2073037227771701296 -3.1090400101503417041 -0.98642070442148455101 -0.0017097456955034553202 0.16422932338144710651 -0.14222195122816236323 -0.49121268024132447305 -0.8593503472734277393 0.082140796669599100421 -0.87103798972245638499 0.48429919469539245425
-1.1134867823857284019 4.8041879261711804006 -6.4421891231381369636 -0.99208747774740368985 0.004442978317209832391 0.12546990252838138846 -0.12498950500777600281 -0.12915708470720763112 -0.98371544214161155129 0.011834700449405115633 -0.99161419282580010037 0.1286904520610434588
-5.7265921646566981806 -1.6166500539351673638 -4.6273701528263506688 0.98976877308912092346 -0.0074714648660479058423 -0.14248492211638441596 -0.052235833987663696232 -0.94827239668988638766 -0.31313077032428221491 -0.13277497303850355204 0.31736987709773423205 -0.9389606848243193804
-6.5695944633939662438 -2.058706715585518765 5.3190808830288247577 0.99390659142035453488 -0.0068005986915048765099 -0.11001563247420922953 -0.074402325002322231007 -0.77780365292365927221 -0.62408795176061337973 -0.081326389109033850322 0.62847054772357724417 -0.77357015782569005236
-3.9003421462987604151 4.2900306545380182399 -2.0785045608466821143 0.99343525600614823734 -0.0087429425207019122179 -0.11406118130274492395 -0.014676466244956647839 0.97909442733995633024 -0.20287607964092610469 0.11345040089245686521 0.20321826519283048285 0.9725386075777814332
-0.19342876945246159637 -5.893864272602352905 -2.5662773564263763326 0.75957504118380692049 -0.0052646602157254487886 0.65039837035728420567 -0.31084828083683796462 0.87543649350871621806 0.37011389076062756187 -0.57133099260526409857 -0.48330448910171952548 0.6633232000333930678
-6.9512342703190652671 -6.3948565149320231171 -6.2106579409303819261 0.81717525200401441854 -0.0055266406352919780764 0.57636278831598386496 0.22261412619102716182 0.92538972321681123301 -0.30675203501359638025 -0.53166489289051954703 0.37897667000497753387 0.75743588854738674865
-3.8103034168515059754 -0.98087325540953740344 -5.3131496664824053866 0.99461617750457531617 0.0092452190002160761217 0.10321426922540631599 0.066483877048776091057 0.70707934470130284765 -0.70400191362625896829 -0.079489329715772633067 0.70707377707168428405 0.70265789701594272287
2.3431781856716265011 -6.6273663447032857832 -7.1912290919624846097 0.96332047164756762214 0.011320101490548559187 -0.26811475939776030497 -0.25164399658451380715 -0.30894232143301958438 -0.91718588138423973177 -0.093214633441725702756 0.95101340544175239078 -0.29476182721392696351
2.8305678906224884805 -2.8739896002499105698 -4.1267188239491039425 0.37240415826257122767 -0.0058772796720141760873 0.9280520462195238629 0.79969953096246859658 -0.50541043696233600713 -0.32410021658106047404 0.47095201781824896914 0.8628590544191669931 -0.18351689055705350251
0.18711652686147489666 -4.9342315058032184538 5.7270630157421056339 0.93314442258831808985 0.0094859001258027556003 -0.35937654944516334021 -0.32967024074711154258 0.42128154881446461255 -0.84489016386405224601 0.14338416564612199711 0.90688029768390387986 0.39624374659372962881
-2.0987960328557200285 -7.3050803401108614921 -4.365039368077016313 -0.99897678907493592249 0.016075310197081620761 0.042272441278390665564 -0.038193500071100644488 0.20070379265799470625 -0.97890716830816792982 -0.024220475674212389033 -0.97952007228789372828 -0.19988445798354562144
5.1258652500847192712 0.45844376095579508767 -4.6471513254361624945 -0.9665826423433819814 0.0023696049556221699187 0.25634426167320906176 -0.070794203880615705349 0.95860423474280864742 -0.2758008372534981878 -0.24638623382266297557 -0.28473198995756321406 -0.92640245988304681379
4.007725824063692599 -2.2649508320656264182 -6.8720028785282663009 -0.95592581054664216289 0.0013138084506846448452 0.29360537910283351914 -0.22693833484053879679 -0.63779256119188643126 -0.73601606033310496002 0.18629234259776841776 -0.77020706488299084391 0.60998052452002904378
-2.3885119050665739593 -6.2235384453830482343 -5.6452141485788667197 0.99626857722609041268 0.0013159423372929536164 -0.086297104978957567267 -0.086306870175538411005 0.012700323542172790511 -0.99618764594946052071 -0.00021492434515963353137 0.99991848171628916475 0.012766508130057223
6.2498688083956368544 -0.61605530161275334766 -6.6534287674094487741 0.98996989627838039016 -0.0047798586230440327088 -0.14119758289080563962 -0.10168417379097184627 0.66973650025056319368 -0.73560407083745038559 0.098081258470316567966 0.74258344526634045835 0.66253293771190391315
-1.6486253849484626688 1.3912321447874445024 0.013815338243770349316 0.81418157759414788721 -0.010450285547991008603 -0.58051627904669145241 0.52900895454924712347 0.42541386300682954014 0.7342837129940346097 0.23928619833356903901 -0.90493858172451735467 0.35189242474581550191
0.74130172645242753404 -0.51044001323004761783 3.0230604653774832968 -0.96522898208110374796 -0.00055897715019684671156 0.2614052403742836983 0.21169018892551258459 -0.58835638350753938219 0.78039991664442798225 0.15336321613510398021 0.80860154187987709484 0.56801696313241289982
1.3034518795704594929 -0.85244160505802435424 -2.873971359590164365 0.88875143783650567553 3.1043342132669980715e-05 -0.45838944226480815569 -0.32432285715504627355 0.70672900623610712678 -0.62876768052378784191 0.32393759595074889113 0.70748435373562723605 0.62811648851850121478
-0.28249044888100433015 -6.9144586654671229553 -6.6200288854538236194 -0.94329966674444731822 0.0046691981339171137813 0.33190953181370852487 0.33009621986842174746 0.11850497778552386563 0.93647907390859774779 -0.034960325350055936056 0.99294248012102925838 -0.11332699070644040862
3.3102527462895237065 2.3052113404931469098 3.5560826855323242057 0.66314686328339156329 0.00019740925872072535158 0.7484892776432713335 -0.51709720052346186403 0.72311462708440266134 0.45794729097065223211 -0.54115314184448559676 -0.69072801964751873172 0.47963327652041432003
4.1369285293339963516 2.3429373230731833644 -1.8049966654537656918 -0.99865380265746817035 0.0049044293327232188484 0.051638445083223794008 -0.046641393223006519242 0.35070719772884312304 -0.93532296128092518028 -0.022697199737102120159 -0.93647232101867461385 -0.350006327214199775
0.053370305804887940848 -0.57439757821305859053 -1.0022743294444742546 0.87566924646767851925 0.0071785711024393164884 -0.48285799041494992245 0.2431048779214520783 0.85739625809789754562 0.4536206288635261652 0.41725698211230716206 -0.51460676707241004291 0.74905038960140046811
-5.282915562691386846 -4.083186865657292941 -3.4293649588109365034 -0.99990025179233932295 -0.00097372101297217789409 0.014090363130823548021 0.0068655503970006907799 0.8383199236332671278 0.54513536837863751927 -0.012343041906903731708 0.54517773020082027635 -0.83822961759265901538
-4.4798998065411836933 -6.8352843768509607969 -5.3340873124710821429 0.74774818559830003029 0.0015797815922176086569 0.663980538287466171 -0.49429034569136875987 -0.66637100164574358807 0.55823538254214422061 0.4433392663534046485 -0.74561866423515787972 -0.49749683662662225192
-4.3701263795605429507 -3.795022084346718394 5.9961211199504074187 -0.99850289508378575754 -0.0095813283124434097532 0.053853195420947908012 0.012022681704259876451 -0.99890588359724519218 0.045193924805287860602 0.053361255925168826764 0.045773724585521015362 0.9975256099487740391
1.4605144969978878233 -3.0135836518134735407 -2.3645670902330597762 0.99798383251768052471 0.0088279602608829135096 0.062851707622413807708 0.028048363619793351825 -0.94967648605338395029 -0.31197413536284529512 0.056934693567861564822 0.31310803080536664389 -0.94800938904297971099
-1.375587919675581583 -2.8141065595696344026 -5.5483594394615236567 0.99970187257884490784 -0.0020493758043415126469 0.024330351851741385816 -0.0043531283105356245039 0.96554669029429918137 0.26019346482136779253 -0.024025324895349128851 -0.26022180715816822794 0.96524991315358266153
-5.9358164647278330861 2.574026201321034879 -4.1195841407965625436 0.85128386075521655929 0.0049695351301808458888 -0.52468189614110560814 -0.14204488858902414306 -0.96043410716103183589 -0.23956121436411076386 -0.50511289633445488612 0.27846297693314187027 -0.81689615768115708683
-0.38843538641089703223 -2.8755772607095106963 2.1622959380261121964 0.98228705772406943453 -0.0013070710497961289531 0.18737776760575189372 -0.061389958542371864114 -0.94703183344260755128 0.31521735268954131914 0.17704069932596305792 -0.32113703930205933501 -0.93033735428096175912
-6.5144124683290147715 4.7788841541179287731 -1.50654724623764813 -0.9837884661088277527 -0.0057497449093742505899 0.17924060473166580909 -0.018074469836561482539 -0.99121745629504509623 -0.13100102242367953065 0.17841963874876243246 -0.13211697381260967266 0.97504437731788018429
1.4229992660051180575 2.7330638475673518784 1.3523272612280481386 -0.99723058544805753822 0.0098590956987315101628 -0.073715382919564864661 0.073138351068332441152 0.30977137278735850101 -0.94799392308409524688 0.013488552553008077706 -0.95075995647349864637 -0.30963456544221162892
-1.7102096700262072737 -6.2521481283421831421 -4.5582330442061245179 -0.99930893234746298592 -0.0067972639569500266019 0.036543876824551686788 -0.025182967710685393026 -0.59931831743141927848 -0.80011459962221986864 0.027340004900362979701 -0.80048194957407625694 0.59873297264984282062
2.5148582699105808125 6.1094660887877445532 -1.1183813343587309941 0.43017076077961413638 -0.0026054446805926544453 -0.90274377772894576211 0.56973956746587506306 -0.77490064585944085085 0.27372580132365431638 -0.70024991384079526835 -0.63207768565623623225 -0.33185517543260489859
2.2206823284937171614 -2.142648387428846668 5.0282188169782271459 -0.99424910360492069206 -0.0056216030009873926496 -0.1069444601677382034 -0.097922403566277432807 -0.35658652842893667767 0.9291163816352164817 -0.043358077225239627372 0.93424538817315894157 0.35398535537024672371
0.59420544615550174861 -1.7231969889614284774 -1.2334074304107986997 0.79986714264656932905 0.00054181149978664404354 -0.60017685773004936234 0.080442344725693643026 0.99087995260105743434 0.10810156663185517545 0.59476178701175708152 -0.13474652490333927091 0.79252873180534288977
2.9998432217216315365 -3.5108943862978083672 4.5876473998807174581 -0.99006275676287491816 -0.010488832632832439246 0.14023452521079660116 -0.13950622040609933494 -0.05235023425573758632 -0.98883642097230906032 0.017713049966324570517 -0.99857370151798963143 0.050366759847380995763
4.0310407305330748784 1.2931078883222952847 6.6554942092144173671 0.99989502954405395929 -0.0083423995101886711662 -0.011846276353821662275 -0.014479962324838323642 -0.54655260379646464219 -0.83729957719708603125 0.00051047439626642800159 0.83738321911406987663 -0.54661602955107757573
5.6211329904353197762 -4.2418380703486171512 -1.6486550843187681714 -0.99739435521376484939 0.0003180952166675242096 -0.072141520659767560675 0.033665544354709753261 -0.88237846841959599598 -0.46933449648711117463 -0.063805417567583538885 -0.4705402610669097152 0.88006859471523268823
4.0320165552911735318 6.5550583814850167386 -1.9454228897486052219 0.73630203538766192395 -0.0042046432250947814516 -0.67663995866289505798 -0.66755223296344246009 -0.16796864829738883396 -0.72536925041990985008 -0.11060438033615196951 0.98578337080949562932 -0.12648247659640879381
2.5049115397021850526 5.7443279370698174802 6.2070161471074820625 0.90470855028940921905 0.0009570735129551741216 -0.42602995557063411125 -0.42534575567581606181 0.058724961356571167559 -0.90312367206393162622 0.024154236932168827306 0.99827374147770442381 0.053536061811349906769
-3.6869749859414100435 -4.6916223972364159422 5.5418098702656832799 0.99202140332708177439 -0.0042799118604215430003 0.12599689557839632847 0.11504233326257938541 0.43950488565497375371 -0.89084270050487313064 -0.05156352294447802409 0.89823000274982189861 0.43649062448319642105
-7.1449901865909710708 -3.1741496168145597601 -0.60016937310965623453 0.95476708565190193667 -0.0090652891555746475949 0.29721647445630444695 -0.032417492574681773532 0.99040426578650919698 0.13434469281346431146 -0.2955823376504222999 -0.13790290368415281108 0.94531152051833378103
-5.1485614043877570012 5.6665851276549084048 4.0739413149310266249 -0.88414190210388377 -0.0095138528974893950274 -0.4671215939636198522 -0.20751268431578911988 -0.8877730277888614685 0.41084977422249902013 -0.41860671613355604492 0.46018315672525811344 0.78294308827291803077
-1.4605124190784490867 -2.7130319927825508053 1.2272691332385299301 0.99801052845366988731 0.0082166016586425073137 -0.062509779656053240937 0.011059563489880288797 0.95328253278172470075 0.3018776221395624848 0.062069889244961776176 -0.30196837607676690896 0.95129513227942030795
-4.8830426233182402385 -5.5321257043580738255 5.7606662026037334101 0.99742138529832669036 -0.0031970923305085444804 -0.071696295232877280124 0.045397878056487546428 0.80184254645705177467 0.59580832770212444061 0.055584285706124308968 -0.59752682725694405974 0.79992004468617139423
2.7042034239839356502 1.6815226874812125857 -4.000834154012625099 -0.59554087900697649793 0.0048873672648024769211 0.80331013629413894339 0.75871395588957724065 -0.32517818126855185801 0.56445751263079047 0.26397764028426073946 0.94564013454808670822 0.18994878615512530984
5.0842822039747614937 -3.5380218624336228217 2.0138444038086928956 -0.99402532175551339133 -0.0028023575301488069106 -0.10911373195442364281 -0.10911916053372232305 0.049164855399388474044 0.99281207980054420048 0.0025823464457883247777 0.99878674590022986646 -0.049176902108675452086
5.6558370337327339428 -3.5251487025378582807 5.9573420971513568745 0.86132434958110037915 -0.0057514612358280665233 -0.50802291829449985894 0.19625315472703855346 0.92608775143815746933 0.32225172752965797196 0.46862038376330367173 -0.37726436000481072819 0.79879067257430691473
-5.2845280134175558473 -4.0303379541269164221 -5.5446338935527155201 -0.57672053951344592893 0.0074694595482315689905 -0.8169073548924009609 -0.77263276975856642892 0.31985776088008266438 0.54838819817707940008 0.26539032084533720202 0.94743612976218793964 -0.17869739120298794299
-0.24939670358726662158 5.0387515309549648634 -1.8496619193978944828 0.87589713507493993649 0.0084302195349985828421 -0.48242423256514771479 -0.43875460336899035907 -0.40207412493090666228 -0.80363598481135600782 -0.20074512893227991484 0.91556830955416668161 -0.34847677648642400028
-6.0648827887064111763 -3.9812712117668325185 7.1710228811182652464 0.9224993322606763746 0.016254072556047830661 -0.38565630696793984367 0.23236655540136932907 0.77441229379021858659 0.58846527778403479036 0.30822194261550256433 -0.63247245343329527856 0.71061792106479759745
-1.963433412454409499 -1.6174814997380335679 3.6201538423088654994 -0.99990292559729632149 -0.0079358700829750290079 0.011452569488923938779 0.013270850538995087112 -0.29197644911949455215 0.95633343436558981843 -0.0042454573184389065438 0.95639258420677730754 0.29205342142588419652
-2.878948096979237814 5.2703907219976944276 4.0203183558986745894 -0.95377891233042277896 0.0098273724001505576714 -0.3003484795125541118 0.21440532904015291438 0.72256139280542197589 -0.65721791553957431553 0.21056149047945538211 -0.69123690322404607311 -0.69127086033494811179
-1.4078030903334974866 -3.2565505702085095763 -6.9051965820470391222 0.79973509273673470954 -0.0070476931853362453223 -0.60031167860207734766 0.46937677958707013648 -0.61610285169365264224 0.63253673009513322611 -0.374311661893948322 -0.78763418295284259862 -0.48941104770375454258
-3.2294370227358948355 0.099082356452585326756 -3.2165022794131772343 -0.99589268289251453581 -0.010862904761174440801 -0.089887493353137587482 -0.077555242603902660448 -0.40995466523416218552 0.9088027051001745793 -0.046722034478446833328 0.91204121055618680991 0.40742837621018229699
7.1749038778406948325 1.6951469096951659044 -3.6917010033345971642 0.79659815087108143405 -0.011434131541568467311 -0.60440106441390106795 -0.11567030519342139105 -0.98423018279245155782 -0.13383320879653129443 -0.59333950359415865705 0.17652254223245289477 -0.78535853312902481616
-3.7502726407094963967 6.4983216226690778683 -2.5124222838726026907 -0.80604820798704091001 0.0071905869969437451183 -0.59180620295804564623 -0.1174574879133788996 0.97809351319153403637 0.17186278825161521722 0.58007760251024553799 0.2080417624208149574 -0.78754593526645266799
6.6235082797046453962 5.9068965003903253219 7.4795869232595837417 -0.86333417352764096897 -0.0030233545119020509284 -0.50462358659364869862 -0.3363421852440736104 -0.74203617219117945503 0.57987606743594855008 -0.37620212551819082192 0.67035302526900830689 0.63960830378309674327
3.6986180068793150788 -4.1805287551213421438 -5.8902009032109852171 -0.99964736167112000498 -0.0040615272661215333361 -0.026242261721533280405 0.011539043553072555331 -0.95649514255102641158 -0.29151996972789961937 -0.023916579560545842692 -0.29171997921378950425 0.95620471184240563023
2.1940642611154563824 -0.19551688979539613711 5.8199922391532981081 0.99998496397959002469 0.0042413562397558514025 0.0034760195579119040725 -0.0034424895639367817865 -0.0078873436783800966732 0.99996296885207969218 0.004268615738307264193 -0.99995989954949959788 -0.0078726242595884479009
-7.2264402608839111153 3.1912325567587584985 -1.6813631378979716491 -0.89602448114275445867 0.0091234468313672687639 -0.44391090537485128342 0.23216522741324857604 0.86184792216738026482 -0.4509073809950802092 0.37846986190836462427 -0.5070847283970829622 -0.77435498439242256286
1.8394203813533358538 6.1448307875094947406 7.4316733662989005182 -0.85694957636266222423 0.0011955106845594441756 0.51539886915492894026 0.36767430030999859181 -0.6993613215780529746 0.61295134453904842609 0.36118282415347086056 0.71476731363077616876 0.59887782969624303586
-3.7227593659052300445 5.0490269493371657816 -5.7478213650049587713 0.99997585338178007763 0.0069216228751779844408 -0.00061950801122042861713 0.0023203354350637226539 -0.24852700475984543238 0.96862218844526892791 0.006550473026508910751 -0.96860023696157460105 -0.24853706415994789025
1.5806771194482942544 4.3302685260799425038 -6.5266164992285427005 0.74738686008919119619 -0.0067139514672689736344 -0.66435517926912046605 -0.52269444302956835635 -0.62320841713969699072 -0.58172311973314316802 -0.41012607889766322655 0.78202697630061279721 -0.46928712718999504583
4.129067265937997 -5.3846025017275556124 -4.6196107162305821703 -0.89065213166843593129 -0.0077281545431366841653 0.45461968279205261512 0.2764771632883510355 -0.80297934908329338111 0.52800051432339456525 0.36096974739523224329 0.59595674387746166989 0.71731192719226499754
4.2025784248537902954 -7.4630276788333436144 -1.0489128501308571106 0.98288071395619902582 0.0073868958600384858337 0.18409491003974917667 0.17124339917456474214 0.33204286052810272345 -0.92759001558420384193 -0.067979411384228180526 0.94323537494185583085 0.32509356666353156351
-4.0278518980828517115 0.66242707837493652878 -1.7475212855261001987 0.99445857618779176512 -0.0064766380189990625793 0.10492946872198283259 0.09202366625858109106 -0.42896333307159223436 -0.89862233653986378634 0.050830946229935662639 0.90329868373647348445 -0.42599026146764529255
-7.0060618150402058646 -2.3496712896129574588 0.37046260538101521975 0.98722199288843748288 -0.0012578453918692944491 0.15934602154528945683 -0.13121858227459853863 0.56094500170268002393 0.8173875388887629212 -0.090412501476152332125 -0.82785211414228199178 0.55361218979268755902
-3.9717821849892791519 -5.8242391876779882054 -6.7512119176864278103 0.94094200015219153777 0.0029748198546863686281 0.33855472644221656919 0.31277003747664638977 0.37521510258287937845 -0.87257580212305208001 -0.12962660223278446581 0.92693299501124315487 0.35212521459420287329
-2.8455346809114092643 5.2844042663408634652 -1.847335064251287351 -0.99359441708675377836 -0.0064016837007850203173 -0.11282354709877383259 -0.027937606798949649739 0.98131765182940411396 0.1903553422796691319 0.10949714361799128826 0.19228802524823154774 -0.97521058796841642025
-3.416440699120984803 -4.8727140984110990374 -2.736046519599007798 0.76949795449802216307 0.0059182479835236407456 -0.63862185396700565931 0.62821597390232652991 -0.18702364503816307217 0.75522635436705654044 -0.11496777008105850404 -0.98233758481362887238 -0.14763225022035647571
-2.8760551917380352549 -5.5504787033370588389 6.6253583214032119031 0.97717390587321406592 0.0039071705500538320838 0.21240501806412590002 -0.18294770747419231149 -0.49275468134184996494 0.85071908427268805308 0.10798747154400734072 -0.87015950149035004024 -0.48079220870924599396
4.6251378765601121046 -0.35261105073642823315 2.7606362729102476017 0.98262708545345445188 -0.0078347211425573489579 -0.18542553243283821374 0.12381020079091022146 0.77196514078122457914 0.62349086248224949713 0.13825717020645719724 -0.63561658141002108646 0.75952387475525129368
3.5816159575898751655 -0.73823524715572796939 -7.3659024486937410003 -0.99695794528715386829 0.00035281895161595310667 -0.077940559707751502772 0.026667742564272702704 0.94117933319782820512 -0.33685352049197964108 0.073237195708856214771 -0.33790729243400891013 -0.93832562305655753399
5.8683314291650354733 7.4683572931990340749 2.5344975251402961369 -0.99972501966002091933 0.0076041848239944307905 0.022182457909247679795 0.0065915094872651194824 -0.8166947295550525121 0.57703229608021600061 0.022504156691872598262 0.5770198394250457552 0.81642003150428499314
-1.2074936358713126427 6.19480246161147452 0.17585799874537885734 0.98916069377281434782 -0.0040570411280533586612 -0.14678100119641065979 -0.039436187744355574725 -0.97023218967437974136 -0.23894410479412281356 -0.14144224613291686565 0.24214259959158682123 -0.95987554009461439897
-4.7137414230238317003 -6.4772767599473750622 -2.911976480437453052 0.96972598867428250191 0.013118420727742968745 0.24384301082336803934 0.24386840671415491166 -0.1037017129576032759 -0.96424797377877813354 0.012637527309223760275 0.99452192623765889312 -0.10376141448647342724
