1125 14.717824617146108679 14.977075390850430381 15.033177056927090831
-5.3720277946689218851 4.1229116229082469758 7.408108212258415648 0.98006474887359873449 0.007510165697473068086 0.19853635794606488973 0.14944426920350820098 0.63060654385253966936 -0.76157849053963366792 -0.13091790716899934233 0.77606635300187498672 0.61691289281454486648
4.6649273554779435713 -4.5340118606424368863 -3.345211352492803325 -0.91306915711088143528 -0.0059031731605063532745 0.40776202236038650017 -0.32445433353927038977 0.61625881434710949591 -0.71760327423098502209 -0.24705080404728002597 -0.78752157194976968313 -0.56460222629175149667
1.2119432402725653919 3.3450214286633608296 -3.701366013977444247 0.99079146677960894252 0.0040502133346515551554 -0.13533611908347800701 -0.039850182245532043968 -0.94655556510403138226 -0.32006956297907851461 -0.12939950669002536765 0.32251536078544568165 -0.93767777499838778077
1.18755240343876034 5.1819087564204364682 -7.1186398566224200479 -0.75533517977800990195 0.0031603479330493092388 0.65533104488543758581 0.34692592801074517705 0.85030067137530240817 0.39576655838068314219 -0.55597766741441256855 0.5262877354258501672 -0.64335841711813923638
2.1852791747536524092 -1.1051014696415781824 6.9852561038907579061 0.83933779298715716077 0.0028882381141677421037 -0.54360254538046060002 0.42955698012445975298 -0.61637328140883718142 0.65997331672698955618 -0.33315592459062515207 -0.78744881487364382089 -0.5185860525160764789
-3.3068025851293287865 -4.0704827057048280636 0.60082417517634989501 -0.99715162357021813744 -0.0046989213331667823575 0.075276555111933457498 0.01558818114345541031 0.96366922784950714842 0.26664325962705170969 -0.07379463544093614602 0.26705718382814785938 -0.96085108749788805671
0.79806131525086010381 0.59154946955763088035 -1.8317834450694749915 0.99110772335009933443 0.00016157198048301520121 -0.13306184505797663542 0.063224261951707702578 0.87933282653783795269 0.47199202628173814178 0.11708190900565332293 -0.47620767955532228299 0.87150334050780153827
-4.5152111232502853966 -6.3713328073063282275 5.8705825820163424211 -0.88762196240419155568 -0.0096955196420344582492 0.46047068175588284911 -0.45931093156324243054 -0.055321147489974006883 -0.88655120483082516802 0.034069341120351863406 -0.9984215379983930605 0.044651007338700865468
6.6398304243398031943 2.0318247292678384142 3.1706917523831079642 0.84843693902980288346 -0.011229057049924480102 -0.52917735095866869077 0.47198671332703234782 -0.43642575949547179892 0.76600332825102313006 -0.23954812237326605917 -0.89967019775389012182 -0.36497976976928714343
1.8153419997995663415 -6.6078200886580216178 -2.6043339561522684811 -0.81925713286691947967 0.0087429476072215760174 0.57335966994004616826 0.038045104457175710211 -0.99685188143874037259 0.069562177215870241165 0.57216284419161822505 0.078802838396280341926 0.81634538792556066156
0.86670006188305759309 -3.7780319438872185245 -1.7087192536280486621 -0.73354475088301596131 -0.001543987386307117942 0.67963940038443637626 0.47876200473545937886 0.70859425200756276375 0.51834460433540896496 -0.48238889008110563683 0.7056144854840102898 -0.51904639156963128244
4.1226179028115614855 -4.2380981964927064709 1.8818634696975353737 0.88188440667360046277 -0.0073438849651250807243 -0.47140848594350948098 -0.41521178608770675789 -0.48574654239538145317 -0.76918753840958331569 -0.22333621730423067198 0.87406885535660261421 -0.43142156892729005557
-2.0118590238596061326 6.3664290046361999842 1.8621638394381310189 -0.64376486752620765142 0.0015420910583705481865 0.76522180921234961293 0.54182617035591496002 0.70706665731153417465 0.45440196218314532484 -0.54036209753877084694 0.70714522134676283116 -0.45602021826882194189
5.4936221825734747881 -5.777894835677073182 -6.4417687683637181451 0.88078350257766513387 -0.0052095260141224713352 -0.47349053044996369799 0.08648422222160190298 -0.98135026793127078104 0.17167449122706124331 -0.46555440164804395842 -0.19215751994138161041 -0.86390658443857148985
5.0731079472939661912 -3.0052337201655445753 -7.0482840982903276483 0.91667089805701884586 0.019678101937968529161 -0.39915816033185280709 -0.31780292482801386633 -0.5696961630585168912 -0.75792320373975941017 -0.24231336245893653203 0.8216197746527549306 -0.51597013505945954481
2.6041096315262715066 1.6263726897208954369 -6.1596968873006856526 0.95981701988617751375 -0.007367575642979762654 -0.28052986858093220679 0.26893617945051168094 0.30967497028816748372 0.91201685519485342635 0.080153725549334350897 -0.95081393111693013331 0.29921271476052851979
4.5787124151322249332 -2.6766286221231117004 6.2642987463515220625 -0.97513744147045600119 -0.0041754673575967980736 0.22156158447439280867 0.16917530498608590595 -0.65981085192663257999 0.73214025696087292605 0.14313171006212302427 0.75142012559703097452 0.64411265196591005466
-7.136792988478559252 -3.1093836231742106868 1.5984337746340655517 0.99335843828550784984 0.0097446823539306618583 -0.11464752179137938093 -0.11337135619631368011 -0.087233557167901806806 -0.98971573802691781285 -0.019645576634078197598 0.99614022490304476865 -0.085549422260153690223
3.0978400578578502156 -5.7153319424721482633 4.1784266851611393534 -0.7118570251092437573 0.0086211059340680837315 -0.7022714947475588998 -0.6087873528495094666 0.49101295264227245996 0.62312457771142404361 0.35019642318709781614 0.87110961243120432762 -0.34428259949782019644
4.9174318436428814394 3.2742719499449166598 5.5235560459598254113 0.88949969211678259207 0.0042244129294840993688 0.45691624184236434569 -0.15204968510365671208 -0.94023500112401203754 0.30469498834244684859 0.43089580061064414185 -0.3405000690110387418 -0.83569642336188687537
3.0402520173676226278 3.5272762349489741318 3.6659131875230679398 0.88324218824388778248 -0.0029031406320980052485 -0.46890810259649390312 0.41438190949355668824 -0.46321294042905941657 0.78340373046303934945 -0.2194786321960172093 -0.88624226010355311445 -0.40792620216883307416
3.6752615974944990995 -4.5515532402351599472 4.8121565403137971373 -0.55879446609561678194 -0.006505946486025059039 0.82928066257500965275 -0.77271664905894021924 0.36714106921205535983 -0.51779959015534626765 -0.30109421271069503057 -0.93014252023976928818 -0.21018365091980523163
6.7025489532975104368 -3.3257174394858148858 5.3668614257725977268 -0.61236701372240931462 -0.0013459603386620400296 0.79057246909786871303 0.3435065709843839743 -0.90112209831426981488 0.26454148941174188137 0.71204625987031189283 0.43356331985122836814 0.55227979456457687579
7.3121183116752437314 4.6971644656262627748 -3.7346040057513598676 -0.96014397806680729097 -0.0046465620033412698836 0.27946726256168047398 -0.24246026422748098716 -0.48359156373856809763 -0.84104234123592402916 0.13905596590192181861 -0.87528144556048737002 0.46319092111640203235
5.6390123396551006252 -1.4732930836546187514 1.1418728165037068667 0.98435954513827161882 0.0049212318372541460909 -0.17610243431680958071 0.13390495082813713701 -0.67047128662970267854 0.72975181942129829782 -0.11448034782799428044 -0.74191915683732168052 -0.66064378804240642129
-4.1969590990875778047 7.2025443582599617542 6.2393154221139210946 0.9431233637029462491 -0.0060457188483231298973 0.33238798131274294168 0.31967182746112915437 0.2909579897412840066 -0.90175017101928278684 -0.091259210851512811979 0.95671672792383266604 0.27634192397360551885
-1.2408385592416764087 2.532855490782276231 0.77299481652438117862 0.85524958907711945422 -0.00035154116624176116185 -0.51821618732190388723 0.26805628192674868515 0.85612388255414872962 0.44181186883116352337 0.44350193923278014019 -0.5167705236749597919 0.73229383157141236804
-6.687736569132919584 -0.62476610085876227441 -4.4991573869124774632 -0.97652706583337689494 -0.0028444498485869088369 -0.21537594758884612278 -0.02153586367475489316 0.99619171980108933706 0.084488247558041670859 0.2143154130493979681 0.087143367531396453973 -0.97286943482918386561
6.3176167281860093894 5.5568174405927717174 3.5698394860153843666 0.97046773497187166502 0.0022257749422829402851 -0.24122069004253854363 0.2148018922118630214 -0.46305291280864202541 0.85990822012674106301 -0.10978398098488710566 -0.88632784333187331072 -0.44985601213480913563
5.5390423665047645585 -4.3173165529923878125 3.4972773820279563495 -0.70225839380693988456 -0.0072185626295650593548 0.71188555307799239458 0.13517871763813499308 0.98040507805141552389 0.14329199987641758063 -0.69897057350462743486 0.19685978584882049547 -0.68752189935317475911
7.0944495060328165437 3.759774727864924504 3.6888503390206026644 -0.9999948774385990502 -0.0026052127622867488933 -0.001859559882489716931 0.0004586894919293457544 -0.69161048331614249918 0.72227053724425138714 -0.003167759530591527338 0.72226598440852196603 0.69160813548265187567
0.60506500301082655202 -2.4555518602734309752 -2.4319959976719145445 -0.79681808048741242789 0.012020264810044641729 -0.60409971018240382623 0.038249510568612726802 0.99880026596318693954 -0.030577829438203602691 0.60300739759120935979 -0.047471485607580014843 -0.79632187996093506399
-0.75899878677085041989 -6.6070472123726045055 1.259165228368942957 0.97794241488881927804 -0.0044903827193702155335 -0.20882641026601744816 -0.1731673525223016985 -0.57647643753198651861 -0.79855368322414022053 -0.11679769339315548837 0.81710143399308843293 -0.56453834713386097377
0.029148368141121122621 4.8762867831499887572 7.3248891287021402619 -0.93587327478020831961 -0.001333529819653358605 0.35233426635865155996 0.31417881108462136774 -0.45578162207663397432 0.83279936818102795471 0.15947692064283372493 0.89009063284334744015 0.42697280605076542992
-2.1444830738455262775 -4.9863185901163031843 -4.4660780384095275508 0.41544304823949396166 -0.0012182594317926998678 -0.90961837575629023167 -0.81925256322905481987 0.43403453284255533173 -0.374752267428430208 0.39526233227078083621 0.90089541021369201612 0.17931856720312933096
1.29366260868592442 2.3600675218512643383 -2.803684749494049111 -0.99479996984071972221 -0.0071720166328462994776 0.10159518779019567625 -0.093194613988756974665 -0.33827001520453148231 -0.93642306717471268662 0.041082647531655268336 -0.94102176329282860578 0.33584260760187095718
-7.2905580466583037591 -4.6423045659655670647 2.6768827944900914773 0.81804850695280140194 0.00093306492507143389339 -0.57514847618866205003 0.57470354397363876409 0.038033989903724356452 0.81747737103604278808 0.02263795079844595215 -0.99927601042042590862 0.030577412934988779103
-0.57586636967600557391 6.1451533584532747057 -6.8343738311647870276 0.93489059166791765865 0.01016966053090125402 0.35479030372247921665 -0.20720702895144968436 0.82721118977225649438 0.522290048410554264 -0.28817499677093161292 -0.56179909711596509592 0.775459183784558026
2.8350619556172085289 5.3348848206854775356 -4.2427919028218950004 -0.95271517655472492958 -0.0049830492595628597327 0.30382389896513523064 0.22492570460816660449 -0.68384296281769363368 0.69409453939023957325 0.20430912796252517771 0.7296122061923436819 0.65262838492223251841
-7.2321670744530024422 -5.9630718216705460577 -5.9331435221502051292 -0.6022328372805376695 -0.0070682974008215229689 0.79828920127546565411 -0.75978715964841048169 -0.30184348110118797148 -0.57585934476230826728 0.24502873654824097738 -0.95333129188580956193 0.17640965443253961431
-7.0515924092752726438 -4.4429227979115948344 -5.7214080798027993069 -0.95301920102971837689 0.0078502825349210710731 0.30280814971353609 0.27294689309488529005 -0.41124588223589475522 0.86969926865193381005 0.13135598965644401659 0.9114906458148762658 0.38978251188737017552
-6.9546457395884813124 -4.0878039848378318055 3.7657416335217570591 0.99862166888576531232 -0.0064314354030506667298 0.052090297277376906848 0.0095702870499456242637 -0.95351322214303291247 -0.30119917796076500771 0.051605930255815314622 0.30128254485966621257 -0.95213741451823241668
0.6728219502368881777 6.5675625888915458717 -5.4163348723905828663 0.990326701506997642 0.0079019208705016878713 -0.13853008311878814429 -0.13066936002970966357 -0.28272552832197850314 -0.95025880368682469346 -0.046674860811516227788 0.95916830393924945586 -0.27895810095179335297
-4.2350604616269098557 -3.7798002205653342678 6.0536865651211462236 -0.98880111793215630378 0.0015774629211538324265 0.14923089756111487802 0.055804246094982822013 -0.92349909391802820213 0.37951984091794271903 0.1384132771591255473 0.3835973607094854132 0.91306890734637224938
1.9660280927818762908 -3.5778445877065148117 -4.3054881963150011259 -0.98127920754670483472 0.0055029694061442535613 -0.19251190655188257783 -0.15447897005747138199 0.57444131048971347475 0.80383669275094338236 0.11501028061230605948 0.8185272739075292181 -0.5628372208933987153
4.1762003083740850684 4.4208755570535691604 0.70165735186076405583 -0.94952772758215853166 0.012942353751487211191 0.31341600155727550314 0.29622446910732880276 0.36567857745746784603 0.88234360761036312315 -0.10318991450186638936 0.93065120935189460383 -0.35105579054762842128
4.0019624412917638168 5.6257887400236690212 2.3264579307504056338 -0.98722678819512155179 0.0039026722510337708526 0.15927346866097327749 0.067568066757662373356 -0.89508799610064271324 0.44074032671309615328 0.14428383493874405441 0.44587245753220988709 0.88339115152318326007
4.2470318387793710713 -0.50929933209256572635 -0.99223897789612081066 -0.9187983306938718453 -0.0033860854465524361373 0.39471275877468314786 0.19405584009509499466 -0.87465259001041906206 0.44421298688016885858 0.34373239364245272709 0.48473846681831778138 0.80428642929457461186
-5.2473520466656635719 4.6652688462258984359 5.2431978177073856884 -0.84060625330217619844 0.0019845368551902049618 0.54164304530076412547 0.1280727673725291782 -0.97090870871152057386 0.20232065046759900584 0.52628746248300117827 0.23944172769490706942 0.81589776680146008925
-6.7578639733556471469 2.9645588188291682741 3.2063978639121226699 -0.94945883980639678157 -0.0019610196356315218527 -0.31388543437933807967 0.30911635832619094311 0.16792043896916011847 -0.93608215621902712833 0.054543455415881771098 -0.9857986004140573133 -0.15882736191499824407
2.2501798368432002206 0.012908262828442129341 -7.4777824030116919474 -0.98014768638187366179 0.0054306550581505064895 0.19819440170101854104 -0.16095319744899086456 -0.60552023164437185354 -0.77938393446380538343 0.11577815472273735031 -0.79581138283829044866 0.59437333539958381312
7.1727830446902105521 3.9405044748852322556 4.7514862896585752239 -0.96062545116211028873 -0.0053826314407803260015 0.27779447413250429877 0.041092098959455647389 -0.99156978514481486364 0.12288531479046813089 0.27479116067093112274 0.12946191898315440039 0.95274835583713946008
6.6741012829700050446 -2.2970088472978393845 4.5344696313624082151 -0.53782497946771334885 0.0029700705477802066129 0.84305128559391395715 -0.49618435162332613642 0.80733767330554617736 -0.31938530095459605196 -0.68157566026435645323 -0.59008224845578016726 -0.43273266504000040822
2.5076978136747420933 -0.28435523086788105918 -1.7432240391928515155 -0.56458612926242268681 0.0070068817738349643831 0.82534441674495961916 0.80456314006850626619 -0.21846181157439767406 0.55222512667108403228 0.18417561263004586514 0.97582034232301406718 0.11770302978651822623
-1.9331902947055530362 -2.4828184865993137009 1.7508244710998119853 -0.98320120853815107242 0.0072909260089595168131 -0.18237934621805501623 -0.029809758366832764254 0.97937181500602021877 0.19985551350422892103 0.18007432308666501686 0.20193486665216378584 -0.96270221137951739188
1.3501737918472718203 -2.1650139868912074981 -0.58986663552486540141 -0.99552163314662156512 0.010573242510663643373 -0.093940856286148510801 -0.09448717061610066581 -0.080013811271420556825 0.99230537869889445801 0.0029753194680599316657 0.996737676898303393 0.080654515840289361939
-5.475051160490993496 2.4864408212564552692 -7.1268179554452295577 0.32342185568527703765 0.0040149578161691266281 0.94624636505442472068 0.86711567157061275601 -0.40159576747686509535 -0.29467143000492357352 0.37882544183521515979 0.91580823301518632373 -0.13336628119580049012
-4.4180016771473411552 3.9427563139475756415 4.2372094872865595505 -0.88619097929728829488 -0.0065858458065778113788 0.46327332628511352919 0.2777658114470862305 0.79273329639570022653 0.54260489748694928913 -0.37082570326688424345 0.60953305687273828806 -0.70068377344982624155
0.54022294834455542034 6.1080481659690972762 5.4842853386301255725 0.9344482570525334264 -0.003855021327344848852 -0.35607807248134520917 0.2422433013961123871 -0.7260373383793543578 0.64357436727061201331 -0.26100696891116931253 -0.68764447361242320156 -0.6775104723105088711
-3.6988615843353467305 0.62950384780309542876 0.83182119632175011148 0.92931011053526535459 0.0059604855228228594 -0.369252205232590891 0.0038190860438336196418 -0.99997138673563445987 -0.0065299534198433031515 -0.36928056141444287608 0.0046581457907144902322 -0.9293062835465525362
-3.0840928805628080589 4.4630440174917858087 -7.5152767997992331317 0.94721990252950427625 -0.0042317598593560948328 0.32055662286161717978 0.019612353298930781942 0.99880490049679315767 -0.044767469680728533277 -0.31998408061972222205 0.048691508007337305775 0.94617087526401355557
-3.6821447352340723747 0.37798791772957074375 4.0078204987476437893 -0.99184127598447913154 -0.0044691544588965313733 0.12740058834949516409 -0.061663027936225224546 -0.85786992569906783679 -0.51015376267040279945 0.11157308922457592759 -0.51384746495382993547 0.85059522013787869366
-2.2905678282016941338 -2.5812537800266102117 -1.0718714878216741848 0.84930709665621240134 -0.0014419233912893424099 -0.52789712674571054318 -0.26207071370872830895 0.86691561421163532142 -0.42400030525038445717 0.45825363783132572193 0.49845284500450809384 0.73589969745970984505
3.6727856927074946647 1.4246148292072162711 -5.4282804968874343032 0.91790521738686159381 0.01188441375143638179 -0.39662169961295662413 -0.24806565608613118101 -0.76295475657003608561 -0.59696186620062441364 -0.30969895409038550316 0.6463426336989011034 -0.69737203679121373412
-3.3081911025608738974 3.4901349578095253179 5.3442259700371570474 -0.89085334417858086375 -0.0030748403637631039655 -0.45428060108546225448 -0.18329374111663773728 0.91740380396986720424 0.3532331594415533127 0.41567261592913368196 0.39794573225288970564 -0.81783584572227696619
-7.0640227975332283705 0.056184405378292737177 7.2125955950444025078 0.99558740036374049343 -0.0085970522320992590753 -0.09344420222780870644 -0.024970982601570365644 0.93561853477327250328 -0.35212839620920705075 0.09045539378605939318 0.35290798812410245633 0.93127534792528743335
1.3526154665815641742 -1.3589630594276378428 4.7962596695001664671 0.94938856140161886898 -0.0069584548440594709562 -0.31402697238618432207 0.22498343639003795524 0.71271628443271373143 0.66439291932897592829 0.21918898884284565565 -0.70141790525372560428 0.67821022504783867735
-0.10685810063143644233 2.3830823488799928178 3.0929265341993406047 -0.93904259251073574077 -0.00024608768253470917481 0.34380074009763889054 -0.12909555660200361382 0.9270764964042724765 -0.35194247694827551776 -0.31864297688235493355 -0.37487212387121737756 -0.87059608546548516994
0.25766173090229976816 4.0107899842157506143 0.61786591722113926028 0.7335454060101759266 0.0054520398083063130457 -0.67961857875081321811 0.64104854384246134913 0.3266156812453115954 0.69453506837457357204 0.22576071792678578665 -0.94514150899549786988 0.23609241032833283569
-3.7232712150887028457 -3.9989727096521869854 5.0406232198847416015 0.9738974021083706134 -0.0015654448933051633847 -0.22698325830038684758 -0.062788693833536524114 -0.96281558936901689982 -0.26276171866264241839 -0.21813168062677718018 0.2701549374898734035 -0.93778189343613638229
-1.4195268895774244555 2.6106453813503405215 -2.9020422534697520867 -0.96913917338254629286 0.0060853530670464690139 -0.24643910220052164806 0.058035780327782282573 -0.96596390843035750962 -0.25208247819271245582 -0.23958528923350108641 -0.25860529013936189857 0.93580029551965260293
7.2273639319395392988 4.7937122429703284965 -0.82120207242109233281 0.99953427578391440544 0.001624258368551497432 -0.030472829173611899051 -0.012764025204698936644 0.92928694806703837639 -0.36913797936935804911 0.027718426969617123573 0.36935501883291699254 0.92887488870642165306
6.3105459209381766783 6.8185836525669270003 6.7211030151800787991 -0.96497790478789213786 0.0024786555291525817421 0.26231946084476398529 -0.083298617955185769168 -0.95110028362070930807 -0.29743838142270723202 0.24875486632001522769 -0.30887231465996889401 0.91799722751149537281
2.7629701458390596436 6.4485634250864443118 -0.49762362459157943873 0.90660944394925224721 -0.014266391559581871953 -0.42172951783552270477 -0.0068855160510343134395 0.99879509349198547508 -0.048589617049003525073 0.42191457169742352384 0.046955631058823145418 0.90541883286192748059
2.3633927255769342501 -5.1589347759096799706 5.8037445245618446421 0.20341482402749799796 -0.00094391322415346163438 -0.97909219095741750749 0.89987085994505067177 -0.39387535526669381625 0.1873356344517134453 -0.38581711313479905012 -0.91916337695835481636 -0.079270686075628746248
-0.69028055058697623814 -3.7100893829889294295 1.5897779366530848666 -0.50515948957868028746 0.0058381060653742199509 0.86300626104693622942 -0.7618016910776476136 -0.47292381695862645286 -0.44272028056571255394 0.40555156707833489582 -0.88108398003295251844 0.24334943305769018984
-4.5602168582366200411 -3.1646706857442374883 0.62370428250324361219 -0.67340689266463715779 -0.0019257693067064353409 -0.73926953699201281012 -0.67873354277416275693 -0.3947122496244006018 0.61929235253621572888 -0.29299135622929195488 0.91880277067989324369 0.26449486529203231067
-0.43911330609904680733 -6.0033937199802096529 4.1839741584221528115 0.59244233537649881871 -0.013661033340728483132 -0.80549702384418409018 -0.80546366026505322733 0.0091977253512489642873 -0.59257378767597723712 0.01550391066678727392 0.99986437981187192836 -0.0055543440304590754875
5.5261402309482576811 -5.2237435607877094057 1.3824185945801346076 -0.94859927265305143962 0.0037069408441721372893 0.31645802014136037439 -0.039809018054649841778 0.99059160703256998737 -0.13093322786114300338 -0.31396602046041222067 -0.13680104775252846516 -0.93952690825224705051
-6.4682372064291158154 -1.4203441054766201557 1.9899931521440454851 -0.77508618164678277918 -0.00038068581611227711448 0.63185541550136714584 0.093942583572939511449 -0.98895501487243753225 0.11464191881793932282 0.62483293928203686995 0.14821549729005362162 0.76656112890700889295
-6.7542981870084561891 -2.7757286546657362614 -1.8887384932023498774 -0.37735484385715051259 0.0047802487969458695022 -0.92605640813013068158 0.43410155697434321675 0.88422826582400670947 -0.17232588937908488447 0.81802149119074807349 -0.46703053769466834622 -0.33574293262959548079
-3.8485601223385348391 -1.6144531733497631265 -1.4640870388488920195 0.92899658529194739653 0.0020140459810290226722 0.37008281253612879125 0.11307220135400082583 0.95062446398781241808 -0.28901177441210895713 -0.35239185830095570706 0.3103370298346875833 0.88289914832696614333
3.2627784086931543861 3.1940434763178631172 7.4315122484807147885 0.71699708257805050415 0.0064517111803183936278 -0.69704631051144927412 0.44400843902048831024 -0.77509216326254626317 0.4495427060108893591 -0.53737481300604628132 -0.63181525295916551865 -0.5586034339984882191
5.5440092004605174836 0.42762922959690347069 3.9162669146848982926 -0.80587225568737874681 -0.0033165034503309870698 0.59208015362632049339 0.59195964237306131217 0.016424651554263345471 0.80580023121291532995 -0.012397149462598937991 0.99985960595783696103 -0.011272934800563402108
-5.2105948311052161515 6.5340089211776950506 0.50016884130615602011 0.95730861916119958099 0.0024398874052297151935 0.28905752823442404376 -0.24458743704553825848 -0.52612908672793479159 0.81447232594986174181 0.15406879411181600981 -0.85040121768976040251 -0.50307114370910410717
5.8796647504139523122 4.1415202435710680717 -4.0966181678050670456 0.89039118648611159657 -0.017353576405238234359 -0.45486524203737804806 0.1409124946447637694 0.96069530317456097723 0.2391823641312934845 0.43283623217192906951 -0.27706206496811092155 0.85783996658758909781
0.21493658532830334229 -2.5016809681592371284 -7.0892708486297504322 0.99806450498521304127 -0.0093910005558279739668 0.061474002613276713947 0.03694662704254575436 0.88469743625464170034 -0.46469925009058304921 -0.050021901592384267199 0.46607108405593328238 0.88333207457214124592
-1.0216509499339210265 3.8408328450941953136 5.4197119694752871055 -0.97169060412668750715 0.0034605524337754474049 -0.23623165416320696108 -0.22939978425235801884 0.22533321154464719394 0.94689000562895242474 0.056507599814558565066 0.97427561210980606621 -0.21816031447396333487
-5.9572397742881033622 5.9593799468671786457 5.396218712382066407 0.95446477251676087317 -0.0053919234645239269912 -0.29827491544864953577 -0.23165869413246850672 -0.6433674911058794299 -0.72966603375852800983 -0.18796608060328948153 0.76553850232987874502 -0.61532069199175609686
3.0334619659563002436 5.7909449350509998311 -5.6928680511217084614 0.99313143186465679957 0.0028958494924328746778 -0.11696825679738130643 -0.049697236715789600003 0.91547467821769901164 -0.39929475103589862073 0.1059251797511037152 0.40236516697862023673 0.90933059373198177333
-0.079591420032669099593 1.1572413517464186228 -5.9029610539180215056 0.99810974403302377134 -0.006955313524855663565 -0.061061956079306353717 0.032260971037599395217 -0.78637548802091428168 0.6169058449940137967 -0.052308399078580716801 -0.61770965303591818252 -0.78466465189412770709
6.6848565112225495355 -7.1038208012295793736 6.4401227105230374193 0.99889531724414104552 -0.0021888304717216349599 -0.046939899965918865932 -0.044979064039703246791 0.24462109381226612714 -0.96857493476775458063 0.013602536004486482507 0.96961627950614315274 0.24425241356224491884
-3.0595214842693230217 -0.13748871526809106069 -0.06407377228599961394 0.9992990023053553994 -0.0036968296500369899477 0.03725369031207427517 0.037435291675317568239 0.10720396791190285601 -0.99353203682686352938 -0.00032082472879631939887 0.99423017592231155426 0.10726721007375840389
0.50042244136961444578 5.414569245258605612 -1.6508829948322325532 0.97480752036309759045 0.0043992858068090216761 -0.2230043598850188491 -0.048451052984586066852 0.9801086327465239334 -0.19245665351032692492 0.21772182643916693223 0.19841298924235187262 0.95563041600380282947
-3.838072846503356228 2.995994699191883992 0.52776585812618559412 -0.9997948326272561026 -0.0039435716220210144389 0.019868087345816048961 0.019707295964456823106 0.03731115936117074261 0.99910935331065409137 -0.0046813606662199323816 0.99929591494715030997 -0.037225787195550988362
-2.9425486730242469413 -6.626444830309774936 -3.2557350724795668384 -0.99743972549478376877 -0.015697452210917298143 -0.069768072920457419039 0.06857469360472555342 -0.4866996141638731399 -0.87087369748427989613 -0.020285595923305688865 -0.87342834598310781224 0.48652997752569915324
-3.3527217716930319824 -5.4652562493120226961 -1.4159540850631677777 -0.99777042534022042375 0.0022818500180548711639 -0.066700610768262127981 0.0022648595349223856095 -0.99768200536283646596 -0.06801092990313235831 -0.066701189851826214738 -0.068010361971537980352 0.99545243077548795085
4.1838815079245827988 -5.4145162537432725003 6.8872023850814283463 -0.87365642120490649702 -0.0071867572377890976548 0.48649029610861399542 0.25820920283445153443 -0.85431506401010948171 0.45108067901090503904 0.41237418112555773719 0.51970580324436299602 0.74823352826187317088
-4.1619602598817033723 -2.0419374129820089259 -5.8076608748567846163 0.91078241283104721671 -0.0010514075918275807286 -0.41288532429676655378 -0.098337721905303820957 0.97066764447012421346 -0.21939465907146060708 0.40100509838159587028 0.24042299915086728923 0.88396362626020730247
-3.1796823684432586887 -3.5422510518349255015 -2.0261415118124088686 0.99301522918456330835 0.010768922770051377047 -0.11749376540822016601 -0.1179797694064078778 0.080194980756438674629 -0.98977246833406828941 -0.001236373015459773031 0.99672102183295296918 0.080905352220497647742
1.4008526924297810545 3.5271517406364027991 -4.8523237915719681368 0.99924834745736168529 0.01708709602774867789 0.034796138477111257514 0.038642720841202175819 -0.36776707070074293737 -0.92911469788944822668 -0.003078998144149946211 0.92976094392999908411 -0.36815092952877764843
-2.925286153445171955 5.8161152358189438516 3.6286400058349146391 -0.98688331103973570002 -0.010919807094332517616 0.16106547800253420699 -0.15256587446710148659 -0.26306266031964536944 -0.95263932875653389853 0.052772950829489191638 -0.96471695048781558324 0.25794615930882391908
-4.6490796569276557904 -5.5850718214808985351 4.6783426072241223181 0.82336178802174109226 0.0025991103253368680846 0.56751089033705903741 0.098747808801821282398 0.98407923982174549948 -0.14777320463693568997 -0.55885976441549789495 0.17771126688354119127 0.80999658600527568719
-2.1081273004706750918 2.2295410816906215956 3.7653416119384544025 0.86308367855649426037 -0.0051122786761426293467 0.50503507642154943369 -0.15325692091704512521 0.95015002017786043265 0.27152763275029556667 -0.48124721297940070697 -0.31175118887133435042 0.81927548250686210718
-4.5906811286884536827 -6.1415871316031740434 -6.4904097935166467082 0.84943501025341205946 0.011976868393750814829 -0.52755731250667459165 0.52409582989165792721 0.097389771991821000308 0.84607256981984235722 0.061511986197857110303 -0.9951742495337370098 0.076449255190184889353
0.41408054210334194201 -1.3285223905079994733 -5.2884023699814131092 0.98856138994122788599 -0.00083587349290393901657 0.15081670873240896058 -0.12438963790852951286 -0.56999162871817754539 0.81218025165123530762 0.085285381504485377469 -0.8216500742449353023 -0.56357569074173807788
-6.9533855040962002647 6.900497629826964463 -6.5655305484786001813 -0.7792689621428889879 0.01129995500226884525 -0.62658773979207949001 0.60951743508745281908 0.24611920830083294787 -0.75360057831049009902 0.14569962582408296781 -0.96917369254558694003 -0.19868057960562413022
-0.50322159491134099696 -1.7114462592045296407 -0.09474445618571082639 -0.97264702683386783377 0.0016428273422123712035 -0.23228229013301276984 0.1838809709871822573 -0.60556940903726386161 -0.77425672702729808616 -0.141935019286775016 -0.79579079660194029788 0.58870320055486069499
-0.63431193254589735009 -4.0803822085733036928 3.5676189559061666223 0.97816818560742258004 0.00035049533518138398843 0.20781452744789144504 -0.18251093091307915572 0.47967151198866164741 0.85825695492881826087 -0.099381893535059148692 -0.87744807124944457222 0.46926338179954035779
-4.257645414536071371 1.0629174788805415552 -2.6821289687001907964 0.99160347048397123881 -0.002223466090954936622 0.12929661063906722207 -0.099047656415946178088 -0.65587999949035502567 0.74833881900314325186 0.083139154931427622364 -0.75486189628762301318 -0.65059311282113518882
-4.7258094323960149197 -5.5559777573986774968 -4.5541167921342129432 0.97609136010615793477 0.006168485314025086777 -0.2172731150302888159 -0.21736027915600572569 0.025828079776536620044 -0.97574967042795057726 -0.00040715016393327949779 0.99964736786735786112 0.026551349207849232748
6.0333398972976270969 7.4320929414863057261 3.6482935417192972061 -0.45246607648385256395 -0.015282014509817818185 0.89165066571157158837 -0.62578582305763541527 -0.70690192887315161929 -0.32966917753323021767 0.63534758462704576942 -0.7071464650183144629 0.31028587418807634934
0.5738203592067731007 -4.23205141380193961 -5.1768757003038343711 0.39508463816008165814 -0.0019645674017694453664 -0.91864262320271961038 -0.74847519611213686463 -0.58048509740261022838 -0.3206585918048789341 -0.53262839719154031481 0.81426850127475292052 -0.23081117463598310735
5.258356109767936104 5.8435578858205614594 6.8995446872525469928 0.99486963580408371843 0.0078056704376013716015 -0.10086366671949474616 0.092393118557439604666 0.33599204398947080108 0.93732217407850937363 0.041205817530118038494 -0.94183247867387775987 0.33354709220276590464
0.54994398840818525809 -3.2694777353750557047 -5.5836758447258940663 0.87915626770417421021 0.0060174228280041631989 -0.47649559030410987281 0.47619905476369150943 0.026366846436220652689 0.87894211962518020709 0.017852652432194509452 -0.99963422311944383214 0.020315087241161548098
1.6790911245722279777 6.4216118275721907338 -1.5186049139800035235 0.95685687338775038402 -0.0068054681614771808662 -0.29047996394518671437 -0.22698521141113436883 0.60660178643199558213 -0.76191337204308007269 0.18139084224710508297 0.79497670299236145031 0.57888634812751882386
-1.9842500296969065587 -6.917167003353824839 -6.8153612818136792839 0.37639378475410401048 -0.0038190354760698971837 -0.92645190580326819418 -0.30052201218672558447 0.94541664160517224769 -0.12599164244972077542 0.8763642159454693159 0.32584166207519199565 0.35470124367737376758
3.1066709743584439707 -5.2231495554548859062 -5.8545677754234430878 0.95889601656669953833 -0.0017591226066600001293 -0.28375224210568328331 0.16957711961306470849 0.80532227626932262332 0.5680665734297378755 0.22751270275764398643 -0.59283466230659376262 0.77251862971180151884
-5.0827988115387059409 3.1724707915226044719 -1.4062618972748150981 -0.99581663351102001069 0.0038891767579994802884 0.091291328870730770184 0.079051902113378674786 0.53773613656517216253 0.8393989779623336478 -0.045826075493015344664 0.84310421760063158914 -0.53579403605189002135
-0.39323149150640784866 1.1326792239514957839 1.4580352344732077086 0.54401450532642514624 -0.0081312093002842682904 -0.83903641245768667556 0.77912750819073417485 -0.36628378591284049826 0.50872046760267664034 -0.31146194627118678477 -0.93046766285174353772 -0.19292844376168671872
0.45379918935453378293 4.9771600376124442988 1.2103628563251838113 -0.64460441421291170272 -0.010082888373416516378 0.76444979203313911942 0.76320522895210674008 -0.067020830251600577165 0.64267097866054845312 0.044754080009043815946 0.99770062828204453265 0.050897236153834721217
5.5806225097888368936 5.6454460619458313175 -5.7259756440670361854 -0.7822462180611263749 -0.00033192013140575030161 -0.62296929632035413782 0.56483538322765958206 0.4214359984041529672 -0.70947352952956888039 0.26277717591711657885 -0.90685808651529820068 -0.32947923567189602023
-1.2314623801798316727 2.2092096247469807935 -6.5220151576185552145 -0.94953706667047088619 -0.013284462396846771076 -0.31337339082577742033 0.26561561221757190587 -0.5654266826561625825 -0.78085915060700616941 -0.16681638278394653185 -0.82469157240703250267 0.54042215427914874759
-1.0817993373551371139 -3.2744126775345332447 -3.2370264123917240617 0.99604157760614597805 -0.011848222453559697012 -0.088095376181515389069 -0.061031434303961511201 0.62938448177024342023 -0.77469370601145937094 0.064624606046517998892 0.77700372826102959145 0.62616999813301088551
-2.5898848203388564748 1.1940882855431740328 -3.1942700214342574228 0.94121897267303222812 0.00036892300477947906345 0.33779684630861445127 0.10820589018750526034 -0.94763537168146327883 -0.30046412043162662453 0.31999739187836517829 0.31935413921507571633 -0.89197231064483473162
5.0955543232048983171 5.8543065436061452189 -4.070816602250405758 0.78079207946635331705 -0.0060272586642712957031 0.62476187527389204224 -0.40597816340580722416 -0.76497917880867905005 0.49998858669659235199 0.47491626575681950007 -0.64402680700585879237 -0.59973661917342202532
-5.8936156705871036721 -6.6916781405456475795 7.1848418108913225666 0.98316002815949399274 0.0042871996991781097242 -0.18269641197398145405 -0.14837372290573180855 0.60234960929534808738 -0.78432148162142301118 0.10668456955214708493 0.7982208767631850943 0.59284216661690603001
-6.484686026379768542 6.3420965142000840231 -3.7619414277301488347 0.51740468598509736786 0.0069685021688539235812 0.85571246975733894491 0.79685071753397818117 0.36061841305476677322 -0.48475075464749256549 -0.31196365956018834442 0.9326874075184967694 0.18103280081364706011
1.4952420947579334598 -7.0317742731965751091 6.7507943358423387892 0.95312477514198690187 -0.0084914148740524372783 -0.30245835892579808757 -0.046734316213186251343 -0.99174219704228716576 -0.11942913502931858105 -0.29894659506125448312 0.1279660520575285898 -0.94565089902248533615
-2.8726781525717894894 6.5105274067589737896 0.71375128496649253851 0.30548157192122177284 0.0051092722004443761469 -0.95218428077455663505 0.046803449884186942853 0.99869631023475813336 0.020374420296766226901 0.95104702633218740626 -0.050789519205040031813 0.30484418715704914016
0.45785052566408396268 0.48804412305855221499 1.9845320213886497029 0.80881144028851514882 0.0078320350910769959835 -0.58801591244164808092 0.30466691451703697968 0.84967493451730380372 0.43038422003091075796 0.502993166212892584 -0.52724867461123214873 0.68484064559848767395
0.41789041713250058008 -2.0896390584606265861 2.2226516489053471659 0.9343631058094120645 -0.0084527306066073115698 -0.35622203447774269947 0.35274395710093525702 0.16326769669238577753 0.921366029298615552 0.050371492244540461147 -0.98654559477104142307 0.1555329618022849858
1.6386111148126458747 -3.1848692041097579342 -0.024153671125605076508 -0.11783148100320391116 0.0047759491975736066 -0.99302212079781326803 -0.077217936905246642443 -0.99700467142663051767 0.0043675363460783725444 -0.99002683413363978815 0.077193752745291152606 0.11784732594508871839
6.5956438259165013349 1.0727112230955575534 6.3618875712683999879 0.97690902800663625971 0.0038164788191591852463 -0.21362159415343021096 -0.083877765099510531721 -0.91271878672028727841 -0.39988615491143786329 -0.19650259927324115194 0.4085704968023780026 -0.89132310506433742869
-0.89318210850620149976 3.0317425480524322623 4.1406111124434969994 0.85958263661190248417 0.0048051328819764902583 0.51097416914499849128 0.23107793602642018316 0.8882167372525811011 -0.39708187461288796394 -0.45576384051083035365 0.45939954109943770266 0.76238532470169573241
6.9252410525778236305 -5.5711922012167063301 -0.11684717485440528073 0.90900409275298876821 -0.0070847563862856321668 -0.41672696767223871284 -0.28298619501929461739 -0.74455075089278088818 -0.60461805528262291265 -0.30599080506918224787 0.66752826574766055412 -0.67880456807610234371
2.1327712786958401558 -4.0510332260277115424 3.9834526886777679167 0.90102732486334502493 0.0028670438470629350941 0.43375285579388600521 -0.079423611029234564285 -0.98198159502109449992 0.17147605387050648962 0.42642895054259016829 -0.18895482819840467292 -0.8845645386514955355
-6.7910861938619166978 -1.7344759786329533302 6.8344716995172349883 0.99884108635153889821 -0.0044900285653209073486 -0.047919973492027770345 -0.036207551058295643631 0.58586097503530620845 -0.80960232903391704529 0.031709579977610112544 0.81039913473179647774 0.58501943981667503536
-1.5362579297175948945 0.92966295030610135441 -3.7753532683326338493 -0.93394178837823393913 -0.002946298894522336384 -0.35741300374168349929 0.35527036602250833264 0.10198395932726216084 -0.92918364119594054618 0.039188045971498261522 -0.99478168025085922377 -0.094200348673310410619
-4.9913860085824870438 6.1539542639241648914 -5.1463650331913903813 0.99866633193406328939 -0.0052344919379593932846 -0.051362997921934494538 -0.041561914093977012086 -0.67171203789358446823 -0.73964555392813990942 -0.030629475317448143917 0.74079385678003972782 -0.6710337525033814865
-5.7078267747073221372 -7.2177127698946828005 4.5518093162127462037 0.99225047110158959285 0.0030167294147592210035 -0.12421715639288063993 -0.11280710397075269236 -0.39724257026379256041 -0.91075402698209639851 -0.052091840939141043076 0.9177086900068064379 -0.39382381897710622143
6.5643387750603849895 -1.8916927216998917771 -7.0891700893836233632 -0.96794523458817527395 0.0059938994852602907326 -0.2510898166138322285 -0.16382046429541602395 0.74271954678927853966 0.64925382578416079848 0.19038087697090586015 0.66957579704336611659 -0.71792992255348486719
