1125 14.717824617146108679 14.977075390850430381 15.033177056927090831
4.6180251956018478765 5.1784849760271969288 2.1933360829433419248 0.94338516124667981533 0.0032720125415316384659 0.33168317936470870233 0.026606942004104960908 -0.99747563033157771173 -0.065836445316198088928 0.3306304707324376202 0.070934200697552185488 -0.94109076660788293367
-2.7398516836203103963 1.3921745763486315095 -4.9605976451005542316 -0.97107822102005370013 -0.0037248319266418609616 0.23873251619254018396 0.20197120188636810689 -0.54607319631513173697 0.81302625903148773023 0.1273370420148029758 0.83772918648769223449 0.53103209680555873984
-1.7092571503183064952 5.8116014342676010074 7.514154364014424381 0.88056871183466367548 -0.0088225027646339770904 -0.47383637173888620842 -0.27014206014686914514 0.81214568934920738918 -0.51714857305330597104 0.38938671148016101853 0.58338798643479172767 0.71276675441987469295
0.59227254421290220776 2.7127890860924259719 6.2986339408300127118 -0.99602802267115708723 -0.0082268942882621678286 0.08865943979160731403 -0.050445337595693619248 0.87264410023727412291 -0.48574431775977844339 -0.073371969911159212741 -0.48828740771327178161 -0.86959298611476976149
-0.80105235697595755795 -2.5841165212704542142 -2.7439426632023193875 -0.96620611579912552003 0.0076909591572578411139 -0.25765595459771245546 -0.12419582135382428723 0.86199744234958330935 0.49146292570355731844 0.22587859515827113377 0.50685427741129052137 -0.831912015611756539
-3.8985332654442763634 -5.6178354127545313546 1.157370139709819501 0.15735001295845291169 -0.0020989272412718987249 -0.98754066646719484979 -0.94294729365424301282 -0.2974331622039449452 -0.14961255098238868122 -0.29341331737344056307 0.95474033565458982231 -0.04878028968883781763
5.2198800384648169626 0.16791585178826390345 -2.9158651196109017789 0.68875241792548269615 -0.01442822716406474623 -0.72485304239044279218 0.39501206406458450049 0.84583773786031746234 0.35850242740436200073 0.60793550319526201697 -0.53324511012513087227 0.58827211091678544008
-5.0079844813572451656 -4.3500995941206950235 5.3916236123322391904 -0.99987072530445464391 0.010162095020481189123 -0.012460517809103578354 -0.013395502797458373745 -0.95510393137712890077 0.29596797254563572688 -0.0088934348864316455086 0.29609662627719557371 0.95511658697931278716
0.51006286148582979934 3.4945151366525890602 -0.13374502039066926695 0.99440329385085513003 -0.009032254667409282331 -0.1052639898268483698 -0.03998467192370007417 0.89005444615986872847 -0.45409724606333595753 0.097792204136123078717 0.45576474331254890338 0.88471192122826203263
-2.8580518485964176989 5.0987060744282173275 -0.98585522286348592491 -0.97554776762249661992 0.0019182137543079756659 0.21977914719727759119 0.078314531345582735766 -0.931294907538803729 0.35574798576030020048 0.20536160124735444721 0.36426105425696575502 0.90837244403652195324
-2.1956252665446420735 4.2333832522325378633 -5.6509668672282247215 -0.89524032848594581324 -0.0056047514643514668303 -0.44554835990429259018 0.43271214823104370284 -0.24953563458494171234 -0.86630950811221607566 -0.10632474324280614952 -0.96834939656785512518 0.22581960752119514813
-6.7576169549877214138 1.6639078051766669208 2.4576926316926317462 0.95794133476073151101 0.0078910448493678016224 -0.28685559183674574912 0.24782965446453464331 0.48119298825491135796 0.84085300167282261974 0.14466810818144518191 -0.87657916896613485847 0.45899901852801350266
-0.90263420159840623835 5.8670414383232660782 1.309137848049820807 0.056516951990481609225 0.010927502100914265187 -0.99834183716577840073 -0.98735355519030520988 -0.14773399633529080144 -0.057511941195008652039 -0.14811749117144068499 0.9889667618402085969 0.0024398328704580661552
-3.9345528769948279191 7.4209717866922026985 -6.6818724308001060663 0.9789870006508170075 -0.0061026132631047157531 0.203831328966416786 -0.20195365869521805791 0.109552715099317452 0.97324864364362839719 -0.028269635591586010637 -0.99396225316956454687 0.10601823889207132035
1.3706311362100778162 -2.7741934549484397188 -3.317229491261687091 0.99980093985104989684 -0.019441877131413098923 -0.0044826428102498474745 -0.0067761600287290797012 -0.11955763427321335068 -0.99280413765365405077 0.018766041890081738147 0.99263688501918434515 -0.11966557638340942493
-4.9019640211163810761 6.1445863707375298901 -7.0191875477717520226 0.32675376971178854424 -0.0054755012598985269845 -0.94509364237895665539 -0.57348201796717879208 -0.79599831928768893796 -0.19366220787589952246 -0.75123255323985793641 0.60527406567357722178 -0.26323555302336759665
-1.8865043277326836169 -1.9786208616391787185 7.0078540480784807798 -0.77854923329704517343 -0.00095391682456161773496 0.62758280838090707565 -0.42671121480749196753 0.73408323992761592702 -0.52824174012935398714 -0.4601941226158197118 -0.67905882432972985985 -0.57192699062892127237
-6.7696284927706420476 -1.9944215097246651425 6.1903112591641544782 -0.95387829283861025331 0.0068382520211205466767 0.30011571228543487688 -0.19759573976942007567 0.73832105169063333427 -0.6448549823453313401 -0.22599142920981982186 -0.67441475587353960641 -0.7029172148865729941
0.65283161381848464622 -6.2860055754933172878 6.7808607653479002764 -0.48292830060604791109 -0.0031292297411718216979 -0.8756543064444877178 -0.25941819760726925193 -0.95459166413435914134 0.146481922145381388 -0.83635067718266820069 0.29790092763606423887 0.46018755099378805262
-6.0576534100802721383 4.4730735133129160275 -6.1961628511214446036 0.97815215957381651535 0.003317299169429669195 0.207863773291956766 0.021620404125075591562 -0.99607401265753792163 -0.0858435753779082239 0.2067629339277489986 0.088462177423062310355 -0.9743836679252499966
5.6428272208642944463 -6.9075332541635452444 -2.3645617263280072073 -0.99645337484368556868 -0.002240265715286546104 0.084116900633493946193 0.04986202781507924342 -0.82096039160246481181 0.56880384457388832864 0.067782371932750079546 0.57098074978881863117 0.81816045701667361456
-5.9511992757232423656 -5.6400313201587124468 4.5282199668277574034 -0.8265238838230262175 0.0061421477569542281758 -0.56286814041186106206 -0.54067139565958133307 -0.28689920402513668929 0.79079914557696695532 -0.15662921625710821139 0.95794108417507628506 0.24044992797676753571
1.5803666123432962287 -2.2673918709745324307 -1.0617791360392960787 -0.85794026459345684721 -0.006314747914610834012 0.51371064457354598254 -0.26176162367322686197 -0.85502542667386904895 -0.44767440412999043309 0.44206261407331609581 -0.51854762915277197166 0.73190778212745455367
-1.3776450152459891463 5.4024038307720942953 -2.3320505129104893705 -0.95763192119587803308 -0.0034040852534440949745 0.28797485256596322412 -0.20619665329718758762 0.70618330795605477324 -0.67733896664320725201 -0.20105731440526153353 -0.7080208667601730621 -0.67696558890121150132
-1.4872110866399175233 -4.0067312645598400778 -4.0953786386772641492 -0.80712242617229590369 0.0035863282339566441605 0.59037321028266898093 0.30120688573684256673 0.86254844884269588068 0.40655206970786150755 -0.50776746760152768889 0.50596176895966604725 -0.69726242347973432789
1.5658372917909579858 5.7038710310073321708 3.577819100416243181 -0.99671396979746085254 0.0096674997539109297495 -0.080422645187728888927 0.009329081120231964494 0.99994598213956820132 0.0045826900803100272322 0.080462604083721744885 0.0038173618414597708035 -0.996750318330809848
-5.5596700524392979048 -5.989795246371483195 6.4775328217919234675 0.99967972214102907014 -0.0018713256707181651073 -0.025237893739888724032 0.018713047949957178906 0.72604304357475268894 0.687394588801228279 0.017037458044391436823 -0.68764670944969552568 0.72584552627014242709
-7.1628948990003680208 -5.5251264451856112458 -3.2546209020114691413 -0.98196547363568298383 0.019320993304055435191 -0.18807048626802758129 -0.18843160432816391525 -0.018958498979148502572 0.98190330776851098005 0.015405813112712114787 0.99963357013175513366 0.022257277194955432664
-3.873808461565196648 2.2351512004352920293 5.4718889127210230683 0.95781145971142123141 -0.0063154598850672528237 0.28732790085910919764 0.22540421041914796008 -0.60373098561454141553 -0.76465798821052421985 0.17829792363055660398 0.79716310249244293207 -0.57683692535557862247
2.5628406372141570024 7.3585793010357267718 -4.8105824036833926272 -0.99268568666337309025 0.0046558577380959500353 -0.1206376826795767937 -0.093286751564333164621 -0.66387437051946918132 0.74200296640230178902 -0.076633605397072812604 0.74782962174284373091 0.65945291520157789389
2.1212809018596643362 5.0668396320650312958 4.3707284376308628282 0.94383633004430445013 0.005335463230536798343 -0.3303702694258739414 0.22208180603810520615 0.73008971802731492673 0.6462574371391560657 0.24464801964308524607 -0.68333047382865086394 0.68790029075562619809
1.0814605080239736434 6.216236536343346053 -1.7057039266428901669 0.78929644440085533486 0.006554595303651171781 -0.61397732868308685372 0.38855383696255552106 0.76893014226495526309 0.50771286382970759465 0.47543352704456681712 -0.63929920506513759904 0.60436701412728577321
2.8240933465604047825 -7.1852995950471498787 7.1081151508221616098 0.30871150703525390702 0.0064757985216668213432 0.95113367591394504252 -0.16434190656727604152 0.98530054227247987342 0.046632382990577161963 -0.93685054473487416882 -0.17070707492969849906 0.30523786036311595371
4.123594413339364273 -1.1686460706330179526 -2.5173421137546188042 0.6627105695734749613 0.0023772427641647365937 -0.74887185131541833538 -0.57189084904641018792 -0.64400173853005759916 -0.50813641627740302464 -0.48348273780210837547 0.76502033272791736263 -0.42542723556476697011
1.0293187757967730001 2.6211563879796142551 -5.0980827414083140781 0.98003608478105330715 -0.007426757709206043695 -0.19868093969217759387 0.17864727485479481306 0.47148131741612891998 0.8635916387474635858 0.087260665330907233317 -0.88184477692934015725 0.46339547439366712833
5.6170048761988455865 7.1963197360652113588 -4.4342391115049064609 -0.99887325907841995054 0.0067008506851473524299 0.046982027392966294044 -0.016118645195149196303 0.8832285230153328337 -0.46866572886137813914 -0.044636325732901487029 -0.46889495063625064031 -0.88212534466070391392
2.0052144583603945804 -5.5005397053686575504 4.0760863643356310959 0.97732166815454935005 0.00062765490005757887393 0.21175920996483843517 0.065403765476932329559 0.95020936719071125154 -0.30467114396399697096 -0.20140681323390111079 0.31161156036353315768 0.92861915284507134949
6.6487874517530478613 7.1665464040989581562 -6.4972468003802532621 -0.84367679885697377529 -0.0027579392661298668919 0.53684434693994587118 0.5351185502497306512 -0.084601749886169724801 0.84053000011593193008 0.043099840475904198367 0.99641102848534612857 0.072852357983392596052
-2.8125024904577990981 5.0909782638272833566 -3.2870099809803621227 -0.99859077124734008102 0.0058249425354501230961 -0.052749802123603709014 0.052878191526670420552 0.024680199102257695254 -0.99829594040710956104 -0.0045131408672542637495 -0.99967842720375543752 -0.024953431483004419322
0.65256354626466150926 2.5440748997891864391 -0.65193821613302427309 -0.94301084672723178848 0.0029613972854042316593 -0.33274881379362286626 -0.29056977765151070781 -0.4946601217419011598 0.81907299325136795343 -0.1621719682019139297 0.86908146573519640121 0.46733035279675239071
3.93833125180168242 -0.42403528347959917877 5.0678755707203038128 0.99710865188771913292 0.007288640553464759142 0.075638694129635627994 0.038575937201709688262 -0.90614187509529875442 -0.42121111009519784929 0.065469331749799075659 0.42291107566190971889 -0.90380306963553080912
5.6760861063827352524 7.2319680125599461462 -3.1155267012120404502 0.88048294234905144506 0.0022244783300310860125 0.47407261039685338888 -0.090822871913732394766 -0.98067510179548555982 0.17328459439828217126 0.46529667328455337483 -0.19563076551144809034 -0.8632656656069782608
4.6117905679917372552 -4.1198295358036283176 -3.3087752630529627673 -0.67874875943956658464 0.0083521440332427823727 0.73432306463116903128 -0.43412333249883533481 -0.81107270984263679647 -0.39204335414402136095 0.59231499536936749184 -0.58488571622026974683 0.55414045622223151444
-0.99309340438266369144 5.8800500219169933303 -3.9178185090039567839 -0.97326322832088707493 0.011066440015382032758 -0.22942585360824213625 0.14681717595388454889 -0.73818351137340110224 -0.65842981431692026995 -0.17664485626081846692 -0.67450918262232228972 0.71682212390153010606
1.4181052852911180118 -4.7967267004797538021 -0.87828905250662192561 0.8628104838304355706 -0.00065467090246617946903 -0.50552709165612630393 -0.27203096946300731052 0.84227068047812903018 -0.46538076073241035902 0.42609531873196188068 0.53905442416589877119 0.72654188257930618633
3.9617512926436626586 -2.3270710868296076157 3.7444982785193401398 -0.98058853535457923822 0.0026223070799180894438 0.1960592967365667183 0.14098594782628473543 0.70434214654631976948 0.69571912659784251876 -0.13626843672255162243 0.70985580514929702556 -0.69103954231945496911
4.5557513801134961184 -2.9100726022487659606 1.4517196703476467068 -0.77254327613672757469 -0.010072148615119324785 -0.63488222397402482855 -0.59884320043051397775 -0.32086334611449673915 0.73378030391823945155 -0.21110117904481809359 0.94707194285462470429 0.241849182887615477
-6.9715999145932654457 3.1480472800803762645 1.82365296965363477 -0.84620416022514632903 0.0011344548055386097923 0.53285760971385398577 0.20960054110262982263 -0.91867765329626327464 0.33481186135424129136 0.48990420735807532759 0.39500643329737811227 0.77715106978405645854
-0.15966225222383076399 -2.9453708068685644506 2.5619980384548126651 0.64079503636377355136 0.0011514261770771061152 -0.76771114072237445214 0.13682708565802040312 0.98381698390515748276 0.115682716125410881 0.75542045908344401806 -0.17917258829843704659 0.63026749368865842005
5.8240398330150364714 2.601096469352578211 4.6988049434596605991 0.99997834202474444876 0.0018326824077255208546 -0.0063211357098856705075 -0.0055952070729864671755 0.74244606549075420343 -0.66988247737580219887 0.0034654205057192298198 0.66990333714082039851 0.74244023984979645725
-2.8525912573517677728 -3.0830173960904740937 -4.487913800630466632 -0.93051934424992310824 0.0064231078716213358196 0.36618641927540612757 0.36097498407623013206 -0.15288539025917632919 0.91995821552747814032 0.061893544474289033386 0.98822305231693807759 0.13994423182766713154
-4.5441106613422759253 -4.1951164937204783456 -5.3723757575920325635 -0.99072553298701016011 -0.0096279900549418734323 -0.13553678502638213943 -0.076369556320841011643 -0.78557293222235247132 0.6140381576311196854 -0.11238598291218519776 0.6186941651309618706 0.77755187664733149688
-4.0761304125156412326 -3.0888927006728814639 -3.0875972636629827051 -0.99352530912156777898 0.0078694875829005382639 0.11333812818344395079 0.013567101828924101048 0.99867762219015698832 0.049587706991639141085 -0.11279802251329502927 0.05080431184369646469 -0.99231825943859053307
-2.7046574731391435087 -2.5728329999130519212 4.6798980626244759407 -0.89862474160886951502 0.0043164477928518563826 0.43869686806118785016 -0.41389391390880198029 -0.33993510409251681548 -0.84447377285211167042 0.14548333855635325884 -0.94043898966609862367 0.3072606465500481443
-3.4198768845404368122 -1.0246571350361013408 -2.4617633724396297268 -0.76509348776137486858 0.0040811663632345819563 0.64390628127569260464 -0.16772692295648225502 0.96419723185232830698 -0.20540539769917878776 -0.62169094757819065578 -0.26515475136140537193 -0.73701650153154385503
1.6550126158096780671 -4.2407353002677394826 4.6890659369724643213 -0.99465268314551136264 -0.0014407808742626440623 -0.10326647114044944231 0.091484891406412735537 0.45168312816842032253 -0.88747555818303081043 0.047922380530219625683 -0.89217726707108480078 -0.44913602568252580793
-1.3584504909863635014 6.0336865901151117697 5.3413204984736708525 0.96562872721817560873 -0.0060195658674980440442 -0.25985558681259735003 -0.036083126406150092813 0.98694743121854422441 -0.15694832270450667644 0.25740856465882078208 0.16093021107850205564 0.95280758708279278402
-0.069125288829591860496 -4.9145940387808062511 -2.4403530122696448501 -0.9793033751424539135 -0.0079189523540386941303 0.20224289759657362864 0.10868393306411443244 -0.86352295049164329299 0.49245905075245716143 0.17074162388933936119 0.50424736406636716524 0.84651160281692583442
2.0922886008410230829 4.5229833583879210934 5.4613826974893475708 0.98139427171537318983 0.0018898571028862776178 0.1919940412730855861 0.14550393664642591318 -0.65975260071448482702 -0.73726190073195574382 0.12527524841185144755 0.7514804949503233189 -0.64775240473871797953
-5.6865694014336298778 -1.7485572498664934127 0.96279512867298822076 0.94797395924275618118 0.0013441154956265694096 -0.31834504229063492753 -0.27515809851423639332 -0.49945856065073068741 -0.82147986403476913608 -0.1601043204273589482 0.86633673565543889428 -0.47310386495386469452
0.82911745597527231055 -1.3164102139993425489 6.8629199726954439598 0.88768583501656384005 -0.0028409054141106671043 -0.46044086218241453423 0.1440748910921329784 0.95148157367789187866 0.27189196514081759304 0.43732857677912695404 -0.30769261318360630053 0.84502601837134827534
2.2584146574841246213 0.78933286730168428225 -0.6149859208063798155 -0.94131789136814103536 0.0019404711371918481957 0.33751572105891036735 0.16190217972257645029 -0.87483312479942787476 0.45656838256138115861 0.29615589069144793166 0.48442051806811231573 0.82318190582845041092
-3.4437095544488891541 0.16628449354280627759 1.6493589529162910878 0.99895377275971997122 0.0035463724903023029905 0.045593674247397811272 -0.0011721782957320259558 -0.9946754559121050443 0.10305029550776079184 0.045716363451842045862 -0.10299592539682120296 -0.99363064237395315459
-1.5287461202782506309 3.0866669658812888599 -3.7019380937052628333 -0.97478822938672415876 0.0045110137524823155225 -0.22308643751711418335 -0.18685358514280331343 -0.56296249661883968063 0.8050832038491207987 -0.12195755642196139112 0.82647013143576519845 0.54961211438248613881
2.8387022918826438911 6.6523820693173512097 -6.6818620313215575379 -0.99989366651440592104 0.0057120227805777775212 0.013417468470802947078 -0.0067693772012751172659 0.63314337889033867057 -0.77400493364037803445 -0.012916315136910421629 -0.77401345890307970965 -0.63303738771112949557
-7.1117782009700096779 0.096561562023304917113 -2.1164628481372713686 0.78790638212170927002 -0.0072975880320421612768 -0.61575179920231537523 -0.12612112090057392422 0.97682060989194285927 -0.17295941417959512232 0.60274123458977035828 0.21393513339201122858 0.76872281273936693413
-6.9044481318012884685 -2.2776228341576576497 5.1360071568011216314 0.84212944052883065282 0.0035911073814028221518 -0.53926348786325850604 0.52695460336862431916 0.20705277862085413876 0.82428635367443758852 0.11461610437991200107 -0.97832318321356193103 0.17247289005408084073
-6.5059003143627327503 4.2177746534077540375 -2.7679500440330540023 0.99941747029039795791 0.00028891914694540235531 -0.034126772542664732257 -0.032880336040361314576 0.27605976164123474659 -0.9605778945533497426 0.0091434993478603926453 0.96114042914044273136 0.27590844838708022957
-4.9678023061274574346 -7.2677866381924998151 -3.8379882753344150004 0.55625598821343380518 -0.0093939984277106574478 -0.8309578980732202913 -0.81256541238728707821 -0.21565941473678257312 -0.54150574089967284941 -0.17411698989080215405 0.97642345815156850186 -0.1275950790683872127
-3.0684372801597108449 -6.6859950600418924793 -4.8299837728346028953 0.9980409818803538391 -0.0036960897013569708226 -0.062454282544531183885 0.0067639230420845734837 0.99877678336533626258 0.048981489927317233002 0.062196847446722922093 -0.049307970261776197518 0.99684516161550751345
-4.6720280247746481805 -1.5731304933344449903 6.185279535853001498 0.86470954000887856328 0.0024462154424189290307 -0.50226629137096023836 -0.49323477132393184208 -0.18470761840196156522 -0.85006032495426409046 -0.094851841176594092753 0.98279047193906021729 -0.15851188123013587594
5.6250559259728749595 -5.6749532405016749337 -6.4964113216646790505 0.98337790816720815901 0.0017528346729825767733 -0.18156215822487270506 -0.01272920565996037319 -0.99682752159771559342 -0.078567547427104825197 -0.18112387212048325358 0.079572732490822140061 -0.98023585079925001917
-0.83531138975167240623 -5.2954066015794882816 -7.2082221764441127831 0.99952865164511817131 0.00031414442565595290108 0.0306981408822083017 0.029921916239506601842 -0.2336344741536252323 -0.97186398812562335703 0.0068668383481399804941 0.97232444883393676083 -0.23353375073181356636
0.67770956383405378531 -6.8631378697704032987 3.1187865663163214514 0.89918152219604807751 -0.0044102730854385322617 -0.43755358486990297839 -0.42800355885655655408 0.19914595689534370093 -0.88156329407387168384 0.091024962220822000503 0.97995991619223632441 0.17718075208421252276
0.56714061223935641198 -7.2531014343949298251 -5.9660245260884776641 -0.9836031858175975362 0.0048120341803040882558 -0.18028204895821248188 -0.17358947722955861415 -0.29632448215871493025 0.93917969242774890226 -0.048902620018679732183 0.95507520415960811544 0.29230102318488637714
5.6621014753405951581 1.1024907634214222707 -5.7067975469660243704 -0.90335722151319886031 0.0013862397732459007336 0.42888670844320919695 0.021654728606852809147 -0.99857191345689344519 0.048838574750575985961 0.42834192308124913184 0.053406104463774389801 0.90203713057553003285
4.5935761396294365611 -3.7360744385865989337 -6.3677132809005083658 0.98865773853275951133 -0.0023998641793504436014 -0.15016696271555024511 0.11713548549973493151 0.63810155741766050319 0.76098993453136620779 0.093995500296781678284 -0.76994846780359538219 0.63114515196648668383
2.9355056940798323062 -5.4678195011169989925 -5.4480228564957506876 0.78779923909677929128 0.0032084264643632972799 -0.61592374924032022854 0.28384718710578615841 0.88557916992869478712 0.36766874787022268967 0.54662888073248805387 -0.46447738350529160778 0.69674789340287257566
6.1545564836303761069 -1.0703463755651867473 5.9981602564946152611 0.90982916965980220603 0.0077360611719116609275 0.41491087644673407819 -0.1843797405448822091 0.90325489402776915071 0.38747220247587760289 -0.37177277107500672493 -0.4290346719933488262 0.82323402317608507239
-5.3657240774872292377 1.7321339916712210627 -1.6872085672164058856 -0.11273842739345306396 -0.0016855838242608015866 -0.99362327156521579319 0.048541711440794582666 -0.99881387725243153675 -0.0038132477411402868062 -0.99243828485163065878 -0.048662073682777820527 0.1126865269038205275
-3.5912241510860392069 -1.802580069597094159 3.6678123538860689656 -0.93737811495711975684 0.01290217564848164522 -0.34807442230492752211 -0.022443836852457939302 -0.99947435160647046803 0.023394329829601857862 -0.34758961979138969234 0.029741458343151078864 0.93717495798217353986
2.2307259440157976016 -1.7067597408828245609 -3.5873537426462829281 0.76042604627985410648 0.010316044117115901954 -0.64934259630255874995 0.23772284016985828492 -0.93489881303340793828 0.26353758868571031115 -0.60435095714384978738 -0.35476441284667487031 -0.71337376737359292633
3.7701170014393183827 5.9214478279684561457 7.4638806748491095533 -0.9706303920499480542 0.00040059242170191900617 0.24057531368551632323 0.23523630939360512526 0.21109246600409492522 0.94873802998468903525 -0.050403578960603760695 0.97746601491921492055 -0.20498699691916510979
-2.461717194242711404 1.2414694278969495844 1.0475680746504887342 -0.90612839250624843679 0.0045105385526844040192 -0.42297871262741404408 -0.079487535649173601815 0.98031427521029756988 0.18073641994707043135 0.41546728868882942809 0.19739193717279940321 -0.88793206675329194866
2.6237369605699560893 1.9465126958916638689 -1.0637874873460404501 -0.7039996340801977226 -0.0010469505413636265041 0.71019956287611174517 0.047170104341803457959 0.99772187156958946908 0.048229122404634915122 -0.70863213056653628907 0.067453472009224219041 -0.70234644773261023509
1.078859755147738797 1.3138134378317407602 -2.4746094028369101103 0.63814235228850457737 -0.0087498745471687525144 -0.76986867575646145134 0.76444414430508622615 0.12622996089758553584 0.63221131531274143978 0.091648723140709889567 -0.99196241696314779723 0.087241474537507107678
-6.8935552406821711813 -1.5510064324859420548 7.3598560440779055014 0.9925739688121715254 0.0079976495406991875842 -0.121379380614778834 0.0066487378296767951982 -0.99991160559076597281 -0.011514134368997203106 -0.12146073736756786421 0.010621610368451935708 -0.99253940509750948618
3.0639827552059117899 6.6531243808397881878 6.7640423848097830373 -0.98024446348621541159 0.0077147598576633108838 0.19763925289504016836 0.037686086890110027936 -0.97364814459437898364 0.22492009555147571276 0.19416629640461255391 0.22792492844864420398 0.95412246401199163337
-4.0270629777501252278 -4.9961032138218097742 4.6892492368528531088 0.9995370388749328372 -0.02270992710874955231 -0.020247644995006738866 0.016780051877611720096 -0.14365789966475903117 0.98948513769676593732 -0.025379869505372881777 -0.98936680107766716841 -0.14321031788685822939
2.7137903627691311037 -6.4906762998637930195 -3.0605960690241302835 0.95654183929228209227 0.0037444798504911395304 0.29157106947381233875 -0.27800799612997040278 0.31338210000535987598 0.90802159307136609545 -0.087973085493486355424 -0.94961973350755923828 0.30080408568018013327
1.3759879328228694639 -4.2143650315259275629 -5.2098307255841023178 0.99848711566671166651 0.0022574922527782217974 -0.054939817767787779701 0.027247232835201220386 -0.88817265717955762305 0.45870134002587475974 -0.047760529210278138135 -0.45950433596144740767 -0.88689046509822266895
-3.5061322918095463308 3.4081085168144973352 -4.7659016358923365075 0.99646678148276957021 -0.018500161117847468972 -0.081924950045237046603 0.069732845454507363936 -0.36142714779529061531 0.92978908742870236548 -0.046811148951145034602 -0.93221679928826794992 -0.3588600778279565362
1.7217221592866764901 -3.7227267464795992247 0.62145119329176634615 0.98759870129614635292 0.0025714231433640257103 -0.15697832009869633341 -0.065312023788073145236 -0.90251279982716736683 -0.42568178924749222602 -0.14276955118902687203 0.43065535400277121791 -0.89115252416299550742
-5.6706405533889636672 6.5760698264230494914 0.94514899434190013938 -0.9071346831814072198 0.00099546727609409017823 -0.42083925151307716161 -0.28827126737475766705 0.72708109410590937571 0.62309931712357136124 0.30660453841284096566 0.68655086602417614294 -0.65927351333563299907
1.6538525269703825415 3.9268287270913027065 1.9320440319058207468 -0.96204477463891124867 -0.002221313206465247176 0.27288260728317237369 0.064975455616131452818 -0.97307305860342740989 0.22114929976738204043 0.26504347144851253537 0.23048619999421898763 0.9362841822090196553
0.45379115392927138473 -7.2803618761503203771 -4.6258855846308355453 -0.81775972117094331004 0.022833720000842210041 -0.57510665068439015268 -0.33668011676739262317 0.79144528170856265348 0.51015768644108305807 0.46681424293180801 0.61081338172329835423 -0.63952441337584542413
5.8743129611269999657 4.7982341146736393611 0.47882317194848816877 -0.99866689723444324045 0.0088600409377023042756 0.050852021028839879124 -0.026262572357224345243 -0.93533087267628167716 -0.35279801007334243845 0.044437660394273166553 -0.35366319895222408931 0.93431666796947188125
0.46453867106563417888 -4.3324409572013902192 1.9912217304106190063 -0.76109623951351601523 -0.0074872240677285161609 -0.64859575675006997386 0.20576188408064935431 -0.95107535676933385727 -0.23047280274629661223 -0.61513783923449394386 -0.30886826839588754634 0.72540046286175996482
-1.3419535719828268316 -2.8859420208187183121 -4.056182044032496492 0.93541970215409320222 0.01143700059100400887 -0.35335417903208304891 -0.35340922027401322492 0.0031476846069214449442 -0.93546352954395739498 -0.0095866494301329804872 0.99992964107432547038 0.0069863476586097712773
0.0021479927845172910178 -4.6129274210630235586 7.0024760191886743499 -0.96888132479551181131 -0.004165900513436246802 0.24749065383437679477 0.084759512711563997356 0.93382755813132112266 0.3475369285115864626 -0.23256139719945057021 0.3576992269313416517 -0.9044149819553658487
7.2999912676848675019 1.441917029735139355 -6.9984125101282286252 0.99976229560944140928 -0.0068508824540669047143 0.020698253241832557242 -0.012423420848751278583 -0.95915633551768642029 0.28260357862336860091 0.017916776832870368735 -0.28279354562280073493 -0.95901345124148607013
3.8768723793861625815 -3.6163692265158990935 0.13973151694629618036 0.76604031885340495567 -0.00019859226984435160131 0.64279249408500160889 0.20634671787296607337 -0.94699773369031692294 -0.24620382695743595058 0.60877192930847767727 0.32124017953321276631 -0.72539746700648410904
5.2212446681613675636 2.7483043348763600555 -0.19847967853624554069 -0.91448965080859556664 -0.0044745785194055375661 0.40458454828507900425 0.39167696800380635835 -0.26058025334951928631 0.88243248143962860208 0.1014782306671581924 0.96544182098737230113 0.24005053424078923174
4.8567913450205066894 4.6516549715918040775 -6.4252815712160549211 0.99896886649775440414 0.013266665805073379891 -0.043418882373840284039 -0.011065807524488843402 0.99866060431008363274 0.050542509858700138126 0.044031257897159920001 -0.05000992878825957777 0.99777765827388498199
6.6124485080554817884 -3.7775397013904035148 3.7548213424123080273 0.27817775637455915971 0.007847095177228475063 -0.9604975580164960558 -0.54856620735624450624 -0.81954959978703467716 -0.16557043708233404322 -0.78847463624728253428 0.57295451528562979515 -0.22367581766625677098
-4.1860863888087544993 -2.6628030345227937659 1.0115423247012973462 0.67858883614075282686 -0.00024555495323352188874 0.73451829872905305407 -0.69423772582747877991 -0.3268206100385026569 0.6412661451316618022 0.23989825239687714853 -0.94508636036972104577 -0.22194729090518683368
-4.1689234605241827225 7.4601393361364207735 5.2452480263115521808 -0.97143925499109862187 -0.0017826550127700777071 -0.23728168071598387812 0.23671373432161860184 -0.076830886622854491219 -0.96853684640508308501 -0.016503994844424045574 -0.99704254523163038382 0.075058518186246508952
-7.3241264035422481982 -1.2374565125503886875 2.6553872212362938932 0.97823073933831905524 -0.0034812086567339748863 0.20749096799553332082 -0.1419447896166070866 -0.74059945116122172237 0.65678316790269830605 0.15138129776873476828 -0.67193774572186426575 -0.7249712880934565673
-3.7632545869865068333 -6.4715634777579529313 5.7441316820470182947 0.99062548539505201894 -0.0050717795065746643784 -0.13651162858298057645 0.10040512993506965633 -0.6505681594341438112 0.75278142897733180128 -0.092628060372991233296 -0.75943093628265567752 -0.64396016604160810637
3.4127963571524637665 -0.33363477452591661088 -5.9300390013263983846 -0.97074029488107571595 -0.0041655776897194926253 0.24009566396920958842 -0.0066109552140112496504 0.99993414858284213054 -0.0093804994065346501697 -0.2400407781303845467 -0.010693290441686674475 -0.97070390870443445941
5.0127538826745920986 -2.1450872777131633207 5.5865730000106799125 -0.98963378566662829616 0.0058004740663617207139 0.14349677615780107032 -0.12544728705284577397 -0.52133529088544328101 -0.84408085670056587357 0.069913864420175400594 -0.85333221489525024062 0.51665867125589903797
-5.8748175804895792496 -3.5059650240192143933 3.8522343127299301102 0.98581061342148867954 -0.0029503484753108880773 -0.16783542507317086856 0.16752055222466918916 -0.04638853278996730306 0.98477660847924231025 -0.010691073284706961721 -0.99891911557917090203 -0.045236063959574697446
-4.0021966249555145367 -3.1031322901153135518 -6.0977662043531513092 -0.56464545921420772334 -0.00062401891644311979768 0.82533333628851424102 -0.81031428393421101042 0.19032569913837418807 -0.55422638831041604046 -0.15673629650106915556 -0.98172080493783941968 -0.10797219323169973682
-0.85826885741076019976 5.366048398478955761 -0.95622299272515476343 0.67641869750597161115 -0.0075744597053115283319 -0.73647835896544944223 0.65450750979627103643 0.4647399336533575287 0.5963528432801503687 0.33775385310124461657 -0.88541483025089706693 0.31931632136061893767
-5.4560658140846030051 -4.5097097772507392932 -6.3263587033640416024 0.9604319847597121429 -0.0018285334968915082157 -0.27850863382664853285 0.10675317741007896155 -0.92118932851427637321 0.37418441996459456123 -0.2572433901261064193 -0.38911036672985332974 -0.88454449336358542677
-4.255218971391862226 -3.467253129111205201 6.4187253272721269681 0.9724949123121062744 0.0031610732317368332028 -0.23290266881893528783 -0.20958706138633409477 -0.42436960684569968727 -0.8808993702376178847 -0.10162140141914319247 0.9054835417619481186 -0.41203476354790852243
-2.9002481781118207849 4.1840715705535025393 5.5246203377278328972 0.97310202538115986304 -0.0023107407859780221791 0.23036299328692425026 0.23003423431285219269 -0.044588523852216635501 -0.97216053951223568852 0.012517956830050584044 0.99900276476976790363 -0.042857633381872234368
-1.450647515441573665 -3.1734664911255507924 7.2022348520289458662 0.94879793865048078771 -0.0029329589987330704701 -0.31587001972961153973 0.24173094639097020275 0.65044323344189924896 0.72006232343223575132 0.20334360370912066274 -0.75954920697821015629 0.61784818605336078168
-2.7528143139432321718 -0.22356648706964038498 0.2085635905140051094 -0.83501741247278338243 0.0056625643939152790068 0.55019438040728518846 -0.51542273926008375096 0.34192652432370290727 -0.78576437423538447735 -0.19257549356257325224 -0.93970962926228984724 -0.28259598714544564846
5.1225244877904412277 0.5939847855509422514 -1.7167644012157539102 0.85951775591300982882 -0.0060299592489095662357 -0.51107031498781452239 0.46148004201028991478 -0.42065443152533904536 0.7810800343526070888 -0.21969387359803718707 -0.90720090874604497611 -0.35877724715197178984
-5.2694413766199845739 6.1438873690009403461 -0.072235232356607809168 -0.96610936716631978793 -0.00014503912507996766929 -0.2581330463875523562 0.014642207547239164539 0.99835897803532269723 -0.055362051392001357386 0.25771747405213046855 -0.057265434075404221537 -0.96452183678145331225
6.3739869422727997161 6.0111204373235604947 6.5320440179841519068 -0.87841835181656158227 -0.0035230141852231463759 0.4778794697020700144 0.21377040652687309685 0.89145344846226437507 0.39951591021883686716 -0.42741480143418975057 0.45309859588805095898 -0.78231595274499077242
-2.224516730294210376 -3.6475734594298141467 -5.9970572239653927582 -0.79909743597519822256 -0.011348958327149522018 0.60109440935909930204 0.57927865148249613192 0.25300047687610804914 0.77487224923664521636 -0.1608711650809255822 0.96739958644053436476 -0.19559782309677822831
-1.8510620643346342717 2.4508662662031981405 5.9708535007993317478 0.77488415211696060059 0.00711034617057968929 -0.63206328304633230264 0.073457325682310586901 -0.99417466011011412785 0.078871835902961345832 -0.62782049353432012317 -0.10754621412405981906 -0.77089249556992578416
-3.415249022974901294 3.1513125322984336663 -1.8378908713412083209 -0.013476535968236599827 -0.0044251998564902896016 0.99989939523156989853 0.69066626711641210257 0.72306544550426310458 0.012508756337070537495 -0.72304805541927830159 0.69076535750128775781 -0.0066880812175959501731
-7.1660595901370998106 5.7432879983346092345 -3.222182508536948653 -0.99914184609791689695 0.0019448312585204408955 0.041373771975839031267 -0.0055335763564170574458 -0.99621012870371716819 -0.086802989584786882649 0.041048153537499090793 -0.086957444186867183245 0.99536598896671857339
-2.5729372373534982188 6.0668732009295993635 -5.1881639584784542407 0.9780034133692949716 -0.004887353036880836589 0.208531621626826702 0.024538542088168354555 0.99547935387169228516 -0.091753561060843591424 -0.20714049191359257263 0.094852357880352552999 0.97370213454344844983
-1.2249754817244076222 4.7352232561818219381 7.0810894929838017475 0.99999217829264752666 0.0038648208746852063568 0.00084054336065813965717 0.0022655258481320168784 -0.73391221829507469199 0.67924054887033513683 0.0032420280946095633365 -0.67923333177694000806 -0.73391523370016154004
-6.3077521162136482857 -6.1833429242589579289 -5.7370961802075264302 -0.65887785511198315724 0.013535112494875942493 0.75212816246493807704 0.33716004775768565471 -0.88847403800118740502 0.3113470507229757489 0.67246046295605732546 0.458727244152300484 0.58083236930569304146
5.3147659443032351234 7.3862630322195119703 -1.12476303260463939 0.99390157084934338538 0.0077827238083898126267 0.10999589389318524535 -0.070341524125643956067 0.81294787173682159231 0.57807251086890587555 -0.084921949146953140675 -0.58228445544142648505 0.80853761539224722199
-6.8029105881705023151 0.20339292493995853039 0.14259711995890378411 0.79966288299624088687 0.0080230545027727799556 -0.60039562303066429383 -0.22461399006065582706 0.93131199904118344701 -0.28671678693599150778 0.55685530349183420817 0.36413402894853219571 0.74653772840670440392
-4.5492763253516983468 -1.9437123654339543144 -0.38550194770528017907 0.97821502010121652582 0.0079271038226206708144 -0.20744284869168902463 0.19319096039555969102 -0.40048695256533189957 0.89570500369617012115 -0.075977807745246539461 -0.91626817136138338782 -0.39329379715469736656
4.7181604522566207294 -6.3144126093903611974 -3.5472463405675860315 0.98119129498129598055 0.00048669480216502686645 0.19303731706857063521 -0.18482426965240378314 -0.28622795305541592903 0.94016676618420524925 0.055710250406117121924 -0.95816142795347092331 -0.28075442290693036762
-5.1755305763798364893 4.1268561802503587188 -0.55298201185952833292 0.99919843746895642411 -0.00085653213240640194148 -0.040021855434182615485 -0.027579196528089777035 0.70991772752064030705 -0.70374441956640954032 0.029015004369363654735 0.70428409502466815528 0.70932506160209507495
-4.342383585469128171 -6.2832927956617474763 -3.1046135927646436592 0.98954606267361155947 -0.00091087729397339904994 -0.14421428552609980023 0.14397237209170629657 -0.051999146343787237823 0.98821457429739445466 -0.0083991619552226202267 -0.99864671384935066456 -0.051324409362130590795
3.8008310664796356448 -5.2653077944360262563 6.8884423050956664625 0.84358408321149247477 0.0049584111093563497386 0.53697421605843242975 0.19691153567054156537 0.92744721382396644316 -0.31791117106861965791 -0.49959157486106242629 0.37392122128809196502 0.78140333925457194919
1.9145762513242963188 -3.72050687440319372 2.1729810580847863655 0.7654639298460932384 -0.00070220783661477208237 0.64347842155649526141 0.20118022865478277228 0.95013074402882546909 -0.23828152435675922782 -0.61122130828619869458 0.31185104802696789195 0.72743208352497590319
1.8818291628658354586 -1.6574377193735823077 -5.4834373146911596919 0.75607098978567666148 -0.0068984649483540758097 0.65445326004675119513 0.14484560757374939644 0.97691281965117493513 -0.15703850727722160063 -0.63826045496412675551 0.2135269397116329182 0.73961465483469213122
4.6894010063374427233 6.7790008825416760985 3.4463019234450831263 -0.65945534000055117119 0.00048331874793927892108 0.7517435872341545755 -0.42164822641460963926 0.82764994074455655593 -0.37041645312660076428 -0.62235956464580621805 -0.56124445831426150733 -0.54559438258229953078
-2.4762301165853717322 6.325023343892186567 -0.55146628647955353575 0.77006221947189479327 0.00065783710372341406419 0.63796845172189087236 -0.34605910055124300406 0.84052551876532088926 0.41684523654466132392 -0.53595454757630744957 -0.54177155661283871169 0.64748459701959648616
5.2315866847136165418 -4.6269323943839646418 -4.8081913367986484076 0.99697570253688194697 0.0083700262209277578873 -0.07726183541844694469 0.040834413320265716685 0.78945713169451037228 0.61244590610568150346 0.066121095271920310443 -0.61374862922692474676 0.78672779338364851043
