1125 14.717824617146108679 14.977075390850430381 15.033177056927090831
-0.53709007413692622102 3.3410183429365010177 -7.4071483709258165717 0.89299531985286995095 0.0034135862287299786715 -0.45005300371165002371 0.24669475380512706497 -0.8400814505603819704 0.48311991769067280655 -0.37643200868924842073 -0.54244954037543680059 -0.7510309174598684967
5.851008387727500093 -5.2738311980461594075 -6.4739800447911131087 -0.98445759189604864492 -0.0049370100775177234997 -0.17555305662299594549 -0.077629728610574780245 -0.88441475650825429611 0.46020013440483548139 -0.15753372652874647608 0.46667565224887097575 0.87028556267714085593
-0.7565129481886524454 6.8836207467514967107 -4.3178401948902385143 0.89492550429745754137 -0.0080637597370178861617 0.44614270983260800874 0.26326894629635988476 0.81681041539499266158 -0.51333245291748652583 -0.36027462257827969072 0.57684982541490770203 0.73310741044198313165
0.083121051244636534605 4.2643873543922454772 -6.1414451027569914032 -0.81828997640240186406 -0.0038719047414547619682 -0.57479259117789960332 -0.0099146529842040823088 -0.99973347089119524167 0.020849144729093705558 -0.57472011812318390955 0.022759515227703502882 0.81803348971239886467
-6.3161209808475780036 -0.94878251725895335067 -6.2518439431922265825 0.90118312817643320134 -0.00087027819638769098563 0.43343766807469619184 -0.047669966513074278625 0.99373269229064964403 0.10110840996383434198 -0.43080917328072448891 -0.11177915229873808256 0.89549365007716474896
-3.0733782364400545895 -4.6876812873442430529 -0.24335348512318305536 -0.59452483766959340894 -0.015444084232974129856 -0.80392891331019067369 -0.76988899652716635824 -0.27750819069783383419 0.5746826403519992299 -0.2319723052872640634 0.9605991278144051515 0.15309528151419049546
-1.5167955357375713099 0.57338952155152878021 -2.1338822468818210432 0.9930197777319071939 -0.0011910079527114492311 -0.11794194560575990693 0.11652237526175424076 -0.14509252766437688575 0.98253279562529360902 -0.018282699378972106646 -0.98941737397122220266 -0.14394097049631968122
-7.0432456366629088151 -7.2448548657258013961 5.0519252324440335755 -0.90043177881677238794 -0.012047690556662070394 -0.43483038629934339658 -0.073019467777344651549 -0.98124615212250954066 0.17839323493432551748 -0.42882486987397777645 0.19238202124174877405 0.88266550226023166026
3.2276195098556290652 4.081223743477059962 4.2317645659414830916 0.95108448671923573325 -0.0065073284736312129659 0.30886235412922546928 -0.29063120189161806284 0.3201386755557373287 0.90168993168413136274 -0.10474637754677672274 -0.9473483430552439577 0.30258769522445189137
3.694287842782153497 -6.1137918296569200294 -2.8693233274803202626 -0.99329240145596997547 -0.006998036195442487728 -0.11541764466167538095 0.10244354563361141031 0.40964606896049349238 -0.90647416849206374767 0.053623923465615765116 -0.91221769642709571446 -0.40618142394442174892
1.3879288610369164836 -6.506603418331481592 -5.6499103147208131759 -0.93092859548268902525 -0.0023094019831961646629 -0.3651939440558865102 -0.25008115656341223243 0.73276994648156301704 0.6328567141663160589 0.26614162629043225383 0.68047253596006629373 -0.68273403500890705864
1.3370624249589564414 -1.383593068480738042 3.5982563732501664511 0.75118674902061599585 0.0033928493899213108161 -0.66008102280618174973 -0.38635178583008789044 -0.80854482717655962176 -0.44383280639421196501 -0.53521095437379084814 0.58842480489769632968 -0.60605732674333567811
-6.7834674323491110925 -7.2511628209878242757 1.4109066809902177653 -0.71183379534980084635 0.0067318065380822418586 -0.70231569153673767403 -0.66536957945913721701 -0.3266476707577676275 0.67125600326481293934 -0.22489101922555437829 0.94512220478057951123 0.23699799050292924552
6.5602671241380461353 -6.1183646382977414646 6.6735674861797278368 0.99108994162094943281 0.0065126886750940856524 0.13303500480736757394 -0.065776535867231172849 0.89244498982925424269 0.44633550996764359553 -0.11581957929121956818 -0.45110921628255534754 0.88492163496996556482
-2.5738499471320253065 -1.918049457604194874 -3.563736579207464672 0.67701885929948657505 0.00068525227787938174095 -0.73596534876458419294 -0.6439902884719419518 -0.48352119168167284613 -0.59286066284460980924 -0.35626110159077123418 0.87533238693882708947 -0.32691166982726527213
4.1267556932981364071 4.3534575155426624704 6.692127276191556895 0.97619658610228476903 0.0027875546752937144235 -0.21686967243311539022 -0.19442307257855512281 0.45440948487819582402 -0.86931679432861252987 0.09612436804162961812 0.89078855492843689312 0.44413495277554648766
-3.8992742369097008748 -1.3267546742768234758 4.7059053300592301738 -0.98647597963158772938 0.0031665510052790351095 -0.16387530187498736134 -0.14987332224063890096 0.38734055275604561963 0.9096731739868052502 0.066356076514879416828 0.92193127137844843588 -0.38162756971187283828
6.8304420606802942473 -0.9108411693556286437 2.6838052780917660556 0.95267243327704609346 -0.0050095303337711659733 0.3039574632739662774 -0.27589681804324239778 -0.43411506554377254918 0.85756927164030305466 0.12765649481213175997 -0.90084350165491744455 -0.41495156929282578373
3.9588654526282684998 -5.4243781442080614141 3.6408793946523769769 -0.98609306935624518875 0.0071440369771274313607 0.1660404206907558633 -0.098889619142775636584 0.77774214042136835534 -0.62075599573316342372 -0.13357133597178427742 -0.62854285911824536726 -0.76621966332002244826
-3.545667487814666341 4.9091189943498587667 6.7982530502352016555 0.99367316164125352174 0.0023604285502516041823 0.11228569014238337642 -0.10788049563195076241 -0.2579657524022161974 0.9601122170088149943 0.031232138830007846741 -0.96615117811074990861 -0.25607900058294041923
6.2880753585258979399 6.0942256223989330621 5.6358014717945543737 0.95063525856690234139 0.002509666373342166884 -0.3103003492491541726 -0.0056791423380922814723 -0.99965910585572570479 -0.025483708951420762368 -0.31025852528457442681 0.025987952099259619548 -0.95029693982138463415
3.118887339935818126 -2.2940358930272055638 3.6029681766243917274 -0.99951112073853354278 -0.0055039919526746316353 0.030777030269994357092 -0.012883312842258985709 -0.82442016901086301317 -0.56583160496598727818 0.028487537097155696958 -0.56595149173825365363 0.82394621743732787689
-6.4449670553534534889 -1.8271428412084480541 4.8303294714389952702 -0.96190294955046007352 -0.00646051869346449259 0.27331479532649166631 0.23496027132573002461 0.49157688074205541096 0.83853791877197036975 -0.13977262444664195762 0.87081021584391749002 -0.47133128629150228273
-4.1176386422778259444 2.530854491553365726 0.39199184346196941364 -0.99527731449425349552 -0.0095408221028356748894 -0.096602484268485819263 0.0065616712972564345679 0.98626983849935345727 -0.16501136365782073656 0.096850460623727499532 -0.16486594063064444193 -0.9815493924897488176
6.3759702505381588011 -1.9523528710797448671 0.11480311266313880658 0.64786595719399375781 -0.0077123847898574252047 -0.76171531468778186369 0.59577497594183803642 0.62823975193619241431 0.50036685754413423588 0.47468081860398569916 -0.77798157639375309369 0.41160999409807319527
-1.3526525872995376343 6.5433312425975875826 4.5687556480829281114 0.8924709299637687554 0.0016474619178551126817 0.45110190094781971171 0.45061954565371986625 -0.049631507901901524005 -0.89133536814049685315 0.020920426486406677735 0.99876623856263990753 -0.045037056553622535626
-6.5584226419022240151 5.1967777994664432484 5.6070953401694181295 0.99997006842222990741 -0.0033946489332829813887 0.00695259796260291104 0.0062882317110754893177 -0.16697214002698756996 -0.98594156145119260515 0.0045078156304366101201 0.98595577021156310948 -0.16694579594829742075
4.8290825751521051501 -2.3481422441700718906 -2.9248004696187104301 -0.99495504875795037769 -0.0042800450358070427775 -0.10023039541703959721 0.031386404729224097465 0.93565514550265382887 -0.35151720056424318184 0.095285594657027489207 -0.35288968518341989888 -0.93080047568858736984
-5.44528154673586684 5.3500636512952013391 1.0061266361263105917 0.71471766438633743679 -0.0012213575434099240014 0.69941201626796845048 0.41906483872631900001 -0.79987547031193961811 -0.42963227641376428023 0.55996725007583481037 0.60016476094403914399 -0.57117329993927257181
6.0791870351334358347 -5.6169381591872697967 -0.87413536717334650028 0.66620034218478030308 -0.0036291643082694015864 -0.74576399298922513292 0.30576639179120346235 0.91340419668575845158 0.26869999465525640225 0.68020880450335119427 -0.40703759364853064895 0.60961986486087493819
5.0187452619073251725 3.3567650871361762732 3.8276753517468664612 -0.93985751810591078304 0.00093983244011622973924 0.34156545840394531011 -0.33399686834250325029 -0.21189200030049745727 -0.918448622485779409 0.071511800404725600622 -0.97729263627814499937 0.19946219060074527052
0.6304259462628976074 -5.2848355164939233575 -0.84003186644082750156 0.93646987394309311181 0.0062699133707789121359 0.35069197792869177821 -0.35052571599205961661 0.052321793317101697451 0.93509045143898195107 -0.012485897062737809013 -0.99861059384049755128 0.05119554906561676888
-5.5336546491650215884 6.4901754982568222729 3.7959673069256250066 0.82006900201987809051 -0.00033930045520624732384 -0.5722645514108118947 -0.46358905928443311373 0.58590385682123735656 -0.66468176947598689441 0.33551753462059441535 0.81038050040538944785 0.48032429516420593885
1.0501725868192650637 4.5798570867498806791 -4.2702942902707139439 -0.91500118229421789628 0.0051942906735028306076 -0.40341771867964776321 0.39399460398400676375 0.22672787616739176197 -0.8907091120001958684 0.086839440531231562592 -0.9739442948716637849 -0.2095027972491010082
0.013029151898680715882 -4.2563894316584960364 -3.7301097978062585092 0.95576764419829662867 -0.007473101236959291821 0.29402782701916008179 0.16662215147785147673 -0.81003481755865025526 -0.56221050593135435403 0.24237423324395102053 0.58633415992985837839 -0.77295988509028068503
5.1629232439659586973 2.7528985198602158313 -2.6440662395823673059 -0.77185919563506100172 -0.00743052124599471054 0.63575008412693667648 -0.07675933308791596521 -0.99152851768090199958 -0.10478169405633067091 0.63114292113379977245 -0.12967646655978207204 0.76475004225108100808
6.6772456586495856357 -6.866291937546346702 5.9436785962124139004 0.99407088593193260184 -0.011467174819233445088 0.10812759890119762185 0.10596673429234632069 0.32508550177079958976 -0.9397289331300320292 -0.02437467878517658032 0.9456151016349015892 0.32437317181612990158
2.5701514168208725586 -7.0943303472438152824 -6.6855231374068528893 0.98011838855359967315 -0.011765930806488833146 -0.198064401878024543 0.097747492032759702996 -0.84006577834993156895 0.53360558078663611337 -0.17266549226857125232 -0.54235694050834160063 -0.82221382672766429867
4.5934021720353355178 4.8616111799334662535 -5.1785650886009841898 -0.91778905056168913479 0.006405715919751512992 -0.39701665641709893428 0.1578595933618745506 0.9233419769781751052 -0.35002848788888324405 0.36433996137214497146 -0.38392520150900577569 -0.84844436010470491993
-3.5260090624329913922 5.0794076074316993896 3.8354380695784779931 -0.9158812339574621264 -0.0025080311798337528995 -0.40144149644043408687 0.27759284897289393523 -0.7263412586208307653 -0.62878500795118041911 -0.29000650938188887729 -0.68732967766912722585 0.66593853974035532861
6.5219808505146641409 -3.469687769658487575 6.1800966445544114336 -0.99283676921815156025 -0.0021582542967615112733 -0.11945916300956697931 0.11168541051911601292 0.33842320642363771244 -0.93434260441819338983 0.042444301922978905361 -0.94099153837438676007 -0.33575795737691843668
-4.322658430617845049 -5.9318664804896048537 -1.473242535074184234 0.87489755792411105784 0.0041474863801422715351 0.48429026574472733291 0.48351294023176344394 0.04979511331438882249 -0.87391972361222647336 -0.027739858810866407923 0.99875084232598798639 0.041560259701066443183
3.2001170831361855917 6.8763177818992993195 -5.3926793466049520731 0.96414333618462355613 0.0020917462461376113911 0.26537379653708292881 0.022251020305164480317 -0.99708500752456064031 -0.072982051663379857165 0.26444757398438117901 0.076269996507551979237 -0.9613794091026898192
-3.7088748307591377085 -1.2824038976209839458 -5.5213330293748859035 -0.97996623971474972059 -0.0014044089659841544303 -0.1991587222665129886 -0.19167665100414782442 0.27825272439185749773 0.94118833547190272615 0.054094643720028659506 0.9605068708780492015 -0.27294746841986755603
-3.7427486020959328528 -3.3946016490935297938 -2.2080035685397336742 0.86419928756009833926 0.00027717513963063144036 0.50314959460841213179 -0.17044335055876871921 -0.94071400556832240891 0.29326817757443301993 0.47340115719223496704 -0.3392006528611407612 -0.81291713075050198167
3.2530286616004051581 2.9912215913423918501 -0.21920519510779387651 -0.76164421999871778635 0.0062895730642895967752 -0.64796490909104931255 0.0038626379146312313576 -0.99989106123755566724 -0.014245900662301325471 -0.6479839212288183159 -0.013353161723336448574 0.76153695307647661927
4.9220500855231579251 -5.4035341832463492651 -1.1942134199890053203 -0.6337511549662556698 0.0016880069687711710645 0.77353514736656836526 -0.77306810733893072118 0.033430697859917452019 -0.63344146521676392148 -0.026929073403219885852 -0.99943961251943624902 -0.01988179902755914108
5.0106721725091381003 0.90386885422975493665 1.2911115418137895094 -0.99563794927696880332 0.0036140019512960874087 0.093230965614953406617 0.089538330495860643521 -0.24390101819652226789 0.96565790044644950196 0.026229016977495234891 0.96979339671527164946 0.24251351788260200326
-4.5249380579438867045 2.4378113730932025049 1.6555520978179802949 -0.90520477646959651707 0.0031457949515490022871 0.42496401804233624455 -0.31682045669008546129 0.6614891586963659309 -0.67974766726326707467 -0.28324743755105158405 -0.74994812947377353929 -0.59778649384164939118
6.2495643718753806084 1.4523154113928447018 4.1965480727426793806 -0.91133173754076679529 0.00032270413211003389636 0.41167263694954242537 -0.39763869537493973239 0.25818929800621476245 -0.88046678207395467908 -0.10657359941110398915 -0.96609429263248691733 -0.2351677819162885652
-4.4929541113500279792 -0.40941314144884050075 -5.88160787152057285 -0.69059922509394833234 -0.008645964189918139281 0.72318597718886823422 -0.088202330450897453717 0.99347155930488062481 -0.072350603006231709036 -0.7178391597026088089 -0.11375195890866472703 -0.68685328319949801035
-4.4449399460018046426 4.8428681066328946869 5.0020990391109645401 -0.99572477363525446759 -0.010167269005564142509 0.091808506197333480947 -0.051652703221458033667 -0.76271055713525159891 -0.6446740294788346759 0.076577891190103719588 -0.64666005959510020062 0.75892462992405751443
0.4438447022353325111 -0.89922534107099039158 6.8655625428909550223 -0.85404914063917836131 0.00046001619916375205421 -0.52019213158083155157 0.47885620271161888351 0.39135087412867042289 -0.78583791614013898119 0.20321614723766495691 -0.92024142577034695467 -0.33445315934829489279
1.9696940259281154884 -2.2156286397087887607 -0.49215883347633515577 -0.99898440524874243529 -0.0030073647029629961905 -0.044956799565171942645 0.0011805762156185152512 -0.99917454853768528089 0.04060576060698258688 -0.045041806240525852911 0.040511446681276257198 0.99816334253387906106
-4.3033339296796127016 -1.9987164889596622519 -2.2475180596091259844 -0.80329459245544021506 0.00076593861178948438595 -0.59558140591340780201 -0.53742764161739287054 -0.4319207002721122679 0.72430383037931644896 -0.25668916564074156783 0.90191126060967974354 0.34737119947986633273
2.7119810742501515577 -2.7812297660238125552 -4.9974236667877613982 -0.99610017386241000992 0.0018164797436803223687 0.088210793174720109056 -0.033697443065588757183 0.91616304215356425544 -0.39938673303295102457 -0.08154094653619374522 -0.40080167239326486284 -0.91252895485280605126
-1.7465417484910812362 4.2572366254280646913 6.0332109490421776954 0.90251178436986145837 0.0052570582035537929619 0.43063307166595882203 0.11041332846540871659 -0.96932889959263668356 -0.21956862551720371379 0.41627079644223635713 0.24571090279711846338 -0.8754112041069571637
-5.2108193040319523703 -6.5827154725640308897 5.3682462462681330706 -0.95943083949181007242 0.010652806662007499941 -0.28174275845597945844 0.19896416614772580167 -0.68243663470104365398 -0.70334451032701839068 -0.1997641730173559671 -0.73086712699923750414 0.65263122653644600746
-3.083689083276507148 5.24069861901152656 5.7178503645108813558 0.98387744937890486696 0.012825217424077956646 -0.17838351493804183168 0.14157467551356051061 0.55360099887874991698 0.82065982312633067863 0.10927843271605101882 -0.83268328182972950469 0.54285981275524919365
2.4712189241499142867 0.087925267600077447461 0.4483812333438879083 0.83023046540484712885 -0.0004569373145852963225 -0.55742009788115665092 0.22511672367153756635 0.91509774790108777687 0.33454233291114443549 0.5099410113306844794 -0.4032318228941291216 0.75984489336205296439
-1.558826790144494101 4.490551158603039994 7.4181417350517149245 0.99876150871078350768 -0.0078213448684135346983 -0.049135275334359934662 -0.045874445395795535041 -0.52707506409405946446 -0.8485796439167125893 -0.019260944352775807159 0.84978273892486388963 -0.52678108607652862627
-3.9745853830172395149 -0.2876342211475585442 4.7235096875802202732 -0.72904245791111410568 0.0021512089498569985507 0.68446509543065126024 0.28464709642357760577 0.91037433064423445295 0.30032417252303400534 -0.62247339305425308797 0.41378007492400381562 -0.66431387501349248303
3.9259905994560835296 -2.9358144108219454971 -2.2169346903640141377 0.99181261155894506754 -0.0031178786030602147553 0.12766370817787914271 0.088663719203982735428 0.73628115680497741025 -0.67084186141818369364 -0.091904779253472665412 0.67666855769055433978 0.73052937968531572732
-6.297059931888335349 1.669582421459038013 -6.5415497908972781715 0.542740388509924232 -0.0019698960631709359903 0.83989820227794032004 -0.038961889033273751359 -0.9989797675123617271 0.0228340820681823993 0.83899633007715646027 -0.045116999129396470614 -0.54226341800501487445
-5.3126583673537677299 4.3382121416276646642 5.9279468145361020603 -0.99128151924154805918 -0.00032372187559032497561 -0.13176055864446056809 0.03584060527576296562 -0.96295333777969882583 -0.26727573827863487788 -0.12679274673101287307 -0.26966787807048619996 0.95456945002095505703
-6.006481176874727268 1.7895070532552601605 6.470606651629407402 0.95541303903284635624 0.0067333903215657736965 -0.2951958439762924491 -0.072239366646548730522 0.97468884088132135002 -0.21157300718237662118 0.28629949135936588744 0.22346437057487733568 0.93171684342997562744
3.4018160982378899959 -0.86615946775459673468 2.1780579908245587539 0.83303921087706345183 0.0049351185073577665333 -0.55319193572101488243 -0.32078918119456023561 0.81898964598400281201 -0.47576282011044390696 0.45071052169869130211 0.57378707233280268341 0.68383362103203459981
1.843638952537059561 4.6188397146674464722 0.094193311068246743378 -0.70417575570244006489 -0.00094246482936101438899 -0.71002508183942292241 -0.12673496603187184295 0.98410706390361757379 0.12438462589876826681 0.69862347045160089198 0.17757364256869082042 -0.69310377866449046635
-3.4395169973786510198 3.4730370471151359446 -1.5489237359587859633 0.99992250742216126635 -0.0087863517447964792351 -0.008819250173536527862 0.0094408532377187395768 0.073416781643046963302 0.99725666027521076007 -0.0081147668327339883554 -0.99726264153228327825 0.073494043044794038488
-1.4196201575532332306 -2.2927845232247636709 6.0290942647515235464 0.9879295758875479283 0.0058324347969387693724 -0.15479384933148809811 0.00037905594011403143107 -0.99937894384053749253 -0.035236102576065318759 -0.1549032259286819424 0.034752112345832440743 -0.98731822695843352022
-1.0481107656346362322 2.4229557201985691961 -2.5800455426136594816 -0.98429110970280597748 -0.010341785321946642129 -0.17624998960660895331 0.027366133137044702794 0.97728102749515755043 -0.21017347134029337741 0.17441933985970242693 -0.21169516001658389426 -0.96164601237061519967
-6.771833822628390287 7.301222568170582683 0.1100245672030967653 0.97458601600333505388 0.0040282468090240240721 0.22397738867662964068 -0.16767271239414421879 -0.64991753299056309601 0.74127799227411861338 0.14855288260140966927 -0.7599940615157425583 -0.63272511213932203233
1.7479474640797276752 5.1678481731541161537 7.1248530948180732736 -0.8531595150980675335 -0.017647860255607970142 -0.52135150793487572418 0.47769787952977393886 -0.4279638650555475099 -0.76723638215314371447 -0.20957952593307885292 -0.90362352959359004689 0.37355178901262309221
-4.3495475126324416593 6.6351182602015912337 1.4994064034598297841 0.31635944132759136194 0.00524612719190263848 0.94862489005524985863 0.11173535938493445174 0.99281788468952159032 -0.042753447857196522075 -0.94203604673380481049 0.11952039989081268689 0.31350113343324703674
2.6983135318019955129 -4.0372849332863296468 -7.0530071227523825073 0.90186912701685773008 -0.0027925936919493271615 -0.43200032309522745644 0.42353100300191137695 -0.19142403058736529031 0.88542550788307250453 -0.085167876749875734421 -0.98150345997060572945 -0.17145667334849032382
-0.74568586919736234986 1.0309431046508277241 6.1314304204944916066 -0.99924522674835980496 -0.0099774097219726895491 0.037542350964094223231 0.036010110976487541556 -0.60038158835929811286 0.79890250986354527374 0.014568758633796115645 0.79965142384304110923 0.6002877240270291237
-1.5865626410125661661 -2.9882084324832791644 3.5364570994567707807 0.82171882694606623865 -0.013699025886016468617 -0.56972844946711154179 0.17680819270822523137 -0.94425283114136282503 0.27771469869797338337 -0.5417721222373876877 -0.32893605392445973701 -0.7734882287371754872
-4.0375021999511471194 -7.2210026822580868355 6.2454569511035229468 0.91347415020071909275 0.00084584096081573040965 -0.40689588529284198559 -0.30486912538924149096 -0.66085829672743356955 -0.68579962673567540499 -0.26948059911525695798 0.75051022391402644196 -0.60341910021237288309
-1.4492113958600729706 -4.7366009217320828029 2.6775495006928951014 0.88311524223848536508 3.4915412906161465145e-05 -0.46915612295597630688 -0.44100014217707794728 0.34127506275281760395 -0.8300904806964251037 0.16008230235080833648 0.93996347286685844047 0.30140060741493174268
-5.4037258754386305881 -0.83885371941955100272 2.2314460906559379083 -0.99386668567120051154 0.0052945859224267123599 -0.11045803942119179764 -0.090563445474304976601 0.53423786454795596512 0.84046901574481747144 0.063460802521583634106 0.84531761571795271948 -0.53048171985487979629
-4.3033652319603987735 -3.7593669412963222065 -1.2398482345287153983 -0.98172950013859350271 0.0034855300846577822252 -0.19024993991475319666 0.18732569403531262875 -0.15785202635888120892 -0.96953175405892966232 -0.033410670627032422464 -0.9874566263154971324 0.15431506159106636589
-3.6492779131992403308 -2.6160056153181989735 0.62529114081688941251 0.94077843117169168696 0.0061175395255630201502 -0.33896684078575789467 -0.0038383333184618491016 0.99996529770105602175 0.0073939563806134644963 0.33900031067753760849 -0.005655006965128852453 0.94076926515307857102
0.215984808193955935 3.1725359884138164546 5.1772193026366863933 0.63323126800753815058 0.0012723767351379066878 -0.77396158966400241397 -0.24784651721713116257 -0.94700497878787115447 -0.2043371577914919468 -0.73320547264800983722 0.32121636198740693979 -0.59935780938484295444
0.98393491065711957688 2.3225048664517364827 5.2336232575773831144 -0.37441754857363968023 0.0030474549572988927221 0.9272552034571333035 0.74667467371572393553 -0.5919437176898737496 0.30344615126727908505 0.54980763085968065162 0.80597354057421843887 0.21935865823509650974
-2.5989657679879161201 5.7998437642754865351 0.47915345529603664554 -0.17271019902355150277 0.010387001125846867522 -0.98491791402164396985 0.52200684196190183517 0.84893392706291204153 -0.082583560266994149313 0.8352724370516314556 -0.5283969130200644182 -0.15204163315603361206
3.3150252876910699662 4.3325815091562693837 -0.48164037386934771545 0.97520267164249363478 -0.0055935510051196889528 0.22124299177254461157 -0.1006377971652315656 0.8791372706293483219 0.46582152502025375718 -0.19710855639232460756 -0.4765358030385849486 0.85677409240678181757
0.15168344202352385119 -6.5950689393031654006 4.6226565986520400386 -0.9987537965202408774 -0.0063151092191769953033 -0.049507305845637887554 0.047783758558457976873 -0.40734762709838406858 -0.91202227117294087932 -0.014407163307472822117 -0.9132513509942234986 0.40714174872217356871
0.61964105555246473678 5.0775747194562512732 5.4190105031103668054 -0.99399618031540659668 0.00073130357582667365746 0.10941233346088762024 -0.046511688722001051643 -0.90795264317565715917 -0.41648368583009443 0.099036641353076493299 -0.41907214527509312196 0.90253547338823936208
4.0487449239286021907 -6.0635159286059145956 5.5952433355464323839 0.97405790664515357058 -0.0026519219346319697003 0.22628336618526226354 -0.017590534920978697503 -0.99779315564003978611 0.064026491697029591643 0.22561420075717711353 -0.066345955927181884948 -0.97195496117302426775
0.4330130092887123916 7.1286301849878910275 -2.5779602936412819858 0.83864595623352033993 0.0086901411539615260049 0.54460760327039114959 0.37912406279468319203 0.70858551324155116813 -0.5951231094774009911 -0.39107276190403850169 0.70557143640516151173 0.5909577337051802326
3.2618996147957748377 0.31776027246714588781 -4.6357076531069330017 0.99118836021197387343 0.0061838402871870756794 0.13231551193909624198 -0.037587944334546152803 0.97097823082400813721 0.23619572753710366131 -0.12701488503754015946 -0.23908792396395264768 0.96265475825631141582
-6.7068074440379463752 6.1341101358450558223 -6.9914977908671813722 0.96776850878548204005 0.0025504093163638509242 -0.25182853058253484857 -0.072685295232172486557 0.96022466061819711225 -0.26960239056406054559 0.24112436886400659408 0.27921693457444879405 0.92946056515963249023
-0.12038789121592478881 1.5433317101888259781 -0.68076087178359234731 0.9989557258578553034 0.0023012885492955203852 0.045630711660247923189 0.0095270411794909741487 0.96628455175282812473 -0.25730021478885733988 -0.044684373800806052868 0.25746624849681537528 0.96525356131071204935
1.0624455904511660442 5.6438020766140954976 -0.54129103198265604568 0.87745836921299169564 0.00058108702962490245414 0.47965244983816224256 0.17548230553397373144 0.93028315032287689501 -0.32214782425123000831 -0.44639978801784702123 0.3668418222655913663 0.81618276549692081456
-1.6345401320074401941 2.2323119922684506733 2.2106437940422574151 -0.89557649956496065968 -0.0040877120238746534123 0.44488877715389457679 -0.2394377684330204481 0.84722634642888627887 -0.47421205484947620556 -0.37498305091686690016 -0.53121634813623030968 -0.75973475831894710097
-3.6928935809599829909 -6.6276299731697383422 -6.2745284183473639672 -0.99818088100499735571 -0.00049398734533262229213 -0.060288346905869434622 0.059785014752167964236 0.12109017495774219986 -0.99083950342119697652 0.0077897886507195977443 -0.99264138816853708658 -0.12084036447959947691
-0.98505414657726664274 -6.1494172228872283625 -1.0079771149324698865 -0.99629407409458592415 0.0079661877002792889912 -0.085642616596258033801 -0.053879101468605958281 -0.8339433979682879805 0.54921348436639150226 -0.067045956991187871665 0.55179248711676764927 0.83128207656162345085
4.1527617676317802875 -7.3400496892294775364 3.9998245598642414578 -0.90606904133807786295 -0.0089660865734346086725 0.42303487045427540236 0.031978856109035787292 -0.99836712606873367903 0.047333226672048797634 0.42191971403411232533 0.056415342565633005978 0.90487627001300152685
-5.2028172656557289955 -2.3245239956854359953 -5.4470053194020771059 0.57415569361681939586 0.0059388156103270736685 -0.81872459957941223774 0.76569734943102629732 0.35019661071594770929 0.53950894609557265014 0.28991862403349083488 -0.93665738896997485785 0.19652004255631530527
-3.3326260703582950562 -6.0172894185984935334 1.8081280542297946123 0.90964158394833138921 0.0021802077180124992614 0.41538829478710692644 -0.14386906446088720823 0.93974834436302834284 0.31012052746947882387 -0.38968433512646255545 -0.3418600531813298371 0.85514783692400586634
3.5937541177457559272 4.9309201996118616762 -4.4232039943378804736 0.71528367758538013987 -0.0053924215438257922309 0.69881341026747978429 -0.65718211266385695435 -0.34525687187528564248 0.67000698743934372636 0.23765717193996521717 -0.93849273530105337127 -0.25050040800912115602
-6.7544042798429497765 -6.3137963869488569202 2.8005718556459164859 -0.048224894221540880179 -0.0045908864096216714032 -0.99882595247580441278 -0.0029165861172499190669 0.99998582136714198043 -0.0044554001116027582702 0.99883224472513598702 0.0026983007074268686512 -0.04823760017404561673
-4.1093848423022523164 -5.0015638898009529001 7.4374654340591108692 0.99501109251602881667 0.0087890974844090537232 -0.099376443564107574957 -0.089126855732045803804 -0.36925489018995183432 -0.92504444739595959035 -0.044825543581332102927 0.92928659617811337768 -0.36662936708128945895
-5.959728595643548843 3.3115924074184879267 3.7214214889969885469 0.82464868988059092381 4.5040676181979863446e-05 -0.56564523886406226083 0.055573376546224642625 -0.99516843408496469259 0.080940642572793902731 -0.5629086409867296581 -0.098182410706706996217 -0.82066684844115000974
-3.3629743023623550613 6.8684239205860722066 -5.1092829505623029718 0.94558432954186732999 -0.0046053973792032458501 -0.32534453436296006945 0.1357429804267023532 -0.9031462548901234566 0.40730907864034227028 -0.29570951792229521748 -0.42930831880245529097 -0.85337579554226905554
-6.7045787019710036958 -0.026649715045129529489 6.6470826033007561762 0.84952151879238757548 8.059033955357857229e-05 -0.5275539618027604849 -0.49841681957479100351 -0.3276133720664766158 -0.80265194973180220561 -0.17289841836637201422 0.94481187119371956573 -0.27827444183382366028
-1.2869957109869156753 -7.1882559713725866501 -6.3494052734961670126 -0.97395570409836196291 -0.0047225555959323562219 -0.22668917910416580552 -0.14511499502873001499 0.78118236348911940237 0.60720322231644263677 0.17421803773459884623 0.62428504102083359761 -0.76152233249306755525
-7.3071201233398124231 2.0437425799698596407 1.7008284394965045294 -0.99285441961638065678 -0.01105139744136293678 0.11881905597445234501 -0.11211204706146148113 -0.25469720772782017404 -0.96049998504909184227 0.040877748858731376147 -0.9669577027926579138 0.25163825356658381383
-6.5410280419074151581 -5.339360946835753019 1.8873460084554831706 0.92322362610106212255 0.0051077907015879353905 -0.38422915907416149706 0.1384115814650282994 0.9283723426454744132 0.34491597169053139771 0.35846948311545434596 -0.37161633963665841041 0.85638830316037983792
-7.0265094708749602503 0.33940464821577048804 -3.3460934781305287089 0.68014301987945191552 -0.014355582627483534294 -0.73293887177357885943 -0.73118825421656441499 -0.085054694091649327148 -0.67685259540662623401 -0.052623278166548062562 0.99627286235266887537 -0.068345989893970254814
-5.336931875748517129 -4.1220448109380125601 -5.9805419687653582628 0.99727410164350271948 -0.0015160219704476647108 -0.073770372565418976252 -0.058570523902530778615 0.59179906432681605999 -0.80395482534259254948 0.044876050637700823365 0.80608409557523996725 0.59009708602901012053
-5.9950131870454912431 6.6643459891708785037 5.2419681407211475843 -0.99849826427748911151 -0.0077967968348502947329 -0.054225696805250508947 -0.028909652216575161543 0.9157698057169098016 0.40066182117325221945 0.046534377009059754715 0.40162777903959745451 -0.91461996417097479739
5.2048280858877573607 -3.5639313488941972707 7.3197433561209273023 0.96225377936805323031 -0.0012615043371046563529 -0.27215082711371901825 -0.090244095163775156498 0.94193363725100742734 -0.32344555384653811414 0.25675604643309946074 0.33579671174966085889 0.90626535904120653075
5.915959823655614791 5.2915110779278062836 -6.330962624005779027 0.94449773970055805883 0.0070564661102972348408 -0.32844211969021719355 -0.24707829854265406233 0.67415528450901107682 -0.69603661308732389656 0.21650943187274718227 0.73855592791264734753 0.6384816420661471037
6.4069261010027060976 -4.3378063549455427861 -6.783120166222665226 0.89480916837070256786 -0.0052077277798773802253 0.44641844918345735538 0.14089371254599522554 -0.94553786255586358411 -0.29344013399380630691 0.42363370258391436218 0.32547047492004976821 -0.84534221235568574038
-3.1729421502618779805 6.3477207972335509822 -4.1886363075717447657 0.96391110131877233425 -0.006588537206680238241 -0.26614278110023942281 -0.25984344740711390331 -0.24084372243626542276 -0.93513404611451422799 -0.057937652643694839694 0.97054154601471154251 -0.23386392596038224623
-3.1393678091693342225 4.4487258446260744549 -6.5498361694026572266 0.99188192804797770119 -0.0054457738013525920293 -0.12704559952852412241 -0.081321860538716261857 -0.79524041017877666881 -0.60081564977713419751 -0.097759888555414245492 0.60626976962931100612 -0.78922745176734321326
-0.43637684577950042186 -1.9186586831990586344 -4.5482525313624035945 0.74196944167642431278 -0.0084716048202305074127 -0.67038017537066008078 -0.35050650469662969488 -0.85728544906238779433 -0.37710323386479716046 -0.57151250011147325392 0.51477168797219563512 -0.63904895859287880189
-4.6656362458632925083 2.0222648820343280818 -0.57087760244637519857 -0.99568669591972192023 -0.0098293552913542164839 0.092257180441701003293 -0.03499509581897039534 -0.88113720200422296358 -0.47156396651225368499 0.08592640360869892302 -0.47275851660085821404 0.87699261008519546756
2.3501391641322331161 -1.4465419824267908844 -1.1981075426880534174 0.99028082763109670505 0.0038318828472732151258 0.13902949003790021631 -0.05750174306896801979 0.92146711962803617979 0.38417690845293456237 -0.12663898282283939101 -0.38843746487471081386 0.91273156180305603513
-1.9949844283791939858 6.0908321929959994279 2.5286272371104616674 -0.94144271063331208538 0.0028681245499247529779 -0.33716078724715026205 0.31130224996698790951 0.39152768986365410475 -0.86590818060314322935 0.12952425163273828534 -0.92016185637720959711 -0.36949374325872957892
7.195216654617826002 6.4641002846945223581 -5.5842171280505885633 -0.96986698782313485179 -0.0042685504022104544739 0.24359763013656082764 -0.20245320078918976892 -0.54211294479725402606 -0.81555273071301248589 0.1355386565557249734 -0.84029479027352249609 0.52491326713885033683
3.3089674533701880499 0.40165781043428638863 6.1647164716909674809 -0.85058788762605064271 -0.009270490378777761914 0.52575118015269728389 0.5134602784948320009 -0.23026097632880049293 0.82664286435441103329 0.11339659532720808288 0.97308475519262727094 0.20061722602984316532
-6.7091972498846752515 -1.7589245296214421899 1.9235358932728865433 0.43571403599682184682 0.0092914477072855213707 -0.9000371924731163098 -0.70311998554220156432 0.62779801581877681116 -0.3339040839302692687 0.56193911126264228795 0.77832083380416661189 0.28007340984084305724
-3.5702667449498060037 3.9921466749041529809 -0.46548270153378656921 0.84042116706810432447 -0.0026064541074004871773 0.54192754897751183041 0.012980057792952134216 -0.99960474972342083788 -0.024937169645939075147 0.54177834955216586099 0.027991976122482355865 -0.84005515844445888263
-5.5156526983644269535 5.2741646871847356337 -1.2364926651717262907 0.25843561167557788094 -0.0071254333129740585889 0.96600220642505985058 0.93518352055278330948 -0.24882655019324226298 -0.25202605183878462602 0.24216279132924398154 0.96852185113149558138 -0.057642053889195070393
-2.4052844582207941748 -6.3411383163466945589 -4.9366602824797736204 0.961990398916441114 0.0058159285631963894211 0.27302133134156691963 -0.082484501328769554984 -0.94688790521312171666 0.310804765088440349 0.26032821482340839925 -0.3215112283204359378 -0.91041734969788379317
-0.38653163413195029685 5.0339935384140543917 -3.1486708729236694282 0.99819639665382497995 -0.0018094778723871420001 -0.060005662209115732952 -0.049698197763875552602 -0.58560392378953729509 -0.80907239081628901101 -0.033675552650921515563 0.81059531841241860839 -0.58463765438233339378
-2.7049055572400146907 7.0861147701105187124 6.7992277663678546418 0.96641973937270508888 0.010006281781647603096 -0.2567737558158993405 0.054511589027086214398 -0.98448259661029058343 0.16680079026563124356 -0.25112023815818862449 -0.17519672170567912595 -0.95196887275315766885
-2.0061954385767304387 5.7807309189286693041 -3.0118029104067685076 0.70434682653481717196 0.002626117466082461549 0.70985114739459964639 -0.47670396688647020955 -0.73920407535023868739 0.47574222320533249286 0.52597421600780258633 -0.67347638302508983088 -0.51940416402093891879
2.5228937588150075477 1.3013992847965163424 1.9095657374012742213 0.98057805707432998954 0.0040110121571778813848 0.19608820914483562903 0.058691198932793349485 0.94797492811748951258 -0.31288796529818024839 -0.18714170340149063887 0.31831972518531503891 0.92932800205624355172
-6.9099681171085380882 -1.8553555645872830127 -1.9863136633870357439 0.91548533958400635235 -0.0034510053851904724451 -0.40233653024374366192 0.33631054444166963435 -0.54235472112659910415 0.76990036639099046489 -0.22086604696986478213 -0.84014251590638433509 -0.49535718654569593777
-1.1566942930105579279 -2.5114182369708220044 0.78111895410230713921 0.76094848717762242352 0.0086059760044217645941 0.64875522120369955026 0.3332844730060104399 -0.86308880344523064565 -0.3794722353752633115 0.55666763864552326613 0.50497886544346437532 -0.65963435745886767059
3.4547771109063094563 -0.2858387473576518012 4.6694083226360918459 0.79949540818630704386 0.012374740891715692997 -0.60054471779956164479 0.41145090915172882751 0.71712115523284003515 0.56253479721328014662 0.43762454415547596964 -0.69683865744186512803 0.56824347233147098901
-2.135210227828480356 4.0216600068513050914 2.1359382183935755606 0.69397042432273070567 0.0039725861507021054814 0.71999254768693365936 0.1108345483425158956 0.98747634785813720448 -0.11227718073771503215 -0.71142164224818316143 0.15771709159121605204 0.68483908034000895437
-7.1828115442027620219 -3.9041407066397719738 2.3066242270614227827 0.77587925354836828618 0.0012073744310259681631 -0.6308802787853107219 -0.41285320660658386682 -0.75516943236292544128 -0.5091869580218574276 -0.47703628133293674018 0.65552854298784601905 -0.58542182707872614245
2.7742951882158020105 -5.4608510176715032713 6.336786067168953096 0.99526234959921777712 -0.0011853191089236834403 -0.097218570700329298706 -0.093313280220147190591 -0.29245132355311720396 -0.95171679352980576017 -0.027303611573572545562 0.95627967581180528533 -0.29117639743698636723
2.7476390780374093659 1.2382305930122092796 -4.0055193093490464307 0.93417551222758443696 -0.002847217193758760749 -0.35680247435874495876 0.32010527081864631471 -0.43508293616716531282 0.8415672606811468448 -0.15763479295002105762 -0.90038587950403725646 -0.4055324155245337292
4.4481846588230995465 1.7559644871704640501 -3.2572055836417823649 -0.95923491453505516091 -0.00012020310123298373443 -0.28260991541009505834 -0.27922716897439991968 0.15466338466153534137 0.94768740919753557961 0.043595491090681212643 0.98796721757162819788 -0.14839208253919425329
-4.3375464258301006382 4.3468832928958862638 -5.1722679701870788449 0.95103939459182540439 0.012239240174858202759 -0.30882725095817370464 0.038456473969251149525 0.98676444015700748302 0.15753424786841380145 0.30666784889243348111 -0.16169768285775207306 0.93798117775045897204
-1.6314643194222069322 -5.2599620634526624841 -6.4326325968361510732 0.98714284476033609117 0.011971296011262812925 -0.15939163124306413022 0.029784835543016661974 -0.99350235821301058348 0.10984501716979803987 -0.15704097430347496722 -0.11318017625522762415 -0.98108530724541731516
