1125 14.717824617146108679 14.977075390850430381 15.033177056927090831
-6.7585274509041068924 6.8723028732974773547 1.8574100050121711281 0.99348266708122356938 0.0011059498882646841972 0.11397792366938169772 -0.10216967251779882075 0.4519533652980525229 0.88617126652440625367 -0.050532645158866455748 -0.89204088049290708451 0.44912082929059043979
-0.22752325781081009226 1.9837367325850936428 -3.5401286664676314686 -0.97767160814112596956 -0.005131306843614113003 0.21007592990342832673 -0.13417773807618232906 -0.75413188605929126762 -0.64286968588772774869 0.16172371885248651435 -0.65670295272581302726 0.73660482664847226619
1.0386691757839425776 -6.9049039197047248351 7.322357442051241172 0.75400490243600837292 0.0016169929106087618277 -0.65686679961486460488 0.62198758814848742471 -0.32329136816621872885 0.7131718807260949422 -0.21120617247527612159 -0.9462980907743281378 -0.24476902603315692231
1.642821264356367994 1.4550170482592250654 4.2211813614515927284 -0.91633420910289564709 -0.0048982738354395888997 0.40038434552467117022 -0.08203505534090381468 -0.97641825865856168853 -0.19969385031430197941 0.39192074061343873392 -0.21583185833331494652 0.89432362263635667432
-3.6825927205295085898 0.19154180027958148114 -1.0933412292018402923 -0.85333558725192437677 -0.00017735283910347548336 0.52136200866138804333 -0.14452245538984212492 -0.96073122068711669375 -0.23687292265094658794 0.50093076908647382606 -0.27748061219317066151 0.81980050892845079957
1.0034409950000642286 -6.9685130583296848172 -4.5151550231390782386 0.95750341067227029423 -0.0055881541432907192585 -0.28836780521457233695 0.075703896306268059213 0.96962667914134115232 0.23257906866562144677 0.27830942965529609223 -0.24452581792235320024 0.92884389739845762968
-4.3014456208101297108 -2.429093210833368488 -0.59199635756176971491 0.98318087317954161453 0.00014609123733979548915 -0.18263446901187674332 -0.15479862348270734262 0.53132312186306029922 -0.83290643312538215071 0.09691623590381029385 0.84716923860060444618 0.52240934561628937782
-4.1616405011574144623 -3.2295113651878644134 -5.7225277441083965968 -0.9757198282371466469 0.0034454397412695091096 0.21899530983562798259 0.19971220114729582029 0.42450284937130328133 0.88312647315579473339 -0.089921373976969865005 0.90542004606732406913 -0.41488394362930353099
-6.4027449358850239136 5.6010272470271829093 0.57758610049881653481 0.98819765642492740643 0.00075480209070092360666 0.15318231657125289114 -0.083198283125625493994 -0.83699650063951946954 0.54084646952922965646 0.12862129497594465555 -0.54720771941838353136 -0.82705518212971262937
-2.4524649401206248811 5.886148975667994776 -2.3106077300265166485 -0.62502329172446935424 -0.0011974219394288525796 -0.78060518252350541424 0.3945108342112893518 -0.86337433746647607169 -0.31455675973390645472 -0.6735778251188793142 -0.50456250315010864327 0.54010146632193856142
-1.0790093490655707775 3.8793731626395242529 -4.1843297103800631831 -0.97685067739071096415 -0.0069223530748084918796 0.21381027830594728778 -0.19854399039974995889 -0.34276690496062406366 -0.91819994159221951513 0.079643191532661042342 -0.93939498076778005231 0.33345769169543909571
6.8062650127018855528 4.2757897432202156551 -1.4387618530702117603 0.734694876383411688 0.0021377352351214379267 -0.6783943312734830311 -0.16528843839474266497 -0.96929550932198527136 -0.1820602860075738183 -0.65795377554119538477 0.24588949895470477158 -0.71178310148155821135
4.642787414154548209 4.2070281513101877024 1.7911691013288848495 -0.88291263656428931039 -0.0094030355687659081948 0.46944313725648301183 -0.060642867259477657715 -0.98914198740901237983 -0.13386773844086991003 0.4656046808674658144 -0.14666189575623209129 0.8727557330018512749
-5.1368115669162106585 4.9225291042724359514 7.1231935408449054137 0.9397150684617917582 -0.0056683006130813159973 0.34191148046552205519 -0.32316650110089722991 0.31217156328118761399 0.89337132685403708443 -0.11179893860041388576 -0.95000883440466077356 0.29152051708419784992
-0.71884566564400775857 -2.4248161856005623349 -4.4468475983065829382 0.82779225054601357492 -0.0093334880789118987443 0.56095710703779311235 0.08613543682312542471 0.99012160495889744993 -0.11063405405584376962 -0.55438314950876610432 0.13990029804765410915 0.82041893575590685295
-3.6671163805058006879 5.3878562351099645866 6.2789782818172561463 0.97941953838119566456 0.0017965362050926295644 -0.20182700586109733609 0.12746896259879519908 0.76979841834618545349 0.6254294993727416152 0.15648971663074107141 -0.63828455062714195556 0.75372660893680287764
-2.4647991598782490463 -2.1346734221197904979 -6.204478399917996434 -0.92098292883215748805 -0.00023766990513527196777 0.38960285973383801394 0.3496686753552865623 0.44050990441769094508 0.82685116047883078227 -0.17182043613908037916 0.89774771936387165461 -0.40561899622926977926
-4.5624191655814492208 -4.8996923290352984992 7.1564524018750299561 -0.99799078302206178925 -0.0045482987704426134506 0.063195806674897228583 0.063187282916716130954 0.0019941122381312362255 0.99799969478661698652 -0.0046652203162001332215 0.99998766817137485496 -0.0017027109928301129016
3.7219882509955568572 -5.5216277449855466486 6.5702948535293499432 -0.90626213344205153177 0.002337053254902466716 -0.42270969195300478471 -0.33915650711802275419 0.59285586115351551761 0.73040727787684467387 0.2523129191469202226 0.80530520057804366729 -0.53649019073375481259
-3.3890677396148212175 4.005151027322590096 -3.4860295353459282985 0.98866730165415728226 0.00091275247562103145604 0.15012039675766294944 -0.14104479412446269126 0.34811573551921615177 0.92678034114570917446 -0.051413351283059530172 -0.93745111956150706245 0.34429938388416481132
-3.7925202297866200674 -3.9991805714036159358 -3.917511201149550093 0.98143400433099881042 0.00052445420251993370153 0.19179942672133792891 -0.1102411771426554804 -0.81676871935181816209 0.56633536173418674853 0.1569527890960838723 -0.57696497643807398426 -0.80154677839710053444
-5.6509830466990296216 6.1799336382322795913 5.9718882839969094078 -0.94312013003935613042 -0.0012597310497751900912 -0.33244974566379159597 -0.13070948104276189361 -0.9180550704850521937 0.37428587887101461007 -0.30567867423124439608 0.39645088048124255131 0.86567155866749856408
4.7285614632150538839 -2.4172524843117937365 -1.228717129948237119 0.88756910160642499275 0.0067608166799566276825 0.46062498980347749145 -0.098481620557201693389 0.97956192000934150244 0.1753847635345844036 -0.45002495518145485542 -0.20102919247083056442 0.87009470949342804236
5.166212908418311045 6.1514879231157957307 -4.7245889320034546444 -0.99858695662756447042 -0.0050076686128315128083 0.05290570204111681718 -0.020538908005141617852 0.95455781489500513004 -0.29731722331679633076 -0.049012685208602392584 -0.29798372653201782301 -0.95331183534601870999
-5.0230016741171095163 -2.205001740570808888 -1.496007138453336216 -0.99615928966048372661 0.0022619536828636216917 0.087530298688998919854 0.021732276630399536416 -0.96199830025165999903 0.27218923282401913388 0.084819677996933101616 0.27304606548796211962 0.95825438603020440809
-1.4802661970152237725 6.32752412474774939 4.3143392717000219605 -0.7868691580358797566 0.01709588448882783801 -0.61688301878502060926 0.27249887869044459032 -0.88725921559923592863 -0.37217663205351547706 -0.55369783207472478281 -0.46095424400671236587 0.69349830258472133782
-3.9864052275416153037 -6.8727017576054008074 7.1526236195393915196 0.99999982409682974804 0.0005782167844414235966 0.00013218106356040898453 -0.00059222463753322946919 0.98568665980109526625 0.16858664822648747328 -3.2809481390488198782e-05 -0.16858669685244279113 0.98568682884977865122
-3.4206207043047553995 -5.4559371440630544114 -3.7707625762427450233 -0.92227620784938546539 -0.0086498710353068927748 0.38643469844972766492 -0.31226290859403155187 -0.57255505595029876353 -0.75807162182877718681 0.22781236215639505405 -0.81982064357814610212 0.52535287189847368339
6.2670685360076392456 3.9646462796509771565 6.0133046949345558829 0.93177666406874437577 -0.00059895522881311773211 0.36303152693631274284 -0.36299158615310339604 -0.016461918086562093294 0.93164698981690807766 0.0054181804233196222825 -0.99986431404742714957 -0.015556246827450355766
-1.5608699820280376169 6.138860508880831901 -3.9618210065972698786 -0.88818531503729558629 0.0030624151022088912794 -0.4594752090872551431 -0.27564263199672101035 -0.8036127367407437383 0.52747294601131367031 -0.3676247891233547227 0.59514468069681036866 0.71460116390917760576
-4.5727185530213434461 5.2548025254183015065 2.3212063087745140599 0.9316117545651072529 0.0082359560626553800222 -0.36336167627275256509 0.31325817962263646788 0.48877040253752879195 0.81423142072928489377 0.1843064069845294084 -0.87237357974147311523 0.45276427168380145583
1.4473005743060098904 7.1638060864933601479 -1.5405258505859238394 0.74277121506790855232 0.011604382955843484115 -0.66944474033556589099 0.66909629006627302505 0.02374680453422751969 0.74279623309090181404 0.024516865342171501735 -0.99965065276360542956 0.0098739932735589681922
3.5915863848404470104 -5.7171809187418345388 -5.9680689436263758552 0.86256087005599813011 -0.0099021978415559513964 -0.50585639456887432353 -0.50448264671133236092 0.059343273690702406931 -0.86138007582877862411 0.038548730398635912275 0.99818852044375727672 0.046191698811279678638
6.8405880408662120828 -1.7440212003928610152 -0.8020732378612585034 0.81841736605990977882 0.0058484239617361951855 -0.57459447514643913202 -0.11264379474452107521 -0.9789141613901336525 -0.17040669040685782476 -0.56347527934876051603 0.20418829684149036874 -0.80050156089534230119
6.8547542233217555463 1.9297325379135341628 -4.8952906675704559447 -0.32215544531103762482 0.002244966813551324547 -0.94668412323249873097 -0.50191842122006602445 0.84747503619364272787 0.17281192513395596255 0.80267911863733321098 0.53083050322355895823 -0.2718919074762483068
-0.21773994141569449901 7.0660066672541272936 -4.409388283990787194 -0.98923466225279499398 0.010634363305646130776 0.1459509962778668124 0.094081423142113845826 0.81013742987487569192 0.5786415388954009309 -0.11208688066387452464 0.58614354473349228325 -0.80241652285468800798
-0.37162250347486863733 -4.1645064908800843995 0.13580578659849093515 0.89704036292042332867 0.0090951489464014372011 0.44185502776054286223 0.41105388940871934178 -0.38441334785820718833 -0.82659607910409382825 0.16233695603145659181 0.92311627450394251326 -0.34857288542332592884
2.4665851783567380728 -7.4568829631985096285 -6.9812920779424452178 -0.99974073904496907339 -0.0044825027071300344028 0.022324019872351236887 -0.011380578821662089631 -0.7508132579353324898 -0.66041648535926178454 0.019721488774026903895 -0.66049932541828981769 0.75056758789766298001
-3.5836804724808311029 6.5600491456314191652 -4.0685554391973237642 -0.90292873662265349388 0.0039343413341181732862 -0.4297722856807592029 -0.23784792946935001678 -0.83745182839208109904 0.49203942684508217287 -0.35797773538049487696 0.54649698634224386229 0.75709509633239113757
3.7566763925604882424 0.41982285813410324948 -0.0076184286373315347751 -0.99790868686914746544 0.0097615061782886630021 -0.063898088143651665671 -0.041033456939408297082 -0.85947504895629533994 0.50952811073887505078 -0.049945050634546760138 0.51108448735871780944 0.8580781658441680726
2.032876818802635821 -1.6959751209812017336 7.004609095580348388 0.99288155228686347797 -0.0049784371023069351123 0.11900184155102970507 -0.049412534661720852736 -0.92630626151942929702 0.37351721685628591629 0.1083726189903353454 -0.37673853669856538495 -0.91995839602631324095
5.260783404222739712 -6.1622164390151086266 0.51260191040051783506 0.90150563812853123924 0.0010622159465958577219 0.43276605241137727775 0.36332245377515204332 -0.54516479644830928564 -0.7555078684542220202 0.23512630436691103752 0.83832822713470733778 -0.49185506461153194468
-0.39886405558197624011 -1.4301971268267754667 -2.1702590279691955644 -0.72291250773356530157 -0.00033320161186750456295 0.69093950179383745169 0.68402914401284697909 0.14073279608265984453 0.71575024292534650261 -0.097476337146033861791 0.99004755900084784326 -0.10150957892316431197
-2.4054155525930926984 3.3874394269736805008 0.45309974596601598762 0.13616830773336088822 -0.0057328052950741063137 -0.99066913089716146512 0.94010680747080455077 0.31618236339153293901 0.12738878925255281427 0.31250181202052285112 -0.9486811097642534607 0.048443466641965825248
0.6004871562202419577 -4.8018493855608399556 2.3946944736133941589 0.79421055691958986067 0.0055380993704351733076 0.60761741312510808566 -0.52391682666804362256 -0.50028532553398330496 0.6893661957112432459 0.30779985381988889115 -0.8658428971301130872 -0.39443038356318493864
-4.7693911884492701247 -0.62609983361428267479 -1.9192648813295536403 0.97805457767222903076 -0.0094070787766202135921 -0.20813637347520932974 -0.17857690057069849909 0.47676635335328293452 -0.86069979371019944558 0.1073290905444710952 0.87897972171101490524 0.46462362740587037635
5.4952155521285019901 -2.9754097247625788114 1.9106230581207115371 -0.99220910634013870233 0.00061317192039337222245 0.124582154885287677 0.028531552144909363977 0.9745294356353396692 0.22243724870728101561 -0.12127258481561616066 0.22425878600506141125 -0.96695447518053145863
-1.3716182841376407531 4.6558525040954288343 0.83769927518208509021 -0.88646875668058833231 -0.0063717439837421398566 0.46274457782643962922 -0.24504508213460726718 0.85469394858466007925 -0.45765834633960156275 -0.3925889085937120937 -0.5190931083450098793 -0.75922084647214149733
-4.5756197977750323602 -2.4761007561081069817 1.7713074783436364434 0.66490172759396215518 -0.0022353084125550561762 0.74692750387091355613 -0.46177982053621302594 -0.78721889053081828269 0.40871238755024574818 0.58708184266598240075 -0.61666962126230429053 -0.52445542062612826584
5.5769228103371446537 1.5643179869800110104 2.137533336400141426 0.99635880017401623476 -0.00083725638574853097212 0.08525514833461789177 -0.014460232588560354913 0.98380547544130658721 0.17865522148874993236 -0.084024061966174387606 -0.17923751140168439622 0.98021113619319499843
-7.1683336128842434221 -2.4512622363302272177 -5.6002930237472323682 -0.5831881481186105276 0.010674284032994425797 0.81226697800301983499 0.60653665138056211958 -0.65943075774078308005 0.44414453309424561933 0.54037475369035703476 0.75168952061727511982 0.37809785792603101129
-2.9106682516427087037 -4.7647009268732363196 -7.3839637164141906922 -0.79520936754108462186 0.012180684335647283187 0.60621258045692849592 0.58366161129817339948 0.28622850764337670615 0.75987654583436770039 -0.16425950587993126684 0.95808395892085784773 -0.23472098838132088305
-2.5174897944192107246 -2.9641854873693476158 -4.0877646237361000559 -0.99586657442267112472 0.0090941990578087619768 -0.090371795883426128682 -0.090802464136153282492 -0.075988895054721394828 0.99296555848392131782 0.0021629735330990825654 0.99706719100164298286 0.076500576296130912146
-2.7979313684693227771 -2.520721532593025227 5.497664475569570719 -0.90955196229259760443 0.017764790717033313722 0.4152103564463641705 -0.24075320039568154362 0.79184317940154191895 -0.56126845246699474945 -0.33875230536320127817 -0.61046604446610785999 -0.71594558743321012884
-3.9440405652847938534 -1.1023421337162861988 -0.33768669230434850137 -0.99650536835370862043 0.0045159731452501057289 0.083406575453155731847 -0.033036571728796260139 0.89580917995558972944 -0.4432093162782100304 -0.076717897329594719746 -0.44441593028820852718 -0.89252946457545589976
-3.3849427394093902777 -2.8624632500187536799 1.2383561317596671891 -0.92803474430947274776 -0.0074156014090299010588 -0.37241981984056060639 0.20191460520581147597 0.8301572681421255373 -0.51968202042720745837 0.31302077496377450627 -0.55747997184335973397 -0.76891746984615472194
-6.3007490733411737338 7.3770976357310598104 3.4724753545022259971 0.99951063876752643811 0.0077645838817388410438 -0.030301719878942767056 -0.0096787600135656102346 0.99793209505335012111 -0.063544120632002876192 0.02974566514766323333 0.063806307677518200872 0.99751889731748277779
-5.1032267536731987789 -3.2612995398906940991 -3.6716348370845124371 -0.99853503712733793218 -0.009990571947941827638 0.053178643281808518628 -0.049379543073149061161 0.57008873640917145931 -0.82009785595704698391 -0.022123298918186040662 -0.82152238015255663051 -0.56974690745397660319
-0.95797980378926372858 2.2309254069518220653 -7.3964751797812802181 0.87464396915949016442 0.0034046434400122589994 -0.48475389180076533524 -0.16976370675469337757 -0.93450162987875318166 -0.31286896238342548626 -0.45406850923826891364 0.35594256862179030065 -0.81677822985268300204
6.2501951350090090287 -1.362115235491287768 -3.2632594494365916304 0.86204689320571303845 -0.0009087266943973914754 -0.50682771049939090435 -0.50312331610979255103 -0.12223089606826884057 -0.85552705207543799926 -0.061172564936567648541 0.99250127569794421856 -0.1058259657973645157
0.081212606681827448352 -1.2838500621359993925 6.9280215915622820333 0.81225598524706466019 -0.0086942747175498720502 0.58323633633146687583 -0.49516077635384875277 -0.53878205055467986995 0.68156416246796391878 0.30831156318052732601 -0.84240032739024817143 -0.44193400912572428085
7.0740420706260804806 3.9632874307466372521 3.9975465100995930534 -0.9516154822166228433 -7.2631910946744336621e-05 -0.30729134177540901041 0.17538089687635746716 0.82100825203866090174 -0.54331113654630358578 0.2523281891037504332 -0.57091632032111316875 -0.78127142541794636355
-1.50322393881849381 -2.371632022442326182 3.7119284304770183702 0.88877571861779081086 0.01291649288255670644 0.45816032805901568681 -0.24777775317707353975 -0.82740860977931385278 0.5039852949181506947 0.38559552257005580422 -0.56145182934495463378 -0.73218026216173381915
-6.6053439274520036051 3.6803098671357599159 -3.3270893591773869069 -0.96018536553261502053 -0.014758590564160451244 -0.27897356115160903967 0.24945641499690887621 0.40424155760345514832 -0.87997742023485914231 0.12575993334108487298 -0.9145331853523532839 -0.38446520265843064923
-1.5870026270444062 4.9883479133347643497 -6.3759301311357354791 -0.90100341101840641933 0.0027759426677747712359 0.4338031206382897409 -0.39151782061441020577 0.42546563779975937747 -0.81589998602341551326 -0.18683321298564137258 -0.90497032282498945932 -0.38225915990524528265
-6.0050975544288798247 -1.8489000936394652808 -4.6101699836235763286 0.99498402489103277002 -0.0047970196040636051485 0.099918861155749064129 -0.011632161906396407819 -0.99762178938088430513 0.067937163335767380978 0.099355337154725067994 -0.068758664585929926694 -0.99267354302579946523
-6.423104544202111299 -2.2737873014469704991 4.8535348777543161347 0.97090502408684353775 0.002222621078379689169 0.23945457639928269256 0.16395331032025847739 -0.7349960960191262993 -0.65795140464290258198 0.17453580216685640747 0.67806769484477880106 -0.71397580839255725405
-4.9192125806862501136 4.172985563543223364 -2.5281702274863531166 0.97954277887029272964 -0.0031818879038911602672 -0.20121088427947089738 0.049183263439277688511 0.97333722891072405048 0.22404384707892696649 0.19513316212428710728 -0.22935674048483339904 0.95358194961603670592
-0.37083823805511956229 -6.5260503656630861613 -2.6210861335326125499 0.38630043907809907822 -0.0059853687221592139639 0.92235359061983690498 0.32581379398737608799 0.93640065553979845436 -0.13038091866607418035 -0.86291212902320335587 0.35088172888585505982 0.36368210007978768461
-7.0428648379514120492 -6.7272535063791298882 -6.0761190450831588095 0.990104771102208292 -0.0077683471167707927874 0.14011493504843980373 0.063832577609591600876 0.91412163055416328916 -0.40038362427649060171 -0.12497177391822428261 0.40536563413310028325 0.90557206139960089164
-3.452286105207858391 -1.7174447845849818428 -4.5809069893527976092 0.9504315757391832431 0.0039334634113064731453 0.31090890579626928591 0.26060055238435075875 0.53536155909126348362 -0.80341480764573847129 -0.16960887929243001482 0.84461383419461910638 0.50779946745952342368
3.01597809134909145 -6.4577284446184020084 7.2493666360909321256 0.90389556049300423535 0.0037337252187203077286 -0.42773692267210294826 -0.41205183219221341862 -0.26084051181524714469 -0.87302664047727251972 -0.11483075941619398652 0.9653746872028751147 -0.23423409230925348878
3.0849235302352573385 -2.5147130137123694382 -3.3183098291926369505 0.74983081242678117917 0.005686269726936548155 0.66160518367968357278 0.48882447065776596373 -0.67864030063217262168 -0.54817695978942049262 0.44587485870076420946 0.73444877880925707458 -0.51164499575791344554
-0.0037732530942086693615 -4.9051660418226008531 5.6914301651960581552 0.99915097715034584258 -0.00032109362218912460007 0.041197351351593566871 0.025914373024281664448 0.78227103500527750413 -0.62239896614834022692 -0.032027646342829604875 0.6229381387350223509 0.78161518996178813712
-2.0527723710937144652 -7.1382924516952890315 -4.3714656893076266897 -0.98586724313907747597 -0.0027288455561202797431 0.1675062157274411212 -0.15159001056865573087 -0.41111909487187514589 -0.89888906908896670789 0.071317933236874603287 -0.91157755744305191126 0.40489518293642701163
5.9940075758974016296 0.35777413211353498168 -4.842844539371476742 -0.8727324667824151172 -0.0016155503306062106959 0.48819609935040197968 -0.047729875089132907384 0.99548621007687798645 -0.082030875714067100213 -0.48585995970828904644 -0.094892547355271195109 -0.86887024578388782903
2.7800329390455633671 -2.3971975421202631473 -6.3848995686175689102 -0.97666729993991385772 -0.010565204295919578686 0.21449792932864583661 -0.11145049842010285035 -0.82882941113767316654 -0.54828878671303360459 0.18357497550045712154 -0.55940163004002807501 0.80831308580186034263
-2.8528471297604558465 -6.1592046676265965743 -5.987167692220882742 0.95937672009998775646 -0.0062306160622563246804 0.28205937026405170087 0.2677281761966894269 -0.29521564344227857468 -0.91715284851394884846 0.088982765750999989751 0.95541033241769746098 -0.28155490425300200297
6.4989224764486266395 -0.64258808853413817985 -6.8035465749370169775 0.99890144984259354732 0.0050285071155995002268 -0.046589780195216250192 -0.046653011105473103648 0.20014239599805158654 -0.97865546433819095018 0.0044034142712101025791 0.97975391575653203446 0.20015712453572720442
-1.7597613302981152117 1.5086660875931070525 -0.3429400203477184772 0.81022586621177949961 -0.0053112535748750583017 -0.58609370949258654537 0.58376197776108840198 0.09687724117268242674 0.80612452726810046588 0.052497609867042077658 -0.99528216638711874964 0.081592954536602910198
2.6263490261422033356 -0.55805081715465820746 3.1043192757805404547 -0.96109258805996244934 -0.00095192001586877784264 -0.27622478350864088092 0.025017396429350448328 -0.99618428976090855897 -0.083612144509465413655 -0.27509119770000223237 -0.087269437272454050691 0.9574491517914244243
2.0678932168492232258 -1.0110365875289597515 -3.4344626768689350271 0.99621188767454738056 7.3641553149403284236e-05 -0.086959010072710826722 -0.046360904293414842425 0.84647968736668921519 -0.53039872306468427432 0.073569976274359127899 0.53242101146782649934 0.84327654131871254695
-0.67742889179001797295 -7.1718785005663194809 -6.0844939155858570601 -0.99277461066570960035 0.0021179842803044131999 0.11997535813793956672 0.10175250999619461778 -0.5150869402719674417 0.85107688881252530066 0.063600307603112374299 0.85713532076557508166 0.51114972637079458817
2.9868327511558296905 2.4911908247961775942 3.5068667065861354182 0.87143850582879478495 -0.0025546975691852903505 0.49049811832378426013 -0.43963058277007444063 0.43941065985373450875 0.78335382982412193886 -0.21753133395455906407 -0.8982826646035593221 0.38179624568705161636
5.0183212674154926702 1.8752674203585586454 -1.6953232286581638721 -0.96850108466198225887 0.0055181587232624382255 -0.24894818523696560231 0.21743320186189094012 -0.46851411122311370505 -0.85628110472719531909 -0.12136083279455141259 -0.88343877971767503787 0.45255659397951575329
-0.57995709902394698698 -0.6056812930657021754 -1.0745474897377922385 0.88106847420519651681 0.0062175015165311688092 -0.47294786862457760535 0.22223751885105391679 0.87722398279630098283 0.42554502608060112978 0.41752703981490946195 -0.48004106770352966693 0.77151263394817393149
-4.3537569998476159938 -4.0087279465817147184 -3.0822710089462814764 -0.98574429527047857658 -0.00095186788151264360019 -0.16824766949171282571 -0.089199347041602872199 0.85084162202167801237 0.51779533671415733931 0.14265924726146289592 0.52542138154349649071 -0.83879718107996259491
-4.3097885710222652023 -6.8677570441526514244 -5.1393825062819695759 0.97561092348964584264 -0.0031575688372304866816 0.21948429494307192256 0.034702020785598135244 -0.98510378265615061721 -0.16842300065595502967 0.2167466164004079876 0.17193186777210076044 -0.96096843711094992457
-3.2916807650110708749 -3.620665811746404561 6.2282472462580589223 -0.9978022977937068827 -0.0072808792117174270936 -0.065860180044400820631 0.051876535801962310457 -0.7042089539264123621 -0.70809503192927225612 -0.041223774096624019037 -0.70995544790344233821 0.70303901914578526
2.0226383309969988566 -2.7932246409276464405 -2.2331469742895300179 0.99989568739865108959 -0.011273811723671837634 -0.0090285929633478687051 -0.012620516143052838698 -0.98595111202973151343 -0.16655667881976604638 -0.0070240226339878851849 0.16665325036260311697 -0.98599054622736559406
-1.8021390724107633208 -3.227874825952017801 -5.8632488756027623111 0.81391739396539186657 2.262095878663526044e-05 0.58098061524369637443 -0.54661427029375020403 0.33885960177901419677 0.76575910689557968869 -0.19685353771752625573 -0.94083695174588577448 0.27581608893897091583
-6.1256027862526698513 2.5835737628322830162 -3.9285022785150025548 0.93626666551008397299 0.0036039243764292945224 -0.35127160828006726012 0.0007840400060430467678 -0.99996632126479856328 -0.0081695543025502252027 -0.35128922035248139055 0.0073734703716766859805 -0.93623795885389760052
-0.49740617418733062971 -2.8593900247514261181 1.7244840175919968761 0.99545073078673562694 -0.0047575113470106336275 -0.095158860132897898909 0.032789837857074073668 -0.92063709010231364882 0.38904006845227456779 -0.08945763863031824803 -0.39039046404056293449 -0.9162928661060820712
-6.2362504997678307461 5.2468562146420554271 -1.6540917361747862202 -0.98716572318351381021 0.012483709682093238613 -0.15921052717704470281 0.0056816007069227193391 -0.99356355403939777826 -0.11313347646896118603 -0.15959810269803229033 -0.11258606075852915784 0.98074095689836093825
0.7013533183617939315 2.6322189566073879163 1.5285004292475747878 -0.90661021793701856986 -0.003133887910448708309 -0.42195745221386238288 0.11310142052308132243 0.96157858267125595475 -0.25014935143537675444 0.40652918887563310735 -0.27451194526734667978 -0.87142252122475771792
-2.0361408608856361724 -6.0552046569404218701 -4.615473057425904635 -0.97722546272562116343 -0.0035474851208629016794 -0.21217400960085402994 0.18105513047852656028 -0.53542679927611502855 -0.8249467754616105486 -0.1106771644386840836 -0.8445741873667923505 0.52387499205967102966
2.729186612303073467 6.3441466763334606327 -2.2299196283167685984 0.91683797432510250047 0.0093252006163638719027 -0.39915055990055786639 0.30761417842944760448 -0.65381083658777394696 0.69130666653043615355 -0.25452238814026106883 -0.75660057533270719254 -0.6023071669352614288
2.5873608900988385173 -2.3086636127805331142 5.1820713930981101569 -0.85450605968024206938 -0.015856638047529555968 -0.51919934610863949231 -0.4908395490624916091 -0.30245045632343214859 0.81706808684833032164 -0.1699880320667485345 0.95303320430071469804 0.25066268261245411297
0.94544484002442630288 -1.787429200576429178 -1.7114661293595334612 0.93594637475721098596 -0.0061798121008648804892 -0.35208833195837957453 0.34831562791495734865 0.16325126840138018403 0.92305213650987949503 0.0517745780186034954 -0.98656516930594473358 0.15494695796710405977
2.499912425529032145 -3.4174903147283615112 4.5409688842475128823 -0.99774808026323213994 -0.0038424386833039907499 0.066962706008646552536 -0.058771320702098971134 0.5311839066812175103 -0.84521570569042692167 -0.032321822256372603754 -0.84724783443089479729 -0.53021354835401468542
4.2158588125990315021 1.7683156263167238986 6.7748496055530260662 0.9395163180968165717 -9.964363869386207509e-05 -0.34250412858955076034 -0.33331504562524716384 -0.23034969079330308572 -0.91424291099866150656 -0.07880462162568467599 0.97310791283532216411 -0.21645050609285840237
6.6800760960808984734 -4.1512117078762420519 -1.9775904544774818294 -0.9439932139729901861 0.0080041824326416502466 0.32986776901735126444 -0.16777103958717481946 -0.87248047518253513122 -0.45894520228576063392 0.28412970673396720223 -0.48858341507754426969 0.82495851790400109849
4.2304209630154385735 6.3268079594537267596 -2.0139184458056949012 0.77416038695639743938 -0.00019145797783677500487 -0.632989461690594446 -0.58142812884759409453 0.39510574754955868348 -0.71121922023955319592 0.25023394304594348547 0.91863562504248419405 0.30576389935785019958
3.1490550110016433116 5.9916204961904959703 5.4105336709722591237 0.99756159867063531888 -0.0014567505651256230925 -0.069776319302918388132 -0.069418373093147994757 0.082536980634622558739 -0.9941673582977951229 0.0072073805760729421632 0.9965869378561227343 0.08223459709712538368
-4.2685913065562512969 -4.3978306560803899217 5.4377139605457873728 0.90420850486424442227 0.0066399592441868581991 -0.42703968278411813531 -0.29077937047513835456 0.74191783065007510523 -0.60415667692202779104 0.31281677934081092429 0.67045793567136324764 0.6727791755533614193
6.9862201346892733866 -2.9347800108290691412 -0.86789090648816424878 0.95083802293884689405 0.013160498436793477764 -0.30940888063302296462 -0.099474906481046967976 0.95913172120570366896 -0.26489825283995133143 0.29327767919549785347 0.28265375047560736821 0.91328804888045789223
-4.8046555396478041189 5.1077996271184940014 4.0003670304171086158 -0.88350436513121655135 0.0020174579941842599347 -0.46841858060634311567 -0.0059112292966603582206 -0.99995911696312433925 0.0068426435355910478903 -0.46838562548632123317 0.0088144350694453789397 0.88348017044655158259
-1.5444077071217692243 -2.3034973257881667941 1.1176817465111839045 0.9992871480775639137 -0.0067340364287903622595 -0.037146311259937205007 0.024842388114442323643 0.85819826191211545652 0.51271687996764769846 0.028426245612398200885 -0.51327419183551670212 0.85775378317779549242
-5.0156405713103628941 -5.3426449657439913921 6.2964053352219560011 0.99405894836690333882 0.0052583326984845376803 -0.10871594689300607961 0.001965886268104509102 0.99780200416556463772 0.066236664879248258186 0.1088252841153741074 -0.066056872620211037894 0.99186367365519612083
1.7758357253719863067 1.3219236315630180645 -4.2001062628971794766 -0.6480473191727612603 -0.00043562205103217770813 0.76159994901950534008 0.75021977186460431231 -0.1725915875328193072 0.6382651782890901293 0.13116770188007295661 0.98499337771699557731 0.11217432788808723299
4.4591434837327978968 -3.7030943004230394422 2.6440233504284771371 -0.99937643552349353371 0.008492635787823984983 -0.034272660498402107709 -0.034950782419389668509 -0.37588289128827673258 0.92600782655707125635 -0.0050182595126458361123 0.92662825727163633527 0.37594532833557403606
5.7288978092412197185 -3.4658940281213759249 6.3547390493683240109 0.9979880288470868166 -0.003628244031700312601 -0.063298737138015426229 0.0061596932551742748785 0.99918696978930388042 0.03984291131704989497 0.063102713547204036804 -0.040152649333061320169 0.99719898329999012709
-5.5206528586254348667 -4.0539249918284578911 -5.2464481347270472966 -0.87604027618686097778 -0.0053113155925133322816 -0.48220869385053893863 -0.45496135759475869742 0.3406331904315144099 0.82278745291350807722 0.15988620201210670957 0.94018126949170899298 -0.30082483757661893087
-0.57527546539980678464 4.9900172116306329428 -1.5922707009290428815 0.9943405682708952309 0.0022734341108255097519 -0.10621518624010138632 -0.10608104806256524189 -0.03333931641035452198 -0.99379842081952929345 -0.0058004769307867451444 0.99944150478100191037 -0.032909466552095534286
-6.1714237991978064812 -4.2646129587064214306 6.9611642723326365712 0.92054165352094130537 -0.0063869293325135058359 -0.39059220584496362472 -0.031343457998269791398 0.99543513009596396035 -0.090147043276580712812 0.38938496603467048773 0.095226618676182234191 0.91613931218004984736
-0.50209922688209707164 -1.2520230818675333051 3.1798162410278179024 -0.98112015504550520451 -0.01482322359094432121 -0.19283027097880350853 -0.18999804112590848448 -0.11229063489266455367 0.97534176455418131191 -0.036110742608287976774 0.993564837017644642 0.1073542216706044744
-2.6633204474726945854 5.395686937090772517 4.0999873654890768293 -0.98378362507713745799 -0.0038087444972957646555 -0.17931891282137590871 0.17339878637375802373 -0.27579643059725572618 -0.9454465557364023498 -0.045854551728136024036 -0.96120852177612714495 0.27198444394979026661
-0.92422413060268748808 -3.1390216145635085887 7.49674360490081515 0.97357451834693120585 -0.004827264621221771454 -0.22831853788451605958 0.20330576195391258931 -0.43705174937220464537 0.87615782569526456935 -0.1040164620711429011 -0.89942340746005455809 -0.42452103567577681442
-3.2677694553214085005 0.072032123613457538225 -2.8023914787246479996 -0.96401027647278392241 0.0054219418167752685134 -0.26580968643337776758 -0.25519278031315184574 -0.29929655446865477408 0.91940101009256869347 -0.074570984510818685842 0.95414473484373019119 0.28990859462758528098
-6.5031128352771636614 1.4969302669767858838 -4.1319469762294840365 0.42480421161412440512 0.0072819050115380786273 -0.90525596140224307007 -0.23548893079975771747 -0.96465437435022993728 -0.11826623151909439191 -0.87412032653740545651 0.26341775169177844562 -0.40807443295056955446
-4.0276812674064972342 6.6260440669605147335 -2.9028845232738182958 -0.71044747766383897769 0.00480627029603608244 -0.70373381419896707811 0.2357936089090295062 0.94380299682420232266 -0.23159723051714017905 0.66307296391781289646 -0.33047360401616154846 -0.6716557463237533554
6.1288915430289767627 5.9211662065532726373 6.5404413720698464374 -0.86315247724448784794 0.0056854752283044783512 -0.50491135499010308951 -0.44716369029071156849 -0.47307942059272561908 0.75910506248945897045 -0.2345472982409427809 0.88100143994381607815 0.41088201190221224079
2.5877963343596266377 -3.8696221045674312755 -6.0941505017344743678 -0.99867413701083662669 0.0032841994493909842934 0.051372970516179963796 -0.012683016613807357453 -0.98289705135341887132 -0.18371860964616260059 0.049890972682961928775 -0.18412658817968297065 0.98163551808705862278
2.4256508426882890106 0.070382302139230662474 5.5084734787238129883 0.93835297892821367682 0.012115844726387282534 -0.34546619696157881974 0.33508477178377465977 -0.27739973000024659155 0.90042633541815575438 -0.084922804093936626879 -0.96067819591288006187 -0.26435869806475625898
7.2529098577177846252 3.0440570475069628209 -1.4985828330533730313 -0.90296331622724101962 -0.0070940312170260288668 -0.42965907911848183476 0.12262212841289088505 0.95403755835412729081 -0.27345228262552834231 0.41185077779617446092 -0.29960309072283491938 -0.86059103228995159629
2.0636808987789403425 6.1772284514823505575 7.3694218647477871542 -0.99196988773036076648 -0.00069839592124638265672 0.12647234511730487405 0.060275441197841742036 -0.88172685564636987809 0.46789381618102693361 0.11118728805366501211 0.47175975270812842144 0.87468858612659694529
-4.491191369232163666 5.090778605126505596 -5.5075465804868981579 0.99626064192692231902 0.0048169582649854308237 -0.086264304671457459062 0.08604117718345899446 0.035421813476712263324 0.99566169503443091582 0.0078516989408128241845 -0.99936084175998463053 0.034874901873008221087
2.7235824065520279902 4.4774685955509916369 -6.7627618092339369937 0.92158626410976918208 0.0088490773352712746164 -0.38807274013322373696 -0.38487047435093552084 0.15097519603622430728 -0.91053896575299142491 0.050531928293200113755 0.9884979433525582504 0.14254241547984125571
3.297840661019453723 -5.0831354532149966019 -4.742024100755802607 -0.95154833818655659705 -0.0013982900266348314428 0.30749602416864035836 0.18201974613930982372 -0.8085381706000437374 0.55958452328320240632 0.24783981139010380357 0.58844207146297833333 0.76961766899049655066
4.039549283520009304 7.21673165452046117 -1.6635138723468709809 0.99581021422685800371 -0.0051219510000277430201 0.091300508538841848583 0.065532290139666105055 0.73632247136892414741 -0.67344987720413684862 -0.063777238812570358206 0.67661139790503777025 0.73357309113292001879
-4.4155588800181622133 0.79517418336772238696 -1.884380181909794949 0.97015342061729825662 -0.01549097318150651631 -0.24199663265054324746 -0.1976769150283745613 -0.62853309554001468573 -0.75224330178185749851 -0.14044991181628499466 0.77762856014985437536 -0.61283574039868715655
6.7256284495338665153 -2.2277032064996666882 0.99783274335623295404 0.99597607444939084687 -0.011185547008060169397 -0.08891874190784526677 0.089614568045209730407 0.13473690807232630018 0.98682075109777800392 0.00094250645445401919423 -0.99081827251081944219 0.1351971247487607497
-3.105438106531696274 -5.7156354059761893538 -7.0464041431212693922 0.9900170009868366483 0.0059286633360024825964 0.14082325343502152815 0.052032713085835610722 0.91316937079428872615 -0.40424534259803335257 -0.13099211627384546586 0.4075371776835714499 0.90374471742840989386
-2.8558404584508845225 4.7969903283526758031 -2.3629996812593203614 -0.99638920170876588145 0.0044312637838802744483 -0.08478751452636865138 -0.016948130497557854779 0.96815771642686931919 0.24976668511989999488 0.083194468511538874345 0.25030181786082500439 -0.96458679256182566775
-2.9243325094869572212 -4.8038761254980437698 -2.7498573732820350557 0.98394149095523486537 0.011965328473533870871 0.17808978996955870944 -0.1776521995345219096 0.16228182665200388546 0.9706205771252716108 -0.017286942395857575472 -0.98667190071117449879 0.16180148939244060058
-2.7347386275766378816 -5.5896950021586544466 6.7565198650774673794 0.99975776993504184009 -0.00135211233405245837 -0.021967549858636470361 0.015954104353976272107 -0.64304568398804129448 0.76566161903202700767 -0.015161398643209922366 -0.76582662535104639723 -0.64286834724889541093
4.916938977539046185 -0.14654782683136111099 3.1105962390952690555 0.97361847500348797091 -0.0039487043445854573195 0.2281479188290245208 -0.097070305547586444028 0.89769904457694715827 0.42978341190261359905 -0.20650525638082428692 -0.44059145826917722744 0.8736330728557714087
3.598322436868695462 -0.47676896708989624507 -7.1925143502420310071 -0.95560404764604078842 -0.0089056631620228129953 -0.29451925792060251741 0.10943210477602931252 0.91732529989107403079 -0.38280400810866982431 0.27357909014898612599 -0.39803892189507433796 -0.87562520411972821766
6.4198699778155159379 7.1475578929821477203 2.9399230328901087006 -0.9970624898162959715 0.0054545739570117960857 0.076397899344397612875 0.0036599595703952032474 -0.99292845688871933518 0.11865784506916476904 0.076504876297090657067 0.11858889966376448544 0.98999175591480270686
-2.0377184753043868781 6.0203930763722128816 0.65035473598236381854 0.99948171201610502834 -0.0043413064150451185705 -0.031897655149183884449 0.0098131285738992622691 -0.90261735549044064264 0.4303319789128486339 -0.030659580117740944244 -0.4304219588102429217 -0.90210693796299867842
-5.5756940328990696187 -6.1080559060517165548 -2.8577504218513922751 0.87504372429504329034 0.0075772503624426598701 0.48398457191208055228 0.47055210675167102874 -0.24774252200680357827 -0.84687918714619436766 0.11348654283012862831 0.96879627789688282924 -0.2203510302444735558
