1125 14.717824617146108679 14.977075390850430381 15.033177056927090831
-4.9612241364745424121 -6.8105001794094919276 1.6018017120091883054 0.97881286428322489268 0.0027803246931103601548 -0.20473799478405832475 -0.12080467745316292305 -0.79949395464087369412 -0.58840092317925341003 -0.16532273473132480524 0.60066770038623196193 -0.78221909149140089745
0.023907903735100988207 5.5656548465042865459 -3.0270327115102446669 -0.93565289000694007449 -0.0074280225220953602708 0.35284344106563747534 0.056929715189289673005 0.98350854509742624554 0.1716681369642865107 -0.34829969415735057003 0.18070906507906436822 -0.91979973736038289633
0.32621918604732924596 -7.2709444394794386923 7.2115522956826323409 0.99454089256070543623 0.0097005021213613078918 -0.10389568462183713937 0.089998705116779043056 -0.58362516366949990232 0.80702038475432580356 -0.052807632987639047117 -0.81196525085148452128 -0.58131212382673780326
0.79188580315906553775 1.1526808866177102875 7.0352916691402702654 0.56651254785943350178 -0.00077480661847001235359 0.82405274879252932152 -0.76558294287498762642 -0.37045985820865534599 0.52596791825628930184 0.30487094104990447585 -0.92884815396854458758 -0.21046333688450058474
-2.9330202218835865757 -0.033875848831352833868 -1.0165423707738401315 0.99895377334680046655 -0.0035391586722917259093 0.04559422191612730324 0.033639702775167860949 0.73225967701061478454 -0.68019418978816392762 -0.030979495048253299916 0.68101632857098814977 0.73161262366521939704
2.058441465443120677 5.2988349094983018261 -4.1583623532382842924 0.99997964496463109807 -0.0056910750094695200865 0.0028846701248022368902 -0.0036439430110679297409 -0.88052748063710484239 -0.47398109405571714481 0.0052374932768238288 0.4739609345802280882 -0.88053029542206828761
-1.2512624552643940579 -2.2190653852758570608 2.1849642885585778274 0.99050080699148013164 -0.0025595821877837151431 0.13748308946293455457 -0.13342410762993667239 0.22393937344034944847 0.96542693381031463584 -0.033258966496352529441 -0.97459971555623592376 0.22147062014048715661
-4.4816441282354455566 -5.3921201639958438179 -6.5663848665673736349 -0.82168546804777875536 0.0067074951705394245463 0.56990174688955952398 0.39103194839054938869 0.73409932341644690279 0.5551506090219631151 -0.41464081677646358326 0.67900897848854446792 -0.6058215910602549048
-6.9337427055891200922 -7.4353479083828339924 0.25837545344589285534 0.91796987064165602721 -0.0030654620147053069854 -0.39663827290971875872 -0.32350203758545836852 0.57283336573808596448 -0.75313237002221866678 0.22951633552377906367 0.81966611375597575595 0.52485208743788314134
4.8422820594671165395 3.591476867856125299 -0.92451977946775876216 -0.99660082284470297154 -0.004594531662893979948 0.082253815619606096554 0.047862517566829951288 0.78035743627430187441 0.623499359312892798 -0.067052064228902502618 0.6253168492294307601 -0.77748495725156663294
-3.9171946413628844219 -7.1624157650073714265 -1.4824172700535211966 -0.99357389127309769794 0.0027248410132289417954 0.11315254226892978995 0.093020697631766291469 0.5892055310842517768 0.80261073500912238909 -0.064483117112671420323 0.80797859958122864033 -0.58567269889099293767
-6.7140298855226818731 7.4552307247928677469 1.7876658238558802427 0.84686029192073764005 0.010401769649155966774 -0.5317136909616133611 0.025475993619770209708 0.99786741118497157554 0.060096617575404950862 0.53120487546412598068 -0.064439373701861674126 0.84478929171708894152
1.5817633621688500511 4.6405718592381930421 0.82305591640921005325 0.97052265868232356905 0.0071770808313216857138 0.24090300640497547269 -0.23562832663628480168 0.23830536696622400816 0.94217293729010787029 -0.050646428016597112853 -0.97116375631813589564 0.23297188187272305226
-1.4572501614326320851 4.4688797178458425918 -7.167111195265848167 0.58574601291236705336 0.0077896582323096008951 0.81045723488783438793 0.74052462723398582156 0.4012945336495236659 -0.53906026910084858805 -0.32943115338013773119 0.91591594509960549964 0.2292882393299816024
-4.4154944001890745753 -1.195287788190948719 -6.7022166893056711601 0.96253328114533232007 -0.0008240488538064304723 0.27116231971094667541 -0.13363204171911055584 -0.87157459728345454408 0.47169926732623862486 0.23594948635987800234 -0.4902622179136353342 -0.83902967621703195
2.0481756127637695819 4.6053153944008844434 -7.3369203796709276943 0.36318735238843397051 -0.0086665669763952533911 0.93167582220529010506 -0.46224705131606741437 0.86653787948889493542 0.18825452706487702526 -0.80896391181221161126 -0.4990360648566912749 0.31070950316594386775
0.41329361516031143386 -0.4300129869620630263 7.3856597745977143887 0.7820623879258182809 0.0020185021639125087095 -0.62319687662951595009 -0.57339991099692411147 -0.38937551122839614282 -0.72083233371176236304 -0.24411260405899143366 0.92107688978970714277 -0.30335853315000188557
-3.1193727204329708691 -4.5997177275228606774 -6.7691967852679866269 -0.96944201456997536326 0.0022107920007889856825 -0.24531060471414078972 0.048273517717335269472 -0.97868926006476786306 -0.19959208331308481155 -0.24052411079493471457 -0.20533495716211827564 0.94867576520836982557
0.5347343843357599269 -4.588351249583098479 -3.7647977490180513094 -0.99550271013626656647 -0.0017827594876177119132 0.094716291522905018962 0.034647378767780123709 -0.9374052248000455112 0.34651263131691117936 0.088169797866223809102 0.34823593480034154002 0.93325120972762365401
-4.223951721680411886 7.3590752136244059756 -0.39219877474023234765 0.98142084239024574011 0.0041263491889726141085 -0.19182310435466320975 0.12696612549249877699 -0.76352830326794185467 0.63316990854434163083 -0.14384968925700555853 -0.64576118135970883571 -0.74986649715121989068
2.9813495056845753517 -5.5293608727850838136 4.469926098482227772 -0.93043410867467313263 -0.016198187823524314022 -0.36610106272178855047 0.17538189624279326706 -0.89686577735438155479 -0.40604552439452046286 -0.32176631253917853392 -0.4420061041679966829 0.83731537904970687602
4.4751826824094074198 7.4438446492169489943 -4.2819364785248907879 -0.84554375521703872831 -0.0002066067068073685134 -0.53390609223608831435 0.21040981745899187128 -0.91919852485153874522 -0.33286901421983378091 -0.49069691942187798617 -0.39379439968654783577 0.77726604457248815727
-0.95213833177072837444 -2.4423940053758039781 -4.8954983384714125805 0.99985956989721080923 0.010715105216990088166 0.012885146690684017023 -0.012061841941366585607 -0.073641178020672021232 0.99721185756527419564 0.011634107358684916272 -0.99722723760430842521 -0.073501592676949403793
-4.7868732487506715501 6.0113015984600428609 -4.4025941981873844 -0.92528082147162860061 -0.0030715355990321097437 -0.37927030873235478836 -0.0099449891193690263813 0.99981987787410742108 0.016165054878273164146 0.37915234221653787428 0.018729054350558320408 -0.92514470431112216797
3.4111772701747122838 -3.9834924289674704667 0.21169483045486922612 -0.82504373950811682459 -0.0084952458816417927845 0.56500500767324157714 0.52841289367466004467 -0.36586363407299116179 0.7661094014964604515 0.20020649763877271243 0.93062969652833604783 0.3063424982643795369
2.6816541350512803632 1.3394090994513820903 5.3369121791536962007 -0.99986348310261197181 -0.0031570796415767211386 0.016218754758367637941 -0.0019107080253012026505 0.9970833891271079219 0.076295899769640698751 -0.016412323193785945119 0.076254494785266857537 -0.9969533026538314191
-3.5094726190672624888 -4.2054018142485540821 0.8432758501371233617 0.88103790805360815419 0.012322752385521391905 -0.47288513863975512042 0.22698274127629353147 -0.88807489387702787109 0.39975219577645498825 -0.41503137198935374785 -0.45953360338390736306 -0.78522469881279710613
3.9969727308937605947 -5.0771241777122266825 -7.082536252179028935 -0.87349334206198114838 0.0010564500741723861256 -0.48683494665698279213 0.044465675074196346628 -0.99564465639607968583 -0.081942186510305589642 -0.48480118101496999516 -0.093223398903562196272 0.86964200265594726602
7.1954556937588716181 4.1173731747531991942 7.1031741822763274641 0.93314832858747975841 0.00085809302258050071388 -0.35949055694260129146 0.30464782618967878314 0.52900084096674382383 0.79205291000937338985 0.19085046201781732944 -0.8486208658363825208 0.49337483439543339259
-6.0012368360565586656 6.6253947778012030057 -0.68556068632997402279 -0.85758031785109234413 0.0012571143210317950456 0.51434853756762144439 0.45963202489806515016 0.45070178717089953713 0.76524917558199123668 -0.23085579941273762228 0.892673691056570906 -0.38709079189897049877
-1.4044037060804686057 -6.5479267887218064459 -3.4707576209644606102 0.88574759831132943155 0.004335367527733885798 -0.46414695590298138406 -0.36091888028553259504 0.63521132817155367967 -0.68282071615905026718 0.29187112556585398382 0.77232620902752657788 0.56420162434183751543
-2.9945630794482274162 -6.0011426043354800797 0.14721512584250118216 0.77966000981888095023 -0.011634659289232036211 -0.62609496387740160017 -0.44693686743802180095 -0.71064388771960407265 -0.54335320130787922999 -0.43860882984048149558 0.70345568414085501985 -0.55926057865359768417
-4.9989161597427900219 7.3018596866768854525 7.1192962546924993816 0.99090329852002634325 -0.0014238725056273261044 0.1345682933283229854 -0.13180911014230264899 0.19144985455627350213 0.97261159342969782937 -0.027147955092198181037 -0.98150136310529878525 0.18952061301307429608
5.4766651787509079696 -0.54155910513075200541 -0.92413662604061452832 0.91879609171927645317 -0.006121796314449891134 -0.39468502055613147173 0.12014237293145178798 -0.94810424008886284852 0.29438777174331143272 -0.37600472346483199138 -0.31790072905781524559 -0.87037898320026385601
6.0136974565086749323 -1.2788960719587818549 -1.9609234254768466155 0.94325529043679434693 -0.0048946567288475724064 -0.33203237703361160316 0.31442273351343846821 -0.30844283246802517429 0.89777578701424520791 -0.10680731114019208217 -0.9512302883291233746 -0.28940134217449059451
-3.0952741947228479269 6.9777205946893543498 -3.8187445200236664888 -0.72235075253277392093 -0.0085940065556441066347 -0.69147345094836787371 0.30805750441381207771 -0.89922459825224088092 -0.31063756352436194819 -0.61912031487381746775 -0.43740286344436224431 0.65220301345601638943
-0.55365378168203016607 -6.0653557989717707954 -4.5960135769247232318 0.99995426058031600114 -0.0028904030047709572231 -0.0091171441674784206577 0.0023178653558616627364 -0.85159222710370086062 0.5241996816448637464 -0.0092792374413136098632 -0.52419683736823774467 -0.85154657620447737898
2.8437653496825192612 -6.0559577193294487074 -4.7809190778784449449 -0.86838785847160004927 -0.00067203073705181519838 -0.49588514359046231839 0.17243548805964617476 0.93718373448657055214 -0.30323695400042194326 0.46493927530021900152 -0.34883548585047219337 -0.8137230942370788922
-5.171562189627121775 -7.4033289693301753687 -3.8489002697176002421 -0.99924831846891715159 0.0088039892872874732366 0.037752984116377251433 -0.036685178833188988867 0.10001603241272312428 -0.9943093034436076838 -0.012529792138838757865 -0.99494687447770813193 -0.099617876286797080176
5.6926708212825651856 -1.7606281175115789939 -3.3233823287681327763 -0.64327978734759405643 -0.0018497744066147264741 0.76562895290397547932 -0.44021559378866870205 0.819065129249183288 -0.36788931084401793603 -0.62641946503556167336 -0.57369756177162212207 -0.52770234170597807299
-1.2438212255625691327 -0.1422707847023618466 -5.8502076407067358232 -0.67859627007649170327 -0.011204189055842998443 -0.73442601287397957233 0.4060443160018626374 -0.83893351922102765705 -0.36237903329229287364 -0.61207443638897085503 -0.54411856839745731396 0.57384655426705066805
5.1051098253546092209 -6.2707507472364181211 -2.2855217407331442914 0.99587087723081513246 0.0032481587959912907974 0.090722904208047780439 0.08861648778058471565 0.18214649862364032384 -0.9792700195209483871 -0.019705683874064430089 0.98326603851837135473 0.1811065529446191924
3.8775446824500785503 -3.2696430710670898456 -1.1696578913404371836 -0.99652839697453421408 0.015459686840772299266 -0.081805575031336730252 -0.081086584580979642611 0.042495512914152738793 0.9958007316642595308 0.018871137337570134673 0.99897704151049138144 -0.041094412158374428456
-0.44625879976000798477 5.5008937235560546597 1.5755899795570937894 -0.94387546080795392545 0.0012366369169884289247 0.33029923586611642516 -0.32377994440660362585 0.19426912596288001267 -0.92597303108550133022 -0.065312036292284367245 -0.98094748963780464823 -0.18296546255673915016
5.5138880170821993332 -5.9533427576646200663 3.548077145235728036 0.78731420475485136556 -0.0087704459515582748608 -0.61648959623744692404 0.097625831137739829679 -0.98551113443830995475 0.13869751617355555173 -0.60877380042664930304 -0.16938383386805705433 -0.77505069301189810638
6.0898240906813896345 -1.4931838444007836664 -5.781282298915600748 0.9764297997229344217 -0.0021802047394647232174 0.2158242176411677149 0.21258815267262640147 -0.16308308684371239372 -0.96343665288839186456 0.037297768785427273808 0.98660992975585293241 -0.15877570012697359014
0.6982105854857202365 -3.9969143122681720648 -0.12009095046047818522 -0.71444846229379199709 0.0052935076996433946817 0.69966804522016290413 -0.0010106352102738471246 0.99996253059331918767 -0.0085974429846087541823 -0.6996873397042973064 -0.0068495390820015981947 -0.714416342528594428
-1.0552785121991150596 6.3827501047589496608 -1.9164446333433959868 -0.99150104419311746451 -0.0054951297598400073927 0.12998262542703367672 0.041207813051183650455 -0.96092996243405714996 0.27370700290626082118 0.12340014387158265707 0.27673707891304816231 0.95298950342965904614
-3.3291134027554609709 -3.2445051092262211512 0.64111972845446951741 0.86235261434410159787 0.0067304481443431242449 -0.50626343893435454824 -0.36223589801809263911 0.70680827484474295641 -0.60762423980456847783 0.35374160445287888832 0.70737314317045962841 0.61195597358001108113
-4.0407108328249217166 0.45367260263247699559 1.9653505549435281718 0.97088836615448892431 0.0035313291982556455594 0.23950638859955719617 -0.19514439682315232183 0.5914962627414790397 0.78233677885641428329 -0.13890444504925789082 -0.80630000674499502367 0.57496595922586257732
3.4009531021623349289 -5.0970207707486867577 6.7612271163959407616 -0.96164032619204675711 9.6378414440726790924e-05 -0.27431345893379732725 0.25483912785431195314 -0.36974834997249378388 -0.89350051852647538464 -0.10151306297929357791 -0.92913193272204785966 0.35554036288550139311
-1.8609769892166954097 -5.588537003259106406 -6.9074234808744394698 -0.98835050113302391761 0.0035866617813271029457 -0.15215262984114438782 -0.053896656917103109852 -0.94318505823404030775 0.32786749808020893004 -0.14233213721246912309 0.3322485241223214758 0.93239073404616856777
-4.45387773103245177 -6.3761108176890290977 -4.2066112421765486928 -0.88590689721812876378 0.00064558975724847986535 0.46386264419039080487 -0.014628102239126502052 -0.99954055036512812205 -0.02654631425874681705 0.46363238463928124755 -0.030302993081717355395 0.88550931137060395759
-4.9586555595541383923 -2.4244429692144575661 3.0253293807656072012 -0.95393686811688582772 -0.0072695849084510964083 -0.29991933045813023995 -0.086981765107161324035 0.96346805473375041196 0.25330511255513810109 0.28712127086999605918 0.2677245985019390262 -0.9197200199903139417
-2.3122930712202229842 -1.8308071432458161709 -1.7796626108063997584 -0.50338997173103428029 0.0065126435804712407701 0.86403479202768829204 0.73962218431906912031 0.52023305992608503967 0.42698546558772021431 -0.44671865958770107241 0.85399950165883609099 -0.2666970010004086622
-0.71257822426391059789 -1.9447044864180507151 -1.5442838845735560316 -0.9240033285813593622 0.011556675671673779723 0.38220974872167939873 -0.33482638825279598116 0.45831343700784049622 -0.82331044156354460384 -0.18468659534481871032 -0.88871549818007056221 -0.41961366135350819384
-4.6950881073724186621 -6.6912096920716086501 2.9434618550258022651 0.99931514668079801655 0.0070782608051880580025 -0.036319909668112215773 -0.0068428085423789097169 0.99995478748741295494 0.0066029502598872313185 0.036365004957769064831 -0.0063498980193584467907 0.99931840031573015981
-4.9303555725649443886 -7.3645449303894983117 -6.945266416403087284 -0.98907684998084843819 -0.0039933583519351466273 0.14734665900895216328 0.14431731457933794083 0.17715988133852042519 0.97354347060457169238 -0.029991624574960035893 0.98417398336531358716 -0.17464842662376733884
-2.0119208389200391451 2.5734780869508964152 7.147080743657108215 0.39713155023591878434 0.0085410003495867969914 -0.91772195305563442069 -0.61112935950568747501 -0.74355560654533359166 -0.27137790242612930269 -0.68469514220377414304 0.66861955646554238619 -0.29006973464079538472
3.3189076556311136734 0.78464520871211362874 -0.90039938453966961163 0.84870373650057751025 0.011446042823944065775 -0.52874469808551505245 0.24460159778951928722 -0.8949069593132920053 0.3732446818526737875 -0.46890513540445094565 -0.44610595409184400362 -0.76231060055271981923
1.8250716611865682726 -3.018804533444425342 -6.2054079175551066783 0.99913790239717303887 0.00326667349989999585 0.041385756457473811543 0.029000264331312235883 0.65841448011413583608 -0.75209664076147098033 -0.029705835487830303809 0.75264845792723800155 0.65775212817419048683
1.252366675105346161 -0.88185198700190403631 4.6840742196652511709 -0.72151176930337990179 -0.0028649238266956460891 0.69239624418977452347 -0.64727980351021219274 -0.35229608742798290688 -0.67595585858152451575 0.24586504982294249411 -0.93588421238655672418 0.25233136602721384367
0.69391519272119484008 -3.7758011298805489453 5.4746808833534110761 0.82794867280629880213 0.0028643384431881625113 0.56079656807405586783 0.31390628794981034755 -0.83102220488294920031 -0.45920032379908509723 0.46471909535106509237 0.55623186762078014045 -0.68894286545345939654
-3.8530049427062036393 4.6005027387134118655 6.5810675788380681439 -0.95349543194376951138 -0.010188837378806804568 -0.30123520520573748849 -0.29034368245499586614 0.29934804334658238201 0.90889564582688231464 0.080913579335797208847 0.95408958517396269539 -0.28838525645668067199
1.8842145213316778829 2.0607669580764738093 -6.9938043612004729965 0.9637418739599653561 0.00086743244781823172773 0.26683487016715073947 0.094608612231999206221 0.93391874161519661257 -0.34473902383027132945 -0.24950112398090748544 0.3574843096148627164 0.89997453159041929105
-6.1478403865562221142 -2.0980773031190897981 -6.5889552610765402818 0.96026464389076582329 -0.00063023944583321528379 0.27909033751042872096 0.20533121164136067249 -0.67569517081401797576 -0.70800785988911862923 0.18902620775789263918 0.73718087260662845672 -0.64871677475132005775
4.8593525015048237847 -3.2462834726498130955 5.8382091482672739957 -0.99936278742377970818 -0.0024186534137547489876 -0.035611363752496447144 -0.02742305734707868245 0.69065285633743167537 0.72266631854445495531 0.022847210735382504632 0.72318239894824631886 -0.69027909052282288016
-3.7923333200342499438 5.388122367371148691 -2.6223508706108260569 0.99952265433155407237 0.0031896975479003830678 0.030729290710826799582 0.03054509864190455351 -0.25117544359620680439 -0.96745950482864462305 0.0046325400154679230447 0.96793632144051300337 -0.25115297571241512742
4.8890796652215833262 5.0309287887149238827 -3.0975816336083292768 0.99871865682385485563 0.0042858521167066614133 0.050424953976827335822 0.0030991938169094321136 0.98935738877558676574 -0.14547285751246602503 -0.050511775949909618055 0.14544273356480141857 0.98807639975019856404
-7.3547343378116663004 6.6419958151304197003 -5.3570040124403126569 0.99506258063840458128 0.0079881522384488232863 -0.098927498892012022402 -0.092652341061606524608 0.43210177698927321188 -0.89705272867238861068 0.035580954301779460502 0.90178946752915434271 0.43070843031500993803
-6.1130334315642116394 -3.8893547116993967272 -5.084613284718828119 0.94706008260313845337 -0.00064571385143154334113 0.32105573191165481806 -0.11044354286924784603 0.938312348062614765 0.32767691604960408336 -0.30146214319246394941 -0.34578825967189075197 0.88856685493824938415
0.36525651661892072353 -3.1312601521823610895 -7.258880260326542988 0.99353385947220340668 -0.0054877760219678075465 0.1134035025762327592 -0.099224108375576658414 -0.52743025412193200729 0.84378427536544431398 0.055181939068083010747 -0.84958060909559962592 -0.52456433566297067106
-2.2052133719531852307 -0.74878368557781771475 -4.134198609797230084 -0.75824393530384404105 -0.0006670304863640048312 -0.65197062023156748811 -0.56494004358611882299 -0.49848542356081848581 0.65753709374469848647 -0.32543644806278465564 0.86689782417980287832 0.37759671702037250762
-1.9531207333301461304 -3.9456841095523791374 -0.33506133197663989787 0.99441219208436415489 -0.0068696133287947606233 0.10534325154769659527 -0.099243762449114314439 -0.40100434191002121143 0.91068446422689508513 0.0359870511277442795 -0.91605039500125140517 -0.39944537294741588873
0.0050971753961500075591 -6.9925871850427858689 -5.3985429273992853183 0.98743637284158880529 -0.011224501250115152123 0.15761795634120290277 0.046890565478707471603 -0.93173101594368856748 -0.36010913456583265591 0.15089958402390801773 0.36297565276518134469 -0.91949877163663684687
-6.4328126074207618856 1.2329667815866365288 -2.1241025343375139478 0.7438513256718265465 0.002710103674295978593 0.66833962970504090517 -0.40729636913755479233 -0.79101039227163416623 0.45652188009483790632 0.52990081428835100752 -0.61179671023644555117 -0.5872903135250289175
3.6460425709659354254 -4.5805908785550419893 -3.7640995724550130319 -0.99708648189125648198 0.0047066097877624243559 -0.076134062377113065345 0.071435675957130656544 -0.29238315772734985165 -0.95362940038469923287 -0.026748679038207358316 -0.95628967206681936286 0.29119507425095014774
-1.9215041232613239153 -6.6365305883937404374 -6.2946113285439357909 0.99997200759616999832 -0.0061425063845681193708 0.0042724278183097893699 0.00032690469012690119566 -0.53459676058160399137 -0.84510721018629597623 0.0074751025057517780925 0.84508495028069963162 -0.53457978791914317895
2.4282834678760205627 0.019207355478366997664 -7.0492759584788897698 0.63807685910152278641 -0.0046406412878569050159 -0.76995869131249372597 -0.70754498803863452583 -0.39796555908212372099 -0.58395505279596637838 -0.30370711513000009374 0.9173886189793722945 -0.25721607645421173949
-4.187818145336592579 2.4447756070346442492 0.89839498276864904192 0.93204468506229132263 0.0038357527783261348778 0.36232304929125264126 0.35031442372830440268 -0.26504989747304236181 -0.89834756991792330538 0.092587847879544035723 0.96422706809659952665 -0.24838206774017482226
6.6327251067871522139 -2.3360545777963417358 2.6918236162411020018 -0.9984651096260458436 0.0046272733265799205482 -0.055190698499776057184 -0.050706104236965726662 0.32446618653502495855 0.94453723314041804215 0.022278147419302736509 0.94588597734448442989 -0.32373353550505745702
-6.4181649504415911878 -0.12270376638805501057 -5.9680639853126296046 0.63131365129477401421 -0.011061703283447531926 0.77544871681456695178 -0.50645499460780485368 0.75136094507216955041 0.42303672258692709418 -0.58732138742395323394 -0.65979873366104857535 0.46874216679701946608
1.8154834039928808842 -7.482953206809707325 -3.5220320409208270007 -0.97313504436249143037 -0.023484871747763844813 0.22903415953256694992 0.21017635669356860006 0.31548933172356780075 0.92536067598300386638 -0.093989810728686756791 0.94863846768282888977 -0.30207776004129699432
4.6360496568152615993 0.68004787600329796859 5.40917549259576802 -0.73346070955168640726 0.0058058920733333879705 -0.67970705392922603494 0.043056251789417972209 -0.99755857838516581726 -0.054982195954922617742 -0.67836682313169582859 -0.069592918514834206656 0.73142004277080374663
-6.8694332581467136833 2.6655491388060386093 -5.4220461954211369715 -0.99698936631930179519 0.0099678709517884156455 -0.076895025813444733975 0.065144288898050004 0.64552609977837083211 -0.76095484499988796934 0.042052646410613125916 -0.76367316049053823868 -0.64423200702561511655
3.3140928236038802446 0.37510965382807087698 3.4915751267637245014 0.85410158197460772644 0.004522752167633458005 0.52008656239250505848 -0.5033662566103177527 0.25884387801034253185 0.82439205389349490272 -0.13089270176205816676 -0.96590858342267882364 0.22335556652126681287
-6.0398091606382031671 -4.7508392113308630655 7.1894977737091485537 -0.58344639495732242285 -0.0081108493372758182216 -0.8121111490026665658 -0.34371112730375186217 -0.90352022690796784943 0.2559567552064435092 -0.73583487629963928445 0.42846868460981457627 0.52436782999130615579
-4.2729886197478839094 4.7682787750783361957 -7.4108762206864655653 0.82630827965688147252 0.0060364571211640218051 0.56318574924784448044 -0.21525834338033472681 0.92741399024393877948 0.30588745692657021147 -0.52045986644084218931 -0.3739877697001566248 0.76762925656803149277
2.6638061657608504973 -6.9956699039550302999 -5.9087335402820322372 -0.85849267888256253212 -0.0018563515702399887002 -0.51282245881387755748 -0.43144413980620999194 -0.5379390396236637395 0.72420821859152717526 -0.27721160605562644719 0.84298169826369362401 0.46101581519566797729
4.9393893546230991376 -3.9579349149134417374 -7.2393272480456500872 0.69484925500868810477 5.5724516117637394597e-05 0.71915541415521466728 0.49212404470702009185 -0.7292296175182171325 -0.47543463226320770154 0.52440293423575234932 0.68426907122050595333 -0.50673207983713719482
0.52219953176586131338 -4.3098664437563041218 7.3653831824211666301 0.8326940501673273376 -0.00054255304730918833996 0.55373308051102310134 -0.54884915660386524028 -0.13333463415475299563 0.82521904887742858481 0.07338407259969713381 -0.99107092630699533675 -0.11132473632432555999
-6.9548401233327368232 4.7483367078155458429 -2.9634515246491428542 0.64043615255352359661 0.001501348457455572126 -0.76800994814857659332 -0.37382062518285585906 0.87415550647865880585 -0.31001659742827342159 0.67089468226417059427 0.48564379584828598624 0.56040202432166930091
-0.85057174424408388269 -0.97935205338513786621 -1.228086579369210618 0.95465942943981008106 0.0061134688972119127781 -0.29763736203573754047 -0.13155183293285022117 -0.88821508824242312308 -0.44019094978273332064 -0.26705708946515283042 0.4593871814892466765 -0.8471386713223026943
6.7030956206188552216 3.8587024381182546406 -5.5588382836971481638 -0.94942765349118873885 0.01098754954528561624 0.31379356994850027274 0.25637711441481914054 0.60408565636827527001 0.75455370582508762833 -0.18126749843910899829 0.79684364433995669152 -0.5763525834803370218
2.5682173745082561567 1.5226388667994406045 1.3381178323166365018 -0.96180302524470340231 0.0046316208115647818783 0.27370328591167808474 -0.14076444306660784722 -0.86590237331457298176 -0.47999838693091800845 0.23477715433646137444 -0.5001915912695957811 0.83347948974460761562
-1.9592555840929901656 -7.0840119804437584605 -4.444074309883667695 -0.98135064784141290417 -0.0017745563143682287644 0.19221799325561597649 0.13127450721057790095 -0.73665180097916471702 0.66340871856717031907 0.14042047478179886522 0.67626989809109638863 0.72314667613003258406
0.40948984549274225486 -7.2076869396061544748 -0.44519032121948781677 0.96058396191499906269 0.0011251808536084958838 0.27798774447769031282 -0.22491700952817020309 0.59083526538058894761 0.77480709083449161856 -0.16337316467719859014 -0.80679143720706480991 0.56779995237116176465
-0.27214458425861726143 -6.2670348196569571897 -1.2605667701749507792 -0.94291943649628662261 -0.0033873432212055461926 0.33300369695178383411 -0.20057294984579704389 0.80401758516689525447 -0.55975549531262525083 -0.26584474429225624093 -0.59459587002302172198 -0.75880321776059611594
-5.9051526112018963843 0.33510001659656812878 -0.83948342158555877557 0.96782307324879024435 0.0018714872223036882817 0.25162471345799453104 -0.22868527219947701323 0.42374133732277480258 0.87643957311549613998 -0.10498354712193128102 -0.90578130725877015195 0.41053462491516073962
6.0720931035236782591 -6.8486899011318813635 7.0519251812636900567 -0.81169263680288961105 -0.0021227608557658206312 -0.58408095093599088354 0.026929443283263840292 -0.99906599421246011783 -0.033792666255927271413 -0.58346368219831823421 -0.043158233218910324602 0.81099167595048771151
-1.3789982721553386558 3.0323845410402783251 -6.8133583892366766932 0.68405100151775299899 -0.00028963123303804030016 -0.72943412549472830264 -0.40062080240370784301 0.8355276978019224865 -0.37602717838907173675 0.60957132478818554233 0.54944825263132390791 0.57142752618027581324
6.6310147340440517283 -0.3413294217744328729 3.2497767130724457552 0.98741190273389511933 -0.00046604414324119200486 0.15816926737603587139 -0.078685852277957712975 -0.86892097715965133098 0.48865619007969568477 0.13720885900957280334 -0.49495062203693651615 -0.85801958646319609336
7.0356021411049551872 5.7905713010370369886 -3.0544946897066616032 0.65669248930140677878 0.0013515185893214487489 0.75415724347952217688 0.58884935996139653458 0.62385711617030725762 -0.51386645140231934636 -0.47118086311757134688 0.78153724927303636072 0.40888644172995003423
-6.7249905474597184707 6.4425719555591225429 1.9665877328708245564 0.92773478503898121339 0.0028838267580825441457 -0.37322895409104384079 -0.29559413820960778185 0.61622154205913970415 -0.72999665516930778431 0.22788653774359268755 0.78756758100205448425 0.57254260214391916595
-3.2459778948270638921 -3.8934326054861712052 4.6997013103513678445 0.99846439355303218122 -0.011851980892716192442 0.054114557705656353426 0.014620454216405179976 0.99858888714509308482 -0.051053665771850657851 -0.053433108886467024778 0.051766446846917099633 0.99722872895624048439
1.1864729709189878459 -1.4129895346991032667 -2.7725069085236220268 0.87178935706378424264 -0.0066236790718560145663 -0.48983613973025619259 -0.17594546974127595051 0.92895723383631934045 -0.32570177982437353847 0.45719416945960522636 0.3701277949286664315 0.80868962330025706553
7.27214465058571502 4.8416568885783553 0.82249382684962168977 -0.98652892254681712192 -0.0086065473198889321654 -0.16336037561715666122 0.10573648634897989118 0.72842560802126499198 -0.67691648601094800419 0.12482179470403055588 -0.68507084372495907765 -0.71770290416361703922
1.3949639701393927727 -2.1666815554726026605 0.69209269632874137468 0.98347840079440262961 0.00014429467016280903349 0.1810254522152668355 0.04884583501413210932 0.96269657563084809482 -0.26613791099795836015 -0.17431098523174146098 0.27058322647121485494 0.94678424045808307064
-3.2326025279550809621 -3.02825401173014086 5.8280134106678609385 0.99845388491849895729 0.014314543482243539257 -0.053711577299663075535 0.05039438248456481334 -0.64087045236454764918 0.76599312627465443448 -0.023457320928094334278 -0.76751557452015317651 -0.6406009654721432911
-1.327609278299541451 4.3517718505790856653 -0.74213177019995946182 -0.65186550789980934884 0.0005417586221681769355 0.75833440256140682845 0.60174276389933312181 -0.60819323461758445504 0.51769357293700590805 0.46149431817234676245 0.79378882321627153296 0.39613419245448194816
-5.3361812865208415602 -1.9647135802926085635 7.4081809194375400907 -0.99425230488300930798 0.007505733387448473154 -0.10679896161021594503 -0.10366983688186202917 -0.3166219921928167258 0.94286959807844883397 -0.026737972166826530496 0.94852210202307796205 0.31558026367036418058
2.4099945906961770525 -4.669242704112871678 -7.3256371311004739866 0.38949296222657309174 0.0021884201367773827712 0.92102684173337900919 0.63089397763082089021 0.72791850548179448666 -0.26852828224650598932 -0.67102013484335565341 0.68566016377971195084 0.28213847387481238993
-4.9794404494553194951 -5.7930651819034091332 4.7572382776852464303 -0.93747102254779324237 -0.0077048331653051266993 -0.3479780415902807289 -0.21643500630571127497 0.79586734920797097548 0.56546533979550694937 0.27258754543911117851 0.60542199993930911894 -0.74777017328911199456
2.6966294587643844238 6.2808723428725778959 2.6266643155124471676 0.99837214288984343913 -0.0046501586722087328435 -0.056845759083496427699 0.047585662922624831495 0.61736497523760647255 0.78523632877892146631 0.031443107124988087242 -0.78666311936834731888 0.6165812741563061472
-3.9573752142760798556 -3.9057942322557006598 6.4163064406594108036 0.15645404296181575354 -0.0045093731776431672173 0.98767494551326695529 0.96979278007773273007 0.19018005823416550548 -0.15275309868919126344 -0.18714725792810968374 0.98173887108724267048 0.034127596551791088142
-1.8182327277312917424 -1.2896055297048567567 0.78640323115821508804 -0.94288631161697689098 -0.00030970693553779640728 0.33311455604161049893 -0.15786800636473138915 0.8809857379657167753 -0.44602894756658434394 -0.29333103472296478964 -0.47314272009890590009 -0.83071828587426510548
-2.9761682799527062748 -7.0163880326720864389 0.47841726889861607708 -0.30757348510282012111 0.0034257097380580078111 0.95151816365982311297 -0.697611902846434484 -0.6808723191003998032 -0.22304824161992381493 0.64709828022384918711 -0.73239412176469997906 0.2118080879847803466
-2.2524584628149724175 -3.6969039926971989374 -6.3069591282607548877 0.99314832894834581545 0.0096731810619692243369 -0.11645954780608040735 -0.06207698049363283288 0.88800496342363999247 -0.45562444340461699666 0.099009318752535796504 0.45973211167284744327 0.88252112739415977671
-1.9875376952060650471 0.64060438554866994121 -1.707976697839792779 -0.95644936544108416498 -0.0025328597847593110719 -0.2918873001154784208 -0.24710181303815662024 0.53934033022808081093 0.8050172061408116253 0.15538759712624389264 0.84208407704379051317 -0.51647759084836397658
3.8780605110677104364 3.1568376577850756348 -3.1636738525884582351 -0.66312709936684932632 0.007109065044628611052 -0.74847305314184731095 -0.7457332915693349884 -0.092277238061225966281 0.65982328632818809666 -0.064376299446669532633 0.99570797552799328312 0.066493003688895130354
2.5575222996109867601 6.9911875244586028089 0.16562510002478986193 -0.9335061638106106896 0.0040802973046451408018 0.35853813367838271997 -0.21940665081601920527 0.78437725956780524061 -0.58018362287344393824 -0.28359648041778018346 -0.62027063919453095941 -0.73132576219343214952
-6.4330593197486471979 7.1718703962123173667 -6.2202024991633813045 0.97700673413137750778 -0.0060047130724094812532 0.21312387215576050759 0.19639231189700734337 -0.36375917100356686129 -0.91055440547968302667 0.082993380998142227134 0.93147367591989238544 -0.35421588019001287728
5.901061640274527953 -3.692695214536837689 -5.2027985008713910631 -0.95689361277339402001 0.0096854834627264178859 -0.29027711801588085283 -0.2561831365570335084 -0.49902933181288616771 0.82785259952127954186 -0.13683864358178754461 0.86653096736386803212 0.47999923773079850031
5.0323298937384315366 1.4964020088105849382 3.8254804093539527265 0.85740904517681204577 0.011702840059918871024 0.51450245167880848118 0.39043893768423615365 -0.66609795608871325001 -0.63550841759538978515 0.33527177809797809038 0.74577245620170029561 -0.57568765696512536056
5.8767972134747852309 3.209905615324889272 -2.228175622844946524 -0.90703653410254703182 -0.0026257700820996234675 0.4210437401679892333 0.19824452288900873409 -0.8848692327251292955 0.42155136118965447212 0.37146175435386846742 0.46583210098465493987 0.80312926652216154455
-7.1414755854638904964 6.9521317758522318542 6.4499202804262019129 -0.99989542986863633178 0.00014306412407288568445 0.014460596826858174851 0.0078157872200486679104 -0.83598100367135386168 0.54870272003231257418 0.012167283923008765864 0.54875836306467984382 0.83589246686916240936
-4.8333208108501626299 6.990981852498572735 5.9128004081230685074 0.96186667442658069227 0.013293230458288261137 0.27319551726112961676 0.064154868338397563754 -0.98191918494582941523 -0.17809791437222671773 0.26588842302004650486 0.18883327106002709139 -0.94532816642943140462
-1.302782898432145009 2.3274010728449869845 2.8999375899121555555 0.99044367388311183031 -0.0075062419971212192282 -0.13771341690637819988 -0.10970191816645726013 0.56228969925999139345 -0.8196314923528474905 0.083587188106418519595 0.82690625250825611214 0.55609282637641377356
3.2953252810738673517 -5.5159787147054935019 -2.7338110642384547688 -0.71941491203389773545 -0.0033305216133646953214 0.69457259661548886864 -0.47348691133054326974 -0.72928348292040989786 -0.49391876491797281901 0.50818532952256056934 -0.68420355828161083522 0.52308045432106475836
6.2977864775175298462 -7.1160309388021385502 -5.5876907092722269965 0.96949711521608794573 0.010307597422465441042 0.24488588571632941004 -0.13318119711805609384 -0.8165974370398447757 0.56163279333936300119 0.20576227137615618612 -0.57711556837017652377 -0.79031608133881736666
-5.1077698727392943923 1.4131082248719231131 -0.29282604274065832106 0.9706643732881649056 0.00072995136337564224364 0.24043739642541331336 0.19581454217376434435 -0.58269287100005817681 -0.78874944257281154325 0.13952540808790883653 0.81269212205894902912 -0.56574214554085600071
-7.1220063233908739164 -1.4524350998207988805 -3.3591018330317097274 -0.94883929974997960333 -0.0095192452976515726237 0.31561585387767826516 0.1188750103378422851 0.91523738706333901405 0.38497955431249736291 -0.29252814423090189866 0.40280256862439189902 -0.8672816010630433059
-2.1063848560708757773 7.2789020482867385908 -6.609071942851806547 -0.92849498023178245187 0.0041783361737136089781 -0.37132144186833526689 -0.05905489619129097173 0.98554985466165989649 0.15875768709672796741 0.36661913605292228979 0.1693340647456312853 -0.91483134161247658955
-5.301864506509279984 3.4339624015721446071 -5.38501794638593001 -0.85467261684162476598 -0.0012138858635070493355 0.5191659123077190241 0.31505154738354301802 -0.79603445278638818028 0.51678977589377850244 0.41264662910584759548 0.60525009414142338926 0.68073128547865879856
5.3375868189847084366 -6.1821283494369438927 -3.3147629889093628286 -0.9991103161204931693 -0.00032023126429139500693 -0.042171953637750822508 -0.010010014504144456454 0.97319565468101143502 0.22976078281473280573 0.040967985443704689474 0.22997851021774939895 -0.97233302371498231409
-5.3460695207286716979 -6.0345372126439746907 5.6745461820130822517 0.91759235763208457648 -0.0051311694970965727666 0.39748954239678518929 0.043604265899223899894 -0.9925838516425764535 -0.11347231139763937213 0.39512394664279082424 0.12145356544013193034 -0.91056361569705368542
-1.8872725951327506966 -0.22314696250191126681 4.6231800672692235921 0.99652290863701242785 -0.012118542191739271538 0.082433206275547274422 -0.0074442317822287478596 0.97245928786949797917 0.23295389425726256705 -0.082985998667790994432 -0.23275754417763430681 0.96898774484177097044
2.5500329615115067128 1.050990123749786509 -7.1846607905521757687 -0.67152688650638392431 -0.0050445500847537023958 -0.74096301743975645504 0.17309046238163633413 -0.97337900050754866399 -0.15024318022267008077 -0.72047993208099714302 -0.2291459663300735583 0.65452333310819343914
-4.7432457298948955682 3.6599463274147274738 3.3286003161790942428 -0.97767032541739051776 0.00092003190086455577824 0.2101425429071751283 0.033239819227337458196 0.98807852095077952637 0.15031949591914803288 -0.20749903425298826809 0.15394801063006138819 -0.96604563080999106273
-6.6522964421728980611 3.7017213190997075856 -0.61985731160311330346 0.99950892213722741797 -0.0071061155165714094337 0.0305191364622514269 0.0082248380106258959371 -0.88030505392573721313 -0.47433676230342397551 0.03023684189585829421 0.47435484097359148503 -0.87981430895223289301
4.783380101372499027 -2.214128765349115735 -5.3744317150495541924 0.98827873773432894922 0.00075311901776193039201 0.15265834190810967375 -0.11054752380378338183 -0.68611292575530791193 0.71904679826316508784 0.10528238942596963856 -0.72749466384531402685 -0.67798756076609401067
