1125 14.717824617146108679 14.977075390850430381 15.033177056927090831
-0.5226328776769636475 4.5231050138127271154 -7.400170493172969266 0.87004883843788050068 -0.0056010135768984553942 0.49293371499599303309 -0.240096733549861302 0.86850548764819801573 0.43364937041773277127 -0.43054451253214987005 -0.49564790584832518761 0.75429740564087677246
4.3232832527483422425 -5.8088792902064856349 7.0967198577748122901 -0.95082033755511052853 0.0015947511766607825115 0.30973882943571845461 -0.066479816879926975637 -0.97773340322622526166 -0.19904227230219223577 0.30252457691759870873 -0.20984482119965019997 0.92975482326079483819
1.5734282298911932418 7.2057060329875426419 -5.7846493004911554436 0.99304330858009737248 0.0097006333558944078665 -0.11734941413027029367 -0.11493242375143630785 0.29655165362586233258 -0.94807576422055728216 0.025603227430061555048 0.95496754627805902071 0.29560355258506260112
2.1004270815935996986 3.2856244918389965193 -5.9731554143073717356 -0.87219351376752496385 0.0034516175971571133943 -0.48914881261004106161 0.48897845778361170854 -0.021163353282499252489 -0.87203909333316320662 -0.013361974608872043482 -0.9997700729736699321 0.016770772812950123648
-4.1374408549694852155 -0.2615910284180204548 -6.8416751887077982275 -0.83335466642023559025 -0.0069531510460503634721 0.5526949010495513237 -0.49757196572785639122 0.44489165799129143375 -0.74464323778001073606 -0.24071173398355180661 -0.89555740538517403238 -0.37421223227248257004
-0.6758194308581705334 -3.5349035247394460235 0.2973537825405257462 -0.99566829177312199395 0.0020093575041007106369 -0.092954909714289865597 0.081581551212209779678 -0.4606909652749892059 -0.88380330674632590071 -0.04459936388993041706 -0.88755833441889109281 0.45853145992853894253
-1.9991685259035363309 2.7903397095997051203 -1.1813436172195022067 0.92785293708756588771 -0.0032626535018487716477 0.37293200751619448585 -0.054927197096494753681 -0.99025260901127720725 0.12799520836900693532 0.36887928941197639654 -0.1392448398986965985 -0.91898800014178505524
6.6445621297752337497 -6.9626652366435148878 4.4516783083481934469 -0.99909603912834277217 -0.0024888421262696056729 -0.042437133068264819291 -0.022484566417010840023 -0.81627476301267132275 0.57722608702455457941 -0.036076985339984803114 0.57765847776469203545 0.81548092203015198898
5.801862514229543244 4.5074455737188623417 5.0125046604307099685 0.99244399499881386095 -0.0054099390277907817223 -0.12257915544909918359 -0.11023092841506494655 -0.47808596514130774491 -0.87136843663041929631 -0.05388932372616933586 0.87829638647475527513 -0.47506988779932374234
4.7371897412821688533 7.3561958423172280064 -2.0029188681911440639 -0.99913412864419548498 0.00058254458969432109522 -0.041601125227541620177 0.017935091038754027992 -0.89619556912430975437 -0.44329655355247199466 -0.037540984108468587743 -0.44365883573287440145 0.89540913106156649892
0.30390144495180504425 -6.0469952934488855334 -5.2130226846851384082 -0.98649284512556678628 0.0006006333854614142459 0.16380325318987606908 -0.11856213886357130916 0.68738350918672486145 -0.71655211291734577372 -0.1130260401153134614 -0.72629439660353256603 -0.678027701291161633
3.1230359182011135921 -0.52115416356584076674 -1.0612081856660364743 0.33190970952005771633 -0.0027073784317126394633 -0.94330727487299470546 -0.46298940951280270761 0.87079378395557605064 -0.16540553951778078079 0.82187392670966230579 0.49164098275695117257 0.28777142434318253583
-3.7851615744297579802 -6.2046605543942439098 0.33280861144301271404 -0.90778402824748360977 -0.00064643383728455058 -0.41943740913529009573 -0.24761572961619407462 -0.80631949153359572247 0.53715484547734326792 -0.33854779353205549652 0.59147988951139207625 0.73180388889252689921
-7.1187259444800057295 -4.7150543270025977449 4.7549331446410976199 0.88193488871383696193 0.013439604233479326978 -0.47117961448631334731 0.3838725026192437717 -0.6005822549171730973 0.70138638196900238153 -0.27355575995082997975 -0.79945001852319597102 -0.53483353866521343711
-0.14361886997482425921 -1.7684665371926073796 -3.959105045254860844 0.95396008892310568683 0.0038171458911331903295 -0.29990928318262538577 -0.10439855646592163807 -0.93316594262867413878 -0.34395096296676302972 -0.28117803994929907452 0.35942558745195279934 -0.88980456108913730251
5.345557257837901588 4.1256280821076849463 6.0793226117631231631 0.99728014337926995658 -0.00028742779101321742213 0.073703683807165187858 -0.042986687594406616797 0.81003104636872924615 0.58480924121319777242 -0.059870362543966146318 -0.5863869211569632256 0.80781552249551746847
-0.13350316591981140069 -0.58221618362795335422 1.8161668242425295094 -0.99269307259242534069 9.6165381851432037152e-06 -0.12066674576920881357 -0.040449321933207334212 -0.94216811989126392213 0.33269067647854860814 -0.11368516166219859442 0.33514061790258342644 0.93528415481597715342
5.7400610664064171118 -0.99042127040732264032 2.088734168920098444 -0.89460890532053694013 -0.0075966243350953921443 0.44678540466312621771 -0.1905421409324495885 0.91088355966684309006 -0.36603938757687626282 -0.40418881608746537459 -0.41259354336627401816 -0.81633202125264725524
4.4870304033725751935 -4.0506177300513659389 1.3233337746420301695 -0.94447765362109836751 0.0080416635487816582467 0.32847723430646785792 -0.32853418047359345122 -0.0072288782229498541043 -0.94446441731822472487 -0.0052205431520529000169 -0.99994153577449096382 0.0094694752859705768472
-6.1400106647637926471 3.1792398081604598126 -7.4036522098620309862 0.78037878703817464832 -0.0098865321913363633788 -0.62522892225317427961 0.62113583932748217542 0.12755390912805181225 0.77325304355617552332 0.072105602026061338394 -0.99178236359981242209 0.10568124435803628869
-6.4075840827200076788 6.0908243030953501673 4.6582923931567927767 0.79253967953154746962 -0.0066524144521425479515 -0.60978406157427889056 -0.60781167357034648902 -0.089710494081407188283 -0.78899746306510887273 -0.049455291320795277676 0.99594566751083546396 -0.075142541391310907484
6.6148293046513133575 -3.2863838033767085456 2.1210329158094567426 -0.87261498736889075989 0.015690953770775832588 -0.488156611948090291 0.34483475269910246475 -0.68801593425839879803 -0.63853196281592239369 -0.34587870294357736523 -0.72552592522688696963 0.59496222961934108753
4.8043155326890945034 -1.7172972152429437642 5.3038151110835638491 -0.91796679545243242693 -0.00078996688749007287853 0.39665644883089462569 -0.29384243581025493164 -0.67037347068442376674 -0.68136336320613122286 0.26644621476744234645 -0.74202344016535504156 0.61514846084610375065
-6.0151487048932370527 2.102297320595960084 4.1594776508154893691 -0.93015284681842114178 0.018025721741269588871 -0.36672981186621128602 -0.2630082904254107401 -0.72965347199090690999 0.63121505842234604255 -0.25620757350871686819 0.6835794644131275577 0.68343016842212755968
4.522788793496690829 -2.7402384815721352318 -1.4477996237194556972 0.89612751620475894487 0.0010022670892610332886 -0.44379552742376071617 -0.15673999004453034734 0.93626786899919633989 -0.31438042719053932439 0.41519639957680321007 0.35128545791180271207 0.83917249528224013844
2.2160658370023740282 7.4251479543123455329 4.5894791727297139516 0.9028313083892527402 -0.005810563312472046861 0.42995565579025180059 -0.2683891331902296673 0.77360381581576664889 0.57402474627892641212 -0.33595074308210570724 -0.63364293849863395636 0.69687425315713347196
-3.7210222137083359684 6.8027752769151978995 3.3224134637096764955 0.2363493075861227144 8.3330455768802855904e-05 0.9716681521279508793 -0.54709041405007385883 -0.82641656388980910819 0.13314556614143305269 0.80301375060339541534 -0.56305919403257864708 -0.1952773933594870448
4.3509952437090371191 -1.1806422186095324456 -2.1375481686286117444 -0.98705981212655036217 -0.0058593685850809058141 0.16024542141474937273 -0.15074617486289748625 0.37459906586244967608 -0.91485033235997015311 -0.054667339873207654311 -0.92716838150081959391 -0.37063496097433451526
-1.7670742908065399934 5.5221661003844344506 -0.45893160823235246148 0.99572049356058123237 -0.0051669681979373393438 0.092271345190659145863 0.09008270207778902583 -0.16867024357510412846 -0.98154748011425096976 0.020635054882829045875 0.98565899345159480038 -0.16748296372472068483
3.6226981599263030631 -6.6128823252628849971 -2.0973531709926058753 0.91855855719458978648 -0.002398361796480150826 -0.39527765540845261061 -0.087145953771992717973 0.97414853319115313202 -0.20842317055111780899 0.38555902238922157288 0.22589573511273761119 0.89460346361513287672
-5.3723389609611480466 3.0910477943676810675 4.5907421697765409263 -0.9986844445797532499 -0.0020332542005226938997 0.051237154797071804424 -0.041992387356030634604 -0.5410206231756686801 -0.83996031138544258177 0.029428210249395781589 -0.84100686749623465577 0.54022349936444258311
0.94695240711960626534 -6.2601568226163255559 -1.7435401394587630719 0.9693968304237878808 -0.0017300059598275951793 0.24549295762583428493 -0.17526801390331828157 -0.7050813578838098783 0.68712546311949163069 0.17190377676741860902 -0.70912430916174995499 -0.6838068482320366348
-5.3188156440942231384 6.5058099897822687652 4.8603590245767751554 -0.68598191369124039696 -0.0027965485360404072034 0.72761321689814328906 -0.13594428447312717489 0.98287673319559876184 -0.12438841932351113462 -0.71480624340281229134 -0.18424306407299234634 -0.67461583714990969174
2.1714451232792653101 4.0014621947361108667 -3.0336353112165981294 0.96550536281225185498 0.00082963705329694610591 -0.26038184668530861554 -0.23592048445575955484 -0.42037861887959776519 -0.8761411654539925653 -0.11018584026562476541 0.90734840523984217064 -0.40568208256430027259
-3.0663483830436857325 -4.8777323375374876946 -4.5714752873134676392 0.98592855167398352201 0.0092451242634921278196 -0.16691140965023495979 -0.0024722630002779483888 -0.9975539293464394941 -0.069857325751257942636 -0.16714897220661339983 0.0692869809041779805 -0.98349404439858989502
4.8704308051324991524 3.6835469526602753199 -3.1055899590452087367 -0.9850409701160726117 -0.010397196254136568602 -0.17200635308808878698 0.1120570415422390137 0.71965871877986808958 -0.68522591013827305328 0.13091029995152012044 -0.69425011832480387763 -0.70772824344686091624
-6.5226521880930938835 6.6069167535726611717 6.5114211926787106677 0.78078479836138448 0.0025512381159532794735 0.62479483819235015485 0.25052708689802216657 -0.91736120395417297679 -0.30932927473808663477 0.57237337235242014 0.39804762612497929242 -0.71690083690711892128
2.99602201430161319 7.1187797920112538819 -6.8326329150113025435 0.97009530015936962233 0.012034597686750837797 0.24242581765801157756 0.23328369230678652757 -0.32206984325943610603 -0.91752369722343285474 0.067036016531013403741 0.94663941631511505648 -0.31524591665280565778
3.1508126381521912585 4.7569814219139745504 -5.0408891517643308333 -0.98476765923392794999 0.0057987459811308043195 0.17377868647206437536 -0.020926630036483519215 0.98822612281137345303 -0.15156254929455145741 -0.17261151028311708111 -0.15289049917639840892 -0.9730517775428051408
-2.2507638096056115096 5.8755819150061698863 2.1756220697005668185 -0.96776127846983761582 -0.0078357081681701100384 -0.25174731293916624564 0.19958968805513077616 -0.6335207075699945678 -0.7475396106575099564 -0.15362963358888984122 -0.77368605697501691143 0.61466073644402730025
5.523294614249034673 -3.5243305858752629334 4.3112677170946600569 -0.99826218274224354232 -0.0091085016557443127666 0.05822069824699019347 -0.03901677077064615029 0.84257118869732938737 -0.53716988334757642676 -0.044162270156893813911 -0.53850796389154087507 -0.84146233826583261006
-3.9824253579277932857 -6.4727998645827167223 -1.8268137273699187606 0.99818870195044928639 0.0171088086183616081 -0.057676719446152463489 0.060096779873964861762 -0.32776608504348447859 0.94284557088849529904 -0.0027735081020603610802 -0.94460398165742531784 -0.32820058727840717427
5.4912102589715079404 7.3747698885622972043 -4.1774570376658886062 0.94665003685335291639 -0.0070287112859071781273 -0.32218675476078983966 0.11248749140431536786 -0.92967263339669636846 0.35079247282501463401 -0.30199382775681926638 -0.36831968713444579455 -0.87928399056623796071
-0.88622288207018984352 0.26916706280183094746 -6.3011757198378255396 -0.96095870226518587121 -0.0023271687488188638054 -0.2766820500619500689 0.0208129369406210539 0.99652368666773782913 -0.080668231454977423756 0.27590794514977040608 -0.083277405073510585298 -0.95756967350026478414
7.1326430206690814018 -3.0118126346428115703 -0.80229735152715186963 0.93093154975794878414 -0.015371270611810455842 -0.36487007784293568058 -0.12993538604738083531 -0.94767592986271909083 -0.29159411415781932853 -0.34129641826135620475 0.31886369501497541235 -0.88421869403637343154
2.924664019717696295 1.8277875815784276892 -0.7988941471455400789 0.99783953239030165339 0.006634050082840462631 -0.065362504379550323552 0.051603141252294267016 -0.69489585087240157701 0.71725648986489976 -0.040661817619902042298 -0.71907979099675167767 -0.69373688871790417654
3.3058431013891458328 -5.6108422363214041084 -1.5574554403252938162 -0.99759634935631524844 -0.018311202444296660607 0.066829810833273842197 -0.040634922914884324952 0.93580588663521957482 -0.35016588294483952382 -0.056127772008770365764 -0.35203983070651140297 -0.93430061051323431975
-6.8240412128773062506 -0.42640080790312823167 -1.1851963564492518088 -0.80779596047925583679 -0.016603032564992827036 0.5892283305672516569 0.58053286609637444471 -0.1957378575554069855 0.79035959063041516526 0.10221192501495217353 0.98051569616668166063 0.16775485672692971861
-4.0038598586023104176 2.3478764099423670153 4.5613030573254871314 0.14145217301698662093 -0.0082817921946261498917 0.9899104478015908759 -0.64216767669848040523 0.76025830108016556608 0.09812232489287750492 -0.75340026397159209903 -0.64956810848183277329 0.10222188948944987974
6.3612254448307687937 0.45285603593123147093 4.6891489315972663121 -0.99992226754152313539 -0.00030230906443246712868 0.012464649369381974181 -0.011734542810953197539 -0.315074914800366368 -0.94899425634122480666 0.0042141879038442462899 -0.94906675564612841267 0.31504687579399781594
-3.9704765820127674303 0.78842741061430066107 -4.2215619347606256895 -0.96429665770567163374 0.011275295122610941648 0.2645842468049273144 -0.10197288783203777018 -0.93786439407126553913 -0.3316804312595519888 0.24440434956173656689 -0.34681875101157766395 0.90552927498900581682
-4.9464967620256636849 -7.2682387996177739709 4.4315056504492407186 -0.981098570399779768 0.0077414291580973904061 0.19335373136895497859 0.081295511853570354144 -0.89025609097362479183 0.44814632904548945547 0.17560363012242319325 0.45539451331677394119 0.87279963469794441533
-1.1655065527114254476 0.86602336778934285721 -4.8136788122512301769 -0.91501288392360768942 -0.0049586075773463030025 0.40339414282404323364 0.37937283493329859718 -0.35067343049655230747 0.85621515827423955169 0.13721397293467016421 0.93648468079018831745 0.32275186796797400435
-0.76161820720699213716 -4.1164927737989351897 -0.75237926031570734331 -0.92619455836466446641 0.0093677301074753908938 0.37692955003304945416 0.35067490277594476344 -0.34589531091289799081 0.87027785588955508533 0.13853069197335479701 0.93822634770140189708 0.31708132688683021705
6.7000158150188164896 -2.4790678109061450307 -3.3492825553049212495 -0.92676750660082463096 -0.0059648852597145680596 0.37558808401312088199 -0.046321786891225513738 -0.99042757001882353318 -0.13002892219017453401 0.37276840097847074862 -0.13790449119063621919 0.91761978539119337661
1.0102847332620452647 -3.8441131391174994114 6.8345912392916927658 -0.72150763242700366451 0.0011054040565068113181 0.69240559965337800108 0.67130466530724830498 -0.24387949300322614432 0.69990916498441702043 0.16963720902624437881 0.96980491387410860948 0.17521885269410472641
-4.7713359726694175578 3.7246924479147982545 7.2763321405337713088 0.25766520440849016715 0.0011243764355065894063 -0.96623360437043070981 0.90653177495444114964 0.34578174304116365834 0.2421469123841338833 0.33437820418643582343 -0.9383142980670376998 0.088076640535619157846
-2.7113038660073316422 -6.381677195994957863 4.8200368770663990503 -0.96522489865153981992 0.011264902559942148452 -0.26117809439834954732 0.023623879390013844543 -0.99122485942912197387 -0.13005841138649315569 -0.26035131523730198344 -0.13170565675066103761 0.9564887937837935894
-0.28488935000796739017 5.5015240779857368381 6.8666162074989225417 0.99817973803647097597 0.016895070172318935042 -0.057894448587797589512 0.055430943258259680884 -0.6352337221719468463 0.77032819547587105813 -0.023761757151202499844 -0.77213514025692153719 -0.63501394006570566209
2.8076497573330745361 0.97287796749235389004 0.038915350241241514206 0.80106284294672691626 -0.013490730754793171797 -0.59842820942342800361 -0.36612302632861171148 0.7798827733676672036 -0.50767784016661021695 0.47355279667849520253 0.62578020101947839926 0.61979584442774793285
-0.56999548955091250413 4.0677854863450182421 6.1094678422837684906 0.86084245180520768681 0.0084110871461960997481 -0.50880205068670680824 0.32536181210363368521 -0.77788424576310932768 0.53762049013973334244 -0.39126712664704943467 -0.62835129808612244506 -0.67237242789901996431
-5.021823313181546844 0.72627832054244645388 -5.9047627636457118427 -0.83231017108696125906 0.01000610937873315856 0.5542198633035498867 -0.53638227888109113461 0.23768893084372774704 -0.80981357302570566858 -0.13983500994907263615 -0.97128978679355670867 -0.19246381494478295715
-3.2260544353586237953 -1.7664008306639895629 -0.50519467743668733384 0.64971011768430364519 -0.0069506656911360901671 -0.76015028200033463168 -0.35057457190958651871 0.8845341182830654958 -0.30772855428734735561 0.67451777775620502808 0.46642371491998713129 0.57225403943627994874
-5.6387936971522849561 0.20676960617490333649 -4.4013338241239159387 0.99674364269244419834 -0.0043310304272486856852 -0.080519270536557746576 -0.072868453900546956148 0.379221053016369547 -0.92243242645479628372 0.034529685466985718389 0.92529597163530519222 0.37767057827808758752
-3.878488766691627454 5.9199025578595350083 4.7280932150630334831 -0.32697531577250388279 0.00019147685834193495756 -0.94503285985836738003 0.14046479485303625667 0.98890197926398470951 -0.048399553868075234631 0.93453559818894049727 -0.14856930619868927157 -0.32337343269544233104
-6.1731015032447693613 1.5493883875808438511 -5.9865316070132035264 0.64189166053695267955 0.0090542649584133029494 -0.76674188383005648095 0.72103174538962178097 -0.34739933050227850275 0.59952224921783392464 -0.26093738381776654389 -0.93767357084049696159 -0.22952114559176134412
-7.1813451519368447507 -2.4386140754914209516 2.8875808771218975934 0.99534671847080680163 0.0050144200732470537232 0.096227675960877681605 0.021667808649013430011 -0.98471664454136120792 -0.1728109835382354853 0.093890447319470965448 0.17409188824994797917 -0.98024313226243209307
2.6950029527280876529 4.72776153854988479 -1.3673545689838118022 -0.59982309432370362057 0.006088597414400534133 -0.80010948281945459826 -0.79797118241293674146 0.06889973792198918201 0.59874436795083296747 0.058772847085745455464 0.99760500955826059144 -0.036469128720470804506
-3.9281363480665043575 5.1758080476379983992 -3.0977320667447423297 0.86903261432769784989 0.0096612023784340833599 0.49466046577766425996 -0.37188173623526515899 0.67219340368795654772 0.64020309456687296557 -0.3263223705010239728 -0.74031256183233773438 0.58775081565542186546
0.70402888039456357205 -1.253875107831911917 -7.423580487953108431 0.95516404813378064098 -0.0030447957489183100598 -0.29606143006380719607 0.12421473383305103866 -0.90357013585476131379 0.41003866828652896226 -0.26876075057819776015 -0.42842938602556657202 -0.8626795002423244263
-5.6458829387538251865 1.4890518042678022592 -1.743352704085331828 -0.96307662306576469202 0.0099225462883519906926 -0.26904453382177156984 -0.24749281814811538438 -0.42598856125464923394 0.87021896706827706058 -0.10597510589442868389 0.90467413401469620737 0.41271538398183271745
6.4226876885931201144 -7.4519705882810640674 -3.230696396931619141 0.96822025270831213462 -0.0039678780065568099861 -0.25006758724310107489 0.23710548700806727274 0.33265538446764308933 0.91275483193211703892 0.079564629554299312608 -0.94304011109226859588 0.32302448606116895835
1.400631152230192189 -7.3766125914580102929 5.9681022646671211263 -0.97336582165414864409 0.016640759815862719156 -0.22865271121990413117 -0.04928114065677879907 0.95885936420788153711 0.27957125897776674561 0.22389807147680856891 0.283393374629002881 -0.93250085726790032936
-3.3585726011276992864 -7.2754341338796795213 2.4610235783749612182 0.96464196283594361159 0.01050576208220699477 0.26335434778840910441 0.18574892723176666953 0.68178442383985271569 -0.70757850125733934288 -0.18698454366131581073 0.73147770189692407072 0.65572643080725945275
-1.974819194706379788 -2.9101501122668809174 5.2435072097084605147 0.72523534360055186276 0.004186687946624422646 -0.68848832091526479537 -0.58763188090845686062 0.52485613154153321069 -0.61580420080037412411 0.35877913670209810038 0.85118065816103505306 0.38310444821213696098
-2.6472565452158569599 1.9696198009985903532 5.4982300678225559665 -0.45876104442237164438 -0.0011817379688194187652 0.88855889372393204173 -0.39726686715406805961 -0.89421499925828140665 -0.20629728879155037613 0.79480647983142349577 -0.44763616765914765461 0.40976154165720546363
-2.5914222318879556184 -2.5530913805009212147 7.4790793746357708827 0.72880930430688473098 0.010047890139597942874 -0.68464300029977021023 -0.44509111155078795452 0.76677295240636622609 -0.46255069114273728026 0.5203180761556309708 0.64183976143722543117 0.56330348859550882779
-6.7490745708198467412 -5.2850503461420066387 -7.0988975675686427635 0.98805622049658703432 0.0057729811421953301093 -0.15398564162548464274 -0.14813990084020631222 0.3106813403346712632 -0.93889918231233315815 0.042420218258600539407 0.9504965951841807259 0.30782583976376476365
-4.4886033784334635754 -4.4107101858268578098 3.6057126137735502347 0.99884228644970796118 0.005480747178298857672 -0.047791716964306042714 -0.038213480780815337057 -0.51306839015324301467 -0.85749668040882320863 -0.029220141797044778958 0.85833023274021047477 -0.51226496549873068442
-5.4172781302316277419 -1.2411110213590736961 2.2731940055754211727 -0.82733293106290040075 -0.0024057452143791085812 0.5617067149044697727 0.29824024781924823868 0.84551477480572545531 0.44289673758778003165 -0.47599682326622078099 0.53394660592153742051 -0.69880472684814398665
-6.8319655128643326236 -6.6397505250679937916 -2.5772615053624692294 -0.97285070238941628862 0.005982310805649556848 -0.23135626816174650888 0.18269382019252439209 0.63352446641236104252 -0.75184421160262615569 0.1420720905870652695 -0.77369952980107237206 -0.61741765334477305416
-3.774119408947583576 -1.3197143737467451619 -1.3734227422903577676 0.83278276596863487491 -0.0063735861359953890903 -0.55356322322329165608 0.44385843280190184768 -0.58990923298024722232 0.674534497616893991 -0.33085126013998528149 -0.80744440938327233237 -0.48843727275812398592
2.3758013301031892794 3.7744395801071575214 5.8036266258693398612 0.9978058354204033531 -0.0015186172289459358778 -0.066190698764542824084 -0.05034919721551049665 0.63179919576901155676 -0.77349514191452861667 0.042993873295832291115 0.77513061481749889747 0.6303364631938245255
2.9196658873144061275 0.87971404333373659501 4.1785020167188537954 -0.99991872169115314506 -0.010537286019315150049 0.0071774379018195513802 0.0085078649145141592436 -0.13219627229828059822 0.99118704684078262623 -0.0094955908759063456515 0.99116754950602381502 0.13227517741484789981
-1.7710400206901142361 4.7269157725240935619 -1.5349050850829577541 0.98538196263543786912 -0.0020599379171126939135 -0.17034712902888229924 -0.096242534179907260339 -0.83180450992749688233 -0.54666135026976869771 -0.14056942173623040993 0.55506487361390843827 -0.81984341416685835302
3.1249260772321436619 2.7751057134962637818 -0.10026523316956698073 0.65614878589510672313 -0.00033256414979386268033 -0.75463147308432210192 -0.29201137501317731004 0.92198498958897079358 -0.25430893778162649843 0.69584346489084070164 0.38722547485127217781 0.60486221901772552201
1.2332547568716791808 -5.4476965430922268396 7.4008988174892218481 -0.99673386702759780853 -0.017378601702309055127 0.078864329853329945275 0.07995661834133208079 -0.075269333402192079019 0.99395244686690464864 -0.011337438147859545817 0.99701179112985527375 0.07641302797413845882
-1.5846769462513827786 5.0283450694245157564 5.6704423945733903878 -0.9399842468206874857 -0.0015813069510092702362 -0.34121417789587671354 -0.13851486566424001112 0.91565710709954761803 0.37734028966985927456 0.31183849621053505441 0.401957163994417499 -0.86092229068295866856
5.9847602500378274115 -4.5998024262640138105 3.5034489358248954716 0.84519822043133663314 -0.010903362964868044613 0.53434173040832699808 -0.43198010784967399989 0.57475827893899544829 0.69501518487959235149 -0.31469533616159167666 -0.81825059576337921818 0.48107463862800392551
1.390286400694274116 7.1679409953397303923 -2.7844373594725779775 0.97676411896749426589 -0.0060618657362362720828 0.21423143952620365971 -0.21430996028776003182 -0.019418597964407646739 0.97657265934201842317 -0.0017597781471545862961 -0.99979306450732963185 -0.020266507937535364892
4.0590213237681496139 0.32196622622233406208 6.5815279049385608801 0.95622043476170404119 0.0012830082736069291921 -0.29264455237369541019 -0.29255406191635024982 0.029440297736010801605 -0.9557956840902972484 0.0073892489821770802882 0.99956571707868091536 0.02852676358259230438
-6.6086318314772638516 5.0347910655215839526 -6.1202325905825327723 0.98604793998712236824 -0.0018201866988102818889 0.16645163552044697775 -0.086146861315062855935 -0.86120107433805148656 0.50091059865480302982 0.14243657652659533208 -0.50826114988212556245 -0.84934234863684310302
1.841287781961340686 -1.30059267331053241 1.3928486847711507579 0.6897009814411197981 -0.0099188156959210474484 -0.72402636229223937825 0.58834929436200966713 -0.57518630838880513423 0.56833600841926779079 -0.42208727062393552876 -0.81796230214924736668 -0.39087083319166915363
1.3137641585712960257 5.9980292197251525721 1.520085038299548108 0.90069502166550652333 0.0009108890191200126607 0.43445097333067661527 -0.42334905680776707682 -0.22279007900139358167 0.87814586305381825415 0.097591260094374479572 -0.97486601693746088859 -0.2002802910259386393
-0.65817228621473344852 2.580818890017529732 2.7889044255317743115 -0.87615928607139248463 -0.012017888084225606532 0.48187184582309822156 -0.20860899488256109957 0.91067358159836897524 -0.35658928059167488422 -0.43454250964097540511 -0.41295181092329202865 -0.80040215465112707349
-1.9275096441715053874 7.4802088641860278173 -4.135538281858039511 -0.95786437766183085696 -0.0012546069694657894546 -0.2872181400398114981 -0.2669852974517107902 -0.36481095096424526192 0.89198196226233195105 -0.10589940958854610065 0.93108076771990511133 0.34910445289459213214
-3.8217906337891167645 6.7838613882634479779 -1.1302225445303479834 -0.58628800503432776381 0.0042945873499948402849 -0.81009131070042583733 0.05852501586177123738 -0.99714843691050625285 -0.047642599479361669168 -0.80798588952482375269 -0.075342891411638565624 0.58436482700665359769
-5.7030631861900200619 7.0161150487621686267 1.9567965381284633253 -0.9954082622828523963 -0.00094929961515454039031 0.095715673791018238137 -0.079143083208107062321 0.57060796915918454708 -0.81740009659425261201 -0.053840168641524632775 -0.82122204327597991824 -0.56806301752387355908
-5.8714918152886541591 -1.8407922647870045285 -4.9426005985333949511 0.68636038630063989086 0.0076634524548749843181 -0.72722121229627145755 -0.17319923810057019642 0.97289625496092868584 -0.15321521139952301582 0.70633663648329636509 0.23111501158362252051 0.66908475351187202129
-2.2067926889449682726 -5.6865573284193891013 3.1849949291520305295 0.98520836078684037584 0.0060144683474653041697 -0.17125510797079165903 -0.13264420468011015042 -0.60595034228606869942 -0.78436579326743005591 -0.10848963452954796249 0.79547973503655833305 -0.59618955907137927142
1.1457192264637181545 3.4963918935677429367 -5.0740938194133438088 0.99418006564416472326 -0.0050504617628379447347 0.10761268471510863909 -0.10302736024769883205 -0.33651452616736904355 0.93602528636716719745 0.031485871688743734265 -0.94166473148058649212 -0.33507636945878843671
-4.5467414550130058615 -5.7624863308663742956 1.6899849573289382754 -0.9590859506268244461 -0.0077499262812031587122 0.28300897150582826622 0.28243946175343859206 0.042825990568450517104 0.95832869359959604871 -0.019547116273065177905 0.99905248769741050729 -0.038884920868397489235
-7.0886263965619278338 -4.4625753705302511065 7.3666908005638438439 0.75685946906570633619 0.00052080081898095301543 -0.65357744212300350473 -0.53490380147433369551 0.57510783482023530855 -0.61897407174831708954 0.37555514542323414906 0.81807744565837958728 0.43555438885549874195
-6.1976101421446587736 4.416359636391303134 4.069490265079680924 0.98909550687899983057 -0.0044503604303998862968 -0.14720826255281171946 0.022327052199491943807 -0.98345935045991295098 0.17974762511090680572 -0.14557328399079211279 -0.18107429493157831124 -0.97263586130842982769
0.26883832499314125331 7.2837100022167939883 -6.7455231182282124891 0.99999976276726543212 0.0006678274779065868777 -0.00016873606708855959369 -0.00019457391857989354139 0.038880392870501288838 -0.99924385271626614546 -0.00066076197748300181944 0.9992436484946576325 0.038880513588609159903
-6.2124667497977590358 -0.61620415637330372416 -6.9676764631332703814 0.67118455237456309259 -0.0031444327542220007823 -0.74128362264139768811 -0.21590597608266939855 -0.95746546779195840227 -0.19142749927270250043 -0.70915153962011079347 0.28853074451211913054 -0.64331493323708299759
-4.0110510324281500871 6.8651411229914307555 6.9699838803607327975 -0.98274276954811490281 -0.00029480445367142081581 0.18497719316507943432 0.1651458806002176205 -0.45187210053933074549 0.87666324371165671447 0.083327588598790594543 0.8920826855424266455 0.44412272530671248472
-4.6911614133787429282 2.7860041470066696512 2.4681397308433781212 -0.25259173567248288661 0.0044644286394722332983 -0.96756265117392858954 -0.71559301540921926854 0.67220475372633481381 0.18991420527497135384 0.65124807206432200335 0.74035183389011705035 -0.16659865151887318091
1.2773535767891781578 -5.4032921038313830309 0.04462396708603452028 0.99094459298166182037 0.011225946334356827483 -0.13380131452714721929 0.13134098546805691998 -0.28809494778228206258 0.94855197358845388944 -0.027899089171019408884 -0.95753604589654695012 -0.28696055762448086091
6.1483845676873096764 1.7248555130210032615 -5.1350830754270164746 -0.9711609560503361438 -0.010113956271945969551 -0.23821021248471357934 0.18741376106205934193 0.58522435167898756436 -0.78891605406815745738 0.1473854796377727927 -0.81080834115745148427 -0.56645154629625038556
-3.6556142040847685593 -4.4231244334199608659 -6.1003832416636880609 -0.97372532772489173158 -0.0010008565532587437776 0.22772348239282011462 -0.028127150573545346701 0.99286191182618399598 -0.11590551084996986164 -0.22598196730615982553 -0.11926534421591632185 -0.96680294172163738775
-4.6073951677554356721 -6.7425486931426341641 7.232184650195708997 -0.99987567274400601658 0.0026434420245750106168 0.015545136507916503324 0.012046532273624108167 0.76417635184817578331 0.64489486300957332698 -0.010174483523269585439 0.64500194998949722525 -0.76411318820892681902
1.7457426846041352864 -5.5083426961566095414 5.3205936642794950941 0.98568109547901683332 0.00076609929924364907755 0.16861847795273074424 0.16743608085457470369 0.11385539656751843263 -0.97928652982693054074 -0.019948354400149682225 0.99349703661574106928 0.11209683935059477911
6.1106202816483161655 3.5054294337802232029 -5.4622798269509367231 0.91585013434526085785 0.00092187259701955988692 -0.40151921693826447823 0.29491009990333033608 0.67708009722605189129 0.67423332379496003774 0.27248222766794055749 -0.73590875255799093058 0.61983202846732898816
6.3072976073341200376 -3.623691590177673838 -6.7173091710045964575 0.94534313390243074338 -0.0054038436785596079964 -0.32603244877969927984 0.18469708354455241506 -0.81512883446583650482 0.54904641930577546827 -0.26872541099400115705 -0.57925450511485776506 -0.76957837274074258893
-1.8479230852126318219 7.3905540740977677672 7.3745126625105230644 0.987811745714049394 -0.0060233035048877243273 0.15553673149491745176 -0.15143346767071735881 0.19390853254611517542 0.96926125780148486566 -0.035998054092498926737 -0.98100112172250264475 0.19063299630662453032
2.0843218332043886853 4.0730083652809696559 -7.0958207417819672003 0.99294031928845427615 -0.0083658187965703015992 -0.11831963238296722141 -0.1185221481947477673 -0.10944150078364535406 -0.98690174703130506551 -0.0046928369544237853728 0.99395803280722838657 -0.10966041354663798313
2.9062493387007748424 -2.3112930562432687509 6.7005425077385600829 0.76282333609810182296 0.0061532409945998477185 -0.64657767942394372973 -0.48693078162352415594 0.66339402639243905124 -0.56816087480076149507 0.42543973934223006106 0.74824494877819147653 0.50904864680733175053
-6.5590126901128185111 1.6306732190367903002 1.6501162315516972878 -0.87663325622808829785 -0.0033188440896118158452 -0.48114771053065646944 -0.3007396232854064877 -0.77680161220897869789 0.55329461795291889903 -0.37559261582337610808 0.62973664379912408506 0.679972018832665559
3.5632680282605675437 -0.78050045468263007375 -4.0973283594199472191 0.99924243402864321162 0.0052402713665407772356 0.03856290435827092189 0.013390676776598265524 -0.97668516206566358129 -0.21425868471597925291 0.036541042842248121214 0.21461275301521404169 -0.97601542940230867629
1.2099156043804832894 5.1893340929639357739 2.3909291511440371458 -0.876458466179808382 -0.0037824509739185982471 -0.48146261550251151506 0.4799272383123158181 -0.087042563777114209667 -0.87297963207448237011 -0.03860573775660258028 -0.99619741274290107835 0.078104493190476520503
4.3635038691531127242 5.5601100307542390411 -6.3293384400903720532 -0.93356020347914603352 0.0049370478331960008719 0.35838662368794305113 0.31670094187561881327 -0.45683309967827495646 0.83126652311602577949 0.1678268747694237617 0.88953872574333814338 0.42491763379286778823
6.7968466466829395856 -0.10840624932594521146 5.5785673594128839525 -0.9887293591331351994 0.00094535227410046259421 0.1497109237737753451 0.14721831241697200254 0.18796055730850536047 0.9710806338226054546 -0.02722173538222378078 0.98217612229443074234 -0.18598129453647457843
6.2536931943449367566 -0.56959434353137516904 0.63258698713608818576 0.94743419735468459297 0.011138736395419212774 -0.3197567360266739267 -0.25731435757474285797 -0.56742947437208357542 -0.78218483301575758571 -0.19015194731801676742 0.82334665856219191316 -0.53473593180725564888
-3.8151102506197904773 4.1987781970864119785 1.5078895609321631976 0.98119677296047758119 -0.0088696474749637918555 0.19280617750876646865 0.18621952185811860292 0.30614631062232083858 -0.93359344801213584031 -0.050746255140688673047 0.95194315263356277246 0.3020414735481727897
0.37617154619320153364 3.452997645651116887 -1.6249611938420718271 -0.15827186682604077461 -0.0053173678589461190191 0.9873812545164899479 0.32085500265850463997 0.94544023501808549526 0.056522820859924528814 -0.93381051795347636002 0.32575218741853739779 -0.1479304868902456549
-3.6405478530207600052 7.1166881941874624573 -5.8065619280127762636 0.97580841090507386415 -0.0046737550644458843163 0.21857744902090520123 0.21521194963101425435 -0.15549478810150627051 -0.96410849369214046689 0.038493661074370265351 0.98782565611905404079 -0.15072727414186720685
1.1909265636825454582 5.3062977321846060974 -4.4046482642526454399 0.84786190441211184421 0.0081302375741052514135 0.53015477955373768726 0.047505813275523514627 0.99469616916439218546 -0.091228990757119376998 -0.52808464165487412068 0.10253501980559102946 0.84297875475119621314
-4.8332260947749476898 -6.4974584137177373577 5.3444574405594504896 0.99866794724612917289 -0.0076273083000408959525 0.051030925049257054582 -0.0073452476807200402925 -0.9999567063466292538 -0.0057125098636944234357 0.051072286807969977107 0.0053300657152891180168 -0.99868073573070026416
2.9794607280846601149 4.5233780243632519813 -3.9607686041241088049 0.99985616750805661468 -0.00032883479363403182727 0.016956891337304630385 -0.0089505987710000629864 0.83901228045333786643 0.54403885893395820261 -0.014405938976244862804 -0.54411238279991536171 0.83888865995783812313
5.6022752731521752168 1.3286601889624827244 0.030342187188259213404 0.89018917515003970209 -0.001369950477566422159 0.4555890205889754907 0.013989941367270528755 0.99960609928084109832 -0.024329566807250478655 -0.45537623344453181939 0.028031580693480391553 0.88985769452065444085
-5.9413726320744748577 -2.3552896986292441994 -2.0722266636913562188 0.90945201642373330042 0.00088345126315705468228 -0.41580794765933482005 -0.3736558058867132659 -0.43698243476513581873 -0.81818560879170187938 -0.18242359647241537801 0.89946960550131505041 -0.39708444974519396808
-0.25113055978201104246 -4.93456743169351153 -1.5889236183670749636 0.99938761585984425828 -0.0079322636269025734168 0.034080382328994789087 0.030726473293054574337 -0.26705044034316921531 -0.96319257999199181519 0.016741478575997184586 0.96364990608947131978 -0.26664317240234075568
3.9051631371419119887 2.7986247071846697132 3.5731569686497688387 0.99708527436460514526 0.0011944321621373621758 0.076285837330113348553 0.027143906862534351865 -0.9400107368888693804 -0.34006326301721678806 0.071303323664363621459 0.34114276757022610198 -0.93730328505181870202
-0.75925625231961824113 4.8310510199145300092 0.66140716668070176354 0.72283508134249829791 0.0005611524522605082152 0.69102035446768927951 -0.67418448531484509445 -0.21882322455692349017 0.70540178349310311834 0.15160714013969101011 -0.97576435756923274312 -0.15779478304496988295
6.0286331612713883743 -4.2600883070613724257 2.1311472568638047953 0.97913347032268427395 0.0011113756590460112904 -0.20321518677990002555 0.17860018781696332391 -0.48178036019258996259 0.8578983957582797526 -0.096951638488476002409 -0.87629130394909526824 -0.47192576791007306847
3.1443562817263495113 -3.1605461174357043497 4.7190322703714357999 0.97429866780148466354 0.0026236484479525150511 0.22524480546560432526 -0.074420577671882481852 -0.94003624276732256071 0.33285648544526197368 0.21261157903416960657 -0.34106447887869745239 -0.91568080558012865389
4.9394553019040676745 1.001747695883634659 -4.6294720547803791533 0.95482442020131652605 -0.0031168644116220914526 0.29715418850050340227 -0.28600259423908919176 0.26191537080943955162 0.9217390382436629892 -0.080702185073781337876 -0.96508581156798534106 0.24919176076728066782
4.6033799668847086295 2.4751377092993842588 -4.8142353134103998968 -0.9998470361131763795 -0.00086084974896742660899 -0.017468924219227369155 0.01693997058592337096 0.20087312805996079823 -0.97947078762968831089 0.0043522146334267243495 -0.97961688703346549989 -0.20082781895608109446
-1.4417844281441860588 3.6724177277747322989 -3.3441830513219636956 0.33418246127203216078 -0.00040496711749450848075 -0.94250831220730002524 -0.52888188294576554682 0.82763830118069814379 -0.18787973895681561731 0.78013206348028230064 0.56126168443992796586 0.27636802475990185357
-2.341582788098905521 -4.8964933609844303319 -7.0164653810150987567 0.82683056188873116366 0.003116238633523045129 0.56244245126376457566 0.31449649801559209639 -0.8316129124219575619 -0.45772471708350781494 0.4663080255183140177 0.55534696627429036564 -0.68858301778896147116
