1125 14.717824617146108679 14.977075390850430381 15.033177056927090831
6.8305777875986750658 4.6291537258837349711 1.6346321093789200063 0.99609681270342564918 -5.3382529099069500611e-05 -0.088267416821575281349 0.085945528214746130802 -0.227270153118196927 0.97003177457317213417 -0.02011233208579426418 -0.973831748636254102 -0.226378487153918867
-1.7674875924422845941 1.562397630745904431 -4.6180636102960770373 -0.98770496835912147127 -0.0052683259786081770501 0.15624064842440343881 0.13678969769259441414 0.45470598591737310112 0.88007445422309282801 -0.075680077192472203218 0.89062602202744378665 -0.44839470871525455298
-3.3552613643544710875 6.3382656266484342922 -5.5870939223195392742 0.99774859407545890555 -0.0063299946706896585702 0.066765816012361742238 0.014602780519495223849 -0.95114436334532992401 -0.30840097094119400811 0.065456106066837660418 0.30868160172554903742 -0.94891051576781471066
0.14923169610038150568 3.4625764692032778846 6.2896655668076535406 -0.89268372857157318734 0.0087894147515245411167 0.4505979437723666714 0.26663202692868731569 -0.79576622219793369251 0.54374946604544827089 0.36334986302391514279 0.60554014383610110794 0.70802401883230348112
-1.4621095026734844957 -2.6077528005110153231 -3.5216627571420637821 -0.99236151697202046318 0.0032770597464258552876 0.12332023561628044361 0.1185971807643410314 -0.24984912038858519967 0.96099434220804968998 0.033960688270267880284 0.96827923551032957228 0.24755200207584832084
-3.7216512289052188223 -5.4614762986766027808 1.0990234052507901197 -0.93840588831809745862 -0.0015528509633764737974 -0.3455314420191994973 -0.022713394122397895236 -0.99754988889191209545 0.066168881652381328351 -0.34478760200657643242 0.069941459990271889757 0.93607141911129487788
7.2175669109831082082 0.6449386013747064883 -4.1272124430584824495 0.75885410854206525322 -0.0087569027741902748241 -0.6512017802514021847 -0.45281855499035100765 0.71156455770181403775 -0.53724411255881232563 0.46807670119897276662 0.70256615124587917798 0.53600840004459859856
-5.1988927093143058045 -4.901415482930686629 5.3112649577405175449 -0.9122037929180919491 0.0051595797036932166194 0.40970430669359286791 0.10409085313110741366 -0.96419802329067660907 0.24390011516358250931 0.39629450473150662493 0.26513308096053711527 0.87900802891658269544
-0.72888956968957696603 3.8129786838955350703 1.2572107819277171803 0.72845349413387583404 0.0090189396490544977703 0.68503588636787904331 0.68444064276548632897 0.034120275299737150287 -0.72826973941276529345 -0.029941833861049638871 0.99937703873014727129 0.018682104912439573274
-2.1823736029167912776 4.6253812447316651202 -1.7807041730685269076 -0.90773989608835348175 -0.0075108300251730611419 0.41946617084318726931 -0.35318986854292999666 -0.52592278852097529285 -0.77373260062700499606 0.22641819230827456289 -0.85049915223166816514 0.47474834833332540951
-2.5717886504603240105 4.8382983431512984751 -5.8575990685257135482 -0.99703396512573039256 -0.0014786823863501144874 0.076948592476208166335 -0.013970309153845420977 -0.97972848529806433326 -0.1998422516831250273 0.075684231170151439194 -0.20032450822113911926 0.97680191879324285154
-3.6835066320965781372 1.7367254924641328806 2.5823238584377121718 0.92694945459479916039 -0.00011672136990554043902 0.37518621376925415101 0.36700572850972740246 -0.20740104319630406349 -0.90680295683352574176 0.077919855411935620704 0.97825599597296275522 -0.19220744646180737414
-1.9433826592022911406 6.5157546732734497041 1.38972230004595243 -0.98343859383741283331 9.1641788970655245483e-05 -0.18124161705551203316 -0.16927372070313156938 0.35689465370491740837 0.91867982106733536707 0.064768353618252838544 0.93414463428245742005 -0.35096846384104768424
-3.1279289690987197581 -7.2044734837319222009 6.3631768529408319068 0.63140473291439258574 0.0080061722993125042369 -0.77541212555554084318 0.7196439180967089122 -0.37853587093336815705 0.58208523908728371232 -0.28886102956248815854 -0.92555199509371144373 -0.24477093368763142012
3.3245057013825363157 -1.7028094770303767724 -4.4313022582814216577 0.70912689535771611382 0.010017301095795013571 -0.70500971621607988471 -0.29098303815122306126 -0.90661973651182103939 -0.30556427290420024034 -0.64223665247993710903 0.42182971332750796023 -0.63999357431569170451
-4.5689136435067307929 7.0711894561499137879 7.1685999483915301411 0.63249114514411775012 0.0052603434288082673298 -0.77454972732635518629 -0.083392688553244623262 -0.99370199662479430369 -0.074846518954906265941 -0.77006532892350465502 0.11193154466378892054 -0.62806903959590931752
-1.5825396244031686432 -1.6307300366621706456 7.5113732626825751026 -0.99375030353597204602 -0.0088753690181820315414 0.11127246760509604262 0.050461341279613755595 0.85344622038588990875 0.51873230277794013521 -0.099569007519400523631 0.52110534130237828876 -0.84766457753512014506
-6.9206565388386085402 -2.3382755876039191811 6.2220662772665642493 -0.99957201627261360599 0.013396298462807359336 -0.026006219875255955076 0.009916320648500905055 -0.68119211169458349087 -0.73203754927602548985 -0.027521825330119147057 -0.73198213513218612913 0.6807677305645396526
0.18265267739565282934 -6.0559951963157478971 5.8282806742038806291 0.63539650217272891641 -0.00013179181967469186243 -0.77218603176785838293 0.76205511334798281542 -0.16134723809618747858 0.62708777135178139783 -0.12467272856068407905 -0.98689769043688513328 -0.10241903809147766269
7.0638290930650349253 4.2993896073475896813 -6.4124472178740141715 0.97751278033910882215 -0.008206002034928987221 0.21071645831349475331 0.10478742582151742702 -0.84824020721042836524 -0.51914174004908886229 0.18299825043772499633 0.52954812095056058574 -0.82830575751636381643
6.6563596116679608627 -5.6923415012640692368 -3.3634585779549217577 -0.71883610674141384944 0.0056761210675244245377 0.69515640923068600099 -0.67190778857093991228 0.25089466669455606773 -0.69684416470389798359 -0.17836640743856904678 -0.96799775199832138739 -0.17653831545477047249
-6.9395225364608812413 -5.336642216611878986 4.257400211724234218 -0.92999615926016976353 0.0029125305149441502346 -0.36755769741225707836 -0.24317861792897438322 -0.7547211312233674807 0.60931122906694723529 -0.27562892363311858324 0.65603927569224596006 0.70259601849563813047
2.1640780736549629637 -1.9912642175824097901 -2.1315043945740748121 -0.82474924814602612599 -0.0122323324269748724 0.56536629518043557407 -0.52623246311445026624 -0.34944299534170614185 -0.77522189582798595175 0.20704606358754668038 -0.93687777380511694236 0.28176579725525513487
-0.33281997120971501536 6.2140724560971474233 -1.9494841649174119436 -0.91516765380087616855 0.0065956504799444407375 -0.40301943232487630331 -0.28060871679967641645 0.70735281615908263131 0.648776341683218849 0.28935603241121421458 0.70682988820975889421 -0.64549562015607298004
-4.2888499123976533411 -4.2426319694713932051 -5.1223019306838519782 -0.95716772194922916661 -0.00020897623230950457263 -0.28953395031912182445 -0.094217890754251326646 0.94579684222863069643 0.31079144501120137267 0.27377534790460089642 0.32475881752344376574 -0.90530589820269402601
2.8575926350720624036 5.8179399518899792554 2.3703858121573375684 -0.9458035623258395086 -0.0020173919559113356534 -0.32473304670352276524 0.26932201235626307412 0.55384813856439285562 -0.78785651807236634081 0.18144220884906392399 -0.83261525901125676974 -0.52328821438049544224
-5.3218298298369068888 -5.8055064393860087435 4.976770134828298886 0.81499693261466465977 -0.0028726677649235084037 -0.57945815000632272529 -0.3122888398936465304 0.84016540449685039871 -0.44339347487823260741 0.48811441313147080345 0.54232263539943359465 0.68383512547010805172
-6.034665286462788103 -5.4864406308100370779 -3.4642571123287018153 -0.98632802141002229313 -0.0092529506883775522463 -0.16453393900603177635 -0.096352955366575759877 0.84235928109070767889 0.53023292009497324795 0.13369047151316770794 0.5388369182451263617 -0.83173411217938397755
-5.2691387172362711411 2.3106174065597722134 5.745655937950724379 0.93481107430357912591 0.0035167667430365907519 0.35512798778927512355 0.35063615395281977349 -0.16797918921506960199 -0.92132365623149847789 0.056414031062602024158 0.98578426866244972526 -0.15826191189585159247
5.1784024663042469427 7.4218592840354675744 -4.4433607352189765649 -0.86449412815535120469 -0.011083936155728236692 0.50252069484162842361 0.47140361119222601305 -0.36483521238135724341 0.80291587551961518532 0.17443777612589247972 0.93100613003672505474 0.32062290637811730054
1.963279861762895484 6.246924025183876239 3.8598624353563129041 0.70432717309471704059 -0.0019678343851251061877 -0.70987277794556913335 0.70977346546922459591 0.018906939833366928627 0.70417622463554230272 0.012035819713934834546 -0.9998193113027061818 0.014713388115647051818
0.4082686917464156684 -7.1810799749889318022 -1.7968816401720582032 0.96711612851133910151 0.0032357049282397999657 0.25431461654237902392 -0.1964929517213861998 -0.62536679836387321085 0.75518665734242718113 0.1614834787131765037 -0.78032422602262374589 -0.60416652372088108791
2.2444490264692245063 6.5664050760477286062 5.2060018382575652396 -0.99967118650147157588 -0.0010854008599170345342 -0.025619148771345703897 0.018011496439924865737 0.68140391962623836353 -0.73168591917158321003 0.018251160916229039466 -0.73190677017160177265 -0.68116031512583607999
3.5960247374782698948 -1.4222269199184507382 -1.7891155492440240504 0.77731288154432220949 -0.0040141683547932150225 -0.6291013993291145745 0.42234572120354596514 -0.73781024838354214435 0.52655496309624660878 -0.46627113996731683887 -0.67499623986557277799 -0.57181404337508923152
2.4534260728300649745 3.5260944839272925222 -5.2683376328044726478 0.99683371248550667332 -0.0016416552419216265055 -0.079497513297165395274 0.052469363364474684575 0.76479848976226327828 0.64212945421115119604 0.059745422925071116349 -0.64426747164938202861 0.76246305445843876036
6.9260191146304395104 7.3154781188097723899 -4.2489189838879770633 -0.90801492386434989879 0.0092377786981417027434 0.4188359601134192256 0.077660731411115666023 0.98614048070746906927 0.14661433458798192597 -0.41167670426694319419 0.16565511086203740798 -0.89614768615951412301
-0.60505823691127602615 -6.568489752973979634 3.1850123336817905972 0.93108307349044538981 0.0050462469023159935155 0.36477232029277617542 0.33602713904295861136 -0.40113130521155571095 -0.85216162657429417315 0.14202137897572172931 0.91600666557150534075 -0.37518224443906650345
7.2742006720417213828 6.7813114969994412462 -6.3679061065323319113 -0.38596580872825425601 -0.0016247407173339237663 0.9225116555958865483 0.92190886689754292238 -0.036866464239770177502 0.38564868073182850816 0.033383163847575531014 0.99931888005384339468 0.015727057558960880201
-4.0960029317986563768 5.3328653285046820898 -4.0737039310521971913 -0.99814545167480439591 -0.0086705745546446499894 -0.060253451666838819811 -0.05612067735194999768 -0.25237666552208321002 0.96600025272961209666 -0.023582342428987587701 0.96759022309898345959 0.25142202228257515273
1.4443264149390362405 3.0623702486158133063 0.7457374926547530869 -0.91941030624957320594 0.0069994987412054891773 -0.39323745470083071307 0.019659873706865768628 -0.99777377211178075456 -0.063725889962881837603 -0.3928080677991130365 -0.066321238703028598249 0.91722588012379935307
3.8270788299125868548 0.069165893257014082751 5.0197206908364710998 0.92101937312914050615 0.013359376017527797853 0.38928760755170083163 -0.20280190331704511797 -0.83682137971848746805 0.50852862894519867965 0.33255781802849088136 -0.54731298679852480316 -0.76801939568586741203
6.3655536601278992492 6.1160497366913677553 -2.1046025443861737791 0.78753623372756220711 -0.013687574148064604942 0.61611632901596613543 -0.29211033267210484432 -0.88859933876021546251 0.35364214780072267263 0.54264005944307047713 -0.45847995099990690449 -0.70380245837796828745
5.8442099804606204572 -4.0214932356089931886 -2.6129346549347380879 -0.98427363440165693831 -0.0032604139253175419728 -0.17662044706882165657 0.1569963091560390156 0.44218914696327921154 -0.88307469515274439331 0.080978833858857429684 -0.89691589795753245973 -0.43472324582194654674
-2.3091862364617767867 6.0751333422340447754 -3.6068239523986713735 -0.70319664887633370753 0.00091312261499284109317 -0.71099482362128851864 0.45762251763683053918 -0.76474952787068117832 -0.45358548364487338844 -0.5441471348457567192 -0.64432703329029394901 0.53735143975839205766
2.1178712577475526935 -4.6462317658292340283 -0.29522793046856427024 0.98414515828295889843 0.0061080249612354611116 -0.17725969496555316063 -0.051090574896244828063 0.96680891433757132347 -0.25034032099151071193 0.16984716831601900933 0.25542751454846612802 0.95179237453691056814
2.7602598734747663123 -2.1236799292672619011 5.3534131893976564243 -0.82855806344672722208 -0.0020941547035409685193 0.55989923201733193814 0.50328734691877319296 0.43540030640675703166 0.74641035604577488094 -0.24534339593518197931 0.90023451816570088102 -0.35970047313563596747
4.3597426496959412745 -2.55215309580125016 0.37684556631999993614 -0.96687813864481220172 -0.012409730066401548215 -0.25493658742994218525 -0.047625116748831075597 -0.97250427100991476692 0.22796335477906565226 -0.25075588381012864359 0.23255416888789812169 0.939702104534951288
-6.0606992784441127142 2.4442533420226544294 1.0147494877303164795 -0.95176761347762417476 -0.016800995178150826548 0.30635948899312992477 0.29998244648495642206 0.15866425590877572538 0.94065731576263245106 -0.064412279388075269204 0.98718963753571331576 -0.14597149655360189269
1.4558376232370056069 -2.7784635412513560837 3.3831624504425930056 0.19052454037215241223 -0.0046950870021636257473 -0.98167120548275288439 -0.9574783549458918408 -0.22157496434199769331 -0.18476941031193905296 -0.21664625389369618347 0.97513203789786995213 -0.046710912418381662914
6.2826596140990593753 2.9764656837095961883 4.7704901770134302552 0.94786029064467258731 0.0014547700190563721268 -0.3186828408672569557 -0.29641928638721487532 -0.36320420166351086166 -0.88329967426219002657 -0.11703194468497217506 0.93170842624617888905 -0.34383561826116532112
-3.1547538482119246162 -2.7383368980847064833 -6.0071412655045213214 -0.43067881446504313603 0.0013077253773520832077 -0.90250432055757667804 -0.16190085251894262286 -0.98388886664357355638 0.075834108740793479408 -0.88786478290592651952 0.1787763629488345607 0.42395181250495039826
-3.8102710413821738733 -5.3526631505533517341 -4.809536151937190418 -0.94334553101311569012 -0.0067011374990059106166 -0.33174433510456563523 -0.027886766286270965598 -0.99465767048111819459 0.099390375888515847258 -0.33063807612529039215 0.1030107436599464743 0.93811899528088360523
-4.1006004834838636341 -2.1833962525689405432 -4.2308945146680505545 -0.78092793190869802533 -0.0080404964690103161024 0.6245693841210725461 0.51174341416871638177 0.5651015009099078501 0.64713134039730713098 -0.35814835364661767869 0.82498220834512547839 -0.43718887530935973684
-2.6420557643022135608 -1.8293204369030238166 3.4571955474954956244 -0.93544988700648845636 0.0086411379690635448103 -0.35335370329739723694 0.32179418657088754152 0.43439614507453150338 -0.84127789144478237748 0.14622588822983220713 -0.90068047601743417285 -0.40913649278994923542
-3.5743027153642845661 -1.4047307648939200142 -2.0192796247784348118 -0.9097734041659144566 -0.011182803900215977991 0.41495457338041991102 0.329193688075470281 0.58951620763303480555 0.73763280612330284214 -0.25287124946040884232 0.80767913544605496323 -0.53264485857034538085
0.97742199117823036492 -4.5488401091101211549 4.5479126328296635151 -0.89430654818143884288 0.0017645050154308436485 -0.44745132070623711007 0.40589987155898382687 0.42404540779745875101 -0.80958679979001335614 0.18831115778973475661 -0.90563920997708591276 -0.37994279727873264685
-3.054279099138086373 5.3999830490672247052 5.5164514588120319161 0.93923670353868604632 -0.0057741977444537868208 0.34322160970156134763 0.088474514925752548167 0.9701496050187733422 -0.22579194868389304562 -0.33167254172509491594 0.2424384509978432245 0.91171098630179736588
-1.7774548753755969877 -5.4748936387517765922 -2.6539559081447001709 -0.97214062134476009192 -0.011079259081612996898 -0.23413641824731157293 0.038465349050378086493 -0.99288125723776354814 -0.1127263320989900508 -0.23122073707585633073 -0.11859198558189361361 0.96564636990037622244
3.441275812857159444 4.6887354322625309777 4.7889865750233706621 0.9992145977369535359 4.8976048470560952508e-05 -0.039625563348627962368 -0.038078787274407353836 0.27785840927757049501 -0.9598670274332155028 0.010963285504747535132 0.96062203909511889588 0.27764204360271105276
-4.8320432741203971361 -2.2957255221759869102 0.9487619691172743952 0.99997244866428147692 -0.0012641342248331231303 -0.0073146344341421263083 -0.0049242799444987293833 -0.85032466016739227666 -0.52623542619068264248 -0.0055545818268621423991 0.52625694700946779037 -0.85030745753810754728
1.7942940048829134625 -1.232382725549533431 5.4847106565930259237 0.9241677732409097068 0.01131286493986734254 -0.38181925827505608373 -0.1182907232247551732 0.95890200717090567917 -0.25790355841373929779 0.36320962501261655486 0.28351183349268910261 0.88752453969891165197
5.1369123231091666781 0.53742980018689390231 -2.5800435416450318016 -0.94555525585283561885 -0.0049108676017898872032 0.32542455578581780395 0.035356493083614132233 0.99241860462621589445 0.11770824775075722224 -0.32353543318441363441 0.12280552337387586059 -0.93821299655410406171
-1.4560522361741299324 0.47533234978778288182 1.4605946037776997848 0.99998800233534990145 0.0011197981147537639738 -0.004768777371755328863 -0.0012006127550333747876 -0.88779702209938271551 -0.46023364292567192635 -0.0047490751153945898883 0.46023384665168842744 -0.88778502616445809092
-2.5818098369355237942 3.6201156858872005628 -3.939155860496028172 -0.77824090895392361578 0.0024573878785540156748 0.62796102496527594905 0.10774694356044348109 -0.98463994858210601713 0.13738547161045938649 0.61865312072595790571 0.17457987541819364186 0.76602231254373387426
3.6164624347199407772 7.2139738929588670402 -6.6355178927948879064 -0.87132651040737729708 -0.0040570526710128756998 -0.49068691910927708655 0.17701459179613920902 0.93003727230176225227 -0.32201941932242988953 0.45766357354786851852 -0.36744280160748382658 -0.80964797350094619421
-6.9222885458554710425 0.34194554184344516656 -2.1108812860771104525 0.76489353732839537869 -0.0012069455490985288651 -0.64415558666815608824 0.52240761450950135014 0.5862149125379023662 0.61922722858489465114 0.37686623735199592522 -0.81015468868660511781 0.4490225156308539356
7.0911894812356495166 -2.394635758581042051 5.1838343415090015753 0.99791555241505747187 0.0087878409231905915688 0.063932183602142811374 -0.003949920644034608623 0.99714486315143213702 -0.075409018144515643778 -0.064412330924564539791 0.074999304946915854031 0.99510107822386739684
-5.9875561682006450681 3.1676415212067565719 -2.8486816440051589971 0.97333277241781535061 0.0094836040821249210919 -0.22920160425085339684 -0.027687750966952043297 0.99669738892789871976 -0.076339395797901915541 0.22772066788928488346 0.080649712696367295561 0.97038081249476593193
-3.7946769063473020367 -6.8163974824095037164 -3.7290280531745594317 0.99218701027525435521 -0.010360678504474692824 0.12432856864788631446 0.12452665540904764296 0.14310089424924127277 -0.9818427807738626667 -0.007618971960645707503 0.98965387404172611152 0.14327302907468311699
-2.3291043535516178231 -6.3202301950707671097 -5.3393693566782749471 0.99991761957815727957 -0.0028914843850922082764 0.012505733690546428846 0.012771337786599690559 0.32153575334187267654 -0.94681130762894527564 -0.0012833503916579913542 0.9468930238632338181 0.32154619321463179249
-4.1967811412424351758 -1.5540115029005305836 5.0051702128493182897 0.70614443792318659643 -0.0021672815258609572781 -0.70806449966145257324 -0.52632764539350340716 0.66731576549339255422 -0.52694295594355933243 0.47364463734388451144 0.74477175833587305753 0.47008061595919226061
6.1362469852900449752 -6.0162304191352422578 -6.3450340862098943973 0.6898481659345758743 0.013469937618657593439 -0.72382875650061462292 -0.44439151118560632492 -0.78141545022061398296 -0.43807086064103017975 -0.57151176080891208375 0.62386573470353101634 -0.53307208923375093423
0.29381142386491687635 -5.4317653035387305493 7.1985159069071746885 0.98892819401178577721 0.002118389073329577689 0.14837971396451385409 0.088597737798212478078 0.79370069307347002052 -0.60182194266382837977 -0.11904397483912311506 0.60830479386766767025 0.78472530850744548481
2.7580515615763974147 -6.0619456725419906817 2.50261713566485966 0.53622205669812317286 -0.0030258169515545952841 -0.84407153153166059045 -0.17350453665638626566 -0.97903432736758100319 -0.10671439263565550559 -0.82605210590499089651 0.20367285108157198725 -0.52550479356724588698
0.9324557473482710801 7.4390703494257417461 -6.1124191930351345903 -0.96728462559387629049 -0.006350712154254309523 -0.25361411937212535728 -0.15665625062231591791 -0.77137081944476937334 0.61680294912573796484 -0.19954766906866167053 0.63635424675592688892 0.74514025552582885403
6.7161305206812764723 1.2318134600324224248 -5.1095887816971075068 -0.95502139381523531991 -0.005234151808908547171 0.29649070982082531556 0.051075852856496135879 -0.98780482662515045611 0.14708120801350321738 0.29210510883963475282 0.15560921614922693101 0.94364208110865954726
5.7793244864099646563 -3.3698495298386235142 -6.4926982706458771233 0.99109044265500767512 -0.0039993295794097478632 -0.13313053684573125657 -0.088030952747617477461 0.73043132740551797166 -0.67728917553960510389 0.099951417380021223558 0.68297443678925506827 0.72357144281410368247
4.2141897790109865696 -4.8932218793306638815 -6.7311877996121758372 0.80144398593942789422 -0.00029540467919020796037 -0.59806977029248287181 0.58823412805621977384 0.18100234741382803527 0.78817432134049381087 0.10801920195773132005 -0.98348261955503724074 0.14523700988965382308
7.0390965995426979518 -1.1666600661375328141 6.5045630282829183244 0.61687646295136755459 0.017720842132267291408 -0.78686047124685920551 0.23569251468665727844 0.94970794895053267659 0.20616461922667217443 0.75094105492862850415 -0.31263522426994416747 0.58167581054078076885
-4.4117089003861362784 1.6108513823783670027 -1.2409053969850638577 -0.99389890990226181788 -0.00047011385326952434896 -0.11029386151551517914 0.016515653822456517752 -0.98935064016967044775 -0.14461170068374615272 -0.10905131853331745395 -0.14555098690422260677 0.98332228701344792654
-4.9684026038330637576 -1.459076433055918498 2.6278631616606626942 -0.60352999106347759994 0.0078961112561960235257 -0.79730119861560355687 0.42629423655947801253 -0.84183966595174586356 -0.33102749237251327674 -0.67381360461417483254 -0.53966992528510004945 0.50470941934901047965
2.0622772320445323935 -0.2744068867955024027 -3.9039333812005527768 0.99414023101695681017 0.0012181846953924172373 -0.10809124432435371355 -0.10721586461936279122 0.13860432092605726173 -0.98452709490116707691 0.013782577678476968033 0.99034708978549956804 0.13792274035079218897
3.7284081198177712047 6.0151417737976276001 -6.9348693749165679634 -0.92815813803996682907 -0.011939992560142866085 0.37199449910994225599 0.13655627722301641458 -0.9407051866451634492 0.3105255786081413949 0.34622948161782562959 0.33901502680057188366 0.87475365541510807788
-2.2681230539853287631 2.0690734274439464002 1.3114810030128045693 -0.93763190139590679717 -0.0059708512814966412108 -0.34757843204033339601 0.22132564700513510103 0.76076868795223262509 -0.61011962876894076935 0.26806972127115863413 -0.6489956489579905563 -0.71199948888412312176
1.8205563121849122066 2.6133990884296047774 -0.7521059816032992229 -0.9973197560938606987 -0.0099762938621333722977 -0.072482947412238193929 -0.034414239255742926082 0.93819633633284083007 0.34438829049191393983 0.064567516920170237027 0.34595969136920023956 -0.93602506788359018941
0.68949324060667693814 2.4816595948822524065 -1.8001457433311949252 0.99457590755743396915 -0.0042826533356051547582 0.1039250835294973363 -0.083661422122142253821 0.56073549128425859145 0.82375753426764253273 -0.06180235072158630355 -0.8279839175338662427 0.55733571727526576289
7.2448903802466890767 -2.128407806847045336 -7.2694176828114072109 0.70420579782774728184 -0.0074040826225703418317 -0.7099573042560077818 -0.23471871034344679585 -0.94615034456744906421 -0.22294988784410418869 -0.67007560865962567664 0.32364286649871620849 -0.66802243498548230516
2.4917949201889735278 6.3761425898793673284 7.1121497527669665928 -0.99355793404656356227 -0.0010863779248477646935 -0.11332012829175974744 0.012405847510693478186 -0.99498697565065052917 -0.099232117951631018671 -0.11264424814700882416 -0.099998690334570886074 0.98859068136964234341
-3.9160428137604390564 -4.5630603537171614548 5.6101430138475336662 0.70925125693461343879 0.002230772594499187949 -0.70495225241878012312 0.49727087468792641189 0.70722970927014217057 0.50254135701719693241 0.49968423201438216807 -0.70698031229959534816 0.50049426200206159621
2.4238986054436502116 -6.0923328944713937005 -3.8332765389277652091 0.9894947758153922468 -0.0030256178163089010938 0.14453696506769531105 -0.031354444645569468086 -0.98047521007935745097 0.19412692039136936195 0.1411275573199928246 -0.19661944984283413751 -0.97026996475646021256
2.4493621937260443566 -3.3131851025688106027 -5.1030123701476490794 0.87595650081661313724 -0.0030624160627331065664 -0.48238037924963089731 -0.35093700353714235574 -0.69014336332982151312 -0.63288652821836299811 -0.33097345546966377983 0.72366619353107330959 -0.60561028072077327522
-2.6559011083571437695 3.0506080860363806728 -5.6264744148264762558 0.96133597271749249291 0.0016118332085577049759 -0.27537347285631025295 0.078817414855893414005 -0.95975944885422148634 0.26953592608516468987 -0.26385784558106839537 -0.28081880693582711439 -0.92277832386577662849
3.0025782985754148058 -3.6235892100316098308 0.64949814908813863212 0.99062840967114862423 0.0022693415962973940807 0.13656574988245301361 -0.13636438289605681828 -0.040322857658829883154 0.98983777571262454575 0.0077530013315947367281 -0.99918412579413606878 -0.039635510989611419386
-5.2919771675678637379 6.7312609555727531685 0.32798867936992970318 -0.94530972334321239359 -0.0041933088504955227244 0.32614711881829189233 0.17243569444977036031 -0.85518734803926688137 0.48879497852692688209 0.2768672213033795404 0.51830205084907188251 0.80913999150529791748
0.97811068319280758399 3.8259100794608733587 1.3452589361312161653 -0.83723043195767365976 0.0044621382927237428564 -0.54683205202867013472 0.10726668604842867771 -0.97920048858734753949 -0.17222154689362462188 -0.53622668888097269058 -0.20284598214434473862 0.81933780924580223992
0.042535005472957243544 -6.8859520987208444609 -4.4004645970187619142 -0.9108650229917619745 -0.0024772559664409188676 0.41269695067103034924 -0.37342146777934498436 0.43074248175672114058 -0.8215943779090436605 -0.17573080917074562768 -0.90247148299154356099 -0.39327332110785828689
-6.9264229961893999388 4.7342747340659858679 -0.36795171433222362278 -0.96316741802041982989 -0.00020940647620015686962 -0.26890236334553235809 0.26625843317934877463 0.13914483696362031639 -0.95380562019058645618 0.037616108580752080637 -0.99027201843499312872 -0.13396401710886698955
0.31143426309795868567 -4.7612049556714959309 2.0369269618129561827 -0.99668230130139801037 0.00014979365559464113619 0.081390219525753954022 -0.056010160459368213415 -0.72681339552725154896 -0.68454740523028634325 0.059052960957908337547 -0.68683496245022035431 0.72441043763748591555
-0.77373716110293178083 -2.6489505255392304939 -4.7348162354896929926 0.97565386850714286293 0.0069847790278622454846 0.21920479403743370339 -0.15340275004916278934 0.73604350329962708877 0.65932356057376861891 -0.15673903516491907717 -0.67689820070099471216 0.71919517569520530209
1.2116897095497860537 -5.1223409901704979319 6.317997931637491682 -0.94542679892894943006 -0.0016292212011865441282 -0.32583049812007991441 0.01334185291980684307 0.9989552752326974483 -0.043707585672323558124 0.32556130425398094319 -0.045669505393829350204 -0.9444173513068715442
5.1591169311435489675 2.5651214126440606833 -7.2791180284455032634 0.86950020558195117992 0.0011622252678702444523 0.49393121153181024363 -0.47718721556006071793 -0.25619879906794806868 0.84062746604081639568 0.12752158169859700854 -0.966623414049458618 -0.22221030941999800334
5.7263596336723265878 -3.6937529900513581538 0.78620308074363620676 0.99960713047813154475 0.00184746574885919293 0.027967330360802903494 0.01585003943441464988 -0.86021362582335503255 -0.50968744755760120313 0.023116248552285431628 0.50993049018286351615 -0.85990495651243592512
4.1681707212670051632 2.7683026121774543249 0.92764107765970316155 -0.98213726995631178696 0.0016462569441481247207 0.18815863732720777834 -0.17056522987481179121 -0.43005964055812068159 -0.88654171245397339618 0.07945996048644785037 -0.90279897840058809244 0.42265839549025580046
5.6519636529976731154 5.1107664649005331015 -6.8180775124516408425 0.99444493937577305154 -0.0043111164988372504062 -0.10516975242167632409 0.058448184587329726769 -0.80834578804884393843 0.58579936553576861247 -0.087538975709985256124 -0.58869219564908858988 -0.80360340125800755473
6.2143605682787397271 -3.946345408815420619 2.8425675446435136884 0.99994914380114163777 0.010075477681932315521 0.00044109047127605799377 0.0048944318437215937612 -0.5230635723013805638 0.85227961601119650581 0.0088178426074389821415 -0.85223411342241728317 -0.52308628501519438547
-2.5084389052672868559 -2.603691547304234799 1.688468275861512824 0.98992596639425312066 -0.0017405622277267170095 0.14157525031393997095 -0.052057897895849546133 -0.93435772399209582328 0.35251328894531663849 0.13166835734146445369 -0.35633216815137863653 -0.9250355828916243528
-4.4897058214178038327 7.0329325715065138525 5.4517867996332007863 -0.98608099042961927516 -0.00093120212720835832815 0.16626308422461902325 -0.15927227610226349364 0.29226013640658121684 -0.94298269057965633522 -0.047713964187450802479 -0.95633840534105551967 -0.28834047945328916684
6.3092037841105303997 -1.4189222095661009337 1.7321762649701595294 0.98395219964513802591 -0.015584873285265589751 0.17775033203346851662 -0.15904515099678009915 0.3749841894143582377 0.91328609845632191533 -0.080887012293317128719 -0.92690019387947775176 0.36648781948143532849
-5.0236799059235925924 -7.2137347674092291427 4.6053682598561591632 0.97958832068697709872 -0.00977721780217463525 0.20077631330824113887 -0.055550040899902772273 0.94675281881880579693 0.31713292641199208877 -0.19318621827040080574 -0.32181284323439968142 0.92688487904362582004
3.2326770122396495388 -0.082702129680140040735 -5.9149257648801913945 -0.89609209823094204683 -0.00046137740877805286793 0.44386792925268281351 0.25353001666170371653 -0.82135422485462927789 0.51097922459235922688 0.36433704469856270647 0.57041828901642643856 0.73612600376285275416
5.3556883911473258664 -1.9567498454394816054 6.2251487594111827306 -0.96669651147211854703 -0.0058023311970009806143 -0.25585970308014371888 0.12143611987465538493 -0.8904298668913310788 -0.43862047482713439894 -0.22528010009178897621 -0.45508349245001178396 0.86148005862134457988
6.978461152824977809 -4.3762245478731403026 3.8640535445553232385 0.98161866084351689921 -0.01186105619742822484 0.19048391015968502149 -0.1694902608012496259 0.40464698415439309676 0.89862888319273781512 -0.087737427460260017376 -0.91439604852637001997 0.39519869719169886668
-4.0577830497729010517 -3.6897642118256759325 -6.2485039781960098892 -0.94131460514600306944 -7.8125155709368265897e-05 -0.33753045497444483791 0.30808854080141706566 0.40826932841218088743 -0.85930064965915897712 0.1378704651681254556 -0.91286151708473350919 -0.38428581220236290861
-2.4255856968818259034 5.4028147354430258176 0.55565352839320358846 0.99652455376004700494 0.0081687044881256689471 -0.082898045937570927211 -0.079505209188504455398 0.39020632937687016462 -0.91728836372554156675 0.024854284644176986852 0.92069120381455016311 0.38949964281573484781
-3.571738477566162473 -4.6696453102142330138 -6.0130684218829353327 0.99830688638762032916 -0.00040634925929377164328 0.058165242813571702007 -0.0018406270358195533313 0.99925412359829224318 0.038572121589366868688 -0.058137532484594016402 -0.038613875123723703786 0.99756152490188865212
-6.1262441130054066107 -3.874166069589326522 6.0986198856080093833 0.97358849470493169509 0.00026680634571108353265 -0.22830981536600705728 -0.22810020321004603749 0.043993742697077307946 -0.97264322744725661973 0.009784695887223181579 0.99903177097528239603 0.042892660310578922811
-3.5169909411086961448 3.5225721130329827879 5.2773350009365982416 0.7204613045869654453 0.0016762778777564949807 0.69349311365386645534 -0.66388907010334785586 0.29073316080284528073 0.68900328867635840524 -0.20046648395700519818 -0.95680270657123456246 0.21057485488019533904
-0.69002422923655060139 -3.3566836375652924218 6.6455108804990423721 0.9995499561413779821 0.0079794157360285767472 -0.028917366791090678979 0.019343675223221130227 0.56534389675874907599 0.8246284621734488729 0.0229283101531031 -0.82481671134999934303 0.56493511598357082359
-1.9772766428213670586 -0.40577980247315564855 0.099616187656705115772 -0.61435777063385410557 0.013029209818789567327 0.7889200018717421603 -0.38465860391815925867 0.8680527890631243304 -0.31388232481528632878 -0.68891384664077726097 -0.49630091183796559706 -0.52828317862227058832
6.6718889106977821157 0.73573900117749635452 -2.3638338650925692086 0.56288396223287417985 -0.0042701548541629443315 -0.82652490031370151602 -0.19356974485424521815 -0.97285795876504255197 -0.12679962911845468754 -0.80354987333596716859 0.23136369171725335026 -0.54843271530500914412
-6.030751234819113904 5.691537023537682316 -0.40654854195218198543 -0.99994985921297840914 0.0097424107674336617169 0.0023161374243002696288 -0.0024663192916976042421 -0.015431605722641374839 -0.99987788395078203152 -0.0097054793431532587755 -0.9998334616210792225 0.015454859865449964776
-7.0560906236025369154 5.0774889305510617632 7.3748310683309190594 -0.99939763622860056103 0.011503125685886841575 -0.03274206468658228536 0.028579662928256290011 0.8080125577933249259 -0.58847167248314780075 0.019686735823724807459 -0.58905295563957216221 -0.80785459575652551756
-2.5022111373528108658 -3.5816219528807460293 -6.68967877522138199 -0.91441427959337184816 0.0076627555902713919214 -0.40470706375415604894 0.04738394656702753921 0.99497312989047814735 -0.088222629770646848746 0.40199662546278919217 -0.099848650329871974085 -0.9101807293850218139
-2.1820004265389538745 1.8700424380945432912 6.3461539528631281115 0.99758359772934868115 0.0095104887226457723165 0.068822352078596674141 -0.061122785470921564555 -0.3507977618927749508 0.93445435166597168308 0.033029844650676445927 -0.93640294791044331735 -0.3493687858225420495
-3.7698089128071057274 3.5179217154134616585 -1.4021149805376447173 0.99015233480627040663 0.005399657042035823154 0.13988994810725360884 0.13125902140771500415 0.31163892111701041454 -0.94109099036385590598 -0.048676721096566226421 0.95018525906727446806 0.30786125166119637786
-6.9076577714914009221 6.478832685378553613 -1.9167899810077981826 -0.7634445022400484504 -0.0041249810777849145807 -0.64586026083870584635 0.63980881417312507331 0.13188370205814320402 -0.7571336542763319466 0.088301604208816539265 -0.99125661342691784306 -0.098046688019452918339
-1.405714017799977622 6.6960041601167210601 -4.5458674396964129372 0.9999667483087349984 -0.0054020927074602794263 0.006108982832525797213 0.0077905308850255636233 0.4113969523241695625 -0.91142298371660501743 0.0024103745346649128878 0.91144026958046198139 0.41142535784979544777
-1.5468331336340994664 5.4882716642790931871 7.1926216698878242539 0.82070425183813144887 -0.0066254253778678306661 0.57131482980347569889 -0.53204643168078058491 -0.37333609108940984944 0.75996497131491480559 0.20825735413302415289 -0.92767249976958132685 -0.30992355125239462454
7.2420312491300808944 -6.8971938987082470618 -5.3131186175555491502 -0.9589749931911947245 -0.008283790300688587821 -0.28336961949420397255 0.085197880540538367677 0.9449431468749195373 -0.31594899956403293961 0.27038543523167801741 -0.32712968069610759425 -0.905471086463922048
5.7137665621349862377 -6.3094537573217417403 0.16954747014605439648 0.82926461751464752847 -0.01327344905519485703 0.55869849622893885677 -0.12018605541929808234 0.97209019511443628403 0.20148440298233752377 -0.5457797231676874139 -0.23423165480481128453 0.80452472035743760603
7.2027087121448500895 0.35663648585741564156 -0.17756375263925858188 0.95321498128528936444 -0.0076488777790886374602 0.30219644955195673619 0.28206561068119212488 -0.33703280860870227231 -0.89824711365654597017 0.1087207005318066716 0.94146183172233588454 -0.31910723696870429977
-3.8907646513293454582 -2.8795521597909994327 -0.19267536817796052095 0.95032178244475717932 0.0089451655025103854468 -0.31114063351659843049 0.2933010884976421373 -0.36043610660175517957 0.88547178641888102391 -0.10422562687299675999 -0.93274101286043520354 -0.34515391006198370416
4.7434129548972734369 -5.4942704317591273266 -4.2343121528435299084 0.8809772134537431354 0.012708758381803009901 -0.47298798804578290333 0.23530675408498566425 -0.87902728400602436754 0.4146586131446883261 -0.41049955037395702284 -0.47660205773101971261 -0.77739346389669117254
-4.1940230268994120877 3.3442189547833449659 -0.17671149873904026806 0.96443810020619347156 -0.0051754944792546317411 0.26425814108111156386 0.26401830091673678114 0.065728400089959351793 -0.9622754876867218865 -0.012389013349954980728 0.99782412863118563617 0.064757398571164984102
-3.9751036622073021576 -6.1110286574550940486 -3.0370064266933876063 0.99988344482755175946 0.003174314435513316511 0.014933870487614936406 -0.0039063297848347527941 -0.89239854288979869601 0.45123118380244087167 0.014759313923353962333 -0.45123692709712537319 -0.89228212930466677122
3.9113779957118848252 -5.2594570487053884378 6.7203021130052151833 0.95367287071093165274 -0.0059556812811469225788 0.30078661128866773788 0.2216325239419448534 -0.66218027252874422928 -0.71581862996505496444 0.20343814785124686439 0.7493209035748835678 -0.63018338875640034225
0.9406693686696347978 -3.4906002945996439379 1.5367561100918940564 0.72375487086039136386 -0.019924387760728391739 0.6897694583542600677 0.66988911699268860467 0.26018458700253499494 -0.69537942996699408926 -0.16561237224536523582 0.96535330292010801401 0.201656992689519865
-0.1436843003454489065 -1.6321682786927014241 -5.7469372288774973612 0.84981084464561384983 -0.0047922286335213767905 -0.52706599479323845703 -0.16956258301376953002 0.94431795968196685642 -0.28197893797918022196 0.49906919236148999941 0.32899943095220102185 0.80167906026579216494
5.179812193228757522 6.1065416911200607331 4.6561994266268360576 -0.99818293426651139022 -0.0033942548950752671373 -0.060160691258834643469 0.045001455833052685096 -0.70594832794789741381 -0.70683224830255098059 -0.040071170583558461675 -0.70825520633542204951 0.70481831984334220031
-5.1253443256393049765 5.9261593591789729629 -2.0950932759920291026 0.99453668139589079811 -0.00026743106508514587205 0.10438734520394020444 -0.067790951291292547709 0.75877687387446923761 0.64781327757027207248 -0.079379948860673760214 -0.6513505846731095783 0.7546133046567277125
3.4471598377460503926 -3.872106299056912615 -4.1266514362871777877 0.91102696180724385133 0.0087420065203842808876 -0.41225411117699278796 0.29464136065870943915 0.68562869872923470904 0.66565738639946969712 0.28847243100431307905 -0.72789893859041510105 0.62205047363506960068
