1125 14.717824617146108679 14.977075390850430381 15.033177056927090831
4.7974208632110846295 6.6674451631281002051 2.7601611888453576604 0.87054625840921251445 -0.000341823083065382477 -0.49208647118842169244 0.13230790978253667567 0.96333850024403222534 0.23339569609708088471 0.47396606310860528444 -0.26828868240125569589 0.83867595286659224474
-0.15096477817192843762 2.3095315845049184666 -3.6024574387090355643 -0.98496542297919853493 -0.0035196651006043182253 -0.17271574187940799683 0.13535588337781975787 -0.63695000056796224897 -0.75892916771689300504 -0.10734011538274196296 -0.77089708050694727426 0.62785013410492818142
-0.82573235333921868317 6.3281417787052065549 -7.4077346129778920414 0.72778385796048228329 -0.00086402872980829298344 -0.68580602909744992068 0.6704391099137527732 0.2114042163854965295 0.71120999514381488815 0.14436778030508698456 -0.97739833780747820136 0.15443585484267513541
3.4808639886905297089 2.0987606527399789158 4.5219995270601103243 -0.95118248213201683772 -0.0024763390102413504468 -0.30861910736423803225 -0.29006641780774000683 0.34873679966386456064 0.89120374652509637414 0.10541991721370602697 0.93721743064530016465 -0.33243063750094897779
-2.6585052265874318245 -1.0153852099262878905 -0.5565596722509266181 -0.99580540584292676076 -0.001462478361592260169 0.09148472468719372197 -0.066135480200452678723 -0.67944249246952048704 -0.73074208698112730342 0.063227303854499164459 -0.73372730669093844114 0.6764957852517452519
-5.5417932657470787561 -5.8146294975549981388 -1.3364598134281497899 0.88771357676782991497 -0.0029051085602482106668 0.46038697414931578633 0.32734270272088583642 -0.69919303656003695124 -0.63559094754512379666 0.32374582715069705197 0.71492702982205946771 -0.61973218524804307705
-4.973441974535224297 -0.46992626330185277572 -0.67332310715434462445 0.99739342247175344358 0.0010427572428183145593 0.072147581161114873738 0.022728076252610755065 -0.953536402505821723 -0.30041931303791735708 0.068482080575323997507 0.3012760225336273967 -0.95107463581283768761
-3.4401705938495172887 -4.8232470113056837846 6.9107359227442781702 -0.86920858399315936715 -0.006238467368646402611 0.49440622876096701477 0.24530713546316265661 -0.87362258073252530011 0.42024754101024569541 0.42930274492899300753 0.48656414578051193631 0.76089058690273381202
-0.98453347249637235272 2.9699168187599247482 1.3774427597190272987 0.88557357726951202448 -0.0047785615240161418565 0.46447454676427857301 -0.014857863070169457717 0.99914398597011022662 0.038607501924098737434 -0.46426143835890393285 -0.041090882803745835961 0.88474451465000436556
-2.8923477938041939339 6.286329231375682447 -2.4651870292224531411 -0.99922321308528772033 -0.0014921673742807584854 0.039379485369997475896 0.019441263705812839024 0.85054941131562500356 0.52553566594117795407 -0.034278385274154853091 0.52589302367235901681 -0.84985970604320648647
-1.2128716103445043029 3.7745628324592623848 -5.5009422568881154447 -0.94980692108773523419 0.0032191987133229306092 0.31282015506281646289 0.299353400907486078 0.29975540866320382616 0.90583344845637359111 -0.09085347554717811136 0.95401065598705103721 -0.28567343986478688223
5.0812118654374813786 4.1866723542558705873 -0.12031135401736521573 0.96334585642153169882 0.004762587953246952277 -0.26822020556148307158 0.23540148486982648279 -0.49450089556113702161 0.83669289778880295838 -0.12865030834219196021 -0.86916407084339486477 -0.47749650901156692751
4.2048073867676727389 4.6574974576290850692 0.85654704410667004133 -0.97972693706165436822 -0.00016279702248132117345 -0.20033747101566384829 0.19987660940645612939 0.067001083872897992944 -0.97752759335592875889 0.013581966280015483894 -0.99775288937547779167 -0.06561022736571299474
-6.1603725953141728056 6.1805930187053066405 -6.772086744998356167 0.99347414300932301856 0.0082402772725581573121 0.11375950510841631447 0.1022073040350382489 -0.50700456918712200061 -0.85586215819222266621 0.050624047387800769071 0.86190397646956817823 -0.50453814639940675058
-1.1124173056605333176 -2.2107116383547014138 -2.802610116811610208 0.84916159306927241346 -0.0036870487124677081558 -0.52812024627714226899 0.37614296847136813318 0.70616906172990501211 0.59986808843693839588 0.37073043593093346626 -0.70803365875306467636 0.60103850288244342615
-5.9634917962912599165 4.9050377840886740799 6.0598924951479222756 0.99998467830989157257 -0.0036332033037509148254 0.0041764792886029031629 -0.0004346709620229143034 -0.80367932946081011014 -0.59506247273584300661 0.0055185330160347429232 0.59505153997874937755 -0.80366859498308096388
-0.6943519691218775769 -2.5122542324070944453 -6.7004826816582729876 -0.53215997011365845371 0.0024816880198346553087 0.84664018770267401859 0.13668196931522044735 -0.98662650490484493648 0.088804161407904785852 0.83553803352858568854 0.16297846803737978116 0.52470392935774612386
-5.5361971997784751309 -5.5454541371384404869 5.8508598213343256944 -0.97707632086151785522 0.0080574030145626179128 0.21273678917472194083 0.063839990666378437778 -0.94220586256204341691 0.3288959837784907192 0.20309189743420505425 0.33493759241178944208 0.92009265315300770016
2.3806512593828963453 -6.2993554413136418901 5.9969128165287637344 -0.95103315044911085341 0.0058513274376954509809 -0.30903350742901752879 -0.2454381759317189049 0.59342122873198765998 0.76655811722633315775 0.1878724262418053903 0.80487080159331980678 -0.56292712157130597728
-3.920792458114836343 3.7318118646409659256 -5.2277737023960044738 0.98033084971315775924 0.018091344848974587334 -0.19653022246491155811 -0.052700229162997387633 0.98362811295823382451 -0.17233229890029508335 0.19019492881439223342 0.17929985677527479626 0.96523440179780339854
-3.834903482483587922 -5.0464116349904823977 -2.8878931169483386121 0.91818731681227339081 -0.023105161742349070164 -0.39547212638307727151 -0.35499126517452406215 0.39508481111898074989 -0.84728341992090849821 0.17582165081374961924 0.91835404040267720749 0.35455973203564167262
-6.0932310370564035651 7.102424951652172247 5.2223077042285934724 -0.93408740064128725766 -0.0016197827852708751844 0.35704075995131895338 -0.35255491534282651367 -0.15389669737451613929 -0.92304974849941678894 0.056442533877160208644 -0.98808561513710502222 0.14318190363507940499
3.918653011660162111 -2.3528426019902224375 -0.83777666110486892492 0.77592092472675000536 -0.0054654206927165121035 -0.63080650579073271889 0.45848470843103106276 0.69171370960196454369 0.55796408135618424939 0.43328799972547643593 -0.72215114285402670635 0.53922095301327055417
2.1205481686632539073 5.9987946397464950721 -5.0050055723367306015 -0.93299232529935605118 -0.003876600844674514372 -0.3598753852356380567 -0.210537115393419072 -0.80511165195014045004 0.55449918930140495998 -0.29188943792888255579 0.59311061351150518028 0.75034682391920382027
-2.9177673036588771538 -3.0475377372853023061 -1.6229075670077119931 -0.9462930359324132068 0.013836584475753923099 -0.32301399207432568428 -0.05855121584824676817 -0.98989797174707272465 0.12912691684423993621 -0.31796422010734309849 0.14110476413316383471 0.93754370579218537785
-0.099935948552749606644 5.7130164257450513077 3.0628055977972725721 -0.93175972031928677719 0.0033589456880101960234 0.36305996897796799505 -0.24618310165091095154 -0.7408297712298839155 -0.62495210258148514715 0.26686645359048377646 -0.67168442556258745046 0.69110225611310083238
-1.7167234704262470668 7.3108311881894127993 -6.7786084934139037017 0.84716163500479246817 -0.0036030555183971454958 -0.53132304878209590804 -0.039383892191815435269 -0.99765202850449752336 -0.056029805075387968671 -0.52987363891021055373 0.068391870948940822195 -0.84531442598371075992
-1.5768306590357195063 -7.0008007968819709887 -3.3356302455600035373 -0.54722204379266037311 -0.011834225926452704783 0.83690380921823692706 -0.0027836406524895038195 0.99992024074829644054 0.012319232385911977126 -0.83698284697607505667 0.0044117160586015953527 -0.54721134000438786948
-6.3707939400147930442 3.0876683320583562242 4.7380476462837490814 -0.56026909080080422587 -0.0014636065656552347831 0.82830936476005889713 0.22963235084462182978 0.96052770550980404174 0.15702073236866950778 -0.79584391016007005604 0.27818048961747660064 -0.53781789283855963024
-0.57295642925349121732 7.2154428644281125571 -2.858779106998170505 -0.99420237205120076673 0.011288543920445363866 -0.10693087572751862335 0.025434952871552295867 -0.9415600046951168034 -0.33588364165411987994 -0.10447347309308256669 -0.33665609505043475602 0.93581406651392251561
-7.2452149548685627067 6.3095357796209956547 1.8878490885245959863 0.62073408331815937977 0.0041714917494535480938 0.78401007421056811975 0.56789769255200850395 0.6870411737229052962 -0.45328427769289481031 -0.54053807322073210706 0.72660651267789477803 0.42410089263373618174
2.2103037918578469778 6.7670886144770188153 -0.69797477998646917374 0.90981761454300003056 0.016641346391786136089 0.41467453967870748777 -0.18930980367055444402 -0.87254065792314650096 0.45037162266881103356 0.36931518585310441072 -0.48825799108808259907 -0.79070248996508329942
4.781221997356348119 -6.309512081048625376 -5.1028894130194961676 0.99830850194548992338 -0.0012113446826000464143 -0.058126307189419634813 -0.058124733937729461397 -0.042885919989635382099 -0.99738774464663360053 -0.0012846198185399726466 0.99907924135717596226 -0.042883787626813475724
6.833197412583297492 -1.9149480589089860061 -1.8189167203266027872 0.98679306155636570264 -0.0092447037235881858452 0.16172195001723457808 0.058970837274411901097 -0.90935948871098637447 -0.41181034547766992571 0.15087045441528967871 0.41590847039265288476 -0.89680446600147611935
5.213617793381094323 3.2360068603650558039 -3.8275392662023648427 0.99755951914891538568 0.00044338060354441664705 0.069819833636523262466 -0.065788799910374867741 0.34088313365363598351 0.93780089731074012249 -0.023384600953297151466 -0.94010557524363713711 0.34008038437131671294
0.60954456552193148067 6.8729686617089100764 -3.5721767921511418109 -0.91604893385823538132 0.010311483246803237329 -0.40093393980834102219 0.069710788416448524196 -0.98035943786948664957 -0.18448788187447573428 -0.39496171555650844143 -0.19694934854783588407 0.89733839623139499686
1.606273128363348901 -4.5433861263092794047 4.1621675768292920594 0.3528316623978537403 -0.0021796065026352864219 0.93568427758783789816 0.85975286315756282995 0.39536849984308347628 -0.32327815209826588072 -0.36923546999422962589 0.91852000448940140931 0.14137244799062023692
4.7130715838457524214 -7.4100608861803447525 -5.7483165491672698622 -0.9967598290573856934 0.0016834010062501767596 0.080417717814529859899 0.012028035352819717307 -0.98542015219783751778 0.16971284573658199091 0.079530934503476535813 0.17013021425814048304 0.98220697444758942041
-4.7718901613332072031 7.1667086073466306217 -2.2910338080508898528 -0.99981636708087129328 -0.0051689447514161419514 0.018453024883051630245 0.0096062419481237476537 0.69802501829235230613 0.7160089342695020731 -0.016581683654322762478 0.71605471568033174368 -0.69784718378668553207
1.2510497014704966556 1.3121871940165943382 -2.5643013116966582032 -0.83143998675713937097 -0.0078004558626066341012 0.55555980894031398165 0.25014651141847610294 0.88757642103383393994 0.38682660152823977739 -0.49611921072122966425 0.46059445254265407588 -0.73601527092877139236
6.7080163901395764015 -1.8764174112280405105 -7.2011881813222435866 0.99806771394379034668 -0.0093133667262768858597 0.06143370071319902842 0.0013054688599007666441 -0.98534174053978651475 -0.1705870748354327282 0.062121929575275347535 0.17033765159259048327 -0.98342562012368273106
4.6590138519939134909 6.918740997503997292 -1.5038630978774498725 0.96649519874672118469 0.0024024296251400588387 -0.25667344843478701044 0.022262968140048734061 0.99540340613085265264 0.093147299009080544718 0.2557174046659567157 -0.095740730073423901958 0.96199912762747463724
2.9563616275257187382 -3.5002931122054250501 -3.3665125095176899883 -0.99999820624076318776 -0.00093237975170752402515 0.0016486913918363470949 0.0016097553452666560174 -0.87705800010501655528 0.48038179934236141522 0.00099809971215841265801 0.48038359164290989067 0.87705792777748525779
-1.8536058424057151317 5.3021302725557770685 -3.9072917840809489043 -0.98752472466811480611 -0.013222459534209966836 -0.1569078861406309755 -0.15474157011772921022 0.26598415997199847949 0.95147647008296865057 0.029154153164677495957 0.96388671181203000593 -0.26471199849153714823
0.10330423113523784506 -5.1579362429892352537 0.36181563748650108492 0.73761611727026210605 0.001205257395041558436 -0.67521923172977338368 0.10523370634335285634 0.98757381623357243239 0.11672114006911503414 0.66696951249089464486 -0.15715121649044255792 0.72832353014524653378
-3.7290776741650462078 -0.11158598630711741295 -2.5777661098194277756 0.72214207743880731716 -0.0092037571948301484526 -0.69168353373922808469 -0.12925690462296660077 0.98050493602449395603 -0.14799568587938580211 0.6795612353569155939 0.19627878460273645578 0.70687422227374141492
6.8161508572873295009 -2.7867221301470390671 0.82667146743337172055 -0.89974372003115354879 -0.0054622525371484662374 -0.43638446588035983975 0.42239567181468951063 -0.26233831170488552953 -0.86761771918515695479 -0.10974121694537046501 -0.96496050385962217621 0.23834448031009722313
-2.6896104116678021256 2.7544852302355193885 1.9514967942444945148 -0.99669772036576875784 -0.00068219064000736573394 -0.081198453394133091043 -0.010486220782828001297 0.99267290395613394516 0.12037667932324276621 0.08052138468362080026 0.12083062677619758885 -0.98940197404365115563
-2.5091292698031062436 -2.4008788960271667534 2.658407234539196029 0.99585640511468720426 0.003440514177099724194 0.090874546789621965526 -0.065865037615634974832 -0.66173301306637755115 0.74684082389624895093 0.062704204100769017627 -0.74973167352082703552 -0.65876444994226313057
3.7919870081412061502 1.3088331482293886765 3.0776797779961651003 0.99994819795528411266 0.0030587638483184965456 -0.0097080054455451429002 0.010013349804125569464 -0.46672712112265229978 0.88434468802287469202 -0.0018259878722566985632 -0.88439608681415571301 -0.46673357217584943157
-5.6054482085055283846 -1.8903985611593736582 -4.7514097797342937923 -0.98607720816575972211 0.0036564468740696797443 -0.16624791707585329092 -0.052117448720930867334 0.94259050297466573376 0.32985893233445179318 0.15790981943710086233 0.33393079237807765658 -0.92927644693444799717
-2.556760167070665446 -4.8827652582577627527 -7.2638408366309095143 -0.95161164485684346381 -0.0031432215396507397556 0.30728715809714657325 0.044403546949556664536 -0.99086030918949841162 0.12737414451639986201 0.3040782833274150998 0.13485535892699243576 0.94305377883628072055
-2.8008979798377935388 -2.8261265486753774923 -3.9911896172680476624 -0.83740600433484435605 -0.012067825189836733912 -0.54644812333760317546 -0.5331122930465119758 -0.2025427894465532952 0.82144245169459262357 -0.12059215109921168907 0.97919905332799139774 0.16317704205824298813
-2.3716880229325703056 -2.373639684515044479 5.6529696947000589446 -0.97939951252366952428 -0.003564750437233812734 0.2019006870285330324 -0.19771591039027300307 0.22017760954931656081 -0.9552121434696605462 -0.041048917730340417354 -0.97545328581511658861 -0.21634665133930744418
-5.298828815088233668 -1.2670043334346943187 -1.4663969770501821266 -0.99738404997052199086 0.0097068678842090975328 0.071629837220929262753 0.040535540503016678771 -0.74535928937479900558 0.66542948514392774584 0.05984920066759530366 0.66659230903051036599 0.74301599358343184409
-2.6319113830449869518 -3.5339765403447938041 2.5933771100926392705 -0.84070327661291766042 0.006791371791911634398 -0.54145348642462853839 -0.10941859842611298403 -0.98142522266125531427 0.15758205050923265733 -0.53032591018233687929 0.19172482779599422931 0.82583050282480507942
-5.3404789037921265304 6.5497942490427414342 3.0070071522366075278 0.97632673062372821171 -0.0065763692406432400217 -0.21620098620760339059 0.011464514264929979298 0.99970605294574688138 0.021362879398348431914 0.21599694438162311827 -0.023335789490179906225 0.9761151371363299134
-3.9169624853884137394 -3.8853545153847091065 -2.5292356412544698685 -0.77555454103326748605 0.011210241454207641246 -0.63118102345465643133 -0.26459777900365560876 0.90200380949822966947 0.34114094300904257429 0.57315195998008017231 0.43158250443832940624 -0.69658694549470112634
-0.39799535614487469015 2.67688669162028825 5.6223728229178311366 0.99447583346805445981 0.016098940834573919473 0.10372386780302456089 -0.098835632412772447819 0.47637163019595762936 0.87367132705040229101 -0.035345924992478183757 -0.87909663521631609129 0.47533122297823982016
6.2473558341785171422 -0.82608204678689922673 -1.7149307048823687616 0.90449386296861455925 0.015576441342427299955 -0.42620209563902389238 0.23261631610366795275 -0.85561853234160645254 0.46239223241293869737 -0.35746398606620688465 -0.51737249790513817338 -0.77752504594834082052
0.03779797137162178855 -1.5908398033106818659 -6.8620122412578536952 0.80485139147965512052 1.9640931960471924578e-05 0.59347639990768763507 -0.34210616965718138038 0.81715170151040561475 0.46392506442423425694 -0.48495113807028733532 -0.57642267159851079406 0.65769240329468081629
4.2965726663485606096 2.2483832841705932992 2.7143995513050631629 -0.98262617729201895411 -0.012234913704770415677 -0.18519206944955587946 0.086887736941637094823 0.85139806533554207579 -0.51727348232054159993 0.16400096606281661105 -0.5243773843611916341 -0.83554296233105673775
-0.47395264856462104852 -1.1006549084146732831 3.420686151386689744 0.9910839124752065521 -0.0028947845774367855255 -0.13320772746055964397 -0.060033740953483703817 0.88282782208100951671 -0.46584438013888818109 0.11894800704547910108 0.46968782907595335585 0.87478266720249286958
-3.5761692753571510117 4.7642748864904849171 -3.210341731291701084 0.9995404314000847501 0.0071076698520320790581 -0.029468746594659849664 0.023945755528442396604 0.4109744381971121574 0.91133232793570828623 0.018588350888551992413 -0.91161915961528139363 0.41061536872532383713
1.6125743924789641692 6.0624928810623055497 -6.447590041507226033 -0.91556999007321104855 -0.00044209298238632186231 0.40215842379733557355 -0.33161257840866903424 0.56657283781221445818 -0.75433965645096989761 -0.22751855115239497107 -0.82401154361284367766 -0.51888369108524690088
-4.6651338184431025979 -1.0473861147878629207 -4.1061380735747654569 0.89672635107751641481 -0.0083253505790117261764 -0.44250710708535551108 -0.35083853968809475266 0.59612954000716045222 -0.72217857251555817033 0.26980394799352619417 0.80284510340958104013 0.53164421334058487023
-4.5365620753189492831 -1.7006392587270144912 6.0190086922073628983 0.83117507183702321605 0.001201880199315467565 -0.55600949222184958831 -0.51921378166683407329 0.359421164025501505 -0.77539246564412767082 0.19890965005244160002 0.93317467943278498144 0.2993659445920566764
-4.8807663337578501839 5.1296111989372761286 -2.4611235168982332766 0.94135572181162685546 -0.012865284188765483547 0.33717041607379050205 -0.33741112710614207248 -0.030647543720656023752 0.94085836307541026446 -0.0017709651543939631049 -0.99944745360955511426 -0.033191130679576644202
-0.25596331105136171935 -6.2683530335001451661 -4.0664050577720463053 0.90425386627964243758 -0.0070868159319323678624 -0.42693643831168964775 0.31779257399993116051 -0.6566359650822130023 0.68398617622805879535 -0.2851891043303749762 -0.75417437400144149429 -0.5915134726872481874
-1.9410892013994780481 -6.6877953709227044854 -4.8234171094196174323 0.98721498690879361249 5.0325730742154222569e-05 -0.15939437596702626943 0.10219919035599500656 -0.76759714785335131371 0.63273212665236411301 -0.12231882566951990388 -0.64093261430100934017 -0.75778855151816881808
0.011812353026943226558 -2.946940733046671923 -5.0992495597025708776 0.9975084130798760329 0.0056686950592246404534 -0.070319497517381840401 -0.013347422150745767711 0.99392862167165407783 -0.10921419936932391659 0.069273459251731422937 0.1098806667174513918 0.99152782458434063351
5.960040491463684198 -6.868612909108567699 7.4529395220928940091 0.88363064718569550582 -0.0073703933988822668832 -0.46812664595736663831 -0.24764682219711445232 0.84118909899279570297 -0.48069943955802180158 0.39732597550362486194 0.54069083313559673787 0.74147521344500366691
1.2700788279290229355 -3.2407518401119244089 -6.8802009732777751339 0.99622308961493744039 0.0051481009542730157141 0.08667786784682489365 0.058259210628830854217 -0.77982586498878447845 -0.62327961997111791526 0.064384936862682581871 0.6259753328614622303 -0.77718045687867998161
-0.1837551008431805577 -4.5783876859837970841 4.9654997500254305365 0.98700550140813858579 -0.010491654117425129947 -0.16034358541563997758 -0.11046655252755044341 0.68036324842671735968 -0.72450189162137235144 0.11669310589204115458 0.73279995591166313673 0.67036329229236946148
1.9147081299276358379 -7.1416634132570013804 -3.3196158706704164132 -0.93443506541581722313 0.0075516388917630933308 0.35605348091464400495 0.13816160588840598056 -0.91378675700889844258 0.3819753046646182093 0.32824149521309903266 0.40612403950678160891 0.85283104150535316013
2.5760661875935020326 0.36706136204131217804 -6.4272084385688472707 -0.72146866124104136464 0.016131631614968573035 -0.6922591576197897334 0.50823953565294432977 -0.66665461664281711052 -0.54521940217472897316 -0.47029304188573062273 -0.74519218498990869026 0.47277168081822751322
4.6724871035804893538 -2.7989106443700086935 -6.2878099943961007767 -0.12058178890476800582 -0.0025682235522533473394 0.99270007374450530691 0.42967558617338819094 0.90133569476845099011 0.054523902859312842195 -0.89489604023658164689 0.43311357582530779498 -0.10758116751862403793
3.1732147424577288319 -5.4241988605068778284 -5.1839025390884314604 0.93365651305213348543 -0.0083331133506060715843 0.3580727228613033164 0.19203648236908410496 0.85553411408091606383 -0.48081531702202012779 -0.30233674119218484355 0.51767937844353384413 0.80037525952498578263
6.7921313427740610535 0.14918859075055182495 -6.8753190800027690344 0.99922924864212891993 0.0076811552667571079966 0.038495564834838971735 -0.001279195053743303976 -0.97377606725176302227 0.22750502084075058251 0.039233561120602812589 -0.22737891437309670772 -0.97301570232974199381
-1.8169223182646094816 2.8811750396738942115 -2.2726617241006277226 0.79308667637462026967 -0.0024906590507544641017 -0.60910370247971046265 0.35077451237832568687 0.81939386799046387555 0.45337724972185589056 0.49796663063174440023 -0.57322551035096180883 0.65072401912036281768
-2.7819620438699037557 -1.796131462343536489 3.5032302499805219043 -0.96232742865599707471 -0.0094459029383461515922 -0.27172908378371496418 -0.11160366071146599065 0.92504718408277164521 0.3630872211140678818 0.24793253713872254185 0.37973475234455489336 -0.89125247539053875645
2.2372707786919883155 -0.95361728109610566229 -2.6808543964119047054 0.92811058957121206348 0.0033703492793464907319 -0.37228936900147857614 0.32666149379500253325 -0.48710478685853925152 0.80995135353370240061 -0.17861411477643560075 -0.87333702965414250485 -0.4531880742444699961
4.2463288090137583097 7.3098643487874443991 -7.2594860399444236521 -0.81541336693061838847 -0.0064126660889925234457 -0.57884360473680473991 0.1224030430489588539 -0.97923919555077942878 -0.16157998932252432001 -0.56579018733395247676 -0.20260670179127904245 0.79926965931774063279
1.845380864987578029 2.1925240217140689047 2.8048478203904569916 -0.90070985913387324739 0.0019175042845062393107 -0.43441693433418565595 0.27374997194898020858 -0.77396157874748749972 -0.57100300128861125604 -0.3373169170333677469 -0.63322965644386886019 0.69658990782463225955
6.2471288333414838334 3.2457193828402135516 -1.4242967394568344375 -0.99315554744427647638 0.0049814462887789526246 -0.11669294654532712252 -0.063859670219204828223 0.81337676511330514462 0.57822156695613369237 0.097795711051388123369 0.58171592995772114509 -0.80749153291742969962
1.8595100307875647161 -0.18071748235601159394 -1.7007027028621466425 0.9007997944815938629 0.0057489398454682299339 -0.43419659136443161662 -0.23835253703999059738 0.84235920800048058599 -0.48334152809728947453 0.36297079544841054366 0.53888580830035670566 0.76016727584408205765
-7.1727497867574303569 -2.2405741342074261269 -5.8498448808932108633 0.95407028711257890752 -0.003286323578044023086 0.29956482992235594631 -0.038336498743520831811 -0.99305812073431953824 0.11120198607842228522 0.29711984133198077185 -0.11757877751122298993 -0.9475732325080813423
-1.1821897147306656972 -6.4058789211247635365 -6.88988726691489628 0.98879461071957697182 0.0084230618155609442155 -0.14904452301748963294 0.12329586047079849065 0.51680391383681123507 0.84717875648162666025 0.084162631866079223864 -0.8560623614390995284 0.50997439614629846982
-5.3541303635740753464 -5.3401667707227247206 -7.4566030402577379022 -0.63959159929792896992 -0.002206735056498573648 -0.76871172517915720146 -0.53766089624481749887 0.7159840913239762239 0.44529489287445284118 0.549402718191880024 0.6981131078065845319 -0.45912388519007280019
1.2401685433896663113 -4.5224873441814885666 -1.980615212744021747 0.98660249652488385408 -0.006401434802005335524 0.16301697912617627018 -0.089800746913563572749 0.81292057986123067437 0.57540938182453416072 -0.13620330284074433358 -0.58233937911711408653 0.80145461994105293702
0.16293487220708496865 -4.5436211636809051839 -7.4410413958712080529 0.99652352155481183082 -0.0044116134927381211311 0.083195003782914278556 -0.071901369349134908182 0.45888783153347562083 0.88558012125178842133 -0.042084012092113688708 -0.88848325574369824142 0.45697531682713565804
-2.7506036827878515005 2.1874495812659415783 -5.7705384627647902107 0.95080992513544093647 0.00066578286111781785628 -0.30977418064946876664 0.11258793472559386339 0.93086852017209176235 0.34757410016704215483 0.28859044200758426912 -0.36535373938949133876 0.88500406885848248439
0.30257566681153913457 -4.045094580738419765 3.2529709155123809339 0.38426597314789928683 0.0071849142208016197539 0.9231944751178847719 -0.44834269292469491885 -0.87268679891594247433 0.19340780930193143816 0.80704924978700776084 -0.48822753712336669496 -0.33212253824858173346
-5.7333598312171849543 5.5687960255709025859 0.041543765807612979823 -0.98936237282348193922 0.011531109731189821688 0.14501423636765545244 -0.080495273491798358112 -0.8737302457283993018 -0.47970404276473460614 0.1211718044200632699 -0.48627409061937720836 0.86536402895297692694
1.4152594390442150285 3.4052084124460377801 -0.090291676164276662986 -0.99402472900117078147 0.001227417295854055625 0.10914820924312038097 -0.055046577056158951802 0.85783898723255425089 -0.51096198130407399773 -0.09425875284877421878 -0.51391708030634331017 -0.85264560168972647336
-0.61529480977079353821 -4.5491111010030529371 -3.9577978466191456874 -0.55200156953400514315 -0.003539480270791071654 -0.83383555891523575276 0.8227449702663918174 0.16029660344136731354 -0.54533999745726680075 0.13559122808460055687 -0.98706254665272585846 -0.085571887100426569095
6.33723691641045761 5.6609023255222234994 0.12712781695151373351 -0.79902023309853298372 0.0076475759342948673725 -0.60125550449163356337 0.19715309400959646347 0.94797635328605023286 -0.24994297576206317424 0.5680645426548052157 -0.31824887775559151937 -0.75896003003168777123
3.6236791808899155853 -2.3310212168030322033 3.0463123256158923802 -0.99784946878964320138 0.0056612706427366168982 0.065302279064161111721 0.046929448948380143858 -0.63382400435774377545 0.77205230284055847978 0.045760949046795965089 0.7734565802388226885 0.63219526574282247644
2.2224852796969765123 -1.5611975375093001261 -3.7895827202142777779 0.77460353173037699293 -0.0049963972456103589517 -0.63242739080893051185 -0.17629101798820423497 0.95862963097410569535 -0.22349654940296570516 0.60738031381293866584 0.28461248502643926583 0.74167707781724101501
1.614606554780636305 -3.3203148402390807448 6.0964753543898737576 -0.94737685238879354443 -8.5160008426673344806e-05 -0.32012043406451407002 0.23609320280944282033 -0.67551805903705863798 -0.69852369430241267878 -0.21618764799371620322 -0.73734343739025876019 0.6399902782014925684
2.9889573962823665632 2.771787724957957888 -7.3572827997733325489 0.99915569232859924309 -0.0024855773587249352721 0.041008833103118327856 0.039072283443328220676 -0.25103771876946584518 -0.96718840999134236824 0.012698785525152606057 0.96797411414786482808 -0.25072864851461268421
4.8803870305727619083 -3.2533990480152037428 -0.9958720606981870116 -0.78294511696859214744 0.0024220196428621594206 0.62208606931503418469 0.41815923444063651804 0.74242787723369108033 0.52339631423839527713 -0.46058636374412131875 0.66992162297324542308 -0.58229307106112060399
4.9156128551360014356 4.903461970129475489 -2.3940650848173286036 -0.99653610956481952776 0.012027245861889123216 -0.082286862197926968765 0.036200030444530933993 -0.82808298759599174854 -0.55943554003119377871 -0.074868819472587527786 -0.56047650353173172899 0.82477921218933847314
5.0730918642669244889 4.2643183437716558615 7.5054353022258109007 0.9802974470310426014 -0.010110649869244803939 0.19726806660891227363 0.060705074071100227628 0.9657779137538404779 -0.25216644361862405876 -0.18796757519962301042 0.25917329350154583167 0.94736339100107480604
-3.7901735821250452929 -5.0903619740436969465 5.1163377294045044863 0.83684809205901145024 -0.0071432317985022468487 0.54738856862068885345 -0.34834103030823337921 0.76441560298790300898 0.54251941210647902647 -0.42230770466684086628 -0.64468423289865450787 0.63721145817619273544
6.4488810790471520207 -3.7138612679239821901 0.088915579410818984529 0.9403069173421311211 0.011820881469435946809 -0.34012228383297882228 -0.035706298454539334153 -0.99045421493417418191 -0.13313717876642813809 -0.33844934842478341386 0.1373343179271569181 -0.93090886969156450004
-4.2625075739262676677 6.2306023759150583885 4.790835183549872589 -0.9696209136304684284 0.0037810885154753934301 -0.24458329301076281448 -0.23515155008742105736 -0.28980002811078714453 0.92774980043032928556 -0.067372341074282374174 0.9570797495907364949 0.28188529685243429723
-2.9285500187100659275 -2.2396855304223795002 1.5473540438416284459 0.99577962543311537846 0.0048731018916535178559 -0.091647097335790045358 0.050605376616034050685 -0.86221999246876490641 0.50399978218710594913 -0.076563917282661403396 -0.50651055020104129856 -0.85882770629806570728
-4.7104279204936654324 -6.13844003523519266 7.3259557903468408568 0.73036983836733415654 -0.010636357646719715037 0.68296908209612217089 0.5727774897698501011 -0.53521180482835561953 -0.62086574328537535994 0.37213686516687499717 0.84465092900455573943 -0.38481029315166165317
4.9861939449841452543 0.096887130420692621491 -4.6744667850034424816 0.023412656996434619283 0.017959581134657506135 0.99956455566308510807 0.54532953677767825873 0.83775977188757733138 -0.027825544464930542649 -0.83789470926261300221 0.54574354604731978302 0.0098202921237153864564
2.9713370949618926886 -3.81657212973884441 3.8721452804979321627 -0.998230069827081401 0.0010046160892268956796 -0.059461907465739767542 0.058792352583484093487 -0.1338823446214627011 -0.9892517258394187829 -0.0089547177872417189209 -0.99099672479040357143 0.13358631847679686144
-5.653662207731948719 -1.8472692313410548071 5.4860233537215181698 0.67185641283661257095 0.0026907441830973668172 -0.74067652887490686986 0.66969161548458278066 -0.4294062170378282195 0.60590712235364108107 -0.31642076524794710002 -0.90310744691038602472 -0.29030128944759375775
-4.3580419981637010807 -3.3691639643749207167 -6.0731840943552475309 -0.74893221171881951825 -0.0065873607426519039526 -0.66261387619663336679 0.61094718290530403149 0.38035319636677639155 -0.69431620009443351105 0.25660101704787185994 -0.92481784838525427084 -0.28083423110083366447
-2.6666164491096573386 5.6557818819391671994 -1.4477203308274213533 0.96028265042870697421 -0.0058509650630077349523 0.27896773557779491748 -0.27364724199192747012 0.17566636466790497284 0.94565242836611429489 -0.054538227288684196226 -0.98443237174142661505 0.16708826180205108014
-3.990046428775430698 -3.1865690570319329389 -7.3539298115238329601 0.9987173523569129463 0.0052830629200647759303 0.050356125224153593101 -0.031678552532275437714 -0.71064244725478242781 0.70283979786944572599 0.039498346938432141173 -0.70353351121742579988 -0.70956358360844595801
-2.7944368412836979587 -2.2143515136828244572 4.6158608962853184821 -0.99946619360479649341 -0.0064263118547154074803 -0.032031708618151043255 -0.028111127393508260341 -0.33040298962788960946 0.94342123622567275465 -0.01664609136465880837 0.94381807937812545184 0.33004596752784598479
-3.9039048953062081004 4.8122145683333732435 4.0790693296978517424 0.96083002959026120315 0.012957292126182531899 -0.27683526296038851733 0.0072666322248725722516 0.99738512659736211496 0.071903444273642758144 0.27704304772675303337 -0.071098648531952357565 0.95822342482487388171
0.29251014502076538859 -3.2780234943067374509 7.0093299402517965646 0.99141335915529815725 0.00074557576036248136842 -0.13076312708521251049 -0.07534650818988546106 -0.8140407111389551531 -0.57589983878450790034 -0.10687588592341681903 0.58080733873223422403 -0.80699465938935410758
0.43996063859911016536 -0.37286823052736806083 -2.862069686969651805 -0.94003449843143427334 -6.5624455184782465311e-05 0.34107937119121051195 0.0087180687316468358228 0.99966864239516284307 0.024219840820704316431 -0.34096794136148567134 0.025741039318955206278 -0.93972243873303074047
5.5326916039319238294 1.3602714544252985096 -0.89322445642432080071 0.95973711985462861751 -0.0096052834491591864569 -0.28073546142764799205 -0.25917051570355292833 -0.41570597395502478788 -0.87179079314249929844 -0.10832961074008427838 0.9094483392409127287 -0.40145786041496506202
-5.2839861219590424923 6.0906479830364030903 -2.1585831715981540491 -0.9250628223789180149 0.0009587910661671352093 -0.37981292154448142995 0.057691727346453107461 0.98874824726791410434 -0.13801655016818217825 0.37540703143153569821 -0.14958604294602581564 -0.91470955855256130818
5.8047872283527963688 5.5006364392472297808 5.5377239128706188254 -0.87177809199858591338 -0.012514159727873893496 0.48974110927857145148 -0.30432356867827270452 -0.76956773808938871984 -0.56138459369562832002 0.38391421419127280679 -0.63844255207357569759 0.66708394062793729962
4.8234472133518195847 -3.946780507577860142 -6.6626417263690838055 -0.99462161879679977794 -0.0040442355454727478906 -0.10349627810173959996 -0.10167689569326081311 0.22855954249977733506 0.96820573454945479952 0.019739409926355394598 0.97352153529909701835 -0.22774146746838794253
1.8221271380999120026 0.34913963053980728857 5.792203863580163592 0.99743260506426778544 -0.0076651463083284342506 -0.071200027294759812846 0.071430318625308297786 0.17716263310397378783 0.98158601814253365614 0.0050899838692970156284 -0.98415173980636105888 0.17725531049999110333
-5.6831731930333688751 3.5927376822187460093 -3.5401301473900601557 -0.63780476953998821443 -0.007972242081675066927 0.77015681475148889401 -0.66585705191908894918 -0.49685192776779191215 -0.55657214113082786877 0.3870910259377476903 -0.86779871239218420165 0.31158615567573139105
5.3380083985117625645 6.5923588431663997511 -5.1956499410862120314 -0.95397453934076192894 0.0009045438696830478565 -0.29988624524987961273 -0.13493629403766974062 -0.89434128078825236852 0.42655113413220613339 -0.26781481445408439335 0.44738446025598316291 0.8533008671508929277
-1.435011424918295031 5.7727016459385431801 -5.7151659938299781416 0.99999599923808191182 -0.00060533166072644639666 -0.0027631651109003472176 -0.00038678262625846220046 -0.99692036407344830629 0.078419628249730755076 -0.0028021254521392105485 -0.078418245767259989187 -0.99691660976426821339
-0.22084936599735247031 3.1111348244101235672 -7.3913480207413133627 0.99808089146029432825 -0.0064072338922779841636 0.061591244959654574409 0.054566585066156136907 -0.37921943634206867202 -0.92369643654961408608 0.029274936311654044252 0.92528458673766433851 -0.37814205221022079151
5.9100031596928017663 -4.9439239741045604148 -4.4906647410515541097 -0.9828381440955520354 0.00092561903325876025012 -0.18446768210271211053 -0.12074982367177738984 -0.75921393028176054063 0.63954177983095639171 -0.13945846189519273128 0.65084049604755744856 0.74629617854461638426
5.6187680133820130379 7.0021148489446112251 -2.604056062984438924 0.94753665336826931043 0.0019021528681858604955 -0.3196414746840254284 0.30110581759850596484 -0.34093410712748362101 0.89056118330272937555 -0.1072826972632385939 -0.94008527081934811775 -0.32362031218126530163
-5.197357302528556211 1.0995795827634173847 -0.10604095552455371221 0.91435854195315535708 0.00043778095566772770586 -0.4049052544792535735 -0.24711365466662577051 -0.79156689238381006124 -0.55888880518317396451 -0.32075426487333091874 0.61108237024941169935 -0.72366776792660814088
-7.1671895114610233435 -2.5432110020557816554 -0.49744530475658088609 0.97286486152815754291 -0.0058772256388407734945 -0.23129941509338355909 -0.06777673507090736793 0.94858598238796165703 -0.30917785852192281038 0.22122449092923793246 0.31646499369731129203 0.92244763123838879881
-5.7914569532025650389 -6.1746974589271523826 -4.4385402800854789618 0.99998978586206332952 0.0011357898317762233145 -0.0043747174700996781238 -0.0032411490002147141237 0.85480094317802512993 -0.51894589553750103406 0.0031500991482012880018 0.51895477406367052087 0.8547958933873194276
-1.7400049446722924973 5.3173140980810140732 -2.555311923515021455 -0.95270966477904395209 -0.0088558591841871158595 0.30375297265181738782 0.030752618403323370155 0.99163391142845591641 0.12536531484626578514 -0.30232196595359411839 0.12877794633895106591 -0.94446687048236366291
-3.5514863882847658161 -5.8361385040629860654 -2.1270093792909721131 0.93619130791894644705 -0.011053831925999730093 -0.35131701891148425787 -0.10637003259397831423 -0.96154799188432960033 -0.25320125487273537068 -0.33500932993430648787 0.27441441671840233196 -0.90136866861128550621
-2.2260946743546163873 -5.7621671018541853471 7.1566963185456868857 0.91794205508192761034 0.0067806613539154606332 0.39665653422530761096 0.38024515999344887796 -0.30013713212359077742 -0.87483216688820686358 0.11311941395523364418 0.95387196444395383477 -0.27808680952926412289
3.8568638588571273473 -0.5998525334383877361 1.5379478149140868304 0.99996758982015021555 7.55018851790493703e-05 0.0080506899625854937141 0.005595027304011847627 -0.72554883842063366828 -0.68814793375847460588 0.0057892122845569649742 0.68817067459028569143 -0.72552574568733974036
4.9034404400353501785 -1.7380522162835219113 -7.2025369994720067623 -0.067653607285996120169 -0.016915249347517553186 -0.99756546840829096734 -0.05035181280508927576 -0.9985242725744768455 0.020346302536133956812 -0.99643749646843493561 0.051605730487612543056 0.066702055533581022795
3.2919769166988963605 7.349171104722270087 2.4787014390806541009 -0.99931130223104946975 0.00061607958073119778453 -0.037101774609973839358 0.028330130594587867032 0.65841710638035821912 -0.75211988254941308796 0.023965077378380446327 -0.75265299738433844023 -0.65798110960316058549
-1.3518301993509669323 7.0492009954863696919 0.64777513681453913197 0.9274693994633601557 0.0025678327141812670037 0.37389025033325984371 0.24917880792282234848 -0.74979194180176877982 -0.61296163476298537454 0.27876591387984883674 0.66166868615971785594 -0.69604893147997837222
-7.3461272459813979907 -5.0938305161513159902 -2.3017747257090719337 0.99845304424642278285 -0.0046965368322641138157 0.055402716331630512403 -0.016245841204878673503 -0.97758629303654875908 0.20990738984306345216 0.053175098295046380192 -0.21048273613043441688 -0.97615030948750336481
