1125 14.717824617146108679 14.977075390850430381 15.033177056927090831
-6.07363117580935441 3.409539963318208855 1.9997238059566662116 0.96854052393419221012 0.013222773017512769178 0.24850434960169243137 -0.24876397032786121133 0.078582365271571932852 0.96537106800187322264 -0.006763177062120126308 -0.99681992864407609201 0.079399554746769060443
-0.22071829368144360584 4.3029772848707077415 -5.3336826520275053554 -0.91681154721168134358 -0.010077055033672729228 0.39919298573640549233 -0.1977520569212104784 0.87994745368827564924 -0.43195671395517476476 -0.3469159997503107884 -0.47496413728762221229 -0.80873874484163843501
0.40734544101811265282 5.4799984509132464439 -3.1267343810300047835 0.83665697815749695554 -0.005962506486869586543 0.54769475934745592838 0.031852077094854845674 -0.99771887346223619986 -0.059518860220787089821 0.54680027988753110435 0.067242085434879569905 -0.83455853950537095542
1.4898093233471707553 2.0999020096332978724 -7.0321152815869254482 -0.98494642081126981825 -0.0033011434461573700358 0.17282838477237119634 -0.17250171000251809938 -0.045561042201221611803 -0.98395495398912180551 0.011122417779845607255 -0.99895610208129981267 0.044305732554994307903
-4.7068629777367201328 -1.5193761375559056148 -2.484495397110595416 -0.99650647939371783668 -0.0078106980712565384634 0.083149440900192772563 0.053599711369651567572 -0.82332954033009631001 0.56502702498287649124 0.064046135460836581266 0.5675098774607204577 0.82087187277738538072
-1.5245993263874813017 -4.4912332112457988842 -0.30162867987980834794 -0.996983810769031642 -0.0021108850139120315277 -0.077581088088241045853 0.074384871490417128759 0.25917561695498092522 -0.96296152076254248886 0.022139827412424022829 -0.9658279058613340462 -0.25823687633973230193
-2.5110836221411503288 2.1776102934944798761 -0.22262563312653069203 0.97541755773566385379 -0.0074191625785222257636 -0.22023974229822479431 -0.20867287013596275136 -0.35231581153717905774 -0.91232077813134060396 -0.070825287363797631568 0.93585176441982009798 -0.34520320639047907818
-6.388706893956870303 -4.2442381568608427145 4.4034492199491683806 -0.95548552764808925009 -0.0032246355113254689465 0.29502035214715327527 0.11202962914705623387 0.92108390455634003846 0.37289918605502225812 -0.27294096183671939793 0.389350796189157633 -0.87972108583252450753
-0.29093767459316494106 3.7099404393874952923 3.7845684488806847767 0.93124049902476213614 5.6438095609357905036e-05 0.36440517256335946961 0.078018896453061065133 0.97678100816547164253 -0.19952923064954261601 -0.35595531288690412941 0.21424018974527211934 0.90961363024388119936
0.62618300245308711194 -7.4518479343474188781 -2.6293751661690083488 -0.99998843187690655832 0.0013147451523193333378 0.0046268301793753966594 0.0017912047789616029198 -0.79094652184191605038 0.61188266127722223953 0.004464045000181503936 0.61188387054363957418 0.79093501709741798056
-3.7738679019362568745 5.8216126773073844092 -6.2701744047140168803 -0.99815337145547211595 0.00062407998902782061898 0.060740905296470359964 -0.045178663281907560645 0.6607912231423171967 -0.74920881455186838505 -0.04060462333438743382 -0.75056949707688214168 -0.65954279210800192956
4.4576679566929398035 -0.84417453346147208748 3.186619382665020872 0.97309183127747045372 0.0037112586268320513737 -0.23038774806929721017 0.15011879951675013989 0.74833261057785194215 0.6461134962042357488 0.17480455924451973604 -0.66331329739800104495 0.72763922074208897683
-1.6357586948215936395 6.4328837748495644178 0.8474336014154791874 -0.99654191587953666609 0.0016190742810205521751 -0.083075799686974344249 -0.081612513595456792626 0.16873206505326132643 0.98227739862405027971 0.015607931310086540014 0.98566062558135780769 -0.16801643865670090605
0.58005240530949297995 -7.3733837115336635648 7.0846201310686298669 0.89046368127899278022 0.0050995175952184227525 -0.45502574349534280485 -0.096351769132643372284 -0.97515244583539373302 -0.1994844454247173271 -0.44473674112696953697 0.22147618901750870668 -0.86784648918470996826
-4.2623910161004756603 -2.8059235633554466816 -5.652848660269477854 0.59166279607161653686 -0.0020888538962402494401 -0.80618284057286127009 0.65986210966723946036 -0.57325116858989244584 0.48576238423307155356 -0.4631599421045234366 -0.81937704043968417889 -0.33779303372042041032
-6.9120474851405653283 6.9769441909555478532 6.5712889931998956783 0.98066734869314076128 -0.0065258447689319036555 0.19557342497702212558 0.16295403773121644453 -0.52610953267574167569 -0.83465845782255088103 0.10833989474924517193 0.85039177617005101695 -0.51487502777654226005
-3.0770304872192921763 -0.24605383672443215115 -6.7583325328337284787 -0.99968513420957627602 0.0034778158947052473758 0.024850296516037980593 0.025080740738846467319 0.10820426470417535136 0.9938122526633672571 0.00076738798645443594831 0.99412259902714361637 -0.10825742108161716393
-2.0223781158699916105 -2.0241750236875732938 3.1523829572038413183 -0.80011607603890311236 0.001401486142828101307 0.59984356352363543685 -0.21171115282438143779 0.93498248662344740634 -0.28458063440329378624 -0.56124206242401630806 -0.35469111286334298327 -0.74779780811522922335
4.1104755842331703874 -4.7309737527930071366 2.4321614169841860864 0.85502142344145881658 -0.0072489948350797283813 0.51854201134514710247 0.17173042633939392121 0.94744473695813247183 -0.26992060143618679113 -0.48933324649498272096 0.31983733753935644772 0.81133042059968063509
4.7717769323176302265 3.1210414928177017124 -5.5620706331711495807 0.98310863876480070189 -0.0053360171132439170386 -0.18294515928896679102 -0.018947409138916834759 -0.99717133802944590837 -0.072734574305291635477 -0.18203955634108381911 0.074972325119526242454 -0.98042886044504240495
2.8185978288698287919 -6.0596273568839142953 -3.5227846518369143602 -0.76552921584126631949 0.00097573773884929507205 0.64340039448960362201 0.30244150169590328092 0.88317555945741554879 0.35851090531382096005 -0.56788569073835348799 0.46904155371659556062 -0.6763917970685926484
-4.4285177086436586791 -6.9476671423237270631 1.3978488365136163551 -0.93334011598598121129 0.0052457681470436416313 -0.35895502476979773698 -0.076436493690937662437 0.97406167348535077632 0.2129819679672055599 0.35076158615674701835 0.2262218781716538174 -0.90872986718451653765
2.9758005301290508804 -1.9206036548457763313 -3.5306391978977464952 -0.82296561752284491664 0.00080063615160098737522 -0.56809061896591384055 -0.34270579331664413614 0.79684530317255708454 0.49758446724053417842 0.45307872561234180386 0.60418285460082099547 -0.65550190434806399065
-3.5590492246178655478 4.4777729237754106961 0.62165987047151727296 -0.984456376889016882 -0.0048980384605579055726 0.17556096155442946216 0.1586012039038827981 -0.45417121987962560947 0.87668361519609960819 0.075440706007442695502 0.8909009553549319671 0.44788858840657819194
-5.7191736637279859679 -3.8972270964975552765 -4.7435554843368139544 0.95556997510704477783 -0.0042993151014230970852 -0.2947329953763448418 0.29230258254572472065 -0.11513623695853195117 0.94936971047958063075 -0.038016087528241510052 -0.99334040632038211882 -0.10876403017715519095
1.0301576663343632312 5.6347293177106401174 4.1500070039191632176 -0.68383079540485924852 -0.0013258715938655712529 0.72963942144073756779 -0.39314837427618065657 0.84308609730705730279 -0.36693349306310885094 -0.61466234556858767579 -0.53777697476927610598 -0.57704950077791150598
-6.9028506787654899668 -6.7601644518923409422 4.5776082447132848685 0.74473767772834797984 -0.0058163100700680484684 -0.66733197279098599441 0.47566005718171106009 0.70601607134582977654 0.52467972802782170128 0.4680953977276123279 -0.70817192653945837399 0.52856335579341828801
4.7279644388827586354 -2.5482888585800163028 -2.9805124715823625436 -0.57530085777011219506 0.0096746682735701777789 0.81788466414444682684 -0.49004302049448150713 -0.80468216694275318535 -0.33517823358464632344 0.65489446563063757889 -0.59362699652064843114 0.46767534453760817303
-5.2129107237448844003 2.6166653198192380003 5.0484437990422348363 0.89576608536313173659 3.4540700193544209007e-05 0.4445257238004872713 0.065480133913903906806 -0.9891016103205548804 -0.13187250101466094221 0.43967655427143237379 0.14723451792361696988 -0.88600593923283554876
4.292948521468694878 -6.4982733123752094428 -3.0536537536763170841 -0.31159985200381684622 0.0068545048970356098339 0.95018869073132350422 0.70295768300946548379 0.67448401697009985334 0.22565860663775388906 -0.63934030697986710123 0.73825762889012702672 -0.21498754674740910842
-1.6125820880561614334 7.1918185409116999196 6.0955232962753500559 0.76117517806105583489 -0.0039279065574387836066 0.64853443999045035095 0.56686574752227281149 -0.48178702750048951753 -0.66823984049013884778 0.31508026372610192789 0.87627953969166927362 -0.36449773075823932444
-0.91441114690419655897 -7.4684858834443561548 -1.6204143843773610723 0.99989662044169946853 0.0060998026554811065475 -0.013020784810128707698 -0.0063981476925282472837 -0.62221859711330707032 -0.78281739959745000323 -0.01287680611064436452 0.78281978118466188921 -0.62211524499121195753
1.5290855805954168822 6.3735492030628622118 5.4176349745719862838 -0.94173690257062181441 0.015265219244534916632 -0.33600383839793079854 0.29943161580571903135 0.49307739061623634402 -0.81683253750019702011 0.15320676810338321183 -0.86985151603281274379 -0.46892006383058298935
0.18187253397957842127 -1.6242425575509755742 -5.4039299970013070507 0.92611203384744877898 -0.0052679640050515320893 -0.37721180962208616938 0.16448862218571588811 0.90548714415437547842 0.3911988304463803745 0.3394996228783926373 -0.42434099534033142831 0.83944906083635095762
4.5825916423104420261 4.9352846831778602876 -4.2993417638133095693 0.82589576664874342349 0.0021945380974273702088 0.56381855825634885626 -0.38945869120835230337 -0.7208709790484222335 0.57329482764808981088 0.40769855343629518574 -0.69306580897365321903 -0.59450960796079632686
5.7656977137594376259 6.8396026827842346663 -3.1566809550948686791 -0.66155298491675729178 0.00077242447500697111046 0.74989802740635536082 0.67274389804521672609 0.44241150481065916189 0.59303263658421589977 -0.33130544183641141842 0.89681183297916966524 -0.29319829542129038913
-3.4394618561597751771 -7.3274161673597353328 4.8519905352480723337 0.99991966166791368398 -0.008292101809220860098 -0.0095870359074365363306 -0.012569410692655109962 -0.74633299636007377487 -0.66545403181504336754 -0.0016371086538366657649 0.66552107373976687743 -0.74637726404511273159
5.5725696900571364267 7.2872711921214206043 6.9872642102129214337 0.98131925313960666202 0.0048371752957924660232 0.19232557071957340211 0.010729230662511048816 -0.99950405605797254527 -0.029606173901938603182 0.19208697776488670161 0.031116613872373403982 -0.98088447297033487526
-3.3544104189346448663 4.4216145106199533643 -3.9105414957567821155 -0.95529430270623261201 0.0070171655540219937675 -0.29557326436028108496 0.29154118081114388517 0.18857883709461642496 -0.937785562957451857 0.049158265919837698665 -0.98203298396108418267 -0.18219408141893311814
-0.79079580154302919759 3.1834412595051362338 2.726346729645133582 -0.99187312648733250153 -0.0024729392522259401738 -0.12720686115080678813 -0.12036357718742991818 -0.30579505902944675855 0.94445857037759783914 -0.041234818285421720452 0.95209414788910118332 0.30301224944935328809
-5.7642881792229552218 -2.0634476860710901924 4.3732595097504241011 0.97006173691061425846 0.0088423430072360614806 -0.24269742386805898127 0.070023063033021221147 -0.96708020709981101781 0.24464799954044152974 -0.23254461340891069421 -0.25431808037535508227 -0.9387466733728342394
1.0181317359339261408 6.6367871408399308208 -2.2766739268498303872 0.99529850282886089818 -0.0017886554282540798738 -0.096838478810557265808 0.070300261232769306607 -0.67441568405394936025 0.73499752269830209706 -0.066624046238534698205 -0.73834970428237955975 -0.67111917767939077706
-5.9693004486163667721 -6.3081014235214238894 -0.23052589358993302859 -0.71524159252627539374 0.0065204699869895856382 -0.69884687005927903503 0.52194333452484098501 0.66996847046398377845 -0.52793693196170643489 0.46476297170234959211 -0.74236091765079259552 -0.48259263160473486742
-1.8785015604070982587 5.288723723023594836 -2.526363537180140284 -0.94712805261489707576 0.0030602045834680815378 -0.32084121789120556567 0.015092494726736896057 0.99927256851319612441 -0.035022141853181629201 0.32050065296800611669 -0.038012747400926888419 -0.94648526796882981316
-3.6774632905286983586 -3.8080691478690571472 -0.0014505237806760190589 0.938928882080752647 0.0044008060865532040024 0.34408311103628158589 0.11588462936160962014 -0.94555555246087541477 -0.30413064608493606267 0.32401127614996300119 0.32543099132712882682 -0.88831940359959060682
0.94277067740512554561 -1.949104423727753943 6.5510544825353314025 -0.96208540877265769087 -0.0033254641135459380406 -0.27272808347380761429 0.2714176148082046991 -0.11032772384983723091 -0.95611728973068832449 -0.026909934944319556516 -0.99388969943278493435 0.10704728283680992051
3.2843222161293712524 -1.6078732400599711205 0.60701964922076445674 -0.98983278538730090634 -0.0038983759779874175427 0.14218248709727440704 -0.072854692172586332788 0.87243329728624829933 -0.4832725272707625308 -0.12216075802348078105 -0.48871765309937920119 -0.86384709569930628881
-6.7872101841580914083 2.4693873909363346364 1.2872468271592720779 -0.96791954024071136242 0.0056559825738979677134 0.25119668286296015225 -0.17515357548263144061 -0.73198091601819748053 -0.65842627801505315688 0.18014713046816605013 -0.68130165745156012758 0.70948929726799303541
0.062242113775315494051 -0.033222679548006055217 4.2705235810838901855 0.72103638305608364067 -0.010456841445424629178 -0.69281829419863361075 -0.55003575323428222088 -0.61672130176444950322 -0.56313009697049720703 -0.42138723814728157313 0.78711212061363544645 -0.45043013343877291721
5.302052692596736172 1.3791863378785731431 4.3195280172282188857 0.91452301407444747117 0.0014111578252720101412 -0.40453141455492891421 -0.39994598907756540029 -0.1470240276037381999 -0.90466963093054519884 -0.060752469489025004434 0.98913191432725788843 -0.13389246995329623369
-1.8349008924328567005 -0.62977733690224924068 6.9265921276926363248 -0.87902246545244444587 -0.0081801513666639770472 0.47671017437568508068 0.46650515112063567491 -0.22121573846359568472 0.85640909677207111006 0.098450237214282948495 0.97519058761848287364 0.19826968657064508728
6.0532723490493394181 -6.1890937063762603287 -3.6836025705746617831 -0.79436251164493953958 -0.0057349886052356410099 0.60741691612847659165 -0.36213359491661167855 -0.79835909934512705455 -0.48112577142127144203 0.48769607290401645328 -0.60215434765403297313 0.63210970730987214861
-3.1540107033530038194 -2.5900342462674652566 -5.028446559958380746 -0.69402953223705965424 -0.0064868132746593813037 0.7199173074988591825 -0.71714039618340996718 0.094430828157362547981 -0.69050160814838634771 -0.063503232554046024072 -0.99551029123113721209 -0.07018973933658892439
-0.72193386135945092352 -2.4752458766145442048 4.2973456500871867192 -0.93379052904090664722 0.0096185198760334288115 -0.35769083291125103319 -0.24845828692875074339 0.70193220591771465777 0.66750255276827030748 0.25749510195291896997 0.71217881348093869942 -0.65306784494352765336
-4.8871079092659801546 0.00011474071010524403147 -1.1013987487978431634 -0.99132074631381894569 0.00074360205520997710651 0.13146339788618882638 -0.074918775655753444553 -0.82491429259600967949 -0.56027099418507508855 0.10802941720683853499 -0.56525733690665613818 0.81781036193674849777
4.3011096258534537995 -3.9916697659020945466 5.8607162511223167556 -0.93500871269314289602 0.0063250079119579836334 0.35456833116159508501 -0.23221100940114056121 0.7447553346123265694 -0.62563370967309239745 -0.26802379428092176772 -0.6673076395796277982 -0.6948839902156062065
-6.075010169268512783 5.419255026769786987 5.1917309073458159929 0.99952456859220795149 0.0094793295617848580964 0.029339036991330648407 -0.029488088821423959207 0.015986556957355207986 0.99943728298187839432 0.0090049651958014551023 -0.99982727123624492993 0.016258483758177587342
-4.4342718844738620021 -5.8219188500410297138 -4.5139522445820396968 -0.63314124699613749669 0.0079276407970222673161 0.77399568077841374159 -0.73642314123499397205 0.30175215339843158846 -0.60549698180346767096 -0.23835502597134902714 -0.95335344465247739976 -0.18521363654810310551
4.2125624160233110516 3.7031013181665519696 3.9637292784628828102 0.63186737795039682464 -0.0085255778714968984133 -0.77502963246834344346 -0.51886797909293047582 0.73816748090458927933 -0.43114358444376926771 0.57577741962864292802 0.67456362535864478058 0.4620003012866951142
-4.5758613343405896146 -2.3516429933907536665 1.2490120395060226866 0.82921439284858811103 -0.0071939186356224076729 0.55888436928160611927 0.49538702063341849557 0.47250935666342042119 -0.72892153737785425616 -0.25883429154682718876 0.88129629262812991808 0.39537533322055740115
1.0500949535592807305 1.3197682318711956295 7.2082385682398744109 0.77831416915593854 0.014440433738041102973 -0.62770895163640250125 -0.34025757445389126499 0.84990880352245223861 -0.40234289942989520661 0.52768535806645566755 0.52673190483243448323 0.66640953122970991718
-5.7358036115106596498 0.95371979288460029256 -4.6497055910728626316 -0.93623065824097684295 0.0016723975023320535038 0.35138206792062637307 -0.12310985865901233338 -0.93816753099289629247 -0.32355161333488940967 0.32911414018629275846 -0.34617753664452743934 0.87854709370197581197
-5.4418200140497710038 -0.57793603450193853366 2.5887177191555608147 0.99742766518366643425 0.013798729044492780149 -0.070339518075196755253 0.045646301770536461262 -0.87887610970611163008 0.47486124175666322156 -0.055267240395800332209 -0.47685047851996603674 -0.87724520703983144276
-3.7054802052469386631 2.7218686968879999277 -5.9063907400814370519 -0.83565234021195489156 -0.010641973160289185454 0.54915563796216604331 0.48369456263480964386 -0.48797104586469985943 0.72658366928746798141 0.26023976709166535271 0.87279493972227362164 0.41292161098584106993
1.4617865041298918616 -7.2431866828929427626 -5.9395867479224326857 0.99509432439056988429 0.00041777393034335939814 0.098929828821377477355 0.038471698042127126793 -0.92291635863835030928 -0.38307352219579060559 0.091143919245476601176 0.38500028626314031222 -0.91840490284070308569
6.35532399175858842 2.4365570761844059788 -2.038814067939958008 0.9450294808071888486 -0.0042473319779157830967 0.32695755164311457452 0.32435916487391208696 -0.11429273614306337259 -0.93900388850500082771 0.041357134422932456674 0.99343803562989085876 -0.10663234404394128507
-1.4753021385449569536 -3.6375197283322435737 3.9710257263112396231 0.79231100380047569942 -0.012723971090499391554 0.60998473244536854931 0.61010368027044359351 0.0098121639215933177669 -0.7922608287423668072 0.0040954336966275055668 0.99987090266634093272 0.015537227036131941865
4.7785793613921123679 2.1398996457620822476 -1.4362495649289637178 0.93055126320692727049 -0.0027994654103586039812 0.36615093819015132048 0.28382751612000484132 0.63728247858337172538 -0.71645864052565533253 -0.23133587624329088328 0.77062520428808722883 0.59381858077921212402
2.9521719888231525708 -6.4500811401852029547 -5.5928351075859650265 0.84963363965980942538 0.00091525442462139956767 -0.52737258240053064284 0.21465277836639334863 -0.9140169696618312134 0.34423417016589097361 -0.48171242780099293723 -0.40567492093988022361 -0.77677602654964739148
0.42683477831245975054 -6.3703164256968012324 -5.4861296339753353735 0.99886977515374975045 -0.00085611723904317326567 0.047523040175036092292 -0.013213373093320910506 -0.96542788291614545226 0.26033518713301267988 0.045657190624271488943 -0.26066888949654215546 -0.96434804453207745301
-5.722175757066968238 0.12180637842198024923 -6.4278900354317425325 -0.98258997069105813438 -0.0033491161892418661733 0.18575718806551080875 -0.16588507211707623212 -0.43441434018148861185 -0.88530577988254599564 0.083660578207269437057 -0.90070692484588987803 0.42629560540612854158
5.0534196052201307836 -5.7435646405561753269 -6.4521983207834061602 0.99831243208228181985 1.8707184246877922584e-05 0.05807140087838497805 -0.05608967229041365854 0.25932215226099997185 0.96416075942195877957 -0.015041163927572282627 -0.96579087850159128781 0.25888557779633331046
2.9151951673475560156 -5.4125136759855543289 -5.5046258211503467095 0.93341162817782907801 0.0035696179331259018236 -0.35878961831428923812 0.014172810575750552364 -0.99953692884977174415 0.026926925295990389309 -0.3585273543576698585 -0.030218962479278872052 -0.93302998370040879372
4.6658237566416298492 -6.5163551665414720659 -1.1203718268766673649 0.96020004329073005422 -0.00046186232117409117826 -0.27931284171636994174 -0.27466368993563089473 0.18014014730749133841 -0.94451542325100545927 0.050751692537384089643 0.98364084604654400401 0.17284372043361845295
1.371964997613512427 -6.4362266772438276874 7.228234224647173356 0.94744752244674146358 -0.0037665084849787073759 -0.31988905205309825508 0.084431508310231440095 -0.96153324661593431166 0.26139077270789645713 -0.30856848934077379942 -0.27466275514936427937 -0.9106842802639427692
-5.3163258143007112722 2.150479137825235032 -4.6245596968450248809 -0.99149709076087499948 -0.0027883442571499297141 -0.13009897827819674743 -0.062797296573972274936 0.88590455818124147491 0.45959722946985093195 0.11397376257604832639 0.46385918006405607583 -0.87854689260984253352
2.2688228917359563042 -1.7032489391921175059 -5.4246042053109304604 0.91127497562985693147 0.0031785376979013863635 -0.41178612857762569854 -0.078094860916389077787 -0.98048985874731420243 -0.18039076914370533178 -0.40432550190316363103 0.19654397419382399481 -0.89324764467576378557
4.661807332710646179 -5.3770574604568599497 7.4833064646858291624 0.96781818473296854499 0.00043669840919854582828 -0.25165009555884043646 0.21776403021961671103 0.49972564072193181861 0.83836335269827266803 0.12612211718339488842 -0.86618363716913748807 0.48354846526252215355
6.2550131101184911486 -0.37543325232398178093 6.6799649379951882011 0.97488189808584857499 0.0021006856907171411741 -0.22271253198743978796 -0.11046747380098197178 0.8728517955212405921 -0.47531745211742637558 0.19339654086013288725 0.48798087070598455961 0.85115947260680580033
-5.5656905050859837303 1.4122867089030246568 1.2668199568606886007 -0.99967643004375839055 0.010723322267955769094 -0.023066113119983546603 0.022748115433969526289 -0.028886689216388386492 -0.99932381260044278459 -0.011382374933671505352 -0.99952517204202162571 0.028633406978839641421
-5.708574469556391584 -4.6679112733438490324 3.2820329778360948225 -0.91715176865942948936 -0.0013163884233106867838 -0.39853594614076659486 0.033807167320514086573 -0.99664715622543553764 -0.074508532568488272663 -0.39710163520513058755 -0.081809003839744071085 0.91412120542525909794
2.026959500955805904 -0.98191018812461861032 -4.1185230977609412761 0.99299965452610061689 -0.00041269321998568938778 0.11811653480931129379 0.018321530883622236946 -0.98735253213542573114 -0.1574779311263009296 0.11668764980555353106 0.1585396069443117395 -0.98043316213434195117
3.119174029558743122 6.928212830015652024 -6.2724278117525882337 -0.96939451788353259154 -0.010750079746832914146 0.24527271450980653311 -0.17777876904254766299 0.71974352671502384027 -0.67109162193369131799 -0.16931916009502412379 -0.69415682056528893451 -0.69962656502411135762
0.34926292717252727105 1.9033640070354214124 0.76814041223835727301 -0.54066832771577288952 -0.007609278708405380065 0.84120143739923569637 0.52268839543485612342 -0.78655246710581805392 0.32883439261644242801 0.65914687337706101555 0.61747657070309558414 0.42924128872934214085
1.4489337700554392185 1.3715273005598342948 -1.8660550298001594705 -0.95561463199088503284 0.0031903034849291222672 0.29460226931999500266 0.077498108980221455666 -0.96200511509834063517 0.26180183656528988045 0.28424411731703069783 0.27301278447751048395 0.91905892155099555563
4.0967417668633361316 3.0569540077302241876 0.13499613566743928761 0.89724908049445184499 -0.0016337702921443812698 -0.44152170767290671582 -0.26110787244272004592 0.80442577029679107614 -0.5335933461268734801 0.35604320875451744843 0.59405093289812227475 0.72134369243989915343
0.93367508539078902796 -2.5038111300233443224 5.6180310637069927893 0.96857219275347883336 0.013034733652385901981 0.24839082741411661059 0.031549501077206117128 -0.99699824217226717948 -0.070704554925922452613 0.24672360326207537495 0.076319072479335517412 -0.96607601293545419807
2.6269851318673320684 6.4559893665933962836 4.505690964712622204 -0.99983091749355090805 0.0046886260179342924975 -0.017780697680408928674 0.0088577054146096213805 -0.72457089128400509193 -0.68914335559355188732 -0.016114511433096168069 -0.68918432968984610909 0.72440684855359727123
5.6784789345048514164 -3.6009332491834467049 4.1621150127338895075 0.88593045936589231992 -0.00593241365910991518 0.46378015010988449252 -0.46381514019562608553 -0.014897851392233651957 0.88580673385854757917 0.0016543557877637237591 -0.99987142197991452086 -0.01595000360042422502
0.20410970808131551069 -5.6258638103199603009 -0.039346252649494123377 0.7076849554516992935 0.0012912992458409666002 -0.70652695374889185054 0.70646619314379199839 0.011947915736168672821 0.70764593212587523219 0.0093553071671402445592 -0.99992778732061315949 0.0075431009530859925716
-0.56763271923853941825 -4.4827921717611252106 -5.1909517053697946665 0.95832600876993212502 -0.010791269388214974959 -0.28547295742353084869 0.16711977098207206338 0.83163439690316454111 0.52958022247297986684 0.23169428793571136826 -0.5552186761922053293 0.79878030680864575697
-3.0784983213068732866 5.4996796946172201714 -4.3849552437135894678 0.60181995649887598532 -0.0046669277667652341729 0.79861815640818301087 -0.1821308818536138685 0.97282992164570092353 0.14293454944896022418 -0.7775867037410612026 -0.23147389342249036215 0.58461846945593332059
6.0705425825247489868 -4.3512329726759491066 3.2815216375073372745 0.6319239339725065685 -0.005491046042069727337 0.77501096126822122123 -0.45821941430137641538 0.80383746353913454463 0.37931556858161130652 -0.62506568457245959003 -0.59482365506462020477 0.50544802833285906729
5.874149650343437834 5.8590105572460746686 -1.5718585094790391565 -0.76699728814069512151 0.0082779053535305315709 -0.64159694222117968909 -0.55641307554298780058 0.48940884085702029971 0.67147857438324065615 0.31956165187558355223 0.87201517347679680103 -0.37076931895258496974
1.609452881742550856 2.7973533711731977114 0.94927587374132282871 -0.98210471519101683047 -0.00016347996963472256893 -0.18833560915004082803 0.13603256714208700195 0.69097658543053508406 -0.70996232228439237755 0.13025156074432872599 -0.72287712072044807421 -0.67858912403799287461
0.85727197541687305549 6.6484802824556048506 -3.4228773607953977276 -0.96783767345046700648 -0.00043997463990987908597 0.2515751264977831303 0.22852128668412668988 -0.41972462167912583109 0.87841292311117846747 0.10520579538363522554 0.90765139143762219032 0.40632584490653561593
5.2346513468892901244 4.8604350212305247325 -2.6297984066658708358 -0.99455058677556973379 -0.0080110827587855960863 -0.10394687536149570251 0.10008629630201004712 -0.35249341314929671931 -0.93044673516477205411 -0.029186703084321103524 -0.93578000418868556576 0.35137433048487531906
3.6825652447456320715 -6.5759298167023096937 2.4600752376090544438 -0.99361972640170981297 0.0039642988985294884408 -0.11271257090352701513 -0.034857914931474498488 0.93965613426676664055 0.3403399405028463276 0.10726026790968593017 0.34209740377420921886 -0.93352268384807790547
-2.9000053180510416695 -3.7172039882029066504 -5.3639666797161869027 0.78353489505499218648 0.0042849181225671443413 0.62133300870616614553 0.59620648772663897841 -0.28675898825793788571 -0.74987139340412167776 0.17495968742466866397 0.95799317436498243605 -0.22724036975483324907
5.8346108586104472593 -4.3304286044507138698 6.9672104650696979888 -0.93955769356561713579 0.0025206626202259442907 0.3423813469240141738 -0.34236120709254136418 0.0061918123729158593138 -0.93954801119343434035 -0.0044882446118753877712 -0.99997765361001589302 -0.004954587854725030216
5.7977928240601261933 3.3265791859735425184 6.2115186046259758257 0.98891443616899576963 0.0051109847033789859716 -0.14839850326680109616 0.14842132682827766099 -0.063629368679626888139 0.98687507476073643709 -0.0043985996645639902081 -0.99796051088049786415 -0.063682580382710837763
-5.8128028362475578916 -6.6021602444020865974 2.6606741947611252108 0.57330659230753300282 0.0076414801531472509311 0.81930529047340461268 -0.23713487401531052612 -0.9556126248507695875 0.17484725548776813842 0.78427457101604891587 -0.29452694105450438755 -0.54604695608583664335
-4.9865502616949264336 -0.098689184590640979811 0.23419675445933144098 -0.78336756830441545141 0.022178799499121125416 0.62116290438305443722 -0.48111577262780941266 0.61108815169359631536 -0.62856891761245159422 -0.39352619513518027894 -0.79125177517179945408 -0.46803606915488932261
5.1498324289868158132 4.4223041724832778954 6.0518241339873766194 0.98138392674282171058 -0.0047548670010603456826 0.19199734261345535735 -0.049412197152358269814 0.95978965725141718313 0.2763372009081783709 -0.1855910102979233256 -0.28067989787838026894 0.94168719425484392893
3.7376528409709357526 -3.2482415371739161714 3.682186689699225024 0.23137590578369104932 -0.0026433462483538387733 -0.97286083431462033744 -0.41789754981449989124 0.90276791936969458252 -0.10184164971115250431 0.87853675397326125296 0.43011986291906356694 0.20777409713621397547
3.0913000104236916243 -3.0066862007427253012 5.6851100673209540304 0.99192418111043545448 -0.0043669878581845166313 -0.12675704455914088564 -0.12509345106626418298 -0.19860492020407724545 -0.97206363689376296122 -0.020929582620248955022 0.98006990316402375907 -0.19754730441980455913
-1.651842675929497517 -6.7671065880903169543 6.1907931386753212166 0.64818329803916341358 0.0072403267453999163236 -0.76144992600413119455 -0.75320281341335992842 0.15317013717756314262 -0.63970651938466704944 0.11199970539831723138 0.98817330805166547769 0.10473575915151650539
-7.1909650226132812989 -5.3026172440657610707 -0.82041038796543985789 0.98917466514152985191 -0.01334721151193698184 0.14613464266495587718 -0.020862816425185878866 0.97294734474651933809 0.23008304422840963888 -0.14525227961297260126 -0.23064109845273927935 0.96213640351644169613
-2.1436888299942995495 -6.7751323207364890777 3.4835273798195327544 0.64798025533370307016 0.012726127807234591943 -0.76155080878994663163 -0.06475624090883824735 -0.99531964371433723215 -0.071731695223760452707 -0.75889934639646239312 0.095795889824845673055 -0.6441233806745809698
1.3400882954994370877 -1.5033391709165044858 -6.759736857576474911 -0.98236160915227321855 -0.0040233693328688086358 0.18694780384663159389 -0.17703964132639529727 -0.30179153129743124806 -0.93679177891152787261 0.060188323310164666691 -0.95336545151179152846 0.2957561184502976448
5.5741926636331440292 -2.4628527800450679131 -7.2604874606291041061 -0.8255037527562832933 0.015312238237824642509 0.56418887754491253705 -0.23515080779561309265 -0.9180676118046409151 -0.31914880189077410311 0.51307665292660131762 -0.39612800395253955354 0.76146894401958808984
-6.0756387053135263443 -6.2953875492162714167 5.0276638283124093221 0.76074793986086708397 0.0015777884329997290611 -0.64904551657118658703 -0.47775701372916679066 -0.67552093151618541889 -0.5616223881898096959 -0.43932995325839918621 0.73733912256650624428 -0.51314735749377660134
-5.2567445047546694781 -5.4003525977905901811 -6.3570810584701265 -0.95409066189966662552 -0.0036652650966385591502 0.29949553370224951676 0.29248227154183387144 -0.22685729475381949394 0.92897249079325827648 0.064537816120289193123 0.97392111264140301952 0.21751445156977095019
-6.7294465127754659051 4.3696085548751479877 4.795969314538638173 0.80619915704873679196 0.0015512856914105639054 -0.59164221678865858145 -0.58392435309117984854 -0.15892920859324202731 -0.79609914993244612624 -0.095264206504822493415 0.98728876230254192237 -0.12722276050453545926
5.9191583872944235623 -5.2280146206075288617 -5.4575470680182487371 0.94696103932845632212 -0.0021183183712176478775 -0.32134141146370087672 0.0090832930926233526603 0.99975516004449804797 0.020177060017731479613 0.32121999280988661196 -0.022025727948111827048 0.94674842673628600842
-4.4837280506185095419 -4.474876897809258125 4.8449901849306931112 0.96718968562317264581 -0.011310632285557856158 -0.25380343106695729682 0.18288238834056314008 0.72443531083418510885 0.66464088984308666852 0.17634665876879507262 -0.68924999094229433272 0.70273487598614259309
-1.5628199932135349304 4.2250054507985108643 -5.9582450008387990437 0.93110449687064689162 0.010500021025123087645 -0.36460137885880206099 -0.31706820255113510321 -0.47083449432141749602 -0.82327555161561949415 -0.18031131644523726298 0.88215907211543909128 -0.43506689215126670423
-3.3702233840543112109 -5.4964734735672635679 -6.0565437035980460578 0.96641835478792825764 0.0035236152747750290257 -0.25694969870432943226 0.21948695965283010478 -0.53134260717367887139 0.81823010720961963926 -0.1336451947180364308 -0.84714970219986296396 -0.51427263585721683103
-2.8965792294323127187 -0.80602135001600150321 0.95484297620883717972 -0.96312018807776644813 -0.0090399977114644630011 0.26891965669769518632 0.23651601071479300131 0.4480952358572073968 0.862131565526747079 -0.12829528437386730766 0.89394011994274913402 -0.42943146363995565729
6.1213662496876155572 -0.56347901208873063528 -3.5164059402663614406 0.54051204051498236147 0.004785294751296218646 -0.84132266997419713483 -0.19756769040197955101 0.97274360532279646741 -0.12139557657853207451 0.81781033361506061397 0.23183394759560144172 0.52672505064292407528
-1.7831724097884398272 4.5346478579630922212 1.6702015638434555278 -0.95414478683291747974 -0.003776501929505519245 -0.29932167277519122761 -0.063426100665393447819 -0.97466684374201550956 0.2144800071435183364 -0.29254889422812535571 0.22362978724467202918 0.92973375906370725463
-3.9814195064102881894 5.3412136844236020039 7.4600313213139397561 -0.93544338654812841938 -0.0013977590616055220532 0.35347378521291494824 0.34750196615611778084 -0.18671703987973492511 0.91890104501851144203 0.064715176587692505028 0.98241274080104035171 0.17514894413347181779
0.20631279659540024962 -2.7422193616996146659 -5.3627687297191721782 -0.88705249059658863864 0.002311298634467984052 -0.46166279558244804893 0.444617742898307855 0.27353567046327198486 -0.8529321776578725478 0.12430986134002762478 -0.96185908265341857337 -0.24366814213341453366
-0.76123662623016730144 1.4049654956834973785 6.5568629343082038829 0.98944563185110612213 0.004744349821996628018 0.14482690618641635982 0.13983876799884159547 0.23069807535764391693 -0.96292446068785875202 -0.037979739010907849484 0.97301381756434557335 0.22759975890508060692
-5.4299126597518680981 4.2042021899365655813 2.8538880461505091723 0.77771686267090933686 0.010146275468014045659 -0.62853284290592237316 -0.20919407104726525648 0.94705701523755214666 -0.24355872090306357469 0.59278522430632873963 0.32090506849131900102 0.73866475133213715942
5.1804964156977924006 4.7058219475438827217 -1.6105290641630536363 -0.99877372365194339032 0.0060167320946760164888 -0.049141101711507505223 0.043265147069555566495 0.58857618940965850118 -0.80728321939020053488 0.024066075533130233677 -0.80841936406483694277 -0.58811474714844014233
1.315416713891078615 5.6670565439651401363 -4.4614064932834640587 0.99777969707091618279 -0.0079982909688775891827 0.066118858540148581215 -0.057902530985560612953 0.38636344369915787134 0.92052734140729730594 -0.032908555400388422862 -0.92231194111027470228 0.3850424785228273028
-4.2851747705746987549 6.4986057788458753137 7.11299877230783828 0.99735950885285362677 0.0026907040976481659544 0.072572516921120586164 0.072366852739233628045 -0.12057913870826317271 -0.99006247779260514452 0.0060867664183268527234 0.9927000712299575147 -0.1204554683472190274
7.105560464677868282 -6.8848001504050362342 -6.6209586397124242652 0.93496161878415773305 -0.0046807037192786449253 -0.35471800407266612654 0.26618654131990204803 -0.65172437480872114079 0.71021128159183288808 -0.23450265802483866162 -0.75844144816382230712 -0.60809133613819288389
-1.8604962343831372706 6.5659781872282634296 -1.9146712372704535188 0.97767438836215148079 -0.0029148890857283163078 -0.21010543487095761916 -0.19783204582849781006 0.3242283278957467374 -0.9250613347412629528 0.070818585018256635655 0.94597436266071588395 0.31641307369399829241
-5.9356399843477314349 -1.0536960587905672693 1.2039183603463634586 0.97226393421989165677 0.0072090496645653744448 0.23377525920852662566 0.19738696090687882223 -0.56146803734344685743 -0.80361186570731868439 0.12546405811631264338 0.82746702208885192231 -0.54731809533060471473
-2.7848417800357414542 -3.1436225188504951511 -2.0822638456571973542 0.95503588697608965408 -0.0019491714558190782053 -0.29648381965699843743 0.018259728697590162094 -0.99769352225869822881 0.065377503400761177721 -0.29592741828976409924 -0.067851576058736151609 -0.95279752661872574304
6.3770012754598104365 -3.3535227451475315696 -5.4656311838416788973 0.60127696371962091604 -0.0081029253003874548988 -0.79899959668427900095 -0.61770366116990882421 -0.63901811768079397336 -0.45836451897274721468 -0.50686112484327305872 0.76914900238985928205 -0.38923208018513888451
-2.7740702645971420104 1.6616829588930093209 0.80696624112138060081 0.87776596483084468048 -0.007071905799182848229 -0.47903747153331810438 0.41284668053679185462 -0.49614393103403764407 0.76380548444476503711 -0.24307309467402085645 -0.86821148797197222891 -0.43257864348477936822
5.6883885020388094134 -6.193123859148861321 -2.3533836384176960443 0.9528671596401739885 -0.010744171120979551307 -0.30319752450548442813 -0.30281851961983535793 0.027513308164435448105 -0.95265101797512852233 0.018577412482101478275 0.99956369514943688159 0.022962993809497588005
0.78136979166388165208 -3.5017032069150069162 7.0714742594812376453 0.83429939601041536168 0.0039817441927809289759 0.55129725514451233259 0.53853044662598337222 -0.219957402918997319 -0.81339025010023302542 0.11802320057310949908 0.97550135141588323329 -0.18565461888180895267
5.738535435121248085 -3.0891129382021760286 2.8873401578406769907 0.99852930084285351775 0.0069772716160582028827 0.053763863692723005971 0.029490170651382749401 0.76223663007222886012 -0.64662636012709351352 -0.04549247402950363367 0.64726087279939492625 0.76090984837214759029
-2.4525875490042676752 -0.88537340275735554318 -6.0332151572950696305 0.99213519552556772574 0.0052261198126371264175 -0.12506175063170160699 0.068780002850664462288 0.81201080337017517152 0.57957550536411550635 0.10458042363283040488 -0.58361900490117157858 0.80526504463487003083
6.5892081682150420718 5.3094820573173961975 6.7511151421940214234 -0.83167634337385809573 0.002525917633093835088 0.5552549681113579938 0.50956603825919255524 -0.39378433351112412941 0.76503356222719998136 0.22058311931120350158 0.91919938991563687747 0.32621399273116186146
-6.256434626503677876 5.2253955297023120252 -3.7933434652472763915 0.98951234975387880599 -0.0042383920742867977477 -0.14438609945991187633 0.087742862985821984401 -0.77639143975251745378 0.62411338895595336318 -0.11474536888110953292 -0.63023675576059234871 -0.76787702922327150112
4.161697435596843242 -3.3095221883922016914 -0.33364659893672538038 0.56436116313573247982 0.0051223491330555023793 -0.82551210716954004365 0.67092273785931111352 0.5797978640684009477 0.46227385459833675307 0.48099808457784576365 -0.81474425334659261733 0.32377869644460693932
