1125 14.717824617146108679 14.977075390850430381 15.033177056927090831
4.6312524734668532034 6.1789280284762826412 1.1242723510864902625 0.8968950666854658138 -0.0013629997328592014308 0.44224131601078892073 -0.40445191019640203134 -0.40700820370115781133 0.81900120540726240037 0.17887954520777946121 -0.91342348576754939238 -0.36559491784557696104
-0.37399785180334949031 3.3916623355766168935 -2.9187793248982134564 -0.99860039717371351653 -0.0059538484796039514713 0.052552815840404540348 0.042304729392509093922 0.50643003353293902791 0.86124266673616900469 -0.031742032630220906597 0.86226050171871360117 -0.50546935667791692559
-0.6852335130973324917 -6.4758566576902794054 7.063980250031362651 0.99995883467409507617 -0.0061402162556999937207 0.0066803219559490312207 0.0085364774979717946563 0.8861729719092135138 -0.46327593549574747067 -0.003075306330964420673 0.46331389100896192001 0.88618890812800177326
0.031096133771798380174 0.84862787870163658432 5.1817183304032115032 -0.94513508350027353178 0.010186646488276400804 0.32652091230161917057 0.28230005293258170207 -0.47752322334045937957 0.83203260229678133175 0.16439694051667896879 0.87856007387302881284 0.44844826072244847737
-5.5512433174948956349 0.23348164302871807219 0.14486279193537146548 0.996940112947287016 0.0022993161377712588445 0.078135295110460023515 -0.07806349075960893058 0.081231122387641727101 0.99363353212647265167 -0.0040623401044947360025 -0.99669263963417653596 0.08116205697207951042
0.79240098516601698009 7.2665986776518556312 -4.7896745869841019783 0.92264193081843626221 -0.0078213844352445025671 0.38557838819258655194 -0.25469969700418965131 0.73837588724122782402 0.62444304262813721262 -0.2895857935770239644 -0.67434403318058588894 0.67926445002820834418
4.3737643728277388888 -2.8395738213859558208 -2.1741180876272978573 0.9936949455824266586 0.010891832437996563226 -0.11158728919587376782 -0.050186231842903612776 -0.84678291561382823538 -0.52956589387727437401 -0.10025815307170714286 0.53182709766503977189 -0.84089728322309009734
-3.8502099867900110297 -2.4115391541828765654 -4.2555992644057241137 -0.97932681937836629782 0.0059073086577693112442 -0.20219813191717447842 0.040074893398394539901 -0.97409557198210550144 -0.22255745227695097888 -0.19827502052822362777 -0.22605955044927805719 0.95372118351491175225
-4.8205553414515547317 5.4341743762105005899 0.3514910342520545794 0.91392254747435297535 0.0028009076866401276182 0.40587896241878923531 0.27016868415214628785 -0.75046853419934556051 -0.60316321280419016304 0.30290998550973524672 0.66090024519048251594 -0.68662683211888586587
-4.8500797311110819265 5.467749415405466884 -2.3261678360103017482 -0.98451426862198665457 0.0027727468725576120794 0.17528253408265453972 -0.01511220150693524944 0.99481037810744754601 -0.10061775675971666721 -0.17465187157683487174 -0.10170852218237406983 -0.97936310951059957208
-3.5359024323316385896 4.5731546717651410106 -4.229655988843299852 -0.74683677173052231968 -0.0043012509081802640168 0.66499348540553127052 0.48111742254285982945 -0.69382902419242420411 0.53584261767239971253 0.45908698752732729487 0.72012692244414677756 0.52024643531145220443
6.9294684429569013417 4.7488806291795162551 0.89643010348155516276 0.92186697612874057839 -0.0011607950839674276849 0.38750474949086433085 -0.14323860173520602812 -0.93019092260550384488 0.33797566550738600277 0.36006107995187203175 -0.36707424324920473468 -0.85767856370946449207
2.3751839725826910943 4.6131654991065156324 -0.6177733391347561831 -0.7079450316253375064 -0.012560181797260098341 -0.70615584259441677162 -0.22533607606235356302 -0.94357045814016349272 0.24269001493704717154 -0.66935602262311388877 0.33093357695848935052 0.66516575574793390668
-7.1342563883914369427 5.4290724958764799979 6.4411873975847271367 0.96892685475708106857 -0.0058091364084704652515 0.24727920265329020322 -0.24725068458921184433 0.0052111707519452155069 0.96893753290379025511 -0.0069173044483558151357 -0.99996954835319540322 0.0036129303323417724658
-1.8540963924258833107 -2.3609516711958811186 -5.1531847548572509154 0.96553991144866757601 -0.0047890826757471692196 -0.26021096073530164405 0.013789733481744226307 -0.99748478662043194021 0.069526568383866504952 -0.25988944312956741012 -0.070718916478253873725 -0.96304533237118150613
-1.4763816368410831448 5.8380824667122261928 5.6479965830318690223 0.91944993104331063094 -0.0008869173026097455087 0.39320610076926337806 -0.1748235321973785894 0.89480025035065247074 0.41081534119647622472 -0.35220527664202366802 -0.44646581655266465161 0.82256897446677412766
-1.2828329796256123796 -0.99282399369817919688 -5.8673037275490074194 -0.91488473092264865905 -0.0065615536883388142497 0.40366183264932348207 0.20166628232686500954 -0.87361210838579528293 0.44286859750288992688 0.34973795861627560155 0.48657869876815751375 0.80057762284996680791
-5.1836590417858943169 -2.872058707573635683 7.1210116379315628876 -0.90667507534133295888 -0.0067390089366688096795 0.42177588066806503964 -0.12780297524196923553 0.95726603074847371744 -0.25943813500441242903 -0.40200336724224738916 -0.28913030303627551554 -0.86879051594282696858
6.2882707997081856988 -6.1790439102103578151 -4.7703772218195972243 -0.94254959483335098991 -0.0044316538832452319688 0.33403685683348827151 0.11494492010074536248 -0.94316060763649212095 0.31182644779721263584 0.31366849797580559356 0.33230773184903789064 0.88948504469213840462
-1.6844122553019866828 4.0721965940408573204 -4.4851040555723908909 0.90764360759553242008 -0.0067178478824998708041 -0.41968792228350665363 -0.3972224350168698237 0.30935556920122758706 -0.86401010927146115748 0.13563708456793471813 0.95092271101504388664 0.27811612496578230758
-5.5752158451842221965 -3.1852961736561202777 -5.1075419256571858995 0.96374458514181493562 0.002903727497319537592 0.26681068752295167279 -0.080552249956221275151 -0.95012011589734302053 0.30130234050568416304 0.25437710124308043902 -0.31187070034526159779 -0.915439215147213603
-5.8066967844815735589 6.6577435697068318987 -6.853883843910383078 -0.97312749491613204089 0.0028642347264353400574 0.23024915808178625376 -0.21906978239164306976 -0.31953328821552157146 -0.92190395821097947948 0.070931721259188465489 -0.94757072236407091648 0.31157409558172510788
3.1216226813402507823 -3.4356555650663347379 -3.4013341928209355203 0.81082286078468179813 -0.0036928953392996888977 -0.58527997655228147789 0.037995515169845159309 0.9982028974624782558 0.046339144624595179911 0.58405704280999037881 -0.059810852038518991236 0.80950604242492485429
5.7599112402622028029 4.8699793289575374899 -4.4553673374297657617 -0.99661689426287047855 0.0055002375711330070418 -0.082003130773100632589 0.013319238975583388984 -0.97375993928772719421 -0.22718754039660060684 -0.081100949088397947251 -0.22751116022081788182 0.97039234747187930186
-6.8710615467410853796 -2.8155015035665749146 -1.0693063337286068393 -0.98233371648443179591 0.0096829397717842578125 -0.18688689128776189707 -0.18515653381101898622 0.094635688119737951252 0.97814167916573446782 0.02715745652519247974 0.99546487994884469419 -0.091170967657577997589
-1.1535879909080475336 6.9191028145857194076 5.3116350388758677425 -0.93225270307317764651 -0.0071309565586479542118 0.36173753893007054572 0.2350099869981512879 0.74824186640886580779 0.62040665322360566414 -0.27509126417202833803 0.66338771379303140829 -0.69587465650406343798
-1.7047840848483726273 -7.1347470620148900622 5.322867522372581206 0.67651146381478921565 -0.0008621417793054364509 -0.73643159630675181226 0.354762065300830709 0.87670015159296177387 0.32487031446482361741 0.64534960784892014818 -0.48103648604710652625 0.59340355807891465023
-3.2714210683354192355 -6.7432439584973247193 -3.1007354437388627844 -0.14049294752045154988 -0.0024707993351923075893 0.99007859629805972101 0.98997354330044617932 -0.015129786363599639215 0.14044028314455547779 0.01463267788691938881 0.99988248545284619251 0.0045716542542333250126
3.7922443610094331845 4.0398203226195139592 5.9814161600496769111 0.98928813077375921115 0.013223897237317155592 0.1453757987154850051 -0.145165184451401863 -0.015698513854203663409 0.98928288466235847487 0.015364359195615523088 -0.99978932040935963865 -0.013610703945169085397
-1.0896689161303820814 6.0638924970114151947 -2.7160673753091697513 -0.94038091030413439864 0.0059149486944660399634 0.34007169379037210932 0.24772668388958990482 0.69701909410672824308 0.67290108674274395906 -0.2330562885326374345 0.71702816948330194702 -0.65692874084094898812
-1.6749300338263466426 5.6042281288425446206 0.38045106549053891998 0.93444702579899030503 -0.0031040293851190879984 -0.35608864202174078661 -0.10072102065270081839 -0.96143360336035510461 -0.25593104994941712205 -0.34156116871500658005 0.27501961990212175913 -0.89872141217109480227
1.0101893273475917034 7.4817115996717351578 -0.99758109379621462409 0.9984329532263200857 -0.00087167872836220808286 0.055954249956093007889 -0.055796849140935723954 0.061030980614810735607 0.9965751005474741131 -0.0042836360607091681155 -0.99813549159493264451 0.060886705287015306653
4.4781790215342915928 -6.884788136483862786 -6.0356028518975568531 0.98277209878453919423 -0.0030333006340745138733 -0.18479664752905072822 -0.17471614490416367826 0.31084281727053209021 -0.93426495795418773582 0.060276617029345433418 0.95045649139700683072 0.30495768132793987792
-6.2358873573206725638 -2.9050467878515302544 2.4090676366719403489 0.91333673419932148718 0.0030105539459725104076 0.40719399127096145286 -0.2012044321577222683 -0.86603872197896913931 0.45770482684056112976 0.35402370887037709624 -0.49996786756552596964 -0.79037924122520697434
5.8454005079751309992 1.3894409165510863691 -3.6920682549158905239 0.98477691549887158562 -0.0081125449153031468225 -0.17363356045297353991 -0.137041793063745726 -0.6507298161799948133 -0.74684017921385847938 -0.10692976037779006182 0.75926602251738739557 -0.64193545890241066054
-1.2833957987957969049 7.2708555294744154907 -4.4366898037064910199 -0.12727985138309480528 0.0019708594366855663321 -0.99186488754507617926 0.81624555609392523969 0.56833726354495417432 -0.10361441513179397989 0.56350956654588679751 -0.82279333406344368207 -0.073946587696343241136
-1.0899128156608157703 -4.2564682649056173602 -1.0115183714626332367 0.97998452451517681361 -0.0047622813811354584163 0.19901671383790922598 -0.026896985551689536059 -0.99371440925056953031 0.10866565702135277949 0.19724827978725129052 -0.11184361190381360285 -0.97395283386681752447
6.8072422094057563058 -7.2812742952234694727 -7.0629199511258793365 -0.99951098032255980552 0.0093359440578807476041 0.029843598360986853951 0.028810120138197628514 -0.09608457114460793036 0.99495614585047176259 0.012156364267630464029 0.99532939037109091629 0.095768614228673054622
-2.9332115127651259279 6.3805184155455965112 -3.9869410745471505209 -0.81373578887081932098 0.012177875581803557919 0.581107361213998308 -0.35780969646265720074 -0.79837933893293244747 -0.48431668594260934846 0.4580461625514498647 -0.60203166902686133799 0.65402720315020557162
6.1790971461220376426 -0.95755202182801857358 -0.48847103332294200539 -0.8605438412509656132 0.0064935353290970897894 -0.50933498925967446436 -0.28426758361777676454 -0.83584871936290006111 0.46962629743600947663 -0.42267746354557955701 0.54892144459689085068 0.72113036926233609059
-1.0855481657872894097 -2.403480893475241853 7.4788186249131296535 0.92304642599470010378 0.010933957046496189935 0.38453315077088812135 0.19218117968783898775 0.85281337916877819616 -0.48556743556829484731 -0.33324418919500375935 0.52210132052494517829 0.78508504091836550653
6.146666640005563842 -6.848655577355805768 -0.66904540477341256643 0.61814736514897095088 0.0051210435640948164665 0.7860455520338290869 -0.7261930630287958266 0.38649932742602621794 0.5685612588877617668 -0.3008944502117046893 -0.92227547121893205251 0.24263240719193643335
1.6212084498559173884 -1.4478602781324416693 -0.11292097178209170583 -0.98724924183530793353 0.0042101432061862958597 -0.15912639375615059145 -0.046274048775179606185 -0.96407042214171745353 0.26158542306740856231 -0.15230773751058884757 0.26561343310458729317 0.9519726137074085992
0.23314978020319723773 3.8462320271600871635 2.6298402360223116503 -0.9558219146263500221 0.0062027551439426242136 0.29388091695222984256 -0.095684571882721586311 0.93876012009109510714 -0.33101948527267827105 -0.27793691770555456477 -0.34451554791501259878 -0.89669398738983252528
2.4965816891918746201 -4.9209209114820273712 1.7400034129823205298 0.98885098983458064037 0.0025657754165691010022 -0.14888632139877591709 -0.084117999140191135332 0.834663561458532266 -0.54429854068695393554 0.12287343945617149044 0.55075417017919525708 0.82557371682148428249
-0.5011139876895074341 -1.9524223818899120175 -1.9345015893780903582 0.97517463195163689438 -0.0073011759342157533936 -0.22131680918556989601 0.059112860720623057464 -0.95460281416709336089 0.29195742306320310311 -0.21340128138203229291 -0.29779214229774586542 -0.93047285456928130465
4.122040886565262241 -2.1988067954639869406 1.5329378720465567376 -0.96942145622547970518 0.0057169302294269282519 -0.24533519298782732743 0.1774779001222797914 -0.67410411085972921086 -0.71699737983494882254 -0.16948048612684044056 -0.73861421894704082369 0.65247636002497222396
0.47630277730278891557 4.931708191118143958 0.70969772011981702153 -0.98166813434940813909 0.0080669487439096743131 -0.19042740963662121989 0.11296137399742392504 -0.78010098488996226784 -0.61537157990780233519 -0.15351678080112579616 -0.62560161261908187047 0.76488902482702170182
-6.5966871140132861129 -3.6855629207569138295 0.87168135503399435393 0.88658039823779044575 0.0020689332191107441018 0.46256990496122873946 -0.46250377354275329367 0.021454832683331176435 0.88635768717448226717 -0.0080905450522988503481 -0.99976767784815445683 0.019978323525590653553
5.2432530765324818489 0.77924183986626105458 2.361238010605202664 0.9985930373200758714 -0.0039840695286616316373 0.052877906595051808736 -0.048036638148838357865 0.35437988413460991266 0.9338668958240914364 -0.02245945705588971511 -0.93509305681879351102 0.353689903556739349
6.8205484237948370563 -3.5470691949344699267 -6.3473782035984962491 -0.92017675238813423366 -0.0026751415332368633226 -0.39149404590873088106 -0.3480058830931626046 -0.45250803089997843065 0.8210532183139052087 -0.17935063338850337766 0.89175631513819486607 0.41545640531145439089
-3.7589136817112414057 -5.6300872512190727193 -6.934997908847329029 -0.99955972002481152661 0.0086851071179237220726 0.028371376746530459212 -0.018177553215945749937 -0.93499461704342523571 -0.35419576883275355472 0.023450856343072493115 -0.35455554573903447224 0.93474083163332588597
-2.9121097314007755585 -3.3224992681589413657 -4.5470632490817450844 -0.58498107474270821804 0.0056929377604378623295 0.81102696172972399413 -0.52286584108562683681 -0.76708075052814117534 -0.37175050019481759023 0.62000681804212420811 -0.64152530162803766967 0.45170436454872991971
-2.2452099666494178543 -1.8544528768757149173 6.4330566461929272748 -0.77763469970115761676 -0.0039981284620616858866 0.62870365736914402 -0.23709293829269428855 0.92801607384696394032 -0.28735536412881351742 -0.5822982160649871064 -0.37251869973275725245 -0.72260542892854107144
-1.7105611199099526321 -1.6206425914044253478 0.39065031684050310901 -0.80446454968729708135 -0.010415723509870583249 -0.59390933735734574572 0.087312116384840599004 0.98691244443740855363 -0.1355744125824935864 0.58754862150197240123 -0.16092028995268825575 -0.79302665633170554838
-4.23239610032184288 -3.4969990739652194733 2.032415300027903271 -0.99922438766803245436 -0.00613509332944826586 0.038897091397290819992 0.0017285672020045817626 0.98000259712667026069 0.19897718884414783425 -0.039339994214025425512 0.19889009591918285769 -0.97923189010596090043
-3.3171832971310255544 -6.5128569875821531454 0.27497405391703816369 0.92705467302294763954 -0.0077764489149352335196 -0.3748455149372116324 -0.16473022617390967182 -0.90656263736100339834 -0.38859765455497830011 -0.33679902881535250803 0.42199965803688532784 -0.84171414554217194315
-3.5922765894175041623 -4.274614095821745785 -4.5989198087326776943 -0.97450607517728771167 -0.0019835759144554549437 -0.22435234536149897822 -0.015169754554223650184 -0.99709009388306013566 0.074707584803011803376 -0.22384768926520509646 0.076206365265164166534 0.97164026362827837779
-3.783053758397776356 2.7944365629919172278 -5.1178301524147222779 0.98708820226319327062 0.0024507434079168539595 -0.16015890487129796904 -0.04544513543437846137 -0.95451092488711419826 -0.29469243956456714351 -0.15359563997123035217 0.2981658735133144722 -0.94207509852139714734
4.6557028490418250755 -0.099601843225416458738 -2.1724791050651313107 0.91975212563917774222 -0.0049904792273999225988 -0.3924679891394461384 -0.33715483635309401178 -0.52198986377944123216 -0.78348784191912168584 -0.2009543323886845978 0.85293708866977213656 -0.48178385098055404034
0.35993995740975348596 -2.9896483437202232558 7.2297827905058289488 0.99379300238625001285 0.00051018181582676851334 0.11124391274364299476 0.012679398882935476178 -0.9939923892026271135 -0.10871229484805502996 0.11052013957630943408 0.10944802383629517739 -0.98782914961359580275
-6.9350292246991829259 3.8036634854482436197 4.0359474956325716022 -0.97828605568174886731 -0.0075885312376943406948 0.2071202729145828203 0.20184037050987915785 0.1921376094869087503 0.96038721558185502492 -0.047083522499805637029 0.9813386536839926455 -0.18643387217644163956
-2.9107520312164365528 -2.1465024994441317396 3.3516953287641850778 0.69832283781990212024 0.0033423949013510322742 0.71577513408580617504 -0.58910936259530277681 -0.56531090277453177606 0.57738526315359650631 0.4065653367932807738 -0.82487114848360620911 -0.39280047774614007539
-4.8580144857086660082 2.4045937319998533788 -4.0562866796120475854 -0.98837151983633864116 0.0072666660288557135758 -0.15188460863854066907 0.041884086772761675022 0.97322798791687448183 -0.22599337780225584038 0.14617613365961212857 -0.2297269664189461047 -0.96221518323511567861
1.0836153798300514062 3.9705714139704189058 -4.8289771657656199721 -0.97701991698042256473 -0.014915586257739544759 -0.21262550907683233636 -0.051118581722939163137 0.98483266033503269465 0.1658056746317863317 0.20692745691729289015 0.17286456092569857379 -0.96296358765514977751
-3.78906121771431037 -0.82385020625974103581 -5.7330252279987981012 0.96966406538413874028 -0.0094334962345182064858 -0.24425930780955573685 0.19145359034568609768 0.65057967236155744839 0.73490925470694601351 0.15197737675899403165 -0.75937941706300071676 0.63264980668192372093
5.4046995236420452002 -2.6081564878369749572 5.9517272297670045234 0.99226680508922338042 -0.00071911322561831099182 0.12412119236572569103 0.12273862161613713351 -0.14326423256510792403 -0.98204408782457164317 0.018488328261019572329 0.98968421354674518398 -0.14206807936483287214
-6.9238113040677591314 3.9866809856284066704 -0.845148822872652139 0.97270586033047023999 -0.00074073400307488480171 -0.23204042878770905767 0.21735559278344301903 -0.34719706644827413866 0.9122558540977139252 -0.081239495103107725593 -0.93779190035041704032 -0.33755961854543437006
-0.14542676272838681029 6.9559163886715680292 -3.711408403090256769 0.29803954224998208122 -0.018589676585141708814 0.95437249288726899721 0.090346975545026145249 0.99587132535176436932 -0.0088163117012792033972 -0.95026830698756992177 0.088852277779573482497 0.29848855500353449477
7.2291066086965791726 -6.8351725082677097234 -5.922871416214289475 0.99703167512497148373 -5.3392744813373282584e-05 0.07699244084088835427 0.022686776829551127954 -0.95539747639515215649 -0.29445028825754931967 0.073574105189978811215 0.29532297446534266916 -0.95256033499111714136
-1.3145816830031098466 -2.7389276939343885076 -3.4282396836412258878 0.84762332435848064538 0.0020404340347338041986 0.53059451244086586197 -0.33311175156336386705 0.7804121810458327646 0.52914401503349595135 -0.41300273724736075165 -0.62526207649616383222 0.66217525982314284771
5.0213595559879831143 -6.1317644028246389709 6.6559053309798388298 0.99301193449467695107 0.010195272775038559387 0.11757276199929951599 -0.065101965468605388354 -0.78363596632125831487 0.61779964906103068678 0.09843288090492181841 -0.62113664253594569331 -0.77749613456016453128
1.1049976559009018207 -2.0890076395371908191 -1.3306640382172998383 0.89492616506416056144 -0.0057263308612287896343 -0.44617750752170376449 0.35996805114605762155 0.60015595464889082145 0.71430793937457537357 0.26368572437190185287 -0.79986251270723740525 0.53915656309472503871
-2.5128462558474771171 -5.1432869334207653722 3.5879406790131147531 0.99862811135362117287 -0.0093849777526212839474 0.051515215294887423125 0.052292223765787751444 0.22991401506430453328 -0.9718050571028183926 -0.0027237011445814980626 0.97316569394400476156 0.23008935999403590245
-1.2957340345607131216 -6.8382240078772538183 -5.61343510683947855 0.66282433344381486151 0.0043171685579196953861 0.74876248907812603672 -0.37114730297498488287 -0.86660068815765434191 0.33354598900179877052 0.65031806255806889894 -0.49898357622320704818 -0.57280171802323309738
3.5461745590637754333 0.8114084975249693521 -2.4318929765914996111 -0.83109472632374725709 0.0089487620204953769593 0.55605887775943108053 -0.54356438833233167163 -0.22442480173349407813 -0.80880854601284735139 0.11755556819495192877 -0.97445032096307437897 0.19138249753096650552
3.7708981934205261233 -1.5876065766382847499 -4.2622954638889156698 -0.32799382366531487643 0.0044008616355377767546 0.94466961634969026651 -0.13446505015400003757 -0.99002467905164415196 -0.042074756754308217932 0.93506106855351489582 -0.14082530768901463381 0.32531374208570573714
-5.766066398317668984 7.4653819041664526424 7.3343762224484621015 0.95945453074172837304 0.0074454798794043207041 0.28176509412733563575 0.23087553558999740488 0.55268505475634421842 -0.80077195087920771677 -0.16168948792439855056 0.83335694337926935482 0.52855720070433187541
-6.5186197147195175106 -0.66132947908957906424 -6.6805234991688404733 0.91256979730360121561 -0.00182734360901394121 -0.40891689359168825746 -0.21784058958646146387 0.84411035701371595064 -0.48992160874046852825 0.34606624015929365878 0.53616636037475284837 0.76991154779261805619
-0.050064255940276067292 2.5709379677674948361 1.2185129014185884788 0.99128197531050643576 -0.0080686219147848813049 -0.13151023825106436527 0.099716664347207009667 0.69833956528399532271 0.70878659581740099949 0.086119871550712101538 -0.71572113906140599759 0.6930559997754407453
0.40003882526110390305 -1.3383991032537523314 2.8210376222494071285 -0.97969345015412612199 -0.0022971699593703496026 0.20048807130394102893 0.17542682440011347911 -0.49401782930557969209 0.85157020474480982219 0.097088480294592452435 0.86944873761390151223 0.48438901686109997469
1.1954588445134457508 -0.16889970666528442145 -2.7585837084583166856 0.92903223991556138639 -0.0017759337504242439509 0.36999451787396187008 0.28152039928660549384 -0.64550581269388718209 -0.70997782399445175106 0.24009448553222872969 0.76375329252166002103 -0.59919574946692732986
-0.75540030569417881967 -6.2546917847244944966 -6.6341783528917890322 -0.93514712131667199202 -0.010102472903990805317 -0.35411552004191887422 0.25828210262672635089 -0.70359738713928310361 -0.66199778872257608597 -0.24246693992388304584 -0.71052702753102559008 0.66057635909251577466
1.8292785652801610841 -0.27055796021455957856 4.6633909582609929245 0.99872165426879255801 0.005324370742451007936 -0.05026637415584690044 0.02099834165847674905 0.86086897805430262487 0.50839322602816550134 0.045979636168357790327 -0.50879883421638105734 0.85965668691515129129
5.2360335484368079051 4.0950697167011416155 -0.98759990451286183699 -0.89211844152962138654 -0.0033917313579091309776 -0.45178886931958933681 -0.10934431680329152747 0.97186516657412069797 0.20861907482920791224 0.43837028487969281754 0.2355134691650427603 -0.86738970432922102294
-0.90592857258463632686 -0.73201453142452144185 -0.17589713349943192355 0.99766338524839748292 -0.004014426884768723322 0.068203035939762041151 0.020097251451325646998 0.97134909347504372334 -0.23680591016553384498 -0.065298317120137089331 0.23762327954563342014 0.96916010380094907983
-5.787240297553199575 -4.9951197164411009766 -1.388874826597568557 -0.98319821795673090215 0.0013227094518147501472 -0.18253633787976131231 -0.15813495667243679388 -0.50568680286390210732 0.84810034364309005994 -0.091184426768273041386 0.86271612240005712824 0.49739953002180570252
-5.3675668887302352417 -6.6609334456118611811 -6.7523242097341382717 0.98862868793283675828 0.0062827408706499681193 -0.15024594691141798797 0.076196369250484230484 -0.88229801562102228019 0.4644828575354411071 -0.1296434753822899022 -0.47064927366182757185 -0.87274385159249123767
-4.7138991332060689032 -3.7167240511956838311 6.1830882937250795095 -0.99811278149140614246 -0.0011773352025458419176 0.061396166861542041115 -0.060991397249233164635 -0.097182081053999586073 -0.99339604014887006311 0.0071361673924310482786 -0.99526592275824832257 0.096926869912839830334
0.68876078449843081142 -2.8153623399879581513 -2.0651126016530305662 0.6649482234243554446 0.0088712154891549804131 -0.74683677045298380026 -0.49252932337936627949 0.75691176816358018975 -0.4295339809919329066 0.56147905194787661731 0.65345686678706293993 0.5076764692918753763
-1.1542964874435905909 -3.8778498958543616837 -3.6615573004913848365 0.80743825669902657971 1.7146408228886026587e-05 0.58995208392284259613 0.4462036374739486444 0.65416239019814181876 -0.6107158759647473012 -0.38593493690501312621 0.75635412800900125863 0.52818808914994008763
-5.0814648969588098737 2.8161031901943638367 -3.0696757992189684927 0.99805521722139767249 -0.0061764073668083650098 -0.062029310564664721928 0.0070272996080688390763 -0.97758788206548807853 0.21041043201087142323 -0.061938682883211228225 -0.2104371279760849367 -0.97564328252284826526
0.042670992638953103571 -1.9092393824050888362 1.7766265838890193951 0.683662488849146599 -0.0047557697620139033345 -0.72978283344733729798 -0.63750340952101147707 -0.49064510134654659712 -0.59401749753170329793 -0.35523936182486942625 0.87134652531506118223 -0.33846747056639825413
6.6771483897111112427 5.4802252062286909151 -2.3171940075628176814 -0.99876546218397466159 0.010772018536335317695 -0.048492423788840874344 0.049290275607490656451 0.33608513890386565448 -0.94054093379205327974 0.0061660586119149270179 -0.94177000537522703727 -0.33620118485302447064
1.2450328313085441412 2.9619235995426169694 2.2701563255627608129 -0.98797593651312343166 0.0014339150460784453288 -0.15460107618871518631 -0.1505943065407528425 -0.2352858982257617082 0.96018847156876030446 -0.034998624381304126174 0.97192514628638526641 0.23267274508991803161
-2.7227761350712427202 -6.3388330821229832424 -5.4801951464490086252 -0.074784012253189521835 0.0036041773852354790086 -0.99719324176249046765 -0.99466530591400570405 0.070980703665950314885 0.074850978071524465474 0.071051254193661636527 0.99747117733418944052 -0.001723271611229071007
0.47668436127282098891 6.3517579891302275996 -1.1102068015248909294 -0.50718587696995343084 0.011443166397573801413 -0.86176072093421496323 0.060223273040256597444 -0.99699704696424873429 -0.048683115438050872381 -0.85972998295193137075 -0.076589439789260943536 0.50497367666665038399
0.39493870547715859143 -3.5432795680055271248 3.9236829844858669425 -0.65415183249563280121 0.013107699610533632764 -0.75624967322545089132 -0.59981274178976029532 -0.61809145194963810432 0.5081216702853303957 -0.46077115234064341953 0.7859969117228421398 0.41218782118460156605
-1.070313782197459096 -1.9704167710974540562 -0.52094865328527983905 0.83613667238754618705 -0.013832206564884730673 0.54834672895004010762 0.30388763148755626453 -0.82056214097966317933 -0.48407652310318699529 0.45664841236722231166 0.57138992190301252094 -0.6818986615546961394
2.628754397759232031 -4.6492015027675481775 7.1350078546140469626 -0.80105667548489023488 0.0057884462736284558737 0.59856052037436924262 -0.598420544558601053 0.015942728050641386678 -0.8010235210481937429 -0.014179369213687285575 -0.99985615130978178211 -0.0093071035591528739062
1.5991667109111915579 1.6906926908493620232 7.1727969696509594755 0.95151041384302426085 0.00032191362359283021144 -0.30761636614432219528 0.27872455881001145794 0.42220835687836449912 0.86258490810950116945 0.13015587833216613056 -0.90649875882641328673 0.40164592314861230493
6.0526105998547850007 -3.483717163991824961 -1.590790594580123507 -0.72741515074101814609 -0.0017976370614091186084 -0.68619528340945090683 0.11637428553879002047 -0.98583399257319548337 -0.1207823031430917543 -0.6762575131839342335 -0.16771436309453280344 0.71731978104190519119
6.2755180879790017912 -7.1391428831907886021 -3.752971163727793158 0.99580800651638634591 -0.0062018855339158835902 -0.091257606662099616246 -0.085078433201139572195 0.3035491419353716358 -0.94900978848186579029 0.033586818276070344591 0.95279559982515549255 0.30174901920628982577
4.7570455029257567858 5.2500657498088338926 3.6661417944060610274 0.99573936997656331549 -0.0022862608561386717036 -0.092183947029607846146 -0.032739007538778237827 -0.94332906783815617668 -0.33023995390771404557 -0.086204782141343541668 0.33185093458192987947 -0.93938474160110085887
-4.4665658476158300871 -2.5838546398958692762 5.6731483781354485885 0.74961377080383351235 0.0029034537919644803905 -0.66186914460284640427 0.62984705087397307999 0.30417759012562328724 0.71468082818180556082 0.20340080414440098178 -0.95261091932726849052 0.22618697851992797254
-2.3098720754092449958 -2.7513167936058811058 -1.8413307282043924751 0.82992567873546552182 -0.0086529337011648985167 -0.55780686130038281689 0.55774486014448210192 -0.0086409143066301392216 0.82996747260506631427 -0.01200161480276122454 -0.99992522787377435822 -0.0023451873739014977502
-5.184064285899392388 5.5720187190586001336 2.6074442510305013698 -0.99969794181427384938 -0.006012497978140041513 -0.023830127995944548613 0.0082056457837710455872 -0.99562937176722887678 -0.093031292862546730027 -0.023166624905446346616 -0.093198733588396975858 0.9953779701942725433
-1.954575788649032253 -3.8128638784376618354 0.26784188661635205397 0.99987863787533892701 -0.0049110010866416121955 0.014784843208819904714 -0.010920103970450324715 0.45592196943461965608 0.88995275667651208007 -0.011111293788614111031 -0.89000620214419390308 0.45581300913319772183
-4.7713472757581598671 -4.4918423951667927341 5.4184477899450911309 0.99993148331049330757 -0.011134186938891335247 0.0036136637417832333935 0.0065860395111985168062 0.79031752282065936832 0.61266209055736675637 -0.0096774360233472297294 -0.61259631324687768839 0.79033670307550696332
2.7673616607432069969 1.5294712195407513811 -4.9652766505328553848 -0.98966336933396892306 -0.0044320995885284864696 0.14334145210594376185 0.1128373774288824738 0.5928263646792657493 0.79738612202384462346 -0.088510686663112139727 0.80531810971464190541 -0.58619843100441970662
3.0200884337338469443 -3.7839624731402694557 2.5224421979365261315 -0.93391375639376161821 -0.011430534337429774233 -0.35731560069936602053 -0.24755603206519899429 -0.70040262206261338918 0.66944169125911456852 -0.25791685987258688995 0.71365643687465429856 0.65128594603368061833
1.9352300694806179315 -3.7429855810172822927 -7.1477495790210419102 0.9949753751273692215 0.0088989322103013596826 -0.099723677708971864009 -0.025319439347989310118 0.98603021257186973525 -0.16463093842448545123 0.096865519569041769188 0.16632867732576600561 0.98130109661495279472
-4.7153591328752799683 -4.5984385479718703493 -6.4679953835876933255 -0.99921039085770879673 -0.0025711015386830904372 0.039648256440841737891 0.013599762527946744964 0.91549162510880754962 0.40210711360873907516 -0.037331504940302163986 0.40232881302792566913 -0.91473377818156609287
-1.0370011160391625626 5.5953578816615197056 -1.6550960925326252404 0.99887402788329970882 -0.010368374242976721722 0.046294419055775352934 -0.037691089110168170262 0.41917210033200325014 0.90712409961652706869 -0.028810731018871230114 -0.90784759024796946036 0.41830932891747230062
-7.2270992191123868409 -4.7202703005783703816 5.6132078091951287391 0.97426144831712579997 -0.0065531087897432779149 0.22532573552172996401 0.18159075541881078419 0.61507550488621298701 -0.76727239024701587855 -0.13356432109522628493 0.7884409807044400198 0.60043433619028374615
2.1917896202501268021 -0.52616384369528523823 2.5494480189028880801 -0.92213510453336877681 -0.00093765480338133758847 0.38686686313328921827 -0.35543940518622446634 -0.39275853313406922096 -0.84817661126158294671 0.15274055855612500565 -0.91964115580693694962 0.36184315154243196222
-5.1908379326778746332 7.0481053432654130475 3.5166867420892495844 -0.98242582430902436474 -0.00012610667993927888661 0.18665337882779969858 0.1596429103843081676 -0.51871625144666311247 0.839909275844155645 0.096714222815112174669 0.85494645129515556281 0.50962037294733586457
-1.2037810649770153137 -2.9386172153226026715 -6.5459141780586449499 0.87618411280209551606 -0.0037797077401446263489 0.48196173528870533964 0.43594592934593495714 0.43268361985416470272 -0.78913625680018761877 -0.2055542438380877357 0.90153790764414332148 0.38075826178936333921
-1.372603708978994419 -0.020341054324086747795 -2.3203557617691812354 -0.97258177076166218988 -0.0008398397971171346621 0.2325596565426457929 0.079563734394211785284 -0.94085189949462932901 0.32934376476045779114 0.21852759860344503351 0.33881705666399858368 0.91512222722542979625
-6.7645971776812414689 1.1116666634593894702 -5.1676861416285477802 0.8685281888095733871 0.003226278122846755296 -0.49562927311915094819 0.24406135420173855066 -0.87312497032681424258 0.42200336678393690626 -0.43138479415534181083 -0.48748577140393051232 -0.75912105889008663073
-7.3175421114391614452 6.7131259145229824625 -2.5264542457856395963 -0.99833366542961843315 -0.0084563135550310732091 -0.057082249701742873715 0.05123213772782485298 -0.58510123468430641491 -0.8093403568552870464 -0.026554858948715329148 -0.81091617071792954086 0.58455949529052331215
3.935874919768324709 5.0371242009529080264 6.7512302764908502795 -0.20218060402609622228 -0.0024165094324261910536 0.97934527304604357401 0.76670639979269517017 0.62178768278900653499 0.15981668889296979374 -0.60933102651392667681 0.78318212314505852856 -0.12386065603532062096
2.0433533653192585966 -4.1143682718085141659 -5.212705410112201676 -0.97907205865819291191 -0.0063586123406948295844 -0.2034145324305044189 -0.18133706248817685336 0.48097886675099760234 0.8577739792667121721 0.092383839079017260332 0.87670912952240043214 -0.47206602132443464814
5.4423262641289369412 1.2508151337842656758 4.7016885016946616815 0.8975915672786521915 0.015100945926841859504 -0.44056933595332720133 -0.44082522390719275363 0.034332446314831649437 -0.89693612096813501999 0.0015812392119995619111 0.99929637473685950511 0.03747339216571030085
-6.4466049046890034901 2.89126827695483124 -0.88353113297065011267 -0.9520461249411913407 0.009757947734582085586 0.30579888561016632664 0.12198869344973620188 0.9287149044491423977 0.35015337342996488701 -0.28058320451309864962 0.37066616882310637893 -0.88536978525079879088
2.7220791665213845967 -7.1055665125054767728 5.9773318971989004567 -0.92747567647112305611 0.0022790906822067391255 -0.37387655088303300976 -0.062435935210742025958 0.98499564149017238002 0.16088921728882243922 0.36863345419112003576 0.17256416774954855264 -0.91341720175401563964
-4.1309861877552913612 5.8171879687094261158 -4.4838947714373009745 0.35889397053632582368 0.0019632259828676647262 -0.9333762712092240621 0.66336922321317048912 0.70293848527174440655 0.25655167046298865685 0.65660977117789831592 -0.71124793965789590011 0.25097804032674253527
1.7689947004617814219 3.8056459466299528138 7.218307527139065094 0.81444511545947240183 -0.0031593722743599866876 -0.58023199866177377348 0.57945296774904009318 0.056514318951884190412 0.81304390405442739098 0.030222707870179534029 -0.99839678991887770287 0.047858518664519414387
1.830201799411224739 -5.8053890620684738266 -3.5416870017112804803 -0.82523813521348621247 0.005041170238637829315 0.56476243394202818582 -0.54684412708267204906 0.24290288623464958984 -0.80122386917392174333 -0.14122153116520466676 -0.97003751188362363767 -0.19769599053563166602
5.3192626890109968585 -7.2467930358500742827 -2.9008609971024785779 0.99675638498564322898 0.0015073850058159097946 0.080463884947495123434 -0.048345652051619600331 -0.78809534856747098797 0.61365170862149509556 0.064338222839133180075 -0.61555133771008974097 -0.78546619515107396481
-6.5069768931422107272 -0.38521150626257255611 -0.97750216381848231695 0.98166802479428416639 0.0025964575070546455984 -0.19058107855884498516 -0.12912305621042638459 -0.72643166895418476159 -0.6749994568110713189 -0.14019673837552870665 0.68723379482444224564 -0.71277947908171468416
6.7049764598936443249 -1.9931902004492580982 0.27634134209949745564 0.84984502391247684905 0.0078899784863063621154 0.52697360803997628231 -0.15531501876854936217 0.95923294995499575055 0.2361130929566365444 -0.50362752136483524001 -0.28250645295308968175 0.8164247814488837518
-6.9448104804935129053 -6.3742090049826609643 7.2823034165577178456 0.95503708250144569991 -0.0044416350372393463564 0.29645310409116765182 -0.26018510819206869256 -0.49196535305745103805 0.8308271786997892816 0.14215442491239663192 -0.87060344777013076722 -0.47100080276846406635
-3.8760600296676011034 4.469724941484912506 -2.7946432285029207954 -0.93545094765187730701 0.0071328617988445849885 0.35338455939651647331 0.17816423426179422984 0.87300675733910060305 0.4540007789312830444 -0.30526878347976404982 0.48765594831078340476 -0.81792581931979724263
-3.7956973426125699689 -5.8779437189052980983 -3.3290456381614679238 0.48381554995989184409 0.0041625959538293833689 -0.87516009187576937478 -0.75663723846646213644 -0.50053387700731921672 -0.42067318352114685398 -0.4397983662803071625 0.86570694277156490237 -0.23901649787052570151
-3.966580191824082835 -5.4659578627024192343 6.0295507309914437855 0.94441210658997110095 -0.00057060088578546027185 -0.32876351278837134817 0.32876397390331646431 0.0011839827708476670376 0.94441137628060134457 -0.00014963163305238558198 -0.99999913629929049197 0.0013057606774983443118
3.7106484170463418515 0.36570189124589597141 1.6793595187332168717 0.98276989573768336328 0.0019215272325058020686 -0.18482326629771647641 0.15677968932717514794 -0.5382779331780923604 0.82805615490020478831 -0.097895153334267223655 -0.84276519528673310422 -0.52930460470984752597
3.4502988293258627372 0.30978909789373026973 -7.4476966445019954222 -0.93654703894091706484 0.0070448465721944728002 0.35047113146125180583 -0.27733018848372437137 0.59661173698226632744 -0.75308857503657145038 -0.21440058396962730081 -0.80249909995694002074 -0.55680120704039404167
6.0101801516585728891 6.6479830336575673755 6.1342055037282117169 -0.94943006971985899334 -0.010807324819635241719 0.31379251814205727511 -0.1190206805747797969 0.93720665459513385898 -0.32783801515083033085 -0.29054538424694670296 -0.34860706865002633048 -0.89109847456944557553
-3.5145216071705944749 6.4691853751956811536 0.46526005391927172106 0.98312787195247730576 0.011786459131536898559 0.1825394937305473142 0.095300117594803862575 0.81878226762613437462 -0.56613910464427807945 -0.15613287602766900974 0.57398316839618779284 0.80384441742243639695
-4.9547778947738869704 -4.5083342725153645603 -3.2412775010746845972 0.90586671918949757121 -0.0054813595388948669826 0.42352738018052726865 0.3077811928295938193 -0.67843377246910629985 -0.66708196926154550432 0.2909917943952668451 0.73464111719338343054 -0.61288351627669179766
