1125 14.717824617146108679 14.977075390850430381 15.033177056927090831
-5.0438080996823133617 3.0557228824371467368 7.1170446679306813564 0.99428755034682891889 0.0078202554114811025782 -0.10644769058349110025 -0.047727710027795675063 0.92462428817258313085 -0.37787827592611999972 0.095469015501185819361 0.38080016980923558911 0.9197156613608615805
6.0338513397070245858 -4.5659048793420948797 -4.1954498810301856793 -0.99770632477311538278 0.011850339921743564819 0.066645772194807328948 0.00026911804612903683642 0.98524352361877742812 -0.17115819215763550254 -0.067690598188950068526 -0.17074767527240536369 -0.98298688409669643384
1.0642858641195800384 4.3397606191561903799 -3.9146898586727512104 0.95532575135444042225 -0.0020023923347611944333 0.29554813351454117809 0.0087290308176331404821 -0.99934966730172714033 -0.034986375704582843571 0.29542598534998543158 0.036003234422685943816 -0.95468699283650104714
1.1535268410373669123 4.899213455758460789 -6.6500600851831599414 -0.99018757804226431585 -0.00018713320794154020624 0.13974449997022395098 -0.055560114579093274056 0.91809249024394934402 -0.39245286726628225704 -0.12822493501155007856 -0.39636617456421791017 -0.90909417647601897805
3.6279732287162724802 -1.935675721043367048 5.6664711954336022259 0.98030800763702941047 0.0097738560141434147749 -0.1972325579142145402 0.19659589090465739991 0.045811759728811699 0.97941377279979002779 0.018608219747464013055 -0.99890227470413717192 0.042988134975478431432
-3.2194943426735207481 -3.796182150864535032 0.84269095775010283145 -0.99994209471818340518 -0.0075598632463978075388 0.0076586995153677525291 -0.0078024719939397291918 0.99945230451128341809 -0.032159173463240563196 -0.0074113859267347231841 -0.032217068065688587997 -0.99945341656520647611
0.9989656717904482619 0.75566467331589337597 -3.8840908461286507425 0.91311300256931771102 -0.011201128940322793021 0.40755267052157434504 -0.15006182558130531923 0.9202163749197300735 0.36150141332048124632 -0.37908586499895996491 -0.39124973870921514463 0.83858067525915502838
-7.3030156239662167295 -6.1511773423726090471 6.9135506246987334933 -0.97830158308587156224 8.0863974794278961969e-05 0.20718592131901666931 0.11937064825344648189 0.8175623050806630765 0.5633316302559472355 -0.16934184617902320324 0.5758401434184750034 -0.79983215011668784555
6.5196639001776235389 2.4395811830022759992 3.6485942501373171964 0.57819550791170704063 -0.0046449520925115703879 -0.81588502808356178075 0.71436945244216865092 -0.48021596875367922319 0.50898812242678403983 -0.39416524459704127548 -0.87713798673526377492 -0.27434050407785909309
2.1793959186728950606 -6.4729898891443440334 -3.3710310920118091715 -0.83873859986536603017 -0.0052768459971228379168 0.54450869230174003821 -0.097830221858148436187 -0.9822226063944720087 -0.16021235651148710288 0.535674162889166805 -0.18764569375312556421 0.82331177862884463714
2.9882697065490053667 -4.6061661491874348329 -3.5035134836096939459 -0.99302392504114755933 -0.0010167811061388876311 -0.11790865299901859276 -0.10472412098866008823 0.46714739789341386267 0.87795567492024328971 0.054188031695311701663 0.88417887036370090836 -0.4639950241364196315
3.2156099214265796427 -5.2437208430073987131 2.9919136587265224847 0.78660154000751381087 0.0061414082294363866663 -0.61743040122976622364 0.023938962927830740451 0.99889540738251014762 0.040433787404605556204 0.61699671256147514686 -0.046585922926371745034 0.78558564680961995297
-2.1270067720045879867 6.6244884545891675742 0.85842360377969950669 -0.98045720387359669434 -0.0043754078846883646611 -0.19668382541098403116 0.16820778535773220352 0.49984298599069476587 -0.84962528817184612695 0.10202848777443065953 -0.86610498506923405682 -0.48933867874989517288
5.2488989242114358902 -6.5325748167324144688 -6.9914973553686632357 0.90603372123888337164 -0.0075647524607137146824 -0.42313788591697176766 0.22548162391923123882 -0.83748061925326433563 0.49777931822247623028 -0.35813535604973423254 -0.54641466570310681661 -0.75707996925813003664
4.9784208477808906679 -2.7448313207239647404 -7.4384794391152100346 0.85919539934707278572 -0.00033402476184117742275 -0.51164749014172716812 0.50038943153079973314 -0.20807386581055020702 0.84042589392457134334 -0.10674119426517600373 -0.97811305828824912645 -0.1786089657680527687
2.8880026235343523311 1.5339968922316120636 -6.3352708513734752316 0.78289234149268205343 -0.0061148929721584893704 -0.62212714915532185689 0.48696420394831674283 -0.61634287887392924521 0.61885969309231070312 -0.38722789892410269807 -0.78745416612344576457 -0.47955238561546514875
5.9587070949870266645 -2.5938613992237953276 5.188779053722687884 -0.58884210590738828017 -0.0034163933529617971502 0.80824086915165616052 0.19158078479232798497 -0.97208309599578179849 0.13546681282743128216 0.78521447847639969098 0.23461198335917524127 0.57305797268289815349
6.6733868810103915692 -2.0577034755881276062 1.9204582265706424682 0.60741106497559038679 -0.0019961268906685579808 -0.79438517963439458924 -0.79250962804887703506 -0.070244594638819921051 -0.60580045095227486041 -0.054592010359905664141 0.99752780031520782433 -0.044249293817974794107
2.6278625671486590676 -5.6435816388551831579 5.0832132928359126112 -0.35722977737203664983 -0.0064143408322289091963 -0.93399450875810008377 0.053412659073538051868 0.99819970691159676246 -0.027284299007605209569 0.93248805569264470172 -0.059633894333092150875 -0.35624405207283299513
6.5550077636920800472 4.0907511527649127459 5.0756444157636178005 0.95659699335353265415 -0.00016392917426207888332 -0.2914140789907113116 0.22658533117379847655 -0.62841840562110951041 0.74414339691572539692 -0.18325195770761240621 -0.77787549171049297225 -0.60110601343918634853
3.761632907135097792 4.4226054946787209943 3.7606867233524248206 0.95618953756157909485 -0.00059885915501926931942 -0.29274768935981498874 0.13453764401609369372 -0.88724199248501334214 0.44124966755080241576 -0.26000228960607235651 -0.46130389998221155157 -0.84829094139968697075
3.8189467851240106455 -4.3774949430126879335 3.338266003500228063 -0.72462506627992395725 0.00083866327809823488712 0.68914280810464734195 -0.68823320185919467651 -0.052257233042683620683 -0.72360503139037646303 0.035405835355111325846 -0.9986333051918983017 0.038444096870293147095
5.8140392836821526146 -3.7137355011544772587 5.2914618217568740732 -0.70829082657622710606 -0.0015054784692878700469 0.7059191444652699321 0.69819117641919026251 0.14608403069605871427 0.70084844092423825845 -0.10417862620702554588 0.98927103945793493089 -0.10241886706778688398
-6.9556048770308107621 3.7004421187839433571 -3.0088162075944020479 -0.9585353096699877895 -0.013862783015964134578 -0.28463640554756219903 -0.13138698211700719498 -0.86482577421803896733 0.48457593953716937563 -0.2528784709028649158 0.50188066658839847189 0.82714465207643972366
2.5925923510912336489 -1.4106032312236027604 1.0067005181788653001 0.93302423131002432122 0.00065504722972908879797 0.35981294404370411932 -0.043916157831106319986 -0.99231467858441957386 0.11568469971063594093 0.35712344486136871069 -0.12373823006208196917 -0.92582487304646654547
-4.1301764002258778419 6.5649641501928588383 6.4521152230397715854 0.96847311746128361687 -0.0060892392648383792883 0.24904365464695243926 0.24869661227305706053 0.081760338953566075171 -0.96512446970224674558 -0.014485019801801373579 0.99663341712955821894 0.080697063527518736459
-3.1983278774893983964 2.6415388372453425525 2.1804379079942357578 0.91027573655056104318 -0.0083579741463554579201 -0.41391814132230336787 0.40812894180977316028 0.1859309727468854978 0.89378993070558199197 0.06948992952054361405 -0.98252726050814354064 0.17265958430871969354
-5.8147657870999864826 -0.27094167130538882038 -4.4937184207127174318 -0.96576794820151734555 0.0083758993042904045234 0.25927227876761416159 -0.12367005584402959717 0.86371946002822586053 -0.48856362088880739281 -0.22803067230977730473 -0.50390330290574270045 -0.8331167227986284729
-6.3249001374390365626 6.9689130805879999642 3.2124641007858070196 0.90889844049429369122 -0.0012669266684817766938 -0.41701561093558270343 -0.2670324872015690798 -0.76985724670513300261 -0.5796666891192185922 -0.32030809488063327617 0.63821486553700224054 -0.70006036151291206604
5.2430807208126557484 -4.620970474528940386 1.8235105522594745597 -0.9999951744479659288 0.0028970254236189841961 -0.0011217505859035230981 0.002775370755408809384 0.99533689170714145789 0.096419755879194546377 0.0013958502255448802104 0.096416177326892379962 -0.99534012897694179589
5.6215416171785310695 3.6392611027730916717 3.7396536545379199801 -0.9641088130051093108 9.0740666401887409842e-05 0.26550741694339180521 0.065152738571764359787 0.96950536423390143437 0.23625086111637183528 -0.25738942740997305947 0.24507007260726987319 -0.93471457791652168279
0.11339892721715091883 -2.7465474188898597596 -1.8567100261339557488 -0.36969402041960452987 0.001268786417882961353 -0.92915269006080136727 0.094021971695929545954 0.99491717413910507606 -0.036051150349006404194 0.92438422752901361346 -0.10068866263939831029 -0.36793422389266344785
-0.8908041044490774274 -6.8666934156171688386 3.6321191399262091615 0.4316053971054986671 0.016056905782220114859 -0.90191959562159962349 -0.88034371074819994796 -0.21058231279352021548 -0.42502945837272654295 -0.19675297236757829933 0.97744425176855109783 -0.076752866717150175502
1.6957164572970522265 4.0489781958620136848 7.3432520365564277753 -0.67625222943122109687 -0.002767255388357594062 0.73666496081122934125 0.29059039677742559693 -0.91990665624846190696 0.26330394051473837713 0.67693437162703662402 0.39212764004525196837 0.62289306499791152749
-3.179039408879271722 -4.7967160919176627942 -4.4177576300983778523 -0.12937470685492852285 -0.00085343763455459319134 -0.99159540986759597825 0.59199801093749726544 0.80216295484433064455 -0.077929127554900556873 0.79548761163970549415 -0.59710456832924652115 -0.10327436375076830266
2.0245094480540628545 3.1726674116901665279 -1.5923588908710182288 -0.8340229883269676403 -0.0013973052934713597883 -0.55172792432490325165 -0.091412135241683178943 -0.98582596736787408975 0.14068043074155411887 -0.54410428823205847504 0.16776534088119374188 0.82207378861405810966
5.1368730053315054818 -5.6723947154811797944 4.1725022323015732439 0.69629310988393444681 -0.0055896810522775113028 -0.71773578745517074839 0.7163770046833772831 -0.056579078468513427369 0.69541555565028445596 -0.044495980592970739431 -0.99838247347661868147 -0.035391303531863746445
0.13709056217758483487 6.9041349186766085566 -5.8672111100953925344 0.97049833882512270833 -0.0069205391952964091101 0.24100846556690022626 0.15361463030386668382 0.78819477994226505579 -0.59594591552287534686 -0.18583734741508106669 0.61538694738271215723 0.76600482067462671854
0.70707977818701772676 5.9013699739986691384 -5.1618580822356037174 -0.95974703291759377866 0.0033985683188681933831 -0.2808453000127361654 -0.18562045814520677922 0.74275587621671224081 0.64331854773791063984 0.21078585892758208709 0.6695537006684652015 -0.7122269045726808967
-6.3833045380065973617 -6.3568982971317291586 -6.2817042263994347095 -0.18956377415584746426 0.012216647303987707152 0.98179240629400466034 0.034591912657132170561 -0.99921875138574245412 0.01911246864761326561 0.9812588726256694649 0.037585108856223216345 0.18899308052354582554
7.1274245204762500805 -4.3750454842265131816 -5.9725671498311072583 -0.48068957150207280993 0.0045391153020013855213 -0.87687908646605672303 -0.21512423919875167666 -0.97003804502641122198 0.11290594718760917081 -0.85009358164748816122 0.2429106577189704963 0.46726364593037411632
-6.8998318984784532404 -5.2383609862624345155 2.981802032236119171 0.53171027333786302638 0.00071687203641956302042 -0.84692601289689672939 0.67104288598393035947 -0.61045257122132035033 0.42077203264913676239 -0.51670652250326098986 -0.79205248840205411121 -0.32506495538407526036
2.5955315122265631977 6.8274341243453049444 -7.4129605960341846682 0.59048818949038239801 -0.01239144857301007624 -0.80695114478802854041 -0.69675117105304384957 0.49674467820696704967 -0.51747708191677599388 0.40726097739477779003 0.86780826031754176864 0.28468810936918559351
-2.6434382477198057337 -3.8422665933116073589 6.023642297919159283 -0.94807157440186828889 -0.012011797133448735841 -0.31783015360539995653 -0.19606325559457193908 -0.76476807486823883409 0.61374994213280165134 -0.25043859450344807538 0.64419368856880743213 0.72269980074105999446
0.62426852175217373286 -3.5473072331445179017 -3.7940629284023028589 -0.19932689202121042782 0.0023504189536248656575 0.97993023509223708967 0.018462039557195102091 0.9998286408649672552 0.001357203533321682358 -0.9797591250978855415 0.018362037925624404705 -0.19933612906511916085
5.2415691312265355606 4.3361700575993911144 0.19320761598051594543 -0.8826776216858497337 -0.0029197431399290334555 0.46996988337033485106 0.38931530545092080109 -0.56471665044628116537 0.72768722515274064655 0.26327515856379568593 0.82527969792597866139 0.49959945063468869098
3.4175636222817424859 5.8113425988654228149 1.9163722501441102786 -0.988842183012688003 0.01130789452344595214 0.14853709508469228884 -0.10059025331447622731 -0.78614430349451425162 -0.60980220975431731478 0.10987601209040928629 -0.61793953232054688041 0.778510113205009735
3.7642230010239106086 -0.49504674665476033901 -1.0202075368799423671 -0.62456896961991725803 -0.0039410827396326999703 0.78095971090369753487 0.78046272608259392722 -0.039174070891347799461 0.62397381785254191211 0.028134238634741792762 0.99922462941853529284 0.027542777271059165622
-5.8154410746586675529 3.0910499301399609884 3.2995750602148818942 -0.9995125022609120391 -0.01195154254506410052 0.028842996634765912661 0.028148041026204093096 -0.74463405454626285795 0.66687915891586735384 0.013507242889242949274 0.66736593068619387559 0.74460745963817087656
-7.3510221457211537555 3.7047973555825532976 2.6780804185209365897 -0.99999349417475791313 -0.0035001667674600012332 -0.00087203255870148071137 0.001459270180660412336 -0.1714612946910378799 -0.98518977611093705438 0.0032988086824485354787 -0.98518463916941045877 0.17146528688284298769
3.8538033097119934745 0.66789511017959835026 4.6079468375752536957 -0.97480122936926838495 0.0074451033506932086381 0.22295096693215205041 -0.22298354673817066818 -0.061173740776219835691 -0.97290087435642735869 0.0063953970973891025725 -0.99809936573247304281 0.06129237326475545089
7.3262018925747280917 3.3217123868115607799 4.2711009638866999083 -0.98035870625721033278 -0.0038667011610121642708 0.19718482621137667365 -0.00049316041672695662759 -0.9997566011588056023 -0.022056636923673090395 0.19722211807673278861 -0.021720659789999978428 0.98011818118003679601
-7.1982061077074677158 -2.5420542092554527791 3.0977629248241536075 -0.90221806698052220419 -0.0090614096180352578236 0.43118493766564747194 -0.38476723574599991373 -0.43472487911904184044 -0.81422874781689613677 0.1948248801113745543 -0.90051772349617553726 0.38873010657639905929
2.6349459270359059104 -0.37688802985783542709 -1.4695649930384229176 -0.23654366970196594178 -0.0091181124762719743815 0.97157807321316047577 0.96791179604456600849 0.085078678141398300649 0.236449515972541352 -0.084816551461699571379 0.99633251404868927725 -0.011299294117408389959
-2.8323564644292251735 -2.784250178047900981 1.3371453865587903387 -0.99861630506129828166 -0.0047365580893762044418 0.052374042072912158075 0.052587231034449177791 -0.08536735484331031687 0.99496080217227089726 -0.00024165620189357177143 0.99633828579679473147 0.085498314940964964537
1.4971155758209753195 -2.2099003266092371867 -0.67915295483688442602 -0.95607460986085568422 0.0098275963716421624317 0.29295862972246555778 0.13972799770115912343 -0.86329918482444867323 0.48496453905397785 0.25767698197108723779 0.50459680521280536603 0.82400524096105620675
-4.8899535721658411447 2.3928903817284346012 -6.901604973093660611 0.99439602160223250493 -0.0014260136118107160849 0.10570959609569625937 -0.042030675997381153342 0.91215619713676687752 0.40768185426877406874 -0.097005023048969615806 -0.40984025974765919687 0.90698455719668891195
-5.8199869421579517592 4.6650982527866027283 3.9711523768471059803 -0.98937891180758275045 -0.0048931602881840717892 -0.14527706581903929162 -0.062114159160389065262 0.91782246417766022439 0.39210171573550839375 0.13141993799413670407 0.39696093162085349659 -0.90837812537743356511
-1.2420176151923483232 6.7758235501859429561 6.7892302757090110532 0.98706127875262938964 -0.0030256272348365819552 0.16031493245183123242 -0.0025012974767450544406 -0.99999084319102982121 -0.0034723255985379935379 0.16032397044159305 0.0030264028095583830891 -0.98705980841496077094
-4.0797708964369894247 -0.55142526368698185912 0.45060759950534029494 0.93404271121974646874 -0.0011331313552265533627 0.35715952966490671638 -0.35712737492828611208 0.010825034357805496041 0.93399296394986586201 -0.0049246008928251596218 -0.9999407655678229645 0.0097063722142928365172
-3.5825317113686181436 3.8438875797047242777 6.630370268762146857 0.99918928790183758615 -0.00095560108072673751074 0.040247406981768631129 -0.04004695949240322933 -0.1260027764133931083 0.99122123734889933111 0.0041240729374637683999 -0.99202942857691600587 -0.12593889335593727585
-3.103318324968264541 0.15497477661135655724 3.923812149447706954 -0.93361118193747816285 0.0033048939798224971631 0.35827257589297373253 0.023087880820303136042 0.99843409891470891182 0.050953899591171865346 -0.35754315924156182538 0.055842884955051685925 -0.93222554217284336886
-0.74629076741901478886 -2.8564226431192105693 -0.49131243696679127719 0.87840274241662263943 -0.0012355210501158154189 0.47791954929961943943 0.39273221574755751151 -0.56797864648049944947 -0.72329915239571762609 0.27234175006602540092 0.8230423625974768731 -0.49842877178286815187
4.2837922692794858648 0.84430882996665446161 -6.2250910583765008965 0.93659440745903277392 0.0056038779388117368474 -0.35037053595960154784 -0.27045323495320366947 -0.62421457970252380854 -0.73294693272443423027 -0.22281374199082853993 0.78123284303637785531 -0.58312029748687033148
-3.488936249171934012 3.7156591225089394825 5.4185489898711400869 -0.90251351695390169549 0.0081967823453363095748 -0.430583516259830823 0.43010870001358175729 -0.033488027285023307111 -0.90215578377637017926 -0.021814167142130413968 -0.9994055056820839722 0.026697889882091457858
-6.500847180830755967 -0.29698178481267983875 -7.2121951247503739424 0.82380078645357412981 0.0088230107387539877251 -0.56681074329980185578 0.34093895769642268423 0.79111641266228793778 0.50783407599476848571 0.45289390740372836852 -0.61160197522420500782 0.64871421484239788491
2.6616414179535636819 -2.1088207629085617967 3.7249453949361970295 0.73762177100058179402 0.0030225984007165272727 -0.67520736581064944026 -0.21237680760740029751 0.95027576024064808191 -0.22775440959390283457 0.64094478275156208102 0.31139499578170226624 0.70158601900662898032
-0.27940617896056607616 2.5098370758134218583 2.5630077315294341744 -0.72519095682433742933 0.015585504025654237439 0.68837138828149979641 -0.49309863721761265642 -0.70953027428562776002 -0.5034089032251997109 0.48057445844991952821 -0.70450257766488089128 0.52223012930038259505
-1.6719930371889837328 4.3574930926094523898 0.073838162037897808743 0.96678994473166235402 0.011219684906317152137 0.25532591219133093929 0.1655427537668875404 -0.78862376244401377612 -0.59217240562513884239 0.19471209372047770803 0.61477368191799541819 -0.76429086124310263717
-2.250556586056580155 -3.7229199479462624645 4.7582365968372766218 0.79859530253373856024 -0.0090996647029575501719 0.60179958364321384234 0.59606707072662123981 -0.12653558593537950205 -0.7929015025129337868 0.083364200747303107697 0.9919203302655721366 -0.095626714047266858643
-2.5689840402207626546 3.3771684808724105054 -4.1995218461578938118 -0.9810719829630261124 -0.0099551435384009206997 -0.19338732989024207121 0.033462843712062782797 -0.9923691012461655081 -0.11867520795295974367 -0.19073018202595193316 -0.12290021159094968728 0.97391864940307293352
4.9941646259234513394 5.1796131849609281517 -1.2578755351300441312 0.97766704174623331181 -0.00096529453314253858484 0.21015761630166926444 0.19082804989490081971 -0.41485812309355624139 -0.889650152069155431 0.088044368680970222507 0.90988560045198330073 -0.40540890867592405122
6.3876228511921677722 6.5508854939901031145 6.9880024014069928029 -0.97525257032746648367 0.025341776647319437521 -0.21963655985737062792 -0.18840708555100191268 0.42457608148611652998 0.88557208692689348695 0.11569439996734504073 0.90503753810897169529 -0.40929434448808588165
2.0690115352863451825 6.8902076026427572231 -0.66907083487468221872 0.99977991340153482547 0.0057091083045433584781 -0.020187393122546568036 0.01959069793648565011 -0.59831433662259492223 0.80102194673189330842 -0.0075052856760331361496 -0.80124113765717497326 -0.59829450107166082251
0.96599005610597443727 -4.857850203105268605 -6.997721013754179431 0.48585830097719584497 -0.0084149183540229328948 0.87399708267290876496 0.8391274358513748366 -0.27529469532033951085 -0.46912469251798238901 0.24455440657076665811 0.96132305697803244193 -0.12669302407506474739
-0.53686976483192128118 -2.8151038834265462718 2.0865611858725037209 0.2771420432714096771 0.0023883205546692239454 0.96082599037302729439 0.51222889403339855185 -0.84640968079750134034 -0.14564412919593655582 0.81290457494622847534 0.53252694596321736853 -0.23579907517731110711
-2.0394683946891425386 -2.3544651007035044543 -0.30752521043424624336 -0.80727123351193075251 0.0086547818318751558453 -0.59011714963693195912 0.079181296365906927992 -0.98926422816218739786 -0.12282755873435953486 -0.58484483228462380566 -0.14588139576470807168 0.79791925689237541697
-1.9829499996875064038 -5.9270534293248910984 3.6458345782256991185 0.99226054498429017148 -0.0030444801217182843392 -0.12413598192465223613 -0.11135084515556885332 0.42061404822215520127 -0.90038037057744668701 0.054954528027585852756 0.90723456370396837745 0.41701971928228942499
5.676380904602353894 -5.357574922134313411 0.97601366864718186456 -0.99391947758334886487 -0.0072000870062725553719 0.10987370398618734324 -0.041757175732329454565 0.94796800738329711766 -0.31561526460642852498 -0.10188429886597337448 -0.31828417448064849626 -0.94250452196247780368
-6.5757902512784109916 -1.485493650678436417 1.131467438687682403 -0.53233031944494380028 0.0011746951423572682405 0.84653591246377046797 0.18494172309060666337 -0.97568165144360052832 0.11765149423847419408 0.8260877617178014054 0.21918926782032027711 0.51916767504576455394
-5.7684011365162337626 -3.2632239831221814264 -2.6160840527689108725 -0.97927635881664953921 0.0073687733514677519406 -0.20239445210277867693 0.085561948861436684655 0.92082994486404756707 -0.38046204219169260652 0.18356733361284213735 -0.38989474710620541931 -0.90237748210450940967
-1.715598901084743888 -0.30443135433590706729 -2.2119516855212419948 0.91380528505219882351 -0.00032510852854923145971 0.40615242867068268584 -0.092679193169572210431 -0.97378365814850953441 0.20774011234313516372 0.39543705967461106887 -0.22747589196948900248 -0.8898787841096627016
4.2118963231493129484 3.7986729959609979446 4.7789817610311073892 0.99082916042602575679 -0.005234693099012073178 0.13501915729935121124 0.082603796426193643043 0.81424512152042005653 -0.57461421396985401522 -0.1069307610823209409 0.58049761417974099498 0.80721021566009476533
6.2995712447837721726 0.63327455554912936986 3.3223647284334694163 -0.9263417577373447287 0.00015514019479600724138 0.37668411673918228422 -0.23591445320949597231 0.77934916211199956049 -0.58048191555130468355 -0.29365850683901645324 -0.62658986541980843388 -0.72190707290775779637
-4.7195448381469384813 6.0774223235170223845 0.65085304917829922555 0.99674620340091024673 -0.0077210354387959399119 0.080233357261755483547 0.02464183038718038149 -0.91855587147089889921 -0.39452235827816378722 0.076744942510244246181 0.3952157595517118982 -0.91537681705467088822
6.8223111645638798706 4.2076616926835423982 -4.3358581938449525239 0.76034818415732419172 0.010504719620027792165 -0.64943074281580415175 0.028507400180031707004 0.99836596263641652627 0.049525072278119336433 0.64888979571544069813 -0.056169880851592357551 0.75880628456916754399
-1.2953103675669543904 -3.3221353518794618509 -7.0671875295674508877 0.99019955414286586759 -0.0023735769080624226357 -0.13963956856155140818 0.10820941536806991112 0.64514503861537753071 0.75635877834250664353 0.088292499121365913828 -0.76405644116297333213 0.63907917296386695938
-0.66684019536207761458 3.5228252620922657634 5.8692076930660901368 -0.98779423217630868415 0.0054058753639709047206 -0.15567058614481804613 -0.14515080824978046636 0.33065068298777805511 0.93252419202087899475 0.056513695185804242727 0.94373772964280711051 -0.32583017034215722152
-5.9592660344785821636 6.4832283536775738852 5.6133879511563753439 0.97503223543710204613 -0.022136083102528909816 -0.22095731190302964064 -0.16559440125949342892 -0.73543335835236178788 -0.65705119259766009421 -0.14795483814335655404 0.67723538688362805438 -0.72073684283697225794
3.2127431789930578354 6.5151320164704431548 -6.1197029947623304835 0.92786226293014895106 -0.0034219617502536663241 -0.37290737617801700265 -0.14684273581088810867 0.9158214290800926749 -0.37377576296097997366 0.34279561252986612274 0.40157116457146502242 0.84925365340102876299
0.063041511893637228181 1.0449752206560805057 -5.2971928653016240318 0.88685635905761805997 -0.0084554812059451627676 -0.4619678595278726152 -0.24944274645409439395 -0.85037149181987670143 -0.463299732507663653 -0.38892687569851880358 0.52611484557821830421 -0.75626652353626422354
-7.1933956907570442141 -7.2403816202248849621 6.7695587044269975863 0.87029245136039901087 0.0049378076751816456225 -0.4925105756838014659 0.042382198705598582433 0.99549006140204743254 0.084872179674954514872 0.49070846572884652126 -0.094737298384851037492 0.86615821069643006425
-5.3437355967029782633 -0.91614235118580322759 -0.9605997149073447483 0.91128335284807893135 -0.002476766929798411912 -0.4117724085551723312 -0.39513816921593047926 0.27615093722437394907 -0.87613154668633075328 0.11588131018664982186 0.96111108905043141082 0.25067308681574346219
0.060704752958662629159 5.5296073177923892317 -1.6157928531259955207 0.94775574639535986599 0.014819674683323080105 -0.31865251045087616966 0.037172152852629085362 -0.99724575706303497658 0.064180457088072045968 -0.31682373052956980253 -0.072672396836848202062 -0.94569627603740247235
-4.1662925836205939589 3.1286396658770163626 1.6935291588493721626 -0.91973798564426534341 -0.006319440676489642035 0.39248197720743943639 0.38961777953623383253 0.10693204027949462787 0.91474779290843832857 -0.047749593007011786883 0.99424624888971768755 -0.095887292883220273665
-3.6195179266855199707 -6.8048736506367477617 -3.0371380910032903522 -0.90895265334605623853 0.014910686951408382017 -0.41663262641066606262 0.28920171162881763705 -0.69725480382757953901 -0.65589489137400225349 -0.30027894359436801963 -0.71666827050876358296 0.62945940780937137404
-2.6600286789010851862 -5.7963006106492995784 -0.62287427388319205335 -0.99865473694742057376 -0.0012308408158500589238 0.051838223381251949395 -0.012060333621978950452 -0.96678782386256856274 -0.25529561685196250354 0.050430791441006143916 -0.25557736335950798079 0.96547239557266040233
4.7528550046708764043 -4.957783226787332076 6.717324496504739173 -0.78209296343127088225 0.0035899447199364917932 0.62315143331953459782 0.2880709641727977055 0.88880564134143313915 0.35642622170674298498 -0.55258095891185765591 0.45827027420119526013 -0.69616279678799075636
-4.7359760321207176048 -2.395958281902977216 -5.7420815824721911369 0.99724716356036202658 0.0023769915111167194341 -0.074111029422594495997 -0.070757182972963655887 -0.26833420272553321073 -0.96072377752670279349 -0.022170156257007390954 0.96332294977272814318 -0.26742733333102947091
-3.00551885978015898 -3.5551378257670127603 -2.0193840345158475813 0.99747910406582962484 -0.0034228391862241207624 -0.070878213322820002307 0.069334700720750278014 0.25961609931521445471 0.96321969469698620614 0.015104179153380452999 -0.96570583779334684404 0.25919895567658479685
1.0771511995130418349 4.0135506086414771687 -5.2373791487436207603 0.99825888221501735131 -0.0035447751233747453251 0.058878167838293665737 -0.030497713317263336341 0.82339347693368913905 0.56665074924991221117 -0.050488548811386861626 -0.56745979303595839305 0.82185174437156427452
-3.0468354942277562358 6.8025498283875762695 4.2326799352267565624 -0.87883789864542471992 -0.0046530001813747173464 -0.47709778609182595943 0.47092123968220195307 0.15221044619951501486 -0.86894485790755982002 0.076662467483268201263 -0.98833715383819886746 -0.13157711207620526039
-5.3692864005481260037 -5.6406251743993172099 5.7356538950037929681 0.85403404695738460717 -0.015472796645184904232 -0.51998696060725080326 -0.34271703704598044382 0.73525423530037836706 -0.58476169675454214847 0.39137051390722282784 0.67761478882686165814 0.62262935909514149913
-2.8792474025378353986 3.2678938002521409345 3.1414179439938734184 0.92521611915481116739 -0.0066868408610635662534 0.37938162714529122255 -0.01914986802863064691 0.9977476549451214094 0.064287631827112959315 -0.37895700997688386291 -0.066745061321054066639 0.9230041610841334121
-4.4105747891669784266 -6.5494570510904237537 -6.9698384193063560588 0.98380044894649310017 -0.0030654524513753951542 -0.1792408425943956829 0.027365051444295022259 -0.98556785674918623297 0.16705434356001838681 -0.17716611022476683179 -0.16925307307134077051 -0.96951821367311341593
-0.44814036904111265169 -1.3928909296454050626 -6.9670225969833516899 0.99211349625426581422 0.0067832642159771118495 -0.12515909026764193701 0.12534271414963121805 -0.054652145344200799004 0.99060705984712704719 -0.00012066337132709322594 -0.99848241363377610025 -0.055071363742951212616
-5.135031842673151381 6.8343169300618908935 -5.3465757643626021789 -0.99995571168240793281 -0.0030239630350193560764 0.0089123690092453022871 -0.0090239063681216841184 0.57700026538837767554 -0.81669410604933756481 -0.0026727864959414202213 -0.81673836042481096076 -0.57700199897668968951
-0.40718025494871129544 -0.34054236462816583897 1.8611513192774264969 -0.8712722410787512306 0.0081032366589124694978 0.49073314487726210631 0.24793066352861525825 0.8701769613587806429 0.42581972946614665698 -0.42357415880548787701 0.49267270421232894906 -0.76017007209976916737
-1.3104129792602989824 -3.5715976188298119709 2.1679106183764140781 0.36907836936184573728 -0.0095410844119816849013 0.92934930191899634 -0.3932520497522452585 -0.90762655471293451903 0.14685660538602382519 0.84210093375717354203 -0.41967011436146756109 -0.33873737980482615528
-3.4641141240561892367 0.68123561779543617689 -2.9707638421829782871 0.86938833662506931343 0.010470716995662737725 -0.4940185059549503932 0.32742484419331113754 -0.76098635261505875871 0.56008279971679042486 -0.37007687248106518885 -0.64868338595890195908 -0.66502103217528429902
-6.3857307697008200975 -5.4017209914352788402 -4.1280827486571798346 0.90083492172186496738 -0.0075873073744630245563 -0.43409546942243265599 0.26687661355531500096 0.79832224729868805913 0.53986893095008192667 0.34245191917047107522 -0.60218271499172393302 0.72118143405234780285
5.6396860089581641873 -7.4645074547945622356 3.0139889237690962176 -0.62929349443168958178 -0.0032505334493855629445 0.77716094336906538231 0.77319301352463343235 0.098388425003830201621 0.62649204437239569554 -0.078500074538567873872 0.99514277963392405724 -0.05940190602901276179
1.6230616782481175342 -4.1169511863885466241 -5.764063890102219645 0.79709747728280411216 -0.0033579430929709455644 -0.60384131684367692294 -0.47739420766536500018 -0.61584942839865985942 -0.62675693217427608239 -0.3697707157103564124 0.78785671651579747277 -0.49249508834495481224
4.8439479658948592089 5.2354314569562925286 6.8977335447785153022 0.95648078014072368536 0.0023822224981607520444 0.29178561005880643275 -0.28129831431094787231 -0.25827097165427653769 0.92421175255826271133 0.077561431054652837935 -0.96606957835188334016 -0.24636110528245755424
0.50437346477516653565 -2.8811773625700025647 -5.350141599796613967 0.96792419576650867707 -0.006907916575460261964 -0.25114743068293143846 0.23024582904343007805 0.42443508711509697617 0.87569498972743109455 0.10054655368603657162 -0.90543201705831299897 0.41241150932977738153
1.9281160893271074297 6.639408657476820963 -2.1539334634362683474 0.98844948672857779748 -0.0065647712325740802813 -0.15140844086299795612 -0.14254290665541916039 0.29902964075297522317 -0.94353738331518244298 0.051469718749057764839 0.95422124150004428156 0.29463993334600874219
-1.6476825644018793238 -7.3510687302139512411 -6.8105507832908962484 0.13860293030932951952 0.0034236347944612923778 -0.99034211585414277934 -0.69628333248506579789 0.71145393256058464537 -0.09498854008512291891 0.70425758683393901993 0.70272439872878100786 0.10099341967686287225
1.4182905666564646907 -5.6768891734716468989 -4.809091677766414108 0.89073292083322486157 -0.0015830297082443794965 -0.45452432031817757707 0.18625548492229379582 0.91345070153716001471 0.3618241426407203809 0.4146127808933745551 -0.40694632309227163347 0.81393545938336808732
-5.5386067001624557093 2.5327483026328296845 -1.1625041534607056803 -0.83365462749971119827 -0.0041202514289827400773 0.55227075386673485369 0.20778736680079956667 -0.92883987810350199243 0.30672608471184631407 0.51170731111284750714 0.37045850560194132362 0.77518779878211974133
0.21695470396952398762 0.31685711997072624202 0.71965808748768944625 0.74298111017329615535 -0.007409995014858706229 -0.66927136641248485827 0.21493258979928087093 -0.94433751823341449683 0.24905949790955361767 -0.63386359082062382342 -0.32889473031757865407 -0.70003228825636110155
0.2172573482330221184 4.9297517936860923982 0.89108092164467656016 -0.99598649425607543861 0.0010149524377345833445 0.089497894563298610593 0.078177359535224949516 -0.47700955209988404881 0.87541429486931110482 0.043579854472172011026 0.87889752364938056317 0.47501572522086737971
-7.2736448331342122842 4.7973658186895935529 -6.8762121751480407283 -0.94710358554317941593 0.0019980801380669634126 -0.32092180656167734742 0.19242489862724038163 0.80382815607518276479 -0.56287916455403874672 0.2568413063340239666 -0.59485822107166419492 -0.76169300914750759368
-0.31610447160291249569 0.37570338314019519066 7.376721065925806009 -0.98454419226294132006 -0.0083775903044865426134 -0.17493584384561472467 -0.0016181608596556019096 -0.99837749630273364687 0.056918858313191759979 -0.17512885266780159332 0.056322205718055094736 0.98293320938216643956
-1.3474135517889833658 -3.1864502047120155659 -2.5189544737319771173 0.69863835753304215359 -0.0036389194248144379751 0.71546572499944061096 0.075026608856865323327 0.99484645785243497329 -0.068202149981220455688 -0.71153036010214554263 0.10132760514304522959 0.69531091109588805121
-2.5112527057927778174 1.4442393391203800501 -2.3822092345737897467 0.99284701600979774483 -0.0094466088609742749488 0.11901917652788739088 0.10645088480949038701 -0.38136980798762226685 -0.91827298701347437326 0.054064886235207956777 0.92437429168942963909 -0.37763627598509585948
3.4966353772827725166 5.8859004920741968547 -5.3164664083006396567 0.93870777403759741997 -0.00064221082477997071258 -0.34471336284917808435 0.19420356963773383052 0.8271844552858839128 0.52730527256360326671 0.28480289412413567485 -0.56193012421366683729 0.77660919837448227909
-4.1764759252675229817 -6.5047132430508023404 6.8957853524970698089 0.9764702977278789664 -0.00098978959417143821259 -0.2156496649007060562 -0.19325073757629798732 -0.44781658840402438493 -0.87299166982073739263 -0.095707419155710599101 0.8941248925440087314 -0.43747087497553477364
-5.7487471517722434911 5.771547443300804936 -3.1054862088834642719 0.58043456689563721618 -0.0021777251993134764604 0.81430397952217870028 0.76547234614170778233 -0.33963327178305580123 -0.54653575179499558345 0.27775492947017516032 0.94055542006359615925 -0.19546790259324431371
0.12075913646877940721 -6.8059407602132422355 -7.351418126820193244 0.82355470413369413762 -0.0030610171759012788639 -0.56722859542976822311 -0.56659585926464861583 -0.051965171418660520419 -0.82235561238651344595 -0.02695888654087440911 0.99864420647856821933 -0.044530521029988126558
-3.1768957965011606071 5.9257265238004341867 0.01405934577067315637 -0.99792189180365387102 0.0036299435001154924801 -0.06433289492354336836 0.059463365454840634572 -0.33269319728667434699 -0.94115851196702060566 -0.024819468725891219441 -0.94302813319071976395 0.33178597616961480465
0.49213748344013519276 0.57967975876874733299 1.8526508059688897578 0.81756460520526308411 -0.0087406188400797023286 -0.57577054274917982557 0.35585739200196175869 0.79376994744390094727 0.49324921398052484767 0.45271805008515819679 -0.60815530263013850565 0.65206862753076555439
1.7107683995939693133 -2.1788295055725188654 2.0173970700949697132 0.98653210131532109717 0.0077300475630198688809 -0.16338500371525327415 0.11219618752018366281 0.69487378798329091367 0.71032558329236028527 0.11902280697540167098 -0.7190901648183503081 0.68464801634218597215
1.5922401428495387421 -3.3950774274379602602 -0.68447662779128515265 0.58971798984566126123 0.0038770014401960659414 -0.80759993890054437848 0.56129611003808743686 -0.72095982106131106804 0.4064032643465260719 -0.58067148139765845105 -0.69296602028896392422 -0.42733912226275461155
7.1285769468172990315 0.32484348418077013676 4.7901970329849161701 0.6901560487246768405 0.0023242721302386653952 -0.72365684282531539395 0.71124249326960609086 -0.18663827875673436041 0.67771695321162528369 -0.13348686892887826061 -0.98242595174487068466 -0.13046265811245630339
-0.59295945150774420629 3.1887324569646655625 4.1346873216055044509 0.97483362930189298989 0.00052366961085682610377 0.22293299655353043809 0.16635136764772165407 -0.6674372004131139402 -0.725847646539118041 0.14841367074482603172 0.74466590446642955126 -0.65072734156581246712
-6.4760893943741599799 -6.1237680190106313916 0.22676806645053182443 0.99322335277618689631 0.010545457900759874076 0.11574180237809504612 -0.066611381312771708596 -0.76442273621799228245 0.64126500312494905121 0.09523809836229628345 -0.64462909775370091925 -0.75854006548734054238
1.8974265153051761423 -4.6274344773608495629 2.9741094517641735173 0.91788969023398137015 -0.0018916143203441789303 -0.39683112070198212074 0.39607462820662048264 -0.057532812590031720545 0.91641413365713719763 -0.024564312595818055956 -0.99834182386135172926 -0.052059555087949863084
6.0402734988262514193 -0.52333214009082884566 7.2445307000131542452 0.92374340869062887549 0.013317714514258919764 0.3827802938771222574 -0.20319443312955948189 -0.83012158309081596208 0.51924000195676256464 0.32466927363965136788 -0.55742335416350285993 -0.76411325534060248188
-2.1228916960766630595 2.1880779923977899948 -4.240897396668193764 -0.84264836353819516646 0.0014009265714109023562 0.53846241543036399424 -0.52997636396054614849 0.17469681491942049001 -0.82982291876046887502 -0.095230189905942258521 -0.98462127757921991122 -0.14646552723668634921
-5.7759017250225355156 5.7696196879479169084 -5.724457019421970827 0.94321344985300659136 0.0099542050164423238889 0.33203810296241664801 0.28195820101240420819 0.50449775837207666562 -0.81607694776863126673 -0.17563587588591708655 0.86335561942922811607 0.473042401378351407
-6.6181491331967299274 -6.4375667061535652991 5.6352668352513646255 0.80719000246638350493 0.0092295008068025118086 -0.59021954917912344829 -0.56693231742041783061 0.2906178441168943416 -0.77079764928631533394 0.1644142554121402755 0.95679469323143606641 0.23981632059050761452
