1125 14.717824617146108679 14.977075390850430381 15.033177056927090831
-3.0703375109323363112 -6.9549623659764048256 2.4765197656199431364 0.99265837572509851849 0.0048254068703194648998 0.12085555242206878768 -0.077384898138621704966 0.79326779836632677068 0.6039352428987440069 -0.092956584719903312397 -0.60885377187264022592 0.78781733786051766355
-2.7879390234189496134 5.2815294821272091852 -2.4379194730459357032 -0.99131576949807165278 0.010455870444202207056 0.13108668856018895754 0.030475470756857157839 -0.95142991698222567631 0.3063533233920032739 0.12792298787384762115 0.30768780906045867241 0.94284883270282504597
1.7930845959876480222 6.9994576538345203431 -6.8286740193095472051 0.80433334974489578695 0.0057211800851346070185 0.5941507641890944047 0.065042930677334354073 -0.99479213911603581177 -0.078473034360784885144 0.59060755130379483102 0.10176378555913045965 -0.80051661587479994164
-0.0558612738216830787 1.5857453922925430767 -5.1360318851600386125 0.25607624833055597779 0.0029753391658822931666 0.96665200687619479147 0.42422053516148550134 -0.89890031809520010153 -0.10961366555139752388 0.868597658636218517 0.4381430879120438715 -0.23144922105421689151
-3.7252662506010949528 -1.3271095561936980811 -0.77393548344158968888 0.93601941033747992904 -0.0099286823584540054993 -0.35180830680660879484 -0.05473127335212456257 -0.99154759152647653497 -0.11763443992031322183 -0.34766672430473177791 0.12936303569691465221 -0.92865120137031453851
1.5758688373330793642 3.7764666696435731374 -1.6864943658503539492 0.9763762545511595059 -0.0175047216275464948 -0.21536711510685963011 -0.076288940024418216979 -0.96045078637402714339 -0.26779522882889311708 -0.20216183412963284471 0.27789903143823591058 -0.93909675813895998608
1.1209428076922087758 -0.64469761145013693149 -0.059948641328000956685 0.97926002572800396884 -0.0070314860952798256821 0.20248545679747362303 -0.19893996843222538917 0.15592476150815468006 0.96752796223619164095 -0.038375655973269862109 -0.98774390757524510587 0.15129204234424339925
-4.4800100061040115662 -5.0845162367297938033 -5.2375066035679971321 -0.97465055603667671846 0.00063876124945445454835 -0.22373172685515960167 -0.13780043045104867216 -0.78952278066521397459 0.59805085082978504119 -0.17625928340097438141 0.61372092256554300338 0.76959683875401407871
-4.7005953383560656889 7.0513865210750363843 0.64638602038314907361 0.97454955068244719651 0.00076241057466314371763 -0.22417089908097570516 -0.14220352168348479593 -0.77093938974313003243 -0.62083058539616409188 -0.17329550393900375327 0.63690805935600880439 -0.75121021840885793264
3.5151448167868499795 3.927161904232507883 -1.2301650825294960789 -0.97399345233786238651 0.0039867455367923743115 0.22654107941589898823 0.033578737762023212754 0.99134406964579113719 0.1269228267431273538 -0.22407414659712812655 0.13122896569805439504 -0.96569650273191443013
-7.1558495612620216519 7.0210838293296440327 -0.95384021243681349489 -0.99518354397806274569 -0.0079579226640941400084 0.097705605070317141925 -0.098025373061202514258 0.072038544685096225773 -0.9925731581681760396 0.00086025083433559140431 -0.99737010159047723157 -0.072471652540685924104
-5.99209675148418075 6.5493329835458249377 1.6781956019729484808 0.71747064051918485461 0.013212278458992723212 0.69646343456841119934 0.17810232323189117976 0.96310876748259799385 -0.201745048160999918 -0.67343555181794123587 0.2687879046683221973 0.68864912680660994582
3.7493357427648086322 5.3296462421834478462 2.2656635800564814964 0.99914828970077562698 -0.032027808403901604495 -0.026017583993249621815 0.021446190772509747535 0.94173094409200241994 -0.33568272198774357085 0.035252745841268640081 0.33483883948637260808 0.94161573663685171898
-0.49717174977778266776 5.3514500999967635764 -6.5630144833340979815 0.97110655019087444018 0.010155240379117493749 0.23843015595633715309 -0.11584675717697047459 -0.85342202179915360727 0.50818341330655536492 0.20864227047293684714 -0.52112160174101307408 -0.82758726378001512547
-7.1129446184654554486 -0.60460294020860838593 7.1778434881556458791 0.90502675579814539919 0.0045575998833786053599 -0.42533022414674459544 0.0067719686614238798136 -0.9999702454073798874 0.0036944201586419818384 -0.42530073093038539556 -0.0062238720393890372556 -0.90503069101930277984
2.5343017574510424694 3.080977272766554087 -5.7164531013434336515 0.99851268576176155367 -0.0077515725924863394802 -0.053966003142219255706 0.053721451258298642817 -0.028892405772510634798 0.998137883542814075 -0.0092963459223209324311 -0.99955247086424392489 -0.028433007956842858144
-1.1561929606691925265 -0.20913379569841791805 6.643489474205499512 0.92734834672529087296 0.0041698548924906930768 -0.3741759694796721325 0.13873706284881642814 0.92484081198739143126 0.35414897977348164249 0.34752995729573321615 -0.38033154588159778786 0.85707108456031777521
-5.6327415325463361384 -2.777145098075523677 -5.8158463893725604876 -0.93547952658950372928 -0.010903648980187460871 0.35321263534980917864 -0.33483860100449702735 0.34686786103061223452 -0.87610832564333152028 -0.11296533366132019416 -0.93785062639162086739 -0.3281387449963573677
-1.2088758862769899416 -3.4473479534597686325 -4.6791015997337845889 -0.57970539048365599122 -0.0037372439523294508773 0.81481758280719940313 -0.52454722643941853466 0.76693648171858874729 -0.36967369428174862156 -0.62353176942231203217 -0.64171213641076618739 -0.44655757356059461172
5.3424220689919073024 -6.9355177935683638424 0.63352924721646175499 0.99993891092658937492 -0.008296540068219056957 -0.0073035496651526476963 -0.0087544838186976777633 -0.99784163938000070004 -0.065080117795938516312 -0.0067478461662814313848 0.065140080919306092566 -0.99785331408487609739
3.7303251768993805904 -6.6221826755737600578 5.0985759419748974963 -0.9871060575613533894 -0.0058697986500437573931 0.1599599218225674635 -0.0066111576393360306156 0.99996972911876580437 -0.0041028576392047287624 -0.15993099674651889419 -0.0051074758881147139244 -0.98711498315529699887
3.103572171146403047 7.018927835946385585 -2.856090964253917619 -0.99530079317641484415 -0.00505998214870484464 0.096699160713789450439 -0.095779569066985315029 0.19824131582888515624 -0.97546227751145297979 -0.014233947148504115521 -0.98014018246322798245 -0.19779438179457772828
0.6057406921818847545 -1.7680809085292990002 -7.1199391831982765666 0.88175553482045465614 -0.0054466805746150575435 -0.47167521716149568567 -0.44601471099008249688 0.31587464386500202496 -0.83743303430403581711 0.15355147148127865075 0.94878529870244165956 0.276094915875043867
-2.3718341986386173303 7.3476401054665814172 -5.5783097595864337137 -0.84476546642475514037 0.007407387149053708264 -0.53508544864524043572 -0.040980911196714930878 0.99607242078332824953 0.07848756253259370208 0.53356524592005949437 0.088231871624967414536 -0.84114402166090740387
5.233209288666055059 -4.853249357778187445 0.88112425439247410441 -0.93784047872674891622 0.0063985100551547449688 0.34700763036371062853 0.29088845854809597391 0.55986246383452620279 0.77584658681510410005 -0.18931228471786853973 0.82856084909813310091 -0.52692293383073196544
4.5156280358919183016 2.3764433076178992366 -5.0580026329283427344 -0.90573163608942730551 0.0034800430127647705159 -0.42383734225201197265 -0.39683418894356131679 0.34434066351847114618 0.85085376765526765652 0.1489054393639855367 0.93883832300786651537 -0.3104992324942382198
-6.2499808253991524509 -6.5708405169046590899 2.1914724433126866465 0.91457926748306483944 -0.0004446810193185742402 -0.40440643633490597209 -0.36284480558939807837 0.44066595687561871397 -0.82107074086694509241 0.17857326380815333189 0.89767105150477932707 0.40286259784598865696
3.3163026670298809684 -1.0522752542125100028 -7.3300306003255810694 -0.99892004344749318889 -0.0014606584007929067706 0.046439350510035483366 0.046293987127486085909 -0.11629297208375410921 0.9921354803653443799 0.0039513990683258861519 0.9932138798471764618 0.11623500042774338736
-1.5298795194229561911 3.2189117917432850113 5.4160935567645687172 0.95254945082736708351 -0.00068094332922688462131 -0.30438311392849770609 -0.26577940988134873823 0.48555068291304537276 -0.83282761698068730194 0.14836053724538009191 0.87420825358654696835 0.46233005564149415312
-5.9746867918474899639 5.3798346685269740064 -0.5625053183985145866 -0.9961215334544271105 0.0010168637601538177244 0.087982137826101383671 -0.063123840044750911815 -0.70485935874990690575 -0.7065328479274800566 0.061296585601096326146 -0.70934635430847425841 0.70218977365306112226
1.9342024970119016114 -5.8423136545568166156 -2.3904325064133105094 0.98621789017033378855 -0.004916420133005422119 0.16537866222991762233 0.14586429322360749961 -0.44592951328254243348 -0.88310275571190488542 0.078088930523230057346 0.89505457822224621101 -0.43906653360628178362
-6.4265893867650438764 -5.4018401570463687733 0.082072884118438965695 0.89929000047402374296 -0.00049841516546684713762 -0.43735254272718165902 -0.17766585154614566999 0.91335393138554010761 -0.36635971560342817099 0.39964026353961612514 0.40716624074812179934 0.82128150603377858552
-3.5084750712366741254 6.0879794318479216741 -7.1771861573903912301 0.6807273046238817571 0.010631646038963346243 0.73245976329220074952 0.58342869692204635257 -0.61250998379564780549 -0.53333148731204538251 0.44296872615052090838 0.79039135107439439931 -0.42315507771914528945
5.3040267325256102993 -2.7204723622579258802 -2.3866052800131920542 0.88906828188216724396 -0.0072450842284209390071 -0.45771726961706360459 -0.45574743792353522576 0.079984859194375229619 -0.88650814724166859815 0.043033277557135436731 0.99676974826398856422 0.067810072765845441634
3.691785968450134181 -2.0111761453453897985 -3.5033163533151445712 0.99940829197398262096 -0.0038050986587699008566 0.034184604106623238395 -0.0091238817798008665927 -0.98758602551817620263 0.15681389282361846149 0.03316354497036518717 -0.15703300107119669282 -0.98703638021081707699
-5.8567615820472136434 6.4572648084721864237 -2.5843427691518288114 -0.99992615527934258779 -0.0047296863795614147233 -0.011194376034594267361 -0.010367601510147424898 -0.14857091095049196339 0.98884740848028906957 -0.0063400967643089875536 0.98889044614961363333 0.14851090426942761824
0.33324881599945399557 -6.3473561925282009355 -6.0444455133155381432 0.98071086565324305795 0.00727708796265984139 0.1953285488106279999 -0.19416298685176769379 0.15137702717451165246 0.96921913424180772267 -0.022515162146276534311 -0.98844931060449647831 0.14987003649472965816
0.94167777524658591304 -5.2315881682969829214 -5.4780737044234735222 -0.99282154020891622004 0.0071850071863404935818 0.11938913254085090077 -0.055084054751690897378 0.85856325074690398313 -0.50974002332465151444 -0.10616560746887987454 -0.51265731257700020151 -0.85200430964407203316
-6.6509987180908956006 7.3218445271239698258 -3.315652489038522166 -0.98601881857967799139 0.00043943258685158795816 0.16663341893427816021 -0.065218628867580952235 -0.92124004845808393771 -0.38348833563183742923 0.15334086166237631543 -0.38899431874509282636 0.90838868339967593357
2.2409365895832715765 -1.4552628604643924604 0.34076613369745401005 0.8619798939594084386 -0.0033740443981792808681 -0.50693123619900781751 -0.15706778402183510512 0.94899222084348333617 -0.2733925309897453082 0.48199623819317360951 0.31528143079305714913 0.81748226021413938902
-0.56524049641846774161 -0.68899576990543065502 -7.087754841642149195 -0.99996621700199583849 0.0055909754105416820114 -0.0060254334905424002805 0.0074915513526971518055 0.9215571856852847743 -0.38817036230243567863 0.0033825305793177759539 -0.38820238858827266215 -0.92156793780011991846
-0.75962323866321312948 -7.0037673297007767559 -4.9899982124740898115 0.83951116873450948308 0.0083315751066410041054 0.54327854957306398465 -0.36328880546017394693 0.75212530512843589481 0.54984431361319274778 -0.4040324756715946708 -0.65896745765002173734 0.63444436191126007962
5.5056026554260482087 -2.7651668745917410419 1.6578355063602598918 -0.69382876047733132996 -0.0098300533727458030281 0.72007292768529562732 0.71647054046925906512 -0.11023515844108125461 0.68885279594632276012 0.072605893522416017904 0.99385692123880853277 0.083527266994966778424
3.8237883196868516222 6.0914050665816636965 0.33364321756214149195 -0.71427757952288861709 0.005943670833049668166 -0.69983727549195084983 0.083182846102601695759 -0.99215470568631458637 -0.093325527583702272416 -0.69490154231028522513 -0.12487478833430404324 0.70817945023365602708
4.0925287544390549499 -5.8506993421871476002 3.7089322593923665927 0.99886871151307576877 -0.0068523075285374128104 0.047056806539505648124 -0.040092297776205536308 0.41078286151779125346 0.91085127674182209123 -0.025571562705217525807 -0.91170745667940689128 0.4100434228420039573
3.3761482739564838695 0.64053499571720695638 -3.678040505166870755 -0.83850027016693406967 -0.0045729364993052313768 0.54488199197793452111 0.50402866320631845021 0.37346668552813050423 0.77876680814418686172 -0.20705652270943164517 0.92763232104775816822 -0.31084702564295935145
-2.3435017616125883855 -5.1541370932715704356 1.6026837254295556168 -0.99339043044516106562 0.0055133047927195819385 0.11465189126290155353 -0.1027405029858836083 -0.48811095985909547235 -0.86671337817737226228 0.051184389672190938603 -0.87276416879689522332 0.48545119622696669692
0.12641227110240194076 -6.9774048864557913774 -0.36598340754966640631 -0.98061119804472862693 -0.00014343898224517676043 0.19596340907052842151 -0.12224736461291928202 -0.7811142093102826367 -0.6123039881126650652 0.15315763159081025035 -0.62438815767015765079 0.7659518055639839007
-1.7804183687217709497 -3.1742441926767419602 1.9405246753611342658 0.90612589190787196092 0.0024858506311101905353 0.42300081390085186861 -0.27956181873960794793 0.75398905920290471006 0.59442887556492185475 -0.31746032431971515919 -0.65688227190945991385 0.68390395768257450371
-4.0857857978147782418 -0.16554995921520174185 1.5908649262685938819 0.90544504556794958017 -0.010904436167815971179 0.42432341760542258147 0.17158191570364003664 0.9237571995873690156 -0.34239200109525608218 -0.3882382202461717724 0.38282336590438137414 0.83828238372142005463
3.8632602218145359885 -4.5892931083212156196 3.737736264862356883 -0.90180324862451999302 0.0088148920352861693389 0.43205693889629798177 -0.34948986845691853986 0.57318199932442637223 -0.74116072986662506761 -0.25418051187313839279 -0.81938067668751157768 -0.513816673586040773
-1.3190872271387841241 -4.2684080178040035847 6.5343260160922129742 -0.99891909371124709693 0.0022485651323817831652 0.046428312204301915023 0.0044404302733521052587 0.99887744756793361844 0.047160654356233989992 -0.046270150186519767854 0.047315839791418297378 -0.99780773924971732924
0.17681399012483484112 -5.0850976344187923672 -2.7282193074322949045 -0.99864648665141153572 -0.0039811557226182570091 -0.051858896035210724773 -0.036571168150341712422 -0.6552210656879082773 0.75455145930478495497 -0.036983027985818033023 0.75542670423935276425 0.65418861971387043397
6.8447024720597955394 -3.8592295895500199343 3.8072499357434850253 -0.99557574210341848175 0.018583752130936513625 -0.092106383556304696758 0.078698431057194956351 -0.37064847373762521698 -0.92543301533134958436 -0.051337108257409176659 -0.92858728888176744753 0.36754611716487256556
-0.79701092718591359798 -1.4559611865902266636 -4.2129982963993342082 -0.83408342258245093959 -0.0036750539712746043211 0.55162608545243629887 0.53250779276863113854 0.25569781925452300664 0.80687922012484070144 -0.14401491177633668483 0.96674977073013501627 -0.21131631735212325074
-1.6590271797406817011 -2.8596198017094964783 0.45120095171254492872 0.82467892329514080885 -0.0060677142490641287897 0.56556861327027030395 -0.56431509058643303245 -0.076220804288468529952 0.8220333737324549972 0.038120230968761846524 -0.99707250079291298572 -0.066281793529396962339
6.3105696076041937204 7.0303871967992002112 3.5015403906884832175 0.82882910869278791921 -0.002538815470276107808 -0.55949607952113200593 0.55404754791088373089 -0.13556509596424487496 0.82137288694600918415 -0.077933453904151961389 -0.99076518871640018027 -0.11095367317200761914
6.0803160953686834489 -5.3603099576197710263 -5.2258692018923813549 -0.9746294363558760665 0.0042625504126102779084 -0.2237840308258661759 -0.12375872575133078923 -0.84334132234562952934 0.52293325752412911367 -0.18649729110386711883 0.53736137253094240496 0.82247280546078016528
-2.9493996309785246446 2.2731206853153391734 6.5681958014908348176 0.99957845365732456155 -0.0060564943255324568336 0.0283942575269264183 0.02902464022860317544 0.23192462816286898986 -0.97230064131992199883 -0.00069659430202297306992 0.97271490464993803915 0.23200264875299736467
3.3571783435062694245 -0.48870171092334274698 -1.4964585506120922087 0.99231958112486340351 -0.024083674435573309419 0.12133353016286534121 0.12352821299373013819 0.14115691485338344169 -0.98225022574877407511 0.0065291278651576443309 0.98969424673212924581 0.14304778388551900314
-0.22759125788320244688 -3.580843795290226339 5.9009166529719605521 0.96777114083444693016 0.0059327741641403124867 0.25176143699665975983 0.020999728068538038583 0.9943393899419330495 -0.10415463998735102757 -0.25095423963137958312 0.10608477647885558581 0.96216837913663111337
-2.5020595048500187119 -0.63149793057021796905 3.4712018524138015252 -0.99914422433759630948 0.0088285753216921954156 0.040408850893619327471 -0.017255048349633407556 0.79891646629497792276 -0.60119443043758047374 -0.037590986675071415279 -0.60137719955158930318 -0.79808043553284313543
-3.5844075941886774928 -6.9717847645745907315 5.3229524857865513354 0.9330706753806558007 -0.0062063237155610927187 0.35963953660671565959 0.16525787880714321032 0.89547273083966916207 -0.41330185314710976563 -0.3194823128702304893 0.44507310620679663149 0.83656498964189673906
-5.3816729227412647418 3.5253214352196811099 3.7229363980466669837 -0.99841754450048514347 0.011007298185149533287 0.055147495141555563647 -0.025759342043432460062 -0.96124248373132137324 -0.27449834929839372899 0.049988630019387490788 -0.27548453106616899166 0.96000490103540114806
5.0787805315140142071 1.4283756879925286754 -4.4611456388003984941 0.99706073620236812527 0.0063920528624144901456 -0.076348084349446371233 -0.075621817814160538496 0.24205740944078638077 -0.96731047301541206451 0.012297519835460150525 0.97024087328608443759 0.24182931751733741099
-4.7934740160639837114 -0.19664154273447109755 7.4364683393156267854 0.90368038113389581589 0.018604293760957752585 -0.42780328307232634577 0.3788139647943773447 0.43108179542754082592 0.81894350582197017463 0.19965407291253123301 -0.90212103728091308508 0.38251259491000627611
6.5677341716963910656 -2.3579095176864961481 4.2171115932221114875 -0.99669558427165394487 -0.002622720176249239421 0.081185181112936669057 0.024225524984041211379 -0.96359037317611928586 0.26628315129106189252 0.077530872771511563646 0.26736999469112104899 0.96046980676445170566
-6.8989519662625067298 4.5351308448842173604 -2.667384548032114111 0.90520106425580448839 -0.009489199934372024442 -0.42487761573752724775 -0.1381379078225350443 -0.95203315227481810634 -0.27303991538264710259 -0.40190664549443666509 0.30584772690726935718 -0.86309224087176261708
4.8485573186097479237 5.6645609262792451233 -2.887406852869986551 0.81785105145414671579 0.0033094702705359487979 -0.57542045935287999825 0.54001590259531340177 0.34097798040160753885 0.76949128768649377452 0.19875231465196965819 -0.94006545744833036604 0.2770820332189155577
5.5360933807647425553 -7.2167718888007081901 -4.8007921024906607954 0.99289852959311519776 -0.0056291437688395879954 -0.1188310677904015622 0.10865382381473032147 0.44967148524406341803 0.88656071530882063492 0.048444365020155533141 -0.89317628052854147747 0.44708978449406122646
3.6554361040445972897 -5.3407675481342744561 -6.4431016437646695394 0.6846588191594872308 -0.012316176259017109704 0.72875964017599847988 -0.54198811875476260447 -0.67712448874455721803 0.4977462263756071148 0.48733066851554179832 -0.73576540999476514049 -0.47027447408870276524
-3.1759708577235583604 -0.83712193862338402095 -7.2021248133147750536 0.97117752897851872262 0.0033727638916495948467 -0.23833344639571482637 0.00015314508124052942512 0.99989084749287171494 0.014773951624891248566 0.23835726075313462546 -0.014384629427362866788 0.97107100599419016174
-0.99126296345513953412 -0.4705274357727400325 -4.6811267091834567466 -0.43725777220891265396 -0.007841385779827148364 0.89930203675507558447 -0.83996537192942555272 -0.35374123338124130456 -0.41149157192496799151 0.32134687582466547884 -0.93531045780260768652 0.14808961112370983004
-0.075055078022629062584 -4.1111901358464519873 -1.0739422801374478578 -0.96599078022165307811 0.0040586673861451620302 -0.25854465715957503091 -0.24101861190997056483 0.34802911459942825756 0.90597227557145199039 0.093658108243300924878 0.93747493972378326266 -0.33521470157214450225
4.0726502533782777959 -7.0912950450605105601 -6.3683528249723355685 0.65513432957900386011 0.013420629129826337073 0.75539320682730326517 0.16636863997346973409 -0.97786205985264373908 -0.12691441027021732602 0.73696708599542004592 0.20881972755130151498 -0.64286377681822304275
-4.7117788810233411922 1.7540620660821903964 -2.1706838315250327476 0.95892228001839885376 -0.0056973269424609408393 0.283611708767398496 0.2510645640126458189 -0.44833366630861726243 -0.85788315541866722036 0.13204031801457075113 0.89384812139413394316 -0.42848674460090241389
4.0775221478681604736 -3.4463628705285525022 -5.3696799160789554506 -0.96403151296703493145 0.0067043253673355505604 0.2657033948369612042 -0.026125555265623302825 0.99245046594876951129 -0.11983124801270800264 -0.2645008456859577195 -0.12246274804849574536 -0.9565783700104262266
-2.0497615040160597211 -6.6746470678455152026 -4.8577995188837830298 0.80215282341922733433 0.012837420032463952094 0.59698077735178578518 0.55214144483182803214 -0.39661320900341523465 -0.73337424780456617057 0.22735582855888347709 0.91789605244326499811 -0.32523247705213731429
0.88525403754266607237 0.49115291655437592899 -3.8742381515227926059 0.64197669043034033542 0.0040470439236168888678 -0.76671347345643303672 0.75667119576687125182 0.15805753276454942435 0.63440248882958572008 0.1237522946894130671 -0.98742161095036362628 0.098406970216722650102
-2.6952032313097333827 3.3634412912649134242 1.0585157522058898927 0.90958391379276615218 -0.00769797246122714586 -0.4154489679724462925 -0.048102562429138268074 -0.99505695717783515519 -0.086878049355005385057 -0.41272660110194753225 0.09900703607302879794 -0.90545809375745534009
6.3215945803068063213 -1.1644046731895236757 1.7859306458602943746 -0.99099592662577995483 0.0018352006207772489886 0.13387944371615118078 -0.11877708351701969647 0.44946303948241755899 -0.88536714450585907166 -0.061798688030074225286 -0.89329704364109907555 -0.44519806151849034004
3.1449966949971321917 -2.2791916352538508228 -7.2023030159849223963 0.91761208772102864639 0.0057780708132976581204 0.39743511466142045219 0.32358262646741969837 -0.59153499142332355287 -0.73849890844217724872 0.23082967815407018364 0.80625862340780740656 -0.54466934176958370362
3.1132464688963925603 -6.6175033497179587272 -2.9578112325022414275 -0.89298091921272937377 0.011696943049362329772 -0.4499425068222398516 -0.12187506075068384181 0.95603330095867788962 0.26673356936308095788 0.43327998740901207952 0.29302475830796709255 -0.85229393024320887484
1.1371220182976236046 0.7366165514944358339 3.3136069155318783608 -0.99597172884482754185 -0.0048476335613446578862 -0.089536672881396606183 0.064981059722200792961 -0.72709114366060068058 -0.68345879955392818683 -0.061788164070390463878 -0.6865238300737979138 0.72447722774539291546
-3.9651644205091538531 3.9917110765205223721 -7.2179496857838989499 -0.58617250921950792009 0.0059973243205018490765 0.81016407075124896586 0.80086663225390364307 -0.14694767063039826382 0.58053339218213684259 0.12253337005711506524 0.98912608609686381023 0.081333627886269160845
0.95677124556171000425 -0.43032210373377716151 3.9320410028210384112 0.78622084651604884353 0.0086422734851684338692 0.61788517672179976703 -0.5771848543476230109 -0.34686760514473408135 0.73928378070462130722 0.22071344411992480095 -0.93787428561099239754 -0.2677263527831710288
5.8175074761350193953 -3.0819608657237353988 7.1533135100949545304 -0.96012970425092869498 0.011537050351269031306 0.2793167511702881467 -0.26771630319986639002 0.24973721655159406008 -0.93056934382673017758 -0.080491813348575039222 -0.96824491691836256368 -0.23669146339820951175
-2.9055024344975923789 5.2604347625812266642 -4.7797990481336505297 0.99349451969994162503 -0.0058270062317429798665 0.11373075804074572748 0.0088670370547681391649 -0.99169992768375236913 -0.12826780221843797625 0.11353420180729879851 0.12844181340381091716 -0.98519677506051128724
1.7242448196165494068 -6.8590218449307363002 -6.7044061199777740256 -0.9993483129784291874 0.0019187646756427942027 -0.036045356001799526424 0.020536334837079874005 0.85144569795274616109 -0.52404053506300574128 0.029685152831575037369 -0.52443926414768959887 -0.85093022623571545893
4.227259794742998622 -2.1534595697396148317 5.4231381038864823196 0.99178472563645259097 -0.003685261835737660939 0.12786507278968850532 -0.11274879675971627435 0.44696497886461000748 0.88741761110405648072 -0.060421575811570739367 -0.89454386505851246625 0.44287753009466257481
-1.263425791955085975 -5.4812952425593035599 4.5750201853632868065 0.94909855269761633778 -0.00049810777716032331175 -0.31497887096762877679 -0.29855143969610153931 0.31730938470055680689 -0.90010099002082888386 0.1003940990438066394 0.94832194231157551645 0.30100916698265012261
-7.1382171538830831992 4.245183989699265581 -3.8067704307170604494 0.96517930801030149546 0.0093814975415110364587 -0.26142090752761160122 0.1975898721020183102 -0.68105271343911621962 0.70507123325236231715 -0.17142679438003599612 -0.73217428869169998151 -0.65919167557507829525
2.398476535855103009 -1.4703378044806458824 -1.6712491953788082277 0.97639142235850473472 -0.010463338471783689351 -0.21575520594567643151 0.16374096763335233007 -0.61560331582655114513 0.77085760881108122966 -0.14088536426155798265 -0.78798672329637642342 -0.59935651998245209615
4.715667621283122557 3.3283907278662807627 -4.3937293244454123098 -0.94094876637134361452 -0.014337108748227148092 -0.33824527546853244697 -0.011311991746365939945 0.9998764629988500241 -0.010913183933498020114 0.33835995316644951192 -0.0064425191950310597283 -0.94099470563836562498
0.87800402694514922963 1.6857268073774733796 4.0281822446034256657 -0.87406423468923211129 -0.0040569791311584526422 0.48579342786569346124 -0.041687734751237721931 0.99690307223623242372 -0.066681311753674948894 -0.48401843602131244815 -0.078535377290823854546 -0.8715264471634396326
0.13253683843592117819 7.2730867281376330169 -1.509020298859512943 -0.98349326839476713946 0.0017796612732739556378 -0.1809359660986163687 0.16111541050535971298 0.46374573946523522938 -0.87119556566002664955 0.082357850384604663896 -0.88596654673507180267 -0.45637754386734080692
-0.76604396654585527049 -7.0756463314772792828 -2.432051560920098332 0.98546236801172948372 9.1995625945692511422e-05 -0.16989382793257445936 0.091512849888162356438 -0.84281872125050638633 0.53036025625500704539 -0.14314090798276429828 -0.5381975424008839104 -0.83057455163008031551
0.5198715845149467496 -6.1928935087208776267 -4.722345593025228716 -0.92174716697821290623 -0.00093055356966543979931 0.38779027094269896692 0.2980251797432011962 -0.64152456693808423971 0.70684313836525303198 0.24811923022365289793 0.76710192548648004074 0.59160078051692177592
7.3542776083884371374 0.94318179170549865109 2.0475387665086612898 0.99654712130646727619 -0.0029720101089630948134 -0.082975913201911916106 -0.081118314692900372886 0.17831507179683792064 -0.98062406364080656473 0.017710280550260484866 0.98396895394416239444 0.17745828703338248356
5.2085516485952654264 -6.8596448154267104513 -6.6506957019479164828 -0.75623071238056849275 -0.0038234344191877809617 -0.65429388733317983551 -0.55082520188946959561 -0.53598580124155081883 0.63977403654010733813 -0.35313836752154614818 0.84421833800070866793 0.40322288026289543339
-3.4928832476313727007 3.8010752410411989821 -5.9202861282194341186 0.88196493302598188979 -0.0018394167607763719889 -0.47131143998254365624 0.42142643870694640462 0.45084142375479385745 0.78685562041937406885 0.21103936521718494324 -0.89260216623804589098 0.39840150496202542119
6.8732416959918545274 -1.4007781590416916728 3.1856261212585534892 0.74528705299478525959 -0.0060596684262767784579 -0.66671619828595241053 0.66599929483073894154 0.054006099833585848036 0.74399481212284090947 0.031498379692966954613 -0.99852221888109549131 0.044285781887504427345
5.2607094641400147239 6.8868996979591310392 -4.1758653803516017078 -0.3976521210412557461 0.0060954454521308524054 0.91751601412517524992 0.1625980300578691029 -0.98368292200726603625 0.077005126924432551472 0.90301421431380479721 0.1798075484958279735 0.3901724929453869728
5.0846338917779529964 7.4313436769729799281 5.0050161661500078836 0.99345417063466656682 -0.0019885399422886161636 0.1142140821329978434 0.0033415246216799022322 0.99992648543312467879 -0.011655811535349180214 -0.11418250768743824775 0.011961163749510672627 0.99338778203675215384
-2.5054420175510312419 -5.2221977911021735252 5.8820577700871004012 0.94934561333120093263 0.0070352097132896519033 -0.31415507679019744058 0.31297001259648782323 -0.11074382824153530813 0.94328446171961854994 -0.028154531857821844809 -0.99382408419739887151 -0.10733597721720646023
0.65253963334653564132 -0.26321806836716588052 -4.8956228368227261427 0.53701062329114990224 -0.001024327391342877815 -0.84357485810437804474 0.66597224053726578052 0.61431155729598585502 0.42320477951748924905 0.51778428453000047149 -0.78906290074122475975 0.33057400588631874472
5.3152216507027159054 5.8166182779453476925 0.72190472498694169268 0.19164590142050977328 -0.0030086987307579660458 -0.98145952346523313015 -0.72213701091994453307 0.67679036135195769219 -0.14308369662788394949 0.6646728412747791026 0.73616965063301720296 0.12753140616585290079
1.0881668361610099538 -2.2656825464962992989 0.42003074538394752357 0.93909142505187914729 0.0073012020331043973875 -0.34358985410326536858 -0.18719688540491294382 -0.82757198632026895968 -0.52922767648013491204 -0.28820933622719119294 0.56131212342757497158 -0.77579899368619509303
-4.3244508830724246451 -2.7050880561832046922 6.8367021499210398616 0.97516571797032036706 -0.0097979095775367151117 -0.2212596290860601167 -0.18141000118033831501 -0.60843398888097866006 -0.77259206095201260478 -0.12705209154965774188 0.79354400139007430504 -0.59510140639277975261
-1.5774489964615909798 5.1763211344031434535 0.25650209559472675336 -0.6896635010173772784 -0.00063340673872036828279 0.72412972191479463291 0.626256126627191545 0.50152676635534509941 0.59688706343088637762 -0.36354851014195421754 0.86514189669962937579 -0.34548803068779954106
-4.9167811174564546306 -1.3404762781046888342 6.8684599412046525302 -0.3642067301238068322 0.0038616103252160907319 0.9313101232661955553 -0.044264973669355604791 -0.99893302996878929889 -0.013168665206146172586 0.93026559102155348402 -0.046020534579210105319 0.36398906653701473823
0.85927114359729017679 -3.8710098144838509526 7.2621017353042818243 0.96924248051161709938 -0.00085237190086239205018 0.24610625232599389611 -0.24562028783723918735 0.059556253909382475542 0.96753487111474067994 -0.015481865989471859518 -0.99822458699557348183 0.057515091437441386024
-5.0479314336658607232 6.0945777940518777172 5.8399559018592084314 -0.93534393240131497027 -0.0051074957433617463806 -0.35370275883459528776 -0.3041064001351507784 0.5223731271326661485 0.79664647959203727101 0.1806959477043520168 0.85270172366238583539 -0.49015175705724844946
1.86143888789592582 5.1457739548512648753 3.2612262657551989165 0.9771266824674624818 -0.0074645218275379357498 0.21252700375229258145 -0.04727616766668805981 -0.98199990644246459848 0.18286920932148451047 0.20733646659674118129 -0.18873384609289500791 -0.95989120475102651664
1.0692010451991904585 -5.2736517945507745964 6.2182561701745342475 0.98493445034424986773 -0.009783906213974631616 -0.17265110397696145639 -0.13787562776686840271 0.55818603913037823094 -0.81818008835942268586 0.10437643313102255849 0.82965813495629570085 0.54842769742941877009
-0.17684223370563006972 -1.0302308732140699199 -0.92728742039253997387 -0.90710405019458684173 -0.0041398407404193114656 0.42088609366319579275 0.32506931651487802615 -0.64210825309297248076 0.69428159328212979418 0.2673802191280590379 0.76660280003960745709 0.58380473224406326249
-2.5333044580280748015 -7.1185571002535734664 -1.2071776501591531261 0.99136768637661176751 -0.0009977650765147596558 0.13110726476143952368 0.0083789713890300536459 -0.99744479068004265887 -0.070948448775584538328 0.1308430481410821633 0.071434543535049174756 -0.98882617417978335705
-3.3376156093482212128 -3.8636398518185526285 -6.1749167028277316405 0.76743708970378843315 0.012739838816572587182 -0.6409976675884672126 0.11420921943385475839 -0.98652763233761209261 0.11713020460438484938 -0.6308696914128338884 -0.16309790661226436503 -0.75855290212052683962
-6.2651687500121484575 -0.51149418840797233887 -4.1828340938097019475 -0.99920969883577670512 -0.0020880936720101619941 0.039694050150733184434 -0.022290683066080573677 0.85625294793859707543 -0.51607559000105529545 -0.032910533283357239209 -0.51655254235293102116 -0.8556227952711474849
2.2257808673173609115 4.6304123185016736741 -0.53909494233260046858 -0.86304531316506616356 -0.0064240655199320068069 -0.5050856549200556378 0.09277768513841067044 -0.9849240387853109846 -0.14600321559196449694 -0.4965330689532509445 -0.17286806878378560559 0.85063008542544138457
4.6963695299232792735 -6.8450359026655815953 -0.53585918927964393266 -0.89233903061719144212 0.00044070999605503414576 0.45136555053739113585 -0.44964143841090753462 -0.088194264093958280037 -0.88884438944320653953 0.039416129959671933336 -0.99610319623799781219 0.078897345604155982857
5.3418512464947527363 -7.3576252087268274593 7.2063044105544609153 0.809357992041143115 -0.010033571288394532023 0.58722991082381825745 -0.13037211749932153815 -0.97797828996399971402 0.16297722337118991653 0.57266286041415326302 -0.20846532518920676824 -0.79284264296016548901
2.9519987058433336813 -3.2694078854620514107 -3.5465393446749886586 -0.90026970411941531491 -0.0096919910616845902224 0.43522468353025522969 -0.35487148290812103868 0.5954122100339556134 -0.72079853687491735048 -0.25215211770539580627 -0.80336191436477544237 -0.53947098539667992512
3.5914924335452997894 0.85212567765375668571 4.5708647680957339432 0.93693514519120002504 0.00064422829724616100661 -0.34950267334517265416 -0.15115194295449510542 -0.90089678643100212785 -0.40686369995309651371 -0.31512794837437108075 0.43403290793250387525 -0.84398448503812828481
-7.2089501508571842692 3.1568038105290439077 -4.1606923716734822705 -0.9031484398662055213 0.0016892463699418490061 0.4293251006101065359 -0.17260982507108624251 0.91418364066979906912 -0.36670713031049423369 -0.39310144219543252664 -0.4052967031426379374 -0.82535194830171809688
-6.3371891542351832527 -6.9715616592908640214 -5.3220570738635837316 -0.92667165589446831575 -0.0093438826389930125516 0.37575568394787989268 -0.029331544979553900859 -0.9948447794633898944 -0.097074843515931347193 0.37472563647421969213 -0.10097800073159218792 0.92162038862935269368
6.3784409960484911295 6.3242741159430533315 5.4546615263760216408 0.99915024764520787848 0.00026538570142748893477 0.041215436440742367341 0.041106301344859950964 0.066589559555107119548 -0.99693334910007780358 -0.0030090896155810396492 0.99778041678959661365 0.066522065895406420899
-0.69895473841379607283 2.1446038353949874455 3.3164363819235576081 0.99434256522406971879 0.0020279936920137037887 -0.10620146056064755369 0.013360676980217001467 0.98948919248692224215 0.14398829904552151726 0.10537720481329246325 -0.1445926180445245568 0.98386412655044419573
3.208752696492275458 -4.7341817355674651324 -1.612945214116406234 -0.878296855160394907 -0.00092394441311018993875 0.47811481941289835085 0.022743164587105787339 0.99878538439911423996 0.043709316801218055237 -0.47757447867324714919 0.049263599517188734478 -0.87720904867797244719
2.6382202106220109528 -4.631934422052945699 -4.9391952122719704477 0.95909403821846495042 -0.0073384136529255584655 -0.28299253265569684901 -0.026034114052765171266 -0.99771409060379900868 -0.06236039060299868042 -0.28188801102443500346 0.067176938719605422401 -0.9570926852425655218
-6.7615259294546667945 1.7241806935837609149 0.7869124595767814645 0.99606201073919931055 0.0019821465874545560887 -0.088637135879040679365 -0.015197932922344763867 0.98876919744252655953 -0.14867581183124278787 0.087346972453638857536 0.14943742932643339083 0.98490555949260827351
5.6042542738739120622 -0.97783689082277380766 -3.9788166126503070608 -0.96707740453452772922 0.0067415089678013028623 0.25439309286147465672 0.24467090797353480136 -0.25026859557730229966 0.93675064817655029348 0.06998171497023863985 0.96815297454725135484 0.24037965272711420139
-5.1523921287151743797 7.0156253611813887971 -5.5447625728709741821 -0.8941825779621790371 -0.00058276223383483399809 0.44770210816687455724 0.44416861702679827362 -0.12655155411985613556 0.8869605085901247632 0.056140510483938324549 0.99195986034616390192 0.11341903960345681157
-1.7007783395045030783 4.43031259658615717 -6.3694685024478969737 -0.86413916151518532782 0.0032461145564353912837 0.50324245873753614688 0.50309657905593219152 0.030496699672580614843 0.86369194939591686921 -0.012543591117385139572 0.99952959638491201133 -0.027986501612592785959
-5.2389415582066014565 -5.4873883499876559 -2.9149081196656183579 -0.95718766323427550979 0.0027841144465239504868 -0.28945470467576156492 0.22547742959209429725 -0.61990198727856282712 -0.751585959762849809 -0.18152604798399443742 -0.78467431133872445059 0.59273477966829068997
6.5201227058728337127 -5.6579447705142200675 -7.4088387220126126209 0.85252139376201652166 0.0018109698491675678064 0.52268919404012958996 -0.35423599886977746865 -0.73331924553280181112 0.58031003888960652759 0.38434896940518697983 -0.67988205191744965905 -0.62452883456064345324
-2.2065509117628834268 1.1136545991685786738 2.8394042683645528413 0.94217527053625516054 0.0019484076607806520738 -0.33511485090577480817 0.31658181368548959922 0.3228116523665612303 0.89194651876673147761 0.10991685418362803772 -0.94646121991553333608 0.30352832546962682514
2.9710695040748005269 1.0766000340279633374 -5.2556614851266045818 -0.94916104445191196159 -0.0012295341943579308 -0.3147885003308511509 -0.21485092333302030498 -0.72833151631374570822 0.65067064102129446024 -0.23007040756648147739 0.68522382517665691992 0.69103973617463787527
5.0434026618112337559 2.83455349960268288 6.3137169494729450392 -0.99771525082709511256 0.0054517235335466499024 -0.06733911922111979198 0.05976689172203924344 -0.39349866293206475776 -0.91738035782576543564 -0.031499157462502085092 -0.91930902365914668461 0.39227378461728401593
-4.7602916877001897333 3.3500255106762741875 -1.7120878101774374969 0.97904476820987740293 -0.010724362172631266357 -0.20336255775560674319 -0.074498834431181715221 0.91053009097711701259 -0.40667539523997231488 0.18952906243980616185 0.41330369158909296967 0.89065076938693843456
6.7130599964745956143 -2.5836465297863373536 -4.9406899676635225305 0.744497172930777662 0.007653615578936688417 -0.66758174156189664661 -0.50110722399810292416 0.6671409297305513908 -0.55119373176346664334 0.44115247880430119576 0.74489220834089253653 0.50051981818707580452
