1125 14.717824617146108679 14.977075390850430381 15.033177056927090831
6.7039832733100412909 5.9262629300690932155 0.58220564638089689069 0.9966413349441869407 0.0058232958892383140936 0.081683160477618199646 0.049654311350502272626 -0.83615779098549136705 -0.54623675996647824693 0.06511911274681229933 0.5484580547309635401 -0.83363856877893072195
-0.8246121903139829179 3.7746461559457076262 -2.7907814809374618115 -0.99583994230319650143 -0.0086803515235602153599 0.090705351611555129487 -0.028266258157228052461 0.97577317647680006374 -0.21695097768420928963 -0.086624638315778393349 -0.21861234998453399347 -0.97195926482079808562
-0.34552628392351192321 -6.6742010559246196522 7.0289410690001759008 0.99491060682428500428 -0.0069440422796348483594 -0.10052196130807181107 -0.020374795210886975649 0.96314981240506947202 -0.26819266690970772204 0.098680049394617844194 0.26887584335681280479 0.95810648088332384109
0.51418597381215069841 1.3284912258951893094 4.8551481929257143122 -0.99934779176440979853 -0.0017644005420544850177 0.036067686179582947315 0.013726609570108948624 -0.94239159856188337017 0.33422994352636831161 0.033400168941674780732 0.33450704305081857548 0.94180118223756581486
-7.2772619827772739853 0.18835029304201247879 0.65474676671660592131 0.99286859443191211039 0.0038405762055905030145 0.11915202123868615103 -0.11233979011649088131 0.3646306352592176836 0.92435072964059894485 -0.039896437778833629406 -0.93114432275822145435 0.362461755841515465
1.7206171731751793708 7.097293615303102321 -4.5253755831555295686 0.91104573923915121991 0.010512743048323681602 0.4121712547568554541 -0.0980539823107179076 0.97651811514985387142 0.19182749369466428613 -0.40047606366326843341 -0.21517865372237957033 0.89068348441801525883
-7.2204443012252719214 -4.7296754553272348787 -3.0311662215494834527 0.8021219803545950322 -0.0067722456036892744388 0.59712181782406281716 0.59618213061104030626 0.066289277647275879346 -0.80010786698367308833 -0.034164246986344397328 0.99777746434695036015 0.057209578475772904227
-4.2750367333705181494 -2.2698842160444643312 -5.5889492188070466483 -0.92129995411870257982 0.0017956452875873376348 -0.38884851831914257758 -0.20472182995548585116 -0.85242038563864364065 0.4811116902418657304 -0.33059849800118629171 0.52285395839146930896 0.78570246996786596849
-3.7977763008945499834 5.8520243616105753759 0.5513527214382797359 0.99543723967663455543 -0.0053438048653214791431 0.0952688071436218753 -0.0088576348832601677769 -0.9992944456608983117 0.036498673614758343764 0.095006548033738202896 -0.037175995224382932247 -0.99478223808517873827
-4.7432187476213352184 5.6558001085322446855 -1.6452582618151410099 -0.9993183938091999563 -0.0053353393767994420488 -0.036527824302578573712 0.030430005054491428285 0.44112810443946959271 -0.89692809648601845574 0.020898865685191392316 -0.89742828662096063574 -0.44066507438838381505
-4.9003672277672158941 5.5595577030391121198 -2.7897265657574807918 -0.99546822065465456753 -0.0100537933024522734 0.094561846994020357093 0.094980233706935993099 -0.15391576828925873643 0.98350835862080543404 0.0046665695821335850119 0.9880328220824458052 0.15417316762712637845
-6.2996898835836399044 4.968666345819200636 0.75344873898592112926 0.98642336266476660089 -0.0013148698807607861125 0.16421699274520468181 0.14877194667827661756 0.43059384815412926617 -0.89019989093083529141 -0.069540329814042886603 0.90254485154414088033 0.42494344739074219053
2.1508493724455970408 4.6048743549887856119 -0.7148174313082996667 -0.88304276895406319525 0.0051665414708755418721 -0.46926407815555937209 0.14726040009765542504 -0.94638352664636915534 -0.28752842477853912673 -0.44558932074395662948 -0.3230039122700663623 0.8349363028981720003
6.5680181148450706985 4.8371844774139711731 5.6094967189318856171 0.89863322526599997975 -0.00011452100173169055264 0.43870071043146618983 -0.0741846240760436898 0.98555906754163158379 0.15221683854716111517 -0.4323828951275001109 -0.16933195584874130568 0.88564762785754858054
-1.5852864826391528386 -2.3793097512553602613 -5.2359819931965887463 0.93335414836142005512 0.0041511795929624721591 0.35893286481525132903 -0.24857627919449937215 -0.71389855980164551585 0.65464393355082250991 0.25895919979465303884 -0.70023682709571766214 -0.66528829752267448772
0.18042230179189333583 6.2793940774928023174 6.3559573918917440238 0.9904992358582027645 -0.011845334768996297961 -0.13700712320367450237 -0.05251194137184096028 0.88820838560099724113 -0.45643001628001200753 0.12709744205799830552 0.45928809236924933446 0.87914770569568079228
-2.2768438322616222358 -0.65403517715070891292 -6.535936939145783775 -0.96406312439649399781 -0.0097512146939370807769 -0.2654942673409212972 -0.066365368674470265331 -0.95880568866106175019 0.27620153734524349742 -0.25725071432283408424 0.28389534198919846864 0.92370206494157081067
-5.0723126164307839048 -3.3207103873268337679 5.6267086451924468449 -0.92968588366679871804 0.0059103339111928592658 -0.36830588600201097371 -0.022726119676977286216 0.99704613430165267562 0.073365724686350899941 0.36765157580937263271 0.076577242228841213567 -0.92680539746900625353
6.2069787108269558473 -6.2431883812744866091 -5.4828165612810240148 -0.99222518680502069799 -0.00046673759507156889828 0.12445465369209511575 -0.12200645969991455453 -0.19375719293981810698 -0.97343339473001999629 0.024568322309304654882 -0.98104940361845671681 0.19219382195795003954
-1.9951769681286488645 4.326835283404816046 -4.4763039262193595746 0.93634763129006581828 0.00065314728872854321655 -0.35107362016529281012 0.34073627749171614409 0.23919503316596457676 0.90922193402362050385 0.084568922060139134489 -0.9709713227009505454 0.22374715174551124131
-6.04355308871055108 -3.2696218019046949799 -6.869913856458352619 0.9664637984688548844 0.016292736299394899868 0.25628553020616645641 -0.19870091545579948722 -0.58477253415297858474 0.78648523793986169217 0.16268273555051038226 -0.8110336799690895937 -0.56192410297977013478
-6.5364157445068169494 6.2725139610069602369 -6.7724325358469750213 -0.9998580981169032933 0.0052493380964944947806 -0.016007125890791874812 0.014563753855354301739 -0.20820173188391455366 -0.97797747208930740914 -0.008466445734692547645 -0.97807181908591678265 0.20809573759813809746
3.7542906046155102295 -2.9625211616916033996 -3.3358739694751915472 0.85870045383397008987 -0.0012370555275240217863 -0.51247634118956097993 -0.21857807736961851197 0.90359507624953572247 -0.36842850360828488521 0.46352686511010149362 0.4283858166084144603 0.77564710883876464287
-5.9244906011134483848 4.6583270290205573971 -4.3482372728790092964 -0.99562999433072485456 0.0040778803924780351875 -0.093296759218050459572 -0.084307499861947951536 -0.46892784607665094487 0.87920357178580976765 -0.040164161339669685047 0.88322706370752501748 0.46722242463146090863
6.6953987091944702215 -2.2989676341592728548 -1.3496500774533299882 -0.99004981667048519434 -0.0028896220754460327784 -0.14068763483312213269 0.097300960109242620732 0.70820064238457069994 -0.69927417604818742358 0.10165571146024532379 -0.70600531174380054544 -0.70087275315648367435
-0.90068556099498797707 6.5279371419267047116 5.5112892324852227333 -0.86472379296228818468 -0.0066747745914954425411 0.50220335449788378046 0.46031417670486107774 0.38944790113451760449 0.79777264369395928245 -0.20090699492383118363 0.92102431004075546728 -0.33369237285946073968
-1.4376545033556025199 -6.7885985205577341617 4.5295671014526099896 0.83367907644523286947 -0.0020186797959284479356 -0.55224552730601261796 0.30190142109703699269 -0.83567264995186263388 0.45881015034774907946 -0.46242267400850212145 -0.54922413189367025321 -0.69607336072319969666
-3.0119255098329955622 -6.7696961612703683286 -4.9774363063457673917 -0.74516150887477416997 -0.0016812560407938456283 0.66688192288400449659 -0.24554779578466853773 -0.92905130486339726481 -0.2767127624756113291 0.62003274564875032748 -0.36994708582408092346 0.69188044343922494583
3.6801314913578626609 4.184800431257218456 5.4658963417282748765 0.68588088988023465653 0.0054032938000054377484 -0.72769376066677804449 -0.66567292356614737869 -0.39936094480259742845 -0.6303890819146517055 -0.29401864520470200048 0.91677785759828644974 -0.27031721382384410468
-0.91408547303628029379 6.5378269648953679649 -2.9459667329612972964 -0.83321370604286992823 -0.005059030243249704184 0.55292795758149071439 0.55294911969762228221 -0.0049463104697274823743 0.83320033907712398591 -0.0014802323685100065263 0.99997496979964051178 0.0069187199973024873789
0.83013256714580574425 5.1255722486350903111 0.82654127172126090617 0.9459042841257285783 0.0005390630718942548711 -0.32444536471258272892 -0.17214649731418316114 0.84846363680589398371 -0.5004748150312600119 0.27501030659769543085 0.52925340474018056636 0.80265818679924594292
0.28786983742732341618 -6.7068782497639327644 -1.7283146316629272032 0.90858730933757159143 0.012583452519539937292 0.41750539880772535861 -0.12735259586886538141 0.96029965536437233986 0.24820533481898113259 -0.39780701054195527488 -0.27868661365382857431 0.8741186153685941429
5.4771224986055457862 -7.10782356570528151 -7.3586682243762977507 0.98580706447974497664 -0.0018867871244353240368 -0.16787159276143337472 -0.16637648527984613689 -0.14460250293431761714 -0.97540195883084956918 -0.022434276627892990597 0.98948802730482432466 -0.14286408594434962804
-6.8787595114788686601 -2.3005961836333410631 1.9012436443734226366 0.99930925825752814351 0.0038918099377949089829 -0.036957545593726479072 0.025802115941973999269 -0.78837506050016170622 0.61465357299401746083 -0.026744292359673807469 -0.61518258899031919018 -0.78793091386836255907
6.8146727184781443754 1.8960267911401313956 -3.8229464878594345834 0.7353994388470475041 0.001849772675699690172 -0.67763134792050638833 0.13712989292723798407 -0.97971260414173844122 0.14614583727066107754 -0.66361363594281841394 -0.2003990809031595266 -0.72073375844620957142
-1.5843547575494905111 6.6710245425029537358 -5.0334373439886883617 -0.56418082137692004974 -0.0020631716230156463797 -0.82564868080385145355 0.77854038552791782202 0.33162959694675181455 -0.53281955531956570749 0.27490883742134791801 -0.94340741662958271796 -0.18549279596751594434
-1.8165013472443831688 -4.2227125120112276591 -1.2799765112960224123 0.9252165893492019233 0.0077546705069724136683 -0.37936015589199301168 -0.11297188826642051707 -0.94881979187962217637 -0.29492093007937830729 -0.36223143879922053978 0.31572277019993427727 -0.87698775197984080165
5.9392247158650040006 6.603576812022803999 6.8173806923971351779 -0.95907589279400284887 0.0028794445710030218757 0.28313449217692732152 0.26406989177283507475 0.36994328931560432894 0.89073512053217784867 -0.10217888294762805801 0.92904987567367225409 -0.35556406509977139807
-4.1501890739395026486 6.1901413694679865429 -4.7001456910739474182 -0.99111774736727886737 0.0021217917255138057583 0.13297033072634256712 -0.13160890213237305679 0.12793513269211120864 -0.98301154555919068034 -0.019097322669042317983 -0.99178026791361362235 -0.1265195338432918426
6.5795456683055419944 -0.44567075877083428548 -0.2194597172795081097 -0.97151533892289243521 -0.0078458947312140675523 0.23684676095230597359 0.078892170101757544409 -0.95314941363952776499 0.2920311982908864179 0.22345910528402632145 0.30239814353673544201 0.92661825529788355293
-1.2089366152434755097 -2.3641268890083968479 7.4103795152669285073 0.96649590623290038138 0.0038988939031326143303 -0.2566524144858949863 -0.010822172966190491891 0.99961449409894398421 -0.025568413314885872489 0.25645378493482595683 0.027489303619446944782 0.96616551086189828013
6.7432346740086179793 -5.7332107712440540936 -0.93149573748893110814 0.99784932811314319689 0.0025348864216763042009 -0.065500326220124832632 0.058830464274534033375 0.40605430130349318141 0.91195333261418809467 0.028908387318473238031 -0.9138454348213478351 0.40503188318809069113
1.2056657370402628082 -1.6935912447105143652 -0.47296885775332236923 -0.96012410945898241099 0.00068010071501899528948 -0.27957330326529139519 -0.25840797678467675169 -0.38384514359555460539 0.88650336901338167017 -0.10670994316218697373 0.92339722936622425919 0.36871472011463835017
1.9407709085938098514 3.0355325771007031221 2.7993911234294084345 -0.99966623695064427135 0.001772612071446405882 0.025773485356336330726 0.0071133524743989193229 0.97796628093943283044 0.2086416870188998185 -0.024835758847759844409 0.20875538601904447544 -0.97765248114574465621
2.2668123229605727786 -5.1923741094079112202 2.1504851252495211789 0.98391200703608672207 0.00053679315979610975687 -0.17865294361780767463 -0.14760524732980451201 0.5658044476348697005 -0.81122007987799171769 0.10064717269203254935 0.82453928886963290257 0.55678102314956201546
-3.2356260412611925759 -1.7191361991361635564 -1.9603876275327802858 0.99979760547433849105 -0.0081398674289082789679 0.018398115287376011484 0.015026039135535289304 -0.30597199119586515614 -0.95192192891621152384 0.013377826272850395703 0.95200571592923233233 -0.30578775417331061082
3.1998934373461276337 -2.9721817873730964621 2.4453018669124411133 -0.99181316965521071349 -0.012280965056588622267 -0.1271055246467344968 0.066330928580595430177 -0.90009373918293700267 -0.43061754329949647468 -0.10911848794805678597 -0.43552317800657064373 0.89353943226193532912
-0.73629310667315728267 4.2177892634883171752 1.0539268633653278151 -0.83281594378232848275 -0.0037992066955879399623 -0.55353696336417357315 -0.17502572944595934379 -0.94686699150400621683 0.26983123324025359846 -0.52515102381489120464 0.32160296396106563543 0.78790096824257194186
-4.9969395429900602679 -3.6510803958012720827 1.1333797149923587888 0.95965540401594540132 -0.00060648758230089257204 0.28117812453280138785 -0.25530209228119438158 -0.42091211774674008872 0.87043312828203700526 0.11782337297761949491 -0.90710121888729555728 -0.40408542596012675396
3.8391450888481828407 0.85334566599053796043 1.8761683900507799549 0.93391267370272623705 0.0016654789530226522982 0.35749733436390046526 -0.3164983056235026182 0.46885385711485244586 0.82462408599677061716 -0.16624061006536550167 -0.8832741855439827372 0.4383956805405885282
7.2293811072936424722 -3.5267178973100041794 7.3452630852171862941 -0.74271894923435499702 0.010514623404233007162 0.66952072794101757935 -0.53868368653184783845 -0.6032864713008122548 -0.58810315371534549467 0.39772911423820977994 -0.79745525030568265024 0.45373635014975272073
-4.3634214700507518714 -5.0942211625478579506 -6.6022707020220039453 -0.76545018075659632117 -0.007331909553507752822 -0.64345338905176985289 -0.090033093203655351067 -0.98887933965829433181 0.1183710003560349 -0.63716564793470764627 0.14853920256753314066 0.75627775479161540861
-4.2059535288044767043 -3.2494156327915324489 -4.5164526262190536343 -0.99974496268639578833 -0.010047921252643726708 -0.020224956407975006739 0.0034889302218103534006 0.81609629589503551728 -0.5779054102466903986 0.022312260062808716987 -0.57782858626493660559 -0.81585310439194891341
-2.5495638138993781396 -1.7489894525726730201 6.277866447370136882 -0.98256358088944528717 -0.0091609652326291486635 -0.18570106684011924991 -0.098375546030768631911 0.8731389783396517057 0.47744169952712028904 0.15776901296728534918 0.48738526980228902286 -0.85881577612846438097
-3.0575828509480129647 -1.11825688958862135 -0.093015577242365130028 -0.98909882287787165289 0.0033349278448323162009 -0.1472154775760366463 0.1394280907633801414 0.34277614086459362586 -0.92901255360740675471 0.047363763445845391553 -0.93941119618101265321 -0.33950446006196760562
-4.1777653994042402985 -2.7320714101404393048 1.5526524277431286158 -0.9926434017066078086 -0.0064024957751706978309 -0.12090527323516761515 -0.083033116457490591111 0.76276969023930962788 0.64131731710870143459 0.088116846400550785656 0.64663854486107175124 -0.75768991921522366173
-4.3183408680951904657 -6.84479763713906042 0.14308196719696281152 0.9912253767147092276 -0.00737795688828197984 -0.13197658242611526314 -0.12280603933775677272 -0.42074617154647914186 -0.89882775648676116464 -0.048897129352243641487 0.90714840289840525944 -0.41796034005630389174
-5.1933939335263232806 -4.5296973244665705849 -4.4964681399889396829 -0.94745649930589526111 -0.0086840614136336619078 0.319766741548324962 0.31054098976050642511 0.21487029032085966374 0.92595629055375139327 -0.0767494338849501051 0.97660398597113773356 -0.20088349604570368556
-4.9587956610514387634 2.7322646313330078982 -5.4306545571293973751 0.9944237096698310685 -0.012640257828496221509 0.10469818302396749488 0.086615546849034094623 -0.46845460612862632743 -0.87923149911779974186 0.060160058930684476297 0.88339713938812225447 -0.46474752439422817307
5.0524439551984743346 -0.23267920316651730106 -1.1150061993730098209 0.96601622376584062035 0.0069276537118478616686 -0.25838858921228907706 -0.25632554179640243408 -0.10316549692484720813 -0.96106924665545356845 -0.03331474213972372006 0.99464007955551270168 -0.097883809171234889557
1.4917160037314292076 -2.7836682224217961235 7.344157552355293106 0.99708374100679830754 -0.011165792189550223512 -0.07549396336501373872 -0.076285366856872205421 -0.11815877750303367677 -0.99006012246853325465 0.0021345311625596153499 0.99293193542343127778 -0.11866598245898962727
-6.773994385776181737 3.6170921597962282235 4.4792157477826339829 -0.9660879213370900942 -0.0049428276163633209569 -0.2581660254596633286 -0.15612453118070471203 -0.7851759371843330948 0.59926945394396158306 -0.20566783659604886969 0.61925303077325766221 0.75777729239405355877
-2.1228673957509771597 -2.3296512275785405954 2.632287253424548279 0.90938482566012368569 -0.0043999752857659894106 0.41593254149761804683 0.30546522245574209142 -0.67164780004867807861 -0.67496683663717238488 0.28233001386543304934 0.74085752537676896612 -0.60944227812275086897
-3.8945110759922925148 3.0391470140985017423 -4.2432692272525498467 -0.99695729835386903694 0.0011294840491602158722 0.077941449337242937889 0.024620254126807253336 0.95327280389114021908 0.30110596880209899995 -0.073959369560162288582 0.30210873146490224705 -0.95040008734576941762
1.3791804760731225521 3.8387568394342141964 -5.2822672764299767323 -0.98069136870984907617 -5.1847740225484037491e-06 0.19556185546048815427 -0.13645241090439649834 0.71636384887580095704 -0.68425402854660943852 -0.14008989576837690971 -0.69772690645912749385 -0.70253255092311905905
-4.7276488888799539367 -1.30757715934486618 -5.1912182618207900475 0.9378095172738807328 0.0080282732302203729802 -0.34705742484434393136 -0.27871404648545222704 0.61341684125042905684 -0.73894401625718364457 0.20695842481616624764 0.78971851041966589779 0.57750574429897283402
5.9207412677771342757 -3.1481963042732439284 5.4274682193043393141 0.79110107848075428283 -0.0018841620517843198773 0.6116825431218776421 0.10948775377021462141 0.984281752188698289 -0.1385707908708944669 -0.60180687550159173149 0.17659524977075138907 0.77887264835616587533
-5.938454487115252256 4.343589960461940791 -1.4014013606532178535 0.93413800220213216718 -0.00048026923271134169813 0.35691170082159412447 -0.08467808802802480328 -0.97174548807293270603 0.22031869602439405065 0.34672152262271493939 -0.23603066697238145322 -0.90778505715767365825
-0.11760046966119044876 7.2088764995864211826 -4.8587790722272119481 0.62856227975780276651 0.0072461471662875961974 0.77772550030000375809 0.77616472641844092006 -0.069842228757453744814 -0.62665012610386416902 0.049777283267000607681 0.99753173204323186685 -0.049524394364076330943
6.8247074861749865704 -6.8728902300390997127 -6.3317599249819300766 0.9997004717656092776 0.0084887992497364068989 -0.022954455751497609278 0.002480535902205434351 -0.96823433430818972578 -0.25003223953824738057 -0.024347765671367784662 0.24990040847136160695 -0.96796537755882938736
2.2132751195207749362 -2.8987285301337646359 -4.3178917857382579371 0.9923438329345772857 0.012380453568952305005 -0.12288385413092602072 -0.120256987353836442 0.32356960117320943127 -0.93853128354321524451 0.028142036692848339946 0.94612337333245610793 0.32258113429761986479
4.6719715423061538573 -5.8951156455486986019 6.8930013158149856523 0.98139245533710339764 0.013415185262689127005 -0.19154341912928535274 0.17459378008659789949 -0.47750778846800423505 0.86110587264721805134 -0.079911579651642722366 -0.87852509625895036649 -0.47096474887282679944
0.34108590295933738368 -1.6504670473281219945 -1.6161296490197762932 0.99951112177254397562 -0.00066697997869690720668 0.031258160383417603334 0.01521878549311961315 0.88371418237046528432 -0.46777946988444152332 -0.027311280104785590206 0.46802649392417972063 0.88329230437271077925
-2.1293193959525380521 -5.1743492592118744966 2.1389743909441514269 0.73244098898949150378 0.012129661985709106267 -0.68072246102813960267 -0.65684018773152930137 0.2756675001155671767 -0.70183217164848044067 0.17914007209130847209 0.96117651900162093259 0.20987742587271457362
-0.74824970903447574067 -6.8573851152431579692 -6.0290644790740230974 0.72723128736977216136 0.0035485391124464721324 0.68638332041267513528 -0.012022732009530644887 -0.99976737076515342917 0.017906933531066066001 0.68628719104006552509 -0.021274685041840848271 -0.72701944897702230897
4.2495621656259405796 1.8042594295575937746 -2.6203116297784632138 -0.95877607192970004668 -0.0091563054327591774512 -0.28401515094409079953 -0.037759676199220916504 -0.98651223502475293703 0.15927277544967144429 -0.28164277151789113285 0.1634312461463240107 0.94549858647945861367
4.9615086218077593117 -1.1780137210700931671 -4.6389752559635164531 -0.93481164845777109385 0.0048976312927678112424 0.35511011688683813414 -0.34137069380319651213 -0.2881551285414292729 -0.89466902891950117471 0.097945042345158023211 -0.95757121672643918942 0.27104267851578028869
-6.8067690692569176036 6.4845561576540706739 7.0877364167562406649 0.90588535284220417232 0.0042427382074028546777 -0.42350174341849683435 -0.39448417601068447302 0.37234195760020616373 -0.84008553224507898083 0.15412320520643579824 0.92808591508710203133 0.33897281872433615568
-5.8489030400677179955 -0.34410339836160985794 -6.4418743460535585754 0.90525278548242238408 0.0046101396006538748057 -0.42484837411628489923 0.28803953238969609574 0.72841295563622554532 0.62164925306965179708 0.31233094972659697364 -0.68512284495130271189 0.65806995461626283106
0.6365039914768737539 3.1328531219913942074 1.6559877168909040712 0.96203357821183133058 -0.0030116977913812979784 0.27291449955857693954 -0.039086778343511235922 0.98811161553396398283 0.14868644526512647674 -0.27011778570030053892 -0.15370870152098595196 0.95047883560082269128
2.5525294408611305386 -1.2233993018986366597 2.7598489047498682147 -0.94521047273887826012 -0.0080496965374253891951 0.32636232106402646158 0.28721619044962981571 -0.49573086406173560992 0.81960830300835230133 0.15519027729947904026 0.86843889410959163033 0.47088200754478343191
0.24403725932962122558 0.25049921962439497536 -3.2194583891614811932 0.96633693822573285548 -0.0070053482951848529067 -0.2571844608754181305 -0.14172733064529716152 -0.84877711027759872309 -0.50940237613988015308 -0.21472374244282319 0.528704399607252018 -0.82119752329582296202
-0.47159569211816820822 -5.8251336493704624075 -7.2448153889347590706 -0.99994429140727059124 -0.003323101561204779876 -0.010018536730564265094 0.0089587543653675411059 -0.76910515387408395771 -0.63905946750255115951 -0.0055816487196143210747 -0.6391136200085423269 0.76909207895882314432
2.116140505231187241 0.11019438022076648298 4.5792519279786496611 0.97657093714814569019 -0.0074934037385358046035 -0.21506523107647135262 0.18654755988099872011 0.52770368474417383986 0.82869103350395867391 0.10728099841085915467 -0.84939547326782893766 0.51673795812980005682
4.3770045548397940038 3.6450918407976731217 -2.1956873049010288135 -0.98367501492357789505 -0.0038272909499772493278 0.17991335931219790134 0.12836332036021036451 0.68576535039360364543 0.71641380652912656224 -0.12612027196740860369 0.72781263800750295445 -0.67407895750825574943
-0.1192821974296688764 -0.66289892960219309881 -0.92762516393840221962 0.74908553591708015862 0.0089988363024187251193 -0.66241216838530481148 0.21553952636526738096 0.9421938166870102993 0.25654146715690118175 0.62642922381865973058 -0.33494750744259038644 0.70384415519640974868
-5.6502204690240320772 -5.1295744720736449196 -2.0976520891483056985 -0.93867521480522186916 -0.0072805642094893692137 0.34472573808071949042 0.22407862723299773466 0.74699087399745522919 0.62593402446419010854 -0.26206413323433497276 0.66479442502874119825 -0.69955040027348847076
-6.1942562681261552626 7.4698840201870906341 -7.0576896673881872601 0.96566796395707910072 0.0034287802342037420993 0.25975686103171691244 -0.25877084648278897427 -0.075331974910929799805 0.96299675106753834797 0.022869901563858076321 -0.99715261470961513712 -0.071858406469506974634
-2.7505767862254564271 -3.7179094452607350796 6.9355535317756826785 -0.99650505501567321343 0.003449557677300067824 0.083461223810964380032 -0.079739347556525536076 -0.33694862615537862771 -0.93814031987923907074 0.024885975557479768361 -0.94151671460672947678 0.3360460747229336298
1.211034623232714269 -2.7039225069043926197 -2.8915386122050259488 0.93600298179464880288 -5.7510723429917733063e-05 -0.35199206633693258528 0.26694136087805986346 0.65193654046859372819 0.70973308860037975787 0.22943567273670020801 -0.75827352841462558608 0.61022989781033476486
-1.3212255617412860254 -3.7406567575027485084 -3.9893133434241923041 0.92658417014156313485 0.0001977568857320748108 0.37608740544633256775 0.37197430626059557746 0.147009660840327544 -0.91652783651217262229 -0.055469731611592687504 0.98913503654041545765 0.13614326411219540569
-3.8271293706027660342 3.5811623108599532905 -2.2755908230427723815 0.99539598816792196345 0.016104321472252998426 0.094485329914609464397 0.078807677302520487417 -0.69859665777891588601 -0.7111624707043925353 0.054554346640273740365 0.7153344396644996106 -0.69664945467044159244
-0.99430800410054986926 -2.0589252076233299782 0.71324104189388481956 0.92219758529178474937 -0.00079882654528517799825 -0.38671821208473972087 0.30527660240718951234 -0.61237212604336732635 0.7292506943897661964 -0.2373979985268787618 -0.79056925131280786356 -0.56448423288354210303
5.2707148595509165645 5.5188264450131114813 -2.8662408727127832719 -0.99193820311766933706 -0.0070961245142285985996 -0.12652369822446343783 0.12309526574640246299 -0.29112928491782791296 -0.94873141352754974953 -0.030102437548250485927 -0.95665740183201009028 0.28965575908916690873
1.157918420628153866 2.2249013290087176209 0.94730280786494491796 -0.98380816775540769203 -0.0017619476816467059127 0.17921602773796044272 0.17904239084581280439 0.035427580722937980495 0.98320328966306858032 -0.0080815430463691967367 0.99937069301864378534 -0.034538479953587677973
-3.7061675457525433686 -5.762234779720868616 -5.1522692176664763863 -0.80119198405287495035 0.010140751838291509057 -0.5983214602884197042 -0.4302173141452124705 0.68521411168081503007 0.5877028873192069458 0.41593805704600622652 0.72827109396549305487 -0.54462532661921914112
0.89383626157457840566 6.5961582547155170886 -0.74809437599643413552 0.96878712035691938453 0.00065140968438547920683 -0.24789330587175417708 -0.0017039016284579938318 -0.99995542642335755179 -0.0092866509348795266837 -0.24788830579487181049 0.0094191736245321754095 -0.96874282811196621434
1.2715069513331196394 -3.9290700497532666802 3.4982408354110390292 -0.9815247745079722641 0.00016498131606221006634 0.19133501981687164872 0.15894669136026243206 -0.55598092021411527064 0.81585609372217848811 0.10651322139895910701 0.83119503676283434945 0.5456828241095124099
-1.557906803508131377 -1.8083754784672101401 -0.60292050964044685557 0.96332562759539486219 0.00044665762938290304307 0.26833474563480469444 0.014597795946157929997 -0.99860499897811894066 -0.050744067331422448852 0.26793775316562307154 0.052800156370822165508 -0.96198830757743591935
2.1843522404060857767 -4.7557642265817738902 6.3579472935439405035 -0.9918671285113630498 0.0045411218876217854939 0.12719660998082596426 -0.10501328476842544668 -0.59386538009904388247 -0.79768171618880134854 0.071915293232806043466 -0.80455160712768825082 0.58951242740713494239
0.2537952632281964549 2.1044066189274945877 -7.1533143147832634057 0.91011171793804579444 -0.007765378016732309846 -0.41429018788290850051 0.25859075677998977216 0.79187671754948985026 0.55322878152805854413 0.3237707234754459984 -0.61063160998050147743 0.7227043347821773267
7.1147321119640913878 -3.2767285023597900739 -0.96029754515430532091 -0.81979791622178843635 -0.010448619300242769151 -0.57255759790006033327 0.5436588813181302271 0.29991049444129391777 -0.78389330657169598027 0.17990663501468437402 -0.95391012243220674183 -0.24018551371592911092
6.1143204627216807268 -6.5045107985692638408 -4.5029534097357482025 0.99095254797292897653 -0.019469284662150105475 -0.13279305185409867596 -0.082761900947122643557 0.69026910329863233606 -0.71880389035048186663 0.10565753838509517326 0.72329075203967452268 0.68241261169203049075
4.8662336419181020375 4.606606560581653298 2.7598252524569448774 0.99244603450919366416 0.0059237092686248949899 0.12253888466709279836 0.12229744697837199863 -0.12679155637572780968 -0.98436133390863245207 0.0097058255461141950543 0.9919116951121407233 -0.12655823185450670865
-4.2296798895011713526 -3.0764284715404350834 4.4050403395977095755 0.99946379051499223412 -0.0068926850431059588642 -0.032009722620876153443 0.032631115352611955727 0.2905687801661049896 0.95629754485908824435 0.0027095682711387593204 -0.95682928199641226197 0.29063789043089161002
-1.2803449272206293141 -2.4814136505517372377 -1.7625759661459698968 0.97339898907058319821 -0.020941697292410216269 -0.22815751881278634183 0.01194722086071141505 -0.98981997163586610267 0.1418227332431613863 -0.22880487754854803018 -0.14077595343433255137 -0.96323956466953664091
-4.6690402561256689751 5.5190528784647998606 2.6797140328231137119 -0.99635565706376838513 0.0084068794471045642236 -0.084880675155864587778 0.0031611039027376213774 -0.99080794873430166891 -0.13523910731388896767 -0.085237386510041854293 -0.13501456626202371081 0.98717052976579400259
-1.4535151651033002551 -3.0884500817509916715 -0.016071676560315970722 0.9281144590245563597 -0.0003369209470779867743 -0.37229482595607471529 -0.070759391235550889165 0.98161191179962670184 -0.177288361617564727 0.36550876802259107956 0.19088724707875232012 0.91102436817088039422
-3.6061366368023932694 -3.7231240364633140238 5.4464229553664527117 0.82479832512849793336 -0.004691654948821087634 0.56540756206387665639 -0.29553460936790815206 0.84892554643309692253 0.43816059987059507996 -0.48204462192927954867 -0.52849163189869741153 0.69880582244428268712
4.0011081101090200107 2.8258376018852024991 -3.8913504199078605694 -0.96900899195108591844 0.0081020506691370421798 0.24689254807090485477 0.22916663862376795979 0.40259864962436464619 0.88622625726312809213 -0.092218356414984534175 0.91534074753369831789 -0.39197843135121174241
3.3584303139895146373 -3.1100988045722295361 3.8988067526964300669 -0.88992443055212977487 0.010271676544301625023 -0.4559923251188969795 -0.39657312623401219653 0.47643159736707185736 0.78469273513850490431 0.22530926180558386029 0.87915153738778439863 -0.41991464710517301118
2.9063311938411229285 -3.6985371272126359443 7.2535727444842716949 0.98642770796767165198 -0.0081604726755797139109 -0.16399324266410489348 0.0045868334668172361379 0.99974395363422940974 -0.022158251972760098503 0.164132074600042005 0.02110530401225896649 0.98621256746710650454
-4.7251879541202690405 -4.1034053479066976422 -6.0225190507176451504 -0.72225197023353149284 -0.01158051872009574837 -0.69153306723530971745 -0.4602026618274491776 0.75443931153718923888 0.46801157598306775132 0.51629991433328548123 0.65626764112928981376 -0.55022466471971187563
0.53776820046061868386 5.8197869989847115235 -1.3802280011232337387 0.99989854247008458366 -0.012910456532034583765 0.0060187106821203966572 0.0045871423853005768162 0.69186324372499352631 0.72201399578347691399 -0.013485655003619166636 -0.72191313334407136715 0.69185227109170144288
6.7117162726159920183 -5.3722026671430533895 5.5273161841580034093 0.99857625941222449839 0.0055409044466458740735 -0.053054241266902515961 -0.046672234509351116782 0.57235016625386558875 -0.81868002889715874026 0.025829375997086782835 0.81999060090168807147 0.5717938944834555226
2.0584321809080994292 -0.18217692762622766933 3.0912684119422180196 -0.99750253679610212387 0.0058547625413371950226 0.070387575898083282189 -0.022717136504862053825 0.91701140316232632177 -0.39821353339536819105 -0.066877655418258574738 -0.39881801391841703586 -0.91458819748564512686
-5.4038525877313023926 -7.1056161187947211033 3.4115560494126411228 -0.96471691498889988736 -0.0084580234803156937456 0.26315344529968809351 0.15262726127847220381 0.7964483705797059665 0.58512811598441560879 -0.2145371600654298605 0.60464738057778955049 -0.76705629005397901743
0.79591321455991070888 -3.1362398139940430575 -6.065147644340103561 0.99971122373987397758 0.01008692103025968928 0.021811078665616413785 0.0011704413075183835169 0.88612221044824657223 -0.46345016799809130026 -0.024002066485519647776 0.46334186317931219667 0.88585451324132546969
-2.1012364890228867331 -0.172165746797628888 -2.3975151104715930472 -0.73092650934574854293 -0.00029468896690151217925 0.68245611660681260169 -0.15529277371602667746 -0.97369453258121851924 -0.16674265097152740633 0.66455292668623466845 -0.22785712712098868393 0.71165338280149126327
-6.5824901566886104831 1.213720541355413518 -3.9356919143665005656 0.91606307701666578325 -0.0071604138498862924395 -0.40097028244028404265 0.36937129159180720483 -0.37432493099517638591 0.850556109250426573 -0.15618350705044314886 -0.92726995773025611136 -0.34026039677942682138
6.1036768328084676227 6.6640834652522880077 -3.035724599520769118 -0.95060978142639351862 -0.0033967162643378438595 0.31036994985852328632 -0.14080693672183114407 -0.88640865611527752677 -0.44096836727233423847 0.27661245457785343937 -0.4628910851187343356 0.84215045763209772645
5.8898342817589499631 4.5823743243618801912 7.4443847032755154913 0.9861178979715489179 2.529507331086242039e-05 0.16604665205946356199 0.14892283539198719611 0.4421525183460054409 -0.88449032760060042335 -0.07344031861873903666 0.89693988086182763197 0.43601074496021613447
1.9896118676219696209 -4.1061258538491323122 -5.6467498093261969672 -0.99989252943298367882 -0.0052310755039271013972 -0.013695453011886281683 -0.012674700584098535713 0.77791909654467727986 0.62823660447013995878 0.0073676013214461263251 0.62834267329225390597 -0.77790179545409188222
5.3084761409273397703 0.54156810539771060853 4.4729724942425379552 0.9676552410312789787 0.0042510516560565047434 0.25224048656885811326 0.23752323442947670395 0.3215565557290369636 -0.91661556531296151107 -0.085006162193432960317 0.94688083200978911957 0.31014616290012803068
6.6569715344434587934 4.0631913336998879416 -0.73599431554574434866 -0.98617719405259307575 -0.0048560614329997628391 0.16562294707516034276 -0.16452687013956163176 0.14713661250768061972 -0.97533672455300490789 -0.019632904333923506535 -0.98910425938168300419 -0.14590172425405376067
4.3669940449952004968 -6.9667097399456290319 5.6181057440900978861 -0.98653628091016254409 0.0029591768561315033581 0.1635157782000714044 -0.1528997950885222501 -0.37147988631101697132 -0.91576435109056264494 0.058032914022382052488 -0.92843628609546680064 0.366930843009171892
-3.8457148480649512301 6.1453076398501744748 -5.9390969798337147623 0.95905856089674113019 -0.00015753251668976578359 -0.28320778936003720982 0.27950917985057815995 0.16161387922057815492 0.94644364460989671706 0.045621213814748685922 -0.98685405670084436203 0.1550412062108251221
1.5428517029918134007 4.6106513563429771807 6.988650387965130939 0.9906827943854656926 -0.004424197920797117746 0.13611769679715132741 -0.11882218528280433234 0.46031960030127822003 0.87976539705930678625 -0.066549900024065411497 -0.88774224415155200685 0.45550501507189283812
1.6027776657324475096 -5.8080401851840486316 -3.6982130069273502215 -0.87306470963003557362 0.0033868611500749434828 0.48759259835471591149 -0.41935720469073550776 0.50500593063203635946 -0.75439283195190087739 -0.24879217767584416166 -0.86310922784888344239 -0.43948255156410803712
5.7710488107484003706 -7.2390479969938850147 -2.8082344214662731119 0.56931036655139344305 -0.012207127849646325427 -0.82203205081482633165 -0.10280303472765146833 0.99098453706232469962 -0.085913813523894974611 0.81566981223276224799 0.13341901413618753591 0.56292284025342087528
-5.9259020729699178887 0.064306774175252892634 -2.2738363280363742547 0.87436155142620231029 -0.011031244643775518083 -0.48514965632152590169 -0.29198677237457970612 -0.81048000758876481697 -0.50780496458494661649 -0.38760237634157396203 0.58566241892448689388 -0.71187353435412281666
5.9730859307277457404 -2.0019974801309641244 -0.11918875185812258244 0.65269609305744158423 -0.0031549288204909898062 0.7576132631703798026 -0.68479043563289931917 0.42534513016334213331 0.59172931270303896767 -0.32411397589921736584 -0.9050257270766131068 0.27546063957727739968
7.1694844692236987527 -6.4594926005053512341 7.3780519874929408886 0.89066529326330934335 -0.011341277155117904935 0.45451810833963623981 -0.40562827568926845823 0.43176122463050731204 0.80563512017973715196 -0.20538022625728608039 -0.90191663713341230224 0.3799543950586908303
-3.9087961302568561273 4.5532804110374591744 -2.7995823017679319911 -0.85761114043928787787 0.0034216542052752599995 0.51428729721532273622 -0.12981321044446741952 0.9661592542153237817 -0.22290093290117637959 -0.49764612144437742058 -0.25792360841265776772 -0.8281447639361224633
-4.1455973104991077349 -5.3037732154495138559 -4.0882457777427658741 -0.95882063414060736406 -0.0027321777463708762576 -0.28399916681398790219 -0.10258799305990995432 0.93577319497813749027 0.33734882724014891853 0.26483711074208560188 0.35259192101517511375 -0.89751893685237726928
-3.2630842914142683675 -6.1031623607965794776 6.9120302797828658825 0.96780209500994218708 0.011635787394624700838 0.25144326068935723972 -0.099234051427508226939 -0.90038945006028670015 0.42361709273535486098 0.23132597764120305106 -0.43492924329357918189 -0.87024412976837650646
2.0294136125565054307 0.3059704937515607126 1.2366856994697188465 0.90127693999797975355 -0.0039154194219885116862 -0.43322574590937390493 0.43280885112479883237 0.052914714183806263459 0.89993140372530111559 0.019400407625248264343 -0.998591359122274147 0.049385439862131806643
3.1942909953679334834 0.29926106942863289762 7.1853397911339982329 -0.56716329016565847354 0.00034287278248364225913 0.82360529668444326656 -0.73536230986491879502 0.45012825173526860301 -0.50658348790688967345 -0.37090170600650251842 -0.89296385113166665271 -0.2550440845293569514
6.1643253558477377752 6.0025765464190721232 5.3483259401430567337 -0.97267019910165330998 -0.0012676818493346387468 -0.23218758959562244004 -0.10276500791405433766 0.89906197343115534792 0.42559008573795342745 0.20821151968113066344 0.43781955291278829012 -0.87462106203731837528
-3.5209580252057088856 6.7547022693381881808 -0.25716056596785097366 0.9273504180468419289 0.0030452926014271561317 0.37418167825453807485 0.31549595489928472514 -0.54404797056631104546 -0.77747932973479838559 0.2012051306268669848 0.83904858733906995116 -0.50548389043940200605
-5.5088347938892576749 -4.1431812666936220779 -2.7185871934052476817 0.75352767738522929974 0.0026845946388438738511 0.65741070295985259975 0.65717568622283351054 0.02397031878424159268 -0.75335618485220134932 -0.017780800097117230307 0.99970906606332832212 0.016298048315689830923
