1125 14.717824617146108679 14.977075390850430381 15.033177056927090831
-0.28005976989311576197 3.601526731447479257 -7.2146143821903194748 0.92683952312161055342 0.010117656951794500031 0.37532137082433902897 -0.30768500389000630335 -0.55241326790372802247 0.77470608609019331325 0.21517071538868703939 -0.83350897683335223309 -0.50888539847129099503
5.9819778757884094489 -5.787995982650515181 -6.1375241388571835088 -0.99832847350325115698 -0.016023385680031466266 -0.05552936253881186196 0.033995941264950750582 -0.93980943835084396198 -0.34000366992744207595 -0.046739009083696519964 -0.34132311773159829116 0.93878325205132517883
1.6052674814156768779 6.9214227460917117085 -4.4244115637585963441 0.9550894884596404788 -0.0040253225579413749735 0.29629017164284082719 0.29614712162169504195 0.046871553674900437447 -0.95399158267319106308 -0.010047456845664376815 0.99889281418702968729 0.045958615911803162024
0.57290064466369716722 3.9747094015452142379 -5.9166162955975316606 -0.94795740066792522072 0.0091358609598047573613 -0.3182660876741594258 0.12399537285175839252 -0.91008156599305278789 -0.39544492758269300658 -0.29326082934863040297 -0.41432846786594274002 0.86158575120854097307
-6.131312820656334317 -1.0821368585645478877 -6.3770802283542167288 -0.14505521796417322755 0.0055472171856769201398 0.98940801094538344262 0.37637165477695427862 0.92511898798335445715 0.049992354946689104844 -0.91504281933785236447 0.37963678227244845864 -0.13628115175632529721
-2.0720642569264877686 -3.5394859184692859522 -0.42740954660629865147 -0.99998062124819064866 0.0014252744905263216302 0.006060174970588592773 -0.0024914445205572732789 0.8004686425793534621 -0.59936945613809944344 -0.0057052460287779927645 -0.59937293969590643705 -0.80044957950394046708
-2.3372295246268146585 1.4454714236756083245 -1.7561833705773626235 0.9359055037555449319 -0.0051072489021317035371 0.3522141451570100501 -0.35030577208280000434 -0.11843610109612222325 0.92911719174846574276 0.03696963734583710165 -0.9929485414490981654 -0.11263409762915700674
-6.236263974236393004 -6.7525973972064852191 4.8475017804331903548 -0.61353258841182578553 -8.1545729110643096205e-06 0.78966940100925586687 -0.63730475600111358148 -0.59047441626257912706 -0.49515917816171461929 0.46628361641289478579 -0.80705635718502288789 0.36227010005236598422
4.0885608499224135315 4.3309549084132559216 4.8697583332670673073 0.96165020503693643406 0.00090320992137169625602 0.27427735481509057935 -0.2255709869446827498 -0.56628079177904444563 0.79274446999710423967 0.15603401232214628158 -0.82421189573671038708 -0.54436030156936543456
2.8817486851919662527 -6.1338675085015088584 -2.1205300630136636464 -0.96379604437530175254 0.0042314600154878066057 -0.26660697588896314913 0.037309349973167448 0.99217772215647426215 -0.11912757892741428212 0.26401741846150650339 -0.12476162231498691413 -0.95641483695432416567
1.6467325183898442464 -6.656132702564669934 -5.7590586082276979951 -0.92116338851043000346 0.014885860767817928052 -0.38889127377349458348 -0.38636914730616594982 -0.15477945695872918908 0.90926464888586600033 -0.046657193206242723871 0.9878368948630896762 0.14832860637569611484
-0.032805621310409607827 -0.6734720517468228973 3.3157364234060997532 0.99568476628102509096 0.00078248812512950703668 -0.092796734361869928631 -0.091290642461039489541 -0.17136033832434582891 -0.98096975134213426628 -0.016669276977216082591 0.98520811109206041234 -0.17054944457065779329
-6.5033795917940366849 -7.1132452932184806471 1.4260993778307231583 -0.86886249200955378846 0.015677201582492399784 0.49480520948104322887 0.44033138024340956473 -0.43230608687308946791 0.78690515491103596446 0.22624377461502884201 0.90159063471348832586 0.36871138014022686313
7.0731059325106340196 -4.9315376775201027471 6.4379947699896531432 0.97669147788511490038 0.0036084382620659612162 -0.21461765118460804369 0.18976881576505830185 0.45272861310512596544 0.87122017850778932235 0.1003072957954467409 -0.89164106121770037028 0.44149140915871565305
-2.1996036446272704268 -1.7612897471323436527 -3.8302011792893324582 0.52634851522842129867 0.0028472295488635728129 -0.85026415530749288596 -0.52633360623172997794 -0.78427964177109188437 -0.328448441090090415 -0.66778003524210993724 0.62040094840940973597 -0.41130583237377665862
4.3033052278683685543 4.1221706427823772145 6.3260051613183243546 0.99469436562771196275 -0.0015594125856006400659 -0.10286246750364130831 -0.03326761952088809482 0.94128408112736250413 -0.33597253475181859672 0.097346723005697743947 0.33761197675512927274 0.93623809400780622081
-4.5422275266368057345 -0.63923305824240050921 4.5857323266865206435 -0.61846124871964214265 -0.0095380122157481556783 0.78575741177230407075 0.75875351240168820155 0.25290513016311455541 0.60027668833239433699 -0.20444752688706227528 0.96744406632129020807 -0.14917502233825302715
6.5376896552291565712 -0.64566226540025228875 2.1806453632134044085 -0.00346155797783425246 -0.003046217108685694494 0.99998936903238966334 -0.66004597825582000947 0.75122520363432321311 3.6076844035738339644e-06 -0.7512172283732450051 -0.66003894884022518141 -0.0046110529482527203016
4.8571435108298999239 -5.2665926625816261719 3.310992611201548641 -0.99677575856640909802 -0.010919502944390516511 0.079491204480137564459 -0.077333289949229083726 0.39487710584475738118 -0.91547344775551309226 -0.021392741756949433529 -0.91866905669842624516 -0.3944483678062378762
-4.4041222660116856602 3.6451101337363707167 -7.3805168127467428718 0.81119485050245299096 0.0013014095572671273079 -0.58477450427603805405 -0.44376259010958213347 -0.64988318361548624846 -0.61703047839864610946 -0.38083812589792398473 0.76003299532791546156 -0.52660437510116797633
6.9301286119394323038 7.0072086642613164997 5.3225057705611522607 0.51963292041464448356 0.0033745999978086124726 -0.85438295868785951725 -0.04197986382902463981 -0.99868354498141165276 -0.029476567238038146879 -0.85335767357786307397 0.051183874981287305617 -0.51880718180035800824
4.4620827591347236307 -2.1432840270611146494 3.2712755920170852875 -0.63420247849038358101 -0.0061738466644509805425 0.773142354223129602 -0.52065935386741213353 -0.73583422649272178795 -0.43296862282652359699 0.57157768807641429198 -0.67713357230258341968 0.46345341918454940888
-5.7096583747275877485 -1.3901482603582782094 4.6226898869252623925 -0.85457411570678165624 0.012328809740916145746 0.51918309026236486581 0.26918976524447280063 0.86544881701173836941 0.42253427721378900017 -0.44411704656727152285 0.50084563049239871901 -0.74290894688721043071
-5.9079496534697995003 2.4530632805950722819 1.6387103714200819127 -0.92594592576560219577 -0.00068041634713447794042 0.37765550385479551565 0.37112673353375230656 0.18350763283402707349 0.91026913401926834446 -0.069922029538199079179 0.98301804954197302688 -0.16966562427319389905
6.7026291567277773709 -2.9314531461226538411 -0.27676805270166499051 0.98809710577895937256 0.0066197925099117840148 -0.15368893225711952044 -0.0046047645174941437968 0.99989876205443106727 0.013463349720745467972 0.1537624976870310689 -0.012595395551254048166 0.9880275554436883656
-0.25095472868415535928 -7.3786951030309442245 4.8538282541302475437 0.83111024145168910238 -0.0028717275398123130389 0.55610027848847265464 -0.47004921817080858037 0.53073857814104830055 0.70524484696434353026 -0.29716914215816281342 -0.84753071617121555903 0.43975241454167929289
-6.6335590900491050448 5.6151541238938174061 5.1510048831585182327 0.96262341294404440983 -0.00800577322403729294 0.27072508647558574113 0.033820086131954689435 0.99529266139205030406 -0.09082246392392179235 -0.26872358777402161056 0.09658377593709527309 0.95836277452728435566
6.0737149942309844874 -2.0106495393802621408 -3.8325653212980088647 -0.35505604116424160921 -0.0035959328105281940756 0.93483810197268990549 -0.77294588277353071248 0.56359587467046567966 -0.29140067322813545392 -0.52582304051477157802 -0.82604283140869283475 -0.20288758153766373038
-5.8808887242379208615 5.5455123361526847958 0.6258316720946411893 0.74883191700496665177 -0.0079990901150242214174 0.66271168288490978071 -0.13846591905303767822 -0.97974905666929534842 0.14463393521703249434 0.64813420626871509622 -0.20006948921033049227 -0.73477496565382360849
5.0438353680517735711 -6.2073786971125386458 0.11819094543274991094 0.93360721873239704838 0.015861178256502607431 -0.35794690130660639094 0.20444675780134363707 0.79683696235672718533 0.56855288113465718425 0.29424324011814773083 -0.60398615749564943389 0.74068997373966094511
5.8533413119187596152 3.0566705179819870786 3.5297214252391562184 -0.99984834504025399404 7.9411636708371508009e-05 -0.017414953745980170374 0.0069850070794623617121 0.91785851961188791304 -0.39684625190612682344 0.01595294945394070199 -0.39690771177900846522 -0.91771987650586417384
0.51543603768453005731 -4.825741741491796688 -0.94031406106360471142 0.9898968914124431917 -0.001050223023124294882 -0.14178519458602428793 0.13494263773642745097 -0.30000001484912403038 0.94434658659376180534 -0.043527335008208524469 -0.95393861863443474292 -0.29682736225789208007
-6.5171478877169413124 6.5883584228851077569 4.423083771416930432 -0.34539972218233849777 -0.0075203417344145810641 0.9384255305439276329 0.7676096115362094352 0.57300716552893926625 0.28712065848639645171 -0.53988379878780978771 0.81951585263054149699 -0.19214382918487474261
0.85714766791205321272 4.3066967534949061047 -4.0353269102588305017 -0.93681829801162286309 -0.0039579981258278801315 0.34979395472413071788 -0.348938320877890229 -0.060229396923269687414 -0.93520824845017513915 0.024769431435034825612 -0.99817671481413516865 0.055042903895867890951
0.5226344508612276174 -4.4126283969213329073 -4.7513895374780297232 0.81103758400893988245 -0.0038565368017765069841 -0.58498133683810504824 0.52642748723086052465 0.44092879773491922002 0.7269497204180054295 0.25513160919955463202 -0.89753380017244133171 0.35964001381282850733
5.0382471897176968056 2.8985996741277699762 -1.7985081376275460219 -0.99455917753702882678 0.00080586883796049304379 0.10417001944941732539 0.049009053038291977566 -0.87877655591645886801 0.47471030902201982737 0.091924725166629084327 0.47723276851749446559 0.87395579382250865308
6.7101367744246207536 -6.2043256339944674593 6.0259858185757231297 0.88827855800926702745 -0.0022497070487621610713 -0.45929962137926716448 0.39794328878121332238 -0.49557004288305767092 0.77204369792826121888 -0.22935200521230297843 -0.86856506458350957178 -0.43930898726303302393
2.9607245867214793122 7.4047499146799609093 -7.0462409590171528606 0.85024036966818228311 -0.0047065470224503021951 -0.52637359565386609983 0.30636495584036088635 -0.80872736402206368833 0.50209617058375832777 -0.42805586974064080419 -0.5881648570741369042 -0.68617073187626631547
3.0955556535306616439 4.1320454659219016946 -5.7061442743203567574 -0.89984198708140261669 -0.0025094208806462434819 -0.43620878153955644496 -0.22489955559565383281 0.85950259263746064953 0.45899399031194804133 0.3737707695610781311 0.51112522541576199675 -0.77398088850131308014
-5.274147270790914277 6.2485285785410029646 2.035509548347534281 -0.61713910440581731809 0.005587028054767300897 -0.78683423345128256088 0.25927794916297547401 -0.94268363268132360222 -0.21005359733297118696 -0.74290932884923888135 -0.33364105531576782049 0.58031833963496270989
-5.9273119732856622832 -4.1529844062379188685 5.8282531340376513285 -0.93974868194533645038 0.0010851388956779253053 0.34186435505280238223 -0.33545460426926859698 -0.19568740085709565579 -0.92150781310859741779 0.065898583115273676181 -0.98066572470909008086 0.18426099186761396576
-4.7463562217691075418 -5.6003605405250125315 -1.5395474034812242081 0.61681947773322876039 0.0013832637332108631452 0.78710343568700513739 0.42329156116300004076 -0.84366490416586237266 -0.33023292344498172968 0.6635947454110270316 0.53686834145841100252 -0.52097446943465508529
2.6895133982660404115 6.0983376547881000818 -6.4127157041771090107 0.82945344753898675449 -0.0079295020976675872904 0.55851956220194964864 0.092873258458686963612 -0.9840234639839037234 -0.15189595186263360471 0.55080081356967391937 0.17786215259431589764 -0.81546521596303611634
-4.7023792188770352496 -0.42908189834306442734 -5.3009496454864617476 -0.67240544082164044326 0.00064154751240210264318 0.74018275552074941359 0.32579887596139156525 0.89817560556728581744 0.2951875234256373659 -0.66462471784892118709 0.4396364065687333178 -0.60414717945508877861
-3.8160840787922278849 -3.5441704636083688484 -1.9951902802183849595 0.89515470416129139242 -0.0063177456230326944908 -0.445710827452285685 -0.045605918199271400226 -0.99595053393317667378 -0.077476668638682730239 -0.44341645869673834701 0.08968065593207033559 -0.89181793215231808247
2.5473919154803743581 3.4052076817046730284 -2.017373669702947403 -0.99987435921667011662 0.014395490001624607068 0.0066359361681016786755 -0.0014401612700369456274 0.33440442135896120135 -0.9424285696599046247 -0.01578580744631989316 -0.94231971901434319339 -0.33434167469833331321
5.3039741821100125918 -5.8128104385654246755 -3.0280262127661203841 -0.58913848007036628829 0.0017493881004753783926 0.80803019185031599303 -0.49862395231910555671 -0.78768224924357388428 -0.36184365187222383708 0.63583803399456140237 -0.6160792269406776267 0.46492620990652577806
5.0321040537596957165 0.55935069668269488119 -0.48652402929543353549 -0.98144329645505434812 -0.0056035500902275239138 0.19167069695150684705 0.15177901017254399885 -0.633563669152897746 0.75865684548449796587 0.11718441839478815902 0.77367026397287230743 0.62265731725370099259
-5.0033386216229311927 2.5883067593135340445 2.3617054430341890559 -0.95419774762659259615 0.0043322401361519120161 0.29914526591551793278 -0.19489044410138092744 -0.7676363823204307435 -0.61053427367836810014 0.2269898086307619578 -0.64087098251788343628 0.73332121921043991186
5.4932024474105345391 1.4585205395922153926 5.2619169526140705528 -0.56003869300830910749 -0.0005585378926898348223 0.82846626386895727556 -0.80995144957198506042 -0.20986305511773720167 -0.54766426525105904588 0.17417035244215270384 -0.97773063066060661441 0.11707904252306633452
-3.2668058916883548903 -0.88754178705761743728 -4.3306957069277558503 -0.53812314964008511886 0.00024525092542095321829 0.84286619084714353711 0.47004955280988991451 0.83014338593916914277 0.2998589279722651546 -0.69962625288398871959 0.55754990685449179466 -0.44683465358238549925
-3.6794406075374195275 4.891461311572547821 4.3034435105042900815 -0.99988622987919906215 -0.0091270652096733656533 -0.012009328823870273756 0.011528323403132069436 -0.97583468549821439364 -0.21820578438306012514 -0.0097275411927110928823 -0.21831940651116740759 0.97582888442748405566
0.89235714629449836011 -0.048527198179966465896 6.4919032130028870853 -0.91495720367986332899 -0.00097817215413958198342 0.4035496978236785548 -0.30390915007890051402 0.65958855149361961256 -0.68744612242487890263 -0.26550431998877493944 -0.75162622753455676783 -0.6037925721218260211
2.53439413769315669 -2.6344897194633034587 0.48351772289351163669 -0.90881544143372994249 -0.000817041113511237857 0.41719758610904517093 -0.24439596241878888683 -0.80940948120809319555 -0.53397275706162838915 0.33811995942970896056 -0.58724409249854669923 0.73540415341555209761
-5.5897444635307778071 -2.5460982462876016186 -3.6003422920382321948 -0.41333191329034885131 0.0035847395800289024934 0.91057337930437165507 0.75983223863542559418 -0.54972425146929382311 0.34707090986849137293 0.50180842817358439767 0.83533849246203850658 0.22449477594182809526
2.4904881180016285036 -2.685048568634114563 -4.5915727855680312786 -0.85420343096834772112 -0.0039049167350426036358 0.51992427347363123769 0.11182354254914494973 0.97519122206022446075 0.19104338708371243483 -0.50777159614691669276 0.22132969082786033144 -0.83257502611145328686
-2.7165810084573109862 4.2436686818533866372 6.3158269309193508789 0.95346321905786413087 -0.0079053865341449439108 0.30140569796780064538 -0.29870721014609064037 -0.16073872102006425688 0.94071093656413651285 0.041010882829097851376 -0.98696533294164523475 -0.1556198543277857449
-4.1021038532911680008 -7.4282575102095824704 5.8745779400097557499 -0.93930577537288173495 0.00097322390342621974135 -0.34307974756097220359 0.28623642551556294222 0.55351462056936806544 -0.78210630576930906255 0.18913849174442001755 -0.832838890573158519 -0.52019805198539847968
-1.9044261774190518466 4.8821616769378719525 5.5904498332328307342 0.99838403543162423937 -0.014330875424879823896 0.054990397387140815821 -0.0035690830575251988183 0.94995582301822478755 0.31236388389178476599 -0.056714896115252100284 -0.31205538021870354859 0.94836957998212689791
2.2769074733655165765 0.34546040026755314711 0.7589107210458305719 0.85820517539856699951 0.0036849246147376726705 -0.5132935790067815196 0.39046915367376322514 0.64440796379405229644 0.65747411829513857651 0.33319321263843110215 -0.76467300039248697896 0.55159540020046726738
-1.8181006192909414665 4.5122187220322427237 7.4676473583134761469 0.9949768017869821124 -0.0050419706006260747028 0.099978709924580938528 0.064775476442923946019 0.79388950674103464511 -0.60460200854611034771 -0.076323663154489143623 0.608041141386744588 0.79022823843732714622
-4.0752934385754420177 0.21516938485451442276 6.0547801723343299685 -0.27019673547196404462 -0.0061342063747829482859 0.96278559173491939926 -0.86962990588039068562 -0.42760322095854924607 -0.24677786007724722417 0.41320400644078347785 -0.90394571570315018771 0.11020250506791647027
2.4492409043343230657 -2.8413355623941032313 -0.98208913951584753121 0.69129003018664580971 -0.0026148751663639764262 -0.72257266526800056905 0.31409555692021723372 -0.89948789063019862766 0.30375239214331761772 -0.65073963709584892179 -0.43693786404661183465 -0.62098569039455930874
-6.2960402508817301381 1.0799317439218285575 -6.629980864682718078 0.92773097202790000271 -0.0040640557891487728154 -0.37322744672762475648 -0.36812205241307477399 -0.1751385236197471329 -0.91313342512005180041 -0.061655478811682339069 0.98453541378392983585 -0.16397750131550595243
-4.6931111561238543217 4.5705868941959888474 5.691904334304365598 -0.78059885962858721609 -0.00067305813346745218401 0.62503197305360691516 0.4739746182057797963 0.65124450076051809688 0.5926454770989592058 -0.40744752010922985486 0.75886767438192803681 -0.5080417021612855244
-6.2621369390543568656 1.6130815537388576431 6.4026050510196492738 0.93717848519245217087 -0.006075473568353859273 -0.34879732727385387436 -0.26715531614318122067 0.63046209195096580835 -0.72879735706813708607 0.22433128169955082742 0.77619626334701241621 0.58923241324400865704
4.6214072985680374472 -1.1495037366213398666 2.5040265403129113864 0.94767745696391036958 -0.0075403187409284044146 0.31914037844783899045 0.30872354214764308189 -0.2327164466642570595 -0.92224336808441953472 0.081223223811526704119 0.97251539784478191475 -0.21821225645783681735
2.0761918727298653842 5.3406813355282620748 -1.2777084263024014454 -0.023229627111348780111 -0.0097743527757545422413 -0.99968237278258109679 0.97733108916604183314 -0.21070718255693332566 -0.020650069455085143244 -0.21043841515714872825 -0.97750035562483839069 0.01444742812468511467
-4.5179161466637367539 4.3255511935786694622 -2.6025588261936003498 0.92327959512588275715 -0.014561084392110328761 0.38385252903365385535 -0.26893501464909064236 -0.73801793889629185852 0.61887274924892365924 0.27427859398773057897 -0.67462396687975478837 -0.68531288926395539374
0.10194071884305812292 -2.1234203356736132129 5.5212651542704511698 0.93651038654577423159 -0.0059424493952987171921 -0.35058947957252384331 -0.15262207700659902176 0.89326361328591907807 -0.4228316672028819001 0.31568148108809390706 0.44949394264500053264 0.83564370279649269335
0.82481565882079777019 1.7096677822925385737 -3.2261899032402578946 -0.98190095319187287171 -0.0088128967033551768029 -0.18918998644894169381 -0.18932958660101170678 0.071952982400355705583 0.97927374924546484181 0.0049825453688654933876 0.99736908974322657784 -0.072319244093504250759
-6.2872923597324499312 6.9340306027222284868 0.11448758147213411451 0.49072789599919042214 -0.0065942851684000422519 0.87128792456416659373 -0.85067352079397229314 -0.21998566326315754926 0.47745247824128633773 0.18852239418257377146 -0.97548081650121865049 -0.11356268546440137501
2.2501309521343948461 6.1547522723855685456 6.9851492304118236731 -0.98246990796647215571 -0.0056585440912780083159 0.18633534506118071272 0.055204469666662037142 -0.96353923948132857991 0.26181023759308791332 0.1780599518957881322 0.26750722393699516433 0.94696068486100948292
-4.9325379977948138333 7.2198889211320720349 2.2081573174263122716 0.86806177546832807845 0.0006751835371578108428 0.49645573629269434957 -0.34112546786959230261 0.72735354073545210873 0.5954748037913045744 -0.36069678282661321589 -0.68626261074505323645 0.63161812826402630172
1.8545023553680388684 -4.3152784819978018405 -6.7999373698602987304 0.66406605388464190476 0.0029444638955999089328 -0.74766811234030416955 0.58520051148255436413 -0.62444772436522244519 0.51730590649611452037 -0.46535646276660130871 -0.7810610537388433805 -0.41639763795416950831
-1.8273523345213296132 1.8264558569578974723 6.0373471187029359442 -0.98251084568646229744 0.011276447825145110432 0.18586360545562294333 0.069105568814671919364 -0.90479638704322407072 0.42019985524983144431 0.17290708044300232005 0.42569512531584202675 0.88819299806680507281
-3.0227123501869281874 -3.2253154087052631205 4.3880852621111294809 0.99954033707067013736 -0.0026806855458418512445 -0.030198153812649806971 0.0084714951694513530162 -0.93170820222879580097 0.36310888128674029263 -0.029109248328974116071 -0.36319779710879285251 -0.93125722109254771564
-4.199285208805734193 -6.9007648046303762257 7.3109521841450098023 0.91328682168769459437 0.0018996839991969986794 -0.40731262260380457496 -0.30931844648896256178 -0.6473769206830142231 -0.69658109450982108601 -0.26500807533598080834 0.76216764151174609676 -0.59065320302123835994
-2.5326193640264169638 -4.699492147407222653 2.3629959795661923394 0.92753320400598737727 -0.005399949717947896688 -0.37370174739964212574 -0.34337275935239186531 0.38249584203632436274 -0.85778323541534962082 0.14757135088223877206 0.9239414328667782117 0.35292339824787127833
-5.2987722696426482472 -1.6989372322066851329 2.0798634384156109434 -0.7161287770757439608 0.0051914106303328046502 0.69794886911548459363 0.69796495810665692971 0.0022900040213277707106 0.71612825187723549991 0.0021194101025311441223 0.99998390243903600982 -0.0052633604824692294122
-6.7091318161393820318 -5.0386023048786068301 -1.1386654304930490245 -0.6183077612349621166 -0.0043500976835244313176 0.78592403516284237153 0.2295711535547004245 -0.9573730798943437259 0.17531078503385313927 0.75165989506697061806 0.28882150637341136301 0.59294986263939586379
-3.2986104702522638377 -2.65340432180236796 -0.20448881646557903746 0.6698422763391733703 0.015817081137465695273 -0.7423349276256890894 0.73114525009964359548 -0.18825333080835282562 0.65573417380542242672 -0.12937522206925211599 -0.98199312797175097867 -0.13766462338125681764
-1.5851430645901345429 3.2958674856054512858 6.5107774743869386569 0.90776659701595829866 0.0027504273080617485867 -0.41946661427568449065 0.15926830290690419112 -0.92735614555082734878 0.33859147508206355326 -0.38806367136258068662 -0.37416976689560277336 -0.84226098835805729426
0.35612635294630817784 2.3333059846860648712 4.1140245220177211749 -0.91951435318597296575 0.0060619020858137502919 0.39300967879688564199 0.055343502667932011063 0.99191664503668786068 0.11418610253230351836 -0.38914065708604578253 0.1267462924198373142 -0.91241707916963354918
-2.4570424188672403965 5.0518975140040147664 0.86036213389518512162 -0.94395588950000708373 0.00041479076498769640313 -0.33007136596011371621 0.32153006504486164596 -0.22486671178400791105 -0.91981159984181837252 -0.074603592074658733879 -0.97438944466783605769 0.21213088923946493702
5.2144277190454593196 4.2335502586456623675 -0.22230244206069466051 0.93792292315504266487 0.012697676023121950289 -0.34661125089050454084 0.20985415741934662637 0.77488675570437615114 0.59624805949188264265 0.27615543238199324882 -0.63197253489187454889 0.7241193909214176383
2.1206064297117026562 -5.5984861146425153322 5.6367774160588108856 -0.75006323031734956075 0.0038786631526457233943 -0.66135475086989747862 0.6357210258835441774 -0.2715355909108824739 -0.72258369765608732038 -0.18238401184196265103 -0.96242058313437361949 0.20120311474627658455
-0.60955181089192989052 4.9901850394588986859 6.572299828032081237 -0.99610006565524122912 0.0019264116837460847596 0.088209682799255728636 0.0071836019799516332568 0.99821315786766584566 0.059320210067880706217 -0.087937790875838445226 0.059722528395290734593 -0.99433403066476344634
3.8047327560239034838 -5.9351585380693254734 5.2759525089905725537 0.99985524772511558123 -0.00071089594251915215126 0.016999359503734722682 0.0023025425085061502518 -0.98428165491927355202 -0.1765908323988591988 0.016857695411200822322 0.17660441222200248812 -0.98413754104250528165
1.048160789840477225 7.035344446029814236 -2.820731046531555819 0.5521091159660888037 -0.0020163147087907634485 0.83376942768500317271 -0.45015876744291549727 0.84100173359692842467 0.30012192219333344578 -0.70180667434945920302 -0.5410286670425524802 0.4634170619180769668
3.4995646931907091748 0.90984669861515043987 -6.200250592776709091 0.94776531367552963037 -0.008592196103754423317 -0.3188527628227935673 0.099760297926321461759 0.95747267144614112144 0.27072858436380237146 0.30296665353016122291 -0.28839600829433342799 0.90831654683191320743
-5.6462449882067131668 6.1454829564565773836 -6.2103902864679261242 0.89176811795475219302 -0.0020139383516802173389 -0.45248819636722786841 -0.045929818433660243859 0.99442240269025650168 -0.094944914590271295429 0.45015561262529268927 0.10545154849605489766 0.88670169467629722515
0.71608707077491895454 0.11087173600695261755 -0.15216240402897937556 0.99683719137689019707 0.0080674795420775605864 0.079060291306488339469 0.079344302858048637583 -0.15714947957190630867 -0.98438230514085467426 0.0044827995253129667222 0.98754187599520504293 -0.15729255438288386459
0.92131322543101845657 6.2088749465638342073 -1.5727299859776446844 0.52086696880909189034 -0.0052661916099058020055 0.85362161876874154132 -0.68416914909611914464 0.595441934121110239 0.42114306181532140672 -0.51049992774594532552 -0.80338108660577789433 0.30654306949470483401
-2.669877758540308843 2.7138988392812719574 2.4219649874607496187 -0.98653006997457481919 0.0075596604438923891561 0.16340524033834696871 -0.12361354436399303591 0.61979319465803484057 -0.7749684429093539606 -0.10713595421633409499 -0.7847287731373270292 -0.6105101472740712687
-2.9722007111065051888 -6.6930566301956959663 -6.1649529598103223194 -0.98314225884691242019 -0.0079223377168059980202 0.18267056532059727791 -0.18284127066723007693 0.045915554919551557211 -0.98206966736448597644 -0.00060713280783555086811 -0.99891390939433100105 -0.04659005267459438715
-3.2250877770913954912 -7.4069605572518701919 -0.79648285427556153593 -0.39573756195695647397 -0.0018628460408554349537 -0.91836175435441980142 0.25124529796741318366 -0.96206707796837398483 -0.10631433458613452625 -0.88332756229248621249 -0.27280664818487826428 0.38119411118291324225
5.2578192570432413788 7.2168305906871497157 3.4642429701199466408 -0.99936623098667853871 0.000646915173584644565 0.035590980096905880381 0.026508261239889224781 -0.65378692402403171258 0.75621423555841782438 0.023758123863959666744 0.75667842540676688579 0.65335542553380820952
-5.5873144225887285685 -3.0524516409668112082 -5.6349299506782175584 0.57295653527424783569 0.0037829335469198692443 -0.81957702389723330327 0.0061845074881691263283 0.99994092170931681007 0.0089389573242375352374 0.81956242016916158732 -0.010190314258871690373 0.57289929040070353139
-3.512097945282580902 -5.9336317733675612018 2.4716046184921647288 0.97571964577288228249 0.00086671392199446500859 -0.21902150958226063171 0.019939430708329122094 0.99548811810265358524 0.092767590349935410976 0.21811371336015808464 -0.094882324609449147923 0.9713000321841065432
3.6249854175265836531 4.6349129545957232779 -4.4964554720133884658 0.93776969205217564074 -0.0042664863990742258118 0.34723162552108477463 -0.15312117424902468854 0.89238659521390961693 0.42449978878571598129 -0.31167597062458546331 -0.45125155044205728094 0.83619981317802405396
-6.165746011516017866 -5.9694759287015193294 2.6537102936828884658 -0.87294503396347766788 -0.01114274738023623805 -0.48769130283329403808 -0.38757694602243059068 0.62293445865672580908 0.67951215671984110944 0.2962280854179122902 0.78219466848019569838 -0.54810621416904270475
-4.3715524578752917861 -4.8020205737562537962 6.152437170915729503 0.99575427210751044083 0.0032654112600726879594 0.091993296869531240856 -0.028069257373044852188 -0.94100394410456866812 0.33722943817251771481 0.087667247990033350669 -0.33837983726712878019 -0.93691703974312356973
-6.4749759901390753214 3.3007740120914403903 3.263605976963524391 0.88997555561402874602 -0.00033198051349727177896 -0.45600811418049741475 -0.20864340864531361053 -0.88948367243419335093 -0.40655470050389336256 -0.40547680382284345679 0.45696683278101768444 -0.79168799113017596092
0.24736428344810870716 7.1188742811420189227 -5.6246979705486630507 0.86352333358162547405 -0.00099139560983786591958 -0.50430791139426001113 0.26986890355726894652 -0.84386208198799883551 0.46375377246519117191 -0.42602608752636994538 -0.53655922666348387917 -0.72842705127520512853
7.0843623038793275271 -0.25213469652724757042 -7.4858073447732769168 0.99259178342037379661 -0.0041894751491011704425 0.12142487300495823088 0.11984512309203207425 -0.13048581946297826972 -0.98418016510708861144 0.019967422401180254243 0.99144132414237384765 -0.12901706408681232197
-0.86189621544149486176 -7.1068593214375832545 -5.818155075677077015 -0.97276602259676769879 0.0032159106938346379567 0.23176695881788883513 -0.091552286394457033092 0.91327016328828380942 -0.39693297633663532364 -0.2129423493277649293 -0.40734170761890214907 -0.88810376032142923641
7.2709098184173255319 2.8472426640494239436 2.6935535792626734697 -0.99448367062051534759 -0.0014661759448735143998 0.10488126237356411308 0.06792492765716938441 0.75292696802483449758 0.65458932547334691687 -0.079927674004362708748 0.65810244730500999655 -0.74867398497561399306
5.8280528051484843388 -5.7293772987261908369 2.116089814645770506 0.95771629103817690343 -0.00083034773906585576664 0.28771307999914941256 -0.073397099730256168404 0.96620445646535690898 0.2471068879201877011 -0.27819484472425776156 -0.25777559781522052518 0.92528880331482754595
6.9473539139256139663 1.5918241997727877735 -3.199672751038424412 0.21502581742150556066 -0.0011689929920492521994 -0.97660766497997397728 -0.56331568764206951805 0.81673058362291339751 -0.12500635916342908716 0.79777147974754869519 0.57701801291661691806 0.17495964926554061214
-7.2301844187126933505 -3.7590455238180715547 -6.4365340858971320515 0.8884049008750106724 -0.0080880368748112232979 0.45898945059846818495 0.41668441795038935194 -0.40537046142404575821 -0.81366386477595620264 0.19264170871987873479 0.91411671719997178442 -0.35676294566161037558
-6.1394337676001908832 7.4427842941571995539 6.0394241749811996556 -0.96043902488251831073 -0.0065423599617746991397 -0.27841350004785242467 -0.2429998090007387257 0.50805792318449838341 0.82633421780475790897 0.13604400871924945959 0.86129805771032119655 -0.48954844854828954981
5.0900979763941309741 -3.484024542885396869 7.143629920835405045 0.92764344047347802036 -0.0052732797079348128419 -0.3734298325892174697 -0.16069786767369717562 0.89696639409310674473 -0.41185857183344226629 0.33712585583373461118 0.44206728038697978844 0.83121758700087455818
5.8378334422858122466 4.1476226830009181867 -5.8264547054459754349 0.99994435086183131034 -0.00070940811601417040622 0.010525774065139919394 -0.010176398697057260564 -0.32791198099016333201 0.94465346748577683211 0.0027813825885363626517 -0.94470801280794258759 -0.3279009521907969571
6.2146395873548794242 -3.7202309797844139716 -5.7553670600350335107 0.990585149848237978 -0.0082857145123616249283 0.13664701912373847237 0.07472310432615128506 -0.80363426924818848196 -0.59041376929217248559 0.11470622729496836312 0.59506580159254451878 -0.79544903871637451243
-1.6951626541563895589 6.7918599191173871787 -6.1472347463247336563 0.89010844792767473965 0.0012872377065926594863 -0.45574696263030589627 -0.3891539039733733496 0.52261766777487705937 -0.75857103316150553685 0.23720495346834841177 0.85256619470198291566 0.46568733470168249822
-1.9419746386949012784 4.0726385550043895378 -6.4800861455252096732 0.94580597970474455938 -0.0038581574570040618431 -0.32470935215331148127 -0.1253193114416728815 -0.92680549486635288581 -0.35401503480110579902 -0.29957656606371685371 0.37552188925085322468 -0.87706168070373335954
-0.34746889378915130075 -2.1401947747867220428 -5.3010138108889366393 0.64045824901239778448 0.011897017370460453295 -0.76790083490611249495 0.51064010277392857251 -0.75343768585764436807 0.41422015760769409498 -0.57363744360963564439 -0.65741167810372902469 -0.48862047519714296717
-5.4337877972612718125 2.0427423129095565457 0.16739682132439603901 -0.99995742486409000538 0.0024158780873482425637 0.0089057280600722751873 -0.00912573154846512552 -0.1159034495715178803 -0.99321856174816891549 -0.0013672903561105901899 -0.99325754661633047782 0.1159205616212997253
3.4614679363850595628 -1.1715059157628910924 -2.3183470823466372224 0.73018466993642416885 0.0054072401525594761262 -0.68322844608801147626 -0.1100556590944460067 -0.98598016568705559859 -0.12542274424126850785 -0.67432788737475490848 0.16677492205263291791 -0.71935250446716247907
-2.4635951080440774419 5.9856212629944831605 1.8941000389177584662 -0.83654753675830439974 0.0076436449913311029294 -0.54784102934611667024 -0.18562575782333998187 0.93681341874345569476 0.29651930206081428265 0.51549131590770636002 0.34974589797928362644 -0.78227010045784739489
6.9814962363086667807 5.5198790356316287387 -5.2114700330734500255 -0.99129899323392833832 0.0048909804367014888399 0.13153852790554895758 -0.13117264756196611586 0.046473101578767730957 -0.990269653862630439 -0.010956392872944158492 -0.99890756786608447815 -0.045427175954463647201
5.2629648499751544577 0.38083686406153782755 5.6364536199296733088 -0.92669557027946725114 -0.0076920180179580553009 0.37573415187228648149 0.33215780503648617561 0.4509305653752537224 0.82845206123447190372 -0.17580248171667639534 0.89252588649801944953 -0.4153203936158099685
-6.8589357113514042297 -1.3832988082540713659 2.5502818991999669507 0.39703977900366183018 0.016470512728043316258 -0.9176536035450478801 0.1033610971055741734 0.99267591126554333147 0.062538138750824631695 0.91196266233543876734 -0.11967981201427495275 0.39242941416567983515
-5.5444427076731770399 4.3638982301130582186 -1.8995717011270771835 0.77243373913572743739 0.0041825449417657589724 0.63508158921709800815 -0.59831649190453095599 -0.33056265983978733169 0.72989430976997971001 0.21298707510020992162 -0.94377477940308551752 -0.25283526574188014413
-5.0176129592110356725 5.4513616158427344871 -0.14624049280363077274 0.96073086067026003398 -0.0072845421436878183413 0.27738628084612781954 -0.19227422615213704549 0.70328438085304822991 0.6844133996392507413 -0.20006707703535300813 -0.71087130698463973921 0.67426637880928841362
-1.3097048190165263559 -6.5860246771306085733 -4.3917127304580603209 0.78737707024556102819 0.0024585193107257785963 0.61646679142862137457 -0.53959550963211422303 -0.48083429447852360505 0.69111147236768177837 0.29811748562673012763 -0.87680803881825020163 -0.37727129207968174152
0.37409406799930966514 5.5872234740699004973 -3.5428608445655105363 0.86074740329069088229 0.0071367361947105934297 0.50898229313487053371 -0.35643104031383365804 0.72231391597753535905 0.5926377648157937772 -0.36341549393103966814 -0.6915285054006360399 0.62427358184483716652
-3.7934827229245073887 6.8636265716651410074 6.8438986133781183341 0.99887015752581986838 0.00077274585119860295102 0.047516431561013393325 -0.038668809240705738495 0.59443679683551686743 0.80321206275793632923 -0.027624836585052693627 -0.8041419634813979922 0.59379505805613252978
-2.3128187266891968576 5.7360813858026888923 -2.806170035197759649 0.63613260057159781713 -0.011629693593279893937 0.77149210282217972612 -0.53640027940408241403 0.71207150489979875729 0.45302197757394357946 -0.55462604946502502834 -0.70201062822202686675 0.44673372731192406704
6.0872840601042677022 0.3375044750999668941 1.4587544507978467134 0.99818097272002925813 -0.0070370439850561284506 -0.05987675434992952711 -0.04444244866095077573 -0.75698712714858862327 -0.65191668032679261913 -0.04073836590435276489 0.6533918956822606372 -0.75592289037977056232
-7.0782088223208985411 -1.8598337314322270775 -1.4280573196280867965 0.79666177109441527193 -0.00071163486824352356966 -0.60442494658352641235 0.44863135417110966419 0.67082499601280820567 0.59052835052937946436 0.40504312181704710261 -0.74161534389485761487 0.53473989113256981121
-1.6799523659525619212 -3.3370502351280082465 -1.4007593321521756291 0.98215023583595395529 -0.0027353254516505063135 0.18807826095012905587 -0.10311567184617727311 -0.8440875644132923572 0.52619705607562994309 0.15731520100441087617 -0.53619837895834487895 -0.82930285537631909243
2.6436266818811562374 0.064426258350036361144 4.6037279160164485958 0.75028868216847854899 -0.013023847517936342974 -0.66098205180307323392 0.58114415388116558159 0.4896435559227433898 0.6500158925388903608 0.31517989437730037361 -0.87182542262723561333 0.37494275115163766543
-1.5236446685237450271 3.5646078517191028823 2.7062944240086435066 0.99493535700138602262 -0.0083335210588866177883 0.10017079322546271203 -0.061001633168150951048 0.74199787626788693551 0.66762111437904436695 -0.079890150453383754203 -0.67035043375882186201 0.73773156352424473781
6.8403864097316269266 -3.4225960984924266306 1.5732174204659170602 0.78584715617445677349 0.001102468284569760662 -0.61841978598378433141 -0.19424058868863228189 -0.94895124715258627468 -0.24851986687924673691 -0.58712421244440360368 0.31542085392607493999 -0.74551649483429938137
3.7475132086585558611 -4.0830005544469196721 6.3508494363781293757 0.43689048005598241087 0.0077008500896208770953 -0.89948174264101388165 -0.6296450752941004092 0.71675138138230221063 -0.29969073466579732035 0.64239690814517003137 0.69728627850725988235 0.31799065742736998263
3.0485891638772240064 1.2522405603584003675 -3.8942015465334671731 0.56427339451997615694 -0.0062190170670108745749 -0.82556457049921938562 0.47313869258127011497 -0.81703111717527554525 0.3295450366033411127 -0.67656138954223310478 -0.57656003797871635541 -0.45808646431267757704
5.2306038281861653161 1.3784072864907301881 -3.85906324111750898 -0.98987840772088608876 -0.0066490528001235836217 0.14176222354633222222 -0.12915085458062661172 0.456274287057139738 -0.88041685111743539505 -0.058828519351018938865 -0.88981434303306117251 -0.45251479560738799846
-4.6190984720500765093 4.1809157984677609576 -4.9226521070749740261 0.93444156337023320802 -0.011599355022902572629 0.35592754825845929201 -0.35346719484585653603 0.091477373611917975338 0.93096338933647848624 -0.043357892177004031531 -0.99573959702331382715 0.08138026852894050811
-1.649522028573613408 -5.4921964179841911147 -7.3424691687847802868 0.97114091736961172252 -0.0016571608998734404898 0.23850067594936333326 0.23831866643326587996 0.046413708264791228575 -0.97007730666928893015 -0.0094621266119858677551 0.99892092855393155304 0.045469183598544189728
