1125 14.717824617146108679 14.977075390850430381 15.033177056927090831
-6.4518929256241008829 3.1400139847357979583 2.1325924826554643055 0.75528722417758142882 0.0023875398252357531506 -0.65538958539762026678 -0.45894183336861432698 0.71581633866652272236 -0.52628828875658639763 0.46788203917050175118 0.69828451862524998361 0.54174267735696302051
3.5786784244952496437 6.2424073786785703177 7.108431935570488136 -0.99776560525693380743 0.0011666993285312696714 -0.066801465395084608234 -0.035164863576373800447 0.84098130711754903732 0.53992024730369381214 0.056808708275331326609 0.54106291675884521375 -0.83906119608325802073
0.56317823877859807258 4.6621325918028047042 -6.0267040448642577033 0.96514372191898945008 -0.0083357913352736668494 0.26158767291884660322 -0.042262471723774674981 0.98141154888223558483 0.18720377988813696746 -0.25828565489411464684 -0.19173389450857616922 0.94685090387694137437
1.2870501026185361404 2.8155057098961280282 -6.71104158761913272 -0.82919231464563603051 0.0051829321164967787072 0.55893939076370413588 0.55330213918139448115 0.14956862569884152303 0.81944247448115226096 -0.079352681806791378061 0.98873776271630053891 -0.12688888236879047877
-3.8125159702660078587 -0.60602301501950950335 -5.3185963478616375966 -0.9865578631983891178 0.0040105579132384003641 0.16336308636503341085 0.10955849421192041804 0.75797153696748953422 0.64302106146938231568 -0.12124569644937027713 0.65227529814673168573 -0.74822217056169615379
-0.21157041340632501414 -3.8465288388483767079 -1.1797114274596882666 -0.98931730125654115948 -0.0032035453466579336124 0.14574297489658508131 0.14400747404544941843 0.13387437522476100527 0.98047921909500523885 -0.022652259347535327882 0.99099313264797028733 -0.1319829011313603806
-1.4901404905965784931 2.6927494018270867748 -3.4587388843961357487 0.97095184193214278956 -0.011792909967088580081 0.23898420015355617552 0.2127464313376335181 -0.41455096726365570081 -0.88480870898396501989 0.10950560077753666854 0.90994968147443822115 -0.40000012572877974293
-7.1011685704430265176 -2.9198211568247605108 4.0535020479994807729 -0.9917882244897955335 0.00039445367356496976313 -0.12789043032937666422 8.1621565010792963835e-05 0.99999699216404969171 0.0024513263365707350233 0.12789101259060778326 0.0024207579779340318744 -0.99178527354925827275
-1.1801294148249794613 4.8627274815835876964 2.7181750758390941236 0.99779155167894451051 -0.0039973834293900428055 -0.066302641907555026624 0.039699214330662563333 -0.76439836346924383559 0.64352087324898832321 -0.053254030643006287915 -0.64473185344861283497 -0.76255153620521998192
-3.102382465968995362 -7.4389634766161893964 -2.8512463122263067561 -0.96900003609196960763 0.0083023854459439178771 0.24692104092130628956 0.078997622412396314995 0.95737878912622975669 0.27782229893311310986 -0.23409037935585899626 0.28871599284971066757 -0.92835594992757586308
4.6372711001204960368 -7.4877658460926230788 4.8757478781213805519 -0.97020667867250054428 0.00019483337152532628767 0.24227868808303007486 0.23873229238882706649 -0.16970610323029425293 0.95614158527766168749 0.041302460339039163972 0.98549469839585868147 0.1646034817481298318
5.68851267135383587 0.033542137065917035366 2.0775265999759793267 0.95244077643110125475 0.0017256408945897968449 -0.30471886970581307796 0.30392046450503884536 0.067181871470551865477 0.95032570595592102958 0.022111504840571900854 -0.99773925366754012689 0.063462296243271668073
-3.78420571011582485 6.2398503783265315548 -1.3973438320356672548 -0.98536684153333586877 0.0028913052656774976268 0.17042249839874909489 0.019582840366628859879 0.99515555294033097855 0.096342814030601339748 -0.16931833914193364365 0.098270370946811888557 -0.98064990400460627651
2.0271030925226480868 -5.555953337693616767 7.1654271196951899725 0.9144019138430873328 -0.0062925194422262294841 0.40475862456443062465 -0.35759936846978723768 -0.48115480638866298113 0.80038287335451374638 0.18971513284460778115 -0.87661305972947833887 -0.44221907679525324086
2.9048096824589162424 -3.6009850753823999803 -6.1598965133017440365 0.82646972763159698427 -0.0067628617949743920906 -0.5629405412731792735 0.56109896155455807332 -0.071802209786963971938 0.82462864248829848002 -0.045997224383476920107 -0.99739596267983721134 -0.055547718035660546831
5.4443996062738246877 6.0020955212702808979 5.9546386631190548755 0.98104727587394480182 0.0024716096904234411205 -0.19375276422773934915 -0.17464788010538306873 0.44439288797671500086 -0.87864274827161925607 0.083930688517540569249 0.89582858419513777815 0.43640209356019377118
-3.7214690707925881519 -2.4874524349842030979 -6.7455888666809213916 -0.76584152872220112585 0.011319457251586102428 0.6429297183767223034 0.10965060286281545776 -0.98290233370239410426 0.14791804384271256545 0.63361147257311489778 0.18377941204050599056 0.75150624051557857186
2.759825411486119151 0.068581191737200591918 4.3994944537518261285 -0.91378064067588826713 0.0074285262625923753274 -0.40614007155606612898 -0.17976943800623909619 -0.90398676460475846373 0.38793153851999334636 -0.36426348964032939648 0.42749590222268502027 0.82738102691444737058
6.0954500678789846901 -5.1335381832412227965 4.5816847111819587468 -0.91355194056422739379 -0.0034927626401788924859 -0.40670708439900260522 0.38843690455219326285 0.28896524019000319194 -0.87499477778094147951 0.12058035940053085655 -0.95733321814880745215 -0.26262803802291606603
-5.5466785839750949449 1.7269672581850337156 6.89414128621466471 0.82569881778658460458 0.0028647870463393335615 -0.56410394015720388694 -0.18301117880404688121 -0.94453920483388120743 -0.27267672978160167885 -0.53359944784324808698 0.32838618047492568186 -0.77938061673019709552
6.1589131055756798361 -7.2099224857129051713 6.6002399754756941874 -0.97636394712847696109 -0.003289817411990438728 0.21610788937274413857 0.16777345979446717239 0.61881435063397494112 0.76741179665024694678 -0.13625530791985399071 0.78553037913933765335 -0.60363607787543571703
-5.4180100197859610844 -6.3877987271265119773 0.54249064228811139099 -0.95441951797131385771 -0.0028633555316321048119 -0.2984546613979965346 -0.11797875672070948228 -0.91489888886588455197 0.38605833252845894732 -0.27416126035185717225 0.40367291752983969211 0.87285954137829324662
6.0171290241619326267 -1.8215289459932491045 -7.2155641838516286768 -0.98757454973019598299 -0.0075936507001177350196 0.15696765652299043969 -0.15702120577735509399 0.088303474336714149473 -0.98363958712338583901 -0.0063913739900187463427 -0.99606467304546830732 -0.088398628096866896375
3.2972654173094158025 5.2309605022495597737 2.0983844845509365129 -0.91304011408335694622 0.00060960774084448609254 -0.40786931541020815528 0.28137766496684801787 -0.72298976055835206811 -0.63096150103282944155 -0.29526997770271251609 -0.69085847646694531488 0.65994712345858175251
7.3429319635861869386 -2.4756879800942139802 -4.2472472404315357863 0.92442078547383099707 -0.0065064472005944918101 -0.38131860370129883053 0.10352098101830331522 -0.95803375561852921471 0.26731017486133845651 -0.36705533353010322273 -0.28658155774610760691 -0.88495276308230153006
0.032070146087819911829 6.5361872660767863508 2.2941136289600150278 -0.99147947739781272514 0.0059819927677624996215 0.13012556113762313581 0.012137545356584457726 0.99884160277234812497 0.046563210411203162509 -0.12969628326044058131 0.047745872424829388647 -0.99040355702849180997
6.4528519814952298717 7.3809301325180900477 3.1404118323837173499 0.96019993497151090445 0.0031307896531784056016 0.27929604908952487818 0.18254924468728503384 0.74978976605050939863 -0.63599613205589911047 -0.21140448941533646066 0.66166872744756421998 0.71937656131747429455
3.6573255473779933133 -4.7390092810881982999 -3.5546456746620003209 -0.92369983453825610376 -0.0016395249156885153066 -0.38311346574084154115 -0.16298400535730084293 0.90667136553797267329 0.38908000322706687291 0.34672010277979803394 0.42183450175580028407 -0.8377594066657513272
-3.9141842461045346369 3.9117684374354237953 -0.44215392309724282915 0.67563356404983798686 0.0055386651261330084595 -0.73721680007859413664 0.31998408993086091545 0.89866935944837222916 0.30000594090739346465 0.66417578194371229561 -0.43859172994630535314 0.60539889750663566925
0.88058295006402131921 -6.6498928684926923438 -4.4085802835579581682 0.9962635125256095181 5.0065888840820189313e-05 -0.086365566653625436278 0.008068397093618027982 -0.99568044055915116974 0.092495195854285353065 -0.085987874600596869712 -0.092846420400559320774 -0.99196049701615984784
-0.47105693110877683294 7.4014137156428105868 6.9248860708998121183 -0.89422990194687501653 -0.0004588023044273569287 0.44760772107329793723 -0.24512086588016138156 0.83722603912003701332 -0.48884386109423372258 -0.37452455670381351593 -0.54685679013777888091 -0.74878502088775822365
-1.5465710060685036176 -6.0459821885663007635 -4.2633115372366070517 0.96397552616652670832 -0.0012017490017138376251 0.26598823423511186448 0.26366298134914045725 -0.12769482908811430333 -0.95612544307233771068 0.03511434490686779486 0.99181277790899435853 -0.12277783333429445611
-1.6819077695520485705 -6.9897179153204769264 6.1610785449561991101 -0.9697377595821119467 0.00035128325783406223748 0.24414863145380713561 -0.18663446146251508329 0.64364079830174181218 -0.74222240639584258215 -0.15740475035809836646 -0.7653276418382012336 -0.62409722415918567062
0.74010696223845984232 -1.380863667644693038 -2.7843726260720238486 0.99999624252450736162 -1.491741861845644751e-05 -0.002741297952987793024 0.00078825862210689726095 0.95931761659484160454 0.2823279815023287953 0.0026255638139786111052 -0.28232908151359825677 0.95931402374111651721
-1.7774623332296521916 -6.470114125269319949 -5.974320319064476692 0.99232127790590252125 -0.014793933514727290734 0.12279910808465731298 -0.10469458502428312385 -0.62911391207471656362 0.77023030938846648308 0.065859891298335443421 -0.77717232655648804673 -0.62583196590859002661
-5.8199787691750639596 6.6327434749275751003 -3.1647183850971445374 -0.98448499900717623134 -0.0011079564481281884217 0.17546526483080768233 0.15792135507382348836 0.43029280715709894434 0.88876821822139195906 -0.076486157840864613111 0.90268869082380975843 -0.42344184384322081094
-3.033236754270411506 7.038223420860148849 5.2541080458706739265 0.82411977905838795788 -0.0038165302837954665632 0.56640270467339581817 0.52763527015210942572 0.36881913082625494837 -0.76522772455521503865 -0.20597963845055469734 0.92949334738505429154 0.30596487659642451762
5.5586898004674445417 7.3447949649361845559 -7.2197422176464556287 0.9946438282079989035 -0.0056960345199759043408 -0.10320470046663789143 -0.021833799615374568232 -0.98752806812063287367 -0.15592177483704211527 -0.10102940266088707155 0.15733998177431832155 -0.98236306421469088423
-1.8383849466011366047 4.5671228829791310488 -4.3755818489053792675 -0.99661146719118443027 -0.0053522539686840491652 -0.082078845267688591014 -0.073599012903828531229 -0.38752134472669036436 0.91891805547662896991 -0.036725587301067244561 0.92184519348889715218 0.38581429532694594409
0.86879531812893706633 3.3562718497006489571 1.4221772196767157315 -0.9352443823299481096 0.0016056165810116318493 0.35399910637713311035 0.35381877141606499215 -0.027995597239188527161 0.93489492646431937573 0.011411499200526663278 0.99960675694529987911 0.025614627761899322334
4.7764302756130225802 -2.5749543557211906908 3.5542955466787358176 -0.40763572540614051443 -0.0042921666790158817528 0.91313454248423386872 0.002761248039857389959 -0.99999017498967757156 -0.0034677706442667469502 0.91314045517748310132 0.0011078037634561920151 0.40764357211776491852
4.9269292689730388446 7.1606120480467048139 -1.3412610191388119052 0.88144347376038845177 0.0051413549448740365408 0.4722615472749084331 -0.2255003303096207723 -0.87401885944294432917 0.43039590421879519999 0.41497831701840337537 -0.48586479580994296201 -0.76923884236127537672
4.8793763597433468249 -5.6799391423730876127 -5.5224673847004916993 0.075258078175344148009 -0.017531491726962639133 0.9970099640762082327 0.53181545345106762124 0.84648349997045757576 -0.025258815258948647681 -0.84350965918598186377 0.5321262360338311348 0.073028239637318789756
-6.8024360222558950539 3.1002015326272056583 -4.5966028969119712144 -0.95326289890735815824 -0.0025011407244119078508 -0.30213174255929503564 -0.19753720809586988727 -0.75149175689534897238 0.62947532972788999839 -0.22862392041191076375 0.65973773850929762208 0.71587514232724724916
6.5797376444027646514 -3.6714849421383792816 -1.1453321064187138578 0.88861547407417218469 5.451522493340023659e-05 -0.45865295841637021557 0.30303477207844387031 -0.75071453978662328055 0.58702436632925136806 -0.34428544283398204717 -0.66062673029552310133 -0.66711307667567498747
3.9166801740622116945 -0.69542054538999009683 2.8314325995018116977 -0.59350292553620864755 -0.00099180932191773700513 -0.80483122062601664126 -0.38962622069010904857 0.87536118341283597477 0.28624151817109255713 0.7042341127286192437 0.48346852523036887295 -0.51991585817410035375
2.7113198662985187326 -3.5841598722319876202 1.7122820242081544517 -0.97707514335791589843 0.0081048448738515067175 0.21274039513381301503 -0.074986562699441247637 -0.94833905263042339584 -0.30826945465052085771 0.19925154866814953625 -0.31715509257392893172 0.92720627025905566487
-6.3687913116761514232 2.07598428850865524 -2.903392627677227722 -0.99677611189327319785 0.015755366286560372469 0.078671158578781763548 -0.08015184236487375713 -0.15136432825336534891 -0.98522308250359735826 -0.0036145434675638053908 -0.98835247182650676212 0.15213916823072631823
-4.9362241091596814613 1.2831228137048955595 0.95106543886768557527 0.96624137136329901754 0.0045872481602411991491 -0.25759768908162655743 0.22384520222765352804 -0.50997176884588069079 0.83055530846530667421 -0.12755758584083276563 -0.86017890705046340383 -0.49378265477825872276
6.9887771566882648244 1.2275751950105711074 3.5300535147950449222 -0.99895863220699621099 -0.0041240868793498645234 0.045438343351958121463 0.0040230543614598679794 0.98406518853707924954 0.17776253751329149089 -0.045447400066073929958 0.17776022225724819048 -0.98302382331772486523
-2.9633036768764897673 -0.66934147548891642643 -3.138972756084404736 -0.98178612958055966331 0.0037742485472340120238 -0.18995196974734787632 -0.088322659125017494164 -0.89426492468272700265 0.43873608509820949397 -0.16821148488761863971 0.44752206597007843092 0.8783102508919126139
-6.9561318417640380929 -7.2908923199963524553 -6.1126020162701184546 -0.89364267083072157494 -0.00059769997804334697861 -0.44877880924286339681 -0.14196005495718422296 0.94902654561781529807 0.28141776509201255063 0.42573479969013744428 0.31519558763978805516 -0.84817546643678276563
-0.33861078230847141413 -0.81371393629900135025 -4.0878734614691891736 -0.74674680466606524476 0.0042315114732374582013 0.66509495865754497679 -0.2216199184789992005 -0.94441705459334412964 -0.24281894227324485325 0.62709953074008262242 -0.32872255977342873523 0.70617820501743200357
-2.020444594244935832 -3.1783097071437467207 3.0475935489858598793 -0.9688287780600053356 -0.014610223660928465042 0.24730010142974123699 0.19007325533039043375 -0.68406424905651996848 0.70422174119452962682 0.15888032103031685116 0.72927542432702074926 0.66551814330038572276
-4.3558589280224042639 -1.5472665024015404001 -3.2345736904750075347 -0.77041245289511639527 -0.0051279291669608928483 0.63752518128035295941 -0.6282293776402225749 0.17643071536977866787 -0.75775989056163017832 -0.10859328475511396961 -0.98429970385882503692 -0.13914593594320329162
0.64129413247837740997 -4.6881667866510952081 5.3809252434267849097 -0.89045787392788300352 -0.0016745049331703012845 0.45506260096052525421 -0.0067720896323975425524 -0.99983373281481524586 -0.01693060919043608975 0.45501528937143154163 -0.018157718986119147919 0.89029848010625489696
-5.82730406722404215 5.6620951803219288223 5.0204948723107563069 0.89199028740947627902 0.005785078606946122623 -0.45201754394338261589 -0.23509952319525290187 -0.84811773993287831175 -0.47478891457613758842 -0.38611078897182765646 0.52977620942862102549 -0.75515271737776767935
6.8266211566043466519 -5.7041339666285502119 -5.0089088588113783729 -0.73768995343453191982 0.00012061309745741571886 0.6751396285616358961 0.44559600811868249615 -0.75117360144253220167 0.48701377603169032637 0.50720580650316604565 0.66010469317249920174 0.55407947435454529828
-5.0496090326606584142 1.6592745026714457168 3.2130878193134830845 0.97907219279038704141 0.0027571553956217600273 -0.20349456847472757737 0.067066180913653322682 0.93968310068180949113 0.33540691357020369079 0.19214517605776779141 -0.34203518589059284105 0.9198326820301475637
-6.5767108032844845411 -0.79269888753560890926 1.3640926468326703969 0.99756914632755855354 -0.006009024754685289918 -0.069423986609199794806 -0.039132118408828076017 -0.8726558789272172989 -0.48676523528540605046 -0.057658265704504572946 0.48829868789002150997 -0.87076972604743885231
0.46829343793623623426 3.6108868034326055962 -5.582205432366481368 0.93046070796754232202 0.0075472919975733982617 -0.36631394910917919328 -0.18901354021696878394 -0.84659248519835295088 -0.49754903840747205512 -0.31387378441519148131 0.53218812687720029597 -0.78629450275822343475
-6.0402646187904114328 1.4780230797135587295 -6.4912092657694921982 -0.91627456679353214142 0.0045991259194095085103 -0.40052436416279274534 0.23062889438329231551 -0.81149358471531751746 -0.53692501808109127648 -0.32749233780772563085 -0.58434322962338447471 0.7424902414648788529
-0.21595564573363579264 -2.0689279080360138963 1.8639690244050268753 0.97571375851941788415 -0.0097075159185200515788 -0.21883424222605926679 -0.19844440565557372458 -0.46217517554720305428 -0.8642996731296844759 -0.092749551481281639065 0.88673551369204450801 -0.45287707985430403212
-4.8620959739391995669 -0.6139512652741212495 -6.3752327699758097879 -0.9863430139899408422 0.0030653914437031434467 -0.16467562700243043583 -0.15414417085439616195 0.33506391211774744221 0.92950080655585287648 0.058026143633228818852 0.94219041502850786607 -0.33001543673494715403
0.99030798813559861582 5.7376411270120133423 4.5843749510147402404 -0.88523443919041777672 0.0023225272169433907807 0.4651393270177963668 -0.45519490452396510483 -0.21005505972768429013 -0.86525977069212911541 0.095695279751355208364 -0.97768679941486180685 0.1870051755519229475
-7.1440012219073416588 0.80976752691349751512 -1.1983671660545440751 0.90625168186851123853 -0.0086385894198908949604 -0.42265028555934636145 -0.41990348102480484771 0.097200751398414358961 -0.90234864689381877323 0.048876944809256757385 0.9952273050416963196 0.084460970665191356654
-5.6082103354878762858 -4.7424496074130946255 4.425321215012560927 0.82540539662789480513 -0.0065113449457606456527 -0.56450290841111872009 -0.073902075259765789839 0.99008251165190164222 -0.11947846414003980564 0.55968242288806380191 0.14033610550376371395 0.81673824632014180303
3.401790294845949969 2.7830014288481752516 -3.0254942242937925556 -0.80285937842961541122 0.0046398515641096257228 -0.59615039230482169685 0.43562704555114489802 -0.67810004544449875574 -0.59195388802895110292 -0.40699618628686723421 -0.73495496470572763137 0.54239773616992625893
-6.3884060398615369891 5.8031734185838033113 -3.6995334098987284754 0.99855449522818340302 -0.00343739240714099328 -0.053638646450541394017 -0.01979537701827510654 0.90428616116497406718 -0.42646767963609827357 0.049970622452747928688 0.42691301579943680133 0.90291096672512471955
5.5296958502490261012 -6.344281008098186625 6.2322711755970789937 0.9984417606661579736 -0.0024478098151842460697 -0.055749966680242332706 -0.053338132544870534013 -0.33553907339381328079 -0.9405150577437186854 -0.016404090171959651023 0.94202310929883625867 -0.33514678481598980664
-3.3937490104929275425 0.1412582702122320566 -6.1985142317630854691 -0.91590930781307045017 0.014093573068139806162 0.40113777067170452995 0.39637742811267795418 0.18913252140809133639 0.89839513791463609937 -0.063206600478909816254 0.98185042676767575465 -0.17881461101348289366
-6.6498491968799982033 -5.556759504685620854 -2.1504808370673633711 0.99595983073628446824 -0.0018607237054266065595 -0.089780584020318382477 -0.085847199879798469224 0.27362830699377160837 -0.95799676820152912526 0.026349076502761359375 0.96183371084565794096 0.2723630643983221411
0.77371652458792328222 -6.8496054406080482124 -6.3142380312399764009 -0.99626542867830536476 0.0085697966077661752449 0.085917135697304511388 0.050890727535046587082 0.86213419699267901386 0.50411780391761751297 -0.069751913746367494307 0.50660752556778032574 -0.85935061852939753635
-6.5612151140539332062 -6.7024357700510659441 -1.9196344179217261772 0.8622908887244584708 -6.120461519511320031e-05 0.50641328919841432921 -0.28435443741400401318 0.82741369271788056672 0.48428208208228651355 -0.4190429299555578635 -0.56159289290097658132 0.7134538846325345629
-0.44642114793848503007 -5.5524504344518197385 5.0693457141622424444 0.85954709602723144979 -0.0060551037351118464427 -0.51102067025708830528 0.2209172792765502491 -0.89727590498712594957 0.38221918586946707075 -0.46084091119198461461 -0.44142868738731622091 -0.76991322142393980865
-6.0358057723882208023 0.51875541069561803553 -5.9483926968084075426 -0.99992955213530720915 -0.0080833932440708845119 0.0086919226973899161443 0.011610691878604549598 -0.5139467343509223074 0.85774351998936892993 -0.0024662928890192732656 0.8577840130262868179 0.51400438168925910443
0.11405100338650685232 -1.1579801239635474364 7.3696407969493460399 0.86953907178675349243 0.0018965086498589130842 -0.49386051258549795717 0.37358734140357491293 0.65151186994620113868 0.66027629191297831923 0.32300820574609268032 -0.75863606991376508759 0.56580651502652290485
-1.7218556218683516157 -4.6413277158096715169 6.2715235053216682459 0.98676458757766494223 0.008774124559263470069 0.16192178186078828861 -0.13488804749519500703 0.59863885678057615625 0.78958009967024989084 -0.090004796236986595037 -0.80097099441278252208 0.59189914914944719015
5.979841478862184978 -3.2900342345379165465 4.5160009560265361728 0.93817905330932216401 0.0019872745868094445973 0.34614464414669082748 0.082933875248418498227 0.96956789861157066657 -0.23034769874739066675 -0.33606849936873445239 0.24481450267835158652 0.90946348085577144449
-6.5853054000107347221 0.52952284804574512034 0.80585854069067286432 -0.87046847813127126159 -0.012927007284114128832 0.49205438831742071004 -0.44461770768632685735 0.44954692773843496489 -0.77474037830274211647 -0.21118646403467689066 -0.8931631722387671779 -0.39706400638299305106
7.3085953428798813292 7.4814125043785093538 -0.20851733495839563926 -0.92113110118758045886 0.0024292665617107037958 0.38924490117255428068 -0.08188096496100905064 -0.9788154146812638734 -0.18765897676213086354 0.38054303567652419948 -0.20473026802672861235 0.90181623147499090365
-1.23175015473518501 -0.47546527015152451057 -2.4078360104974345646 0.92038951997484719225 -0.0046745839855054155051 -0.39097478152052395073 0.15892700209098256647 -0.90913071512808352193 0.38499811793957883221 -0.35724688875732651949 -0.41648468288180418018 -0.83601146487230904025
3.9126264065553302274 6.4907875222592110731 4.2125906016439529367 -0.63050782927819370993 0.014088187469808484062 -0.77605502394671110888 -0.62823340663443338894 -0.59643972624189323106 0.49958226524670285018 -0.45583183742198774002 0.80253422103630589479 0.38491058709548919836
4.867413718392143096 1.9318289304804014961 4.0098445165511940047 -0.98965313174573166233 0.014990951873271362096 -0.14269530541600414231 -0.11280052968111745071 -0.69591436814915808018 0.70921028807198349675 -0.088671976009888603398 0.71796828869070938861 0.69040482117744406132
0.29596053103597108613 3.8876854571804368987 -0.32878573648102432658 -0.92053744335921394715 -0.0085920303370004679627 0.39055984482309780148 -0.17821514477992253522 0.89890007579222608314 -0.40027242711891986016 -0.34763512127603934942 -0.43806943599769387898 -0.82900240753574927499
5.4415214042426285346 4.4385954339710087524 2.1363985027119718474 0.95623922104596703608 0.0090141560950307425548 -0.29244708431309213159 0.28627145362602229861 0.17771168635224893206 0.94152387721858765701 0.060458307718476843318 -0.98404131088277191353 0.16735438895972148954
-2.6541300458149477137 -4.0289513569165569251 3.530485533859008207 0.9595701640537247501 -6.0824442063896894117e-06 -0.28146953693261156371 -0.09257357650786852965 0.94436010515517665453 -0.31561705391808891896 0.26581052121872583704 0.32891334991813059307 0.90617921795580413935
-0.84457459119359634681 4.0467906240105850912 5.6506174844575518534 -0.99988027817555713561 -0.0072283300992624609227 -0.013681394645512656716 0.014792160831429621709 -0.18703509503067480835 -0.98224185677706055131 0.004541067430387679682 -0.98232663838000411349 0.18711962546925400841
7.1361852912335725918 -3.8855163636024290241 4.0198974704633387844 0.79921759135577707944 -0.010293286110063932376 0.60095365039955694897 0.31492468939784928894 -0.8444434557969571209 -0.43328707570073093924 0.51193132515525974213 0.53554579470169294542 -0.67165245484710778268
-0.80711697687610706176 -6.9105774088788400888 -3.5521522115942474329 0.99335954850389085458 0.010469333172401056042 0.11457399556247348238 0.034417271507085678284 -0.97728889864935930554 -0.20909772834374784622 0.10978278015345301066 0.21165254933371482893 -0.97115958500259202957
3.1973782505983048274 -2.9723856970290043478 7.1058260738926568578 0.57809558185075982095 -0.0098918970214860527101 -0.81590909335417383108 -0.010080028743004660827 -0.99993678928032858622 0.0049810103839695238359 -0.81590679079487005154 0.0053448870165946583619 -0.57815875061926136347
-0.48787708632841086942 5.7353408729278498868 -5.7587377558198138416 0.98650987193808237219 -0.01224193056875299071 -0.16324340018680635889 0.021164129868878688023 0.99836866235346222176 0.05302917722930674399 0.16232791557678899474 -0.055768711359253944626 0.98515963105369586117
1.169447919234303912 -3.6543906881140437726 4.5606159347866270792 0.58664302585095939868 0.006836561436033648971 -0.80981678276506618985 -0.59354431655542283508 -0.67667128884181426685 -0.43568464643827831129 -0.55095835097150780424 0.73625350816480272798 -0.39290669020750901286
2.6627606400054548708 6.6798651096026011587 -1.8132100493484262227 -0.96763832847288555605 -0.017282537668254320529 0.25174864282005193772 -0.041946122971990462691 0.99478824116403941069 -0.092934805155814662059 -0.24883044033555598573 -0.10048715904769121854 -0.9633201663147654692
-0.3878270352633872986 1.360339159967042244 2.242404850953705342 -0.99403029074895477013 -0.0060806515683382352661 -0.10893487389314895908 0.091380593121993022865 0.49910915852460485675 -0.86170739527841833105 0.059610135667294748829 -0.86651778605718510207 -0.4955739684167907444
1.0054404092913136193 6.1851760993626827556 -2.9105880419413581173 -0.97228050562125489797 -0.002549355587224792774 -0.2338035910225833014 0.23337002399957088028 -0.072413989186874111459 -0.96968791168532486591 -0.014458571416617134811 -0.99737140271620305931 0.071001653195260042151
-6.9640720662677786379 6.0616870286528667933 -2.2209239933541717882 -0.56699629377001736774 0.010912424646949168278 -0.82364805702399135345 -0.48063141698945355262 -0.81643289678864483516 0.3200480683332468379 -0.66896086870140691882 0.57733720132130428304 0.46815928071198636973
5.1293148670635453357 -5.7555813594620737206 -0.61684766760543852104 -0.98093253226025045599 0.0029169017837832097312 -0.1943266807145552777 -0.1846087643452521132 0.29858017886827198373 0.93635969633143645297 0.060753364355076999725 0.9543800964348383431 -0.29234852530603500087
-2.6181281653419308242 -3.4336919615350240953 -5.0214198709003321497 0.85348102164563732774 0.0031091919799314769735 -0.52111465016436397946 0.43256142169014988319 -0.56189864778619014185 0.70509611123684556855 -0.29062133809480161784 -0.82720024331548747121 -0.48091474847700887985
-5.9830655628540823088 -3.6730267867367376589 5.2939325785518933642 0.63776481382737859605 -0.0034086089392211193182 -0.77022361923581494914 0.052264739300049822823 -0.99749384586374834072 0.047690926702143303373 -0.76845587984575403073 -0.070671131651508664606 -0.63598832684375417035
-6.6408910977256070396 3.5411853291431407698 -5.7984595615408940361 0.94294573039506401901 0.0037005148667340831761 0.33292590124429288778 0.24804162676267710319 0.6592272436098245425 -0.70985547308979135561 -0.22210065493495245725 0.75193466968370414882 0.62069763299466984563
7.0693517226761466432 -4.9401440166983885405 3.754021639839187241 0.63202366619129324299 0.010445421111206370374 0.77487868634503298537 0.7721839881516435744 -0.092881556657139652255 -0.62857370679594570806 0.065406221541252917984 0.99562237299624700704 -0.066769128891565762696
7.1153529216785109668 -1.9267871382913150935 -1.6241340079168182786 -0.71024109526860956798 0.0094801287697144614314 0.70389467518241288779 0.17204319646635729546 0.9719256593777166886 0.16050436502734449773 -0.68261169426058010412 0.23509708590644934345 -0.69193253649257502325
5.8468556867157301937 0.67950790141200823058 6.4077994164644280772 -0.26785409600124404639 0.014113700771128206285 -0.96335610586423059409 0.71375867054174524373 -0.66871480975552144432 -0.20825240320363810897 -0.6471497071635319287 -0.74338503258010746322 0.16904422455089754274
4.2865248884722646494 -6.4575410945808346952 4.5599769404088199565 0.55713571047636101241 0.0037286952216519821113 0.83041308813380010356 -0.4133548711916566476 0.86854832017803407229 0.27342561324428049652 -0.72023437197502282459 -0.49559046837875991853 0.48544055977849454031
3.7213578496505239634 -2.917308042445455385 5.1272462591104357443 0.98606939588170794408 -0.012926181189990887735 0.16583142146552709573 0.024266774726918557969 0.99748838698944841674 -0.066543530606711295827 -0.164554763376179497 0.069640732772458829869 0.9839064478847863171
-1.8097093886075139579 7.0476106278892709511 6.7650625488135602836 -0.76516201015278151321 0.0020422038580004703984 0.64383454988248178807 -0.50077388893263630187 -0.6304024770323262139 -0.59314267180404733892 0.40466357679220621435 -0.77626577043888855822 0.48338270889927714702
2.8744470320088941762 -1.9488244204248090785 -0.5742978598725542172 -0.86297419941316844127 0.0060045128102014103458 0.50521230880983081235 -0.1718904348572695695 0.93679392860765631212 -0.30474713079594123455 -0.47510968160163757901 -0.34983007467873966645 -0.80739687223723322074
-0.50385182018786822677 -4.4185081279123439302 1.7186926450515103149 0.99357909705103375497 0.00045861233252060751775 0.11313870945826387526 0.097137307347913343092 0.50924899689955305249 -0.85511975926063110709 -0.058007942769491588342 0.8606191078703565589 0.50593461014646068374
3.3737929604074086143 -0.78942994895491680474 -5.2140005390167143418 -0.9503057918561895745 0.0078739655768563041743 0.3112184162782428154 0.24090049774912913882 0.65181591973933639128 0.71909871155398874532 -0.19719495974505679703 0.75833634189610998888 -0.62132128597910740719
-6.9118193018856182164 -3.3759907802842472613 -5.5082606867612051715 -0.45248192865910275007 -0.0064758957735532403019 0.89175005859869760361 -0.77997305857958765252 0.48764986294180390214 -0.39222396543652038314 -0.4323217923339961466 -0.87301527704090908788 -0.22570377472784086681
-6.2120734024156138986 6.5999575775979435477 5.7093621564132499557 0.69991757498884210609 0.005089714885970282772 0.71420549075471972955 -0.7142183237960610942 0.0011345218583658188416 0.69992206624310870922 0.0027521220189358729102 -0.99998640373885649968 0.0044292394223222515681
2.5056730002073854813 -6.0231896193532374895 5.9113861316855604855 -0.97900191295603999908 0.0048633568727170020662 -0.20379303763442721542 -0.029233265519434933899 0.98603296667734863235 0.16396464500760507543 0.20174407207002623132 0.16647923709986184315 -0.96518598881209860529
-6.2878415867637329484 3.6839313749692275124 -7.2236997731671168665 0.96153075038121271767 0.0012129304575450947784 0.27469463931985599325 0.069875480570919079604 0.96601687667740776533 -0.24885500033077750937 -0.26566150132518567828 0.25847615513695099132 0.92877017821392449104
5.2551731775557248838 -5.4345981983753803846 -3.3773491359809586498 0.9412329211576230259 0.0044999974075494711054 0.3377282015951041938 -0.32233816631428785504 -0.28670922617141314515 0.9021618070863495209 0.1008895171286734449 -0.95800708225543629304 -0.26840964155935992386
-5.0835553714529382319 -6.7418952293072509363 -7.1289202905835651336 -0.44750465618445411931 -0.0037741924140068400934 -0.89427363718536556636 -0.52691723245542065879 0.80908751672284062728 0.26026067783037648562 0.72256336250522468223 0.58767605511442477795 -0.36405911801577078846
-1.0232103557041922759 3.565702345382204097 -7.3515307007747159318 0.88937833331096083356 0.0045784595668369888061 -0.45714901065739427244 -0.45204475237689295541 -0.14053151606634251003 -0.88085551303292097813 -0.068276804886483508095 0.99006561939097770253 -0.12291601691555975595
0.20009180362084391658 -4.8811843598679010015 6.9193957299707351538 0.68281001967334575831 0.0040268078104011293186 -0.73058487655603410182 -0.59661996077065715394 -0.57409231811526095779 -0.56076967882646133745 -0.42168127708456915048 0.81878067582228120092 -0.38959351310874201779
-4.3907925300455872275 -0.16041432684053896773 2.2142277034979351846 -0.99913462253928153611 -0.0035355907724583350571 -0.041442799629967184971 -0.02720108245601482802 -0.69823406107212071525 0.71535256836887284315 -0.031465968227552931769 0.71586080738962420966 0.69753365315715143424
3.7573189452031670044 1.1418579687843462001 -1.1147127473350117999 0.64296106482652926051 -0.008180559830391015072 -0.76585517401010005933 0.76538033360930346483 0.043651805013877588435 0.64209614921998647841 0.028178254759153288644 -0.99901331240379809273 0.034327650645483966108
-1.3509247386838589833 2.3654442055526638811 -2.2571897693953855146 -0.98815133683453493241 -0.0069739567727736895622 0.1533241645640466555 -0.12893992145439836516 -0.50416025672355013754 -0.85393028532528247876 0.083255223065398453741 -0.86358195874349863441 0.49728741022170414032
0.65653351807334081602 4.3166842771776483545 -4.411048079427537516 -0.77414922591560808574 -0.0033997810706942331767 0.63299401063729721084 0.52348769875186640377 0.55876900831353082388 0.64322455223955410375 -0.3558842582491390516 0.82931636715853707109 -0.43079085168269348749
0.46109014862480013353 -1.7279705964486713476 6.029060344477832345 -0.83128684861659607463 0.01042279210134442434 0.55574593180865949904 0.49469401898546438989 -0.44203149839983424396 0.74825529199758145094 0.2534561163141555995 0.89693897218667262283 0.36229887838035007563
6.7337957531148919799 1.0603267450638045322 -7.0808635746098831376 0.58662723133337546511 0.0046535743951237919236 -0.80984371066490501434 -0.53207001276959742242 0.75609931046228073814 -0.38107129809261164333 0.61054892758042789147 0.65444035401548594777 0.44602447249743593094
-3.4687927829497287036 5.4965339444395189261 1.4889292795299344796 0.99298238482399159288 -4.1191090905041787256e-05 0.11826234283360484434 -0.011381724405769811162 -0.99539125593019539551 0.095219241580520544432 0.11771337977796320073 -0.095897058979506538678 -0.9884064519721741382
5.4459031924706442496 4.3343378883564112058 -2.664962668836674542 -0.97163823671928728487 0.0043381869282788105419 -0.23643247890112578657 0.11698141884052161432 0.87773894699127641417 -0.46463931019735377204 0.20551030288332000628 -0.47911952691251719072 -0.85335221001645567007
1.0643310233496143802 6.5036202987508620055 -6.6861964438272742939 0.97954676535597784426 -0.0002838874748002841869 -0.20121643543337111582 0.012227654921534313395 0.99823486904772151806 0.058117387006054968546 0.20084476327689135267 -0.059389103589712305409 0.97782120831940699812
-3.3710928865005862498 5.5380550119991882596 -7.0314703602678836347 0.95656307763174763803 0.0050184374149945506008 0.29148223581827087392 -0.022839876615139788341 0.99806859678269421732 0.057770374347685359007 -0.29062934908215987129 -0.061918425383517536331 0.95483018911754991009
-2.750090144938787784 -5.8836330693295284533 6.3860349279437915726 0.98265860185590314657 -0.0045827870911560372041 -0.18536739265893875661 -0.12860562965003924374 0.70331898025054806478 -0.69914448009095253589 0.13357643587477505132 0.7108596275509053708 0.69053307357221527241
2.6138776260962437448 -7.3407459859970076721 -2.7223777153986596922 0.59232810641747735136 0.011295232325092574924 -0.80561767115338789313 -0.039199759853084291394 -0.99831355737345950363 -0.042818453870657809113 -0.80474268755625910643 0.056942592943597297728 -0.59088640865520258849
6.1716951388298850745 -0.13363633818111420037 0.81012777893181975308 0.93879824917415843899 -0.0084307258350894819648 -0.34436429868565915369 -0.28063742670435815052 -0.59842907298928704751 -0.75041673710939693631 -0.19975105026047873524 0.80113142958134753169 -0.5641701431808696654
-1.4950553375821806767 -1.381952108955889047 -4.337910316296355262 0.67014802203789725077 -0.0043821238454539680404 -0.74221454145636744926 0.21355077131714750305 0.95883742896526469313 0.18715462293277554395 0.71084294793475144569 -0.28392178818452634692 0.6434988124041740587
2.0007291220322076519 -5.2892129163530494651 -0.17111878851653333777 0.4828902391640922942 -0.0040485397420480326997 -0.8756715287400814729 0.87567928877088530015 0.00032163928981184496114 0.48289303139105066442 -0.0016733612601388409696 -0.99999175290302244612 0.0037005388754450174379
3.5770063943049992261 1.8011931149467443891 0.072686956406973424194 0.86591281476555725938 0.003921248123194154972 -0.50017958878589763305 -0.17332930460463724653 0.94036476411292324595 -0.29269619502168714442 0.46920352661732306343 0.34014516640407582715 0.81495356700969256991
6.6134499739535064222 7.0677182655168691028 -3.2763109724011565405 0.7650228155462880375 -0.0071471925914730486187 0.64396351552847952426 0.1161979112072470538 -0.98199522785911108613 -0.14894098795489327247 0.63343360909001567016 0.18877046935352867485 -0.75041826521964938301
1.439953763433139633 -2.929919970036134913 5.3528696243125741816 0.62166017418536601014 -0.0021383656096164950153 -0.78328414718055472399 0.62342803700093307739 0.60676006204177224124 0.49313254789397548139 0.47421104005811276494 -0.7948821639108466508 0.37853168293198441452
-1.3385992533820947337 -1.6895089518688877206 5.9542435164408376025 0.89539694800332547686 0.00075311491916097122578 -0.44526816450804646008 -0.059583567239789865522 -0.99080228010639948 -0.1214933753382338999 -0.44126421112686647907 0.13531546310018460755 -0.8871164644085042239
1.9919109822231999551 -0.65610077329080895847 -5.7156301312834347783 0.7186505021365745538 0.0058453037614035613379 -0.69534688336308247969 -0.3859077422068980523 0.83519596442410781734 -0.3918200039745208807 0.57846060391663223221 0.54992138841262006022 0.6024697471928383008
7.3462629453162362481 3.6147373363076402697 6.4801302514287311141 -0.94784591615039104351 0.0043530316509531683661 -0.31869918473764435873 -0.31086011184534612095 0.20818548981441911683 0.92737521677809653387 0.070385439549026485029 0.97807967617476132549 -0.19597458241651466437
-5.6245759081250232825 4.9458655870996137693 -5.0544888152690461425 0.99887489876525092924 0.015311784998985781409 0.044883024150742981129 -0.019163665042673062866 -0.73539492146282092744 0.6773677460795229921 0.043378457313601306855 -0.67746576203293251695 -0.73427409780974739473
1.4445192386977641075 -4.5328646453544720885 -5.7749994408100491228 0.99490956027884303037 -0.004504255843946167702 -0.1006711405769664669 0.036449090934812557185 0.94744788505436638992 0.31782694800187072381 0.093949085337778320826 -0.31987844063874765199 0.94278913473741532414
