1125 14.717824617146108679 14.977075390850430381 15.033177056927090831
-4.2658131581690561518 -7.019082412529863646 1.5123529600917327009 0.80183722543761049018 0.0043215974280044278447 -0.59752689286602678198 -0.087973081479001083438 -0.98822341473541486234 -0.12520071686629954955 -0.5910311335602980165 0.15295687746681738139 -0.7920141367412517619
-0.42031106170232074293 6.3132002126035091649 -2.0795951649066815037 -0.99688933374855548397 0.0090501376598631343845 -0.078292728057388627505 -0.062163546772208574942 0.52037673325816247161 0.85167115070092458406 0.048449455219158554797 0.85388883965770834283 -0.51819542626027503829
2.0212846679336302635 -7.3898490650243413569 -6.9432569544960092145 0.99939420432736203459 0.00058519270858460896087 -0.034797728463967142476 -0.033172138325799141456 -0.28643873870631797462 -0.95752412930807695446 -0.010527753589780438834 0.95809838039621553207 -0.28624580326446508183
-0.1691420162427489382 1.9660634623776698238 4.7093488982568718626 0.24826752896178530539 -0.011243338917218520176 0.96862625475114083606 -0.93995407850552925577 -0.24454907284316895755 0.23807998923120526902 0.23419983852252124201 -0.96957172932257895681 -0.071281816295903008274
-5.1687838961340260013 0.3687840453392184914 -0.37582436044299427635 0.89727160704921671286 -0.0083221067715227355771 -0.44140050489580079374 -0.2974563980091892712 -0.75020371250084061376 -0.59052017834569103805 -0.32622592549766804559 0.66115439368490458438 -0.67561195463400447458
1.9278297487378088793 6.2341614274206937907 -5.0752810583140934853 0.99285021386235550178 0.014710072780087823582 -0.11845702424234387518 -0.11329699348567619233 -0.19629530889605681376 -0.97397738319354687508 -0.037579836357466409047 0.98043447790470727998 -0.19322523239767716574
-3.452927697392791373 -2.590598561212425377 0.92955295723527175955 0.47686378185303424093 0.0034232304513536421578 -0.87897054276586372712 0.56330587363624884389 0.76645744335322496532 0.30859274174130640889 0.67474989906171012333 -0.64228597137244503035 0.3635674692467585345
-0.77049553094451161961 -4.3511657737366116194 -6.4758389499072679385 -0.99201424291153783575 -0.013286595650802224614 -0.12542411345823695212 -0.12249954736272102018 -0.13524659995935633949 0.98321015967869951346 -0.030026700729543900903 0.9907228793034545955 0.13253895151183714418
-5.2376898818235062549 7.3184732032277342029 1.0086390916850012101 0.49093838524571636883 -0.0028446777631977292894 -0.8711896519706731068 -0.13819314289332057522 0.98707936664260609305 -0.081098577088252590817 0.86016402921165024953 0.16020684054339209834 0.48420203540822959187
5.310499147454076585 3.9560921099776393817 -0.45875760872591409001 -0.95219729556311150098 -0.0090186938776696222442 -0.30535057472186505345 0.25770400786321823183 0.51303408656696170009 -0.81877021828572937867 0.16403949113996404985 -0.85832085444850203526 -0.48618551620281441616
-5.6084815024091820845 -7.2574939543244694207 -3.2607906234591021999 -0.90225293913764503806 0.0031807591713864866168 -0.43119545056575686592 0.19718458158670487679 0.89233941198433064379 -0.40601553492939318479 0.38348125717172543148 -0.45135380422747262141 -0.80574305383754762921
-7.0034366055265060425 7.4430346533123108443 1.6028694325971069023 0.78602549925005049669 -0.0069020181228401505935 -0.61815554407808670501 -0.40262196770336844409 -0.76449950292935131557 -0.50342433507264938708 -0.46910496229658937839 0.64458736581357445328 -0.60369500758414718078
0.7584264650157703791 4.8925246897800906964 1.4956854341099989902 0.99862957878625369101 -0.0058357300210286648309 -0.052008736077043572765 0.036308350652984898443 0.79296236118048979424 0.60818779782574272641 0.037691750371453093538 -0.60924267579213609025 0.79208755447089995716
-1.3125617286961612784 4.5108068365407882894 -5.9020833033068136331 0.87740725903974570166 -0.0047040258419064071363 0.47972322637682046631 0.30298234876172408514 0.78073360683904491353 -0.54649495102061396157 -0.37196531844156677238 0.62484630693716147753 0.68644657081505400242
-2.6951853346328160654 -1.1939121413054198939 7.0601925038008319646 0.7656602178592913921 0.016034802266859687903 -0.64304534513816968833 0.36294724727023458533 0.81458217983503566906 0.45246565393862936411 0.53106847626882547342 -0.57982648905636946512 0.61787338193356744487
1.5541521283983545931 5.1135293309154778996 6.973929136632229131 0.79562968540141643103 -0.0044115931446388209972 0.60576723380679875497 0.48893626344707513676 0.59505631340337461488 -0.63784740664607497695 -0.35765169368315935516 0.80367189930004012677 0.47560145529722425151
-1.479090621238769554 -0.84238515055882989824 -5.8570536307946339249 -0.30164461868302833158 0.016754288630741496352 -0.9532732125849631144 -0.95259159761608136474 -0.046977866694998843267 0.30060327375465695221 -0.039746347892919496603 0.99875541242755294657 0.030130615259447268706
-2.8592774835167045211 -4.2602071805172609942 -6.9096934376871050887 -0.93116029373462028129 0.010771606634386702434 0.3644509292930080413 -0.05135094314632610013 0.98572620075284744789 -0.16033383232346123948 -0.36097588286481652187 -0.16801139735172537781 -0.91731596647504520803
0.99238214198414109735 -5.1643137949897282013 -3.1978982213445283911 -0.97614182543120686653 -0.0024272283026352692997 0.21712034728801357653 0.0071253648986825107031 -0.99975705393170877233 0.020858146823016267268 0.21701697126902680379 0.021907571216295836092 0.97592197050006057601
-4.0712653448677418311 7.3046851444980589463 -1.3176491208265996846 0.82061187145913516705 -0.0017102674380006814212 -0.57148336056749138301 0.47933377934060944492 -0.54245454128787651271 0.68991463139946151983 -0.31118368273954249981 -0.84008341587102297598 -0.44432484735316124524
2.2978516506817805443 -4.598222109468659724 6.1310746824472825978 -0.62380819964077593998 0.00817265564153447574 -0.78153473228047909416 0.38079865197258877529 -0.87005451804997857579 -0.31304555942656642209 -0.68253623839088817249 -0.49288775935358231095 0.53963500624273330608
6.0305470546861945635 6.6853279985622906523 -4.8912278420849304439 -0.99920924820467971195 0.00071254789124287410459 -0.039753874998807406382 0.039436433952460853147 -0.10958647885843124381 -0.99319462912793043952 -0.0050641859206607261687 -0.99397700975772163012 0.10947172280565850566
-0.62120613489912623884 -3.1593203304802162101 -4.2952514433171415931 0.99994675292984624981 0.0054023505549015676114 -0.0087923781555983189506 -0.0041699732714223815278 0.99089214617603482704 0.13459333553203231548 0.009439418841458433948 -0.13454950484933150823 0.9908619117297555734
-4.6138749481667611363 5.2320105737396254142 -5.1443517208210201019 -0.99823020539586659883 -0.014561749723038188917 -0.057657718307372603228 0.0048205536164461632032 0.94655209102407678046 -0.32251496281687280776 0.059272415997993863068 -0.32222211969841291213 -0.94480669254556060022
3.2482928929345793456 -3.6961791430024519833 0.97548518759318736393 -0.99959916214766020293 0.0028606074359931676042 0.028166149164443474162 -0.0041867359226432695335 -0.99887968092579360047 -0.047136549257455535866 0.027999754926950996825 -0.047235579372718147773 0.99849126874771398921
1.0759413829534938412 2.444294796415123816 5.2785479306345370887 -0.19820757322272061773 0.00066631353481547399981 -0.98015984101741970846 -0.78425056142878790677 0.5997253655072151135 0.15899856246483837219 0.58793266180385961306 0.80020562481996304616 -0.11834755253352202686
-3.4333623514585793757 -5.1766485627679337256 1.4515651707497272405 0.61045099102904565314 -0.01521372070628388383 -0.79190790515949394113 0.44734175577993390283 -0.81846211832567750122 0.36056221987569453402 -0.65363211448603986131 -0.57435903716071434744 -0.49282527871889025839
3.2440505623179340944 -5.5767592138803783186 -6.5084993322973225816 -0.95934374276844214258 0.0094735977510374269617 -0.28208125452884019735 0.27736044808853577148 -0.15340111593927580058 -0.94844044592407594774 -0.052256722505782740584 -0.98811859033939608565 0.14453679939284633238
7.1201390841626368555 4.5164697978309256143 -7.1940829184783785522 0.95857393318504735547 -0.00041262067449732977784 0.28484354365592867708 -0.28349007983785723397 0.095997125250183321099 0.95415822931899485493 -0.027737866749183708037 -0.99538152569148719007 0.091903368057520667955
-6.4541445598378963666 6.6488374083425449967 -0.68942167144585908556 -0.97458419573214560838 -0.01069148603826514804 0.22376625651639267534 -0.10700968916695965949 0.8997528297505636985 -0.42307655546023259507 -0.19681100541756829658 -0.43626888209223918524 -0.87802898053797562294
-0.72194640986213887146 -7.1060100297493367094 -2.9208482361224819002 0.30576819113887104828 -0.0032065557321193267903 -0.9521005888496791858 0.89007585329010552311 -0.35407940683034189178 0.28704137166714255303 -0.33803962589839231523 -0.93520986503506065013 -0.10541214191669166789
-1.3998522552697474364 -6.3784352576228853238 -0.20682724998421780915 0.95477878491632550695 0.0011144790264226711596 0.29731503461882985428 -0.084499360128910336321 -0.9577392966383828643 0.27494599071905390097 0.28505671367593238275 -0.2876355291183118057 -0.91433498914631095023
-7.010967476112859309 6.7966142305813361801 5.9619542111771117732 0.78900282162242485473 -0.015820588793024670249 -0.61418584845483092938 -0.01151705888611670274 0.9991119057198785125 -0.040530941309128896977 0.61428161687168436611 0.039052641639603702384 0.78811990607685145083
5.2666920668902399427 -1.7965223959635354678 -0.90818168285745648483 0.99993876106565660056 -0.00038391680983594720505 0.01106014134104522928 -0.0048417733645060804376 -0.91385155357690983635 0.40601957496630997069 0.0099514496073934040343 -0.40604826145797418002 -0.9137974491197491389
6.1556789241853486772 -1.1575574321763322239 -3.0289024041113470354 0.59013782223175348385 -0.0044811238208707932645 -0.80729007816333131498 0.69988440254564865395 0.50124131802418914194 0.50884080435701251055 0.40236696415703859797 -0.86529593818226679947 0.29893772849943178738
-2.9592704469537736145 6.1592638718770329476 -5.1089532386327176638 -0.99960461662561650442 0.00056589925619069531004 -0.028112100215941886877 0.0039158672886022470941 0.99285613336470068813 -0.1192533623148543942 0.02784378573215808006 -0.1193162947717301553 -0.99246579054289718602
0.29475210538522528259 -4.9745682526072938501 -4.6972818131276543596 0.8555320917689788196 -0.0032819585990302513681 0.51773938299221322623 0.17720609999749784014 -0.93772953386915969265 -0.29876632914876471991 0.48648004900207786338 0.34735075940198822941 -0.80167612654095710134
2.9640376073221621489 -6.7819395854156878656 -4.9493114473805572828 -0.95187435427848354763 -0.0022934246852956913579 -0.30647994040406068006 0.27529581675658781892 0.43312467523154418725 -0.85826291367035656421 0.13471238600516907691 -0.9013311022642127579 -0.41164890033616907683
-5.5062701656925714389 6.7617730845569337106 -4.0902024297046333245 -0.98987479333501682266 0.0060225107386959872077 0.14181545361624628421 -0.14015456601812609216 -0.19958173169650564316 -0.96980607855251366178 0.022463106291516092561 -0.97986267493831502584 0.19840500779550637733
6.9559494806536186218 -0.15360501710702786915 -2.9041857191534936611 -0.9622633111652647564 0.011295698075371476271 -0.2718855038254361367 0.13208887364773194695 0.89292381193893333169 -0.43039469737776819835 0.23791143193187000437 -0.45006607656815961205 -0.86071985993050736941
-2.424740589350743214 -0.17813903353831314624 7.229858213775910869 -0.75073251241982441595 0.02077464446054495123 -0.66027956877630433752 -0.18330947299951827478 0.95370313127986650059 0.2384281327685156826 0.63466395194972691218 0.30003125092960197806 -0.71216775872059645547
5.2769306939036360049 -5.9728753225113759839 -2.7559361417422607587 0.98576803140918767276 -0.0052922973549296165735 -0.16802791387249121913 -0.15268945384994511705 0.39000321306600632676 -0.90806575999823624379 0.070337180314759828459 0.92079828702431743004 0.38364462159464540747
5.9147071514880762422 -2.6002308436160759264 -0.36769233751416124933 -0.98861522477961605304 -0.010623357376330574281 0.15009024489307026817 -0.15035337320313285625 0.1082896474413018173 -0.98268368024680596839 -0.0058138197806631760484 -0.99406262203908646313 -0.10865405176274173238
-0.55399597605758166274 5.2604133263483143779 2.6629927189230517826 -0.94147510655092725429 0.0092836635914550907911 0.33695465174897987204 -0.25137090471164191818 0.6466648114441445605 -0.72016476580318711243 -0.22458248375459829993 -0.76271779527568295265 -0.60648517934106582761
6.431657379655622897 -5.9810368788629597603 2.8200551431048905826 0.97319655130074333993 -0.019012804844193303272 -0.22918766500022819121 0.2250767663248406103 0.2833306148173189154 0.93223613530474180866 0.047211458323764832201 -0.9588338103963566228 0.28001571785119289126
-5.7466361028281465195 -1.9926987245729657072 -4.8551872687152552999 0.73416540862529844347 0.010866063782094551038 -0.67888370243808393578 -0.57041828762904822625 -0.53245686444723128172 -0.62539001002685123964 -0.36827181526207536377 0.84638739130549822676 -0.38471320996643243451
0.33738073593676326523 -2.9710319151252320147 -0.77934409560764938973 -0.97362777003084755023 -0.0088268906078338496557 0.2279716022378426854 -0.22789456664220750226 -0.0089370383182582214393 -0.97364479962717864758 0.010631647081882182604 -0.99992110456191596324 0.0066897482786045479874
-0.3115061078180601517 5.6711745494460634731 -1.0273313588405919017 -0.99970120461685696434 0.0036492506281379918573 0.02416990809789498415 0.0098217332464928374519 -0.84549316570259458459 0.53389590774433204334 0.022383812089171260112 0.5339737725019770842 0.84520469428199651585
-5.4387504221255733583 -2.1339249679928453673 0.85298105173305927007 0.98907890242264706604 -0.003250003307901863734 0.14735115289969383245 -0.10940907471628666392 0.65368675924181529613 0.74881457996069322736 -0.098755147471439444495 -0.75675825616270919749 0.64619220250440090325
-4.4910146349258388554 1.0252079705715817504 2.8012641583226574049 0.95314982949047355465 0.00049943019233125371392 -0.3024981869562468062 0.22636885555645172574 0.66214780485955737621 0.71436505076449630103 0.20065528594177270416 -0.74937309471929691718 0.63101301185821878637
2.2302171871683773574 -4.6247674518343897532 -7.3428437330350861956 -0.8101939022939828039 0.0071999181750078307396 -0.58611773720278070865 0.48745940511939422901 -0.54703897086703023867 -0.68053779668244940293 -0.32552906021745703358 -0.83707617665957589903 0.43969797068321814226
-2.1402351220598752057 -5.1912744001847510589 -6.3061139722821142328 -0.81866809060919565333 -0.0090667725796659496412 -0.57419539448995982056 -0.47405516997121283085 -0.55366747787748571419 0.68463422333719237134 -0.32412073867935620175 0.83268848771666315045 0.44897174652997468014
-4.5176025689771748262 -5.7637702411298592509 -4.6475771024607288595 -0.89781208452382743612 0.019646125568590980248 -0.43994032621846829167 0.12886228790258894006 -0.94355750644975666663 -0.30511267226862326396 -0.42110327906532030173 -0.33062556128127346122 0.84460568704450167399
-3.3784899239755135092 -2.2479460829851007908 3.2527681445142291317 -0.95799274161911529557 -0.013966762581978375835 -0.28645215402909962599 0.14222160522810775585 0.84421082297600913424 -0.51679889838959347514 0.2490440162125275303 -0.53582927870097041279 -0.80676146541313420446
-0.65307798244875503446 -0.88638819469412799545 -2.4070743841382502559 -0.99971958491678658554 0.012596117609164689602 0.02005216584532635779 -0.020914164504073032291 -0.072507362338553218994 -0.99714857475199802916 -0.01110627106675108125 -0.99728833354646317932 0.072750467456317260972
-0.94422445687464906516 -1.9449345347655324634 -2.2050391191965035276 -0.99524408856994128758 0.0068906410837662034757 0.097168530049274753901 -0.090982374131224855174 -0.4221564876686981771 -0.90194573424157731267 0.034805341025837446822 -0.90649678376963105375 0.42077567568883872395
-3.549994057641935985 -6.1780494477365213157 2.9581252642930055963 0.58242831664333027941 0.0081624613279208044214 -0.81284108545094246878 0.81128499416287525037 -0.068487947985880190394 0.58062557576007667315 -0.05093048417301808406 -0.99761855195548898578 -0.046511402646558230867
-6.419396363842856168 7.4585994117945597637 6.9707107187083456878 -0.99878137534644872986 -0.012708500608849954139 -0.047689184029369058315 -0.042773910440382922893 -0.25913424530340112284 0.96489369129284530135 -0.02462025277585702665 0.96575770093914736769 0.25827486565659019124
-3.7985701244292968681 2.6405431915981387725 -6.7548671230677941324 0.86369774897854634244 0.0078937031722186197513 -0.50394829879623881386 -0.085324082037323140115 -0.98315532631864055446 -0.16163355269189536023 -0.49673534143839398469 0.18260146160851450925 -0.84847551926070396977
1.3501308031671734877 0.62400973950992011385 -1.7308289727659125212 0.99898801496725164739 0.0048393800410896307268 -0.044716063696418797968 0.0086125828348067520746 -0.99637961606276170823 0.084578272099733481371 -0.044144867975750942679 -0.084877800956942542343 -0.99541297436592846015
2.0718878556244675337 -2.4196983126004303344 -5.642030755570496936 0.99998701462840589027 0.0016170548871296554737 -0.0048327743580277443547 0.0010592508235537211742 0.86165709064702455944 0.50748983844538542165 0.0049848332165053823445 -0.50748836762147753188 0.86164418884284876832
2.2549536130720797544 0.23402663181946950499 4.4300686307345271686 -0.98653288861551580169 -0.013095859197892379192 -0.16303790403374218698 0.14458718910992202078 -0.5358391164257205741 -0.83184793445278348845 -0.076468323017689479593 -0.84421853792722112431 0.53051640483108619684
-1.5612521932238749844 -3.6589371662953005249 5.0771556768235797108 0.90403033125039444773 -0.014514017078309437644 0.42722184341113783601 0.41841976367348282517 -0.17450108040987361013 -0.89133286391972643692 0.087487493659312673411 0.98455000697988859226 -0.15168131793059330681
-3.2382139585334828169 4.3154890374014964749 -6.1194408665690032123 -0.62849102887202479284 0.0015421627096458283453 -0.77781530478749660862 -0.32236101057619021004 0.90955688872642692644 0.26227780125398331146 0.70787174367089222837 0.41557657285334820285 -0.57115121168367333215
-0.89310073574328574519 2.7904292005477491223 -6.8611569158677525593 0.80013198120393458357 0.0039172775271788902104 -0.59981119328623966336 0.16630683302934409773 0.95932581375486880582 0.22811405119221414561 0.57630794714488642327 -0.28227404769190661549 0.76693579396011601901
-5.8387952216757383894 -1.6910080075202928995 -6.1212523513206882342 0.95175469111036292702 0.0038627394131325221323 -0.30683560287839373171 0.23758250279371920244 0.62356896042374254652 0.74479279397869102564 0.19421009838776959189 -0.78175880605241132582 0.59256696401662978246
5.2852026318242977254 -2.0193282632808275956 6.7232228473949504632 0.41861313449078729754 -0.00034922193575650205266 0.9081645895298475768 0.49740320049807240643 0.83676187395516354872 -0.2289533193234352948 -0.75983754827333371829 0.54756684006520717212 0.35045321498727466381
-2.5105991546510844081 6.094942998230934883 -3.0943141397142936988 0.99910509753545284628 -0.013559018204332329641 0.040064411939667282647 0.042155311782349748351 0.39657639092812424497 -0.91703331228861628688 -0.0034545285163650671367 0.91790158469400406904 0.3967930783783348847
0.35740657115056712057 5.9020729760479957449 -3.1484302146843035075 0.99551891686144422522 -0.0019366931890734051178 0.094542770165084236145 -0.093788344746233209825 -0.14790001751340967062 0.9845452408138943845 0.012076115300974020125 -0.98900042165752610757 -0.14741890448713945716
4.3882103771197851216 7.0781791531770670289 -6.1579154890236313946 0.96815511762416694985 -0.0073818000907992925574 0.25024223713338217268 0.24473975983969514791 0.23835119454111058923 -0.9398357079907702083 -0.052707856830802715664 0.97115097543492412413 0.23256754876819629718
7.356135308620967983 -4.463339189400521434 -4.9794940492020680622 0.96120190783569114945 -0.0079994305740827640477 0.27572976169337809482 -0.2624541374129272242 0.28114506578864889574 0.92307923697676563801 -0.084904170261734801528 -0.95963194042985067167 0.26813768996348741336
0.043585635652418089347 -4.5936196723866258296 -7.4120968583503739069 0.99178818631930676375 0.0012863469616885094861 0.1278848653629945098 -0.069414978774534799588 0.8452562994620833603 0.52983332184889297967 -0.10741393857012822288 -0.53435955454286210298 0.83840450396554255796
-1.8850120952574365152 -1.1770519896237445767 -3.4173432631107778512 -0.7335276336281957299 -0.0041507351244692829856 0.67964695401481578507 0.61980804883639284419 0.40623316214910820676 0.67142579676973423997 -0.27888204191258147979 0.91376002832703040468 -0.29541059109385336967
-4.9052973130458461526 -3.9484007036761989973 0.37591245257843169947 0.94506490837884515877 -0.0037635508958474362187 -0.32686106319889629557 0.32683236949382743486 0.028430904478299892646 0.94465458550814684902 0.0057377000539032690929 -0.99958867508346138653 0.028099100392919969249
-2.7173559578303896345 7.3477034023165792576 -5.0895022659621789174 0.8293796056837485775 0.0020489307792705465511 0.55868172653002490247 -0.17383615969066890106 -0.94940731220521967781 0.26154683159118419233 0.53095240771652907341 -0.31404069388232802584 -0.7870628839718579739
7.2331170054875828512 2.0585900974764146376 -3.4999925004921501603 0.97132805620533524404 -0.0037534669514206185116 0.23771352236278225911 -0.1807155502959494342 -0.66134755665227751287 0.72798440861804647461 0.15447879177891554736 -0.75007021057746647852 -0.64306374652495057465
4.2869100156699557758 -5.1152760272071491343 -3.1350427911538054637 -0.95627329435515140421 0.0046759906856368620501 -0.29243720969512954078 0.29145685346818561712 0.098575722976131582853 -0.95149131861846902858 0.024378044827460709082 -0.99511856678027377221 -0.095628180885884414564
-4.2047812172543350684 -6.9114923633506188949 7.2058502994084649984 0.95878601234846239088 0.01355035199070813573 0.2838058676030764671 0.2617463242412876312 -0.43071544309678427842 -0.8636973247752975924 0.1105361672540628587 0.90238605654058257066 -0.41651069696948472831
1.1681516316003275335 0.60361242168566009436 -6.317493918085673954 0.97783362763595116363 -0.0023896824782726902928 -0.20936973535360886567 0.097174241066402711198 0.89090588800677872339 0.44367089783766633371 0.18546849742628804258 -0.45418166864433578978 0.87138995193302404285
-5.0594037233570920975 2.1556578071354266513 0.80651620751912322937 0.99955206437371069139 -0.0059154971603143716163 0.029337305594652411667 -0.028155400226417336834 -0.5182025945254973287 0.85479432875115279877 0.010146134451145224706 -0.85523743949876485093 -0.51813702631187108505
6.8046685976210499192 -2.2305467223640342844 4.4610664090772935708 -0.9391983399828681689 0.0026007525200707065638 0.34336527818000972534 0.27764497281431488318 -0.58262266778084437213 0.76384821532742286365 0.2020389745675106874 0.81273861916011103101 0.54647615655341330587
4.9154627351020172554 -0.11199519705331044406 -6.8006379072792526586 0.87972217825199916508 -0.0010879279513193703191 0.47548680896988088085 -0.43598751153274001302 0.39720988324040817918 0.80755135963209767613 -0.18974661756947192037 -0.91772715175527597165 0.34896002070722342836
3.5960397219203037444 -7.3415481125353876379 -3.8545625279795765472 -0.98200317305839346371 -0.0071546890780315869351 0.18872884921924559798 0.18877334804128328982 -0.068211518912165425288 0.97964882062760660908 0.0058643987505194276888 0.99764522707819514036 0.06833454262232988019
1.5665386045868403553 1.3646032046665219628 5.1895016931587720777 -0.94820983472273123738 -0.0084388706697130742851 -0.31753250982674319225 0.30991508817683433019 0.19460621920121617956 -0.93063476056321725594 0.069647307595993621088 -0.98084514828288860144 -0.18191219759709106873
4.6744843272762155451 3.5468397967541900329 -5.9882442458753342152 -0.97814835847143577485 0.00011509481863843356447 -0.20790809405298915635 -0.19163675961077755727 0.38731469846302762905 0.90181077656029451362 0.08062965450393994038 0.9219475641855336967 -0.37882918011543892378
3.3481754333848510186 0.78089706662995073128 2.4068621019951637052 0.87368557916956879339 -0.0023710120796852666644 0.48648523826811918003 -0.36515050899288648001 0.65757551566630567663 0.65898372284790129871 -0.32146323978545876532 -0.75338490793090973074 0.57364846898495680527
-6.4260308967100723265 -5.8393062633292940333 -6.0446105531018243795 -0.99990534428322008775 -0.0048418785798886414262 -0.012878613503399544832 -0.0015605022600393399571 -0.89008265580061640687 0.45579647944633960854 -0.013669941720758183729 0.45577343280932997027 0.88999084862626576253
-5.3861039567543631534 3.913303794533357749 -6.8773404577281498362 0.96336429319627869816 -0.0017336224386924345767 0.26819066566085031367 -0.26705781220235286222 0.085839201592068009594 0.95984986139070704869 -0.024685289872236119285 -0.99630749571775456541 0.082231444354605165437
1.682053977966730729 -6.2668989206132108549 -6.7609741817247108742 -0.84596181372579859481 -0.0018689995800615973737 0.53324020530933780027 -0.27726893991460471733 0.8557229218712191221 -0.43687551538472430002 -0.45548934639180638229 -0.51743094981321524628 -0.72442713056522445303
4.76436162698866017 -3.8419634363140269251 -6.4169548070422415265 0.75620203202805280629 0.00074558060093813695313 -0.65433778040574885893 0.25328982477903355663 -0.92237356117671776001 0.29166981041133877017 -0.60332640537288850791 -0.38629840505959961439 -0.69768960923059974988
0.12342540671516509521 -5.2999014170985541128 6.593755450792574635 0.99825730645830312859 -0.0041920396636359880116 -0.058862355594834964156 0.058539167266571087711 0.19628949070491646944 0.97879701763677851023 0.0074509058808586436928 -0.98053702767528549966 0.19619281678816116732
-5.0662524984628873881 4.5117629821696594306 -3.1439022540472483236 0.99999293934699684527 -0.0034566341737795407661 0.0014740882817697587015 0.0015132222612656287541 0.72946869568574179699 0.68401252340361407001 -0.0034396823199024303963 -0.68400546320536337319 0.72946877581624702813
-1.4755876897221713584 -0.79979535071730112339 -0.49406610658388333546 0.99997039771511042616 0.007415617329759525457 0.0020523920176193140991 -0.0076812912089982334635 0.94653944707551473936 0.32249662462646422334 0.00044884155280949800115 -0.32250284301026910239 0.94656838886132310673
-6.4456150030317633792 4.0749567036881799709 -4.3231291037160710644 -0.89822341622776602499 0.00066223295648870725977 0.4395386854276378541 0.34233805592478411262 -0.62614711787699584011 0.70053154264451511501 0.27567979615061677379 0.77970465448250858564 0.56219329573777454545
3.1025840239074131688 1.6886316645275027959 -0.041082257612970934924 -0.99793767872191707635 0.0017522723272361553047 -0.064166337972967280034 -0.035300211567189009043 -0.84987997117438252026 0.52579266794040746547 -0.053612353524976244512 0.52697339983941549058 0.84818910120990564927
-2.6504181945493363592 -6.5599230383455813254 -4.7630838909307042783 -0.99701779473711138468 0.0072481754066571714087 -0.076830859235894069514 -0.075850785706771478578 -0.27547324684197926903 0.95831161350688764955 -0.014218835582423872133 0.96128141260904187426 0.27520150887494926328
1.5211885888159091262 -6.8054453465283764046 -0.24373061736179163494 0.89205131542928806088 0.0021499173350289675632 -0.45192900824841814034 -0.38911637644625796106 0.51224885607631431839 -0.76563016857338028753 0.22985407593131637616 0.85883437710881715965 0.45778883393311625705
0.93990325841179711563 -5.6884995145676517936 0.034083220493755637948 -0.97757509742174231171 -0.00023365856514782901154 0.21058697562925099422 -0.20195944266074492002 -0.28226265794430460687 -0.93783803263170550935 0.05965997335857056022 -0.959337134345354281 0.27588575578484436646
-7.0398939693445559129 0.63391137361879990042 -1.9263617056085104995 0.96916830421081157088 0.0011715309354298313049 -0.24639688640159668198 -0.035447229964618034992 0.99024967281975428968 -0.13471851902434470172 0.2438366092303926036 0.1392990057234757828 0.95976012367851937235
5.3383843258682857069 -7.246985921422158583 5.9702923427608656226 -0.9885371121096874214 -0.012609801990569732486 0.1504505595721175315 -0.14710919063344432556 -0.14369807081767135837 -0.97862646115583562523 0.033959741061844871124 -0.98954123579414277057 0.1401958581769904566
-0.3761302753411432942 2.9001656131986406351 6.7625895248492824408 0.9522664358184881328 0.0068254979503763208576 -0.30519182130464095337 0.086145921315986320743 -0.9651249618323934909 0.247209806214611999 -0.29286091486256399241 -0.26170063168777779605 -0.91964409633305577163
6.0659478242482895993 -1.0089744891299279317 1.7134776022958786434 0.94270132004975537576 0.0094871886018431210441 -0.33350294515771011783 -0.33255970892776820502 -0.053575675392120589158 -0.94155917870527072733 -0.02680039504024303923 0.99851872303860134128 -0.047350803234737344483
-6.6871461214974754483 5.2521019671807458451 -2.8373109643783607225 0.92366296859940610897 -0.0049032588053368455702 0.38317447526057990537 0.37624227082457561977 0.20136070942708922393 -0.90437581698311853007 -0.072721895484873261273 0.97950488653818401641 0.18783424385604852169
-6.5295005353812323179 6.5315777882645322805 1.6549719441141270693 0.89752231227152512449 -0.0068275924618070010091 -0.44091618586295200366 -0.41518353190827811394 -0.34998566885991000408 -0.83972177917738866082 -0.14858106813088947651 0.93673017223412768928 -0.31695465072974132736
-4.1459948195817721839 -4.2877475082356948377 5.310328606926282724 0.99912302935416374972 0.0045534940126970681676 0.041622564870474519638 -0.021803538839553365108 0.90523692853598891617 0.42434739177790287146 -0.035746019473425372226 -0.42488277078147979049 0.90454234460579463484
1.8388561031052956807 -1.3142627512340470108 -2.0851109834774237406 0.97653017502765226965 0.0072766816244370560035 -0.21525767620447702755 -0.10488954782596320026 -0.85683836500197452235 -0.50480312896976509141 -0.18811432698570229594 0.51553376821059482271 -0.83596527070053650021
-6.6642786175802521953 4.3672293221965379217 2.2261053550797034184 -0.9388038509817440147 -0.010143483063308436631 0.34430283056216370863 -0.063117366775795130662 0.98770774798790561544 -0.14300210689336412262 -0.33862003395111628379 -0.15598241668847123709 -0.9279040673965285313
2.0380685870035031293 -2.2143554472947784006 -0.27976982632483488045 0.96861487333430895674 0.0024539048808649363553 -0.24855423051358480069 -0.00311726149850994564 0.99999255278274246095 -0.0022753153074145130927 0.24854679606892271515 0.0029787127812643662481 0.96861530931214367968
-4.1539669420297844482 -3.1974672418152185749 6.0316563212568370389 0.97571844974899524239 -0.0053517281501032007429 0.21896316088601525118 -0.10514334966581553865 -0.8884270447026801909 0.44681345353723783687 0.19214156978756530281 -0.45898665040140051996 -0.86741735739655567716
-0.31432419560214686083 3.138931932143102177 -0.42664837766046254108 -0.85270788189034296689 -5.4002530485538677817e-05 0.52238804087178269953 -0.28949266781065413623 0.83245123153989242226 -0.47246051939995498126 -0.43483705390176330408 -0.55409831635870032684 -0.70985335975994812152
-6.5421501797062360239 -1.9948803072187601959 -7.1821477807567264406 -0.85703831533340080195 -0.0030894344976153745308 0.51524341960364239412 -0.46178050238937945471 -0.43899349928184078218 -0.77074215870236795212 0.22856966916766760511 -0.89848492640825328159 0.37480760845248067836
2.1731879877032174164 -3.9254739283673361072 -6.2966426858761801455 0.8526858005906134963 0.00017758357863233500962 0.52242405566294691788 0.2895596038836750763 0.83218183323328875911 -0.47289389109521789978 -0.43483578655627042053 0.55450280873996971032 0.70953821167679109738
-5.4144926780047519799 -5.8426549750332696931 4.5130620073206371146 -0.99004383793253025736 0.0075302078343227720272 -0.14055779929165881925 -0.0080134491016158101301 0.99393322559262309301 0.109692878968832494 0.14053107700870864916 0.10972711165866651239 -0.98397712237719148209
1.4131331801145647908 6.9699465959822957117 1.7388731170167166518 0.99993283504264218742 0.0040391918834903096924 -0.010863256069012457161 0.0082585289121802560319 0.40930132978004962752 0.91236188989928934667 0.0081315498953187757836 -0.91239032566626709908 0.4092404812908160272
-6.325904350686202271 -4.469663732950263757 6.6442755485307101182 0.56825190791752200337 0.0063360555191590579166 0.82283025196497361353 0.31475987810877448236 -0.92559281515623081926 -0.21024785293578723833 0.76027362724293856555 0.37846769337901819963 -0.52796421923015623978
-1.7800523452785754763 -0.76366611751758151083 1.9462444693709799459 -0.95477908057718341439 0.0055790801909453924604 0.29726382416342284065 0.27595707428592858301 0.388744250990979201 0.87904812181868396959 -0.1106553227078041074 0.92132881274047861986 -0.37270446518760352861
-3.2126010661216133357 -6.1445167340188246996 1.1444734478815572487 -0.63724587118254616414 -0.0064791807882231154322 0.7706333238818313669 -0.53596434197824782686 -0.71481252829350971911 -0.44920515749753170409 0.55376883605761917373 -0.69928611426998688039 0.45203872245694715071
-2.1790823935812624335 -3.3512339458505064904 -6.7229607914480453701 0.99552448539136983996 -0.0051186862800688048489 0.094365237439264088026 0.031761791277889937779 0.95856989131789982483 -0.28308117576698810236 -0.089006671665828873685 0.28481145080491010457 0.95444237641120299731
-2.5638396321845315917 -0.11721273452626902734 -2.6460106318618650256 -0.67745110547548581525 -0.006633081333736531339 0.73553789971836425199 0.72719212403645439036 0.14443276109559693987 0.67106690595027340684 -0.11068701111428611017 0.98949238488945012726 -0.093022609167152339738
2.935490028524784023 2.5005836779803907177 -3.9324950520180164126 -0.91196051399726762998 -0.00068138384288392393057 -0.41027741422830621421 -0.32125285222633415128 0.62319083841213007702 0.71304262415062069635 0.25519527003119352182 0.78206950754730619746 -0.56854433381971358763
4.4778256513376684111 6.8119800003048611714 -1.0171020050822969782 -0.76020045709791295163 0.0012340999176259567771 0.64968741870656410153 0.19123449243824078292 0.95612164887284201154 0.22194765477132377685 -0.62090630044315653358 0.29296735236878457265 -0.72708011698570340631
-5.4110658249837522149 5.938686378671431676 -5.9586299674737821519 0.98767428072985397058 0.0056211544764620960737 0.15642224204676238863 0.11232047281069153233 -0.72146315666853777504 -0.68328253669867766718 0.10901204783034766643 0.69243000815403632497 -0.71320197506432181367
-7.031431414696334592 -3.5382150885611505231 -5.4489998565983324141 -0.7271568311629642567 -0.0014198506087460286904 -0.68646990241182803683 -0.6433850275259196394 0.35010710276829959398 0.68079418545299696941 0.239371362632453899 0.93670859962710195656 -0.25549628203971874729
2.9570129157412869958 2.1965683031415603743 5.0360052141739091169 0.99129667523688125286 0.0068622018624771539963 0.13146791186405989982 0.10316661588837129637 -0.66083687940790825088 -0.74340518439187797117 0.081777448177561787301 0.75049818720645156134 -0.65579335157462426142
6.6299605760222100059 4.4741522633213781646 -3.0879749743413276164 -0.99824615203475564051 -0.0097532848042663471827 -0.058390867293170181651 0.030046789508578194278 -0.93332203796122192863 -0.35778088810898500682 -0.051007944361161336455 -0.35890785292518817551 0.93197818789956032859
7.1517895096697330359 5.5401476565659466544 5.993856660701317729 -0.99580727544296498976 -0.0066120295677709380738 -0.091236786659637802988 -0.090984821566433796147 -0.031633711296079967956 0.99534972273781174845 -0.0094674399657993912188 0.99947765826693713009 0.030899485527441181848
-4.8543559802818396776 7.2648472605752028031 6.2842765621687526334 0.98684595167932576132 -0.0014178680713969006241 0.16165722162743761947 0.10877704157867267021 -0.73391668172627133604 -0.67047286261953165099 0.11959357373857380791 0.67923802450541792552 -0.7241084747374220143
-1.9741453649498692524 3.3955711590487140938 3.6072599224778474358 0.78875045514670860669 -0.0056156880015367522524 -0.61468787490413034913 0.39547395589819223094 -0.76090726908827566177 0.51441275067276959199 -0.47060925374680240285 -0.64883633675749707859 -0.59794509646880222853
3.4805809857392913109 -6.2934242224943295341 -3.1735965779258892283 -0.68435527465735501718 0.0073797508616234401557 0.72911137511770796049 0.65881151910707724806 -0.42223373620546966745 0.62264440437681745077 0.31245038060552782211 0.90645695501059420085 0.28409601963470565433
5.7822997746884139403 -6.820355833417864666 -5.8239679265844728207 0.8788579128070824753 0.00072979931102048600094 0.47708304988686017767 -0.23304480888469855659 -0.87191852579942896728 0.43063697172869841445 0.41629182810648085455 -0.48965043833396532102 -0.76612241978092887607
-6.1059051408219593426 1.7146088830145282955 -1.6291414241390460571 0.99968999612472808636 -0.0015589962169906877807 -0.02484916857077361374 0.004647269807368750727 -0.96881464185242149867 0.24774299710713518219 -0.024460468744548991005 -0.24778167660881247891 -0.96850706048312440455
-7.2277447231405922423 -2.2169947186215122059 -2.8994056517223021352 -0.94996558226545646519 0.0062615819114573700865 -0.31229182682710693308 -0.099487659013491921978 0.94166396792990580966 0.32151388338066000383 0.29608714631852633969 0.33649630621217618831 -0.89392540946690013381
-5.1905025501844432867 -6.7750337584160735815 -5.5283668184106771193 -0.99356052455386834055 -0.0023500309627031493176 -0.11327824770313457692 0.061248683756839693293 0.82997418240468812112 -0.55442894520382490775 0.09532094620947803576 -0.55779685719464588978 -0.82448564773285837326
-5.0750170276119224155 5.0194471264299034274 -4.1738619970976111873 -0.97431846335272476178 -0.0027008219584015750667 -0.22515824997283856446 0.21519883519190768917 -0.30549547306154972715 -0.92755699408229830283 -0.066279659791862580165 -0.9521896982743014437 0.29823109361401922701
5.3577747683088965402 -6.69812388061932662 -3.3592679519853021475 -0.95028318903824549047 -0.0048255204313209804773 0.31134960251131860165 0.010396667202275196654 0.99883075142969102167 0.047212702840490353151 -0.31121338329587006077 0.048102436019299511794 -0.94912190244802929762
-5.7109070594574777857 -6.0218954067572143529 6.6240847268286042748 0.85122999677704724864 0.0021196136650956654002 0.524788528671200738 -0.39703481674734109053 -0.65132321074770216374 0.64663856166473598908 0.3431775733893120961 -0.75879745807379894718 -0.55358429416244370191
-2.7903790887217234662 -0.58211775649967256729 5.6168245363828193106 0.98376625615035262484 -0.0076166060500997643384 0.17929289046772525773 0.14747023362887309861 0.60361944445844817331 -0.78351521776237498251 -0.10225694819151340265 0.7972361968601229254 0.59494366368808282441
1.0059098718807295558 0.63186707996561408684 6.2944756488067170608 -0.52493985720756342062 0.0057081430935889670292 -0.85112018153565571765 0.17150332879355920102 0.98017616256051620649 -0.099203319303631520842 0.83368144667344667997 -0.1980457206065017739 -0.51551250035450535414
-5.1871234620904740353 5.7318076109879925184 3.9601066387171881544 -0.99638225754861398098 0.014341305545119625159 -0.083765886836634717572 -0.084981993469411598596 -0.17598170854577457889 0.9807183586755177096 -0.00067648224787926133916 0.98428896428463652502 0.17656380478228128617
-4.9807671642606434759 3.8150120367405535582 -1.4414359214442762358 0.63535079830614749063 0.0056072434686432297279 0.77220329053460878832 -0.51700333574332590914 -0.73970427604165045476 0.43074950358177671594 0.57361739332247574374 -0.6729087180489983222 -0.46707273871592513981
5.568960182712719309 -2.6517634557872429291 -4.6724926866603588849 0.99082176424712797846 -0.00040112748097567881012 -0.13517422310155877141 -0.11821748961576257486 0.48235712772744954169 -0.86796095907571690908 0.06555041299116941278 0.87597456608480339657 0.47788252000826059174
