1125 14.717824617146108679 14.977075390850430381 15.033177056927090831
-5.9400420561123512542 7.4576270500214718595 0.70710203029765672511 0.93003160413899599313 0.0059066817138508503904 -0.36743207047523585018 0.17320508542871732027 -0.88888749655005649952 0.42412146474643758198 -0.32410062277665124819 -0.45808746936385957849 -0.82771653162634994949
-2.8700489285205930123 5.0991411098236243404 -3.8921145144276274586 -0.99941862055080032956 0.0040731411150614817845 0.033850116953662072461 -0.034007485594802502882 -0.18989741536388782261 -0.98121478920857252426 0.0024314234186362890938 -0.98179548845962794079 0.18992553019691307825
0.10660265740988464356 -6.3029353860807324494 6.6498272093234795932 0.88108668484992325176 0.0057112131128835806615 0.47292032714276932559 -0.035324088576991589938 0.99792889052354638579 0.053760005809076333305 -0.47163382252148794427 -0.064072704821711984335 0.87946360126534306456
-1.9575140003501665387 2.1968930532689281421 5.4527056591590650214 -0.32132702487611125575 0.0048331161227812662051 0.94695595677562349746 -0.94202213151431390958 0.10044086446488502407 -0.32016548296580932265 -0.096660471866482106096 -0.99493129096138011036 -0.027721461802675633618
-6.9730216054379150492 0.7095732289117887559 0.39852003362126114938 0.9616706571340777332 0.007996122479511851705 0.27409051284693086714 -0.049329040570598975401 -0.97822223864326296461 0.20161323761158742029 0.26973355920938801855 -0.20740615672913892409 -0.94033318200898297068
3.0913175180574747891 6.1853569078867760567 -4.488454530141219756 0.95466207851455464617 -0.010069836333771294001 -0.29752128367990610114 -0.16609256775622210922 0.81139250491167369539 -0.56040651487053849689 0.24704974151471853494 0.58441492226791325049 0.77293313025652687909
-2.274604074961507294 -3.7123631488865802552 -0.83461924471644877155 -0.020057859876488181444 0.0050574100849903351126 -0.99978602953853390467 -0.92294027309049830876 0.38439902989456797844 0.020460648176792241987 0.38442025774522342596 0.9231531879484737857 -0.0030425344333259284751
-0.6905046066043767361 -3.902840154383456106 -5.7405428853109592424 -0.94228943368831463712 0.0050747351741496481842 -0.33476091501604315903 -0.30303805133346356504 0.41215129505904413154 0.85924341686464622558 0.14233257744971064551 0.9111012880267531644 -0.38682797255679518544
-4.8431162622784613703 6.2056239524244114492 -1.1504341728390667932 0.98609446018763757813 0.0033467474218766479419 -0.16615208355289881603 -0.12194318081886371119 0.69382517570448465349 -0.70974395820639157861 0.1129051648024491511 0.72013569890704964838 0.68458527512688127636
-5.6093345325679244695 3.2894528687353443708 -1.2732062013109477494 -0.9821239482944650323 0.0054346379517250858679 -0.1881568890494278723 0.18271526775256774489 -0.21277343108384214054 -0.95986592707259599244 -0.045251310660994414903 -0.9770864504920714344 0.20797689089974974452
-4.1126060890223303801 -7.2196712146129398135 -5.5436081836476844842 -0.99123346787279142944 0.0077115754603581717491 -0.13189671630798191493 0.044158785275628456568 -0.92154880467723077064 -0.38574318176868493957 -0.12452394890898038637 -0.38818595054686599877 0.91312948366931834254
-6.6627762252116466968 7.0869475621587598724 -0.22646935220960121016 0.87647987728118281758 0.0013131504731264112204 -0.48143670441390656878 0.39390177729663972128 -0.57692063844471130896 0.71554452466565388047 -0.27681115325011590445 -0.81679915069263064886 -0.50617658269021692519
0.70090943769741798075 3.9946431362386967123 0.73920801859309137605 0.88381226359039688489 0.014528127093391733637 -0.46761609922070512813 -0.16104443862894601835 0.94788062729143529594 -0.27493090985279639016 0.43925001026061805121 0.3182942819608007845 0.8400881968919897691
-5.0559945194800590684 4.0238774570660797991 -7.3981844163548480253 0.99036170013946844826 0.0069052511737125385483 0.13833300547313001627 -0.093494959649423267645 0.77020387257243339008 0.63090782781218812669 -0.10218803950148203086 -0.63776038774827292777 0.76342602287459437882
-3.6402638983770008174 -2.6127104534930385427 -6.4908340732364564474 0.9757145561787021748 -0.013321870072177780658 -0.21864041858432919918 0.21671436192969847911 0.20395536248373338784 0.9546921469497280377 0.031874601085297840641 -0.97888954325392296685 0.20188925655849096485
0.38061266886346895033 5.7786594318979043194 6.4986383266170717476 0.98273543263621043753 0.0048659596610963716523 0.18495240435822241087 -0.15277048777009577529 -0.54255356760846618069 0.82601259333121002104 0.10436593078100504794 -0.84000711229829505555 -0.53244323996112874475
-2.6182907768832466289 0.272505642317432073 -5.6450751411046979911 -0.91536575654804375191 0.0042341854796846874892 -0.40260104745586783315 -0.40137992734044253273 -0.088121863895538027345 0.91166259714422048788 -0.031617806176911983362 0.99610070212652790378 0.082363253673365943719
-4.3133937271025102334 -3.5993978050544375158 5.3736871857395112073 -0.86175816749369271719 -0.0073512499624698727022 -0.5072660247659959154 0.29548423365728376799 0.8055135989154100784 -0.51365057151969706339 0.41238565496134438337 -0.5925316878333021231 -0.69198574443097582432
5.4308911969836719535 -5.2557484717462834567 -3.7765153824032853258 -0.82910431344559587519 0.0043256492954024169245 0.55907720950146055916 0.28421896433356552691 0.86438197184053344735 0.41480523992623280494 -0.48146195876619263254 0.50281715912971403082 -0.71789225288048230667
-4.5269636335563978591 6.6315877510396310512 -2.1975516236908920753 0.99261225175637002316 -0.015596872404878588461 -0.1203231284260504047 0.0026983096443198113443 -0.98862008083071373221 0.15040962370533553227 -0.12129978065985977387 -0.14962310432981218433 -0.98127431937397846529
5.2636697039798896469 -3.3652907322162164405 6.9719020965452882521 -0.20172446048295644694 0.011208107619277114103 0.97937818046273439343 0.52131406750556830154 0.84775667474529736722 0.097674272178525201049 -0.82917964583294456737 0.53026691274149728716 -0.17685620200586532613
3.8308603392122693165 7.1856990298729757072 -4.9561875106920680878 -0.97523713948020529507 -0.00015943030336251860085 0.22116169731696400103 -0.19491960205520000859 -0.47185526663937676917 -0.85985984676536797444 0.10449339937415200175 -0.88167600734434992127 0.46013970439478574237
-0.038980169214903589991 -2.308079325325150144 -4.3819354540557311495 0.99748174307028314445 0.0047683277656032198658 -0.07076323404054618571 0.049374105156912331815 0.6695782219564607729 0.74109864554027971018 0.0509153216773124348 -0.74272624009924559374 0.66765662004247761097
-5.1013882379936159595 5.7230749371182838559 -5.3446578580615495824 -0.49664575230360713531 -0.0075261929986415324403 -0.86792070671105947532 -0.16142732007701190988 -0.98171447026769853572 0.10088567390743644059 -0.85280960187582743881 0.19021055513810067317 0.48634938846728209549
4.3260050043641831152 -3.5438738641210130176 -2.7150308781760323917 -0.80874432655178851714 -0.0038561605709713517656 -0.58814772319196384487 0.42273605096169797335 0.69145002049542758638 -0.58582514488041581568 0.40893379108056987503 -0.72241400815780820732 -0.55757614307816649735
0.63580689673143375718 4.8052681214730910142 3.6129485548071635925 -0.94847595533156303649 -0.003023814608115627401 -0.31683468671052611443 0.27138152447442503989 0.50836940612263281647 -0.81725920924299266801 0.16354030185762394312 -0.8611337895261654829 -0.48135555071544988692
-3.9608668752758346976 -6.2651487140143400367 3.5816868331832782957 0.98670248219778922127 -0.0021560908865348466651 -0.16252249966382062429 0.10209031836076248867 0.78628061328480702841 0.60937702948959837634 0.12647441844848852921 -0.61786580132310597868 0.77604514883703246131
2.0718688869070818193 -6.4649548509020196008 -6.5521869805949854992 -0.98187074061439194583 -0.0075590010350888138871 0.18940092457154969474 -0.0047871506663596675307 -0.99789696350772483235 -0.064643123458743345644 0.18949124495267022361 -0.064377882268322778048 0.97976964453949055844
4.6754910693322555559 4.2304510791198568498 -5.7466596669322589364 -0.62532028356595925622 -0.00053373237524927119591 -0.78036802733766641449 0.77737686727742227877 0.087048478382593524882 -0.62298296014670695442 0.068262355533183216583 -0.9962039337108942183 -0.054018267984320945951
-6.8372649019134330572 5.9657023763884158285 -1.6737363468173096503 -0.93949275428451839431 0.008379411306423910355 0.3424662758768759474 -0.070190188442194684226 0.97378281619269135838 -0.21638013849274392864 -0.33530091275347356783 -0.22732534472389800961 -0.91427374760127233522
2.6460630409820775633 5.7441719329633667002 -1.294209029324513649 0.58884666379954009319 -0.01331887138383964532 -0.8081350222562502239 0.27865148195356892469 0.9419083237190519764 0.18751549619653881673 0.75869160937574653403 -0.33560589591634626405 0.5583508972760069522
-2.7235226663922058599 -6.8548864353874741084 -0.13466793518630346127 0.98568491373962030533 0.0062099819534221153972 -0.16848349162584896899 -0.12484346253108928593 -0.64473798808904192459 -0.75413993169583404264 -0.11331090278319605469 0.76437841599505729206 -0.63473323252483337953
5.8154733189894658452 7.325940034528626299 6.6789886104910580755 0.8639473297611296454 -0.0061681547885828573452 -0.50354440247629128624 0.40110927770194476638 0.61300606460917106411 0.68068708823792778428 0.30447718919507216206 -0.79005412385415196841 0.5320790567585237385
5.6882355736236256405 -2.625367293908229982 -0.55350827568786442612 0.51101203244839121798 -0.0074762301171907782904 0.85954104537033637623 0.69497609531094328705 0.5920500380545881125 -0.40802570922182068713 -0.50584081452505169629 0.80586652643157641318 0.30774049447192558526
3.2576769666059179897 -0.93970740321887646918 -3.4463460826725769159 0.98255208120526549287 -0.0065254507635784759698 0.18587314548264075031 0.18593243081975316389 0.058815120336905814258 -0.98080064885236772909 -0.0045319850759466297208 0.99824756454106333692 0.059002211816032303082
-2.9543549802066477739 5.2848170873808992809 -6.1736291806270369165 -0.97398612056861677555 -0.012996241436850054785 -0.22623468931177218022 0.21992222384746076824 -0.29492491035934420562 -0.9298674705071980906 -0.054637463314443017459 -0.95543204622722510688 0.29011093161843914956
1.3647035312073454438 -4.3628933100177320625 -3.5790842215062745879 0.99804976174758730512 -0.0058800372964286379968 0.062145782133500526712 0.054118681836285584263 0.57766298132153670597 -0.81447937253611435438 -0.031110148696093187226 0.81625419151875289181 0.57685462074604298977
0.6572573192789079588 -7.2835694906814465455 -6.0374684646127327881 -0.97549448629934554234 0.00052513095341184985732 0.22002325203714148683 -0.19971726006678303111 0.41748960352806790963 -0.88646232123955659432 -0.092322929063851019715 -0.90868154772917197892 -0.40715392861371263455
-1.6009905958223566991 7.1868029196927905033 -6.1663391995544021285 -0.96169184014093089807 -0.012674857868942630834 0.27383964757565243398 0.093697091188366610215 -0.95396754345297840594 0.28489784334254297793 0.25762309622618306815 0.29964190964620057711 0.91861039961142088028
-6.4098721566695280316 0.24130092649338449884 -0.91380052032003056262 -0.8088070136881917449 -0.0023990379318402656715 0.58806926396979120053 0.44749823637045682556 0.64628794884752960304 0.61810777023084961801 -0.38154494237811115154 0.76308985826801711827 -0.52164866064652459787
-1.5596810072600928443 -1.1199707687236111209 7.2883033209104421957 0.99583664980856556603 0.0060602962122492023272 0.090954052729439280323 0.090278105654960305593 0.072554729821947980262 -0.99327019225367796373 -0.012618658305829141136 0.99734602019069529266 0.071705547011921555445
-5.3738793844185455129 -6.4101404752694692846 -2.847958275760864133 0.98601310853417056812 0.016647438632793488261 0.16583429255055731621 0.021982895209477573001 0.97331620204856605927 -0.22841261599996673382 -0.16521168880257769418 0.22886335140580613134 0.95933657506965130946
4.4687895842625051657 -1.8268035299938838456 -0.1320489532766159213 -0.8470940728254585661 -0.0066861486278015575327 0.53140091004867529012 -0.49458370899566506118 -0.35598109333007554866 -0.79288360809612468127 0.19447001460405899387 -0.93446923791429614692 0.29824261401062501786
3.8436762702076925358 3.3096152965712151151 3.1443333696905182428 -0.53678837060322814878 -0.0072516518253875686395 -0.84368575828383951531 0.63581445857069718297 -0.66080019901498454615 -0.39885219223944484712 -0.5546153797521172768 -0.75052682199074072233 0.35932056720263283456
3.2583611439741702043 -5.4371990498052023 2.9079505718469440545 0.865048042380806681 0.00328172764351576619 -0.50167829795274876403 0.39006537118326151115 0.62446460997039598961 0.67667788282025609359 0.31550101517544837382 -0.78104620936165825018 0.53891180007959682552
-2.537314115213236132 -2.2958270911503029232 -3.7998148609336470649 0.57242999638176850219 0.0025571427941765323584 0.81994960836822761152 -0.49494953202157188077 0.79833744540074536022 0.34304851555232240834 -0.65371925166237465632 -0.60220493545947295644 0.45825795761151877361
2.4809160031349293263 -3.4998200973898092592 0.22790094491411566624 -0.63250042802760098049 -0.00013975733548933673422 0.77455999703878197771 -0.77453581615701883045 -0.0077896310969983763306 -0.63248208760197255351 0.0061219306507364640996 -0.99996965059710496426 0.0048186979411089323616
-0.59210237030331624997 4.7380884056910161917 -1.8215789904438812741 -0.99713187536760106155 0.0014822627736188996594 0.075669188068658313484 0.0053820941726764699384 0.99866569940238858472 0.051360041855105210973 -0.075492093547666186404 0.051619993550081011424 -0.99580937938827085443
-3.7837891183055822886 -1.8406304328957951988 0.90563593724610347291 0.99155942490595982974 0.0071519121042520322068 -0.12945561800627733429 -0.12192274590853845184 -0.28818037576357846685 -0.94978256198717758707 -0.044099330043254537925 0.95754943537031123046 -0.28487598689910315075
5.7208526596965239008 0.93619605790157434111 2.9552323261055937209 0.99926824432032568257 0.0039777056746288378189 -0.038041474085278872974 -0.033838349462182788774 0.55559035259243172433 -0.83076731171365081341 0.017830928150101711671 0.83144665370888604095 0.55531839519102998981
4.0314585787495369473 -4.3530328076754436495 7.4425461404707897728 -0.97840713696478009975 0.0073240545215187257549 0.20655709274084560478 -0.15487388495620885154 0.63581718714204271681 -0.75614190751034626725 -0.13687057424731058353 -0.77180493828440566162 -0.62095376892730924645
-2.7794471158535296595 -4.1894447451248799652 -6.2006300194907426615 -0.74141985658884990151 -0.0025973499515236225799 -0.67103639992864883013 -0.020742593417619525908 -0.99942594483609537015 0.026786668455325256255 -0.67072076237003896981 0.033779203096757005886 0.74094036491744152961
-4.8621732357213618414 -5.3616718019400808615 -5.1552860195719292236 -0.90542402502761454297 -0.0071065283041291341798 -0.42444885694076878169 0.40495786696087293643 -0.31439690908507117451 -0.8585823836675883225 -0.12734386867590177794 -0.94926502137878765453 0.28754035942353228794
-4.3234962118438664547 -1.3608287447203524234 2.3770873136478658516 -0.82902045318360573223 0.0096280883216246313655 -0.5591353933694057643 0.44780585788067833741 -0.58745202763188575368 -0.67406975075219566218 -0.33495522365081459304 -0.80920171474525370847 0.48269823182028143149
-3.1929412447937854935 -1.5096048729657631782 -0.46452961392538111296 -0.86807189009773177979 0.0012040571443795375361 0.49643704925059278787 -0.49613264403586870843 -0.037201863005916741001 -0.86744937656959386629 0.017423924478057736115 -0.99930704572481476866 0.032891263589325883676
0.38710599415025759296 -0.96895384629266312349 -0.92057739740966781916 -0.8532769774705519783 -0.0062155918447338812799 0.52142091072054308487 -0.1616450432092677858 -0.94752054420947617874 -0.2758182341810481164 0.49577139865517844131 -0.31963445483696284466 0.80749274644208446361
-1.8592494256235152505 -6.1416675774074436234 2.8741441149677782185 0.99422767585677673807 -0.0068098955263815475619 0.10707452490350721774 0.10695545438720045761 0.14175780791473779896 -0.98410632284927557212 -0.0084769886883843542646 0.98987794662682693225 0.14166789136798743631
-7.127234029935599402 -6.6263973117109200572 -6.5991190832257213827 -0.9694168841287665872 -0.0021940127940979093496 -0.24541004680734693211 -0.12235913189920057109 -0.86249361230470367179 0.49105296208711884942 -0.21274197424811203128 0.50606319273534206005 0.83584741272044427163
-2.754167450147038565 2.2074559168254856978 -5.9940123418708450842 0.7950896832616739518 -0.00086365121897157698383 0.60649126100663175443 -0.33802380279349170111 -0.83091276062738883557 0.44195462772960392162 0.50355963332651010322 -0.55640204738406151552 -0.66094209833471395665
0.6752001132408705919 0.8422938519304362659 -0.76129813109623722944 0.98217489109180189377 0.011725384479128681328 -0.18760330132368013833 0.059641942551667326278 -0.96591955736473478211 0.25187744517688359647 -0.17825633788840866689 -0.25857672760517541599 -0.94940126076571129676
-0.86581965508677771748 -2.6539980099449924644 -6.8555361448321816553 0.91612694530623728362 -0.0069392364800585134427 -0.40082822640235965528 0.1959586770026265079 -0.86450741722100765685 0.46284675917321999039 -0.34973077787233647351 -0.50257215657742426718 -0.79063873573325227362
5.5766819413196095923 0.6242468148752623458 6.8098254835581109035 -0.84328255748820257764 -0.0055768222652211700552 -0.53744155709201801852 0.39315062018096391672 -0.68822322270833191649 -0.60973878470722608913 -0.36647935560874667082 -0.7254775632494546711 0.58255917050050842754
1.2504907476547366674 -3.366664309582884318 5.0121359669374392354 0.99662386309334172196 0.010368099458930574511 -0.081445552527973807955 -0.065815488595369189828 -0.49215578331525422495 -0.86801555654863804534 -0.049083571324137854897 0.87044539602611714635 -0.48981181647962840353
-5.1192941482673584019 3.7186724086186511151 -6.2312616869750581117 -0.93166461260756272544 -0.0048376515841825826203 0.36328727853039549656 0.0049197629139870026685 0.999651690796316994 0.025928613941780382507 -0.36328617582797823049 0.025944059343624661929 -0.93131630514932717269
0.46730024736735586988 4.0317840639691091553 6.7309964711326930598 -0.83589631611811010536 0.00029329285556216637063 -0.54888729506112099443 -0.54880026757589794872 0.017368167481424189036 0.83577306313794774706 0.0097782927374217339794 0.99984911898625761228 -0.014357028017843182638
-6.4445523617897277902 -2.5123416541429475224 6.9270661595299811708 0.99698241924241626233 0.0019827423817891653979 -0.077602348252581443422 0.063339004172522792024 0.55717999357748915212 0.82797259937009959341 0.044880132264698877065 -0.83038938064611789169 0.55537307302229554917
4.3475023011043099075 -2.4774517923748229364 -7.0123856501778689676 0.99849541519186268967 0.0075929917679526410385 0.054307019039355294843 0.049835878727621130135 0.28749458364552221701 -0.95648484021746582595 -0.02287555534570170912 0.95775216567253484978 0.28668362024561017121
-2.5572722129840990135 4.5835974421418388403 -1.0484097796482172438 0.98149535225755191181 0.0053258038643789716582 0.19141188393117430921 0.13684046493056342686 -0.71874622782208652527 -0.68167334343449514922 0.13394611100915823632 0.69525210952916172147 -0.70617486753690350554
-0.33082371729925252879 5.3490925063936094475 -2.8738592391060731046 0.98298755918521851793 0.00030594915302359029395 0.18367189464417962852 -0.1023525680748259975 0.83125145493249263939 0.54639268889791581252 -0.15251036127276798582 -0.55589650571627979847 0.81714115343470594688
4.5051144038428008187 6.6764936087216790739 -6.0847146403706862117 0.88192604580187361485 -0.0010481964863656174219 -0.47138662583949064722 -0.43265409763614093297 -0.39877144519130730549 -0.80857390898961378767 -0.18712798169951103122 0.91704974553407936355 -0.35214043034121783604
5.9959495883701681151 -4.3708717163022159369 -4.4601574202034299788 0.89610169733246458623 0.0022312309611533429586 -0.44384318136726369497 0.23491925667211757678 -0.8508221881572510803 0.47001547526013776057 -0.37658291368894519779 -0.525448975398880469 -0.76294736605466895174
-0.16893931346585178144 -5.0619718238914162001 -5.4770185936709712138 0.99176298758538961042 -0.00069711588453250138489 0.12808470043334169164 0.054289081563079211179 -0.90343272879469793679 -0.42527873232226232059 0.11601237898904064039 0.42872930687332028166 -0.89595329641076504323
0.12655435895640299027 -0.87444530916790907948 -2.9998796060273305031 0.67299007640031960342 -0.0031370341283628771015 0.73964485807949897911 -0.13842867684136136996 -0.98285596168308431153 0.12178530293887618319 0.72658231364007597186 -0.18434835936573562565 -0.66188656422727354389
-2.1819343615136115311 -2.6320742886865216015 1.5268808902071275835 0.97309093121449630193 -0.00064306348701500301145 0.23042054174366360941 -0.13020660854722379551 0.82349812235881092448 0.55217486502204438104 -0.19010596697297302282 -0.56731863087757217201 0.80125482362378108725
-2.7767636921531995142 6.1574477208922386851 -6.6743447164769085234 0.95376614029700124142 0.0044858024891278845681 0.30051626777769607779 0.055451817839589447046 -0.98534921931627283964 -0.16128239795839463544 0.29538998886442330294 0.17048986353720060882 -0.94004146765443541423
-6.6618693066960528171 2.3483425604620156157 -3.4665064626681121318 -0.86122204803534241346 -0.0042414013650810891698 0.50821117116034897343 0.37979475639392401565 0.65910301709924368208 0.64910642876652668853 -0.33771663712838845273 0.75204070592285565677 -0.5660231882543647064
5.0097312759513927816 -3.0926514096662027775 -3.4416656747281355599 -0.8997071712459945303 0.020498587591139337538 -0.43601240110269057215 -0.3063090386161453349 0.6819884032796069695 0.66412844439486917736 0.31096909632727171013 0.73107566345689189991 -0.60731095447919358765
-4.5773520513190684156 6.5782017992652557226 5.955558572593577793 0.96036786845070243324 0.0074342928314308758669 -0.27863648098842419554 -0.27157007481718636877 0.25016209147764878473 -0.92933773325481061622 0.062795315997756645521 0.96817542794564115383 0.2422665660199387061
1.6170240580879593484 1.0240860897474701741 -5.666284407585914451 0.42794737114099351549 0.0079938917801376154632 -0.90376830284525822012 -0.90286886326052551155 -0.041686872435939520409 -0.42789019668741207214 -0.041095781878421347444 0.99909874505009055312 -0.010622351485514675701
-2.6012130264435042726 2.9878900669072994134 1.5431081682675109601 0.99266385927641842546 0.00011637158897072471739 0.12090677790784289114 0.11951854459909447281 0.15016063189530168276 -0.98141077135200449622 -0.018269646501980974646 0.98866160595345142781 0.1490451238056333394
6.7469678617372350615 -1.9444176640869117456 2.5821163378734786065 -0.75676062719972092552 -0.00071792238074901062322 0.65369169928004333681 0.62017759057677601664 0.31529759313805039156 0.71830855759051059906 -0.206623109227131313 0.94899257760467292666 -0.23815956496543497223
3.6227778571434052779 -0.18256738461451355038 -4.8500346608024811346 0.40133478057272725659 0.0028569577197492287794 -0.91592697945592871367 -0.81581640207363770312 0.45571235332665549489 -0.35604753774339159555 0.41638202652170808182 0.89012251337553205399 0.18522397029439138794
1.4144402004036633613 -6.9392620687271220348 -4.4954208622308104992 -0.93579000308982318579 -0.010190370128169227645 -0.35241059358935650225 -0.13952271961750220552 -0.90727295480900449487 0.39672307241041349091 -0.32377535549803437842 0.42041876959630564148 0.84759517302972930963
1.0679475122615738059 2.3058279122723166488 4.7369471118801937948 -0.16068185785893659978 -0.0062144947360501896425 -0.98698668714939863378 -0.063196293105901468756 0.99799308204653258692 0.004004587987325584561 0.98498099935619809475 0.063017364610481407805 -0.16075211558445287596
5.9791108058055435492 3.8932188088531205494 -5.0593802747539955433 -0.14410621823513905526 0.017028870236136705446 0.9894156939549676455 0.84009145465841705835 0.53049597067282161511 0.11322708558344594942 -0.52295290961601592628 0.84751639670176537322 -0.090753576490508372498
3.6313213423896022469 0.45737468351849663861 0.47117719828816745364 0.96781086836239182958 0.0046714403985562346841 -0.25163525334136327416 0.066936577759917320618 -0.96859547644090937535 0.23946251810262247917 -0.24261413321856412084 -0.24859803028758889476 -0.93772991937974603527
-6.1356024814185294858 -5.8325339927163222242 -6.2392126265882508207 -0.99585348072721857626 0.0020974617181231825641 -0.090947488024390760186 0.050572060623762876697 0.84378555459837267794 -0.53429243353751942891 0.07561951869634767065 -0.53667638154246521953 -0.84039285449518630333
-6.7775996055028597809 5.6923871556499694435 -5.6473611290879617286 0.78676436974093066912 -0.0045286359830285288428 0.61723684106042053799 0.30951539824601093098 0.86806375696791282515 -0.38815658191947038924 -0.53404311132600545964 0.49643207520761234441 0.68436331721565879516
1.9311633566348669344 -5.729249254689556814 -5.7431950764526673581 -0.99998759653818480864 0.002375943231186908311 0.0043774037446778855248 -0.0015617018631986275684 0.68498709345449393382 -0.72855352781241400351 -0.0047294668909571152549 -0.72855132742615291708 -0.68497488672835771251
1.6914739875652853307 -2.3852388259558807704 -5.3492595605755015598 0.99945168136405071468 0.00064550185838139432365 0.0331046816331092425 -0.03028590326697693999 -0.38628292047587359237 0.92188300201909478826 0.013382850293640882397 -0.92238012157463866725 -0.38605156474502877462
1.1006338662320500621 -3.5585469543296124328 -6.122969432417907143 0.9905659518088461013 -0.0034052193450823733945 0.13699452397203562559 -0.11919599692395699275 0.47182473911755196117 0.87359815125380313461 -0.067612198858062286244 -0.88168578305307354626 0.46696763327628759699
-2.4090501731875404445 3.7019751151280244628 -1.9442933119394385511 0.55214497485929525666 0.0010354377897465977081 0.83374747652158942568 0.53971700549818346637 0.76175842165895901736 -0.35837084285385456539 -0.63548523249068267216 0.64786035138780262432 0.42004224119251398761
-1.8281382750829215933 -0.74847238294424744964 -0.56784079305510382074 0.81584028743299008557 -0.017510410054929537171 -0.57801212006397573173 0.29518707755109840907 -0.84689721375012827487 0.4423004618912587671 -0.49726171645118921738 -0.53146824447188922846 -0.68576401952124721451
-6.9836696848896773204 4.45970852093269432 -4.6656581073563021533 -0.99303219708004408783 -0.0040603714259696017247 0.11777337961565256808 0.11283399588775823441 0.25552940353583569744 0.96019436225201360013 -0.03399330719740482204 0.96679275820227139615 -0.25329077707895653049
3.9465877408771370405 0.60367904691030838116 -0.7499448338095883182 -0.96859511441659074116 0.0025898110134975694044 0.24862983973624480649 -0.19384070345666457036 0.61838692252865101739 -0.76159267048003065348 -0.15572182252913374656 -0.78586952283726829727 -0.59846454119169456565
-2.3676897327952199923 -6.5063925242807201244 -4.5543342606520962335 -0.99257947555725190014 0.010698138859426338521 -0.12112611001569259517 0.11166048540725981297 0.47459038155457256014 -0.87309558797114883433 0.048144788930903043012 -0.88014176105948460638 -0.47226323140586690119
2.0294761259119558083 -7.2068870401076559062 -0.022695668995005108259 0.94216944445683858955 0.0015885675638934145318 0.33513312934571493074 -0.019420203747826311758 -0.99804965312527760268 0.059327443757234837873 0.33457374914707543878 -0.062404858380329601697 -0.9403010369196500573
0.74493489319633732215 -5.1261178522565620241 0.31112507921623105966 -0.9930962606348622268 -0.011572059843201577128 0.11673004987642671137 0.031063590331095722319 0.93365071247353415007 0.35683525674117605453 -0.11311441317940086615 0.35799781358096816053 -0.92684556157020436817
-4.9890219396073760549 0.14678127527939330288 -0.57025638100638109673 0.91434927606558447089 0.0024288804212762816689 -0.40491913007193880425 -0.18061588685662682829 0.89744020700836613091 -0.40246611815114802235 0.36241316583882571267 0.44112943155561029629 0.82101249798161757276
6.559671205008368311 -6.7719051910025935825 5.9690169887981809893 -0.99491999963887667313 -0.0065806424682601331877 0.10045341937066631921 -0.098891138143207296674 0.2505821156599653543 -0.96303122800253204705 -0.018834466153939605215 -0.96807298198848090731 -0.24995992564529412316
-1.8814886016100225152 2.5816890718666680726 7.1865872130243122484 0.71143331923855324117 0.002206421417020739198 -0.70275014335232166562 -0.68820061584790537257 -0.20026703386814154184 -0.69733279536548231636 -0.14227629677404762809 0.97973886666312060001 -0.1409581800608937785
6.0459711548332126796 -0.92522855048494900831 0.38458484640735368654 0.98283009059436932109 0.00091199416025311910716 0.18451065359180213177 0.13358810049131589204 0.68627014700433297545 -0.71497377905609360571 -0.12727620527553118457 0.72734617177602456373 0.67436511918495156692
-5.9069500758928974449 -5.0441183776008768902 -2.5311160152524729838 0.94211858236991985471 0.0092622776953412318257 -0.33515188641155885252 0.048767801406945511522 0.98520175402529475139 0.16431434937800759588 0.33171415149080141216 -0.17114822253670339269 0.92772517893142547596
5.8092296561017802148 5.7331953616922977091 0.52880135170409492407 0.94041391186960998638 0.0064968442204898727704 0.33996980068422577581 0.33914880097417759997 -0.089931241012237275734 -0.9364242962929621994 0.024490103304895944475 0.99592678591605932059 -0.086775987087085434957
-4.7600557261447695723 -3.0088905352903125845 2.8066178400942316529 0.95370783566313555024 0.0042877142217234258392 -0.30070413981432847494 0.29047669507113094145 0.24579214216353970079 0.92477538487522548127 0.077875887252001077532 -0.9693130755114687247 0.23316841086929313009
-0.27881381233838342659 -1.4937322551084757372 -2.0366111577598333682 0.98051889604242570275 -0.0010622384654203639951 0.1964219085365194184 0.090636321443344949889 -0.8847168155496109021 -0.45723212214261677033 0.17426345497237460958 0.46612769487913663369 -0.86738527790588160205
-7.097037745018283772 5.0249025135429210565 2.3940448581017759189 -0.89977412462730832488 -0.016725890714824442895 0.43603528438750660534 0.39704556393700551897 -0.44587835722676555372 0.80221400555882105277 0.18100095250879602582 0.89493728000154015856 0.40783074927524698428
-0.2607967886292287818 -3.4145483407037593437 1.7867386896058325974 0.96429816087186637219 0.012937223063730723255 -0.26450271302643718618 0.26461611326404155253 -0.007991240696734049076 0.96432072085645026416 0.010361927425964815447 -0.99988437748139402661 -0.011129336390585178873
-2.1762556249255826657 -3.7924215494451796182 4.1509139753281214524 0.91233648014261603532 0.0019157801278464640579 0.40943677996420374532 0.040218223527669565154 -0.99557244739454497928 -0.084958792864938570411 0.40746121471525259539 0.093977825976525680707 -0.90837411165634041055
-0.8471924833311544889 2.8015902770254279552 -1.3965519875643910286 -0.99757526930939566245 -0.0093839699559064657791 0.068960301407415325325 0.024566976738844122086 0.87960044198313735997 0.47507844206728233605 -0.065115633424283517194 0.47562065090886035401 -0.87723711202432907985
3.7449647514877821841 -2.6425318790015421833 6.9775147575193203764 -0.99150771837534867892 0.01167546837524929132 0.12952269237562458182 -0.12901738174720153718 -0.21344071671315378858 -0.96839949176771522588 0.016338898650548234343 -0.97688624920577271649 0.21313445639715447588
-0.0027632708420970964434 -3.4434276132475534205 7.3726285146650649693 0.86806432759447993419 0.012120380630994352297 0.49630375732146375656 -0.38225339672356833942 0.65420673500356008034 0.6526069939628419414 -0.31677541547800841526 -0.75621864844062114397 0.57252658619439289467
-4.6640383129658564698 -4.470038663457392758 6.4384666371205447888 -0.60886094556651093601 -0.0075932949813798502128 -0.79324062606191192426 0.72626946370214384707 0.39689378353415460943 -0.56125572663953904318 0.31909405362308468357 -0.91783313650311615373 -0.23613834605827171975
1.343199840211587448 6.7541650600633476031 0.62524070972587986184 0.99659035085613423277 0.0089755167153242124134 -0.082018977560529005011 -0.066296319722265975583 -0.5046517194223095748 -0.8607737449966311738 -0.049116907187474828644 0.8632763648936514489 -0.50233599039348242332
-4.0811457199130254381 -5.2179981386973617319 5.2630318189279421404 0.99278156950377938195 0.0066652999065151402602 -0.11975111285895949365 0.096950649186015813719 -0.63239095397211031457 0.76855855532069417002 -0.07060684723316985878 -0.77462071693921652482 -0.6284722889773550758
-3.5225263810059725955 -0.35828945860080896324 1.7878836974834471096 -0.95999856285578499815 -0.0077030164667617100419 0.27989895114490498385 0.22452057955797394273 -0.61848239613381428281 0.75304052681610011977 0.16731189040127436574 0.78576089824447881149 0.59547169716160741615
-4.8123166977399103317 -5.9539162085972074934 2.6481641667311808241 -0.77656477730934658776 0.0053144308733764538191 0.6300150025729759351 -0.56295992647915327201 -0.45483234032768449229 -0.6900751142959290485 0.28288384156943258141 -0.89056122698913808833 0.35619858669348475333
-1.4605011973914283629 -3.7441596153715130946 -6.8864148270641178939 0.9999713518100592502 0.0017928592537657037087 0.0073539931189972734815 -0.0014452534416989487598 0.99889367710021315094 -0.047003543395349366152 -0.007430127965763916667 0.04699156844508378672 0.99886765174050484717
-1.7269793701048996581 -0.16380515010632812345 -3.6691928247098175575 -0.9450107959312760153 0.0016420894403151092486 -0.32703501206389373746 -0.31809337924845709766 -0.23690371600038215294 0.9179832413631120458 -0.075968399033069317072 0.97153174569201561361 0.22439890699568465493
1.9241649381817729214 2.4008955996976291125 -2.9444632388378861876 -0.77465310813895871256 -0.0078767905430532116073 -0.63233734526860763125 -0.61084601915521341553 -0.2494335982597332968 0.75143198024930846213 -0.16364505166008774806 0.96835986917572991484 0.18841300601929661385
4.8219963559816401144 5.7247308980311348847 -2.523138188018174688 -0.86851057852760582545 0.0026079975530653790039 0.49566377044777226724 0.39144152452299557643 -0.60984883276139101316 0.68909936443055519462 0.30407714130593038737 0.79251346961947999326 0.52863928401778981225
-7.3503542704675881581 6.2831890935702245926 -6.985360587367679841 0.99238088206655949985 0.0044582359947399965994 0.12312720674345487004 -0.077951755034930236832 0.79662136793961202397 0.59943133053662622789 -0.095413357532433795694 -0.60446217439456151332 0.79089934310922638261
4.1077793479786759434 -3.0532179758571400541 -5.755966606702238586 -0.90882660552681548971 0.0069892321260306899608 0.41711551364208104831 0.38691310936193390457 -0.3597430692833454291 0.84904839079198424212 0.15598861141272554742 0.93302522727789094503 0.32423984698457164466
2.8002196578226676849 1.442041208865232127 4.5524728168317585286 0.91753137454722943911 -0.00059722159321610839011 0.39766294779353034139 0.051372545737340610805 -0.99144124579229142569 -0.12002132179924174249 0.39433112769082589999 0.13055228633904267244 -0.90964776824099358166
7.1336616412893532058 4.1172644717254414104 -2.6634875962541015859 -0.61657697465289806882 -0.0033334151815800558416 -0.78728757304496588265 0.35063251539900891496 -0.89650434704428183519 -0.27080767137511030374 -0.70490401720571049804 -0.44302239680844063274 0.55393274181369644982
5.2631783367843141264 5.5504891920748962164 5.0460358849431194983 -0.99843501739526974159 0.0027891197133831243347 0.055854604557320830516 0.053548431078985325726 0.33569418556352537131 0.94044775469342378749 -0.016127044614840851944 0.94196689675920086682 -0.3353181829873722597
-2.1451438661072494973 5.7424972315211020302 6.5531015965110332999 0.88493840369064724616 -0.015950435332907884206 0.46543485611435436722 0.12771658942527835956 -0.95278458920966391243 -0.27548139565145401964 0.44785320637358611018 0.30322781893682898557 -0.84111853823575899458
1.1412668990834329286 5.0790279897440635537 2.6097386584878683458 0.97591001349603556658 0.0027196854172317967528 0.21815647794511972002 -0.19552313704151277896 0.454554236785687793 0.86899433180054319603 -0.096800560120364351202 -0.89071490900929317647 0.44413579278082776503
2.8833212516125956704 -6.1116021908398874274 -3.7680454079999079475 -0.99837445796400947629 -0.010287684444103540465 -0.056058944281692953127 -0.043806996695401986819 0.76771979850862537287 0.63928652263156671154 0.036460783394340244568 0.64070310950284659057 -0.76692251026263402736
5.2658926477198733096 -7.1253465377663731672 -5.5454983067278904585 0.64945292189901970836 0.00425959372371306072 0.7603898724326554337 -0.58016622758573566099 0.64919568771106428429 0.49188627489119224334 -0.49154659047306364927 -0.76060950225373813449 0.42409330868984579377
-3.8701423633109848232 1.0821172626547184148 -2.8636447061337100273 0.99797905889236204757 -0.0045846088339232572706 0.063378066978097349904 -0.052711624311070390259 0.49727201078187249772 0.86599193527155426953 -0.035486373082262795409 -0.86758257742692301839 0.49602539115518812229
-6.884058329374066254 -1.4882079367469596143 -2.4827107587257630783 -0.99761290173960848193 0.006570889387529619402 0.068740975373554571992 0.022749174354157901401 0.97116569276779207698 0.23731766107269652855 -0.065199488869620514375 0.23831496093081028231 -0.96899690714044017792
-3.3105407571608322925 -6.1456857018565989037 -5.6409078936250454106 -0.99819076427994557488 0.014099320793480446534 -0.058450040713117178137 0.056516092678562161733 0.55180258969250550738 -0.83205759012047664225 0.020521436951359679074 -0.83385556972525942676 -0.55160108725743239866
-4.643477097677141785 4.7843049635168171108 -2.8330980809547043897 -0.97520527529492806451 0.0061712383865446789749 -0.22121615414301470937 -0.20282699601280418378 -0.424767022009577222 0.88228917408158769042 -0.088520510196604354491 0.90528166491425532403 0.41548673437867827962
-6.1716811757567873187 -6.4766993830479027139 -3.909528448295962022 -0.99866896049707909455 -0.0049880714664082316523 -0.051336405043719474106 0.031423019701934611081 -0.84811547551059252026 -0.52887875173071519086 -0.04090111456395516959 -0.52978793808706414747 0.84714334057756668361
-4.2795045645484890429 -6.6096755942598708344 6.4753982798123681519 0.97714647390146358585 -0.0077882638572062635671 -0.21242436651204402165 0.12740753218820907722 0.82138913997216200791 0.55595611470476891114 0.1701531348040724867 -0.57031502144160839407 0.80360978530276250265
-0.53831547526543788162 0.068158225648714598766 2.3045419436449368078 0.86071838779296461208 -0.0036577963134522134547 -0.50906824438506304009 -0.5076478958123403773 0.068822754075659992035 -0.85881141259234217156 0.038176835809982108405 0.99762219755157788281 0.05738013732964677982
1.5226056848238291863 0.45075778467453037068 6.0627489553953033408 -0.93287207566407870374 0.0020812905949640666918 0.3602018304723068054 0.35912278842188466443 0.082932482582741426369 0.92959831441798290719 -0.027937667803012090212 0.99655299485875092902 -0.078112836048930434085
-5.6179836439960455508 6.5973828648054517743 2.2316864040688524362 -0.97975184457871700161 0.0022188515332016364723 -0.20020339593130898059 -0.18481399843229404101 -0.39462024809839169048 0.90006591190543960845 -0.077007201143931974796 0.91884162753360043574 0.3870399908063036909
-4.8666359914709866885 4.4527218428166710495 0.077006736754880775186 0.99973088080639416209 -0.0016871230054791748476 -0.023136974264286205155 0.012986625904264918058 0.86713036126674780668 0.49791192405586187641 0.019222734190640480834 -0.49807839762970534947 0.86691890987846753625
-7.1276080780489667887 -2.4683269684930064791 -3.2082046522846483505 0.82886466299078132014 0.010862491311578917341 0.55934370178612979885 0.28737981294367825891 0.84955100342530220914 -0.44235272768649963604 -0.47999605577315856975 0.52739463294740551724 0.70104114542635942442
