1125 14.717824617146108679 14.977075390850430381 15.033177056927090831
-4.2306902125156247152 3.988739061451608503 -6.7679548545159704531 0.98713046880408295003 0.00042699482663652549123 -0.15991640076621885247 -0.13659949494309356344 0.52221039092688692485 -0.84180572912598339297 0.08315055946837020262 0.852816583611892165 0.51554811528759536543
-7.3246794545173949942 -4.8493823240304125832 -3.7158586318483792788 -0.98466746706292562763 0.0019285480123071262193 -0.17443124723056163683 0.16702264086739487814 -0.2780969920321684774 -0.94592045144413128277 -0.050333058177649853127 -0.9605510625289302995 0.27351094956009674997
-0.48898693303229134877 4.3342361906881343714 -4.1570055088146817823 0.99998571710076133989 -0.0034304363947972311803 -0.0040984997907297180536 -0.0016809168743142834795 0.52606732166457847999 -0.85044126639948236512 0.0050734714796723950903 0.85043600887009385136 0.5260540416196378688
-1.6794331826827275655 5.7725735331354641744 -7.0734813417046815687 -0.9400049020199318095 -0.00043434976775546174296 -0.34116065939490219927 0.2941847264988398658 -0.5074211049262374873 -0.80992540951010871808 -0.17276032783398301285 -0.86169811048636346662 0.47710610508661993601
4.3341275094706954718 -1.4903766787419561179 5.0753507415263561242 0.93617145833075510186 0.0028018076910295000234 0.35153257385422187475 0.24449678725714354965 -0.7236977523943900481 -0.64535485138040782349 0.25259517340565318388 0.6901113772811560132 -0.67819021322873318525
-3.3076510539387555809 -2.8648234573966950833 1.1516587982968007342 -0.99329320255089725844 -0.0090509366067236616399 -0.11526792404091690258 0.017494968235829640169 0.97368782755326233058 -0.22721342513375933359 0.11429146885301336156 -0.22770615938335583839 -0.96699915466678765252
-0.56943414055572316723 1.1082093352088082661 -1.6225605575152108884 0.65516398900359051893 -0.0042944022666410678474 -0.75547449038469816074 0.52459192908864826776 -0.71701466924857093499 0.45901336801593967119 -0.54365747989702528642 -0.69704484948351930207 -0.46750938210974291032
-7.3148254150534803841 -6.1891936849389743713 6.4618530231306117173 -0.86518113372444493958 0.0016590795855052553262 0.50145673123642708902 0.18314203897854894332 0.93196233778154424776 0.312898057705074506 -0.46681966475940406269 0.36255130452354739079 -0.80662007920830702812
5.3211666686187681918 2.2557957674191224662 3.9332673214066975476 0.83111000896253039993 0.017562910740989257086 -0.55583063712674318779 0.0038651659467712901064 -0.99965946093485724688 -0.025807414742762151139 -0.55609460840271751625 0.019300423047365740381 -0.83089486710146942539
3.4674115154032327801 -6.4725859387710258375 -2.7243139182661790798 -0.94496705810453829333 -0.0039506531814357120913 -0.32714163818847469267 0.31452180720532096903 -0.28626554593028252782 -0.90505694296306993252 -0.090073813561514143311 -0.95814217606405405192 0.27175407735270312726
3.5481459020223078404 -5.0151650053750920222 -4.6630588888131834224 -0.99968482679843206906 -0.010820763713671646689 0.022652994098449626137 0.023819197421079789379 -0.12377844145894835448 0.99202396304942741523 -0.0079305045985821852328 0.99225087981953741245 0.12399717171842090935
5.5225808685970427803 -4.0623782928867049336 3.0419881477786954171 0.42993383800010620543 -0.0020065277357804969967 -0.90285816648516048488 -0.88625151378987498951 -0.19186488387203320949 -0.42159947893911775552 -0.17238082621770639546 0.98141929886419077 -0.084267494143816637497
-4.6058014266710358697 7.2487833334935487528 0.43173396045712231217 -0.98390457222023874895 -0.0014367602586018524222 -0.17868891539250089662 0.17660579086398425774 -0.16026970690283617871 -0.97114572319644743015 -0.027243116516293058166 -0.98707221456653315705 0.15794383759183028282
4.5236900695425505958 -5.9098296433545476347 -6.9980807878826709612 0.9676191478136868529 -0.018634560705045676021 -0.2517259182756560465 -0.12431514736019395884 -0.90311733707389507675 -0.41100464670546582591 -0.21967914994652679161 0.42898931061750333882 -0.87619018623521305322
0.4627285323640477066 -2.0538681043329347631 7.0955304450470313427 0.9937823103097929156 -0.004627898534001119446 -0.11124433590304419472 0.10685759147150117321 -0.24101560380337810896 0.96462061654735253846 -0.031275787124631762581 -0.97051020668426168925 -0.23902251747750738464
1.8633655746602058034 2.4241934105421725221 -7.0267886311429137436 0.64689213855211658011 0.0049283652714101162592 0.76256558556973152996 -0.74497705932398794459 -0.20954127644214959325 0.63332585179188249924 0.16291022730455492762 -0.97778738214530536155 -0.13187908536549824978
6.8088676812607298316 -2.2111335372803924137 5.5434294062415760962 -0.97981749742626711441 -0.00085829845809991126351 -0.19989230865918672375 -0.1988720874317815579 0.10517925798117805369 0.97436503248580230707 0.020188228695885625935 0.99445290839456534915 -0.10322716894227228213
6.2873111377880448458 -2.4544753530002232367 2.8869475214467090751 0.85965582487101221965 0.004673476833295349582 -0.51085225004863044074 -0.47276153303047102616 -0.37170295768391542479 -0.79895772362236527897 -0.19361920269463145372 0.9283399538227152803 -0.31732717262241522116
4.6211684051355721436 -4.8242107298014174077 4.5743306159726779825 0.69058899848153032508 0.0053613692577089725952 -0.72322755125605797666 0.51807918694617427491 0.69408201410125536235 0.49984408944627933824 0.50465908416416516147 -0.71987597085947807596 0.47654778915632300951
-7.0772281553775586715 3.9919294718517668308 4.0740414424749049616 0.96873335010716676852 -0.0050060035449288938642 -0.24805369644180055855 0.23809135911324991186 -0.26240797238909913114 0.93512275169735548097 -0.069772495336956411038 -0.96494403773241743671 -0.25301146799973095458
0.56868905697609350991 4.4827901566249117593 4.8557998704374147891 0.99993933873818896529 0.0036199673871112939515 -0.010402628513100073415 -0.0049631872269014706833 -0.69504749085558736876 -0.71894669637448727073 -0.0098328844402911889933 0.71895471435371993696 -0.69498736182187403898
2.9822034172008011765 -3.5892540722085448657 3.2825622259313496087 -0.81482118827382821191 0.014033234048966475305 0.57954249152395465039 -0.46448779239247084405 -0.61397402693821856445 -0.63819039867716775838 0.3468681620703440438 -0.78920147148075125987 0.50679731210260003937
-6.8342997623242016658 -3.0654458349353652657 5.1615469892353047499 -0.9681596369868095131 -0.010389165328598810173 -0.25011793728829095906 -0.11075813346696500306 -0.87824716404753355725 0.46520377762151693402 -0.22449844805803181869 0.47809411634761828092 0.84913277096890582563
-6.9693438457299610178 3.9125384364568369655 -2.2381742703622617974 -0.98060938328666957808 0.0090415299257012166079 -0.19576385812211913318 -0.0074736785965250317199 0.99648308512364580647 0.083460201237935141561 0.19582998120433278699 0.083304932621333677156 -0.97709309006999156555
2.2323893433207375736 -1.7947605449472725514 -0.35872567314431402785 0.70526998161595222392 0.0021463583267047133159 -0.70893557265616025109 -0.12626594944474395232 -0.98362657612222459402 -0.12859109128081699924 -0.69760387258259193288 0.18020585976027075903 -0.69345128528678723345
-2.4987478499694599776 6.2746962458292214748 5.7089392844560524765 0.69311896206002077125 -0.01010213059030915829 -0.72075242031524566766 -0.33619190295235490407 -0.88901763374042064303 -0.31084184288444843824 -0.63762144633163952978 0.45776150324820907844 -0.61959123405828742115
6.9206626191415461236 3.1641728884816462397 2.8083997554078008463 0.78674464762454465738 -0.0049020947561098432085 -0.61725912621955136839 0.47952109974478934751 0.63454293566815989092 0.60614748839967491634 0.38870602559498651507 -0.77287206720173851071 0.50157391619332425403
-5.2103410278439579173 -1.4233640041262765052 -4.2493929585769523172 -0.92903712326141274502 0.015870764293897339503 0.36964596906062130444 0.36903674841038403009 0.11128980007506587835 0.92272772729654151114 -0.026493431727925401825 0.99366125980641784032 -0.10924925095989043711
-6.5794094348237583958 5.583214683014727342 0.58991741984511658625 0.99401954181677143474 0.00153475421088895966 0.10919155194439970902 -0.10362518667896324087 0.32871738874337769198 0.93872610436879200257 -0.034452447986427166271 -0.94442708711011535971 0.32691054733748065031
6.0297263921702795031 -4.3338344295332653644 1.1559984281744077883 -0.91111084503591444061 0.0070092326572291831915 -0.41210180625108988606 -0.41049564543064598343 0.074370256866088960135 0.90882473006406072624 0.037018281163513855336 0.99720606473850326168 -0.064882288095206588907
5.1868842477770282784 3.5764614208892804292 3.4239243868292552619 -0.23127581507936323391 -0.0026596233064926488171 0.9728845891282149605 -0.91504796842130431411 -0.33906517215081871663 -0.21845371253957024393 0.33045228528092052134 -0.94075912721483889722 0.075983891150895280231
-0.28844598840253488081 -2.9768222146189593502 -4.8935299843059869573 0.5449864805564114123 -8.2024340249028590555e-05 -0.83844482781096507651 -0.090353653675497053177 -0.99418231090787156923 -0.058632328500628598522 -0.83356220720368945365 0.1077103799544603252 -0.54182332985192782626
-2.9784739068203993639 -6.9487865686975816004 2.4663307987646430064 0.91700257774734861282 -0.015686989459655437118 -0.39857269194781091981 -0.19110146395542393361 -0.89436250124790661609 -0.40446995789015732781 -0.35012355373344444809 0.44706781893052865984 -0.82313052573570311132
-0.11897531687977921933 3.311407075039791259 -7.2120789885465654834 -0.97419528364708496415 0.013826217395124008186 -0.22528290000002063054 0.12441862931967474781 -0.79988355949108758125 -0.58711693548573584689 -0.1883176943308903506 -0.59999593912666326911 0.77752255210602350122
-4.4874942989786585912 -4.0503397970274130913 -3.3553470293331666419 0.98019854022769958846 -0.010692790852346995695 -0.19772831349953406965 0.16757103596019967684 0.57680876782524637125 0.7995070939442409097 0.10550246273332235247 -0.8168092247175998688 0.56717891425322075616
3.1426735521721060884 1.8245464086068368115 -2.7101331231885774642 -0.95498880097448812787 -0.0072562988667759422551 0.29655309160395726398 0.29452761905640867379 0.095949542089964645619 0.95081394972180632852 -0.035353523530640279526 0.9953597497886235157 -0.08949355772614439597
6.118139930911909552 -6.1972190543215983638 5.8490657066654163643 0.97294867654480388097 0.0038388724418427491378 -0.23098947133598107806 -0.21488714517786489111 0.38213868336477385679 -0.89877335380696354861 0.084819736188074673633 0.9240970131617707306 0.37262625057608955714
-1.2915544538251613194 7.3614706888410141872 -6.0389877905788704737 0.96639482011435784425 0.0092873678076282953353 -0.25689452398855971982 0.25695140794552906449 -0.0055425867063487489761 0.96640843005813470423 0.0075515303687412075814 -0.99994151055542290774 -0.0077427293173682378707
0.66118707736090531757 4.8609417914478338929 -5.0864412108392285106 -0.99813670944363352966 0.014718272524676662485 -0.059215552981434160795 0.04747589121500610243 0.79695819668066558705 -0.60216581810738656344 0.038329479703583656247 -0.60385511937672509131 -0.79617199510408942498
-6.4555022751332531428 -5.9090164655841972419 -5.0488414217807360274 -0.99951568823668923702 0.0016797726548848914904 0.031073579335271602625 -0.030514901098810855856 -0.24869395045210682116 -0.9681013169185322953 0.006101621080183489837 -0.96858066126289288356 0.24862476314286319212
-6.0164363402716452001 -3.1260549582374124178 -6.845925320045008533 -0.99247140533294986309 -0.0092287511557462096473 0.12212837405232164489 -0.094779217230898243907 -0.57368912488642997971 -0.8135709483308507517 0.07757196386353105988 -0.81902113412227739442 0.56849535818969820777
-5.0931284031944228374 -5.9901781724672229501 1.1913181651727384747 0.99483804583619295236 0.0062551133544275138929 -0.10128245708770819422 -0.044067497599357116633 -0.87244009913134334955 -0.48673024262221314951 -0.091407429742536489004 0.48868102785425282519 -0.8676609561362739198
2.7146312729451707035 6.2686661424086542738 -7.4968233934967978271 0.99692535111657321067 -0.0080450742310904169163 -0.07794306307676622525 -0.040333961346766089573 -0.90549980089268844452 -0.42242547525596291225 -0.067178983791476312715 0.42427041773356544141 -0.90304019665407897488
-1.7972171486708219401 -1.6560347972053803822 7.1527023919994281442 -0.79556384770386279204 -0.00067339581842642496495 0.60586938424444836127 0.038416951329188521458 -0.99804314298564311692 0.049335814475362657627 0.60465056195888078339 0.062525445039944324566 0.79403291282244237159
-1.9156501543991319991 -4.4651868513693511176 -5.4369957611556616328 0.732706049857889119 -0.01129503262581041563 -0.68045151681781079755 -0.37678350886091060978 0.82590233762404063889 -0.41942760538326423481 0.5667239468666591673 0.56370005405802059428 0.60088785734351146672
1.9859115509107787556 4.7929666488310003203 -1.9445947974840069872 -0.97576818123319641884 0.0048148485364197923103 0.21875391134003613347 -0.02303442678363849111 -0.99646297744890044434 -0.080814291783926628376 0.21759106524788185411 -0.08389488546606485575 0.97242777444754302518
3.7919860330740982057 -6.8387356422442033832 0.3729976337897368821 -0.99854613553344662158 -0.0018568646702201508161 0.053871766862224099159 -0.052907163924642987285 -0.15752738621652359607 -0.98609632115590628576 0.010317326044895002574 -0.98751287315421698576 0.15720012130368660186
2.692834194785203028 -0.038305489871696851711 0.35922573104146821033 -0.82352598514715824596 0.0069932014478742022395 0.56723544222919397573 0.56686596152407420224 0.048274380028734596715 0.82239441018174530562 -0.021631769523884375461 0.9988096311942109562 -0.043719414233458396557
-4.9656529640229924993 3.467259619332940801 4.2015133327970675126 -0.99994584195938907012 -0.0058336268172412622524 0.0086186974787974823808 -0.0058555074759067144569 0.99997969195174163382 -0.0025156939914409903389 -0.0086038468299112526305 -0.002566024593841167295 -0.99995969385643157512
-7.2579148883077362342 2.8089099171809590594 3.7966342093465734742 -0.96979947293606438841 -0.00070832116860529588647 0.24390260468896418633 -0.033146397932260596164 -0.99033569412071675853 -0.1346719319482050925 0.24164084629268112181 -0.13868926141431919818 0.96040355589262738079
-1.0240793634796772071 1.2813965499470374443 6.0294145660235534123 -0.99998196952030360407 0.005848557807518350686 0.0013619859016157243731 -0.00022302606166914318298 -0.26282147431696900597 0.96484445528656515023 0.0060009077147064170815 0.96482675491999891904 0.26281803990056318288
6.9633008232050732644 5.9710060715294392963 4.5646309647536096321 -0.95395942814707546109 0.0037120415792456546052 0.29991270429379074391 -0.032107863737588525355 0.99291372431044522262 -0.11441774845863840471 -0.29821216362802271949 -0.11877944613203547664 -0.94708022291719817787
7.2245324982617420417 -2.2169921647192118996 4.4080729039967847527 -0.9728785948281262197 0.0055213557715995623815 -0.23125041482289138139 -0.21255615698224705756 0.37304368807409127307 0.90313802207479121353 0.091253053944918380291 0.92779734932720780982 -0.3617526208988527392
3.5634632820789646779 -0.78654830419295440613 -1.0598506645491347911 -0.9294460596441828093 -0.0022152331968148660998 0.36895137207169187432 0.36719949820858310829 -0.10306956682743237397 0.92441397269272052029 0.035979865579840696055 0.99467168308739017935 0.096611035275387613375
-3.5642346444134038741 -2.2978298584070389055 -0.43616890914809891555 -0.94178170114365611365 0.0085924500236480259863 -0.33611515466194069601 0.13797315999451031931 -0.90174945802793560201 -0.40964780246885174053 -0.30661153682136954579 -0.43217367428955583142 0.84806561110509082191
1.5496338967567502287 -2.1170243281663254642 -1.3668281103251054276 -0.89081993620033383952 0.0045785367879888592968 0.45433344392503927089 -0.22033177966765821187 0.87015462351810679564 -0.44077753803761099416 -0.39735846302352961779 -0.49275751457578675918 -0.77414228904811588361
-5.4227201628323991045 3.7901322426138208677 7.3070062899106771326 0.97398281217794901998 0.0059878315503862494795 -0.22654277180069473663 -0.14966595384926428824 0.76762874116100454636 -0.62317430788005589992 0.17016927995443931199 0.64086680489538239147 0.7485533745451962151
-6.7165951816654052564 7.4369179016765603052 5.0808655338277803892 -0.79625626155981987786 -0.0069491451312246842187 0.60491956102348498625 -0.46203315476478146184 0.65246426181421990353 -0.600679407798712095 -0.39051418645798430251 -0.75778763280826044735 -0.52273948936139669197
-4.759439856178916628 6.1660514600062796831 5.4143969760285850512 0.99173762512595620144 -0.0028137826153322499124 -0.1282519611425323447 0.0029104074781809321885 -0.99900856605623589157 0.044423129950691808698 -0.12824980482564588002 -0.044429354864726988694 -0.99074619352727399946
-4.2397429596937890039 -0.1355387236225911729 0.14309951882114188559 0.98544724344542911076 0.0082695382208824441683 -0.16978028484868523673 0.021810696898516071518 -0.99671102067915795519 0.078047644150143369313 -0.1685764630263670294 -0.08061486211736199059 -0.98238649223164664637
-4.7904616023127308821 5.0108874252153388085 5.4598704623342184661 0.97202071314407001434 -0.0026466130619751298061 0.2348802432265370832 -0.12279009824704133214 0.84671035160921348517 0.51769119390834739125 -0.20024566160429349559 -0.53204753163328211141 0.82269502191975418803
-0.71810202251947352625 1.4418783410490954022 4.5741764619863083396 -0.85650343114197824423 -0.0082052289899952682295 0.51607610549136961886 0.503051938765437745 -0.23702148405421591404 0.83111946373611689243 0.11550159889052163953 0.97146975779689004327 0.20713737069826415604
0.84227650071080473193 -3.7849265785348613633 -1.6605561868978571116 0.25215193634203791895 0.0025071922491105781867 -0.9676844087749157941 -0.92496459699951982802 -0.29322840416583784151 -0.24178005974035299275 -0.28435874401293792513 0.95603912941754753962 -0.071619045832567632126
2.1269846816965247704 2.018940904046354845 -5.5343851963404073757 0.88723867829834213161 0.00011917338218984908308 0.46131064753506795251 0.37257931291089035897 -0.58984205809614620453 -0.71642934200921359889 0.27201504245588420394 0.80751862659537432254 -0.52337508956683531647
7.0777864524002715996 4.9873309303857409347 4.5736691756179208568 -0.99989437146170989656 0.0021163674676392321 0.014379391779055844189 -0.012771478444189701684 0.3443253543689879792 -0.93876351637513888448 -0.0069379577357062431273 -0.93884800224924191969 -0.34426195464355952014
-5.8950800552357529583 1.0615336000750261736 -6.6866623074977962204 0.98725575396395115479 0.00092927474110067215685 -0.15913897295635517914 -0.15403301731152729825 0.25691648167986547158 -0.9540795307621766641 0.039998823021176195536 0.96643316266042245122 0.25378541381896518869
2.3878624668183063839 -1.3747171141375928993 2.7020308804988673046 0.93691930857724803339 -0.0055886891078775705749 0.34950103829496281804 0.29014981238348469539 0.5700121651603882178 -0.76869969295096551853 -0.19492381996309768311 0.82161724551224868396 0.53567696075878601381
0.58953207556379261245 2.9911471268040510374 0.42764170289726077812 -0.94390117402006956659 -0.015408673988785029016 -0.32986837746227959389 0.10407524878758526998 -0.96188497890026503079 -0.25287473174662078446 -0.313398972993657432 -0.27301988962714307529 0.90952802243498476198
-2.9832911234068988371 3.6807321393349239358 0.76908084909722418399 0.86945223035174457049 0.0041468548607978966691 0.49399961814878701194 0.37801623550520008221 0.63819881700221980925 -0.67067577537241762631 -0.3180511670011270664 0.76986042473403992759 0.55331580638663768745
-2.5678849304292454825 -3.0382200220176298622 6.2578342252196872408 0.9866228464727405667 -0.0067576786211788570854 -0.16287938051668021666 -0.048018537338400599235 0.94276550344517684454 -0.32998094730690036291 0.1557869663666759108 0.3333879711287229819 0.92982949072227549792
-2.2872073198868050348 5.0183426011337246564 -3.7349304204582312039 -0.99264813089338321817 -0.0038730370978108628888 -0.12097391378911702409 0.083092613796583489338 -0.748552222609132345 -0.65784890937012596712 -0.088007418813832796745 -0.6630645289943862819 0.74337078542477108556
7.0328147425897213907 4.6789462789199172121 0.34348634951708278962 0.8952256803214102554 0.0018785420251214027601 0.44560908021821621361 0.17419375651632959534 0.91894625961571563266 -0.35382807566543156286 -0.41015547842710348148 0.39437829937538365632 0.8223370601512007827
-7.1385627596520615512 6.0584917415895276349 6.7275811465826231839 -0.60631547615358694081 0.001665097520084913435 0.79522246624881998134 -0.27090474304106937353 0.93975033820147324537 -0.2085183973851280903 -0.74765778506917568436 -0.34185746927695792596 -0.56933409095635678643
0.2662924074487317827 6.7487869185117981274 1.887288839498739712 0.93130838155256934208 -0.0016798438087460105736 0.36422778116807880133 0.31885278144966427982 -0.47961220199478898918 -0.81749925960790525981 0.17606135922363461144 0.87747895349249771524 -0.44613124074186061296
2.0998420271545077398 -4.2466874345147562764 6.6010802317020154106 0.78467479652252769551 -0.0030555058377449862556 -0.61990009484311192622 -0.40906943009732943395 -0.75390730269617201031 -0.51408752202454799374 -0.46577641101958699998 0.65697370025402967997 -0.59282197337168385243
-1.4136399906291154949 -2.0193940255470410605 3.1450244159017577417 -0.90605987598895498802 0.00077469810521953869076 0.42314879293901674906 0.36382371941228219825 -0.50920473221255313501 0.77996335932208948893 0.21607360393125388254 0.86064507233529019548 0.46108812297547102643
-2.7269457525819427168 -1.4803157485187725673 2.7061893004010322272 0.80582141965355069679 -0.0037152772807067311993 -0.59214697191011556043 0.21212500053777227915 0.93542868803758172369 0.28280055470824194686 0.55286058258339898508 -0.35349592120866141221 0.75457657657413390595
-1.7739647538358778167 -4.8591750819486989599 3.9661617121692951393 0.94114942418185754125 -0.00066642680077641687497 0.3379901141122124697 -0.0049727544246379370291 -0.99991712106847285835 0.011875298204861359924 0.33795418783573977217 -0.012857171903030567561 -0.94107473670005148403
2.8667427134469880556 -6.6103418856947353532 1.804316653387611602 -0.9451091930002962771 0.0014030618754909624304 0.32675165603835221173 0.16413752235361331322 0.86670862357502076456 0.4710361297992902152 -0.28253758522017985433 0.49881278375562820848 -0.81936458289326685733
-6.0670144399858960682 -1.0892330786368047413 0.30787381211563091821 -0.94344964201129033476 0.0013228082672252614201 0.33151323226528273125 0.30052395011663168845 -0.41875867783932108068 0.85692854144351582324 0.13995759498875182114 0.90809659173049561698 0.39468018913087538069
-6.8940007761667185804 -3.9280206044754777395 -2.7266462791052346049 -0.9658210664058350936 0.0018164196853225065328 -0.25920333390234628901 -0.078728654848953055767 0.95068049350307581857 0.30001399663747574387 0.24696450472131126208 0.31016656797952002478 -0.9180442437680185197
-1.8933654486306590314 -0.067910879382128294668 -3.0566922481604770212 0.89938847662691812079 0.0018597622377762215024 -0.43714632492465738123 0.38371959460594101676 0.47571015950289752272 0.79149170359594056556 0.20942693433787043511 -0.87960012814355215127 0.42713460845924083875
3.4122136632780830645 4.5830720863453073832 4.8251881797304410071 0.97350357852548963233 0.0015618591130371409226 -0.22866644527432478107 0.22847313971058938464 0.035027913470996124845 0.97291986808198838155 0.0095292722210062828087 -0.99938511389454243172 0.033742956256942978344
1.7872008238668404267 1.2935584270523003969 5.7137007126027548054 -0.90714172186227270966 0.01395391772459895173 0.42059384759747442395 0.327334335738429405 -0.6047209410513129102 0.72606116553677846337 0.26447330508649263825 0.79631518360140562951 0.54399999932213338738
-4.0668223361392117354 5.6273592403354086855 0.4019208171230908011 0.96874809015046881022 -0.0099769999906545673435 0.24784591443247788733 -0.028708368582569938204 0.98796624580573810803 0.1519819947286724926 -0.24637972198020716141 -0.15434751899396692565 0.95680399036450625161
3.268304975848317806 4.8530634108420098727 -3.2813005776653585421 0.99982748156030709641 -0.005591704469214608432 -0.017712706112834906286 -0.018553763234317354608 -0.34556219618715727782 -0.93821241008433564623 -0.0008746350982651060306 0.93837918849875989746 -0.34560632749707675959
-0.23196198312742266623 -2.6831134677093735341 6.1733821355918010454 0.86103169725677530799 -0.007890423295093845768 -0.50849007614648777942 -0.3363177398732053458 0.74117423928020353951 -0.58099150155065415468 0.38146401424743231479 0.67126633182934547506 0.63552082388110175959
-3.0925997093984758379 4.2192294765109794596 5.374287415534666934 -0.99738080040119891923 -0.0091038653987173655951 -0.071754154066197256556 -0.049358342773935262593 -0.63948781148604649793 0.76721515428165831807 -0.052870530445312237389 0.76874733078929624597 0.63736351355789577777
-6.310483017403027084 -6.5888448805039798728 4.961383853389854437 0.99656311970831201741 -0.0018576643222050250037 -0.082816046274295840313 -0.041974069389457947798 -0.8732253663072392369 -0.48550554799754325197 -0.071415166009192176944 0.48731305002101732438 -0.87030216898680468063
1.3606126071516788656 -7.3505353724955968531 -5.647190688260121938 0.62336279471039879319 0.0053197464679303379034 -0.78191465421004047176 0.75573682097969174798 0.2525675012196552105 0.60421148180332495681 0.20070048227702735888 -0.96756465294325344484 0.15342085512925029978
2.1977744947904969131 -0.099221341798053599992 -5.3876780554952006241 0.90648083848871952029 -0.00521854272257945076 0.42221470398929833445 -0.034081173405544146204 -0.99756544119098644607 0.06084130308381215102 0.42086929452293253551 -0.069541047975143557847 -0.90445181163748411546
6.8973408112910563617 7.2473447558578696359 7.4163763606617383317 0.95728113661624991693 0.0084822826397911027518 -0.28903438612012655184 0.21422584464466923326 -0.69217602558386448486 0.68920217432431774007 -0.19421666500309828218 -0.72167887629351357148 -0.66442417667245901036
-4.3339770951995246762 -0.031816133960904956213 -0.92064589336145652432 0.99575574340929373651 0.013009565718171713783 -0.091111199459911751397 -0.050443244234164567874 -0.75087840546221717997 -0.65851127501496675709 -0.076980377878664532632 0.66031232868275957504 -0.74703524014012567811
1.2854585315364102094 6.3237045103825657577 0.16696547977539957786 0.9546851135551601697 0.002839573786889088361 0.29760421834489525494 0.12671333274326651575 -0.90867367869001625102 -0.39781387225815167952 0.2692954980333537307 0.41749740415551989114 -0.86785704598284485467
-2.7898236936865936642 3.1451046914537523769 1.9666857897420493284 -0.9795196251099985707 0.0047364139968977345824 -0.20129299641792997022 0.08803538305645036699 0.9091760938860180552 -0.40699951060929878688 0.18108306203103313736 -0.41638491409822192546 -0.89097279866275735927
-4.2824861628067534269 -6.587696624049751648 -4.7174114381968061949 -0.99539832574806952348 0.01234730418662954507 -0.095024824005664906834 -0.08290978126063407172 -0.6081665367296306135 0.78946781554018519156 -0.04804311885479400912 0.7937134291932115282 0.60639166472583949652
-0.76996099866407352597 -6.0905446694955589493 -0.4090551005538689 -0.99847544793396048046 0.0098183496648519483219 0.05431739944871998016 -0.012343646362669888697 -0.99884884906848148134 -0.046353113259553109515 0.053799760849726652179 -0.046952920295113373395 0.99744724622820979398
4.7279284626471431707 -5.8323310482298031943 6.9176090980073841052 -0.9888914929885729288 0.0097626130640930432192 0.14831826078059531793 0.10799893157958642687 -0.63840175662650955335 0.7620888582795370958 0.10212661686589448451 0.76964140255216662023 0.63025571445653882918
-4.2592268014190466374 -2.46214561184874281 -5.7211455236851431749 0.78762497148399546187 -0.0041566336071099645871 -0.61614091463868503329 0.59967955809996120742 -0.22452557132498809911 0.76809680081225395476 -0.14153208785173085338 -0.9744593322546047931 -0.17434929850756639147
-3.0498458418395677505 -4.0637010578384122894 -1.161667317024822399 0.9700393409268552869 -0.0024812742194532167762 0.24293521838619783204 -0.20545862600260331177 -0.54202487785191910685 0.81485936503826705835 0.12965504253679893676 -0.84035877758710120222 -0.52629525446935443433
2.5893957495135202507 4.0661892715792955499 -4.1855608447639847114 0.97410765594232417985 -0.0028531708177453474901 0.2260666584233023968 0.048039610899320517312 0.97969861490468468368 -0.19463509379987239956 -0.22092186496366555959 0.20045568929349696918 0.95446898651078193598
-3.2029481688641197046 -6.3975091305992366486 5.4112448784274871372 -0.75382494726913862326 0.0013370685691079828121 0.6570739388548533233 0.087661539660175355482 0.99126329623155706727 0.09855217911642263906 -0.65120150747600324959 0.13189120437626594695 -0.74735621150096887
5.9274672725051749111 -5.3035118731338064535 5.6328331694803859264 0.93765867985001716267 -0.010563224943738441092 -0.3473969176327076358 0.26580492668714655879 0.66578885487976835478 0.69718931551386997825 0.22392842841128662856 -0.74606542541302567351 0.62709045595722745503
-3.6712887458352847503 3.2667961811833134966 3.2233108971680772825 0.99997320680578027918 -0.00022394257140215343554 -0.0073167971334715748224 -0.0040314482134527615184 -0.85114201187610794008 -0.52492001585455816404 -0.0061100814945714565507 0.52493544885937815092 -0.85112010987578246013
-6.4983131933108175815 7.1244059499315843809 -5.9757851505973693662 0.95812849873702654602 -0.0013391372522069074948 -0.28633544422469270341 -0.27773161590222522621 -0.24768252001554666442 -0.92818021892685187435 -0.06967732368751540506 0.9688403253324765485 -0.23768360181886630245
4.0505725552293085912 -1.0205257725056262608 7.0484673535189701354 0.97748453518125333339 -0.0068281995730943376849 0.21089656036073392564 -0.033323892481205444338 -0.99192898989811095767 0.12233722732558047208 0.20835906908820855943 -0.12661064208973898948 -0.96982278981182790112
-4.9004617505045509063 6.4250329493931479519 -4.4013644476203124256 -0.86955254188593300579 -0.0099537485937813453829 0.49374011361108288698 0.092585172845028457234 0.97878301418625779373 0.18278894088496594472 -0.48508387178819145635 0.20465760193441670522 -0.85018168840642616146
-1.0894219417448427478 0.46916729754560826393 2.6855134597679324315 -0.56116421991522535961 -0.0032486719198346692208 0.82769811188473052521 -0.025662886808263181415 0.9995798229994651285 -0.013475670408996998084 -0.82730655414269627101 -0.028803187029715640599 -0.56101180191623012394
-2.2913868394701455422 -3.7143094942537961956 -2.0676373485287276033 0.88466634186053849653 -0.010547491699839331436 0.46610536791354595376 -0.46525268517022755344 0.044550727029378081601 0.88405609079004254802 -0.030089907292683459872 -0.99895144183283501871 0.034505279873240722599
-5.336538039151909274 0.96582735498072991298 -2.21995052738048404 0.99534128223299067617 0.0018649367546990629901 -0.096396337553517591479 0.016179114801483724523 0.98240445898074046926 0.1860637396672985 0.095047188948767249994 -0.1867565286293207949 0.97779754084739434195
-6.4101835329088734383 -4.9523846137436109416 -4.7682699909330583665 0.99997873542380533163 -0.0053396106507922905596 -0.0037439629033502140609 0.0060800457906891522408 0.55573926808851081827 0.8313344086152087975 -0.0023583348589871801215 -0.83133949410732010943 0.55575991560583182238
5.7489894710099438413 6.4968423191818676088 3.6622973932193709778 -0.99377402644963963585 0.012426223080523688541 -0.11071934489538144686 0.086939307232551721327 0.70796332117857785349 -0.70087765888467679076 0.069675972989410597802 -0.70613987626086527349 -0.70463588749243122322
1.2880043665468328129 -3.4513160396902047289 -4.7848691815967558938 0.93807876338678164441 0.003630876454016463209 -0.34640301733507961046 0.31878988526573087681 0.38229561294024638762 0.86730794610612338413 0.13557744183640732527 -0.92403294371070809898 0.35746590914707399023
5.3026995534573506674 4.4297001022367679113 -7.3816883853080685896 0.97304165759191929563 0.0083875295628585457008 -0.23047685770731982102 0.2189531160607049165 -0.34754231399117901935 0.91174221847690384291 -0.072453195637780035132 -0.93762678573819546735 -0.34000962502309339808
1.7473903968338411197 -3.3691126189113194123 -6.1743748147874963905 0.75875045672156160581 -0.0047361683808166722687 -0.65136419393006161904 -0.42467161400657332804 0.75464055558917408906 -0.50017162266278392124 0.49391473422246828795 0.65612133067683664489 0.57057254994337291976
1.5215080621805332495 6.7116622454821754928 -0.89566560465496292132 0.94074962663712002886 0.0047107840159140478356 0.33906923849848891184 -0.26987822674258560296 0.61582115042309792941 0.74022297547545767848 -0.20531897796419415481 -0.78787189263585755139 0.58060485537260486666
-3.4429844011115511293 6.5669715680572418037 7.2593199365054923433 0.89401910069462342534 0.0045054367208446875759 0.4480061926281108664 0.35708593112734066111 -0.61109379066199942532 -0.70643755336561742109 0.27059099279924669901 0.79154537460229745793 -0.54793834923422546357
-1.3136412533184602669 -5.0776703371039424439 -4.7705857322388185437 0.88509278444891914539 -0.0056193514110986168136 -0.46538068912025859492 0.46361871680974414689 0.098402845478514522348 0.88055355625053921553 0.040846644171273850665 -0.99513079687623307024 0.089700884992763393888
6.5362341580100578042 2.5776092231763181317 -1.0310728059083129615 -0.99453052195677416059 0.0036166401961269505766 0.10438371908556379197 0.063276354317156696672 0.81598286345717452317 0.57460253178048537048 -0.08309719538445302367 0.57806477704304615184 -0.81174871090826539177
0.80413687893921392824 0.64991235874410491213 0.92205357856955305618 0.85373766736519995924 -0.0081896737289889054434 -0.5206389579796510958 0.47649953681724127597 0.41544791713425904822 0.77482334732621194195 0.20995282025932643366 -0.90958009949268792127 0.35858591142451212708
-1.712651104869807428 5.4651062636363390013 0.31353020179910434662 -0.95116161961006451264 -0.001896442772703903169 -0.30868750685083529151 0.30844739120394065734 0.034070361492202307085 -0.9506310626774368 0.012319912354885696054 -0.99941763741317235503 -0.031821467391735851205
-6.7256828304683642372 5.5079059630885423005 -5.9583951749741004278 -0.99862862377583105911 0.0046245029484040644369 0.052148688841306259367 -0.045336682059216211471 0.42174353411732334873 -0.90558101608308916308 -0.02618123441039417465 -0.90670337233450759573 -0.42095550544217374966
2.0761960056083665904 0.78410314389945090507 7.4689265906856183719 -0.81856874934155465784 0.004857533488151904999 -0.57438802822637125001 -0.53073028831519375448 0.37608057120495713699 0.75953193812175290311 0.21970562957342962274 0.92657423249867543191 -0.30526976267434796641
-1.4549227351339144576 -2.2967014116006927438 0.92459483391114449802 -0.14710317548127080367 -0.0062654454033739814811 0.98910130924857397883 0.96361290468953297861 0.22472577168916815782 0.14473595771152858447 -0.22318339024066513598 0.97440190462287756823 -0.027020410583685060268
-1.9541347264551813812 3.5339116521180229391 -2.4602471279105757596 0.9975478723063173625 -0.0049885456994618101317 -0.069809432520574588033 -0.069301366289497401407 -0.20972767514369472508 -0.97530078586511803618 -0.0097756374446315540128 0.97774711285201343358 -0.20955910913616154767
4.4856414658350178826 6.0056136314518235864 -5.4333217063917755851 0.79812219277693463582 -0.005120737948214238236 0.60247385290977939487 -0.3477920674255933764 -0.82045198957978060506 0.45376118237509982523 0.49197727918362055277 -0.57169249674753008783 -0.65660189302938443134
-4.5492766847161973942 -4.9449183818909352439 -6.451683639193276143 0.77924500843215205315 -4.3496414937673269496e-05 -0.62671940686533733622 0.62247330539958867224 0.1162619326029204897 0.77395745819287087297 0.072829945067210785647 -0.99321858678522778607 0.09062360600869281968
-4.8968705140835950829 6.3907815651843504767 -2.6873575810036318678 0.86680773610062722412 0.0057666219342325545846 0.49860916027244905901 -0.2867345768441255105 -0.8123130751166494079 0.50786883192061182957 0.4079554278081446439 -0.5831931190146331101 -0.70246576774673386012
0.50232643775438146072 -6.8721531983489221318 7.0370732401017797031 0.99633328363639550584 -0.011651786811332560945 0.084759800510206192992 -0.0026198868942068609909 -0.99437347865871017483 -0.10589863612364223966 0.08551680601546758631 0.10528827477111908639 -0.99075791951645364453
-2.7463241564477050005 6.8248692501449612635 -2.4352165134784216072 -0.90770776319168477997 0.001663381945806887037 -0.41959963036460440344 0.0028155566000464906685 -0.9999454852495333057 -0.010054808310712134989 -0.41959348098199367172 -0.010308234069628430946 0.90765359638335274539
-0.04514918417392022737 0.98223723225693659877 3.0713988278394386278 0.82836246881448383217 0.0086390149005547613864 -0.56012586771273786823 0.37648870877886458919 0.73181389688005005212 0.56807101008167182332 0.41481546791481721526 -0.68144976906207388456 0.60295467476734720957
2.5480419542611199013 -2.8366164962225974833 -0.17995476744067220864 0.91303634187267879163 -0.010857819007904792596 -0.40773367065542215348 -0.37353262895743150063 -0.42376341618428703395 -0.82516540293926632366 -0.16382311657356032897 0.90570783085402339907 -0.39096714901114193452
1.0985223195449542732 -3.0633111492895386263 -0.56375289010573548243 0.773936717241786587 -0.0069009115537076292507 -0.63322534308463984676 0.54777239797335286475 -0.49444688856139445976 0.67488345246466741045 -0.31775361166092530585 -0.8691804483602216802 -0.37889047291364708059
6.2985857077734594967 0.26166691526520580169 5.4556981576760037456 0.80771904738350053243 0.00063082915275544312883 -0.58956725023406497677 0.30417824499370293978 -0.85707345475789875611 0.41581328552846508195 -0.50504013282756299308 -0.51519384235839460473 -0.6924664389192689562
-0.54862630558220149002 3.5419460177512758214 4.0614949381436993292 0.93776824452187224068 -0.0072767438337823691155 0.34718549590334674138 -0.31809411380168495231 0.38307461667131220695 0.86721967968144642036 -0.1393084862136655111 -0.92368873927385297673 0.35692052141562624623
-6.5154439948649311987 -5.8539767334465864224 2.1207458729372294925 0.99977586978653876226 -0.0047130312549591895158 0.020639707579738444942 -0.019417750892689163156 -0.59259354974112887771 0.80526755538499195097 0.0084357064231228677531 -0.80548784729604316901 -0.59255224808911977075
4.6333085162035452242 -5.6834564603982649089 3.6996931282909266692 0.9935427281355023732 -0.0017221826792264342647 0.11344549993740699056 0.11178665219007635767 -0.15616174663521034671 -0.98138537449876650509 0.019405972311763677873 0.9877299949757283315 -0.15496085074613655252
4.5039376784095734862 -0.25853687158383042988 -7.1260523719968844603 0.89020047185765338593 0.012138434414116121632 -0.45540726642676482294 -0.44259839123887428913 0.25988123319639622189 -0.85823563705148664393 0.10793416501338183588 0.96556429254715803179 0.23671884796224143543
1.4557828543844160141 1.659486672111044836 -4.5192481501896075713 -0.99763552279502987208 -0.0071436590122941553971 -0.06835445701170952959 0.046518505177090600788 0.66193405717152076218 -0.74811719177715052531 0.050590437174823567335 -0.74952803289294700484 -0.66003661684338577054
-5.0068061119544298165 6.364747127328618248 -5.7918534181426482021 0.96407449595164029787 -0.010643129127776752157 -0.26541870706107245637 -0.12421819440719192307 0.86514952062802319421 -0.4858869695055517135 0.23479822493759627822 0.501401067768537545 0.83274651773919405873
-5.4954492630070097547 -4.8647644198156942963 5.5760880840167779127 0.81119742152293294879 0.0031257130932393559219 -0.58476403209519478565 -0.37784148458339167354 0.7660144818969988334 -0.52005540671360006577 0.44631217308343856809 0.64281571499293677086 0.62256999663957546254
