1125 14.717824617146108679 14.977075390850430381 15.033177056927090831
-1.0804778433238488855 7.3730509379865187825 1.051298060546979718 0.97571391771982207697 -0.012204427123009259359 -0.2187084880071161197 0.18953638788377541458 -0.45348854059206100686 0.87087547974421952723 -0.10981032936719806181 -0.8911785430037694189 -0.440161897548986214
-2.244605693421400705 5.5513874805856797678 -2.7302803325617857055 -0.99633799903973507828 0.0053503174702981401087 0.085334434857375587868 -0.081131382673753638102 0.25585057419844919879 -0.96330586130664974664 -0.026986856336145188112 -0.96670153500723488005 -0.2544795704959879612
2.9297535524900255588 -7.3315747552495116324 -7.4810435935521786277 0.99712064218202733912 -0.0090377183961101066612 0.075291065742110807602 0.037947784642278409306 -0.80014138705781401306 -0.59860982815010732594 0.065653564831980662508 0.59974334540985785313 -0.79749453230820432914
2.1277127110893281348 1.3036075043246104777 -5.7138378186923821644 0.45651161597571049411 0.0092350939175686805327 0.88966952151884048927 0.48289710663759327636 0.8372750679163601939 -0.25647776715859099683 -0.74726670532025407656 0.54670391775260362976 0.37776619413834361394
-3.5954348924927277409 -0.28676479200917109891 -0.11370387600269493689 0.79608390576955012641 0.0013236670632083705548 -0.60518481712634564218 0.30922288034666678413 -0.86049514617902600477 0.40488185149808447738 -0.52022266890713386722 -0.50945691800970660523 -0.68543564500778342286
0.57132251696215785586 4.4720313154253563681 -3.2688333092784076506 0.6933453681007422098 0.0048455712062432220594 -0.72058914852570887799 -0.51794807381460472584 -0.69188327609469923996 -0.50301821546765723703 -0.5010009913813193716 0.72199311125537590783 -0.47720431047381633993
0.010860643618944496036 -0.67270326898470433896 1.0225652068680677331 0.96315343604197412031 8.144479304668459773e-05 0.2689525088325148694 0.024619131867278532672 0.99577492357497576769 -0.088465812184444062027 -0.2678233690077621576 0.091827528258637811098 0.95908203406556402637
-5.3983548009879571694 -5.5255392366463915721 -5.6431125362470027085 -0.93290168987926680444 -0.00080596980543652457177 -0.36013023676611577439 -0.023338190152526566007 -0.99776016632727038136 0.06268954754219140113 -0.35937413081761404587 0.066887972785155722089 0.93079333538421304972
-5.5763288443809893025 7.0112170287517869838 1.4458770303767081167 0.87872827291016686324 -0.0011166132561032382498 -0.47732104035247485685 0.35314222346356272109 -0.6712600422990764315 0.6516905136795377862 -0.32113422800365853949 -0.7412210930535454434 -0.58946085435505701788
3.8560721224332725754 3.8291749313777976305 -1.4137104673729941062 -0.78798797583816782009 -0.0008093556341443423896 0.61569009645913674866 0.33302046161542686598 0.8405327965208851948 0.42731954099744495768 -0.5178535720451560298 0.54176006028155165861 -0.66206020496919426588
-6.3417439926501621983 6.9244493476468189641 -1.7548838588649753323 -0.99927543028563403649 0.0087846202607096759984 -0.037033024105171494234 0.037726775626674244335 0.10001604952861528619 -0.9942703255340431534 -0.0050303904731955973242 -0.99494704395944488784 -0.10027499632572206556
-6.4635391674119642147 6.0729308605035576818 2.0997370590547821401 0.20621906577995779974 -0.0090010421156205312754 -0.97846444909848351301 -0.30992318503302890287 0.94787443100933055362 -0.074038384758566624932 0.92812785557144916737 0.31851694504293875942 0.19268014799841728935
3.8625584438970173018 5.5301510949389784955 1.5926846813205111086 0.15554965809198581517 0.0095165015562875161781 -0.9877822331190196925 0.92167384741974212048 -0.36117843138723493279 0.14165966145421793332 -0.35541753312141532994 -0.93244816311625999816 -0.064952292115832685471
-0.39894646140544948176 4.5252043614240919922 -6.5876851255152049092 0.79087323763203620786 0.0045540254900671532645 0.61196305676846418642 -0.61145262097034436266 0.047385402698535333821 0.78986094720506672129 -0.025401068994396050482 -0.99886629959321648897 0.04026041767050040493
-4.8640139971320257573 -1.5775117153029933892 6.8275531368007014166 0.98679480389545048968 -0.0014501339296099534024 0.16196886156441858695 -0.13523002138949308248 0.54303375938196618566 0.82875037103246040893 -0.089156358830418211414 -0.83970961247507425185 0.53566679045560217087
6.0302124671180150628 2.9106383873117880334 -4.7735650377466294358 0.99771813335103054499 0.0023798223842480936002 -0.067474905171607743593 -0.06483188218523568136 0.31279705485436504198 -0.94760478551275462156 0.018850820534252420851 0.94981700285878534196 0.3122375820514394773
0.40273616637662817963 -0.67197837824893180692 6.9743660816052805984 0.59472214123680089415 -0.0024200642566841127495 -0.80392768207825271443 -0.13213594909323123083 0.98610132408869943799 -0.10071876482433916866 0.79299789765167494338 0.16612742675280431359 0.58613651345107276036
-5.4507763958842412322 -3.1678299656957418229 -5.6695818016647843152 -0.66322942926921479856 0.011500383417170126008 0.74832777934034433454 -0.53876421794212847605 0.68668784995040199615 -0.48805011443075724253 -0.51948035729610508859 -0.72686142964939837174 -0.44923559573090088293
-0.11891863856142784184 -3.9869817957153830257 -4.4820816273618859782 -0.69435384979078529355 9.2897657205024547489e-05 0.71963374201787733142 0.71925429534064988513 0.032559474579235095359 0.69398352952301811669 -0.023366427085557701926 0.99946979543419012249 -0.022674613560263678913
-7.1768797299060071992 7.2150683851783430356 0.39243792068510535698 0.93634368800206968508 -0.0083510384551398302022 0.35098541008890804527 -0.35107478099158639928 -0.029803300653114466606 0.93587299427953152264 0.0026450123373651275582 -0.99952089694369683492 -0.030837971444971429974
2.9911494758253400761 -6.1801158688966006949 4.9405979649799549591 -0.70884712891134427082 -0.0087409856169295904738 -0.70530797741453921113 -0.4294131804235340466 -0.78792744438603679047 0.44133282549777075321 -0.55958919602925483172 0.61570604800808304002 0.55476661230969526173
4.9466340665776682428 6.6537947886243475892 -4.4154160725090720874 -0.99792054247783701371 -0.0090515994057767494574 -0.063817391427529873704 0.045821436886446569037 0.59670683162813775713 -0.80115001904139127031 0.045331962477803758316 -0.80240826618154115213 -0.59505124782778717751
0.99426172538381629717 -3.0029288693650912911 -5.660288279279640733 0.76382897007740235829 -0.010110950983436079592 -0.64533950223182956485 0.34180184079353931326 0.85449187087654987494 0.39117150233128938908 0.54748224272635914733 -0.5193663555489129724 0.6561415873294140777
-3.3283779447397603413 6.1331559844571623685 -4.8384849664325457752 -0.99764990150950438874 -0.00039373274432541807699 0.068516559988685402094 -0.064852431085978698433 0.32810606585530716073 -0.9424121029205750899 -0.022109640440261091321 -0.94464080714499043534 -0.32736051881088007454
5.8929617062438222064 -4.8746301076349656256 0.071512363757172153766 -0.91619305435471165566 0.012422951326864330526 0.40054457608673216251 0.39364164535922979704 0.2151562721129088307 0.89373040320297680861 -0.075076908507587428176 0.97650061385073516629 -0.20201487311128457636
2.7592711364805393437 1.5703613184692306604 -6.7288592766426731373 -0.7800197777576727276 0.0029015055311812768847 -0.62574813429396225484 -0.01639985003457846563 0.99955097267871828581 0.025077837543735628095 0.62553991976980050094 0.029823384829360394255 -0.77962194331075740372
-5.8197136452272726359 -6.7385191192203368615 1.700696175991323722 0.97571498573200743376 0.0099439573651504530732 -0.21881815356611380996 -0.19738965841214214936 0.4729935177451494166 -0.85867016655006389581 0.094960988674834670431 0.88100978989055822588 0.46346969776557395138
1.154297788105296485 -3.55285890942246807 -7.2314503035356931804 -0.98319222157499119863 -0.00342360180203887636 -0.18254132240411261034 -0.17971428256522956057 0.19439867326339091425 0.9643194141338692349 0.032184345207139079814 0.98091662988464201067 -0.19174653357873944204
-4.6333583280767545176 2.8239768854441908985 5.7938587059909067989 0.97556578166427765364 0.0046823239321612947217 -0.21965764609615714975 -0.18105309583354875502 -0.54923491370739185857 -0.81581908904723698939 -0.12446357754372977533 0.83565488415223121432 -0.53496703866459838217
-5.3715008579558247703 5.398371288165748183 -0.435363191383493775 -0.92325180183926969235 0.0016165597821470277518 -0.38419200555837051958 -0.21957819775424677888 -0.82279594988187709781 0.52420629520144923497 -0.31526421533614001902 0.56833459475236070002 0.76000280455810520497
1.374178512350153758 -5.347238305678075676 -3.38070539138459214 0.99397476978775878287 -0.0019919226374678633551 0.10959100907231905664 -0.090442735416860445263 -0.579741549069736406 0.80976530420395820276 0.061921471523256603475 -0.81479799246582174099 -0.57642862770507163894
-6.0732502768576432928 -6.365411059724417342 0.26886233559794908698 0.99854500560890213645 0.006900860420432487416 -0.053481304202134483106 -0.053738243180486491846 0.20974524179280673586 -0.97627820561826628154 0.0044802894528343075245 0.97773171763567434667 0.20981090375786226598
6.9414406572153772856 5.8663119485489874094 6.5337324876992051159 0.999880421284908949 -0.014662826194748148495 -0.0049137215183350417894 -0.013147115688234137232 -0.97330683310799370744 0.22913088393829361689 -0.0081422650568880074184 -0.22903888349636236654 -0.97338322019982714828
4.6025802214663729117 -1.7502792614179072395 -1.861369902253819486 0.95164537542408711435 0.016526965076800327614 -0.30675387342197307783 -0.30709209384049013236 0.02486761198012031604 -0.95135484850561458092 -0.0080947720591953327418 0.99955413125044645373 0.028740448248953269494
5.065549462402380243 -1.4036841315857897516 -3.0819759014007841458 0.83714965718164369157 -0.00042289109395689944426 -0.54697374036040991019 0.09744893658190782737 -0.98388590353121574417 0.14990741673322846572 -0.53822314725376474431 -0.17879695186355917813 -0.82361853655964922805
-6.3771031355345524361 7.3023536335201724157 -2.771149405107239172 -0.99918940426295066448 0.0074812138755075158897 -0.03955459325263875614 0.025055339356855787364 -0.65348824555281326276 -0.75652187205257848124 -0.031508163674523539943 -0.75689969240524423988 0.65277108641437109338
1.2010961036326650575 -6.2839024382295578519 -3.1542524182181965742 0.97530534296755377888 0.0047914997924376652449 -0.22080880758855833679 -0.075787874348893488619 -0.9317997521585280607 -0.35497242143413476612 -0.20745044246904903451 0.36294112939552952701 -0.90842613927187387812
2.403165870318447972 -5.0873478560092957323 -5.6878811027726694505 -0.99986537938960140526 0.002310343035318008359 -0.016244550257142390676 -0.015883552524848177506 -0.3845993720352548495 0.92294693010447093062 -0.0041153198159581579063 0.92308070359268723504 0.38458429348795575287
6.5630819394154906732 -7.2217587995109706611 -3.9338529019686192534 -0.95542959967435225899 0.0015290878844441001434 -0.29521507745429054204 0.1215070970366536468 -0.90932333739033210929 -0.39795363228288793689 -0.26905446555637163586 -0.41608740664379889607 0.86860863718737979511
3.9058338138256734062 -2.3646729068389893413 -0.2357423724350934946 0.97768071034945924769 -0.00074646771790699969693 -0.21009491044923364611 -0.17063768328329592672 -0.58621312128437641498 -0.79198292751656462762 -0.12256920353182629291 0.81015653994771519297 -0.57325663635550938579
-2.5164394156170413197 -0.75697584006803242396 -6.6356878301008936916 -0.99883437786143425274 0.0073465482314596314631 0.047706538664144974848 0.046906180514497228251 -0.085456843917428651491 0.9952371265467708783 0.011388407780354492527 0.99631478763325365122 0.085012635010760062571
2.7038608195609112883 -6.8663948298398622683 -3.8057715588478964186 0.62417004669404219097 -0.017929336350120176485 0.78108276879467675169 0.20103224304520628252 0.96976042040436116753 -0.13838628643523859241 -0.75498197996125726572 0.24339939588083578381 0.60889978158861002289
4.9411989827538800313 -3.0258545375748258088 1.4059134283976721935 -0.99982997625106240225 0.0074140825415662473669 -0.016883422933244015413 -0.017060920001642089494 -0.024568184616124446457 0.99955256455739360799 0.0069959701667235236686 0.99967066361119105711 0.024690498510375680913
1.7272524274002611921 5.9555145598523573369 0.53185712362824821842 -0.96303282563768810576 0.010464206056934858072 0.26918075179311345968 -0.079410258603431579938 0.9438149578728211031 -0.3207917332539196309 -0.25741365071191568692 -0.33030868242766880938 -0.90809382045030317965
6.4232715692921518169 -5.8127784685409888965 3.8597434477100716066 0.98576664548593551096 0.0036967082822827266458 -0.16807871666349338824 0.10302502478346606263 0.77675714870451462168 0.62131648634550717958 0.13285317051440820313 -0.6297893824798367346 0.76532043537327321125
6.6154636705365152949 0.12888728655761980124 -2.6055304873917992659 0.93148012263379964537 -0.00047638687160127778097 -0.3637919105666803099 -0.36362921552894250654 -0.031151683552735308369 -0.93102275279696478094 -0.010889203460353286818 0.99951455500528485487 -0.029190402200393785609
-2.4734794408703342228 -5.4744224929228577636 1.6957853745659909883 -0.35998448635109797644 -0.0070979603624108621174 0.93293128822286353063 -0.22163112931513645476 -0.97069477967089623505 -0.092904721290994835003 0.90625096529883719665 -0.24021087335580912359 0.3478619326925596611
0.61763262560913778643 7.1656395547253977085 -1.4857549454118168519 -0.93231169508289168935 -0.0057755898830770127997 0.36160965940248374073 0.068571167606927663218 0.97891256258799852485 0.19242710250979552788 -0.35509561836870623397 0.2041980346839473992 -0.91225559162250646761
-3.1168905889913918195 -2.5177971690513039071 2.0171089454773709626 0.93151407808484110173 0.0081844014590861050712 0.36361317069445281414 0.048854120562615524492 -0.99350227281107006405 -0.10279352520141118998 0.36040920803132192596 0.11351761754028838469 -0.92586119546841239014
-1.9121753897133164646 0.17655126007864180293 2.2276747688887303944 0.54649671926652987342 0.0018920710890796145053 0.83745910700042358599 0.27527877341465528671 -0.94483564145618037511 -0.17750269727935649722 0.79092536483424757954 0.3275393574841633515 -0.51687042531043669857
1.8218495057848038687 -5.1952527288389136473 5.0967100764373540756 -0.69863016465408567246 0.0017625360189936303303 0.71548080792007473505 0.39969310245360933909 -0.82845036162128327106 0.39232056048669083914 0.59343181317339210867 0.56005972163365957961 0.57807593905762877373
-1.5013705596923387908 -4.8397651963342882553 -7.2882651310404380496 -0.91256718290955562978 0.010727248247580227145 -0.40878608442772507159 0.40821164396416231845 -0.035198559633740605923 -0.91220848227362116845 -0.024174168213071625666 -0.99932276444841927621 0.027742062765057584617
-1.889188006055735114 -6.8800602748647392559 -4.5360408763120387832 -0.98371532381409798607 0.00044406967095639553883 -0.17973303673932433666 0.13882622755260715097 -0.63325711431502462734 -0.76138866928329385075 -0.11415533380844965217 -0.77394136080949327283 0.62288307874872994585
5.5583786563600448005 -3.1094620896819336053 4.0457335729081496112 -0.93404676205826220325 0.0015985056514001153363 -0.35714715604076452404 0.22369002569224433197 -0.7769413184250266724 -0.58849380636499359909 -0.27842309296139733377 -0.62957099083729706201 0.72534195301384296606
-0.28565595100084245628 -2.059321933525767534 -4.3092140881148051079 -0.98959926435032019576 -0.012618687781643444373 0.14329712040401088036 0.1196908763750496596 0.48034366087901303466 0.86887517030125338557 -0.079795927903521940427 0.87698958726544262721 -0.47383739164188493076
-2.0000078262387690486 -2.2783016804765350294 -0.16455574980568046795 0.71341335619775336774 -0.0020149877314293409072 0.70074055328844164769 -0.22899512193915302904 0.94442309823019565673 0.23585216907475720083 -0.6622708036194027148 -0.32872625595414567412 0.67330262981789801291
6.3023957211856256322 7.311548081286940004 3.6282893503292243942 0.81580287403402929058 0.0088669633472007805541 -0.5782620925487046426 -0.57700052746946084437 -0.055281503633142589638 -0.8148707545714859446 -0.039192627083625988793 0.9984314359619699264 -0.039982567016458844811
-7.3431321120811015035 -6.3337832030184371135 -6.0836969366896136435 -0.85631866219551266983 0.0063160766882860552157 -0.51640919429365528259 -0.39195641428737937328 0.64315576807910279644 0.65781519234935947882 0.33628636320062482712 0.76570932158478755003 -0.54827066013366776431
-3.2278408640055653578 1.4021190698353946935 7.1950442250467165906 0.82879127073169023276 -0.0058393995371709191827 -0.55952741753375445644 -0.41941607210291353969 -0.6683956684441185736 -0.61427794105512711909 -0.37039868793060531926 0.74378298704550904752 -0.55640963341869742464
4.8834607362540731756 0.34890615779437261779 -1.2618844707579550679 0.99416641143910955414 0.0053955925930356599118 -0.10772202164259550572 0.086170735725359381973 0.56093109747552560851 0.82336559813324539103 0.064867177144930246446 -0.82784490785734898832 0.55719391405848928134
0.16055225360774941223 -3.605719218840783391 6.7973821899164050819 0.99696513003522990726 -0.013014030793973846087 0.076753921699506399978 0.00047310578289962417625 0.98692283383392875873 0.16119273007201279091 -0.077847965064487850695 -0.16066721837275224627 0.98393380838125477084
-1.4596314983330107573 -1.1128506577621835039 4.2007568986865218008 -0.99441121849223412799 0.018350901650453135122 -0.10396909610716911776 0.088260853358391205825 0.68488575524882644441 -0.72328523005911349308 0.057934016787867234632 -0.72841934808586827899 -0.68267774464455976968
-0.016670423346546524301 -5.3264159979612033524 4.9705990216089999123 0.97877907823744547677 0.0025766729436102250167 -0.20490211507269268099 0.10141423126535015209 0.86278990393270860171 0.49528651846055476993 0.17806366755061811546 -0.50555607248698153366 0.84421939557794367648
-5.9452784118964663307 3.4844660218617424796 5.4944302097908295224 -0.9925132876511998381 -0.0098684134701169483328 0.12173737409478843641 0.11606336967577875197 -0.38660144526879963722 0.91491454067339605949 0.038035089791107735968 0.92219408853645123969 0.38485243277515535087
4.2185504151764101621 0.73865330499779080498 -6.017559239721404829 0.82117442830954379129 -0.0057219376241001611641 0.57064859390028177533 0.57063825061681083817 -0.0034616724510698609896 -0.82119425458099859494 0.0066742208186478246823 0.99997763787677595992 0.00042251957996609391943
-4.6120617133462102899 -2.0149235857438458908 -6.4798402147664075912 0.77211777819778515397 -0.008141845359099071644 -0.63542729477507209346 0.26188660041833272674 0.91513668526526892322 0.30649674680701410878 0.57900737915189826044 -0.40306148121111678995 0.70872554437645329806
5.9262934606322978937 -2.0394149656503666179 3.7549274725901748972 -0.97761387212347028441 0.0057989079558388428176 0.21032710167342066887 -0.19588611567477912101 -0.38999876642998476672 -0.89973862419530592494 0.076809808733416709559 -0.92079711926654761456 0.38240412972760834398
-4.8243837160061451286 4.2375008597992058768 -3.3601347164356916153 0.86745875075762091111 0.007646425507788887424 0.49745034718153269271 -0.44010545417281260461 0.47805558477961734853 0.76011186483861825636 -0.23199677786859279616 -0.87829629968363509551 0.41805873393652170922
3.7508284948946624127 5.3997302178344606105 -3.4290665374366429141 0.98444770196365649628 -0.0021651195372521785804 -0.17566455065224306775 0.10548264342500619783 0.80689988246105204261 0.58119359220522048837 0.14048535167246245514 -0.59068425740118435385 0.79457911753558685408
4.9489029454042423595 -7.4406681492680757373 -5.4155939234496326407 0.97053903532589491654 -0.0099487030825392529232 0.24073845603813662231 -0.22810589403852590817 0.28385104037196084992 0.93134112331878327051 -0.077599497508431578008 -0.95881677612915172659 0.27321915708767630093
2.046384011039068529 -6.0308518945492259888 -6.2379744377725998561 0.72756264786306279468 0.0058241037570858217309 -0.68601652549328206998 0.33827265774319065228 -0.87299863709097436093 0.35134739028592792964 -0.59684520812170394066 -0.48768787093053383996 -0.63713133503962193771
-2.4974457599924653195 -1.7095429144801539412 -6.9749872595457578228 0.86472362907531385989 0.01561446736542473554 -0.50200521284910015751 0.50221133328198364065 -0.038957641023404071534 0.86386693357777966096 -0.0060681168316179829453 -0.99911885710102799063 -0.041529355200102327506
-1.3339201116870049724 0.25491426989591364771 -3.7467089797162134168 -0.55487605738995260385 0.0096841428301151742664 0.83187666051698672121 -0.67617183044286077731 0.57729276284642305761 -0.45773870459094895269 -0.48466918269146241904 -0.8164798119627534323 -0.31377778762431984827
-0.33327200333543616217 -3.5683094490237383667 -2.3330686497612500574 0.34683343114243297967 -0.01220834359519830381 -0.93784728361742653036 0.86882336168411122834 -0.37251582776898789495 0.32615628807901853037 -0.35334478520825296499 -0.92794553418192537997 -0.11859404857698661873
1.0289589019456506502 7.3288550896410749047 -5.3866345471975982662 0.93953013027958587333 -0.00025398073750163008278 0.34246615860642531937 -0.12067816404258362162 0.93561132203715868805 0.33176533091829013555 -0.32049947741015305525 -0.35303171184719295272 0.87900437735555758678
-6.1431981628696936681 1.7711245079245789835 -3.0597730807232585981 0.97951348824466455412 -0.0010575134868652097658 0.20137578804797054421 0.14350156039238731731 0.70523038132047455306 -0.69430354415573969362 -0.14128208843191791821 0.70897742624686188595 0.69093442565891671769
4.3204157272067220674 -3.0971226743291735417 -6.5829616729523978691 -0.8218141367885163362 0.0037289843816249619579 0.56974346793099861497 -0.47252884849922943689 0.55425147393076856783 -0.68521660150766316999 -0.31833631886821656121 -0.83234091472250482102 -0.45372964391618808566
-5.2218391257210203804 -6.9534616911181119647 -5.612641028628892137 0.96498978625459652658 -0.0010450805116980134857 0.26228537936967660782 -0.09922809653287262277 0.92421367299105294801 0.36875855449701550048 -0.24279311621790336528 -0.38187431762684259651 0.89175305340342170268
1.295053135953190715 0.44975084313436985983 -5.3925149419505782333 0.21452643614226399316 -0.0074644685352782584944 -0.97668965895295711821 0.82787891128886859082 0.5319892830631294256 0.1777748884100482929 0.51826143638060717667 -0.84671818476719551416 0.12030544104569178276
-3.3287999127616165751 3.546497364129578056 1.705767897733585281 0.75936493622165501804 0.0026134372510807973508 -0.65065971412311573996 -0.57031707421573840655 0.48404553623881507729 -0.66365529735343631312 0.31321450875572875994 0.87503890701672915053 0.36905769564106627456
6.610646173711239193 -2.2844460922331095709 1.9438764146408771261 -0.84247258121804724507 -0.011104789217136193033 0.53862476136190540199 0.30703895946465681321 -0.8314216751820566742 0.46310374151842936818 0.44268163195082010919 0.55553099075925638228 0.70385956769755020357
3.5775107274571262828 -1.7318805295662258459 7.0651175637215635206 0.99075098255546645287 0.00067373906247835454314 -0.13569096005653386028 0.1344824696533362951 0.12837944653476007772 0.98256459485542513299 0.018081922500838905343 -0.99172489319518952744 0.12710145670116024252
4.0493685795687648366 -7.039527526411561098 -4.5280866399906125608 -0.79808739173836229508 0.0012277453219167065376 -0.60254046153755247417 0.42725120347398559684 0.70627813342185019607 -0.56447108639881715675 0.42486812575012800064 -0.70793339438934033137 -0.56419622901075938692
2.2741987588153627087 0.3046156842888104177 4.4635974598436538585 -0.98065174984240544021 0.0087029320442826244714 -0.19556687987703727516 0.15195582234591509252 0.6636634433631241059 -0.73243447624928825768 0.12341626143328762732 -0.74798067683413271833 -0.65214517823612405678
-5.9258577129548477558 3.4849505257351975906 -6.0579225712874160692 -0.98527222143930481835 0.003581147742452588361 -0.17095562301614014578 0.16262157528786783112 -0.28937061888075887861 -0.94330210864778674118 -0.052847638650171294139 -0.95721043679505934954 0.28452646059675629209
3.5979049025255407379 0.49954587036880804263 3.6449765985024913384 0.96508158433947288657 -0.0060933687062470053702 0.26187861009742391394 -0.1190244239934595688 -0.9007677992284196522 0.41767278863514628595 0.23334678498272515279 -0.43425826731458061492 -0.87003967450188446353
5.1221461992650514361 -4.8923758078895360768 6.5854666773255727819 -0.45077493183249739417 0.00039051780490086790941 -0.89263755708986702864 0.66278845546113140941 0.66998621234754585085 -0.33440983623645081924 0.59792426287853583933 -0.7423734388837409659 -0.30227181989238771642
-1.261467777766614784 5.317579224717071007 -5.4136462288099833629 0.72096723950840524431 0.0045388665879040187776 -0.69295428294057215268 0.58149389353757230392 0.53995065471342118535 0.60853770816038765812 0.37692319023129827738 -0.84168443561987349444 0.38664740979504474971
-0.84495700545816887495 -6.8180421456162916272 -6.6497337128308338094 -0.9226672092135869141 -0.014833913253961560769 0.38531179070928806008 -0.3848604022193685692 -0.026317709350966830145 -0.92259950627450482141 0.023826284761547210367 -0.99954356242841402302 0.018573501618325632956
4.7904726352691611169 -2.6001812303001172744 4.7339980002899739731 0.91758852272093471836 -0.009074002672518293941 0.3974279374256449171 -0.027461354064573239436 0.99590436579910657233 0.086141559163158798462 -0.39658186671086492758 -0.08995641532221207437 0.91358123138483171566
-1.9996857487825623334 -4.5850276799802598404 5.1932734950698620224 0.89361477218016482915 -0.011380948810403445845 0.44869044222678511336 -0.36263252776158483304 -0.60737954509791736157 0.70681520782027640326 0.26448116899088264242 -0.7943302601568437149 -0.54689043605494558342
-5.568571851840547815 3.9982672006297170775 -4.7754848044603068757 0.9868640011708972315 -0.00010245625813988610414 -0.16155318844156063562 -0.14989255809644966289 0.37244361921190194398 -0.91587006258295522443 0.060263290817967558877 0.92805481519743726615 0.36753584283539730837
1.7810689062043880693 -0.7666986185254199837 -0.74447417304444130082 0.98023689675811731536 0.0060021164099293344493 0.19773618999190026302 -0.084034835775347496711 0.91750910712688693582 0.38873536591815838204 -0.17909152020725532806 -0.39766947700056171078 0.89988066678415323807
7.1895682787646224554 2.7322239951982272288 -3.8889410411192888439 -0.96394754042383368198 0.012002386025427400074 0.26582152290650851167 0.24316346777290032133 0.44541442565369215867 0.86167135113114345923 -0.10805862876841886011 0.89524406289521740732 -0.43227468188567153007
1.6515484573452789974 2.2239828085654913536 3.8726051897088167308 -0.91876343863952458779 -0.012642722587325750869 -0.39460601285953272876 -0.019837858606331561229 0.99970294312931640146 0.01415926779262476759 0.3943097807374391639 0.020837155854072777345 -0.91874131819068649563
-0.26290569278329278813 6.7391037694162818639 -2.8520028568923079249 -0.93815367443943642467 0.00091969255630178388394 -0.34621790436295746263 0.32244355772886856837 0.36650122825419806372 -0.87275827224235646984 0.12608661790617958776 -0.93041711283370009955 -0.34413102291305142089
1.7122610124240313922 -5.8925789500164542645 -2.3039520392467989218 0.85928854755442785063 0.0038645242695257188414 -0.5114765463772809051 0.42864426581101650049 -0.55105127398315156828 0.71596549276396537209 -0.27908293647080595345 -0.83446243707769929276 -0.47516855501723498367
-0.25536037807897671303 -6.699310604432111127 -2.157788621741130175 -0.26195265492784075567 -0.0023982089410712770922 -0.96507774566106441227 -0.47395927504559287602 0.87141544943059656703 0.12648209395821663481 0.84068032698201855535 0.49053986900928486792 -0.22940624389462915822
-5.7946690223143724197 0.83568819140685202118 -0.10355799956281473706 0.99999593302149136775 0.0028488083816668513179 0.00013502320585164623301 -0.0017905579796193794515 0.66396728931579362953 -0.74775947511261542378 -0.002219874452137199361 0.74775619222405009801 0.6639696899316757106
5.2216020782183907301 -7.2750495249109858875 -6.3801282654641937597 -0.9787426049324583488 -0.015882727372442784208 -0.20447653229939158348 -0.089238899870729193609 -0.86469088596493781651 0.49431375712089370422 -0.18466004451382070362 0.50205319509027623859 0.84489245307303084687
-2.5644579542523344706 3.0615379237020174941 -5.6476609817623781851 0.98960781446620071922 -0.0085585309649961107542 -0.14353788731589881 -0.1412960385555929177 0.12733467726268660192 -0.98174401421904877729 0.026679637101767007118 0.99182288313703548255 0.1248021051504884793
6.2133122910969689201 -1.2590236501600560182 3.0711705793650168062 0.99671475851522095546 0.0032193954620528429308 -0.080927904030535957602 0.064840777306066077479 -0.6304661555226772629 0.77350378172235323415 -0.048532089963868520199 -0.77621006321307606246 -0.62860367005801942586
3.5142966478223103266 5.9016099148862286583 -4.6042501071848791483 0.8906320359417794208 -0.0016564942862344984517 0.45472170893953534065 -0.15647360507334140411 0.93780806606357192123 0.3098903711662512328 -0.42695501808691616041 -0.34715023729340638292 0.8349827095680552036
-7.2484162532535671986 6.8726205204804839966 3.9298955739132068743 0.82047473493524436527 -0.0028353919267224258344 -0.57167575590150043752 0.091460104976795325582 0.98775849298577611535 0.12636537790111071478 0.56431928775342021787 -0.15596512458585382044 0.81069021295579790642
-5.6431496088542845158 -5.6232565020353391105 6.5385762648355756355 0.99991559809327978936 -0.0045122250458776540227 0.01218345250156012069 -0.0017532626837442680245 -0.97603878689678769121 -0.21758955062894619337 0.012873335219865065029 0.21754982486340132541 -0.97596431847804643311
0.7990501610154735479 -1.2474182519126126856 -3.2796900917559161925 -0.23951127809007569103 -0.0031283833056819183513 -0.97088854194780160878 -0.48264465737515332977 -0.86729716693148717344 0.12185958698410041812 -0.8424301053351211932 0.49778091310401428871 0.2062175554469536376
7.2996260295577100052 5.5534424381026763484 1.8276231195794667705 -0.22965076183137736465 -0.0088146271680178377161 0.97323318374276734932 -0.23053164265622810847 0.97199604540271744568 -0.045594401582760124558 -0.94557690820183726288 -0.23483183359444928517 -0.22525168280432161794
0.12559585056693528538 -2.7462158967023126976 0.85357051435270581141 0.84520333144302750572 -0.0089360784918746036243 -0.53437016666219094851 0.53441474840220570819 0.0035143149076092478934 0.84521507693655806293 -0.0056749632271664296468 -0.99995389698311676341 0.0077458828064997384613
-4.2944475183254331441 -4.0593202552047333853 4.9990390518701488531 0.95943856837795249426 0.022898575744222795375 0.28098627855773089523 -0.14867711102088057573 -0.80572533780192301389 0.57332521022749394213 0.23952609496108473452 -0.59184654704822003968 -0.76963947051834791235
-2.636370360628412346 4.4626542147703389674 0.57988718055494758996 -0.73512250251997202088 -0.0015024322400655591714 0.67793262864844339166 0.6694863214353652392 -0.1589851081037378655 0.72561132902696068303 0.10669101039820487464 0.98727983778593031428 0.11787938836617771476
-5.425070944797275807 -2.4200687398361733216 5.9797939311033632137 -0.989771635380898962 -0.001020302926681450166 0.14265717218992979287 0.10807049021039677461 0.64741602909500062246 0.75443571920769592065 -0.093128292913427848654 0.76213610612070081807 -0.64068375725183857039
1.1763644941447999326 -5.2567345297019514305 7.1566534275420785605 0.98353922674938976112 0.0077569061171587176673 0.1805281691393464949 -0.043935581016935239262 0.97936110420499189466 0.19728530683014314229 -0.17527194346505839406 -0.2019694481298109634 0.96358086731533532099
-5.0977230749046880121 -7.1793276288054803658 6.166193313234252571 -0.86252803539093614305 -0.0048768956646071445066 0.50598577455621984722 0.50312036926439085427 -0.11496486698572502827 0.85653544783047452782 0.053993353256405127172 0.99335758679717245379 0.10161408640787490676
2.2949979493750083392 5.7798365155219055822 1.4948590683754032771 0.76205054924702431141 0.014566716393271922358 -0.64735366776264247068 -0.60208756554931108784 0.38381202510886303081 -0.70012776890568506616 0.23826355953695568801 0.92329634471039556676 0.30125460335307147064
-2.3748773942679530791 -4.7752808434376783353 6.2833290711440330512 0.87529207668267861031 -0.01143171688443382801 0.48345950848627572416 0.42121330376439808374 0.50915907420573991438 -0.75055738613767641887 -0.23757763621298136347 0.86059650998772707631 0.45047809465993493561
-1.2157920444398206961 -1.2754611627530727525 0.065640502453221172274 -0.94655326183387611394 0.0020939336841057443542 0.32254075394159997803 0.32036361388033018915 -0.11006635017154507705 0.94087860718659710457 0.037471020976184356288 0.9939220361787692859 0.10351284261076712512
-1.9903959505384227757 -7.3657449790082463181 -2.3838522586010637561 0.89411668800781773925 0.0020304486089405167359 -0.44782946029092646212 0.44187347127508225242 -0.1666097175543634068 0.88146981649951972049 -0.072822960728830807287 -0.98602083106534810231 -0.14986573022478330564
-2.114039789283227222 -3.9229003269995441627 -5.3380495226006736686 0.94636000331554115395 -0.0078768288340126217661 -0.32301811047071282701 -0.17335048612313144756 -0.85602717052274901466 -0.48699804135918661752 -0.27267627891962009645 0.51687081451201155602 -0.81147532804166311315
-1.9622736882818270221 -0.58928911538479955556 -4.1928739881089001074 -0.89259957116447175007 0.00093747186440747577035 0.45084933925153158896 0.4239756406522568466 0.34183949451924361407 0.83868374022652769639 -0.15333186782441093898 0.9397578843155418582 -0.30552325144927494627
3.2953902717748002615 3.7474654205886763769 -2.5171884834170294987 -0.75795145596774982089 0.0047768250834173738711 0.65229347102242873913 0.1770222443350267516 -0.96094104192402995945 0.2127332577584468698 0.62783175724635731374 0.2767119366562645344 0.72750105752840343865
4.4982858076060256991 -6.7901818027011850987 -0.2654218202880382349 -0.97542266349171879991 0.0069753745100484742733 0.22023163191790218196 -0.14742344764688766756 -0.76349032859236487525 -0.62876771961495492302 0.163758830695303087 -0.64578159024262982157 0.74575410362461236335
-6.923614617647862346 7.0277429675081801719 -4.2221525326920801291 0.88558567162373047488 0.0089195087219752274693 0.464390418267556504 0.34038356455370494258 -0.69274541428621871919 -0.63580092793818065999 0.31603330077112518071 0.72112705770172536024 -0.61652146714787292581
3.9893502428629266099 -3.5293750742816509813 -3.7034197587410826458 -0.99550770817432054915 -4.7173707993463515065e-05 0.094680519327762377446 -0.031345804187365655658 0.94377058471616215307 -0.32911171960947843695 -0.089341163667049763863 -0.33060109074105487048 -0.93953237053092941711
7.2405365173737425977 0.38139814255937720677 2.8625448757325551163 0.94173329877236200414 -0.00061048735629020941043 0.33635995791487888207 -0.30626258344925999522 -0.41502318259712972504 0.85671406425135698814 0.13907416712784601009 -0.90981063151197061334 -0.3910281202491242003
-4.8224663763430797303 3.3122704610367796896 -4.0530308437640938379 -0.9104138738599688585 0.00099098812946239126648 0.41369746944565544133 0.32243666408395332823 -0.62482531248791306488 0.71107519048882106283 0.25919331769474707183 0.78076395076665305872 0.56853010232132128454
-6.5690883886876312303 7.0210186131689065192 -5.1648599482179777809 -0.9203404462177060541 0.0047451641794127759344 -0.39108943538893259362 0.25196620908983952125 0.77197714952398110988 -0.58357888077775932345 0.29914292993951174804 -0.63563256998825823363 -0.71167741529249817223
-6.6057363370030186545 7.3858793694016080522 6.0009799487865889134 0.77381463303863529113 -0.0012447612823787987738 -0.63341089686291196514 -0.60481398189960511314 0.2956336139216760861 -0.7394598120373102601 0.18817800348084262607 0.95530058980882792685 0.228012767442957065
-1.188571033388331033 2.1684372977467880617 2.996119783817828619 0.98280037383720064703 -0.0044543607191555433661 0.18461739857353534622 0.017971257855745353949 0.99727099019328768748 -0.071607304165192717238 -0.18379461111948314223 0.07369349217750482961 0.98019835244414754705
3.504882416116843924 -4.6847097956089740478 -1.5215688838546939099 -0.90148091796789020513 0.0068748102511224599281 -0.43276424473830249484 0.2833010434623984275 -0.74655195581243927183 -0.60199725584564067749 -0.32721961022067275193 -0.66529160092142003435 0.67105470151869128781
3.5722118002993656916 -4.8654679001119092163 -6.5783038125875989977 0.97134343634384967547 0.0088398404993562367665 0.23751586450527986671 -0.072384305760331446589 -0.940836914109262068 0.33103838648861316774 0.22639001954883061773 -0.33874438485276020527 -0.91323589547240247022
-4.9055996578577243383 1.7060368780241308428 1.4137983466842316549 0.93887485342454990445 -0.0015241074275336604065 0.34425526387161003994 0.0085969473142330742055 -0.99957454499640485679 -0.027871517576968374286 0.3441512779340445416 0.029127411345968533957 -0.93846230174931144496
7.327356100315772558 -1.7228433883483058597 -5.7899082985099488141 -0.98467698585798280053 0.0090778449277049248767 0.17415173341980952348 0.067218357157080896314 -0.90171921287432565961 0.42706457778001327696 0.16091278999117603066 0.4322268546317244442 0.88729195880076516811
-4.4266449390125321983 7.2016410659589098486 -5.9974406739694225976 -0.77454589986716970706 0.01129945120930042797 -0.63241677033526733087 -0.35906231127977961126 -0.83097844116002295145 0.42491068113870178458 -0.52072344446679308394 0.55618985313440505447 0.64768815154587244809
-3.4743547649727322124 3.9911651081837518085 -6.0723605562431268723 -0.93676372828714549179 -0.0014527162419537855125 0.34995943619392921864 -0.16919638388166960419 0.87723333483427301527 -0.44925967984778830688 -0.30634343643534550639 -0.48006204377254557691 -0.8220061636520396009
-4.9624898276087172633 -5.7705986695632365269 -2.7300651166556733074 -0.92855947149616202552 -0.0035380144988399874623 0.37116679585903639138 0.17250938171603372173 -0.88951264112647487892 0.42309310381543424606 0.32866064734736349928 0.45689686333962226117 0.82657572862723116547
6.5373919073095372312 -6.8886827393860352586 -7.5106469881076840522 0.90599536637037714204 0.0047222430146318661315 -0.42326126274009806538 0.36571419984973352335 0.49475334396231801515 0.78833511444467052609 0.21313263509770766224 -0.86902061486423598513 0.44651724580049806379
-0.71700594073619083879 0.88760741763251183034 4.5351686410706104624 0.9772073868787586326 -0.010409716589705285752 -0.21203150905038922747 0.13203061357959600119 0.81192207788083747833 0.56863912679974193409 0.16623369125258777301 -0.58367300541509037348 0.79479065334356024941
1.5234774175560923393 0.73109327015910252623 6.900931745860937383 -0.64331347549842476941 0.00078824349230187037985 -0.76560247577594997548 -0.1444107500317671211 0.98192401021118613791 0.12235511205519059019 0.75185989886234516621 0.18927392013419552796 -0.63157111685034539317
6.2524653604434137222 3.0759369818970712096 4.8790255225673888617 -0.96804973147140882528 -4.147700252038304114e-05 0.2507582813741721095 -0.23933817997099951502 -0.29819338659333205488 -0.92401187210994217835 0.074812786382044846323 -0.95450547534920537895 0.28865610078793974003
-5.4932687165892106762 3.9458053636624343952 -0.75269358040152989364 0.98333742502161314292 0.00092206466859412689399 -0.18178739876203128811 -0.16466209153822122802 -0.41921823882289160901 -0.89282835071949095962 -0.077031838626522464164 0.90788502467824039321 -0.41208115438931081087
4.8414192696470292887 -3.0852037013968374168 -4.6209033018483074429 0.99999920355588778342 -0.00027869521520545173987 -0.0012309413935299143208 -0.00024645841893337861947 0.91341723328465751486 -0.4070244429969915867 0.0012377988467638357216 0.4070244222005964807 0.91341643711205133815
