1125 14.717824617146108679 14.977075390850430381 15.033177056927090831
-7.1153020195321676766 4.4034511745676789829 6.7703253811510295535 0.98261540253356727259 0.00059365232931870345195 0.18565187389485207636 -0.072290263536810339673 0.92229421523422994156 0.37966761561042505768 -0.17100025877624069892 -0.38648806983186634323 0.90630341684010473635
4.8267754422232007627 -4.6380532892777885934 -4.7189865575005143228 -0.46155392576678733185 0.0090738801338913089439 0.88706574632805912373 -0.88682584543122744414 -0.030122512174318216704 -0.46112097559690956583 0.022536492283390850699 -0.99950502698079446429 0.021950115169056400033
1.5041658162348070515 3.8633419782773654738 -3.6570890764545418428 0.9960515414263599876 -0.00096390229830307060099 0.088771604212484117591 -0.028684285852462527988 -0.94980145677845495555 0.31153555888002459895 0.084015109160407122624 -0.31285182370241471084 -0.94607885392230217647
1.9396285006215072677 5.0237764364032164721 6.9354531709754159152 -0.77291381247043378089 0.00016139015630363059972 0.63451100261982495976 0.58898754814965992299 0.37212879560391365352 0.7173658952075486761 -0.2360040394083442461 0.92818108870826088186 -0.28771854293265447522
3.418470307573036493 -1.3083411288639561487 6.9184234805156030745 0.73344273772739942974 -0.0056501539186727123276 -0.67972775891211378863 -0.52635553482356611799 0.62803268001103584872 -0.57317083299721049983 0.43012974953553434476 0.778166453015590176 0.45765201842183478309
-4.9122360963450990567 -3.1133660438213079935 1.8231470346531744031 -0.93005361269647079947 0.0061548450628012155508 0.36737228446418868089 0.32625641422335188713 0.47369681804498581235 0.81802694133637665619 -0.1689882531075130867 0.88066647628730554409 -0.44257149462582356936
2.8968699976654170847 0.9076419905680592759 -3.4423084743311336275 0.96355675786352135148 -0.0076685420174227676357 -0.26739403104562980973 -0.12723213382041331787 0.86614758246666334607 -0.48332220051489044321 0.23530907015884530709 0.49972948567239244833 0.83360667142886246683
-4.2287840997763739281 -7.0595665355420749165 4.8652191598677063666 -0.98195928211357630389 -0.00036776693008009654628 0.18909212838875841256 -0.038039434130212976259 -0.97917062360935447352 -0.19944395531482919659 0.18522680616520098562 -0.203038800745194703 0.96149169298003134276
-6.9239789624828809167 1.618335364328731707 1.9194698147089139795 0.87340925323344675846 -0.008121789570656623436 -0.48691920572153840618 0.48044378487695277302 -0.1489817874816872223 0.86427900389398681913 -0.079561585827508843338 -0.98880658550236777415 -0.1262200084284487156
2.8651938221590040889 -6.4944392324242610215 -3.2676623530188662059 -0.23116322102152705997 0.013202716660968477624 0.9728253972423134277 0.4258794490599393523 -0.89764783986657048498 0.11338011488530105875 0.87475154193371251754 0.44051565676577886244 0.20188040030896914345
0.88054218716796939237 -3.474331391231910704 -1.2468068400740650592 -0.87246469974840878958 0.0032580459211400993047 -0.48866627961185121753 -0.47571242289100440503 -0.23447304693523599028 0.84777360242471333507 -0.1118169861876768395 0.97211716135334469424 0.20611934941248374886
3.5021739014752188979 -5.2778381361977322328 1.5549304431439490148 0.99916855897819945032 -0.00055137960912928461743 -0.040766244981715195339 -0.032140059278677107768 0.60454799208179454961 -0.79592005996784098709 0.025084005639959744416 0.79656852891022544849 0.60402762470824877816
-2.072334327921024677 6.5980163502700222011 1.6048679905850942173 -0.78566094956383536463 -0.013000789081628905466 0.61852069635040707318 0.087434957896713114134 0.98741049708492945047 0.13181668477191088584 -0.6124475491567218377 0.15764355276989652777 -0.77463314530299676175
5.1245228916059817337 -5.6283650577305799345 -7.0745579886821055027 0.94118187870426495145 0.0011306151222252747851 0.33789849497773338793 -0.12572054211007668845 -0.92703021240769889477 0.35328364040102783195 0.31364154139770566987 -0.37498494235482665582 -0.87236189538346931016
5.7225774803131947976 -2.8137275885555856902 -7.21465957659807966 0.56519610451653745642 0.010850622576293550078 -0.82488522076049430876 -0.11969571477074592014 0.99041100594193365314 -0.068985325791643931082 0.81622686754647089113 0.13772546350896885947 0.56107521545367800009
1.8456390658137395988 1.266978000946126004 -5.7153070656406219641 0.999126297077121861 -0.010086815759388719285 -0.040557349973164673329 -0.038883439220266879932 0.1313922788860414359 -0.99056758840750203099 0.015320595399968146497 0.99127913586274918334 0.13088527098046529029
5.7785172854948214649 -4.1711958933413679773 5.6785728195588411893 -0.74179956727536788819 0.0030030956470619811494 0.67061492930490262943 -0.40402835196236053239 -0.80013603729149829213 -0.44333216964039101615 0.53525180317369991378 -0.59981105628694508791 0.59475390200937605645
5.0430371310005099872 -3.4338308525925942405 1.4055098733268183153 0.99856167206849699713 0.0073480614406206245376 -0.053109255963100975018 -0.021302606061473119969 0.96339469268679478464 -0.26723934043855229747 0.049201484234519046734 0.26798632818872719641 0.96216554804943343893
5.2914900131563440411 -6.0021893089541080712 1.3676767742564908126 -0.68110303860446053115 -0.003065756149197483571 0.73218116060364213382 0.57895737586016970955 -0.61442409364469874333 0.535995699689859606 0.44822651387538159362 0.7889699831350781567 0.42026105930838708602
3.1990622198099147866 3.0529191256869618876 5.6143924476576492211 0.5800980659124315153 0.012814430153165346643 -0.81444583877892384738 0.20997726039311415125 -0.96843550570187808546 0.13432133640465698798 -0.78701701636154164365 -0.24893465342448753419 -0.5644783027558029076
4.4869890401575496242 3.6531228792297079089 2.7172090467810412484 0.99961047405548542066 -0.015466335175260479198 0.023231285690531584126 -0.027906094824834228041 -0.56545788854873479945 0.82430493517235858825 0.00038733734082819050795 -0.82463214147530949916 -0.5656692330466683849
2.1290745670957438307 -4.4829859611045739243 4.2933852053929486559 -0.99952954075728883687 -0.017819024808405855426 -0.024963563607792935151 -0.0065261728334806198143 0.91884395728633561085 -0.39456709344118856553 0.02996842039996385626 -0.39421854917454496325 -0.91852796868973285438
-6.8750734769464916241 -2.8408891794169432998 6.6920202714609731132 -0.76215446880496917625 -0.0046553276775311213873 0.64737847786658986315 -0.61710732243348898063 0.30750710714413542757 -0.72430513711746946637 -0.19570160520430085471 -0.95153439610980472541 -0.23724075269733552185
6.197254577789833796 4.1230054247239760201 -1.8795747385791548023 -0.95624714495623863719 -0.00095467802658379813385 0.29255851782680458717 -0.18981362151383213144 0.76297757458271509012 -0.61792880639412250954 -0.22262566530154712097 -0.64642424867399839172 -0.72977633825394216949
6.0809432125523850132 -1.3190683216366161368 1.013677082621464498 0.84768002025846977965 -0.0075248531206819728456 -0.53045448423031460461 0.52114133299191234272 -0.1752521026624527245 0.83528343187188325292 -0.099248648867104979909 -0.98449483345414690039 -0.14463619394944912666
-3.5981125396638953262 7.1402031882978080901 5.3554366646847553213 0.93496009005651814494 -0.012694739954527557713 -0.35452570228252416884 -0.23480172283286451784 -0.77127952969071489342 -0.59160462982867934034 -0.26592814998818864458 0.63636996366696618743 -0.7240963253506657038
-1.5964012115040986384 2.4016635480158012861 2.393359234920171108 0.5288775550506444878 0.0056778155643692398286 -0.84867914677709521687 0.83412537384655238704 0.18103568954613152853 0.52101913574836145049 0.15659946509849853591 -0.98346013723030079046 0.0910097028337689129
-4.1777356410785353447 0.10286120055327596656 -4.2338200812279742635 -0.9946575110620298199 0.0022602640104145556126 0.10320526582675527971 0.045255198703742754995 0.9081159606391329131 0.4162659835041176426 -0.092781478098010378153 0.41871266190435357801 -0.90336664986207282357
-6.4146878289570024023 5.2182896184286127195 3.3667358320589362286 0.9656980872679926664 -0.00030161529379711584514 -0.25966731268162412949 -0.1851768954875647466 0.70023055923147126123 -0.68948290863217442936 0.18203494616325482935 0.71391671289201907857 0.67615545951271105451
3.6420694331280492051 -3.9354447169550397234 3.5319301922311514552 -0.98697403484586287981 -0.0047950319748800663763 0.16080815342615203956 0.13210917322889029202 0.54627707620714160974 0.82712062140853048753 -0.091811877710669995145 0.83759080921349315929 -0.5385278223382199414
6.3943847543571221692 5.2512660073908623559 3.0232025149522372409 -0.86977053428348161113 0.0026652029357017766736 0.49344920142348003278 0.2034016316764555854 0.91301748827485840199 0.35359134935058678106 -0.44958535777262742528 0.40791170956160810457 -0.79465781521283718192
-1.8323512646345725408 -2.4186539347065165728 -3.5325351456695841534 -0.99990312443996121061 -0.00014989450699135278833 0.013918306902914654583 -0.01323428312239549598 0.32002784381203192021 -0.94731569866401688085 -0.0043122483280794970256 -0.94740812573923471884 -0.31999882468170742778
-2.4055758765991224202 7.48814881208665728 0.45621312652892820338 0.77575366267185008606 0.0068200317525204017313 -0.63099900318323320914 -0.62882292007967388603 -0.075314619816320621526 -0.773892397704213586 -0.05280142075463505752 0.99713649778200885709 -0.05413699989356832859
1.7734565041087035908 4.1872867040895158652 -7.0700331753170209126 -0.90829808407758305666 0.0012835630446965027272 0.41832157836645722515 -0.048360902668319875886 0.99296822753345959089 -0.10805240488870457294 -0.41551872828334746046 -0.11837420147581603769 -0.90184906435101985789
-2.1853004547961956128 -5.2484141851738641549 -3.8271633069170141184 -0.91322142081819612791 0.011675441991809186806 -0.40729635477522324605 -0.40706381000254387992 0.018130952403986405619 0.9132197562203349106 0.018046915112262407882 0.99976744926970451122 -0.011804924214533774052
1.3087782398855785093 2.7277417626974758136 -3.1701509478504488193 -0.9976310019796061912 -0.01464621513047551643 -0.06721511936555531197 0.030978461245088639159 -0.96804497892538887704 -0.24885588945433675945 -0.061422461916264978199 -0.25034857131523940987 0.96620539949451222927
5.6571409222200994549 -4.4230949815291085159 1.5541202258078330445 0.96406623338623342878 -0.00051212337332783713917 0.26566150525457427056 -0.17161344790936503002 0.76214884798156390389 0.62424190664908463244 -0.2027932990538237612 -0.64740163055859478725 0.73467408189539706864
-0.44566113367291493308 5.8801092372211760662 6.5860258143209344794 0.88358201225168975235 0.0059774967128151485982 -0.46823829099965136313 -0.39816353563496709178 0.53588666289688724476 -0.7445074099160450265 0.24647236460892718579 0.84426876885402013517 0.47587983716673909473
2.6307611720972472469 5.3474175736052096397 -3.635166463279588811 -0.99883230198105577013 -0.0054169496265945981522 -0.048007178379653465961 -0.037359650701496521785 -0.54343417193519027997 0.83862003152363795433 -0.030631503696303338802 0.83943430798953777572 0.54259722958314138275
6.6175937794960697502 -6.0903745477641120232 -6.1521301353233841525 -0.59995564372718501733 -0.0075088998014202004705 0.79999802623743754282 -0.39137479516632112109 0.87488894099616254518 -0.28529828361046843943 -0.69776714974880105213 -0.48426537904991501238 -0.52783335190680058524
6.5661963158346168257 -5.3644593054673830324 -5.2165726213258016841 -0.99988243351292083183 0.00068730539594636817433 0.015318184086584297338 -0.01526043827415734383 -0.14207337495729149834 -0.98973848826432786474 0.0014960535077930109914 -0.98985589038980126286 0.14206716047126163871
-5.2000757750651844802 -3.5574289576697912807 4.3497201430506224895 0.89927282557105803207 -0.0044013052935677633021 -0.43736599513580926013 0.21845083004589091469 -0.86178285460894410441 0.45783135143236103337 -0.37892957134769045258 -0.50725825770889354516 -0.77401643389822338825
2.0120356238738468235 6.6974390995380090885 -5.2466609659204150873 0.98624523601644153992 -0.0021177247252905633673 -0.16527507276336972364 -0.089546199390449568445 -0.84731213587191889225 -0.52349175980022299992 -0.13893096346635025462 0.53109100881682169693 -0.83584719162317322461
-3.0776656296283984027 -4.8445331397099620219 6.4819008737691641286 -0.97582191538596396718 0.00540461692906019954 0.21850029649489585704 0.17983702578702256969 0.58801115609867005141 0.78860733223804246883 -0.1242184914116709199 0.80883476088714245655 -0.5747661228464648886
2.2231114076818756509 -4.0082833257022283391 -4.9308234625468472245 -0.92744017235077647054 -0.0040413317117779234966 0.37394972168456575012 -0.088611205390740022114 0.97384077267670210443 -0.20924197416284839868 -0.36332186968192015097 -0.22719554817468995411 -0.90353716132788286508
4.6730419813304813204 4.574185635088364954 0.27734856361942250569 -0.9734482526835627203 -0.0029823010511871076399 0.22888775683267145733 0.021214406174486132028 0.99443635264069807356 0.10318085828986829633 -0.22792202245098583391 0.10529694405449513406 -0.96796906213716749079
3.0741942288674133366 6.8455454215596605039 0.3296175292119351008 -0.90810096548817254014 -0.010281611210800217088 0.4186250409977985143 -0.16626444933539213933 0.92637389909127432208 -0.33791645708612516597 -0.38432898585282565529 -0.37646472285372489797 -0.84295049859402204628
3.8204438513997285298 -0.50452976481622924254 0.25049820028992614285 -0.76879069390897658565 0.014369129166917182783 0.63933903141131098735 -0.59281276995845277877 0.35896972224652562433 -0.72091175485241054677 -0.23986222865043593799 -0.93323859041362211553 -0.2674543785949266006
-4.0455856229729354467 6.3756815909887594174 4.3700601419047897522 -0.802795201956862714 0.0061577292772751288791 0.59622306738762553824 0.45913535243757386262 0.64435532564994069116 0.61155616459041772792 -0.38041371144710589558 0.76470144283681951158 -0.52011259498904349741
7.0081469025988329946 3.2540052386495363912 2.484147537439377551 -0.99643378539057037013 -0.0019122799870906247513 0.084356709973128773949 -0.041807360961715576975 0.87958819515076958062 -0.47389529594727342054 -0.073292945783701615725 -0.47573201504290940633 -0.8765313422584866121
3.1819080127754433285 0.34539584524912614327 7.1410644121930317851 -0.9058747729158802553 0.00030191273493684368801 0.42354551661305861465 -0.39765846080581396249 0.34363860650330496638 -0.85075275883772383256 -0.14580344421179858294 -0.9391019204373829421 -0.31117348647790360472
-6.6668235848662336096 3.5667876604190515977 4.3308172268082749667 -0.9907089332693168604 -0.0045356411313637661972 -0.13592364584607943834 -0.10755869551481120339 -0.58550386891993488891 0.80350254915533825262 -0.083228219731690256111 0.81065692338952499707 0.57957606575927622661
-6.053932310425684804 -3.7053960116355568744 5.6498038904599336973 -0.98609053307341232308 -0.00012860695832712758235 0.1662090371890266316 0.10167192430116459012 0.7906143556531314287 0.60381434269501377265 -0.1314849055669374267 0.61231439971270451572 -0.77960425570449309873
4.2646110911830970025 -0.47809636927384402405 -3.9288534602744378255 -0.87416061470674444323 -0.0012448331023303675809 0.48563532623345101458 -0.071192318360986731052 -0.9888647499780500727 -0.13068343451782943321 0.48039033452148865999 -0.14881181620271541344 0.86433799514817544196
-1.6236142397908059909 -2.2741721549882902842 3.008711686837648891 -0.36139197928361271872 -0.015751890799839744078 0.93228092077740543075 -0.17089816014752179374 -0.98180039385289086251 -0.082836015649086214285 0.91661859907360820898 -0.18926136575282542784 0.35212281843936071857
3.2014374844097264194 -2.0175879803345480035 -2.0949725621100308004 -0.71369876667946996474 0.00028370856341614850843 0.70045270357786504345 0.51176404618144666347 -0.68257419836083110809 0.52171833853912463752 0.47825895859470901605 0.73081624451122595421 0.48700717169504209592
-6.2703866884614347654 3.3443279098002474115 -5.6226154219950377211 -0.98061099259813366835 -0.002892974030137951142 0.19594313434476326452 -0.1382461252872682067 0.71888001236270837602 -0.68124851314942014291 -0.13888876858361748345 -0.69512815978535980044 -0.7053415849322861586
-4.6735718525903662268 4.3540364303220044917 5.2597818738701365149 -0.9712588220644349235 0.012596816675215855713 -0.23769228168328526696 -0.074625776099046928214 0.9321357882213691104 0.35433580945000747731 0.22602498557405900637 0.36188975189497230023 -0.90440506045108781663
0.97951158723556908114 5.5257081556365266195 4.5560893458638673792 0.76669752405766145031 0.0074014899772813363965 -0.64196582817930825104 0.63985434353580816769 0.073035111047985393218 0.76501783744733498072 0.052548317406413191932 -0.99730190539307184139 0.051259963299105058832
-3.792470369864440638 0.84108244290791156494 -0.64004026724104556845 0.8766804445652628397 -0.0073777870436193401446 -0.4810165967771505291 -0.061529051788000423129 -0.99339007719560756815 -0.096903716725584426728 -0.47712217921909039209 0.11455008855299830817 -0.87133960274373500887
-4.7860896807268247244 4.4544384702802215514 6.4955354321268563567 0.99794472698734304483 -0.0045801988680848034277 0.06391669309697747825 0.051985334144277375867 0.64107028853825342996 -0.76571953755101263006 -0.037467945126961756108 0.76746850549827694277 0.63999081724362605339
-1.7473229014475191168 -0.021537697010418563326 1.5037944881002438535 -0.91682860199890670039 0.010547916142571691495 0.39914164906919125109 -0.15717586371074510065 -0.92847493895055421831 -0.33649670965326239358 0.36704367917650287945 -0.37124524132405950505 0.85291025809918119549
-3.3412732221345011752 -1.4414861906234286426 -0.487669066159705622 0.99967758063915557187 -0.0052115938812394976484 -0.024851037336295705993 0.013926172285433541936 0.93091086428272395992 0.36498085495820703494 0.021231968654563525278 -0.36520925789165897823 0.93068329815104011704
3.0511355103047126391 1.3326366355046128653 -4.5313724647032094239 0.94300917997367572632 0.0069098129893317072545 0.33269496685393717961 -0.33048129894826377972 -0.097526534680593579552 0.93876018560583296413 0.038933244547219456044 -0.99520893761937823108 -0.08968485352257500598
-5.7720924253441481255 2.7822429480914854238 4.9977853271251388989 -0.9649803772162820481 0.016425649697170474628 0.26180731391530481789 -0.26226106875099197691 -0.038886126171320076206 -0.96421315123211126519 -0.0056571552139524248701 -0.99910863634709745629 0.041832157145814730104
-5.0185708581259591554 -0.85465098984636334034 5.4389584355225615298 0.92201671851520783374 0.0036221400816723570669 -0.38713311777704373373 0.20195301113201932774 0.84862844946629945042 0.48892201428385451134 0.33030312150088980694 -0.5289769700638781158 0.78171811611920893892
0.66471955013056072126 -1.6683511157038464212 5.9560237487283256286 0.93900040468651202463 -0.0045259773963758197918 -0.3438862537631915961 -0.075340642277637412394 0.97291824189973352688 -0.21852661668512562976 0.33556225595236460757 0.23110519273106017168 0.91322963282672009466
-0.73600819925887039918 2.2643825572585134509 2.8786606056454999703 -0.40927577222571875915 0.0022611934424468741606 0.91240792920346380779 -0.91181681942713921352 0.035061565592013226034 -0.40909751212649908547 -0.032915499068172766883 -0.99938259621750413775 -0.012288055120295311023
-2.1583708713705034299 4.5521946368847086006 2.3240621465016113589 0.94343682176983945098 0.0077713081984015748918 -0.33146126485261095951 -0.25204040527149651485 0.66634092324680038733 -0.70175879625205872525 0.21541262135580419024 0.7456067199103377785 0.63060924651080274561
-1.8295250153620765676 -2.8216829117854458353 5.7196929536134648586 0.92409550488514580202 0.0050114347134151459098 0.38212875235053966883 -0.083677258974410834158 0.97830377188153794243 0.18952531823678372969 -0.37288820601007877098 -0.20711498121657317961 0.90446546112834957931
-0.64890694490001699091 2.1971125552229993083 -3.9814926336264746531 -0.98654697223961462793 0.0009198558921559157886 0.16347545818847511456 -0.033835590303782372978 -0.97948003130792071769 -0.19868070137260657182 0.15993818929067182832 -0.20153913300955134114 0.9663341831230060075
7.0174176291624048574 5.0003320140929119475 -0.71705267420332852168 0.98381485755608188981 0.010090196650008464649 -0.1789036444107348911 -0.037660035183181506113 0.98775676854473681843 -0.15138787251340335427 0.17518575227997665311 0.15567515577538793003 0.97214978170676136227
4.3527538153498932516 6.9217475538562007742 -6.4793921042368181062 -0.829221884991844016 -0.0078275171493295929437 0.55886473804114966679 0.073370282056378632873 0.98972475362172118718 0.12272617397846079246 -0.55408290639715029879 0.14277129278575934057 -0.82012711868030385709
2.7687857113143694576 7.1279328538380326563 -0.77404264165388070307 0.97878529755074883401 -0.0097646060879767147822 -0.20465579338567235768 -0.090268462445682484674 0.87614508482464192873 -0.47352021606816058208 0.18393190584035093438 0.48194858938014772942 0.85667649156973013636
1.907424519303306143 -4.6164099589194655948 5.6209816938953212073 0.8353966366162434154 0.0022056540999995351629 -0.54964315207265912466 0.35274900955007204573 -0.76903986079492647754 0.53305330762514235854 -0.42152176194326357317 -0.63919701782682247782 -0.64323135543100318223
-0.60480735483332126456 -3.3484254979099321581 3.7334453257722737263 0.82719995770370891019 0.0018571982511954836931 0.56190460114657259094 -0.52875056833704547898 0.34099992765890929647 0.77726564687984556201 -0.19016589194215843817 -0.94006148743109030352 0.28305712036726049519
-4.8546022317110857358 -3.7649821338644855473 -0.75951796538158489192 -0.98195635006966830449 -0.001524161781177808643 0.18910156923925741657 0.18791954557599152564 0.10405382084692710309 0.97665707736023055219 -0.021165324198189571642 0.9945704999133953006 -0.10188989034035203507
1.2396549181988716359 -5.8566299911801191769 3.073256511801992108 0.94202343495833895659 -0.015702052524840741377 0.33517949450396938849 -0.19812332356557776913 0.78016269805343607668 0.59337451346109948425 -0.27081173654168488873 -0.62537957282949052651 0.73182060181375818697
-7.2288647288377543276 -5.1890293206983901797 0.56261557143355878097 -0.93112388074903507107 -0.0010589155230016703002 0.36470151822673863018 0.1084278931294737347 0.95397489399362300766 0.27959845067765315418 -0.34821216332930660098 0.29988461168882957208 -0.88815398945326040625
-7.269776161655719271 -1.3297326913017128991 3.3899583828996693313 -0.93792067504813092516 -0.0049026223408835042927 0.34681518365165053819 0.29631237710028002219 -0.53106073337332182493 0.7938346632933919178 0.18028805421987928459 0.84731957475510066846 0.49954554921690186298
-6.1668442937404570614 -2.9518834481991973462 -2.4925339987198120717 0.13670246316168654932 0.0092094734875252434042 -0.99056934243066385726 -0.36701554351913318053 0.92926570225131799319 -0.042010063493164585824 0.92011522505660880977 0.36929722476261001018 0.13041293034697998277
-3.4784668800941092037 -2.1986394747999882249 -1.9746959128810410711 0.78150048594279264425 -0.0090809434850102292019 -0.62383854236216340627 -0.47357805667485941559 -0.65959137043021343061 -0.58366347177979704952 -0.40617830408228583483 0.75156953139373539052 -0.51977151208325766962
2.9607097585678214813 2.3197376012935411183 7.2725213270208968197 0.32769556223903317793 0.0074846381760603443098 -0.94475372382458910892 0.73360950095641253021 -0.63213253761250698393 0.24945050610905589172 -0.59534252207899240883 -0.77482413171180331002 -0.21263782899967348383
6.7441314698449010834 0.49297250643043627472 1.6658528524651643465 -0.99849840871100481454 -0.001031796686763052865 -0.05477100690280850559 -0.012113769604091179782 -0.97091211656418885401 0.23912950151483033934 -0.05342456726570558867 0.23943391009705231043 0.96944170444027966127
-3.5589770581114898995 6.1020161854067733742 0.95805264375075716021 -0.33805207781447815796 -0.011851142224398902511 -0.94105278444577544761 0.2759281684336670204 0.95473062698279420601 -0.1111443915172522362 0.89976910290928768799 -0.29723556370149101236 -0.31947860823683915665
-6.2255502666889128704 4.5830976370166451872 -4.6947982561469592255 0.99604911994155809207 -0.0060067719321823575054 -0.088600617122687186367 0.087358754435467311783 -0.11298969072436576555 0.98974834064705274894 -0.015956148879244236305 -0.99357800321924827358 -0.11201853789429495889
-0.41590499157625321347 -2.1356267071855925543 -6.5965050934241675762 0.93327538207060301012 0.0009192822709379261728 -0.35916043231568345329 -0.23729518907514282611 0.75223289246918212392 -0.61468420244002786035 0.26960722257174263294 0.65889667657952510904 0.70225858138545926845
-1.4364669328912615942 3.3775289172940823335 6.6379854419450978753 -0.74587347024003503027 -0.0046810096879738123318 -0.66607120831057164967 -0.41937590017344550386 -0.77359137900362784368 0.47505813611076314062 -0.51749069628914412533 0.63366747311161431 0.57503818375359205817
-1.7060193235366039044 6.7990060456055854132 4.3607764803987461022 0.98985698667519206317 0.0040989790367745790323 0.14200825434172026362 0.13928503961834484692 0.16885927781392845448 -0.97574905689660429431 -0.027978986201086887553 0.98563164654299406653 0.16657560945152505294
2.9614579246720738048 4.9333887026241702856 -6.3294326648527654555 0.99354264666877556422 -0.015668572242235456055 0.11237217224179597841 -0.10998380758483655706 -0.37626322364845671276 0.91996171039811924786 0.027867029256566894224 -0.92638031195266423712 -0.37555684830248348138
-1.3186367875647901915 1.1778242514925714168 -6.4426149805549455252 0.98742207429340578262 -0.0041962398474936317416 0.15805074744960645461 0.047163722570039055826 -0.94631723391549882329 -0.31978004326108777633 0.15090801990476904182 0.32321213523918473909 -0.93421661576028880436
6.4161988650616486041 7.1749622278244906681 6.9904836217005268395 0.99654933748461071996 -0.015299005880032199092 -0.081580379859320040214 -0.004176959696307767575 0.97237744644528512072 -0.23337663690353085966 0.082897351987911094273 0.23291209084928435336 0.96895819670905936061
-4.1793356414357889506 -1.1179064289336895222 0.48289364209062846101 0.95339417394210401735 -0.004578545508306426301 0.3016928670255492051 0.1969342888563163918 0.76698130836609601513 -0.61070169353778225307 -0.22859666438010314837 0.64165310685619370012 0.73213718352239642861
0.41449445432863546435 5.7139457484771742912 -2.9415767054846804207 0.99889810822869895546 0.0033264570635676803112 0.046813502969991996339 -0.033907181340674677483 -0.63849877426754109155 0.76887555450303401994 0.03244799578475352636 -0.76961565079073657181 -0.63768242693929366727
-1.3175784684835469829 2.557886964674106256 -0.56238604039110851041 -0.98867430652466259389 -0.0037781840870357826304 0.15002946691593130324 0.05927032777236618255 -0.92824868959391004797 0.36720756870317394771 0.13787727827242149403 0.37194098401786862551 0.91795956367591313718
0.8044519588462758497 -6.5249028547860392635 -3.5917937821725773873 -0.91668787351799929652 0.0069558095887421777029 0.39954343851208501404 -0.30707204133770094057 -0.65208549235729806881 -0.69317477744506650339 0.25571488805664599475 -0.75811353197929109982 0.59989479799041456332
0.37051345864313600664 -4.1419319141268156059 -2.3952517875584486973 -0.95953130606007719372 0.0041269811227277160628 0.28157173280965919204 0.23692337816997302569 -0.5286149618160954633 0.81512792555555591001 0.15220704834908127534 0.84885168914888065039 0.5062448264051153668
4.1748216465570759937 -4.748630673254109702 6.8148024172064092241 -0.39133464030893161389 -0.013813287593303583828 0.92014476707752468343 0.47546362538815872822 0.85305395470552247694 0.21501928121440264108 -0.78790325562671181814 0.52163985991008221532 -0.32726184673113478674
-3.3876693336061811657 -1.8542532787166785546 -6.6927433492661982939 0.60383747599452364252 -0.0056479209603893989339 -0.79708745039255379794 -0.39665430128601220083 0.86524597852279072629 -0.30661826742911002519 0.69140846672261391248 0.50131576639756347813 0.5202276756433932281
-1.1687546693117527585 -3.0365069166755924712 -2.1364145406053376419 0.68752264331424484123 -1.7409760602909128691e-05 0.72616293944746990174 0.25948723215975433298 0.93398017206224392961 -0.24565710765310963537 -0.67821751029896493179 0.35732483525681763004 0.6421370343099975786
2.2855091558505691296 4.0885233523125759092 -5.240770361927537202 0.88635943380716009088 -0.012938109194512912442 -0.46281698265232057432 0.040799494410502873398 -0.993538227466777224 0.10591124500282182719 -0.46119665583868452163 -0.11275813005133965283 -0.88010411244956887611
-2.6970479650849759068 6.2329259384999016191 2.9391888759449860125 -0.98805337016610494949 -0.0047919782535992124992 0.1540375754409582798 0.04922318337139922062 0.93734948918648108851 0.3448956557289333813 -0.14603977513713151115 0.34835753482062892239 -0.92591544538988101998
-5.07951815423018882 -5.9978931971236582044 4.4122806859038261607 0.96919588858475103077 -0.0020076563353971935491 -0.24628296503508070869 0.019316746749581965165 0.99750609583510296829 0.067885580698784808718 0.24553246800664363381 -0.070551811371768247128 0.96681758831065733872
-3.2955859997158283292 1.9555081613753468872 3.9993535882926236624 0.91375217794835783547 -0.0050539038331668378196 -0.40624058801487505921 0.29688830092696760765 0.69088556596676764521 0.65919228720565059554 0.27733426414219602973 -0.7229464660642519469 0.63279863553733017856
-4.4221778581254236329 -6.1374684119486921929 -7.0484051640764837643 0.95475150293907062871 -0.012875154927313087194 0.29712589591143429013 -0.25397035787345167979 0.48456204151599702179 0.83707746669198912493 -0.1547534327800480225 -0.87466213951878613031 0.45936642970006835718
1.1085089554081959395 -2.1578876799040975776 -5.394246571377007804 0.99355289566424476178 0.0016229448740677551027 -0.1133578826859419908 -0.11116906873464120487 -0.18209911812447990287 -0.97697561348021311201 -0.022227948033562622276 0.98327884001861531882 -0.18074468484013792025
6.9631283009030564557 7.0222317013417754339 -6.9187885491135023841 -0.98533094669199183802 -0.011851663121023380681 -0.17024236714870849552 0.11292301760512195308 -0.79323353146770381183 -0.59835520942860953575 -0.12795044972990948784 -0.6088021867870709869 0.7829358720721387721
-0.45127878602882920411 -2.1035363251599572543 -0.80161867970849209897 -0.73143840173802965321 -0.0065151009350393179059 0.68187639490057039282 -0.61359373248155435476 -0.42995408476209473481 -0.66230069942262681515 0.2974904971964734135 -0.90282724729372998418 0.3104873034789925601
-1.8486584227341089637 -3.8756530226815715245 1.7269049478456861557 0.08332302052435772155 -0.006584813940874166896 0.99650083516068876932 0.72077849145416961196 -0.69012724394121682803 -0.064828646654778832037 0.68813925953094012833 0.72365808735568615262 -0.052757294252514727595
-5.0200337920794879665 1.6162021420343217759 -3.1983531504433759807 0.93209573221451691438 -0.00098359831530304281388 -0.36221068250660531929 -0.35421849086735757162 -0.21140094801518619083 -0.91095493846067909782 -0.075675667920336517347 0.97739893171244296433 -0.19739433014182869441
-4.4756517108458737653 -5.4224005496409466431 -3.9065361507814619912 0.97880186073623121068 -0.01457341951714383535 0.20429031514683723691 0.12914870117166829533 -0.73023877071821918783 -0.67087402001090357118 0.15895763713922692051 0.68303656796952372243 -0.71287692935856350474
3.2371013650805489092 6.7767222121095427312 4.687050018479953728 -0.94244159921293135795 -0.0044711105985944478089 0.33434090572806474118 -0.32822948201195811802 -0.17839033223149644569 -0.92760028918950121479 0.063790588735686867827 -0.98394964227664172274 0.16665491967658080386
0.84005117029050901944 -3.9356193759693347545 -5.3609881558673064816 0.70104836582526419697 -0.0049073025436860298956 -0.71309684276079277065 0.078285790295678156503 -0.99340273992308769646 0.083799351733719010249 -0.70880358620100269995 -0.11457274848311660431 -0.69603919537158764896
-6.9403932095175981942 5.572911777335855632 6.5998804838027531616 0.84783142737074346229 0.0081280910015574421579 -0.53020355043999600753 -0.22390941328453728421 0.91185643726330900538 -0.34406745336387506429 0.48067290895696707098 0.41042876599776517699 0.77492050084936703325
3.605904680982258359 -3.558518711987638472 -6.0264663639558984087 0.99840233461598537623 -0.00042482612344469424664 0.05650307740649085364 -0.049164008506161920031 -0.49941467361247843249 0.86496698436886743089 0.027851005390184820076 -0.86636297433775966148 -0.49863766223129829536
1.1138762075465895585 6.4987990261105155199 -1.1925476759116762082 0.95608023117117169054 -0.0036201923102772452442 -0.29308272854468475632 0.21964216112528239799 0.67095771480923271923 0.70821823331095090648 0.19408223159214832432 -0.74148677610979352171 0.64228455394369088349
0.50306919722104181947 -6.4525367061301386329 6.1713396761158252346 0.57124200437276706488 -0.0012470746264327688645 -0.82078073639982318532 -0.40443187369961097755 0.86974798283499110685 -0.28279551957236614967 0.71422505695054239183 0.49349457054683193435 0.49633222428600776155
1.2312617313766029969 -4.8832579754881244583 -6.7521650802609327613 0.89855350694228530717 0.0037405956949278138489 -0.43884804101805241494 0.36239364174452370904 0.55768590731788614256 0.74676453933099140592 0.24753271215075625666 -0.83004363543308690154 0.49975505969661737637
-5.8060329655412115102 4.1866840280618982106 -1.3212423568766693549 -0.99883116444347763707 0.0088194844430634650873 -0.047523905886568185153 -0.020200387456088850918 -0.96939858379645549302 0.24465962086138212661 -0.043911835342826673056 0.24533365530961079304 0.96844367326607672108
2.1338293023322254527 -0.070196414864817285872 -1.2872933824165440075 0.7641570093115400697 -0.0069705104552874163487 -0.64499261786794925833 0.18411201006892080612 0.9607001788508325868 0.20774487744441241799 0.61819643550287572964 -0.27750059160299761496 0.73540913020688136736
-0.11002648317373228681 5.1979390422165048236 1.6482860796410079285 -0.82908159405209791437 -0.00066322814588216146697 0.55912724002027880399 0.55445997544196923279 -0.12991902694796914064 0.82200680171744355818 0.072096088916548312087 0.99152438526002950603 0.10808120742110326196
2.7892653410235555 5.9106275971889079557 -4.6085021739770777316 -0.99706280472614428056 0.0046434374817992309786 -0.076447380071350462538 0.071461012007801999468 0.41547753520379815395 -0.90679200564616457836 0.027551537057631581007 -0.90959158759819314088 -0.41458902129272917625
-1.7961839168648086051 2.390786743555192384 -6.4086855499779300516 -0.99023847168756651271 -0.0096661081714066888343 0.13904796130359498019 -0.042925985968187974073 -0.9279565042747616177 -0.37020816563493003093 0.13260893227273681805 -0.37256313898032827892 0.91848330336192085532
-3.0289914350740265725 -3.2196714784576330182 -2.2075122674159595171 0.515645119229367066 0.0087795759157088294755 -0.8567572760482911054 -0.66572279264996525594 -0.6253802313685297154 -0.40707828431391296364 -0.53937303822247084639 0.78027077688479939965 -0.31662950017074620312
-5.347341980286987706 0.95327833989747323695 -4.9193527386137088087 0.41278686128892017049 0.011136388589205636207 0.91075956651377176776 -0.6194241780556033472 0.73652711460043840397 0.27173791987572820661 -0.66777293654902070141 -0.67631633893273057634 0.31092686423849702493
4.4143810350928394115 6.2166971231285064192 -3.7957665152499058259 0.89196869047449744983 0.0043638071799854830438 -0.45207611350331661226 0.39932322794408131594 0.46124094285690958595 0.79233689315642752415 0.21197361825864213802 -0.88726419392396926877 0.40966991022398313582
-3.9921444357433490957 -7.3981006705031413517 6.5334925543785757895 0.99487690472911760597 0.013363538735370838334 0.1002065879525213532 0.062650078137859555039 -0.85943486629558063505 -0.50739203610700200908 0.07934048239040539241 0.51107056893151459054 -0.85586912634246559151
7.1437804819567434222 6.7071744773616188695 -5.8482201382065692741 0.96078257077971207512 -0.00090161190338180997525 0.27730135012640427794 0.069043900509859354453 0.96928032658478446848 -0.23606903290765685055 -0.26856990056287721735 0.24595697914797653993 0.93132989478500505243
1.2690176775814843158 -6.7456793523273361757 7.342877023223159938 0.86751623351624918001 -0.00030327466744362735485 -0.49740877817984668896 0.0033174797887065218815 -0.99997404489018726359 0.0063956136412425014515 -0.49739780750792583763 -0.0071984422254519619955 -0.86749271092947655148
-0.88600456812494976511 7.3701117014766142077 1.7846837413167995212 0.84567526371805024077 0.0084994882911262961689 -0.53363012193300840558 0.22687412045315344389 -0.91075751670148630268 0.34503460585911743808 -0.48307502709626959359 -0.41285409586252425074 -0.7721334170499934979
-0.6549355628420642228 0.21732443771215587125 3.2580936504390560771 0.73875192004186351902 0.0012406994993667734648 -0.67397630618519788204 -0.45798537680736772781 0.73457405466514491543 -0.50064993043377858939 0.49446435186465054201 0.67852738992428029974 0.54323621552463929874
0.022547867425324503998 -1.897191694983359378 2.5937269280304979802 0.74555352335334823533 -0.006972597716913234156 -0.66640927866924082323 0.31734531119155751089 -0.87558770939954921886 0.36419516280852309853 -0.58603916019334412191 -0.4830088467403748087 -0.65058478055552504404
0.99051604747656629701 -4.0779569897251679578 -0.20506280024100367876 -0.97786464080827184553 -0.0027746011923449856625 -0.20922008948726705801 -0.015236975735682721164 -0.99631306180453482746 0.084428179231077662981 -0.20868296247484985351 0.085747212584842663619 0.97421703778297519261
-6.353099048936310389 -0.27522102018427391235 7.3522709097342513473 0.582769761003981146 -0.010644435451711661833 -0.81256759820545965134 0.4730609750101483213 0.81746929135972046243 0.32856851889123217525 0.66075163229603728343 -0.57587381749633237416 0.48143185056697773705
-0.29911893350227075628 3.9956838390054145727 4.479719309553501283 0.46450768911127754413 -0.0086384072772550581781 -0.8855269531055075527 -0.4961851775612619031 0.8257109344270058271 -0.26833136666463897058 0.73350724353955132351 0.56402733150744777113 0.37926282837586666741
4.5533750714399339188 -6.9263852430300740792 1.7488103612279599641 0.48335324006703445088 -0.0051303134638828783512 -0.87541037531005194694 -0.592556040453709576 -0.73800008922806714651 -0.3228516799111116331 -0.6443966047695999233 0.67478111131184792537 -0.35975473253049755629
0.92330099339398896685 -4.8736343719038544009 2.2766022756462258592 0.9788847038079721008 0.0014882227893456018847 0.20440773430542713562 0.039529300032731390369 -0.98247620751107755943 -0.18214811586643733787 0.20055465860926233179 0.18638209910747524645 -0.96178975979290692866
-6.6473858126532476831 -1.4257869144744881318 6.9234287859640897267 0.78713677184469543757 0.010701061633491805447 -0.61668564900583655586 -0.4103825894768059479 -0.73731943081644579774 -0.53660617513677344448 -0.46043656747064931611 0.67545950598124870901 -0.57597970720784319454
-1.0379411390058272957 1.2180526697086719867 -4.1543850836117668379 -0.75219858982121934332 0.0061638225179010183025 -0.65890764812900870506 0.37294651081713414698 0.82836356381765618995 -0.41800084474630311293 0.54323860461151640688 -0.56015695428270084744 -0.6253926806642606806
-4.6426112358382622958 6.491990700391870206 -4.9776967112382424219 0.98616771807812775297 -0.010508772562022780303 -0.16541704120138900347 -0.0092657655682540120134 -0.9999227551211730125 0.0082842850805569072381 -0.16549132124981119629 -0.0066369789890034953939 -0.98618891349524884227
-4.2083083037363566703 -7.403428508834001498 3.8931350176895671567 0.98467080177251475881 -0.00013768564925142434512 0.1744230293836161183 -0.1657468168775686479 -0.31220436267679874121 0.93544450857368066643 0.05432683344039394846 -0.95001495618141051924 -0.30744134107193088479
-6.5026626942964576017 -3.5455386073320305229 7.4883890122008320844 -0.84359980984745142063 0.016876151178720277118 0.53670714206809355673 -0.28313512523862904846 0.83529172536402840343 -0.47129845575249756928 -0.45626073870283623268 -0.54954793154004866196 -0.69987370950658522872
