1125 14.717824617146108679 14.977075390850430381 15.033177056927090831
6.468346178902178778 2.8359567800227263312 3.3084526366400250907 0.99880996826871992766 5.5398919571109268845e-05 0.048771346280020028141 -0.0055552436452330307068 -0.99336191841643461942 0.11489664184865250318 0.048453963254307202968 -0.11503084791059949021 -0.99217947845833409648
3.2429984260492759063 7.1074497710004527207 5.8564149455455947191 -0.79218375426459985977 -0.0049676027641793168294 -0.61026242093218352469 0.43674403263978611722 0.69382924952868152424 -0.57258678159034304134 0.42626230120996061457 -0.7201224169690194632 -0.54747068884650518239
1.0656163562300486891 5.4319008405036717235 -7.4362726791591473585 0.86423409707597487195 0.0020633278890496015157 -0.50308564691234836097 0.38904314620602004071 0.63128491599804581469 0.67091339621706080898 0.3189746946724631993 -0.77554825608175381735 0.54477522580167137001
2.0917032058980904452 2.1291929332284507126 -5.9011453789805941028 -0.57715827546936504522 0.012561556927753335725 0.81653568957196553946 0.81451573009737332498 0.080797465632633763688 0.57448750636650536272 -0.058757556800403502872 0.99665138179549694897 -0.056864511638932031812
-0.81627787168902710135 0.81061532234717603718 -6.8624378361698141759 -0.92257659973916106289 -0.00089913301604809502121 0.38581291991533445129 0.19503776665414446212 0.86172399025868884337 0.4683930338842254848 -0.33288539648399606552 0.50737654278901211935 -0.7948310239510864017
-1.520470998379432892 -3.6671787183702018176 0.78953290706618273198 -0.5524527296272563337 0.0023353043760633782067 0.8335409575305161578 0.036302941340431146844 -0.99897980863664215256 0.026859605102118672831 0.83275331159798759995 0.045098650641416118678 0.55180434370611608497
-2.0105330585526739462 2.1860964338482906655 -1.2362755187255214384 0.99813394586962089772 -0.002444991665546871612 0.061013507672131449266 -0.060841914190933481243 0.045028487883932391544 0.99713123346752374765 -0.0051853235462307467607 -0.99898271120912873755 0.044795704314953888048
-5.31794994552751632 -3.9690275680414890402 3.0820645379538000874 -0.98999247792653499722 -0.010467486896352814693 -0.14073139439050727506 -0.1104748891280461498 -0.56301975393410774728 0.81902628501908081304 -0.08780770194672718465 0.82637714658497318787 0.55622892686440073007
0.16254485248793212882 3.4388383481027915423 2.4821709746696112298 0.96705209250488599615 -0.015184182326260464019 -0.25412534503486311488 -0.051246468619040079495 -0.9893967129136186367 -0.13589681353840038502 -0.24936729905118004691 0.14444232441668106159 -0.95757629726354853705
-1.260383888850527212 -7.048807792044817333 -2.0196732025850172576 -0.87752691238769475746 0.0033443100553460433644 -0.47951572823586635641 -0.40087823747469891744 0.54362099743815539554 0.73740955368344673904 0.26314094465610632367 0.83932414878560712701 -0.47570139427050006642
4.0066766987686115442 6.4774318269511166335 4.6710264705599229274 -0.75696216384588976833 0.0031185224645329532103 -0.65345126621912608122 -0.65307700794872558525 -0.037784569900521189356 0.75634829805208869669 -0.022331685886587369916 0.99928104209730328478 0.030638125112257018345
3.8698427710313616501 -0.15321738726575009903 1.8648172127747892901 0.94358029049442559977 -0.002833718690995158055 -0.33113170405265485163 0.094630634575539093745 0.96057090987887461253 0.26143559454320292046 0.31733464732081984039 -0.27802067752723697014 0.90664393478195992593
-6.950929078703620867 6.8726514448972970683 -1.7815710260732793291 -0.83357987537340128004 0.0029154990732103494566 -0.55239124833547104121 -0.53402210649440995383 0.25153211075344827918 0.80718770248023885561 0.14129749165404764666 0.96784456248156269798 -0.20811516457766998656
-0.053822919076586768494 -6.405211122104846666 6.936857701435999779 0.99160066485048603546 0.0096568627910876090464 0.12897622443387757318 0.063873717995425127736 -0.90368119548012559861 -0.42341521593486525221 0.11246452604093626348 0.42809700061646599467 -0.89670769398157368357
0.33903794859610714152 -5.0969539522012814459 -6.4603954124130833492 0.86183991017844241433 -0.0036516104555177810592 0.5071672652732348574 0.50680962127510886805 0.044430790909833171864 -0.86091225604128684967 -0.019390126524294785254 0.99900579105437892213 0.040142900158865346683
5.3579525136490335768 6.3275670656701477057 4.5581382693579488574 0.53153135742891388649 0.0035039188705615247413 0.84703136814545731959 0.61074082863489265183 0.69131182934765678105 -0.38611344814997577979 -0.58691571482463023024 0.7225480448775561948 0.36531392874529394765
-3.2343283984541759679 -2.5705921977055044003 7.1962306560155004931 -0.53210265114136490183 -0.0022771054066733674784 0.84667678805982582446 0.83719832675539751499 0.14782096074224973514 0.52654337451272659187 -0.12635557101411309944 0.98901151578549240106 -0.076749536268875456768
4.5450721008760197606 -0.23853215340311767489 4.1051075421452010161 -0.98768115262351807715 0.00041677758991801212851 0.15647928632502874913 -0.036836714027829141338 -0.9725123008660032653 -0.22991929271832783899 0.15208220557310167531 -0.23285113476397897858 0.96054742297676387608
4.5405761695170072656 -5.0212574303958170674 4.0442414012847223148 -0.90133188070834646677 0.010170685568423751266 0.43300969732061361794 0.36044572378824057957 -0.53672442995960245593 0.76289302427496619163 0.24016602803364939245 0.84369629810713531182 0.48010085975649258172
-5.7685038808603463778 2.0803551678082827792 -6.056017020474296686 0.85498587661976688246 0.0021598662129096897477 -0.518646783233553621 -0.5183616767471331821 -0.029854455366627785651 -0.85464020708978483132 -0.017329825748597250251 0.99955192284990856955 -0.024405545820868145002
6.0291761516593505021 -6.5180718319356039103 6.958182719760560353 -0.16969108996675494327 -0.0060643009231296394687 0.98547864423348119356 0.44331286893469573629 0.89262418664611775654 0.081827633786650366687 -0.88015830066115985364 0.45076078541567399238 -0.14878198852236396155
-6.4386564489061441918 -5.9937836344171682157 0.74950813740630162219 -0.86571097025853793738 0.012705903739280328957 -0.50038292934898698228 0.41912765104093613333 -0.52809940106903818791 -0.73854115303310474694 -0.27363575809229095936 -0.84908749996727317377 0.45185604930383405087
6.9999849365527104794 -1.2321730474494558827 6.1160081997894115702 -0.98702747005949664771 0.001745126953934680869 0.1605419816743562933 0.098629295504622974122 -0.78242295028969022219 0.61488746037644659292 0.12668478762776963498 0.6227449569381545702 0.77210082449887895706
2.8485860423391691221 5.1734760417847232006 1.6198110642567247197 -0.98400375583376997746 0.0025161986213965486722 -0.17812994484270444628 -0.17735754605907178005 0.080235169253491403496 0.98087033723667349516 0.016760350863885768724 0.99677278572370975329 -0.078505441082493535032
6.950540804416977636 -2.8901805444177521842 -3.8564834867771202731 0.86907377617077885557 0.0073164921616717965708 -0.49462838628070804337 -0.075019045588521585111 -0.98637670345810390948 -0.14640062047017241009 -0.4889610560885187529 0.16433948952561774903 -0.85668525014228236181
-0.53431579048727373404 6.4050186652783969166 0.23412219897713346106 -0.98056090873428358723 -0.00025169408195140161727 0.19621478260360453172 -0.039784956859388154182 0.97948225593492110885 -0.19756433766306735755 -0.19213917213777842452 -0.20153026313344876708 -0.96045202460688106072
-4.8631758534607349986 6.1206643933595374918 4.4030776555444886 0.85729916124564864433 0.0092885629030947675783 -0.51473475764403109345 -0.045920813975223524761 0.99723147243089838021 -0.05848648764628636143 0.51276644485719646838 0.073777455855700793674 0.85535224325185377214
3.1101602432067716464 -2.3964272023571542292 -1.7696544116849666217 -0.95512506476853908932 -0.0027765397122992427695 0.29618980650592380277 0.034461596795457419273 0.9921236234191832537 0.12042887610484735716 -0.29419127960752217144 0.12523181177639572392 -0.94750645608472339188
-3.9315396059791476446 4.4316718115453896942 -0.47197962918219432682 0.58380635686282933428 -0.0070146727083413747128 -0.81186263127054081323 -0.15350688962709727048 -0.98288010541605830284 -0.10189373491185384213 -0.79724887740507532907 0.18411271749687710408 -0.57488845416508926878
1.4385573113928700195 -6.272506057776396915 -4.3375545416333203264 0.9902171227799623221 0.0082052035948501009233 0.13929366240861409953 -0.097315211300108242498 0.75602817137879185783 0.64726436154875155449 -0.099998997009220741417 -0.65448764596097153134 0.74943053172505091908
-3.4829729005229745908 5.3491175393547738537 6.7242877499485533832 -0.95278319917125942062 0.0017659420259348666132 -0.30364626924374110706 -0.27637766356968024306 -0.41924768623046970717 0.86478133922404709644 -0.12577584210282310995 0.90787017741473052812 0.39994021866289108935
1.4041041363931963115 -5.8601889068238639524 -2.6071456597542579381 0.82693066510804869029 0.0088914201337073860143 0.5622335971392864451 -0.42103652507187266929 -0.65295577511392166592 0.62958478404486628577 0.37271157703991969479 -0.757343844230227492 -0.53620554076498094798
-3.5340389013057884604 -6.686747707262297169 5.2985065737823342502 -0.99499900022125475907 -0.0081582183919576330838 -0.099551157860791772425 -0.088329046064578128905 -0.39347742281470832193 0.91508114249850669442 -0.046636564840075583893 0.91929808071585861207 0.3907890346621440969
3.1981302945879064303 0.5401249932548407573 -3.3068446090427703332 0.97429632454857262314 0.0042014751044558160467 -0.22523103600128524526 0.2252526450992746454 -0.030658912071945338546 0.97381788697188753634 -0.0028138669202241841164 -0.99952107467403317198 -0.030817258726969384147
-2.0258751863740060983 -5.4175189419953513337 -6.1196507700099935789 0.97822379942806703124 -0.0022385124136299308813 -0.20754080874548924696 -0.19954299156714402907 0.2649675179604078501 -0.9433847618773262278 0.057103351469114896344 0.96425473993553600938 0.2587508526806013287
-4.6652750329256527095 5.0189489062229348804 -4.4667081682571296852 -0.99764582469987228563 0.012908304055558345036 0.067351200027337243537 0.0037738469282886421066 0.99097067762988666484 -0.13402564738531294597 -0.068473108137950836061 -0.13345595439732174659 -0.98868647290110567294
-5.0335146845714131558 6.274737490746845836 6.2227186732058470398 0.99659190869617308994 -0.0044168937689489130849 0.082371466969605566799 -0.081583344075871588874 0.094852226156349514485 0.99214273830051358249 -0.012195306092537987197 -0.99548156499382856044 0.094168616145100178527
3.6267054663819320304 -7.4192088907741400305 -7.4734691346301778125 0.98982732081274160674 0.0097609419147976113351 -0.14193871559774426383 -0.0072335358072932801066 0.99980616525863297284 0.018311413669521041381 0.14208993958873822328 -0.017098418751139564387 0.98970606401290084353
-1.1273390758421948377 4.5026084845499312337 -4.9305162632981911486 -0.9328635968499460196 -0.0038303317662839713592 -0.36020943662085214143 -0.043523616926359212642 0.99381654425549759146 0.1021487696149084301 0.35759083383356299324 0.1109684861694255481 -0.92726198597553999292
1.2220746363760837117 4.3612346714863159391 2.0251933975088958206 -0.97733846562285098258 -0.0094838805745538542341 -0.21147004426956225731 -0.0097741227775586109194 0.9999521785790844719 0.00032722893000514303736 0.21145682807139509762 0.0023867475968354862417 -0.97738442452189822074
6.361351462960873171 -3.1586622911241093448 3.6279022067660058326 -0.47348305864404988119 0.010356189779965611214 0.88074204084419271954 -0.88037434446429119195 -0.036753899964979554194 -0.47285321659715945364 0.027473747214996506461 -0.99927068413440611749 0.026519672761236404851
6.1862218127363250986 6.4196047365838362353 -2.8457371932501533962 0.99523010386133925476 -0.00057522920057584327885 -0.097553623609999029487 0.045859581939804647255 0.88536284923466324059 0.46263324992846294181 0.086104233997972096093 -0.46490030577153940161 0.8811661401695639606
4.8686588802110835061 -5.7507864582205705517 -5.7497790612180761372 0.71494540329497890951 0.003508811451080981296 0.69917148007455354186 -0.027665320453759051356 -0.99906232062685562667 0.033303296349513955565 0.69863273638702039214 -0.043152841688038387491 -0.71417794134428114194
-4.73544271288870533 1.4029659984959899077 -4.1300851648150453954 -0.99641238905514040169 0.002010327536593319378 -0.084606793584900891192 0.049737308508724695222 -0.79494164191352378879 -0.6046436852346652735 -0.068472995259657054579 -0.60668257312619811028 0.79198971229749448586
7.3487572915221077707 -4.0081428980206483814 -1.2292659967270052057 0.7623837024749958724 -0.002600499676039463165 -0.64712002565368831331 -0.23656398987124366284 -0.93189968536567568957 -0.2749553693083514605 -0.6023359269516802561 0.36270678766297198559 -0.71108031704336904788
3.3483199561662733146 -0.59659604633318963351 1.0440376163869846682 0.76350904132191788065 0.013274356487051875569 -0.6456606967128227792 -0.096442547555415369942 -0.98623347242227377141 -0.13432190028070048471 -0.63855522771389960912 0.1648251477592035108 -0.75171796029191895183
2.9067943662653350501 -3.6654775777486352517 1.7734209073946320956 -0.96999270758254496627 0.010309783375589321244 0.24291532599538373516 0.24276715161501274953 0.095933189495645332379 0.96532944285870125878 -0.013351304558133063674 0.99533438176317146073 -0.095557370969764993118
-4.9681169514966940781 1.9119192612924253982 -2.6563260846829428452 -0.94125966017889828308 -0.008305637922972357659 0.33758149904673290242 0.30383401277147559227 -0.45708495237862861726 0.83591760299217410246 0.14736059447184760018 0.88938426042274210115 0.43275916224753308015
-4.2018815810668685984 1.7151938021928494482 0.98649038382132603342 0.97108099277921278158 -0.0083690176280495718469 0.23860357291286402037 -0.19233754537283931363 0.56467154389879337106 0.80259100178791176194 -0.14144954613857796399 -0.82527329234309032557 0.54673212713569163679
6.7842019441932936985 1.1671576427223517847 2.4053142162669587378 -0.95836799642513514907 -0.0087563558316766931799 0.28540166373140379852 0.23277018178445169072 -0.60285950458867842983 0.76313724859895870622 0.1653748043087086006 0.79779931308548668323 0.57979947407710741292
-5.0417044668082775516 0.16049663908016187364 -2.3967606716150862134 -0.94093833483882050039 -0.008333547591216888123 0.33847540828701688786 0.064781572361122613524 -0.98565881452089365578 0.15582056744762984302 0.33232273156221842081 0.16854451442223644664 0.9279840239709027383
7.0392106145146051688 -6.8904518269076966419 -7.0237477202738354265 -0.92288874702670398165 -0.00014460289735443855423 0.38506666916475840168 -0.36759811375704404268 0.29810956109801550751 -0.8809099365680527205 -0.11466467360906754114 -0.95453164885821384367 -0.275175115070744436
-1.7537564839180606047 0.25844508133473625966 -5.2318252856804381423 -0.56958216036818820616 -0.0016927175319312031277 0.82193265983150387566 0.23872093903501906409 0.95655111161187256208 0.16739857866912452589 -0.78650395794082927914 0.29155978045946329136 -0.5444303615357279913
-4.8304118025843054696 -2.0275688783821039785 1.66209039697272698 -0.99942430259440695473 0.003955472432309090243 0.03369595853154798426 0.029213198269770940946 0.60537812247052291692 0.79540173364227095831 -0.017252606480743039319 0.79592818964534639559 -0.60514515985636430084
-7.3386221589167925927 -1.0417899006104200943 -4.0869087644137653825 -0.8624158733679052613 0.014762454751170526329 0.50598510975399069167 0.50445735168090910516 -0.057816087559751719316 0.86149874077357513347 0.041971915588331916436 0.99821809738603750617 0.042414482819411722381
-0.30871498443758799146 -2.5543210601278127925 6.0328423118320113616 -0.77252526939978871656 -0.0085334980830970019738 0.63492667887650788838 -0.29289510395759382755 -0.882394153368217804 -0.36822956994137590048 0.56339787558740106466 -0.47043356333499336541 0.67917236123946100879
-6.1691346757819305324 3.6547425604474126359 4.8884172654037589822 0.96318396172587961157 0.0011715253887626341477 -0.26884062825813187514 0.17444448646805832404 -0.7636148443666760377 0.6216602694427082465 -0.20456240371792966393 -0.64567096650774269406 -0.73570593717471555184
6.8258920249313259632 -7.1096058641577011272 -5.2844653466850228796 -0.65963329554504324115 -0.013626944227584860889 -0.75146405223372103599 0.30533102489166474847 -0.9184712352054573703 -0.25136339299682147752 -0.68677280133027152065 -0.39525295253956671537 0.61001493658895111771
-5.3596826216714319457 2.1457955991628376857 3.2159312727877518157 0.93182293642289926172 -0.0068383123891545809919 -0.36284880134824570863 0.28674174592815504514 -0.59898202225941077348 0.74766283052733206738 -0.22245266080289802235 -0.80073327300284413699 -0.55618435721273717931
-6.8102717370222078941 -0.5299334084476094997 -0.51870668371162143018 0.9913319052206212012 -0.01293780520046701292 -0.13074275080546857164 -0.072685843807061181754 -0.88297932409637713835 -0.4637502359333478541 -0.10944323552251160325 0.46923355209827993795 -0.87626597091494773384
-1.8984357063475838512 3.2390122904270057802 -5.5770277950941737899 0.99726388753584505054 -0.009237337080418975277 0.073344462779996566493 -0.072937427425851852902 0.038590141886154394335 0.99658965107488928226 -0.01203620776310528398 -0.99921242614012784067 0.037810807315056677025
-7.203908170695031643 0.011979865500577634163 -7.3385844359994223396 -0.8811111834598219783 -0.0041726389696385805805 0.47289076060539880775 -0.47263472064036543552 0.041832350220696971899 -0.88026500289410636313 -0.016109103859101123191 -0.9991159309905205399 -0.038831085663658282403
-0.44214486720155560251 -1.1348464209559030458 0.46457125408809546441 0.8895835248018232333 0.0049972350066294227502 -0.45674520254022504817 0.28714801884160623402 0.77152723727737670956 0.56770743998530637242 0.35522833174812573631 -0.63617666554313534455 0.68490297308589809244
-6.7956463755987188691 -0.96141974013235931285 -6.9829313937448622696 -0.9162970657292420773 0.0068859474586413184014 0.40044009672323155336 0.2015664026590018032 0.87192006207744077173 0.44623580164075576926 -0.34607899770886635382 0.48959982544366753565 -0.80032577009005290147
0.14146925437118612612 4.5484860846369601362 2.7834537842366149363 -0.95453612077797256319 0.012953813906628775313 -0.29781368812635311549 0.12645239325767684835 0.92230822630210962387 -0.36518122615330966818 0.26994552481858913318 -0.38623792460184558362 -0.88201455726629041099
6.0916677705887911642 1.1082499782214527695 -2.5646972061896837758 0.92399430394837145375 -6.7858076475491371782e-05 -0.3824062259774423933 -0.052947949020875989534 0.99034531537279701929 -0.12811194719414487064 0.37872290789643525688 0.13862233483336031115 0.91506983740037806108
-5.4573843364331109385 -5.2392435026317372149 3.4092455156897472079 0.99994840720541533496 0.0090093425611663374014 0.0046919797582289854421 0.0026117969038263687785 0.21833968492687741425 -0.97586933577343693003 -0.0098163865230191400119 0.9758312424454265166 0.21830488959934096771
1.9317328060789573652 4.9848944179847700653 -3.2694070120923242051 -0.86339778639145059458 -0.0048136828003526701061 -0.50450083341098206358 0.15992217922239157502 -0.95100138938848211012 -0.26461529429342534048 -0.47850721943058005525 -0.30914913203681204656 0.82186230909660051847
-6.4362219720526372413 5.0051278033846848814 -3.5666680636392142922 0.998526907186640722 -0.0042505054038618431816 -0.054092040339741187527 0.053583339064284231379 -0.079564627055769332475 0.99538851505137293518 -0.0085347172784376590382 -0.99682064752145149722 -0.079219664703101960734
-4.802984784287085418 -5.0296110520408188194 4.4378909136297481908 0.99490166733667895205 0.00051196004022514450191 -0.10084845178529575072 0.020638928519756415819 -0.9798561491318834582 0.19863524772307267208 -0.098715282302844639672 -0.19970394313925460272 -0.97487108282809142867
-6.2772113834794955878 -0.64989645546436647372 -5.9465522836486917058 -0.99410114929340109846 0.0010578190142257878556 -0.10845176804643522073 0.049025877033867640287 -0.88757706411513892508 -0.45804303142595115261 -0.096743828508735349447 -0.46065804701068591154 0.88228951901835117599
4.2159113324154233737 -5.3215653519638115299 -2.4160020721296047164 0.89855769925075579252 0.0073685351408272871734 0.43879353437242801794 0.43795816497810441392 -0.078959626333349672289 -0.89552109028116388956 0.028048294888497540822 0.99685058163161943678 -0.074176890300629017005
1.4713935719057673612 -6.9608812747847412794 -6.3855020759252392182 -0.99238683351801970645 0.0022947491830695877085 0.12313856741972803444 0.11373694302833037284 0.4006323319832150176 0.90915215578045582845 -0.047247015255661335698 0.91623603328833069792 -0.39784324909885926402
-5.572625630473870828 -7.1539404092265170831 -1.7090594291269203264 0.87243673608254013185 -0.0053166538220019692734 -0.4886981427484260454 0.29849789754366296002 -0.7859675544868284236 0.54143698475078239074 -0.38697951715256129201 -0.6182448839142392627 -0.68411995791535273881
-0.45271245743911453507 -4.0568908360954534231 4.9426383005527458891 0.99960475521692637724 0.0010042893495058324849 0.028094923931056538235 -0.0078373885060847268968 -0.94978599228481563888 0.31280208471348858179 0.026998309006232980994 -0.31289864215531482117 -0.94940272332044117753
-6.0151767116609153874 0.37193506720904573326 -6.5308262947810016286 -0.98850808766292752594 -0.0033936791414381586342 0.15112988972044225089 -0.14961841249190774294 -0.12081535700455223181 -0.98133479514123023169 0.021589147005731338519 -0.99266919588229796112 0.11891920062724181673
0.60639799838152175226 -1.0500428394167109492 6.9431759825697012545 0.80868874569409565645 -0.0024499855287527655401 -0.58823168068258868679 0.31800804286792616615 0.84308542822618204315 0.43367942697821981746 0.4948670500842615172 -0.53777407736308013853 0.68257281256813207015
-3.4197559600661011636 -4.5534254126675577368 6.2683668900293172399 0.95741102967546265479 -0.0022325303577632057105 -0.28871982277641333736 -0.26654476051720199514 -0.39122032868135803163 -0.8808521698146372092 -0.11098653475361069942 0.92029433891263634493 -0.37515372698247145822
6.6966015530733153938 -2.4035723731863072317 4.5710973161918451169 0.9690129838237825366 -0.0083708605098513893389 -0.24686791179772130111 -0.20089085968231867874 0.55481543845463265896 -0.80735536893520098989 0.1437243878996993518 0.8319313420869876019 0.53594173412425771819
-4.1173324927803749418 0.59227419341345710624 0.86610041566800544111 -0.98443554520302289923 0.0030304258884763122725 0.17571987326338084356 0.099389317632863127816 -0.81500660613546438427 0.57086425312503907836 0.14494281935045805199 0.57944374056027037057 0.80202028069385711273
5.4859262851953234374 6.4893867333350012672 0.83002543577315879286 -0.99570582369627580466 0.00096173925259932045023 -0.092568826906547760358 -0.038933099483976441046 0.90286408382645033655 0.4281596196522935438 0.083988847008447692355 0.4299250181063793419 -0.89894958278225156612
-1.5561562590066881917 -0.6966003263230680087 -0.026283549349424090158 0.54361676104805112253 0.00091625730169384717039 -0.83933305521714707265 -0.8336180876403950224 0.11709122448946744643 -0.53978748513307750478 0.09778395096531235231 0.99312074070577704976 0.064416560863730029651
-6.8175995705941820901 6.7422945191448597768 4.7346583334398548715 0.98035699267789488953 -0.010319355015620793395 -0.19696110737869096385 0.0011052939941287552583 0.99890208275363312485 -0.046833827472019362581 0.1972281552744248323 0.04569617032699194864 0.97929204774905798114
3.9623270021323926393 1.4022069812180819603 4.933927432969758442 -0.79533021775369117101 -0.011965651027254222208 0.60605830406266614219 0.17510309803067117262 -0.96171835256210302934 0.21080017885483109952 0.58033503236313044304 0.27377843877972463105 0.76697888932578717203
-1.1189254607003789044 4.0822840563038802486 -0.059014691840865732275 -0.49260214715213590519 -0.0065017476768563049402 -0.87023034416073030695 0.63879090365979729338 0.67639928118013781244 -0.36664723348248245971 0.59100702705005736526 -0.73650644239960993964 -0.32904248096765548182
7.2605771044513982559 3.9863037808671504258 1.0162170157518315428 0.99764578126977643269 0.0018711477493920216156 0.068552125573690281257 0.0069152879265223787808 -0.99727728710703933412 -0.073417922970840016061 0.068228102036168414291 0.073719138807780068556 -0.99494241776402758681
-1.840647003683626215 -2.5876207783418352371 5.0855788572705709072 0.97731241797380441483 0.014975682919705713206 0.21127273036392571481 -0.21144661016353671901 0.011157760461335163721 0.97732585938976035411 0.012278791662030203932 -0.99982560144382071066 0.014071175243868774135
1.198488762610479208 4.0905250672091932884 5.9561471399225798251 -0.84315966538606457181 0.0025082878279932552257 -0.53765740686625740352 -0.41973326508829383874 -0.62801740934395855476 0.655300022691346018 -0.33601453070418496605 0.77819524674285955879 0.53057176055890697963
6.650572728893660468 -4.5913453017981300519 3.5268663917661813301 0.81360568551220513456 0.001692427228438615934 -0.58141458890564123863 -0.48875121138614302518 -0.53963111994793233617 -0.68550748190829946527 -0.31490957729288393541 0.84189986938696204088 -0.4382197714109558051
0.58563872215025780665 6.4942815605549206737 -3.8201551492267484811 0.9730384379054880517 -0.0044811264861426176875 -0.23059947498629851381 -0.12440377443261529944 -0.85210173523713261812 -0.50837617343121999092 -0.19421611484496908995 0.52335700273444096808 -0.82968521044033283207
3.7360591693936981983 -2.7744534937251068563 7.0407799589503046178 0.71822518966721604627 -0.0042241306555980580317 -0.69579791150003256206 -0.17732052757854929737 -0.96807652439886238138 -0.17715889310805429946 -0.67283728153753596946 0.2506192323590160087 -0.69604597042509730453
-0.54853463337056573845 5.5122430314600920909 -5.271379735716896775 0.92248231027658389447 -0.00061809517711214096315 0.38603886486339006323 -0.35832297826564696308 -0.37344409828299490739 0.85565422263002643977 0.1436350600428319968 -0.92765247987381316275 -0.3447170522479597321
1.4059501877719531304 -3.2988675211896816286 5.0369575023335748654 0.95200214359490231697 0.0011311254748787651862 -0.30608926662932361973 0.29844670128358513628 -0.2255241111954160993 0.92739875014074379944 -0.067981505451380860872 -0.97423693002509281769 -0.21503701795709753708
0.41887240792530888722 7.1962909626781375039 -2.8557300882165828071 -0.97620085624359331788 -0.0095376240558518576157 0.21665853778799151752 0.13940579073221523454 0.73768466075512606483 0.66059622069529022603 -0.16612619835350225794 0.67507805105324514283 -0.71879879744371510952
3.0122778613299208139 1.900678482167807104 2.4123015858195504535 -0.83370085516311309703 0.013655886847478740723 0.55204746250189229428 0.48782654735477148922 -0.45026825281583804372 0.74785276639328879256 0.25878203916853537159 0.89278889848647191574 0.36872732329350205172
-0.59281657149103428317 5.9686261055458764702 -2.7588156722073828853 -0.99786284020894311375 0.0060083830771657667849 -0.065066515682156669809 0.036499959929540456982 -0.77467895049363899584 -0.63130046458670152631 -0.054198755108926077728 -0.63232619983274906961 0.77280403204801595418
-6.4835436647601341065 7.2804286868057266346 -2.7694629890935917871 -0.96929243996945224637 0.010878268661906092402 -0.24567016320462498058 -0.11523866787060224604 -0.90262885453644625677 0.41470616149929107053 -0.21723769296664593997 0.43028224949330690086 0.87616492198988293882
-6.3167739643608289413 -7.343997059861333554 3.3342612788334213825 -0.75507819787306196258 0.0010387348340616048628 -0.65563391929242975653 0.56220159675504499663 0.51552232925255836449 -0.64665763170943446614 0.3373222194027622467 -0.85687551550505314246 -0.38984364971765828045
-2.2545823349059763707 -2.546864607406844172 -5.210703409980150802 0.81615826270873459425 0.010500963429151759579 -0.57773300059741228285 0.2193159684756380845 -0.93064717382772355059 0.2929101292511278043 -0.53458974567771455622 -0.36576709476577229374 -0.7618584095504485898
-4.0337587299230515114 -3.4388908972386791341 3.7482397388428054796 0.8858190128990314216 -0.0030171675838327380835 -0.46402109120840828727 -0.362975479550698088 0.61848046688923441483 -0.69694383799650005962 0.28909077749285561065 0.78579438072317253638 0.54676659882658062983
-3.5907135701658727811 3.9743374150352974716 -5.6768977271549143637 0.82105396926842810768 0.0061723391102022932483 0.57081720522276757634 -0.13806659434838125522 -0.9681069765817958972 0.20906098971035197431 0.55390251405239920857 -0.25046114294144850021 -0.79401588195888195276
7.3052083214732386196 -4.8221940242681009536 1.3515822959688594818 -0.97935653176413217658 0.0018964795750519881923 0.2021316082557380045 0.19746224177281371248 -0.20491119367756416292 0.95865534253961148803 0.043237099404280193715 0.97877873192605147068 0.20030663285132552232
6.9232580801492842326 -2.0171355579132774771 -4.5015350286877673369 -0.43388920836301364536 0.022920705892191001185 0.90067463387590407375 0.18202163924951697549 -0.97683244417869885545 0.11254554120355195201 0.88238782726819964264 0.21277456906615627164 0.41966499144874785943
5.4840153781652665188 2.0672087765126132552 6.6452243742794436798 0.94498851866071997829 0.0044323262398901878967 0.32707346893857974779 -0.32706436941369626537 -0.0026626797617435001356 0.94499831131937084283 0.0050594327182548184604 -0.99998663222094497094 -0.0010665458170514446369
3.7287736231479189364 -5.8606320150750752518 7.3321666959750677606 0.73593828499684255107 0.016721352667914805151 0.67684210643313336142 -0.66904434387000377704 -0.13530528813948106137 0.73080239800990343113 0.1038003208634963731 -0.99066284646526148183 -0.08838901528010616182
5.5654480974344693323 -3.0029270514857011598 5.5119000790219514485 0.9251274302950998063 0.00084476573889306211251 0.37965579685604328164 -0.33579324340027688622 -0.46478399305028877952 0.819279401358922299 0.17715003641632684483 -0.88542369867490511304 -0.42970075450563022246
-2.9626386951109604517 6.2628758566633431215 5.4608644718476382351 -0.99882048595166461613 -0.0084113525089131689627 0.04782139680371899626 -0.025720667117023157666 0.92700660074512142295 -0.37416200964033846654 -0.041183541935347629803 -0.37495067852183522339 -0.92612952903459233589
0.17041445635555521609 -0.71582314659930978973 -1.0194936589355525491 -0.7239291114089644319 -0.0043658492758881870671 0.68986055186144423779 0.08724156596223875404 -0.99253119297064129611 0.085268635198968767419 0.68433584651318035696 0.12191296215070042408 0.71890310810050450652
1.3729335407407388114 -3.8625409686052911695 0.64989482195380610108 0.92457398706070492711 0.0095334909464459896555 0.38088325639352532681 -0.3090462858720787187 0.60343491199708731987 0.73508958649385491846 -0.2228302843853445514 -0.79735526557069891229 0.56086651248526064872
2.8138365071636770587 0.3112305200152960527 -5.3207057758682205773 -0.8836568657902751367 0.0011718267439998881173 0.46813370992042346863 -0.23763617542007872685 0.86045377182805549143 -0.45071981837789865111 -0.40333558195803947966 -0.50952716646810825019 -0.76006741474523764612
7.1568621256088897908 -3.954341951387877252 -5.7805568966232918626 -0.60063703049499295172 -0.0018247448132244666053 0.79951974828920624461 -0.71012856210197117246 0.46068965801080036249 -0.53243071313438472547 -0.36735892923008256483 -0.88755941170623298131 -0.27800307157783654688
-6.2946351618184301913 -7.2235890882567890259 4.7661346198881071601 -0.97271098583914339386 0.0029917755885493276663 -0.23200083471131055513 0.22731059361882283154 -0.18815449165184272573 -0.9554725434568024367 -0.046510558548936820067 -0.98213488714640584387 0.18233987877971843949
0.60328103809035715788 -6.5849731647005995683 3.171863185343106295 0.84410995771066510418 -0.0012106830347448065827 0.53616873607124471146 -0.5057883334097930117 0.33004144674769531065 0.79702622617778229319 -0.17792285148414413443 -0.94396566551712068893 0.27797892230260473623
-5.0409005065339131946 3.0545863242563999762 -5.9029597701993079539 0.92321088707738196977 0.0050941518552331584851 -0.3842599479502165627 0.074144328041350557323 -0.98348616333382310462 0.16509871335188430752 -0.37707330401546995668 -0.18091162524296053316 -0.90834283574599949951
5.3081969002025326532 -4.5667019795251277969 -5.1584501783325125146 0.74997293999430691969 0.010909460657749069784 0.6613785398277673977 -0.31421498081299653604 -0.87397620438888068417 0.37072164759383047228 0.58207347913228557612 -0.48584624916754026724 -0.65203058751925679903
-3.4472212910342450165 -7.1143599581017200606 7.2464295518901353788 0.99249241403582788568 0.00908117488282878145 -0.12196860392727215672 -0.077988947393013263731 0.81518719930590410883 -0.57392295142488713999 0.094215349947547336051 0.57912637856559323613 0.80977534260059125248
0.21789420116328800381 3.3846028427516827719 -7.0589220158069707622 0.88339892969016353685 -0.0023318368425248531609 -0.46861593395788669891 -0.39875549805530918768 0.52156261208746323987 -0.7542986772115234384 0.24617145202675047577 0.85320982425737679211 0.45981802052297310324
-1.5707024235696993575 -3.4828591786436695621 -6.423223449995636436 -0.010920594758968206472 -0.0071337040361137043012 -0.99991492181918373294 0.82105251605244022883 -0.57083168118683047521 -0.0048946539638728657484 -0.57074819885317817914 -0.82103611493050743242 0.012090967113455683424
-3.9396027891204825622 0.055512572289295659955 3.7935442406873485233 -0.68717444000475824684 0.0006444048956818840268 0.72649217046466951775 0.72467202997856972058 0.071355908023041453303 0.68538951214393539768 -0.05139784013802872753 0.99745071012672037458 -0.049500938340694203288
2.1413187405285616371 2.0594526613149901628 -2.9297198021277188751 0.97534028222616908632 -0.010120041066724221393 -0.22047430379938628975 -0.16393387592864389068 -0.70206195543522331715 -0.69298967889390883368 -0.14777353683947619389 0.71204395615674453968 -0.68640832331108625475
-0.71681908756357359813 3.3403425104192701056 -0.98830203237686564677 -0.26732989959312963846 -0.0051819767007460632025 -0.96359113315825151158 -0.75835685216060533254 -0.61581311357502510617 0.21370328478997455135 -0.59449946136600329005 0.7878752161773425744 0.16069547028141631384
2.1345798595030243128 5.8952911373484724322 -4.9184475150712030356 -0.98826383235046300069 -0.0067403446606302654456 -0.15260788125649721314 0.11196586110583967022 -0.71156221187078882995 -0.69364462412994842833 -0.10391459769713159988 -0.70259076736849856992 0.70396588695338746522
-2.2525673985735812366 -0.80456894896509545401 5.2248674270374779738 -0.70200842070664615235 -0.00028535844598824924856 0.71216858666152904611 0.026320576564135746839 0.99930633074359886958 0.026345485098458312767 -0.71168209511431390624 0.037239440198418329031 -0.70151394824864587996
4.1154232296106432187 1.4676162927711178252 -2.7251323248100938201 0.95152260905671881552 -0.015549894624127863843 -0.30718548994229333271 -0.10732356472192035313 0.91916500112335408623 -0.37896880236432023414 0.28824707615045513931 0.39356562538820660802 0.87293740990040769034
-3.1635254978146853944 4.61748759307918899 1.456003448591362659 0.59945339640980943585 0.0011655655948194943577 -0.80040881241371308885 -0.59597717146866036053 -0.6668712021912157617 -0.44731869039442434532 -0.53429096625425787082 0.74517208827542147365 -0.39906355663508880083
3.8017838576208351498 4.3992245874043005571 -3.3673331371102417364 -0.97158779871030487296 0.0051668643285810306187 -0.23662301855564835118 -0.23666931253962100734 -0.01196850723365894438 0.97151654197784065303 0.0021876698561532591236 0.99991502556350020381 0.012851293825544953323
-0.68570026537294936908 6.4740514553449735047 -6.0484782945342656646 0.94829986335065807879 0.00097405174922789508618 0.317374259183510532 -0.31556671463114144283 -0.10372413007254849271 0.94321734158020009708 0.033838111442718803168 -0.99460562840960309305 -0.098054200063550894795
-3.1133689478876349632 6.0097398142412430389 -6.442282495217185101 0.83156260421168648467 0.015374532680676070845 0.55521820847444114388 -0.54838870789364368985 0.18140187692882661641 0.8163107154149602529 -0.08816722935062289157 -0.9832888603008222983 0.15927823729910484118
-2.6672081565547522963 -6.2147104637428123297 6.5053021773207415634 0.94732993160408107691 -0.015560237770190270268 -0.31988103990018124101 0.2876193124578599325 -0.39797082851672577197 0.87114542457099242156 -0.14085855241458367093 -0.91726610024038746083 -0.37253425286994701349
2.7650321231549437329 5.7688825675757096079 -3.8403869576182008139 0.97435507159664913601 -0.0015463920010189528831 -0.22501067335945468262 -0.01772052843051612897 0.99634333716365752753 -0.083581920065227438554 0.22431713560496685522 0.085425775743695323006 0.97076478073342775676
5.6267776803599911517 -0.26659006197784129721 -0.59229372753344111668 0.55712092493467324505 0.006837850068199154141 -0.83040322663523657987 -0.205995346408837543 -0.96757434093205252346 -0.14617048959271297659 -0.80447634661172806592 0.25249383868983737989 -0.53764734646962430986
-5.155454422152524252 -2.5527531949860775562 -2.1190541939551841288 0.70963101732319056048 -0.0045049034298130837678 -0.7045590997907380526 -0.56759708994927704495 -0.59611699682583796367 -0.56787152559045728228 -0.41744144827020707167 0.80288494315219893771 -0.42558008097843280648
1.8877880437018348392 -4.6744386291909307829 0.1643018234550256973 0.8747966185494763236 0.00033106065326769687322 0.48449021308303219513 0.33698024943694093736 0.7180757415687087919 -0.60894297012125986335 -0.34810226609983080381 0.6959648840059450281 0.62805866968514434401
3.5813403709877635883 3.2122295562273168734 0.43746345895396210324 0.89153829539681372918 0.0053251729929264801644 -0.45291402095058858057 0.35819740969041546919 0.60371976532004567595 0.71219173026161786133 0.27722569060621038428 -0.79717883031005742911 0.53633182729854655957
-6.2530891634210261643 5.9593476235611726466 -2.2680151449094951843 0.96922722126350135952 6.1338972138964137359e-05 0.24616780821112715927 -0.012995888696322696262 -0.99859270684567214005 0.051417046896827786617 0.24582453180863017561 -0.053033970925566678578 -0.96786243727554888139
4.6244144766584627249 -2.8893045924344802344 2.7696037283189034461 0.83291451935951443808 0.0018053227209020041542 -0.55339872086047048327 0.019320260992019892138 0.99929021773855242206 0.032338649437275705789 0.55306430996337030415 -0.037627138372446737591 0.83228845210212831773
0.75775549681107534639 -2.2004578095333147125 4.4890080959408455996 0.99972155038767096524 -0.0012823360005999075162 0.023562200766678011166 0.019917243900059021511 -0.48960714264175980714 -0.87171563555423625669 0.012654054133494262169 0.87194220077287842852 -0.4894452711237519682
-0.6097318868265444447 -0.83552150752836751302 -4.8412135701682537103 0.95845471556152839199 -0.01387898526173328255 0.284906883009046763 0.28518116630139411782 0.02553901211997324644 -0.95813332122780348055 0.0060216779058569428612 0.99957747705112021119 0.028436011801204589405
-6.7081169779187730384 2.8995138056488110045 6.5696402822253130438 -0.55296006957533427872 -0.0057903817105772539819 0.83318763369055826029 0.78465239367698935702 -0.33999508153090013396 0.51838592345061229594 0.28027804507697712255 0.94040938745550128885 0.19254714080807597276
-3.7139741342824055259 5.0664486503665262518 -5.8964957174757559599 0.99935956604000386605 -0.011518723855181487933 0.03387885424791789446 -0.034565799211228223631 -0.55563162353990414033 0.83070975945110847594 0.0092554464665560443049 -0.83134879438366215965 -0.55567393207491078133
-1.34265478835690244 -4.5536855752807534614 -7.3084557388914319631 0.83964016986445533242 -0.014862764257717051355 -0.54293966827689443821 0.071496516275187188549 0.9939515364120888874 0.083358211501435741653 0.53841678401642401042 -0.10880919769409209963 0.8356242727367300116
