1125 14.717824617146108679 14.977075390850430381 15.033177056927090831
-5.9313811708673664924 4.3409952775506566169 6.7786299390596322922 0.99806027155894161407 0.0048375012402029730907 0.062066842334769715961 0.035573819164884515343 0.77386036473549024706 -0.63235641791755869967 -0.051090094203082553337 0.6333377728142375318 0.77218719738219587789
4.5989893108886192863 -4.7474699341789667884 -4.3390212773972685056 -0.71800591264781121748 -0.0020743903315907346457 0.69603391175107631739 -0.67247226125930947838 0.260068159720253822 -0.69292540012360903656 -0.17957886078148843634 -0.96558803286116412501 -0.1881254463276734179
1.2449038972735460007 4.2835515916947830561 -4.0755030139560650682 0.90595395064874506552 -0.00096451210341400896164 -0.42337513982313845773 -0.15295680744746054103 -0.93320111144913475698 -0.32517672217674120638 -0.39478051415859949369 0.35935324585501415839 -0.84558476235930157827
0.84312634018400745006 5.1439151901343880269 7.0640715471461179575 -0.89400226916336189564 -0.00056711735076912968279 0.44806207282992710494 0.097527663267119035773 0.97577638123851240248 0.19582851864480727011 -0.43731944574692604988 0.21876958699719417645 -0.87229098939326221718
3.7686018056665426812 -1.3790209542294071809 6.2800385378376333279 0.80885056823153522743 -0.0075143332179851756933 -0.58796623463245600849 -0.43257415709931351655 0.66969979128947976221 -0.60364044609072275982 0.39829682007433703239 0.74259391617702619204 0.53843655037106086247
-4.1829698838331026423 -3.5621599649608510774 1.6128842874874405044 -0.98053964292039297312 -0.0041558838879451817649 0.19627719503445745231 0.0859682073685929804 0.88973498081573543228 0.44830919155714737956 -0.17649780730460104539 0.45645853321186180551 -0.87206314649496918801
2.2129010146998155939 0.91599275332864726895 -2.9890892832885302965 0.92342155244033119477 0.013692005599419394477 -0.38354291216409480691 -0.38199925396858569471 0.12914401660887989132 -0.91509474533595436263 0.037002789841639432966 0.99153131667986471598 0.12448470422971565086
-4.510250219481097389 -7.1954225197743397757 4.9320960217725815511 -0.99064137233247195891 -0.020624431197130674992 0.13492332734238943193 -0.049559626869230787027 -0.86669907512120492044 -0.49636333120883713299 0.12717513439322475355 -0.49840480136318876525 0.85756582206265352664
-7.1079642620802543362 1.4820116625420658441 2.1728594488734924717 0.95086453999761955114 -0.0094186939122926534307 -0.30946391515042553921 0.29553704776307115898 -0.27028547491792875856 0.91629886797266579812 -0.092273939845994579212 -0.96273415346776969326 -0.25422130078321703017
3.2024033858593456969 -6.7798650049335806855 -3.8063290421923401396 0.055634986001904217223 -0.0068386809902102321454 0.99842775440930986441 0.14562695000435241233 -0.98922751080545134883 -0.014890376026165790327 0.98777403274488950746 0.14622641453612691964 -0.054039762461640099278
0.075718320815279960279 -3.578066389033848882 -1.8701821702616314713 -0.8781940756935990855 -0.011733695959570676973 -0.47816052304199030409 -0.4734897581701150715 -0.12016174830617246116 0.87256438338503905516 -0.067695009599521627219 0.99268498257157800069 0.09996955062513521173
3.0648916761460949232 -5.1215059838138099479 1.657695656430099751 0.99708789947955012156 -0.0007063966380394977318 -0.076257601032339097924 -0.066313036490704135861 0.48578347062173976578 -0.87156009595544225999 0.03766034921239774097 0.87407889842639530098 0.48432197701811507962
-2.376039128757701846 6.5482976579544986961 1.3992058742841306795 -0.89365505965684999268 -0.0052698588803830603844 0.44872359302490177901 0.12486530127267700396 0.95752280569297354429 0.25992062849281583059 -0.43103281880599991771 0.28830939139298511487 -0.85503707752749280591
5.43715535121317739 -5.6652346139592406615 -6.971070817917286 0.99984300605751863511 -0.0057418688492180732647 0.016762881018597224764 -0.010940827413719132061 -0.94421301172091431919 0.32915359149270423389 0.013937773618055163127 -0.32928531616079526056 -0.94412759679381919042
5.5294031876001108472 -2.6098457615456340797 -7.2091369751346077166 0.37919348850286610508 0.0059812090656709265141 -0.92529807273936925949 0.63263160084987213327 0.72808015982199081328 0.26396313848658192747 0.67526998739989407827 -0.68546590433925969066 0.27229935384642944829
2.0024786534287195572 1.3004019685244281312 -5.8765381460611161302 0.91408680974241562911 -0.0098278598902800003156 -0.40539945414981259919 -0.17900703435132828134 -0.90681239366679011749 -0.38163826373277359716 -0.36387056202410233974 0.42141985698613992906 -0.83066450401463698405
5.6426572467327344995 -4.2283979232425856765 5.8548021655097652882 -0.91960908501468685561 -0.0028779285159444409001 0.39282419513812494305 -0.049246842895219411496 -0.99123976579240680174 -0.12254988852173424874 0.38973565300510099041 -0.13204334227554653802 0.91141136515709819665
5.0196240488390619916 -3.0740970003958807411 1.4979495333296750648 0.99788269887032376992 -0.005453108406061356328 0.064810361086114764984 0.0047850401449814087759 0.99993385620467212238 0.010458805218327385522 -0.064863107281493345702 -0.010126540598688893446 0.99784278846395246809
5.375134118198579003 -5.8705328794116624636 2.5853565542724910031 -0.70389626495418300411 0.010486078109201235967 0.7102253799670458223 0.6788167915875126246 -0.28446904244206655532 0.67696759697267472333 0.20913586885654802949 0.95862787673738691918 0.19311857057165063289
3.4184677649532249077 3.2680898858798816953 5.4770987983866019633 0.80625958383269935581 -0.014740353682677708944 -0.59137822537783280019 -0.49190801058480637664 -0.57199658389232055367 -0.65638892216261890411 -0.32859091983847005247 0.82012354556433442188 -0.46842862573817761751
5.5428734646158819288 3.8288772765174385881 3.0861417775543888986 0.98746319512956648445 -0.0035795651259065020683 0.15780882414504479594 -0.10255622660715878192 -0.77453611272092437456 0.62416026024982462772 0.11999441090578791269 -0.63251956238881201777 -0.76519301130290739987
2.5344807922743686213 -4.5912233511040048128 4.4887591460155373824 -0.98015623930269091257 -0.0069000112120910176566 -0.19810637647708659315 0.068185022150131655017 0.92667392196320952369 -0.36962987583230988431 0.18613046314352482691 -0.37580291669786486386 -0.90781474899408387547
-6.5566853196193175535 -2.7013320246443166539 5.8142104863366519396 -0.85361267668099882755 0.0022791765630802889378 0.52090325739404397254 -0.49921855600208875359 -0.28913343385571504962 -0.81681251873972249289 0.14874888756785592525 -0.95728609244101015019 0.24794577162423753203
6.9551189824546888474 4.4628899559451786772 -2.8898197168549191183 -0.69009587175383158009 -0.0016516022973854099787 0.72371607692401296319 -0.55589964099610045256 -0.63909887139238419351 -0.53153383873971193907 0.46340401047984519645 -0.76912281515688585287 0.44012136766621662298
5.6545199777057160162 -1.30442116670803121 1.3025707273729072444 0.91549196488023520946 -0.0037423519204075623296 -0.4023188499707175958 0.4022384598523627286 0.030559655577394942427 0.91502476953711853191 0.0088703807838836461197 -0.99952593875953921199 0.029482437003237396689
-3.793229605559615969 7.1834635975434784072 5.615823320611262659 0.99870684871240189562 0.013754512241683343465 -0.048943270506415018084 -0.021921606485178407597 -0.75210197668167022567 -0.65868206278945673482 -0.045870180989162262497 0.65890320234800558996 -0.75082787403741135801
-1.5098088590646743246 2.5403381197811061298 2.6679016867616232034 0.79781320647755893383 0.0023735965346504440954 -0.60290003616662235508 0.42227719083977249825 0.71154063740897166568 0.56159762767676213446 0.43032088221078684809 -0.70264093771655022902 0.56667420179342053999
-3.3260202701005607828 0.062033199838802607906 -5.3062792671720373505 -0.9273702917543598101 -0.005449808333384289355 -0.37410512100269621705 0.076661312200795889149 0.97591183270564341168 -0.20425263277780975057 0.36620675196260871198 -0.21809721312786087277 -0.90461385156483198333
-5.8105473978387163214 5.0759160542871812893 2.5879127333187783577 0.87644346973756581676 -0.00283372684868130921 -0.48149643233015160249 0.11925348205422792169 0.97010557361301119617 0.21136173509609068599 0.46650343125473553441 -0.24266673862946355755 0.85058062674302292727
3.4087056428375896999 -3.892683858816937903 3.2454141631640189836 -0.95054881424733639328 0.0065944620891765261261 0.31050517677267563954 0.25762914259577829323 0.57508954940291245883 0.77646586212968449203 -0.17344790750615249331 0.81806388701450605261 -0.54834961488495481685
6.1719056683875308522 4.5748508798369202921 3.8764139258035870128 -0.85006921107365873702 0.0051128006722223210204 0.5266461769099129997 0.28601140667722557698 0.84413889125103125366 0.4534611422469757569 -0.44224406342547972759 0.53610016932158821579 -0.7190388006346635219
-0.67786396696095307934 -2.2860736792695948161 -3.5822717752932788926 -0.95726335694749520311 -0.010748625687305481125 -0.28901787573029680267 0.28903758381558591894 -0.0002938229723650945366 -0.95731770526306980695 0.010204929586334239577 -0.99994218868589368476 0.003388022762899321489
-1.7527628941805679652 -6.8974748667853127415 0.60362985587697803869 0.8222733204634791182 -0.0010873221962307538097 -0.56909173617663788569 -0.55761208528242300897 -0.20138984639484389105 -0.80530173979449171107 -0.11373367487688607058 0.97951056528230062703 -0.16620380169991100239
0.4264737641820304237 3.9300085351798115241 -7.0216204761505540688 -0.97654067634251995322 -0.0055949639942606916795 0.21526031642293244617 0.083897699129167460641 0.91077955960609668917 0.40427932161394053434 -0.19831662444041786575 0.41285504742185091809 -0.88894388253079248408
-2.0127014595735044367 -5.2383162361600632551 -4.1463191165184154485 -0.81444674327721444662 0.00157218045076641319 -0.58023618519863362497 -0.5544497014340851182 0.29270267590114751322 0.77904471765101412917 0.17106148293766823554 0.95620221280278705489 -0.23751904615470956217
0.8997609056592362764 3.325588955157864568 -3.0506682301740264407 -0.98821442442696605379 -0.0047220584216879279635 0.15300311604196265014 -0.1218164660717735992 -0.58102416891422803413 -0.80471837541539781302 0.092698435521288508054 -0.8138726050811796453 0.57360124019222524794
5.7922154619088361827 -4.0792447772272133477 1.3367659209146920407 0.97490450706947351378 0.010322711252565092144 0.22238400061159599441 -0.22183007223793765883 -0.039215178770551840925 0.97429645837638156891 0.01877820935392221155 -0.99917746741322011061 -0.035941166746123513753
-0.71290320371190585291 5.6006469668698777298 6.9446916790975175005 0.67802840481664128358 -0.021189433149123394762 -0.73473021591914555728 0.10270252813602671893 0.99250994416688453903 0.06615286421854452148 0.72782530388567123758 -0.12031217167301322402 0.67512614256232816867
2.8284711131104618431 5.2672896709297702955 -3.7101756206130334093 -0.96587443994153443505 -0.0074638222563051482769 -0.25890318195217293384 -0.24538984084966233845 -0.29351448844336397448 0.92392265427455599891 -0.082887829477100646858 0.95592548686134293234 0.28166659598424775846
6.6215565300556900041 -6.1986974773412262252 -5.8891558953218190453 -0.6297772210152657868 0.003858238771363570619 0.77676622344435053424 -0.37485574177857466927 0.87433205239634836925 -0.30826390480879789502 -0.68034096212566430584 -0.48531286418756913736 -0.54918812724609433751
7.2855811037607294267 -5.0171851350861800256 -5.4159333891940226735 -0.98048820706885453369 -0.0059618528558299382913 0.19648748588540271287 -0.19619924970739754944 0.091689629769372588131 -0.97626782503923936751 -0.0121954997144241295 -0.99576978669928539745 -0.091070311756535154979
-4.8814068245306527771 -3.5609907291231466253 4.1935341335548690367 0.94768676619874736566 0.0041284795446481885317 -0.31917510684323346926 0.15105387252575250279 -0.88666896497222991158 0.43703646775767995836 -0.28119836551223414967 -0.46238631274272151694 -0.84090806692620412299
1.7128825779322498502 6.8720699513987204554 -5.7467714212376330707 0.98619739901383429714 0.010289213530767381613 -0.16525381164543501145 -0.050716540487248919222 -0.93132064492947264078 -0.36065175564386597884 -0.15761510936279343742 0.36405492499477631885 -0.91794416436279346883
-3.8291975547458361184 -4.3470664103925447108 6.379449301220695645 -0.95557172807849122265 -0.006123220798119626343 0.29469506046791082987 0.29471979696113004277 -0.0036117831555001361256 0.95557689188345740217 -0.0047868336431760982047 0.99997473027542371771 0.0052559522617813079354
2.5375425886631561845 -3.9400982105489208429 -4.7311939048672391195 -0.99247490211973110608 0.0082397216209208826165 0.1221706824489707105 -0.039502345517608186687 0.92284324269698003729 -0.38314476912396300268 -0.11590139499180295013 -0.3850875957442966846 -0.91557326863711097076
4.1013554076677101179 4.8264689817395192151 1.0048752930973126052 -0.97886580968380920709 -0.0060745993378682507091 0.20441337009862575735 -0.064340496425192530983 0.9579474853794035516 -0.27963711444501931913 -0.19411859043371648692 -0.28687926815691039417 -0.9380928836473751975
2.9707585766617747858 6.7234216655710969945 0.51219887620714832366 -0.98656589881980338852 -0.0016465251221911858005 -0.16335549039119906523 0.052565285275293388567 0.94357085758421643806 -0.32697236504286514291 0.15467584837284176214 -0.33116661316141865479 -0.93080828114990321609
3.5311072688790927643 -0.55072218184437138344 0.122422246648714525 -0.93711786059854240705 -0.0074446919983621098055 0.34893364972194662599 -0.3490080546317875787 0.025342964191805851526 -0.93677698091277261661 -0.0018689968960923322196 -0.9996510944959628997 -0.026347601856345676669
-4.2368752367372719547 6.4411797101344960836 4.4699199593245229067 -0.45216379758357738705 -0.0012855508904096963826 0.89193399280082907854 0.66516318839176569178 0.66573577026792152278 0.33816241215463299641 -0.59422708871539187125 0.74618645896632018744 -0.30016651294247714832
7.3574260153318800093 3.1961219133746627818 3.6567043071174061275 -0.99375176024637501548 0.00872070860300424959 0.11127168664452534441 -0.06969612028983358798 0.73019571279398154395 -0.679673945236946353 -0.087177346964645893723 -0.68318238433000288978 -0.72502547535743666618
3.3056498017621769314 -0.050971471224440331738 6.906594568305346904 -0.70125209385736597678 0.0071367080690394801498 0.71287766710587907593 -0.64236177146995332432 0.42739398886378165976 -0.63616486293811602692 -0.30921975262687773078 -0.90403730325748188346 -0.29512658115516032797
-6.4360287011546368774 3.5987311981185849952 4.4237963306588490298 -0.9526436838761576098 0.0079740354956475967274 0.30398425342272583638 0.21724952604991723537 0.71731555018064563356 0.66201287366659899991 -0.21277371783694576379 0.696702817725852519 -0.68507848365773105215
-6.987859667107279904 -3.5143652468656876309 5.0871261700769787595 -0.99971118791298485551 -0.0079288636234122033403 0.022686425088787254972 0.0067067772456849868157 0.81445117563149926898 0.58019333127119909754 -0.02307725938330703816 0.58017791722385392283 -0.81416277516549651061
4.8364310365753597765 -0.34094458180073866638 -4.1687165525284850531 -0.84138910699997437881 -0.0076782240130622708696 0.54037525433497057836 -0.19600827118233876689 -0.92748029783712604424 -0.3183725094165782421 0.50363193728123434312 -0.3737931807833393405 0.77886682414274888142
-1.3857968322962779251 -2.4838912281972902463 2.9525739876608243506 -0.7771423918026277855 -0.0026479564152759892982 0.62931922836504639029 -0.51302164940751970867 -0.57651759811040725889 -0.63595302209228277146 0.36449758586643321578 -0.81708044120257239395 0.44667780614411983775
2.6042428409794045052 -2.1075961635811628625 -1.8327344506724785322 -0.89876122567675442721 -0.0031604732939144513856 0.438427041397386974 0.2506595723479868032 -0.82413849470244993078 0.50790306195165912939 0.35971938787092166967 0.56637951318714518933 0.74149592651049411884
-6.2697773176813740292 3.1212931367844376496 -5.7519145541500584784 -0.22438459966232640608 0.008744506827091245299 0.97446143332335755094 -0.20332316576315107026 0.97753230449954442438 -0.05559032221260611778 -0.95305364051478458354 -0.21060419573219416045 -0.2175652339909835975
-4.8111747689241211035 3.4818000847723502567 5.0824256477109823749 -0.99766439124375216885 0.0047954652126148168689 0.068137845268057606329 -0.006694013612698118329 0.9858668484578541058 -0.16739697516258000842 -0.067977589146206163218 -0.1674621169853630076 -0.9835321483045400548
0.66829766450706196146 5.8466843140806536994 5.1637597256184211147 0.99812248171116890738 0.00082147525092252267342 -0.061244074661346036004 0.060770708368796645671 -0.13807360189705464304 0.98855581605873688034 -0.0076441158462500933754 -0.99042163023526852417 -0.1378642878172650077
-3.1462466285321117887 0.73370623279749558332 -0.49880398595470309964 0.99990960596552413975 0.0075206722029009928296 -0.011145375155801124506 0.0030413593695390313092 -0.93396109545621042169 -0.35736175272024373051 -0.013096947389810702223 0.3572955522585058441 -0.9338995440116890645
-4.3369833126696137882 4.8078506872655104587 6.3353484305666789567 0.94393658555584547543 0.01512031502140224852 0.32978037922652930769 0.022275269093147496979 0.99375673212270165813 -0.10932232044547555982 -0.32937445990238561899 0.11053928457525123707 0.93770652750717420343
-2.4664429235397622442 0.14988759059380762917 2.2596065039156632004 -0.77464474391194249048 0.012383782121641883495 0.6322753851525966251 0.050741243243452437139 -0.99536759495078264148 0.081661968846773944075 0.63035771349580338452 0.095341454059522615094 0.7704279071880455465
-3.2687568389599146457 -1.1458119655118061964 -0.44135399791200902175 0.998887443327375113 0.0010027822922914569025 -0.047147322199727260961 0.0019365447538715382242 0.99805830633069236857 0.062256461181822077278 0.04711820621951939847 -0.062278500240023210166 0.99694596796944356942
2.9154392234114370197 1.3930956612070881651 -4.046791240339722151 0.99980471428930650646 0.012596605678315166491 0.015226910729843386866 -0.0080555977626232799088 -0.44381385148651747441 0.89608279336980101171 0.018045515500385394397 -0.89603046307254785585 -0.44362570779447646485
-5.244304007683713742 2.5175411184855525093 4.8681695999316847434 -0.96055869815585182003 0.010289342848634044914 0.27788687774142473152 -0.090151801777281131978 -0.95686452649728448439 -0.27619364686288344624 0.26305824456476012418 -0.2903522125881266569 0.92005214668062318406
-5.7664713538210801147 -0.81220968429839879299 5.9449656456190256293 0.87795783786072401078 -0.0034663201685913255269 -0.47872541144534253021 -0.02490147067002949216 0.99828948292670138809 -0.05289636127994254422 0.47808989917955463378 0.058361741772040003073 0.87636975951933604456
0.33581650143071112291 -1.7000886778628701013 5.597033790187260216 0.99763586940251391955 0.0078332699353301175199 -0.068273801444735215949 -0.067463272268780502539 0.3008875553231948885 -0.95127040632322057423 0.013091179335094706854 0.9536274529047862325 0.30070467586964755302
-0.0014430857374908984125 2.2762797270040033837 2.8380012857815577476 -0.51006968422245269057 0.0018292905469931687677 0.86013113589347600652 -0.62596120601410631945 0.68505228838166609684 -0.37266061067476474733 -0.58991650748443413832 -0.72849160316312255858 -0.3482793394937104825
-2.042749780016021699 4.3866547503615498371 1.3641089457640451776 0.89479717108610989929 -0.0014330521904526560134 -0.44647056899385484385 -0.39487161669155929067 0.46414047884057407778 -0.79287453120464801426 0.20836129426468785741 0.88576044293192268686 0.41474571581770192097
-2.57988180615895768 -2.6202850500432166569 5.8874098570229662641 0.73015591835067572557 -0.0062047076161636377511 0.68325239589823549835 0.14089799138034431181 0.97983505054099884202 -0.14167226177404163012 -0.66859561090564967323 0.19971173058832422664 0.71630659200023183431
-0.39217864201681634784 2.6040445342409856977 -3.4414976865238280368 -0.92864298589579530319 -0.013548019125585045522 0.37072719879213511529 -0.15797363907467679156 -0.88975593738782488007 -0.42822739431369599705 0.3356583592046650244 -0.45623549079495218095 0.82412538053074879674
5.9849329162466080589 4.5650494843677824619 -0.59102645225573435805 0.98856856208948007403 -0.00032435221693765683114 -0.15077165795980013163 0.0035795991013671288154 0.99976630166043978232 0.021319674822831129885 0.1507295077899282465 -0.021615662375184901273 0.98833869630890225366
5.4443671757415748047 6.6582034051429355159 -6.8846726508976754388 -0.94547602158097554526 -0.0041532988056557683734 0.32566523106465511406 0.023887440071964641947 0.99634132825579058146 0.08205697908340811586 -0.32481453603891385917 0.085362214817368581299 -0.94191762349973084945
2.0083602895579617531 6.934548695350506442 -0.53853144491083659862 0.99028754142990060849 0.018593660337178876535 -0.13778556195722635458 0.046680318705349756192 0.88902643517842350196 0.45547002689468013559 0.13096386193974954293 -0.4574781670736458028 0.87952384476861489304
1.3413581086178247848 -5.0513900355675653842 5.9231080995841418613 0.7341953091160728917 -0.010778473201872598719 -0.67885276208284461852 0.47676863718236889289 -0.70367871612409194082 0.52680919797718062103 -0.4833724388825340057 -0.71043654817975832039 -0.51149877452369807429
-0.76442002869430547563 -3.3930633271454420097 3.868037702490641383 -0.12330172426841426447 0.01600426490834698165 0.99224016664173764202 -0.80611199834992797175 0.58153398612545625923 -0.10955212958675715484 -0.57877468060419534623 -0.81336467005003576514 -0.058802913242621004941
-3.7996392446510385277 -3.470030480894441105 -0.62137609641128044302 -0.99885839100909845634 -0.0092044329326073544284 0.046874226661746669353 0.047554783822933460735 -0.098691005306154711008 0.99398120103318632346 -0.0045229687490524594223 0.9950755568729545697 0.099016053585462920905
0.93126875124997587907 -5.8387918499709510201 3.3409643680076044348 0.95687759034054431506 -0.01085226822211454896 0.29028865871515607822 -0.25296228574071466522 0.46015091974385091689 0.85104125226195825871 -0.14281232123662662703 -0.88777438537803909924 0.43756288870266341062
6.6509206725865004373 -5.2834529951592337227 0.74305415295091026273 -0.87026845197057300929 -0.012857678762319428925 0.49240989186012279477 0.42943546865599441231 0.46986815072805609983 0.77123867848519500612 -0.24128406446556838194 0.88264296350688831172 -0.40338988485920518334
-6.6855402349649626359 -1.2747104952189400873 2.8214989045152587543 -0.73386178077837138645 -0.0017686990318310875578 0.67929651730037687862 0.48850517319243291769 -0.69624575249657483234 0.52593207536208341768 0.47202709930366032465 0.71780131222658150048 0.51181216641335647299
-5.859618361788074381 -2.4480014396090878925 -2.4407078226567278101 0.073215636343660503438 -0.0047244412185283111288 -0.99730494346005860162 -0.31101290332959780072 0.95001257034088903985 -0.027332950019464754415 0.94758136566596185002 0.31217590529922845111 0.068086412691998415836
-4.0743633825046625674 -2.6786872255472995441 -1.3041824490514239976 0.92087951292035319373 -0.00078183986978783322208 -0.38984652289066418218 -0.38209833588278047101 -0.20020020338179772557 -0.90217555956780803861 -0.077341996348325489641 0.97975469750964505611 -0.18465900548991032171
3.0655321385000582346 2.6099416377262367739 7.1206693111177550293 0.77207405405110596242 0.01675717563739554869 -0.63531161812606129491 0.42042387557819599353 -0.76312498050598098764 0.49079937751750130071 -0.47659775482584887385 -0.64603363781804157284 -0.59623411417208727059
-6.9177775151212879123 0.52263475718470275844 1.5754516435896332993 -0.93339257799453456688 -0.0022379072256620579674 0.35884995069795777578 0.23806345434310854925 -0.75211742145075810573 0.61452841761500387463 0.26852204202055451887 0.65902532282262993313 0.7025535828871753985
-3.3046427549046550887 6.1670692555390074219 0.28305787924121750265 0.44243716189124687732 -0.00067517213400485748265 -0.89679925396939630389 0.3356823971012679042 0.92742743207052313892 0.1649111473469197231 0.83160488578042912611 -0.37400254328762211342 0.41055500430586383542
-6.1119743005869322516 4.4246330445925101671 -4.5726976603490028239 0.95298762379824719648 -0.0072620371112930492616 0.30292218754043648277 -0.24477686087683325766 -0.60771051421728927711 0.75549468514950324227 0.17860256791705755863 -0.79412542694898868856 -0.58091817754886998504
-0.43859955866499772403 -2.014630683233652686 -6.9863126350935811359 0.67764498744420598175 0.0029735323393026888948 -0.73538318521521528481 -0.016269500301787843954 0.99980768880308501512 -0.010949373053256723776 0.7352092044796940673 0.01938410471895691406 0.67756304661078259333
-1.5790824101445832817 3.4162522459046575918 5.5991573449051941225 -0.86068702647678940743 0.013299032988261256377 -0.50896068431268537413 -0.30323997331813495881 -0.81639797582942164045 0.49146705244980165572 -0.40897843590652971368 0.57733654031534420437 0.70669594464682783386
-2.4172205577142569233 7.1387551765849401875 4.375173616865253301 0.92949415905391585824 -0.0046190210799252878066 -0.36880790789913397987 -0.36804346646604424453 -0.077164302114923366549 -0.92660114249374092577 -0.024178814617597257919 0.99700769060394822674 -0.073423768633250272031
2.6372973661953245106 4.9901644998581797807 -5.4846119686722705211 0.85115659456822523321 -0.01045726642098086627 -0.52480767629872504543 0.50757819468265552576 0.27120615662805341861 0.81780902225981710885 0.13377902603057573172 -0.96246447528521350545 0.23614678911277039997
-2.4544416135120652456 0.90329146072128529976 -7.1587038435123453439 0.98068842928584731844 0.0035309613199181635705 0.19554471861225553031 0.17932269305940207182 -0.41530342640437956092 -0.89183318830984759096 0.0780613631632295496 0.90967609418355432904 -0.40791644641042545949
6.1584049523842852025 7.3538346411963484428 7.1550970342318880313 0.99247514462242680811 -0.0019584573741185072604 -0.1224305997344130037 -0.087461896940108252441 0.68842369321165219898 -0.72001613538074282772 0.085694246541123092475 0.72530613058877158039 0.68307211408471235625
-3.5629106882832748404 -0.97733335128265375058 0.8716275870808040116 0.83080145339815048011 -0.0085383312166266416704 -0.55650340693599431585 -0.20061683218652862082 0.92807358358053870795 -0.31373923902444533773 0.51915492068831425865 0.3722989663700490004 0.76933194913829539008
0.5854985679352801009 5.7223795424528720588 -2.4680802379651671785 0.89656378391444080389 0.0044070865016842620046 -0.4428927172142014812 0.37678297705890639868 -0.53323095605034798172 0.75742942622282216636 -0.23282605002760523027 -0.84595822893211680693 -0.47973607882904178989
-3.023338441786274533 2.561485777595829294 0.53536520832059819597 -0.99188017523298244171 0.00077803904979806964848 0.12717355320630521764 0.10689770073723414701 -0.53662362512749273158 0.83702327717457780665 0.068895569937090880841 0.84382135527037105405 0.53218316474009508266
1.1864003214791107865 -6.3529064783910813574 -3.8097819124167324745 -0.94733453010886770063 0.015124855597763128476 0.31988830364144971163 -0.3039971514865565938 -0.3566058811253197125 -0.88341268806547823544 0.10071256104154131805 -0.93413247684143274618 0.34242297784822106621
-1.3389554670458132524 -4.4552799899334312173 -1.8491438851965733559 -0.9267018950613297168 -0.0036435815920687507005 -0.37577961892963113177 -0.26353434032398415088 -0.70656409671073283629 0.65674715736663313859 -0.26790529886456043718 0.70763966928967825254 0.65381407853293638244
3.9239324608357923907 -5.1779749437204634077 7.4555582922869412243 -0.9104835576454521906 -0.0037919123928250291627 0.41352788619112035295 0.19108823588621873246 0.88294683566083387305 0.4288241731786471278 -0.36674920226668228374 0.46945767306201363622 -0.8031839862945499009
-3.3721168721630818688 -1.8305454053915997115 -6.0225821253399249855 0.65400343517788050995 0.0023636943615585465084 -0.75648788471753536378 -0.33107370141097358651 0.9000384479593168674 -0.28340959127878295742 0.6801982880083000671 0.43580409032472178232 0.58941079379889260714
-1.4452005798846214724 -3.493964736594379783 -1.6268582091027818937 0.61738941244047174095 0.0096477956949593667718 0.78659852113039996357 -0.072179236586690412314 0.99640153290116528773 0.044431329462557803134 -0.78333930784303840156 -0.084207513146275517202 0.61586412748071683865
2.0627215714083599885 3.8530906329532421672 -5.3792183408037530512 0.99341349339244910954 -0.00015508082836437593957 -0.11458449762344732892 -0.033463036847255198114 -0.95679854277263876039 -0.28881962141298594959 -0.10958948996427418654 0.29075165433428207251 -0.95050177232415233863
-3.1871525501909006017 5.9849827548062455307 2.8056461052308661053 -0.99109712285402173926 0.0037885439017773941961 0.13308696407048059562 0.1140395541015687686 0.54003907319539934395 0.83387815628102457399 -0.068712976727219349238 0.84163141954025288971 -0.5356632155299626552
-4.8362815863406520833 -6.3187350913940960595 4.7131483304627943554 0.99887970164875794499 0.00034489876988066416053 -0.047320425599751664292 0.022222254507887468505 0.8794371337301677416 0.47549605594688887367 0.041779337461083747296 -0.47601492504050763044 0.87844423733103427221
-4.2134423143094963393 1.6328105922941471562 4.2366308240522192463 0.67149316622671439969 -0.010267851663700162251 -0.74093960545582282506 0.17183240951114753248 0.97480644104255509408 0.14221823210644218838 0.72081242411071411169 -0.22281600868003684224 0.65634021324578428747
-4.4854531691092685008 -6.0258955959729529894 -6.8556839985697184403 0.99980320860392457583 0.0038547392015379250592 -0.019459831730389849647 0.019579191626374461976 -0.34965709260800709179 0.93667314087902264763 -0.0031936375104190863755 -0.93686981943851355137 -0.34966375577813224584
0.78302807558806375443 -2.102677638070140187 -5.4865750223925919826 0.87437824665258223611 -0.013482719879650363615 0.4850576234276837706 0.46591384364177523825 0.30266272460906562536 -0.83145629195721304505 -0.13559856962245675494 0.95300235644876651886 0.27092348831272944354
-6.8006675768758428902 7.2309627190852081569 -6.9480643200832341577 -0.99776138528937940997 0.006420205122522604918 -0.066565749388604406045 0.050794375680110713522 -0.57469310633995485116 -0.81679113910762135564 -0.043498843947292323286 -0.81834382413000106293 0.57308047958703633995
0.20024762241680102437 -1.7670178552686932605 -1.3656979594548566137 -0.97247641192525302589 0.0046821361134146595451 0.23295429991798727309 -0.1891493337873281777 -0.59968853252269294085 -0.77755783932036082184 0.13605939062290181574 -0.80021980827893435251 0.58406857530703060188
-1.6910243377477427451 -3.5701887638660463331 2.1309318181094507594 0.18302332130517109943 0.00048626388798920019974 0.98310845149746428628 0.93605058604472690664 -0.3057687292452143657 -0.17411141427552173644 0.30051915783147753469 0.95210569148759016667 -0.056417975975048065274
-5.2255459657014853292 1.4582535993562326659 -2.4723260379114777585 0.99317680532201724208 0.0049133626109209224686 0.11651477261820275544 0.11174573086680472667 -0.32588240485076014341 -0.93878301531381702638 0.033357532934205944009 0.94539754446293522427 -0.32420789305621572352
-4.5679881192749567376 -5.5225813318714829236 -4.1810266211019877503 0.95241837260361894568 -0.0027880843328103553647 -0.30478101993523010194 -0.28658080101563782049 -0.34867618924212256948 -0.89235439122851101246 -0.10378192528688870433 0.93723910590707126822 -0.33288462016504055674
5.0554594490315896138 7.1894243799873471801 4.1930909659052248983 -0.88398719701510575231 -0.0037546513275866838164 0.46749603004394779671 -0.2667792304948213844 -0.81712459455866970348 -0.511014910882117257 0.38392118682102788219 -0.57644886985809951074 0.72132601696405840297
0.76474961702762478399 -3.673366505926283665 -5.1253484335878258804 0.81981027350926016783 0.003545380113520050884 -0.57262426225970020077 -0.50148083289179012922 -0.47832478938859079864 -0.72091772769049544678 -0.27645630701945345109 0.8781758514876412125 -0.39035763624275354733
-7.2702424068779931687 4.9863119774831705655 6.226947863801525429 0.93213301493122235897 0.015204898067770368855 -0.36179670196120028436 0.18771950316762997524 0.8340968543532266688 0.51869434707621031588 0.30966018569687708828 -0.55140842270769796496 0.77463495968191964369
3.817195774467029068 -3.793928048008786913 -5.6986476563205830104 0.97581970490774228022 0.01564731176842560148 0.21801620386677125762 -0.19570645478593606814 -0.3816411984100227528 0.90335429330429717343 0.097339031581190754716 -0.9241780982638901909 -0.36935072169996252534
1.7855043415972970955 6.4522502982045821796 -1.546798431287251141 0.98212399944787454054 -0.0090459250057611344242 -0.18801760808280321147 0.17591590222183212111 0.39951819946818978302 0.89968817022292346675 0.06697794453311245455 -0.91668063115494102799 0.39396773397274970074
-0.14079404562926284283 -6.8686546189335917489 7.1650335225568975162 0.54286691893283856025 -0.0030639108316044176908 -0.83981314634789827611 -0.69228298311704550283 0.56448151302384008687 -0.44956077758274426426 0.4754364096437404541 0.82544002441399855208 0.3043172464392895904
0.82537207226691966522 -4.7261787869807259099 -6.3128716536995126418 0.81249140235622896444 -0.0053083386261857578789 -0.58294900517802994422 0.32194046572151530095 0.83773694618832328374 0.44107952290050317368 0.48601651991273736586 -0.54604819433104345716 0.68236303522375441055
-6.8804163143128871383 3.9364354199342406204 -1.3933992074500856084 -0.99999170219328203935 0.002245103050986939526 -0.0033992730016151502526 -0.0028991307398637234348 -0.97840960961057155121 0.20665485927659565935 -0.0028619199153559413129 0.20666299943137264594 0.97840799980390080748
0.94223664034153697955 0.65291151917539924643 -0.89331841755952912099 0.59783173795802391215 0.00077332296712282963536 -0.80162124164831738415 0.51681300474704594539 0.76405556052542544787 0.38616501466930486242 0.61278179739157578876 -0.6451499844236513459 0.45637700027918698398
0.19956156538313132853 5.1841276853065867414 1.1346883085385319756 -0.50959760297827172426 -0.0036551106299603152924 0.86040509250312890988 0.84636396357214571662 0.17783990446539441055 0.50203686074444964227 -0.15484935971862784365 0.98405264521058499749 -0.087533235109453072509
3.9190476123414597076 5.7967524082136936414 -4.9267443782541988639 -0.95813719122460350164 0.0015714387413678233395 0.286305175245395227 -0.28449382034091613702 0.10721406944136596673 -0.95266384916278012973 -0.032192995820259466544 -0.99423471770714633156 -0.10227872274337979075
-2.3460612838739862696 2.5517052955063035391 -6.5681492688570077831 -0.98880774175091579181 0.00041955428446189234337 0.14919475134083784451 -0.099311233591077491267 -0.7481159085381332563 -0.65609440347768266388 0.11133969973044137436 -0.66356794027909882239 0.73978446854317503334
-2.7852902343816934305 -3.0305890497640475267 -3.0962052319311506032 0.7859628065187538315 0.010660202623452012805 -0.61818187198364249468 -0.51875570238194457229 -0.53262046450232525263 -0.66873609296920710765 -0.33638517805548961981 0.84628706765113892452 -0.41308983419001482629
-5.609896303248274485 0.87679098808850930435 -4.9445887849240248713 0.6075137539968115119 0.0006566291137420875168 0.79430888673288091439 -0.12204173652007513362 0.98820291637535428997 0.092524648685121210767 -0.78487760399425221536 -0.15314883253009786701 0.60042699959509782115
5.0947334295352959543 5.8400581598875609401 -3.9782032944577512268 0.96757886025792372298 0.00083326440794302095334 -0.25256772329923132814 0.22622859194333491684 0.4417776237056666444 0.86813199191154544199 0.11230215211412011844 -0.8971242036995681346 0.4272661813987707613
-4.530676720610084196 -7.1538820975242023437 6.5025568238302282609 0.99720174713794518251 3.7624028333239282855e-05 -0.074757435011317360796 -0.072915006987447100739 -0.22015424155697219111 -0.97273609559863738472 -0.016494764656062702729 0.97546507293138173811 -0.21953545096418455862
7.0162332026586806677 6.6282093466918743374 -5.5152229324168109414 0.81800444151019124917 0.0052099394213698906053 0.57518830847023294517 0.11329568854747870676 0.97891132272637682021 -0.16999032088483442826 -0.56394398713545768054 0.20421919295022519791 0.80016354616086204921
1.376408505923213621 -7.0882045026991358228 7.2221745277643520922 0.51320600595500753816 -0.0040640861208653235662 -0.85825583520056536457 0.29818311604480296495 -0.93685286231080444619 0.1827390042818088367 -0.80480210285353559474 -0.34970015382340224885 -0.47958667377060137937
-1.7585494872114892928 -7.4871544496039419414 1.7635126063802699647 0.978485152164333849 0.0015794569731498626919 0.20631120257915028238 -0.1761566575786539246 -0.51416639370199868075 0.83940559420235372201 0.10740409202947746869 -0.85768900243792878246 -0.50282595011810549135
-0.38386341189305939192 0.38292887566048444681 3.3548772390077199468 0.81540636603388516601 -0.0062327589934704219488 -0.57885543181918741595 -0.21667348256884211288 0.92397115450470646003 -0.3151664760006326893 0.53681007831702076682 0.38241137320754281514 0.75206148781779724732
0.039737024618816445265 -1.519228949874193324 2.4488373930237483656 0.90444460461541387186 -0.0048191985567043495176 -0.42656386685619746002 0.2383468455315371215 -0.82359170212537191613 0.51467221550744712832 -0.35379476876742677049 -0.56716266054409270048 -0.7437444306194325172
0.45188498567546364626 -3.9535212090019284936 -0.35330035443179341748 -0.72610262859153940074 -0.0018236933021133511917 -0.68758391989278389023 -0.13011186600942831193 -0.98156493641479047874 0.14000420681085559704 -0.67516359134359649197 0.19112024943456931703 0.71247959632543966801
-6.8158303560119364306 0.065248749102450834259 7.431500814937896493 0.38406906143296043465 -0.0040513701742297993091 -0.92329547949170776011 0.89624994209785768806 0.24193523017880552706 0.37175715956523797123 0.22187157848555918993 -0.97028394338876666758 0.096550877066405457749
-0.51999855785428461541 4.1160664058167863999 4.3516766079504591858 0.61440287404328486343 0.0018765616312166350649 -0.78899023243884969236 0.24272734745765323083 0.95104987555053432935 0.19127877302885754052 0.75072800877791689977 -0.30903173418223550684 0.58387228406966995564
5.0111068344500360183 -6.5404855037106415239 1.5304754176204009575 0.43266293369034197758 -0.0080343710855005755905 -0.9015199580107787769 -0.36618218620714809708 -0.91532866410163227222 -0.16758294417606456328 -0.82384063526572126612 0.40262747739739795927 -0.39897082866986249838
0.76367171276934153745 -5.0065084527235228506 1.9889445955922435694 0.85000703866177573786 0.011650638357243022977 0.52664247535826247404 -0.10026194613462593996 -0.97790125911520520141 0.18345754162287519762 0.51714173722771838992 -0.20874240117155512531 -0.83005483768863652649
-7.2703340407050118799 -2.0445612394686989433 7.4554383380297437611 0.98487411429425908427 0.0010969013568034213964 -0.17326793067510709578 -0.16791839200232533402 0.25268101290621058919 -0.95286710476547453741 0.042736315007074518468 0.96754901815046090441 0.249043178697011508
-1.4078378567872451566 2.0144315190371089308 -4.4998245572761179645 -0.87653931694382236639 0.011843387823074275761 -0.48118453842210301419 0.45739062344577380292 -0.29085751520083374944 -0.8403545224695720961 -0.14990878371699173366 -0.95669307513749091143 0.24953099316203000702
-4.8843203281950158257 6.5459685397528746265 -5.6400989308986035908 0.98971994974188015615 0.014235633105152852712 -0.1423087061041247714 -0.034516642641249116463 -0.94184499160471668588 -0.33427026964697437172 -0.13879129102254503247 0.33574597322858401593 -0.93167141149502752384
-4.5358920910517666059 7.3230855347799144184 4.0262526047130178242 0.95696676682905024158 0.00045219961259532811398 -0.29019717900125224785 0.22975458798792972037 -0.61206669491664933425 0.7566949122813217965 -0.17727785107921717467 -0.79080601697853369902 -0.58583138105381438177
-6.9673657625346798739 -3.2526902281583907062 7.0533315416390633956 -0.93787796460102890173 -0.0036063437485887358397 0.34694656332173307023 -0.028469488955582027828 0.9973740168702586173 -0.066592482089903592968 -0.34579533211806406934 -0.072333012912864036448 -0.93551778365161142315
