1125 14.717824617146108679 14.977075390850430381 15.033177056927090831
-0.26867656310809262532 3.6981005602648129305 -7.4553664717019225705 0.60935717249984755473 0.00029476707723162434011 0.79289579985979896648 -0.75733703033591293075 0.29632836473304280389 0.58191934384128318758 -0.23478598511203038757 -0.95508607641768095142 0.18079305248819396712
6.2109690992188273384 -5.8321194627655659204 -5.9944810485567341374 -0.99455729059613506848 -0.0027255090581603529272 -0.10415549588184203067 0.10291161236977718063 0.13048837535512849972 -0.98609430783094020878 0.016278690410144475847 -0.99144609308713738116 -0.12949767851583426914
1.9731580002467128399 6.7147274013558311268 -4.3285656846064455294 0.58742651932218648003 0.002760531706573273944 0.80927279940799667912 0.7285029603909664031 -0.43730004627341095835 -0.52730646329329355915 0.35243938641796485056 0.8993114304811372639 -0.25889269960231903189
1.4751169568811510757 3.8938690013192158723 -5.6709202049716971317 -0.95984246344062962297 0.0011196609662548154956 -0.28053732681325371789 0.09351061286666695338 -0.94152786996276083276 -0.32369898882230080384 -0.26449614488212469521 -0.33693325220682990295 0.90361372991991917303
-5.7797389900344997571 -0.98409225335065808604 -6.2280079665624787921 -0.49869498020165564656 -0.0061404434578650555349 0.86675579702465432863 0.61902609278833620188 0.69743216782028072398 0.36110257232082698664 -0.60672070441746750458 0.71662449458811516845 -0.3440048264014223256
-2.1587561654812366108 -3.6234877991882146198 -0.28598676608829792789 -0.990501050312784459 -0.0056381016205530832749 0.13738952339735452379 -0.11703655194441020537 0.55906025046554352897 -0.82082524440851034608 -0.072181125221226188904 -0.82910786280162296347 -0.5544096292474762766
-1.6287274094955177528 1.6422101837750719966 -1.0977531202941199773 0.90543889734999449814 0.0040334715213237301232 -0.42445745873180407148 0.34508031493570129333 0.5753060737818208592 0.74158107966260911059 0.24718410023599873826 -0.81792826860144074441 0.51951262546090337668
-5.8088196594515073556 -6.7056930183832337278 4.769979315332676606 -0.84576892590472885214 0.0094454333666333031849 0.53346575125551387586 -0.19554162610913006226 -0.93576271884498452014 -0.29344779174241519826 0.49642562024196212889 -0.35250378410505978088 0.79328600501886581409
3.7975950924914081419 4.2947986674890490377 4.8736267413891880551 0.96407789600346915915 0.0018690673580083975308 0.26561309648592179578 -0.26523813120878164673 0.060352412119977424942 0.96229222178310047653 -0.014231802082976930876 -0.99817538185353793523 0.058680174428471308656
2.4883027148733005696 -6.402104202027657287 -2.5054047415867692905 -0.99729858526560410947 -0.0048782094354513057602 -0.07329212031265512628 -0.020336095129556447381 0.97712728148196659195 0.21168070062874344561 0.070583107483986481934 0.2125993387959897174 -0.97458685917752851946
0.43763614948031059892 -6.7598994023544847209 -6.3399927627217245174 -0.99217476669205018069 0.010664729468699825007 0.12440054616005159771 0.10720005792912572218 -0.43803713128165921997 0.89254222264192917269 0.064010779713686807857 0.8988936172672991054 0.43346612891499475273
0.33428163702991164907 -0.49828705541895024211 3.425054611395981663 0.99949370039634843899 0.0043660022800687172534 -0.031516359118653594629 -0.031263122117646507947 0.3188372776751157156 -0.94729372823850699348 0.0059127035662029942681 0.94779941358321995182 0.31881234535025482213
-6.2489552759457236419 -6.6136476012863116836 1.195737756542625041 -0.99558225741110883966 -0.00663384548053365386 0.093658746641387624621 0.067695682719906058455 -0.74193408353228318397 0.66704655777115484661 0.065063532561620049388 0.67044001058062197007 0.73910549243210177384
6.9096756994211894209 -4.8948713293379082501 6.5823452660352632648 0.96743632514069533013 -0.0041927393012443549963 -0.25307978531585978432 0.21914916494863503904 0.51417842502083832557 0.82921299480019561301 0.12665149150586474391 -0.85767299606577884763 0.49835372128545513126
-3.2186888400573439029 -1.7145757558909318075 -3.0454119312698080257 0.75223799104080146805 0.0036836008070107242873 -0.65888120015677287267 -0.47599593288932395829 -0.68840633212265778251 -0.54728840090600427981 -0.45559398229977027261 0.72531589874930024742 -0.51609201729310361095
4.1748424542670772297 3.8593916650191704143 6.1972016473495461497 0.87679336398621421367 0.00088866355270316756132 -0.48086651697419097173 0.10917243775393484229 0.9735176839555946815 0.20085989609806836897 0.46831055476527305714 -0.22860999388207023375 0.85347682744905661867
-3.8666338582359243148 -0.18110550276646109058 3.8606685220628471633 -0.8542466363694477538 0.0035032042577522589863 0.51985614530503887476 0.50499630181367494153 0.24306236467010072788 0.82819045034069860289 -0.12345614365427451387 0.9700043373310410777 -0.20940431264210387918
6.4155132875897411537 -0.40019078028773008571 2.1312142705468986037 0.29477080421413881517 -0.0017937058749013202671 0.95556630099762773778 -0.93831968773184015742 0.1885986197454556923 0.28980463116564869619 -0.18073830971284832181 -0.98205261735283255753 0.05391029727962382001
4.9415583405763685576 -4.9308498402483982304 3.3997593309958418217 -0.50540560441953430448 -0.0051933908892224439277 0.86286627220693601359 -0.809633375915541742 0.34869764528041552465 -0.47212683547916373117 -0.29842749810452867676 -0.93722088157863214786 -0.18043848677072057973
-4.3718038569451431741 3.4903425683095985477 -7.4963355315466513318 0.8309446760218167638 -0.0094188903972690120325 -0.55627531843009558887 -0.50241681159213713581 -0.44217619608505248641 -0.74300575976581528792 -0.23897341446373118745 0.89687875218430657132 -0.37215616488259822825
7.1987487809102068681 6.7536868112548189558 4.9720184388853887469 0.79905662492748052994 0.018126509049151452724 -0.60098247880384136899 -0.22879049041188057045 -0.91518523823836117614 -0.33179947439314233515 -0.55602465921628541068 0.40262564421581276131 -0.72713765475538816307
3.908576776202362435 -2.4446956143211306944 3.8075621439748030816 -0.68948115123244024804 0.0050501275743550363626 0.72428601968167949376 -0.34186372165494532949 -0.88385173879906575589 -0.31927308003990378937 0.638549088098291584 -0.46773988501454943911 0.61112556979339327512
-6.3902151249612533235 -1.1920812598156331763 4.9743063250553403165 -0.99478407457072026698 0.0049293329490470334797 -0.10188398626468321562 -0.099989836233873002902 0.15034684669930103995 0.98356385574983207221 0.020166249785707773823 0.98862102312477417865 -0.14906976556408466084
-6.111619634761431108 2.3413420901789567807 1.7780319785065068494 -0.82778650937063513737 0.0057143587606629407324 0.56101411836787040688 0.56094424051445790358 0.027211987615765521886 0.82740622838097399594 -0.010538213211506459316 0.99961335216873159482 -0.025731152876517143779
-7.2527857968897428975 -3.1790171923942640575 -0.29767740197078063069 0.96216390326821399359 -0.0012911161334171602708 0.27246826653166217325 0.028357880591658397862 0.99503263291607479957 -0.095424787347940923099 -0.27099161215061384755 0.099540908430480246061 0.95742109528300978205
0.73961675881351440776 -7.3486307323375159584 4.8355341134110316759 0.88447198429218298887 -0.012728806613612862406 0.46641964633187554812 -0.43288493051614718166 0.35066190293566967817 0.83044979785745975942 -0.1741262356285631363 -0.93641561675981710433 0.3046405205387231474
-5.8643604332314351879 5.346795854966143402 5.3738346577822824202 0.84908910677611448836 0.0076972397063508326762 0.52819356419328966634 0.49761239811663010579 0.32391600102482009937 -0.80464919407202328827 -0.17728392480681476329 0.94605453161063868261 0.27120330607149212288
6.5562607080574188956 -2.1241484796746044061 -3.6809202630262003453 -0.47655933267947514498 -0.0017552042472675014051 0.87914055855366424197 -0.63948240544963097509 0.68691129493352554025 -0.34527543499796059523 -0.60328555059476751676 -0.72673915000556277288 -0.32847641055766962914
-5.0329364111645658042 5.4799193497429516952 0.64202373688809832863 0.69233505167281705894 0.0049624150698015945943 0.72155911099648295526 -0.44117461772758070904 -0.78838874908230072158 0.42872851199018274793 0.57099661373621379834 -0.61515734146399714266 -0.54363987376273426033
4.7644970757463243061 -6.2146769321546075915 0.11623526146792433067 0.98937471686831235385 0.0067991317761578297721 -0.14522892765824935157 0.14278857842248235399 0.14260443419427673573 0.97942605500369939175 0.02736953587035623886 -0.98975640798898389949 0.14011838334432621944
6.0243375032996162588 3.1623650283109863146 3.6694564199371044744 -0.99424001290676300435 0.0013734384599679298929 -0.10716767423937778592 0.033986592778182091179 0.95235158221513027677 -0.30310291216620682819 0.10164501092721993369 -0.30499930740760206049 -0.94691272788697977703
0.76876745870797957849 -4.9208855653917975559 -1.5063760037307631912 0.99089655974358259449 0.0068895089437153791967 -0.13444903329909846379 0.10181227162647343842 -0.69175987688875117954 0.71491435436221650868 -0.08808103788438835513 -0.72209473574690496989 -0.68616391873362836407
-6.342391754848551777 6.3328997082431417454 5.1425822631137094731 -0.45145168088656001393 -0.0032717017124704976527 0.89228956947433524238 0.66600860359609148631 0.66425861731014412825 0.33940098595193385345 -0.59382145444625045183 0.74749567577155529019 -0.29770168783920680777
0.5549723469290437361 4.5246606584126620731 -3.8149866079354701753 -0.96075606535092572535 0.008748672962052110591 0.27725663853713922169 -0.23473996092612059439 -0.55819266928666944061 -0.79581285155436476408 0.14780031676520880013 -0.82966523651173584852 0.53834065580083467761
1.8993729410980835226 -5.2506777534239876815 -5.4431620636238351452 0.93627501715269856319 0.00068764458056594715551 -0.35126716242867728202 0.30814935339371229972 0.47842684273040553267 0.82228445939226002537 0.16862107892781397211 -0.87812714529274948916 0.44772720315082098486
3.564708791900519369 2.7819009384014745656 -1.4613832356542399982 -0.94834508236587988783 -0.000407423680629378452 0.31724034856588451126 0.30920986486508272861 -0.22476669728961012895 0.9240504267947282635 0.070928585368206398254 0.97441252341871442688 0.21328237147546438846
6.8844235618920315289 -6.7735084302526127331 6.2321201708311475542 0.97691328879181771327 -0.013917120249291200368 -0.21318241002927826311 0.15998568093427839587 -0.61365143928210519331 0.77319887025451772278 -0.14158039439805178428 -0.78945438426221581363 -0.59725770576125047917
2.4589674080499563935 6.9956013518000554896 -6.8398680843389705331 0.63717488449879000623 0.0037396810211814401903 -0.77071017986643441944 0.61389569075265282283 -0.60706358429923779063 0.50458486451051942634 -0.46598309780428953664 -0.79464446100354990676 -0.38910144327303364253
3.5191763312586554768 4.3029442410853810941 -5.6296392443253182591 -0.74017687647783880767 0.0071765056082034092005 -0.67237392074258028885 -0.63839407532998238004 0.30652491770801948423 0.70604212296986346153 0.21116627597979245601 0.95183558064993623038 -0.22230121748992401343
-4.7476739522222448642 6.5954823687340589089 2.1352462397229481361 -0.80562827295519068294 0.00065851028731293489993 -0.5924210092321179344 -0.39355722264329323634 -0.74804294016747396867 0.53436361419058775457 -0.44280446962593189575 0.66365000265939289026 0.602903703463168128
-6.477190068446921245 -4.099136110657156884 5.9351549102234386623 -0.999759412568966499 0.012298741955993680239 -0.018161991249418342476 0.012806841667416666436 -0.34491990976787728629 -0.93854474621728645189 -0.017807352030861402226 -0.93855154189412814958 0.34467941833193965762
-5.124493681123700739 -5.8281805546890907976 -2.2901011396500057238 0.69611874446585864096 0.0013463092479104779142 0.7179254007587584363 0.58610825671288435679 -0.57856546601522895745 -0.56722051527390215941 0.41460318982885713268 0.81563483801643144044 -0.40353934876018365818
3.9366458768005792024 6.4956605546138304064 -5.8545747186925387595 0.49754328291132171591 -0.005997678800710562301 0.86741841661271834596 -0.3520387246887751731 -0.91531985060557918832 0.19559730930345198274 0.79279216567105215141 -0.40268300055538985838 -0.4575226585803769952
-4.327548458174834245 -0.60838872163647073066 -5.8997940176081202779 -0.83837917852250565254 0.010494809913206452207 0.54498643284476522286 0.36918220759808667575 0.74651252164978099124 0.5535553744776785523 -0.40102973781625650407 0.66528859450993460545 -0.62973505174953159358
-3.9600328293905846522 -3.652411080774720098 -2.4054031936257964652 0.54573089260902096775 0.0021479511782147410817 -0.83795774306222947647 0.633135488135698421 -0.65612590825696337493 0.4106558731798203854 -0.54892371648109050675 -0.75464838091630370709 -0.35942812169471255457
3.1435676516124120283 2.8785192784144637557 -2.5338988171983083397 -0.96495097573690380433 0.016097663183470379417 0.2619360220828668151 -0.057536534631032885956 0.96085522296754666272 -0.27101067816371443575 -0.25604523351791086405 -0.27658290933483720142 -0.92625198118909646272
5.0495660817915251073 -5.5000915877297265055 -3.4845522605294543261 -0.91721199789407081848 -0.0075011471505542033286 0.3983288637678739641 -0.16465143027543341359 -0.90330440543038337253 -0.39614524815815405079 0.36278376125105227246 -0.42893459165875030825 0.82728656380423637451
5.4568195285509561998 0.35351485340529709145 -0.99363628270545190091 -0.96016474847700716833 -0.0036144267962700824329 0.27941115171208469325 0.27909989895148468175 -0.061325145149377535692 0.95830186944282458317 0.013671217479332382211 0.99811129764736139514 0.059891028721251148015
-5.8089545281008083677 2.4268269122821863881 2.805577889094015287 -0.82650634311825155187 0.0079190361458266484568 0.56287170265678299064 -0.33577420014978509588 -0.8094847255143620135 -0.48165357433814748322 0.45182181365998463907 -0.58708753012263192872 0.6717032683227480705
5.4599012418713233075 1.5438049386005237018 5.251773055384043154 -0.90291218218031910059 -0.0091326275668553568571 0.42972803769840173249 -0.42493601605717007397 0.16933063918664525982 -0.88924491389616400205 -0.064644980685538949716 -0.98551698602627679779 -0.15677147931233201272
-3.8849394364270848357 -0.9383727843317307693 -3.7565708171910667801 -0.90994789120840691155 -0.0010768743436755812831 0.41472120228748721171 0.25557211805664215021 0.78609316883305202506 0.56279696373208609739 -0.32661556569937072458 0.61810708639820521881 -0.71502860221619335412
-3.3962471855489395622 5.2323634511940557701 4.3478768484353222945 -0.87307988368397826395 -0.0017880636952532572015 -0.48757391186851661846 0.1271247247273591674 -0.96624077123228346853 -0.22409390079060464984 -0.47071309846819531231 -0.25763457616708901332 0.84383268726312432584
0.69066931432914568934 -0.0055996632534147956078 7.2183253778888847307 -0.82864191414492704979 0.0032746092962702318119 0.55976946599131349736 -0.46278127250783834823 0.55859455162664484185 -0.68833539841358193367 -0.31493820336429612095 -0.82943438789756873675 -0.46135943063372192308
2.3847639829011835211 -2.4897133224233756188 0.45039587357180332905 -0.97079862301142438863 -0.003897596644308898902 0.23986421637939531193 -0.23958225432788254894 0.066862527660203313618 -0.9685709812947206343 -0.012262828796009473536 -0.99775458462255284253 -0.065843844774133561404
-5.77789647139420115 -2.9643912791825193231 -3.6633459869270703635 -0.77439392824986630348 -0.010311534476852320455 0.63261972475285699336 0.63192290688885355276 -0.062265180463110761377 0.77252604295983362537 0.03142425239999380171 0.99800637250400414668 0.054733872533033314789
2.5254546239315613931 -2.7212593048407054397 -4.5649294430049405236 -0.83344919020822083588 0.0105737311925241384 0.55249492626612950463 0.079165691522494779919 0.99178838688278581071 0.10044196797245738551 -0.54689600531267001937 0.12745191977011433027 -0.82744230464727319685
-2.4958959857971709795 3.9084077042586251594 5.823729207437786215 0.97252922785530437899 0.015162583580380297951 -0.23228645467660252733 0.18126000290852267716 -0.67542503253932051344 0.71480475429634682261 -0.1460537993777123178 -0.73727275921355006627 -0.65961895531360170697
-3.6590475418098726834 -7.0020320329694998307 6.0692397638466939469 -0.95706516923586149037 0.001125727754358443744 -0.28987065145107360209 0.25054487682285758732 0.50613923000564420285 -0.82525774431216958327 0.14578589277938391877 -0.86245104938556649277 -0.4846902731437341405
-2.4269618355135467169 5.1447072052253517427 5.7170094768884132108 0.99999708159464517632 0.00015736595420999099221 0.0024108168999508218511 0.0011754757734592493831 0.84010632299038101589 -0.54242048664145225967 -0.0021107010386451317829 0.54242173749548272532 0.84010368623985554049
2.715566444256280132 0.53228076924619560639 0.46175171719261598469 0.72126609221901472058 0.0061593496716730372284 -0.69263070003186366641 0.40903546010032804103 0.80319618683092075528 0.43308876438976418033 0.55898588228643242282 -0.5956827577425324316 0.57679878253390004517
-0.8891336735181831763 4.5950650943901036882 -6.990754469173225516 0.8442025169114835137 0.0067451961185519982572 0.53598191459190924757 0.041012904974417480064 0.99617681003526026284 -0.077134329409510926645 -0.53445304009414351665 0.087099170358969774108 0.8406983302331968444
-5.0479856414071972992 -0.24937949813644388897 6.9391113808623297032 -0.37080491660140396659 -0.0039554190175981555205 0.92870235731613171026 -0.77317566587536445954 -0.55266649539917422906 -0.31106130354216421363 0.51449305488254881702 -0.83339312423587941225 0.20187322000211269102
0.60048484229968301928 -2.7094685481989624343 -0.35091148623465623357 0.99015119405837104249 0.005241321564076592901 -0.13990404373405582183 0.05010239141037126781 -0.94638307507473418134 0.31913762797142969374 -0.13073011619303046005 -0.3230040305638452458 -0.93732493456630616713
-5.7920699404957716183 1.9040599873503003536 -6.2647788362874488044 0.72687548615393393625 -0.0065954480089636668971 -0.68673759740832140963 -0.67457480429955907208 -0.19445734953772877973 -0.71213423777751860833 -0.12884432867932366085 0.98088880066813621816 -0.14579540353133499386
-4.9229705949988202818 4.4495356965678887207 5.6936610099637103843 -0.82578569820867375739 0.010065197558056588473 0.563894203226205315 0.53138078347713635363 0.34890788334315087083 0.77194413780545612092 -0.18897736262628511694 0.93710297232429440317 -0.29347159262137340052
-5.0685086596765041023 1.5783317311788374049 5.8884552888777905721 0.94689261459198748039 0.0029552010526633044549 -0.32153637930717626769 -0.24074919606412711892 -0.65634870614348250761 -0.71501482539770200297 -0.21315299910096305314 0.75445188231643522947 -0.62078028016653596932
5.8352440201457600466 -1.321470815250487707 2.5445388326280884428 0.93873413052733534201 -0.0030388076008328679736 0.34462878265109747611 0.33430809680361400771 0.25106435910958013746 -0.90840782911441420033 -0.083763527831238387966 0.96796562605973635041 0.23669858084070199977
1.9616253355209545273 5.4729645154307569044 -1.5631527340353672528 -0.25921331005183906315 0.0052835287128742743773 -0.96580564515664735215 0.96278442728130575468 0.080635629623195356763 -0.25796131845675213112 0.076515400257929133687 -0.9967296421595848166 -0.02598872762859738561
-3.8058320161460503783 4.46231168951175583 -2.1347693054294669679 0.99085488244819663883 0.0011258058490819285863 0.13492714511831849222 -0.11316810617601155697 -0.53763220292253033339 0.83555047371487911612 0.073481845874536572127 -0.84317871589703663471 -0.5325880879111614119
-0.1827228987190573084 -2.0317809396447326087 5.5567290412788743481 0.99783264097161727957 0.0024879965217143246506 0.065755839929050596826 0.053160220886976028432 0.55845925237077964631 -0.82782682630892423514 -0.038781587470219813785 0.82952822333825948498 0.55711660822354480693
0.90962081948028039591 1.6968627154695909987 -3.3411608441835807248 -0.97687126261724765985 -0.0014447310209245597078 0.21382340616691303259 0.12545155284594872169 -0.81366328319023062399 0.56763894288245753117 0.17316016909519368894 0.58133464918269928123 0.79502552254528124909
-6.3259854397720678421 7.094572806888564287 0.14640729706642693908 0.26229369198224161686 -0.0036693094612414529562 0.96498111655845975054 -0.66204342434344620738 -0.72822034629582410581 0.17718248086220680926 0.70206874551575615406 -0.68533324989304134078 -0.19343684540717076548
2.7148706125699892944 6.1228385272357543911 6.5848192717499260951 -0.99995207631098059764 0.0010357504375990474882 0.0097351066939253532578 0.0052021939600398661024 -0.78616720432332642954 0.61799196113253185292 0.0082935070575338044191 0.6180129885912153398 0.78612414011610187714
-5.5800826068991291606 -7.3493982751839235235 2.6466998800143963777 0.97723599108735781371 -0.00014459446434886042039 -0.21215512441585873682 0.064390737858277050099 0.95303089782591232648 0.29594921974409815757 0.20214759608151250392 -0.30287305406963183074 0.93134540451802316774
1.3076277877079449663 -3.9218843276225805461 -6.8668181781551229648 0.82806536310096534592 -0.0018686929289437547407 -0.56062845309462694399 0.27396471372425340585 -0.87111418470893919874 0.40755786439839730706 -0.48913299834142737188 -0.49107696462549477179 -0.72082752774004488217
-2.0035366019801532644 1.8090851306569537549 5.9895294024127219146 -0.99931338722757812043 0.0059570928853658541846 -0.036568663526797162699 -0.0083572860512253419052 -0.99779536163221316247 0.065837467104573485499 -0.036095842941198934273 0.066097877040371441626 0.99716004772203781226
-3.0855353444168485133 -3.0903974814326891085 4.3336339030165254016 0.99762742553883876351 -0.00995308564101340075 -0.068120891795499752264 -0.067980336423250214972 -0.29867964651201023285 -0.95192916890878753744 -0.010871691339164848283 0.95430152721541938732 -0.29864762092090291201
-3.907837424269879012 -7.1829300916086973317 7.2601041781843909106 0.97847311331986031036 -0.0018919993506132416761 -0.20636566295945488192 -0.16965548988931100638 -0.57672753280329791536 -0.79912600236564856893 -0.11750481377638688496 0.81693437511528133044 -0.56463337263615787087
-2.6415239369865024521 -4.5638560930082947564 2.2344466560461397897 0.99426030527148934191 0.0061999854618654606786 -0.1068082653254648906 -0.087131536274290696809 0.62624674719590689431 -0.77474067081379272004 0.062084947837979589935 0.77960026411409910629 0.62319249630040429722
-5.1724992745383593373 -1.2851420121670069641 2.1097299932770003927 -0.54579987779980199125 -0.0073792075527637206872 0.83788307101261350063 0.77539217612953770242 0.3745725618113332489 0.50839194440429302801 -0.31759953808346230719 0.92716823890485045023 -0.1987198786614026158
-6.445390340786121719 -5.1600208009079810978 -1.1780025291731592851 -0.70630418412258488825 -0.00092531149619289911057 0.70790786355955770404 0.14831914278137822705 -0.97799751261547729353 0.14670479611292974731 0.69219638208779965538 0.20861449881684895891 0.69090097662973892767
-3.7713382469644294304 -2.8781045728884113721 -0.40212604547222025042 0.84519876819386663414 0.0041677100301939426497 -0.53443584501478713644 0.53201638088622371647 0.088798868006996406477 0.84206492119633358229 0.050966780477803626248 -0.99604085821501753273 0.072835403849602436965
-2.3377540307610016335 4.0543322633329212934 6.8070076134819084146 0.95687994939215137435 0.0011630411069589001449 -0.2904813415468802118 0.19274304870375019716 -0.75069057825415363983 0.63191278899608482877 -0.21732666570824391017 -0.6606529369160532017 -0.71854493061765944972
1.1247352077764907197 2.2253748518037013149 3.9998913588249114248 -0.99493176782420900128 0.010910248119006723741 0.099958710776573020396 0.053156073764091607559 0.90090265387873980085 0.43075380445926636508 -0.085353436932040435692 0.43388405677108682346 -0.89691661601496364131
-2.8103779522241199018 4.7972516379499641204 0.41766838246852766581 -0.99861402601867677031 -0.008510286800996870113 0.05193844488656924191 -0.05011182831307339075 -0.14791320832402024554 -0.98772996687671987814 0.016088247318622041909 -0.98896372927519293761 0.14728173843480629746
5.1072117473061462434 4.2466484959403398847 0.21740286591037788488 0.99954228122486399322 -0.008707361220903722665 -0.028972571586471436433 0.010935152958941634499 0.99692104250315016767 0.077645717488278725993 0.028207276960508734925 -0.077926997087489582872 0.99655994935154190717
2.6652532056310400677 -5.6302572113735740444 5.8456848323612442542 -0.73630439319331475456 -0.0084142487353717244913 -0.67659813847110905627 0.67258908316528731586 0.10029026596461723675 -0.73318878043769786235 0.074025440026990727005 -0.99492264170178357219 -0.068184831581792407218
-0.009632806801844457853 4.4829706761591658903 6.006793662273422818 -0.99963516355609127739 -0.0024655793374597223533 -0.026897224775314414191 -0.025786002625903796381 0.3834950423094880545 0.92318288252797620075 0.0080387717133226753441 0.92353964367678176295 -0.3834187067773136004
4.4543298557338681931 -6.1990049554286752453 5.3153905766095173036 0.99775516158005828071 0.0029186883200697380861 -0.066903802574095644351 -0.017705770103066488519 -0.95200103164246041576 -0.30558229899111905015 -0.064584388558173735917 0.3060808994532745464 -0.94981226552644792971
0.33164771393002245858 -7.3656262682922433171 -3.0965218448667353179 0.72555317386409012848 0.0018025433855346790352 0.68816374703490745812 -0.11441993828215692164 0.98639322189344957881 0.1180529098580465619 -0.6785872601363396317 -0.16439331689518649204 0.71588697972579895534
2.9570702806094111281 1.0462628742578803376 -5.9789964470683081288 0.90226681759755078538 0.0061350950800677095387 -0.43113449232325923299 0.091164705946316024199 0.97457946831713127001 0.20465545759790054747 0.42143040499256068099 -0.22395807764681158192 0.87877141123535573719
-4.8548251841880558644 5.5715520372648459357 -6.2476585414568361898 0.98996972906744062914 -0.012064942623415796791 -0.14076353465845686808 0.033487029661909611944 0.98799269161143021822 0.15082791574171555693 0.13725361333853719481 -0.15402882354306407509 0.97848687632667841196
0.58457679996340072837 0.18381986021759255667 -0.12237523478556286416 0.99353658091854990531 0.0086077748047763101569 0.11318554938409597366 0.10288578464206421526 -0.48952680705683770945 -0.86589723437108456761 0.04795391219742815847 0.87194576172242121981 -0.48724840781604239481
0.96778909867557560975 6.192560291942982964 -1.1927012179882336973 0.59971389393880225605 -0.0036010957663803952467 0.80020639682887151345 -0.78611199238536955125 0.18425922652712145577 0.58998006141522374435 -0.14956998644315777636 -0.98287108490821595286 0.10767195366700382797
-2.5819529455634007142 2.4626486850731565958 2.1359349994386560567 -0.87287040052304509796 -0.0041653953004297692916 0.48793433305397637678 -0.066433989870363280295 0.99166680782933225302 -0.11037874450941342896 -0.48340851138635704265 -0.12876176346868695166 -0.86587332756456214522
-3.4363944659113840885 -6.5910786708881863305 -5.3269435831315075092 -0.99455629666835665414 0.00045605034183087258051 -0.10419963903711790265 0.0114217931718595192 0.99444189822595796535 -0.10466543695822866367 0.10357275413024616406 -0.10528581609601891933 -0.98903366046399410205
-3.7448124183103153051 -7.1142205755641230169 -0.81736335158100614784 -0.6063020620220538337 0.0015730313816220897402 -0.79523288108579515132 -0.071713972488402152883 -0.99603171849195171195 0.052705994988539769941 -0.79199426496515268337 0.088985062398541092676 0.60400889309033911623
5.0719000959760309755 7.0653299231052759666 3.6349756805540360816 -0.9934708851766744786 0.00047078746493098939593 -0.11408496248608776535 -0.073634928924501533154 -0.76645568906396677189 0.6380623589773382065 -0.087140676773715119996 0.6422970146752440268 0.76148607826456293779
-5.624368657120107251 -2.9733683217489015327 -5.3518637967333999583 0.74742896994553398304 -0.0013553049129909513874 -0.66434034804059460821 0.64504342826264771116 0.24075744166790361001 0.72522743324869798354 0.15896197828770733396 -0.97058436904267797463 0.18082331716000754618
-2.986896603105420045 -5.6070397956093600556 2.7460160502690547091 0.75349053796614218204 -0.0053369553129512707981 -0.65743708908409026481 0.48983178578968378236 0.67155701365797249025 0.55594603968078215583 0.43853942904314335838 -0.74093366390974058078 0.50862606584769443074
3.0096217698175435906 4.5048486528568574272 -4.4594549893320101219 0.96220617556218834832 -0.0075979706340873606404 0.27221599246199784661 -0.15587820459439349907 0.80428565459451062392 0.57343401638366009454 -0.22329635250541859937 -0.59419429200874163133 0.77270426574602979475
-6.2670468303453636949 -6.532147778763471635 3.1829522110962460424 -0.86411500733473201041 0.0075667590818021806393 -0.50323751674114869381 -0.34546941649419571352 0.71820916799812606346 0.60400866986382584223 0.3660001862922718785 0.69578612745614798474 -0.61800123662782613376
-4.3623841467123352089 -4.1248246264662942195 6.157928090989122083 0.91326112106790735545 0.0044659985836378885554 -0.40735019283464019013 0.25339463452589811032 -0.78918302326285627579 0.55944732994909052159 -0.31897536572482149131 -0.6141418489651671031 -0.7218618326317374212
-6.1717039019989288207 3.3647963886841831815 3.2780631360181002876 0.92442332824755368836 -0.0031390354796471740643 -0.38135502703909546218 0.03429003477135419975 -0.9952317194711088888 0.091312748693305703651 -0.37982325324698540392 -0.097488312195883303213 -0.919907780855291346
0.15586769223913801707 7.0235439680482683045 -6.0342207519412260908 0.94706799118660167647 0.009052094724533232134 -0.32090540607925077676 0.21341592444485757429 -0.76449576633683380411 0.6082761432494446785 -0.23982465107493414203 -0.64456518897181924732 -0.72596133085911973559
-7.1565330777510638427 -0.52387183638685086429 -7.428069813740441063 0.97638055512382126988 0.0063111345990839312625 0.21596569439635732168 0.14864740876292711902 0.70578083630250898484 -0.69265962707254991049 -0.15679591654154595437 0.70840213204663415869 0.68817255094038431995
-1.501637287650756436 -7.4022464009975141863 -5.8540691947304432929 -0.76481542827534299001 -0.00058880860804908733558 0.64424918624430183023 -0.58565842358752417951 0.41731060086033022749 -0.69487845936586967177 -0.2684428645969893501 -0.90876372931258797561 -0.31951042664208184618
-7.108235731882359687 3.1997330562598111925 2.4673656185508945349 -0.99576440372916530386 0.0027512383103095419852 0.091900396916923171586 -0.028137807494151373389 0.9424732076287075655 -0.33309535675453671999 -0.087530086571162457609 -0.33427037498082434741 -0.9384038578111683071
5.7417809713127914151 -6.06870764214139502 2.4463384940925849698 0.95492554605615687091 -0.0024867196853745809557 0.29683500082444325141 0.071081189175033310246 0.97278887351051379628 -0.22052045737198075481 -0.28820941350812623316 0.23168000301997904167 0.9291177052267903802
6.7131630091173803976 1.9296889201024338689 -3.0956029234681334827 0.26595663466435398581 -0.0024865776874731203294 -0.96398178686604651944 0.52351152657611743635 0.84005706405201319154 0.14226668857547580815 0.80944595250073847481 -0.5424923465522557553 0.22472050176242686081
-6.4624461782733684245 -3.9384672256192048145 -6.2554684316187909587 0.69634700451453501735 -0.0051946404516910078819 0.71768646706909611233 0.57967743300681084939 0.59367402052199325091 -0.55814445354211972283 -0.4231724506229520566 0.80468886724490662488 0.41641434169105073781
-6.2879677897294632416 7.2774743311848997251 6.1079991108690876445 -0.99060474819429356064 0.0033716372847421450382 -0.13671453806011588106 -0.10232559183081504917 0.64495912819816691997 0.75733559021761942542 0.09072875019232484739 0.76420962766498634622 -0.63855457000376703025
4.5132403731582568795 -3.5834494883935343879 6.9980662255666796767 0.96612625988104305907 -0.0043388214634891052526 -0.25803337884183635831 -0.12757578378546266529 0.86111269829894188099 -0.49214768131099811965 0.22433116002857306226 0.50839560920275461697 0.8313900619946836823
6.0245196268221103963 4.1481756113599654867 -5.3573600695451188969 0.99996849660856323982 -0.0033175140671348347238 -0.0072110949834064061448 0.0028977848816831505707 -0.69319281474874472337 0.72074636622305265909 -0.0073897654377128758896 -0.72074455647021340443 -0.69316136338200706746
6.3485217626548919867 -3.7268293221019490602 -5.9084267602789726226 0.95253217175848980958 -0.003289921985857518355 0.30442016716803244059 -0.018375550095749645235 -0.99873976096737537844 0.046703629639486099467 0.30388287369305594376 -0.050080597801430190574 -0.95139220766197518664
-1.9876076756142946333 6.3926364973135809677 -5.3228407810320534921 0.99368208936355584271 0.0041975857255996092479 -0.11215295605572173088 -0.10878736947834216631 0.28168442573565621867 -0.9533200892354272149 0.027590098222584211879 0.95949792317237303507 0.28036141301553690885
-1.7297111443798274255 4.1279304013149271668 -6.1245408396238509852 0.99975349490103337935 0.0069547284355006479956 0.021085093919457321976 0.022199768413597838201 -0.32792558607295696493 -0.94444268236934281191 0.00034599940221109390381 0.9446779566344609691 -0.32799914410447983393
-0.30754438452240956403 -2.165306303358133011 -5.7542117995751587145 0.95425265616762389165 -0.0092995624048032611564 -0.298856799045888466 -0.15580962026344383209 -0.86854863624753853024 -0.47047489699869227131 -0.25519645458010520311 0.49551668449375696479 -0.83026380443693836853
-5.333084172873583384 2.0371110850569595918 0.2976425104847909564 -0.99607497293633928681 0.019413540680139326766 0.086358339077153248309 -0.084723868268400698289 0.073313485952197041118 -0.9937036776238389324 -0.025622537648281713818 -0.99711997633966076293 -0.071380938272461974536
3.1169839884879411152 -1.1107439601408919394 -2.0141598146724652985 0.64187329489117728176 -0.00078222438128303138985 -0.76681031646074437891 0.27025448812353541905 -0.93560329378554318858 0.22717611737751650103 -0.71760796048734620811 -0.35305221254464425051 -0.60032736924336882467
-2.5508413116022796707 5.9581642400472478727 1.7231116026840169742 -0.39529293173468582623 -0.013003916874829029443 -0.91846306200448746271 -0.75914368368004514487 0.5675725603955749099 0.31868833711735711223 0.51715023508581570155 0.82322067930282116777 -0.23422926272951727356
6.9623923277485344485 5.1180280073072186298 -5.3321306570932058833 -0.94971937038950215992 0.0048451821203488367601 0.31306491613878312252 -0.30098076705186543878 0.26139405090889605843 -0.91710617052459508791 -0.086276853046840656924 -0.96522001344758479036 -0.24679268682173785554
5.1544884669538637567 0.48015183028576807756 5.6893773385935029197 -0.81378266926830200578 0.0076380615911291497785 0.58111911620050005212 0.32620379651206649063 0.83355166041482509076 0.44585054957995423619 -0.48098737024968529763 0.55238871226219432575 -0.68082145987447606483
-6.4639007876142065001 -1.3205055943149706099 2.1043929951948174839 0.40070787831191362338 0.0024619103419561399332 -0.91620256234974795095 -0.61005080380968734755 0.74680462699649863278 -0.26480344761338764359 0.68357239048258278125 0.66503893727674678882 0.30075238798033371301
-6.2563545435087934976 4.5190622761865233414 -1.8754484958528379046 0.75159629400950000999 -0.0046256427361043659513 0.65960716662296170476 -0.65570246574685853158 -0.11410820375414251759 0.74634683241063837222 0.071814255162717902103 -0.99345755886456921235 -0.088796348405388900171
-4.8689287492691413206 5.2805201590235419928 -0.47464703263388863252 0.70604444566399804373 0.011165928821922764536 0.70807948902695716509 -0.69829277343251106025 -0.1554164434801950101 0.69873666832928704729 0.11784923978973883829 -0.98778593385894897239 -0.10193382927908926916
-1.4102440031064156223 -6.1980774914410901033 -3.9082259563369738942 0.89966105745536339988 -0.0093198092628741877747 0.43648954495335628989 -0.38624358593281837848 -0.48307416190214347296 0.7857832057433680184 0.20353347150791933906 -0.87552983687479846164 -0.43820272787615688337
-0.056477653665667121308 5.6693580910091778691 -3.0551967178885637288 0.98202748669091011191 0.013171168752889449161 0.18827781520196115728 -0.098464850738403317254 0.88680111339474709808 0.45154009617171630975 -0.16101766534329250979 -0.46196353275491680579 0.87215996574719878431
-2.6010526054026259501 6.6407014803253261448 7.1490413610430190161 0.92455161637653837658 0.0021082635224230804674 0.3810509990546430692 -0.20625041208685107597 0.84361177770397210995 0.495761975178784009 -0.32041391382027228918 -0.53694946107061736207 0.78039746289073830265
-3.0447988893883630723 5.6839546522767241399 -3.7409750354123092464 0.95499160966335250311 -0.0065158912708172325723 0.29656123926365041132 -0.29319042825134294938 0.13113404154461313911 0.94701807582010621989 -0.045059940683664319316 -0.99134323335008933675 0.12332151246414073398
5.3603324510596106478 0.66152954729418278479 1.7477583011249211431 0.99838572521940682769 -0.017726576039433079163 -0.05396028335605118631 -0.043631446122510721131 -0.84760476235496329256 -0.52883122425061335203 -0.03636262624197621196 0.53033191053818728999 -0.8470099315106213167
-7.3249994434099887641 -2.2388078989085045123 -1.60080689900923967 0.79279757721915211643 -0.0014485403766506541393 -0.60948330845577169956 0.46439786154764006731 0.64906826703785724941 0.60253216587531022164 0.39472348263741952046 -0.7607287863984854015 0.51525244861071195501
-1.076019036169124421 -3.3171053710201565679 -1.3188906248575409386 0.99083403130036529216 -0.0093641727492312365477 0.13475991498126624335 -0.067688224707838098859 -0.89773638599550209527 0.43530183263540900285 0.11690263749348617228 -0.44043352906939287061 -0.89014160661013663756
3.2855829956402158309 0.22611579848407936666 4.5409677348332513347 0.89747992216731053983 -0.0022905032727686775937 -0.44104936560593854811 0.38345683330682900358 0.49814108656826128207 0.77769937306323322357 0.21792348725395069287 -0.86709296587352124863 0.44794993273325983685
-2.8665710996311308811 3.9013931912264565582 2.4502786083933991712 0.96111437790262432834 -0.0041815049919641357826 0.27611893742549709074 -0.2692325492875748405 0.20821746901079773995 0.94029746357352839148 -0.061424644834550165551 -0.97807361717548779723 0.19899500594797486785
6.9413070204967448618 -4.4096795687474443781 0.916504335551541649 0.69528449616460685778 0.0076784373035565026133 -0.7186936141317323834 -0.38327742360650390863 -0.84193768342617725242 -0.37978856457343523889 -0.60801141925686619238 0.53952013755531513794 -0.58244324635579503013
3.8794795230336371894 -4.2690133428435794727 6.4213445826655108917 0.72223739965740640923 -0.0014681693932071578773 -0.69164368211884208471 -0.13862927028160013099 0.97939769852324820576 -0.146840299470661656 0.67760981689867183508 0.20193561500157414246 0.7071541157601727301
4.0987653526452980657 1.0380140495867700157 -5.3712683990455740712 0.86447381064163986153 0.0022739328870313760787 -0.50267271653023537503 -0.121158351628761915 -0.96956622180622165086 -0.21274866712413634251 -0.48785826276208266172 0.24481864872128755728 -0.83788910047384468349
4.7658088601611829915 1.2370110814425487877 -4.3627710348290715814 -0.97125323590736445389 -0.0018870578746011867563 0.23804115348407067776 -0.22992815244013739551 0.2663913025686298619 -0.93603884461660924465 -0.061645733468871602434 -0.96386311939422997241 -0.2591673023680057808
-4.6017316455079084747 4.1478207843524277365 -4.8421264851557355158 0.96689443020294607578 -0.0076103789371311462292 0.25506321368435358465 -0.20052918718684228927 0.59548814885662770813 0.7779343864732390923 -0.15780749642755795281 -0.8033280442657203535 0.5742480712788683439
-1.4738349853922287913 -5.5886600238546773056 -7.3082685233595716667 0.89150355419206983587 -0.010644278014828395529 0.45288863113186023091 0.4521180878577893969 0.083738444041668788631 -0.88801864148308284896 -0.028471871992838022891 0.99643091699083763402 0.079465591108381083973
5.6165989827201183715 -0.44617364700614847717 4.2606190075203906886 -0.29440408167243897752 0.0061786368407808038572 0.95566105975995641053 0.74830232113587336062 0.6234936878741850208 0.22649339364295009713 -0.59444921808128636798 0.78180396879780478248 -0.18818257489648579361
