1125 14.717824617146108679 14.977075390850430381 15.033177056927090831
-4.3057908003667941799 -7.2495499861200691782 0.38750837993688702632 0.82820385950630648342 -0.0077387019339653787334 -0.56037351792459610955 0.22748323244497858919 -0.9091835350544171801 0.34876450298507649661 -0.51218136051128593245 -0.41632368666512553634 -0.75122888780074370541
0.28314603282312206245 5.0320009768143245665 -3.3338229180195240176 -0.99996568115605766192 0.0043637844685275985548 -0.0070422933196282525015 -0.0026346809503347747711 -0.97340734875209189436 -0.22906591158813024989 -0.0078546143366471123104 -0.22903949611485796556 0.97338543971705693281
-0.92117969357462037294 -6.3340067507562549665 6.636848023997590218 0.96451841186444786658 -0.0045382742872436274487 0.26397658464501722042 0.030306828134838079136 0.99514599082011068187 -0.093626668866279766368 -0.26227033637594127091 0.098304938945509373616 0.95997417133804452405
0.53297604346052940283 1.5569362972706619619 5.538473967237420581 -0.99909455471051389353 -0.0045360939058846690836 -0.042302418369440659973 -0.016505751838879832716 0.95774887688896392923 0.28713176239162785386 0.039212637045444913297 0.28757001350979305432 -0.95695655932018142131
-5.7174650213511686303 0.6499551419066329494 0.97878382525223583954 0.94516717370344860427 0.019850511639069499947 -0.32598308382670426742 0.20556572492370761562 -0.81177564100995125429 0.54659220759130600076 -0.25377499185321400477 -0.58363196095710623279 -0.77134427310979924997
2.1181156053312482079 6.906769875384062729 -2.8526214238679803437 0.97270429939897251614 -0.0027838529327766019066 -0.2320314549660467407 -0.2309798693612011844 -0.10745370838129214563 -0.96700672205781246227 -0.022240635797959817932 0.99420619124907694264 -0.10516369811557078895
-2.3564701477455947121 -3.9949990868267541977 -3.6277283759830560861 0.99967541343366661533 0.00066104052757981089303 -0.025468231223816997083 0.0036042694387173660441 -0.99327845193502739551 0.11569324164979272185 -0.025220567362011385437 -0.11574748354516216364 -0.99295842966110137162
-2.6552077759039924842 -2.6003305000323675422 -6.3638585989253124708 -0.9952414455428617579 -0.0042455506183823356336 0.097347010091816316146 -0.067633802523457284273 0.74928417976686190194 -0.65878591872273650765 -0.070143665644771299728 -0.66223499850957889823 -0.74600581292560974589
-6.1430924780979658806 5.4889119828381804922 0.77900021564193522305 0.93085474323117733952 -0.010509716285305578318 0.36523826862427150042 -0.30342367279504722788 0.53468610178868758442 0.78869819788157768947 -0.20357682036920099478 -0.84498539538716810338 0.4945261972744462442
-3.9786846418520855906 5.0832038842186157979 -0.677035439695857999 -0.9775258262079686844 0.0092740018757973344266 -0.21061161408043896359 0.2019949924871927982 0.32716199776473348093 -0.9231267790659528627 0.060343036934315696929 -0.94492275880511045205 -0.32168260410808574568
-5.6649304256438730576 5.9835968682317011158 -3.0848422832183182152 -0.99286910627433888621 0.0058547383942867525092 0.1190657794849105805 0.056100300097271356414 -0.85833293854748748952 0.51001698298537978538 0.10518409639775787301 0.51305973204181631875 0.85188380500054028399
5.9919935490427134184 6.0457693624707946611 1.3369115904201067657 0.63122744971113609047 0.0074085545196846368243 -0.77556238952843470358 -0.76965256584618646496 -0.11759054845830550773 -0.62754074831803197121 -0.095847976595526629406 0.99303452922495039079 -0.068524369018149136612
1.9606972633097337066 3.9017261850378344157 -0.18289629430652062925 -0.86029247600115787975 -0.00042424986706807426423 -0.50980062352634980538 -0.4762517215214419064 -0.3561022821964474061 0.80397478963119639594 -0.18188225170049826529 0.93444688700142253257 0.3061500643308869285
-5.9286032163198685296 5.1331050477550093092 6.3294076758078032796 0.93894390150455242505 0.0053784022011430683563 -0.34402822939010913039 0.1531750256165366475 -0.90186317292020001801 0.40395572635846288545 -0.30809375416408196768 -0.43198829859167481304 -0.84762276309987338863
-1.224376125336289256 -1.7262451462183343587 -5.0693072314369036491 0.88302521065876782291 -0.0055303348548731666445 -0.46929297111442924706 -0.35861572621207238321 -0.65299345885941695311 -0.66707893356043956867 -0.30275607054926817474 0.75734335547568998326 -0.57859295161829249476
0.82971622995396376865 6.1449715469049754901 6.0343355784120848995 0.81710096279872679315 -0.0015740122741478334081 -0.57649244494508322667 0.033840412661152279028 -0.99814097199962426021 0.050689510616140312504 -0.57550051525979706302 -0.06092719016118738895 -0.81552868400480782451
-4.3979301684040903453 -0.53439931580300847891 -6.143553853087130534 -0.90486681880689978641 0.0113500402969701885 0.42554343703971397872 0.016027573255959968318 -0.99802737017196585523 0.060699961146063317885 0.42539294436774049979 0.061745809354671533919 0.90289993792743961087
-6.889756968284255656 -3.5695624384534534457 6.045570858974581796 -0.99548784287306557594 0.0017735699459097600383 -0.094872594259745313128 -0.015359001394975540719 0.98362921275791970199 0.17954852515565061788 0.093637897072051973213 0.1801955223057611355 -0.97916368293204003592
6.6734637848397833082 -5.8390418696132782017 -5.4130789510341150716 -0.99964097014144648323 0.0047321384492134341282 0.026373048368225061183 -0.014680843110992930836 0.72665530466981265167 -0.68684535453099204716 -0.022414362807916962672 -0.68698593512600170108 -0.72632494193645358305
-2.6657714728465391474 5.3018814935272802202 -3.1896004533900281785 0.87490177398170165812 -0.0026029933967336906647 -0.48429341344779086587 0.4772413666877923788 0.1747461910710979005 0.86122264637430290257 0.082386672499131050063 -0.98461007161810332189 0.15412800869080511834
-5.752084053380460027 -3.7376046809930150161 7.4051441467715051203 0.90824632623717715951 0.0035665090220387205 0.41842071039816552958 0.28888417001236021964 -0.72875521454503944252 -0.62085567855152812289 0.30271198719735770144 0.68476500880724799902 -0.66291955433539317966
5.3711734740135703703 6.3555050707123044162 -6.0842546734831834954 -0.99317500081748355534 -0.0038709204599969440977 0.11656943735675047435 -0.021404380099261613446 0.98852396575148804292 -0.14954003359481990443 -0.11465282492568892869 -0.15101451953290606633 -0.98186014514632313777
2.867898886229703681 -1.875416332717969814 -2.4845542091805783436 0.67135616201209391551 -0.0063963023696048046385 -0.74110727364160522423 -0.20041642925238145612 -0.96427389909722782679 -0.17323135514568047122 -0.71352236027625470793 0.26483001120694216191 -0.64865314810761731668
-6.5114940375807348616 5.7353935872842063404 -4.7066213123221238845 -0.99890608902206101671 0.0079289156603205620394 0.046084244717625781618 -0.02125161834894678109 -0.9548398420070931536 -0.29635999195814699547 0.041653259563867894855 -0.29701516529018007207 0.95396383451124777686
3.8923416812946283194 -2.3883439485136239711 -1.5528292769747285007 -0.99906525430693571277 -0.012002843518201978742 0.041527694181761956593 -0.024159846755873504859 -0.6415847088985309199 -0.76667161360801239223 0.035845772990788005163 -0.76695827334675925613 0.64069500349523034188
1.1910891622161066117 7.178099365725759462 5.4715277550782994709 -0.98463864295100944624 -0.015207677999622276621 0.17394099383785782686 -0.174506541095619222 0.11908259741103843776 -0.97742866855269372461 -0.0058489248835196776949 -0.99276787897456320042 -0.11990716639972523461
-3.0035115585958491735 -5.6844354532602663355 4.9423109270592320286 0.999525721111878096 0.0090597036948874120482 0.029432203534669441197 -0.030789967918332713376 0.31130593485985336155 0.9498108194776061497 -0.00055741504568161161226 -0.95026656086070293572 0.31143723701324455
-7.3309264063766406139 7.3161657265528399208 -5.5268073760414200279 -0.92266823799297004172 -0.0023366894611200478282 -0.38558768455591851954 -0.37786747819733618181 -0.19371101652102312718 0.90536854981778058793 -0.076808147482111233106 0.98105585058184729963 0.1778480433392857496
2.3535163236095524297 3.7612358268258803129 7.2736203284964311422 -0.19983400189983960282 0.0048909760155615798066 0.97981755956833893606 -0.97446722290155363133 -0.1054699999157205359 -0.19821632275935982537 0.1023718866446200193 -0.99441045724157672847 0.02584258797870741392
-5.0850901581000931273 4.793892955224746899 -2.9655232642603159832 -0.98034029598424710095 -0.0031052449770301842474 -0.19728979072187696753 -0.068935851003954135008 0.94225862093668077968 0.32771411278239365172 0.18488037352783223688 0.3348716899411794401 -0.92394815804794117042
3.0878617517582873653 5.7319960904471320973 -0.55616152532562890265 0.76534784916456011228 0.0063914394053006641852 -0.64358512978579629493 -0.51835406868154954019 0.59885511561065829511 -0.61047654335628753763 0.38151242346798808214 0.8008318799905479457 0.46164550331425924234
-0.47008779574242698374 -7.1328371227948439426 -0.52943740813031037185 0.98704708007676533743 -0.0066428607550155808689 0.16029327532097509268 -0.011540366277883250951 0.99361410591405896486 0.11224004844461471508 -0.16001525445498174238 -0.11263605519402102029 0.98066724091922119477
5.3398262746518758703 -5.6183988521892338497 -7.3325706870776361512 0.89265758209428136549 -0.010720330864031025683 -0.45060794004969140225 -0.12758548038104816635 0.95282101717204215063 -0.27541614773133926697 0.43230126801285917448 0.30334334299836629434 0.84917514679432626323
-6.1098922954828918108 -2.7334305943220833512 0.24201230017613223344 0.95848138081541200961 0.0027251905144825860385 -0.2851420978511654547 0.25326714734218203073 -0.46762350829519100381 0.84686717173762227073 -0.13103127377632714512 -0.88392354184421506602 -0.44889862716007822296
3.0327958949536863997 0.023869098618804499012 -3.8480950527915234183 0.97291201631967594299 0.0048362771955162897272 0.23112511530279852834 0.21415482039826530536 -0.39538118037503833246 -0.89320290813756442194 0.087062744047178078355 0.91850439989593635204 -0.38570681348773866448
-3.3821418177123829807 6.8189492055105649371 -6.3313889898930968414 -0.99836064693394688252 -0.0030610663304272683199 0.057154601970203097738 -0.056334785513713160621 -0.12400173844822412472 -0.99068156377460958595 0.010119811983692814095 -0.99227727915872843134 0.12362601130293976448
0.5057589128697675962 -3.3994677045965779882 -2.4743917741088758966 0.76169009594030800958 -0.014572570806842728014 -0.64777761456116256245 -0.41758796010581489266 -0.77546491041930121213 -0.47357625392633234673 -0.49542758635450429017 0.63122247495504468784 -0.59674927213234973955
5.2721757775201183449 6.5133471729390048921 7.1077348622723244276 -0.47507120441674638434 0.0017510575050909134125 0.87994561453055863964 -0.23013331601359993117 -0.96544046972107921967 -0.12232479832542864084 0.84932090966523654529 -0.26061779145401697821 0.45905594341325167695
-4.459927291941871097 6.8496443612356703312 -4.0037696413710506249 -0.95470194523076401527 1.2531152632760359129e-05 0.2975637673097203395 0.023305703818214892203 -0.99692498671331564175 0.074815874226618742093 0.29664969230069265782 0.078361793686322039898 0.95176593201690329327
-5.7030483485285508038 0.99605619212930873729 -0.048224381613234348909 -0.90659724511159212046 0.012469716570759448865 0.42181268511615416239 0.024981370970959780597 -0.99622447739365449504 0.083142779278073994376 0.42125688868030469747 0.08591447381158394403 0.90286285610228322884
0.632360966401391833 -2.6198171884325063274 6.9645802621511636588 0.93623226185881602834 0.010928021941633982161 0.35121180246571759298 -0.34371735024400956737 -0.17914035483332718668 0.92182813821843911928 0.07298996503625501675 -0.98376283300730149595 -0.16396082885061746826
-5.9034277736643288037 -5.1370355553998150455 -1.7705305341893251558 0.98784141669113900708 -0.0028646743562490998777 0.15543850588078106378 -0.05011258476554389385 0.94059579385343694558 0.33580988882596846112 -0.14716679081146449848 -0.33951634161856475425 0.92901592529744636551
2.4288071585362436267 -2.2415606783941335323 1.4051103810550753526 -0.8934233331708922865 0.004182382508155103179 -0.44919623264496416626 0.44799497808708071966 0.081964122880648887515 -0.89027095997178040676 0.033094521519561062584 -0.99662650488388537795 -0.075102346224523955365
2.0633846037045597832 2.9578698393955473733 3.8909804971368409099 -0.98948170905196997094 0.0039434013096410203136 -0.14460427738392847563 -0.11999409062273230786 0.53592208981435607296 0.83569667455640828102 0.080792113892604294767 0.84425823255392629108 -0.52981192049407765943
2.6000552323391428189 -6.1428770485744346175 2.4892662913655967394 0.99941470519602437772 -0.0017351781044685778664 -0.034164838575089659378 -0.015327454266204770805 0.87014182378634574722 -0.49256296617126243964 0.030582939421038894678 0.4927983316272716019 0.86960593843519429225
-3.568679455860642058 -1.4992823503889554093 -1.6912843711787279855 0.93949707372814750261 0.0041248002054708535202 0.34253209262726891371 0.20705257762357962004 -0.80343627289297969707 -0.5582287931478374654 0.27290012560607135317 0.59537647033042706557 -0.75568007782469492906
4.2610650650330619271 -3.5189416415787553305 0.70113609241077579082 -0.65058327623184786237 -0.00045701058894064526539 0.75943478444743028888 -0.75510521562880961177 0.10701916656492756197 -0.64680987261938349686 -0.080978478731159431181 -0.99425685269404839861 -0.069969971082739307322
-0.91500614054164297606 3.5523560661841813157 0.2056747371771492916 -0.29791163871079034964 -0.0019225813672964905607 0.95459151431464772664 0.46003107679280780262 -0.87650639541244634856 0.14180249358108079627 0.83643294047129013169 0.48138637546349150043 0.26200590377440413636
-4.246369832125255428 -3.0101945933504730135 1.6460789298339029152 0.90453057379495205303 0.00036337172431168650311 -0.42640861744475144768 -0.19954541978423750992 -0.88338467383840135749 -0.42404379900030475525 -0.37683692296975029867 0.46864846739153459554 -0.79897593674545697162
3.8013878277158119623 0.17659358240133360418 1.4212602266334306567 0.88399249505188670639 0.001241194708953801849 0.46749944184744540721 -0.07464466891839896534 0.98754212629299020776 0.13852336336810905371 -0.46150345837707990038 -0.15734995466302953426 0.87307247675864163572
5.6101412871498208546 -3.8573692508733459228 -6.2610772443196918147 -0.99392842027836392216 0.0031566895658484556142 0.10998331997964355677 -0.083287458205041478565 0.63160495528740245863 -0.77080372324100443482 -0.071899197968543201998 -0.77528395815174422356 -0.62750720279855098926
-3.8290256763014256514 -5.282251169737515184 -6.9932432999912244043 -0.99263778606842156815 -0.0036857629369435778235 -0.12106461423948999823 -0.1209421438277932942 0.084417013989222161596 0.98906358015833062414 0.0065744593478079468851 0.99642369647696504842 -0.08424128194397369207
-2.3731031567029843288 -3.419459539247669877 -5.8367382161025300746 -0.92985075245664827737 -0.0034021758908202442973 0.3679211917721755265 -0.28423976622594482322 0.64160167247749877451 -0.71242897833395457674 -0.23363504328694359446 -0.76703045511459244654 -0.5975608316105158746
-2.859985330130393244 -2.1242044008492961815 4.0884696755675840052 -0.44469323165844693024 0.0058872821513713370981 -0.89566359177197685248 -0.50593008175063380882 0.82352200491040605801 0.25660526067941225037 0.73910938439236451014 0.56725377683843891674 -0.36323610856538429692
-3.8650859828797057283 -1.0359529415031367705 0.34214583881548754629 -0.99406840624145798024 -0.019443018513308284179 -0.1070045454349060482 -0.024425385488850714227 0.99866794995231855658 0.045450261625833938972 0.10597831974684197853 0.047794296408929987097 -0.99321916059567860735
-1.6256280197401244969 -1.9134159998812068082 0.077231901544448006147 -0.9839297475110255764 -0.013857395946723050431 0.17801748380526014048 0.088916909192557638808 0.82654832263551725191 0.55579821303056065052 -0.15484196854349924211 0.5626951598565146373 -0.81203332557945751002
-2.8269684039757847493 -6.5425013274055086043 1.7267394235620767695 0.67499248457033456106 0.0039636567486281415462 -0.73781395703705543454 0.030599901299996443149 -0.9992755884216724116 0.022626188915316310796 -0.73718979361760861302 -0.037849541735387445818 -0.67462479970458322232
-6.5528838615600664141 -4.1289152737776326774 -5.228345007921018528 -0.99692091240806057773 -0.012335437529626876521 0.077437273870442829837 -0.028822431715092956123 0.97606184026365205852 -0.21557493224225085515 -0.072924356929351397127 -0.21714308868157222721 -0.97341199766808883531
-4.6431092921993242228 2.3485392889659788551 -6.3725834742172526859 0.7214971685630890974 -0.0033975459340025325125 0.69240904993874952122 -0.50602856529081008397 -0.68515531683498720472 0.52392488290066818735 0.47262768313465503001 -0.72838907768750915661 -0.49605687641694162782
4.001252719741461128 1.3648591736689084097 -1.5244850120836104246 0.99870971912249018043 0.0062997279380733834861 -0.050390578068561113489 -0.041427515621494249987 0.67496645786970588254 -0.73668449264260360554 0.02937103810911540977 0.73782151918917504574 0.67435654363376351661
2.3855942987121130372 -2.3398521786490280583 -7.3001073726719338808 -0.28766127030631294392 0.0054749158963035620892 -0.95771656499278401409 0.079169214646631638765 0.99669719064758810489 -0.018081637297048987201 0.95445441432157840378 -0.081023055058598955624 -0.28714462476419766457
4.9142941175648386931 1.8806102841099265888 5.1209668004950135156 -0.89584933615117889882 0.0067384453218221687654 -0.44430683122370384641 -0.3270942154057682183 0.66678919157767624348 0.66962791775974739306 0.30077124391390941405 0.74521591995195290981 -0.5951385481420851109
-1.6853312795283397207 -2.3630232349695465821 4.2641803824735511341 0.4261829546839561722 0.0079619923683487241195 0.90460195435033541322 -0.76722533989071906024 -0.52662967366159341154 0.36609625052545696766 0.47930508756590173292 -0.85005752363984521391 -0.2183319480443180749
-1.9830028810877879941 3.0941007605233621369 -5.1717904620404846483 -0.97007679954547487711 -0.004049325978691837094 0.24276450717264039247 -0.07567986086251586586 0.95509177425562263863 -0.28648256737377481018 -0.23070232257927741903 -0.29628247620862130374 -0.92681882406872340141
1.8800999817601262709 3.3825643603017341299 -5.909342291100465161 -0.99366178294127482928 0.0048307369439746427817 -0.11230727982897389938 -0.11239931219370069559 -0.028213181247094050452 0.99326250861609544085 0.0016296442543214675024 0.99959025624726671744 0.02857733149027937708
-4.6513041754664090632 -1.6566803401349201597 -6.9021749289784430914 0.87460156713494785485 0.00011560686002205170647 0.48484233045421004649 0.1218206053758878471 0.96786767804194739906 -0.21998158538338699608 -0.46928865197346081306 0.25146002552488816439 0.84648450469699287879
4.3792052169507114101 -3.3593443575319139605 5.7520997705776206743 0.99877565653100930376 0.00057659332929649309563 -0.049465699846298720466 -0.049162126687928131563 0.12278484848940254826 -0.99121489409756091682 0.0055021105652012791687 0.99243314561812856489 0.12266286421636246606
-4.8339445554522164628 4.6314550178622759802 0.52655660105389356929 0.79284307139536469577 -0.0016491914135132509228 0.60942361646734177771 -0.087388236851607653533 -0.98996966256204044221 0.11101064483567456287 0.60312781414920635381 -0.14127047594788469387 -0.78503470778370243455
0.36166687380197415358 -7.4170033718919219368 -3.5332110623291477225 0.67031718328510692118 0.00047606369126877408696 0.74207455633249019833 0.56527717096734753088 0.64754058118758683893 -0.51103122771351872089 -0.48076667290456498449 0.76203081898208113731 0.43378847050779928418
6.6406589949533669781 -6.7752133211669445245 -5.8370584115742589759 0.98333633979397017111 -0.00070425920033642620734 -0.18179424319680687061 0.10379453449296689727 0.82315996757523957061 0.5582422076402029365 0.14925259612448499302 -0.56780909802550405541 0.80951620783620592547
4.9479763018086764248 -3.5821587359482256474 -3.5392833113818218393 0.88373052223919401627 0.0029675409816917438025 -0.46798670682326820591 0.1215232306732954709 0.96422366097357170567 0.23559464345679820285 0.45194299249959463127 -0.26507343382416309607 0.85175325430028114848
1.3565931869979368507 -4.969403331846577565 -6.1019836412767594069 0.99341111000349013871 0.0029980059347954105507 -0.11456604419298060948 0.10386719438421583572 0.39892986776078642741 0.91107989031652669709 0.048435239778059815952 -0.91697653872324602631 0.39598996828056093333
-1.2268609513539181499 -1.5360434568908789554 -2.4782177441930510753 0.70223710649033399545 -0.0024267885288402025676 -0.71193901211085808267 -0.16868967194253797759 0.97095083247408930927 -0.16970054654517288673 0.69166960381956965609 0.23926677917179556276 0.68142832898024796595
-1.6055140474198752454 -3.4786072910505136946 1.3531691653896942285 0.97281246478299598923 0.0014811985266920211363 0.23158953865351872281 0.20113176730131965275 -0.50114189688153121249 -0.84166668662374322096 0.11481254524252798577 0.86536385713803565256 -0.48781499998875876845
-0.67833918006921689603 7.2476549000593655236 -6.6504255616154797082 0.89952267610702829614 -0.0067099692658223785216 0.43682254003398834907 0.11455748560569554984 -0.96127126908550408757 -0.25066736868324074328 0.42158692776346889941 0.27552227413277546875 -0.86391662722499451554
4.7695509444280554945 2.4704414060396722164 -2.7368387263214426497 -0.99341354957490901612 -0.0039690487640158039415 -0.11451535343698063252 -0.063563831371201584552 -0.81243895896109163957 0.57957102869561583081 -0.095337080206477409217 0.58303274746266497974 0.80683558208827665936
5.6596005568259286633 -1.6588780634504296518 -3.5273858580522490236 -0.99636627227054241907 -0.0037981400321561386256 0.085087164801813539028 -0.01656959431067458674 0.98856209207758438673 -0.14990142978546738828 -0.083544599024104354568 -0.15076658860518690752 -0.98503286023067249122
-7.3312392056268382845 6.2110739369551888345 7.2734891586938932306 0.98392869171788488458 0.0023409472642577414635 -0.17854649136934916398 0.16358749562253449561 -0.41264343589374624655 0.89608287902940497727 -0.071578354901146182265 -0.91088962820958996325 -0.40639466572523186283
5.3459263718414078426 -0.50741647551223356682 -5.5122371240310270579 0.72973997605029605751 0.0097005110848876197061 0.68365595692488523305 -0.42214526794290607725 -0.78016222507877219794 0.46167117661122225591 0.53784099890915137987 -0.62550204048013535729 -0.56522053859314191904
-0.37814748937727982181 2.8739719668233667527 2.3566945926291507085 0.73640770170806790773 -0.013183481511830661553 0.67640955986755968432 -0.67369250217461817964 0.077313315468542073705 0.73495650467559359154 -0.061984751179384740827 -0.99691967934557645936 0.048052508308534414017
6.4980696555574599671 -1.0809091784784687906 1.5191393246123261473 -0.86018889530632325346 0.0098360867209103843012 -0.50988068779822448562 -0.42622549177949259347 0.53510174906423857433 0.7293818946928575242 0.2800123114237924038 0.84473035315795441669 -0.45609619150429292489
1.5499585013250400944 -0.36510953849109578639 -3.0657834722540395767 0.99447292466002701339 -0.0043188526510798772723 -0.10490447859802538855 0.017681800512771281286 -0.97799381991173051087 0.20788324161675311719 -0.10349374883904907674 -0.20858915534183358753 -0.9725120092959981255
2.5673299463142544852 -5.9167256698145127558 -6.7491759263703015037 -0.81553106928712837398 -0.0081195437435316961811 0.57865632981675718671 -0.3292387049726409054 -0.81580571557701586638 -0.47546073400429278433 0.47593166544733378487 -0.57826906145958478778 0.6626416394879139915
3.8740749257124234006 -0.073935055852989206571 6.071206972170362981 0.85723632157508189433 -0.015329388713220844578 0.51469495705132395358 0.46256534787049202739 0.46207403478718456213 -0.75665109880640812889 -0.22622817667545130904 0.88670885651221453827 0.40319748989911324832
6.8946955094596384939 2.5576182636931323877 -3.2936779812283796254 -0.99653749057064588968 -0.0038187569949564115039 -0.083056890033911145999 -0.056232471668497416295 -0.70487430749180368661 0.70709979477292761452 -0.061244910132511098944 0.70932194928181735438 0.70221893541110569359
0.87510746935390826273 -0.047129222535423641316 -1.6459480090854936574 0.91394233529188051435 -0.0030630747185293946688 0.40583250896693595644 0.32286031457024805258 -0.60041211042117248464 -0.73161910509173222472 0.24590775717076010509 0.79968488495970835306 -0.54775310106876162752
-5.6769526877642793039 -5.9577495029893157152 -5.2055276158396699415 -0.98239636339628022554 -0.00029394442214124359529 0.18680818714011768189 -0.0063813169196735930813 -0.99936234606967211391 -0.035130898829128828775 0.18669939469710167268 -0.035704549497881155062 0.98176805874140082864
6.9502508169922094794 7.1768483345104314708 -6.652437613416365636 0.99978268463807640209 0.00023735789198520672316 0.020845315039111397826 -0.018726701836087593367 -0.42911449165027354402 0.90305595822967443809 0.0091593742248973486486 -0.90325007429673354054 -0.42901679354876914863
2.733192010614218681 -4.0741407378208451817 -7.2279153879524367099 -0.62905865941440641809 0.0013565064799311401297 0.77735665103341566873 -0.70595941449948995672 -0.41963589711201393362 -0.5705497514979532836 0.32543280119732692635 -0.90769150802746167983 0.26493323339980390241
0.9507465491099887922 -2.2688430963521346584 -2.1607700191413821145 0.90766806565561852782 -0.011869845626300900426 -0.41952090454936158403 0.20978740941802742626 -0.85292524456963758617 0.47802486339656519165 -0.36349405144896540509 -0.52189810685661397471 -0.77168286272329777997
0.12996952137664127824 -4.0909771381312580729 -4.3104874898090566049 0.99626974521047451105 0.0033874789166845405315 -0.086227140535484081418 0.046932487704879399804 0.81725288783558758254 0.57436491790703558813 0.072415028662355801492 -0.57626924463406781207 0.81404534352376145545
-2.0739707163936165202 4.4746520392243001041 -2.6482212440681367482 0.97848865651639760355 -0.00058729480790994459741 -0.20629979193753994471 0.14341730072893257852 -0.71689054564448639884 0.68227518159262079411 -0.14829506708014744687 -0.69718548511170219673 -0.70138503864092638374
-1.8314097058415537145 -1.0144341353658450355 -0.37264236695095004359 0.99948546020613848739 0.0021027297365929296762 -0.032006145722966852785 -0.029558079683041357105 -0.32710046619538479806 -0.94452718591912687707 -0.012455310587960120514 0.94498722930122347474 -0.32687000733581722534
5.5184358395588137824 4.7840974856046454278 -2.7445185239423084411 -0.96258383884581610879 -0.0010078213597582309086 -0.27098217190211254524 -0.14164739306342999381 0.8543729719446124804 0.49998284055435249229 0.23101595016584183795 0.51965932023447880539 -0.82254837040884332122
3.6085227801883763554 0.78516932953583251642 0.29695359684588912286 -0.96549899209356204732 -0.00031998016523953698789 -0.2604065933862989568 -0.012950886123356472601 -0.99870277791017469937 0.049244653954201432489 -0.26008454551356580131 0.050918159895504001844 0.96424238144665530559
-3.6936065920347336267 -5.5383595047497111707 -5.1220967278618667606 -0.5857122248310310253 0.0081238946943777042009 -0.81047837233239816701 -0.72661827714229998421 0.43778870430626365406 0.52949686467890577646 0.35911985326128081919 0.8990411852172638385 -0.25051522563856160053
0.18874840691854391506 6.9876458354878101531 0.4054742201108935129 0.99773682876917646478 -0.0077401964078649236611 0.066793037640478294947 -0.028687168875840246551 -0.94741054544317226949 0.31873234025562702243 0.060813377307641969249 -0.31992709754334913708 -0.94548843747447297581
0.02797516675730253588 -4.6500276918865122155 2.9375661428642545481 -0.9999014909770725934 0.0096063617680133134291 -0.010233579799331125187 -0.014008628798124818371 -0.63752762475585256219 0.77030012721827101352 0.00087559186973352933631 0.77036760412603522141 0.63759939448848357291
-4.7930088336748832845 -0.52581380586956216749 -0.80220923784667819145 0.8940823584394909096 0.018777408126269115596 -0.44750882144526510364 0.17554065958036238482 0.90450167416776761087 0.3886672075975768359 0.41207064098446161138 -0.42605648730146389314 0.80540279144470572348
4.1816567213946669312 -4.5164409259773865557 6.1094666253359006802 -0.99945916971911363813 0.0051828692024966042246 -0.032473157087221600492 0.006730862519738107369 -0.93435139133183719995 -0.35628945115726545767 -0.032187941128992168804 -0.35631533138922322212 0.93381118062637313848
0.96409269299464306346 1.8214346941047989681 -7.0799181038355376572 0.89786442599696436595 0.0026830502095701314058 -0.44026386834564529282 0.4371319925572313414 -0.12464985183970131444 0.89071770809797023993 -0.052488985626248582661 -0.99219716572769045548 -0.11309151475693669797
-6.3818120729293053017 -3.5226329365247850411 -0.93051416358935479245 0.46742817846126755166 -0.0086415381241985757266 -0.88398881316404909203 0.47815520124357058229 0.84353061290053976684 0.24458885629431165176 0.74355800143906569666 -0.53701157242509267586 0.39842197426522635295
6.3244102986281909295 -6.1127098288187733388 -2.5909080440642910936 0.89063236683145485806 -0.013898081022386033628 -0.45451163956067291982 -0.35492403863582167034 0.60358430709326316155 -0.71394321274823457912 0.28425853364618580699 0.79717804007306458658 0.53263895696302476779
4.9049522267257188446 4.6121143794826950923 1.6556372878629419532 0.83541445880905496058 -0.0087424743255934984215 0.54955095410291887603 -0.48510896042112738868 -0.48174639426803739228 0.72978744037485188123 0.25836404264501189321 -0.87626707158966021805 -0.40669895588225846161
-4.1753420935742155962 -3.3639806803891190157 3.628044830759276973 0.83824086256298457887 0.0046206081305261818837 0.5452805757682378518 0.43120780324460122879 0.60647279218378313814 -0.66801989698038377608 -0.33378449147717309531 0.79509081388313163075 0.50637783415952886124
0.22900481701933633749 -2.3962014244980740507 -3.079864749742596608 0.92328295297869056313 -0.0087022177879056313021 -0.38402195268560640473 0.3557312549549982994 0.39657002715511702196 0.84627861122115255466 0.14492709542058215821 -0.91796322637016503077 0.36924199658914985678
7.3291076416936489224 6.397362900348375625 3.1503739355312303516 -0.77250729460915712465 0.0087186057726925635103 0.6349460336823564699 0.5213539466563494873 0.57955058926488756121 0.62634748884990287809 -0.36252247113996338701 0.81488962467085235275 -0.45225253733110676313
-2.2682277015760208272 -2.7641587101185285391 2.1839151029920880198 0.87544092616443358601 0.0052796124705328014576 -0.4832962967873285498 -0.43105394091397070122 -0.44377388809316326013 -0.78565720022741036832 -0.21862224227817422806 0.89612324037420210132 -0.38622202583790826713
-3.1504048202718970551 -2.6780052879250622055 5.342077285655667751 0.73914851292782546288 -0.0052074939466874459876 0.67352235140590510643 -0.50303217811962364081 0.66070968944166352799 0.55715467695609710574 -0.44790412323708939102 -0.75062346638279597855 0.48574304740533436053
5.3387916053545927397 3.2694333527740893075 -3.9168932702348824293 -0.995037984050479829 0.012169229453638710087 0.098748772910413853965 -0.060185572823244409824 -0.86393681372466613055 -0.49999087863209962235 0.079228196500662415036 -0.50345316738083467634 0.86038235752103486842
3.4017984124358746634 -2.7487610563896067717 4.7382629014680723856 -0.99981567008399241381 0.014041150773992839076 -0.013094729448781433287 -0.0076602607405179641217 -0.91712386405936063838 -0.39852871713105220142 -0.017605290675870341466 -0.39835494732424364672 0.91706236957072451155
3.1092095922403335528 -3.2394865162544590476 -6.2143259454167001365 0.99445720735993603512 -0.0078349993375662826955 0.10484977594337817342 -0.080804470721933280286 0.58108757422537360426 0.80981965189303262154 -0.067271838397167479928 -0.81380332013716383255 0.57723362332111582962
-4.1712698865330368747 -4.2956297025839305093 -6.4366604471072950133 -0.97958357398983042508 0.00531177019413316652 -0.20096717808295530561 -0.19810360696636680755 0.14465114236134790637 0.96944881655525450004 0.034219621215314889595 0.98946845938152883093 -0.14064560218119473434
-0.56204814888801901684 5.9137223484666119333 0.1351013040763911488 0.799809384885327046 -0.0064912171344088179237 -0.60021897000128698885 0.44803645047390211476 0.67190182873931680874 0.5897552641423872144 0.39945999411226756903 -0.74061177187312932091 0.54030169023151930485
6.554330532811764698 -5.2793574332848391961 4.7937485153379206793 0.99925254987737011092 -0.0077344216709047250088 0.037875061520554059724 0.032964763425672477526 -0.34125576170083615768 -0.93939226603067482735 0.020190738868524345934 0.93993865960894773526 -0.34074572665925956239
-1.0043627345152219554 0.61511908472168830286 2.7303318413721733293 -0.70409077483605431169 0.005286953167691400314 -0.71009029631226916468 -0.66817379632502849063 -0.34348512694139698986 0.6599710186626256414 -0.24041621970098586702 0.93914323492019669004 0.24537731274191748598
-5.5087445552959968254 -6.4135329649928625173 3.9571781188963828235 -0.98935090844146611477 0.00049365847400355874347 0.14554908542267261384 0.13973430078525531095 -0.27662669062356576299 0.95076390298467250428 0.040732114481174731824 0.9609773308127037561 0.27361188664583557806
0.17951600122572422547 -3.844093303960896435 -6.3667454732068975432 0.9941752769993629224 0.0072241827443258127897 0.10753292419917391542 0.10575760879636743328 -0.25755258257152136014 -0.96045926274487003482 0.020756849106397756016 0.96623727851624807705 -0.25681642241254271086
-1.3130223260918063577 -0.18587255948146036433 -2.6084242796832688427 -0.89038058618257465149 -0.0045302152300668117185 0.45519434190151270014 0.30661113746027562899 -0.74507368285963138099 0.59232999037302791479 0.33646994239384697689 0.66696677897771838861 0.66478815693830850542
5.4155616103965380503 0.34714891572302775113 -4.3544308290707398612 0.99237570841543976119 0.00065371271353882511729 -0.12324782353707228189 -0.12286225327743383051 0.084460768381126871684 -0.98882316180601304012 0.0097631996048675468575 0.9964265910062233278 0.083897131472533900687
5.3288866316970642245 5.7281066176746264773 -1.8043291824007721136 -0.99980743099085545023 0.0036475708121582860882 -0.0192820165626874096 0.019274270895889750871 -0.0021468824976216211234 -0.99981192900309534544 -0.0036882810337320022856 -0.99999104302121322174 0.0020761648066915977702
6.7509900091158767665 5.4799655244991241076 -5.8345772457583935378 0.99463593273062922417 0.0043783877790519697137 0.10334500975542854073 0.0079782184119192925409 -0.99937473161124645848 -0.034445519996536923257 0.10312957554387285064 0.035085260969769944961 -0.99404895005771476413
2.5924423173432775691 -4.6995142314111610915 -4.4575249079796570584 -0.98571933514543175203 -0.0033936365421675645376 -0.16836233412336304438 -0.14140783978702398116 0.55957302308910406019 0.81662834550219920438 0.091439680485073532301 0.82877410375918925123 -0.55206183509724637837
3.9429010009377281065 -0.41215018396791741617 3.9999026099896135555 0.92887222307969630197 0.0081807677313207143033 0.37030996236976976288 -0.34421115154257431179 0.38831310012833680778 0.85482841519372065875 -0.13680305678139795256 -0.92149118894766468557 0.36350916404841343565
-7.3358776252128974349 4.1118662185476058113 -1.745721723119211477 -0.9859972520282572761 0.0056483943535414445417 -0.16666587723311188096 0.096048970747261722125 0.83624008773582647613 -0.53988620178877477773 0.13632319762622741033 -0.54833439733859035137 -0.82507295100745847716
5.0925056194367819273 6.5166810016832990016 4.7194233327157180113 -0.63472764579664520124 0.0033091015731979726497 0.77272884345566139608 -0.66664756942902814174 -0.50803805187473294325 -0.5454157643685966228 0.3907708200927122455 -0.8613282694154164032 0.32467180116235888621
-1.6271347097017481165 6.3946691453475228428 -7.4654988260884778128 0.97327263449934819928 -0.0060461120116175630021 -0.2295731331499494543 0.22960731299614048351 0.045499678869413799631 0.97221924535642711973 0.004567357378122900366 -0.99894605647776069102 0.045671823855214184473
2.2344600841444601791 5.192266396764264158 5.9472561663628988882 0.99999204949913933493 -0.0039867134516696602423 8.3990287325997725187e-05 0.0037771691278980449452 0.95376333354318676427 0.3005349174086243691 -0.0012782534543549495254 -0.30053221075998287626 0.95377080913808232054
0.4454916509856507445 -5.897603190996385969 -4.1896255795237351549 -0.79753333723684105561 -0.0054719780933524964778 0.60325005880790094626 0.60263053792884979654 0.038977824209870108596 0.7970678540597544437 -0.027874912583122499893 0.99922509309740092931 -0.027788533118361855717
5.9872460703286840555 -7.3261787738526509273 -1.3125497694072745247 0.95076717045178860133 0.0067345264146975490974 -0.30983291262406836841 0.2231012085900297981 0.67904069530164956614 0.69937799854582505255 0.21509913602058577942 -0.7340697380210219336 0.64410711951104171469
-2.9201379034821810521 0.27006053654638395578 -2.8773576587528801873 0.89363748746268489853 -0.00097562437892845764453 -0.44878846816531681174 -0.067388884536270871051 -0.98895153688191583807 -0.13203634325359980828 -0.44370122745168111278 0.14823598030136103665 -0.88382991288024459475
6.2587620687946250442 -1.426280601296131767 -1.927754996819182054 -0.84039973997635697422 -0.00078732206143283215045 0.54196647236854467167 -0.41550304693733847161 0.64299170674501537892 -0.6433652796373747762 -0.3479734113886549518 -0.7658727343241540364 -0.54069719787089254304
-5.8536415058852293569 -5.8659368004603988922 -6.7706340122583688057 -0.56036174186597287328 -0.0051370941994157539104 0.82823204992084942244 0.11924642200083226951 0.9890620006652223184 0.08681387953659674972 -0.8196188193867363081 0.14741088529472040625 -0.55361992540340421165
-5.1177151058293421926 4.4199070137562808114 -1.4627038833433676501 -0.83460637675746662811 0.0030969921547743216317 0.55083809283262585854 -0.062340638781644280852 0.99302862072916875391 -0.1000390082370468392 -0.54730781159432317917 -0.11783279277155569997 -0.82859495069396860156
-4.4956049663020793972 -6.2614184373078183299 -2.5957289472244320372 -0.78934184664771145368 -0.0044689058101233958969 0.61393768251486569021 -0.51523820568909506346 0.5486099929898956562 -0.65845020084276495442 -0.33386979577251929552 -0.83606644740262237026 -0.43534337596706162987
-3.8188828675882189323 -6.3871585369197410031 6.2691076952773672204 0.96547694282656870701 0.00958640333751546031 0.2603120699109609526 0.2148464853476978742 -0.59437194081198641005 -0.77495998845699498592 0.14729311118993823615 0.80413313378223005845 -0.57591200938117192987
-0.62881182062654450426 0.44087515627467016577 1.667078169886929917 0.70958498682339254948 0.0024604398925783537051 0.70461556377252176908 0.70427903772798949866 -0.03357555470896160521 -0.70912884523408836746 0.021913089510425337592 0.99943315352333128576 -0.025557545785668652621
2.8402376432243321425 0.049017041637817428124 6.9929040401269322302 -0.99026943686527979516 -0.0037662301221676273283 -0.1391123931256051105 -0.10978058718532142379 0.63548773437212391357 0.76426668260486574358 0.085525815329082863214 0.77210177760005060943 -0.62971753980572686693
-6.9591043470032403206 6.047361284150197136 4.1367457113210504005 -0.94345322109839879765 0.0049503498624446015675 0.33146872195614746071 0.27058192678362924521 -0.56617593372474073199 0.77860788139404313313 0.19152399457263982741 0.82426955912923871583 0.53282103317699380796
-3.6649324854430314069 5.4393509844890814975 1.4890792078574994761 0.043406453834404314096 0.0053298013663714560728 0.99904327883379850928 -0.66712068718080208551 0.7445296062732437159 0.025013078939292637815 -0.74368398429771365166 -0.66756816775520089191 0.035873010733127562444
-4.4968590704469475483 -3.5945677438182288554 -2.7530916201657595899 0.79667422487685846111 0.0018401441561822357018 -0.6044061492791661383 -0.15830848691074095314 -0.96444906023569898501 -0.21160442618875383025 -0.58330832532120469036 0.26426241518639131955 -0.76806039705940798434
