1125 14.717824617146108679 14.977075390850430381 15.033177056927090831
4.8613767604763884478 5.0105338207296172826 0.68336703167837331563 0.97217595505582932169 0.00059439387554139667957 0.23425105999156758951 -0.22090260242211928743 0.33507988901299828877 0.91592767630541283008 -0.077948397381912878923 -0.94218953224650747735 0.32588791427523133848
-1.2471129127442346363 1.9275715366481134261 -3.5148520893814927391 -0.98876337753159759814 0.00042221595385529735525 0.14948847776995360936 -0.0089072858263740221918 -0.99838566223347580131 -0.056095719139741269388 0.14922346836707850448 -0.056796929320970052091 0.98717094026734342194
-0.29519108648783848325 6.8468793040328259636 -7.4218834632869548074 0.99122379108867086916 0.014009737488237349393 0.13145007887091800236 0.080577566952309165327 0.72426177868382168867 -0.68480079705105645349 -0.10479814732958291079 0.68938276972465384329 0.71677663544723746458
0.35131010333138729118 2.897261512661625904 6.0981541608043343672 -0.99933431574528441832 0.0041491133592469354313 -0.036245140808627299145 -0.030533150640557234212 -0.63886495020096134567 0.76871275657208615328 -0.019966273710016965021 0.76930771493788197013 0.63856635336602263209
-0.27985163775894972282 -1.6565892422424735031 -2.809307405788103118 -0.97332591427447812116 -0.0012956952414905176067 0.22942315876049737544 -0.22777284003118944411 0.12531515426601680385 -0.96561671767605727901 -0.027499053546053191244 -0.9921161390105166511 -0.12226761128343582863
-3.3299010137152147415 -6.4697474344042715799 0.22329225935496999078 0.63149322930335616277 -0.0020029797353267085949 0.77537880382188051342 0.17977864517956784751 0.97312454244698720629 -0.14390366091488315803 -0.75425190757559590349 0.23027073839177408798 0.61488165280737150376
5.6686095150222381989 0.0070078389783731487306 -3.0823491492751364795 0.86155704497949947562 0.0087991343095578222061 -0.5075845087092092367 -0.22896534318354358484 -0.88564444715540013853 -0.40399107025242553259 -0.45309417328742640496 0.46428061391610603303 -0.76101851598682457301
-4.3173417527074482436 -3.8975059559370368589 5.8089311001911845267 -0.99870997634230673778 0.0048523897082289905655 0.050545400073605223357 -0.046096876606036160662 -0.50408988878145377655 -0.86242011919684224974 0.021294626590960735735 -0.86363756191027873932 0.50366328090885503777
-0.75216502273528451639 3.2038097138332783942 0.68571232841621720944 0.99901722081812927012 -0.010817531108711815613 -0.042983409934562635812 -0.043460368167005096474 -0.048596300263380624862 -0.99787253494602234927 0.0087056824937938124404 0.99875992141324043683 -0.049018674715809854026
-4.6119527066856287334 5.7838816443988658733 -0.90739160865919743504 -0.99134918723991105605 0.011266387150899869959 0.13076642336368973774 0.1093167498900744633 0.62227988430788327978 0.77512424409209335074 -0.07264046497817175374 0.7827137497875272798 -0.61812826237070817026
-1.1677903281086128295 4.0296062778451799957 -6.4429965357379392898 -0.95621222818958928613 0.00018724253712304114727 -0.29267411843373342117 -0.024613769783672814762 -0.99650860082889247682 0.079779513730997467236 -0.29163733814065395666 0.08348995996133665165 0.95287831835335645714
-6.9124183917707950897 2.2635827222105051604 0.80128039938992445812 0.89630475794376118781 0.0064618911240747808206 0.44339150290737061599 -0.44233774323871138945 0.083440527703926625769 0.89295856524413652622 -0.031226619955130527351 -0.99649180744219789663 0.077646480323214778219
3.7677810029266991521 4.6292283784952150683 1.8170626618593592738 -0.94650107140503303427 0.0038730335794949196163 0.32267742629449769343 -0.26218365636705631694 0.57373563716299613713 -0.7759427485216647824 -0.1881367910939505117 -0.81903139027768712133 -0.54202594917288793308
-4.3516379069402058022 5.9121983605219687874 -7.039106074845375538 0.97352001019501122059 -0.0048682358749907233761 0.22854997271826943406 -0.018750118161859036237 0.9947041581873603544 0.10105479085061332134 -0.22783156677463911599 -0.10266420001356371672 0.96827312222159400701
-0.080389778132831921087 -2.7928901734457558526 -3.0103586228419558779 0.97020002604888244679 -8.5276231076439248241e-05 -0.242305390329455278 0.22002331388073720353 -0.41857058461840934704 0.88112905243278638601 -0.10149704825113392559 -0.90818426457416978614 -0.40607842934112675648
-4.7368158663241288764 4.9864932528036503001 7.2644904584793721369 0.85233379541793707901 -0.0028711895025078249671 -0.52299030340851404564 -0.30703021223701992826 0.80678579349004631016 -0.50480603423118441953 0.42339054070929038609 0.59083706695951110355 0.68676925553229783983
1.3625024058637951185 -2.4169470336634804042 6.3976443355403080915 -0.99166697780772827819 0.0065564403723044999139 -0.12866086512739743908 0.077681002964635662011 -0.76628816966854595982 -0.63778374297597695275 -0.10277288992770081122 -0.64246358193731900599 0.75939336248102884408
-5.6276010621690177871 -3.0370724344589064003 4.9972448406832690182 -0.99726234188837259431 0.0012535516036421973096 -0.073934092675067814016 0.053684403022656951299 0.69986218822883539126 -0.71225760954856998097 0.050850824215615410273 -0.71427679935454357896 -0.69801350100166326129
0.53314642533852130146 -6.8584180862084700436 7.272933919337563502 -0.99985785339348032252 -0.008918216665794601386 -0.014308683331904163 0.0091529558298257800847 -0.99982321194414525145 -0.01642462350546796887 -0.014159675376525905979 -0.01655325554751013728 0.99976271851075360075
-7.1823987016443551212 4.2791617419856713411 -5.5791677049523764609 0.94947413433936334037 -0.0033399842954632916886 0.31382752066269720137 0.27189768455185903129 0.50817506146865087935 -0.81720851441755792965 -0.15674985599916990697 0.86124732301841511184 0.48340721057735114297
7.3095295706092988652 -5.6906184805352468814 -2.5868944560627236129 0.82879982671078034073 -0.0088510484184902860766 -0.55947520605126144222 0.47485733901578142113 -0.51776469287530380026 0.7116391152786248897 -0.29597526049831385242 -0.85547728301434122766 -0.42492030243250195065
-5.3637793942552098869 -6.244832355056726847 5.5008925387047025168 -0.9743524044220225333 -0.0071511743815910969874 -0.22491387841054297225 0.22120600084723449075 0.15298106809727538002 -0.96315351735483933915 0.041295244108013669238 -0.98820324504054168901 -0.14747558884538417012
2.5273073988778076426 -2.8790502030392328692 -1.5834277657012989504 0.17482082933137649272 -0.012500134520964316376 -0.98452091103689920448 0.92686958741098923742 -0.33526951287046818928 0.16884052141650945922 -0.33219037548441870955 -0.94203933058899702591 -0.04702609976348390286
1.195631622012750972 6.5842005469246087657 -3.848685421914745497 -0.98005096267550795286 0.0029715331474731159107 0.19872413177484180014 0.1873754681769956576 0.34717323515514980636 0.91889127687521188204 -0.066261183843511706204 0.93779630772504118941 -0.34080425574365313945
-2.4925876846538317366 -3.5026034012744133861 -2.9306804989400414563 -0.70055951120769044405 0.0038149168016663767382 -0.71358378461548122029 0.091899400406664805141 -0.99117618726681089303 -0.095521023864252943558 -0.70765165968955079379 -0.13249608373441906783 0.69402731670573347689
0.98123154327133654817 4.3892006792434221651 3.7026476112896795634 -0.87857310455429360463 0.0036117686800976578874 0.47759423685878343857 -0.47699330952685142782 0.044077412256392348167 -0.87780098222512836781 -0.024221532164283875177 -0.9990215897845724502 -0.037002439430874445314
-2.8367718922925848624 -7.175390301727595066 6.0865746674112539694 0.82254986588656608948 0.010169590124284011087 0.56860205554224030333 0.38310645189009978617 0.72901307185846786485 -0.56724720147370011336 -0.42028700271397362309 0.68442422553282722397 0.59575356889698860563
7.2812182048410614144 -4.91038400098711314 -3.3638302035919580568 -0.96509513369326493937 0.0020255645199954387323 0.26189173337437826605 0.25236437273168854656 0.27456078403519301734 0.92786238163086187658 -0.070025754527956285411 0.96156761226576270563 -0.26548845689494737776
-5.6721771195160259893 2.7903634869292623932 4.9026323427886930872 0.63140157455379553042 -0.0071170913003480501188 0.77542336736946204656 0.77419201247796232135 -0.051285717478385027535 -0.63086964025700187353 0.044258100573338080008 0.99865866150260307332 -0.02687188753113289863
3.0037496564732841797 -7.0588338407342989811 -3.1862471770761406908 -0.87352702631441470071 0.0099902651598257063981 0.48667312325651113092 0.47537660622377120312 -0.19758983985339723111 0.85730702635737476847 0.10472638900188939448 0.98023387504655956626 0.16785092689019098788
6.1291489484765255824 4.9579716864341101257 1.7637004860978040544 0.88645166299294664292 -0.0085272555469094284131 -0.46274262294475626556 0.45333165998256691465 0.21742529104234606385 0.86441694156963677642 0.093240845311637024495 -0.97603971677788714523 0.19660268573333564146
0.40135831078710787478 6.7256062382003358735 -0.1446327611577065686 0.91268269169353966053 0.00086577662079827797693 0.40866802506936966699 0.051137331060484549072 0.99189600001975386512 -0.11630691517238220256 -0.40545687521018769495 0.12704950049386792843 0.9052420376723177009
3.9375303092439537522 7.3074435818438523427 -6.7536287811130888414 0.12763119930026112225 -0.0042246291196182273603 0.99181269878643374405 0.95862304342264004209 -0.25603488958324838176 -0.12445077715785041184 0.25446441319820678473 0.96665830975841615658 -0.028628213196334642565
3.3430453131318329518 -1.7712593846293978039 -2.4953286713976248201 0.99213279188528358254 0.0094001803556993251965 0.12483653261484710384 -0.036734314933097603206 -0.93142277237958592817 0.36208039051999740821 0.11967921027654712662 -0.36381761323772748851 -0.92374976640084971446
-0.086002151469837223585 2.5494742815614581666 -4.4311629021292304742 0.98762204842722745024 -0.0061653346950911475793 -0.15673122888732071711 0.0074959653925198970609 0.99994069673297369949 0.0079002227833845483501 0.15667322669581698613 -0.00897728607602928802 0.98760969434867873495
5.75841030888036709 -7.3986511891404651564 -4.2981170023731625207 -0.98130882908466920966 0.0026047060952374035021 0.19242192563850860076 0.14987614182666525453 0.63753211999752612549 0.75570492791998078452 -0.12070676895437645881 0.77041937376828539819 -0.6260062814788363017
2.9387417165730251867 -6.0034767245511995171 4.5441262054566751161 0.88359982331321618165 -0.0071875845771285987174 0.46818766629290164971 -0.35921041753302423993 0.63099239354770053634 0.68761651755942454489 -0.30036515806023550423 -0.77575572051570651499 0.55496291219372650971
-5.9033768106346808935 6.4726630311965713815 -5.8368946074260730228 -0.99180682339398962277 -0.0087177866075136539042 -0.12744891237562649966 0.096379740397927765594 0.6037518292386346852 -0.79132463270890829321 0.083846113266468846881 -0.79712466332923781476 -0.59796496586536973528
-1.6461776213835046523 5.9776870247621687327 -2.5813289456154557833 -0.95091150943671964857 -0.0053237665517062325235 -0.30941712740323062958 -0.25656412513391113617 -0.54551066375661305674 0.79786776186423857826 -0.17303800425067109026 0.83808697235878970577 0.51736648117872185981
1.0962441126162703053 2.2011431897013138403 -1.3885988023629844967 -0.64957210691216304976 -0.0047735445967405695095 -0.76028500655598429958 0.40202477582060075489 -0.85090415613034287023 -0.33813931552902587452 -0.6453155488195140288 -0.52529927693843614378 0.55464268867422683584
3.0980564376054506859 -2.00892730508481554 6.3821755218787226127 0.051132856294739591207 0.001876309712598001056 -0.9986900973120270697 -0.41579600650688985919 -0.90916710582611282021 -0.022996840142391467704 -0.90801933458485528661 0.41642724832254385259 -0.04570814888466371434
4.3850291590619487891 -7.0263540809435651724 -1.9134939485441710971 0.99993348774991708261 0.0020999593471017555246 0.011340645792875365949 0.01147190611118792912 -0.07966226253858794959 -0.99675589754835547396 -0.001189725361359169134 0.99681969989467766879 -0.079681054558728772741
2.2001625790039800457 -4.0682936266243441281 -1.728656197888986501 -0.91242796283394433932 0.017756665447272737546 0.40885194566116023207 0.33079314167799073187 0.62019545541424925261 0.71129002137117325333 -0.24093797969084368438 0.78424632477028932698 -0.57175745909160979874
0.5606572562103498969 5.524960699486661575 -1.551474817706615994 -0.93576182800797902406 0.0021309369012142698185 -0.35262623321468289372 -0.31373509688617773339 -0.46158039613967855042 0.82976733298041360776 -0.16099717458718604268 0.88709582177317980456 0.43259786495943786111
-1.1598994474797246212 -4.6608357931995598733 0.05329673029157593056 0.70258801818486449342 -0.011442644608487160043 -0.71150484368515753975 -0.39708345806711820014 0.8234175644030121699 -0.40534953060539130609 0.59050385606913891046 0.56732052714217606759 0.57397962982201644611
-6.4102272820645822549 -0.91478056126057483155 1.4895896765062481837 -0.7388731893757332081 -0.0012680553221073387685 -0.6738433067542751731 -0.28111883411346000328 0.90939935241582103842 0.30653714119564395846 0.61240396073866965043 0.41592211994726219215 -0.67228727416946154616
-6.6265387498775680797 -2.6995766551151296753 1.6531360326678115058 -0.99490447937105330745 -0.001415512679940159578 0.10081206897616606932 0.09824924102042457974 0.21083132783475427852 0.9725724846212432384 -0.0226310310481297218 0.97752143072530284229 -0.20961795940807820271
-6.6561880811430791383 3.0434447109565851974 2.5691278439540297107 -0.99923891195951053401 -0.0011719645094162155392 0.038990041358779613245 -0.013221883499829603301 0.95055346665999407296 -0.31027937220720885891 -0.036698482566540589767 -0.31055874407232464396 -0.94984550736290151995
-1.2268027373413419312 -2.6558944687885017721 1.1710807366856919032 0.97230072468575678979 -0.0074822835157462835171 0.2336136045030227093 -0.083359004650727611119 -0.94486312587788900963 0.3166779905518394278 0.21836340608980475686 -0.32738003724985392795 -0.91931481772628920179
3.8352023804675789975 2.2183992689881861793 3.9014306846062325462 0.90659450994760104603 0.0024672871751112782079 -0.42199562441675886326 -0.15885404101761738116 0.92842496136444074839 -0.3358459241494997638 0.39096264295362048724 0.37151178125248612849 0.84209691140939380016
-3.185613156760752851 -3.0766325104027383297 -5.7265611179412836407 -0.97836984835979268205 0.0038601204608543961821 0.20682731756283431745 -0.13953677972970246479 -0.75042810855498320866 -0.64605506034184922992 0.15271518235897649229 -0.66094080927163967321 0.73473486355042127993
-3.871622204544907131 -4.9353073871264649952 -6.0593306507574178355 -0.99721846807678682367 0.013205547486309318975 0.073354893786080968554 0.070335190384016491039 -0.15893876309519164303 0.9847798894065149522 0.024663493678454242314 0.98720012312670490928 0.15756785515525181807
-2.3221195960416647353 -2.4290222675598345248 -3.4116769392657464444 -0.80712085725572968453 0.0012675507311496287885 0.59038488725405413593 0.23170211501908938301 0.92044766593770732666 0.31478599741031337844 -0.54301938425668994093 0.39086377113399484173 -0.74320620337591869475
-1.7749512871677177728 -2.7996202180626785783 5.2721112506818101906 -0.94502506575703426606 -0.0075784476900915866138 0.32691006748244610947 -0.21617389375786838501 0.7645871157349295455 -0.60718645415548411215 -0.2453496948202862904 -0.64447584096131438347 -0.72419225187021074586
-3.0161105029552839341 0.029919146894388955887 -2.7887666605290268862 -0.82084651912498751702 -0.011469523174895095499 0.57103366107311392952 -0.49695492262074802969 0.50712355472182379934 -0.70417434285083480017 -0.28150807612466360874 -0.86179704703861648163 -0.42197044066154743014
0.5925122595125363878 -4.8681324957269795917 4.1841111987951542517 -0.35471976991875769913 -0.00011672755777627791957 -0.93497265799772766304 -0.92198061858490298892 0.1661707218378783435 0.34976996748951488803 0.15532425368405131105 0.98609699197318645414 -0.059051660763511711061
-0.36568511043707507824 5.4173365102919506242 4.3337273417556350097 0.9626355323430794142 0.0091447348365179710605 -0.27064590463424492706 -0.25354808866631051156 -0.32058688263187706813 -0.91265405133484767131 -0.095111506160722156245 0.94717497037724696085 -0.30628969438540726289
-1.204813770528750938 -5.3738798375191736412 -2.6105238956222880375 0.49577805444798667134 -0.0006121639622751039872 -0.86844904627911234662 -0.84871099334286337346 0.21164847668132572012 -0.48465923296428242706 0.18410260863671470966 0.97734566432439151651 0.10441111971143837711
0.068025645661779307605 3.0444338184970152206 4.3624063951707334752 0.99847554766656165803 -0.0030113388714208297152 -0.055113633069829269517 -0.03632725136112158193 -0.78761606785348137194 -0.61509451344293319952 -0.04155612494563010878 0.61615895797867337169 -0.78652477836515422016
6.8748508988967973465 -1.9118716027815449987 -0.67964201480240560294 0.9995053396419075753 0.0036542584638878604884 -0.031236555864399821736 -0.0067524680461814191174 -0.94512737522058876127 -0.32663228374397956788 -0.030716122842474925109 0.32668163554690254902 -0.94463518291127923643
1.1011419367286889859 -1.3697621236534365252 6.5481674825825724184 0.9857473608136931853 0.0023553932111263923069 -0.16821591117238648971 -0.12292443371201033919 0.69273509828999157989 -0.71063891477573282174 0.11485523168450918752 0.72118828035398463427 0.68315133025905105946
3.1118765967467805211 0.4544553846479274517 0.04000431701293026554 -0.99966405353909237874 -0.0030856235345147059457 0.025734393117229747983 0.020637315638986832023 0.50592923166914383071 0.86232807779050457686 -0.01568060154856678115 0.86256947051822041583 -0.50569558754746668505
1.2324213411359925541 -1.1459876852203028097 1.6681527361863159875 0.99871512525610917077 -0.0061911548504753593364 0.050296800955964851565 0.043534463149047276931 -0.40321009720786166186 -0.91407131451988732351 0.025939335055270899832 0.9150864916013943251 -0.40242249413472491737
-0.97950206357983715666 4.5340657435252627039 -4.4287576655885718679 -0.99783090897619131088 0.0011123551450700065561 0.065819752034096151716 0.059463228289955226413 -0.41372555270860927878 0.90845764431661568672 0.028241840824201086546 0.91040097193589564206 0.41276200009799185464
5.9930142593492545799 6.0175684014576491521 -5.9453801390544773753 -0.9850301432310683003 0.000705877028815092393 -0.17238073750807567097 -0.14611369551585329241 0.52718866029907018866 0.83709193308428431202 0.091468054034899812232 0.84974797333657436926 -0.51919358326293441053
-6.6772310855682945885 -0.5594156881298089079 -2.9107819065948059567 0.85549292528283926718 0.0031268718242503865112 -0.51780505739485660488 -0.026347698509132905231 0.99894929528318054945 -0.037498056439266513884 0.51714374556247721948 0.045722293534343767807 0.85467644070709059001
-5.8293016368374424019 -2.2389703489782113444 5.6885620001280070568 0.98961397812039808564 -0.0051594397931313219427 -0.14365776863721463341 -0.054519663134708802599 0.91122031754636390044 -0.40829540681016784909 0.13301045312484149896 0.41188701493445700752 0.90147507247169877953
-5.3280541112546453419 5.1971118206506430326 -1.6775776533548831804 0.99403876304744975823 -0.009869259739450516461 -0.10857962641038440554 0.070675779422174650479 0.81663983741998191768 0.57280390199598452128 0.083017297970332082357 -0.5770632319347085426 0.81246917146852470903
-3.7506737231216069617 -6.2366443411396366159 -3.7203707407513202376 0.96344800629108495738 0.005646737163246489874 0.26783587051247970123 0.2678551759914450936 -0.037626728757403915537 -0.9627241733630930165 0.0046415372836491487069 0.99927590966769130887 -0.037763904581295491825
-1.9168566021554314105 -6.9918586930092132548 -5.0109415138926785005 0.98531687772570786255 -0.0099464098712287694892 0.17044564940017897792 0.013370315647447346408 0.99973099449886293488 -0.018951867924478005278 -0.17021129553665337308 0.020952507463658662235 0.98518480870474711697
-2.3403526162407906064 -0.72700646661938417292 6.4682191517857079432 0.49928999681878771799 -0.0022399654274821031129 -0.86643204097695047938 -0.86414936231233607788 0.071299236192786552557 -0.49815890891718672684 0.062891801467999303155 0.99745245574569119107 0.033663330716119273245
6.024143669908277765 -6.3903837281078326171 7.4912147814622969122 0.78964100273813009334 0.0018906367009855580205 -0.61356622485885936591 0.26783150466803062884 -0.90075532149787096436 0.3419153928979947743 -0.55202660434251737964 -0.4343227789170045483 -0.71177970736175810718
0.42072569053328140454 -4.5803305431214527133 -6.7849018800767471049 0.9450752883665634041 0.0014817691581451583951 -0.32684935930619130051 -0.17624327552495289151 -0.83985046038726929307 -0.51340969217521459367 -0.27526533953798187904 0.54281581457009331348 -0.79346076418536792829
0.32604301457506645878 -5.8390999606799178778 3.1997729375094050575 0.63839374967030171337 -0.0061297710307613492015 -0.76968555026647089701 -0.7506362769075251018 0.21627382467212732942 -0.62431627605893835753 0.17028975357395986778 0.97631350429498731103 0.13346662938313866298
1.4834100466293349552 -6.5416051475000829285 -4.5447509840200641662 -0.99992661647890157539 -0.0025998384973651995217 0.011832265079019637852 0.0057189953440818248193 -0.96232032864202354805 0.27185819497432328617 0.010679641818281682131 0.27190591373156430821 0.96226457865213865794
4.7521124505423806283 1.2750967677615783202 -5.8623192125953424991 -0.99927129597639530179 -0.010421600264437816744 -0.036718759314488702561 0.036857738767847730843 -0.013472542413479997314 -0.99922970216738193905 0.0099188774861667106109 -0.99985492990168944871 0.013846841537711727932
5.6618910051372512982 -3.039321598581707029 -6.433101787471454891 0.99666415285877141272 0.0036755035865747376703 -0.081529485952720123776 -0.028192171977589174786 0.95299396300182193098 -0.30167483806481748543 0.076588300970327358175 0.30296699020786588274 0.94991854124383490188
1.1245729863892977018 -5.5492200519590033636 -5.5954786551390585103 0.99068427733510844302 0.00029231789104691013881 -0.1361784755068146946 -0.069127495236745634122 0.86265677261462003766 -0.50104359297802736339 0.11732882017391525753 0.50578968673986324234 0.85464070856956542155
3.1827632077606442529 -0.99367191908093266406 5.5126026447205722647 0.77906682776403757273 -0.00068540287552053833289 0.62694051400486450198 -0.57078674194664291708 -0.41443501635956020435 0.70883433355970271172 0.25934026508760993357 -0.9100786490396759465 -0.32326379238376568015
-3.5267332377377891284 2.4040790753158285398 -3.9304647569929147544 0.97043342451968139795 -0.00039409975231680577151 -0.24136862526091096282 -0.19941584528327035986 0.56208639940884697062 -0.80267814237683821066 0.1359863567602651313 0.82707842692515076699 0.54538883971905971482
-2.4796282411440451199 -2.046002543884439806 3.3876281886008681177 -0.99849497192264857759 -0.011608920338525157562 -0.053600597139262025348 -0.046140486693147741981 0.70611398513177792147 0.70659330274851261944 0.029645345888094559728 0.70800301762763295788 -0.70558690499281095931
2.8013253443388519415 -0.11522675587672517872 -3.7779740149888287881 0.93129351922398129204 0.0085591451629927796374 -0.3641690844724241316 0.2938344473192334716 -0.60853116871644608032 0.73712355427646680806 -0.2152990910802443647 -0.79348381063168293981 -0.5692361053599446219
4.46816706831267485 6.3143577558317520726 -6.8681193714635879743 -0.99748767164712603961 0.008089996594950058309 0.070376820525586636368 -0.057735117181773043527 0.48282415816947821252 -0.87381204416738178509 -0.041048765586869005728 -0.87567995537356413394 -0.48114406844600027258
-0.28612482048575926807 2.142875638459456944 1.202679194984091593 -0.99422062097562668992 0.0028264463398103914504 0.10731900124339972813 0.073089918536903275559 -0.71437903775211974988 0.69593135741148548501 0.078633457478723189915 0.69975324338044753159 0.71004378579319915588
2.6545831851151682201 1.4249723353073169285 -0.80360326533092318879 -0.64958909890781846297 0.014509993548510218692 0.76014700069607665789 -0.15259830980087640828 -0.98196019033109960272 -0.1116599321633072045 0.74481390858790108567 -0.18853022222449408729 0.64008483569131813251
0.56998435512707301687 0.99935282880089226776 -1.8086627866941553666 0.80426665839270927716 0.002315325861257743964 -0.59426406711485624257 0.23141360619025619361 0.91983768797526377359 0.31677495268780370141 0.54735992278189260496 -0.39229232346110703977 0.73925898566459780081
-6.4219371574832324612 -0.77678804648755295226 -7.3117668086085743084 0.63075901657982935689 0.0065605658673986077742 -0.77595104354520527679 0.73153331827570911017 0.32853631294541191243 0.59743024306513170529 0.258847575333247093 -0.94446855429482901023 0.20242796914543398357
1.6635621140861256428 -7.1186255930872688324 -6.7348467963312064199 0.99923997741024750407 -0.00588752986484269384 0.038533161526540495034 -0.0026258194416510427169 -0.9964491244139142001 -0.084156090255250920462 0.038891806558731437105 0.083990948600914952515 -0.99570726016024546645
-3.7760185124886196384 -5.264408766160288522 4.9256595785408290311 0.84071876889408592159 -0.00018562941918368004376 -0.54147199112323152193 0.48412195771123867072 -0.4476398121440407496 0.75182745935844164098 -0.24252398168222086272 -0.89421393644105129361 -0.37624932449590908767
1.3603575064468613753 -5.6101043893636468596 -3.9645966956678866389 0.99008707674528761977 0.0079200178720776146651 -0.14023142935512308838 -0.0536409386776872249 0.9440513208717473681 -0.32540705778750678157 0.12980843639702704939 0.3297034680998476297 0.9351178497725294303
2.2258302911130893875 -3.6193562416418352257 -6.8629109890688999585 0.99120292817698651966 -0.0070351433641953680861 0.13216376935940357673 0.13113677784470137433 0.18715227434045367261 -0.97353847982800467697 -0.017885767244826242944 0.98230572275997529719 0.18642844837372707367
-2.2186365406832835312 2.7014790243415496285 -5.263963770145308807 0.98825558025964155284 -0.0021176148516599416563 0.1527953657443242852 -0.027935642926018439125 0.98054968460634139849 0.19427278726780586315 -0.15023484262947450762 -0.19625960288818741772 0.96897454060172749646
0.20655786510269757983 -4.1805826210976775315 0.37529596548440308235 0.20959856554095587788 -0.0059693764474330534772 0.97776930196638422998 -0.52623179316130219707 0.84212157464137671337 0.11794640049566121331 -0.82410469067314584546 -0.53925468942648735471 0.1733661983839440146
-7.1382973758239414153 6.441170606687661504 -0.13975211193533965126 -0.93917322042298023721 0.0092255585601630600567 0.34331989617469993448 0.037461525939354554937 0.99642647642410320241 0.075702781687931167132 -0.34139463398597658106 0.08395931246888707622 -0.93616266627928268473
1.4323654269490015967 3.7573657904653958717 0.81616250762693198784 -0.9177813276829486222 -0.010654061753746174243 0.39694322708004475819 -0.22091473619468557366 0.84435557866718580211 -0.488119182275796204 -0.32996077628807563009 -0.53567727947126975163 -0.77728742326740341007
-1.1620902151197942676 -5.9163622287304571401 -4.5658105438505014462 -0.98300921867531243503 0.0030858443595286025492 0.18353025244905832314 -0.13648788016635110543 0.65626935476635794853 -0.74207923604048220412 -0.12273522137966716428 -0.75452038511839503165 -0.64469764531417528275
6.4319705544134242459 5.5447111529436323707 0.45566491464550629154 -0.92402673399537837984 -0.0022487868042573621111 -0.3823212495006630407 0.36299602831612598486 0.30879353764080630373 -0.87913618657059067196 0.12003532100407862671 -0.95112643432363375151 -0.28451718338664805374
2.8801922689271872713 -2.7649945905371775545 2.5285865470242496755 -0.99063572260866417096 -0.0041592650321408720926 -0.13646818532555984871 0.09027219246311762868 0.72992395177309676857 -0.67754111011503981299 0.10242947017120022923 -0.68351570950668794069 -0.72271327544056396253
-0.22601801799612847299 -1.9439828863018218108 -4.1604239249372199083 0.81584012368285885319 -0.0052062578702777445594 -0.57825408556113488956 0.18296274186537112016 -0.94626596583660971262 0.26665587746818641968 -0.54857044003320409864 -0.32334751704354147694 -0.77104919139021899088
-1.3992761028731877104 -4.0259061171040002591 5.1535752228733304747 -0.99456738515222864461 -0.0037356020572874501506 -0.10402769664229763458 0.050064592726952135415 -0.89334805560662666757 -0.44656778667839513997 -0.091264740982034103789 -0.44934986015467454079 0.88868186109114244431
5.5314267242656240953 1.0916190639729306255 -7.1947958493866543961 0.91934141285657011711 -0.0080432585431708114587 -0.39337853601693151262 0.31351442705263948829 -0.58912556915515001954 0.74474141001927762762 -0.23773950163295515248 -0.80800146643412473768 -0.53908585550330845315
3.1916931795215486289 -3.4448936692671714432 -0.73031780459441053566 -0.13237146818570180717 0.00063430987610152943235 0.99119997581783103602 0.85923048293474857395 0.49862725967540405536 0.11442828804256616193 -0.49416674473915639387 0.86681627439702013671 -0.066549040821813565394
5.1235249216703193653 3.6238322388287995679 -2.6070685352019231651 -0.93762728618662882774 0.0023402901698925332799 0.34763428375264082693 0.18897230582895324646 -0.83590541990655076177 0.51531698652440371955 0.29179537321211895806 0.54886851978666273411 0.78332548034596094499
3.8173461136135737881 4.4818595356725623446 -7.2491167241412250988 0.98577327148847770921 -0.0019782700569691558101 -0.16806886584510949412 -0.04681247053139435399 0.95713477771388555393 -0.28583493469708370904 0.16143001524381858647 0.28963615751160914913 0.94342527337368042861
-6.5562846887518997363 -4.1559820743097244389 4.5943150542441397732 0.79215952672185807604 -0.0050407969793413564402 0.61029326933005945133 -0.25887430665607036318 -0.90832890104286534427 0.32851590659133872441 0.55269103265483221499 -0.41822625204073460292 -0.72084632518104885257
-5.0930499775463493606 -3.4779649187174968006 1.009304452088001236 0.9838767055096697689 0.0016818185015828983342 -0.17884015164914521256 0.034126264052990046283 -0.98334868430065935918 0.17849583520639994427 -0.175562030226208865 -0.18172104052845583499 -0.96755125805934139027
-4.1456532359597195736 6.9739593514329616397 5.9053406596232749237 -0.86680157813397429312 -0.0056240529465489096095 -0.49862149389377097286 -0.48771593152963710338 -0.19871849091381602048 0.85008477900805734517 -0.10386623260995619944 0.98004047436698249474 0.16950656130678182221
-5.0697072409400671944 -3.078396826183136703 2.0695431453857775494 0.82216480232579391974 0.0086478755466323654205 -0.56918384733314664192 0.56916054946861571739 0.005191214152490040111 0.82221002196770331949 0.010065125186789401074 -0.99994913147818775823 -0.00065399604041886487404
-4.1167121435967466425 -7.2308270597059793872 6.860048938948017927 0.87961696446650294856 0.00012101914825730789374 0.47568264754669709049 -0.082108703613447506231 -0.9849511754386465201 0.15208334160219211251 0.46854258783336821814 -0.17283277280761069616 -0.86636982636169035388
3.1154034975360853643 -0.29417348113538804855 -5.7881599926026430225 -0.99967389243820103939 0.0047443284137346965895 -0.025091833839920026777 0.025507294173814913651 0.13859765187373146444 -0.99002023658057980438 -0.001219311887134787338 -0.99033740828214444907 -0.13867346911182609759
3.7719336286504043798 -2.4407714675160288031 3.6812466826705412259 -0.968159688139933583 0.016176143884222039804 -0.24981022923362419808 0.1676862701645279452 -0.69903656613665321462 -0.69514688663769563792 -0.18587128088822213456 -0.71490293856783460047 0.67406650663579570359
-4.046427750686734548 -2.9884806554275948898 3.7383019532156760434 0.97431698956801382483 -0.0067346661305076188642 -0.22508009265886869121 -0.18607134600741176422 -0.58702813788969354647 -0.78789302542965344855 -0.12682215119677467396 0.80953851643876606481 -0.57320461649218046318
-3.6870697245498105232 -2.240786034995276399 -6.2092916078447482064 -0.98654704750557897786 -0.0086694707807705197189 0.16324755230736875955 -0.023322936782151429402 -0.98091381128464760764 -0.19303920703013321969 0.16180532648158318931 -0.19424967209074614494 0.9675154268613891384
0.68934629833932559162 4.7146708725094050862 -0.96236209715365994555 0.96865383612404909464 0.00038219932258257496849 0.24841416965579432574 -0.14065948498371216857 0.82509083096832280813 0.54721113835179246987 -0.20475510993920684188 -0.56499997750071873082 0.79928115852822678722
-2.9606059938459416969 -4.3445296707556835258 -7.2165532225650963483 0.87679883664955216016 -0.0024594558183549108943 -0.48085106959151180384 -0.01275932565362400406 -0.99975381806406882212 -0.018152214056978113049 -0.48068804817578636435 0.022051175555598798855 -0.87661436561216465879
-2.945106345851062013 -1.5666524865321154181 5.9086055140687996357 0.88582719305499535434 0.0035686073092204076418 -0.46400156151254834391 -0.41033275434342447729 -0.4608643994502424901 -0.78691234329642900658 -0.21664998213049613263 0.88746339099782300952 -0.40678190087765786487
-3.5209268799547079887 4.2623539530925986796 3.4993062129971082008 0.98258322665830111209 -0.021844423026272003635 -0.18453461429342638001 0.064331591736360368983 0.97164505792348998536 0.22752434532918494603 0.17433200794592640381 -0.23543301084487736063 0.95612742268486095032
-1.2589751381314400192 -4.0802448265835229435 6.1976684852711825258 0.99030531919253350637 0.0082644317009782156114 0.13866172488297406895 -0.061404239106337035747 -0.86935609405524827409 0.49035650413634518374 0.12459893337678129566 -0.4941170720565244423 -0.86042049307517098899
-2.1835363933317055718 0.18511849836760949084 -1.8217029619319604627 -0.67084008220944135736 0.0062251257523347654221 0.74157591109111109517 0.03290695842919379166 0.99922971477830357934 0.021380112043571992964 -0.74087159223985699086 0.038745643799304806121 -0.67052819396234353277
2.4170680002539222109 0.061063157663038485079 -0.79988061443172886467 0.99961887384846426219 0.0085998241791932529543 -0.026232614624397940922 0.019620213515499203283 -0.88979038611454086549 0.45594749259067779423 -0.019420460024299351226 -0.45628840857756108873 -0.88961999411563918994
-6.0701582566839338284 6.3891867642993043219 -1.6517321361863916973 -0.98731777093836237125 -0.014021437958656081044 0.15813607579241634182 -0.15875626989665234112 0.085588807403929559325 -0.98360103843763224685 0.00025682280195360018132 -0.99623187829172454855 -0.086729341732179707214
6.7338824855327992225 5.7794543992630664775 5.944459777722467031 -0.89046334057551013164 0.00749659280389052083 0.45499323092462073959 -0.2592755263221098172 0.81333621504999042973 -0.52082665325274424273 -0.37396689765447821419 -0.58174565093729779797 -0.7223024000197378891
-3.3514255441913443079 -3.1464061334922104329 -6.7629069052796646488 -0.98978326211577127847 0.0046034070828568614611 0.14250579875473753932 -0.12043995697192044769 0.50793883221120428306 -0.85293162650736309427 -0.076310620493466138625 -0.86138083991648384252 -0.5021949201502239335
-2.6273497819172133561 2.0939986248894735255 5.7144332901141590142 0.94927750882177863723 -0.00050862385220150742662 0.31443910785219669757 -0.24004521393674915775 -0.64708957004562861481 0.72363898706769547164 0.20310220705637688221 -0.76241381784433925883 -0.61438966775894998662
-4.8885208983635051183 3.2780572795526605745 -2.5946956725904835039 -0.58596441924560704884 0.0071288500970708304841 0.8103054232043463978 0.60704526509705747372 0.66626234292412145344 0.43311723184884864946 -0.53678836192792056536 0.74568335766429238998 -0.39473356153374633548
6.4983948317469364397 5.6135320341758223606 -4.5306571866061782217 -0.99737292522743348222 -0.0046171160437430708995 0.072290595950062680464 0.018802453047635073191 -0.980262562093400458 0.19680390523947596804 0.069955098332871168409 0.19764612720107888055 0.97777415215360885536
-1.2382554024466914111 6.4625550815877756961 -4.7826495270811930638 0.9119088676146464012 -0.010554775933445101344 0.41025700953278088079 0.40522758262647073924 0.18126209420940075923 -0.89606621378193063165 -0.064906266603967074924 0.98337818254625519732 0.16957159740860650032
-0.60514751162132141005 3.6594491106842190753 6.8240645468741512047 0.78360541565450492207 0.019361641318426561775 0.62095706727791100121 0.48083796276997742281 -0.65181160977070340401 -0.58646097817943176889 0.39339217851421615091 0.75813372976906823197 -0.52007291957033274787
6.2283014602096304912 -5.6675049104411616696 -4.9369119594395467487 -0.89116512372801837127 0.0055317338694713842628 -0.45364537049476189035 -0.11603991364907084716 0.96388512962226047254 0.23970856332929108001 0.43858803072038782256 0.2662608811175327661 -0.85833890887878816489
5.6061016442479294497 -6.7040698726816598807 -0.95896712451341492578 0.95636685227612183713 -0.0026170522265695035299 0.29215679849208903152 -0.2811132790156494754 -0.2807115047410737585 0.91770168108547367503 0.079610101297219543204 -0.95978862367890172003 -0.26919886631972206326
-5.3926782233428953717 1.1118450588634163356 1.0844737733210751962 0.99842064305821875969 -0.00060155486764753088313 -0.056177020628900287136 -0.020548132571588738349 -0.93456846885857969287 -0.35518945826571557411 -0.052287606206673324649 0.35578282019657936353 -0.93310481248896670614
-3.9427814668920233565 -2.6296665102375307299 -0.89302943304387716328 0.99969605664846539206 0.0056563618946700814499 -0.023995830712477211888 0.022211875396301025698 0.2156723351052437232 0.97621313065417580912 0.010697051595894463069 -0.97644940956531145471 0.2154811445272427628
3.9392202408786283208 -6.1805887698210684178 -4.3665343671321936725 0.95867488684261048526 0.0026559409201841258086 -0.28449148900289161768 -0.075167706842529741218 -0.96205964561070433927 -0.26228048752344595984 -0.2743943825687450988 0.27282628954212229111 -0.92210278090316233346
-3.9244875063765913836 4.1216754911255426563 -2.5161900873360973918 0.68476433671857717123 -0.00063693714587155850215 -0.7287642948646370078 -0.12342909980698588135 -0.98565393792154132324 -0.11511547237731103999 -0.71823607572948666711 0.16877769097508979468 -0.67501928161342805712
-5.5224307474291673969 -6.5312131975509517545 -1.6924050621987278831 0.99549397717008525355 -0.0084749799625273482956 -0.094445307627335106648 0.046419312336556418919 0.91205279731289046197 0.40743704097186150825 0.082686086256366725378 -0.40998520659690362855 0.9083364693280351343
1.668407937916756234 -4.9233425220217359453 7.1317023854147931772 0.99936169938248187172 -0.0086061056635022004091 -0.034671728436051117705 -0.032440814326079023266 0.1877941267976708517 -0.98167253170612900348 0.014959524500999880556 0.98217070862734068282 0.18739506861465105025
5.007257799391570785 -2.4269599747193537631 2.1159448323680289938 0.99807726734077861774 0.023881013237961136453 0.057196727392375766585 0.061822427888152016451 -0.31738462140890832952 -0.94627955145573772189 -0.0044447528258705071291 0.94799614941198406814 -0.3182507578505607837
4.0834685204913601098 -1.7923353087225679658 -7.1716597530508199299 0.86916989099838237731 -0.0034339448422543365595 -0.4945016770493653735 -0.46556230385162733487 0.33144829053312480083 -0.82060573476859355324 0.16671965035419655798 0.94346713706698781543 0.28648615928218573723
4.0726843164165753564 -7.4872331284812023711 2.5110874736708597155 -0.94263510812474127221 -0.0032089001211808021452 -0.33380946045702986069 0.056972108444896904511 -0.98683005780520516304 -0.15139556093708414486 -0.32892739592490166656 -0.16172859973463146743 0.93040347604568873763
-1.3559177366959223043 6.4952395483484028915 0.42792002989114219513 0.98055840792194337574 -0.0055455380232647373887 0.19614906490132180683 -0.091084458451322847239 0.87252517777173987934 0.48000357871900117823 -0.17380687581985013179 -0.48853767629783245718 0.85505678685996600041
6.3394137612397676307 -4.3445243642233659642 -4.0078364044514538378 0.96096372219134729153 -0.0088691010182532729195 -0.27653221092551882876 0.19399384394502605655 0.7342337638728767546 0.65058986197191470691 0.19726913885265828785 -0.67883880195255763557 0.70729256168867449261
