1125 14.717824617146108679 14.977075390850430381 15.033177056927090831
6.4657498898896896833 3.3433998331091405731 6.969476665971538587 0.9503513386627158166 -0.0012988724186267178867 0.31117622986401394236 0.19657830211851673452 0.77769491144042302011 -0.59711606564880037595 -0.24122459293803408253 0.62864054725269846724 0.73933873029324881365
2.1153712688803443243 -6.2524542859493204006 5.9342501367382096689 -0.97182631891691284576 0.00075569791464704045084 0.23569691296461797725 0.17863248407203571877 -0.65002130841222249824 0.73862218640133681102 0.15376619099999741525 0.75991560553183346016 0.63157282317619156675
0.82561617881303794864 5.8626460420968182774 7.1976918037144654861 0.91775878365508700707 0.0016936429108918319916 -0.39713467060625545768 -0.075791796807521225054 0.9823582322944609535 -0.17096171202938639788 0.38983896490803116031 0.18700116314350270774 0.9016962606235514599
3.204170037797567705 2.8101186579570107682 -4.5024775392160520937 -0.94042501657926103054 -0.0018351144354723830827 0.33999620666547347714 -0.27131798444898741485 -0.59860965441221603012 -0.75369293015056948448 0.2049081245494957515 -0.80103877184537963796 0.56244959462516763704
-2.7464446879831543313 0.30351282576281451986 7.4956305230475335222 -0.97392325068023011259 -0.011006888417512879566 0.22661056946190388794 0.043294803457041675099 0.97145087521494655203 0.23325684778320934787 -0.22270846813286629406 0.23698532750259984625 -0.94564205319472749434
-1.824416721527270191 -3.1775123707579360222 0.53487567904446953193 -0.74857189258688172639 0.016279571568913159263 0.66285375248121247704 0.0814528919683681768 0.99438448475100982282 0.067564212985531113542 -0.65803157068558137954 0.1045680258774374094 -0.74569429389340646797
-1.1260092455618144758 1.3989458142437010135 -1.5646984756267290351 0.99515016533438049873 0.0013897396759509766939 0.098357597868980947697 -0.060460545483050610882 0.79737059630611040184 0.60045370728002189775 -0.077592982123433823505 -0.60348836009501916067 0.79358750516570819578
-6.9686870474394009278 -6.2824986604734718298 4.322112536189330001 -0.9254610980952360233 -0.010781231130451108743 0.37868921422167395319 -0.37130881191946435438 0.22417050432085372513 -0.90104236924993541535 -0.07517660609170573327 -0.97449030269554082206 -0.21146424721138243341
2.1938371547788766414 4.4839028484884346781 3.3005880223227221926 0.8643362849409707005 0.0098134190627206935309 0.50281853917773999818 0.49832804102817818137 -0.15142892277786468291 -0.85366178599691833195 0.067763928896586167472 0.98841943432562229255 -0.13577581444372019415
1.9385366958583922781 -7.1971951577458108673 -1.9879814101633712653 -0.83255401931395289772 -0.0036266189189993005594 0.55393199272058890603 0.064568858692632374874 -0.99379746023056458881 0.090539883623317593542 0.55016785385125177577 0.11114610058212942567 0.82762423654349071001
1.1438215338683643818 -7.2482165893454206795 5.6444376838319900713 -0.76888406926493801929 0.0048371120752782248084 -0.63936991669718135078 0.49207605054203196193 -0.63402598230951290326 -0.59655026128527310902 -0.40826271996543173071 -0.77329661586180020727 0.48511225029175358836
2.904397203533115146 -0.84850126832184646908 1.1182832259025892174 0.25327499859076652022 0.00023057511704450105172 -0.96739429496144491161 0.10570333004823692646 -0.99401911116918040268 0.027437431494425290612 -0.96160209083875247682 -0.10920601387018175066 -0.25178456153823014496
-5.9437331206339250045 -7.0604359515672046044 -1.8903423136526906756 -0.76818786424124829715 -0.0010239111317765967578 -0.64022367719297934574 -0.63986420769840590683 0.034771670748306691967 0.76770093566441999222 0.021475589374730624792 0.99939475810083688856 -0.02736633957329582395
1.7996262656982326966 -4.8548381042330390756 7.0014843760813274542 0.99990933670756676488 0.012281860852849706134 0.0055203495470799862632 0.0099129706486972765656 -0.39394987075437237767 -0.91907846909044843553 -0.0091132528796671746774 0.91904986547346878556 -0.39403590368811863831
1.8817446624613585193 -3.7488887297535509191 -6.1887834717574703447 0.96947212390289538853 -0.0049774787980563610368 -0.24515102626763690674 -0.027246197189356030632 0.99141571299792075056 -0.12787700637541776771 0.24368308458721094079 0.13065262617196002348 0.96101427958194096668
5.1109913556085437847 5.9058365159082404361 5.5110090621268774669 0.89128649344635690888 0.010713932848853875007 0.45331401725852854545 -0.40339704236654050362 0.47527822992480944775 0.78190883763351370916 -0.20707296494242799501 -0.87977031991440979297 0.4279310357843444379
-2.6089498371735011517 -2.0734489568715512853 5.256880690588364935 -0.62029215100384327286 -0.01089706813947839692 0.78429516210989858038 0.69256470965244076865 -0.47701996613848973716 0.54111558363191858412 0.36822787828608877225 0.8788249005412090975 0.30343866569993949156
3.3438779393475286383 -2.6918161705255858607 3.6867804098139438373 -0.71643641430453086638 -0.0051838014819525091853 0.69763313601114729234 0.53660770590225592702 0.63494167752375851865 0.55578884129656380697 -0.44583745269428304292 0.77254268124524638761 -0.4521136709165490819
5.6262939045585893538 -3.9635240043402317767 2.8197693084746413561 -0.99441082749924725182 0.010005096786773628667 -0.10510472962913337824 -0.041386807495258519374 -0.95276636523491198272 0.30087104453981022845 -0.097130007296792775229 0.30353937358341404051 0.94785526868143377133
-5.4812133495456718535 2.1141658242233587472 -6.7335408048919855872 0.64683577178566187271 -0.00040312071510397937124 -0.76262921648201587033 0.72943027676610006083 -0.2915112994855962314 0.61883166823374058385 -0.22256449778715484134 -0.95656730017603108784 -0.18826588793226578522
5.8464519766281028978 -7.3990396793429757949 5.1573877895137512084 0.98517755583802635311 0.00049260442003292055635 -0.17153699546721493108 -0.09685049996315717169 0.82695735270902415159 -0.55386055777355380769 0.14158094550438354853 0.5622644343556107982 0.81474753250856157827
5.5472023055942196734 -5.4845805932582001319 3.0041152137576450087 -0.48254016226025109315 -0.0055860800052741875488 0.87585603127210664987 0.84617830706924890283 0.25520431134738064127 0.46781730634424911752 -0.22613550020130257501 0.96687101268980846225 -0.1184195100850611998
4.616255480269074063 -0.96206516440727984918 5.6321887797295815403 -0.62796960476215857305 0.0092261047025522097131 -0.77818317540725556736 0.4152007616697098169 -0.84175999706943693823 -0.34503396186827350878 -0.65822678690843872129 -0.53977308781158150897 0.52476900696458572693
4.8210479967285762015 4.3586457908565972019 2.2820742005344847314 -0.9992701394731438036 0.0039805228226380863499 0.037991364749269715406 -0.036802807447285382225 -0.36678201769253904185 -0.92957867061449195312 0.010234340303813992817 -0.93029839671768477238 0.36666081239082243259
4.1130837964073378998 -3.3000539234714891812 -3.0339709494727125083 0.97505837568251307879 0.0019894335942250624717 -0.22193964532119520028 -0.19840984081693074925 -0.44034535744206015906 -0.87563091610916954366 -0.099472102010135871053 0.89782626845806456917 -0.42896770576401732633
-1.1989974224847783635 6.7140972973274157809 2.8241805448426715586 -0.98919911736075116782 0.0063295463021180468563 -0.14644126145391644922 0.14581877991996369803 0.14404734850286488035 -0.97876822834206445023 0.01489931660351460907 -0.98955055365190947025 -0.14341447671641949224
-3.5587558719415777198 5.8967981812753862414 4.5910835873404653995 -0.64768675235541739443 0.019325345500234278329 0.76166160586229325613 -0.69508114262182751908 0.39442207732128231612 -0.6010768919972846458 -0.31203217141009903512 -0.91872615938748203313 -0.2420292710856030427
6.3385307840139759605 -1.4383096948240445823 -2.0135778136165849439 -0.97524077295537248133 -0.012610112567180720503 -0.22078591401255412419 0.20841604709410091467 -0.38624696091979726642 -0.89854105999327837928 -0.073947184388499481722 -0.92230920533265980943 0.3793119345338007431
-5.4960987253233382077 4.8989006421931620139 -0.63011832749945040355 0.9937224986330119858 -0.0072170598637175363554 -0.11164009027969602761 0.079341105490292954117 -0.65806817731274547256 0.74876649430101638316 -0.078870683338705865895 -0.75292375978925096813 -0.65336454392211340547
2.1931773419689810645 -6.0342327801937152287 -2.7948079883816561164 0.96594087648175253058 -0.0012413461037090707875 0.25875989295366541576 -0.14675361311273024678 -0.82624303676108656891 0.54386195053712715897 0.21312343883282294787 -0.56331243840662648115 -0.79828409514189357932
-5.0877446118933704611 5.1931371915503383718 5.3093567813856585857 -0.98375964883506383796 0.0031674570079289173299 -0.17946286674389400062 0.021182113792411270958 0.99490623887560658556 -0.098554015147341272884 0.17823656016399530566 -0.10075486619755000262 -0.97881570561484187998
-0.22402038376935054509 -5.7777942299390367964 -2.7325640683946117448 0.91611654483710702745 0.007990988672904004303 0.40083240933830432962 -0.20604596740082292694 -0.84826925564764366072 0.48783637547943081714 0.34391210445956182928 -0.52950487629771059161 -0.77546698858379459196
7.3429859420381484725 -7.1224106147332850725 5.9508093171751399453 -0.99974017509794110836 0.0034573222775048564198 0.022530628439018894615 0.0028212616411945543038 -0.96206243804796776065 0.27281478292044253342 0.022619079953485991819 0.27280746364397023829 0.96180271625855129347
6.6730472896368713265 2.2898817767047732197 -3.2614611290287895962 0.99946589517063577635 0.0072686589812007464106 0.031860492580672347684 -0.032535461975672738677 0.31264331777106285637 0.94931322521450978158 -0.0030607360057757788258 -0.94984278828117352234 0.31271282264305344523
-0.33973898023626009079 -4.5527994534558775541 -7.079486071729793828 0.90080730916888807069 0.0056120402873542649461 -0.43418279186510316814 0.33766862579391676569 0.61959644447102535381 0.70857613927744000915 0.27299467193041970781 -0.78490047203626067684 0.55624199598279822077
-5.230566181914470647 5.1902199800778188177 -4.8622246799795405536 -0.95134791539635410462 -0.0082663376458588476436 -0.30800781083074429967 -0.024478890582274460963 0.99850805899587291581 0.048810245195584370248 0.30714479938084210398 0.053975214516620587113 -0.95013091120696480107
-6.0062905998197706481 7.1569424800453207425 5.5417623865938248073 0.92105681082268142656 0.0068776584598471707938 0.38936749870941694818 -0.30389312447936234207 -0.61254266365564369323 0.72968517464428928054 0.24352273021484605042 -0.79040760561599654466 -0.56209651916110703329
2.7531693747007146555 -6.7883586596906049238 -6.7308714901204940162 0.82275060321448889589 0.00536065963700583549 0.56837725872731814647 0.53049458320424047741 0.35181916302677945785 -0.77123198437183437814 -0.20410032361831598191 0.93605263733156496286 0.28661562770292869917
-0.30264284591155832249 5.015455538784975964 -4.5855810861334882489 -0.91970599036776612412 -0.00054477136525452746207 -0.39260743052797481001 -0.31058832972665784133 -0.61068890769392580875 0.72841879949471943778 -0.24015782460547480115 0.79187041947768466166 0.56148504702870660754
1.2136742183724986699 5.3337173514271860597 0.41274716000361161283 -0.97671638696824059078 -0.0099847454254099118898 -0.21430213318271496004 0.040385253273174277766 0.97250043234668359649 -0.22937292866305902805 0.210699147473106696 -0.23268694407766876697 -0.94945387213387122394
5.6184307446522163687 -2.2386441302543396148 3.2322610812024201721 -0.99182513227410873391 0.0017647744040259934206 -0.1275922903658923413 -0.11279544294226635792 0.45541979987376302041 0.88310248212438424709 0.059666532000426250604 0.89027506505241094104 -0.45149774473945086806
6.3813453593446736178 7.4410985987663869068 -2.7153851684734853222 0.040187202901878930905 0.017948689044412859117 0.99903094711046536158 -0.99905971325529019378 0.01700125081842087521 0.039882913896337551796 -0.01626892968748255841 -0.99969435430653652563 0.018615044846202716267
2.6048839599306639059 -6.254315814092392678 -4.7503420622171743659 0.99625346700181283133 0.0039027148314878402219 0.086393276959912251867 0.0095661623783576330005 0.98787765133350624591 -0.15493945441048823097 -0.085950672040922895811 0.15518542074762883831 0.98413920111090880116
-1.9577329151670295193 1.988785129300123744 -4.1384656091648510667 -0.79025398413221037419 0.0038331162335554771689 0.61276745000299959187 0.58011904606581821131 0.32678650504220063677 0.74610486696846012311 -0.19738422671256017349 0.94509041225811496467 -0.26046800130307851129
6.350524192002440671 -3.53544321255285654 -0.83632134293066173747 0.89568415169292614486 0.0021215458558419362373 0.44468573110611642196 0.42312071035154136256 -0.31172906065488847904 -0.85076075204183421175 0.13681653729649329021 0.95016866491506069003 -0.28010844924020472657
2.6229797660041116458 0.28731235440443947393 1.7693777773513232887 0.66750842223397255371 0.0042395394956244707857 -0.74459017758209544713 0.74457230245476213604 -0.012768535403735077616 0.66741969623390684507 -0.0066777738813311449118 -0.9999094913083663716 -0.011679748605225703101
2.6369944203573409958 -4.6133167457221517793 1.043710836755701532 -0.90625993778825975067 0.00072061982902908608244 -0.42272024539532426779 0.41765807334750126856 -0.15277789838482136453 -0.89566771044441295668 -0.065227746608549200258 -0.98826028680308219965 0.13815551599624348311
-4.7981844308463816873 -0.4944306599203455721 -1.7729796978107237315 -0.69748302341977908014 0.0027205298934772246741 -0.7165961420202794363 -0.20067491779743309999 0.95924075030254019048 0.19896421870772426632 0.68792950904020322422 0.28257703671049300143 -0.66850819659567117803
-2.7906357382922744037 1.9520554683815225516 1.4584903845569909819 0.92629294094090119938 -0.0095523133841538473976 0.37668307749614365898 -0.013813601432171732433 -0.99986749102871819161 0.0086130598173216922631 0.37655088896245447749 -0.013181566407511346312 -0.92630215066604171259
5.3074437319005287605 0.58992555612704133949 3.5755831087579088567 -0.99867832263027278561 0.019901171828901526029 0.047387247949997476915 0.049097394362457455474 0.64207557531908054926 0.76506757965918359421 -0.015200453126785796326 0.76638299755306371619 -0.64220405424306803432
-2.6675083677410760252 0.62091145393469060476 -4.5699393954006479746 -0.93572937869800953958 0.0098142665844332364899 -0.35258220319893374128 0.2394674191356891968 0.75160559523999137532 -0.61460913138062667205 0.25897081884583667 -0.65953977088221926728 -0.70564963374963030063
-3.8809346036300449434 6.3887711428341216191 -7.3648846588531835522 -0.80915560661577889956 0.00093143060057034911259 -0.5875936833556549832 -0.51982473254614536273 -0.46735970224805095663 0.71509241091489617048 -0.27395154994217685296 0.88406676283620644341 0.37865090404308787697
-0.074373995086506120011 0.15255969459863705229 -5.2491646120368802286 -0.99810912134802820539 -0.0070414299616847492863 -0.061062264501011709328 0.0074034259176487529283 -0.99995632538081258289 -0.0057040876323305421403 -0.061019432696288997131 -0.0061453718464210896344 0.99811766001727231234
-3.6722632375323085441 -2.9311115686666471269 0.37277451119490545572 -0.92231294945887221104 -0.0021918627210197687803 0.38643760039379310145 -0.34357551204427771996 -0.45311342332235116093 -0.82258379094704836554 0.17690305476107062721 -0.89145017883394550573 0.417159307547119107
-6.756120810753173167 -2.9066298049219696509 -3.7809793385746046646 -0.97834001972630146859 -0.0052375366371282851274 0.20693809222056600006 -0.025775492644420486266 0.99498210075433590749 -0.096675969907408426662 -0.20539335378934525655 -0.09991590158020856316 -0.97356580816632964925
-0.63883879212575456208 -3.7346495931154120029 5.8081830804791945155 -0.76516437220559130328 -5.0301311312936358711e-05 0.64383497961581515057 0.27509009140963114337 -0.9041505571868798663 0.32685962055118167324 0.58210731408856764002 0.42721395975364573339 0.69183763086163785339
-7.2266945797540174112 3.4804364161267216105 5.7393130171622432911 0.99854933143114010807 -0.0087157823261935427062 -0.053134431744278905196 0.053193780656585296085 0.31263741548706597273 0.94838192103014784529 0.0083459210281417693655 -0.94983255449369152768 0.31264750762833548592
-6.5898143460725631115 -5.951361892422142752 7.5080011315750381229 -0.97197278308292933691 0.0030105875277900559159 0.23507412726386947566 0.074750222172748112537 -0.94406884812702918097 0.32116415472670656328 0.22289305334902365097 0.32973466053618838423 0.91738418364920859549
-2.3148210869124246081 3.5414455740882808676 3.5872688862680339739 0.98968212463334681583 -0.002053413553313812763 0.14326575192271373549 -0.14264204153020354493 -0.10840644973020796549 0.98381974448830677993 0.013510742736557971796 -0.99410453431716905293 -0.10758082859435365297
6.9082935780647458657 0.36447803854278165714 -0.28940955574514937165 0.99991813053558520341 -0.00014619534533493079576 0.012794954203272597415 0.0089218403948786908358 -0.70881746121827016172 -0.70533552826717849094 0.0091724037259379564285 0.70539193736452843186 -0.70875812638086688189
-0.095762589154307423134 3.0291880940140551992 -5.6678132085770673854 0.90425483523329686086 0.0085242652724728355806 0.42690810470021167689 -0.10288120113948594214 -0.96599621984122319152 0.23720615865623712049 0.41441362358063832394 -0.25841563449979432221 -0.87262976595852037587
-4.6397257395815838521 1.2098343083788858365 -6.8265247281134735502 -0.62725474516744295084 0.0031999374732290114531 0.77880757897249430766 0.74512977885331266314 0.29337748428573501291 0.59892509079192435273 -0.22656808541990844375 0.95599132428822919394 -0.18640678784529071677
-2.8065836003662703035 -0.68231827453808935324 -0.12993051067448466163 0.94724479236815373184 0.00012312033882350831293 -0.3205109798008147215 -0.24422379943758787402 0.64787474345754825222 -0.72153520536302129251 0.20756213315480592785 0.76174687503871785221 0.61372604576391298625
-5.9808105349672189277 -0.7442404472557085926 -5.9954776477530131729 -0.87930367229456840583 -0.0032021108092292627917 0.47625077257237868888 -0.47611674558770372689 0.03056606001370609782 -0.87885070435551582158 -0.011742932355881027101 -0.99952761965915148945 -0.028401427395182532454
-2.3225498280296879017 5.7902851413206448683 2.4986741678391006793 -0.98783358192586767643 0.022100671369876458139 -0.15393626845061542108 0.14477591835529765585 -0.23075807059086933526 -0.96218015273726731351 -0.056786863655813771268 -0.97276013136955818972 0.22475092643629471234
-6.9128817125431591961 1.4322845880210790526 -2.7873529630866373807 0.99996564680708199813 -0.0038298519673394103985 -0.0073510162343670025151 -0.0064499709335424076223 0.19748518741894527384 -0.98028465183603874511 0.0052060619211559177114 0.98029838976922312188 0.19745370073838452996
-4.3447756470026845932 -5.8528298819607798009 2.2856153338577973599 0.99972983866637421535 0.0086119224304348936105 -0.021588989606709095559 0.0016483814743505414632 0.90021964538615517615 0.43543297176403394921 0.023184747544479959724 -0.43535092150217491458 0.89996224511278388736
2.7828263672189668121 4.9681056199704904941 -3.0003916943495303471 -0.91707153835537369435 -0.00035884650057764911485 -0.39872254108318666566 -0.26580215308664051355 -0.74483460084977481941 0.61202175842979811282 -0.29720196660376485553 0.6672490454141780658 0.68297123104903156854
-4.7845904451522400791 4.6942076713345066707 -3.7535408823525546751 0.98302296237432551518 0.0002430565839618378278 0.1834824143298428023 -0.14645579145262863086 -0.60135258995922402647 0.78544621948245552101 0.11052853294422405883 -0.79898373166965208636 -0.59110780736867329921
4.4664986348539343908 -2.8113924383420778597 5.9230649997967921294 0.60679585380923695137 -0.0021381316356151956054 -0.79485484221517721526 -0.2831130186201694654 -0.93499507318617125495 -0.21361468068783712182 -0.74272862506275627581 0.35465425629856639489 -0.56795646664301480122
-7.3005347521253227683 0.077180125315962078147 -5.7787132281967750203 -0.53068193495675308746 -0.0080365207014545005093 0.84753294817695634666 -0.45302368856615005122 -0.84244325032749367566 -0.29164860290360894446 0.71634225165656473244 -0.53872514728074982759 0.44342867992361750806
3.9173654236257267058 -6.1415151390001279097 -1.5559534982721723306 0.98381455566053932493 0.0026726034171529015893 0.17916968845600139693 -0.17804209777529500514 0.12755772724138780827 0.97572026608083117782 -0.020246764932636284601 -0.99182754721377708318 0.12596898466597739041
3.0044566522563038724 -5.7658342021208195405 -5.8697101486480551813 -0.99803822731366076404 -0.0072969437113145881393 0.062180796336190433116 0.061636441537279332281 -0.28876276878822970673 0.95541457621097336528 0.010983892531927632458 0.95737287300937745638 0.28864603952009409982
-3.2868364418115980641 -6.684126783158253815 0.35433552987212824092 0.95959849830070009791 -0.0014172147576691769381 0.28136935433935067463 -0.11307218297624301029 -0.91763233495291907094 0.38100600951406349282 0.25765365026714232011 -0.39742784169102779446 -0.88071885817932127338
-0.7107917104761584115 -3.9511227609355561441 4.3516082912347151535 0.991868196618964304 -0.0021755202543892954506 -0.12725072749321431065 -0.12718834248113375374 0.018718349348076323418 -0.99170194561406577183 0.0045393912410428846962 0.99982242948906330238 0.018289434596294187885
-4.7419217617381370644 0.36617936320662503036 6.1469164299757572678 -0.92105956941547217909 -0.013864307927478752847 0.38917483288864851421 0.38112461622321891497 0.17310186658268522653 0.90817386589459225821 -0.079958092128442542768 0.98480633870378142536 -0.15415310166164455929
-0.17964255456403704914 -0.77916994250265059208 4.5361810331455449941 0.58878589268148406877 0.0029402566932637168653 -0.8082836924433524084 0.084779330382268272559 -0.99470217140653249821 0.058138243344677924263 -0.80383060262664229878 -0.10275672771084859436 -0.58591587893741015058
-4.6673888649292551989 -4.5786720999164849388 -6.0062908163402433104 0.8536499527160195111 -0.0097877646087202729852 -0.52075518037939816374 -0.50723290309369895024 -0.24272574019719928007 -0.8269213971501295779 -0.11830697463393596847 0.97004557352205122989 -0.21216749289969466519
5.8888853702274301938 -4.9989410631569182186 5.860411881235513043 0.98654316971643796208 -0.0082263332584335754905 0.1632939120943243394 0.15308964637351482607 -0.30422083387247184083 -0.94021978516257709302 0.057411971392593789953 0.952566014341786782 -0.29886761929280258876
-4.5963087693739561601 -1.1904606283269034694 1.2390160177406477349 -0.929675371975814957 -0.0014818234774526956032 0.36837685451282431437 -0.032457742030025424351 -0.9957732418764175808 -0.085919414250942183209 0.36694713205572887516 -0.091833844317291302151 0.92569776240087342511
5.9490423995237389221 6.9090500662311802316 -0.51095772251153814825 -0.86901130662324488352 0.0087729767781995343645 -0.49471444676632453374 0.36412948561244490309 -0.6656184932838862256 -0.65143053283224305883 -0.33500606959958079134 -0.74624061553685594461 0.57523549703974485858
-4.8534667902983628096 -1.4384196389603673971 -1.0809152503840722126 0.99330336702903898605 -0.0049703341690068344322 0.11542840563312896374 0.093184804255116299165 0.62508683790922991985 -0.77497292683586471718 -0.068300902663769147427 0.78053939096676183684 0.62136402039741744918
-5.8514460587753633902 -7.4681812839428420858 4.4566707441603687911 0.9418904458632431087 0.01835391331514162408 0.33541842802355925635 -0.18592808140315980614 0.86009657416386597895 0.47504171570224962284 -0.2797733663833962825 -0.50980095819606630059 0.81352925361348671363
2.8261837576063455479 2.3972321866621206787 5.1460820597704097779 -0.91264609725509793225 0.014950767094980632957 0.40847714223474601569 0.40733355935124093694 -0.049875734036887331424 0.91191654364884056072 0.034006949160436283908 0.99864352284362967183 0.039428944840663060489
0.50870799767429819571 4.4429395468842987071 0.67649128559113136383 -0.36276614661320194521 0.014986199789422326514 -0.93175969900352739739 -0.61040239858572431508 -0.75933308458300319277 0.22543774852124279229 -0.70413751119513767751 0.65052953850960304472 0.2846079493872920585
6.3122220227764200828 3.0232036927648224811 0.0041345021862822795011 0.93394171436569828337 -0.0063813163789521055308 -0.35736837152841560705 -0.28222478054083033339 -0.62668388671497976539 -0.72637213560304758619 -0.21932178965235479828 0.77924744781949717432 -0.58708718913858082278
-0.018004260042516762041 -2.3661218503153116366 6.8273618610941664286 -0.76733338574524190268 -0.002614032332068827371 0.64124304437230306153 0.35591898099137775358 0.83008006712983095632 0.42928866875784860158 -0.53340524377893139274 0.5576380985807285473 -0.63601776462637471532
-2.8729562041225964464 4.2968408694062816267 5.2332387736998411398 -0.998998619889227224 0.0032262194610713315103 -0.044624533244675759769 -0.044322634060344048845 0.064716562749099731944 0.99691888868450484473 0.0061042255256308613348 0.99789847079451721168 -0.064508762325780205638
6.9573109397850911861 -4.9094672640633945093 2.8619020562775197014 0.87541354338938626167 0.009810903131325401233 -0.48327515374805002368 -0.096521850808701084579 -0.97611067345927704508 -0.19465735402312289715 -0.47363980023523594154 0.21705229632177558408 -0.85355353686491775012
-1.6780543118389794621 5.9726865327915170667 -5.513957850665510918 0.78291620124817440374 -0.0053287991211330943894 0.62210435276015019213 0.57703155817030937769 -0.3675551929596109213 -0.72934063441149421525 0.2325441951513933514 0.92998644292721810434 -0.28469003016097182979
3.7878921974202599543 -1.0022356033706834033 -7.1422991661495416338 0.61454601806178554835 0.0083943234703961425863 -0.78883631192913616914 0.67854981778807210713 -0.51565012171358381998 0.52313965320620314792 -0.40237213678911054604 -0.85675812649210802974 -0.32258669567346459628
-2.8554020545489500194 5.6649938952686644811 -4.7090497949153524715 0.96320935197298429564 0.0029582650135097409219 0.26873591672825575261 0.2574359619462225357 -0.29726262771737765878 -0.91943550924440953231 0.077165210869523520598 0.95479117027271853679 -0.28708770680888162641
0.91763920807885845932 -2.3335304318521212785 2.5577923479806430329 0.58844067769478070051 0.0017303640332463857566 -0.80853854247909162645 0.60814016374619905836 0.65804816578435365582 0.44400242425775554578 0.53282559066994450436 -0.75297384904673425599 0.38617000476343849025
1.3961306778531716866 5.3980591615930819671 -1.9950317022114736343 -0.99906904187415035423 0.0069400860086684026257 -0.042577984624099000921 -0.022544525251029855911 0.75748534658494559579 0.65246279134544415967 0.036780347329308626936 0.65281527625751867294 -0.75662369850206134814
1.5028076166611767928 2.7447992004802395094 3.6559716394632961745 -0.95243335650178839735 -0.0056297308070206468142 -0.30469494179238371112 -0.12679078345009645035 0.91650567382919811976 0.37939616111791713005 0.27711874468342356792 0.39998206956054410677 -0.87362437315773644464
-1.0355500435242575019 5.9360318095942403716 -3.6634183813847900346 -0.92722467133845198894 0.010382775682528043101 0.3743615990329264287 -0.30025051804845770409 -0.61807256568374679961 -0.72652317923168441283 0.2238393068096353189 -0.78605248012982831263 0.57620956535680589727
-6.0457933193337796141 6.3808374374640344229 -3.2573155884306967955 -0.91579431126789412332 -0.0127137530993459303 0.40144631014805831626 0.16952455530576154841 -0.91834289095117871415 0.35764194355202516551 0.36411839365480558328 0.39558146458275755819 0.84316848866690130571
5.9225453736782123215 6.7203562733374919702 3.3402325877733125559 -0.99290564637229528078 -0.0030203121472090806859 -0.11886654330207827024 0.1159730530187878389 -0.2452228741465631856 -0.96250506126915436056 -0.026241729660178021721 -0.96946202592460672953 0.24383345118062110801
-4.380084743337997466 -2.6696161731279177687 -5.1599919506435236727 0.99597199301421357465 0.0041911076694086538477 -0.08956686746652409159 -0.016784908309416896044 -0.9725342413731147273 -0.2321538632236942179 -0.0880798273403654991 0.2327221174988397534 -0.96854651929705526392
-4.0931912209969274485 -4.3420774708757194915 3.3786250280876610752 0.94768701537751154351 0.0038294823302864036338 0.31917809440782068942 -0.014913211020208670676 0.9993673025378855268 0.032289173961176476091 -0.31885250041637974716 -0.035360001175251905281 0.94714452608618815432
-2.1755621877513071638 2.8306375325835873014 -5.371389693798910514 0.79505732253902150486 0.010218660445625200872 0.60644821119006075971 -0.55779410573503251936 -0.38038468523598667481 0.73768097904525176123 0.23822172336760488731 -0.92477190172314982508 -0.296727720813496465
7.2090126158744594065 -4.2281049568887283385 0.464714398375975557 -0.64611572944682904573 -0.014342809095882683504 -0.76310467695364991858 -0.51392116427197631623 -0.73102501945257425398 0.44887354326998873955 -0.56428671885369408034 0.68219990088067306022 0.46495569053796875769
-6.5560757156401354706 -1.6313990458061096156 -6.7822162976643429744 -0.99261900711220707461 -0.003135089401450813322 0.12123398011282228437 -0.12102437016813212545 0.089780431978883412647 -0.98858109220189560595 -0.0077851490003908964052 -0.99595664827753360715 -0.089497185469219850407
-4.6552711961672450514 3.5942794406381790573 5.422393062816181164 0.99905087455696472976 -0.00057769096326202272473 -0.043554750832618331635 0.022507232909232930546 0.86293043375598288414 0.50482124654617643866 0.037293089355922078021 -0.5053224047782242101 0.86212440675082002706
2.6141665676853045319 -7.4620814012317797648 7.1770321483832351106 0.98394166333448318529 -0.0039148525994093432562 0.17844740705228034905 -0.13969070383898610221 0.60545610807166549971 0.78352371276155108326 -0.11110945241305671127 -0.79586906908607668587 0.59518662153708212781
4.8741044387438865471 -2.8014733784489842527 -6.6069699798304322158 0.91395403682680564916 0.0073385276322139991051 -0.40575135807552836775 0.1418102148944014318 -0.94257972254500776987 0.30237944638926195218 -0.38023398259438512259 -0.33390060296323592626 -0.86251522063170638077
-2.4371072063278385045 6.0972109708422470575 6.1475202148109264755 -0.95542210682962858126 0.012826526805407115553 0.294964536836822111 -0.29394023329873952832 0.052435559091154632094 -0.95438443584918952745 -0.027708067950177300842 -0.99854193319712769572 -0.046327860058133524257
-1.390449786571000601 -0.2546846707566480239 1.9093780254328467372 -0.94079408187555002563 -0.0074935852310735271559 -0.33889576817684718968 -0.11503159116670144679 -0.93337356164737117492 0.33997283340189554668 -0.31886396557379809158 0.35882814911608873487 0.87725032394426849525
2.3723623681182468559 -4.088338425604207238 2.0113962459766621116 0.84263340072785852808 0.0011969162330858918591 0.5384863223603777449 0.46283537492635790089 0.50950830625156939835 -0.72538589838608791283 -0.27523148020246313017 0.860464905299559768 0.42877474162232653843
5.2688654383920621171 1.7778507866419546168 -5.0393768021448384076 -0.9914268796835469244 0.0044767933612519256875 -0.13058598914975499961 0.12016436536304425653 -0.36126180440050975617 -0.92468937161523778734 -0.051315373309709623462 -0.93245368088843749721 0.35762671245258698116
5.9859343974731178406 -5.6049274573877445604 -5.5235841982964437591 -0.95757923918364673543 0.010314227475586341606 -0.28798544650025126312 -0.24532027931100677809 -0.55351440493084147487 0.79588929135448926999 -0.15119510985191467189 0.83277573226269652196 0.53256419191613912911
-5.9042980158307543093 -6.3397232317993106321 5.5766232999156049033 -0.96772703380207392154 0.005803241066055843736 -0.25193394063095886359 0.061343313126418740067 -0.96423763930142436518 -0.25784253506549947854 -0.24442051056196273384 -0.26497565425425206875 0.93276284052764713017
0.50648243794324321332 -4.5492800682863787642 4.7748060154808040778 0.80954817354326191747 0.0045142709679663085842 -0.58703609435054315835 -0.2522471860288550416 0.90562772283812731366 -0.34089556284515359907 0.53009726640801790865 0.42404958316765667403 0.73428798108236370545
-6.8452332382145559819 3.1017921727945707566 -5.1866770952049794374 0.99969056100444164681 -0.00033814601379776078327 -0.024873035518982435088 0.018250987006330220835 0.68938328011222727021 0.72416682786166597374 0.016902180686295457251 -0.72439669985385535256 0.68917612954102480671
6.5194026814978487394 -5.4090010122464518005 -6.4742450847714438922 0.99742113069186955077 0.0033071211399811357295 0.071694846393307143373 -0.049682886519828266259 -0.68908449804025229124 0.72297590924432453274 0.051794776152174863693 -0.72467345577880937224 -0.68714313185317954513
-3.7629675654781671312 -6.9498264776578189128 7.1204017374024060061 0.97083262505399192666 0.0032904487016130658933 -0.23973566083918237957 -0.20213786628703894754 0.54895436151768772781 -0.81104216412189855667 0.12893524399310235529 0.83584584817899654219 0.53360792810686208387
1.5717068805885243687 4.9714369898461452379 -5.8183852553473593971 0.97225595514754037385 0.00058557661284602683435 -0.23391882091909338426 0.23382192378708266389 -0.031321481543969291461 0.9717748055749912961 -0.0067576354330651424579 -0.9995091904999403587 -0.030589417605379760901
-0.22759200858466688278 -1.7432596433775657818 -5.6121477218641304674 0.97068915829223878511 -0.0057863800525527319535 -0.24026875739392644649 -0.22201371554915103057 -0.40446238571237658199 -0.8871978858473247298 -0.092046010678371620317 0.91453632861128431042 -0.39389190848306815385
-4.4572490407002227641 1.1617278058266216068 1.8727596397887125157 -0.97691135578699339614 -0.010523554914591035786 0.21338570178527815902 -0.20616826444730873558 -0.21548186430719190598 -0.95449578987519212436 0.056025437697743186993 -0.97645113597477628531 0.20833705715528422209
4.2373616322345792895 0.39539553250221459724 -3.5216625591856889343 0.92756118694649569711 -0.0028608696576358436103 -0.37366035365722860551 -0.037665730725620447106 -0.99559346745585819427 -0.085877472529838225213 -0.37176812289304828063 0.093730800615443449209 -0.92358161513572112344
-0.51404660158615878007 3.6910150806217454367 0.77619223041898566251 -0.80970170174732691848 -0.007425533138407724304 -0.58679469633360792358 -0.58666922811993993392 -0.013996749651616183924 0.80970569207350473473 -0.014225714910256702025 0.99987446834926452244 0.006976860217140300191
0.67466221040763230121 5.7374333371562524775 -5.0573636348387394079 -0.88501459815558014554 -0.00056005330583890457555 -0.46556293601573134344 -0.46479424781860534388 -0.05639057834452147755 0.88362119138729722234 -0.026748238187019265227 0.9984086282751909458 0.049646175478338973319
-4.5278730099894959338 -0.42887770714377404513 4.125831230726799248 -0.81403931498585735405 -0.00092303667710746050389 -0.58080904061541260841 -0.52510616928662068315 -0.42616516768493539757 0.73664561413827911451 -0.24820053310666193025 0.90464490152513843402 0.34643050891938181879
4.3964841601844906194 2.1113228233683041246 -0.65862866222201166266 0.69436576361208912633 -0.0018397601195882760938 -0.71961990078522031222 -0.024939729611012977084 -0.99945753245748525373 -0.021509316611879440023 -0.71918995836318222459 0.03288245880231403101 -0.69403497584257900499
-3.382998766517745004 4.0581747189478161175 1.4779196081584990985 0.99936652282663884783 -0.0045959809229147016371 0.035290650499572896737 0.032210168200972777441 0.5385133690931782624 -0.84200110235812031245 -0.015134666094501762063 0.84260443166839660289 0.53832027048485431298
3.479017842173173225 3.7126617776004473548 -3.6316367177045365544 -0.90886297520253511717 0.0059468973705801026625 -0.41705242682159221479 0.30419626137352490103 -0.67465059749897138275 -0.6725408581347485093 -0.28536420040445514834 -0.73811327430543605121 0.61135592531822158247
-3.5366098314663800828 6.7778991743764427369 -4.6884180610957066904 0.96920967947131742015 0.0024500531001655154184 -0.24622468287908422235 -0.17602578975646740456 -0.69233537954099066969 -0.69977613818740092011 -0.17218454797022977876 0.72157170085565602857 -0.67058687875974987147
-1.1994548869778536293 4.8465115382289924995 -6.0396892131671409132 0.98755066314715767017 0.0044102853838929286304 0.15723942603713383925 -0.097127098351104376728 0.80339004948518433213 0.58747830185800720137 -0.12373364329696873165 -0.59543679578186581303 0.79381673435727961863
-3.811429931997274867 -7.1820178811789725515 5.8593580517140395614 0.98659963500861858066 -0.0014004188569506992659 0.16315391208292079339 0.073332977107692987051 -0.88946424961131109743 -0.45108272315832453891 0.14575127673352938906 0.45700261212641768438 -0.87744240713570520462
5.4708550502207433652 5.6820740975498829073 -1.9316028638892051017 0.9999439899781042973 0.0017435278897028720635 -0.010439205773900304963 -0.0090855893013861363516 -0.36449395218488905845 -0.93116143116419169967 -0.0054285332952750319988 0.93120412312825917578 -0.36445769589219761952
4.4000574145889022049 0.21929912504237961124 -0.90528332722803595001 0.44338099489879378989 -0.001578915962261838099 -0.89633185840221574203 -0.25222624293712897492 -0.95980948182933290003 -0.12307591545176216341 -0.86011349003273918079 0.28064793891077649546 -0.42595952700784350808
-6.1385779269128768476 -2.3488516535824714992 -1.0232053153771105691 0.60900105739505305813 -0.010218314392814221298 -0.79310358601047969973 -0.64868140968357501652 -0.58182204105548174233 -0.49060731881306535174 -0.45643196735394497843 0.81325192812134328157 -0.36095866880346183514
2.0256689822549822644 -3.755967340664513987 0.21718042089344474777 0.9915884098114930989 0.0085929141113637828864 0.12914560524682072717 0.10881681120414953001 -0.59560470594818848422 -0.79587306516295386327 0.070080861345033079735 0.80323172004065757079 -0.59152977675987339357
1.6592745324147795127 3.4020297778385870657 2.7285693220144708881 0.97214763941354942478 0.0030470005255117203063 -0.2343494889487441335 0.18470849937023356424 0.60552326266389822074 0.77409582651845865175 0.14426273754206161981 -0.79582177286164879071 0.58809520351401889382
-4.8424471924607104256 6.0736039867877185117 -1.9516735975012058368 0.96953588754375452652 -0.0018275523520656540566 -0.2449424887953724761 0.20778905231023239719 0.53564689152128208693 0.81847792721830014973 0.12970687146374484944 -0.84444009121781193894 0.51970862975244924709
5.4212007332899689871 -3.1922954929771489851 3.6119219717406689796 0.99782066257861035119 -0.0062694856252358431223 -0.065685758587178968981 -0.038559309728557956964 -0.86321815791279110641 -0.50335632655515472056 -0.053545354275057660542 0.50479214078645617825 -0.86157866131636828833
1.3989185251112870034 -2.1171602628216916742 5.2176379153194467619 0.82246493159340883228 -0.0088390029405509898397 -0.5687471391806783183 -0.26714401364902706781 0.87674403913591503201 -0.39994245312450826813 0.50218075657145233581 0.48087603586241767228 0.71872993945058616383
2.4286619064408512259 0.32382520173551077036 -6.1023659909017764491 0.99986662751644916902 0.0023812236154171564917 0.016157256973623135288 -0.0022616594642154907654 0.99996995630269436273 -0.0074142692537935480507 -0.016174426582925970075 0.0073767381811238571035 0.99984197334296076587
7.2987465204823447351 2.0278379996377124961 -6.0742973399748416696 -0.82083938442544945868 0.013520624798869446473 0.57099903474618340926 0.55387567782280289208 -0.22522939370072353471 0.80155689363232329736 0.13944331641332674554 0.97421194455736237483 0.17738841165472785111
-2.8750231514519493103 4.4053090163325805406 -4.5072720060387601038 0.99584925879425745254 -0.011022846226886269527 -0.090347941980009865981 0.032620437371874304311 0.9699220513064923388 0.24122006851644264835 0.084971529494508868385 -0.2431660158214727363 0.96625572594676667482
-0.74502053792196287763 -3.1750025676358220039 7.2787261090553405651 0.58472508239652609685 -0.0030963690233870378235 -0.8112256101204310399 0.44653205755227215468 -0.83364196952318470046 0.32503874880977601247 -0.67727815526165080495 -0.55229655000600919035 -0.48606874128771326848
