1125 14.717824617146108679 14.977075390850430381 15.033177056927090831
-4.5735380514057002443 3.9745394046742910099 6.5841457241285601398 0.86635401917746646117 0.0039823700827279475897 0.49941451138661335785 -0.46186967964746544757 -0.37407016499137635268 0.8042063856285315282 0.19001871612391801891 -0.9273918548228952119 -0.32223785490023026945
2.4418375072821296712 -5.6932756242470707875 5.3530279090912573636 -0.99781529244574262982 -0.001099622018863804368 -0.066056286550231047006 -0.032059379474452288916 -0.86618552632891609999 0.49869312223649020499 -0.057765373270704800657 0.49972134716231830787 0.86425791106669913599
-0.2352257554755959601 6.2540098971848623322 -6.6845569672636688807 0.99952330100463759877 0.0083351761398287090715 0.029727017802523056367 0.016779078617599956641 -0.95490968654913510605 -0.29642191729931288702 0.025915888359464522156 0.29677940523793505667 -0.95459433863670506426
3.465644107233403215 2.4392029117097728808 -4.1432426024402380094 -0.8776775910989279561 0.001120744327244694357 0.47925023736553212794 -0.43426077043452121496 -0.42487330810139822823 -0.79429229841697079895 0.202730435170213108 -0.9052521284123961065 0.37338847687159376632
-4.4626644422913281929 -0.37110203853476092517 7.4756988249639508837 -0.52676389347218377512 0.00086159426243170595533 0.85001121062570883513 -0.013869626345486770619 0.99985764318592407207 -0.009608685016443534524 -0.84989848452565175396 -0.016850846211236895217 -0.5266769550520428167
0.75255289614112086394 -3.2896477916650144202 0.74204266370001026321 -0.89926930143041328147 0.0037939426327325297995 0.43737893125314580844 -0.028024485873625375187 -0.9984075516492230129 -0.048959054333369944612 0.43649668005190417341 -0.056284694269418303336 0.89794358480623870378
-0.67931168310958645051 1.6927065173655548858 -2.5127708208487482544 0.97526921736219662762 0.004752200534014949275 -0.22096916132294858182 -0.21935688147381215973 -0.10161471904917172837 -0.97033860452040410216 -0.027064962880911116322 0.99481247753673163192 -0.098059279630229756464
6.9399736626548111929 -7.4074111941015097216 3.7772695990402880284 -0.78328558459956665327 0.0033246898725078129905 -0.6216531503949110915 -0.57649828137743763801 0.37030507547238539212 0.72837070413924354106 0.23262292347807173032 0.92890424561225803934 -0.28813794952388877002
3.4551645193664901612 3.7134523708152253896 3.7006799127934031368 0.89072086460237265282 -0.0020960486200169835963 -0.45454587000902874072 -0.35488465113756806346 -0.62805961093609774526 -0.69253015060561984306 -0.28403032540394729244 0.77816240701474348462 -0.56016965515803285314
2.2402917804296826887 7.2538763508424812798 -2.2019144581435754482 -0.99864441021613914451 -0.0013490410899592475587 -0.052033854673700079274 0.051781546824441956889 0.075901154859832065114 -0.99576989616051581056 0.0052927641675495924051 -0.99711443414444367317 -0.075728408595340010456
2.4697228377754596451 -7.4582712773263537542 6.8349388668502495392 -0.87282245728485274849 0.0033677187827825354194 0.48802624573830899468 -0.34487650169420586144 0.70328095885312713609 -0.62165592693539373226 -0.34531312838991012892 -0.71090403809856927975 -0.61267796759532056061
2.8406789577308826367 -0.69495737093013665309 -0.51097225009349189762 0.91685082669224993168 -0.0076670054638120236842 -0.39915633355985641328 -0.39913341277203578938 0.0043837518858056666315 -0.9168823815126062593 0.0087795445586643181685 0.9999609991127138553 0.00095908848401634119729
-5.2665159378565959969 6.789378776770878865 -2.1954892316234371208 -0.72059723081221982444 0.0092252940574241749927 -0.69329252476523917093 -0.33065673142531726292 -0.88345504113180584049 0.33192366029265224503 -0.60943068261197230751 0.46842511060837344061 0.63966566176612316141
2.6966872318929326902 -4.457257325653178448 -7.352690211680044996 0.99727885558200191074 -0.0037662880022217206516 -0.073625398361170449335 0.0023951454211809217361 0.99982222115245700245 -0.018702656717777467466 0.073682748914263587747 0.01847542055201710845 0.9971105813038134702
0.11771323093208341248 -3.9041965499336046541 -5.0090479058859349593 0.99405406884373093135 -0.0025681717530796764788 -0.10885730434439366832 -0.024931574477734034373 0.9677954163628085249 -0.25050039652902078569 0.10599492822453945862 0.25172492240732380342 0.96197694287839285998
4.211866389270808142 4.7230289870635866478 5.882294229733848745 0.83073680740054434146 0.0018679060126060302756 -0.55666225645101352626 0.086629094073146284405 0.98737739576286365217 0.1325944131422424066 0.54988340299553017942 -0.15837420643400498821 0.82008893044977559939
-1.082965172478821847 -1.9284756106289124844 3.0805675831146648314 -0.87805819755734848542 0.020775826265189346886 0.47810267385296401077 0.47825155791878642964 0.0025902457462739642002 0.87821907174422531028 0.017007323440103049028 0.99978080381155853829 -0.012210457789549456278
5.2016051859597771667 -2.4447562839723770978 2.5393565410381375713 -0.41906644556675648472 0.0039620033376898660532 0.90794692396069232032 -0.72079442206930077752 0.60663614538513499497 -0.33533265308673104732 -0.55212201125651616529 -0.79496974133738362855 -0.25136506329279212357
3.3473332288095605236 -4.5412262243298755493 2.6173340075732971499 -0.98138699581114219317 6.9678871180227234042e-05 0.19204051551039341694 -0.13963289005953591349 -0.68678920219029382377 -0.71331847569547712773 0.13184164920942539889 -0.72685664810864381025 0.67401572135525900098
-5.608989825845136501 2.8613763125484950045 7.194690084789254314 0.93085786044471929834 0.005801651346820079283 -0.36533544105349652353 0.0073029711248175088745 0.99937877033294231222 0.034478109292433042898 0.36530851380833823105 -0.034762253225116085398 0.93023721463403319376
7.308754842007724406 6.7318341358238571459 4.6047179377427944758 0.91166647469296102635 0.0049064162832432893155 -0.41090165003341999617 -0.1259929161893371119 0.95510684108813459492 -0.26813561340604730177 0.39113939202159214714 0.29622094656823449998 0.87135706046554251003
5.2995634010973828865 -5.1426723766957946893 2.0761018852119765832 -0.90973905109058372798 0.012823308767317458112 -0.41498243537861079222 -0.31986322115726678605 0.61558548029262138979 0.72023748597519920978 0.26469298946401476069 0.78796578555491392226 -0.55592044585833055859
2.6870781075942828942 -0.50901015700840235301 5.0712931481620735497 -0.96150173873105293509 -0.0024920272268154105948 -0.27478754742073702166 0.014134164553159245248 -0.99908378013833376574 -0.040395861877799289774 -0.27443511402439108027 -0.042724583845427543949 0.96065601446392245855
7.2135030510088942179 4.0288331487299231526 3.4443898155225216584 -0.99710881308186971594 0.0073629194774161238826 -0.075629374527102416481 0.011701555845026141711 0.99830073409313302424 -0.057085181088731569432 0.075080546517696966635 -0.057805118509492735279 -0.99550061768376407745
3.8929984169313507358 -3.295410079568308781 -2.0789571259467005682 0.96493419698949345342 0.0070279575059621008162 -0.26239779590058720515 -0.20428488684882648019 0.64783302654955166044 -0.73388013647786909388 0.16483227986463119819 0.76174994422374908698 0.62655194676085212979
-0.28844960952166148749 6.8134784557064671517 2.4961695555629428434 0.081562334589314472444 0.0023470464319938224261 0.99666547895935531098 -0.98993020319105839988 -0.11589259351739034098 0.081284067183165845116 0.11569692470571607545 -0.99325897838416576935 -0.0071290583375603630914
-3.9400501043156985759 7.1097246694587292737 3.3412000539692310319 0.94159810156095491429 0.00040765022369579871631 0.33673854688501642096 -0.31502751794295674737 0.35432695052184204343 0.88046014962211793797 -0.11895662266395198858 -0.93512151400510090671 0.33376200498137470474
5.2157908761512610241 -1.1790142808030292798 -2.8293776122832614561 -0.85657590487532675461 0.011238670353063662591 0.51589864457626000149 0.3927066418426501393 0.66276232775965515653 0.63759516180349840031 -0.33475246472522723895 0.74874547690877224504 -0.57211974111121666198
-5.3806589395895478845 4.4236054706868976893 -0.60022070622682499597 0.97390148835106060687 0.0080444551005632580765 -0.22682852053895546929 0.21011020771075350488 0.34603468594159791927 0.91439252880860855122 0.085846325509573814805 -0.93818723230893485976 0.33531347352746226909
1.7860373048335340673 -6.65221880950613631 -2.2570311718331232953 0.91881749379909072317 0.0034697881150221009106 -0.39466742158314133126 0.30160544082520229781 -0.6511603201308232558 0.69643692862429051882 -0.25457527600547130708 -0.75893227501376503419 -0.59934400037810375839
-4.723183558403324156 3.8966525850443387569 4.1866064876205433265 -0.98149577096185325331 0.0083995736462815270146 -0.19129950012083979383 -0.038593764230649224567 0.96985762023688737443 0.24059658732187305663 0.1875541866938896518 0.24352750076933107892 -0.95158698153268794773
-1.1092195803748823302 -5.8349615186203420691 -2.2236648030668311193 0.84362768228452478247 -0.0034118746528027186354 0.53691777098061821416 0.30734827139486586844 0.82301315453713974613 -0.47768858844384398665 -0.44026057483489949851 0.56801206551464367145 0.69536531382857957873
7.3465541725139162921 -7.437463554601787763 5.3354150915689286805 -0.9997542592605083156 -0.0062419142014734189938 -0.021271097706155744217 -0.021938556066746224549 0.14088649142911649492 0.98978265103529994295 -0.003181328061136156661 0.99000607828437825475 -0.14098880846320444027
4.6926068489580448073 2.968810290224877857 -2.8583218585365544051 0.8377779626414321168 0.0087357940242188489993 0.54594117926315466338 -0.53942891453611796493 0.16802762141734439716 0.82509585176708177823 -0.084525330374055768212 -0.98574357940776469178 0.14548217822661746457
0.69964460549680840273 -4.8745412570960935383 -5.4614193953647474089 0.99980099771281982779 -0.010828104859559014098 0.016754614816145905337 -0.018253871821966711347 -0.83536774329816321227 0.54938832315625074632 0.0080474303970585261969 -0.54958483021466231211 -0.83539915804481046369
7.2217098860701138818 4.2218061142645311179 -3.6244192033166187095 -0.99822253121429649347 0.0044886320627728574367 0.059427521891310987334 -0.039923722036422026882 -0.79070986274022225793 -0.61088788610021738101 0.044247876725380420881 -0.61217461981643994662 0.78948360353947777401
-6.1725344826270136522 6.2920219790652955894 5.5301943064341241296 0.96599949147977992592 0.0056692052611287263586 0.2584818031747583289 -0.22338504679381696039 -0.48504904251681452143 0.84547415526571489952 0.13016951766713430461 -0.87446857374355813075 -0.46729071273153316435
5.472998997041346847 6.4527463243939173765 -6.267340141992847613 0.97457781283123845473 0.003692726229751911414 0.22401886195141421099 0.21765088799864429348 0.22164101193654661692 -0.95052793371955046631 -0.053161806688745615046 0.97512133891159336052 0.21520268750384421996
0.9966408986698883643 4.5070535269572493675 -4.8572503250818614973 -0.94098190100500334054 -0.001663801103544985862 0.33845279397115124453 0.19722638367109965318 0.80996599778975264528 0.55231950536677565378 -0.27505420477608671925 0.58647447872034452754 -0.76183519887475137367
-0.48350874931370790843 5.015641415024166605 1.6919541820175871827 -0.9830852032841296273 0.0043880351151063465287 -0.18309622670004266354 0.12601383565377702323 0.74166958795180559783 -0.65882223363448233489 0.13290596791626671513 -0.67075104730086776428 -0.72967735077713080649
6.3478513523411717046 -2.3152506427976606851 2.7063812670524098891 -0.5775703248430600345 0.0068178777021064007613 0.81631246248259914378 -0.21022603574011294869 -0.96748085883560597242 -0.14066201222633248347 0.78880766588413364637 -0.25285233700757919761 0.56022152931859581226
-6.9217285419019889403 7.281367745602993935 -2.6152515555968309791 0.65591790198329913419 -0.0037529463649269350842 0.75482290721157663249 0.046626109408916462107 0.99827950598185510867 -0.035553253831563144671 -0.75339080946034431285 0.058514471117887156826 0.65496438444439641913
3.3522183462632817452 -6.7232489815545095624 -4.7996610320820716211 0.85866670617002638366 -0.00085396639390149155918 0.51253366568118419178 0.46777019604402347852 -0.40741083326003157961 -0.78435161543479858803 0.2094815777295585546 0.91324459137946722986 -0.34943065822593627479
-0.95399941417634026575 1.7778187050547888948 -4.7153417691641905662 -0.86519336480084152452 0.0043093864246321949771 -0.5014198547059264266 -0.50030922012593281867 0.059650230329928978501 0.86378963543134101855 0.033632213153863839417 0.99821003762243942781 -0.049452957728944819948
-6.7737991778440198587 -3.2478825278519711794 -0.14465487929555875812 0.94719341413449253952 -0.0013693829599758524339 -0.32065988369394832214 -0.32052615535898226762 -0.033234241960445540243 -0.94665646825659621744 -0.0093605529250922643592 0.99944665187874981438 -0.031918178163979099571
1.6786375137513307454 0.3381708525082589567 0.023018142647879585166 0.95808802307640106299 0.013535878783878789455 -0.28615401451536598421 0.098120339856467828077 -0.95396997601296218416 0.28339668976962478775 -0.2691463151226718975 -0.29959650340330234997 -0.91531535341895275959
2.3230413129437019748 -4.786066590155252598 -0.51082833736900812305 -0.80663984980703740124 0.0039413871591011898771 -0.59103013304783347248 0.51204142423331677758 0.50411252548577223376 -0.69547404086524589051 0.29520456055480431834 -0.86362898695883383304 -0.40865540533807093171
-3.9133682094819208785 -0.75997574058146133424 -1.8130729505315432704 -0.99991365899660389349 -0.0048446806027776338766 0.012214893446697993803 0.013029351390697106391 -0.48621309221303327108 0.87374313442963169596 0.0017060346986610339104 0.87382684670960675266 0.48623423513273661412
-3.1756036238374556469 2.6457621775072741599 3.4750288885190414589 0.99988132709325405756 0.0085564582814958885237 0.012810884115158439889 -0.0052869843581922603554 -0.59048317089488877585 0.80703263421396420618 0.014469952540725234888 -0.80700459224937759473 -0.59036785867947327855
4.4469016342557114996 1.0217096765573063788 4.1243552372478839985 -0.89419577288029794548 0.0046136580137060550361 -0.44765235833488914441 -0.42440033315748926235 -0.32696733793445131866 0.84437948645140192827 -0.1424720217405376077 0.94502437750767065427 0.2943308494489051963
-4.4924037022721856616 0.42960576145756929067 -5.5795718460202410327 -0.88957984182266391926 0.0073955607637578605826 0.45671983830738616117 -0.39826401560680896319 0.47707061793091504187 -0.78344712609069699916 -0.22368164630880299493 -0.87883384731588320982 -0.42144701910986448468
-5.2021495801722963392 5.6054445768081411217 -7.1043376977903198721 -0.99375013971587378148 0.0019367347989329237925 -0.11161052312922231655 0.062596106925970618207 -0.81818558198970003925 -0.57153659622285990505 -0.092425035637429167612 -0.57495095658903572211 0.81295080435708788613
0.56620100188487709758 -0.14409303018860153411 -4.9977615961639552111 -0.97640066815010317924 0.0038126948685862326049 -0.21593331978624380474 -0.20302888772112498428 -0.35707174304081357175 0.91174505267242444972 -0.073627481192869589921 0.93406918034997743483 0.34941917568097052849
-2.886337410273402071 -3.6591291516164545783 1.1845899829345010179 -0.83571353295925143723 -0.004180896136403800499 0.54914971632157527637 -0.34533380605919294926 -0.77351644984744927225 -0.531429077307846498 0.4269981887797791309 -0.6337624333479477956 0.64499436032861967583
-5.4646697644519450776 -3.5877003672490226371 -4.0899236320217173812 -0.93499509588960394435 -0.000571693093160248033 0.35466018077780903095 -0.17197053961105987496 -0.87384455045355280411 -0.45477668712086838365 0.31017785892655030944 -0.48620507484976432933 0.81694205487418714018
-0.57527768270725054833 -3.4829367737352061596 6.782571482600273427 -0.71589423288828302194 -0.0077441376227212217059 0.69816579381237275914 0.31093968290202050886 -0.8988430133741561745 0.30886526335156255785 0.62514955083885448417 0.43820231131397285873 0.645884489243318205
-6.6084679031406805549 3.2738916534252147095 5.7717157152600746528 0.85000259700572688981 -0.0071424719352543497228 0.52673007335645172233 0.44523813488861202492 -0.52464512751045144778 -0.725610428136378105 0.28152901861865231581 0.85129106378145436018 -0.4427696200074013877
-4.6424220187239839674 -5.5003689839301745934 7.3370937257516386509 -0.97930885180983040517 0.0026909266894258468752 0.20235348200750596925 0.16228440094151294626 -0.58694451124798430186 0.79319601229898928363 0.12090469791564119328 0.80962268967056250091 0.57436325996047987719
-2.7023239504446072701 3.9744758275111848889 6.1476658378502868629 0.99573210395177436105 -0.0061544144646119847142 0.092085288414230928589 -0.082725865677230780992 0.38281786231865544412 0.9201124471703239216 -0.040914646615638365634 -0.92380333809347514595 0.38067490621257948913
6.4996335583166571226 0.56185296731510514512 -1.2033295701443564862 0.99794194762245791441 0.0006625018808055788827 -0.064120435640028422553 -0.063953620885429746101 0.083097951809629297393 -0.99448713655862508443 0.0046694272724553762682 0.99654116397478220701 0.08296930126643906056
1.5898758964498693746 3.1982175298430837174 7.110818307434700003 0.96633614168328818561 -0.0046943612182919914472 -0.25724001292444892419 -0.062726036266153278875 0.96536497672116861057 -0.25325067836898851326 0.24951934925160021428 0.2608609297935956528 0.93257260824894638862
-6.6762684630388857698 -0.19703711942644083766 -7.459053954644705442 -0.39960211623448271823 0.0083117280778641656341 0.91665100440527813586 0.87855984629145023046 0.2888695106352855424 0.38037744716216864704 -0.26163093315811009054 0.95733239838716577275 -0.12273521830799567767
-3.2174639936227240611 -1.3068021465793409064 -0.7670801463852324753 0.97391460526518325302 0.0057296110044658538074 -0.22684248545849097778 0.074909037185971319439 0.93552004810684796787 0.34524031592240034261 0.21419378562206956018 -0.35322713818176204592 0.91068743872574375864
-6.2333554638963422079 0.062596038467507206238 -5.475409212203128817 -0.82583679889665029261 0.0023055966102391435395 0.56390448288032568591 -0.42448141743268280601 -0.66084514638802627218 -0.61895009390879829336 0.37122649129947249413 -0.75051873842005223381 0.54672892317650190197
-4.1994483859331337428 5.4173065581674340052 4.5178361416857368837 -0.96621596826842270911 0.01110453398957523749 0.25749445040229029802 -0.061558494334591047636 0.96021285767160691194 -0.27240010965002980914 -0.2502743583316538456 -0.27904830636824867751 -0.92708941762629060168
-6.3949620426292899111 0.9806614326018980865 -3.9537331130883681674 0.77477298672072159036 0.0012112622838444568954 -0.63223836635528851691 0.34132477211413136953 0.84094793847903526185 0.41988565670826316634 0.53218814247326950984 -0.54111468064710355197 0.65113031214893579701
-6.2322178051144776489 -4.0947811749357683198 1.0950290089966674412 0.82453945129413341864 -0.0041630431742550964153 0.5657891500649316896 0.085910675338914693766 0.98929978683380448423 -0.11792068365349743508 -0.55924417665491021889 0.14583758377740205225 0.81607435325188260045
1.8848689275079217875 5.5380385015854542985 -2.7806604203277780485 -0.75145998799430202553 -0.006097914049387437134 -0.65975048456821838716 0.24595964618303128857 -0.93046477712916086933 -0.2715495368649112895 -0.61221870184859694675 -0.36633060746578344213 0.70070689103253391838
-3.6180162287843207203 4.7151637293451269528 -3.6596101137228442823 0.89544299511708380646 0.0038735063579738099673 0.44515934051106242908 -0.0012752096809904214098 0.99998036072121510021 -0.0061361235413824686408 -0.44517436621614142611 0.0049268773417942635443 0.89543034879519400882
2.9590341198426384217 -1.4123920550390618445 6.3129711603143521259 0.87936472588760472568 -2.8274259798725292006e-05 -0.47614879823967282135 -0.47295965839209797021 0.11549337413210632175 -0.87348179263521019688 0.055016728348794077808 0.99330825010772227923 0.10154742670125642412
-7.1964749389308462213 1.9751535971908102951 -4.2765105968605388043 -0.98691855102724046489 -0.0029745317370386374634 0.16119220142176424182 -0.16035012298093651029 0.12181229614661828742 -0.97951498332978437222 -0.016721593771300051479 -0.9925486973787698286 -0.1206957813401515478
3.8477670645806312244 -6.5562747589514236424 -1.7599010528649419172 0.98951861310873179267 0.0027383308328374944725 -0.14437941631555697986 0.12827287171653195541 0.44254582027166622371 0.88752423479121933525 0.066324842200783259982 -0.89674171225857268741 0.43755607275264829514
1.8974585208169914008 -6.7114134159247695877 -6.5642122507955606991 -0.8485868755438947808 -0.010991457365092771603 -0.52894187064323072711 -0.52826124999181034436 -0.037178712357404802846 0.8482675256689599097 -0.028989074005028925285 0.99924818299181561443 0.02574300634923683273
-0.96115969768625364456 -7.2380710168823734207 2.8245485072838354412 0.37749462181101928193 0.0018542340770670512687 0.92600992020587680198 -0.85925595308577973341 0.37350394993148883227 0.34953398471709107298 -0.34522024504710985271 -0.92762673592421396318 0.14258899399344954206
-1.7101792422681496575 -4.0157916005919656044 5.3790404302286098925 0.96145214924311617199 -0.0018986135294680609245 -0.27496574328912470886 -0.25643275687800987095 -0.36715427609863360292 -0.89411407479278715016 -0.09925727134993253542 0.93015812247660778489 -0.35348813456049044124
-2.9446064212974163432 1.2916021024461989963 5.3164274278891747727 -0.9321873369038565782 -0.00044976576071660296502 0.36197591995447836455 -0.06796228321743094658 -0.98199796018199070335 -0.1762416927344730988 0.35553888250938031623 -0.18889098419142921759 0.91537549623913438968
-0.52402285292262484884 -1.4031119050655138647 5.155642336695822614 0.49441040087901438893 0.0049557724124703779467 -0.86921447055514799995 0.11245777832031556009 -0.99194411040779750799 0.058310633015451043826 -0.861923200521844457 -0.1265793116871396784 -0.49098480043167525011
-6.9118620965705224179 -4.9295438447904631474 -7.4332280729709063749 0.82360102281273372959 0.0058132882974657540745 -0.56713980719138923359 -0.5664050331285546136 0.060333789136280929766 -0.82191555061025922679 0.029439661485973812188 0.998161329429135602 0.052983646193419400849
-4.4422733165825567525 -4.678663618961608428 5.5165573341201472601 0.99930030253070600832 0.0033755067326444489206 -0.037249312966148771797 -0.037362523226835898937 0.044378669125738838541 -0.99831586964484575475 -0.0017167470039595907061 0.99900907887809209384 0.04447373493195751204
-4.1759125161848933416 -1.2763487085550582201 1.7719255731431071688 -0.99563942190442955571 0.0077822865780914074474 -0.092960085872300507459 -0.09328117955026903052 -0.092388836414384861717 0.99134399904759840094 -0.00087355106861852424571 0.99569259258147457814 0.092711908549632765508
5.7653824751049951303 7.4563692712346343328 -2.6302451747495418921 -0.546440671700939129 0.01171079679197613993 -0.8374159358105188744 -0.16168533657638667345 -0.98256663031900937089 0.091764202822844517793 -0.82174232229277477391 0.1855415700646591004 0.53880783358333739219
-4.1909061443076049969 -1.8071254928950699625 -1.5255068590093157077 0.98634695022520602059 -0.0029190705324649958777 -0.16465470782409949435 0.16350010577917831189 -0.10214345377472343335 0.98124127015793682904 -0.01968271301434529677 -0.99476539640163452738 -0.10027161577539567272
5.2533279401058017299 6.146684584691332276 5.1741944706039282309 0.99772620116094068443 -0.00022521088814175804771 -0.067397157189577547309 -0.0056568775513972744534 0.99618600960521741516 -0.087071430464931959259 0.067159714513590956786 0.08725470501294899095 0.99391960902257781019
4.1947682666996639611 2.2202797952267712134 4.8122195966742431494 -0.82768239723587844203 -0.0092258436388744854972 -0.56112096121510957047 -0.54001566234164122271 -0.25901167898045041049 0.80080961194115918289 -0.15272502653970676523 0.96583012686540703484 0.20939730730735248154
-0.17783881230060633039 4.4726419375553749802 -1.5507215444468596122 -0.29142222157222580359 0.0013595828874513465889 -0.95659356066625611525 -0.77742571388154435574 -0.58301640891672690259 0.23601086061764259272 -0.55738886620519767501 0.81245924111197387329 0.17096091179647043834
2.6642734169958739443 3.3131531483510752167 0.89749616068527227064 0.97084495003174342553 -0.010277064836282360019 0.23948792231791724006 -0.22084679783346156112 -0.42680840670739006448 0.87696138789040389838 0.093202869507864397058 -0.90428367556999500465 -0.41663444314323633266
0.81549767511980653101 -4.2361879850824690763 6.4110222336632292084 -0.88727710629078870852 0.00554235083521076137 0.46120344643074179247 -0.44813712869940447447 -0.24697561457317573907 -0.85917178706434904623 0.10914417315387049678 -0.96900584526273225716 0.22161954181238865957
-1.8847357700851539164 5.1088750111897898165 5.9244549814632536666 -0.99996955703966328155 -0.0024611404260785878922 0.0074045784206835576352 0.0016474193780288779593 0.8609716168363827915 0.50865033275480298069 -0.0076269917515571191216 0.50864704637890922889 -0.86094135178126041108
5.8050157987824668737 -5.4527846903044361326 3.4155030681276650206 0.99334877259399201321 0.0042048649277420958176 -0.11506752407592321652 -0.034068964628103187708 -0.9438546449477580591 -0.32859962699258477015 -0.10998873412845147635 0.33033426755548661591 -0.93743359767154998963
-0.52662800105647067372 7.0141721802814585018 -5.7110814666947407048 0.96969123677105772963 0.0063160688673775432569 -0.24425194493295074305 -0.23159637963801280036 -0.29479210519706638971 -0.92707104994808176013 -0.077858989641740164456 0.95554053916494074983 -0.28439454239564782023
4.7486437579412976717 -0.075292328818267473256 6.7672271680510371894 0.81149788734240380084 0.0025383241829536984206 -0.5843498402063947994 -0.19803259961703870151 0.94201145689325982424 -0.27091973824535181548 0.54977656218491877116 0.33557111316725524164 0.7649429780577453597
-5.6864959248602859887 5.4666771255307988753 -4.3535352486472422839 0.97527796903443364496 0.00058992289139308965243 0.22098084782834276352 0.044876188143065355585 -0.97968809709197302027 -0.19544144942719432478 0.21637701091780123241 0.20052651796567133591 -0.95549469110974949437
1.2938554023170516505 -1.8455008807744432975 1.6735664121288758022 0.90644168602201113938 -0.0023095886617625046092 -0.42232468036048442794 -0.4186547975235032637 0.12674020110629630187 -0.89925807304370486417 0.055602431170546862127 0.99193325744415805634 0.11391568120401694697
1.2187214532613217521 5.1751776385635039901 -1.9906368296694436637 -0.84323302211916506543 -0.00012685993376191501136 -0.53754818789958569436 -0.46739221062184244104 0.49412544629914306737 0.73306518452979818612 0.26552324165246043997 0.86939060681954682952 -0.41672218673366234754
-0.34546289658672052481 2.4285432076385107258 5.5605574861961182265 -0.92709389570404088232 -0.00019606834245035169306 -0.37482912120805711442 -0.11025202751229119802 0.95590504253892960573 0.27219485681785071662 0.35824767825877529281 0.29367586078167690067 -0.88623534674285286972
-2.0317296649279410481 6.6929017452753649664 -3.6142007450276083524 -0.91920335066823299908 0.0039315191704382985299 0.39376356265830381176 0.16975225603087043535 -0.89831234366038192896 0.40523956470214433923 0.35531587593686919657 0.43933981880149952648 0.82506433199031259385
-6.0186510994300084221 5.6987342596793686411 -2.032018287743804219 -0.98694480885482849253 0.00024824486485133193808 -0.1610586310912724417 -0.01794291261492362774 -0.99394327187107534005 0.10841966698419838733 -0.16005622812435418845 0.10989408845138268211 0.98097160670534411242
-6.490953944310011714 6.9822647050248018985 1.4752975948820181706 -0.83604854695998009895 -0.009473827730770023256 0.54857367209359997329 0.1998672096641136986 -0.93640744110081652885 0.28843405269150573789 0.51095589401350505199 0.35078675978314444173 0.78477558800828117747
-4.3344763196045503761 -1.3986681044075117697 -5.3768227455190062969 0.98392533531882808706 0.0014013743632811687546 -0.17857483212252853177 0.05785286341158230039 -0.94854303493658997937 0.31131841748953004156 -0.16894963957571948465 -0.3166451436908678807 -0.93337659723399091227
-2.5917406995998870656 -4.4998938209064318627 4.3203933224104575928 0.96556012881414088334 0.0024732663564976768711 -0.26016825440054386354 0.18919972402484414031 0.67973300718523299579 0.70863707451114477109 0.17859759817321177455 -0.73345546688016627357 0.65585514866492844455
-0.26506636289642687698 2.7609489457509197585 -5.3448543820694514039 0.99314476703515375267 0.0045967636714330586956 -0.11680043439253813553 0.02672225721859933234 0.96383689318574106153 0.26514970168415336049 0.11379539832392644716 -0.26645320995966864652 0.95710673084173902847
-6.4721723977793192972 -5.978999826164143272 0.72087336804075852204 -0.99978097077770844425 0.0071106478905433641996 -0.019683728235714018778 0.020920947922487498349 0.36515143082487022674 -0.93071303123176907235 0.00056956887699803843226 -0.93092098013368873577 -0.36522021348515310013
5.5819727328274852951 -3.0791475206087817185 -5.7174185189104358429 -0.036570380299972865545 -0.015162189806699300637 -0.99921605035394822636 0.78632826119171239654 0.61663079274415133479 -0.038135693135777228024 0.61672560587020341938 -0.78710645623069752652 -0.01062796424875323692
-4.6002214410173660752 3.0401368395273902223 4.6651068089189129395 0.7777448313373325206 -0.0030249765774445084091 -0.62857284927425305376 -0.62857479890591339 -0.0078604948285016275344 -0.77770941539974391965 -0.0025883408654112757992 0.99996453043984967479 -0.008014883268460139959
3.3425699909079260586 6.5798382566121480508 7.2509945987361712483 0.78834349072413356652 -0.00079233183185324065553 -0.61523484365170044708 0.4148919413664385325 -0.73771474295103656171 0.53258016769484006758 -0.45428979475902725449 -0.67511208717000437129 -0.58124388352476630271
4.9301350571359776609 -1.794397092726242926 -5.9484115481083339461 0.99371763243377775332 -0.0022303833924074163014 -0.11189411235657545363 0.0035462798960302324876 -0.99867182027617118489 0.051400576701797678902 -0.1118601398579706363 -0.051474467226882529569 -0.99238988725944166092
-3.6313130988394495269 6.9567386234715202775 5.64960121461943654 -0.92206119675412512304 0.0047255155322140397767 -0.38701526965134236402 0.35548681217371774776 -0.38513098743004625657 -0.85164737356011011027 -0.153076045843013403 -0.92284982094830103616 0.3534344807243887665
-2.6546063879384647066 0.71770861219394310737 3.4074506848388970148 0.015825489874709188637 -0.00029873732884688752875 -0.99987472446605463183 -0.99428265404523041848 0.10560945587187811623 -0.015768534972580332959 0.10560093624100772014 0.99440763954542055192 0.0013742920303778109921
2.9295791516830114176 -4.5675079107395832878 1.4636277471734269184 0.82581648410400487759 0.0046822301912203545537 -0.56391950782218080995 -0.33262204524444444198 0.8115515734147038529 -0.48036092545655406649 0.45540060342448418496 0.58426203060662196265 0.67175008000889080417
6.5435055030704312173 1.3207171840784579508 -5.6330668028275843184 -0.97756487005139403035 -0.0036865798655372778586 0.21060231235765380919 0.091548737767561783052 -0.90790609946158173926 0.40905420566670602778 0.18969911295171315579 0.41915739727387441027 0.88787460987230293341
6.9574753302620235829 -5.3600509229591866145 -5.7737430302379797453 -0.96134637123653865487 0.003860107613527745743 0.27531482720596822666 -0.1288817799858527624 -0.88990823341661595691 -0.43755322291683801383 0.2433159289852199203 -0.45612326806083430819 0.85600754846886339955
-5.3154050259244787213 -6.3732842588344880141 6.955227119894380472 -0.9915939368379032004 -0.0053134017219749231364 -0.12927966657025205532 -0.031716551593962069577 -0.95869187172252734452 0.28267287710012550805 -0.12544132007182254296 0.28439701625583491129 0.95046452451601171063
-0.36693430757617778726 -4.5926191826817071018 5.8729528487409865534 0.99532016838835313255 -0.0073118102894369173261 -0.096355071634079733633 -0.05366976127658679846 -0.87102602895734015931 -0.48829623549980616382 -0.080357445976293254142 0.49118244503340552365 -0.8673421969252332886
6.157721933144042481 2.4409646870172974076 -5.3106173007414971821 0.39552191100166583793 0.0049138959551930389696 -0.91844339593910007125 -0.35061524478572392294 0.92506269509502536685 -0.14604095407656456085 0.84890009308611968919 0.3797826533299478724 0.36760545179348108613
6.0133266451249980378 -4.8453656272182907827 -7.1623505689291704357 0.7343225868218313801 -0.0013654260265947883168 -0.67879928852003901252 0.32430883428140538927 -0.87777887741323701309 0.3526017900893037571 -0.59631712912716750008 -0.47906406458731859432 -0.64413003619662201338
-4.3278434377111336673 7.1685679895389569083 7.4231689893450978346 0.88303118839258309958 -0.0026713363972706229317 0.46930670599056334424 -0.2138081017849478016 0.88789290780565233163 0.40734786102228448534 -0.41778225900224547074 -0.46004244177059844256 0.78346597618073909874
1.1912655936844176452 4.7002299235662299282 -6.8645493915101294391 0.8989447805399167768 -0.00063095648202208262992 -0.438061506450838134 0.07776682065788412257 -0.98388546745830463003 0.16100220038569601488 -0.43110393543177827347 -0.17879873830138168223 -0.88440963814117212749
1.1432386432901420203 -1.3110927033350652238 -6.4641869806345875205 0.77456769158252303242 -0.0093598412353521724671 -0.63242176158669427544 -0.58418613441926003915 -0.39383616327458315087 -0.70966163546404181783 -0.24242823991589559918 0.91913299901008926884 -0.31052065731935751813
-4.7240702390473705563 0.93249216029190640231 2.0999878402019462875 -0.55282374873727380127 0.00090812819630368274426 0.83329771278653863575 -0.80566503403038292053 -0.2559697810627429293 -0.53421280789915193132 0.21281389938840661324 -0.96668435721577039565 0.14223782106469826103
4.1875123469193731296 -0.26866580661706812583 -3.7054376995149751473 0.55348575533710897556 0.0016815078689442100428 -0.83285694520141861918 0.15856340936379104134 -0.9819203413338682962 0.10339288411538505308 -0.81762531996631870879 -0.18928712530454466778 -0.54374554742458502954
-0.47060952465816080492 4.9623396235795018683 0.46411238694412165762 -0.93690579686833186379 -0.012984748994093747373 0.34934069915805188167 -0.20784876819160114092 -0.78280269862179108209 -0.58653117955618638835 0.28108080218313280518 -0.62213449616932603448 0.73071352205919182232
1.6962716393337464726 5.4536765720188649098 -5.5667852812986806654 -0.80178307963459960472 -0.0022838907531910479509 -0.59761080734409754989 0.37186855703991361644 -0.78471620418021059695 -0.49591758910331001919 -0.46782226272007487733 -0.61985100043483165599 0.6300214819857298254
-6.2774207311218761518 -0.80378650831802411769 4.5836938350484164317 -0.99963608513925739096 -0.00178934881260490097 -0.026916454413991854067 -0.026912298516455029213 -0.0023074433921132994629 0.99963513538364967559 -0.0018508041374431627012 0.99999573695882548741 0.0022584481896862820122
5.2676723017902764568 -0.56435478033654717933 0.46928518723481604802 0.78192573755998984186 -0.0081018998646977292977 -0.62331893935599369527 0.54771518812339148319 -0.46852716061450111473 0.69317412853166759934 -0.29765788019190647651 -0.88341194183982041377 -0.36191591202183648335
-4.5442600264172465785 3.6752696337446146835 0.76907223888517772803 0.89140677785523070309 -0.0063415634928297532832 0.45315973007997106814 -0.13206641234973537369 0.9528710316508839373 0.27312132792873750065 -0.43353479574626124782 -0.30330938266549173354 0.84855818849635156198
3.5954508336863386653 3.0906677452219231128 -2.0623235178818375424 -0.9325106967690537374 0.00048924273606622444011 -0.36114202338269929538 -0.037631734086540087614 -0.99468688377744995943 0.095822000765704531955 -0.35917635362178512715 0.10294544129132507382 0.92757457011087351972
-4.6232609359614711408 6.3781656183128063731 -4.6823351620120643446 0.92862140583464247712 -0.0023837889208845487038 0.37102102659561109199 0.07744160511850334272 0.97920024562439567095 -0.18753580129093519457 -0.36285683460885553853 0.20288222327143065615 0.90949091312573193679
-0.5854482980570436812 4.8221945966947332707 -5.6434456347363690654 0.99992841253038444727 0.004127018159124373059 0.01123109681271152252 0.0058981126458445224531 0.64666832690455466892 -0.76274850851741349267 -0.010410671530671048585 0.76276014755599719219 0.64659769193740923576
-3.5000475612011849869 6.4941334215923234296 4.4059716422848627104 0.96515955310042955695 0.016788329127524776602 0.26112293860203389384 -0.26161790148870872619 0.080249053147989690693 0.96182959150232505419 -0.0048073568313102520155 -0.99663345392068791728 0.081845267708930052875
5.4143848309184878786 5.0087531456161098475 -3.8691391364213756354 0.95323665799888590566 -0.0059023920546178009622 -0.30216723120680955006 0.21391135198809876905 0.71946602991917674164 0.66076513624965593774 0.21349896331779710801 -0.69450255115471259959 0.68708398256813085769
4.1104271189909278306 -0.24297528000878465537 -0.10166436912554800698 0.90013168389087849786 0.0091645301521914284554 -0.43552148401968299174 0.42828476319951169771 -0.20129160496110659606 0.88093918710843399644 -0.079593424770923473788 -0.97948848954910150422 -0.18511397995282516393
-6.4678893678711570914 -2.5479760221109533092 -1.2379039721406943642 0.90626592680907991362 2.5382441931086352493e-05 -0.42270801892157300328 0.076908708571871861603 -0.98331900308227315755 0.16482957478272422525 -0.41565264398373241717 -0.18188935519418999998 -0.89115045980823137661
-0.10458374699612812964 -4.5458656449065300009 -0.40827271112427565569 0.97380508753045125214 -0.0048662365654441423757 -0.2273322925619229995 0.029220747803364050671 -0.98880317102121007 0.14633672429146946103 -0.22549900087934221515 -0.14914626619603979507 -0.96275936343518209171
0.96008578866444038713 2.6669736579681311284 3.8154050151486833542 0.9364318547638533774 0.011601476887481657063 0.35065764944975158501 -0.30662432679180395834 -0.45869151105338501484 0.83401655853291178921 0.17051951091612499445 -0.888519838507618398 -0.42597604741970118702
-3.1137594902990426426 4.5809223671913228415 -1.6611521565433517988 0.93265774028724246492 -0.0054210801322145387923 -0.36072170903984462909 0.18377839905437481915 -0.85328346596610693542 0.48798855186351325353 -0.31044329518195767914 -0.52141915825860141176 -0.79482515176452184225
-6.7774855676718228636 -3.2155331638448121367 1.844199178432394115 0.98099741182109201354 0.0067386121461713646696 -0.19390376248712148932 0.13774171818144154145 0.67965625284958675056 0.72048219758372167298 0.13664295471311080354 -0.73349980849953855255 0.66581283695820570045
0.48831683977116324691 -3.1371603231206051099 7.2229584883133819417 0.83657989723265602233 -0.006719736964549384399 -0.54780372459620607639 0.53507331498851906648 -0.20462775419442325031 0.81964872341793260091 -0.11760366972814598197 -0.97881679968650558976 -0.16759191364145356595
2.0970775946169699644 0.10429893189955297128 -5.5126814249067086493 0.90107624406452357935 0.0035727091451020782237 0.43364598249248026418 -0.30288661300355729233 0.72082778590993634715 0.62343163436220228046 -0.3103567335273253458 -0.69310499840177464126 0.65060291971720063398
5.3987564297046137796 2.1374439086264303 -6.0456695356565566257 -0.55283080692151520541 0.00072130489615438234119 0.83329321288349988972 0.69777901186470014938 0.54702964924412478265 0.46245325542042892142 -0.45550252416382552845 0.83711292103697643174 -0.30291815381934822371
-1.8300094754630693572 3.1004177784244504323 -4.184257107762312522 0.74989995586798841032 0.0035948553933557560527 0.66154148260251410818 -0.63106379646874088962 0.30395900864976882483 0.71369980092971141428 -0.19851584565389782111 -0.95267832875289137906 0.23020743026442458401
-2.4392044385221791636 -4.2170207686814329406 -6.6789031864177994535 0.99961667988914715277 0.0041809102305550025283 -0.027368106932220161859 0.015308553171778451624 0.74019382169627478962 0.67221927562562133751 0.02306819210941121745 -0.67238056657857070419 0.73984608683190167255
