1125 14.717824617146108679 14.977075390850430381 15.033177056927090831
6.0491873589955051926 4.7370144284817436997 2.2488762223764577897 0.99975643897331079035 -0.0070947417022286657362 -0.020898023149297600271 0.0054739916355520529256 0.99704564784263216559 -0.076616000507101281181 0.021379853763394220112 0.076482944231497027032 0.99684164293768240395
-1.4567459739277770492 1.8812074841402053327 -4.6628534002414401272 -0.99997810197456549197 -0.0016985518766333201554 0.0063961310846978036704 -0.0024534445352584199895 -0.80247613887486224371 -0.59667916600664416826 0.0061462330937586406865 -0.59668179246402375249 0.80245439892917647118
-1.5049481173229755093 5.8870270210468991223 6.9769170004860692202 0.74303942210151852077 0.001651955262263265882 -0.66924561130179760493 -0.2036487467327354195 0.95313303630273582545 -0.22375120795759390058 0.63751047454702469697 0.30254699825334097074 0.70855183909912056173
0.7057075242406520843 2.1570755974492228368 5.9536413827722967085 -0.98336862832433391546 0.0075192875135047859345 -0.18146515131785390107 -0.15527969332388849577 -0.55304688654357625488 0.81855198865170886169 -0.094203809205091013079 0.83311619933814984318 0.54501655087859657289
0.012347111601467106179 -1.9880839621703216835 -2.6727822050172651558 -0.99386096895510878113 0.018487028705431857861 0.10908072312428784834 -0.019893663869197213134 0.94000904980855126691 -0.34056897747145625788 -0.10883297535915179011 -0.34064822918621379122 -0.93387053033426103976
-3.6390295875110112434 -5.9739243091061275948 0.10218032680642830101 0.98774943759169164803 -0.0097131582543554910447 -0.15574563587490916627 -0.13671637590950433405 0.42729976006337822003 -0.89371334756056353132 0.075230852019190358471 0.90405783532168992878 0.42073714989049126878
5.2807331471118059696 -0.88179815276543371816 -2.4437929745769766399 0.79686950552516344626 -0.0011556511709017126474 -0.60415035846586062629 0.55335304194926482335 -0.39996917922196029149 0.7306333325533795886 -0.24248588026853867827 -0.91652786108385919661 -0.3180837589811240651
-4.4766904482242990682 -4.6338276984469946029 5.5919789305041529559 -0.10110975477872777284 0.00012295138866710375938 -0.99487526975580253819 0.084509928652285126738 -0.99638455137151338281 -0.008711931324573141816 -0.99127942047013306581 -0.084957699304867032031 0.10073380704138860942
0.69563764479359113668 3.6284991466007077143 -0.21691451682562068459 0.94984970182707395558 0.00018689998379731089656 -0.31270674602171089074 -0.12000752859194539768 0.92364636571389147068 -0.36397195521754027725 0.28876242314461159078 0.38324581690085701702 0.87734765447204721145
-4.38066171579408703 5.0782445194744987305 -1.1199319450366906903 -0.99960606573785504292 -0.0035874538576454993201 0.027836011117115113528 0.026269958565683277502 0.22952264801596114485 0.97294873622652522371 -0.0098794036789172940544 0.9732967092427106115 -0.22933798891678489063
-2.2367830167485829307 4.5228501169314885288 -6.4481235025781096226 -0.9746659821732214235 -0.0064204770687232588094 -0.22357325570948022309 -0.17524591688705484782 -0.59919120956996951843 0.78119060605499235361 -0.13897874588853084687 0.80058020950327368759 0.58288612639431514051
-5.8465756957947885297 1.8747706277855504808 1.3923475586873317322 0.96780850642476445866 -0.0086393538019844482584 0.25153937357347538883 -0.18860914856755994773 0.63685771411652036811 0.74755524280603202758 -0.16665318469346074304 -0.77093295009101059367 0.61472685193940146409
0.31142587353468020872 5.9892968715285022085 2.0814659217008899539 -0.88715953091823829268 -0.0053169354191439869434 -0.46143222351575835516 0.28080963544960707567 -0.7997055930616515651 -0.53067590209537707224 -0.36618836046446140431 -0.60036879884267657648 0.71095948551000209825
-4.3940825256305808821 7.1600116391230184121 -6.6564172121124585146 0.93513611304753663234 -0.0022959576755596758542 0.3542812140840074786 -0.3257396754806152761 0.3876996614512268069 0.86231237746454747484 -0.13933453948066620853 -0.92178289259954038215 0.36180406993109665015
0.80324658415167859982 -3.1591791732525140723 -2.9839554663023450942 0.99894209985228676896 -0.0064614537773275684471 -0.045529449346474043514 0.027933142631079821427 -0.70123120995532828292 0.71238650304963924142 -0.036529723314931768219 -0.71290464986533863545 -0.7003088886447893513
-5.1167883236963076499 6.1161706541669280668 -6.9246651438950079793 0.8778035224964885197 -0.011066270520256401774 -0.47889300845759735781 -0.43601837630550893676 0.39553767112001875228 -0.80835507436320863661 0.19836570121028354596 0.91838308367561749535 0.34237926368521770515
-0.75284987333323760694 -1.8993100109609517556 6.3832163838414439638 -0.66284966545131962512 0.0049671163237047285394 0.74873603410447120421 0.45919777206588535678 -0.78714850495148658283 0.41174584063761804353 0.59141163933491569527 0.61674351144384031986 0.51948023441819912716
7.1267341711086098499 -2.6080977738522257425 6.3110276078614946371 -0.9974370399919481045 0.003194227451122986193 -0.071478305541474454476 0.051274898654406715626 0.72866522651451803849 -0.68294792805653614653 0.049902264678752077109 -0.68486260270201193556 -0.72696147036849656509
0.030885108274752472168 -6.4497389347793010472 6.4038247439446545073 -0.92367121321609535478 0.0084384367008556032674 0.38309304700261387344 0.087274282297307270717 -0.9688484293127009872 0.23176695335577046642 0.37311484763437269274 0.24751063371977244376 0.89416094561907999427
-6.2497240538029483758 4.499878415129050957 -5.9167726326409857407 0.98093794886097274155 0.0057590559216884121274 -0.19423587145320889147 -0.1774021619825058016 -0.38139073762190289774 -0.90723182163107685128 -0.079304561080951796459 0.92439598578282977659 -0.37309897890594845293
-7.2622218543651593237 -5.7358006885386316753 -3.4690159000403681944 -0.36282779049440333496 0.0029673971341429719942 -0.93185148441113141438 -0.78666512971374547014 0.53506355578739217549 0.30800156649042848001 0.49951373168049789664 0.84480659669675994827 -0.19180157986896517741
-5.528853426601530785 -6.0829953955965159196 5.8005957477746843409 -0.88911911043207170202 -0.008297507281391813469 0.45760065432325780499 0.34581533473719577865 -0.66711681504476905147 0.65982339254162092335 0.29979820167054410662 0.7449069112696712347 0.59601571440497591592
2.2659725393072314148 -2.3759246520604886399 -2.0321691616105685974 -0.98441816260157943841 -0.0017315762589011343339 -0.17583481675673218181 0.12162642546392783693 0.71546900622441778061 -0.68797609970196771378 0.1269956446855518839 -0.69864232821660487982 -0.70411007907500078318
0.76092318963166494239 5.9389021058998290314 -2.347885408988815481 -0.93522986232617788538 -0.00067064604019885596525 0.35404047063486782099 0.0025207314494810097172 0.99996024587635934378 0.008552928144984083339 -0.35403213205361350191 0.0088913947602622181443 -0.9351909925640066179
-1.4371427985068403466 -3.9744147831603648946 -3.0694758215503692433 -0.99658896767859705967 -0.006312422194282089373 0.082283551377308417063 0.048158632652027029419 -0.85417438029639058961 0.51775174953477953732 0.06701623387138656851 0.51994834490686281381 0.85156476149874005266
1.542278395190496143 4.372013653820161494 3.5602781590863492589 -0.99367880034639133324 -0.0048661755614719552285 0.11215508047995602359 -0.027237757106334310742 0.97965795098033525701 -0.1988175134861768778 -0.1089061354097238532 -0.20061560112912737996 -0.97359788118793633149
-3.393308953792752547 -6.9518658876066536934 5.1037511247993254671 0.9971659115353163072 0.011622243497414485452 0.074330803360328212559 0.055886814411393787028 0.5470021059107800232 -0.83526364706252886894 -0.050366743462827642808 0.83705054780775423051 0.54480232338682554882
-6.5879732550100742472 -5.0600754458945109704 -4.1244100016815972154 -0.95521169761463742276 -0.00041941735889504568047 -0.29592302517569835096 -0.29397925740571234643 0.11578179769703617064 0.94877329828426093528 0.03386456784383883728 0.99327458409608559986 -0.11071942753480965016
-5.2577274171544363668 2.6271579208068449596 6.1011656035227028738 0.81114116455186635601 -0.0030125912154446406535 0.58484265872437912748 0.1103307778089756136 -0.98124355670425189579 -0.15807656971990710626 0.57434931064435423842 0.19274855828393566703 -0.79559465976202004001
2.9561030719874934469 7.4836395207098629356 -3.7787035784954197126 -0.99912664603987189071 -0.004023107683344763312 -0.041590380830111087218 -0.0098057682476352416023 -0.94498248156108921592 0.32697393848987837961 -0.040617632650148227658 0.32709620014161500112 0.94411772770713164871
3.325391842548782062 5.6267966284597035198 4.1053918216824092369 0.96198339713720415478 0.0092265078807999383048 -0.27295203824956548733 0.085739562780700051547 0.93869803450311184445 0.33390826194356143519 0.25930034902880205738 -0.34461699257628997106 0.90222084736557450757
0.90165219791068607069 6.4621089381446754629 -1.411832080449024085 0.98725520471752659102 0.004671806489447315712 -0.15907650669569373125 -0.1505847221846458861 0.35083550796006390815 -0.9242503382737133899 0.051491768302917205469 0.93642544848940822977 0.34706768391558034947
3.7147645573126424345 6.9483267704750479865 -5.6681325067648362648 0.92727965614829643837 -0.0059561673813568385277 0.37432200491511952167 0.04707441778050733272 0.99379233167549940742 -0.10080079708807762606 -0.37139795164251204751 0.11109151890714331901 0.92180379471055329255
2.5761476595965469016 -1.3384360407741193733 -1.6754183642984548097 0.96335301924089233871 -0.0013372136942727541609 -0.26823342852656617552 -0.14909544222502685296 -0.83395155827425015982 -0.53131473493558645238 -0.22298320436141283452 0.55183603571305728241 -0.80358912403120885681
0.29007502961694947574 2.7232059347662076476 -5.1405233263868632676 0.91131912603860298905 -0.0014391574989355644578 -0.41169816533711889317 0.17411705908594940495 0.90750807543018985335 0.38224644244815042526 0.37306929684917861101 -0.42003216764280770779 0.82728004804528632032
5.9941488199452228613 -7.3309586383892906269 -4.0526864456420783611 -0.99794560042602720173 -0.0091984734182560951021 0.063403207150083074062 0.062231193450303048942 0.096033134457450680666 0.99343088116283306821 -0.015226856270525635298 0.99533563443339312382 -0.095263412048197534943
2.7394618175553135941 -5.6816369738921146393 4.3294585148593318635 0.78549530210646623107 0.0011856282148000876417 0.61886648370582231227 -0.18994028878622087886 0.95219676843791711818 0.23925718562262029976 -0.58899899580935088927 -0.30548307393703905133 0.74817128685447820136
-6.009701227610963592 6.6661552212827608344 -5.2380761496480348072 -0.74538630625298307741 -0.0062206023870309346338 -0.66660374928168819597 -0.40231239911431415646 0.80152645431699554024 0.44238001373137247896 0.53154866942679634967 0.59792695802744966205 -0.59994946861769804514
-2.4181881847543302833 5.6906796863138904286 -3.0045599333545012222 -0.99274948281913732995 -0.0035144256613765518897 -0.12015037733854316837 -0.11259368974473014935 0.37715638387745065163 0.91928000257284137042 0.042084740607466447626 0.92614292142875132008 -0.37481750718883721785
1.2630611598200391921 1.7040310367219997367 -1.5181381635098221139 -0.9995578810172178752 5.3527707255361309246e-05 0.029732803959630824814 0.029645418881161719749 -0.074838624562055103273 0.99675489936741268338 0.0022785161571138197456 0.99719565653311192932 0.074803950134173277653
2.9417125959440171279 -1.0077922134220491657 6.8434754594425752927 0.95325143195850259303 0.0034108454034326753102 -0.30215902038958875053 -0.23404677589379332958 0.64082813813345007592 -0.73113706243765630433 0.19113820696781116948 0.76767679625601603632 0.61166863768473456187
5.6520005496294229985 -7.3986191577892990168 -1.588264288087192444 0.95721273430529496551 -0.0013248470993206876156 0.28938214537857875897 -0.078475392721717524003 -0.96370702307736066938 0.25516736940399481481 0.27854154810532294473 -0.26695883287793559235 -0.92257660252559314795
2.9788760080935667851 -3.6734003355583135786 -1.766023079471396251 -0.79524087916638275253 -0.0044279609637757439897 0.60627744248355863732 0.11320882908267464184 0.98130197533303620272 0.15566050952341775604 -0.59563051056877558409 0.19242355980769221269 -0.77987016131573083655
-0.23390238353078776634 5.4100285109839765241 -3.4959794127608421199 -0.97911388867911108846 -0.010157977325335777741 -0.20305863313931363234 -0.080148916776363252068 -0.89858579731054910589 0.43141594315857689779 -0.18684791712864481927 0.43868027123231018161 0.87900368343720680642
0.059224810239026100256 -4.8011783676609969262 0.018704303637602278515 0.6694378171028596558 0.0066075964289885776026 -0.74283870974929189224 -0.53168140199208246965 -0.69410375449468042497 -0.48531934308459773186 -0.51881393177925339 0.71984464828590843943 -0.46114616611861669604
-6.971096735403229161 -2.5159058153508291333 2.721168955894704311 -0.9913356505866858237 0.011330769089646695533 0.13086344618650991301 0.0075175135423545102337 0.99953365701632879148 -0.029596545097765575294 -0.13113777055498843094 -0.028356342560682475801 -0.99095852737160039503
5.8592412335641848031 -2.7798996230942547569 1.6532856663056956226 -0.96317991461072294257 0.0066533564222546149811 -0.26877534287727078421 -0.22723809888005969126 0.51414309987227391208 0.82705484659186556673 0.14369167863130155594 0.85767861445999482584 -0.49370041096808520154
-4.9066359329330113681 2.9090561616193606476 2.4915670633105366782 -0.90937986933092196384 0.0018730619815939381599 -0.41596243207108468676 -0.30461207117609762074 -0.68397471533573672708 0.66286505027428510584 -0.28326619874155406498 0.72950331076710250855 0.62256339454733555794
0.78696697090293865617 -2.7017709983676856389 1.7853715968415206916 0.83669704889007401327 0.0033298222056606105804 -0.54765587795865044995 0.39171917341822681813 0.6952151885062324288 0.60268725790981214629 0.38274552584602578031 -0.71879395792835132362 0.58038014136471371973
4.328645603724888602 2.7584647905808949986 4.0088446769491907773 0.93199522311927340823 -0.0041829536778473803277 0.36244641946282118994 0.34525482275088598128 0.31474885162252508319 -0.88415624624247601826 -0.11038120967860609589 0.94916577229729515164 0.29478861112512771969
-3.6715418191139290727 -3.0076881903597834089 -4.9505625709786444943 -0.88599683623581304559 0.0032824614196336346708 -0.46367966488399636749 -0.16858505704891091348 -0.93382315769792534343 0.31552082132077008403 -0.43195912389921714558 0.3577199122136687226 0.82791773726989525972
-4.1056881501173974058 -4.9215726396661212405 -5.7921713013255109459 -0.96630843903969509956 0.0057135583020844595351 0.25732344606036855472 0.10525069391908495331 -0.90357375405104867205 0.41530321744448039922 0.23488357130800510686 0.42839447503634969783 0.87252958785817313903
-1.8101174492893059575 -3.0549025946175354385 -3.5935043561795669831 -0.99999896528304255128 0.000667210962777449023 -0.0012744655498609178818 -8.6191247274078602175e-05 0.85655543678063139623 0.51605501285494403962 0.0014359679576873181361 0.51605458873184995028 -0.85655449298038732753
-2.7815481015396978925 -3.1778087916525534773 5.5758831765995484631 -0.89909041768318320731 0.0011659011309970560878 0.43776142075871971038 -0.072916131109861434534 0.98562807394743412459 -0.15238286541097989524 -0.4316476093461349417 -0.16892584326090315239 -0.88608374368589903902
-3.0502219228983982191 -0.30845780465415695293 -2.6294007437384459003 -0.99184212558547846239 -0.0044303990764241341777 0.1273953275365441451 0.022734370558765919224 0.97722505527991954111 0.21098421677593842682 -0.12542865027340741046 0.21215928661566468838 -0.96915225366983515087
0.7048248743035859798 -4.5413111900269367283 5.0580132509245858685 -0.72168642467511479044 -0.0022434849255916662625 -0.69221649157970466248 -0.48215976513635872003 0.71914233198716914774 0.50035614039166398381 0.4966796405362227107 0.69485917502717298166 -0.52007697656921070273
0.92804296662999208323 5.1727135318575179213 4.3980978632106939585 0.94786508606482200445 -0.011137206841172369795 -0.31847722248703030923 0.21932652073956429573 -0.70222910185462872334 0.67732574571515791195 -0.23118749083713116543 -0.71186392739916548589 -0.66317576323949167794
0.20009115315694980808 -5.4963116635071207483 -2.8881959802437227047 -0.87441412605178703288 -0.0048881835697205285041 -0.4851556882306173879 -0.11082744362312556274 -0.97149967778522750006 0.20953676002852497651 -0.47235284893927947936 0.23699046758186761985 0.84895129682108494418
-0.73047132594972474795 3.379621581451488499 4.9868146120012415423 0.94844392455958526078 -0.0042792145821596615576 -0.31691609345152094157 0.058149772024659998615 -0.98058638638027051382 0.18726703623220139483 -0.3115649626955916407 -0.1960408813698378272 -0.92978236531591729186
-5.1545781372277943433 -1.9913994323144290632 -0.14125481775627307668 0.99900916419519980582 -0.0075274494904910040083 -0.043863736252794022219 -0.035418164385996930843 -0.73127246069598228484 -0.68116528233537554371 -0.026948905087417325543 0.68204393240588945257 -0.73081449820239230419
0.38027826125301261717 -1.495021256788725772 7.4120816381440679521 0.99179239917909878255 0.010203375510106943436 -0.12745088488776454283 0.040299935443781707833 0.92105501375988751978 0.38734167969754362826 0.12134146914267335271 -0.38929879624251340076 0.91308416649856771752
3.4311762120729691894 0.57263553660509847187 -0.55068065990028436385 -0.92281927293271093227 -0.016377219800767506275 0.38488488691484079585 0.37651296972063513779 -0.24971736060542418234 0.89212063278705566738 0.081501982405364922779 0.96818026548976132695 0.23661022881556698083
-2.3057556736895317151 0.051151875778695427011 1.1614361447764958157 0.99115421048782870184 -0.0087210866161568593308 -0.13242837188682407557 0.043365223730345084374 -0.92178468844604488641 0.38526931556692517455 -0.12543041259270787391 -0.38760409027097703083 -0.91325258324414926303
-2.0279151768494245722 3.8008360138022339036 -3.8383066477002469874 -0.99978297251398773327 -0.00099076500198665672092 0.020809282925194825392 -0.010892714551090025565 -0.82659185692147474356 -0.56269641090096156333 0.017758283725021310057 -0.56280095989242773236 0.82640167164833788771
5.0350911538686862201 6.6031337978269073474 -6.2041120736058505969 -0.97308910584060848148 0.0047067328657112873086 -0.23038107292069412435 0.21944792753317562961 0.32388997759491316986 -0.92029228482856073601 0.070286550603579092678 -0.9460830455511197723 -0.31620669146132152072
-7.0016919867034541625 -0.052340575345682593955 -2.2362574023400725309 0.7800948213359162331 -8.6355833139936579584e-05 -0.62566129996000463542 -0.62417767482658681466 -0.068933125112720677885 -0.77823547497559475428 -0.043061583495480143524 0.99762127924630794595 -0.053828275302026822036
-6.1433461098981609894 -2.0701164529197995101 5.2432539551796946142 0.97301689649264522242 -0.011249624406267852428 -0.23045946517906168438 0.014593612676724340357 0.99981143946952444335 0.012810619611192241435 0.23027189496100261556 -0.0158281855087619161 0.97299759657180973083
-6.5241472666721458396 4.6397174315359253072 -1.5237631950744507936 0.4468415566094381397 -0.0085867036414678521439 -0.89457190421315591067 -0.64590233530913543358 0.68877436541399883474 -0.32924162372160947765 0.61898529589088169267 0.72492492167749866816 0.30222683765959285074
-4.5386427403217188825 -6.8697939218649732851 -3.8747832143426355067 0.96188574596819842455 0.00051567406074758299905 -0.2734511762335297691 -0.10936490369330886807 -0.91581319896125978897 -0.38642658092908621636 -0.25062946663025487126 0.40160418161236305368 -0.88085126540629654635
-1.0233246220199370136 -6.9840979260772124704 -4.0971805818581996661 0.85300083627138234554 -0.0025684593050451839241 0.52190322506862985019 0.47772092532037324641 0.40653578416753827218 -0.7787884011092851555 -0.21017205054734813818 0.91363124903213210892 0.3480023706249710802
-3.5267700687071994459 -1.1367077497968920419 5.5967851239482184766 0.966873843961553181 0.00066690046184395739351 0.25525384445035442793 0.002489131673352538987 0.99992440571511687075 -0.012041058044543698907 -0.25524257890567864093 0.012277544505840717881 0.96679909382165896137
6.0900921358458992572 -5.9424539520709735996 -7.2543395616546257898 0.97013726400359845403 0.0054380011100377831715 -0.24249560230139469152 0.0022495815479716615992 -0.99990737272764984578 -0.013423313593204956595 -0.24254613658937387854 0.012476943090793109897 -0.97005963606202283422
-0.12179010777611590233 -4.0310836797584581603 -7.2790501133601726025 0.81630781790052409086 0.0062010164908241722712 -0.57758384138478624514 -0.57557219773954715336 -0.075334329851238890363 -0.8142735313978078926 -0.048561215219880146665 0.99713905055429608026 -0.057926869724026552877
0.76817899963259927976 -5.5094723480317551179 4.6399440402914917669 0.98742695572984950925 -0.0011390372341312099413 0.15807184977807398063 0.14208788847352110674 0.44462334248970419859 -0.88437611640208280139 -0.069275096876317582284 0.895716911701145313 0.43919491691646367348
0.76612777416521271601 -6.9270206660230488893 -5.2301275287068502706 -0.76157687257679040904 0.012356685501053015983 -0.64795677284802788432 0.042686279371907123736 -0.99669063257886980622 -0.069178497259274968068 -0.64666726274773345118 -0.080343607419059021035 0.75852907395655067013
6.1881560211615838085 1.3464097115731856746 -6.2462384130064183552 -0.9867615763083689151 0.0029703107541847505527 0.16215045104914985186 -0.05388304754557274312 -0.94903879039142713392 -0.31051890686275829268 0.15296473027675158707 -0.3151452864728940817 0.93663506218011305382
4.5738063941664330869 -3.8128486790853797217 -5.9317653951926487821 0.9999731933480088264 -0.00047723988640502703132 0.0073064921467203575861 -0.0060291815220882083795 -0.619884157709552297 0.78467017274205641542 0.004154702826119178842 -0.78469319052916353119 -0.61987041805649567561
1.8810431586167144502 -5.9829014248891425609 -5.4613066959360425656 0.96964334734824564332 0.0049078220566468964275 -0.24447431813187397998 -0.19981778875004213569 0.59218149067147551889 -0.78063687679040183465 0.14094193926012146822 0.80578967192989514601 0.57518551300325249098
4.5231622183535877824 -0.57230338058749885555 5.7773036627631313422 0.99972349900633106223 0.003621922301166580465 0.023233751601555361482 -0.014731612467488362089 0.86659693745398247433 0.49879126655297745252 -0.018327714771464363036 -0.49899562089686383404 0.86641067929529191893
-4.4188068046035615666 2.1825089364823209159 -2.1508978287528428552 0.23148087827880969858 0.0048776010063934721953 -0.97282722618132344561 -0.40174473269898880456 -0.91025799245487892808 -0.1001576603191464826 -0.88601228701406575805 0.41401279712155897306 -0.20874776904123515386
-2.3519783704592378548 -1.8617280081387532764 3.7573218355772666222 -0.95247163591501959878 0.0033377369354921177999 -0.30460899902898164182 -0.16781155798105501509 -0.84028660850535019655 0.51551692171503993301 -0.25423820284380155288 0.54213215646997681141 0.80090927147584345391
2.0054768992680278572 -0.64475503687839630373 -3.5057320122267205953 0.99618232915384707926 -0.0078595949266256071031 0.086942474367759370324 -0.077825373862829311244 -0.53113670552432279415 0.84370433875134809298 0.039547165065456496569 -0.8472496838667217256 -0.5297206763219105552
2.1231491339793548967 6.6995072910237656316 -6.8105899424794618113 -0.99073137012108092314 -0.0015230697761935592383 0.13582721567000471952 -0.069850874480372998621 0.86331057844680092472 -0.49981566649737707575 -0.1164998179935854139 -0.50467070986965190116 -0.85541525998029110944
-1.4754902457680441064 1.1098023362866686892 1.0466112931513606998 -0.99268512616890858258 0.0086230129726747525853 -0.12042376812837858602 -0.075870176490801105595 -0.82044454418851553434 0.56666962705840462355 -0.093914624006187608085 0.57166108277419791506 0.81509732537854706624
2.5514160033557895524 1.5824167005813702946 -0.22292479355812611086 -0.64970632134390493562 -0.0041525219459289533855 0.76017396204233889101 -0.71709843075641810373 -0.32853015313190370161 -0.61468510563514000555 0.25229256154768908704 -0.94448435404964148354 0.21047035027080771008
-0.22414689927039951889 0.71320396549882547621 -1.1127685548268080318 0.8764356238565804702 -0.0016300881321028052803 -0.4815162926087974693 0.45621721054438196807 -0.31707874902569965769 0.83146071688288558654 -0.15403393794285163976 -0.94839781195927053137 -0.2771554369534470208
-4.8339716528800753537 -0.47089076202076685096 6.1674252209078002096 0.51809967329334205566 -0.0030285266255940862176 -0.85531488737187066906 0.43357248814029608619 -0.86106221099735102964 0.26568170113931921517 -0.73728395212512820578 -0.50849060642148524725 -0.44480296437846433832
2.458868783494914112 -7.3682651014858189242 7.1455104688675898927 0.16812436499318486605 0.0099835017819522916399 0.98571523656062687291 -0.16705263127626548969 -0.98519714249905088188 0.038470882436360896717 0.97150790850071733207 -0.17113421663690728258 -0.16396787373371604635
-2.7202115148628958075 -4.9531904969671396444 5.2546500001905593891 0.84670501165396439003 0.0019617593776867746358 -0.53205899554486435488 0.33435369178598534079 -0.77983848639084363263 0.52920652294979819708 -0.41388190589717593904 -0.6259777045899976855 -0.66094907619814191602
2.5393465808130737393 -5.656591979908673018 -3.3438904666123869802 0.97954062360631066753 -0.0060882489922098534385 -0.20115441812021173096 -0.0017427851997559931641 0.9992481749542820868 -0.038730447326506850514 0.20123898579748950022 0.03828861546950291378 0.97879356992204047394
2.6517435200394170458 -4.1251031426484159326 -6.5314464664936533467 0.7937716455361000234 0.0084720977499700110547 -0.60815688625773434151 0.53971732946796924235 -0.47080965789689538381 0.69788499790659375144 -0.28041358564609397686 -0.88219413373173305448 -0.37828789485572561491
-3.0543405325603258937 2.8118092681838433577 -5.1310445393410528681 0.97827912183796006396 0.0022574888386692072012 0.20727967464279478671 -0.20458283040854846613 0.17164959166372076305 0.96368162957680614245 -0.03340397098979821372 -0.9851554808383766737 0.16838305525287530773
0.85322853771802009692 -3.5777567133499710295 1.2988575974980989258 0.88822692162680461081 0.0044334803678208016542 -0.45938358693909553399 -0.43853214499981862939 -0.28980494102667436751 -0.85070714935193525452 -0.13690322676692637249 0.95707546223294459597 -0.25546832698485089086
7.1442074505067401091 6.3815890646012229936 0.59025432023011892291 -0.97387137349919716822 0.0015641548616281680112 0.22709491693599037632 0.13168140074364617642 0.81860171127400116475 0.55906282920385108604 -0.18502582678313203579 0.57435946211301502906 -0.79741874301039050721
1.053954088028607794 3.7300654493914633392 1.1812206582608686389 -0.58343390109631110274 -0.0063888311934871180181 0.81213549724635081262 -0.72105310124147581341 -0.45610038186577833708 -0.52158879095690990901 0.37374765315864744153 -0.8899054019938873461 0.26149773853813762514
0.36377671206761530431 -6.4631461561450596065 -4.3056408139318396167 -0.8010577275174964873 -0.0091690065472706493155 -0.59851687236327211217 0.15200798837353080017 0.96398927366426756524 -0.21821606661985260001 0.57896466960877257524 -0.26578301220984273945 -0.77081729467198090155
6.0352873480533464345 5.3943941895239344575 0.51045686173140791819 -0.98322428810776096864 -0.014482753023990194499 -0.18182477592408868849 0.17467709048890014967 0.21224270853079502119 -0.96147852120249699404 0.052515838880585696824 -0.97710965737749611026 -0.20615238084075632186
2.1668756341821171496 -3.5089216086783445725 1.999041178947614128 -0.99737042015792953809 0.014028859212727127007 0.071101590019044882962 0.018217864641718921337 0.99811447389587981682 0.058614046162332796019 -0.070145237913580960054 0.059755234990807329365 -0.99574542805340227059
1.0760718737465886363 -2.5831378716561812503 -4.3361464069627411178 0.99354487337751307141 -0.0036304879942198240404 0.11338167463132448054 0.088234870626677522343 -0.6034424142854001305 -0.79250984867496454545 0.071296508966163379961 0.79739831464473076572 -0.59922678145334218325
0.20183303252165799013 -3.4923362825286843325 5.5481418400645505784 -0.99995264892049506855 0.009731087033398286984 -7.6563688167953156127e-05 0.0047890843284553123033 0.48524000594759897353 -0.87436788670396337064 -0.00847139824025338814 -0.87432685111066121841 -0.4852636323059222323
6.684258246755446109 1.261928879314298424 7.4315186260918721928 0.8945743791379505705 0.016419558270078491585 -0.44661737348214353149 0.0073802846073784391864 -0.99973135226949028098 -0.021971679238599009509 -0.44685815600588107976 0.016359137986611031745 -0.89445523477448463101
3.779975717143552405 -2.9963275482549218687 -0.40775589583619820111 0.3341745835504509321 -0.0094696071409230142546 0.94246361958932289848 0.94115169191731451459 -0.050336013584725974868 -0.33421516802444195537 0.050604747900485982925 0.99868744473780446391 -0.0079086795947891259939
6.5182607072526232983 2.8698723351807773341 -2.1064455390535155033 -0.96889339227914395014 -0.0018133703739495361795 0.24747182887288615705 0.22091245189190403253 0.44439465908304243147 0.86816535036686470761 -0.11154946435065651866 0.89582927986664961928 -0.43017045265419628919
3.8950590348328066881 5.4000779847526860777 -6.6395733284659206319 0.91000990052936836516 -0.00069868206601183830556 0.41458592931005372462 -0.26868131926815513877 0.76058533356688451388 0.59103324698296788586 -0.31574092166650757907 -0.64923760073358516287 0.6919524609240176316
-6.4431964181568259775 -4.0660296430012534685 4.1940835196305634724 0.87908750830795345799 0.0021373820172928530842 -0.47665562446590331591 0.072653039782965306292 -0.98890655467812393908 0.12955833406181055389 -0.47109095570523235041 -0.14852359311804549935 -0.86949068640220472659
-4.0966801206528948853 -3.5144484245215692475 1.5283004836824303219 0.99611736670078121492 0.0023595378715579769235 0.08800354730385480384 0.011752577682652668931 -0.99425713310072683093 -0.1063702505225135736 0.087247170010531061024 0.10699152237191345005 -0.99042452789993451479
-5.650860511311062595 7.2240521990169375144 4.13517153848557939 -0.9450185464537910196 0.012066844200141823434 0.32679403013116775645 -0.30528858408783682288 -0.3907403303135278394 -0.86840133273284403348 0.11721274369268271098 -0.92042185194489356537 0.37294072877398443122
-6.3984249086965654385 -1.6651482972597835275 3.2848653261539562109 0.99632101403989525856 0.001856902451577126939 -0.085679571051959654837 0.081408857941624154786 -0.33289105769088150888 0.9394445920638440084 -0.026777506063853945967 -0.94296346462760960438 -0.33181752447136925177
-4.6227016847066888516 -7.3559311423492497184 5.6797854434657146783 0.82717593747995665776 -0.0065105364036181379711 0.56190531352695449741 -0.076353772202669201175 -0.9919617003643893538 0.10090632527529476425 0.55673159594593824018 -0.12637087451584499975 -0.82102395345661782766
3.2296299645300723391 -0.51838791440935338972 -6.5488736980519872688 -0.93715798040436493199 -0.0071296445506826705563 0.34883246398964068424 0.0038876799852973556448 0.99951574955354283158 0.03087316535113978494 -0.3488836564082672953 0.030289182277560604273 -0.93667644345746725598
3.4650208945303777597 -2.4114052934993694954 3.809797235862482534 -0.91827383731237366415 -0.0011028373500229298691 0.39594436914460945376 -0.19745775037136142904 -0.86549646689590553628 -0.46035454011976384425 0.34319614876315074348 -0.50091381448351346428 0.79454499805475931051
-5.6775235124526117758 -3.0953991717567208575 4.5630213717549068519 0.87908961074483360498 -0.0072201903117393951767 -0.47660185179292513524 -0.39985909211386405637 0.53307861979056003765 -0.7456137683653699666 0.2594497306500278544 0.84603490115598756205 0.46573681762516361271
-3.5504048079416943295 -2.1180004655495681121 -5.5569847628826662955 -0.66081952383233633075 0.0042540057275344137291 0.75053278433205072862 -0.73850565743167650989 -0.18207499903568793997 -0.64919803501511930133 0.133891563824212384 -0.98327544368878339043 0.12346032146106111771
-1.0932405477948528016 5.2775563553489694968 -1.8559299784300342662 0.6261405000765792872 -0.0097812707778519338009 -0.77964889591774777511 -0.25507314027764199649 0.94233249024411136485 -0.21667295848673090441 0.73680782248350495944 0.33453520677575826481 0.58753759722664822274
-4.7076634888254824673 -3.8006039436970162626 -6.6187473664297371556 0.99980519592294558873 -0.0053634268450764074204 0.018994837671937658818 0.014033935382709679038 -0.48352955160789989897 -0.87521552852969841663 0.013878719803318464998 0.87531160530087037674 -0.48336008809404784614
-3.5832393411112146708 -2.5075732982759251222 6.7643157454822295804 0.96524773592479451434 -0.0061175849141881146614 -0.26126496789039965751 -0.240211140597940076 -0.41453622911415388685 -0.87775755347614203838 -0.1029340382214809918 0.91001224711910277954 -0.40159966866122126516
-4.5006404158427812945 3.8224206975992132129 4.405495765782986517 0.98207672573475612854 -0.0012294302461947478541 0.18847756702422388542 0.18456796176668929799 0.20899175269211062167 -0.96034218630439793785 -0.038209583344955451445 0.97791663029516773253 0.20547284962417855514
0.083644825143229795117 -3.543259962465467261 6.6267054731177852389 0.98493639430540558255 -0.0014325736257512222422 -0.17291109537953497366 -0.078826246222724577484 0.88630028388454551447 -0.45635318525530099709 0.15390491245888635041 0.46310879339420396583 0.8728364814798089677
-1.8413339916940556495 -0.42082141463104244528 -0.50264173265339162633 -0.98460648806869510707 0.0030454490984516196725 0.17475923120919717446 -0.069378822265312292683 0.91089709229373516663 -0.40675922395427216438 -0.16042644007174702847 -0.41262236062843304918 -0.89666389736354423778
4.8039718766199062117 0.30431560401248225478 -2.1257780150088061433 0.90191994086289606347 -0.0025381899883729092809 -0.43189579514677534089 0.26413951250494294154 -0.78793432972896171318 0.5562281995442208693 -0.34171733670916276671 -0.61575404962224655758 -0.70998324780680988066
-6.1638203757354732559 6.3083746169338175136 -0.69909123972574827022 -0.99996444466332790046 -0.0034079149522166559544 0.0077133342339145670452 -0.0067169020765279162377 0.87491499609512513036 -0.48422993797810370831 -0.0050982973451649642171 -0.48426453073036512809 -0.87490677882880907301
7.184915178274775549 5.3914497157676217753 6.2240748696455749922 -0.85631208650473467081 -0.0024819903516706859521 0.51645275701616377706 -0.15999079781577621451 0.95207072575416218374 -0.26069959297267902842 -0.49105249731572342409 -0.30586790103860850287 -0.81566676528731663076
-2.7511425084487428627 -3.2628450887240747491 -5.7339587010301462655 -0.96557979108343194863 0.004980867019536551997 -0.2600593355660014705 0.035313625754373904886 0.99306963147600746389 -0.11209663186804612323 0.2576986901157395371 -0.11742188043049880952 -0.95906385976576868924
-2.2501065362510330736 2.3592713763808341731 5.6736615221080457516 0.9999385715308068967 -0.0043497737679366009489 -0.010194735557763413489 -0.0046215049089623552736 -0.99963056545843498313 -0.026783843894774908567 -0.010074465608771131925 0.026829313624746966432 -0.99958926218384147599
-3.9000999054894407436 3.5563070676502670509 -2.5095337752524597974 -0.39982379639940246463 -0.0017277747811842401882 0.91659039195652070031 0.46664550331164400543 -0.86108405864726267342 0.20193122141581076878 0.78891248315114748113 0.50845969234316779062 0.34508815567974898686
6.8044711084120939049 6.0581095122011259235 -4.187932572389401642 -0.78529211704990597998 -0.0030490668489648944939 -0.61911791614418842933 -0.12762814667026611826 -0.97771285038862698613 0.16669924523671211802 -0.60582781966239340754 0.20992447541046355131 0.76740104739751113794
-1.9295631553838203942 6.7606289203126097576 -4.9513898432992116128 0.72813711613938569833 -0.0033278837429446574137 0.68542342044172088755 0.59326594127860843297 0.50389991566521608046 -0.62779009064443491717 -0.34329559131889597623 0.86375563684558154254 0.36888255149658882859
-0.78106765134485145463 4.7603380784068942688 6.7079562069939280278 0.98559704680424176093 -0.0023259345359192096052 -0.16909479991796622089 0.044012244593046728758 -0.96192009480701290425 0.26976407012828618193 -0.16328313953574133399 -0.27332091254579315986 -0.9479632351038796978
-7.3126451781637165084 -5.3446479733439815618 -5.4492242091767346679 -0.90520876922074156035 -0.0087493581629934508159 0.42487707970389726464 0.41754647633220576264 0.16771010038482325744 0.89304437870212782791 -0.079069742813055871045 0.9857975304090454971 -0.14815938988405596977
5.0267141807300657064 -6.7133204778302575377 -0.76409952856472551641 0.31627053106719571485 -0.013232045538302308549 0.94857675712057698547 -0.80789286218226374903 0.52037365741332652913 0.27662317311691131394 -0.49727464686362499169 -0.85383614917681649459 0.1538887778409592233
-6.324425856871678242 0.65775850396964707922 -0.044188998087154936212 0.54876236139444445339 0.0048258111342035364677 -0.83596446232090870776 -0.8096240836684134301 -0.24603908208263891577 -0.53289174625993851464 -0.20825156388558491161 0.96924789483122930633 -0.13110989476146286958
-3.7912667334409038133 -1.9632718653864049685 -1.4783756144702662194 0.98162023429825318033 -0.0089949689738814554013 -0.19063264712359226372 0.15412920172225819115 0.6264190703566904217 0.76409641896157842744 0.1125429020092187371 -0.77943456353096429723 0.61629202199988397659
4.0556391405466261091 -6.6287543121398622148 -3.4743935758138251302 0.91518578993486399131 0.007067450941040372657 -0.4029702483291235926 -0.16940576848648686292 -0.90048706496080810346 -0.40053056243172097117 -0.36570022628477233395 0.43482536376750507978 -0.82291569891433880013
-3.9383029661649735509 4.0694399797143274711 -0.88686266700164773091 0.98793457452822441844 -0.0049741474297179521374 -0.15479190647185661622 -0.060530344087225698702 0.90758155105495907922 -0.41548983817828322174 0.14255298627713480775 0.41984638386211703409 0.89633010663564260945
-5.2781587473296589508 -6.6235226107334037593 -2.5731030234425587011 0.85410482380434527006 -0.0012682192024616569317 -0.5200993574061599789 0.50665779525538412464 -0.22386020582763610509 0.83257701550891816122 -0.11748543935832349294 -0.97462043887192728597 -0.19055752851015247962
2.9206293918211412297 -5.5207326796141682479 7.5129581175689663652 0.98093805199346095769 -0.0027636967735062347058 0.19430105540497344396 0.11570225455410010351 0.81164087395517225954 -0.57258368822081628924 -0.15612023072761557763 0.58415019789905620051 0.79648918376332666913
3.3224435026569976159 -2.5331392464317570301 1.5761401915606763069 0.97520642588143902074 -0.0082281683856011006428 0.22114412532255162125 0.10882778915713639534 0.8879533036153839376 -0.44687296058928355214 -0.1926887106885814549 0.45986000896323542264 0.86683322094253045798
2.0636685562142189632 -1.840302886739378474 -6.218323539985934012 0.92262632059828897368 0.0033794264871023164259 -0.38568024582007232048 -0.2449577866666203807 0.77752836928773771952 -0.57917641328372582166 0.29792004848719655374 0.62883878254236136307 0.71819595534916336188
4.8424425873591916414 7.4784127628991292625 3.515774325305128567 -0.89276171078848642892 0.013304642574229320548 0.45033267062908749478 -0.34704237042955637937 0.61709581809349312032 -0.70622542039924707247 -0.28729448459133322125 -0.78677553201497385515 -0.54630224358491374925
-2.9978445769428900824 5.7640546463490629492 0.085606244315126034383 0.90849599783011714127 0.0061286557975712410359 0.41784861074895807143 -0.35232361386325233843 0.54894121134929785288 0.75797863927470054968 -0.22472893236309665621 -0.83583849280860356146 0.50087016371354520228
6.9652910664372216232 -4.4281665410607358169 -4.7599143874506681939 0.93762971767706326798 0.0031282653714454454474 -0.34762152764849801878 0.096111630500132161359 0.95865024427782141725 0.26786613005159154444 0.33408541873529257193 -0.28456971571479061645 0.89855829520774554986
