1125 14.717824617146108679 14.977075390850430381 15.033177056927090831
-0.40471736060434304605 7.4199306039112693512 2.452463750492115846 0.95776722241616896181 -0.012408998573080892713 -0.2872768080084576181 -0.23982389522156591366 -0.58566230487971282503 -0.77426362688930328027 -0.15863936127548161625 0.810460166447005248 -0.56390413339214029431
1.3640850745139760924 5.2852243869892081563 -2.3098359439110680569 -0.69379929898927572562 0.0049020266080839975179 -0.72015172210937394848 0.70172644586164445446 -0.2202485308441765044 -0.67754747423284644725 -0.16193371452640664687 -0.97543147109173500287 0.14936839459390252594
2.2501161916720766598 7.1317685283020173515 -5.1712149120927142221 0.88489947743165842109 -0.0027276804563001861258 0.46577405960443724053 -0.23074235879731858079 0.86609037032079994045 0.44344721703283568326 -0.40461201007590880119 -0.49988001580067770169 0.76577352468303150346
1.8470153633376462654 -0.29197081941077041023 -7.373798917235573569 0.85787112430626744075 0.00035300918790944282866 -0.51386477741325431445 0.19106111533779396305 0.92808872712110801473 0.31960438794946777197 0.47702493046732702409 -0.3723589531287431198 0.79611307346225901327
-2.2285380400246976862 -2.5247253432094640679 1.0736162195500198457 0.99996022562410014078 0.00350602698084784975 -0.0082009112090059704814 -0.004973966767711971923 0.98244666373293321193 -0.18647737818479365179 0.0074031631375982426269 0.18651075222332738623 0.98242502639167816891
4.150848803251040664 5.1110849571228316179 -1.6503630633114327875 0.999421245203068076 0.005713105729826361244 -0.033534088025800948274 -0.01586554953190410025 -0.79372631007626925914 -0.60806811216408274134 -0.030090845366207413097 0.60824822656187416126 -0.7931762956049147606
1.9014474406705204057 -1.7252247595379570644 -1.073932512724695032 0.3139429222680721332 0.0024242868839200182318 -0.94943876284405914756 -0.054275579479663410565 -0.9983156204429317615 -0.02049593744834719497 -0.9478892356335598679 0.057965893531004182571 -0.31328254365226965161
-5.719889534511778173 -5.7867530585464077575 -6.7387277619718908284 0.44623444705753334549 0.0023440140338936944417 0.89491302586206478153 -0.04685664296132777823 0.99868611397629836191 0.020748512268363328293 -0.89368857734090922929 -0.051191321033568763788 0.4457579784828700209
-5.8760594768239444718 4.3660662851706808496 1.3254690666658799358 0.74105031193291825975 -0.0096484820937283236053 -0.67138017693213591919 -0.53098480828753802374 -0.62042751986585942259 -0.57716966826141091751 -0.41097392685180667016 0.78420443723969257555 -0.4648912045431710105
0.53288908646890031928 4.9901628470962027251 1.3397798889833971714 -0.97895258020854958314 0.013596409035824003758 0.20363443560516408803 0.13299662809826756638 -0.71432262511500854707 0.68706264937290106865 0.15480226941936753304 0.69968444666874907156 0.69747970040173190576
-1.0329119418351961901 6.7586412906253032773 0.33116757006335073577 -0.97285575577653560231 -0.001727201507399833344 -0.23140591009614600027 -0.2293913359601810753 0.13906730964750979584 0.96334827470333828092 0.030517100761398310849 0.99028142472857139111 -0.13568863769218322823
-4.6504069881150122967 -6.6725210707223032713 3.4891893618979836766 -0.99631342886554452587 0.007748160668056914939 0.085437213603799397332 0.0100375131492605775 0.99960109648945594252 0.026398792146401388325 -0.085198590316316255566 0.02715904827624859158 -0.99599376820573692903
3.3501907774090025072 4.6036144032663539605 0.99472862928918359682 0.99971099817840403112 -0.0013680484099356624191 -0.024001011742609247579 -0.013575272210689196331 -0.856087635928243329 -0.51665237016329956798 -0.01984016394912727077 0.51682887695491863678 -0.85585879667154252104
2.1567832705282117267 5.2074326187116080078 -4.2660081636569540109 0.94546345849508428572 0.0029432673202985284305 0.32571488425943356804 -0.31780565890880707602 0.22753731838701710122 0.92044898386974594029 -0.07140316390889098197 -0.97376491306621604238 0.2160636069888869637
-4.4265636627331916841 0.26115204908518435678 3.6161904416692043363 0.95477943504142703812 0.0036918959959101357686 0.29729211278784883898 0.26987969839016762164 -0.43029950020009627432 -0.86139844933939879734 0.12474445405998503544 0.90267863053883690139 -0.41183748147753079794
3.8990929435408996362 5.0775851641697684613 7.1724822256279052723 0.99317613634646151333 -0.0042483946598066858052 -0.11654661442820514472 -0.11660648335002761489 -0.053504069545994015211 -0.99173597423040960042 -0.0020224323468763820075 0.99855859401669777586 -0.053634355431637782685
-1.7575556605308957359 -1.3948583030395442783 6.1709294937053691399 0.99987579625484945822 0.011425224332782830255 0.010856164731847004618 0.0045480755717722705367 0.45034782809020484917 -0.8928416145896578282 -0.015089965948706674306 0.89278009497495092184 0.45023993041963494832
5.5800057321179892256 -3.6311136771379781685 -2.1477870080326764146 0.76213356597442938334 -0.0076657979914611035568 -0.64737443813933859271 0.40024181210260040276 -0.78037860781852252945 0.48043284682067216584 -0.50888006392469875561 -0.62526031698844186657 -0.59168455830760846581
1.0664024222400574349 -3.7935201984885571491 -3.4296629373268152641 -0.93221984667816770731 0.012208213366009416229 0.36168648991312862817 0.0053177747454322497195 -0.99886082223358807486 0.047421293515126160256 0.36185339397477161993 0.046130438251792582616 0.93109296202673030862
-0.32373692588419966665 -7.2591959820040905527 -0.083994127814959448908 0.86072893447878073836 0.0030362628263061811063 -0.50905449851558837171 -0.38441046860108546435 -0.6516838054156953719 -0.65386298976826295881 -0.3337278726460342626 0.75848467279643250194 -0.55975593623672137422
4.3518986502417229545 -7.4835967725802881034 4.7615977751391307393 -0.81031128748916680937 -0.0080209002263873577232 0.58594477771135344835 0.027499781190328052849 0.99828421320040661158 0.051695180716464964044 -0.58535406328315886526 0.058002541620023058411 -0.80870039307737096035
-7.1886351641926520273 7.0283703419052052652 -4.2415732855742795948 -0.95196330936190209915 0.0059226858925765643246 0.30615482916372549482 0.04564793171632459956 0.99138605598361173588 0.12275974230721822811 -0.30279056121105685229 0.13083810527953027014 -0.94403350907070926468
4.655503827839503117 -1.2359175302511733463 -6.468762230410102454 0.98903650646202323493 -0.003492252468977909835 -0.1476299192515418135 0.069805520071712895414 -0.86991565707711826505 0.48823553633431132637 -0.13013061996717004143 -0.49318815247815106506 -0.86013456389226683463
-2.8431669485181045864 -7.4203595940625008964 -6.2164464835207020599 -0.99896648604853444109 -0.0044267346020109375054 0.045236752455368435533 -0.019673852515786953432 0.93929637335734694759 -0.34254235143246303252 -0.040974373444061948368 -0.34307831032940333538 -0.9384126883745920189
2.0590143113939287645 -4.5559177003814035345 -1.6616107024742552412 -0.98468408839471788241 -0.0086401746993190788049 0.17413383773245888486 0.14705112632054517796 -0.57773023739964535217 0.80287218101140733761 0.093665427507297074894 0.8161820386258458182 0.57015231957305856358
2.9296695010818014637 3.2814077191662494037 7.3200170460548825702 -0.79178974808670177232 -0.00930128315763522652 0.61072291667847211638 0.47925079158753114417 0.61042400521037731842 0.63063556244923557603 -0.37866564880825781536 0.79202021438502689943 -0.47886982199551964001
7.1138995820180186413 -6.7188946180648452255 1.2904060940988828499 -0.32063761173333565901 0.0011316897807808765433 0.94720126753522748686 -0.9436818945136196124 -0.086513538446629567602 -0.3193429029002369246 0.081584336175836963401 -0.99625003234312126121 0.028807449506470666351
-0.23981928297916707549 0.70260109707469575735 -6.6589240525382669134 -0.90131679510830409185 0.01377017656695440212 0.43294158623639894534 0.43315368329890019394 0.023037446336816334858 0.90102561712244044756 0.0024334132792131028811 0.99963976426694622912 -0.026728639999445552577
-0.15231476756887812885 4.1629064727434732518 3.7206525852447551728 0.78282843366956944564 -0.0015258532859348287406 -0.62223573925830111264 0.33305233830756125757 0.84571899768101999051 0.41693586666195364687 0.52560040276466879483 -0.53362631937818549854 0.66256106728400265826
-3.5974088850365784076 5.0866379914478763169 -2.3748002828069645354 -0.81460261026137181783 0.0059771628448937455177 0.57998867306151269396 -0.52464158585206677188 0.41880679065695292085 -0.74118289139329363024 -0.24733336562206678644 -0.90805569522134210736 -0.33802523667052830625
-2.7600670295265383736 -5.678844817515493304 -1.4869545171879665624 0.98505043788497237411 -0.0083812745552958277384 0.17206216626373119216 0.16964742819403413887 -0.12629916382659003848 -0.97737826419654172394 0.029922983301936791761 0.99195679112219892204 -0.12298918495857388833
-4.6323871750465164254 -4.0615276263557591463 1.402011008171248907 0.97255428310416069948 0.0078329501598801230117 0.23254421366209943045 -0.014381026359329989253 0.99954598995816734686 0.02647640533542551522 -0.2322312478904769717 -0.029093965876553364025 0.97222537955607157834
-4.6536829603451250748 -6.5340182884946678143 -5.4676443746785281519 0.9989026603137880489 -0.0050066306697020036831 0.046566177290271126843 0.04587117374921872992 0.30521358422989591785 -0.95117848136949445514 -0.009450430517522675003 0.95227076068257854313 0.30510832127650555634
4.1265816065768268217 -0.11452386666303943086 -0.66977638869803124422 0.93529927613669794351 -0.00019064231027477937519 0.35385763763658706349 0.33243022691900053767 0.34317002133513674345 -0.87847850325860965537 -0.12126585788591329185 0.93927328297597145745 0.32103004781302491022
3.428487690271662558 -2.4381676205110962563 -4.2813151811005090153 0.96839947389806657618 -0.0078569786201082725957 -0.24928041808567488746 0.13238154157103571018 0.86327511834572701055 0.4870638536131042251 0.21137073213977866648 -0.50467250562336241071 0.83703528937712035063
6.9593646371788322469 4.7570960390860008715 -5.0638827040246985334 -0.98953535004421577792 0.0050573430048343557403 -0.1442019912982773211 -0.00020919128063470602196 0.99933423745079097422 0.036483394819570490186 0.1442904960545723092 0.036131774662810617338 -0.98887549651507666848
1.6075369592231938398 -5.7433182132988642721 -3.7182650934864840409 0.89676411697215641095 0.011671861964460888278 0.44235493232183326073 -0.30172207755274332852 0.74737104948437949048 0.59194619883036381225 -0.32369415569080584039 -0.66430435948500987653 0.67373719768222994908
-1.0225874128345477931 -4.3107222039877779451 -2.2575408855862462154 -0.99437867310269478782 0.003660761869929985042 0.10581896475116756018 -0.075430062176599810275 -0.72585036634450084136 -0.68370428651398029718 0.0743058557484540666 -0.68784289230902606604 0.7220462556522612152
6.8032530494723468806 7.4078530963189139769 -2.9842888392176227796 -0.96173551452849104226 -0.0022502865241017079925 0.27397032011729277601 -0.18119242168023880213 -0.74484096704915103704 -0.64216916784523203621 0.20550938280351641052 -0.66723824082241289801 0.71593227582212282112
3.532726901284768406 -0.7740192382054850162 0.98742938960796888814 -0.99984776388672713665 0.0017998574599413430172 0.017355390055741853894 -0.010906755810291235767 -0.84086304646266041285 -0.54113804132698284377 0.013619534814226504776 -0.54124495157615759577 0.84075466734647252842
3.3122028736134638827 0.35986269053566083409 -3.2393353691137893868 -0.9908606804781910915 0.0057180284837553933819 -0.13476800819416936972 0.12340526832452670958 0.44182729151546629165 -0.8885717665004501109 0.054463305372628147139 -0.89708190742110804905 -0.43849492556417940525
4.2611317847958325444 -7.3062272107160337598 -4.8830162214901493556 0.72392304517589156632 -0.0021758446836682085457 -0.68987730094788202173 0.59923035756769682525 0.49749476643351547844 0.62723355772829558763 0.34184558390082420143 -0.86746424887206097232 0.36145175846345922732
-7.2494249095867528965 -2.3021585733822029773 1.4263509212894747158 -0.66014238237473576998 0.0042818266553490301127 0.75112828528366359926 -0.61969918941557111669 0.56200284540150358126 -0.54783730832997445948 -0.42448197798054665419 -0.82712421541215785936 -0.36834845275721483926
-4.2349413469055150472 4.4970667213757336 -3.0326471871322393525 0.93224724761404642592 -3.7768346391395257733e-06 -0.36182187510128549501 0.30199524725908571954 0.55078622696562384853 0.77809601131087791082 0.19928356668069943658 -0.83464635155896849117 0.51347008469852373214
3.6065770517874184975 -5.2473812829001467151 3.2221579404126274859 0.69803679763688386561 0.0066342167623845219038 -0.71603115596512501018 0.5292594019545057149 -0.67831921616235613115 0.50967394128753473748 -0.48231640505753164971 -0.73473738720222125931 -0.47700299502166859655
3.7313041961207242814 -0.18087640645956401531 -6.2098094033006416836 -0.96912805276377622654 -0.0021402411345771647083 0.24654864979200680208 -0.077592315731710242988 0.95180214044952660135 -0.29673577131025585807 -0.23403044649317625292 -0.30670524091314782522 -0.92258422125606998065
-2.7822802174325840241 -6.2870728361431291731 1.5536130686967628556 -0.99993695178618524633 0.0015113214152208849506 0.011126920510581245899 -0.0052125243497569730133 0.81519994028633269156 -0.57915618527909251689 -0.0099459560813454778172 -0.57917766986023411224 -0.81514066558659692419
2.2920245145772750739 -6.4816570481743385201 -0.29556249814885054983 -0.8346986616818027338 0.0022174979861246616603 -0.55070248491296247551 0.27210529912899045213 0.8710576937727222413 -0.4089219978249901688 0.47878685275657606457 -0.49117570870511995107 -0.72767408419254242524
1.9557405410794796996 -3.4042171027737424538 3.0688873767694326844 -0.87182319979058009451 0.0013148108721516577752 0.48981892529716908324 -0.0334918541208040349 0.997496032436023361 -0.062289332810881961611 -0.48867433328798148828 -0.070710229435611393622 -0.86959614732284917782
-5.1330654257151708819 -1.0314728447619783136 3.103231456290280299 0.9023401585302920358 0.01191606714165074736 0.43085989097088467359 0.20147707250615559671 0.8720275349078323579 -0.44606610229537718704 -0.38103704223852336019 0.48931174695324969326 0.78446464976799867852
4.8880109132948401651 -4.9802819372010267429 0.60697585216203797653 -0.026770107964001005341 0.0096656865369266781879 0.99959488585284195228 -0.55769729517704080823 0.82972683491725873761 -0.02295879723416229326 -0.82961261337552827388 -0.55808597359369249702 -0.016821349713716422097
-0.78249861390266506334 -3.8978465295786715039 -6.7731605004524126912 -0.99983117118627395925 0.0036953611249602230301 -0.01799926194720212827 0.0025565759940046894894 0.99801748055304562168 0.062885391228042403222 0.018195962290407791118 0.062828757881041724653 -0.99785843391713113792
-7.1684068164986385341 -4.558013641745444211 -1.8213494258362503686 -0.88337653808545057998 0.0011357045045402875544 0.46866256745713091858 0.46597935513346394609 0.10900903253090887812 0.8780548225572993859 -0.050091242244726157107 0.99404011035875639024 -0.096825236629808034139
-6.5943974815432442327 -4.7135349513401187949 2.2778552720961711131 -0.98651802163651158839 -0.0028967746737547923723 0.16362702002644427535 -0.13395872307107209442 0.58863168604745386148 -0.79722506150663707825 -0.094006667313715028267 -0.80839615713917833961 -0.58108381462847102927
-4.4722570381067185963 -0.9910146972701583401 -2.3447997740441524073 -0.93714482703375234784 0.010986681569613774428 0.34876763896907303497 -0.26217999753197329671 0.63739529633838842848 -0.72456116725914709864 -0.23026337541627772687 -0.77045864849051592937 -0.59445121659229038791
1.1564779906832642897 -0.83874723440444676203 2.184490679709930383 0.83243108914841035251 -0.00054657412578457825747 0.55412830921710010124 -0.17207395637173922287 -0.95081784767195831609 0.25755771020678935868 0.5267343119236638227 -0.30975009573061990098 -0.79158438769167149829
4.3969059466879052422 -7.3051663920981102507 3.4922023562356256932 0.97676312848718127579 -0.0026058896941800798602 -0.21430585658544920591 -0.19222105207471162913 0.43158774801841914837 -0.88135298428017472272 0.094788490689566365366 0.90206719544569891056 0.42105809211264144665
2.2734250829099735824 -7.0802651023810989628 -4.4052911132583041365 -0.85742075188320865387 1.6455726707381625878e-05 -0.51461602576027931644 0.49622406348384562325 -0.26492846421155941128 -0.82678569633860876653 -0.13635003872277956516 -0.96426806883754123678 0.22714699725194453794
-3.7370042099091653753 1.0614256623554794157 5.2643302090957631023 0.6653084710563857973 0.0022779419254275144746 -0.74656510052451618975 -0.65748054087612550767 -0.47194030312393336901 -0.58735993109554562874 -0.35367213165563987642 0.88162756380914653054 -0.31248817901206182857
3.4931109510425280007 0.048598428153772285643 -2.0101773090026453517 0.97890926701554870082 0.00012306542568139638375 -0.20429545223990161484 0.15023817800073827056 0.67720333921312547698 0.72029447258012013755 0.13843820578881529948 -0.73579591070714256418 0.66290213528432262446
1.2130515928962095629 -5.6004713653178601618 -7.0672212608172699788 0.99997815161859915367 0.0050734638055695679276 0.0042374816083791087828 -0.0028324933619558222489 0.90807462746907086082 -0.41879881557640408207 -0.0059727101655983952377 0.41877766286167000809 0.90806915806084909093
-1.8047391461265640533 -1.0915883369411507609 1.9924394230800548389 -0.93451532196148856535 -0.0018051807897122486984 0.3559183253802210567 -0.066722388221894982085 -0.98137050485142418577 -0.18016674254034489855 0.3496129802068683734 -0.19211630209318139584 0.91698532733132120942
-3.3988646702595488591 -6.6506830746308081004 4.3680221759272450655 0.9996358293008502649 -0.0045777700447085737517 -0.026594224927214540899 0.0093367576900617640229 0.98331096707883758334 0.18169305704523922018 0.025318643998017434371 -0.18187519359174969535 0.98299561556604075907
-3.5984002639505923149 4.8056274018594864472 3.495811975909538738 -0.98120401050701544499 -0.0091165276530887871809 -0.19275782393614576682 -0.18365758215302763201 -0.26249125902209141659 0.94729521874372923929 -0.059233286948659744087 0.96489130365056430261 0.25588315664915728398
4.0412513635066815709 1.009978934063771705 -5.7552337162391191683 0.70725759808442922871 -0.0063888237078634346061 0.70692706334070476437 0.039940754440714446027 0.99872311179128547831 -0.030933511095000268409 -0.70582676776005426333 0.050113161001706964248 0.70660968363572063122
-6.474974987892079703 -0.55582494018329531293 -5.9426175564764038839 0.87936350413230068845 -0.0076016378916863979603 -0.47609037241011847863 -0.4038131613125433006 -0.54171014193895328237 -0.73721438731989752391 -0.25229894639308370063 0.84053098528370961962 -0.4794297700675914653
-6.9977147505718209075 -1.1098014912057054815 4.0695770813814924338 -0.95765875724207638608 -0.0056890186933427015076 0.28784950884783649938 -0.054584801853414140205 -0.97808340686913453066 -0.20093120368377798135 0.28268392965334498967 -0.20813573521502129471 0.93635960594327205531
6.5342585792094158847 6.0483570772521426662 -4.4088736417999934147 0.99984346452383410231 0.014538849824308665987 0.010083069710671160868 0.017675210597837682364 -0.79512923042098071491 -0.6061823932287362382 -0.00079585132195150037893 0.60626572455973792852 -0.79526174172073882396
2.1743776248291126763 6.2104590026742005904 -4.5709543133105841051 0.97472397556159573462 -0.010287928244963467916 0.2231755586927364754 -0.078173854808154766283 -0.95149593970686952016 0.29756398496087016481 0.20928932101237812669 -0.30748924412700417985 -0.92825015209057804011
5.7909065260038783407 -4.8199123087964430567 -4.435091220926532074 0.7547380566846696448 -0.0083693779426613698624 -0.65597288000697617782 -0.65356967000557519842 -0.096045489046081580775 -0.75074759439026639285 -0.056719945704247348717 0.995341759169538709 -0.077959157336090295631
3.5270849639629084926 -3.242106221813044975 -6.10835428357921284 0.73932877378135475332 -0.004499540480874196155 0.67332957635496004656 -0.40685487241586643092 -0.79977750536916258906 0.44138991231899799006 0.53652779709011988452 -0.60027968151596189372 -0.59312918231078071152
-2.7571391050814111345 -1.1491071799917891294 5.2243597547521902769 -0.99668675790693672667 -0.0084824857762810512707 0.08089223725400268572 0.060423138911432472398 0.58854981123435345935 0.80619982881423013499 -0.054447689546964030127 0.80841645649444215938 -0.58608726480959405514
-5.5171801163769291776 -0.62179371442397624037 -0.42310588870764354041 -0.9970041007445333836 0.011791732306376197931 0.076444608362596616624 0.0085551479190579052259 0.99905860296532522646 -0.042529016976036546072 -0.07687413441838526762 -0.041747609393585474735 -0.99616640405472189901
-5.069025595968377651 -5.3484739324642687208 -0.89452804789016404641 -0.99850034619686434123 0.0029058252380107715829 -0.054668224997228537232 0.040411802224735532407 -0.63453307065700093048 -0.77183849896434164606 -0.036931624464798681884 -0.77289024992052512975 0.63346406108956387904
7.2986732665204634429 -5.1478353070030982153 -5.7034688348343394182 0.49134986374651440366 -0.0068485419731731909943 0.87093536434636320553 -0.72598146199453417182 0.54922235829689092235 0.41389094939026732645 -0.48117172426971738242 -0.83564819069971729704 0.26488841640155030843
-6.8012226191134468323 1.4836013612810281526 -2.5904344121703029025 0.8990179804686294629 -0.0079223383000605624576 -0.43784004767714701511 0.42032703379106678421 0.29609879189656923559 0.85770081619496507663 0.12284891313499250731 -0.95512446413708007587 0.26952811086846273358
4.9437786429975592029 -2.7245609063407520978 -3.8044748870345963532 -0.35281047915009455807 -0.0057865809414491646556 0.93567691073517345046 -0.13355867165245416395 -0.98943022853031614705 -0.056479235981309189318 0.92611384128966400819 -0.14489423160224199072 0.34830850494941512085
-1.2433920787930481389 6.6096704481561374678 -6.4828048362737940025 0.75022864213913242892 -0.0039965859178937353929 0.66116640251538116857 -0.57897137423165589976 0.47893777912019797061 0.65985661438799658729 -0.31929474210252034583 -0.87783975247899082017 0.35699893085746936539
-1.2484537622443336868 -1.7050062935244654216 -5.1322542657702872049 0.78953690906053242138 0.0042822509662870256869 -0.61368813868105820397 0.37440678831691892592 -0.79568304536087353096 0.47613868587578400682 -0.48626230173986018102 -0.60569807136222209021 -0.62982443605713445134
-3.1841675254584869137 2.2034707706403104943 1.7655538039199745182 0.99877605349823384007 -0.00176076763431991354 -0.049429694069429694347 0.049412165845485377103 0.079938664945957416119 0.99557433058165623052 0.0021983686937403568509 -0.99679822910357396282 0.079927827639014820127
3.5762552011834700671 -1.9392393516838430934 4.4034435628614962965 -0.99897978797724340527 -0.0067430459520526654649 0.044653270251588071671 0.042571061570263357687 0.18933855785671285799 0.9809885907723773224 -0.015069436939023628241 0.98188871153507994993 -0.18885833375925120681
-6.8256236646581571748 -2.1326301363914446085 7.3935525824333634404 0.56694350481276523102 -0.0024101454844494222401 -0.82375315085854072805 0.5999422921891683913 -0.68404702270586881241 0.41490832333189775483 -0.5644858797112348725 -0.72943393252980548436 -0.38637006830317832673
6.1003180911321832625 -7.1216005140702716147 -1.6168572587027607579 -0.99959986774217013394 -0.010617385672067188376 0.026217847576255143283 -0.018891159855491689024 -0.43927975901875693232 -0.89815166725661965685 0.021052992408556299442 -0.89828757335161890651 0.4389034142869259747
2.6257610922552081512 -0.061148601544361816384 2.7793145231813287666 -0.7251669739887252053 -0.0047383115947662616738 0.68855675745667621612 -0.35787474307850214439 0.85690152720329004765 -0.37100598505031856522 -0.58826739507010561425 -0.51545836018042379134 -0.62309240953295108589
-2.0872192482577420769 4.6625315013122703434 -5.8835533398804340521 -0.78416092248941127174 0.0045194143807825697817 0.6205410723990409938 0.56371737223369167147 0.42326872146927185803 0.70927167832052306906 -0.25945013371066899532 0.90599291626335087813 -0.33445846348707786166
3.9084329277982621242 -0.78198819263857244355 4.1708265045228243295 0.97063172803488317886 -0.01004991602456404079 -0.240360245714301618 0.042152049691543472254 -0.97656553501363807523 0.21105203275583239719 -0.23684858715806916818 -0.21498547628030062473 -0.94746186823004019395
5.3072982736796303627 -3.0324967052756059971 6.1513055867037129687 -0.97979024997251717988 -0.0010523047755881674743 0.20002489523443681141 -0.16134029784838641031 0.59526077430341084451 -0.78716829132402110769 -0.11823863306505742743 -0.80353189310095396447 -0.58340048201941929751
-2.2884032187096914335 6.4635918199895545655 -5.7164017137004679014 0.5771271253349851138 0.0022382689911500499094 0.81665125442534647338 -0.56811848461783243103 0.71946325937594934885 0.39951721595407846399 -0.58665634628643903437 -0.69452689549084167808 0.41649336465522907025
1.7532061179417672836 -5.147765874989394419 -5.4109970680140211385 -0.45651541542542389829 -0.0012145033476832134064 0.88971467362328393591 0.88945724903524736593 -0.024715414711886214694 0.45634959232388333517 0.021435429026282485504 0.99969378974623657186 0.012363216621254356775
4.0690580503297244519 -3.4764160343663577102 5.5678373445331654779 0.63064946177375202918 -0.005683742759751718443 -0.7760470033656416966 0.044220495490098390978 -0.99808535703250644833 0.043245437397902035392 -0.77480694637002445191 -0.061589894831596533886 -0.62919065529578599438
-1.8311636558489801097 -4.8449955103427022607 -6.4660073983745878223 0.71298092357811493347 0.0019381259523249514971 -0.70118075150534964202 0.27860803642291298576 0.91688502761239853989 0.28583108330078488279 0.64345610934573349571 -0.39914670211354691398 0.65318155633599694898
5.3196389290459498156 4.8881133682149995323 -0.58048065786025293544 -0.65171401526761685297 -0.0034578278790401715051 0.75845691092510081344 0.54296057436125932938 0.69610156448700044596 0.46971951908360309869 -0.52958725153939711916 0.71793499381573855356 -0.45178168141464342122
1.5769594709472212202 -0.34337379775598753096 -1.9746590549389677616 0.33490280053518117764 0.0043318320348536094519 -0.94224272320078172882 -0.84784321459219069705 0.43767407024181342878 -0.29933808930374750101 0.41109852549453179682 0.89912326377931206522 0.15025098624314001117
4.8921914124799101842 3.903287444005030693 -4.8374194907953178557 -0.82960680475198622652 -0.0038917570169430771784 0.55833449090695230765 0.32987466408291737929 -0.81021130109632089056 0.4845001068853158066 0.45048335763406133214 0.58612498820897529495 0.67344060071514866284
5.6355699806631172066 1.8654783773679119996 5.3036319854262243823 -0.59217047229515751283 -0.013881158144286585496 0.80569314580078099652 0.26086157564937784148 -0.94931316839005230879 0.175373164055731251 0.76242073036576651912 0.31402519289028901772 0.56577628806694546526
-0.79469003332095200509 -6.8984150787179769893 -1.278549642742631276 -0.99962389900548054289 -0.0053736089396197780216 -0.026892096685281256102 0.025863361425227288787 0.14132945932656970633 -0.9896247119299323991 0.0091185016835934398771 -0.9899480331075094508 -0.14113732558615926793
-3.3830477628771258303 -5.6381541960248533485 -4.6105453053252762885 0.90765315382667299815 -0.0068761485272657825799 -0.41966471251462683645 -0.059458759627514248813 0.98767566314374488634 -0.14478066285586965734 0.4154881565725839776 0.15636336851979076856 0.89605808334787595548
0.85716331778124787988 -5.8378541383767563744 -2.9282872974707219171 -0.85503676964333819033 0.0047784147618035038851 -0.51854535897100939579 -0.4018310845747371518 0.6259677995353077895 0.66835326992132360058 0.3277863664453699033 0.77983426489054297193 -0.53330536962913022148
-5.428669252748809626 2.3192427306316201197 1.2810213412414050982 0.51898248758767984157 0.0065142866741449388657 -0.85476004916374836995 0.40931653143535440265 0.87597552166138592522 0.25519965231898528168 0.75041132365591722841 -0.48231156892521775958 0.45194955007150450221
5.474810359134236748 6.7928140118561062266 -5.6885029634076245131 -0.99930707153935904863 -0.0093340824034166963719 -0.036031259720734204466 -0.0033097952011085611523 0.98649447303569637313 -0.16376110626660475567 0.037073198231361667587 -0.16352837544484227772 -0.98584179684025519119
-1.5952545160297892934 3.7028353003993355053 -6.2806948031060585436 0.99478529898760548189 -0.010712322925065857065 0.10142709231572900885 0.10025309336147726624 -0.080109576648621866335 -0.9917317041421371826 0.01874903169594940161 0.99672849957591347358 -0.078617885647838336993
6.8858612129597025486 -0.65297698857789199245 5.6553331620236715338 0.99144389619688522153 -0.0073733948084742850435 0.13032510787606810254 -0.098959330435376399726 -0.69353739156306393188 0.71359157605990575224 0.085123742949270206348 -0.72038289787641807127 -0.68833307986278513546
-7.3279549478911949478 6.4035237066500529934 -5.4670029014671897016 -0.90272813735757484466 0.0013809547144128736865 0.43020925488300443273 0.0059404973175359457663 -0.99985949676400864838 0.015674731976787356635 0.43017045518557239792 0.016705678525561925424 0.90259309757526484663
3.5913412873183969687 5.6202976254912906384 5.4780168561624620338 0.99273436385241087265 -0.0012861499603415895571 0.1203196935037240678 -0.077280667568776412191 -0.77326007265811269598 0.62936202495293613879 0.092228960997432940516 -0.63408769571015299871 -0.76774124085024342268
-2.7468224871980200241 -5.4760779551478577787 4.7112292326555076372 0.97936309647211994278 -0.00078828018095831531645 -0.20210715940525847412 -0.12953300168000175807 0.76516405705112888747 -0.63067041096971865333 0.15514227903527719188 0.64383487355948421094 0.74927133192486261581
1.3907106758927101353 0.27000056554388651708 -5.3076470513436513343 0.73792876828477826923 -0.0054383307047576236876 -0.67485669404462411691 0.6272772237459756095 -0.36336693780279943899 0.68883071438595433467 -0.24896669959519054927 -0.93163023409025591537 -0.26472757586198147894
-0.93174691060642644835 7.0333145690150020712 -0.9155727891257530171 0.96248635874079035979 0.0054678343163427935159 -0.2712749749345236272 0.25987852389639976014 -0.30597194894456714032 0.91588444646500000168 -0.077994628374438712548 -0.9520248259615029518 -0.29591479972746714822
-1.5940919473650116966 -3.1111334801897831959 2.7412824226997685173 -0.74512596751125792505 0.011114884761240208244 -0.66683112695566193473 0.59336965996227730713 -0.44541141471199680035 -0.67046336087847302476 -0.30446631862419548664 -0.89525701950936653617 0.32529237593659221517
-4.9501042405965733906 -3.9333861652896393579 7.3576235778767111739 0.91258279420301779972 0.00023941357172041315138 -0.40889190063604918812 0.2549427914393770922 0.78149269788658748404 0.56945002962771251731 0.31968236863756094301 -0.62391434174168891591 0.71311575312238417723
-1.4661413276598540545 4.6606482880611599384 -0.084221955552825883418 -0.76992490472656982536 -0.0054170256497122083045 -0.63811150821382711662 -0.21231904317916899805 0.94516684746380641435 0.2481536910039982835 0.60177758763957811539 0.32654293176931864506 -0.72885763268707792761
-1.1444075775408633078 -0.27185604733220625207 1.0120869404725787444 -0.93843599886965456403 -0.0042950966870490426414 -0.34542644393537713654 -0.14016285591504459851 -0.90918552489920656523 0.39209189628887114454 -0.31574079534825622018 0.41636910723318260041 0.85261041319868036137
2.3607719169023706485 -3.5821533128464269069 5.9649926968022031204 0.7445760375164431899 0.00377372562780223849 -0.66752699072869103869 0.0022373064223296084546 0.99996429644393336478 0.0081486377607267717477 0.66753390836447923373 -0.007560742838501912505 0.74454101052355914359
-6.1762655183783161661 3.7269221770382312542 -6.5203412504241269332 -0.96060991944894269512 0.0056432867738040355665 -0.27784300597749417294 -0.090826936453186318809 0.93851177296113263981 0.33308575416517283152 0.26263863057576608551 0.3452011085261256218 -0.90103115617690376915
-2.1069203319809890473 5.5937522418182412665 3.7225181045737110175 0.89763600902741613741 0.014279262741610081536 -0.44050618378496053662 -0.28237390489255437265 -0.748768360025852453 -0.59967567973033308881 -0.33840001940454211837 0.6626779351086512504 -0.66808935120038115407
-0.033999531311787109522 -7.3765027775255331832 7.1388489056111295028 0.74110355049547893547 0.0064554182264692418908 -0.67135970613279294383 -0.66615309402582600917 -0.11758976419884417663 -0.73648672946324089672 -0.083699359393679673147 0.99304127554256638177 -0.082845894924869059595
0.38565815000690878422 -1.8296017991601418728 1.8553780599080831326 -0.94230016496418600447 0.00074382188365640020122 0.33476834652830544936 -0.19316377349017793685 -0.81794606460212793131 -0.54189666174727757486 0.27341937700056390126 -0.57529443081856634912 0.77089439104837709227
2.0243491483980520229 -6.5395677375349663407 -1.6361246968858911277 0.96869814386740638046 -0.0067961023631050625562 0.24814858262858482951 -0.24766319613488299578 -0.094658789021854858325 0.96421089754323086041 0.016936568369855686811 -0.99548657783696481438 -0.093378937658747107609
-6.8992550403817443083 -2.1568712412483890262 -3.6498224554919440621 0.88318977850243762795 0.0081294819869951757269 -0.46894533441687064057 0.016979502211050712113 0.99864014696999980902 0.049290499737849838291 0.46870834391272214736 -0.051495323888307284466 0.8818507356487990112
-6.4488441430887606387 2.4642680993462482419 -1.8609135932013027848 -0.99638744805244672254 -0.0081785911850050276029 0.084529071980041753376 0.014232689059541239751 0.96519196893922598601 0.26115492271327228613 -0.083722660765772491387 0.26141456298657889112 -0.96158875946670918644
2.3903466807525775017 3.6758829945357405222 2.0672843306775257055 -0.82061021477065043683 -0.0034212321693426880551 0.57147805783294913784 -0.42164685754502867487 0.67862649019131449091 -0.60139838238310838747 -0.38576262511607983807 -0.73447558297133219707 -0.55833038165812998166
3.9653736034086199957 -7.1669948221692498791 -2.1211800124045154803 -0.94396257634121505387 -0.0030485065784568738528 0.33003842363422453143 -0.3052952702495790871 -0.37191035138527678283 -0.87662847803141985548 0.1254171137865993102 -0.92826364635272073933 0.35013875882188189026
6.0238549006071577807 6.7734494516002490272 -6.9685497526890198827 0.96341300202843571654 0.006362334181480892685 -0.26794571880541984132 0.25607406528747522767 0.27330208954519841225 0.92721736444985469738 0.079129391565672779763 -0.9619072141085175387 0.26167355777084944091
-6.9350141009211210275 -3.7555016169498842693 -3.7968054428977318082 -0.92795465063603388423 -0.0074856062264840594889 0.37261794382772478462 -0.051000472788811548885 0.99294340766664779263 -0.10706232272183961729 -0.36918710451247244153 -0.11835267158253301445 -0.92178822241933111581
3.4917792244291634418 3.2430682578816214523 5.5346468562107871136 0.96619062346154616083 -0.0046244582315456642801 0.25778730287003959187 0.19991594405787094235 0.64482736780325933257 -0.73772032711828439133 -0.16281675112351171042 0.76431425481804260436 0.6239506594560154662
-5.7280460937004438193 2.168243895990591863 -3.9719778136286474357 -0.90262506710316736669 -0.0073914752907667923693 0.43036421125596063808 0.20123485096634299851 0.87660382826265725864 0.43711584623727739451 -0.38048984611090652663 0.48115599795516816872 -0.78975716687987451703
-5.9842926853872553394 -5.0928958511384321284 7.0528541801446404946 -0.9848994860925859296 -0.0069800971062603314743 -0.1729863594016703976 -0.039888024216990024262 0.98145426051064244 0.18750061346474122814 0.16846942695550698454 0.19156934193642904951 -0.96691221908268298879
6.6887213511420853251 5.5899442133606189742 7.3543206019337388213 0.99936400887735121756 0.0085010179145188456695 0.03463106199707061128 0.02888402853989466626 0.37653995004979939898 -0.92594998726265453914 -0.020911495784210181598 0.92636137587392275439 0.37605493034017711818
3.1590050655684365211 0.31435748569447041767 4.5247079982748692473 0.93603957027021122972 0.0043969268364057907672 0.35186729021434048903 -0.25156975297619171839 -0.69081022864724583865 0.67785978445669226033 0.24605402308407794965 -0.72302274862603488348 -0.64551957576318241827
3.1389396131596196682 -2.4443659935198711608 -2.5833789551530994544 -0.63583745326746121673 0.015015278468483321539 0.77167692361183004568 0.67517430231070996172 -0.47361019518394359418 0.56553783650347133616 0.37396576651029078686 0.88060656619755706132 0.29100117018329180185
4.7335636557184201934 -3.8648147900937650512 -7.274387224873745339 0.89959135280015645186 0.012594369552384214114 0.43655100483534708955 0.33299192092570500945 -0.66654412520591754809 -0.66695975122319584028 0.2825805700422202027 0.74535918254829613971 -0.60381115460500756065
4.4051448083531017375 2.6636550653271773292 0.39473045539339540744 0.99220856863987239027 -0.0011210802820577825054 -0.12458290210282940702 0.071239479712805892087 0.82546447114963461544 0.55994048201558510591 0.10221102116505936808 -0.56445296531120758843 0.81911278655856278874
2.9860032598298777984 -0.18299401939273876594 -4.2162395129933045723 -0.99977312629368175756 -0.0078125259566071813405 0.019815659947428510002 -0.0057582278689164746732 0.99479986359255534456 0.10168615543960887737 -0.020507041541529203582 0.10154898243926376022 -0.99461915596516359273
-7.3194600903453945762 -6.0994323609092004901 -6.2752097437656688683 0.72330790671689415561 -0.0046882604317089494883 0.69050973367137202796 0.058123065462909170864 -0.99601490106920786971 -0.067646331085954428119 0.68807512768735412667 0.089063668587818417555 -0.72015295708318582957
0.47626671130411513122 5.837333813688962536 -7.271207302330379818 -0.94690535632117533993 -0.0070654149558027441388 0.32143479289255150189 0.29249709773094767495 0.3961175072356144522 0.87036565205691496239 -0.13347544339444258887 0.91817264192144321111 -0.37301917596513278763
0.074287896595588986948 -5.2981572311918476714 -2.3435525877414162821 -0.94156106703542163938 0.0037460821685635871045 -0.33682150155768686428 0.094020803292153926067 0.96311844338972840696 -0.25211694221309394193 0.3234545494987994263 -0.2690517252703316653 -0.90718703889418050856
-6.577515624549404194 -5.2313972287055277022 -6.4529325154843180101 0.54548391827056097458 0.0073572941612872443107 0.83808899594902341867 -0.74260400438464146955 0.46784500946190049619 0.47922890125032896469 -0.38856992624259689695 -0.88377990322489907715 0.2606654850101747245
-6.6299294013582361629 0.96844759419320336491 4.6880208958181341927 0.95205933979502876952 -0.0079301712274147603821 -0.30581060461247400184 0.29097773016657002554 0.33201810045125179638 0.89727138677212414652 0.094419140306701149212 -0.94323967969817479329 0.31840843673915897316
5.7956593882316260746 -0.5597011361408389396 7.256982012677259064 -0.67152388923342631877 -0.017265194666660176048 0.74078173522427626096 -0.28687259418032590164 -0.91570815329478594258 -0.2813941944989667987 0.68319820030279398981 -0.4014729020028093287 0.6099669893201934423
4.3502318238771531256 1.2786129234866634441 6.7077669123482150937 -0.074177066988980480677 0.0080462810314312280258 0.9972126253184019351 0.27556911430129626961 0.96119680364204596046 0.012742366793592535198 -0.95841505934333237615 0.27574619132430960855 -0.07351606623061857082
-2.2781964059434725023 2.6672542456772516672 -3.3577566303679708959 0.66404681004335808225 -0.0056650513177390927899 -0.74766954014782760485 0.68403853799086988818 0.40834456020117498865 0.60443858141040818222 0.30188261396535215342 -0.91281029099574173546 0.27503501602116142699
-7.3415275438922789064 -1.1819231327867958381 -6.4888424043345871439 0.98456079416616204547 0.00024785501416749828804 -0.17504279807790537604 -0.17463249543324541047 -0.067052705332742393307 -0.98234791507208563122 -0.011980573016519698373 0.99774940404673884142 -0.065974181273752027788
