1125 14.717824617146108679 14.977075390850430381 15.033177056927090831
-1.8077815613728205335 -7.0627469278615144788 2.4457609355190417233 0.99597433238313026749 0.0023439559203398512011 -0.089608231232039259329 0.08810185300548635523 -0.20992431836702560299 0.97374013168565975995 -0.016528542914931280278 -0.9777148287863823839 -0.20928573969647090713
-2.6400847283718285041 5.3043730682319623071 -2.7514227320429482937 -0.92318410158566754919 -0.010107009522969659029 0.38422514615514113956 -0.34473433434970263134 -0.42028826262967439176 -0.8393545228425095539 0.16996868329169917411 -0.90733435108250448664 0.3845192089426075488
1.5022593777278012706 6.9414911560795351519 -6.8217069255226645552 0.85490078318288675874 -0.0041969969518205491738 0.51877455231512903389 0.49226535904717616532 -0.30909638192862198824 -0.81371631602220917401 0.1637665020552885875 0.95102145711611874024 -0.26218070277833543935
0.55587354088082063797 1.5706513400284352056 -5.3816520893296404537 -0.4551048140370546613 0.0059701766669264660914 0.89041785990109900695 -0.76916371238222924767 0.50118104963002485519 -0.3964905283182651452 -0.44862767613545828649 -0.86532185485068813247 -0.22349786514209588062
-2.9311201006314737683 -1.2359747930811213479 -1.0595160883555696518 0.95217230359092686065 0.0058147706243080118926 -0.30550628916108507616 0.12529774638439808432 -0.91932472908874152129 0.37301811918051430705 -0.27869047171618405168 -0.39345677135944556735 -0.8760841226994335873
1.1084012135993441817 4.0109637244507210241 -3.1042064349570628323 0.50015543603650391979 0.00099387399540394648703 -0.86593507378883471937 -0.66666978390752085204 -0.63774177450167524039 -0.38579376392083769565 -0.55262640095086035252 0.77024959673472026545 -0.31830742954284257928
-0.10396888198296590222 -1.3385186201881409396 -0.018355103664547699205 0.90513234849049495345 -0.002489036600603383026 0.42512261338689677492 -0.40669757455883748243 0.28618824678749787971 0.8675790282439769241 -0.12382453135011479983 -0.95817017909013324495 0.2580259547766545758
-4.4490298367048097816 -5.3205104963261735662 -5.5805001675444048104 -0.99874931961246327106 0.010777737631647080901 0.048822504496558769005 0.0021165771451588863417 -0.96650034607182422342 0.25665658211759817542 0.049953144795516754573 0.25643892336113377484 0.96526875113116916705
-4.6256258878548512925 7.0368920854718934876 0.62485250461260022359 0.99805552771747130247 0.0057343033371703580961 -0.062066749212798880131 0.05340458692971599558 -0.59214943228579275392 0.80405659001000429065 -0.032142085922789553898 -0.80580777336090103624 -0.5913042522286385827
3.8326553641625928925 3.0513570785476713532 -1.0200878417508516538 -0.99263240758213555637 -0.007439040381348766863 0.12093619845120183454 0.018413418227324340748 0.97725887090370366916 0.21124877578163270275 -0.11975746092340759652 0.21191922970380985825 -0.96992184769442757464
-5.7581648417146622521 6.6935515428717007325 -1.0747599453487248766 -0.84383728413184744266 0.0017398443330461270742 0.53659632019863834351 -0.53647183386044716702 0.019046141282589877652 -0.84370327484058960099 -0.011688001687715936228 -0.99981709199434687374 -0.015138466653130094874
-5.8984591999134945439 6.4054233762992733858 1.7164247879090506199 0.85259176547479087471 -0.005746539159466920732 -0.52254593935096260715 -0.52236125243265141282 -0.038137737151809882052 -0.85187102014440230224 -0.01503340950867321571 0.99925596835468388779 -0.035517690041921581856
3.3210145253379783625 6.5549169498138288859 2.4001699528790019222 0.96500545744428012362 0.0036681156734327969443 -0.26220414190121726916 0.2339975314532841133 0.43927889633522643198 0.86734030605550005433 0.11836225063971651805 -0.89834325074663989863 0.42304820229090522865
-0.24352441266047702983 4.9833047916121158138 -6.959837470389797609 0.79344142993230559746 0.0049261035342278922111 0.6086266760265229836 -0.56585797969972440047 -0.36233853432865176236 0.74061834527021330743 0.22417726039293350837 -0.93203354019294726296 -0.28470692980366929525
-5.7849244081515021065 -1.2176925485480571965 7.3960334569752115286 0.73540916962299540671 0.0057367366035182441528 -0.67759902825158524475 -0.51495913701280204844 -0.64522804500973873765 -0.56435614388424615306 -0.44044345884736191277 0.76396849397473476362 -0.47155243586742207063
5.5176607001025024246 3.1532669242005626487 -4.7699451717446237353 0.98994900583165112984 0.00029334091821029383007 0.14142446677997699833 -0.10397849615454360372 0.67933540424748006803 0.72642403654703358029 -0.095861557416582338087 -0.73382785616715884291 0.67253790920851530544
-0.79271659785091075356 -0.0018189174255816790288 6.4881415655144607513 0.77343094635012066274 -0.0029525746337146856722 -0.63387368894047080303 0.39476033453124276251 0.78464189318395405337 0.47801817720824119062 0.49595246698528167029 -0.61994224066742176227 0.60803188134136998411
-5.2440884905614471023 -2.9043528902650961321 -6.3619260502484218378 -0.55939565218485054476 0.0038297918913893103793 0.82889193325228682774 -0.15455683937163550157 0.98197014394364756651 -0.10884309719458262755 -0.81436397742054844606 -0.18899727272515576271 -0.54871790856722546526
-1.0355467987732200896 -3.110389104122172732 -4.6522443272071098974 -0.88110827402564162458 -0.0081799661752544518961 0.4728438406036853392 -0.3542328843384446313 -0.65100766910435459156 -0.67134795629440346953 0.31331657009611818543 -0.75902707653994561099 0.5707106306899735193
6.0494396755804284993 -7.2427923174446489085 0.24611552346205869957 0.99853595620802415578 -0.017706936664541254867 -0.051111726184430279762 0.029406935308522182126 -0.61536962122193727964 0.78768995260366936328 -0.045400179684225674959 -0.78803977924412127454 -0.61394798640743353246
3.3618751647834090868 -6.2401040028629788381 5.2542955821503039004 -0.95631160550546778776 -0.0048229103294935337168 -0.29230951525995207962 -0.27826673748797764452 -0.29156914006191242406 0.91518034253985180992 -0.089642266723623173497 0.95653759784939718092 0.27748889692587369593
4.4122350468169360127 6.7261584876103217567 -3.6059092135203374418 -0.99888889005871150939 0.0031654188157862698377 -0.047020904294693660619 0.045758687007192364038 -0.17356302453953972864 -0.98375912655289876607 -0.011275100015355777119 -0.98481767685008547719 0.17322533152867544692
0.73906583435975303775 -2.3072628930503689126 -6.8896889512225358843 0.8667278318361694156 -0.020117118038090398696 -0.49837552817382524406 -0.35806016079782193584 0.67051594901057098852 -0.64977017734886077793 0.34724024359242017246 0.74162231876092932215 0.57395169617795172012
-1.8183328925639097307 6.1140296889055516516 -4.9432079041643763873 -0.9851844084666272483 -0.00097131527927794467613 -0.17149559137474745807 0.021698072919654989854 0.99124211192029587636 -0.13026230915866648941 0.17012017795051820324 -0.13205351984103416707 -0.97653519800964505571
5.2993026951660855417 -4.9631478806776634372 0.041838904365438578381 -0.84356653778836698798 0.0035118761721275020687 0.53701318703500000584 0.2058450787747550248 -0.92148691491090883865 0.32937769990119497576 0.49600735868325873668 0.38839352771873042469 0.7766126240014110671
3.7967727091548240104 1.60292807330788456 -5.210931336904578437 -0.79336686101349440658 -0.0074934945102046839061 -0.60869768472163710005 -0.52072509322727855707 0.52626751137813154724 0.67222606595646783312 0.3153004933852387448 0.85028604246327121885 -0.42142525418287463124
-5.626414522446583355 -7.0602324860364982229 1.0425333652244557214 0.9956693616859887408 -0.0033206044719574093552 -0.092905843658664333251 -0.043262449659325491469 0.86800548415836953353 -0.49466639255217181859 0.082285373241312215198 0.49654350570418198663 0.86410280886799173405
3.064911751357778158 -1.8339923160133100311 7.2108623829206628386 -0.99711210274725925462 0.00079619485218753068001 0.075939585386001748346 0.057620209664323455978 0.65931009780097815653 0.74965999384781001336 -0.049470860039825190202 0.75187070764292718295 -0.65745195489523722276
-3.1504292045361306229 2.6856252278269616696 6.324088346500306379 0.99657038380820972545 -0.005484687220361578186 -0.082567477390338261944 -0.0068292136239198140274 -0.99984850349647369505 -0.01601036842417453282 -0.082467156843102004671 0.016519329946924409674 -0.99645686298020563765
-6.6907115261901104475 5.7853146700769313426 -0.17515529631464429872 -0.91480542542438136877 -0.00058203209312869931893 0.40389441052422858647 0.29960054703509764185 -0.67162200499934299192 0.67761596396246182028 0.27086997956646541308 0.74089374652457107295 0.61457783114140696057
1.4599258719453813704 -4.9774574606608865679 -2.7802792164887080162 0.94671278082427656742 -0.00062434105437865375192 -0.32207843892772825001 -0.0033153589244790632011 -0.99996403116355825347 -0.0078067134131205515035 -0.32206198008932196419 0.0084585209913370009577 -0.94668079858180531616
-6.2037411026184026142 -5.3006441429895865269 0.39227530440689567515 0.90185305826881534408 -0.0012896343660304553005 -0.43204096812058084831 -0.30787001189363472076 0.69965795345238168679 -0.64474398325809156862 0.30311238356094666324 0.71447679109547546084 0.63059162531546097963
-5.8832768147118637003 5.3474434350310833253 6.5383439211315588224 0.78736406817595550045 0.010207336398293303734 0.61640379170566883538 -0.43776880250412425477 -0.69474629151811884142 0.5706891149968660315 0.43406946414079589092 -0.71918245300169070244 -0.54254981300807614275
5.3265371371307645987 -2.0015301607316628996 -2.5861130121263427029 0.81036367721731794589 -0.0051737126980115379082 -0.58590438071739747716 -0.48922041618007605646 -0.55627758113612912894 -0.67172809760944385271 -0.32245014349427569833 0.83098043624522943684 -0.45331823208236687872
4.4356134113457361678 -1.5480492434442276739 -3.2303851449400178275 0.90758559938043148474 0.00084171421159239716639 -0.41986625407923305886 0.03758640782184517054 -0.99614592055897677181 0.0792500277650832613 -0.4181813503067220994 -0.087707448206537946822 -0.9041193293945520848
-5.5769055236295637101 6.6558355488754497031 -3.0430629482016402498 -0.99930975999431881363 -0.0039241702958026213749 0.036940553154627436827 0.03450293128061549669 0.27049703609856384778 0.96210233405540501739 -0.013767763540965382435 0.96271280990192742433 -0.27017493284481503002
0.90656721622046843034 -6.3483012052338461118 -4.0324517805322122044 0.42885957307381317172 0.0035316285095507594233 0.90336426439339878591 -0.32654832285831197902 -0.93176767446506680859 0.15866692680018146255 0.84228597247093639488 -0.36303791595624940181 -0.39844423970831333026
0.91964107010555962152 -4.728248615780537456 -5.1328785072077680596 -0.99367920625785399746 -0.0087209574522574915406 -0.11191773743156464838 -0.10827166529084958357 -0.18883595906353009553 0.9760216324752716277 -0.029645936413406862031 0.98196992085586198851 0.18669813332886289747
-6.4910594492478619344 -7.2811561884939086653 -4.1478551451593697053 -0.98036406180130042376 0.0074414812190604900238 0.19705565377759393098 0.10183342099166622918 -0.83662871489973600347 0.53822146721814367876 0.16886758332363743795 0.54771983510057764555 0.81944293366880627261
3.7061346790838785026 -2.0480212727159434749 -0.045773222256359352711 0.9709285736686923407 0.013251523135110354623 -0.23900230536214026045 -0.20310078296668929165 -0.48280497551148315871 -0.85185058993912499137 -0.12667981998773519825 0.87562763361833562126 -0.46607775150927377439
-1.7500966914036413247 -0.66424895109864878773 -6.6896645382243127287 -0.99947985210117096244 0.0022134335128207822604 0.032173373400750271411 0.023060892752085761226 0.74644875668699650628 0.66504319323316829493 -0.022543745682067219127 0.66543921912704362409 -0.74611153668747254297
0.1493343791752732852 -7.188047919951354281 -4.8220899233995968558 0.9001614761940249787 -0.0034391168835428897674 0.43554275249532464764 -0.39732910541154548012 0.40317393449343591483 0.82436664205796006399 -0.17843457840060919506 -0.91511690565751424575 0.36155518280180232171
4.9223566962919269585 -2.9244495860235057982 1.2441679710697481909 -0.84045176191503967456 -0.00062882344021325097677 0.54188600321015578665 0.13681094938304452779 0.96735740583485518851 0.21331294734561351278 -0.52433157450498901753 0.25341518099246657103 -0.81293120620369230256
3.7006018545176226908 6.4300106792986948534 0.38658204008979646371 -0.99940857131721172468 0.0036049763481629782357 0.034198124557430445436 0.017655417692458395817 0.90719888002949655714 0.42033139104679456688 -0.029509215574492316664 0.42068657717921292827 -0.90672598395402237426
5.835174784189999464 -6.3009910303692571176 3.5091737043961441778 0.94364078165121789699 -0.0021229084652251888413 -0.33096460303829983163 0.084335647990158177367 0.96851289020106656746 0.23424406074090217689 0.32004620554337653848 -0.24895436283382060827 0.91410729760969811064
4.7006395566417156218 0.097049655081344082808 -3.4048530051231185034 0.065587515680593885814 0.014146740706632261048 0.99774653470423735335 0.97766892686348305652 -0.20097582727652912871 -0.061418126771515611784 0.19965406891035394898 0.9794940462187207153 -0.027012334028110807777
-2.358420224090007622 -5.4584481569235991927 2.514347024290756405 -0.86106016169102839175 0.0018236567441185607113 0.50849982519627157096 -0.43286428012768385365 -0.52738243336603751743 -0.73109252763686083387 0.26684061335964248673 -0.84962606083679093061 0.45489739921091626451
-0.23553529837184519757 -6.6962138906751551559 -1.1222665986146955763 -0.79540518105755475542 -0.012433753954413349213 0.6059504927874892477 -0.16450809279436665045 0.96668462933699972339 -0.19610689638217018715 -0.58332468261844050428 -0.25566820131980638742 -0.7709514157727211936
-2.8141239299364229076 -1.5398705078842400695 1.7441509543173379093 0.99821682348501683535 0.0037074840064762843925 0.059577075069208881852 -0.012118388960378553496 0.98987202186713652008 0.1414444236218797557 -0.058449276817318027155 -0.14191418141625794513 0.98815183405815354423
-1.2489495271212913696 -0.29989897881514593347 1.7604194280957188301 0.90960701469850346879 -0.0057316286150411004108 0.41543017132212550768 -0.41343591866505335908 0.086328368767861818345 0.90643154948595461295 -0.041058738033756758679 -0.99625025027813440825 0.076155228656783549579
3.1514122725679616366 -4.7440371709824979973 4.2508972571020091635 -0.86711191875601634216 0.00018959214156417502489 0.49811332486277037912 -0.48524520094748374577 -0.22615376112183091517 -0.84462510694857806381 0.11249006759981275416 -0.97409159753344287669 0.19619262041710169853
-2.1769984920745160117 -4.0780135117598739214 6.3797232904300145151 -0.99717252691697411127 -0.0032459840898201256648 -0.075076062426709333497 0.0075771849760481535876 0.98963159351543439346 -0.14342906045879322274 0.074763211742453247743 -0.14359238386326880765 -0.98680884140065072696
-2.6432194887167455022 -6.1053490555389116068 -4.6931547716349335531 -0.9039927062361267085 0.016474930899335542278 -0.42723034035965906652 -0.40553231389883809266 0.28347946053989986348 0.86901262236858822785 0.13542794931557661231 0.95883678074214773179 -0.24958224784684113207
6.3887127473068048289 -3.2760420004989931897 4.176107485292157584 -0.98855750336751968543 0.0027900224076820028148 -0.15081869350512383532 0.13705582127372875623 -0.40100440342225512902 -0.90576551617463907373 -0.063006066300241511668 -0.91607187720779414963 0.39603352307392680753
-0.79677909970506766157 -1.9266398260562609401 -4.2113971220444454957 -0.83022077765128654558 -0.0053800458370768938776 0.55740875079514040635 0.53211613718936034978 0.29029135398807132118 0.79535108369987583821 -0.16608996627997663076 0.9569231865236373924 -0.23814310444468148042
-1.7126222208654553469 -2.7312113049403197174 0.056971154595329004389 0.99824171926707916391 0.0023474704999032220548 -0.059228027966943062876 0.058861980202155252118 -0.15694362944202489007 0.98585189783464222124 -0.0069812034263799591788 -0.9876047724468730582 -0.15680585524429652144
6.8334462000433138229 -7.3505746098558155666 3.1994390260425258354 0.59198802751438539538 0.0033609907580568147006 -0.80593974900159015551 -0.36509082767096312505 0.89262301489109285857 -0.26444818176184470282 0.71851156067954380369 0.45079136751691040175 0.52964920479701005362
5.2456542668414618547 -6.0153270985949278682 -5.8629837637821431429 -0.98210619635187967891 -0.0044776885766090544078 0.18827471787873606424 0.087423697836456260024 0.87463528085496444753 0.47683353755836554999 -0.1668068228338027148 0.48476084391048429589 -0.85859327278242503212
-3.4724108941323752475 1.7471108732526177132 6.8494949533309235079 0.99914730384748551284 0.0039288254964809929751 -0.041100237767072222983 -0.041021470480147273485 -0.018377877631767864514 -0.99898923546423723518 -0.0046801895193149707641 0.99982339337712378136 -0.018201040687050050459
3.8979905383336088676 0.20233705372091886909 -1.4351045905722064067 0.99177352951883335219 0.0045037684874242034372 -0.12792569020760352627 -0.12662688219229625841 0.18076900792089103942 -0.97534004248848105156 0.018732294358552083885 0.98351526772319930458 0.1798522151749786524
-1.3553529249585958283 -3.0718770161062054491 5.8339418506333551306 0.99967809754453884619 0.0023267385883204948216 -0.025264353884317376081 -0.020747487462166119832 0.64811095780169902802 -0.76126324496938113651 0.014602844026249657203 0.76154236432707589355 0.64795060327267495204
-2.8388807328458520729 -0.39952718449890761709 4.141857306938904415 -0.91012885257311493259 -0.0084530474615710469999 0.41423908278009380357 0.1889222003162669139 0.88134033709511983012 0.43306767650875926945 -0.36874635447899350993 0.47240634648326096379 -0.80053630140100406898
-2.1156130804174724247 -6.0582938756888218279 4.9441161091907881442 0.97236927540785611512 -0.0065382132717432374716 0.23335647411219437308 -0.17779732740635412203 0.62703536883109467492 0.75842913749547913316 -0.15128153426649021407 -0.7789633483047615492 0.60854745039959312614
-5.4161149216379138593 3.6836258264367307547 4.7513903291340424673 -0.98314553779102409337 -0.001567041627595760437 0.18281793101946153257 0.18132887159106680919 -0.13600902675996559554 0.97397196313207079488 0.023338634261916645085 0.99070635862514111469 0.13400081764847251997
5.8502961540521400963 0.78887239944751430532 -4.357173323744078175 0.95795226838604252695 -0.0024775873802938483403 0.28691690967045574423 0.16895641078494316734 -0.80334368895990238002 -0.57104522470902618902 0.23190770308187860782 0.59551051961247081223 -0.76914630486151369659
-5.3106126902630039766 -1.995914507353953482 -7.0190828182962672344 0.687661249495249427 -0.0075239607932331246942 -0.72599269690315204606 0.044984717902837687009 0.99846660038074197541 0.032261789776382533701 0.72463672353666441772 -0.054843759338298957162 0.68694525325081767786
5.869742387689043106 -2.1356816979670627532 3.7212382916302129132 -0.97351045104567823785 -0.0052541957808612347464 0.22858214088510331319 -0.18204144506769859291 -0.58708359286010947109 -0.78879260092375724778 0.1383412952902416948 -0.80950926395015954107 0.5705755318941333476
-5.101583518201183054 4.3461160187756977535 -3.8111070482378202051 0.91572696104131123818 -0.0094847260212224289433 -0.40168914946061090587 0.065594518156780620699 -0.98278074925221459157 0.17274072503932788591 -0.39641076172304751113 -0.18453194539600709101 -0.89933668284936418846
5.3922400890504791349 5.3529015057082380835 -3.5793141800314303147 0.95179299508809878105 -0.0043679294413808932018 -0.3067099862958730383 0.23941593365389340908 -0.61449544194376604089 0.75171494766498181406 -0.19175532642883030832 -0.78890827922049611143 -0.58382670525019408903
6.5178242377498145643 -6.8002877424597061307 -5.2517698260073846228 0.85410244972665316787 -0.0030021560257721385118 0.52009613768040807713 -0.32484157887957171296 -0.78403541336482462931 0.52892950307288844058 0.40618586140082668656 -0.62070883484051675438 -0.6706217923307867812
2.7427127460510947188 -5.734048960813630913 -5.3404200939079204957 0.99958776745621424897 -0.015715030375339909818 0.024027754205576359881 -0.028687430623327202228 -0.51312272626950172771 0.85783570636227257644 -0.0011517274384340477067 -0.85817137309865443306 -0.51336202422642196463
-1.9662573904630034072 -0.94353503513892955645 7.156374023175566812 0.94000456061009463049 0.017815382303266551894 0.34069640177959387151 -0.22255975276234260529 0.78889887612535569694 0.57280513239544128545 -0.25857026604494159905 -0.61426474373972606013 0.74553352849881748821
-0.76049448930885410469 -0.89780797495592135071 -4.7241759180326710066 -0.68980746330979081371 0.0062459039299701830245 0.72396591925730646722 -0.72357568315581988205 0.027993864495955141786 -0.68967715222128689323 -0.024574261078824436583 -0.99958858148472307104 -0.014790992453156376341
-0.11099310995389848056 -3.9893400888461894027 -2.0349672934063933738 0.13754024481003518376 -0.00011835653897084778656 -0.990496172152767973 0.77760606834185264091 0.6194234901464600318 0.10790432026885735106 0.61352382474968158999 -0.78505702076121075539 0.085287693238787112837
2.6229873597885560166 7.0550704154705279336 -5.2269059185839799042 0.99999705758403978351 -0.0021391692858802277034 0.0011440183783966578757 -0.0010348602401164617298 0.050351075548224148715 0.99873104400311074613 -0.002194057329957574843 -0.99872928922008630259 0.050348713653234886123
-5.5280226644365138 1.4916576250235997758 -2.7354139230039593578 0.73295492855017330136 -0.016796808563431263328 0.68006980519357995707 0.58621028584060597133 0.5228199095857000156 -0.61888354551980995222 -0.34515876562618863499 0.85227765978156766469 0.3930498914241913333
4.2801327602711856102 -3.2515626444771328352 -6.1883970236638328188 -0.49770559582608014937 -0.005697163770655594775 0.86732732126249856286 -0.7440933386469150701 0.51661565677051468626 -0.42359575843132080131 -0.44566157930066024884 -0.8561984615172926194 -0.26136172487692588273
-3.4235572667043090433 -7.0536490129238025304 -5.2799154826706491406 0.99964432610897135945 0.0012886267078051748952 0.02663758096026337327 -0.014850673127940415205 0.85653571980567910771 0.51587403327216285742 -0.022151270524494948155 -0.516086136355201619 0.85625020938754059507
0.91732091507759982996 0.23669625825813259135 -4.8879345121053630052 0.84417609204454902017 -0.0028437722981887189957 -0.53605842832620531624 0.53585586145077857001 -0.023518490277656334958 0.84398185784053658676 -0.015007377162320921157 -0.99971935740692907668 -0.018329895158796807864
-3.1789000256019823709 4.1058374121861174189 1.3256574539469092588 0.99940940601900074558 -0.0028661735246508189545 0.034243601008461063695 -0.030600790299678704703 -0.52761589660244023747 0.84893171532546152225 0.015634282642255879769 -0.84947822261770911112 -0.52739199700463268439
6.6219076103325331673 -2.4207555659029149631 1.363862418628255746 -0.9631491606020533558 -0.0039339682250570193883 0.26893906061689931697 0.26525797109072740687 -0.17939151245152323844 0.94734201534252271415 0.044518571454742222882 0.98376989644649937006 0.17382430106650301194
5.1488130357172883222 -1.2594400356757997628 6.6586409845803657959 0.99915050274919947615 -0.0054210280031041224724 0.040851992747124740712 0.035115838163536340633 0.63080065191465561902 -0.77514993095152218139 -0.021567354174550905366 0.77592599518210458864 0.63045515243706862218
5.1114791848140415098 -7.2975758089589435329 -3.6863794160843417202 -0.9549517213855641673 -0.0007044918533277155781 0.29676036378561904128 -0.28851698731974184664 0.23627491253227261847 -0.92786427549287042726 -0.069463356173407750371 -0.9716859932092792862 -0.22583439230998861302
1.5723372831479887068 0.68333849912079214217 4.1090667843929962189 -0.99933759932288335204 -0.005789773258136614309 -0.035928277236252831317 0.034950865853424301077 -0.42775352765147245382 -0.90321943986929742465 -0.010139011571068848316 -0.90387687109880976433 0.42767254101359541973
-3.7696149675900851861 3.4465225867354423173 -6.7899754191425447658 -0.86006094085426276763 -0.0074826621897513502166 0.51013644036019101247 0.50939184144050020375 0.043360102953020299155 0.85944159391180807717 -0.028550479693192590269 0.99903148661013418952 -0.033480723869631516532
2.5067200429253846394 -0.27522664190878387558 3.3675331947111648567 0.99996351580859421659 -0.0076401198219182373667 0.0038204215420971805728 -0.0078488343912550863346 -0.64530021908843637757 0.76388875043631920825 -0.0033708827258554941581 -0.76389086642899595159 -0.64533664186700878673
5.7790727048601793214 -3.7562980039407625199 7.0354729535867601697 -0.8344557120236869574 -0.0048317658348956248754 0.55105382560151594529 -0.33815800280002716871 -0.78507115662140380952 -0.51895321964844876028 0.43512392466219473874 -0.61938673950936684598 0.65347321070300690149
-0.83059383559658506169 5.0699142821502398704 -5.0850832917227624108 0.99547638398136351068 0.0040397356814302759487 0.094923387376185316966 -0.041761148763506492076 -0.87880205049659654293 0.47535561687746719084 0.085339178513155394823 -0.47716940029577614713 -0.87465798346106060634
0.0085506687215344129305 -6.8419363428695723073 -6.0433451543665217542 -0.97010900954098222559 -0.010629765382646740035 0.24243662614246785925 -0.20909065048604080772 0.54366885765759542792 -0.81283779014789481199 -0.12316496858588039942 -0.83923249537962751887 -0.52964064157889712003
5.5709719713459397994 -2.7556929321127170418 4.9507095939294849529 0.95124534827139206605 -0.0040843538438261692974 0.3084081799268720836 -0.23963935964633142905 0.61971773354237902343 0.74734390212353929428 -0.19417843520956248882 -0.78481414920144998426 0.58852483933382138126
-1.5059640690480562419 -5.0935126144734379494 4.5861560863057917459 0.99488123554311702623 -0.0018765067043040413106 0.10103368689149705428 0.098351406167935528924 -0.21158473237088237795 -0.97239853040430990205 0.023201897962972017203 0.97735785654495288544 -0.21031712289009646399
-5.7661211341869087477 4.2424378764745247494 -4.7776100582480225398 0.97060122573844964666 0.0055013849005847428528 -0.24063041237368326675 -0.22438332569397750893 -0.34107112945831075113 -0.91286505454016431127 -0.087094108557623048372 0.94002139306203158498 -0.32980963727635181915
1.6118029594804077487 -0.6123246202222951684 -0.43413005131871035269 0.96934696189394187193 -0.0012735278320168876703 -0.24569258351391512485 0.17761809043923326712 -0.68729179305783849596 0.70433074982153198729 -0.16975948107714813884 -0.72638032002677455079 -0.665998009953604031
5.4334340815330604002 3.177442462828383718 -3.5017788751069263142 -0.97730338086093404559 -0.0063635585249976166222 -0.21174892415423832159 0.13325893761856424935 0.75855435603825738244 -0.6378380237020045973 0.1646819883969645737 -0.6515786936803059648 -0.74048973567450737665
2.1011714229877500593 1.6910893201570038613 3.716973105767898744 -0.9586474012943443368 0.015950995991718168454 -0.28414912584507029392 0.25963349750799930016 0.45792628833206450167 -0.85023171043316247975 0.11655731192584765921 -0.88884705106183958812 -0.44313125917198226134
0.65932127244921212572 6.9859455682299262946 -2.4035305449031700853 -0.98282183554507096535 -0.0042652042365179422545 -0.18450758143973339243 0.13810609295125889084 0.6461731520587861155 -0.75059107685096781992 0.12242526971853105733 -0.76317892108687246377 -0.63448403269352582345
0.089609492963534792542 -6.0321671625538320072 -2.3051866147710913246 0.99556714128852785706 0.010046146786055903249 0.093515464610924137201 -0.061202974010224640844 -0.68577184025406923151 0.72523870490116537635 0.071416126742795529858 -0.72774724874039520284 -0.68211705651730081268
-0.87829859680304112057 -6.9661102128985863402 -4.1604477282158907059 -0.9776833291289112049 -0.0069653473442337866459 -0.20996854973995859872 -0.0025345717609769422701 0.99976855515440632427 -0.021363802811567862705 0.21006875990850074065 -0.020354853498820775493 -0.97747470353438081769
-4.7041939910134917824 0.95596216101431497059 0.4608807357801007476 0.94407286426100800458 0.0052146920290565956096 -0.3296956686901469924 -0.044706512864623924874 -0.98861789500298236089 -0.14365230728146036188 -0.32669214051377676311 0.15035778884659953269 -0.93309419709890251138
4.4988437047062399543 -6.9465997813587119225 -6.5867633750930583147 -0.99958164122017745257 0.0016617393249027685026 0.028875268967424903149 -0.023695055923866923525 -0.61954568033753354417 -0.78460288955612156325 0.016585742681330860326 -0.78495884516161018585 0.61932586296893910038
-3.7040836373724363995 3.5214343188712713406 -5.7019986018068813394 0.96749097989651111629 0.00087688363538169274841 -0.25290400331735252148 -0.14500086458379399246 0.82123587215231963476 -0.55185722026643602156 0.20720992516967412511 0.57058818193629368132 0.79466544756013401951
5.5160344608156695045 -1.2073974173372419294 3.4022828058801679596 0.99983056797987746034 0.009017435860436070344 -0.016047466576073039779 0.0045746591645791385289 0.7227142977169063176 0.6911317648387073076 0.017829969897216392527 -0.69108807667765659311 0.72255059507785190931
4.696015397644188738 5.8105286175567654183 -4.1935017129730089991 0.86483306591620801029 0.015583729509724775567 -0.50181761176004024971 0.48396387060219964171 0.24005279602907056424 0.84151864332910697453 0.13357671971465556737 -0.97063474205967636976 0.20006363351965883446
6.1752559316730684102 6.3671872081231617457 3.9087015221448084823 0.99996793971636821485 -0.0024775225454679600939 0.0076145532652369301088 -0.003634469682903877525 0.70690905889125588146 0.70729511032353820088 -0.007135136264752321017 -0.70730010910467244756 0.70687739070572286337
-2.1915131631970181658 -4.720165902298159466 5.4879849287078599218 0.92017521967586568543 0.0046937496372467775799 0.39147865051465507991 0.11002768016679434493 -0.96272849186056919102 -0.24707845020739371833 0.37572792641955427007 0.27042895494776220122 -0.88639534386999752069
0.71581262988367422295 -0.92837062185975727235 -4.6599074847189481119 0.20294192088971835242 0.010052994227226639407 -0.97913916991030014447 0.97917338384548613384 -0.0080433970287252451459 0.20286642929010753611 -0.0058361900474747721579 -0.99991711710093023058 -0.011475966818747657117
-7.1118250206777329225 5.3708976554152592087 1.4779983591824168432 0.74632858221664732934 0.0031992952412678056506 0.6655699902161852366 0.65114513636235304972 0.20360691278456846676 -0.7311321607329180905 -0.13785375859253720665 0.97904749097088616949 0.14987445301181245849
2.0226876755389171514 -2.5406011313383425332 -0.32081617772758930229 0.95024303107143825997 -7.0293201448324953151e-06 -0.31150952128393621932 -0.12060711729271592074 0.92200007687405660661 -0.36792632618843890135 0.28721438884276978554 0.38718969277950088248 0.87612329991091886239
-3.0859937143596636311 -2.8776595735835797107 6.7638248803864131631 0.98095466984163659507 -0.0067333377542769827159 -0.19412006047427718403 -0.12583272144262419578 -0.78335556269425787868 -0.60870369524937928407 -0.14796642163070597431 0.62153738790077250886 -0.76928357158544391492
-2.2083145555207113198 5.1958417398324865388 -0.81093021128671316511 -0.90499549919147115329 0.014195993208911766859 0.4251842191568692142 0.084805410017788657173 -0.97336370288368412318 0.21300503360332925795 0.41688270397671789436 0.22882651875486903492 0.87968587316131119369
-6.1569677555371411515 -2.276267893610059101 6.4334417662268847948 -0.94813000982520778681 -0.00062084590388140653994 -0.31788220934663341533 -0.1476519229655513521 0.88643920998965963776 0.43866209847372233943 0.28151091295604147025 0.462844619222482212 -0.84055128596866524049
0.85421720895475705682 -5.1792974497162740377 7.1260737301148955325 0.89563071248177428263 -0.008780646060329263744 0.44471173485107823309 -0.40324734066814699185 -0.43797090686317663444 0.80347561692032132274 0.18771576679513030106 -0.89894626368667307492 -0.39580096753335952675
-6.0684557249255579592 7.1457984430163064005 5.8248667904102013892 -0.99986630990532421315 0.0063493099837891395915 0.015068131236751304558 0.016323589702577172983 0.33405262309719446767 0.94241306517950640398 0.00095012391874726379731 0.94253303987952608001 -0.33411160710142251418
2.099685704675373632 5.5001096339951711656 2.3596990793631009709 0.97775166034992833097 0.0038268765962477524489 -0.20973088875603418391 0.05678319585677459036 0.95767546274027925968 0.28219386374194671552 0.20193404703318335036 -0.28782470894768746872 0.93615147148748778516
-1.0614851972475034536 -5.7192497155537393994 6.0184820592406431672 0.9870025792867309633 0.011478345251662988233 0.16029396767134673762 0.019069482441775316428 0.98203344023466665469 -0.18774098407184638959 -0.15956899235421645455 0.1883575585187486634 0.9690506523541302375
0.59761546359815398421 -1.2273234525489862268 -1.2740288224401428163 -0.97174101355003006386 -0.0018077525464165805288 0.23604265422871575919 0.19348752446937886318 -0.57889039183709178893 0.79211646373077393424 0.13521087404239173768 0.81540336415143466198 0.56288131366329363647
-1.5801289776227191997 -7.1727582795731619214 -2.4809013289849497497 0.93418007103795563939 -0.0092428196429475712598 -0.35668216266118468738 0.043759264859006705151 0.99508571173017457134 0.088823156042805273547 0.35410834728177775776 -0.09858497144831483705 0.92999369986566504664
-3.0999889448201760622 -3.3445238672526125256 -6.1959533739357341986 0.9994537023237511919 0.0081945718132121064814 -0.032017899745114902776 -0.016204496421515002247 -0.72283449643642772031 -0.69083116972037650338 -0.028804708070323821467 0.69097260419953143717 -0.72230682472117346826
-4.7004179524603451057 -0.294700751448692011 -4.3893736155380462804 -0.96684841655953057682 -0.00050447013546174243603 0.25535051381629408906 -0.093264887714978289557 0.93160847986695383138 -0.35129375308924243315 -0.23770948680234990635 -0.3634630459206107389 -0.90077123296326899737
3.1520093672247657679 3.8938566935024918614 -1.7947852087398867837 -0.94962738114689015934 0.0050846915425950354323 -0.31334004354378264257 -0.13270077958613202274 -0.91232548271514768423 0.38736638559095076806 -0.28389846789530637228 0.40943419434689365399 0.86704400143606985552
4.7521539611462886299 -6.9278088355772755591 -0.74313070147120030562 -0.98542266602561356947 0.0011012278471531854705 0.17012041788172355128 -0.068896669384133385483 -0.91689000725066704955 -0.39314878042747369857 0.15554876479999368843 -0.39913844953981264529 0.90360006632806799676
6.1677123410724785657 7.3652140336812328414 -6.6274205907892893563 0.36065847711296084022 -0.005862537488512359167 0.93267952349162930314 0.91778766438383063697 -0.17585793428255674931 -0.35600532307072552118 0.1661061889014886217 0.98439809914692788517 -0.058044090177674208253
2.7922822828052011879 -3.071868530728178559 -3.5978350466561739296 -0.59899686856851597216 -0.0047316374364246190087 0.80073738707037622753 -0.78121803836429293266 0.22297707319937179471 -0.5830776975340717927 -0.17578716670820346279 -0.97481220572717075523 -0.13725900912525637598
5.8884411388820181443 0.38144104119703792222 4.1262973745846478479 0.84963217301504345702 -0.010790493393647005577 -0.52726533721651047681 0.3965789719636879096 -0.64596892725868881868 0.65226471927633145054 -0.34763528240674063108 -0.76328743620516847912 -0.54455670058994132265
-6.474961542567396755 3.0640143147746252694 -4.7730931252461186176 -0.97509734756487864704 -0.0042922457893236889634 -0.22173574226532707931 -0.06371364156932632361 0.9630869032207657332 0.26154194448027662245 0.21242818704170124411 0.26915644794551862873 -0.93937695941479359973
-6.2620127887671621636 -7.373143946054628195 -6.0634780096819493878 -0.85757522716485523606 -0.00019947465204661314966 -0.51435852278651772451 0.51431864706495933337 0.012125161591972594827 -0.85751344580579280663 0.0064077324011819576308 -0.99992646762964709772 -0.010295644673447202147
-6.5182656726776198042 6.9902441481767034759 4.7757091691486266427 0.96157557400208848453 -0.011062611777617234465 -0.27431739664713672422 -0.27272834414565044758 -0.15310125918378256205 -0.94983117170148534392 -0.0314907253358941569 0.98814858349193179787 -0.15023551897218889728
-0.29546442166726805123 2.3354712470529808144 2.9915970459111287383 0.88657229413106641847 0.0088193040061731349522 -0.46250598607589366029 0.26636174573782339658 0.8077057738422553923 0.52598745546751779489 0.37820759866337350097 -0.58951980694341288292 0.71374043568707967733
3.37048653036887913 -4.7274734167097740567 -2.0184624534264199447 -0.98702531766048051676 -0.0090675601839720551545 -0.16030845782324704141 0.07297285362508605655 -0.91466989281517563359 -0.39755999523497304038 -0.14302442075101082231 -0.40409994621349271116 0.90346402725232832776
3.7361737634584777368 -5.0924870388432976753 -5.8873091483146584579 0.99977563554697912451 0.0095418273209870070606 0.018911163317766828407 0.020512918734345117477 -0.21351469470234807346 -0.97672447256695749118 -0.005281924995173506443 0.97689325347115407716 -0.21366252032299265506
-5.498429890296939071 1.8844436123692640539 1.3128847360634536834 0.99925848962229946171 -0.0080833525210755076407 0.03764479153232290487 -0.035717296696406553025 0.17051258168880159549 0.98470794360685987012 -0.014378652029832348844 -0.98532234263605533719 0.17009742933966290335
-7.0048444442778361463 -0.99414908479660513141 -4.7823896236681147087 -0.99644659650682421148 0.0062432487566592038963 0.083995250788079331428 0.031829613558106831239 -0.89538606216698524154 0.44415163556814246659 0.077981125990359376199 0.44524692196816051393 0.89200567401067354378
-4.3927934057876161233 6.5457613337138447207 -6.3631484372021951401 -0.93912066662134474626 -0.0041345179994293247694 0.34356262789418628989 -0.077443556716657438455 0.97674365007385022253 -0.19993583361561945155 -0.33474597689550017465 -0.21437058520564158948 -0.91760033955465192257
-1.4011533603081474109 3.7722756357410904826 -6.3114825212488527839 -0.64371735483310410508 0.0046939145027065833776 0.76524893613346078869 0.18513253465300963385 0.97123313006546319048 0.14977366816707798902 -0.74253209472699788218 0.2380843846830816013 -0.62606861770131760903
-6.0090846353696489857 -6.1033247878483836146 -2.989202196265764222 -0.97842547844919380839 -0.0017432443230504844969 0.20659270127663253991 -0.0469550936782359013 -0.97191955329189039237 -0.23058100768836350958 0.20119344497079857947 -0.23530691241051349127 0.95086899974319138984
6.6037985270733967624 -5.9825546071375761414 7.0762450799553446856 0.91994141563931797201 -0.0040526641693404072408 0.39203490623246162183 -0.33378625566750391718 0.51643468331439323915 0.78859492351748294858 -0.2056563330390276112 -0.85631699374886860454 0.47373693005488320962
-1.8634784994036004413 0.72328630936704196852 2.7933697046217380588 0.7557638465531570926 0.00088579085987000984528 -0.65484366349366007753 0.42824695043415844653 0.75585328568632514923 0.49526796783271265223 0.49540443850159965322 -0.65474042634606655078 0.57086724938561306253
2.1406606095206002216 0.78654321601791488128 7.2057637363645392625 -0.64081254424288847105 0.0051447741698860084344 -0.76768015113042153974 -0.70055476976061725747 -0.41289657757243347636 0.58201325654542979127 -0.31397818030320695515 0.91076338723490624094 0.26819350246741346933
-7.2072991990663695105 2.5290808749767235142 5.2524992773392469303 -0.97454208069335246378 -0.0031585604605663007358 0.2241824178066490203 -0.042965089475048540146 -0.97873821636412006164 -0.20056296994894398655 0.22004939001102141738 -0.2050890716838755512 0.95368586999681481675
-4.2887671326276164407 3.3679636714061080838 -1.7910920164277430722 0.93825738230174493548 -0.0039478405229187701203 -0.34591545081354024838 -0.23453018150881374537 0.72779695335027105862 -0.64444331686774336543 0.25430037065994043344 0.68578131299216382732 0.68193497654320867074
6.4058074666783015871 -3.1635929526660180322 -5.4608993618201022713 0.4375937451859994165 -0.0040375873439040862317 -0.89916372928554522126 -0.62696890624936174596 0.71542834454325920923 -0.30833792244993601939 0.6445321596093989136 0.69867444615692109178 0.31053552697997599541
