1125 14.717824617146108679 14.977075390850430381 15.033177056927090831
-3.9646526843180445177 7.3661957409412535114 0.3763212627585822978 0.99966750597615505747 -0.0028400552415742993766 -0.025628335521164766209 0.0014516925185823663716 -0.98614044691064217663 0.16590633368198098863 -0.025744321397004131524 -0.16588837528050651149 -0.98580843821838937124
-1.2468143498333257302 5.217331580276247216 -3.6330455751359087557 -0.99531328083137726725 0.010231279355259748076 -0.096160251265404381171 0.055771079664373550411 -0.75162072946504832061 -0.65723349405783904054 -0.079000377680987360351 -0.65951618627691566132 0.7475274846887589586
-0.78672124259074960317 -6.4403155704938823689 6.7740116746298175698 0.93455504622958918137 0.0017127814870848585838 0.35581446281210027394 -0.31941787716954828102 0.44464316904234657546 0.83681818333997881609 -0.15677718364335568868 -0.89570615639481354631 0.41609061042673989306
-0.24405117235120782349 1.1130476839054515015 4.4124471605589681289 -0.98839022373848284264 0.0085412781918573488227 0.15169644750309219106 -0.01350214336085914929 0.98953065282926877533 -0.14368987172341646241 -0.15133557989736379223 -0.1440698916430932508 -0.97792709778341135873
-5.7277932409709544359 1.4379458063802776913 0.55289307344902294261 0.99565509364475246468 -0.0076376048786777773342 -0.09280410277057588031 -0.06155908312130931731 -0.80176779952446419752 -0.59445678979302585265 -0.069867115187349906891 0.59758686618551870584 -0.79875435747043133095
2.4252343257222741535 5.8830149134072202699 -4.1654340119198396408 0.97804960742242041949 0.0084931702655161485371 -0.2081990189212232778 -0.12353557646473570242 0.82827048894047494709 -0.54654090285893308643 0.16780323825378162805 0.56026410130327353176 0.81113883523254992625
-0.96102157209263072701 -4.2077317881322526816 -3.0956731003386588341 0.99402115864793716415 -0.0055872957546782711993 0.10904457018291728587 0.076597501766994008365 -0.67603097227474140407 -0.73288126408606779627 0.077812331177559382334 0.73685202493550039371 -0.67156111744597468682
-3.4546262371845579686 -2.3304267731374204153 -5.0646016607656667574 -0.74487244965641496997 0.0018344460511314623387 0.6672043679043511144 0.22901665952607427879 0.93994464448768355602 0.25309175205544293119 -0.62667088922524738503 0.34132198890001380631 -0.70055898858758036685
-4.8890703893770997013 5.7482152950181033546 1.0027440374649310151 0.98601611213389794841 0.00078814442300281610521 0.16664814862685597974 -0.030052988145946507581 0.98443501934713817381 0.17316036089870256998 -0.16391779804488237904 -0.17574718066425082386 0.9706924765200611871
-3.8263699822743086898 4.469318870620961448 -1.2271375809576872129 -0.93974426203500427413 0.011260402838523145969 0.34169273521708770636 0.32923187350683691399 0.29912965180504524909 0.8956158913720673187 -0.092125433184414740051 0.9541460342835283992 -0.28481265741129152547
-4.6432514344517032967 6.8172269123970439253 -3.0801781467183779739 -0.98772575366548498454 -0.017585351827421519255 0.15520499652737235197 0.12416126839817014094 -0.6912816349473384081 0.71183824048330446299 0.094772437848341370414 0.72237141179982600203 0.68498009346157395782
6.9327785741575755907 6.386307831031130533 0.49036038179392316128 0.92353991071864915963 -0.0012391814005687890824 0.38350032299750347331 0.1943363833216188441 0.863605995472638166 -0.46520753938547426687 -0.33061670167615841986 0.50416579516368831282 0.79781542198653310205
0.93652480363503054495 3.8728506305497951701 -0.81965643805504107 -0.91390540819164445274 -0.0019652590562805310331 -0.40592245889443784312 0.076323169364717766139 0.98132142373056252538 -0.1765871941725236649 0.3986874448690770345 -0.1923652803508036635 -0.89668496152184717918
-5.6659463545584536348 5.1442033623560003974 6.3164478227899980567 0.97199105565049792599 0.00043189303622984289007 -0.23501744872236712824 0.15526190238587689318 -0.75188272520582566383 0.64075432827620348863 -0.17642882248398908396 -0.65929673213623429806 -0.73089034033260924517
-1.7166087703060333158 -1.9347956807108335209 -5.3568142720052085437 0.85389574889696484572 0.0035821771599155740294 -0.52043176115841383034 -0.51901956652381220358 0.079797046452214678847 -0.85102944775305378045 0.038480379170159714763 0.99680469470416477318 0.069997578776881286267
-0.056910248615298406061 6.1168758776611964478 6.2374379468665628323 0.98192344139693155114 -0.00059540492094738162177 0.18927757587255181204 -0.18783168138209377362 0.12034175423658163839 0.97480106773452546154 -0.023358396870837676296 -0.99273234443130919935 0.11805455355628269309
-4.1337608280507689429 -0.62765651505602015892 -6.1964199789144327468 -0.99551482341643116047 -0.0054443423820840714314 0.094448904145135154087 0.086465887907906976984 -0.45749050596999629725 0.88500061422329134864 0.038391230593488534506 0.88919783855078748935 0.45590933016358342611
-3.6160079018478001878 -4.2388693421140928308 5.1975038352587343837 -0.98029398893400865322 -0.0028301112406178417953 -0.19752388648015631323 -0.15684306683630491741 0.61905218062589173478 0.76952884939286692045 0.12009974040458798461 0.78534475750005350303 -0.60729701483055198441
3.9245241879209493696 -5.5867730669028565771 -4.6725621781622743711 -0.99578952464074854678 0.0095269735243573589606 0.091172689941021831106 0.051925174501843633645 0.87826052261320219916 0.47535484711125697288 -0.075544681272545738393 0.47808753507561729812 -0.87505731808653575143
-3.2682310699368115614 5.7780041971054378891 -2.949414587959589884 0.97338580452579404056 0.0090471525660746569125 -0.22899394004641870914 0.11497640570407879901 -0.88364485180194773939 0.45381956988999355707 -0.19824354132972205056 -0.46807042730154457821 -0.86116756407048022925
-6.894678948681783659 -4.1724850715039485394 7.1549071010348663791 0.71804434790243187869 -0.0012642079272134451769 0.69599620417336771627 0.69387307696886035835 -0.076769741061063601073 -0.71599340773165109919 0.054336612915762576292 0.99704804730551355174 -0.054246878814459095763
5.1895404114241872051 7.4557003771820946625 -5.6215055411073047154 -0.77171215885058064288 -0.0044009296762045485574 0.63595674043116401375 -0.42987224760671421953 0.74055822977886942571 -0.5165107540452101853 -0.46868987040415399647 -0.67197778246361583587 -0.57338962778879054571
3.4860945321994250001 -1.95681756898440673 -2.2711116137969438178 0.9729677866054097235 -0.012494613915549526717 0.23060262542166773403 -0.22228250613459854534 -0.32152191368760624224 0.9204423645645823937 0.062643225450180931024 -0.94681969964812451312 -0.315607798800069006
-6.1507241196627351343 5.3841312488450823182 -4.3922703053971758891 -0.93517900799510655929 -0.0050052138642791236395 0.35414004410622301755 -0.21505787763206338226 -0.78643931416542578461 -0.57901926945776205358 0.28140776868057953974 -0.61764727229157523336 0.73438512699879665568
5.4969061999529573725 -2.3341712534756049457 -0.90858435816660254591 -0.57206293756451509491 0.003661325904659093293 0.82020155459352783733 -0.26756164344464783422 -0.94612049731060798852 -0.18239180772698665445 0.77534170687659176302 -0.32379406921884840154 0.54222010135782450213
1.1234010766256810054 5.6963512470611679106 4.7348006400265019167 -0.81388219208739798205 -0.010181741148798838931 0.58094071087336029979 -0.48528487595277641775 0.56175115878311066009 -0.67002554039181205781 -0.3195220909020579092 -0.8272435963807587278 -0.46214030950844686707
-6.0557387136184530618 -6.4196347610686128604 4.0576559657558055605 0.99663895274105362976 -0.011243849488663701722 0.081144153998078130674 -0.064161547695157472582 0.50871088958656152101 0.85854325844043311022 -0.050932245942517100079 -0.86086398848179712662 0.50627966546018499105
7.1907292189500724433 7.2654717423159054235 -5.9971221856713299303 -0.83847703877810786377 0.0062360056432501425813 0.54490124580092069717 0.22848967691313137873 -0.9037671027110738553 0.36193575617963835711 0.49472085359924611314 0.42797913067211013072 0.75636310111169013926
2.901118159141840902 3.9706991489747918145 7.2637188357411517359 -0.99277856937201192089 -0.0046118397240480311222 -0.11987261209367103265 0.1173067145758931451 -0.24637460774456163004 -0.96204921255310538175 -0.025096751008962067675 -0.96916370319624800533 0.24513643037245680389
-6.2829844771554670402 6.0037546425764514169 -2.358591102861657518 -0.99305228169589809806 0.0053260260699568903048 0.11755338899756168081 -0.064946318814626341487 -0.85785090383938067404 -0.5097781894650424972 0.098128189073910160323 -0.51387105408672728579 0.85223670319982303134
4.274857581237280435 6.2583049036609583737 -1.7002027624279243412 0.96764086619736089379 -0.0051126396014250083052 -0.25227963647709500394 0.25113196446270541484 0.11688127804484343963 0.96087018023650128118 0.024574183400859046789 -0.99313273420968339877 0.11438304835624313327
-0.40410576181481061564 -6.8937530672686415656 -0.615866838315532239 0.98496167614666729762 -0.0060455081274662899118 0.17266716061261841442 0.12444242748128449272 0.71809740225391749391 -0.68472637098244926168 -0.11985232064956034825 0.6959163546775641862 0.70805073866727541443
5.9769432192344718047 -5.5299868869049477738 7.0778240386105402138 0.98483243303312317796 -0.0022308271465128299768 -0.17349381042668005071 0.10633699070070236348 0.79788288588208666763 0.59335937240865177511 0.13710405995024219084 -0.60280836409818672195 0.78601816322432638273
7.1022931163908609165 -2.3874149936356281465 0.9102277121077777533 0.87576372653769674059 -0.0049958680790809246314 0.48271413547053587667 -0.34364999011287983288 0.69581780902056211691 0.63066810680838503167 -0.33903182678962173746 -0.71820095930874772172 0.60765516740316272148
4.7468287940299784822 -0.92213051526010902936 -4.7872899301507887415 0.87004147212246374377 0.0022013704409333300152 -0.49297362074985917602 -0.44127568780516090996 -0.44234016430928796426 -0.78077586181368441309 -0.21978080930579962926 0.89684465377626532145 -0.38388287647913360567
-3.5487655401251765319 6.3546679014338032232 -5.9793553239660415244 -0.94732752972549727488 -0.011427742766257169976 0.32006242847179394717 -0.28975316158984293358 0.45630574372514026704 -0.84132524839807942829 -0.13643187594082856195 -0.88974966981653813569 -0.4355822175990909928
1.6116739819709713366 -4.3502006120470229078 -2.8651779657681468727 0.99997198951941201894 -0.0044393359245382792502 -0.0060259831693001983735 -0.0025784464952292888637 0.5515037764215150462 -0.83416840997865526752 0.0070265062640735885882 0.83416058219578759214 0.55147688194558108776
3.4389364890336047154 7.0749797319366738435 7.3452843483839700411 -0.99853669152332713566 -0.00047709148913662108912 -0.054076317046379981934 0.02363958215568428417 -0.90321165836849026665 -0.42854389546788279608 -0.048637905352666273295 -0.42919514509248579692 0.90190125933603548791
-2.1134093839074701293 7.0290628143215627688 -4.8235274395143505899 -0.85846481222696124913 0.0097523628244981785951 0.512779735936846226 0.28027257628629387298 -0.82840263747417930418 0.48497046632528584276 0.42951769364007535978 0.5600481779679847838 0.70842119477376908065
-4.7096412519625747706 0.67030601935331546315 -0.43228849966559668161 -0.84380357626320501296 0.0035915431542571599893 0.53664012662432880596 -0.22627153114158987668 -0.90912619635556268793 -0.34970094837569037916 0.48661763108251948617 -0.41650529398532898373 0.76793659972808880898
0.19807670302488145087 -0.78253865071232742157 6.8741930922748242239 0.97825514587879147665 -0.010137703719004083347 0.20715717830914806563 0.094409855739112757966 0.91109284648029775777 -0.40124382142480746749 -0.18467173227380490053 0.41207651238037940056 0.89223836458837368912
-6.6710735933698792621 -4.1731998116073176774 -2.315513017285979025 0.89087560945704369342 -0.0018090568539234005985 0.45424374050483945497 -0.45367324305782824601 0.046716457698322888525 0.88994278530335446664 -0.02283061558339860922 -0.99890655213262835588 0.040797832033833261733
2.8124367275323498561 -2.1430938778937402844 1.3320758403820869287 -0.94193285228112955121 -0.0066535822069990861738 -0.33573535952802174842 0.28342635960521983529 0.52043811089417169047 -0.80548970906508554624 0.18008886826933864778 -0.85387346988461709785 -0.48833195364709147679
2.9018373118876725769 2.8819583425712531621 4.3635408923676317627 -0.96779952801727064937 -0.0094734967379805565257 0.25154388569220548222 0.1561056976213096581 0.76133930994885989918 0.62928011751266665907 -0.19747173149527078029 0.64828443447773576036 -0.73534495801227706124
2.0061718406425304018 -6.9154594357176772945 2.3515846727264371196 0.83789254602386298298 0.0044285682909564914531 -0.54581724881182502873 -0.3335231489443783448 -0.7874254376726843585 -0.51838546393986240091 -0.43208609146306869997 0.61639400377428799072 -0.65830087473378318119
-3.0175267429966838861 -1.4905636631701963957 -3.0238806063036425265 0.95674317912112394335 0.0079104152656580099812 0.290826261770895933 0.28618169907868107327 0.15434829228816329683 -0.94566201138682703942 -0.052369116067843328455 0.98798483287857818969 0.14540785977454234734
3.8336153916711155354 -4.3344032354624308923 -0.80753297764934428571 -0.88325680716964893868 0.0050664420231891788698 0.4688621799139559565 0.41930829500628746809 -0.43899084368125795841 0.79464935216920240535 0.20985224880221214905 0.89847725086907415104 0.38561724980013872832
-1.3069850980539778895 3.6837312061790217221 -0.14969016087224173983 -0.95535495114460111665 -0.0027140264965310498084 0.29544805192058870569 -0.066159237955631805539 -0.97260159234251708504 -0.22286564967669433845 0.28795810903089746891 -0.23246241982922749569 0.9290001888107749517
-5.2456320931221425141 -2.8888584451789376395 2.1289135755184567245 0.94800887332280836528 0.0017310814494266406338 -0.31823918592502187241 0.29296457105206996641 -0.39532786519729001817 0.87056742364211836538 -0.12430179487631515256 -0.91853844903499193286 -0.3752814696130419847
3.8515726156748484321 0.5785185983630839468 1.9434339549596553187 0.95662487353618541608 2.1945878624137632462e-05 -0.29132258898049961937 -0.17496066899889975432 0.79961272403267824593 -0.57446345042006063952 0.23293264184180770271 0.60051602067168907695 0.76493326067126221623
4.2697787285551580538 -2.9429955239668723621 -6.6881451086719181376 -0.94824430384755564738 0.0058528809198546633344 0.31748776985170257259 -0.07966091636231192874 0.9634723321982501254 -0.2556857514466489012 -0.30738718031955575283 -0.26774392406452057758 -0.9131409050643538583
-5.8505281437521636789 -4.7858300169836169857 7.1909683489641551546 -0.73546324641443361347 -0.0035918219260830733242 -0.677555098858384941 -0.40030966320027522309 -0.80449845613404902256 0.43878742874715387368 -0.5466680772847427594 0.59394388025576227985 0.59024120525816892169
-3.9649570847895647674 -3.6471290897155772548 -3.7481618397155256339 -0.29102286670479154962 0.003068544578181274865 0.95671117642115821589 0.8895739908186103273 0.3688800431368330357 0.26941720181623746155 -0.35208494133378182012 0.92947194568185476093 -0.1100822250702635785
-3.3376487474744211958 -1.7843846446329831856 3.7164011808508776724 -0.74535839227754185909 0.0050987558124892546491 -0.66664448527715070014 -0.38741275474131831036 -0.81710578457585447687 0.42690689181203439473 -0.54254237117965820048 0.57646521100747161181 0.61101197694719622255
-4.2845308693242705189 -1.1297680533901510724 0.5106712334342773385 -0.99258163796662146616 0.0077635638389136028825 -0.12133185504269602961 -0.067277898969652319416 0.79616688692218473555 0.60132518031341986031 0.10126883173915603165 0.60502728471134692434 -0.78973831645233616428
-1.2309746219736747985 -1.457321451229034448 0.29051937880177824969 -0.9999740587770823419 0.0023227136834424091244 -0.006818120997154904217 -0.0070873202065097748101 -0.48617925221202684671 0.87383036374959932591 -0.001285171225006213197 0.87385601772812893095 0.48618310194335911945
-2.8249995476620166635 -6.5341781906559681659 2.3141555611206854337 0.89706327008092212605 -0.0047457731885376403663 -0.44187664241110741203 -0.41602913371206556858 -0.34620069066057945761 -0.84087147750938173729 -0.14898741347654734235 0.93814847408232115988 -0.31253830357668610507
-4.3442156843319930104 -4.4462099187084938023 -4.789934276582455297 -0.68621009366724250444 -0.0065618376021417427688 0.72737380323773581647 0.71931110485406579702 0.14262086154449665765 0.67989030312691889346 -0.10820000823904842024 0.98975564264090420963 -0.093147872103874485017
-3.651275387815339446 1.6941161829572894959 -6.1151494782161499586 -0.14480850030114025828 -0.00091800790603087378816 0.98945927430188618246 -0.93686519539789514521 -0.32156212011382101501 -0.13740963779872997219 0.31829876514472599247 -0.94688803993374170975 0.045704878711099579391
2.8681745286415964991 0.15048357022538894068 -1.5864681196900192184 0.93889039030770327088 0.0011531020997581614002 0.34421433053156802462 0.33106553522262593958 0.27074350443190614568 -0.90393227965127098678 -0.094236120333488451739 0.96265083242232463157 0.25381672218553297249
0.27414544539177465587 -2.2392612479066689168 -6.289550803560330472 0.52828379810007308759 -0.0090111500810719606658 -0.84902003971583628328 0.65789013379755434396 0.63646837493473684688 0.40260225975479418947 0.53674649557939346778 -0.77125015843242838987 0.34216427721366077241
4.5586050933801534057 1.345069035817400227 5.3219940957063629483 -0.95177392094720514315 -0.0067040669065684069944 0.3067270103717764651 0.22731806416704483653 -0.68682966995506855579 0.69035606912138858249 0.20604101802322521975 0.7267874929828738173 0.6552305235072918288
-1.0705447282025470912 -2.3009191052624364815 3.5289205078965220075 0.9137513374866286231 0.0069086144512275956403 0.40621516993809070328 -0.18675270369826246775 -0.8808179394403290452 0.43506687442463704008 0.36080731825015371905 -0.47340471967077996096 -0.80355836781819478531
-3.8406437024605399877 3.1830400106448011321 -5.5522781557326013058 -0.99220214724024802244 0.0050323304537324056035 -0.12453744281183565246 0.1238201700477304934 0.15414708958077200096 -0.98025876189051330822 0.014264098333300752677 -0.98803509574503334267 -0.15356817728544924773
0.67435020723721295077 3.6776825440461360373 5.8337622815312109026 -0.99990898092083579929 -0.011559858287977153521 -0.0069569785295575774231 -0.013073583612031515477 0.9575633102732830082 0.28792635904002550351 0.0033333594824530342685 0.28799110488838974842 -0.95762728251638218335
-5.3141232444783312872 -2.4399270525385667874 7.2771871557780194451 0.94780014867326822792 -0.003609281476645482406 0.31884455658247662369 0.027809302347967603669 0.9970614828481658698 -0.071379563768497883425 -0.31764999744683092286 0.076520405827998266846 0.94511539327962379442
4.0025848220217898898 -2.4989584189441766959 6.4812241932398659827 0.97928702400720257781 -0.00013844563546607955781 0.20247692570762540476 0.17184944106297533883 0.52938541907004643683 -0.83079410667280351177 -0.10707331234971835532 0.84838143479731920049 0.51844406339896575986
-6.2561134905245676663 4.9769326355557010899 -1.7482107018388362007 0.91655067504010467871 0.0025254929249053799899 0.39991059246924226533 -0.033409542949709609971 0.99696801931256473495 0.070274966438605535046 -0.39852059234558367962 -0.077771398042870296119 0.91385608665859952016
0.87959003817423786487 6.0155943787991148497 -3.3063055271735839469 0.92686860888782585111 0.0039445357101973730143 0.37536518551453762482 0.23262982076746602234 -0.79082441959636406992 -0.56610962176929036094 0.29461491535226180805 0.61203037343578070573 -0.73390794630101918727
4.1815468351136644287 -7.408479586232366465 -6.6422331409473960306 0.99958325938107062125 0.0085023334188690583013 -0.027586552729120680794 -0.022297044849592304733 -0.37955293812561569089 -0.92490129686970512513 -0.018334376346638092681 0.92513095153421442962 -0.3792051860897016069
5.8288076761596609998 -3.817160985224646641 -3.1874597045646431148 0.92683670408770180149 0.003769475370739495089 -0.37544575508482186388 0.37213048838101026039 -0.14218735322416625744 0.91722497578320449918 -0.049926181239134725942 -0.98983258566207543705 -0.13318719453590471824
-1.256542201169062789 -5.4547387868726371352 -4.5990897680399323022 0.89327329851512649039 -0.0088409956003885868669 -0.44942702517391674988 0.34530848415369053139 -0.62661181202929028267 0.69865562890231913684 -0.28779309396045799074 -0.77928138295623894383 -0.55668272943082330872
-0.71503633715223779976 -1.0276692931041331303 -2.2415063565005310942 0.69858457392251815943 -0.0058416082179779411226 0.71550364687455692003 -0.48971996710315174317 0.72516202103347759955 0.48406032379350433237 -0.52168376138989203117 -0.68855349745973704056 0.5037262493041501088
-2.294342899484624887 -3.0692828306680066675 1.4824704796941825524 0.93808091278542438118 -0.01065044009613909555 -0.34625246453045216422 -0.16237058887091418424 0.8694135027135113658 -0.46664328257149229051 0.3060065243378684019 0.49397037302367557965 0.81385089398330523469
-4.1366321634697529319 7.4729512835625335754 -6.1341381162733350507 0.9556853144925865351 0.014400022179591001961 0.29403778502851596333 0.24488261505218972269 -0.59325160263055509713 -0.76686702942662010596 0.16339548496961481261 0.80488829991346766413 -0.57048815952139775298
6.115311843841189976 2.4792694700855819612 -3.494392666136962422 -0.99913612218546921095 0.0064703502328742655905 0.041050504405590826362 0.021902333500640802644 -0.75748934731198980241 0.65248001999735827372 0.035317094038405022483 0.65281545882161706729 0.75669325330155778886
5.9229749878118900241 -2.2373848841285495226 -2.7488638945632599686 -0.98783166578593550877 0.002013801122843868717 0.15551380863334191007 0.13909207614372956496 0.45881269633918314588 0.87757865974062887471 -0.069584440966693153485 0.8885307278214940041 -0.45350981388755517987
7.1139787304025459136 6.9902223059162187369 6.6913862547825804228 0.6984146250701741554 -0.0017805617783201513338 -0.71569116320373027396 -0.3866573511167548105 -0.8424371062684864464 -0.37522768395898076221 -0.60225667643908487037 0.5387917515901660126 -0.58905886302051713166
2.3734663350972247109 0.42223173041887041013 -6.5962315121058345824 0.66689111746206219955 0.009478560136932521335 -0.74509488949261881707 0.72354316225783288363 -0.24731083017185009898 0.64445530925711336234 -0.17816152727283404711 -0.968889833870382855 -0.17178754326892489712
-0.93733570103014962616 3.4744846745898545493 2.2855130490215125327 0.96085503121422188855 0.0025751473844472850573 -0.27703966792903866878 -0.25290787474609238705 0.41641973721796288199 -0.8732881593991509428 0.11311593999840134639 0.90916883529479108894 0.40077027465494624581
7.1664330052677609473 -1.3169226106504818841 1.3567137479247028953 -0.96649795690785289537 0.0044690224191076023674 -0.25663539726905937322 -0.13229233672626139473 0.84814092565315346572 0.51298704454960719623 0.21995553399795594873 0.52975182686877442251 -0.81913525439505086023
2.7118713396970570706 -0.88896078799249067526 -3.5250724576383496434 0.99300882129886614003 -0.0033074932402530599594 -0.11799381895301581935 0.092638206408283893523 0.64133920468013938532 0.76164439685047069517 0.073154928310482147946 -0.76725034052043150634 0.63716188793358929932
1.9213772666502482167 -5.7424364760197441626 -5.2740672933662970934 -0.99810128648830087617 -0.0035588250081017248558 0.061491110537866426611 -0.061107308946097602109 0.18246706739444537582 -0.98131119738334371405 -0.0077277877807109401909 -0.9832055248426380123 -0.18233808492736860996
2.0066277109375398879 1.0415218956908769421 6.1929365202283808145 0.57342400960316119995 0.0066989761244060919143 -0.81923136471297741679 0.80155731678451103139 0.20215773176253931664 0.56270606838547498896 0.1693835089962800744 -0.97933006448671933164 0.11055248379207933962
5.5995677672758281673 2.3851461581198094564 -4.7759158132779946371 -0.76553719122223307103 0.0041343380234843615795 0.64337836154522043408 0.13599700732771385914 0.978424628341094893 0.15553154231025589915 -0.62885421430842403101 0.20656271179619473122 -0.7495826994014389566
3.7633538303190623431 -0.95270455393002340116 -1.5345190739751009001 0.98919258474414317739 -0.0054539410731598318358 -0.14652059518679425021 -0.0043144686656412375644 -0.99995793904729657342 0.0080935465933414611067 -0.14655857411721842642 -0.0073739177576047816587 -0.98917450921960647925
-5.6263707559527924573 -5.8526832462689224457 -5.4680649620593895222 -0.99771953668790192005 -0.0029237872381420830503 -0.0674327633988163061 -0.06618000089707319622 0.23870681982538097254 0.96883397011571181778 0.013263996105263778716 0.97108728013345868568 -0.23835595392246206048
5.8234650261963540885 6.4496225575730656843 -6.1807866221908094317 0.99032865067710773577 -0.00043035235875678616232 -0.13874068777716211387 0.12940781101835374667 -0.35771636575330084673 0.92482031774811990221 -0.05002781321892489641 -0.93383018609874113292 -0.35420107486489438298
0.58283316493224823773 -4.7709994371464201635 -5.7308607027110616272 -0.69592777457421484133 0.0058384032806443643404 0.71808804865649555893 0.45357430254655994872 -0.77167815663329009102 0.4458510677841739378 0.55673592002451177674 0.63598642723097909002 0.53438411253744244611
1.0705871651767826513 -2.6613192313713680548 -2.375824802898552246 0.84383604859943850407 -0.017980103708886072122 -0.53629976594701733728 -0.34005983110558157811 -0.79103905216169556613 -0.50854353719556466551 -0.41509039299007732815 0.6115013767978580983 -0.67362157909451991777
-0.7968818605449332626 -3.4864646139367603261 -3.9804806768221268065 0.9378388663816110693 0.014954930367944017228 -0.3467486276278894386 0.11992387666317620709 -0.95149877299152707533 0.28331669347537030701 -0.32569391230136607307 -0.30728884628863301076 -0.89414598385075827469
-2.3490300527386680507 4.1604713472620424852 -3.474172025811264497 0.95602471249726150848 0.0052792498137537030578 -0.29323860355666697686 0.001724572797942549229 -0.99992188572408746694 -0.0123793496888359323 -0.29328105111501562297 0.011329252908163743585 -0.95595913776976271237
-2.1405795257391910802 -0.63741812947558129654 -0.32251051590946400172 0.89102448539248035875 -0.0073043312734980461037 -0.45389647847894121213 -0.44650331487836486533 -0.19452674925331403522 -0.87338086401505166112 -0.081915543297333456851 0.98087001716311361665 -0.17658950477507523447
5.2631823947100837557 5.1461260312530630046 -3.4669406015442385538 -0.97164710462968340021 -0.017748932711714696109 0.23576869905093500446 0.069011714904701398909 -0.9750451859633594287 0.21100774520266207812 0.22613997273925820486 0.22129586692294886396 0.94862471610859966376
4.0134815990508112549 0.57496829806944194097 -0.30157943963835076584 -0.88072015627253374959 0.00048774180243417019492 0.47363674735315108855 -0.46885338245550706171 0.14086778234798871812 -0.87197062660180768567 -0.06714545476325863016 -0.9900282975775779315 -0.12383641588943092304
-3.6396394127649704942 -5.5590578865916340234 -4.0879587921953017826 -0.76910638949798171282 -0.00053158122368830371118 -0.63912055126938249749 0.10836582673489110473 0.98541200181973898076 -0.13122512818002804447 0.62986681864463023306 -0.17018491146751862919 -0.75782906164866004062
1.3714786169632726676 7.4272509662212735648 0.18557470739715328789 0.97575009307616178411 0.0063498060850215622131 0.21879542002658253219 0.21217672356446923287 -0.27305314048954970607 -0.93830859553033763021 0.053784698933448386871 0.96197799477506451549 -0.26777890829780931492
-0.24285268137525156673 -5.1607594926991957607 3.4609792545488686777 -0.98058303767463483869 0.0022919760192090291549 0.19609093061844312667 0.11795459983708447838 -0.79193307166044624168 0.59910660352548428254 0.15666403097758138663 0.61060360042871630881 0.77628578792955094112
-3.5546247402129571569 -0.70463138464312202736 -0.86493566827258661078 0.89908926821882451108 -0.00041021790863738586547 -0.43776514193685617249 0.034168520674052640929 0.99701460049923418261 0.069241595780291431694 0.43642983395807177782 -0.077212162983041121578 0.89641914410544487612
5.1206468814546788337 -4.2025180608708971874 5.5614006460905747176 -0.99984065177161662863 -0.003221522561788327764 -0.017558270338702053337 -0.017401534711342519363 -0.043522816509260889295 0.99890087147461026351 -0.0039821670726473924404 0.99904723924119576139 0.043459821788837067758
-0.34244031384645412519 1.9715326673481494701 -7.1492099880916901711 0.74745988485425385317 0.0079767612833101173009 -0.66425905474675028817 0.66426963302098440689 -0.019572926355876391763 0.7472367464198025333 -0.0070409644114459973147 -0.99977661096539049979 -0.019928697570618839063
-6.4493447514075441518 -2.3606153992172420608 -0.50692951035224698142 0.90171934281570575997 -0.011182599102072232275 -0.43217725098537285167 -0.24473969327048417099 0.81085320799300608652 -0.53161974909263143285 0.35637720091195240757 0.58514273862429055928 0.72842519595723875803
6.4702526774730566572 -4.8909637785227904061 -2.5303199680990196008 0.9966347622182528676 0.0036772379330056855981 -0.081887903010111159907 -0.070285561273921673409 0.5523850977514912497 -0.83062063763102633729 0.04217926759225167771 0.83358093890357043421 0.55078464728249731941
6.8327575015048900298 5.2871706077956330816 0.61541381047280518946 0.99944996060094548618 -0.002861377687353923796 -0.033039200542386792936 0.02344156634114809637 0.76567013359984936738 0.64280614455733020574 0.023457817933973119928 -0.6432270664632450119 0.76531606003453511722
-5.520813211452765934 -2.721251651450657949 3.2487458767352279665 0.994596191887284653 0.007345705905902591773 -0.10355894788974027987 0.031610181418562262323 -0.97156008874056121183 0.23467379571871796462 -0.09888989591452650163 -0.2366791806879010307 -0.96654216354746447237
1.0865237129243952019 -1.621573978599643695 -2.8885779190741969202 0.95699461450155720588 -0.0068838992701482429326 -0.29002399856872518313 0.14539293943363718054 -0.85372299375806814936 0.50001794276972666431 -0.25104222947109461339 -0.52068192004294333586 -0.81600743695304966963
6.0667363332046138069 5.7505341665828710873 3.1981306563373466112 -0.59695014488390873986 -0.017913681994051820767 0.80207831570267162924 0.78458595726623336919 -0.22183465100018034954 0.57897691083174152027 0.16755715497626150201 0.97491973393354691702 0.14647905039030645336
-1.2748886181053527 -2.3328160760409346608 1.9817145677555316752 0.98984421950046508343 -0.012190134359774340567 0.14163270012825565636 0.12453048019706905447 -0.4061585041801231144 -0.90527754251610559333 0.068560780503263085706 0.91372133066179828109 -0.40051560427809973497
-2.50582857106152046 -3.5530494071414810975 4.9411213102395148411 0.83217951680780966051 -0.0097834549913991125658 0.55441999947144249283 -0.47476764947151511853 -0.529137279554022677 0.70328473494125975929 0.28648373570018526024 -0.8484798308708512149 -0.44498207355417951359
2.5674221074676712995 3.1189094179561940301 -4.0870492731714236356 -0.93989482398451562606 -0.0049174704729526338282 0.34142867239192875584 -0.19330810389311001152 -0.81657777341251780445 -0.54390506243092717753 0.28147770216559792056 -0.57721448219254223311 0.76654663571811820777
1.8258165718210221939 -3.1041891107551413675 6.0299221162496294824 -0.99433655361476247503 0.0067254658379207335819 0.10606406674584815952 0.10306368398709726819 -0.18253423706518320802 0.97778276183513268549 0.025936368065126835791 0.9831764950447303697 0.18080731291432516894
2.8140851652065812516 -3.2995950706417214171 7.3193256571432581126 0.90497663057497390593 -0.015991361711556361519 0.42516064547873821944 -0.42472550910477901986 0.024788022363110451263 0.90498275998106769702 -0.025010798245638711512 -0.99956482045837113937 0.015640641712530985868
-4.2741824709351323719 -3.9133011140712286036 -6.9360595470051054079 -0.78143091564720112974 -0.0027205521107786611971 -0.62398583530951012843 -0.61987507081557369215 0.11806202265079593361 0.77576817116255980533 0.071558512086511275041 0.99300249617194757956 -0.093943716895505249842
0.47532085587192474119 6.5039435354287062907 -0.27711899471508028014 0.55046119086316580571 -0.0073092842700477255943 -0.83482875592357597139 0.61210498197328877534 0.68353972043218635957 0.39761909113510834901 0.5677323034645371802 -0.72987671901158990284 0.380736137827754062
-7.1492196712495958977 -4.7528669599094550691 5.0526007547867459735 0.99869009727893998107 0.0027422496698732770626 -0.05109373409633830021 -0.024577133558506859823 -0.85011879974481252553 -0.52601710126806278112 -0.044878214126760573865 0.52658380756266498501 -0.84893783017937896052
-1.2994715154666069967 0.32035184370657887598 2.8094978235251497622 -0.99991722268940907981 0.0036721971465906002099 0.012331372068477241405 -0.010218538189320249682 -0.80903810233039086253 -0.5876673637823094376 0.0078185194409979598407 -0.58774472685490342094 0.80900865681903377791
-5.8932941854781653035 -7.0855943729143344711 3.0256828966125377534 -0.82234448465891107904 -0.0029949821587699019393 0.56898205475478169646 -0.53722382179191685569 0.33353801460951759683 -0.77468894280836786415 -0.18745696532906311327 -0.94273189343107977045 -0.27589212249966310608
-0.43861094566745179035 -4.0579742804506704346 -5.9959565629882316529 0.82360335266269046883 -0.0036870110270478435865 -0.56715423249094687463 -0.5496332335960680826 -0.25190377339848757376 -0.79652231448613730613 -0.13993150470664122986 0.96774526343318967303 -0.20949529611250514161
-1.6318528494546438168 0.44337746883568995848 -2.9056609022176775881 -0.93187934950488771069 -0.00021538259040114905024 -0.36276828910022046459 0.1508490708094483157 -0.90967339541011060788 -0.38696107235609528141 -0.32991731661467615933 -0.41532429172077200974 0.8477383422402686719
4.5917711697167993279 1.4122744465754144549 -4.8482883613857339355 0.93612254530823402199 0.0029806048692221178732 -0.35166133731222043446 -0.31122004693198934699 -0.45861458341368133151 -0.83235494007540100636 -0.16375793890152820498 0.88863028300582458385 -0.42839182715341916907
6.6238964908677369081 5.4895490091924008524 -2.6672998403290848479 -0.78823641771963126601 0.0098362299738666107707 0.6152939121757383667 -0.33312932700512587481 0.83387205309950906962 -0.44009345660739207506 -0.51740525825473970833 -0.55187013657153793922 -0.65401158330017850062
-7.1801293468233780004 5.4461777748234281304 -5.9179530493437919603 0.95762453407504577463 0.0055162402012188561928 0.28796670437990828928 -0.12257719303738978667 -0.89694625587269649625 0.42480848134534138216 0.26063400293216981707 -0.44210517433063256654 -0.85826157513059575521
2.1500900704789929208 -3.7947286405487856698 -4.5489602725329785216 -0.99405538558373007785 0.014296749841966577277 -0.10793281862315544373 0.10193448790979942054 0.47050917950027104641 -0.87648757674055854938 0.038252458307249999347 -0.88227927265125172251 -0.46916951572266885062
3.9832822454276524127 0.19283671307526037419 5.4770176728023125534 0.42373417551877806675 -0.011965559301081583887 0.90570755428451277247 0.62422395784947104502 -0.72069671649566424687 -0.30156374662625162753 0.65634883937141119681 0.69314721973268966781 -0.29791464017859736746
-7.0848133739725769331 4.0340704616295637308 -2.6899696842094713567 -0.65757689577032030215 0.0033688646147503236231 -0.75337990210795791057 -0.10195899226443870533 -0.9911880595756020762 0.084561187616489452701 -0.74645628810092778949 0.13241933886666656939 0.65212585338152284642
3.7520368371901633431 6.0757699532303242052 5.3499935639930038533 -0.94440688913614134758 0.0086075957474996082214 0.32866630044432204594 0.32438209505889981088 0.18733542709322267839 0.92719021465990347775 -0.053589963216084758602 0.98225828937776682448 -0.17971301786812138301
-2.2980939624552814138 6.3198541900153371031 6.4257578113924349594 0.92871124471354482566 0.0060156858148119034951 0.37075495339488351298 0.34328670689632578839 -0.39193519066503035297 -0.85354615761925400896 0.14017724783618834561 0.91997316147952257204 -0.36605972374270712155
3.6261681489762325192 5.3784005066287532415 4.3238240710599669114 0.84717047867451067411 -0.002744363802974636099 -0.53131407710480216267 -0.50822216021192834212 0.28745978159803980967 -0.81183564213020986688 0.15495940091473137112 0.95778877756581726199 0.24213269427572731152
0.92337724652680297499 -6.0294808890157760572 -3.7940526616388519088 -0.95484248996752640881 -0.001357579909627685058 0.29710936762332212924 0.26837528946393490736 0.42510943060294986706 0.86444009394378673594 -0.12747754060175373048 0.90514094426733282539 -0.4055482063243132651
6.3602763381164537648 7.3535760429825085538 -3.5193873663996182444 0.98713575504806216898 -0.0067006393206404599172 -0.15974386541717910948 0.15754199606171953585 -0.12963170665940759729 0.97896687385502800804 -0.027267573830984499772 -0.99153957160625527667 -0.12690846053800702853
-4.0428469651473912805 1.1698929579719234972 -2.9889464713115097005 0.98344946433405899811 0.0058533253015857497972 -0.18108807162178500172 -0.076313700306627707537 -0.89311337176736182997 -0.44331109202881069375 -0.16432702226448514526 0.44979355681601457251 -0.87788517814143729456
-6.5137094193295572708 -0.96236973090402133657 -1.8432688476673189104 -0.97923627021268244697 -0.0073874134405806811052 0.20258764331168671591 -0.16414438145734297492 0.61534695824948160148 -0.77097648667716212056 -0.11896616803077435243 -0.78822176263779131222 -0.60378266269270486344
-5.5542946582133447819 -6.5718566420134001405 6.877267386320000675 -0.99921961458169916703 0.0072702529671599992744 0.038824029375742225012 -0.014930694223156092126 0.84046487764375610308 -0.54166028451176850833 -0.036568240389595080275 -0.54181725043516792972 -0.83970044118461917293
-4.7084837748608263652 5.0021449728178417615 -2.9098875633704097687 -0.86045138441453117295 0.00010935726256482326694 0.50953253389771346882 0.16939275025394684437 0.94318318400153555725 0.28585237025106857711 -0.48055125764128059362 0.33227318498150582027 -0.81158180075805741449
-6.0400662318284847885 -6.3874449352409383707 -3.9338887033487770495 -0.68431309933406070378 -0.0036661500339309057925 -0.7291790873467354217 -0.72772230033762697055 -0.05994441655988518719 0.68324733480238830641 -0.046215102198383962995 0.99819498409240259296 0.038352810347827691329
-4.8833676477336327437 -6.9501036400290656658 5.8427633620861110231 0.93937326681042443433 -0.00148829906276875569 0.34289305995869107102 -0.063362878454924817517 -0.98352270186813062214 0.16931698244431528377 0.33699111447605689662 -0.18077853820637804216 -0.9239892363486030824
-0.34749624197688855354 0.68316351398431696129 1.7759087171710341568 0.97840657506980521774 0.002155161615431601136 0.20667832285624559985 0.10598488054209910525 -0.86370865342292413303 -0.49272159187409997338 0.1774479612639684456 0.50398682252701898499 -0.84528663999997544209
1.5598992401280047382 0.022191774035122149161 6.894261719609400707 -0.88041377297260792201 -0.016921002228684964286 -0.47390428152069830059 -0.43150988310982463236 -0.38583961712746739359 0.81543056763496390982 -0.19664894898928067524 0.92241068377289203717 0.3323969333836794271
7.0131763528094035465 6.0064879124608268057 3.4816051811405670513 -0.48912320443638940271 0.0046023258850954110177 0.87220256218281666527 0.69330759067673031204 -0.60470434998490452116 0.39199136957245567237 0.52922875544687753013 0.79643673176576035289 0.29258410193034534164
-4.2446712387271574585 4.9571588170429548015 0.17034993397732545173 0.99976498050684092789 0.016321321238993369979 -0.014268784995157580975 0.0029877443024883942185 0.54816856069278374619 0.83636254247304397946 0.021472241061604106782 -0.83620861245328270694 0.5479909664609123876
-4.7711404773426764336 -2.7864109262618623752 -2.6688233209055098882 0.98196215522380525531 0.003721791753705255227 -0.18904093200812085995 -0.15708058293712726106 -0.5404452424236687591 -0.8265861300590010563 -0.10524265376968167107 0.84137095754964219552 -0.53011215381250764711
