1125 14.717824617146108679 14.977075390850430381 15.033177056927090831
6.8104965506252810314 3.5909820756254444696 6.2476157085784036482 0.97075619662554346601 0.0082383001377115353675 -0.23992610763298316545 0.15415846802064631094 0.74473871901760602121 0.64930686669214476847 0.18403144690677702977 -0.66730530554369282825 0.72168972262500996617
2.49690769739209939 -6.9835408033160195629 6.0071590811101556184 -0.85355009757916422419 -0.0088605714228283949385 -0.52093542900885358993 -0.27340732666746531132 -0.84350767799716941386 0.46232372952763961527 -0.44350948653571309332 0.53704402746321078244 0.71755351571790482179
-0.36130133254620505623 5.3522163362497829908 7.2276524451961368101 0.88811840673419673031 0.0074840760877259767531 -0.4595537881738596675 0.23940578546448210151 0.84598173168867185634 0.47644493861851500149 0.39233985969568252461 -0.53315935540342918042 0.7495402165593687549
2.7365119640133683809 2.9082984590388996082 -5.2014123652334145476 -0.854962440829039938 -0.011720031425498331559 0.51855748537171952872 -0.51455145333933693941 0.14520212683927119501 -0.84507582158505301084 -0.065391334578545040612 -0.98933259484597402267 -0.13017292397934540626
-1.511773615378476876 0.21675925600739515131 6.8978987037296120022 -0.4204882308586334605 0.0098864432373032135049 0.90724412698541345712 -0.26585938709993106599 0.95470596086429193594 -0.13362377999846758447 -0.86747243990814848491 -0.29738659440250891919 -0.39881421673434480635
-0.57020806807682655748 -3.2488782258501620603 0.37288500889847880915 -0.99968319556497142742 -0.0031594095732871141369 -0.024970515336266416173 0.0069003467263219452066 0.91967706305447061155 -0.39261493209817566186 0.024205241582457251437 -0.39266285516018051283 -0.91936390426066394443
-1.9412842099345797298 0.80452122289376337694 -0.63912696557889203675 0.99855257774726646769 -0.0043176543465329314531 -0.053610701685428779895 -0.011166579459576986971 0.95841003864011942159 -0.2851762706415351678 0.052612327238342956881 0.28536214832166467703 0.95697460119269439627
-6.2981760919229259343 -5.8970535632188463282 4.7740416181060147949 -0.9997968196355196957 0.00049209601429770974401 0.02015135946714417467 -0.019762055986483600262 0.17308549071280815435 -0.98470852238006556512 -0.003972479081000534519 -0.98490668123737268314 -0.17304059831070300879
1.9873937119921718519 4.6617188666699576061 1.7561161395091999804 0.83934978405166649207 0.00040540705190596128954 0.54359155223167066051 0.28688253414956849108 -0.84972757861591030615 -0.44233635814790511764 0.46172540715491316998 0.52722184873611399603 -0.71333496381633154648
0.89070928115363989797 7.1830830867121759908 -1.8645411605921375919 -0.98401141528552593662 -0.00885463797915398039 -0.1778851595104122274 -0.034884268554659564332 -0.96983683380170071509 0.24124594008815003487 -0.17465572534336315513 0.24359415261428826738 0.95402162785600186368
2.2146185299424621107 6.9439878636724596817 5.3176912339662063545 -0.93249384680851343798 -0.0016468212208292556248 -0.36118210593013672094 0.35010171071574963664 -0.2499532875327035164 -0.902747000108898634 -0.088791991858407290361 -0.96825649599240770637 0.23365645754041614035
3.0403229840689980357 -0.079774639129244567792 1.6420128955643114033 0.37176127176469003777 0.0056723315277233902348 -0.92831103702957251667 -0.23748491785041322966 -0.966125287996276505 -0.10100911685362977399 -0.89743772519845965707 0.25801114810994002502 -0.35782087256261085884
-6.6397281516250936662 -6.9150241884651473256 -1.5857520394546789078 -0.70784917502754418628 0.0043577290066828620191 -0.70635016501078373707 -0.52228149420991343277 0.67003056658287429848 0.52752353563670828507 0.47557500588101475625 0.74232071912527386459 -0.47200462258189523901
0.77102396621930613385 -4.7799289766897024023 6.2978823003186477081 0.99678773022338507115 0.0046300408989539756921 -0.079954884763161107597 -0.049240427296606707752 -0.75191684524991986294 -0.65741648758543169695 -0.063163289938635541754 0.65924170116192581936 -0.74927350030106742995
1.6434741556655765304 -3.9065948699415682377 -5.8962008001709911298 0.50687887439307266479 -0.013457131568253078921 -0.86191224164877555669 -0.099212807074441466959 0.9923228448197628504 -0.073838950163262168092 0.85628886808502646666 0.122940136890900234 0.50165236681876146374
4.641769272182211914 6.5049892749362534516 4.2235810984021391334 0.83047225423501502828 -0.0011183461997757509435 0.55705886964274253792 0.14153909918963447634 -0.96675702790021855737 -0.21294960062429174608 0.53877872855778607963 0.25569434547372832389 -0.80270659854409642797
-2.2460481600348374265 -2.1810509676437805915 5.4683819265217037398 -0.94066024643688439522 0.010510403929200473269 0.33918701653003152652 0.24087774095369449134 -0.68336369513723727032 0.68919661496664152978 0.23903182776846512714 0.73000245998057455843 0.64028133951888055453
3.4466662766453786126 -1.7582341637256058142 3.1916516488040240773 -0.94301356657805213146 0.0050390134286383003737 0.33271612764260538597 -0.1314664761844417662 0.91289693169576591192 -0.38643985009345521719 -0.30568280764461464027 -0.40815903817547277699 -0.86021173013760721116
5.9632284792230443315 -3.9360089326103593343 4.0525189365266012231 -0.98839495449849512632 0.0088790032438130737924 -0.15164622390015489173 0.13586446581752711915 -0.39483446518560183502 -0.90865097371311565055 -0.067943070654126774821 -0.91870937102167593569 0.3890460522188686765
-5.6947873428492643555 2.3732228523278280363 -7.5066050455862365354 0.36589566348386065586 -0.0058480636895443640147 -0.93063750386207266807 0.56536100417966073106 -0.7929174746566040044 0.22726375280049948557 -0.73924779228402981435 -0.6093009753275975271 -0.28681879831743695153
4.2413830230082023576 -7.0100835043106215494 4.4996975385671555969 0.58477951002021855142 0.0058520746622457561412 0.81117117668386240492 0.68433787459503159223 0.53336804698610273956 -0.49719231676369290973 -0.4355623928385189414 0.84586303836748855112 0.30789790884065287857
6.4844029130059865906 -4.8292099500541807444 1.5869563621045694735 -0.95049168260614491643 0.0037336589721963424696 -0.31072756731086531579 -0.23288104636470657871 0.6534931021336098933 0.72021745584783547489 0.20574736824638398258 0.75692326246092345166 -0.62027025981026706614
5.2295620866645347036 -1.2475705744958538457 6.3076969907404230042 -0.049482263085427045934 -0.004476618516894773428 -0.99876497011391640601 -0.81248915131964960512 -0.58139869954780587502 0.042859434806692249531 -0.58087252011760659443 0.81360648476447516853 0.025131719429001542904
4.4144959718999006171 4.595024552777190685 2.7732555654843360493 -0.79971890156090164048 -0.0045913079617203259725 -0.60035705907197800535 0.53971825896204284057 -0.44349702800835694161 -0.71555194576686687036 -0.26297125209662075562 -0.89626408275630375933 0.35715096882380586996
5.3315454020442958338 -3.101362567391972469 -3.1791700749143521065 0.9363734583128897615 0.0038328581056760058915 -0.35098440957663357143 -0.21894656077554394691 -0.77518346550475869527 -0.59258163853813583533 -0.27434859229027847016 0.63172454757343876608 -0.72502203132151321618
-0.73733374955711650234 6.6158802252749699946 2.9735860675973153633 -0.94414062113709606994 -0.0020091425646747186617 -0.3295367215727156851 -0.0051738874031986986646 0.99994853462012678325 0.0087269124042144326225 0.32950222822899916109 0.0099444183905610279706 -0.94410242565883550903
-3.8960462546278269436 6.2012772112232470434 4.5422657046487859844 0.99178911417091997205 -0.0066761394321296560483 0.12770975755393615403 -0.04953611864301774026 0.90061946180857688216 0.43177628230535292087 -0.11790049178006599406 -0.43455726224967433646 0.89289386819715921284
4.8544794358747731522 -1.4897422148471106684 -1.938524712052303034 -0.80635539702287051256 -0.0019996580581714881036 0.59142791197207622567 -0.068499680349864769391 -0.99294875653774972157 -0.096749990604978616804 0.58745107667281681874 -0.11852750000633166527 0.8005326128636687244
-5.2440389263401510078 5.1580634283772210935 -1.548332286846072936 0.81013243475839646912 -0.015032207454349078013 0.58605415354866974287 0.11161011045337579373 -0.97743278269932531988 -0.17935534156864654798 0.57552464881805109886 0.21071114836119148039 -0.79017225372650079507
3.0982802864658554043 -6.187993979556243751 -3.4305423701945740866 0.87740545625141008745 -0.01149446856123633072 0.4796118665469211173 0.43888499769245337134 -0.38451221742192370767 -0.81211471692959824598 0.19375144938976365805 0.92304833667895891391 -0.33232836775339907875
-3.6800186256625684322 5.7236419012450845401 5.7928750165513172021 -0.88004528901068701519 0.004089630665689578462 0.4748721556493156748 -0.44569631188681740896 -0.35230904545840963094 -0.82294175617637421727 0.16393622802940810423 -0.93587478404381452268 0.31187064903625599799
0.75654030564641139289 -6.3844089385642623924 -3.277000720296978642 0.99783172184683277539 0.0066683193811727008507 0.065478152028101005433 0.058545630134608839246 -0.54446581901210766574 -0.83673734296950008638 0.030070983830350703908 0.83875652333928107929 -0.54367566663163435781
-6.2031857783651709326 -6.5478396754202670138 5.6854784786400340835 -0.90411205124203475325 0.0082618588555607823387 0.42721556676603406055 0.080561646961145039203 -0.97858632339235829267 0.18941654813743685759 0.41963224356325673492 0.20567097354184391 0.88408609920331182597
6.8063355991939085143 1.747225436935030185 -3.1210468111912499367 0.99785940794994165692 0.00024581030535698877859 -0.06539527156598703983 0.064933672842322598395 -0.12238806239508738527 0.99035588568676935495 -0.0077601608940531703607 -0.99248229292038547822 -0.12214204084765109548
-0.87862752840414437561 -4.4305646304189076901 7.4640244648856102216 0.90962061738017230272 0.012202172496280331779 -0.41526068851185637953 -0.27815273498030451682 0.76034562278397832547 -0.5869459855354924871 0.30857963066278376596 0.6494040659709724439 0.69502012247162447967
-4.9735963328430745634 5.1877285174016876113 -5.2570558185656715011 -0.98787929776372018775 0.0038001739422974661897 0.15517748460289884638 -0.15514648186218468751 -0.055765169069987310935 -0.98631628552117456277 0.0049053252176527277484 -0.99843668031397603269 0.055678839678143160485
-6.2923049008960303397 7.3338591111414750401 5.6850142331836801546 0.95516969784669258914 0.016861339889423170024 0.29557832047117948981 0.20251963469206679669 -0.76546140609045432157 -0.61078198512240977625 0.21595519414823971527 0.64326085766436913449 -0.73456029236355990797
3.6082426029906753406 -7.0781510244942511534 -7.0583983206529739007 0.7780071434976261191 0.0019720067161930268651 -0.62825233454091811147 -0.50541103270789133894 0.59595838724960814581 -0.62401385295842248802 0.37318168856982536497 0.8030128964445890638 0.46465655645849596178
-0.5740060590373525784 5.0306319594256860839 -4.8760172984429823728 -0.91145780455526181907 0.0081025493003342129172 -0.41131377221059467475 -0.23332106256861459559 0.81327494404382338899 0.53305266827255892714 0.33883027060334164338 0.58182318111717279407 -0.73937529958565240129
0.82671210604118416931 5.5478164622100587522 0.97570610422313974741 -0.67656882085341407684 0.012729504689257851308 -0.73626937350371168822 0.68293514193265525414 0.3848051976348643155 -0.62090623429509372855 0.27541645296250105712 -0.92291002789200393686 -0.26904062491385632994
6.8681688653724775051 -2.4154611523464462053 3.7078427383873120426 -0.88186053347506632161 -0.0036681347919287690673 0.47149607027662343572 -0.11734609135505423561 0.97021425814091000195 -0.21192967735460765955 -0.45667482341684645375 -0.24222063926737408268 -0.85602410454959942943
6.6006219643955272858 -6.8738107043105927119 -2.0967264104093614741 0.15623931788687098199 0.015358549839278215488 0.98759981292677867515 -0.86977668503185157078 0.47595909890790094599 0.13019775090903817905 -0.4680574683960039839 -0.87933329921807301677 0.087722033521493186781
1.2713066528535448274 -5.9397558997822530458 -6.2893505341312669898 0.86447178260844292907 0.0080741483566616270573 0.50261649913444139681 0.020482504526845607407 0.99847484220830684531 -0.051268474575298456086 -0.50226387893437596244 0.054614994326513011114 0.86298794795329225593
-2.0698175001043899179 1.9481614573459942186 -4.2319482130699181965 -0.030792511620428619779 0.004764225967845870692 0.99951444380714982163 0.9438862127536888913 -0.32884590246065953378 0.030646203816534770686 0.32883223473625811106 0.94437157654479908508 0.0056291040673513174572
6.8797818021119478971 -3.750505549876351985 0.0083950498674615660344 0.99816977964436370829 0.0028937498198799765578 0.060404612545584150662 0.032342430298883888262 -0.8695451082183361935 -0.49279333596942498374 0.051098514725625397703 0.49384504754586444619 -0.8680472399629444169
2.0002185365504727699 -0.17604442623303831472 1.5469038122293108373 0.39240697930765727763 0.0073892414028251685726 -0.9197620136221580367 -0.010379432692622987677 -0.9998684857369611878 -0.012461083706696707632 -0.91973312975429788452 0.014436424129848022743 -0.39227867605919441996
5.5756520536288221024 -3.8332038618870809543 2.2499359176609248223 -0.99894239369639259429 0.005348420424342421875 -0.045667148751583216959 0.043128401828077644886 0.45328618750831350948 -0.89032105061595623319 0.015938476460672465485 -0.89134899260226507778 -0.45303745800426831192
-4.4967884623841394287 0.59272667793330990893 -2.0233371755499223177 -0.99055155963677987696 0.0022254076703551459518 0.13712277440998490996 0.021399338286744631898 0.99012896517439508148 0.13851606637331267957 -0.13546097601175166592 0.14014164221724978443 -0.98082141294660296627
-5.3222933765910678261 2.7108439752131787692 0.73788001804241476478 0.98773705330969252536 -0.012009911672977756705 -0.15566398279817367234 0.11609388403764078768 -0.61015824111837335675 0.78372771476093827658 -0.10439216257957301126 -0.79218853994294369247 -0.60128162584177569094
5.571614912502031558 1.1049325104546918741 3.2129712701005108677 -0.95017321511632568676 0.002702173533179037801 0.31171069845891130612 0.20420184319507980741 0.76093027591379769348 0.61586258405066063304 -0.23552594020893508064 0.64882803072608330464 -0.72356735556043838553
-4.1777885350880215043 -0.026982752234045344342 -3.3883099770755489288 -0.79786420844044725342 -0.0057873619842644680872 0.60280943201871328707 -0.24311472316204918442 0.91812163148466874318 -0.31296629400270981058 -0.55164112996714054216 -0.39625645261775832573 -0.73394338166333072948
-4.9798211921797399526 7.1289918474757900668 7.0488022827951768434 -0.88155032649803022338 -0.0057651304749503883007 -0.47205485393330537391 -0.34820886828970026849 -0.66725809697344296012 0.65842024275376043185 -0.31877830210943253197 0.74480426643113917251 0.58621412368711456331
-0.038408877568213373177 0.89577404196303334061 -5.161961018262140044 -0.55482564481742580043 0.011109499800885590595 0.83189247073593453052 -0.57643482959492975404 -0.7261428841631356601 -0.37475245030452769557 0.59990948574170610552 -0.68745406449707857632 0.40928659655996524336
-4.4493066046710652017 -2.6143405037531728397 0.75566587739925106249 -0.80362301768075350417 -0.0011330582659435312412 0.5951375989067370087 -0.38096745892232403152 -0.76728395369921409408 -0.51588674109554377711 0.45722405962039430749 -0.64130651842539743157 0.61617538796142279356
6.9703170208878750813 -2.3066160391632557491 -4.0706393639050970634 -0.99199756563273988608 0.0017528915687647656646 0.12624483019051291333 -0.07752402961642478052 0.78075968970753850673 -0.62000349334494331277 -0.099653673342767409848 -0.62482896403660470597 -0.7743758203160944209
-0.92108944677859705408 -4.1907866014456489623 5.8498754845534444158 -0.56572596656733553644 0.0028059931174532811576 0.82458853809277299352 0.65989597943733258045 -0.59809788520157147751 0.45477050920195516426 0.4944607437136459005 0.8014181468621816018 0.33650784063105837474
-5.7859804420863758523 3.3195609326819108809 5.2864580055999157437 0.99107391508214082165 0.0016824639020338455486 -0.13330290379017972757 0.1275350922599738368 -0.30316488085808668274 0.9443653187492404566 -0.038823898386431833496 -0.9529366318541537817 -0.30067337857644432786
6.9696547190783126879 -6.4928393151638790215 -6.7846258396877949792 -0.99948602412765308323 -0.0093925109564788663435 0.030650747324418272516 0.031460728121805690838 -0.47102230289946073194 0.88156010161385212065 0.0061571226771316329984 0.8820712958197695075 0.47107570403393311809
-4.0034338807205607225 3.0810831253508292882 3.1236634770063980149 0.98398616519499404465 0.0042693174245680550957 0.17819371378799964134 -0.17137131238943742462 -0.25228447900957973182 0.95235729374055544394 0.049021423834413428711 -0.96764369195476640506 -0.2475127985088656779
6.7683641147462774157 -0.42180239880465136837 -0.59835884536304717596 0.95958685044189961921 -0.010074263568432873656 -0.28123226285841546046 -0.19248202319906251856 -0.75252484871032221392 -0.629807131444689694 -0.20528942302051952917 0.65848679659271558418 -0.72405206408716160649
-0.67958302982821972016 3.154641313016666615 -5.8595050750625983227 0.99542506266836472406 0.0033789244187568765604 -0.095485744912020012465 0.021832467391254755523 -0.9809781076778025799 0.1928867429979826964 -0.093017675628064067084 -0.19408898764881218901 -0.97656396456872696099
-5.0356500809691677745 0.84916060040267338227 -6.9493122382786634006 -0.84306544494206547835 -0.0071889278964814631867 0.53776293555826559789 0.28524225456423890623 0.84170957848597571793 0.45843411925380006533 -0.45593586364273896994 0.53988267688513058573 -0.70756567429723393747
-1.1641588025164357756 -0.76623914868738629558 -0.93028257125877233946 0.99046439025905064213 0.00015147257644991876657 -0.13776889592686500374 -0.087419315097986158292 0.77358420805448879776 -0.62763471573574247664 0.10648077280264874045 0.6336934985502469253 0.76622085257354488608
-6.3769089426595524372 -0.75904904085991287133 -6.0265585790149769352 -0.93994831936627720737 0.0028995170589934914085 0.34130448242217242827 -0.20943842435129125801 -0.79447358733191630886 -0.57004145940200878773 0.26950455158654201826 -0.60729178475651401925 0.747371383477633211
-2.323740716002190787 4.9748180443143015239 2.6944223144238774736 -0.99999152207389596647 0.0041173928118223915296 5.3448647323519921527e-05 -0.0032107913468341839347 -0.77154698446015357316 -0.63616424104890467728 -0.0025780999304877904796 -0.6361590193079003086 0.77155366343107645299
-6.9098938821704232183 1.3102931970197593259 -2.32283623532623551 0.96146526670694376637 0.0027678891719190002428 -0.27491249463374711759 -0.2723427893697653035 -0.1271771052415436587 -0.95375855906037465548 -0.037602473250473528177 0.99187616298209246857 -0.12152255475225814951
-3.2314869276043198809 -5.8561670648553745266 2.5736064574758144019 0.99999789320436327511 0.00066687803375058748306 0.0019413553528402800741 0.00085733551290476973927 0.72362729270482029076 -0.6901904130226897971 -0.0018650905437066368081 0.69019062332540959126 0.7236251964317421681
3.3955689518710299168 4.9780971402083586952 -3.2657413495732647846 -0.99997435529120426434 -0.0063566604548776434527 0.0032987312614680963652 0.0070995834037354058066 -0.81939570429144825692 0.5731843296045889824 -0.00094057193611074216277 0.57319305007701271126 0.81941982076817343472
-5.6409354214854925402 5.305217114246381982 -4.06182094516479264 0.9852848193705301405 -0.0042506765253308518432 0.17086765775613532714 0.088400620300007393126 -0.8429247848463051751 -0.53071945265117048685 0.14628450037023132957 0.5380146269765493372 -0.8301452319386593004
5.5096188147573030847 -3.2229991554255037478 5.8861518555028640165 0.97248378015682235276 -0.0037256808771001801231 -0.23294080070648864877 -0.17943632946075124823 -0.64968688299647026074 -0.73872156982992542851 -0.14858634190747607717 0.76019278697201897455 -0.63247847839605186859
-4.7416471084445603879 -0.035150390283935017965 -6.5726592298619559429 -0.84729515049253900649 -0.0015389711154877964983 0.53112009896037970513 0.45397213303623396019 -0.52115072430870357234 0.72271102453131552679 0.27568139287648324443 0.85346327051627890459 0.44226713138239170942
3.3613043044155825889 -6.0314131808609152685 -2.0010465925849363344 0.98121378652533353115 -0.0068429612697152725209 0.1928021758530207852 -0.1522656355136766948 -0.64114967012649881628 0.75215841199733957101 0.11846806056589884171 -0.76738534933749824596 -0.63014684340083382263
2.0744017039745115127 -6.1115181908314388792 -6.9910968476559407492 -0.88681252684718181456 -0.009037715658601664509 -0.46204097428962698224 -0.45863114626310541588 0.13999805786116589768 0.87752949550001413392 0.056753976990459767404 0.9901105309463242854 -0.12829700933763393822
-4.2759655688965869658 -6.6879594619292399571 -0.80723301713938599988 0.95223777541546172909 -0.0019162256341347864812 0.30535151408023780695 -0.015098411496021431344 -0.99905264542520166859 0.040814821317709283621 0.30498402751956410484 -0.043475737466117582442 -0.95136460056572280664
-0.17527607391769278733 -5.282539800069196545 4.3901144966900211841 0.99259149687666980988 -0.0081380202846711088838 0.12122661817464641665 0.072749008228970582501 0.83893770322277716467 -0.53934322273774459866 -0.097312394533817125897 0.54416661303073077249 0.8333144635327448535
-4.3216964272204512199 0.79695964388799833689 6.0679911997557383074 -0.93846722495106371653 0.0010762918164211165289 0.34536663024764124863 -0.13436062628478659398 -0.92235594941060972118 -0.36222468812995273213 0.31816110666934938056 -0.38633967461605361882 0.86574543950306848128
-0.59581099981143392785 -0.82976343438190858226 5.5998088640722958331 0.59541144043950899878 7.4886636807666197291e-05 -0.80342094258598639733 0.27801990992343939002 -0.93823706694708020049 0.20595178050417972671 -0.75378388565944054456 -0.34599306437938454062 -0.55865790348072852378
-4.6949476001209182741 -4.1744639297952241819 -5.9236771717036553753 0.64256629202140791435 0.00069873755917016443749 -0.76622977762793620382 -0.75134882324995966307 0.19670109488393328068 -0.62990763217492629078 0.15027809607062908581 0.98046325328255912179 0.1269184888188905902
5.4197574569226754093 -4.4177205746437326894 6.6757400368007058233 0.99992259554113904763 0.00033804250986018465758 -0.01243738934146613323 -0.0052685044797035349498 -0.89408311626932024385 -0.44787009730800714236 -0.011271458952410523535 0.44790095660691259249 -0.89401212927097550853
-4.1940305808215718741 -0.27442506477054984249 1.4490369578108255322 -0.90842037185674029409 0.0044194322188871523749 0.41803456389930132575 0.014468287895275025803 -0.99901275607484341101 0.042002164766945286611 0.4178074875358722684 0.044203866557056423203 0.90745959774546924859
5.4725163374789005388 7.1640339727086299604 -0.53910503006025756179 -0.99994564288146481346 -0.0056764328691590757933 -0.0087458214110073886904 0.0043957650534526306052 0.53110314946434888927 -0.84729577001106026746 0.0094545508548011490679 -0.84728815803064805312 -0.53104932796221393509
-3.2442570875915990314 -1.4559035925515098064 -0.83984943163659409038 0.99094322299479276062 -0.008292042303154022187 0.13402526192892028067 0.12397605306343109643 -0.3269595092453499996 -0.93687107842050942885 0.051589408481660867234 0.94500196896536359237 -0.32297029520373854439
-5.6534248003267855154 -6.5387440491351567218 4.0053250456445921301 0.90163811731232956781 0.0018195582509102133789 0.4324874502427605294 0.1955893815807413505 0.89017345439130002305 -0.41150457459176309483 -0.38573760410744012406 0.45561816283468559163 0.80225843122565010379
3.5655481733831826396 2.2660453801890190206 5.0705064671453792258 -0.9999490083100254223 0.0099699946454955799824 0.0016062336467378077187 -0.0067424974258646110103 -0.77754664194940259492 0.62878912070867487571 0.007517945744850811074 0.62874622766256971218 0.77757421619537481217
-0.21803159346176054223 4.4974107135951628678 -0.14731434706726870276 -0.28272944359649848645 -0.00016538528487284936616 -0.95919968430519297886 0.44406026642012441652 -0.8864076227072074099 -0.13073639964951591641 -0.85022028998991028281 -0.46290549689341620176 0.25068697500142772538
5.6831913061989451919 3.6296383804098746317 0.57369332588584520671 0.99050494881971118399 0.0037667019096835683938 -0.13742546459927920677 0.03373592186954494504 -0.97571935347797666971 0.2164107918385236029 -0.1332735305273892723 -0.21899213503066505826 -0.96658192144051224837
0.51882958948929935872 -2.6528502697983498138 5.6917275983395576588 0.9543122298425893435 -0.00608429499213455037 0.29874930849706432534 0.26042325685169626093 0.50717391112066856351 -0.82155605479444704375 -0.14651926584509653018 0.86182225849241633764 0.48558675795697403554
-1.9747041406078817971 4.3898953695722493507 6.1785249324766988721 -0.90859530065450178071 0.0095349748529754297516 0.41756875348019517613 0.41373421747889599365 -0.11650683828234580097 0.90291204107633737941 0.057258858839555872022 0.99314411889117204524 0.10191262039798074102
5.7848343185431216895 -4.8244841865372984913 2.9161661658257722607 0.45204413792446856979 0.0029360131605870648172 0.89199073828984920542 0.31775575885672652232 -0.93492320274932128044 -0.15795531860077344222 0.83347907897055772963 0.35483796976590886718 -0.42355948830222767132
0.093040328285029366695 6.1648020619943659781 -5.0369752005178227705 0.87868101271376664041 -0.0083466424349005561428 -0.47733637139490564527 -0.26870733289189890902 -0.83508281851504062576 -0.48003443154724712016 -0.39460872664771406981 0.55006092369932557684 -0.73601422069998378994
4.2240225200295080654 -2.2662368276198949779 -7.2001416337838541892 0.96339616270674799381 -0.0089369141107537332369 -0.26793276255094067295 0.22908491219939522421 -0.49166277044987505285 0.84011179205884634058 -0.13924057125910219157 -0.87073983009838418212 -0.47161871421277595795
-2.43098318279865655 5.9412604436974376654 -5.8323257905692704739 0.89235934765471291996 -0.011741123815242613879 0.45117285009704899412 0.2584167091229160329 -0.80628449740186924899 -0.53209596286349147842 0.37002107926346272659 0.59141140947827630647 -0.71646140554790693766
0.86119609168579125402 -2.536488946585587545 2.213851423247082284 0.68367534803863694304 0.0082548611436372518885 -0.72973959447980241144 0.60763191218363654666 -0.56025376071369714648 0.56293799205808592312 -0.40419237719209388793 -0.8282798928343785283 -0.38804760190742831893
1.9699119539369511767 5.9640835408427719244 -3.228172696985977641 -0.88221590305058639192 -0.01307294912225278119 0.47066357242267742311 0.33737868288285866036 -0.71482985394497255971 0.61253073738811425475 0.32843678956646438216 0.69917621377599947774 0.63504479948182235294
0.68496739873556078404 2.8065437793547420853 2.6025063898130764706 -0.9796185235823959836 0.0015316976398346828989 -0.20086115143717139797 -0.055179928707266123755 0.95944743770633145186 0.27643406039529921925 0.19313913047896930086 0.28188343012866812209 -0.93980796341424155393
-1.1590822450933364607 5.7046619230437531911 -3.6014214518273228727 -0.98917522940065361059 0.0052805747920051954863 -0.1466440625122424346 0.11954502116193443939 -0.55053918233760923417 -0.82620554139184576581 -0.085096142425004267507 -0.83479262349454219638 0.54394845555754023358
-6.0823183872499466673 7.1410553058279893079 -2.0607624819585095288 -0.99987047215384017296 -0.007029663806389505748 0.01447835424413961361 0.0060270022929293049982 -0.99765564355690050657 -0.068168116610916151821 0.014923610763188517939 -0.068072025867376886876 0.99756878717015351477
6.6912012389847435045 6.8630970906935244713 2.8105989802628417173 -0.82743217201392593729 -0.016948698217419295997 -0.56130984522373161827 0.47670771407362455552 0.50712887225653624501 -0.71803207607073915586 0.29682613776247246395 -0.86170357348257553554 -0.41153516907844411854
-4.3509409982895128621 -1.7898026190466642671 -5.1566381171819344331 0.99440196667996738622 -0.0038392632672214505735 0.10559350699993548528 0.086768133855332107984 -0.54062809430557334789 -0.83677509200179855942 0.060299416334071223589 0.84125294870505529232 -0.53726851451086354849
-2.7407070801621031819 -4.3700978023172103448 3.2790331360507840586 0.98826001242363703536 -0.0016167185139390155384 -0.15277281847744997312 0.15028532926438076256 0.19029841145626558152 0.97015505688781744631 0.027503957028123506012 -0.98172496190043490039 0.1883072795441334546
-2.874156914192114165 2.8688636691447024774 -5.5397145175924098481 0.73095472044523712718 -0.0016610320276973355308 0.68242394274473949789 -0.68233593202942099953 -0.01802207801965733866 0.73081658476349287135 0.011084787785021702616 -0.99983620942458206748 -0.01430670483741966828
-5.9873011646537381836 -4.4688217796501783496 1.4972755169015015131 -0.97506373708159088665 0.0029410291802010567197 -0.22190551812820041855 -0.22183010406771239142 0.016322908079444080343 0.97494869998436040071 0.0064894959505737408872 0.99986244704914251091 -0.015263466942883902738
-6.2025716930168037777 -1.9856962838379916825 -7.1899916181351271049 -0.94095682032718785948 -0.0041982892382891896094 0.33850057111797299259 0.010453575769679944452 -0.99980659112196168525 0.01665842437661179537 0.33836516521854498318 0.019213399401344168765 0.94081871805898731331
-6.7999151005828961658 2.5239115357700105946 4.8057282940537229265 0.98874429450121215091 -0.002915759070877033815 -0.14958682575790291369 0.1491385655245744124 -0.060538459281850774685 0.98696138892106799467 -0.011933497582611505422 -0.99816160680364307556 -0.059422204087598858024
4.2888726885828125646 -6.1705740420471837382 6.9474490124916608025 0.99879404346703715145 -0.006152983487032956389 -0.048709337184556500411 0.041765160145334802311 0.62802731332556727128 0.77706972989241018812 0.025809496949503636654 -0.77816697084325792133 0.62752692002497523216
5.7693544770725528892 -2.9970053387536492728 -7.1808898996891290523 0.65185455424668925506 -0.0041815176722786520647 -0.75833248316141732559 -0.068439978721559324715 -0.99622845563407302905 -0.053336980582314362509 -0.75524936903019168621 0.086668212713880185549 -0.64968223885576237286
-3.0614420491707834415 6.3495766723527591324 6.4498212041861071597 -0.60608827433505563231 0.0027193740828395894515 0.79539273866321047457 -0.76547747424794743143 0.26969821036185059882 -0.58421495337476925247 -0.21610469715532731882 -0.96294105755873804497 -0.16137930330506106147
-2.41161671192151017 -0.392604962131234414 1.5860575878870595279 -0.8835702049342660791 -0.00058445861223917813104 0.46829835720445883718 0.11763185333556142043 -0.96821409883753439818 0.2207356017796369696 0.45328406108431856802 0.2501222045727624077 0.85555388067988480394
2.3204341063893170194 -3.6130008109991775811 2.2342690786302936701 0.93575000522660123359 0.0050438386604133135863 0.35262797309608107099 0.0061911467277942838425 0.99950868115838775729 -0.030725656887673948731 -0.35260969558489146936 0.030934705115072218956 0.9352590264728255498
4.829034893215021107 1.6239719663812213213 -5.0895255880305922958 -0.83873244464740104309 0.0098294879938331698732 0.54445501876798951812 -0.43251853798444295229 -0.61948211726779578434 -0.65511038816769062709 0.33084074808838076498 -0.78494922609751927034 0.52383118640759485096
5.530364963336228179 -5.0598490084555711732 -4.9375229338098884924 -0.91904504558765454103 0.000114664698715621384 -0.39415249717932004936 -0.29242669864423015413 0.67029826345021958911 0.68204608637215424771 0.26427794100292845147 0.74209179005541148211 -0.61600076707070750004
6.9599911906457405664 -6.7326163734655084525 4.0425433373682020388 -0.87975293080328031969 -0.002705558610007606328 -0.47542345408669278717 0.18483334003976770177 -0.92326630495145678434 -0.33677287086542356809 -0.43803129700149145975 -0.38415102511098675464 0.81274631512754558216
1.3037631117537717973 -5.532443232675690048 2.9043578282423143655 0.81768187032955597093 0.0071047015160056728109 -0.57562651272389098178 0.092138524862080267708 0.98541783970190144348 0.14304605354028518405 0.56824893415699317956 -0.17000354235590098284 0.80510368550629773932
-6.4494637422953040584 2.6629740827356647159 -5.1058341038854591076 0.94540003178783293958 0.0075099160623145876786 -0.32582569121590188033 0.11462438905835893588 -0.94352471179331764972 0.3108413866726432162 -0.30509019867669573411 -0.33121702763649391033 -0.89286911206252239648
4.7063155833122856109 -5.2001273874821443144 -6.2394281144107788251 0.99919815722532134838 0.00083921402356560304697 0.04002921829849422769 -0.032635456346480996859 -0.56210507426920908181 0.82642169167432033561 0.023194171397658926159 -0.82706540321830424034 -0.56162696624411345692
-5.1287112312933249569 -6.9546010026187490283 -7.3011984814576491587 0.9011095208195738504 0.010110912523926285714 -0.43347364503062779661 -0.42663354989668306194 -0.15770554726497901243 -0.89056879266248745175 -0.077365661573673652485 0.98743441797920017411 -0.13779631562372054998
2.2461753636281494018 4.0249177140085512505 -6.6955441878939367939 0.93916193642823375676 0.0068719108719056017087 -0.3434059318144334072 0.34124379813165234276 -0.13243389854257470173 0.93059869586917165485 -0.039083595037273974326 -0.99116801772338236631 -0.12672187357041142519
-1.1926299302416345505 -2.3077336983449061592 -5.7882538974599953008 0.75325180791011481229 0.0081746371205139584104 -0.65768144963038432937 0.64358348076353977252 -0.21544558584581102734 0.73442732984815417563 -0.13569088830267619916 -0.97648163057353676297 -0.16754583845663992281
-4.6011616918622513239 1.02149139456896898 2.9774156719416229322 -0.96737995469501580903 -0.007468044725441512488 -0.25321976929587597382 0.25162083398643847465 -0.14423659550443820865 -0.95701763851103005543 -0.029376506910168902198 -0.98951504931710654311 0.14141070686653336996
3.567938398943754752 0.46330024510971584695 -3.2647390131193154694 0.992580854770380272 -0.0066152852309391283261 0.12140627967548833777 0.072872686170559350383 -0.76693453629399965799 -0.63757430049351082602 0.09732840465970524213 0.64169124588144521582 -0.76076246398311342389
-0.82851697794621859128 3.3666211199202709103 -0.1260484292761324121 -0.40693948260194590105 0.0047121729448655752526 -0.91344296643302735905 -0.548587377579922153 0.79830604566589635773 0.24851427848952700739 0.73037808473398158071 0.60223355343194906464 -0.32227721058270425436
0.93727218110212318081 5.1905567385032966854 -5.5689058530618460452 -0.99724607499273554279 0.0054035635051234353829 -0.073966664199465612106 -0.073449356253171296793 0.066140191561094963113 0.9951033449477755255 0.010269273457913227071 0.99779570883111556867 -0.065561158172646127884
-5.7419549375687948256 0.39198320403812070278 5.0411737686156010696 -0.99918294762790149655 -0.0083903945337172134572 -0.039535281068169655927 -0.040248602101094890782 0.29546207768148674555 0.95450626539641780788 0.0036724921345168922739 0.95531762358477345654 -0.29555837134121110132
4.1039524778446496711 2.1184519017104630478 -0.76155304513902366548 0.98444859540891915817 0.0050410191818503081312 0.17560054419916118484 -0.11480661925163104797 -0.73813167663328105306 0.66481656727757143521 0.1329676771754728648 -0.67463784067917509368 -0.72607394991861917699
-4.1050956907617903724 4.2001425921492092641 0.10507876058264593866 0.28646356393035327104 -0.0061502736085892279957 -0.95807139643911631843 -0.94732750142789723391 0.14765344635582722255 -0.28419898806561949556 0.14321044507501859422 0.9890200371649210398 0.036471009138951133999
3.7983791668077793169 3.9826826722858701402 -3.2012598754086529773 -0.99935901055717724084 -0.017064296294949297256 0.031470268671546092198 -0.019497415564304541175 -0.47781741970392727081 -0.87824277065842015766 0.030023637431435244022 -0.87829341522034953815 0.47717843410617982736
-2.6582983384755793921 7.0020382055240331098 -4.8060072573979359944 0.95028126791797529194 -0.014508212328974623082 -0.31105469554276982125 -0.13825993727970631308 -0.91470959512717997519 -0.37972430304854942751 -0.27901559380723306436 0.40385129485656018344 -0.87123729836093088963
-2.336098772406467905 4.8177157510141146446 -6.265038737172895722 0.99586435260285877114 0.0060775485757103286932 0.09064907400649391267 -0.084356419232170812283 0.4323607809952408898 0.8977461498616291502 -0.033737008599503293116 -0.90168021962366817768 0.43108536949233694502
-2.508390959191900027 -6.417463505783008948 7.1955666903709403215 0.9966180377014453029 0.00087970510972155426498 0.082168808237219670421 -0.080159205030684632654 0.23045178284599635021 0.96977650911536017464 -0.018082831002247761604 -0.97308334787002281896 0.22974292006706398261
5.7522867771726824415 5.4894852399660623021 -2.4379884685666945998 0.99922387123198730396 -0.0043313056023702584119 -0.039152202389613123545 -0.038058342371952130767 -0.3625068320782557918 -0.9312037152377256044 -0.010159612988411951401 0.93197104916853268364 -0.36239032240870716617
4.5736474007740879344 0.28635613786497221556 0.53419607951618941488 0.53680078830583977112 0.0012575163141088239929 -0.84370808478216052784 0.52484638849789122528 -0.78345816910087462404 0.33276052312404447164 -0.66059153957259852952 -0.62144325237444630883 -0.42122096567393452204
-5.7994350130004299615 -1.9781470569561503403 -0.8073452487013922374 0.99884305993211919272 0.0017896804240806526293 0.048055578962468606385 0.038167566919664254466 0.57840012184184963484 -0.81485982591408923081 -0.029253691405854809898 0.81575124645768615217 0.5776626398183457578
1.1535127121241419701 -4.0591011162945429547 0.80217211556984568954 0.97687806669166243889 9.7394529815182390858e-05 0.21379717802405548421 0.21052146746138944433 0.17394243493383879096 -0.96198999010766406137 -0.03728209429025664684 0.98475581736971862234 0.16990004591447618876
1.7055828337822382945 3.6728352247358744265 2.080163345787753304 0.95842012607978832595 0.0043421939174191313826 -0.28532789432031269161 0.27428168339867742276 -0.28992650558684918138 0.91690358245031677864 -0.078742746188148859954 -0.95703906226975599125 -0.27906238229571150855
-5.8955276147437958301 6.121415415050691422 -2.4791694175724705573 0.97108273975385872578 0.00038080984715975420458 -0.23874289002214063582 0.074380191007586096696 0.9497463269681490905 0.30405509631667787529 0.22686097006305616652 -0.31302039772881168345 0.92225394055421339168
4.0769046523565721785 -3.0695348098468087095 4.1044127295854151427 0.83441161428452370608 -0.012979871089332069983 -0.55098891177010822506 -0.26416847471325499708 -0.88682054921958441973 -0.37916267016908106191 -0.48370680676915428498 0.46193163609838205907 -0.74340223880251210531
2.2377101325539170418 -2.4932542022342101262 4.599889695341609297 0.58918848358827957679 -0.0059684879749114854927 -0.8079735812255044447 0.34089983863419909271 0.90845013278330521977 0.24187942505574155927 0.73256005270982493816 -0.41795063512024371866 0.53728301273764200729
1.5618177582600525355 0.12297187685062041518 -6.7441621019571531548 0.9792444560294591982 0.0058294440608363745984 -0.20259889663431451812 -0.0094011053016717846531 0.99981682531177551443 -0.016671383946595796227 0.20246460074443167754 0.018230013865284687424 0.97911988644889480504
-7.3065911221349564286 1.2867856504795895933 -6.4545282335905405091 -0.68714836767564457798 0.01290255891708870159 0.7264025363213328923 0.716754092140943877 -0.15132289056366746149 0.68070915535978693267 0.11870422149134282619 0.98840017541724101147 0.094733315339837892433
-2.8687708411902961281 4.1910628264282756561 -5.2342083006050597049 0.99968533127606573618 0.00834155119941845484 -0.023657069875690280025 -0.0018189581540531633147 0.96471329267864880386 0.26329632416795306638 0.025018589543607597236 -0.26317044182949483888 0.96442490051043361365
-0.15761713766704935069 -3.348838081013838508 6.5261031566488982847 0.80592936338879384017 0.007955273437684266119 -0.59195825431553261708 -0.54630294418198943607 -0.375272952841525953 -0.74881459924594484523 -0.22810294694700494755 0.92688021043193236093 -0.29809750267982093597
