1125 14.717824617146108679 14.977075390850430381 15.033177056927090831
-0.85564778059626744877 3.7936440346798661061 -7.1165553055559334084 0.9501478425422241747 0.0073223332327822720708 -0.31171374809003427053 0.27903875380318582389 -0.46605358267801094696 0.83960194851430114404 -0.13912746381740015433 -0.88472619578548905572 -0.44486302083071593838
5.6055566901965727666 -5.2759892940281192253 -6.3194107868089552937 -0.99556969418841867459 0.0028582097271584307012 -0.093983055125286638076 -0.082863509526418105411 -0.49904981930022479508 0.86260240936674836831 -0.044436728080423704146 0.86656858268326286687 0.49707571727457672273
-0.88908184676942203506 6.5733905228117350816 -4.4262046250317581553 0.99328441105408382672 -0.0032478139169831495708 0.11565262842512506747 0.068657281707990444608 0.82112425164839397684 -0.56660492499037851122 -0.093124950605920839286 0.57074023430950804325 0.8158329047758815511
0.25876028649089327649 4.1893290383081405182 -6.0632571991902830533 -0.98959382576309817825 -0.0057453281269765005615 -0.14377430652326103622 -0.017733902263773318464 -0.9867147172246075737 0.16149171967241035541 -0.14279204712457363446 0.16236088819951816076 0.97634490486764635708
-6.2803802266448025549 -0.17739812972937657465 -6.0539719393613555809 0.64008583939964847076 -0.0031714857209395874715 0.76829685661103541694 0.041723621771097826882 0.9986593120312241556 -0.030638503220982521436 -0.76716964068344506433 0.051667399505350493361 0.63936000988641294995
-3.2493310568085886914 -4.2489296544916586029 -0.31664018380795999619 -0.97909225255998855175 -0.0026840182814954136048 -0.20339900939490157539 -0.18873993743221731401 0.38491104628715877567 0.90344934692773060103 0.075865650956361441182 0.92294977246434839468 -0.37737000478704230133
-0.59943904861744701229 0.29420484972184307582 -2.3523843433242919154 0.99832754107607146743 -0.0063502902731245904067 -0.057461243829218300316 0.055199837767676382394 -0.19064108499146686926 0.98010660370371294192 -0.017178435300669391006 -0.98163926700534998027 -0.18997171061483897336
-7.1999137105772996748 -6.7585192315087629922 4.5504454924163635354 -0.89727429949445236534 0.0083770976440720561207 -0.44139399146559166187 -0.27508067921671397471 -0.79261284697991263304 0.54414657466910221206 -0.3452961792266109331 0.60966769558293987252 0.71349551475387262833
2.7874907860363551393 3.9001478192690757218 4.0265561698900915744 0.97992153142321769543 0.0063484777040307797946 0.19928243546313206824 -0.19935605049901419794 0.047790647112793557816 0.97876106337453860906 -0.0033101937605895873085 -0.99883719938702841823 0.048096691548204457967
2.9869587929724827902 -5.9414085284511362062 -2.9216113320412704368 -0.9918086049705649998 -0.0023835417423945584603 0.12771064887122560161 -0.12633977150999592398 0.16556897267001741136 -0.97807217393397982708 -0.018813645079040586944 -0.98619533258775970985 -0.16451386792935845937
1.1194381272593911802 -6.8236332655460456564 -5.6763177283878221147 -0.91519434754000983379 -0.0047214849976434138112 -0.40298512852240914173 -0.03522176139150860058 0.99704232665174385986 0.068308318596158545954 0.40147071344654738922 0.076709233110312705084 -0.91265380062777967662
1.7350083223404009214 -1.0318680078375823683 3.9774646651208844794 0.66720608390075653027 0.021313952177785977504 -0.74456816816754411992 -0.67083176037254821367 -0.41727988211176425537 -0.61307605503729689644 -0.32376039115556504155 0.90852804878397808164 -0.26411359997442190872
-6.0364202716053858566 -7.1265580240239234655 1.6746408459684520853 -0.84409633582043441802 -0.0038022563714726741874 -0.53617806622528985105 -0.52214424934557646107 0.23322195488121752471 0.8203492564980365831 0.12192931858215737273 0.97241609540767770525 -0.19884712384696445753
6.3829942638501302454 -5.8209508435562096196 6.4300538419659236666 0.981386775699201519 -0.0090659588628718996289 0.19182753940118904556 -0.16004764564410181582 0.51344193851303165932 0.84306709513529776157 -0.10613551529349435354 -0.85807644424380657977 0.50243414317446766226
-2.2049940099260449955 -1.786709605029173753 -4.1271219462506998354 0.62605096652291858383 0.0029867968889067597268 -0.77977642075155317869 -0.77896688523105950264 -0.043319527760744942768 -0.62556695103561410498 -0.035647987729105073962 0.99905680397005947047 -0.024793616354486583409
3.9597606194023255988 3.9790742478089700107 6.1863367897701868614 0.99729790340174695462 -0.0053255177551782655054 -0.073270258162462242879 -0.072968219826658839433 0.043814587908667795846 -0.99637137693816257844 0.0085164996259239622578 0.99902548553421022248 0.043307603109505113381
-3.7254729400500066205 -0.81728913528469904204 4.7049894758373396186 -0.8424382023170166045 -0.0057194935752115233507 0.53876262181976208865 0.48453754242396585017 -0.44534602826704566825 0.7529211679110530131 0.23562946602366796611 0.89534027190790133055 0.37794781682318201455
7.3149621286993946612 -0.44564476233762317925 2.7241400272306419694 0.87652507823855563274 0.014617393308398295843 0.48113420064663414699 -0.47836062483626862196 -0.084886384781764981367 0.87405115084019879834 0.053618092331288398633 -0.99628341022609145927 -0.067412659665789034791
4.3517154250008225347 -5.3533631010525910554 2.7480866224022642008 -0.67110992297759408665 -0.010054459222768399179 0.7412896728881764874 -0.58977129197274624772 0.61310115848079660417 -0.52562038833590596365 -0.44920072845642644577 -0.78994042643690298711 -0.41738810265144277167
-2.2534397048435579336 4.8429908288755543211 6.4399350293882662299 0.99952678675150696819 -0.015367627095912710089 -0.026646549560229139397 -0.0047527564930074251565 -0.93301347972949721932 0.35981003036129999284 -0.030391016300011054058 -0.35951311892657789038 -0.93264500397963923106
6.5467844234445209395 6.5761260242866370618 5.1737099219552318274 0.82922966609956028083 -0.00090016909005393754006 -0.55890728261137789801 0.3052594676067647006 -0.83694304120597540209 0.45424993474211289302 -0.46818246261138324327 -0.54728926124342869297 -0.69374321346642342512
3.5773091802841507914 -2.3695400887647153354 3.8260356368036094743 -0.97139252899401340446 -0.0064495412021691716359 0.23739199235136920763 -0.056843879222872546741 -0.96425723335124213786 -0.25879868880033307654 0.23057607857098397219 -0.2648893945558624119 0.93630565556475342515
-7.1748099094984070234 -1.9318534387603065738 5.5543231484830357658 -0.72713583644749779644 -0.0069417410532774531662 0.68645851118984302364 0.63364993796643320767 0.37793646431230737415 0.67501984049227747864 -0.26412351555470009457 0.92580550936699179676 -0.27041251331398058477
-4.1354222451672351113 2.7981752818740299737 0.97563739560230167136 -0.98517170799607500786 0.00065609833823874769837 0.17157003030600054272 0.13824067350509533503 0.59530986378527983582 0.79151480230554138728 -0.10161801982460449967 0.80349594623430209417 -0.58657313476839745281
6.2738787018641275495 -2.345819751775392259 0.22161927505923362247 0.76789119815652262524 -0.0014784479674723751373 -0.64057858377040188813 0.33464130672723574333 0.85362206171910359753 0.39917987371390534213 0.5462218446982819442 -0.52089076584066951181 0.65598361750610512111
-0.63509694910601943718 6.4171764222630516272 5.2053692143299725714 0.68949383220334636846 -0.0075999860770548759159 0.7242516797115999827 0.51574113558414547143 -0.69692536679172090164 -0.4983032351776717217 0.50853646518206019334 0.7171033909652024807 -0.47660611645917061452
7.3000097447210849921 5.1952883719483127223 5.3768674359709560662 0.99937309676140839709 0.00047287256620823182526 0.035400421766122014411 0.03080971213264165065 0.48096279834757943439 -0.87619949112289963189 -0.01744061661718096512 0.87674087562816549468 0.48064671214397836074
4.8544169229124261022 -1.9081765897478608629 -3.5134252233350506955 -0.88881184656585821013 -0.011568121787482659596 -0.45812627076210926669 -0.14101762984757912345 0.95807909329832297018 0.24939622903479208293 0.4360361561571605149 0.28627020372880324084 -0.85318335718698457004
-5.7341445586701906834 5.4474551439650182871 1.190708549834222918 0.71403230383525484459 -0.0013001596674852410745 0.7001115473013542756 0.50369898315945627054 -0.6935848024459548844 -0.51500238463532743705 0.4862563145542776466 0.7203738136557110705 -0.4945870652931028677
4.8153659122906882217 -5.5197659995504153585 -0.38794838493345151775 0.89074348827352012314 -0.0025997585656161426547 -0.45449893218098147418 0.032720754133960500143 0.99775570343395314499 0.058420103678643343914 0.45332702362335181023 -0.066908874750054789238 0.88882946178247801416
5.7702040616170684473 3.0723778421663761051 3.4929880803810502421 -0.92556043327412917954 0.00082553075830661356606 0.3785990000730115046 -0.34072458954335510528 0.43415613007413966784 -0.83391558853371050564 -0.16505949968984898191 -0.90083726233872729594 -0.40155645723119792745
0.15464004660443605998 -5.1562778963371949104 -0.94984983467035477567 0.95940188776861934361 0.0075918242013561319098 0.28194038723019609893 -0.28173198261930998409 -0.02110476732173170028 0.95926100659086055433 0.013232827196388385546 -0.99974844486083158657 -0.018109093925465415825
-6.731573237557577194 6.4431284494087162074 3.7006663682803879745 0.99973818887592935667 -0.0035883044201733957021 0.022598180779785273509 0.021648596766588344004 0.46812643034611828297 -0.88339627770859030509 -0.0074089109327473345532 0.88365421363953333689 0.46808155139467794159
0.87827829568241910785 4.3776997784642430744 -4.0109584974964302972 -0.88948073758654921939 -0.011233252490676880198 -0.4568345778299631732 0.36100398772017538995 0.59566079538459038023 -0.71754047808607845926 0.2801787613519551301 -0.80315753802123357463 -0.52577355468584818787
0.85908405453867109358 -4.2306589785798927039 -3.977322120168581332 0.99588763067871077794 0.0081853145377033132563 -0.090226535382464723156 -0.051584158157757270535 -0.76748118459142966596 -0.6389927275996662992 -0.074477524719600327052 0.64101921338138212469 -0.76390278595353855451
5.0391800507747390725 3.024303609266293158 -2.2854287442621301629 -0.84256052912120338316 0.0031663385228333450726 0.53859235890156864635 -0.10593771350458604241 -0.98142298600443134138 -0.15995662974526808631 0.52808044427363465267 -0.19183038560770745984 0.82724370504291500072
6.5838009133435972942 -6.689683782635564846 5.4149736392036516008 0.99877000152885775375 -0.0080199437114540361726 0.048930200785246964756 0.017275234067734838994 0.98128467661260931898 -0.19178620840157670213 -0.046476341658127313938 0.19239559232996922278 0.98021624436549914527
2.7458247354764098169 -7.3128315879925960274 -7.0343435591814538199 0.99211294925676796197 0.0027280040792876211926 0.12531741263978055101 -0.11959476857343989686 -0.27878828943228639581 0.95287679214329856769 0.037536478881967066945 -0.96034871149452649686 -0.27626321703044109945
4.1804899075213732829 4.8734658637619832078 -5.4915616144132437526 -0.89480155025105789779 -0.013368408810405579476 -0.44626390321665543315 0.36768672522525502888 0.54491999144909775143 -0.75357061713708384243 0.25325216240220727038 -0.83838146959782666734 -0.48267986665435341775
-4.1560451300329139812 5.7323413693113538514 3.1499860974863627128 -0.91758228626265470051 -0.0025681690180988322493 -0.3975376113590700089 -0.29614550120329352634 -0.6627084425200702178 0.687833818832442212 -0.26521800477011520103 0.74887310321613809183 0.60732897611206193567
6.7308618200773500106 -3.3239609347392908845 7.0447893446664728856 -0.94646728716838557371 0.006136804248870843248 0.32274140415171703733 -0.30564212618531239052 -0.33866174175135982383 -0.88988264134924488502 0.10383913049084544933 -0.9408881784289629957 0.32240792588175526401
-4.5055670551072557473 -5.7923555219304692088 -1.394747770582318136 0.85156106546312793082 0.0070558841844495468962 0.52420794183761099116 0.49974952160641061827 0.29121183709068981793 -0.81574878583572407731 -0.15841138671656609938 0.95663257337222651344 0.2444584875227351628
2.3729446365785253903 6.657077337726762245 -6.6905739079287833704 0.79618987917911832053 -0.0032181027726142950526 0.6050382798694378117 -0.072009642700369316803 -0.99338241190983211926 0.089476226262862293415 0.60074644206268068558 -0.11480865613107506251 -0.79115275694807263296
-4.7663046499340611106 -0.81422116459806714861 -6.1694741592522559515 -0.99326804662507039989 0.0033673608183007117112 0.11578967326484297662 0.045384853077197598314 0.93097678683632345553 0.36224637677014925874 -0.10657768370922066081 0.36506284836048796816 -0.92486232169013149473
-4.2512144590935063704 -3.2023793265364290939 -2.3841105155562853923 0.99413725617954251668 -0.0071194527701461916835 0.10789082105588149174 -0.040381556453966918618 -0.950076100077134722 0.3093941401521695389 0.10030177353471028678 -0.31193704085016205063 -0.94479354187644404295
2.0118617911202680837 3.3839520630453781003 -1.1958370379372549319 -0.7777297562657600194 0.0023460693471276296979 -0.62859440196169269477 -0.051610586949338940754 -0.99685513154023275284 0.060134798883485045262 -0.62647647484461632672 0.079210748517033788274 0.77540498050097905747
4.3034289673524126485 -5.4857281338572496665 -1.3440412205537952683 -0.82584313385168328647 -0.0030007195986534690273 0.56389193463989739641 -0.56375335327970943489 0.027191398758230005128 -0.82549547818229607188 -0.012855929991339326915 -0.99962574172306628562 -0.024147495700326468415
5.2838047761121398338 0.77473299468208312035 1.024826729813348436 -0.94200895382916449705 0.0041704095073371713273 0.33556182528748890181 0.29670733678125299493 -0.45683129210580353252 0.83861190478853042674 0.15679249728821975651 0.88954357860502386579 0.42910177645476688113
-5.376786207861313116 2.670683736148052656 2.1291349146790672364 -0.99535085424047597957 -0.0028491492772478345386 0.096273357223508146396 -0.096304604192510509519 0.04448033090797074568 -0.99435754302646905955 -0.0014491977118646071337 -0.99900619743355656421 -0.044547921559633045507
5.9135611735987154702 1.5154008251463491064 4.3820595894529779102 -0.79897151077341210801 0.0006905277054284090707 0.60136847950649463534 -0.45641261674091815337 0.65044500229068491493 -0.60713163504702016837 -0.39157636324493605429 -0.75955304104887955141 -0.51937186059816409234
-3.1727944001366212845 -0.70624122848203396696 -5.5927168246837677401 0.012291058878311538621 0.0020434975854824446659 0.999922373981610213 -0.15985721600853181057 0.98714014594858601193 -5.2408118776259976501e-05 -0.98706362528546465196 -0.15984416277808741191 0.012459665489896569468
-4.3008011515814876802 4.7114860979465884583 4.8859598181561567642 -0.89256688997831057364 0.005129099906696004546 0.45088583837684620415 -0.44165221860814457555 0.19169199040261417077 -0.87646876647950833217 -0.090926699671204730402 -0.98144173191771588716 -0.16883264535416844798
0.32137699651503337517 -0.73223920959292299049 6.7175260373543235204 -0.89227028770931626767 -0.0024997099244266521127 -0.45149472324874373452 0.42212471380895250084 0.35019487087888462318 -0.83616641788699574978 0.16020130980384922337 -0.93667353109844619929 -0.31141328885697344697
2.3298464394220221862 -2.6837204435513353218 0.17953736242752627028 -0.96379138401969077776 0.015952829099468747442 -0.26617978009780723925 -0.12647628402788413382 -0.90613287717292823054 0.40364211683739176229 -0.23475501627815070771 0.4226922239054364816 0.87534071434051108351
-4.5405400000250315529 -2.1297841708983678011 -2.6742889977303456739 -0.99403666910197829854 0.0032977329425211464667 -0.10899644690531425095 -0.06137821907204499966 -0.84309204631713230427 0.53425510354181193762 -0.090132206807999687426 0.53775917137170659021 0.83826681844237305175
3.0004922996050136241 -2.7023152926026479115 -5.1900056167419474917 -0.96411724889154915008 -0.0070659975438429889483 0.26538274636530445605 0.028688597971998318348 0.99101863072087914563 0.13061025193482964091 -0.26392213763929284198 0.13353705569163429323 -0.95525544228815084669
-2.2682836541294029153 4.0255360141008349473 5.661720015794813321 0.87497065176004740206 -0.0018307653881406941044 0.48417249700554138014 0.034343687036988056194 -0.9972393304106899059 -0.065834861908727046464 0.48295638490370051965 0.074231840741884214108 -0.87249227165680431906
-5.0308267253770750926 -6.6852000609432904454 4.5580732210039647256 -0.89633285036147303249 0.0057290182285953889299 -0.44334478649594244448 0.26815757114493771196 -0.78930586467739860534 -0.55234750748383620866 -0.35309904899423621982 -0.61397347689946346616 0.70594449587998286955
-3.2477119504234841507 5.0030885108431339958 5.5383767081425361312 0.97069430207413165412 -0.003660803115512175146 -0.24028976349675010282 0.045476011985481998301 0.98461643510492646847 0.16870805569155336578 0.23597564335055604134 -0.17469136853863773129 0.95592804201135417319
2.2356862608706844497 0.21143795100894646755 0.58108733420498592803 0.27580542754920267523 -0.00095521185906507610069 -0.96121301161844441285 0.42526779323933822097 0.89692483052820581868 0.12113278835709913317 0.86202011007147660848 -0.44218201676698376534 0.24778295720269577496
-1.0832033944672616599 4.5669211462994807604 7.2052968495463920462 0.92475273230226806565 0.0046721718373713763683 -0.38053982039963324402 -0.36442554251917541608 0.29901068592321167205 -0.88192212448904838684 0.10966498100597268928 0.95423832479839054699 0.27821360755164842304
-3.5484801597113686533 0.11500919263072412191 4.0255751465287152868 -0.76029206406714566757 -0.010868340746867665575 0.64949045911841085665 0.051841532713859182768 0.99565554818997636932 0.077346524449110540256 -0.64750940750102947696 0.092476529605605109485 -0.75642558039096119415
2.8964654966939318292 -3.3040558222700049384 -2.2081246544840991142 0.96929215358920128853 -0.0049975101919174395523 -0.24586123297986506309 -0.24095929554322603749 0.18034399949373627892 -0.95363235040454130687 0.049105385466536970174 0.98359090415605898716 0.17360182712088831347
-5.4783489273409413656 1.6823274261906269178 -6.3222482387260310333 0.87275836286942765074 0.0049483322536091152097 0.48812739530731663606 0.45748389631758279439 -0.35713508428849138898 -0.81434821555666581094 0.17029775292584242719 0.9340396381192835884 -0.31395641380654232266
-5.8303748571356628361 4.3749702021056755541 5.9476041856316896883 -0.98587907152017817403 -0.0039345336985440451313 -0.167412591471118255 0.032565876376134908488 -0.98514216630034956435 -0.16862495625766210638 -0.16426174245491012571 -0.17169575306803575021 0.97135917576559771547
-6.2051094057670930226 1.732292579513647901 6.499611268377895712 0.81915214416765014249 0.0045618035271232874189 -0.57355815280945809942 -0.47894547738463655318 0.55564808346183069965 -0.67960756105141695294 0.31559625219344417113 0.83140507413288089467 0.4573451741384476632
3.6176609456766257722 -1.2875120893576339487 2.0631749352977011291 0.95825872505431941573 0.011124495275851502968 -0.2856859490108924482 -0.28575763357804506715 0.069068291089846509112 -0.95580968085583351002 0.0090989400072657190821 0.99754990690728362335 0.069364202006206437945
2.4402074779935114535 5.003553818226612826 0.33226996707572731271 -0.61302966295423011456 -0.0045053384535457107612 -0.79004704560157434923 -0.14984576444017347341 0.98249615885943319959 0.11066862566179137828 0.77571958800689710944 0.18622835378088944958 -0.60297439500399341306
-3.2932658408083810286 3.8253263899041045626 -1.486404143354818963 0.96804676631789399188 0.0054309602873295701603 0.25071091498348963 -0.24952477617564919332 0.12035869682168687245 0.96085959961579403554 -0.024956848679158868259 -0.99271561323950763267 0.11786800640668024243
-1.6223880586607628551 -2.2666390239361557946 6.1637633434626515339 0.9869039058543243037 -0.019426439505768791638 0.16013523677654473154 -0.10107419211243424961 -0.84815116743977425617 0.52002269648483212539 0.12571669856539860466 -0.5293979699797195515 -0.83900721157992430577
-1.2108694210691619553 2.2547751954581554124 -2.1815985283672469919 -0.99855261264219730144 -0.0018782389074432554767 0.053750832588937223766 -0.014322696789550679389 0.97258804907446083643 -0.23209340178968065893 -0.051841490546402108075 -0.23252732961143252055 -0.97120723887414939224
-5.962360541419803539 -7.3735744269378340476 0.21981690671045611696 0.96739678800384398816 -0.012110120455766315573 0.25297588727466191472 -0.15729861046505719258 -0.81157871431754891045 0.56266965229389698244 0.19849584808167572425 -0.58411756988581597927 -0.78702354656333295413
1.5720121133833375726 5.1757701646715741362 7.218051855704596953 -0.99415545536244764868 -0.0011858189657982698591 0.10795149098742842786 -0.086892698481112945474 -0.58461944052534031702 -0.80664104080469589686 0.064067070509729998062 -0.81130678759226160235 0.58109956709936416708
-4.6884067888524612044 7.1107610604569133628 1.5468470816792303513 0.95539721651757236742 -0.010245016033182337972 0.29514606268237153497 -0.015382904973030383025 0.99631500909991466131 0.084378722891294832831 -0.29492291349606086781 -0.085155400818988022382 0.95171898836063628657
2.3486133816963170595 -4.2616340929848606223 -6.8129386815539767497 0.90823279003876788984 0.0023628662230291553985 -0.41845861917478321956 0.40928784215432173488 0.20326290712368763614 0.88947605524398842824 0.087158828371612262487 -0.9791213445997889453 0.18364294483065646268
-0.67786065864512679013 1.1578875628983245072 6.2671440421169837265 -0.96608691875711327768 0.0036287197539088033096 -0.25819159126390067716 -0.20322859161937337213 -0.62751931269090188703 0.7516100396801488337 -0.15929282769423594446 0.77859254080210582583 0.60697565886317061956
-2.1148858439354234484 -2.8620036926992939996 4.2019104000409432942 0.99772639850887812063 -0.0099546722723884914497 -0.066655369014766194247 0.048216807199055675137 -0.58557500050527433455 0.80918295723952804455 -0.047086868892158864619 -0.81055710673782788156 -0.58376365379723949012
-4.1733334785215125962 -7.1083575497187903025 5.8125735367107660423 0.92548860097176188777 0.00036074701507147230277 -0.37877528870430460239 -0.21015894578070273835 -0.83146910480254765385 -0.51428819281320492518 -0.31512547815075048208 0.55557087542480965148 -0.76943936434268822566
-1.311986354401613708 -4.5298989791800536864 2.2683566863038575612 0.9101252994105175631 -0.0022349744016952706113 -0.41432709815126422814 -0.41014025181716556867 0.13704224674384121729 -0.90166756426452510098 0.058795520342504570266 0.99056268226537569355 0.123808962885693985
-4.7037576964123619661 -1.1860216195252000215 2.0737839952188013015 -0.95196412853619660766 -0.00027747123589678458246 0.30620943974663988874 0.23571292909035673757 0.63764921926061202129 0.73337772548392421434 -0.19545770140850821095 0.77032681128594771014 -0.60695377976751752058
-4.1179069104893226694 -3.7382096092365197926 -1.3876220915264934064 -0.95205480304604250819 -0.0042290747482234755661 -0.30589829506495491707 0.19145425816305786104 -0.78813277457913766266 -0.58497179134161703118 -0.23861458259742202026 -0.61549073474819737672 0.75115526784478237055
-3.1319281865756440908 -2.9611634469984249307 0.18873003124932566377 0.68531976527867710658 -0.011797630565887059356 -0.72814671271069941749 0.46794916972845790326 0.77325755414409813593 0.42789756894555674993 0.55799676869024739112 -0.63398231116659597983 0.53544937693400118661
-0.64371470340704239899 2.9870284262427229116 5.7834988189363620847 0.86806583987589347462 0.0033982009254721109309 -0.49643745816693563011 -0.21324118114582293892 -0.90047783706826367567 -0.37903543846503234827 -0.44831896714756325206 0.43488862617839818547 -0.78094941354509050946
0.90769755243587990634 2.0486128875608793365 5.2551148066677999537 -0.47606273472909477196 0.00080584567365770548575 0.87941095240788791365 0.8781023883996079693 0.054975681927840837349 0.475303976296631292 -0.047963195150468672379 0.99848736847758889912 -0.026879488492910115494
-2.8067131801521130186 6.019783780611040136 -0.50743865548371192009 -0.24645629920046421835 0.00779032392509092491 -0.96912259463777206125 0.92918778481121400148 0.28610091531500869699 -0.23400069831822184474 0.27544392013971191746 -0.9581678230399617302 -0.077750046617293205875
4.1156180394069474815 4.5748308087741698102 -0.6158274137347939936 0.9996952946545870633 0.0078270926424319157283 -0.023410563133199120689 0.00057152090047294778347 0.94080286712361893553 0.33895374105608955251 0.024677747249392166518 -0.33886383966547550806 0.94051172611404465496
-0.49387725824919526119 -7.0271156343029641533 5.489964159813419009 -0.8504559762090977415 -0.0071402286457870663833 -0.52599776583674884289 0.34499300680400740715 -0.76241602300435884487 -0.54745011930097531305 -0.39712020571439776706 -0.64704777644397404313 0.65086459207130820115
-0.28808184340058973216 5.4020501537173792883 6.0935488098954770919 -0.96779519035444760977 0.0073551263779564265977 -0.25163142022143997201 0.25173039378296008239 0.036488423682979484464 -0.9671093029141333286 0.0020684227287165873888 -0.99930700840792341388 -0.037164829803446819412
3.6281326112131195849 -6.0704838177038062952 5.4030555547312442144 0.99985055928870503195 -0.0013484906384357252251 -0.017234867654966463946 -0.0050457991920633106855 -0.9763061502380129264 -0.21633502009125940568 -0.016534781540668411215 0.21638965451325875566 -0.97616705456549845987
0.375879210607453218 7.2194105938109247589 -2.6867354958150180266 0.91886039142556019677 -0.0078242179193300058493 0.39450521249186776274 0.048395369208527327931 0.99448961563167304067 -0.092996196910018341653 -0.39160371462552950872 0.10454274730706150653 0.91417577340303746158
2.5235605713175717213 0.6578852811852795579 -4.8255692726856223018 0.96407895162394519062 -0.0012712097564511904563 -0.26561279912972474149 -0.15452188077256090448 0.81067451858812700216 -0.56473871239238937481 0.21604342942638060654 0.58549569506337795222 0.78135781026617423528
-6.5815748679336181226 6.2512868675542021535 -7.1766709514312196916 0.91927558796826747134 0.0085433827221229260984 -0.39352179606367015952 0.087183813808327348394 0.97051222318776453335 0.2247331912583352409 0.38383769483389751365 -0.24090046752753016546 0.89142334991276883649
0.25135608600148745539 1.5203022232559850746 -0.82936870622097269568 0.9797200643862468139 -0.0037458777684881245859 0.20033612714275289557 0.062701220525296072483 0.95534313027515072037 -0.28876990906411831306 -0.19030804602918605095 0.29547499358826462279 0.93620370421216314583
1.3209434032787790159 5.9153996204319732044 -0.91041107991215020068 0.74497891667230919932 0.0060151459930784540592 0.66706089057315054447 -0.062732813902321160615 0.9961596772601156724 0.061077749310987874964 -0.66413176988716560167 -0.087348242224337221962 0.74249530423200726936
-1.1617466046686479864 1.7346755702867742155 2.0415814932656193292 -0.88649564447219386665 -0.0012320091546292460949 0.46273529634703491897 -0.35204289927696502671 0.65079839353613311292 -0.6727014553570141997 -0.30031861314381336214 -0.75924958552789467703 -0.57736366137397410192
-3.7413373181086115871 -6.6604180896937510425 -6.4565854198528551677 -0.99915052319785413459 0.0023197938504404499484 -0.041144265092483117696 0.034063084160481434115 0.60841604107964697423 -0.79288689436427395307 0.02319349673908643536 -0.79361485590525226996 -0.60797822509975418814
-1.6090354441543253117 -6.2200917743656392034 -1.2566607027266569752 -0.94335701138582273018 -0.0016182722120640724919 -0.33177542142868260422 0.011561775308581725974 -0.99954108772028982255 -0.027998916237815477809 -0.33157785574559189845 -0.03024888681961377529 0.94294280336896163508
3.5188247403235077826 -7.3144384784836313784 4.1213911267858227561 -0.90495477375946065113 0.010807216737573187987 0.42537049911385360623 0.23780890046775465807 -0.81613367470715481033 0.52666189521104533888 0.35285093780271109543 0.57776208691421826469 0.73599401262261598955
-5.6027274082151974355 -2.4729588986977204534 -5.4004261948813754302 0.59646623591128500319 0.003171941305541644239 -0.80263190081513080543 0.73776286452447903397 0.39168566896223611096 0.549807504912430689 0.31612337013616315096 -0.92009362323504617631 0.23128713612265069943
-2.9009802167123925898 -5.7078211564921828014 2.4892870461224778644 0.81103250686182848384 -0.012191151161972420616 0.58487404511281804176 -0.28423744085190799646 0.8656264260858627102 0.41218923770476306734 -0.51130749068559411263 -0.50054197256081445211 0.69858598874700583714
3.1848722865953793537 4.7745280892887933533 -4.5086171815284430409 0.99950428799209700692 -0.0025855332052557283146 0.031376636264756639638 -0.031449246519870147076 -0.12812232955961397329 0.99125960956831626891 0.0014571130964909891417 -0.99175500184589138186 -0.12814013085356334987
-6.6631339858633804596 -6.1156045334385380485 2.9207920629110217803 0.16765588782640400423 0.0039831448192638001238 -0.98583753115531191913 -0.038870660388748437541 0.99924093706983485585 -0.0025732168192163732551 0.98507896893498125834 0.038751570822399862559 0.1676834539264682733
-3.8359580736917862076 -5.0976438550637643843 7.2318470395358591674 0.94667562360564072588 -0.0090095995479362641495 -0.32206224675805222857 -0.32025956795292781498 -0.13552577595210188455 -0.93758550180085420411 -0.03520046598360461465 0.99073285560167922981 -0.13118435892272919951
-5.9414911915084891447 3.1371898477705104646 3.38523969745131037 0.80032159532716617978 -0.0042002602183841691863 -0.59955625413058377671 0.24354973376863328638 -0.91148136269283819288 0.33148944575174094096 -0.5478766934577989911 -0.41131992813097195683 -0.72845524604337497099
-1.9709920482766285499 6.5414152774121427925 -5.9087650142024292776 0.99437763212293062143 0.0088101254808050089018 -0.10552490901499925191 0.027217067426488966708 -0.98431791459227502283 0.17429134876247057151 -0.10233452972647558155 -0.17618349724579759896 -0.97902350294777540363
7.2041779893008603963 0.058217338476689133031 6.5739087539451439568 0.92110981780981904254 -0.011068204133422385876 0.38914547201726212844 0.37533489118690888109 0.29060562359405223143 -0.88015458357796749755 -0.10334613196441025385 0.95677890151948019604 0.271833976197367988
-1.2562890124769177103 -7.1901329730650873628 -5.9013852864953522115 -0.98757275969975810703 -0.0074754031523351777144 -0.15698459366039643759 -0.011923777521674790159 0.99955305514362324804 0.02741374623748335862 0.15670950139871345219 0.028944918394660547334 -0.98722050417860285343
7.344127252334896383 2.259292944738345188 1.4551278299713783504 -0.96730771035667850732 -0.0066300108281812757116 -0.25351890746210253846 0.25222847019737554275 -0.12918662591313845311 -0.95900553413785338819 -0.026393035184649190489 -0.99159813364156368376 0.12663549680941968423
-6.7907859509911210338 -4.8200869646051831552 1.5530286952609599904 0.95979753031568670885 -0.013118415313921183776 -0.28038653316348399747 0.039061278727763888707 0.99543010990574398722 0.087138469100105531151 0.27796207889557333903 -0.09458754396108054463 0.95592378316651605008
-7.2283394876372959459 0.78502768699697111909 -3.8718495632022165154 0.74749651855493548513 0.0067593087117749960438 -0.66423133507387777108 -0.40048153463871472013 0.80236606741376892415 -0.44251919085658020236 0.52996556035433306509 0.59679393898445398658 0.60247282032444726685
-5.2310233623655957302 -3.9586326408828669265 -6.077733118966029302 0.94397246034805837311 0.0082238703889755543353 0.32992175142019253276 0.28324265680923188526 0.49288729797840974411 -0.82270025456124762364 -0.16938002086434125748 0.87005429683868074076 0.46294268444880776192
-6.0404069758207965535 7.2381876890653149559 5.165994357231153522 -0.94016929229456580597 -0.009401148774333173766 -0.34057792093457173177 -0.29358380305707182378 0.52959869966726158541 0.79582269877983924378 0.17288797647312781347 0.84819622476904754649 -0.50067245967656248684
4.6986821202519566398 -3.7029071045716994703 -7.0876128348591604933 0.99986748301710259845 -0.00085183066608648157908 -0.016257022775710408546 0.0093383337258573784201 0.84800315287058258829 0.5299089056099327566 0.0133346139140759299 -0.5299904971845492696 0.84789873273037041912
5.9564578864636645861 5.4221875747409313817 -6.6048678515500514052 0.99438781584339719366 -0.0086607440373709810438 -0.10544127851534794427 0.050596491606446601652 0.91420978720491419267 0.40207021776811407987 0.092913221553032360189 -0.40514868442543566784 0.90951727678436022906
6.1582605274483510627 -4.5162314780586454432 -7.0155856175565789457 0.94970573461770657619 -0.0085025156150261259336 0.3130283131966044019 -0.0026933904997361538675 -0.99981612980965051118 -0.018985579266001643278 0.31313218180521579237 0.017187606019063828011 -0.94955401263818417501
-3.7906232735360196884 6.3872267291607531803 -5.13413464680283127 0.92802131220752837049 -0.0080729059690633746954 0.3724396223251443816 0.32270912630740761218 0.51687987026613901875 -0.79290227614217656527 -0.18610551815152673316 0.85601987588072769864 0.48228073589019665457
-2.5009763293863676026 4.5020467096567617915 -6.2909165434633589342 0.98367108674309877703 0.00018251748757174414244 -0.17997544219435251955 -0.024846462793581956807 -0.99028638248861489135 -0.13680472924633441112 -0.17825219884285128935 0.13904260981764707261 -0.9741115471354913069
-0.49643374506467419227 -1.9069431993938887882 -4.4787708130507235538 0.41521052169579042435 -0.0012124312642542054656 -0.90972454769747879144 -0.50406651168150906628 -0.83276499306658768873 -0.22895287315095336211 -0.75730916703439909998 0.55362532125374264158 -0.34638393321920041279
-4.3914805319680825235 2.3383542968186357136 -0.12836353806298533842 -0.99943775389329392311 -0.0071130117219871478312 0.032765548324457396956 0.010334970390751874181 -0.99500988629533826391 0.099239682393381767334 0.03189615148862518651 0.099522516240114405894 0.99452395862606512988
1.9142715785516200011 -1.5015411174799582206 -1.4147069638054430296 0.74204110254032151772 -0.0098065608815380948815 -0.6702826519495371782 0.66872255414040771004 0.080553987543586738629 0.73913544136022102382 0.04674556369036417941 -0.99670200484128790297 0.066332238170949159306
-1.2718868003117578258 6.2293681892503727227 2.4229101586542665103 -0.89769022836966771983 -0.0054231287952114168305 -0.44059373981461608105 0.098522618762926825187 0.97213758844915554302 -0.2127012052534743014 0.42947124174016804155 -0.23434824257560951666 -0.87214411293077265253
-7.3483007404585913847 6.7117541959407160945 -5.6036299737696246837 -0.76650509469457706047 -0.0097818437025397296514 0.64216372938748189636 -0.63757557748947313314 0.13185588028986586218 -0.75902003255641037338 -0.077248448503045005764 -0.99122063253691805595 -0.10730486865523312934
4.0988643877657091608 0.76802627853063620833 5.6614521083274684798 -0.88369076586147543573 -0.0012806030006652358282 0.46806942902423809283 0.46806822481124543689 -0.0059716343902207836072 0.88367215442420088412 0.0016635062867235211534 0.9999813496454171835 0.005876487740876483977
-6.7460241977414394654 -1.3204899063538315662 2.3727767085225637267 0.11415291714505798604 0.0056193281002771440502 -0.99344729838024070645 -0.034376516293844194827 0.99940750196958494378 0.0017029781509030027242 0.99286825240557907701 0.03395685731603421964 0.114278454690507833
-4.7376066862541268421 3.7593668431545195219 -0.97335520246080864393 0.64006216863442644271 -0.00073633126947669855916 0.76832276947852817806 -0.48763696033600500979 -0.77316654719434796394 0.40549190523821238008 0.59374288643916428576 -0.63420260809599249274 -0.49523371925484743761
-5.0377792554534996938 5.6337981362738478452 -0.45246212831657839359 0.6384154516930587997 0.0060215336944916438011 0.76966840403619585231 0.76475027830490416303 -0.11809364041235813347 -0.63341211223557725152 0.087078831366621520238 0.99298420592991132327 -0.079997774354560499677
-2.400448903703705561 -6.4658172977770611567 -5.2543380802394770157 0.98914833279294689383 0.00060689395467255699557 0.14691905054365095307 -0.038336023383255125874 -0.96428313986643743316 0.26208467234943810809 0.14183062096772092175 -0.26487290886216502406 -0.95379579423846594377
0.35862363475367065035 5.1645583915473478598 -2.5111769645764669967 0.7743481643550536031 0.0064298490475491092491 0.63272709551685091256 0.6289302486601142661 -0.11766769399337924373 -0.76850572939339367728 0.069510162424457400121 0.99303221036965672042 -0.095159689408045797232
-2.6156864116384079821 6.8244839924389175678 6.9697786674093720194 0.99667597459361312318 0.0057417005742925403614 -0.08126521114525626921 0.060532792602627734369 -0.71979004425906800702 0.69154759287071931873 -0.054523230715822795789 -0.69416808127432816367 -0.71774500503464233603
-2.324401400632170489 5.9552816759704310101 -3.0302137797507273653 0.85601961462787024004 0.0041416267259634540962 0.51692675138791210898 -0.29181221052297301455 -0.82153818978709636234 0.48981694183754781458 0.42670370652484856944 -0.57013844779082867298 -0.70204422737352634165
2.5677676672379048384 1.1234829582031156114 2.1770722929814687596 0.99924575455302722116 -0.0032045380052474928094 -0.038699521234098650802 -0.030699222338620192618 0.54509779168308025721 -0.83781021433854485636 0.023779818236864910808 0.83836634500575157869 0.54458827733089776313
7.0817206955856235595 -1.8452248557319133049 -1.4557255431782638588 0.89479715933386949622 -0.0095832446447661322891 -0.44637003155465315718 0.39542512739012264378 -0.44720876709810181149 0.8022738231171726575 -0.207308977800125388 -0.89437826452384106002 -0.39637167869419920319
-1.2111042606894366624 -2.3323130042184327948 -0.22129218107522136139 0.8203475821541705848 0.0022734091000761753182 0.57186071386731340827 0.15811628130287264105 -0.96191027080943836136 -0.22299747195512803488 0.54957172965931277986 0.27335592644477985091 -0.78946022790050285334
3.8650467647197510601 -0.48758788782319806288 4.1759020650209555114 0.50383293746902879651 -0.0015404597263314772672 -0.86379974421461924727 0.82729121583197284817 0.28851726503825980696 0.48202389150554775243 0.2484786013495609569 -0.95747345381407777953 0.14663890995468745193
-1.9393094473291099256 4.0420459769086152235 2.7579647722974489632 0.78200354949911043967 -0.0030335739491544168669 0.62326659304026177377 -0.49821599820038114936 0.59781197293522114755 0.6280140636581678093 -0.37450135875323103951 -0.80163061471250995904 0.46597970969525004392
-7.1118798905859552661 -3.8335995779963676355 1.8730066393111468592 0.57247249676999867329 -0.0013631954541210530331 -0.81992279035290827061 -0.59122101610192723253 -0.69354950296485051719 -0.41163915879911794349 -0.568095899088717049 0.72040768224351048321 -0.39784396539729632858
2.5536108996390667336 -5.1211746996771525531 5.6381443306437448726 0.99387248475429368355 0.0023080199467523645693 0.11050862904052803637 0.10882990931215547059 -0.19524873909069165312 -0.97469686606794136985 0.019327050669899991514 0.9807510402377866976 -0.19430353106665640417
3.2815704233640663467 1.7945691766924207755 -4.623227161594805068 0.86613959977745647034 -0.0031195830335818517005 -0.49979241880903774176 0.46892287146028294176 0.35111289965089614862 0.81045115356835240039 0.17295529572332615786 -0.93632793395279267923 0.30557563021413980398
5.6540821882342218174 2.161031249151190714 -3.1240291125935026884 -0.96561232278987296773 -0.0071315613600470379937 -0.25988840472186469643 -0.25881137421238126217 -0.06855692186269352062 0.96349188945365094039 -0.024688350585055404696 0.9976217165325110825 0.064353679367268643019
-4.4691838120478628582 4.6660882849934548489 -5.0205443021892728339 0.98963635073215938665 -0.0109350068850204412 -0.14317932439422378921 -0.020727961215894100816 0.97577516719748147445 -0.21779158547690399828 0.1420923816867251388 0.21850228535446755695 0.96543591520177263199
-1.492178616832798177 -5.0620051499876890233 -6.8069962349982482408 0.89058754259847561219 -0.0067671180306971114374 0.45476151451283780558 0.23481275568481671523 -0.84948045250675652262 -0.47248907984924459758 0.38950840650259122011 0.52757669292972586561 -0.75494770305057146143
