1125 14.717824617146108679 14.977075390850430381 15.033177056927090831
5.5227281388527691419 6.0971473497812418429 2.2925033899363462808 0.92709611411690406868 0.0038794448716064936986 -0.37480360870300544196 0.26785914310436409469 0.69261100500275440961 0.66973239073868606752 0.26219129399105706169 -0.72130087041159096639 0.64107782655364176083
-0.043946589641877961685 2.3009242043994877491 -4.0939759984463375275 -0.99668742264111520601 -0.012268236109928894184 -0.080396964692252020912 0.077929620766508223006 -0.42683237758132436257 -0.90096675613223042856 -0.023262754698485803989 -0.90424753902408872008 0.42637452129882913443
-2.0930846849754303207 6.3216348315752810549 -7.2313507364567195523 0.8898492252612453246 -0.0062901621194743802257 -0.45621134374583327542 0.45458824428768362935 -0.073159754160574352877 0.88769205162972264489 -0.038960036670611278287 -0.99730039819088445174 -0.062241716805952015945
3.140889523617357959 2.5199846537122674306 4.7478869558569520848 -0.95579678819277635871 0.0062729084745319864044 -0.29396113739686086097 -0.26192813297209815993 0.43607410542535968156 0.86094891122249761484 0.13358949374148468281 0.89988889602929367229 -0.41515517817448077675
-3.007925869878996572 -0.73370129466597866497 -0.03094777259800273253 -0.99303166376687368455 -0.013172460156595938024 -0.11710935509115233399 0.063461248635121314532 -0.89711588611594872411 -0.43721362833303784035 -0.099301483765885670274 -0.44159888266606667218 0.89170042175048980226
-5.8319626344482129454 -5.7368213445892193292 -1.5965052518954467864 0.95683236866736798287 0.0075692135955545370926 0.29054177888210835912 0.26094300360351313506 0.41783852486590467024 -0.8702411826661782257 -0.12798658969123993812 0.90848977657616780679 0.39782629213738790463
-6.0490129275201391934 -0.52914766472191065994 -1.2162696009382796269 0.9891374036577711415 0.0017382276737322082186 -0.14698358836855268672 -0.043997540143273873581 -0.95058647853450506382 -0.30732647671291402069 -0.14025481505631856582 0.31045502958080645195 -0.94018416358798362342
-3.7754254891305580877 -4.8883855053776779087 -7.464881467707075835 -0.8508403093849895571 -8.9106024034561054359e-05 0.52542436181234941639 0.33977510548682121616 -0.76286492137834682747 0.55008180248203331075 0.40077879886188905179 0.64655788897087407285 0.64910650173312900435
-0.7524103661008209043 2.8585274786481305043 1.2256400597551555531 0.98168108153291633311 0.010495283568908983507 0.19024222239877175422 0.079390449438801552473 0.88514157338366661332 -0.4584992383918054526 -0.17320337958107723253 0.46520344376493216743 0.86809351178941784877
-3.8160712159789436093 6.5591040400792479659 -1.9160764289085214784 -0.96433750822505304168 -0.0067078247671250677137 0.26459058055258516395 0.14710896956941599267 0.81745945279269416339 0.55688328589765423438 -0.22002754669021709621 0.57594708795761284659 -0.78732003059158839342
-2.2984418462847933107 3.952005855968176995 -5.2708485029918765719 -0.98675909897459535003 -0.011321601675706116641 0.16179710110623868324 0.11848288373454236855 0.63092302882199191583 0.76674502800091604016 -0.11076229887841648747 0.77576282009236385839 -0.62122762342762805066
4.8646818268253211315 3.6538286442230942797 -0.36189128836607586948 0.97210190740594071279 -0.0025599829501093012731 -0.23454493834873307856 0.21508891708416089106 0.40860802977314114592 0.88700407876874209911 0.093566229833584549369 -0.91270637364492501753 0.39775926908432651663
3.6660920365822633471 4.5595358623227788541 0.50270544433498587367 -0.97550086699042193317 -0.0073479888055675490408 -0.21987283952658523423 0.21803178602719008872 0.10095110213510642694 -0.97070645164215274558 0.029329145619961537877 -0.99486425307091341796 -0.096875792533429289088
-6.4932274438058854571 6.007236853665992804 -7.004049686137917341 0.99690937264709322818 -0.0098405224678061384291 0.077941432153165832175 0.068934588440088775951 -0.36627140315906331347 -0.92795112034237148269 0.037679241567685498038 0.93045602977552677171 -0.36446104237541893101
-1.0947003230916712013 -2.3885952804001648886 -3.1613157165959084871 0.87708737057147245775 -0.0082226955570070241891 -0.48026048313574409843 0.43230629398404074593 0.44930293047401026474 0.7818172068004034525 0.20935379759095920638 -0.89334162779152270772 0.39763264892234212455
-5.5710662808368489607 5.0164020700205051995 5.9188325809936594979 0.91678357146868816319 -0.0028579025764040632065 -0.3993741547446627016 -0.35000581892548993101 -0.4873875105212978065 -0.79996833768972397394 -0.19236374347421697495 0.8731811077780873287 -0.44782914511655591561
-0.53734416232548753989 -2.2422214053522471211 7.337774839039123087 -0.10180497730224748187 -0.00093491440542243283568 0.9948039367290215651 0.98995743541540781596 -0.09868913774747711809 0.10121625440810348706 0.098081714209308987207 0.99511787242808036336 0.010972570895484022938
-3.5823233712678241858 -5.2226473582128472017 5.3517808509572093456 -0.84218203132499636077 -0.002823104300778179164 0.53918591987866382187 0.36509762998849831783 -0.73884988665955764198 0.56639612071423361961 0.396778460466409022 0.6738641369486263466 0.62327680708057786596
2.897119740851410441 -5.9170978743914579567 5.9312224567365534611 -0.9596575397461872825 0.001557795570035228061 -0.28116717390386064546 -0.046586143989569658852 0.98528251478192108159 0.16446305741183153692 0.27728530000040557679 0.17092670750362315424 -0.94546122240188668062
-4.6981301105353008296 4.3207021620578940357 -4.5736737417606416756 0.81103766961265810753 0.0056829714112495103434 -0.58496632578728957608 -0.40916170694353254378 0.720179108968581283 -0.56029344862861818477 0.41809639563174216814 0.69376491323874744932 0.5864176405249825752
-3.9411061011259027609 -5.026545302908886903 -2.6485759191358413389 0.91451965902178511403 -0.003686537213401007082 -0.40452466266727016286 -0.38416768738263229466 0.30542383470100037401 -0.87128150971291340454 0.12676348541186005514 0.95220937332074417903 0.27789985269216321839
-7.061852263827316456 -7.4503969510908039098 5.368512978004616798 -0.85729572921616714609 -0.0052932357673646356772 0.51479706129941815718 -0.064583163182236169586 -0.990942141755666972 -0.1177399113558195709 0.51075732760366154839 -0.13418514577932877385 0.84918861211821317081
4.0674910754196256235 -2.2873971859502830739 -0.71506743161774100059 0.8320320027159119336 0.0043095284879826872143 -0.55471089264664186214 0.52873774110575633145 0.29633306673873666126 0.79537608380415925069 0.16780687586314041448 -0.95507494026461425829 0.24427998463161659792
2.2684022897419988674 6.1469727338960931107 -4.9202511794135004308 -0.91867890209014801961 0.0037797287619808364947 -0.39498707384549835986 -0.27760355119790364187 -0.71754805303675561756 0.63879657164503955702 -0.28100772803763024443 0.69649874747456652635 0.66024552368763289589
-3.1633978594775205018 -3.2275303449617824825 -1.6594009356071879324 -0.99569970351396708264 -0.0064644801201463701623 -0.092413802642815262578 0.077613044158259272831 -0.60286427155271338219 -0.79405974930207978701 -0.050579796348144939744 -0.79781757349783533062 0.60077350442533683506
-0.65905758948144033127 5.5310698681692080925 2.9415276660866527259 -0.83269579082882749788 0.009679507561988319117 0.55364612079306030346 0.44072351950278065846 -0.59372834616726954948 0.6732380190649993601 0.33523200815695680665 0.80460733161633213317 0.49012910810950816032
-1.8164757612110986607 -7.4822466711735318157 -7.2244810283787392891 0.51438490839250361475 -0.0082665326519063449251 -0.85751958021733298843 -0.39588488253040499121 -0.88931448551418612603 -0.22889933516423049964 -0.76071238047108014069 0.45722140183138298974 -0.46072254547111884948
-2.157874862301744745 -6.1727970939448448817 -3.4174232229643695113 -0.74457041272232460383 -0.0095612984001403281825 0.66747545428375099075 0.40729817620621133756 0.7857020564346922642 0.46559690094907496549 -0.52888854795465511938 0.6185312118941471704 -0.58111620503590499798
-7.2321747121110862011 2.7648809904739124477 5.4322825458587518099 0.39965041970504316948 0.0061738044844143252429 0.91664683830138493636 0.85680329675867572536 0.35293071519328772512 -0.37593619263988570234 -0.32583378077337316059 0.93562909019081796913 0.13575917241801988
0.61956142191586360823 7.3347366922488870244 -2.7270423616316028514 -0.91480141505361900478 0.0003196175962272113872 -0.40390378663788606417 0.26427520497731421534 -0.75575932847299120976 -0.59915478255633825011 -0.30544555496858599719 -0.65484939892362670211 0.69128523612135983623
7.177076809267899371 5.9477177622323011974 1.251347224843177619 0.69862529129889205937 0.0099652500572116314154 0.71541833646388230949 0.71277969371461946668 -0.096607270430918892878 -0.69470291746039791736 0.062191724414041797686 0.99527269081947300489 -0.074595310329907599245
2.0561472266984628376 7.031986453609366805 -1.1307493129844929936 0.99738511027551313148 0.0027646417412356292728 -0.072217024010534480727 -0.0044751397887267743703 -0.99498777749627997924 -0.099896425146081782587 -0.072131234044346861922 0.099958388288036784108 -0.99237362202255496868
4.8617593418433262542 -6.2348782237724318378 -5.2981312146183983103 0.9793988902347053882 -0.010686864086974088434 0.20165218754844543847 0.15527047251433362396 0.67831235652749555243 -0.71818063698993661603 -0.12910807167758928116 0.73469594930024406665 0.66599772365199094715
-7.1556611495754944841 -1.990258094166974745 -1.8482433810144278663 0.89001277711249349167 0.0052867252739186004068 0.45590493209931653995 -0.33200918744443108643 -0.67781089970884811358 0.65600478937912354294 0.31248544930778132667 -0.73521727045258988831 -0.60150511984453058911
4.9778433436282849556 3.2466523546169820946 -3.7908140617001717665 0.95151927127202540202 -0.0017845611596855907519 0.30758395884608430437 -0.24154325023841297093 0.61479667211224287016 0.75078752668380033253 -0.1904414205529408044 -0.7886836294111978507 0.58455983272597034084
1.7353472472989028841 7.3768223616397081699 -3.6300854336266970002 -0.99998654625440563937 -0.0027258572752436437819 0.0044132767987176066415 0.00075477822281592738679 -0.91820441253183204822 -0.3961061563733425106 0.0051320190784362243464 -0.39609749621668655095 0.91819411666103478709
1.5866261195009081497 -4.6006329146243745143 3.9875406525946397451 0.25423633833029152251 -0.007966928013467430153 0.96710930733316879948 0.961817724363062454 0.10686600220592472332 -0.25196492349817178891 -0.10134371896345098496 0.99424151272739813567 0.034831953664944736992
5.8395523542782949988 -6.8783278532686376039 -5.9981795458772690921 -0.98021838863267163333 -0.0029328758318534139948 -0.19789721783208874539 -0.041892493387072765598 -0.97416046291322722084 0.22193785502830304379 -0.19343456150373353197 0.22583797452182083343 0.9547671337450527318
-5.4798013770689060209 7.1535265616718906045 -2.3932367821943398845 -0.86996685228137493606 -0.0034863126706352678963 0.49309788232720486167 0.30697512478699107152 0.77874863208036892992 0.54709856588655492171 -0.3859066580063673646 0.62732640121142746459 -0.67641528490221247694
0.37406617255016838541 1.5559800419047062903 -3.048365974626727315 -0.9284716617945364403 0.0033066640502440922643 0.37138852865633936728 0.34458075558866396726 0.38078057631468775757 0.85806191826659350408 -0.13858021548046828286 0.92465951499692600191 -0.3546833872668755383
5.804062152365385252 -2.0595526752172963469 -6.123024531006209692 0.8266684837635585037 -0.0022172490155247413443 -0.56268490450601948982 -0.2382329242330642749 -0.90732302682347532041 -0.34642459324805369159 -0.50976886111591390716 0.42042836346104717204 -0.75058357258464447614
5.9704194590346935101 6.875397103514438335 -2.0099747733351005508 0.93547641227447064782 -0.010663191648503565767 -0.35322822427139632939 -0.25262848506421897721 0.67875669992176335121 -0.68954201528657621534 0.2471087424843567415 0.73428580175244595463 0.63226705649802961151
2.7808316755198081438 -3.4881083659862710533 -3.6459587289294783652 -0.95162469332651444809 0.0069199626727767249434 -0.30718489085218625423 -0.13304310949739467373 -0.91044780848096262815 0.39164310162106052982 -0.27696565503055314839 0.41356607954323182375 0.8673252698871684041
-1.1769420020647645142 5.4373830652323311696 -3.4062968652128846614 -0.97184768073113458886 -0.00058293103144380249703 -0.23560930722069839405 -0.23279591019020423603 0.15647030651499838072 0.95985577425875268087 0.036306330802086610177 0.98768249117338613452 -0.15220100844991407696
1.0552509387239641381 -4.5396616538581922029 -0.83828790804840302986 0.95732621543475138193 -0.0027738740886371696104 -0.28899623330401791321 -0.14221384542508896942 0.86599243214045684702 -0.47940831203140177319 0.25159836925298922905 0.50004941065647623422 0.82864277435536026761
-4.0884344863417316773 -0.10272040163775522648 -1.7632095779177821004 0.41581432432639725549 -0.0075857487110722130602 -0.90941789299617059594 -0.74172817123997059063 0.5757965608714457062 -0.34394424036119647381 0.5262487697601458958 0.81755781257667869966 0.23379789438918907596
-7.1562899160607553739 -2.5105698283754303013 1.776543383294209022 -0.57542993202491554694 0.0062150950009586649128 -0.81782746708819664683 0.60415128996276878937 0.67723885919437853964 -0.41993897941656421757 0.55125458017697503976 -0.735736977588588692 -0.39345836837290343313
-3.1491569382317745607 2.7840699298808355699 1.6968037633434738254 -0.97747158062342065499 0.0072395853791348725725 -0.21094287728453745001 -0.10287140260329136199 0.85633139442814221187 0.50607708646320759271 0.18430079652566075388 0.51637595927794088801 -0.83629485534694469884
-2.452128539057429002 -2.4202504405818263677 2.5600675904421219542 0.96772489385015281194 -0.00087009551662586229887 0.25200748551674417852 -0.16263878768302464373 -0.76602272447862618243 0.62189855308030950187 0.19250234950168729209 -0.642812903196719021 -0.7414407710128454454
3.13747579097187268 1.5117429137707021347 3.1897444443443419004 0.96426217746854203661 0.00056044582269825101405 -0.26494931402841903623 0.23390926541704476493 -0.47146722693952258787 0.85029707130744958121 -0.12443837292283572993 -0.88188340489111283205 -0.45474910832446935327
-5.2867693997505220693 -2.1922848962448227006 -4.2227447721323345675 -0.99385505226675308066 -0.0023336998189778606315 0.11066475919992745103 -0.012355602911267965852 0.99586855681191110978 -0.089961973244801457517 -0.10999760979365712232 -0.090776491442199624959 -0.98977783084950188286
-2.6360535540118883446 -5.2128216458646994269 -6.9597904459103112629 -0.96297959613569272808 0.0029834178804512660743 0.26955777978812128781 -0.043949909482381560588 -0.98829747493527841939 -0.14607021083414664653 0.26596748463491015624 -0.15250967265850134957 0.95184142422077555601
-2.659200174246417081 -3.1311882723255095584 -3.5517869186477772914 -0.98301859397835955612 0.00043295400864968983969 -0.18350546706756601378 -0.16946931679926424685 -0.38571894351642288523 0.9069184347427750037 -0.070388880914963009028 0.92261623070669918079 0.37924226594638810184
-2.8675142182328507978 -2.6590884135275785205 6.0132725240345861195 -0.95547202165280242792 -0.0022084344361407676031 0.29507344620606679175 -0.28991673451248756166 0.19330178903600345186 -0.93732742699939552988 -0.05496819888105095725 -0.98113686159111268559 -0.18533471325950318098
-4.6827625733591080603 -1.3316211375382163151 -1.7170944416718083581 -0.99961806359802962696 -0.0033630682650428508212 -0.027430215099117596922 -0.019944857127599371904 -0.59925888359339229972 0.80030681185945651279 -0.019129286518258067223 0.80054823727634805142 0.598962928895422686
-2.9300476370926298308 -3.4990155969661236313 2.3075770748192674375 -0.84158245592954972203 0.012817332955783997811 -0.53997656046108544192 0.055135349903325879539 -0.99245766032149673741 -0.1094892033953445698 -0.53730723339870567479 -0.12191598929188393607 0.83452826704217120124
-5.3287476275559049199 6.8237524487028169418 2.896828570468451769 0.89430478876670771449 0.0021081467220175256067 -0.44745335008946296451 0.049074553063784415174 0.99349447624495257347 0.10276387454857592585 0.44475907301648137659 -0.11386079829356771098 0.88838341136103604612
-4.1284887104388072743 -3.7022268170595400427 -2.7795349779260209999 -0.88260231984861114984 -0.0082635085358047713489 -0.47004772036951414371 -0.019594887167927781124 0.99962325400917173557 0.019219532800695243724 0.4697118110019627979 0.026173736280466951276 -0.88243172548038151248
-0.42489922365129756399 2.5158096285274478277 5.8082325648611137225 0.95373455358268999227 0.004001232146710080248 -0.3006233381554473949 0.29061708163928445803 0.24388702117023311478 0.92523555528534462411 0.077020212684094507827 -0.96979539648641066574 0.23144065285094167495
6.5777275333294369375 -0.93647382565662529164 -1.5924876268871426266 0.98846276725110227002 -0.0036718415792321591057 -0.15141953420076600945 0.049370688653556406289 -0.93729615721584103039 0.34501949042069235407 -0.14319180444435067323 -0.34851460693594787932 -0.92630107194807587145
-0.21753198465034490061 -1.1395656629120718417 7.2863273639282768457 0.8168922052361393682 -0.0066055333622099011992 0.57675253961584482809 0.0051831811996876789653 0.99997811507158129718 0.0041114487018345099653 -0.57676707573944163698 -0.00036919747651240395316 0.8169085652851040269
3.2197230193787547137 2.2277843840800053421 2.385488876351569143 -0.99112049808312563393 0.0080176667325612353127 0.13272481041435274518 -0.13275050654657730154 -0.11657108935471392763 -0.98427053401910136188 0.0075803226179616987543 -0.99314998773941798316 0.11660034546339242967
-0.29042266725141518968 -1.0698037054673430468 3.1454909587786517022 0.8981001241876723773 0.0029324415231315173122 -0.43978127259004629046 -0.31410010037513796943 0.7041999339238677047 -0.63674451706010426477 0.30782672703739283326 0.70999567171106270358 0.6333631282866729606
-3.6886355392528824559 4.7392022607674357815 -3.5521989397325781646 0.99720279154039115355 0.013750266723835731508 0.073467834520476518745 -0.074660055090464347294 0.22968327432182797376 0.97039758329803660342 -0.0035311071915002205379 -0.97316829154142781011 0.23006739799501815802
1.956775969671424642 6.4211487827944928597 -6.4425204287403223802 -0.98472781972209999513 -0.0038149363310723237441 -0.17405909147807807624 0.16617544117640342671 0.27761496981962163755 -0.9462112086008455103 0.051931144944145940512 -0.96068484675923726535 -0.27274123522475340886
-4.7031073376606506997 -0.92739874688324963614 -3.9473321015857862903 0.98822178801629045886 0.0053894976721921474677 -0.15293348555773714215 0.035470646519808038399 0.96409478199966180956 0.26317880719527031452 0.14886077698797189894 -0.26550368102178006913 0.95254830031793880085
-4.8637201126486999669 -2.0032140508531646184 6.1237115409927795895 0.96549451644400718919 0.0060457514293076634534 -0.26035319780309873483 -0.21924904066988487594 0.55836681419561451367 -0.8000977183883744015 0.14053539369841272499 0.82957214857697580968 0.54042562247118874907
-5.73923019748015939 4.5238187983719342355 -2.8724917589988141486 0.97463371990851510596 -0.00086187125020506137 0.22380431004641926362 -0.2085601078977933065 0.35926866366556725607 0.90963108384756852232 -0.081189860272407307629 -0.93323377804594442875 0.34997560215395906447
0.26208953399845830168 -6.4149109312610912426 -4.4520332359878205253 0.99035036105188833933 -0.0014156232525058955012 0.13857906903716871172 -0.051844889120017306761 -0.931125143985087389 0.3609959469452879155 0.12852342135400565692 -0.36469708286416036014 -0.92221351536051376918
-1.6606874510775997411 -6.8680452074487288172 -4.8576081108641560036 0.46583739881124452964 0.0036879425196096266362 0.88486265428521193588 -0.86435636585883757199 -0.21217780563131150018 0.45592614708615575303 0.1894296456949450258 -0.97722411855079127641 -0.09565266046701745295
-0.24026215515841459203 -3.1340643045987532922 -5.2591978416692706233 0.87604254966864059107 0.00098020824958706649979 0.48223281759100833366 -0.16054046756660561579 0.94354945755509522787 0.28972604201392071488 -0.4547265215967419838 -0.33123022256331369206 0.82674683562570117079
5.9966598564993933707 -7.040013930511032747 -7.5096116554017333655 0.91543541884961066035 0.0033248796272966935246 -0.40245116361001576077 -0.16701709633766945173 0.91293537932175528038 -0.37236310600489486156 0.36617384320374191109 0.40809060067359581581 0.83628869309309394886
1.1105932693341957762 -3.1189088288788284764 -7.4179589525840405884 0.98719128438978331896 0.0036617239497373256507 -0.15949909028708714187 -0.059732922130267394889 -0.91853807577065271772 -0.39079378369323070075 -0.14793696643664824841 0.39531556399566947224 -0.90655405730948868115
-0.38253260827276697187 -4.3747538457195567219 4.9685160456145416319 0.99881705888004912453 -0.0055263547243339389975 0.048310892081012295207 0.048617643280432457087 0.095134446962395508018 -0.99427650166492420603 0.00089869464185074411557 0.99544909282421734087 0.095290586855747747008
2.3058122715645734679 -6.7433571791787141336 -3.0790214262873538686 -0.92293485405738140415 0.0054241496396455609816 0.38491795718934673776 -0.090177491108385590679 -0.9751252768602034493 -0.20248139303611101258 0.37424494019762033492 -0.22158807059306342979 0.90046624129251562341
3.055447844618630171 0.80779957544879787967 -6.324372327230202373 -0.75791228859132686591 -0.0072370423400140776113 -0.65231632512178450156 0.34857265287788619101 -0.84971755339130838891 -0.39557197211636885292 -0.55142186070898280281 -0.52718849065261474962 0.64653401059458392997
4.1662606075980317399 -2.727185301993046096 -6.3802970150458113707 0.10052410118457262567 -0.002070404363910090511 0.99493246931982448622 0.33932322364592859554 0.94011418367092380866 -0.0323275664946454655 -0.93528319506744450607 0.34085339236490408421 0.095206669607418067947
3.7150074433451032441 -5.3916623157143774847 -5.0342190476380901387 0.97582209865582048014 0.00048848338177582238673 0.21856576392249510432 0.21851376665487454165 -0.024106119593959203506 -0.97553607251619134377 0.0047922392845820352414 0.99970928593375851801 -0.023630024556395057972
6.3074243540777139572 0.01480717666369533829 -6.5876483683646416267 0.89081594392342289268 0.0075506454982800300102 0.45430159784495266484 0.31069016611992367194 -0.73969990382838290977 -0.5969218315262919683 0.3315397030949627788 0.67289452370253310942 -0.66128237935300959727
-1.3344392292447231352 2.7595218503867120496 -2.3685928163895546561 0.56531765603322836622 -0.0045827085503691864302 -0.8248605618887258073 0.44532931858947721881 0.84342714306123667267 0.30052030272873875294 0.69433259017683446324 -0.53722402508628230855 0.47884507002624032701
-2.7969619060383874576 -2.0545381613508166829 3.5164989641715691526 -0.99979927931233136817 0.0077327531333299453706 -0.018482575995724434548 0.0073529347875111693289 0.99976218954261586447 0.020530433774528084739 0.018636937421962318506 0.02039041171569210692 -0.99961837501797545791
1.8603781147371192262 -0.81064917960065008273 -2.197692091351455268 0.80879941200726412909 0.0008244618652556664519 -0.58808403430066291673 0.48891946973257027764 -0.55665235797894985215 0.67163673549982516597 -0.32680462550747568784 -0.83074513096316116023 -0.45062319528384292555
4.8894245022404234646 6.8601240519434139031 -7.3672009878381592429 -0.94703132002779943921 0.00181191502643473102 -0.32113610175520196366 -0.062623584130739720632 -0.9818289351250737429 0.17913745800874250613 -0.31497613496455234561 0.18975947701011461333 0.92993622108597684406
1.1590917102290532181 2.2974850488215636801 2.9632432290904739958 -0.74933751447079166574 -0.00065299070088969436709 -0.66218793632157846307 -0.16856911073756364328 -0.96686742618302445873 0.19170768135712404345 -0.64037312897393616762 0.25527818901999238532 0.72439995989705285862
5.8017994096595115749 3.1432873922161075342 -1.4039831465439722713 -0.98700727423681766659 0.010877653766993152298 0.16030694698617517502 0.0039328605306152633614 0.99904239028647801035 -0.043575624133507982749 -0.16062743604862092517 -0.042378993134629817929 -0.98610488677894070353
2.1315061359577267552 0.15665314126331003619 -1.7242453117033051946 0.87524442610901065365 0.0028820700234921722144 -0.4836722942627691979 -0.25676082840836522703 0.85022076580572625293 -0.45956340845174847853 0.40990373450372596942 0.52641841064420291652 0.74489098892047189704
7.1994690983086329084 -2.3064194490091205481 -5.9212015113739138172 0.74545461150431724384 -0.0089528500472195980675 -0.6664962630526362064 0.64840886166702604854 -0.22199405958951004547 0.72820641690300602633 -0.15447773399024106178 -0.97500691483855250752 -0.15968138813976345824
-2.363652861666267313 -6.4382946652834176504 -6.6923241136758999659 0.9589582942952514788 -0.0007299180796880441139 -0.28354621672997648574 0.28354149678256784783 -0.003849547167711742969 0.95895224103651066638 -0.0017914811137996833681 -0.99999232407368898734 -0.0034845931209257011152
-5.1165490878375514683 -5.5807801601138944392 6.8761144909900062672 0.12308057875218191002 0.0085889090743520198068 -0.99235951236179820167 -0.46090579854549817984 0.88606769144604990984 -0.049496374033576429063 0.87887258234690823766 0.46347629585160105004 0.11301640227229856062
1.1353123301974359372 -4.3805857492912361195 -2.1181407803944996004 0.99333466442783469041 0.00528154616696364064 0.11514490746973095325 -0.061993700252650565941 0.86664619710643042705 0.49505671409424506502 -0.097175231284112678631 -0.49889525384691302268 0.8611971319703726202
0.39065915624009228679 -4.2944721991020298191 -7.3903514427237873008 0.94468801093766219257 -0.0095377335520061036489 0.32783165440419304026 -0.17520979363907801529 0.83030862443800845796 0.52904547668128198978 -0.27724734480897245126 -0.55722223557811023653 0.78271149855720467681
-3.2660332614457194822 2.2146838017931429476 -5.0046291306315477954 0.99998453704412737508 0.0016743568153003802676 0.0053030370383702098158 -0.0023348748323069436553 0.99188590863064984848 0.12710976602745932551 -0.0050471806082434227114 -0.12712018246247364095 0.99187448055623617105
0.24042742189728605329 -3.8716439634755062116 2.9509066380292079401 0.76530543137930517883 -0.0016614841401180926572 0.64366515842605243058 -0.58329593741485552538 -0.42462269973586691529 0.69243152171492261537 0.27216437330535564465 -0.90536887639210206213 -0.32593519534382736635
-6.6279770727726861068 5.6220018252920880286 -0.13354634311440075067 -0.99161238417476404994 -0.0040571386307122203618 0.12918366451377391591 -0.12861020903401582105 -0.068149299433681337357 -0.98935084126859729192 0.012817709752375339161 -0.99766688459258390242 0.067055899843879190891
2.1077320195746618303 3.5400644097913258612 0.01589585709826099591 -0.99752800553252696236 0.0052563530757880356364 -0.070073168407620720077 0.069368059378935476023 -0.085602198801948775619 -0.99391163384791492152 -0.01122276776638163158 -0.99631552949487400817 0.085025967627835388751
-1.0209614061451708356 -4.6645357975006831452 -3.735116696356957533 -0.75150245225818368411 -0.0059294473276711142165 -0.65970365006145070819 0.44355781138152766685 0.73567870468109153315 -0.51189189429151882305 0.48836516277519920193 -0.67730472103274041995 -0.5502342979625112207
5.1702608583300255773 5.5207426712651690437 -0.31161736570875964158 -0.98957985325335695581 -0.0070567516550517029802 -0.14381208673524342734 0.037407502391635816252 0.95190141868232869271 -0.30411242637430624391 0.13904097525509614974 -0.30632318124252183589 -0.94171849075696745235
3.7887001058236955409 -2.3305336471917112995 3.0537181381697480198 -0.95004144709653792766 -0.001379169013492291887 -0.31212072454675937605 -0.1883336516270316674 -0.79490233678425181729 0.57676746669681167035 -0.24890095311910689913 0.60673583450121926219 0.75493042240231866824
1.5793919258659265825 -1.3902689838397164213 -3.3294030168115189561 0.73408335477976616179 -0.01305092012975501807 -0.67893394503372395121 0.23238125123627914603 0.94427781369011287715 0.23310590864751326579 0.63806001466093442698 -0.32889068709266938706 0.69621141446729584157
2.4146548610881768404 -3.1117688421499942741 5.7245890241111059282 -0.99991852345098197752 -0.0026599643187006265579 0.012484832774720915419 -0.00098219629214566471498 -0.95911647124058796443 -0.28300994661910033878 0.012727205114728966026 -0.28299915050175128428 0.95903571313336044568
3.1631453621455141167 2.6160946917946237278 -7.0839597265945748461 0.98383958543205585201 -0.015615464266672072352 0.17836991734187931935 0.13644809751329209369 0.71042819114168764827 -0.69041560086384867745 -0.11593785758680151543 0.70359643440465202691 0.70107807744313821452
4.8074928415638638057 -3.3643026133151954227 -1.360931790536593633 -0.99344577650251519874 -0.015651150817089138495 -0.11322778204730939156 -0.075514340889864847717 0.83349573629393625129 0.54734124812573925478 0.08580835314361343058 0.55230417258783504053 -0.82921470529217267131
4.9274867940529691879 4.7081271005519242934 -2.520038084220516339 -0.97509239752049581273 0.0019961410255940992102 -0.22179006226322209305 0.19656753780514429897 -0.45542725250348692345 -0.86830134213787368846 -0.1027424906207283356 -0.89027076392420645412 0.44369127501326766083
6.1875829008388567587 4.111116803613956705 7.3116483905070817073 0.983107439870428923 0.003680102035922217657 0.18299240017114526413 -0.057829310518327098345 0.95482740687305855953 0.29147966297669802849 -0.17365348403174932224 -0.29713814957534889771 0.93891074525243978233
-4.9644225159964525673 -5.0302983490242203501 4.4138847216258128014 0.99819782233028409024 -0.012444901130947538803 0.05870461592471107326 -0.038494771259823923337 0.61766873305986802478 0.78549569622359327603 -0.046035422021339790499 -0.78633991418222604075 0.61607652063955364863
6.5545411651153928645 -3.5958106202242006155 0.36683585359327203212 0.77924179706989560312 -0.0011686331732794850297 -0.62672231171047010356 -0.39336633405964255283 -0.77940193628824805394 -0.48764284977705518731 -0.48789870765120635365 0.62652314881958537374 -0.60780226642023971184
-4.6224234163379200879 6.0835214039865448399 5.195504845265006999 -0.99998861209075484702 0.0037978144470015295919 -0.0028900335923101351521 -0.0047449816385344723707 -0.72640384880758690489 0.68725172505190235128 0.00051072300553622971414 0.68725761184794664782 0.72641359714638231715
-3.3800849357534281658 -2.6121359639319803314 1.2325053971419501764 0.94658417109165560177 0.0020172805227457579064 0.32245051964270921019 -0.30709409840653995039 0.3106184172525288667 0.89956067810200746049 -0.098344403818666811801 -0.95053255043828144277 0.29464597196410013957
-4.2857590533248348663 -6.3473409940266538598 7.1318315852030966795 0.46136119614067078176 0.0023298019636309036384 0.88720934323213185291 0.88111209463911499551 -0.11826837777064973245 -0.45787997062565433115 0.10386204011244604128 0.99297893373537349238 -0.056617256922198176683
4.64158716666835236 -0.10214510926814063252 -5.2240799042101269123 -0.5506569379279798726 0.0092551429195333670408 0.83468034542656832642 0.48719702194866021383 0.815513843950995021 0.31237194516902772046 -0.67780232997253875293 0.57866355739217689713 -0.45357743421603657907
2.817447203979956516 -3.5951455098643694264 3.6507328466236792508 -0.99271407501025710207 0.008981309744651477453 -0.12015865075695306152 0.11859636887729312071 -0.10344702299002409007 -0.98753917123500845054 -0.021299449889135665948 -0.99459441457807673537 0.10162816501665636326
-6.3120170368768846458 -2.1557946190053294266 5.5515945148638916606 0.92943724671800509451 0.0040205391789962258847 -0.36895831699269976411 0.36747655459207062556 -0.10026837762930082554 0.92461193712426625879 -0.033277413339161239503 -0.9949523042399186501 -0.094670618721769794757
-5.2676972228773530915 -3.6116095161849464112 -6.5040897059816948911 -0.7201393574970373912 0.0079688777069585482044 -0.69378368586453231792 0.66728276229485583571 -0.26599505982489834999 -0.69568695782860923149 -0.19008687731633788776 -0.96394145316860158079 0.18623601675097084529
-2.7653931512906284595 5.7988619229774576169 -1.2098756334142619639 0.97935216522577295262 0.0043149215821136266066 0.20211560533341668688 -0.18518475846727069922 0.42018186455412592784 0.88834329283863600057 -0.081092180257860094206 -0.90742965686150134363 0.41230507655075077089
-4.3906737739420185207 -3.3669500240200291863 -7.3147849129400936974 0.97655697194949131479 -0.011729610407248911366 0.21493928625719985193 -0.19063809691570693383 0.41659090470220622171 0.88888083235252723924 -0.099967977579887026818 -0.90901839055055921879 0.40458864183205145437
-3.0809053434493365309 -1.9574790047428372031 5.0600428545506765943 -0.99995757267109885991 0.0033484234201905556383 0.0085814286828870545154 0.0052228645642427157236 -0.56128281686268344242 0.82760758888521357424 0.0075877890972035552664 0.82761729534572237021 0.56124151477003814126
-4.0618929461964956573 4.2579403728045104316 3.6194301232305807758 0.97166770736765417649 -0.0075405290736651059413 -0.23623083388963678209 0.063994719834929075786 0.97055010341302094812 0.23224377838420295905 0.22752261929790296158 -0.24078130572417047461 0.94353474791419322809
-0.51198240426803143244 -3.3817754838533695683 7.0420524954807746099 0.9371323854109189222 0.001060387687733183211 -0.34897244560553342119 0.1257526366466657497 -0.93383916446924131183 0.33485920814552300184 -0.3255290564456499447 -0.35769161365818424869 -0.87526427033684450763
-0.12874883758918445609 -0.32341218339929617143 -2.960992578992929225 -0.93339449629428616895 -0.0017545053684849742578 -0.35884765012252550775 -0.025909552427581559325 0.99770765937737404538 0.06251497030878304384 0.35791536622584219085 0.06764871122656500313 -0.93130029662223945408
5.3233236593480670606 1.2774742932665825723 -0.70611644676514351282 0.90517240546683674918 -0.0065496011276088500833 -0.4249941400848319395 -0.37508377854122759709 -0.48264488742391037368 -0.79143292306977386374 -0.19993767893179514861 0.87579165066167963261 -0.43933348287465256998
-6.2303874313257683326 6.0525762098282704926 -2.2433566296906564119 -0.98415638808988992192 -0.0076556647598491085055 -0.17713721963229617229 0.049836286360692753916 0.94684483146070008708 -0.31780687484358477457 0.17015448376035882672 -0.32159952725896057135 -0.93146185951061266639
4.6806075949031074046 5.7564868511773052973 5.2883576396498517269 -0.99653233577005706501 -0.00037294842765526071277 0.083205556749165271446 -0.08139695700545727941 -0.20304053823280426849 -0.9757812640260533632 0.017258017114505960765 -0.97917026136602713926 0.20230610495406167737
5.3104713267787131414 -3.9368882788058527922 -6.3015409089971088363 -0.99494724579740134729 -0.0028149300945754592192 -0.1003596245945515969 -0.09845188973864207882 0.22327033476059679473 0.96977192319779714769 0.01967748680817595075 0.97475249873207525653 -0.22241933982569880857
1.0257117959022361564 0.46915402838266312413 6.0730065029916362462 0.97300873892473793703 0.0031553930370286104728 -0.23074669547116968826 0.14770715832075520524 -0.77676293818621711118 0.6122270275324951383 -0.17730366425123650354 -0.6297851866749284433 -0.75626320106695099632
-5.7455943726682461303 3.5533269289747959618 -3.318688329806632531 -0.83269883118392340471 0.0017180395053648851202 0.55372349136108500733 -0.32654188737067135762 0.80608227376299901312 -0.4935602939027671221 -0.44719464703556915941 -0.59180099380211548254 -0.67066275533789365682
5.8899960179816703842 6.600943845936658505 -5.0572907150238872731 -0.96366344571838757904 0.013117752493489603233 -0.26679709135555795818 -0.0037000052872476342329 -0.99935314898272820106 -0.035771407286259680747 -0.26709375385275840875 -0.033484446954964962317 0.96308863479175210731
-0.73690518996383136408 6.0507287001835834417 -6.066348425639561448 0.99038340373204625244 -0.0044856466564500213287 0.13827723090306207054 -0.13245813632769848356 -0.31931143486973839751 0.93834697723282767257 0.03994440802846996319 -0.94763921749559176799 -0.3168349061131728317
-0.30871351749882935955 3.0695911171864640465 -7.39484010794406732 0.99663490932191600713 -0.0024452657603118324418 0.081932156057686861272 0.075788369218211887324 -0.3532752752479724756 -0.9324444771618008998 0.031224679536347083042 0.9355162214381274044 -0.35190114920823639677
6.0416587903824758854 -4.6974922079127390262 -4.2242910942803888474 -0.78398157099145326931 -0.0060779173771817861932 -0.62075434373531035437 -0.31740314535608527002 -0.85544015635790882079 0.40924000563045531687 -0.53350551980641081062 0.51786600372165658701 0.6687201675778542409
4.8834513046991778751 6.5613050136645760801 -2.4825683006574106315 0.82349906159560082308 0.0027083494113762009853 -0.56731116716902407759 0.49646591159778608038 -0.48735705893015329737 0.71833466833528569762 -0.27453760065360360842 -0.87319858105373371338 -0.40268268385040401069
-5.1824943355430281855 0.66160892431702145178 -0.015831547350843390431 0.79119987585882911585 0.0058923464053573966492 -0.61152926070188418084 -0.11887982029982857579 -0.97939721114398481383 -0.1632442682877545681 -0.59989194424190361854 0.20185733342431413928 -0.7741984707918537767
-7.2429777502569363534 -2.4812750901630473699 -0.32918206931514998326 0.93841584128365729267 0.0065864327951014574672 -0.34544511536693534026 0.11851306058369268093 0.93302449323350744592 0.33973511666804590003 0.32454639621934172622 -0.35975257320753106782 0.87478438644711431493
-5.8605957854680585939 -6.0003499630802181741 -4.1273215476419196079 0.99743716231377632653 0.001547121989882094522 0.071531207517623887626 0.015325673824605865955 0.97194117918425915192 -0.23472423804931105695 -0.069887273213378689474 0.23521894188085046284 0.96942654101442704562
-2.3756279601137060276 4.6753161444524069523 -2.6280697076205314922 -0.84486072451002092176 -0.0089208739588633335221 0.5349119312450586472 0.41031084172023396528 0.63080585795606614052 0.6585810373334514134 -0.34330069814570840503 0.77588941710542913555 -0.52928276287494635532
-2.920002777816631756 -6.2518443952687734466 -1.8916151458478625003 0.91197416881165704883 -0.013307664050628284849 -0.41003173230603551236 -0.31017978202728474502 -0.67650236627741999751 -0.66793192111360655261 -0.26849882353900161869 0.73632021193126506731 -0.62108045151951407625
-0.10031517235573768343 -5.3900439411204477125 7.4417488796181521238 0.99202154887266502659 0.0078871864349552636697 0.12582145628819468852 0.097686625537829585575 -0.67897363858164250239 -0.72763460699885229577 0.079690462185667082506 0.73412028333330714425 -0.67432695321718216785
2.4478160053957314091 -1.1572402292895171971 2.0791859768210230186 0.99855134234956555161 -0.0002013693240562296205 -0.053806841037186373122 -0.050848938552960777637 -0.33053955921481553704 -0.94242134167379587595 -0.017595514770622548012 0.94379211654080630289 -0.33007095996994306741
4.3984212767056032334 -1.5586134907158541996 -6.6465868556158831382 0.36313367618189845709 -0.0071962750633453179475 -0.93170926090051531254 0.11158235263042567964 -0.99243770130282349395 0.051154546369423237184 -0.9250315193570074479 -0.12253824977537103313 -0.35958457355384348952
4.1201353874606407857 6.9316876676740477592 2.5808668776593921557 -0.99890778258674572943 5.6427378940995939413e-06 0.04672517368357623907 -0.031309968376468884366 0.74220102048834468711 -0.66944554003014566934 -0.034683249096159517177 -0.6701773236645466314 -0.74139019893572355446
-1.1376581593092560674 6.9649778737152665542 0.92674328448205611775 0.99431567001599330258 0.0048570163033981820361 0.10636144862361715524 0.098090989186079724504 -0.43027849359758613135 -0.89735086548568510079 0.041406596107110088534 0.90268312676157969054 -0.42830907818861174707
-6.9550312598226549099 -5.263053275513163598 -2.7247777840897349222 0.91459066587213799782 0.0046152464224880028476 0.40435456396597269091 -0.4042901180677418993 0.03162308593024871356 0.91408395723212576556 -0.0085682164090873438878 -0.99948920951499431453 0.030788077738911963366
