1125 14.717824617146108679 14.977075390850430381 15.033177056927090831
-3.2107980376707487835 4.828796717850211806 7.0123387294166787953 0.64053245375574618947 -0.00035250612608007676069 0.76793101996535617637 -0.20917330875845133176 -0.96226818636332589474 0.1740300675634090799 0.73889424316922991398 -0.27210257854813624245 -0.61643773745509611306
2.8771714837480937277 -6.3750791893426015378 6.0642943623512897133 -0.72741798710707439302 -0.0095163456290555462069 -0.68612864041586929531 -0.28885492961815251167 -0.902749149297663811 0.3187582204078607262 -0.62243545984177395258 0.43006210319928411812 0.65392712569794408939
0.65339912187590820647 5.9810193669591988908 -6.7834403915744756475 0.92765442376304152461 -0.007203805024083659303 0.37337029242557984166 -0.35102698678874949545 -0.35797905151792380751 0.86523468100877409803 0.12742576120543586127 -0.93370182813764690533 -0.33460958072613677938
1.7665254407933346226 1.9010738403726659129 -4.9012577524811744567 -0.93842822941277015403 0.011935382146955735364 -0.34526801892763187007 0.34319437469678704122 -0.08242000455286788152 -0.93564125818922116995 -0.039624227660875178947 -0.99652621114674866387 0.073249102927951004194
-3.5111625554133194527 -0.30758403882838281085 7.2454867106702405266 -0.61376744289544094002 0.0014832476213491509881 0.78948548182858602207 -0.19784007663256797382 0.96780179654169140591 -0.15562450542481112703 -0.76429629733473347653 -0.25170912297167835625 -0.59371178806992364052
0.50178302693382725863 -3.2897626414743155188 1.1397680492239981032 -0.93801729648317866417 0.0076369046657622959018 0.34650429894234191508 -0.3274755684618642082 0.30788266305166250847 -0.8932905562316771908 -0.11350464113403764543 -0.95139368480106045745 -0.28629836353307214214
0.19418371904412889961 2.4326633333856606534 -1.8089721162660852283 0.93299887767996481092 0.010017570435874667903 0.35973982616668648271 0.14279107539320115561 -0.92786483726253643489 -0.34449608497017575326 0.33033892146697413361 0.37278209728252303945 -0.8671272714600750664
7.2980811934022229437 -7.113850366376968104 3.8456670932684740016 -0.99335228271610520601 -0.0055800455187639090571 -0.11497871766050286879 0.057462109413462983398 -0.88951849189204501567 -0.45327139614573808135 -0.099746420510177111196 -0.45686509570562860993 0.88392586562510444548
4.8475618608750812299 4.5918255025466345742 3.9178079107218666266 0.99888369301211965556 -0.0063684053951546196887 0.046806102671420692085 0.047193370583125393569 0.17729202823787451604 -0.98302610468714668457 -0.0020380401278637175211 0.98413768352600661249 0.17739466242369425486
2.4043398894244236708 7.212636127778886852 -1.9002577786593972675 -0.90889993146363046161 -0.0083002808326740930289 -0.41693167296753191886 0.35925761794101213065 -0.52324297197043601049 -0.77275530165441697061 -0.21174248165352926865 -0.85214312038632133994 0.47855744048293558102
1.1308062545907995311 7.2993041457055234389 -6.7707269529002322983 -0.96753802806087962907 -0.0037860304390534109398 -0.25269711163679625665 0.12091468936767203746 0.87108537664336005424 -0.47601460533612655057 0.22192296445204170996 -0.49111702533271589521 -0.84235044089569088843
3.1686167030340244288 -0.43765690666831463806 -1.2564737574392794706 0.92439608408428675101 0.006176130050977271177 -0.38138397337488572081 -0.3034793453143239117 -0.59379809504422975674 -0.74518729812665052137 -0.23106745053601676632 0.80459037885081974295 -0.5470303058911434313
-4.3507868761681347536 -7.4664092978809906143 -0.96298757093879461255 -0.98270005335950694203 -0.0096759876612906303706 0.184951291939404322 0.18346658244999336507 -0.18733510034561023927 0.96501065968349120094 0.02531043759844323407 0.98224840821521630652 0.18586943349377910151
5.828927426625525321 -4.0115362556641445124 6.6758301416982028798 0.99640103146685843338 0.0046015380294017402263 0.084639295481773513252 0.059840498803625227775 0.66901756871664574966 -0.74083372456410434559 -0.060034150238190746307 0.74323234496105827773 0.66633443720779272912
0.11461752964358834506 -2.744510552619592314 -3.6820323875646665535 0.81221308782547774197 0.0039130982411767515836 -0.58334774159775992786 -0.22486832298249401219 0.92479958078745172489 -0.30688755708629228414 0.53827886572295569056 0.38043451872495503974 0.75201425497025420341
4.6849286975762662877 4.5351097030389553311 6.2486027643256329966 0.98125999201867009081 -0.0014948414181224344705 -0.19268262379544104368 -0.19110772948340618016 0.1202719362337497655 -0.97417272446224456584 0.024630545979353091895 0.9927398585749964699 0.11773236343946633098
0.21671762440215242007 -1.3897356510059357682 1.812292001021750254 -0.75716971561485468811 0.012930296529830426905 0.65309021519800358746 0.34592277874749499667 -0.84016478728067478521 0.41768476313755775742 0.554104189570294281 0.54217703533560990259 0.63167444894933677535
6.012469698367878479 -1.7598631777435944645 1.9799220395790004812 -0.94416264263620308661 0.013250503990253964179 0.32921319596016407338 0.15397169638237953593 0.9011187099363656694 0.40531196295678395547 -0.2912895826552163725 0.43336992829073434086 -0.85284282507973852017
4.964933840851384339 -4.6901045338183493527 1.1444881334498859804 -0.97575858800230408363 -0.0054496133403256503264 0.21878180832523844157 -0.20596134124756598771 -0.31513252057168245068 -0.92642939309464855668 0.073993944692243296402 -0.94903203117314238746 0.30637085363379468195
-5.2519884836798098604 2.9508662419218030237 -7.200457106905856719 0.53319285414431938364 -0.00027370821415405310884 -0.84599367927489332875 0.42551655947942784719 0.86438570992944940841 0.26790483772855511191 0.7311915193013062142 -0.5028292648141799992 0.46100075113660848869
6.8077324837234085564 6.4503840566512984367 4.7967451531153493249 0.82576175932221396181 0.0048011227308750702159 -0.56399864012391887069 0.16242511508523291286 0.9555780677128693501 0.2459443808985746216 0.54012553987996558824 -0.29469900869628901097 0.78830000345221851177
6.3749029064008508882 -3.7294169772849565803 1.648492752302496811 -0.91842745516099266734 0.0096479615816230553105 -0.39547177705054353813 -0.21457424529480881303 0.82771003707653156845 0.51851131885330192794 0.33233853652919026489 0.56107308914270037636 -0.75812141888841644288
3.8275594091177294054 -0.87732784982892808578 5.3882249584130219588 -0.88520967219221458056 0.0090462350979220434305 0.46510429140994752339 -0.076500357817315497999 -0.98902990318430261674 -0.12636275503899457862 0.45885894511410690866 -0.14743817768059136464 0.87619087660798000705
-7.2565003797984175549 3.3567624065342922535 2.9073965206720724375 -0.90041214434043004289 -0.0041586205753058914925 -0.43501801824671698649 0.38454007114226240738 -0.47521893691563987794 -0.79138858703085412927 -0.20343771530924570357 -0.87985775433971957771 0.42949205827124425916
2.6742149662468031046 -2.9071029885250689873 -1.5699913095671824692 0.94168188358914006741 0.0060962733087010830685 -0.33644920206727979561 0.071103938890026474606 0.9736556922005262793 0.21665369352909658041 0.32890646085826980016 -0.22794172171252002901 0.9164404571539230826
-0.24881665029308311365 -7.4180427264615005356 4.094860443714770426 0.39577336070969992843 -0.0012209947772433438901 0.91834740492048450022 0.49038672762009349881 -0.8452104598745224795 -0.21246208107015279731 0.776456247528807042 0.5344322105659001787 -0.33391302457829008521
-3.4916279453067557981 7.3048366008480423162 4.4730149654060546993 0.58991787046378896253 0.0036320047008042304938 0.80745508522112208194 0.35986895312411304459 -0.89636667070139763869 -0.25888439163662407827 0.72283555715312663992 0.4432985452238391022 -0.53008976326425627512
5.8717579467104519253 -0.025716015388935455077 -3.5688890343538326455 -0.88482108741969545118 -0.010949679188750409756 0.46580226253530032654 -0.010596193337069939946 0.99993815453606349486 0.003377541966386821224 -0.46581043777929254102 -0.001947210475167105749 -0.8848823901668229075
-4.9134838616703238046 4.8539921901306408714 0.5194100078486105776 0.91892467032162405971 0.017912592096887832577 -0.39402612771089728927 0.38469127123622870457 0.17994783056988719605 0.90533496790293355172 0.087121042860507286187 -0.98351304888019730477 0.15846768305659095222
2.8013932209828737996 -6.6829435707416404711 -2.1073879583107459901 0.99854154230869285325 -0.0034830449939687417593 0.053876309090737706242 0.053918141086180024213 0.013304736931824778096 -0.99845671815900871593 0.0027608595546133388177 0.9999054217138744205 0.01347313184728724314
-4.4173420169960495585 3.7353840315246515935 4.2524507179949857516 -0.98896990228289549663 0.0040150812833200464486 0.14806218795080766659 0.09410021552011288426 -0.75494025682908194597 0.64900720955770863085 0.11438392289802394586 0.65578128041375194357 0.7462353720115529887
-1.361150718407562854 -6.0715353400236828918 -3.0045595333457737475 0.98429871791289125227 -0.0088436572437192544072 0.17628903437761966888 0.17428750526518890784 -0.10932166134122435486 -0.97860750041581201497 0.027926679424242355915 0.99396708400642164172 -0.10606383213978973212
7.1910970280239485675 -7.2690513416283852877 5.7814171526832636161 -0.79342392345066925508 0.0008476017593924706911 0.60866884203766380423 0.43535173382450848001 0.69965672343625828766 0.56652390700340815588 -0.42537906101746481013 0.71447865672932597825 -0.55549338747305132546
4.9336864566636888796 3.7309185246523406398 -2.9816089988277520995 0.99575845907127236156 -0.0018819236769935477824 0.091986681380443274803 0.075125660309662792291 -0.56055054987802177546 -0.82470553302043581034 0.053115217698436162364 0.82811807092633527017 -0.55803157101917466587
-1.9446273633122579394 -4.9029642695177315659 -4.0739563795097977206 0.97258191354715795018 -0.00022753174546959100549 -0.23256046454693887759 -0.23006154411570070573 -0.14714651308970516652 -0.96198731260066072668 -0.034001578788224143257 0.98911468087118303849 -0.14316438357726068986
6.1086054924921269205 4.7219425607503016096 -3.2014086221778446095 -0.94463757160492767273 -0.0094367696969730671674 -0.32797988610562345269 0.32742253021978467986 -0.092046975464561892055 -0.94038387960034741653 -0.021315370430684609654 -0.99570994857202099748 0.090040842387711955697
-4.6382361300769039403 -7.4040967077010142461 6.412601863868068186 0.99945905231343079578 0.015709254483773145428 0.028893287667968291926 -0.016808582054581095583 -0.51113515286258570658 0.85933598032276092837 0.028267902610825859644 -0.85935677970885382404 -0.51059460519119748145
4.1045272788099200767 6.6962314770194373281 -7.4994652255079907732 0.86233388991601134244 0.011552968275358494951 0.50620824887222204413 0.23689304770327956895 0.87437059434835273652 -0.42350649072803880912 -0.44750636448225450392 0.48512121440204281075 0.75126257798787687836
2.6135010655216355246 3.8732169518833394761 -5.590123204853364669 -0.99921965262082546033 0.0087965967128786869134 0.038505917760479971279 -0.036500822749740403916 0.16685502038775359979 -0.9853055831112144114 -0.015092241546541136296 -0.98594220016061584477 -0.16640373249238185616
-0.528265273814648606 5.9309740605291079163 2.5727403526326302341 -0.79026453169851240688 0.00071272130082191634953 -0.61276542164831482307 0.15409099202569540021 -0.96763381865139630467 -0.19985184307018311056 -0.59307498355273369217 -0.25235745487378646867 0.76457686261987334309
5.5415367303547089506 -2.1912443599293243146 3.5753636086933493488 -0.92687903714383279574 -0.00086874225381917274946 0.37535915572993883149 0.31432575737843221342 0.54479615277333970358 0.77742939883419748259 -0.20516960971806813552 0.83856806355243973528 -0.50468706545529362639
-3.8622502710477473187 7.3591722619783590531 -2.1369329862629284911 0.97852004434412787059 0.0085238997970501096529 0.20597540132002895019 -0.16803829408062848083 0.61177665688858917648 0.77297636044622841656 -0.11942216937897347229 -0.79098461756128646272 0.60006806300818560374
4.346783056726090777 -7.3367336378216121417 -3.9853915920484168645 0.84911913214810963435 0.013605438676967014644 0.52802612762866962814 0.17879519223394430005 -0.94805836369380480644 -0.26309241392354643096 0.4970200988432140754 0.31780533517945280808 -0.80744708202920789653
-2.8610799386186034354 1.6446933952922098143 -4.91338147525244473 -0.9997875911064346699 0.0013048351950393000977 -0.020568667306620134344 -0.011281106511992315677 0.80057160350482914346 0.59913090747983621664 0.01724845806213586713 0.59923568407334515395 -0.80038683499142049271
-7.2866060653939914715 -3.3483755968056798658 -0.69011976919385664697 0.88109332253680572311 0.0097609309003816573796 -0.47284170840681238879 -0.4628835236337816017 -0.18730533120307318873 -0.86640380680790629597 -0.09702268048981169124 0.98225324490729359894 -0.16051530250937720568
1.9417846569700030201 1.1962546311900077445 -0.34489634577811439931 0.95525340515898971017 0.0037438094989393523593 0.29576496719989664452 -0.27430484525862497414 -0.36290880025270794151 0.89053582441521472735 0.11066970588193092428 -0.9318171422493028988 -0.34564292211820518697
3.1009448850532050912 -5.0339558311357643916 -0.87950007018887099708 -0.93504894497596302561 -0.002997622748225347699 -0.35450597280892615082 0.002869019178649239929 -0.99999548974513763344 0.00088837959351609208092 -0.35450703692347990126 -0.0001864060332889792837 0.93505332790406447963
-5.3018741801826756443 -0.78511529236324872905 -1.2964255876477264184 -0.9673684664279291745 -0.0088682195630897311944 0.25321849230001292064 0.239035612283626131 -0.3633645719522274331 0.90045997351914730533 0.08402515231211335478 0.93160482101142083611 0.35362724901677683453
-3.4247001241529004822 2.8994487593001752046 2.8581995747482267234 0.99435749238216952772 -0.00051733526896778170116 -0.10607973278424645547 -0.005332609788596897292 -0.99896759593687944889 -0.045114360695357041964 -0.10594687638720214073 0.04542548439283043693 -0.99333367241394754377
6.7313864660356594882 0.3360852572575422359 4.4543478396619589077 -0.99303681869009685634 -0.0062230793069468475637 -0.11763991673680310179 -0.11670141837711461852 0.1882969328306545731 0.97515385659669340246 0.016082775713904928772 0.98209242862899392978 -0.18771202932910005523
-4.3343257411944229318 0.65026408373510902194 -5.292993305558541195 -0.81023220084250258122 -0.016066360278254289418 0.58588877168374764448 0.11658174422020355088 -0.98406765477868918257 0.13423690898166215635 0.57439749096977088527 0.17706700112044959639 0.79919634601385292072
-5.387180346642090889 5.8842839350443769675 6.3198881693858748321 -0.82302987791496939884 -0.00084316210698207310487 -0.56799745522063138647 -0.40668109432425852967 0.69898425466432523301 0.58824442135110865948 0.39652529248281542795 0.71513656095124022993 -0.57562782386913768917
0.049381120158682609289 0.22883624871233082532 -5.1893615269119006683 -0.99516040550655293639 0.0043157783381745111126 0.09816894299828063386 0.030663205553306947804 0.9627879224340885056 0.26851291261385257236 -0.093357030465068616132 0.27022359347866337087 -0.95826075490456330552
-0.99651094319893407381 -3.551965863193359052 -0.29762630024825303954 -0.96064253501883967168 -0.0074514489893071616383 0.27768758672353910377 -0.00020735769758696565024 -0.99962065072003802868 -0.027541090338385372516 0.27778746716712832132 -0.026514723498559638476 0.96027657084962947387
-6.3204415966198306265 -3.5884726431101769961 -3.7541120273696297893 -0.87811416047186696687 0.00089019344438868866845 0.47845034092824867411 -0.30721303868543142768 -0.76766942237575686026 -0.56240893201571506843 0.36679104411156482346 -0.64084543027542850702 0.67437486938247281909
1.6711787678823131209 -3.8866597517051486577 6.8424640495005704111 -0.95144486718909482281 -0.0005099114679123720878 0.30781878547241270372 -0.27644174521002201628 -0.43844614259039949022 -0.85518707985610331601 0.13539802880646298333 -0.89875731988002915962 0.41701637109041089779
-5.2337881777073969047 4.1698958209621928006 6.3026997708604586279 0.92167305292629386759 0.020961175253707935162 0.38740084233440974515 -0.076713633575122314179 -0.96897801481051848427 0.23493962040783589185 0.38030750969861454314 -0.24625644346022029785 -0.89147291721128085751
-4.6597470049024725114 -5.6981617102161044031 6.0295912523578261144 -0.99268219797483769895 -0.0096864884479011224838 0.12036704601132974801 0.055417124182498347928 -0.92215861398775500479 0.38282167257826199558 0.10728931061055019258 0.38669065490363579984 0.91594723714786829838
-1.7626751128199429353 4.2682849648512863894 6.6368896014458504951 0.87790628297494188725 0.0056469029024367308964 0.47879919674189636014 -0.28029123856084336985 -0.80465393875557034153 0.52342034774283108245 0.38822336341232638324 -0.59371723179713242757 -0.70482797104559469226
5.2806833951459406507 0.043951039080135985426 -2.0243166125579845627 0.95510382251106828999 -0.013591449633120346319 0.29595939032499790633 0.23259117240020649175 0.65316358112522121537 -0.72060993804766804161 -0.18351576157418389434 0.75709484794738268754 0.6270002842625321815
1.8493770109515030864 3.6205116625591480251 7.256229891230542961 0.99194194824030501589 -0.0042429780481416760896 -0.12662214837253091271 0.12667925037190674864 0.048056644075944995875 0.99077894935511745533 0.0018811821837688112724 -0.9988356001351806901 0.048206898429087527425
-5.1608961075381296624 0.33737812901881514271 -6.1524796860780401886 -0.61214831486812260053 -0.0059645116283919465822 0.79072047223091024293 0.66913477576206081832 -0.53674132429699095148 0.51397218082083151458 0.42134676036485968487 0.84372577025530759443 0.33255635933951044336
-3.2089944092545086285 -1.8142903472663105546 -0.38947900834433790695 0.99659007851176484305 0.015878483924313336467 0.080969680499950513752 -0.082466840690282192106 0.15924772017488053599 0.98378828200270596049 0.0027268293977983880383 -0.98711095494247069748 0.16001414635603483649
-6.8112931919728030294 0.16812965172140104109 -4.7628056046596682904 -0.99317580011920703065 -0.012211455165600668127 -0.11598581991103409927 0.084685878839677861118 -0.75929221039367189583 -0.64521596474407172384 -0.080188103748903422074 -0.65063524312644827052 0.75514478639451687592
-3.1787317559893097929 6.1534374686111350528 4.2720219860642698606 -0.9516692978972731698 0.0048065592083710965976 -0.30708703070673964985 0.23055620073063129438 0.67175141252249537249 -0.70398428823280745359 0.20290240448150687058 -0.74076105240665346408 -0.64039337714639643639
-6.6123705138671624582 1.0550119504750810062 -3.9884320067102860818 0.81533038518268152739 0.0054415997626120976918 -0.57897042410641641474 0.57819187250997450267 -0.060334863035190297587 0.81366692378772287331 -0.030504451500591479862 -0.99816336002414596251 -0.052339135874689184103
-5.6707898039441957394 -3.0390707897124480397 2.3520442128867999898 0.98973572940080256632 -0.0173708878869045652 0.14185005534569106178 0.13651613966525630306 -0.17864799806566467044 -0.97439634461440671753 0.042267358072715269235 0.98375969882948455236 -0.17444290011464269607
1.4913132006400620089 5.0887237464098076245 -2.8584197232188666149 -0.92513430579367572637 -0.0028102379887419925118 -0.37962958104743732557 -0.25583831474008061901 -0.73418991965067847971 0.62889738319883725648 -0.28048756292349574792 0.67893833626168553774 0.67850531508557321292
-3.3025759883710485987 5.3130020430176703172 -2.7731985804169272392 0.90029095244645618301 -0.0061980875130179359858 -0.43524451134303066002 0.37413799617653242802 0.52207368523036323804 0.76645927941865665822 0.2224791243241875105 -0.85287786399983056551 0.47233715536553222414
3.8416305312867402577 -1.3119672293687862918 6.4683898849783378893 0.96083855456693179065 0.00021183292715945870564 -0.27710869200450305438 -0.011115414559293698704 0.99922435640147933 -0.037777415650497671307 0.27688575192092929056 0.039378175438506211881 0.9600956409036739414
-5.001574877732218205 1.517335825499931401 -3.2119968047003677469 -0.91445887326663088945 -0.0028481857849251487891 -0.40466882378263341336 -0.38614902611170998092 -0.29298541867881050527 0.87467049457189960382 -0.12105328883134960916 0.95611266714713971648 0.26682329168151197596
4.9807329163367510816 -7.4043619755892882139 -2.4370909257954527227 0.99000840497902220516 0.0014077416706094478607 -0.14100133451239543758 0.12092571743688772246 0.50585173364615754199 0.85410244960989756269 0.072528125118856368037 -0.86261929136245718563 0.5006272358114248755
1.3976080107236794614 -6.5686184965960716653 -6.9199901080572603362 -0.99388132292748709862 -0.0062172642335706785471 -0.11027811007297634582 -0.10935418943801554492 -0.085107273884363787708 0.99035267111485181246 -0.015542753558170030459 0.99635239627223481929 0.083906646068197088262
-1.6337975335726189208 -6.9862213492963638473 3.3408575618310951683 0.63574663287069721473 -0.004423664092613744693 0.77188512745713433461 -0.76167124826595455911 0.15864168853553511918 0.62824336385157886209 -0.12523229758539278222 -0.98732631174016083353 0.097486541568079496112
-2.8034155714269148874 -3.426479751714660793 4.8082954658310619322 0.89868312980695774783 0.011183074955600554728 -0.43845589405890100787 -0.2368346173268671695 -0.82903080224231373574 -0.50657407451352343131 -0.36915849744533274501 0.55909110864693789544 -0.74238745678785289517
-2.5812353381963055732 1.4020584852244657448 5.7363173701537633065 -0.8026159876490558398 -0.010955942931715650576 0.59639545914153757611 -0.46417125375508866414 -0.61648476373552141272 -0.6359965277177407339 0.37463665538433382762 -0.78729060923919158554 0.48971509374952038041
-1.5933280624394194902 -1.8383147632242631264 -7.208521483192565249 0.94353738664293607119 0.0035607828974030049547 -0.33124691822296203902 0.31465872931724375716 -0.3222695187589335597 0.89282262591371353011 -0.1035716373892599379 -0.94664126156849381921 -0.30519377094637134551
7.0403214497108272951 -4.7265257408039040854 -6.3853329136078764705 0.99965503678358846873 -0.001937817140141241375 -0.026192600062248959369 0.012629536448620998224 0.90987151994174619851 0.41469785628556965484 0.023028292216007203996 -0.41488560117633277446 0.90958212146802364106
-5.939187925322449324 -4.3541700006301393699 4.9181571057939335034 0.98882465839639333005 0.0026703376941201004309 -0.14905926420041087921 0.086756173573295541912 0.80280055184222876008 0.58990222944884707079 0.12124009771646444833 -0.59624168191965398744 0.79359731315526049755
-3.3687053880373625248 -1.0761821635590123059 1.0874651038442184614 -0.57205874176825821653 0.0025139531924987476054 0.82020880024894537996 0.59720682155869087016 0.68673141340797994037 0.41442005033831985639 -0.56222131607604663994 0.72690690317123096698 -0.3943520582826061105
7.108724362048347345 -7.0281811027649121471 -3.2098518990921500738 -0.99950198999786421528 0.007516034311760450351 -0.030647695156705841851 0.031533355747380593936 0.20122446175253053124 -0.97903746785692480348 -0.0011914132390674278539 -0.9795163220797353798 -0.20136125574159452478
-4.1974292767365186663 -1.8210850561421678684 -1.4565704710955693635 0.90002966341319967647 0.00025446481634688574228 -0.43582856747114251394 0.39332627029404942931 -0.43120767754291622342 0.81200639401707486176 -0.18772599732815378748 -0.90225266642752555146 -0.38819978857732917454
3.0944521538831191165 5.8361430403356635566 5.977282892489949262 0.9906300570930348659 -0.0041148725963465870165 0.13651065089433606081 0.13328276017352960747 0.24719807820052022707 -0.95975456027804695314 -0.029795902815683075748 0.96895623118772655769 0.24543028789844964499
4.2658751936303316299 0.98574657425150813417 4.2571134829845673764 -0.79791405071978394048 -0.00078233255354366202858 -0.60277073221887433885 -0.51631451049583076962 -0.51514678819620129957 0.68413676473530982136 -0.31105062918334497324 0.8571016127431306808 0.41063893083553004715
0.31387522809478007879 4.211353682440278412 -2.5289093781220972623 0.86799055148250103819 0.0035955025845916276962 -0.4965676941748501938 -0.15190416356714092627 -0.95011611923858363404 -0.27240500188844779528 -0.4727764034170969798 0.31187566805394084657 -0.82414564249770261295
1.22776079962504725 3.6595928897614542485 0.28363228510104177005 0.63245555402870456962 -0.015209042604138045887 -0.77444732370978308644 0.4263818128561489007 -0.82786721425957765508 0.36446457333965903702 -0.64668270569410701842 -0.56071789750037093203 -0.51710435849938540809
1.4292985157841002763 -4.5030652355174014545 -7.2837891145735254028 -0.86256028625639125096 -0.0011065458445379408939 0.50595308886271117554 -0.5048026029637187051 0.06931632480238372751 -0.86044731341148417147 -0.034118684243258166899 -0.99759411720002943991 -0.060348096186382538253
-2.1699427041312140396 5.0633422486068599966 5.4084656233296195538 -0.96861714702454548842 -0.0022739262039441713453 0.24854708155506688438 0.20794756519820095653 0.54035084327851334862 0.81533966927678658276 -0.13615664735181950973 0.84143674475737384455 -0.52292023479124238872
6.2218634405681205735 -5.0928835046262213027 3.1663830585690972974 0.99525794801552280866 -0.0022616185140489240488 -0.097244547372270409569 0.083468313080967526663 0.53319720885895627305 0.84186327700903162974 0.049946547662127534217 -0.84598795591112829761 0.53085753345880848375
1.2918828553034866768 6.7914908644298535023 -4.5126573887753131942 0.77348322531861912754 0.002684789820997186393 0.6338110854618840273 -0.10713964578875535827 0.9861543892368571651 0.12657257557990900243 -0.62469576311279273462 -0.16580805918985858094 0.76306152507953595165
3.6326474419151160156 0.47249229583408286492 6.7153671900929730043 0.9752384458324352412 -0.0078478434854055076353 -0.22101670779161877722 -0.21348289674568268759 -0.29436821050386724474 -0.93154302608199546221 -0.057749688895414055811 0.9556598599906963587 -0.28875457647466545863
-5.0274521882763165692 5.2706292298431263177 -4.379513697091094393 0.74012236660489549855 -0.0028839239844182882472 0.67246603292174267352 -0.66799819890433409508 -0.11831225949393721353 0.7346976354352562355 0.077442163655790319243 -0.99297225149344825468 -0.089492005522388978767
2.032724059347561063 -1.2258910310309090175 0.6229826475850722689 0.50336437269796951988 -0.001596721298205676029 -0.8640727740064878537 -0.86393484897271277667 -0.018891950260791760818 -0.50324911420291507103 -0.015520471289276853433 0.99982025619431713626 -0.010888997865678670326
0.36501136931236433103 5.9221724130759536564 -0.68836106690099663208 0.44378374584602814368 -0.0013444104815262397645 -0.89613290280132207322 0.82165098488008547761 -0.3985425179463947809 0.40749665082616337575 -0.35769490626562439051 -0.91714887229348529551 -0.17576205529689012397
0.33261397682134669074 3.0741920381132863405 4.3581863959723117219 -0.8234673472775815295 -0.0067976249536437112486 -0.56732294177364861465 0.19518829906468018742 0.93549826353198639595 -0.29452423811441413859 0.53273169220151883607 -0.35326589309421496665 -0.76902545660110188663
-2.051223384950149331 7.1466367324003590156 -3.7258080557766666274 -0.98238053823187754254 -0.0035418098356763553017 -0.18685805759021867356 -0.11018606152805683618 -0.79659459162773760266 0.59438715365873895369 -0.15095532434540509525 0.60450352535996210168 0.78216876559927139834
-4.5561858503991796709 5.9423543363981687904 -1.4154579731720955404 -0.99892286457966672497 0.0064720310437392687686 -0.045948051472346783386 -0.0023111295833397969141 -0.99593561884270964679 -0.090038335170573913224 -0.046344031978069535893 -0.089835159789526150553 0.99487781901378546934
-6.0393790990780322758 7.2811579417661826952 1.8974258424629655284 -0.43722427686930392943 -0.0070074961812142703629 0.89932520631493295671 -0.69893272869258049607 -0.62664748577949302977 -0.34468241807282801181 0.5659752401638121766 -0.77927134142314991028 0.26908772539476766283
-6.1992929374117000663 -1.7929254789434476702 -4.965867252405139709 0.91547886710123527187 -0.00027523263517657131638 -0.40236596294666743256 0.06366680636667029769 -0.98730279452618829872 0.14553257260034363485 -0.39729709495295056909 -0.15884935054197268922 -0.9038373206358714107
-4.5398883298909389339 -4.2449502988379919088 3.3806064742936881018 0.9964732894998528101 0.010315852613662336579 0.083274044564175225824 -0.050675628984035256397 0.86497935139583659314 0.49924212791568162162 -0.066880220845085977532 -0.50170141004747115243 0.8624515819546239026
-0.61006419701288283619 2.5258671456675703126 -4.8892624597143887755 0.74705311894635584302 0.0011580427248876860868 -0.66476333864723569089 0.066254628027745565699 0.99488970007842436605 0.076189296772927794787 0.66145442907086404727 -0.1009610995131163258 0.74315872776125024846
-6.783628223796257295 -5.8413649460637877553 0.10230763769442002831 -0.87948271053570525879 -0.007079708281137606779 0.47587817726738945723 -0.17404750671498897541 -0.92584578134708739316 -0.33543561911067354409 0.4429645891885419795 -0.37783523775911942444 0.81303315174257351217
5.663764634960956279 -3.0265421388391167135 -6.1105602871093767092 0.034832732306440732095 0.0064985894799383936427 -0.99937202737259134278 0.98675839214923299902 -0.1587290905111949646 0.033360925475130545625 -0.15841261402786105394 -0.98730078707572355157 -0.011941505625469197097
-3.6855349780692634454 2.848928853648003745 3.8417507349687558538 0.96115486283420092928 0.0057703155080708612434 -0.27594933069153032568 -0.23615644666345855796 -0.50031623608840936068 -0.83301488378394494827 -0.14286868918507053539 0.86582351975751103978 -0.47951868606476100165
2.5896473249961911023 6.6193951887987738658 -7.0329341201172885789 0.96221631848019206767 0.0054800627778927224129 0.27223101469588301127 -0.044442930875979440308 -0.98322873770836338725 0.17687870205193526041 0.26863466333576596634 -0.1822943176744135918 -0.94583518617056527855
6.7432070104398462718 -0.5710083570418307275 -6.1473756617531885027 0.91339330618217340341 -0.002934727190672214818 -0.40706763025062314698 -0.12272161776623884133 -0.95543621772305575846 -0.26847912096845855112 -0.38813924402772698175 0.29518303006698920488 -0.87304920022080345632
-4.785095960199563514 7.3940652200560093021 5.4184261385101786246 -0.99922346390162430918 0.00058774259933279892308 0.039397001752411620057 -0.01677714963000898063 0.89836950640806179091 -0.43891998952716476667 -0.035651036993795882923 -0.43924012170432907842 -0.89766202941117345659
-0.78459871862768937323 1.2898749776908873255 2.1497658411147209101 0.1115557633367921242 -0.0072547280858195652142 -0.99373169446615561284 -0.94692584034716609231 0.30258379262679674371 -0.10851037426141263431 0.3014743182248685871 0.95309517749267735898 0.02688527647066549231
2.0956054125631644602 -4.8428271746454507607 1.1620883550228542358 0.99992068011904167157 -0.0077086717470192349377 -0.0099604141504895139791 0.008538764798093526065 0.9962430950992025025 0.086178796480605834862 0.0092586697681440420504 -0.086257010422372881742 0.99622989575049114563
6.5544263842747376714 1.5320010578419822611 -5.9455112117050532561 -0.77626356340777269427 0.0037510864796622802111 0.63039734253546286791 -0.054497688678760841663 -0.99663800998583940149 -0.061177438489473441596 0.62804847110252404185 -0.081845014519321579449 0.77385819860235094403
-4.333989128726702944 -4.6920206774215307277 -6.0695492125943912853 -0.99492879042711102056 0.0083199874452127686036 -0.10023711781600412596 0.016598082033183171602 0.99649109048697837032 -0.082036639697168414753 0.099202851027458863187 -0.083284358608891648212 -0.99157577116388095906
-3.8568735634687967284 -6.3328793030877834624 6.6239726108757253087 -0.96583368252321055714 -0.0017654829890184206218 0.25915667225355659697 -0.21087553726752339411 -0.57594570967989366927 -0.78982152875404931791 0.15065458999274877749 -0.81748603815057996336 0.5558954685397268225
0.90716111784440622845 -5.4736989420444936982 6.5640515372562857621 0.88786894342087652188 0.0081531978731926718629 0.46002420009503852683 0.2444612804965985986 -0.85539398823452994503 -0.45666158939651163573 0.38977868290429373843 0.51791374789298172399 -0.76147089773460707729
-7.1498196258294708372 3.0269425627774801946 -5.4510328778512624481 0.58692728771061075665 -0.0098670671171334992794 -0.80957952044700121075 0.41753491815804411047 0.86039158232982748675 0.29221724311709817989 0.69367207746864667506 -0.50953799273719935226 0.50910714284709135402
5.018684884782980582 -4.0742092423718760941 -5.7294717452770171917 0.74467088791514179924 -0.0051212561031174809456 -0.66741219754200786785 0.20430897356653593411 -0.95021834459795917471 0.23525080427004069206 -0.63539209312991129508 -0.31154272632407792321 -0.7065536198071569185
-4.0908240969312661406 7.1646351699965693527 -7.1584312848434397125 0.78683016522985338437 0.00022337087818340281217 0.61716954006958069101 -0.61469567681080006238 -0.089163917116183002975 0.78370850499053623661 0.055204311374405311275 -0.99601694061398549085 -0.070019554523993998707
0.36699378088217660121 4.7489097638224890829 -7.4747299629182029079 0.97185460238916632214 -0.006589079094077339091 -0.23548931154452301673 -0.056541113522603624053 -0.97691537753774437824 -0.20600836781992054592 -0.22869572426395481934 0.21352500829392936921 -0.94979225967386560203
1.9781155362484637017 -1.2185440615073139803 -6.6875019446410393087 0.98741020498524234572 0.0062661831259079002476 -0.15805638879804528862 -0.065830668906084674474 0.92484996556066445539 -0.37459159658734964005 0.14383118619487328393 0.38028052297151321293 0.91361880110159754409
-3.894734769527786522 1.672029370897337941 2.5404138409733425519 -0.98950232485702926954 0.0084077539593897208936 0.14427216909688764246 0.10946867051954110861 0.69535908159075832113 0.71027625458263032865 -0.094349135010532214629 0.71861328774416732834 -0.6889798134924535189
2.9121400481949639705 -0.45672360098053288446 -3.8034266355148904637 0.95462967630984929546 -0.00768885070598830829 -0.29769625910213659559 -0.27092897368583129802 -0.43737246213322511501 -0.85749800033880507755 -0.1236109717061465163 0.89924758044848995819 -0.41961186438368025531
0.70418842479000343104 5.6421359514260203127 1.3636907414899397395 -0.99795476081510414712 -0.0092128527295692753257 -0.063256768105922955847 0.042353115377238542694 0.64590257866268319109 -0.76224410295825828499 0.047880152302066228409 -0.76336425264839391502 -0.64419136038448743253
2.0404158879663691906 5.0453047215444914997 -5.899064721200778294 -0.93846128089913438686 -0.0014072089592671315102 -0.34538159188915190656 0.33927238622825517389 0.18353826523513167013 -0.92260931771657517242 0.064689042317327638543 -0.98301155891347991034 -0.17176612834505552985
-5.5087040950051848753 -0.089843045067523052971 4.198782058659005223 -0.78718001832597139789 -0.0036131638866044001046 0.61671270766458541335 0.47666405371114750622 0.63095522369983125799 0.61211672545804729495 -0.39132978246994776228 0.77581083437427156291 -0.49495307921005665674
5.2822138442059456409 -0.47970487877238798813 0.39236076418435450464 0.79530902799337799269 0.0092932940809811927924 -0.60613297606828020481 -0.28091978667806838388 -0.88039096260681515282 -0.3820940020638354806 -0.53718490619623637805 0.47415755571915974009 -0.69757221053415519041
-5.1286387371504149613 3.6115260286044796878 1.2792268895316045718 0.95478898858845639985 -0.0025003489110487220337 -0.29727383928877881836 -0.29131475790475092058 -0.2072552197087008663 -0.9339063045778743799 -0.059276463263788964353 0.9782837125081258467 -0.19861339014310197548
2.6260711164591143962 4.1206646410729037555 -2.2857359589977215286 -0.99160880895212544228 0.00067711780639559122734 -0.12927301156908549418 0.072393794317174395281 -0.82557312600992416307 -0.5596321578988824319 -0.1071032611689615166 -0.56429474135563539861 0.81859656505840994178
-4.9543703889834782572 6.9740636517779526216 -6.2860415120463981609 0.88366938353331470068 0.014528211749074895071 0.46788604560213981065 0.037621950278485680186 0.9940807941633056366 -0.10192135955206424458 -0.46659726688344821399 0.10766757050792047368 0.87789218290061521444
0.15801333502593065128 4.7820792060376664523 -5.3031129596454587016 0.99510208651235265709 0.0016008830628589610853 0.098839640793571603705 0.097556886916111390518 0.14545421659236049128 -0.98454340924642858024 -0.015952781388402399732 0.9893636884629851691 0.14458561725512819596
-5.5783260091663660063 7.0153656697650994545 4.2946154266189342508 0.98604125712431267559 -0.01030435017247380465 0.16618200749872569233 0.080182800040854373957 -0.84533744903187990616 -0.52818113923341658555 0.14592243770712126638 0.53413333319664613175 -0.83271136928817879319
4.5857233311884311178 5.43535719072961232 -4.2712583711601741498 0.9919360940413503025 0.00038689475554497211249 -0.12673845371657616043 0.12339845757542743099 0.22513233111217811899 0.96648241275050772447 0.028906850503546303172 -0.97432811916743411462 0.22326914294967520336
4.6952609109185923231 0.29367067375258315565 -0.87659332520373356434 0.99982356080906942264 0.00066090817398052397955 -0.018772598416712808073 -0.0001610445737823219467 0.99964570949510478393 0.026616339955451456811 0.018783538419931071484 -0.026608620564889867016 0.99946943925064091196
-5.3962854136383802128 -2.6047423597988403898 -1.805624775719456343 0.94110632990918541285 -0.011291467371236148937 -0.33792214868140652007 -0.12504273624146791666 -0.94020539367064526193 -0.31682508080300592068 -0.3141388067687377883 0.34042079912549616516 -0.88624516337451608727
0.079745271623224936453 -5.2441588720540810442 -0.53384237602054951388 0.96259116086797902323 0.0053344559709965835848 -0.27090551968958181961 -0.24287838756489418812 -0.42623575778414640736 -0.87139725019086289315 -0.12011804973716933009 0.90459638644296136434 -0.40899514882404935934
1.6479436015185247033 2.795327307103272485 4.1401048904249169169 0.86029015074604453517 -0.010226870981215054404 0.50970213619265103411 -0.38238767489748143324 0.64828436022211322065 0.65841252598802801899 -0.33716542322116682673 -0.76132962598426057177 0.55380202056578053948
-2.8087312764085434758 4.6353303667486684958 -0.90490824397558200509 0.72490596035208254566 -0.0082360284485696565182 -0.6887986037163210673 0.43826384895498671224 0.77696074247489455011 0.45194778830302761996 0.5314472197173870649 -0.62949517272827426595 0.56683302670759427855
6.0470391635182787482 -2.7487706638708462314 1.8300821584003383879 0.99765248135427786469 0.0036455242049035405626 -0.06838301397946718041 0.066333533033567315673 0.19661691412528145562 0.97823394516614692318 0.017011432712345182783 -0.98047360965661389809 0.1959135317530004694
0.7356088279440684552 -2.7259913867421570188 6.4596406383834885645 0.89494198718750317401 -0.0004555887190240062311 -0.4461822856276995708 0.25205030559670815737 -0.82463996465855549101 0.50639862967492643708 -0.36817045375426810105 -0.56565777739453715345 -0.73789009740984701224
4.3752958007512914307 0.15719896802514488066 -5.5096298446792486558 0.99772947024323466181 0.013906896835157167569 0.065897666335779384039 -0.063045558530506820571 -0.15129569556216387882 0.98647598554350968136 0.02368885302550461508 -0.98839071764388541919 -0.15007540610491212907
4.0010939277008121806 1.9632959231587190363 -5.0617007163165252948 -0.98501504593618283145 -0.0020941524949829159324 -0.17245571548845117782 0.020994463375185790088 0.99103424644261162157 -0.13194830383714445388 0.17118583991352090412 -0.13359167976804439681 -0.9761396781761568775
-0.96914850701366128671 3.75253757670998489 -4.1546152557169904185 0.77349705613199781773 -0.0012675123503439284997 0.63379862540685771854 -0.34745265587625850934 -0.83718993607879443886 0.42236200450907679382 0.53007448163420167742 -0.54691078279807969764 -0.64800435151275015411
-2.788834375786799491 -4.4117406201914457498 -6.9407308090384383092 0.99990805474513211326 0.0015939056868260886857 -0.013466310574378609344 -0.0087301239622923545308 0.83555622944514362782 -0.5493355735533520523 0.010376270593424455346 0.54940262731463818113 0.83549331900891843361
