1125 14.717824617146108679 14.977075390850430381 15.033177056927090831
-2.6252224301040651966 4.2274765652100434465 -6.6624694593667310727 0.98326973028057862436 -0.008742254171089106074 0.18194562513548909188 0.16942904696937211018 0.41069060892284758868 -0.89589453720048983776 -0.066891221823024538118 0.91173285381992452692 0.40530083605681765935
7.0262118911776951791 -4.7631260456898463218 -4.5688044652406842872 -0.98546190314899040352 -0.0073993703694695050696 0.16973534328498826595 0.078348064307892345548 -0.90627162005033246039 0.41537131763096762915 0.15075283831873309559 0.42263104477716961771 0.89367588181042556528
-0.18539875195945282327 4.405478359331397975 -4.2791569454180056198 0.93980308008442814405 1.834271358425870746e-05 0.34171650578700613066 0.33868328858726604036 -0.13299374733857347031 -0.93145385994186613576 0.045429073240718043092 0.99111687647445945171 -0.12499414575132723748
-1.8074919735218186734 5.7971031787045257389 -6.7047227705302470113 -0.92499735490200285515 -0.0047161071830583694425 -0.3799442745420986145 0.37831361166771770854 0.081932456138528966805 -0.92204440449357860654 0.035478227848179964832 -0.99662672599329704681 -0.074003137667421628465
4.7281109618940808659 -1.4587027311016025344 5.2602945823170381701 0.81333452387869453748 0.012832397602126316416 0.58165477891860473125 0.091473944543300697574 -0.99014282172416590022 -0.10606465036850566686 0.5745602403027166849 0.13947229889792045476 -0.80649117050553187358
-1.306848367294120683 -3.2417220108786222177 1.3393565194100707227 -0.98575562297480312512 -0.0046996808445165603324 -0.16811830588455817237 -0.060376400429896767696 0.94286547776399298737 0.32765741424846234198 0.15697306152536621981 0.33314051666051142098 -0.9297186962272450117
-0.36416138861560076734 0.57196851848704022281 -1.850373710380065928 0.99416412769521500525 0.0031670704784481076496 -0.10783161349314621114 0.10717499795748647307 -0.14293346399002260227 0.98391236636427714668 -0.012296626235299566027 -0.98972723239107818216 -0.14243875331822564156
6.4523166469899297937 -6.5811261487287788796 7.0426386308446558004 -0.91332152348987516444 0.0057558628244407869512 0.40719855693923284745 -0.10447373820487379503 0.9631250567707207999 -0.24794225748339135396 -0.39361025489141870937 -0.26899255577727176902 -0.87904150765509903032
4.7988729041566582367 2.4886239813467740944 4.0658828553149808371 0.45548776157065024028 0.0057425680686701598143 -0.89022352360036671737 0.83620355474957586139 -0.3458520631643811627 0.4256171582880380333 -0.30544150681195841868 -0.93827148167088492148 -0.16233333791772996957
2.2698189565792592504 -7.389997813483941691 -2.0969251298476159207 -0.98114992559378588766 0.013739642119488908178 0.19275903543461836431 -0.19159519805774929968 -0.19934279133245716431 -0.96101702983096026767 0.025221094117430908205 -0.97983349288452958881 0.19821761433666468255
5.061487605569719328 -4.9319383030421937164 -4.8970102789670129084 -0.73842009599683711141 0.0027011693336908421115 0.67433557336999772058 -0.2431333781284075457 -0.93379900607540755608 -0.26249871750643755108 0.62898483468829935461 -0.35778781412575061394 0.69019269613292932863
5.7669301921268925071 -3.4756343778479563689 3.6050355191241432173 0.78940237928873446815 -0.0065281857746536994108 -0.61384140163708889038 -0.6138477670220401361 -0.018003889616071157981 -0.78921909434615211687 -0.005899363972060751686 0.99981660455758547545 -0.018219625559821761573
-4.2207871366135361058 7.4284052994964673289 0.41303964843900753401 -0.88528557634416848998 0.011213881377753222995 -0.46491256939504405077 0.28517870901418057583 -0.77658832375931052816 -0.5617683502351078495 -0.36734527660235921642 -0.62990858405428307165 0.68430448156701118023
4.696277719876510659 -5.8276356557799884328 6.6330707088123928017 0.99672055589568364642 0.0032653513872435858262 0.080854628410498563529 0.074411198730987407335 0.35564732796110559709 -0.93165334305076186183 -0.031797908083684052472 0.93461452781057652306 0.3542380237172808588
-0.41083783882644042684 -2.0423148322881981009 7.0164753728066759919 0.93454405607543211687 0.0064857212352260927915 -0.35578833971080192633 0.25128667182229447175 -0.71995883203257537986 0.64692680323415208132 -0.2519571706036757841 -0.69398646643740447004 -0.67446302239855970839
1.4923195164319167372 2.1143960780265382837 7.1482613383016406772 0.70994486811032131435 0.00032416451448076966796 0.70425718254148506059 -0.66994125225923495393 0.30865927432621120818 0.67520972363679676587 -0.21715663187005143642 -0.95117261697845600921 0.21934823898322444724
7.1568933777148213693 -1.9724466666919269198 5.5906616461113145533 -0.93548351535901230758 0.0026094566466258032646 -0.35336069847616746742 -0.2802355606925843734 0.60367921046815098407 0.74635074956206792773 0.21526407739071265479 0.79722305635539525426 -0.56400068741146291984
6.320598660020991133 -2.4103098892527659025 3.4148941504020329241 -0.0002938301123841125656 -0.010053040523927320865 -0.99994942374112427697 -0.60138863212878745923 -0.79891447061785425543 0.0082086407999609305175 -0.79895658631131416527 0.60136062808753509845 -0.0058110391607538300004
4.8260932273128975822 -5.1749577273021003521 4.2115417953243667881 0.9793973108810916095 -0.0074429250357245834227 0.20180562505954635633 -0.13146370728349895951 -0.78206567099119905784 0.6091720446018590307 0.15329122971016040378 -0.6231515779680386613 -0.76693148961947943398
4.9662921052514299447 4.4542296589737757628 4.5190423792454437191 0.83388154644071854626 0.00053468438203110044485 -0.5519431860418609892 0.40221868950272032794 0.68421031640579454969 0.60833902450721011324 0.37797049133515697728 -0.72928455148633131166 0.57033529668389870704
1.3236136267114060328 4.5942023289238713701 4.9490849467656641281 0.99885903728152636294 0.0021335787920454284995 0.047708190938114319879 -0.0081177821229943044473 -0.97687695955197406672 0.21364809268933121489 0.04706086754886344703 -0.21379161288018963538 -0.9757450594328557214
3.0594409605055541412 -3.4453316126727737689 3.3264495876446575906 -0.67361534845641901637 -0.0093938896830254216969 0.73902240639929095423 -0.64483039650709828017 -0.48114997167273793055 -0.59387579888382524551 0.36115941364467518682 -0.87658796455113152657 0.31805254021906742556
-6.4550543270799067841 -3.0183341321106298416 5.5128144202661326645 -0.97269040625906089126 0.0098048519572016060164 0.23189919889831761557 0.044390449314447119611 -0.9728067733504138781 0.22732459113164940612 0.22782199538513173143 0.23141055853528863517 0.94580457379795457307
-5.8147051099933291241 3.3964332297943893302 -2.6022557853735830413 -0.92370045341496354041 0.0085834161175297948865 -0.38301931717455528492 0.38305911239153839221 0.037841086136832971509 -0.92294841059171661701 0.0065718167101537399225 -0.99924690500787283209 -0.038241784181572827106
4.0563554812843864994 -1.246918511443050992 -0.24854279137585361115 0.97982424816444069204 -0.004736546551124758142 0.19980492445308409288 -0.010500876273582780696 -0.99955835082612232156 0.027799908114309716117 0.19958500521439423436 -0.029337150857607019461 -0.97944124748409489012
-1.3783854806227546774 6.5930595316252516014 5.1265646562886368898 0.9254000694571185015 -0.010309319610148392696 -0.37885146083636811465 0.041224234242151727714 -0.99096059784043799556 0.127662273357482009 -0.3767429813013579154 -0.13375653799658965282 -0.91661001226437888167
5.8508990390166761841 2.9806569407254035475 4.2326766108956812573 0.50584796856075453508 -0.0025115230387913189958 -0.86261899176587331084 0.39540079487858237339 0.88943250529342188226 0.22927719018015652042 0.76666553601453513167 -0.45705963591150111647 0.4509106841804055299
-5.8016608186802542946 -1.878887245903486658 -3.3881868791854463652 -0.55340175309848815832 -0.010751593037372286082 0.83284506537204083809 0.59338642887954407001 0.69660382156567823841 0.4032811200658601436 -0.58449896979295534738 0.71737543798716474353 -0.37912192667240890431
-5.6020316003119683401 6.5318476787930865868 0.42247406232202905363 0.92796907954579799238 0.0036187363303831453221 0.37263962772956188418 -0.058264693466131001198 0.98906414496891914556 0.13548927128051027613 -0.36807419483349296252 -0.14744158804153373321 0.91803178878158009368
5.8985403741849751214 -4.6218437194813368762 1.3679271982328251589 -0.92960364734592448865 -0.0089017827905826709539 -0.36845327669084415589 -0.35432394847092846257 -0.25358759316765494551 0.90008214743503955901 -0.101447515400956631 0.96727146699083299541 0.23258183670356383232
5.1727426798930347118 3.5411817803230434265 3.5319228134197544478 -0.16252945667636675697 0.0090615023792677412695 0.98666208242085107205 -0.93513252400662327801 -0.32046301738203591958 -0.15109803782760894419 0.31481953283977853753 -0.94721768546878915007 0.060558385691249987104
0.29522578934954102348 -3.2378447511361958533 -4.262409781588887725 0.62009307103461397404 0.0091585461650457930527 -0.78447479518925367081 0.73685315731744993606 -0.35006177386624204306 0.5783633624538818685 -0.26931767080208318665 -0.93668184326898751291 -0.22381938406672141628
-2.3932174049824745943 -7.1419595922968088786 2.8227723364702375086 0.98464540531830735404 0.0027038480447996639938 -0.17454545250852865346 -0.1435151776428617576 -0.55670223476458446932 -0.81822125100381104534 -0.099382189409285892623 0.83070771695824185965 -0.54776625435892978278
0.26468376115470010346 3.1071968466720516489 -7.117243885503514278 -0.91329493766827751777 0.0012875637182096898864 -0.40729681929678207553 0.28036048621608339326 0.72737099399117111087 -0.62636206372118141683 0.29544941123358836599 -0.68624323623626959368 -0.66466522860892307545
-4.8527734101029791347 -4.2097763900578453189 -2.8788466918272770378 0.95664566777753057281 0.0062204989059541646382 0.29118786327033663319 -0.25084311932104869092 0.52566032549009555908 0.81287080873589301344 -0.14800944500899818057 -0.85067180957115162698 0.50443104245188641332
3.698477580947297394 2.0603049387620866462 -2.9915611834931095103 -0.59603591853414739088 -0.012202866179602294555 0.8028650408841816466 0.26527762024264689433 -0.94673316327730361319 0.18254890235012816158 0.75787134001446820886 0.32178783011143297088 0.56752411788101986279
6.8677801176755686186 -6.2971996761435420353 5.9508164677448869284 0.98808291060450759158 0.013225681941379369838 -0.15335332767333781367 -0.15349091982637655396 0.010099275350265229587 -0.98809844760940879205 -0.011519518312796307377 0.99986153340075101248 0.012008943469624139277
-1.3228998020613740305 -7.3507461442178794186 -5.8201827855021992519 0.9392416567649879422 0.0078654863963075263844 -0.3431664965014386004 0.31010870112278093869 0.40917708245727923977 0.85814142696860262749 0.14716556555547105622 -0.91242109210362909444 0.38187700506735988704
1.263901806186479071 4.8365117960249044415 -5.4190296943961042686 -0.99277324701651936678 0.0033761114670945446825 0.11995783375671693893 -0.1046829500194441237 0.46437977233274407851 -0.87942760192270463815 -0.058675037140782183853 -0.8856297357922945368 -0.46067039311948004832
-5.6219194001198236066 -5.8913471668880941223 -6.3139246643876854037 -0.99954636354372694562 0.005178852328656969109 -0.029668950355565590349 0.021415368810917032039 0.81487322863070410506 -0.57924347492190486619 0.021176616947293034482 -0.57961608047872503757 -0.81461447945962195405
-6.0313416862567565957 -3.7745947728586650705 -6.9626860438156272792 -0.68074010041324184428 0.0096352505237487506839 0.7324616560863986825 0.012727710592896918779 -0.99960696500541645904 0.024978408587141523456 0.73241444624771889771 0.026326364348859244979 0.68034991105139386303
-3.2298165725875325194 -5.5458704285303976889 0.54202457838510242905 0.98166856210349495715 -0.0029278351945574163442 -0.1905735080191063302 -0.15209711207877166239 -0.61460973397605500601 -0.77402929104733320109 -0.11486210286660182567 0.78882590137689123644 -0.6037883690848463436
2.398941798717953322 6.2332397951519498136 -7.1795570322578274869 0.96052828652626565109 0.0076590386074960187246 -0.27807687769860589544 0.14382620029116655047 -0.86932100811736356949 0.47285833920472974956 -0.2381164313792916154 -0.49418855103424230713 -0.83610898878912465193
-1.9941023861527824579 -1.2378852279943957093 7.3052402935605833534 -0.91066902868426491402 -0.00068822166218224819882 0.41313611140428152524 0.15383610878058678884 -0.92865145350809863434 0.33755137317536376695 0.38342714018511553364 0.37095283291576447438 0.84579999049489784646
-0.74775744550675915523 -4.4773187201013007197 -5.571626803386844351 0.56156355759867015998 0.00045376418152449655291 -0.82743348063468191711 -0.81884807516525537352 0.143986778954427741 -0.55565784191750111631 0.11888734404985519533 0.98957950745980149954 0.081229291763494651524
1.6928057473040263314 3.9801326904652793992 -1.0939479547450294827 -0.99694375670871693274 0.0077394984092485248628 -0.077738318247929136251 0.02077601959337273263 -0.93298115086987232214 -0.35932510228413455655 -0.075309381683232035076 -0.3598420101739535637 0.92996893751594111865
3.9748867836909274054 -6.740283337674004116 -0.40955783516180471748 -0.95499010353979296717 -0.0097283034226007345652 0.29647809742645747644 -0.29432176701648588013 0.15572058716259745692 -0.94293467228328964325 -0.036994588812399330224 -0.98775323783127289001 -0.15157487111110634626
3.5271781870501111023 0.035315567245553361464 0.11194158650706950708 -0.97908411132016026635 5.4661862311003103776e-05 0.20345589195822672002 -0.071468637250195407584 -0.93636531245528487055 -0.34367460703413227341 0.19049025395034993591 -0.35102706255007992686 0.91678430642510089221
-3.3031468655110258759 3.2325663774940887052 4.0154737394025268316 -0.81936914790115800145 -0.0036016405996350132207 0.57325494123702547267 0.25049418855341692991 0.89721399401824852848 0.36367528158887785228 -0.51564218307718912016 0.44158133692765788592 -0.73424727572426617961
-6.2514687895490181901 2.5731350497179574788 3.4939642117958187306 -0.89358782450183327217 0.0038218926674035355595 0.44887213439745093924 0.12567169638362626904 -0.95784630113971636067 0.2583352243135558779 0.4309378431167670831 0.28725573367562784455 0.8554394887075554843
-2.4207594532403455823 0.69187643634302886664 5.3125153126303157336 -0.96108312131594808569 0.012811500670791583709 0.27596213394573221311 0.21424232635702117333 0.66521877744325896842 0.7152511473140278353 -0.17441175281040774414 0.74653857474846663234 -0.64207530469109008742
7.0221681408435907557 5.9426614059209228458 4.5536459931426378489 -0.92714532409633898524 0.0069706953064541717774 -0.37463710095696534097 -0.20611806926289313879 0.82547603149114423537 0.52545662328791720164 0.31291674536490959868 0.56439412722029314029 -0.76389945649247836812
-6.6997580238497942418 -1.8907734914097258372 4.5316255015507227455 -0.99527684539525085317 0.006014251998699099086 -0.096890813770161537954 -0.049176953951927011854 0.82930378260562087611 0.55662991597304822822 0.083699630943996808363 0.55876566190937426715 -0.82509109003240999058
3.5893403669324284166 -0.39765132472155256815 -1.3767440211913386516 -0.6259278938743720877 -0.0043472944760450287285 0.77986881762288995379 0.76249962894532441471 -0.21335460073557221961 0.61079794548063670589 0.1637332816756865983 0.97696515566099062511 0.13685940631186144234
-3.6026744210762289278 -2.7325081877261472307 -0.40225662159356756487 -0.99459523144762751468 0.010247323305463660464 -0.10332143023877689292 -0.032541417558353054329 -0.97574512884085018438 0.216477480784395937 -0.098597067526375564706 0.21866969590814355762 0.97080491467987073406
1.2510049088501269399 -2.037985497810471891 -1.1664159071911543997 -0.87308888217737823378 -0.0070375417992601160128 0.48751028381312838667 -0.019332285931508243204 0.99960918807792120688 -0.020192420132796783105 -0.48717765398139539768 -0.027054465723430631136 -0.87288372040357986581
-5.5060828043466685244 3.9964258437208948216 -7.4491669847308399355 0.84648739342169854183 -0.0030002884193176676542 0.53240031090094674937 0.35355921368549947381 0.75082210264017446022 -0.55790864180876587053 -0.39806403403990259227 0.66049766726030767483 0.63662222420175795801
-6.1615979430519756121 -6.9063956803469794821 5.2999559591164491223 -0.97930103173311489062 0.0070181039834119815501 0.20228750693765204516 -0.19379835220748431457 -0.32090925083243349025 -0.92707035947219718075 0.058409656121393538353 -0.94708394503684845134 0.31562685742045781812
-4.0740978211358456207 6.6068972104795360423 5.3580539445475352522 0.96964389010583285078 -0.010222606548701248033 -0.24430764354756637213 0.2249840745546701215 -0.35404338450103889357 0.90776398259012003322 -0.095775219014130150152 -0.93517312846693645412 -0.34099608094002470393
-3.6052051193157899078 0.72404134462786684523 0.31199177623695506512 0.99123064716251141348 -0.00073193812117105638143 -0.13214109274657043214 -0.041201114493849479159 -0.95184780129094270773 -0.30378978149690533117 -0.1255558532690866369 0.30657010200613815654 -0.94353086874023106567
-5.2531716467206068799 4.974665152918169575 5.5149372331123682756 0.81501573541266336687 0.0013465650392956193641 0.57943725958236158569 -0.37329231819204733434 0.76604929412283240264 0.52327939396910794212 -0.44317287395385956961 -0.64278041797838281202 0.62484489119698138904
-1.2394894077778211283 2.0191671637568422426 4.6053265548626605153 -0.98810251607082288938 -0.0047749387027878368792 0.1537225347657210639 0.13328566521451473692 -0.52528758861465729701 0.84042125193004257877 0.076735579640355974784 0.85091136389622801239 0.51967441885234366694
1.4527977739290807158 -4.3355751678002407701 -1.258029028319668452 0.73145406751550556823 0.010130377522037027627 -0.68181546078565202773 -0.35919560576652775907 -0.84419346790909788325 -0.39788931317365200391 -0.57961492726905727846 0.53594287399968909558 -0.61384995878137049719
3.402245515978558732 2.318837002138894654 -5.1684414918832777275 0.86307824974916214078 -0.0084514475095199929899 -0.50499951271760867844 -0.07557985133384784171 -0.99076291600286547911 -0.11259009879141289312 -0.49938324049008758765 0.13534185349879074289 -0.85574468260631630923
6.6917992783272568502 5.0240425258030123601 5.0850958570421607163 -0.99899317406822873977 -0.0080124810236157934656 -0.044141118165866265188 -0.0084128620411036414417 0.99992507357448223715 0.0088921869829546862363 0.044066562350292520778 0.0092545872359295691667 -0.99898573097800635878
-6.187785782196295159 0.60240579437746699654 -5.8157949575160925448 0.99266295753849420613 0.0027468191752182073012 -0.12088303319914064926 -0.091567429457025922845 -0.63583021021055252664 -0.76637807226359955237 -0.078966186394234888501 0.77182407242084494214 -0.63091357778876500095
2.5825727258440305256 -1.4053888017919806686 2.10390429558384362 0.93672706215994194778 -0.0070553293495899532806 -0.34998947604898439367 -0.21611626148920817791 0.77485904915796810499 -0.59404310909045410227 0.27538368240907651341 0.63209467349891046428 0.72430666930315890095
1.0658130370534761866 3.4112425703955508993 0.3303207503325710781 -0.8857634957985096591 0.0032216523118608394322 -0.46412568391259456657 -0.41186153141623627061 -0.46650099599646027704 0.78278151464752543376 -0.21399324393639776454 0.88451480580638419671 0.41453642766209403137
-3.1245131113193389538 4.8736981652242556962 -1.3257729114326288755 0.94720031591398956561 0.0045011140432179149937 0.32061082562012355179 0.13413340723450931091 0.902644627211587669 -0.40895098242902566676 -0.29123837418180009706 0.43036312218686412212 0.85438152628978558667
-3.6054392582209007223 -2.9768544083196237793 5.83863404305967304 0.9454249667463655582 -0.011821836815393543113 0.3256253620754481215 -0.16666894240081570056 0.84116899016501278652 0.51444746439620947509 -0.27998767096332377591 -0.54064311163558786966 0.79329183151563920084
-2.8244456495392200601 5.1881108212602162766 -3.7821141705389234033 -0.99911509068082449136 -0.0004484266262919887891 -0.042057514041489003909 -0.010595522351035446817 -0.96501090668996047928 0.26199558178643866935 -0.040703445553156789027 0.26220936078457535157 0.96415220823110336923
-6.7593339715931310963 5.6347194549878416581 0.35715291203826127209 0.93985256967757102586 0.0066135723467652222929 0.34151633625829402874 0.094224043418954378515 0.95600163975510521475 -0.27781773598428133321 -0.32832754516219581076 0.29328676316269869373 0.89787744021187831933
-7.1544761673240895306 5.9135407312065551011 6.7495689831540648385 -0.9069518287019805447 -0.0084892667002490866668 0.42114880121516728995 -0.39322480070467147328 0.37555162519989071512 -0.8392468247902338252 -0.15103852662437999843 -0.92676259590073151173 -0.34394542345343714906
0.58925052828926050008 6.8820569615391855578 2.1088100933950331139 0.54765613033072890747 0.0055239439614174750542 0.83668527473250198234 0.47124252740821181984 -0.82832993494500073428 -0.30298514688990074717 0.6913777862160739307 0.56021335660351256891 -0.45624308412272729374
2.1893617377933298762 -3.98325222509454413 6.6172765843597769475 0.97170342139183751851 0.012639481102016885544 -0.23586586097391909478 -0.16932614974283044518 -0.6589404801459264327 -0.73288887195702978605 -0.16468489872713448774 0.75208888247503624669 -0.63815452438163478011
-1.6363123920867788108 -1.6743960645611684068 3.5658555177627855315 -0.91946396578500488861 0.0049990324667087181545 0.39314249998867234481 0.36302095783198928824 0.39482328926557913595 0.84399665546013991069 -0.15100264831315265979 0.91874347884911478079 -0.36484054088675960115
-2.0218532739447563351 -0.99538279337058765961 2.1448147711619225397 0.79494661008417955017 -0.004143540063503993974 -0.60666524392903020679 0.59461447874717066053 0.2037560049849190813 0.77776417511798778825 0.12038898944663663226 -0.97901293224773355828 0.1644389543620122518
-3.0124106951023033041 -5.1578185454815361766 3.3724070499026552739 0.99636084789575951604 -0.0048040210306889395697 0.085099836442219453647 0.036777727909974800014 -0.87645554404588654762 -0.48007611692406948478 0.076892519209244544753 0.48145882554276669962 -0.87308930803025797118
2.7507443520367207412 -6.1260324464060333938 2.4287174644116742428 -0.77286127793885583959 -0.0067751909873452111771 0.63453884187645337445 0.43423300744976484067 0.72352239226040093723 0.53661629041514014027 -0.4627387387110840633 0.69026766162470043486 -0.55624042914120197523
-5.3363829934319984005 -0.78660218058026964982 -0.55703384863998650633 -0.92130708977018060946 0.0034015716094321609211 0.38882087861854403021 0.23538016093939762019 -0.79105311470120442952 0.56465135221445827973 0.30949866910104129047 0.61173801502939517682 0.72800218048611897714
6.26683507752275748 -4.3020679542575575027 -2.7136704389072248134 -0.96619051257051891124 0.00022940255459574440677 0.25782909221625316398 0.25658178325094765926 0.099104392123731455122 0.96142816058482505337 -0.025331441379842251083 0.99507701553008731654 -0.095812583940648662906
-1.1408035227663884115 -0.18017922231715627346 -3.1161485919169877867 0.90720735200837865353 0.0009741494740076028086 -0.42068262561549546463 0.41938680524174037911 0.076368245864774114695 0.90458974049713214427 0.033007999803944365613 -0.99707920550790674064 0.068873288672708324332
2.7653384802857949865 3.8954860337463648179 4.2570400376380277407 0.99679849092178884895 0.0020116760010670700458 -0.079929479267266873022 0.027977287301630480998 0.92770962961711689321 0.37225275621670228521 0.074900199542531895047 -0.37329719564358326833 0.92468327757841073389
2.3840771231158415233 0.85537535653728569152 4.532585583222383363 -0.99604966749757195554 0.0018513230711238457329 0.08877855867735795492 0.08852809695335585316 0.098575085508570414738 0.99118400338521606141 -0.0069163521997321116691 0.99512789385076161341 -0.098349575252717508222
-4.4153696467609435672 5.2860328943921608413 0.061520910098854963977 0.94506293396542395691 -0.0040878782240910674015 -0.3268628765953095483 -0.27665134835383636824 0.52263528416230176088 -0.80642196845228464319 0.17412662719578211878 0.85254656705670517347 0.49279231802182948963
2.9798084920912191187 4.8273505370142935078 -3.0453610271188273906 0.91764149171851783215 -0.0017977870055724048601 0.3974051593002153604 0.34297073764109642369 0.50875303506501712292 -0.78964639075611764429 -0.20076146492422619616 0.86091063257121402952 0.46746948234881618989
-1.822977912431756442 -2.8582556163245205205 5.6160733919252985302 0.95216409624283548929 0.0044994180579724946806 0.30555406896869063971 0.26595996060167187425 -0.50462719355965701684 -0.82135053106268085532 0.1504952928929775835 0.86332563425234309928 -0.48168456074463128491
-2.8946687495714904514 4.6205644674091201907 5.7058111995582772025 -0.99906594712008855996 0.00012136971380139003479 -0.043211324607231135775 -0.043073196627316873153 0.077144772522417137672 0.99608904411443210947 0.003454422849377442907 0.99701989415556013796 -0.077067487443941012915
-6.589863483327032867 -6.3373752378371364102 4.5571754769262655671 0.86248974598654137846 0.0061696760487373030618 -0.5060369286579009529 0.11695480317183060137 -0.97528723474881029443 0.18744701584974787778 -0.49237486946743214133 -0.22085457847507811158 -0.84189681261040860694
2.3997545626752065928 7.345939288864494543 -5.80435158560967146 0.99691958019031412519 -0.0037402081648326701568 -0.078341313979948062896 0.032838964240090466606 0.92699644044235296469 0.37362976572357387006 0.071224666098557556926 -0.37505147680011818867 0.92426372680595525466
2.1263636895980089214 -0.51518304462226793827 -5.1653858143172861617 0.89863661706468700441 -0.0069564103211809894672 0.43863861985249563702 0.21479610977245855441 -0.86484556564766545961 -0.45376731791347679756 0.38251125695495180601 0.50198979664451603977 -0.77568768352189554349
7.3375297810878752358 6.8461993463982784291 7.439272577367052719 0.98437788480774701672 -0.00085806389302961472154 -0.17606658861835999819 -0.1153687149685698049 -0.75854798326168404454 -0.64132286462927590165 -0.13300465972228386891 0.65161662104040130039 -0.74679685301702103395
-4.0555898196393380672 -0.12444714796115011191 -0.37621826237399702553 0.86805477215770754373 -0.0062527534596364163846 -0.49642906402445985403 -0.43998489929465356418 -0.47289887627219995281 -0.76340024968122410787 -0.22998739297373999024 0.88109452154392231549 -0.4132532433973630237
0.82208217671113437142 5.7759977483471116599 -0.5440689774607316842 0.96742610680778096111 -0.0038697341629268982091 -0.25312398745288688939 0.019705298706328703423 -0.99569833104376515021 0.090534715769888168824 -0.25238547713655146154 -0.092573531390694852039 -0.96318830568903546219
-2.6874717508442222957 2.8431452542232849012 1.6445354844456079313 -0.98301419107497578498 0.0019814470950324817797 0.18351886554988541822 -0.061820577994009973111 0.93793119420850823431 -0.34126718428093089086 -0.17280427159597480657 -0.34681572743746552634 -0.92187717995418161365
-5.7700674295171330286 -6.1999831766554365231 -5.2844384703891762456 -0.99995102277622838205 -0.0016195111500984598306 0.009763669006309441678 0.0022626643869308026707 -0.99780212978616955599 0.066225298370343577137 0.0096349571199295831747 0.066244146745245161001 0.9977569246180237883
0.036527751303408968753 -5.8835373300601450097 -0.58189358522863232626 -0.99897692731348863848 -0.0068267722930968636683 0.044704517392533019149 0.043965257555505919684 -0.37810828784405636771 0.92471681005133976594 0.010590317432378723236 0.92573620316137283925 0.37802159638440319123
4.3186264653947379344 -6.1672584521443996053 5.6201166083572040577 -0.99976496350353594167 0.017396265476464684713 -0.012937839782275745507 -0.018313610878537396609 -0.35827564794029342909 0.9334362172904480115 0.011602991310330740271 0.93345376427573745204 0.35851002852383140329
-4.2357110387669152374 -2.3776006399777700473 -6.1677119175730705791 0.61909077687753388819 -0.0006079807286751845799 -0.78531919647014347685 -0.37116923716260263877 -0.88148469022872943945 -0.2919214590883866256 -0.69206936600980772933 0.47221220997724061563 -0.54594470542266559931
-4.0845823338836462213 -4.5210247179229572367 -1.5463946747611228005 0.97226843425332210025 0.0090012214154919188702 0.23369439395828095485 -0.053848793625109490912 -0.96379334571229935413 0.26115645537807996579 0.22758382890624534456 -0.266498339157181241 -0.93658114226515765122
2.1633404340022948098 4.3318842084047401997 -4.3217583442346052536 0.96045885171712763739 0.00061775915804223018729 0.27842128606067123586 0.077052496314214763418 0.96035063592462588389 -0.26793575515582401803 -0.2675475788898016849 0.27879432284894262173 0.92232966914085257049
-3.8576980797635549436 -6.4767176798659171766 5.0098104692297447116 -0.93908271001657483978 -0.013240085536174783787 0.34343611324790207506 0.30223641021870067958 0.44394765942262498504 0.84354230956800613228 -0.16363623096968837878 0.8959548960902554704 -0.41290193519267848199
-7.1499513957773839223 -4.1984766962069732799 4.2085980704078789216 0.76485864072027087701 0.003898381992394396936 -0.64418635683579339446 0.5277841135811391915 0.56957893588235430915 0.63009821873297622297 0.36937134318581632542 -0.82192739242406465117 0.43358986659767390082
-5.8246360613908221282 3.6229086563675321209 3.1542102277873116378 0.90856450615188133479 0.0044046353595532617906 -0.41772136328938325178 -0.28681980078142588209 -0.72042578732025619459 -0.63144365294429871671 -0.30371852106960645079 0.69351804890091550693 -0.65328996303937958423
-6.6609649604970888603 6.9659787857322230664 -6.032014677239951439 0.83612872234886614908 0.0012344361320114323813 0.54853189135244362351 0.26407254383544875864 -0.87739602360365265277 -0.40055200580798694387 0.4807852444236641043 0.47976524877485110521 -0.73394199689939165765
4.3450354405348239339 -1.2656919969031912299 7.2527372680661379434 0.97409204858244036185 -0.0038134181522510388757 0.22611974422940578355 -0.17619832677114996566 0.61399472188104875503 0.76939237788357883741 -0.14177034432997318025 -0.78930091811956037962 0.59741545855815958443
-3.9093010214726513496 6.8304907689140037519 -4.7622535517822264239 -0.99963515775102707028 -0.0027178084012251264162 -0.026873126085634916477 -0.0023277658220657460736 0.99989165366741705743 -0.014534869543432540895 0.026909717471557355328 -0.014467012264452820333 -0.99953317736927349557
-0.80105208877030320558 0.54816664167303230659 2.4318436960966409721 -0.64056569410357033778 -0.0051240653662902105325 0.76788627770757245106 0.76670905399367883515 -0.060017533976366894966 0.63918316791000562294 0.042811424428794910002 0.99818417116750757234 0.042373840619499184013
-3.5790277608228886486 -3.6031708748352722083 -2.0185507811921046262 0.99640936160812365596 -0.0076376517516494046856 0.084321114646927694536 -0.043897966902761056951 0.80499842810110955327 0.59165065643204739487 -0.072397186418973594191 -0.59322777837040785442 0.80177269245606397341
-4.6258132735683119563 0.78984734737803774518 -2.8877417984662878681 0.97737799049840135002 0.0038333488462877693403 -0.2114652905939509997 0.11367022025314686695 0.83363786386204052903 0.54048773618197365476 0.17835735117157752727 -0.55229812363632879713 0.81434356257711515426
-4.6611270755583786851 -5.1417958498638194342 -5.546218208031412189 0.75678396050570784226 0.0092806961526364917248 -0.65359919354305562322 0.50715600121640236342 0.62249860626476771763 0.59606063083260929503 0.41239644463966390608 -0.78256587829868839989 0.46639019990914198921
7.1556617262084838416 6.1724065880007490392 3.3361437864675251852 -0.99998977288001034136 -0.0043097619454821141025 -0.0013711627915835786218 -0.0044962273185737127584 0.98007086382062025276 0.19859729562548172899 0.00048792963443965305884 0.19860142960671295365 -0.98008021818768964462
1.8282004401362150769 -4.0274094977105301396 -4.9350829451965596562 0.95242160486028859534 0.0005814364223407243043 -0.3047831171948107154 0.27567946870076931454 -0.42809792625421910772 0.86065846656709199536 -0.12997660224870399848 -0.90373216578172199664 -0.40789000404433500835
5.7718249257800593455 4.428448970642996585 -6.6959912949955473493 0.99996865888086117202 -0.0070863986374556809517 -0.0035304688638571890547 -0.0010401381038960422903 -0.55965025277955360306 0.82872825019829610138 -0.007848526535070999427 -0.82869860475230139318 -0.55964008354748340235
1.8772155541898531972 -3.3068732028767198194 -6.2397756518654166058 0.25771993116739166929 0.0024711097625503691821 -0.96621650301362338453 -0.49616741447506629292 0.8584168199992346926 -0.13014783884312211559 0.82909488835252298511 0.51294683619157321885 0.22245720790489062479
1.0948547344365522349 6.6941594269949833418 -1.724289175213670422 0.78612469015712593823 -0.0029589105770274001794 0.61806085167516411349 -0.58170582375192958491 0.3343928426682244992 0.74148483557334909921 -0.20886911245631675782 -0.94242913347401502389 0.26115325431868458006
-3.725008508974103183 6.440141148126205195 7.4921697376569724725 0.71667131009437967659 0.0091419383558283984909 0.69735117283239234087 -0.12042716977472554818 -0.98327159453417001256 0.13665382600650596845 0.68693488051464968169 -0.18191590459670081703 -0.70358160407090986066
-1.3415742815910098873 -5.0715314951662415766 -3.8975408478400379586 0.73819827948662686268 -0.0030131722391736805861 -0.67457706821082630277 0.56618759892344938667 0.54640907726230270036 0.61714562552992091593 0.36673546731698936085 -0.83751300949807594431 0.40506426148616553329
6.4914991072724372856 2.4288038158737013106 -1.1493650107418262873 -0.93185174441547424795 -0.0039681011386838438426 0.36281755828961381738 0.35066022681654279713 -0.26674820886303662881 0.89770975175571654514 0.093218730729698523474 0.96375808543511631843 0.24996123899397629242
0.90329057114470878709 0.42157803686525630038 0.63461957332051510683 0.86078549383543578877 0.0083695449893678320469 -0.50889909050739812191 -0.082170228927456012702 0.98903353444010966289 -0.12272213015971993044 0.50229113776826339599 0.14745378418203258786 0.85203344679066239653
-1.8821629984558090332 5.5775311558394307099 0.51960838812853815671 -0.99829735534563979193 0.0085810294957878990169 -0.057695374536500330931 0.058127507008604535621 0.064002349941142469558 -0.99625543518263082188 -0.0048562577235219447219 -0.99791285447915656359 -0.064392170534236431445
-6.8792076625211500129 5.0018033849721721396 -6.0416494550966888255 -0.99827769770760765855 0.013286379353944060763 0.057141144397537542432 -0.052167871314368223501 0.24450294735790276124 -0.9682441954051772548 -0.026835637907990414486 -0.96955751807566759037 -0.24338871724286342824
1.4867730284402076446 1.0179884999836570358 6.6863534873245598078 -0.72293865742217577885 -0.0046981590526209166675 -0.69089624756985590359 -0.69039760624669621603 -0.033675869375152774066 0.72264588915361704924 -0.026661637110882062396 0.99942176438347485323 0.021101990029797776383
-1.6734367280017412583 -2.2547127588606099557 -0.11945812325929763831 0.30746078100077062212 -0.0094286079318109464187 0.95151404062098488001 0.87359490057535627017 -0.39361286861061206555 -0.2861832618323881805 0.37722648082447129969 0.91922794290468556877 -0.11278373618623060981
-1.77311139825877917 3.5935005567820161865 -1.9730719718536362528 0.99779392889576956627 0.0031524503279522467399 0.066312423538672213286 0.050089228118354034436 -0.69130863620000082559 -0.72082136396037432835 0.043569997534429333319 0.72255271888772520938 -0.68994146399723432772
4.416594020395522513 5.8055552888705985737 -4.9296748173701425699 0.99988284758703804833 -0.0044290810011990118869 -0.014651769274194040987 0.014975451005258842707 0.085040864603833754565 0.99626491818926377064 -0.0031665388942605102521 -0.9963676202030264939 0.085097229346784708515
-2.8096506741550544284 -4.6132289750795374417 -7.0624334060364750698 0.9938502289678069479 0.0021973584046412492771 -0.11071085762772131522 0.10495217312333185444 -0.33750143852110969789 0.93545594249696983891 -0.035309541731823962385 -0.9413224477363595355 -0.33565649949086939774
-5.511103119185017718 5.9980193304135465127 -3.2892234240430968661 0.98666878745815089768 0.0075553006617856740407 -0.16256574450906319251 0.080926307135992386899 -0.88943854934314192651 0.44983330218598938099 -0.14119361412335051931 -0.45699232419620006151 -0.8781926775808895913
1.0320447276175643836 -6.9056215099218283271 -7.4226361979934329938 0.99988462336086358917 0.0089926649591998072952 -0.012242219714924763851 -0.010287184624268502775 -0.19210561827020408709 -0.98132033773969351564 -0.011176484202276137231 0.98133305427152695 -0.19199094456493576155
-2.7838824942739841539 7.4601036096958388555 -1.7642253309075486278 -0.58539995803347211201 0.0073845438309157445528 -0.81071101981339854792 -0.54842023993000610371 -0.7400738437119612767 0.3892633379713127395 -0.59711148839180461234 0.67248507371229659935 0.43728903035011762457
0.62274506265252382864 1.6349234868708941715 2.7549382403896087723 0.64493829557089088489 0.010395863456706361944 -0.76416393589917985807 0.70991352089314541107 0.36209451460292946257 0.60407810368157000003 0.28297948292949687277 -0.93208341285392748432 0.22614845505436137474
3.8193901165907506723 -2.3406605119743812971 -0.41041702821591785622 0.73082457378031207007 -0.0107943972277370695 -0.68247998018059630176 -0.46350175595912229687 0.72614413191985038853 -0.50781967459043253488 0.50106044004858418806 0.68745776646047151992 0.52568075364385180581
1.0281760360862557402 -3.5095344486890995839 0.067580763963728973653 0.77343344672566205489 -0.010351176781028998547 -0.63379299193446658744 0.15968241409895081451 -0.9644389688372771996 0.21061576867788114886 -0.61343478065198009386 -0.26410287489436734543 -0.74427645492716854037
6.3051937088527356678 0.47123294361285145149 5.5034713485202741978 0.87542636527719308592 -0.010924649832463970839 -0.48322803209632081423 -0.21376069146735754423 -0.90541466615464061274 -0.36678419962635233631 -0.43351475841201930761 0.42438771699728894404 -0.79495913096260761854
-0.46006233089901144018 3.9259548679018800854 3.6561367561984838837 0.58565167138439755412 0.00205635534745124849 0.81056023292995293961 -0.23540850762277623631 -0.9564628757553533811 0.17251551188389774305 0.77562552455650057848 -0.2918467726469956558 -0.55966999825974428351
-5.6140046647870383012 -6.2228207670287840614 2.1825309924978095744 0.99826535867491372755 0.0053136324003318202019 0.0586347932577170744 -0.057529415507755400638 -0.12367436476783769117 0.99065383351141234058 0.012515591116660973806 -0.99230862981731904338 -0.12315414393765981849
3.7434065930787219223 -6.0003704069928849307 4.3182155217602478103 0.88556203458369919801 -0.016904420498476405849 0.4642134460264554785 0.46157468012252933498 0.14440095557392571002 -0.87526977481187506758 -0.052236936873440255324 0.98937485545015713129 0.13567865649814536688
4.7743969741559482145 -0.30493619698410218133 -6.8519598261522070004 0.97224297552678851098 0.0068285969478382039025 -0.23387382667252029633 -0.23068241665926156325 0.19504022959532699155 -0.95328113979231166031 0.039105232168927001046 0.98077147139531295483 0.19120173041552979143
2.5442968090743325327 1.606004734504839826 -4.2992872086200035753 -0.99172060946782358837 0.0075524397791466588506 -0.12819201773167115954 0.079197817255831554073 0.82177877520025344182 -0.56427595232498750644 0.10108381917324107957 -0.56975661934176435874 -0.81557308453476828891
-4.9871124438177139027 6.0151644368620944547 -5.5125190070706517886 0.99997920990081867743 0.0012686418713922370527 -0.0063222079971413432803 -0.0032235259078514377773 0.94750223374040976054 -0.31973289780318764342 0.0055846796576894727065 0.31974663032578026778 0.9474866245749657967
-5.4342037422632962773 -4.7954464203714097792 6.1325495704896697546 0.74547743783359143865 -0.0015358812004820539265 -0.66652909220080669428 -0.28346334013771384841 0.90432811049240224843 -0.31912255227636326937 0.60325112886686771407 0.42683522540008489443 0.67372083675559235605
