1125 14.717824617146108679 14.977075390850430381 15.033177056927090831
5.5304256356791201554 4.1802670446767615786 1.5151658598376056553 0.99931894697609657818 -0.0038702372770827286191 0.036696913739269365617 0.014788616864685822164 -0.86911970287848794303 -0.49438066191923385473 0.033807381232470026799 0.4945866590717968303 -0.86847055082044655183
-1.3591627492595499405 2.4252263336857673437 -4.4563896051706386459 -0.91365238037869322962 0.0064901684054156421819 -0.4064445909867802631 0.34227597895918659976 0.55166857677661773618 -0.7605977488954327459 0.21928630156915540628 -0.83403816406168695963 -0.50625473709672230704
-0.40758383958934146785 6.5975576105697273377 -4.7438042310856696204 0.89428431740786962223 -0.0036939845151319752534 0.44748398196655192471 -0.012868191539003315249 -0.99976468748565439082 0.017463656638826111078 0.44731417290848857204 -0.021375783847288679085 -0.89412141601694572479
1.3462772665679647588 2.9415989349751301418 7.0594444520005286137 -0.91788631641501139402 0.0030009121595052628412 -0.3968320862333366561 0.0138547495711298322 -0.99911947504010556464 -0.039602026588282865371 -0.39660150787963749375 -0.041848167484343189171 0.91703651771659522307
-3.2667667772682054128 -2.2182780591219768418 -2.2193454479810390545 -0.9911982781793061692 0.0062570279678369035772 0.13223775155166875295 0.055522997963709574964 0.92643355737374066816 0.37234132253758328579 -0.12017974052038807309 0.37640631420441156285 -0.91862675586743258727
-5.297583681728640137 -5.0884194291963700252 -1.2399211203533697656 -0.92038739891874155052 0.0079293515788658522347 -0.39092730947734510849 -0.38989711691852935171 0.056689714783824105004 0.91911180737508868521 0.029449518336402930735 0.99836035659541211285 -0.049084867815694668836
-7.2167263553522111863 1.7738687186215176261 -0.96620608829227305758 0.8826772137801056628 -0.0023286900311055851349 -0.46997394978455031556 0.30302242621123509636 -0.76155886109377379789 0.57289223271279965388 -0.35924691437291289553 -0.64809156628697739411 -0.6715050083367709588
-5.6485010476634043286 -5.3637134929774727965 5.3089488837214000583 -0.96773196419437368387 0.0040929976618073850639 -0.25194859167456296056 -0.01259290767888038981 -0.99940424969810104372 0.032133539512869548072 -0.25166697072286503545 0.034269418664050983747 0.96720698032604845995
-2.265285814912287865 4.4515859351842994585 2.8012656599296801296 0.93615265190335283929 -0.0047798681092471161785 0.35156132494239744624 -0.21437389997746891801 -0.80030320220062567405 0.55996304838441657292 0.27867910460393480188 -0.59957646502205030892 -0.75023064403473072037
-1.6455836140244817223 6.5719845417309343816 -1.7251008732790626965 -0.98757446832978357243 -0.005420636981447475751 -0.1570582255020135376 0.095308890493744677364 -0.8152873016146761076 -0.57115919953964533473 -0.12495153018666459166 -0.57903128803256753709 0.80567355832464615517
-4.2321293377109450162 5.3505097359922118017 -5.6498543416511477488 -0.999224147613400282 -0.017222854863313055707 0.035418584057339663751 -0.023060657963335357695 0.984884925583110582 -0.17166796268818884652 -0.031926617117507154198 -0.17235154954209239153 -0.98451797062819057516
-6.1254041730737016636 1.2479253623126016493 1.9609987061231306527 0.64256087424743302261 -0.005291174236277840226 0.76621637046044421826 -0.19184005020298175448 0.96701694038534424802 0.16755784716263774636 -0.74183078799981472251 -0.25465710373532052246 0.62035219149492770718
-4.0900662889171366388 6.3550061872786738348 0.72140105271027810119 -0.96698046873454934769 -0.0027753054222409917831 0.25483537973705400193 -0.017097742818775310547 -0.99698133667267030411 -0.07573560270447304843 0.2542763069505890039 -0.077591958386930809377 0.96401402879695319292
-2.8061854115576956303 7.0127485295041473989 7.371028535437052831 0.94685908331371060331 0.0067146025989610509666 -0.32157859141802525027 -0.29718951106514118754 0.40067646866189654542 -0.8666814651148778692 0.12302955278848345944 0.91619500193611080885 0.38137966328599492982
6.9617161236556990289 -2.6978433297844497396 -4.4324579946576214695 0.9119870712338982166 -0.0048594934219708812995 -0.41019015983552631344 -0.40822771777813210425 0.087652168974326122308 -0.90866232876229702242 0.040369695810882642861 0.99613928875321022804 0.077953864961029212255
-5.2092822686652544562 6.8986798094404369053 6.6628615627969445256 0.99595124442505589268 0.007291237555704569058 0.089598864854001397662 0.08824224196259698727 -0.26954212661318877053 -0.9589370931996430425 0.017158830427356490389 0.96296099600949069952 -0.26909421157392443558
-1.731190089277694133 -0.034880357655395960448 -6.0656106941206715533 -0.65255158165385696023 0.0069694020526052764472 0.75771225456373236806 -0.66091372170954809651 -0.49434214845007534711 -0.56464049865539378548 0.37063389717766648257 -0.86923947661207845439 0.32718992429794513388
-3.8793516671628469616 -0.70291355127786414592 4.7919459442274616734 -0.98696383893097072715 -0.0013249126904353366457 0.1609367119367728638 0.10674968609720586477 -0.75373524124926993828 0.6484502221583469117 0.12044453146904877949 0.65717686409784548118 0.74405086125470443204
2.2901520352543940362 -4.6609436115010050017 4.1708505078976205738 0.99576488507811944384 -0.010741025109556111977 -0.091306757826492335184 -0.079846697485654469228 0.39125707821854693869 -0.91681099668608889708 0.045571905224931964773 0.92021873982412649706 0.38874242414571563708
5.6910260975690052376 4.3607530361879671688 6.862847979425770184 0.80108669191480930127 -0.0016716569810679626426 0.59854600291021553549 -0.42004535399520831485 -0.71396746023014845406 0.56018958069516644471 0.42640592470550187087 -0.70017688571921044005 -0.57265200259918225267
4.6763777730289275425 -6.0273330928454980082 -3.186093678366504367 -0.99694022972400730964 0.0031006540694953205195 -0.078106109250370328589 -0.055498882240952042422 0.67557204938002646255 0.73520220359191235104 0.055045911999851399043 0.73728745550209029425 -0.67333287126895680075
7.2838243505620443585 -6.4416067373134140439 2.0550347335779441948 -0.94264828824491730952 -0.0056039077117215757573 -0.33374061917447966907 -0.033526523430749785581 0.9963922208987232576 0.07796482770562541964 0.33209964904419486675 0.084682574068626878527 -0.93943530099401595379
3.8603502156654165844 -1.4949443753215363451 -2.5283554497483722301 -0.97309805946306537905 0.008083274736516873199 -0.2302494893345672089 0.22671018872534570709 -0.14434052893491483571 -0.96320729961671847086 -0.041020202308537562219 -0.98949505929861347742 0.13862492786740227002
-1.2565109768723059513 5.13315645883383187 -1.4455931423978747308 -0.79181840622978261202 -0.010431188376710882199 -0.61066750516536361104 -0.60977746200892679607 0.070094929090770891067 0.7894670023134148229 0.034569616454261535565 0.99748578497384021713 -0.061863158611516130825
-4.4287024733457576176 -3.5787652834728853612 -5.2694025955536192285 -0.92837120612091261762 -0.010720121052556649127 0.3714996401749889321 -0.25484077510544983491 -0.70922624375823395404 -0.65730838615387876533 0.27052371982729106481 -0.70489943550066147537 0.65569329937230280692
3.1902119990366761826 4.8362563734288652739 4.0007933464881366703 -0.91279537845912084304 -0.01030316978113162904 0.40828720498689946572 0.37269527713569000626 -0.4298799151253341333 0.82237551579102130539 0.16704139446350538267 0.90282728318555616198 0.39623234253579309172
6.2289197912858442763 -5.0889872515484633198 5.5582963222622989719 0.93979744946635102032 -0.016561952003629896307 -0.34133042015400971714 -0.24848670597445982056 -0.71880244710960483623 -0.64928991905254862527 -0.23459563280382719763 0.69501708164269049295 -0.67964413136158086104
5.3811539432576083186 -3.4071754625823253981 -2.8852848463128060175 -0.78605551695727160499 -0.0017240149199388033613 0.61815350199889573801 -0.26826827395581948066 -0.89996683251143128057 -0.34364492367570398379 0.55691009817544989691 -0.43595496115067561282 0.70696139526742340919
6.2233985974186083467 1.5769804294059868166 3.7513391748237863155 0.94865765150959835417 0.00016055778808784192113 -0.31630465449260575239 -0.31502572208538037746 -0.08935701843764289054 -0.94486724870770943951 -0.028415746638874271601 0.99599964732784340704 -0.084718639423787517329
6.7910103782029160868 -7.3776582954511864543 -4.8064656243831231919 -0.99870243053226692709 -0.0024658696498427289806 0.05086624357767481619 0.048410685489280680383 -0.35599669604732103734 0.93323242439046194541 0.015806985142400534899 0.93448396021027213543 0.3556541400440690337
-0.4233775399499386527 7.2466527430450335956 5.9943932550630947276 0.94400230157494269267 -0.0015526376038163766137 -0.32993521172742495962 0.17116557859994241397 0.8572030926416169816 0.485700733650080263 0.28206736664087245225 -0.51497616185813743783 0.80946745048457624527
0.0079192607481382570889 -7.0505526964100564413 -2.387429858999123411 0.96917459230130542647 0.0043218331796456531391 0.2463370280647762256 -0.2350172925220286313 0.31629258306228813513 0.91908969862330514022 -0.073942422555857478805 -0.94865184533517454835 0.3075584407698949696
1.5201244791789709776 6.6073929270460833862 6.2731200801248858667 -0.43791748164738053539 0.011993966980506446871 0.89893516119002658815 0.42854017514941977751 0.88178500623179423279 0.19699878443196139344 -0.79030474979625442433 0.47149904299042977307 -0.39128896599411078228
4.7037401061931412016 -1.3676685152667173995 -4.9834570659197447995 0.78541791967126839413 -0.010178860834083877998 -0.61888212306670276064 0.094237573006385216834 0.99017484250943810231 0.1033105081552459642 0.6117499254542491105 -0.13946387365031889805 0.77866029605548581216
1.2134552657476223025 3.6742934101860176277 -5.5053214218272117364 0.99985440880635445549 -0.0055577965879300998339 0.016132950368874413721 0.0064255036195783503741 -0.75323795051162967251 -0.65771673447791478839 0.015807406294298678717 0.65772463904447575622 -0.75309257405721174994
5.8979453145181821583 7.1984630070605293284 -3.3629251101630455167 -0.81414546413929789193 -0.015503529527992020165 0.58045396354350875523 -0.42804481741932337568 -0.65944416281571138772 -0.61798950671404839774 0.39235799660737441519 -0.7515936646222842743 0.53024726854339532256
-1.108812049858365123 -7.2008628097856366423 3.7353741984032269308 0.99990688695395757435 0.0096275388919364844609 -0.0096709832444659728223 0.012892699315957371897 -0.43426697007250253391 0.90069194345694614245 0.0044716581240985854573 -0.90073276236562538344 -0.43435065911627906976
6.8950271111611982633 6.9919741844071365833 -5.8716374336587833227 0.92678549037529533994 0.0034066961247943040869 0.37557562387787235547 -0.18364031037230044152 -0.86817323044508465379 0.46103305558817364584 0.32763530218238767766 -0.49624957063967478632 -0.80398474637509076413
-3.8464409852620771169 4.5009900794691688475 -4.597144997007896805 -0.96131815795603836605 -0.0044857856495417762141 -0.27540384331214223801 -0.14070087343616038966 -0.85157539551716887605 0.504997633622396358 -0.23679244793341802655 0.52421295622771557632 0.81800373662014791432
1.4316290479938054148 4.3949424367900524757 2.8272035215894169013 -0.99833702461589302057 -0.0046938583247534146695 -0.057455660950596197656 0.045584405685403082964 -0.67438604580500527419 -0.73697050360355587095 -0.035288060864216437562 -0.73836402195496342316 0.67347852515355366432
6.7845633604020569862 0.1000771695936971406 4.6956568032663197343 0.99673869351600774547 0.0031096059952246471458 -0.080636884852003556934 0.079520777415616902828 0.13212700572683253042 0.98803790429149807029 0.0137267187373543674 -0.99122791763957374123 0.13144882078013533921
0.95455352780379343347 6.6588194183154216788 -1.8813817470949545374 0.99900825514560065432 -0.0045511415984479611924 -0.044292135431159243564 -0.039724133725315677323 -0.54043806225007318123 -0.84044553307823299804 -0.020112169218550090405 0.84137149225630869509 -0.54008287574021784927
6.3155913902594518206 -4.6741558948792736317 -0.2718023218336427238 -0.90738129692914692992 0.015208724918071167553 -0.42003318520038041006 -0.11741365307784037975 -0.9687322165502995075 0.2185678994919787177 -0.40357553946454716165 0.24764205479644785246 0.88079520698185032046
-1.2434729255318905938 7.0622429569192428644 -2.5725666035948218102 -0.97267487162951704605 -0.00034105220810680750287 -0.23217122514212631956 0.12874953616765019704 -0.83294517379022803283 -0.5381690202865982986 -0.19320235774235552939 -0.55335542027071482618 0.81022875030433105792
-0.98294558451154412371 -3.9229334865501201968 0.1127609856378457287 0.99925296887774894827 0.0081440562365428844499 -0.037778016584161300262 0.034419429066956087893 -0.63205311073093539687 0.77416029872241309828 -0.017572907890388803076 -0.77488227464775449871 -0.63186126115233320899
2.7254565520671834022 -1.3693287625173948818 5.0219989325475351549 -0.9668840332856936115 0.0045580481077027480696 -0.25517541099161999973 -0.0062822952654436837669 0.99911247899095612102 0.041650775392204221481 0.25513878369125070344 0.041874556977036618555 -0.9659972683887699807
4.7626915065151278483 -2.5552487316577017218 1.9433688889740365902 -0.99970574361321951073 0.0098876503578102532127 0.022150859061502277403 0.024076975436723380142 0.51565646603718018337 0.85645706739325855317 -0.0029538856744681313629 0.85673837512067341216 -0.51574279554344426568
-6.7788855391061764166 2.1670268597347810413 0.67588680625080443942 -0.84982605631470209406 0.0015402810623463460832 0.52706100362562813277 0.47108880777315020882 0.45068487997331030392 0.75826016257895056949 -0.23637049138884233535 0.89268178344674575797 -0.38372936335771484773
0.42927603934122016138 0.38674558741584985633 4.9261218832778324028 0.99990255604368216691 -0.0018924352642262708916 -0.013831019702068604593 -0.013945337370705038205 -0.090186466108221410853 -0.99582725856274245668 0.0006371678315591270108 0.99592309945078294486 -0.090204068630411207708
6.109719902034588479 2.6210910610292690315 4.6107427670050036284 0.90547894772857073775 -0.0067434739620064847176 0.42433760236316298009 0.4134348345322632623 0.23974605968853127114 -0.87840393012505801895 -0.0958097741133281805 0.97081221274901219331 0.21987299689054290441
-1.1419692476753597887 -0.95502274229046046905 -7.3977874972298165446 -0.80348754645760400717 -0.001577081269719370028 0.5953194734778852748 -0.47977483773887286134 0.59375314077954477465 -0.64596695959398886533 -0.35245406475188112427 -0.80464571124759987075 -0.47782989819680077304
6.6037700589899843706 -5.3676857255229410981 -3.6884755750368927174 -0.96163240485812395697 0.0014102657356158008681 0.27433761877933993123 -0.036339374721426911941 -0.99182998514475040341 -0.12228135758448716031 0.27192382714980367631 -0.1275589734923197327 0.95382710200004861001
-5.0971506043862930824 -2.2283263624524352053 -3.5138932729741894079 -0.8211801285720259358 -0.0036761963118515849844 0.57065723689369940441 -0.0031400910816292617461 -0.99993500441942739787 -0.010960235617962738736 0.57066043867301752268 -0.010792243394211213994 0.82111521190153047289
-2.105135161540335087 -1.7204064459711716495 4.3651605745492156885 -0.99450707650123604253 0.00050633336317036127527 -0.10466813467015816108 -0.028755744426183879603 0.96018865891137739066 0.27786839773655946928 0.10064184989993545105 0.27935189801529713982 -0.95489985607079641561
-6.6738933570302725329 -1.9137890636868974958 -0.80448694358606809285 -0.99455462629841939748 0.0061937314495051397703 -0.10403236515213994118 -0.052196896061605671524 -0.8936081664558422899 0.44580256715842947468 -0.090202989695149074501 0.44880517213402082444 0.88906542960334844494
1.6680785887546338842 -3.5159905220868705733 6.1089963584162010335 -0.96585697254416713609 0.0020508974529295544154 0.25906775640235013558 0.20885376784413983708 0.59785774419428150406 0.77391615913105216151 -0.15329844175666837436 0.80159959551298221037 -0.5778734084801029347
-4.4979226604549138457 5.8063504338251776815 3.5252578899582367455 0.9980057090380858309 -0.0031059404685997442537 0.063047266880775804099 -0.030161118346757082032 -0.90086267536581310367 0.43305513167807524466 0.055451886058122512591 -0.43409306982083711857 -0.89915977171252947642
-1.2279944032410163857 -4.879634682380592281 -2.8463569367033056956 -0.6353320926228702703 0.0061147497941182443054 0.77221482886464121176 0.4541157852021615593 -0.80584033640096619511 0.38000027086770965523 0.62460546404407224497 0.59210131064219206909 0.50919942284140362609
4.0622793930818117403 3.1540242358491310526 5.1834986513050811396 0.97640284056773241073 0.017653472044698078486 0.21523440212011715755 -0.072429423118559307926 -0.91215778904373689961 0.40338833219814546061 0.20344894100970603579 -0.40945881699097952389 -0.88935482547214217419
-5.4736371317743621745 -2.4905646957258382734 0.73664145909765132991 0.73925517325556588943 0.010795405163459515993 0.67333888053648804917 0.2810650097389889579 0.90367553335771511058 -0.32306808989887358941 -0.61196752292516531924 0.42808175578722063026 0.66501260232184833399
1.3098849069602143125 0.30694602799406600635 6.7788547413076827297 0.99941978461970359948 0.0050743651767137139263 -0.033680037539586121786 -0.017636342036970367037 0.9230525947275816101 -0.38426926341580125435 0.029138523472668223513 0.38464029714091663159 0.92260651865523102266
-6.4466320208584431128 0.01374122711726790888 -3.0274770625442224414 -0.86732565516755311119 -0.0070342771979143873737 0.49769139718543109474 -0.35591548953649981835 0.7077565518187826088 -0.61024980759156488563 -0.34795168083528404956 -0.70642139145260585131 -0.61635902321786273372
-3.7137113029722090829 -0.34362785217409386185 1.6167420569909642936 0.99110138657541657636 -8.780305845743161669e-06 0.1331091336131219327 0.10995384107434273691 -0.56355339404212734244 -0.8187293355540381512 0.075021292719645735203 0.82607964022037327911 -0.55853758481602588937
-4.2331688149395079179 3.8891140649647684135 -6.0035675606023568562 -0.65450166218105232385 -0.015466150804663056362 -0.75590235638050429223 0.37280228244717183994 -0.87640071488001980438 -0.30486102597738445885 -0.65775833890901336254 -0.48133417200227324173 0.57937154094622211886
2.884436111828900362 6.5969445640553923127 -5.5197711546038883412 0.95962352357293900784 0.0054731652883262225939 0.28123431061519699181 0.2685720158476479491 0.27938025835534319175 -0.92185451322040923294 -0.083616776480794810511 0.96016494192558643483 0.26662992890512793309
5.8064618553377522758 -0.074212031169490488836 -0.49630430986092216594 0.88867782706388742664 0.00059868844956609788832 -0.45853174509214511545 0.38876048588741995982 0.52927281615374377477 0.75414558985220814247 0.24313988627470015103 -0.84845148809645243304 0.47012026977085724644
-3.4077838499512473902 -2.6633119998981800158 5.8830925856288285303 0.99782130939074720199 -0.0091480988544697869336 -0.06533717787886489381 -0.023891774653158077274 0.87301578033564763981 -0.48710638508314529904 0.061496484694219033518 0.48760615210659324914 0.87089518473695115564
7.2025374781278479475 3.1519955204528344872 -1.5695944008116557988 0.95193061112008614533 0.0057587674286611045815 0.30625960917226252578 -0.070842023425206651632 0.97685597935960499782 0.20182617101482533406 -0.29800926047631043359 -0.21382056072131966351 0.93030707214506636049
-1.7158923271947634781 -6.334186246035059753 -4.3169683212169305264 0.97771530842294163133 -0.011142025634442701346 -0.20963928768304221362 0.032656072477060912873 -0.97836348924739779953 0.20429993597172521613 -0.20737974010455487162 -0.20659317068206231593 -0.95619710584243911011
-2.028037860427029937 -6.4483732896736984941 -5.9601517144974831552 0.95683119859046772415 -0.0063137914958957810571 0.29057562430597067005 0.21823680134639639183 0.67589850288816177848 -0.70394169668493666858 -0.19195508834606683779 0.73696767217461767174 0.64809867630437878461
-4.0420687836044626451 0.42559459789494363813 -6.6840437231620120073 -0.68285475516987592659 -0.013022423973777019074 -0.73043808759924533369 0.4159475976323324109 0.81502804478528545484 -0.40338180702332954164 0.60058053528704691271 -0.57927515283095554199 -0.55112913001118590817
6.2726324868082325992 -5.1368447586850773945 -4.6198531451670508119 0.95307525124015712858 0.0032477039511654235554 -0.30271606811092577338 0.15871838836667515049 -0.85685489836116102147 0.49051825281923205901 -0.25779068770563362545 -0.51554741350684862855 -0.81716266786899161012
2.0898107536324372902 -6.096461527792520485 -6.8361771169785292557 0.74810138017947935829 -0.002231280409114491832 -0.66358070071481867203 0.24231046076804502176 -0.93002336694865916922 0.27630088224941762309 -0.61776206226658691989 -0.36749361670263691604 -0.69521110182947565281
4.6837938291611962427 7.4364588201608734508 0.70677918809586992577 0.96448913724238882761 0.0063166385869697127056 -0.26404697350731787253 0.22957275595650361577 -0.51438513170399779995 0.82625921235677790566 -0.13060265641999616038 -0.8575360262745866935 -0.49756900001622206275
1.5246764191027719626 -7.3960290077442083501 -7.3899216299026413424 0.97416638514393572024 0.0095880227931150318471 -0.22562784374844577218 0.21172906192397311642 -0.38630472680902017135 0.89774131150456881745 -0.078553538382690024644 -0.92232137992357432488 -0.37835514235118683501
6.186348999752477873 2.6928017015077467811 -6.7289203647021347265 -0.98399669602940076363 -0.017431871563309910694 0.17733198261179758393 -0.15114224585456478844 0.60875019677217334646 -0.77883195841436403395 -0.094374380640404140208 -0.79317042795570091851 -0.60164287454865039706
4.3278235111449845363 -2.5845718573014466735 -3.9212090977615767784 0.93028134324305999936 -0.0080932402035875129764 -0.36675757916764412103 -0.15995232881221327359 -0.90866691398304033633 -0.38566785183653262692 -0.33013917507836154641 0.41744333614950757116 -0.84661040991880431861
5.6485257469150607079 -5.287715652260455812 -5.7087160475169786977 0.79545711964599730148 0.0039619774916145877874 -0.60599692535437632568 0.57021676230785989237 0.33368269061155331201 0.75067216943837022924 0.205184830793556372 -0.94267712644395318389 0.26317108597202409914
5.9061958481710785662 0.24549833498627368633 -7.2270016616506280727 0.8845517086372275406 0.001459642289894870406 -0.46643986128057923768 0.45731586799665635557 0.19413186378948338318 0.86785656438152458669 0.091817599759069778997 -0.98097435690538814512 0.1710521542350990909
-2.1007170519976492429 1.3513275322981437299 0.0094496742721676928178 -0.94539479488367361704 0.0031492839047417790083 0.32591220262167253097 -0.30249243787145757567 0.36384166440204374071 -0.88097535054943432176 -0.12135487974275505074 -0.9314554875333749262 -0.34302138112161928429
-4.3483334034701170978 -2.7775080945707357749 3.8598591577489291815 -0.99464233345635255645 0.0028707430107831636776 0.10333628274231555777 -0.019760758350818710682 -0.98646140562525463924 -0.16279867211142043382 0.10146990157592963855 -0.16396845442456731146 0.98123300241469513239
0.81652186337085952417 -0.17104056537669273808 -2.5178845076432554428 0.95695941839896259129 0.0054215081127350090578 -0.29017111983671278752 0.27901613840207961648 -0.2923297674376169053 0.91470940827185853728 -0.07986655150119958968 -0.95630220867651360983 -0.28126041248577970944
3.3381525066473369812 6.0711174594982386665 -6.848380636172104019 -0.98428885735153981429 -0.010237686736544753321 -0.17626864458575036698 -0.1557894160421149643 0.52019311387819355819 0.83971946632372362895 0.083096950263334024012 0.85398730321007076949 -0.51361520889956835401
-2.1775491050936865989 1.8533940469300824727 2.2821311560982673328 -0.97122479690549712306 -0.0058161814763784342244 0.23809360745065941134 0.092845448108601458248 0.91136291929389356969 0.40099545147241355547 -0.21932194746840341648 0.41156263359191275208 -0.88459826022302856519
1.5120846505018556982 1.1294256798651249873 -0.69781365547493812151 -0.56647610112718149722 0.013070621162482875394 -0.82397450550005624237 -0.82332793038465856839 0.033679021255012993319 0.56656583251699965675 0.03515602224479563026 0.99934722813930787488 -0.008316953179764791787
4.5834604726266903185 2.5541223745307699566 -1.2838111121257309577 0.98763367047710415303 -0.0067031102393067202444 -0.15663588750012585882 -0.078371055243803958157 -0.88640998476191834587 -0.45621849657194118999 -0.13578553177648844397 0.46285246810138153117 -0.87597367662094294261
-5.5091593638734384086 -1.3807411546757886178 5.9256856198028495797 0.7950362747704761146 -0.0007774601463631930498 -0.60656138795257130703 0.28220815141686739214 -0.8846999468540588385 0.37103175512397751357 -0.53691329008795696254 -0.4661602724301955325 -0.70314914444570242313
1.9453531559089005665 5.7005347285143157521 5.2036398381755510911 -0.96993050237414724091 0.0033250135918575767641 0.24335933277518945195 0.19971231125850530397 0.58236420928658305662 0.78801454331366938 -0.1391036063370625353 0.81292119668927331766 -0.56551685622749570115
-7.1579101785207299713 -3.8341287452975123529 5.3797890229840605869 0.99040378122154415497 0.0026894381524198186784 -0.13817784578045835819 -0.0053272207256982772108 0.99981050793334580451 -0.018723486462526500729 0.13810130651611235431 0.019279915674033712425 0.99023043479292705005
1.4955557134179791046 -5.5768784446531398657 -2.4826272294954701003 0.74045136027862079597 0.00072077169516970808136 -0.67210956216215556047 0.66588324694379763535 -0.13659159488964198181 0.73344545648938175297 -0.091275870311382137356 -0.99062718350231915299 -0.10161938203534820468
2.0394046897544706454 -4.6758342680671010072 -5.0956313249851508118 0.99713375923241842624 0.00080405429627624681876 -0.075654607895213624169 -0.06522225239750770176 0.51591818522127819158 -0.85415132380059255457 0.038344803967395396649 0.85663748438568887433 0.51449188171829862704
-2.2008085894031061969 4.3519490199513635176 -5.2729468923721922735 0.86107613597500709535 0.00057604130981380027507 0.50847571842780558971 -0.37491635203274331634 0.67624789164046428258 0.63413446368290737887 -0.34349034489011098792 -0.73667391512684909927 0.58251688880153240646
2.151433748863602613 -2.8960971288643064803 1.3138286472939255667 0.74263681908731304926 -0.0017980149496240440191 0.66969196058929147952 0.63468654431067983435 0.32097477935804541449 -0.70295674225881121799 -0.21369030255650101058 0.94708603524618484304 0.23950886504472393423
-6.8479321910982671184 7.0971877061063368686 -0.8913661238250789598 -0.99122260498812719831 0.0018645049841904690405 -0.13219028323411993742 -0.070418601894293317289 -0.85369556465321638772 0.51598944116970502094 -0.11188819360233506761 0.52076905295197195578 0.84633363729661137409
0.99702668261135241057 3.8340718892960388153 1.8154354612023819726 -0.97074391296795226047 -0.0116082466823793206 -0.23983641100694280679 0.0089758601764454767208 0.99637834967546845544 -0.08455541515498363192 0.2399493475086026395 -0.084234392660609253012 -0.96712402396143826167
0.440200931451678934 6.7395960310060756271 -3.0745669605773175981 -0.94554972935480197105 -0.01411950933871023231 -0.32517126068144924789 0.31227999920839627501 -0.32096428639632479385 -0.89412702059197846083 -0.091743726823940469073 -0.94698604335761593642 0.30789693449970395589
5.8315993841606115211 5.1994520153094647696 -0.86860039409034794922 -0.83554226889574356729 -0.0097024333648468210484 0.54934049520798933219 0.2307061656297973995 -0.91362276141311449251 0.33476576134389268713 0.49864193769573544879 0.40644718305652483004 0.76560884618483682207
1.9151723574762415936 -5.9582640655453369405 2.5570683030447010076 -0.96482653435520093765 -0.0023468830262591746511 -0.26287687373415058456 -0.15351879271725860088 0.81677155279151281153 0.55616203649046735968 0.21340510510947804934 0.57695643049591449625 -0.78840315728861320999
-1.0760059353618918188 -3.9970240235906229209 -3.8429813571841791031 0.86168390580215725727 -0.0038411118646702185897 0.50743087444615986303 0.2579142923085568917 -0.85786376395976338127 -0.44446594954805751509 0.43701380333403361256 0.51386283028092460956 -0.73821672112675829069
3.5235322472979011543 -4.8228008331642486795 -7.3076720392226244272 -0.57950037004904619842 0.0095242312915771766557 -0.81491632093806687376 0.80232895981561447307 0.18211531347631404465 -0.56842084131257542001 0.14299496968096889193 -0.98323105199930149745 -0.11317745813634504104
5.7006367583972092916 3.245359097132679782 6.7668872000461277594 0.85711978859807780307 -0.0079012848259346676189 0.51505653834467624019 0.44380443205904168691 -0.4962685696670552371 -0.7461602594921713516 0.26150199631808079825 0.86813309835462537656 -0.42185498629616580146
7.1817229095477941314 -4.7271048919831173407 1.9502490134867025429 0.92911279545354985565 -0.0040184655642747438287 0.36977461413530982037 0.30568051012740027339 -0.5543839131838229628 -0.77409166287415298591 0.20810775827122351966 0.83225136151132261819 -0.51385682072907590268
-6.1355380892202386889 -0.47784983633672828418 0.060403910590607706732 -0.82979905754520644212 0.010141818891196162367 0.5579701314646431376 -0.18219211448769809247 -0.94997378897071604875 -0.25368451605714248398 0.52748417750261211712 -0.31216493041056109226 0.79013511420909299243
-7.1666470695587225492 4.8219221114658283867 6.4038408739662298075 0.9846938972092720288 0.0099930046173862391301 -0.17400594431664126449 -0.10213741590167969842 -0.77588568507963129317 -0.62255068224315390779 -0.14122987315626667204 0.63079437501236668151 -0.762989239361204441
3.0593142662110484054 -3.8550686807499174868 1.872873101650379235 0.9268658976944661454 0.010304315667942563761 0.37525115425484889542 0.043743638293567470299 -0.99577789354364532048 -0.080702421516173628024 0.3728352207072404001 0.091215173125676590749 -0.92340331946122322648
2.8571849138023361903 -2.131803969337162652 3.6844436298139853214 0.74117858045412943202 0.0020132067241519849277 -0.67130489263418458012 -0.53420123088687354596 0.60737571577346571861 -0.58798280995932328263 0.406550558719313615 0.79441216436266726131 0.45124932832943825955
-3.0544054774394377993 -7.3826756739310859246 6.4056669636481755603 -0.86740100504158179628 0.0002907872143140723814 0.49760969835366741787 0.48177161907213039704 0.25077836499077721388 0.83964654391548720902 -0.12454558807711227364 0.96804448611388294044 -0.2176654988627016174
6.8780009713392402659 -3.3803686709245401865 0.44603653522302061374 0.99673150140980115719 0.0068730190418147662362 0.080492705920667248498 -0.032916068230426816232 -0.87536522166010988233 0.48234039967650665925 0.073775650111892382421 -0.48341337416026664009 -0.87227785890355791221
-5.2137299320188192908 7.1343413717179524625 3.2657108442949449589 0.99289136894409280032 0.0034109637898915678815 0.11897518565768631926 0.11864965139376840164 -0.10758851888359714788 -0.9870901533439251363 0.0094334352384083473148 0.99418965792769919965 -0.10722842146167055333
3.0057091254900778488 -1.6375636136499107653 -4.7811363550298038305 -0.79582658582938436975 0.0033280851074324558844 0.60551545738880596659 -0.52415438093236421668 -0.50447970779662665297 -0.6861212789083867003 0.303186790999646405 -0.86341713457104474205 0.40322279386516685085
5.1053789521017067798 -2.1488876949889985646 6.7496344131376408981 -0.98197138393091321085 0.022099792062478001986 -0.18773332237921575016 0.16246868754896220954 0.60632335054397923368 -0.77844455175121463064 0.096623634307874711746 -0.79491106029287728063 -0.59898270385485830047
-4.3023474633002303236 -4.7555728280913722728 3.3814920182212593325 0.78090433155980965019 -0.0011209462465671688608 -0.62464963654090199796 0.62427640523218874691 0.036010702536854274913 0.78037311535772713178 0.02161931593662068038 -0.99935077564503493885 0.028820693886824039209
-3.2485754314784971442 -4.6102961486221714082 -6.4420261077679672468 -0.7504149013786535205 -0.0082094693468269374498 0.66091609180128296774 0.15098141753304530899 -0.97561543467714173516 0.15930830229263054365 0.64349210356347263939 0.21933337236423997019 0.73335583751596744584
-3.6097406459089285136 5.3795518189589914826 2.185420568847174394 0.99371857326391088705 -0.0089982031486220970251 -0.11154563859865927744 -0.00013919841709218901127 0.99666194390901352573 -0.081639146170609314113 0.11190789862247098319 0.081141862831519973032 0.99040023239213759165
-6.030615411895496436 -4.8708325878854141777 -5.9082425553161490583 0.63116043886426531628 -0.00012311862976550208559 -0.77565229662181212067 0.57841487000561497833 0.66634076150789167681 0.47055948371003225583 0.51679080735742211061 -0.74564735257018421866 0.42063914111266736962
-6.9151280161404962143 -4.9119955837850683977 -6.7670542560917645858 0.63625230504438479162 -0.0020227278800335280265 -0.77147839431673115307 -0.47355840469823284877 -0.79045930469777614391 -0.38847976132140654704 -0.60903648631700191274 0.61251122127572099618 -0.50388943444580291953
-1.0172770936748483095 4.1147886756999545455 -7.4171194865639851201 0.98093436034427861081 -0.0030858715770735820755 0.19431484269756318928 -0.10132436680235876181 0.84509689794856324152 0.52492342848241557718 -0.16583471707711369691 -0.53460425594482285927 0.82867191103450155154
-0.52232096603837019355 -4.1022992376053384334 -6.2813744032614922119 0.77637771763815632831 0.0021527866093702038852 -0.63026423432131273294 -0.30629048886123200202 -0.8726823897172070188 -0.38027829692298481534 -0.55083915618632139921 0.48828353667448792796 -0.67687178388870117285
-3.216037216470513993 -1.2009849451449809976 1.0398194714044004527 -0.86598097911901350532 -0.0015407276701134690368 -0.5000745644024622294 -0.49241307120868416103 -0.17177349019476803593 0.85324277633572620516 -0.087214168039786710285 0.98513526696813757955 0.14799390078161814288
5.6993070099399130157 0.51263255619565462062 -4.7824125652348747906 0.98733785726956879714 0.00067094376674188679552 -0.15863008994772490046 -0.032239218406295129526 0.97997027249966872642 -0.19651691482785133003 0.15532092067357136655 0.19914269971901363276 0.96758337974039321239
-3.4006240320160485702 3.8903624866021662143 -0.49220095262164781369 -0.93545991730914013207 -0.0055750842432718853911 0.35338882487119432918 -0.30836251019294524944 0.50146606858766562542 -0.80835904421405269105 -0.17270583492060379016 -0.86515934976794017786 -0.47082055402608452566
7.1905098515919698698 5.1921320270613797732 -5.927491986329266993 -0.99998787479556849878 -0.0044771831171887457174 -0.0020506323330176986358 0.0038957276931048685081 -0.97395501248995164367 0.22670786698167177953 -0.0030122362740647792845 0.22669712939731001544 0.97396064497273227012
-0.42453719932781319724 -3.5316663463584583305 -4.9233919611465024602 -0.98337180768034238021 0.0023398931627607796879 -0.18158858102722982841 -0.15516474707703525882 -0.53037507673737094294 0.83344236707784347118 -0.094359891500665427078 0.84775987335795266464 0.52191896689055183867
-1.3176812953178973498 1.571181958364435971 5.5284360571734927348 0.81595027175795387109 -0.012196724324893134031 -0.57799342032055478491 0.2270207207466524435 0.92622750922974927956 0.30093885342022519414 0.5316829378208276502 -0.37676762209882236343 0.75852449701268753746
-2.3945404299369577039 3.4564838308447147774 0.20717436238271749738 0.99220326863682806184 0.0010244973549821279751 -0.12462593675283198391 -0.078585588945298032182 0.78126498682358758163 -0.61923285246632553402 0.096731478415607821675 0.62419866290200598513 0.77525418432585224693
5.2804288481264167743 6.1404030241582807648 -0.78029150262069135735 -0.91787772365150555043 -0.0022653937778661838859 0.39685684121032871463 0.30581064228985832543 0.63330857873954071735 0.71091497041287288194 -0.25294334442058780121 0.7738960602599479488 -0.5806070550962136867
-2.1273133063835065748 5.487272042005670869 -4.7132349318974195995 0.981775868155446374 -0.012066579793363778339 -0.18965901602537160731 -0.16753207781959267297 -0.52609004730410746653 -0.83376391444399466923 -0.089717041909969472147 0.85034325997193382918 -0.51852405210497010124
-4.3857077653040308363 6.1114149390763392589 7.3673684991385357534 0.9749596759903430554 0.0016880105791357946469 -0.22237531520626707682 -0.21529600290637843085 -0.24324868314406314362 -0.94576831691543727931 -0.055688969512041358589 0.96996248833088449803 -0.23679423537272245581
-6.8532878494466737962 -6.770471354014316212 -6.3025813801483936416 -0.58111995343893363408 -0.013365467815789913719 -0.81370815651882943964 0.10638475509602444979 0.99003761495436548579 -0.092237762649671428683 0.80683448339683738748 -0.1401673472871307613 -0.57390873068470482643
2.0416033432784410628 7.1543108334159413175 -1.0026168096627896542 0.97602817599805780091 0.0019356294005835068123 0.21763559680514732442 0.10249109277758899905 -0.88623340622914326126 -0.45175870283236752023 0.19200149884610534512 0.46323493286059691521 -0.86518715976272131396
-6.8630267395312927192 -0.5952595624865165691 1.4305262865575836262 0.99995541076610694464 -0.0045757601472667091408 0.0082606838987678964797 -0.0093782941550683042442 -0.5836782564489504388 0.81193087177875133964 0.0011063806496492446796 -0.81197213952677560478 -0.58369514350736517727
-3.9730135044724117499 -3.1556202207584282959 -1.4492872018336950823 0.99597275901477366755 0.0004625273060755788479 -0.089655169226140571381 -0.085541858011979374221 -0.29455623008607095814 -0.95179788707756163291 -0.026848721167587512315 0.95563403737312524466 -0.29333041571863388564
5.3994712793466188572 -3.7860559999128038378 -4.6003443779645953882 0.89941465476402449042 -0.0096549313030290517812 -0.43698977230271063288 0.2544088067745028936 -0.80139634478332200107 0.5413317445001883943 -0.35542852703636823586 -0.59805575063660665336 -0.71833131722012188991
-1.8594317469823493649 2.4120389034934763828 -0.0037240531225888398592 0.894085406981017905 -0.0032765029889058904823 -0.4478845270288404623 0.29732903538148841571 0.75220155332125249181 0.58803764156750426562 0.33497272984945714036 -0.65892494846478144588 0.6735066314060684789
4.8149379430786973799 -6.92912125780928978 -2.4370620228275416963 0.38094874189996669189 -0.0082040714006447763157 -0.92455975970044423917 -0.82563555909515140563 -0.45311918886022589659 -0.33616800003011082509 -0.41617782209345938194 0.89141219079562739047 -0.17938875800478870648
3.4281883849819503318 -3.7712065499981828331 7.2722829081257422956 0.97473221816317778821 0.0016738956325302856414 0.22337032244270138559 0.16204817576650942801 0.68295845208628358503 -0.71225567140938317312 -0.15374489131510452045 0.73045530376426848207 0.66543035518157334085
2.7057458575567947534 -3.009335787950416119 2.9005186312383925973 0.98414525667494667793 0.0077312512580341372082 -0.17719577172805536791 -0.17637051364491629357 0.14827126379722926908 -0.97309253118536354066 0.018749818157738795676 0.98891650814719989082 0.14728402572272958349
0.14558414629463325984 -1.3825143295869395388 -7.0160888085913732937 0.92977017633051084466 0.0015562371037476834326 -0.36813719906079767075 0.35870136590431628276 -0.22882227315612041485 0.90497165558161596355 -0.082829640254149891621 -0.97346697192745468286 -0.21331034963547587657
-6.0108192157101436592 5.6035656222713070562 4.687487969357603923 -0.97813088650910728905 0.0081481827095011630235 -0.20783064253231234297 -0.079339905838731183962 0.90905871436314378276 0.4090445369173366652 0.19226322632881748254 0.4165883591255614693 -0.88853193011992703809
-6.2958051365596947591 5.5896306167012594912 -2.6679864975436262675 0.91031156571625704288 -0.0095273578689981739537 0.41381406787990399065 0.20795632000774919024 -0.85387805327650900811 -0.47712308590297836108 0.35789247308669436265 0.52038591409147683109 -0.77531379332701322316
4.4219300035114645908 -4.8857370393904195893 0.08270535701449718835 0.99773171857057829648 0.011990948277856378068 0.06623922491753803099 -0.065244996686097844751 0.41444983546257446738 0.90773036981948307389 -0.016568287953476010937 -0.90999315988895523866 0.41429209597799987463
