1125 14.717824617146108679 14.977075390850430381 15.033177056927090831
2.1012685874069054748 4.3102544724301452561 -7.1632997484313118974 0.85507412184170361602 0.00091068408203161905698 0.51850498243613163396 -0.51800891109535440737 0.045268241732929648258 0.85417653580291064142 -0.022693923910272851413 -0.99897445259868244971 0.039179444516857432623
3.603715430933774222 -6.0838063364996797233 7.4720534847442170445 -0.86571261573371016684 0.00075128678078755818659 -0.50054081005210326882 0.15218212392259522492 -0.95226471179438254566 -0.26463658067150869213 -0.47684616819041741875 -0.30527259005569129524 0.82427324210057606457
1.1883852214186032548 7.1820575969226201352 -5.7243871470222664755 0.99039897846904956236 -0.0018255813348179595473 0.13822637483560354377 0.09221739700501058179 0.75363769404983649292 -0.65078888880871021971 -0.10298453833964603399 0.65728752715997351697 0.74657035268149696261
1.6033522778765589845 3.6631526650467391981 -6.2393673776213338655 -0.99793225683776221047 0.0079927649276135739193 -0.063775594638443400264 0.05356522374012234744 -0.44498719584324536447 -0.89393353351418125552 -0.035524323615670344578 -0.89550126255880835302 0.44363894237001955112
-2.1048564123025266248 -1.1919876958474449058 7.4910793336730074898 -0.80221230137355592493 0.010555089234154312397 0.59694557006165482882 -0.32272857214332778542 0.83351500145101109496 -0.44844064387437665431 -0.50229641870840058271 -0.55239599242513048871 -0.66524955866600976595
-2.3923851753926532737 -3.2665978287717067907 -0.36969379453284095804 -0.39294201134515099882 -0.011180855099450862436 -0.91949527687707977019 -0.80466782301290507018 -0.47980812013573831409 0.34970539380942822216 -0.44509130560781851038 0.87730220353708832093 0.17953989345354554041
-3.5099194458853140155 2.7137353619980237873 -1.8435990699841773299 0.95087345321167460188 0.0053249483721349681609 0.30953403835780324282 0.12244052637835751984 -0.9247964473954514153 -0.36022194323067824318 0.28433781577108685479 0.38042499367103088659 -0.88001638093448386613
-6.687673039416661247 7.22878009350002948 4.1277511385648573139 -0.99808164057222115151 0.004187819523483871445 0.061769741139380308914 -0.061911436797899066509 -0.069331505301825441245 -0.99567068670632086214 0.00011289999455915081944 -0.99758488588190274982 0.069457776478713970092
3.8402079112412343953 4.9727879285533171938 4.8511137268087747287 0.991923422133517807 0.001096036574900581019 -0.12683344719296460457 0.11371168154197604239 0.43532287078453951734 0.89306419234726819312 0.05619233136207567314 -0.90027373441399072274 0.43168231955954916579
3.6240029439629775077 -7.3038809199419016949 -1.3616640854655857051 -0.99036835578451365425 -0.0034982086372587492887 0.13841344731270927015 0.06203502879022665395 -0.90493746895689797238 0.42099861339556665651 0.12378277369505052974 0.42553018672514980603 0.89643844469217071058
0.47711615085204323039 -5.8253797429632010463 -5.8655478345022693532 -0.99278477984978075188 -0.0062419661169272472323 -0.1197473121101142457 -0.056207372111480614907 0.90635974161638610536 0.41875141802442472638 0.10592031070064043818 0.42246071608630075822 -0.90017100105754332962
3.0269499612386332466 -1.2131866324387559075 0.22923982146319632491 0.58501650394276372147 -0.0035070909334671586388 -0.81101380409198509103 -0.76240268039042624615 -0.3434047046918615731 -0.54846637246857354864 -0.2765824344530716794 0.93918097782513076943 -0.20357123530435680681
-4.1676254074644658587 -5.7813887549415996503 0.23163887278137879067 -0.90343206323712410555 -0.0013641468238858511439 0.42872910586830287327 -0.10759176979760214088 -0.96727276689093655282 -0.22979861945435059445 0.41501146753677176093 -0.25373516416678354446 0.87371846053422053124
-6.6153935099519491914 -5.2090719446398230374 4.8196434343667551303 0.87136660949924893416 0.002117438344881579157 -0.49062791227645258241 0.39322996739185350767 -0.60103591066333938997 0.69579165476327597961 -0.29341169812213713231 -0.79921921307488308361 -0.52455526387333017979
-0.57684266776838555302 -1.831122072151797342 -3.1232556314635151473 0.99772438394660623029 0.0013770581150815228849 0.067410365592909415877 0.059324282435798340873 -0.49305689336796026945 -0.86797207870748860348 0.032041897445310260628 0.86999597907877934677 -0.49201657817068367162
6.047786296177633858 4.0835264996021933825 5.1984199358743241604 0.99195710183126595272 0.01553165643026982283 -0.12561797552547221413 0.094634319816137124626 0.56806122095865863031 0.81752724404499999 0.084056252828174637948 -0.8228397273414521651 0.56202253466291707262
-1.5498824333654435126 0.36959004754351337807 1.8959781795922543424 -0.97940126517478864887 0.0067949886924171393199 -0.20180929092262508973 -0.18517362158774486325 -0.428775828817827942 0.88422961864536253618 -0.080522615718308140909 0.90338536447650841232 0.42120184188539810943
5.4004601228752493469 -0.95599474534429462746 2.5928022629284459555 -0.96050918216482528145 -0.0056701515902918830925 0.27819051090590862785 -0.12990935714219886687 0.8932739695340567998 -0.43033147024111106926 -0.24606029729329748079 -0.44947687897596555473 -0.85873445567423301039
4.1359842332249021624 -5.0277609461381658207 2.0219096586452507402 -0.95614175664683498379 0.003695829780560979435 0.29288100320507137742 -0.28220549442894499181 0.25615926432997393469 -0.92452284461343325894 -0.078441061379168466883 -0.96662752502720228343 -0.2438815855072813954
-5.9690093329739397632 3.09293372974240377 -7.3332593389962079655 0.7475620317145527105 -0.001894055064326967755 -0.66418929628084333316 0.37908547876149961686 -0.81990603202559175777 0.42900850625601599786 -0.54538537616165838617 -0.57249498792856978735 -0.61221261034539253831
-7.1158641113167355741 6.1751602737707029789 5.1372137848619479072 0.77708671074755886199 0.0049105808597935170917 -0.62937439586877863551 -0.42320872929075648017 -0.73608221173040000451 -0.52827771960028679921 -0.46586544777611116341 0.67687433380920192239 -0.56992150406760577752
4.7754639902801914175 -3.0023173203612105731 2.7943363063511053035 -0.91781803110322301986 0.0029606760214238225445 0.39699029733607055226 0.043072768762537898268 -0.99332670131089162435 0.10698972405803799934 0.39465782441587216045 0.11529656916130896771 0.91156563272583490676
-6.8028373157020594064 -1.8695149518951559298 5.1274254075207688075 -0.99965052976544943597 0.013593824920870700018 0.022672147311500738531 0.018015596067642684897 0.977971104855997031 0.2079614299936745625 -0.019345713686039107959 0.20829720591189732071 -0.97787423392342187611
-6.7713228173278148248 1.8706807704405250536 3.5966338808973068453 -0.78605789355543098651 0.00075343319313067027773 -0.61815242482559229487 0.61807995339672716639 -0.014402650507665903587 -0.78598329172282987987 -0.0094952192364480339504 -0.99989599258964645401 0.010855635166769371514
4.0734903688218375706 -3.1925520512228997561 -0.68740035409850075432 0.85998739591746753419 0.0052369599335880066132 -0.51028840190005120281 -0.32194678655116304444 0.78140875062335402035 -0.5345564807189073786 0.39594437171461965841 0.62399754703028820213 0.67368769901769620656
1.5394852436480002122 6.7356786220226547712 4.7108135954275516255 0.81983077286535288586 -0.0001211143725389617759 0.57260587596898182561 0.35651583123460495184 0.78263234962178951371 -0.51027744159867149953 -0.44807808018470984823 0.62248420916253477397 0.64166926325110151819
-5.272469240183266237 5.690383362200704731 3.4302266758456032569 0.56413116350731551396 -0.0032094393459988950282 0.825678950839322634 0.79527939194016594726 -0.26676096221517459073 -0.54439808760992658421 0.222006124048948289 0.96375738053576154307 -0.14793577102119487288
4.36192660225620088 -1.0701586264309248531 -1.9682690770016308957 -0.90066932079193717797 -0.0030307125249324712649 0.43449463675134758489 -0.21956639059340293807 0.86608263018844033887 -0.44910074349484330192 -0.3749471625521360596 -0.49989168073439527173 -0.78071949689164454877
-1.4540332644674012208 6.0197249313571337126 1.6134001382792051427 0.97275992832314395198 0.0083954968297848993342 -0.23166276671469990256 0.21673654785061668981 -0.38747079282677976408 0.89604221637819281288 -0.082239836300431301552 -0.92184375050177069788 -0.37873567165788679656
2.3597832238394174098 -6.2151870454078776973 -1.463052312362096874 0.99996709779447401356 0.00064051499724564620996 -0.008086598107513694525 -0.001419394431195944873 0.99531424356467912418 -0.096682686540053824897 0.0079867795677329347231 0.096690983538790978291 0.99528240467441508876
-6.0701620998809229235 2.8027359073869471118 4.5938801671614202249 -0.96930259248364869507 -0.00086805930647138691489 -0.24586933659452817058 0.1734430287449852115 0.7063678120308940489 -0.68626673378974156758 0.17426990556067753491 -0.70784444661218426376 -0.68453359261328283747
1.5788331714359138402 -6.1954413826241081509 -2.4874591919387851746 0.99916361163175138049 0.011638357555910625041 -0.039199819190878969211 0.00087851060146415700658 -0.96452920808371034322 -0.26397468623447428726 -0.040881602345266901399 0.26371946342067581481 -0.96373271149362993437
-5.9061509861296999091 6.3760663449329433305 5.5182986929119577368 -0.26783965715341279124 0.0019243934260045093831 0.96346157928895781453 -0.21770217708172970306 0.9740142460931296986 -0.06246607480442631366 -0.93854551309455236385 -0.22647857540515964336 -0.26046069709778713053
1.1095065306158446994 4.1236902245085245156 -4.1473236814186753563 0.8896536254535494237 -0.0035675240829529594744 0.45662205322277238384 0.3127073109772747217 -0.72394291131422661145 -0.61491527775725585148 0.33276202364276002976 0.689850660599703569 -0.64294284480921837233
-0.62981785123060773923 -4.789518198512999092 -3.9051127965343916948 0.9729752313761679261 -0.0078782352756318011627 0.23077506914196144194 -0.091120331430744119783 -0.93141138363048681104 0.35237752431657637375 0.21217041341454884185 -0.36388290403982881394 -0.90695807390368199385
2.612537345775248987 2.7847496037880214992 -2.7208062768883918281 -0.99623418423803067334 -0.0028400503482996848799 0.086656703545853669413 -0.08605673940741971617 -0.089435113149452780124 -0.99226790643374429557 0.010568242900069045598 -0.99598860166657510185 0.088853911517946096432
-6.2948371491931069954 -6.9800024206437312202 6.7071836023336413035 0.9987042453060976932 -0.0028943020560760765805 0.050808005502602601733 -0.029000608218185775639 -0.85277680915129283612 0.52146972922363610259 0.041818597902388655874 -0.52226749543617756455 -0.85175575611805420806
3.4049608477575565857 7.2374588207688583807 -6.439433595784437081 0.9999826443757894312 0.0053788868352667006806 0.0024038559752001674615 0.0042181505909961829193 -0.93849426678586955752 0.34526905221241466215 0.0041131682104859753832 -0.34525292002596580376 -0.93850066758679728807
1.7877743699220871587 4.806712511960100187 -6.211838760572543805 -0.81865289872796498383 -0.0084626377051413206182 -0.57422627523246105863 -0.51348834981399638089 0.45854643638582781584 0.72530330226968386942 0.25717143311351547963 0.88863015334884321028 -0.37973583521891668413
-2.6636226438012591267 5.1173544799928070148 1.4595460193904818968 -0.95155173487413236 0.012384714154443735371 -0.30723918160532981414 0.14504174392532848126 -0.86296665447260589854 -0.48399529521202727667 -0.27113131205623025588 -0.50510906953215561899 0.81936111666295319278
4.3939557187949800365 -3.8585557070577127803 4.9489612368114199725 -0.99956251699738551952 -0.0069826295169750883518 0.028740520158472684931 -0.010696153419378384361 -0.82062063243167993054 -0.57137323172274945282 0.02757475142186761527 -0.57143067865864594079 0.82018693757678129419
-4.1495449799816865877 -6.6034159671881580422 -2.102431472039424154 0.84293305180411981503 -0.0025853405125590496645 0.53801225468437985366 -0.53636024181194352778 0.074412881427168259263 0.84070233381449743781 -0.042208543916849680655 -0.99722416692150450679 0.061338403372445136907
5.4718643576479664148 7.1003724280901883148 -4.4024118882945648679 0.9755676151408200214 -0.00020284912977639856652 0.21969931074259288484 -0.19724863558933633523 -0.44118862297105998493 0.87546877426834934788 0.096751248295176978109 -0.89741437352720399012 -0.4304493444532673796
-3.8155172009560751611 0.47978693234224661923 -5.6958216752441295228 -0.99830118908335607752 -0.0011594928832596644412 0.058252823545931725624 -0.0089337128985990128111 0.99102542580015806628 -0.13337463848686670342 -0.057575382314529979788 -0.13366847419605609737 -0.98935221956458974102
-5.949247994607442358 -3.8232525418768648073 -2.1771400721482967455 0.62321564416128327757 0.0017290408911569297642 -0.78204812594257189229 0.77715263845084803229 -0.11310660797545822598 0.61906435189009012543 -0.087384423220327842041 -0.99358135331228725207 -0.07183353623891651496
1.9424566587092098047 2.4449470862401039284 -0.78512441998786863806 0.96457330548259179182 0.0062295930809686253168 -0.26374140842992804812 0.061912033284996038918 0.96645640136423105471 0.24925674393431132558 0.25644734056936119293 -0.25675516826784272606 0.93183235889442062039
5.7158721517153603386 -5.2776844563191902537 -2.1258897008211237178 -0.87811317876858152598 6.6043692602007000869e-05 0.47845296624767219562 0.12449556341223172451 0.96558508954147070913 0.2283556207887701972 -0.46197196880717367184 0.26008735165976021309 -0.8479012144955231367
-7.1255103949020579535 -0.50418245351061019566 -1.6295447693943612144 -0.93343639411333378941 0.0025769550127288558608 0.35873368596718380186 -0.10539697116393866028 -0.95781365458358502796 -0.26736581973513107169 0.34291103308912979086 -0.28737843063813411915 0.89432972722015513511
-3.2996906278301052495 1.6782656037700856011 3.8549482061491615603 -0.7754742953106411596 -0.0097247376505367709443 0.63130424265168583187 0.58249765924998986311 -0.39677990327573375851 0.70940974431198922101 0.24359001268677077379 0.91786226517601343655 0.3133572528044497596
-7.0673419767586818097 0.069647480163081282312 4.7391357100476536601 -0.99440287176529107427 -0.012270892981977227221 0.10493976277088590265 -0.10360327756515155806 0.30802559950490809859 -0.94572014408464222246 -0.020719302660449547687 -0.95129893053395153668 -0.30757284545640206641
-4.5653804946265346132 0.031541684246752535459 -3.9125685571253940864 -0.99310910062655499697 0.0042359840979052298601 -0.11711691035542760864 -0.10708200219572121259 -0.43887852886626077531 0.89214297156113542275 -0.047620993881523271396 0.89853641736934974915 0.43630785874522620693
-4.2272460469007766548 6.5847628855519308999 3.822148400052088224 -0.98544670739471929011 -0.0036015756465924545805 0.16994650787227064126 0.056570512571779467403 -0.94973512829611472785 0.30790089832258471514 0.16029524008054957251 0.31303388751589777961 0.93611709805679355068
-0.60446824497386530961 0.53437731295494894646 -5.3675717668510030123 -0.94049575463937717945 -0.0032601436165941152442 0.3397897982120085536 0.28725201437795933046 -0.54182771209781244171 0.78987911140805855403 0.18153240961644689921 0.84048325495901132776 0.51052314579496838043
-0.41650469782255172824 -4.3230727901860239726 -1.1709688418754471417 -0.99273128940619015381 0.018177472137264099467 0.11897128452033686741 0.11571921198859093372 0.41579511214796194274 0.90206623298446364512 -0.033070394773580286119 0.90927663789448209819 -0.4148763005630421441
7.203983773559192727 -2.3180201356025156301 -3.5643107309274544292 -0.98794865613383631153 0.0055564747824396890433 0.15468218524206173159 -0.11377385311865503836 -0.70363589786695890371 -0.70139292381633344675 0.10494266620309471161 -0.71053898472985399515 0.69578832125096379269
1.0098894786647605315 -3.6127918270929808564 -7.1400030336872069014 -0.78604983511241843797 0.0032662442812258227556 0.61815450202027466542 0.61237197146643318479 0.14067350210964246759 0.77795342686210089411 -0.084416972712486174069 0.99005065398318170544 -0.11257653958774897773
-3.7155623197063598617 4.6359729596073169233 6.7964388951190510824 0.73957154017901594045 -0.0003628394648400607575 -0.67307785976413947449 0.67155836806575641695 -0.066760583024678424313 0.73793792613937059244 -0.045202823341042662475 -0.99776895767595163989 -0.049130559331947307178
-3.4966502156236196619 -6.6130621915408882572 4.7064952192002271758 -0.90699587556348137962 -0.0025058915304671169552 0.4211320484344406867 -0.36920190240955447214 -0.47634576431257830142 -0.79798788717544388849 0.2026041385758830804 -0.87925447586522609278 0.43111846365330097619
-1.8249465456399800445 5.4900786445094471588 4.7477327289047694947 0.86044675389907121499 -0.0075198078144469802236 0.50948487337206460612 -0.36087005454008846961 0.69691486241163302928 0.61974388120096701726 -0.35972793530771063342 -0.71711444486943465293 0.59694445765005099691
2.3509546222706805274 0.73002164983045358948 0.29397467707081942345 0.4653498703420289595 0.0014143381849717083162 -0.88512569605681579166 -0.5456094272841489623 0.78787529115221832665 -0.2855921540420042759 0.69696474159832877415 0.61583319595423968718 0.36740934083044557434
-0.84590561122163354657 4.8463860679726984415 7.4173278493192853489 0.98018945389184519712 -0.0075173057548114183973 0.19791949018068802357 -0.15527809577354773074 -0.64949670991825925181 0.74434047100651834494 0.1229526227947898287 -0.76032724133725326787 -0.63779709832230369049
-4.4932157797477518812 -0.033955494475095548967 -6.6626784116755288778 -0.93081321157547070033 0.0093822552923725332369 0.36537479174417142325 -0.047524744323558035242 -0.99429043683536910692 -0.095540179477945977315 0.36239227893744696551 -0.10629440485432806174 0.92594456403351510509
-2.6874405727479975248 -1.9782484502302248863 -0.037464842618738156133 0.69570753012359076717 -0.00012046228415078189672 -0.71832514783923917534 -0.12500177429053721534 0.98472208962587626235 -0.12123102996859921876 0.70736524437777859031 0.17413325843114960123 0.68506351483244509737
-5.7326255739150102642 -0.11227786675935282068 -5.4456279982661426331 0.99208408704066342043 0.0054201521911612163263 -0.12545830459169823867 0.09790275963319235164 -0.65903682210799785501 0.74571141654261585696 -0.078639772996856038834 -0.7520911441148538934 -0.65435059184422694756
-2.8142265699114341615 4.9798373520104624035 5.2194919406506015136 -0.72194664019230614382 -0.011910611494024576223 -0.6918462156063810431 0.39539212258663053445 -0.82763841553038786092 -0.39834623449299921827 -0.5678539584359663106 -0.56113526931756907423 0.60222013534624718734
-5.4332396844922010715 1.0248073796722731998 -6.3675658340363368026 0.51458511707485132813 0.0074719335034674943044 -0.85740674565510310856 0.81419171427863146207 -0.31782571440165779952 0.48587927272662062572 -0.26887545385414668431 -0.94811971051915677755 -0.16963196880298281322
6.2914953839207035102 -1.959627745213901262 3.0548371310553146252 0.93602375827220329896 -0.0023105102233027729683 -0.35192923364307493461 0.35136113203483787526 0.063307734463602396979 0.93409715000753557046 0.020121601458801631479 -0.99799137887035560546 0.060069367027960507421
0.95145859965724044471 4.2945527002015353446 -1.5794730705752075828 -0.48354664147374593064 0.0046625597689206122257 -0.87530617846329328291 -0.87239911672425951572 0.079037751236071165928 0.48236170558859253754 0.07143127227132203827 0.99686071966744083106 -0.034150826135776753134
-3.497716288711531174 5.2989783542069792688 -1.8427041789429046137 0.93156648487061777253 0.0009122421281891317929 0.36356987234930637776 -0.35037737556491987956 0.26919963531355262099 0.89708820694469459944 -0.097054515392345261371 -0.96308396527046469249 0.25109698700033250551
0.7432642822508376268 -1.1802266889738377564 6.379716968738798677 0.99922494917163195982 0.011262922585500151698 -0.037718000048625181797 0.039177824887137779886 -0.37756033756187207251 0.92515581905821586695 -0.0038208624609285951612 -0.92591648547531479885 -0.37770896591827762823
-4.6578350888551218745 1.796720715459624973 -2.6607201421782709083 -0.98658702055462532687 0.0063256504017416247121 -0.16311357092564662818 -0.1631258523381156067 -0.074938514747415821415 0.98375513991363860988 -0.0060005976443161558598 0.99716809272775075446 0.074965243102810136255
6.6178228916187169517 -7.1230642221548725601 -3.4595655580072568469 0.99805677508865331404 -0.002492933245998970454 -0.062261215724373764058 0.062217756734390762541 -0.014802706507826907806 0.99795281984022932154 -0.0034094642656584865995 -0.99988732623429976698 -0.01461883680553648264
2.1114488793007053502 6.8848972715167713332 6.2240796335638561843 -0.91378808564455515917 -0.0052114591737564240626 -0.40615782059103078261 -0.32610038077515990373 0.60557832526004218288 0.72590180715681473789 0.24217736515263571517 0.79576864267735702985 -0.55506971736817189988
-2.3257535784762075615 -7.3064863979503948954 2.6781398900270918517 0.95513629012970213683 -0.0065194718377741944088 0.2960948560245547645 0.28276094303693655174 0.31745590508958210219 -0.90513424275992981904 -0.088096063306545943639 0.94825062341694599244 0.30505710747190900589
-1.0208647381997275616 -3.1572036530975058355 4.9263499615096923989 0.49735604018192647313 -0.0020645238044495121781 -0.86754406633674518989 -0.35710453592394836297 0.91086317927341087231 -0.20689277190519939076 0.79064108147577305541 0.41270329097982400013 0.45228605317577430522
-2.0694188229614174368 1.4815450981072910697 6.0017214216650414116 -0.68951804558334595097 -0.0025867255165637052274 0.72426388399951557862 0.14814763657818885711 -0.9793540252369984378 0.13754261531625489035 0.70895496513616351741 0.20213609797077941588 0.67566549068738246397
-2.5356701170140061308 -3.0261692919196434559 5.0945036661979994363 0.74079006982538009307 0.010680557563701316773 -0.67165169406342051239 -0.53496056731100793957 -0.59533409096023781615 -0.59949521396167204657 -0.40626009386892980579 0.80340727270216172329 -0.43530390567838661564
-6.7992693978171345748 -6.2004666016695493269 -6.8745787570466214689 0.68451916036539617316 0.00065579833033306686105 -0.7289945740684877773 -0.31538380335956828215 -0.9013056114158723986 -0.2969532815251901825 -0.65724164176592059228 0.43318329233551350343 -0.6167541321874459026
-3.5931100943708296214 -4.7756516245493010331 3.2776144532227964312 0.97173930122829965672 -0.0013837520375991668644 -0.23605256973552163346 -0.23093500349718021347 0.20160101795655990808 -0.95185400861613345125 0.048905568273898511467 0.97946675022131191035 0.19558407553436185644
-6.1302663034019282406 -1.0953757233163516904 2.0366631155602665793 -0.92079451307067061716 0.0042677596996963740664 0.39002467989350503297 0.13404580215725189762 0.94249856533199616315 0.30615057940680001636 -0.36629112413884373778 0.33418294476862575593 -0.86841958280709019569
-6.5439397360770010792 -6.3423878506167259417 -2.7884538502117406367 -0.95716544860088592639 -0.0056119619630372128555 -0.28948714977954820293 0.28948659882319860426 0.00092799978792727343818 -0.95718161699760961891 0.0056403108398716201091 -0.99998382221877735176 0.00073633844817097646868
-3.997816128273025349 -2.2872841153297489569 -1.7455771619833837516 0.9998571616784999172 -0.0085835463880580623042 0.014559497641972465876 -0.013097236308336403232 0.15098248183353510377 0.98844967124302907102 -0.010682632693580929734 -0.98849917193224312584 0.1508484950137796432
1.492605214817912529 4.5023772044015908378 5.4466363511225495131 0.90391630473669692947 0.0026837476701312701355 0.42770096040321625708 0.37292328019000464678 -0.49460516888319150386 -0.78504391852070898317 0.20943624596442736441 0.86911364297915483235 -0.44808250854486436632
2.8925817145709400435 1.3291429273965802427 3.473412470338863578 -0.81878829432535082944 0.0038265878125217358749 0.57408282181358594176 0.56560390439227514747 0.17673228153441947197 0.8055171779668988119 -0.098376584672840938772 0.98425152165964480133 -0.14687065635709015132
-2.7586347690751642503 4.4732829175091213258 -2.3590461646909730575 0.968904714341332296 0.0022903342363640422606 -0.24742354151555220887 -0.16585149983443286947 -0.73606013761398214612 -0.65628404964482711659 -0.18362171584460831864 0.67691227510274509793 -0.71279228200476474342
4.1589098108896616068 2.8888474489225033359 -1.0012485644847046729 0.88707257953812068685 -0.0032702332490172022518 -0.46161839673699345266 0.13336084614278731486 0.95915333221657606 0.24947899714003060612 0.4419469689313573757 -0.28286779751753537981 0.85127474165518579596
2.3556595368279493741 -5.4607544505914988875 7.461883496254175796 -0.53080227435508475775 -0.0097099898529390549218 -0.84744006374296176887 0.68028614928881958601 0.59146005361200570949 -0.43288076888119747521 0.50543021340764027194 -0.80627583436336081046 -0.30734277004067661609
-2.3104701116990784548 3.9367030064062711325 7.182858787430641101 -0.98200079573378551423 -0.01815504095484894026 0.1880022118647172169 0.17680273185339190345 -0.43852990649621342856 0.88115396788395150551 0.066447206015618723307 0.89853320227825828059 0.43384657797009035241
6.0249535481300489081 -5.8588023776211910487 2.9540084506486508076 0.92888117040784579093 0.0056713445510447732176 0.37033445304583600954 -0.24254077207542443229 -0.74635893097135019847 0.61977602409282150919 0.27991738985431413589 -0.66551948281797590479 -0.69190322505888357529
1.6187960386670958712 -7.2645006318794393962 -3.002101849869417638 0.23990419723917352779 0.0035412772176170170813 0.97079010888179051442 -0.88532681641071320211 -0.40948019677738817235 0.22027799842702094901 0.39829939027189509293 -0.91231213288151402629 -0.09510083020818449473
5.4160222851928470078 0.13066398913662113923 6.9994223953802698901 0.99343709015269099361 -0.0097512820576406838979 -0.11396341696913497854 -0.044624033291853375249 0.88436135477054800269 -0.46466513732079395282 0.10531592264148764704 0.46670108922815589647 0.87812222939147444034
-7.3191885603222326395 5.3455563397204599596 -5.7879367227031783827 0.97605289563397723551 0.0042831596420311607992 -0.21749114802195837481 -0.21652972272217252403 0.11505762416858239527 -0.96947234220410016814 0.020871609958935371382 0.9933495848210927015 0.11322975860417791583
0.57879423229938542494 -0.92148409824029398063 1.0061328384261640778 0.98477315700658729636 -0.0048535392873858759777 -0.17377650127522586976 -0.17383661025233701491 -0.036874416966392001282 -0.98408389393869311057 -0.0016316173256636066786 0.99930812091655663032 -0.037156658826205050949
1.0336832969552127715 5.8701618926087375527 1.0200125068990408828 0.73096846353436661925 -0.0057524180958870609059 0.68238699797406288106 -0.22685833562455956502 -0.94514055228604232362 0.23504176646311678023 0.64359956562727693719 -0.32661329751016249245 -0.69217292132361363244
-1.2017108057677752253 1.6129937077859053396 2.8936541695125579388 -0.734191547789461052 -0.0028249963107755387409 0.67893651437411117744 -0.65982633311618621441 0.23859056061336722521 -0.71253333572026389398 -0.15997493954070324262 -0.97111614330219386826 -0.17703517994144299386
-1.3637783019989146993 -6.9041687455682598795 -4.7428429707694403916 -0.68099815344660841188 0.0064730953023040480043 -0.73225652201914992467 0.30325665292527398398 0.91267795092445580529 -0.27396050874727928548 0.66654100958522788378 -0.40862826252437739472 -0.62349500848630223793
-3.9435434283730548266 6.8626491752941358726 -0.44226677769495137404 -0.7455507550495735769 0.0041124728692766877869 -0.66643616289325102731 0.57576789748247625411 0.50756987071742287743 -0.64098685990303372328 0.33562687597027773823 -0.86160078569297549045 -0.38078693021120857409
-5.7806139422229501079 6.5856254894369934405 2.3804140389202195216 -0.037543480943607467071 -0.0042982485860988718651 -0.99928575097302729802 0.94908901681233914793 0.31282711763921366988 -0.037003143591871956453 0.31276272988438419409 -0.9498003577219436 -0.0076651984051914652529
-6.5778481688116663406 -1.7601780585729271955 -5.0596029027749667151 0.81948389378515140713 0.0051107658513571234404 -0.57307942547180212856 0.42507727194080663358 0.665270516077460905 0.61377883094581164869 0.38438972502650481378 -0.74658490509136055113 0.54300600253003206141
-1.1031485876347442154 -5.1122430593521244191 4.3375489428189375474 0.97603151269597221429 -0.0027522854026144983122 0.21761183595878846875 0.054458121105577114718 -0.96501932614626872997 -0.25646054903185272478 0.21070547992389518366 0.26216430933511680745 -0.94173938838767423665
1.3473150761537773246 4.064018666754229514 -5.2150814707960790884 0.96978834841673011713 -0.011236335219751748121 0.24368894937158647185 -0.02224943687891076799 -0.99884920682727806884 0.042487934511812416871 0.24293110511752130654 -0.046626245734978033486 -0.96892232473771389145
-4.0010674504004466456 -5.8597809921477193029 3.1874490827172961005 -0.99731092201664972574 -0.0052014277144470967562 0.073101778199499742317 0.049142121623422373167 0.69253269404975259516 0.71971071935506869544 -0.054368894678372969853 0.72136773758041217164 -0.69041481043607844104
-5.8225335565687315054 -4.3185951264322088861 7.4516788415270704959 0.95113072016793676067 0.0012181614655405719611 0.30878612215484368964 -0.10386047827514027775 -0.94046831234329497651 0.32362378548340908768 0.29079778920281318388 -0.33987919848204789508 -0.89438178438184579022
-4.6093964866488974508 4.7516929431652563665 4.0725648526458044785 0.96951508154752719104 0.003513117566845759196 -0.24500645839825993533 0.10527476192967746838 -0.9088807765245496828 0.40355044116535399024 -0.22126394001859861493 -0.41704123545407706386 -0.88154346278468298514
0.77745259825409163135 -7.1367919524682381649 -6.6334147391363735835 0.97725457092385337177 0.0063343180496992484291 0.21197495140529989954 0.04840435735815885876 0.96650626116258475662 -0.25203703164866281261 -0.20647160046173129722 0.25656485251957172888 0.94421605295324506635
6.4095690358348758053 -0.85901591913639785414 7.1411807478870379384 0.99805245291042532507 -0.0030661501247785018925 -0.062304895175566463172 -0.062275981270586464045 -0.10671198116951201296 -0.99233777275268253426 -0.0036060222149954194309 0.99428524669655682366 -0.10669510206882400205
-4.2271625713455289741 6.4297355315205333426 6.9910609982532365692 -0.95581546048119536696 0.00057760775502858907604 -0.29396678702600359534 -0.022858201439294935364 -0.99711640132103163126 0.072362869233023249804 -0.29307730743282189856 0.075885101211953673306 0.95307247535647343639
-4.2441582686893584153 2.5799358645267664869 2.5212175227313635695 -0.92775091405756870966 0.0030607775476714643714 -0.37318745035971184754 -0.27679523131184829987 -0.67637394584122789709 0.68257064492266861233 -0.25032507143355214874 0.73655204638095450598 0.62835375512817637222
0.44690785900941276676 -5.9215362483951574646 -0.36366729854849194625 0.90782567799702562628 0.0022623038967366326628 -0.41934165110350418715 0.32861822203100599094 -0.6250424551146683827 0.70804801634731096005 -0.26050451535108037904 -0.78058747830421748581 -0.56817302487560095159
-7.3168319636859564525 1.6958803455258537607 -5.1023281092900552025 -0.99657628206075166144 0.0039003938451823306349 0.08258632430313156414 -0.041720168372616363295 0.83866372239462938509 -0.54304934240833646619 -0.071380260471671674871 -0.54463560998809024127 -0.83562964927524074898
-4.4545268767135697274 -3.6112880674142724402 -6.5970514750789925884 -0.99083591782792834746 0.0052889663067818048006 -0.13496744339802627111 -0.11417031335997866737 0.50114890366637343533 0.85779654691611528783 0.072175643324329075146 0.86534490417952403263 -0.49595249099220067857
-4.9982688290174177581 7.3370155366330429558 6.1643139767534398388 -0.72615142420555622849 0.0033367723425020245735 -0.6875267086263853189 -0.55127289751349728419 -0.60039654711110002072 0.57932907633233654554 -0.41085557266682187771 0.79969547464481249843 0.43781827993043598291
2.9137463106071193053 -5.1280700778093439851 5.0833740946283993978 0.99736677943347618047 0.015224256096233663646 0.070906482840135245937 0.072521633853030953443 -0.21403786213413109052 -0.97412956335196043689 0.00034627405519332445094 0.97670671933762498451 -0.21457834115991447632
5.9099045367148441699 3.228293302072471338 -5.4297666945505005387 0.99599724899940977885 0.0012956414632427290523 0.089374500271893558834 0.07947256838764675535 0.44479920265872119334 -0.89209740510118740175 -0.040909544846223715175 0.89562938240528433553 0.44291581425036224973
6.8563843103428530057 -4.0150960614441615348 -7.2436874694755397641 0.99898733703682074392 -0.0060562233630606244345 0.044582761230294594423 0.027085586600674629865 -0.71027316723189448666 -0.7034048613059722399 0.035925915977721829819 0.70390009949493903552 -0.70938986353923860761
-2.428458460316839318 7.2258303717796596999 7.1246202639607112417 0.97341638454841494799 0.0088229857014441304131 0.22887266594303973255 0.091680775729498800719 0.90070425460499514703 -0.4246486560651971387 -0.20989325299836214533 0.43434318304729019333 0.87595138089177138063
1.525024548182998041 3.2857828076511785831 -7.4968890271435597583 0.9581403904967458196 0.0062258247943248832407 -0.2862310800811359579 -0.20617170326192124641 -0.67867308989666275121 -0.70490855139096053605 -0.19864596868004161245 0.73441410400109619072 -0.64898051047112370604
2.3780461840785500627 -1.9280913869253564208 7.0540698651051974011 0.98473781627754342072 -0.005773796446609428569 0.17394854545918872479 0.15518217119584518104 -0.42339915834344121759 -0.8925534417932884379 0.078803089633104700384 0.90592484014334295761 -0.41604117233223714134
7.0167342860188526288 1.6411050895359167168 1.1020574270378813431 -0.96670176632189086519 -0.0016036454393266196851 -0.25590061217487414247 -0.024917793035143732255 -0.99463874800330731585 0.10036366155460814398 -0.25468961223493846724 0.10339820739113429748 0.9614790752417378128
3.5239236277085992377 -1.0293377087036208462 -2.8787687207794125932 0.92325712781691082753 0.0035269586402674121817 -0.38416641771250520376 0.37514489026103670088 -0.22389595090274072575 0.89952038024737912547 -0.082840734221513390168 -0.97460667129475220261 -0.20803665307233926152
0.58367731030085456823 5.334980553218437116 2.5263861225884030048 -0.92960924535484545927 -0.0047209080278967901351 -0.36851643651042126359 0.20030453044410298502 0.83286942927362339617 -0.51595213815321738782 0.30936183674541728461 -0.55344938956399791774 -0.77329750236029060062
4.0772054211117509936 5.0938532300615584347 -6.6637854773361206995 -0.9970049302280802328 0.004345298168980046144 0.077215849956480925309 0.077303894045641002863 0.026336521365476504852 0.99665966889792334538 0.0022971865522667164056 0.99964368953456606004 -0.026593550115682915158
6.668344359185292447 0.27283187520909868429 5.873514993691018482 -0.99911210791039595236 -0.0076610337786664145857 0.041428304192055245836 0.040025172852342978669 -0.47957118984585533905 0.87658967562247158689 0.013152238019664752589 0.87746953362002622079 0.4794520165811546053
-6.9593560601500321638 -0.46756997626723756367 -0.3085984225273039061 0.66540272449688697698 0.0047398256151352262042 -0.7464695226767628089 -0.22102472495398148289 -0.95389060831765237758 -0.20307825664644102437 -0.71301282259944620545 0.30011704619482093559 -0.63367379099359200101
-4.571474324549036794 3.4120249588312074884 0.69482776904320120437 0.9894229002662535688 -0.0050230553959127437896 -0.14497273310224378928 -0.14240967521587813427 0.15652311332015286793 -0.97735356928870931181 0.027600884651617283577 0.9876615229474849933 0.15415222105235815153
-0.99885152554383682677 3.8121696734247740856 -0.80736318112555538473 -0.49360202176321349432 0.0059212628469146122781 0.86966774273723068678 0.80867853025884017804 0.37105744499724074847 0.45645964466809441085 -0.31999387308157034582 0.9285910354717146209 -0.18794310317728371573
-3.5601654837998686354 7.4288652965282881979 -5.6745727731648853975 0.97449268799832089449 -0.01961555121169404961 -0.22356035245198646599 -0.22397165653491021842 -0.14789133627883677136 -0.96330932193283846932 -0.014166795926006862591 0.9888090729784548838 -0.14851235332079967821
0.9041557053670319366 5.6384800481994670207 -3.3581600090295453676 0.87438197483112067854 0.0034236191010170208444 -0.48522617501809572893 -0.20465392841678745062 0.90928702492649782219 -0.36237256502631204347 0.43996923946341276457 0.41615548192053569698 0.79576484164207317296
-4.1739745464634427918 7.0049228210393827965 5.4677156829554700579 0.79381600391960360774 0.0041538526649654849976 0.60814381311433318711 0.59717189943915860439 -0.19453577600712362861 -0.77816550577210630291 0.11507334374821114042 0.98088662818965299817 -0.1569061764153226457
0.57227618233967381123 5.2589836790863797589 -4.3112346714415634708 0.9752358833404494165 -0.0077046628807115238174 -0.22103305186126726012 -0.083987696570805042695 0.91162732156892289925 -0.40234524154492401493 0.20459970349420900093 0.41094557393763037068 0.88840457933928673739
5.6497994739177865853 1.1504791358924473244 -0.14969458453360462435 0.97565592336799267237 0.0058532364605444840017 -0.21922878191453545882 0.042333170128635390361 0.97581646278595757238 0.2144531036444186356 0.21518229923400106207 -0.21851309017725564776 0.95181332598229539954
-5.8351844989603360858 -2.728306961063184044 -2.1359981458230019591 0.79907648689955357302 -0.0016902022962167351922 -0.60122700479974011678 -0.47800285022459904072 0.60476547740713137991 -0.63700234890747597927 0.36467799942066975172 0.79640182103803247582 0.4824459515696188916
1.3683861360616926817 -5.1865959167538981944 -1.4911375297002975593 0.9437836517100087752 0.011260774920660632237 0.33037193239297002467 -0.0094605941046619276835 -0.99809009234292578316 0.061046414523805318797 0.33042838244325622998 -0.060740122778988783758 -0.94187457846608735323
3.4104284704372793691 2.7046209454309266818 4.7403977435577511201 0.8084546335522386773 0.0082451571246814712307 -0.58850074160700938108 0.16079462733493662951 -0.96495683021061140483 0.20737262030015751746 -0.5661679903599087238 -0.26227911318656360606 -0.78144959752877751757
-0.81342794997640954779 4.3570398115549648921 2.0821991101052668149 0.86832197920631948307 0.007436864990239933082 0.4959451919985420898 0.45231495657047487979 -0.4221865753969730739 -0.78560147378756506331 0.20353899009779441442 0.90647845456672526687 -0.36995768800814260446
6.4211136818925149683 -4.5634568688293528638 1.1286735140994255122 0.62566379968085061858 -0.005074105805857085684 -0.78007631884271078082 0.77769715759372981534 0.082366167195352182895 0.62321982122874630683 0.061089613189660538217 -0.99658921725641069767 0.055479646795147566363
2.7029356841689091695 -2.6077327318170713255 4.2482761622117459765 0.92564962047263832368 -0.0085183275333189714673 -0.37828589481378249726 0.36980179210076064011 -0.19132726540911104696 0.90919772990820180159 -0.080121249853450385303 -0.98148933545258920663 -0.1739519178244965103
4.9698120395050446874 1.6124206592548637751 -4.4523841484385862088 0.99457435484365708245 -0.0056423931296854870632 0.10387500222393711291 -0.097803654049499713641 -0.39093385671021546601 0.91520771682297785699 0.035444293501546222935 -0.92040147928894311402 -0.38936463498974710484
5.582258857066468849 2.4278293920703331032 -4.8495629524308609959 -0.99148331649379362052 -0.0022337154476695297509 -0.13021460605375961839 -0.0083970763637070608421 -0.99667593966228718028 0.081034316229651667807 -0.12996277245033058256 0.081437594595922063734 0.98816880944677809584
-2.517997911057087812 3.633919579128974231 -3.1842551292357317294 0.99552297685420143569 0.01324699153314206658 -0.0935869636793362214 -0.035308955163535583888 0.97057061280830492223 -0.23821411217260385351 0.08767713636213905759 0.24045207998315457076 0.9666930831402164026
-4.8657715668528034314 -4.3736023094562588298 6.8578959044750700258 0.92222267386395562205 0.0010364316432678218061 0.38665781463811355056 0.38647570838524097914 0.028333396002020755367 -0.92186427715759911017 -0.011910778287051526983 0.99959799143487093609 0.025729144567133939436
