1125 14.717824617146108679 14.977075390850430381 15.033177056927090831
-6.6551290052530598373 3.1211986105021640725 1.7414646677216309989 0.99848742131974976832 -0.005695698573599321593 0.05468481035840402904 -0.013216668100756692045 -0.99031953364164926334 0.13817576115997010078 0.053368428405688617122 -0.13868951043824828684 -0.988896875586050772
-0.9139701392661581103 5.1241662460561059333 -5.7326563959256464642 -0.96344742148054640651 -0.0035718952792230533773 0.26787367845042742154 0.23778250234533843122 0.4491962455405700827 0.86120973901288400132 -0.12340400164026825436 0.89342597598039885654 -0.43192763030720449091
-0.35472324888447365199 5.2775349883071775992 -3.5089362032266824265 0.88786499683686626039 0.0047435875729157769495 -0.46007960807747150245 0.19991055829716897208 0.89665164575794042978 0.39503366292115682512 0.41440501453670020027 -0.44271133319187899735 0.79515731738465522671
1.9617393898459478674 2.0048971014801004742 -6.8581470453341033533 -0.99804210335715659586 0.0050269109538792697278 0.062343324363591724746 -0.059287710217945967239 -0.39354155296440185285 -0.91739305289905848095 0.019923035500378716289 -0.91929308506954721114 0.39306907331885376777
-5.4435202704799889872 -1.7803825167614621972 -2.6242560570039903389 -0.9878391020314301052 7.0625733512096056099e-05 0.15547959193982080484 -0.064920785535107689013 0.90846567700929481415 -0.41288667367888887139 -0.14127703317690259999 -0.41795945821105368045 -0.89741333352510821442
-2.7105990609791423829 -5.9535258127465144895 -0.71081217723161960187 -0.95269880482544189171 0.0062246671603524037983 0.30385233387775184566 0.15291239837401315871 -0.8542058827280784028 0.49694074932149479018 0.26264574184195110806 0.51989764707242935859 0.81284909476538280693
-3.6187150163034176309 2.8312216789908259962 0.55283590878908994704 0.9964996600945804639 0.0027247233277880068825 0.083552398613906661562 -0.079107031218573292675 0.35387540081051727103 0.93194113457504479392 -0.027027856798659075782 -0.93528860603780217264 0.35285226139681930002
-7.3378975987164247741 -4.3985147190480180512 5.6993656784231969681 -0.97880026068620695767 0.0074478823416244911357 0.20468165215618105979 0.081477188718769105735 -0.90270444441454444906 0.42247621678951752244 0.18791359024624978979 0.43019671672719667077 0.88296051300028288722
-0.25931535296472385532 3.9991928662827893604 3.722965434529403872 0.99527799439975694895 0.0062870840971438954337 0.096861687148321884422 0.073494139051498680315 -0.70066844240727610416 -0.7096917255680345038 0.063406035901459836812 0.71345932356941643704 -0.69782194593110580261
2.3446209998407483432 -6.9335781357197632246 -3.0660073119075570425 -0.99414457405746270435 -0.0094591559057896588969 -0.10764334741000847195 -0.087718317385387351015 -0.51109192811195203188 0.85503832534804014021 -0.063103586801153049857 0.85947400506849558344 0.50726952593711405193
-2.0771621555874646425 5.7711810819546291995 -4.6842073821550762602 -0.96092904614563556809 -0.0022269688328709429624 -0.27678585383548381937 -0.054601352863672465709 -0.97879380996493969835 0.1974370022054176832 -0.27135596647038745521 0.20483583227600410392 0.94042980667176956366
5.2088611402920150795 -0.81343371295732191939 2.0667097402791583249 0.99751624824887596965 -0.0031262956443543106488 -0.070367327325868256338 0.020016783826219422537 0.97040769202108789759 0.24064130907102790347 0.067532679827562100416 -0.24145214337775353086 0.96806001860081836163
-1.4060048580179664857 6.4195416085516106008 -0.30576785205161161052 -0.91436144041707934083 0.0097251501565711589298 0.40478213613354524503 0.012618592742356386088 -0.99854147467800247195 0.052494708925774860586 0.40470227006483372456 0.05310691859288597938 0.91290510339356134573
-1.0660992044257677769 -7.4692219074894818931 6.6892536499061350241 0.96914741730732212321 -0.0010870720872756334599 0.24647941455817931611 -0.13868451191808034428 -0.82908792754779725431 0.54164546942504532279 0.2037642993281868764 -0.55911718509528041121 -0.80365918376548139967
-3.6978546922733892544 -2.9711174716354586955 -5.5629588668809271113 0.99939999369742205104 -0.0068245712009865587555 -0.033956999654647233855 -0.017369485703885943068 -0.94695691062320075382 -0.32089080757996674143 -0.029965873322992761518 0.32128808669304431689 -0.9465072698004549645
6.3303641736253233319 6.4578355755549239348 6.8418433840722592265 0.64335452197408593555 -0.00013059428271550242023 0.76556837839650360156 0.1400010487610596488 -0.9831166406492714005 -0.11781925659332904976 0.75265839887771590622 0.1829799273787898195 -0.63247425305312121591
-1.3522217221270986798 -0.025288417423578301441 7.1607716597143387105 -0.83211333662220354768 -0.0015677801230750479378 0.55460340521935380664 0.011613152072646775598 -0.99982600533562426826 0.014597731110217698758 0.554484021153337725 0.018587660426032895367 0.83198676021050022023
-1.4245617920110444921 -0.34100676942866375851 5.6575316815813074811 -0.46580102835047804133 0.0040425695450009299994 0.88488025157030170131 0.43000524762416331148 0.87501584150482558666 0.22235728935980772492 -0.77338534315273854691 0.48407740573917890092 -0.4093216049141381041
6.0389403458690242843 -4.6534726751604180706 2.1797659830772055933 0.92938608193719218775 0.00087612288027441587168 0.36910803717879242525 -0.36910499786672246181 0.006907275851271229769 0.92936203391905525262 -0.00173529568974044833 -0.99997576068075444411 0.0067429073741311499127
6.4600462568783436623 3.3763947844812012278 -7.0359337147201745921 0.95287770403085181314 -0.0048599851873286983861 -0.30331577885885890877 -0.17921965106852519312 0.79770112444782526051 -0.57580659315902937845 0.24475374937200861103 0.60303341250596520506 0.7592406111174552219
4.721758826406259324 -6.9220327293616463749 -5.161270888139852353 -0.99162597563333454431 -0.0037335934670679679637 0.12908905735621997724 0.12848936406106312158 -0.12896836100225925192 0.98328919712539530895 0.012977202027936873482 0.99164168031610633314 0.12836810385493996334
-4.3701808265239030504 -6.0515489000688571508 1.3803157748215828526 -0.99423335148900038316 -0.0072318728774179233398 0.10699412507844729969 -0.081373693035017846675 0.70070405138622005037 -0.7087962714721478541 -0.069845292385706692073 -0.71341539959936528525 -0.69725182161535104175
5.644563736279851085 -1.7147311937117462044 -3.7017510198062524296 -0.83519466814075959959 -0.0012494397051156513889 0.54995300272818292697 0.49781213938071133818 0.42329273955219665071 0.75697181620426512438 -0.23373690379255965266 0.90599210567357268964 -0.35290985288406495624
-5.8221168848645694638 3.6913552755982612652 0.93374572836436642298 -0.99161573089552490501 -0.016495269521821686459 -0.12816453614027858987 0.0050918638486920015165 0.98606106746211596992 -0.16630587529620405318 0.12912131955333447375 -0.16556411845229426771 -0.97770967445248568861
-5.4402014485602059324 -4.9603508845516808279 -4.4241059468617889294 0.94000952419654448811 -0.0012348074872595886722 0.34114596534355123847 0.23061439159954014166 0.73920163291910345738 -0.63277005956101328721 -0.2513943054384638609 0.6734830518581194081 0.69514133962314550441
0.80509876021270021518 5.0768794548462023997 3.5710764335498437205 -0.96366060424988964073 -0.0024022964530962015624 0.26711882896639360663 0.022270884852697209189 0.99575576428833367792 0.089299863238173612934 -0.26619963843797117553 0.092003732849442299013 -0.95951710023176406406
5.7016160778462658953 -7.2724441902965057949 3.7323123748973121572 0.99803311554652895943 0.009035896867471953503 -0.062034287619431333072 -0.036394898784242263323 0.88922957240162547876 -0.45601116094779559074 0.051042253233335437013 0.4573719713037066037 0.88780942113192529153
4.500414800628299794 -2.3502817168559575478 -1.3850883100885018617 -0.98049183555256802514 0.0051694076563227643606 0.19649182588377533953 -0.14873695447424292726 0.63402274311838990872 -0.75887579983968345143 -0.12850322481707532329 -0.77329712170238062985 -0.62088524123106958452
-5.7779393031309593809 3.2608877784752108298 4.6794770443422857298 0.8296905027865086879 0.0081107678365793557662 -0.55816474721284281557 0.40771147125713752546 -0.69178116970598035884 0.59599510857517512541 -0.38129388375814587953 -0.72206165158198121201 -0.57727111959927457363
3.9464924029521943893 -6.933810234144859308 -3.7416910187445862057 -0.64063298245337341186 -0.013728320556829046867 -0.76772450462875119204 0.13942740675865236688 -0.98529839897504578605 -0.098727216215285823475 -0.7550823663928828422 -0.17028974775882768644 0.63312875607637053577
-1.3218530153919192394 7.1225425107072659614 5.3869860431426923597 0.8369319201214232562 0.00023633553346327339922 0.5473069570426735142 0.54362277899649602553 0.11547626217005500793 -0.83134800597065428018 -0.063397438733403019273 0.9933102118777387135 0.096517292447000968547
0.16546423372022606157 7.3435362968055821753 -1.9851453477233287348 0.90941887911994689908 -0.0072222231438383629326 0.41581864050728734039 0.41313744695176007893 -0.098976494637525988529 -0.9052740488026347343 0.047694362629161768385 0.99506356229249226519 -0.08702732198147242193
4.0805924448050383546 6.9237189190504055958 5.5960631934793410025 -0.99934873145289837559 0.008067057945701151811 -0.035171515742481326838 0.034626485082534158577 0.48867558315992198903 -0.87177817187291628542 0.010154775937865546942 -0.87242827613477869075 -0.48863665798454153366
1.3228785338285096174 -1.3390476406742644055 -4.3835905128305103773 0.91866010630020533689 0.0077774117115494839636 -0.39497230404136962623 -0.35486840878904063468 -0.42307179182945764406 -0.83371378266270845803 -0.17358577573111086401 0.9060627852556946138 -0.38589921953606759475
-1.5400927827233881207 6.6548585231528960549 -2.3937802264671179664 0.90833368121614177504 0.003439875451235030468 0.41823210161972768084 -0.41824206752185444369 0.0029998773313477337249 0.90833065218072317482 0.0018698993111851054151 -0.99998958394222214885 0.0041635902403103150493
5.4849456568551335778 6.6915604153208656513 -1.2389433204313937686 -0.98555162080712266359 0.0019944107870617949242 0.16936358832361889104 -0.16251914411170059749 0.27048322053312479074 -0.94890798036856494058 -0.047702521122785321306 -0.96272262346715098413 -0.26625104646345604253
-1.715695360206002773 7.1192120349802339163 3.5905930091596069964 0.82553292871390293595 -0.0026031690128106976106 -0.56434794862755410794 -0.40172730643091553171 0.69962792604877288571 -0.59087725997904072539 0.39637173824176846759 0.71450261623289768043 0.57652012672541874672
5.3187396931559520752 7.360802663546413882 -7.4748159793796418171 0.94628736978551675207 -0.0007137466302723225256 0.32332600320741572419 0.17245126368267713057 -0.84476883937688995729 -0.50658283594307695896 0.27349730426200946631 0.53513091723771244457 -0.79927099658236466784
-4.7387886115942245979 4.6044465171031534467 -3.5414904829456790303 -0.99976768050652309316 0.0031352447319500263354 0.021324991326400460218 -0.014273207372846805074 0.64505769533704349072 -0.76400055316596371391 -0.016151178467623025781 -0.76412743696778429037 -0.64486308586162743861
-1.3592019791617633295 4.2641777614195577328 1.8372480453163173575 -0.24704233122159280356 -0.00057979880267612637912 0.96900451516908681082 0.92426049291958989329 -0.30050515800613780693 0.23545528501096973928 0.29105433824721649305 0.95378001333908268844 0.074773379905177100868
5.4781723147844365585 -3.1078317639723787025 3.9937473809768806454 0.99888315810227423786 -0.019761230507835667036 0.042917714623957887998 -0.044846417184955182644 -0.68247761574866516732 0.72952937080529156599 0.014873981491246503206 -0.73063930757295092455 -0.6826016165405470737
1.3356468608578484503 7.4593332922909167948 -0.43151000783610071743 0.82276477844094697556 -0.00092957896782527426466 0.56838125869867961448 -0.012595085863411265015 -0.99978292837227877854 0.016596986094953192215 0.56824245104450410437 -0.020814226343666614172 -0.82259788767828057043
6.1189838518246792987 -6.7301956460355620848 0.0051055146390491783909 -0.91650314757621309525 0.00048147361477761212167 0.40002718490883892866 -0.39045666491933428421 -0.21851238008632420384 -0.89431310656223017563 0.086980304109561132342 -0.97583405757959285065 0.20045527871535676057
-2.7766533220111533353 3.6157871391906257763 -2.7748733613722769142 -0.9946023859794304034 -0.0086762184469941078246 0.10339640727599294645 -0.099783455706223947446 -0.19324304600504754736 -0.97606372083898351733 0.028449178748186872145 -0.9811125564399252319 0.19133425157141512041
-1.9391730932797841547 -3.4919278889199341087 0.44204087224996613248 0.94433228027894755563 -0.0060081485310317511717 0.32893836288039512983 -0.08186511781946616273 -0.97267561528362489476 0.21725618499120924465 0.31864501707636877503 -0.23209060640994100266 -0.91902083953994473386
4.242726281341205663 -1.414836268234208827 6.0265005655311840727 -0.94763273553658755599 0.0033520225700870145621 0.31934458267560117406 -0.24338165757323945715 -0.65501933031045855849 -0.7153426072006076053 0.20677903011767073682 -0.75560468557598703399 0.62153358062075225732
7.1452712515716383379 -2.6390655405191565386 1.2661304316210966192 -0.99432659872421369496 -0.0026051062519859783523 0.10633827387615008009 0.10056057822045884331 0.30284137242636072207 0.94772077810654220542 -0.034672542126272923313 0.95303741614286907602 -0.30086126080664998828
-6.7723473069202162478 2.043838761840543583 1.8498871518103712219 -0.96861700074028966867 -0.0039445479627169405257 -0.24852675191672832233 0.20629701700469710302 -0.57048818417092717059 -0.79497469928060959798 -0.1386457595883602012 -0.82129633644788446745 0.55339830238758214165
0.41251347110835917542 -0.0029708658346348044629 3.8515958155624425707 0.76054547018425922023 -0.01038492975986589871 -0.64920161815570842645 -0.61698530492766157085 0.29987712137210470464 -0.72760074600080748564 0.20223679508304850949 0.95392130981095590858 0.22166283721689508668
5.3470288948967468201 0.83267335591340974066 5.4968071733985786054 0.99106274954988260451 -0.008245732115817295399 -0.13314140737019963812 -0.073094137722098023735 -0.8684816478132115769 -0.4903028395210168866 -0.11158796299469102287 0.49565273661466546784 -0.86132252449416746298
0.36284481542556329403 -0.79465542064317840065 6.7207436236596720391 -0.92478576384277477729 -0.0069243419761781813473 0.38042521535999263005 0.091064077233186907501 0.96674835175937190446 0.23896643740957659863 -0.36943013525044204881 0.25563583054562050156 -0.89340455411315822243
7.3540332353133450738 -6.1479924513826791355 -3.4770278236401601646 -0.6899275760854460815 -0.00077617986121911002051 -0.72387798509270440128 0.56355748171832120708 -0.62818908352774971426 -0.53645264482147880791 -0.45431586430181758463 -0.77806032727641072366 0.43384239368949928384
-3.2355326235367818377 -1.9943856572162337315 -5.1040490854400912824 -0.72027171299363390577 -0.00098399930207137653419 0.69369135154377059571 0.69012033751392232173 -0.10236315426818710927 0.71641866558460032266 0.070303479365677226665 0.99474660913906320925 0.074408362402657080015
-1.8804261173404017704 -3.7919289368669231166 3.9422956306485761324 -0.99892198645842600335 0.0090068471984058699753 -0.045538353871675138484 -0.041956015509200077218 0.24459352179539642358 0.9687175552546528623 0.019863477348727159172 0.96958387249343014336 -0.2439519552458901952
-2.9397114892097118144 -0.81241849297913237837 -2.7450265506048143749 -0.77216907022219904988 0.003000945661035096107 0.63541004187634420042 -0.29180116190958610423 -0.88998338206900295955 -0.35040214261518293215 0.56445284028024134138 -0.45598308517551644492 0.6880933200761141233
0.86818389863926737071 -3.6123014839194915737 4.6690236212713189801 -0.54655193728557849298 0.01014728467411658841 -0.83736372769723588227 0.69550039379025763164 0.56244463831354540861 -0.44714117577102302503 0.46643347016154623752 -0.8267726782169773081 -0.31446264717297545133
-6.4927156384029185432 6.6796026829161103677 5.9444003240363194607 0.99812274397717415386 -0.0075487484554077246418 0.060778321399948299908 0.0062438092784880593403 -0.97466273415351678544 -0.22359241824796044495 0.060926207834851850431 0.22355216628123561473 -0.97278590972004241877
-5.1051549777997191626 -7.4626479616569740827 -3.9594038508136368826 -0.62601338184502230977 -0.0079006411311106344159 0.7797722908777651174 -0.64539216374188346226 -0.55600348632484397626 -0.52376433457738336141 0.43769418631227702265 -0.83114240841404318783 0.34296661091724173209
4.6021574343126765427 3.9095162534345697658 4.6276257901869186639 0.71805117914505356413 0.0099802822573845009074 -0.69591874388783181438 0.57051728246891231233 0.56426498492931731477 0.5967537659596580113 0.39863835055437413235 -0.8255334158887780438 0.3994772142670155457
-5.9267300049464806122 -0.92714090944361171598 0.77173299674975903706 0.92263110811978588099 -0.0029239416080496238859 0.38567251508892741452 0.0035440538525417543403 0.99999331755141240841 -0.00089695856124834510807 -0.38566731519771135783 0.002194406034236575688 0.92263530529145676429
-1.1423567928179514386 2.5239636379786967169 -7.3139822475818405678 0.9811828527576159642 0.0019849869516156224553 0.19307063288118930799 0.023336061498051036134 -0.99383605579278855302 -0.10837583881970801192 0.19166543164613389361 0.11084202286547900629 -0.97518121817379477267
-6.6142464719751483671 1.6700577999498555926 -4.6705929533405186049 -0.86565184267893779957 0.0060882034140720565213 0.50060944961683062626 0.16005560352132580659 0.95081491070854973202 0.26520409000555533741 -0.47437231269110102794 0.30969975678625177862 -0.82404913057332362936
-4.079021535771693685 -0.10798666718487928695 2.8932330363134863838 0.96960692994106423281 -0.0036504155354312416148 -0.24464070772605581161 0.060378050057240263693 -0.96539485828909921139 0.25370703313152231928 -0.23710101746211906248 -0.26076702639619558921 -0.93583313975460125089
-1.9935014372172825681 1.9882282302292104692 -4.9540186096858738196 -0.93180395572018770434 -0.007992094383948418132 0.36287396507833130643 -0.086040813605246208029 -0.96639774771258213359 -0.24222380479671928866 0.3526164580651908742 -0.25692707067072906302 0.89980559781432800648
-0.19705158875392964068 -7.3369893995577646351 4.9094382237431188898 -0.97693258071789479402 0.0066170381996350849385 -0.21344542051155462881 -0.12321108938044955661 -0.83383782479699475321 0.53808318073650240887 -0.17441834819062815298 0.55196983318233350246 0.81541863056413421695
-6.8297676537319187418 1.6263036400083556998 -1.8985870096166048704 0.69002201351683989383 0.0010241191587425136928 -0.72378765673518241641 -0.72022929871760221765 -0.098075896762654740657 -0.68676842948932537158 -0.071689456206249196901 0.99517841096675530022 -0.066936927138075003052
-4.6830361270346596569 -3.9542081282858432267 3.8143693243808920457 0.82359570863995357204 0.0027866133743312754625 0.56717047128339082018 0.29081994813984884951 -0.86060264071676573217 -0.41807517572222036017 0.48694339144690229615 0.50926940765879535888 -0.70959904449554012107
3.8835804198727394976 1.6041762793232416939 -0.29007119554860744115 0.94819121879948586873 -0.014926581652166164352 -0.31734934969500921964 -0.30589200702379915064 0.22690833894883050137 -0.92463110793143321597 0.085810795536462716737 0.97380172667520203955 0.21058657244402870234
4.825542182619019016 -7.0674898328366184685 -6.4114718641579360181 0.99332595405079060491 -0.0080559750532434356435 -0.11505933371555067402 0.1025664074810616333 -0.39461964668205007367 0.91310211176461475446 -0.052760601451680905205 -0.91880924882065040382 -0.39115966460752560341
4.5416842954812972621 -6.0960122841321267018 -5.9160125732983468438 0.98990373353174632154 -0.0006476512203416485286 -0.14173982816309094179 -0.12893351558112861599 -0.41950829031447228745 -0.89854824184200221548 -0.058879087116816275493 0.90775127370069341737 -0.41535632677854028572
-5.3595508624685379573 -0.21429267337427110318 -6.5096300112805671745 -0.51285209878232040914 -0.0041055721701456528161 0.85846716247718102277 0.24554078544680429941 -0.95891447555843500883 0.14210120072228907273 0.82261318215587064806 0.28366560038485633122 0.4927893867582507359
4.196552502107663507 -5.1433990605392274631 -5.4352718044043779599 0.97504418080305665928 -0.0098973962703294594834 -0.22179018695414540185 0.10202412817698637559 0.90724677073666748495 0.40803722165711359127 0.19717992481950302741 -0.4204822689900464816 0.88561545758488402491
2.8848907351907171481 -4.4374183149622057343 -5.9541430229519001216 0.99915262014567796101 0.011077186933802725399 0.039640100725702891171 0.038101359544254441436 -0.61319113074174946831 -0.78901516055173293029 0.015566889759663558174 0.78985690673011632601 -0.61309358081287579356
6.6485753826296116742 -6.1161862304133975954 -2.4311757442500820936 0.97241498208946341997 -0.0051461416274387579775 0.2332008143945582257 0.15357538152810709664 0.76661515707336980174 -0.62347077167572217959 -0.17556681006511803966 0.64208622331565512464 0.74625838489875551129
-0.053557193501840946737 -6.5236560100001019791 7.1435712322644135952 0.9997603098437103375 -0.0040963954646199484885 -0.02150679905252182722 -0.01991659710634569036 0.23774872065942212473 -0.97112248196849138004 0.0090913156909632059088 0.97131805572076512778 0.23761014837327934512
-4.8520309005417292525 2.340731241012800723 -5.3863178851692001814 -0.94191062877152087474 0.016930568982846554149 -0.33543661583251760394 -0.334727805417580071 0.034746289953541148465 0.94167403681658656822 0.027598255154488729457 0.99925274639012950928 -0.027060767617507586191
3.0307277205916913765 -1.271391656632241407 -6.6329371265540473246 0.97439445873204955095 0.0092278841704692207704 0.22465592568649569993 0.17251871992988626614 0.61009175697706963248 -0.77332098079809674651 -0.14419684485471107038 0.79227703123491133308 0.5928780445517520814
1.8088056939159806724 -5.8043238794205676001 6.8173036275550185081 0.88543091382675098711 -0.003419659989614471339 0.46475843485147111389 -0.46438541709893127463 -0.047234370447841692031 0.88437271477255907648 0.018928318091918666655 -0.99887798062330690474 -0.043410812020191515137
-4.0910305188545601496 -1.350214026019638025 5.6425501253971299676 0.9920137590316997489 0.0061913884864020747936 -0.12597765119464615635 -0.12594817034292060676 -0.0049423473125949825974 -0.99202451158745874604 -0.006764634445056184886 0.99996861946342519012 -0.0041230824842595648755
-5.2532672304213452463 1.4209778812846487472 1.422212701277405511 -0.83237282980101745533 0.010694762210136538397 -0.55411288946410541811 0.47509354853322632861 0.52859838175937001736 -0.70346987920126990979 0.28537973360270096901 -0.84880467297407091731 -0.44507194338241795606
-6.0630840129344862888 -4.312965604079798787 0.91922586709159104235 -0.86357280851305118219 -0.012758846659281312605 -0.5040627106112083311 0.02099814069421311602 -0.99972258104303746151 -0.010669537948813184042 -0.50378674306119819448 -0.01979830256802629293 0.86360114910250451725
0.91817349363577127619 -0.068563428909824919444 -3.7499150992317997755 0.9474263980957496889 0.0059007222288475413494 0.31991936744826721117 -0.30074911803720716374 -0.32492020020050010887 0.89664755143895369383 0.10923913305758083114 -0.94572302762423299249 -0.30606333793841439261
5.693040989724212686 6.2972526462314855067 -7.1249264257964162184 -0.90111921337867506576 -0.002032389701644530134 -0.43356664155826873941 0.0081836154516508087531 0.99973114015753206107 -0.021695064819250056698 0.4334941657255772518 -0.023097982411300104627 -0.90086030631305580307
0.81705019931010669509 0.61118055075742039328 1.4079007878947169541 -0.87034858211404486639 -0.0035100315128800893549 -0.49242362381472404298 0.45683387567543487506 -0.37906787927293034146 -0.80474241402999047157 -0.18383730755032851034 -0.92536221155951958739 0.33152469254997118941
2.4960845168023424456 2.4568750503302831945 -0.46867169724204044146 -0.99921259441304088877 -0.0054652972619038432678 0.039297858619538966751 -0.0070310027433693848831 -0.95040012645976712502 -0.31095042149116219887 0.039048126288801575379 -0.31098188074379384815 0.94961334957043397331
4.1076858487471810122 3.3336934685598667016 1.7522786484184080802 0.89097425566347410175 0.0031137012765998619071 -0.45404314840025128408 -0.44644177015688657484 0.18834422162366240561 -0.87476636883238156894 0.082792642209604375148 0.98209814124938821234 0.16919993897936064231
0.045509045872570312585 -3.5264419214575317696 5.186742746761680678 0.74247317608642482423 0.0012657815807762384103 0.66987460064497761358 0.090418061607942745717 -0.99103628274209831783 -0.098344600379830962589 0.66374555134272161805 0.13358699070567747746 -0.73593230598128334119
1.8944680512794040972 5.8749369414713372706 4.1202342458481426846 -0.99487658688647817584 0.0094470320477543206356 -0.10065451033377818824 0.041788208482481818684 -0.86816117784755497677 -0.49451988323042361806 -0.092056083432207877482 -0.49619242523834106162 0.86331845493963277338
4.570583999260637853 -3.8093001443827261276 4.7707984746168952128 0.97055365021868744702 -0.0030659820468353351716 0.24086554714463800919 0.15883789948713430973 -0.74359199992782953892 -0.64949323270515324502 0.1810970285060809204 0.66862660536160356539 -0.7212089356552319197
2.5731826474226191515 -6.002933287322192335 -1.9462247095417242182 0.60234641435762292794 -0.0068661762423537237715 -0.79820526979870398687 0.04563658816649399097 0.99862363446657920196 0.02584837528921026667 0.79692916807647906641 -0.05199704134259473115 0.60183071437126167691
1.1722428627219869668 -4.2394173388675406855 -6.8739544976075297456 0.98805622048384089684 0.0033852698386526982807 -0.15405662955990484519 -0.041150424385756570467 -0.9576540146547503074 -0.28496566598213829424 -0.14849763545626978867 0.28790159458382047486 -0.94607670096033502638
-4.0798564408825805927 5.5934719720772241303 -4.2441148387394260766 0.98933934221555663857 0.0010953216964531154592 0.1456244011653327064 -0.14412737755079960134 0.15057283284583394822 0.97803635977874114893 -0.020855814170145550723 -0.98859831189377955774 0.14912549324692259134
2.1311022013135523245 -4.3200445826323301546 4.7428212820658570692 0.92789569038794472711 -0.0022216287948760692766 0.37283327657923354126 0.21326984452640143641 -0.81706623133291500505 -0.53564796931495195498 0.3058194911626543333 0.57653953722275153027 -0.75767842838768750813
6.0474014349063782703 6.3017258826098228042 -2.811476169740758646 -0.72841170927786325073 0.0038485729507947083472 0.68512887128841237772 0.56959448912578447555 0.5591341488062032683 0.60243764955077794276 -0.38076042302777513004 0.82906826746947481777 -0.4094719869913580057
-0.3330805348390140086 2.3041447201044649162 1.5576622622789122463 -0.85113659432399801918 -0.0038770762574918760449 0.52492996302580907653 -0.48463348311680193303 -0.37848334741788491886 -0.78859415593154824631 0.20173468924469845076 -0.92559998055698811115 0.32026206635867782158
0.90526216732591024972 7.1067642577500205192 -2.9533135035063025065 -0.79713792091271207241 -0.00073475916628764834093 -0.60379681613271263263 -0.5600724249744748473 -0.37271565773851861314 0.73986614820515539392 -0.22558815089947636956 0.92794531013715564338 0.29669426615322341823
3.5839708100743861152 4.6672455811552335803 -2.2666706727861529735 -0.97264514759686893086 -0.0037040213258397653752 0.2322664355482643439 -0.18235199331948978574 -0.60724425730984032956 -0.77330599538378097524 0.14390680105082892526 -0.79450657152108816739 0.58995774460644712089
4.9917478414766014438 -7.1348081888032242048 2.4267994346575134657 -0.92546264642582565241 0.010272855433796841337 -0.37869956233377799482 -0.37841961957444658626 -0.072083637026395905312 0.92282313624778755656 -0.017818013123706542139 0.99734568616619734271 0.070598163531550559013
-3.9650721927986909421 -5.0029467648994350171 -5.370178350886416041 0.99802572544658407772 0.0028113988323068841123 -0.062743504711174208355 -0.05685904132543329742 -0.38389091846611111958 -0.92162617808886682091 -0.026677720412259055272 0.92337417050498804549 -0.38297315895213573933
5.5731772379741446599 -3.4068968087460449468 -6.6666993677199277712 -0.94963318259906381869 0.0062655962638367788259 -0.31330107055373335179 0.23822206992753636179 -0.63511360799861660276 -0.73476591533242463505 -0.20358551988315840009 -0.77239332418030215432 0.60163235356446487234
7.2414317502942919802 3.9609850021021992816 7.0318231164887059492 0.99834159258053312147 0.0031626994525738305608 -0.057480969510190202398 0.049392076006684451639 -0.55996648760440248527 0.82704168914739895069 -0.029571732303136810671 -0.82850922148893468844 -0.55919404731851807266
-6.2363850371635125569 -5.7891184040687875267 3.3973513577411500464 0.83654750075755035521 -0.0038390494443236479472 0.54788095483923848761 -0.4609610182184107896 -0.54543721640594111655 0.70000941610982769792 0.29614729216940804957 -0.83814289035859035337 -0.45805379234539489453
-5.4417589219298383441 -2.7130550454892943257 -2.3519207343692922763 -0.98774762462378884464 0.0014206583350243454957 -0.15605323380167607228 0.084511174961068802336 -0.83577658893840567345 -0.54252682393521323156 -0.13119638469395863978 -0.54906782378176177684 0.82541627893497848678
5.6295363660922008719 4.4622281869846869284 6.60687798014636396 0.018435880884409394653 0.0029888888126257413119 0.99982557720817100133 -0.50818605096769120522 0.86122050176361886198 0.0067959505485172466352 -0.86104997293875107367 -0.50822270107276812379 0.017396270188184084771
5.6668612440413124176 -3.5832653652221995166 2.849385194952754663 0.95522859627821243844 -0.0016410422329449702791 -0.29586421857449196615 -0.13286899085909686935 0.89109807635851123742 -0.43392401359937571304 0.26435612366721650268 0.45380780655532360068 0.85098432100083842844
3.5753328490301057307 -3.4215126110221985023 5.6022498590260205731 0.9461073594462543479 0.0009377415102755780503 0.3238517948729504603 0.28252578673011025101 0.48642106478787272561 -0.82678517618739355566 -0.15830364567536928111 0.87372402300241247541 0.45994161302766239929
-1.6148036741574418595 6.6144325441714428848 7.1869247991722167157 -0.95246424581525623854 -0.010153497578730838469 -0.30448114380120550049 0.068338569702069237866 -0.98109537787971545786 -0.18105717161760770395 -0.2968866792812413502 -0.19325828828291413686 0.93515214466707707874
6.1678177656134858253 -4.1215645349259029118 -0.5899694118849923008 0.84059970408713702295 -0.017951477329104955499 0.54135929099825974564 -0.24507732957900085768 0.87869044932185247365 0.40968304431219015882 -0.48304165453389685814 -0.47705433519905754425 0.73422743155832692619
-2.1458152085171136036 -6.7157072837033631174 1.4089248531872464731 0.84652294054635257581 0.011663218623206014074 -0.5322244643569111755 -0.0014177309682476425118 -0.99970703572954766614 -0.024162631307375146555 -0.53235035565646537936 0.021208772810746776005 -0.84625840426446941045
3.0356668693376844814 -1.498391132369643497 -3.5606505075473595667 -0.97662798998819033702 -0.014074698415872985424 -0.21447534132440151944 0.1649195778103208776 -0.68898965318134119951 -0.70575830895849833713 -0.13783795568192921954 -0.72463450143742480503 0.67520777342971038948
6.1783804489325033771 -2.0546200048928398019 -6.8827938198434104322 -0.64310664663005334685 -0.015202241441410127218 0.76562571333214013425 -0.28337309778899910651 -0.92410569759314709071 -0.25637540273061237839 0.71141656468608482911 -0.38183445566240653557 0.58999061006031883192
-6.8569416223294901158 -6.1929615787313654351 4.9753899594719879218 0.94097093185858926567 -0.0034203830984824911896 0.33847009672448585826 -0.33725741703763190138 -0.094641088124278335836 0.93664320799955114172 0.028829499653562181555 -0.99550558281615331158 -0.090208062453504600509
-2.2367441558423442061 -5.9436655072017954282 -6.7494568042330138624 -0.99693491375893794615 0.0042663636454871476864 -0.078118985334269294696 0.047301545020116846085 0.8282094414409509886 -0.55841891528376852438 0.062316463050484417752 -0.56040246185147368774 -0.82587271366938319606
6.7852144843624637716 3.5720656733006754813 6.0480523837316102487 0.99978909323711595558 0.0017275671421889033947 0.020464226246638610868 -0.01955180554465792489 -0.22486034116637723668 0.9741948233647489408 0.0062845798624792349393 -0.97438947166038614167 -0.22477913954285197451
5.2446523666199373892 -4.7996047503944412327 -4.5924904667574821815 0.95571016871425162886 0.0095149164813786504813 -0.2941556387030437314 0.22514298747833211278 -0.66734520997529067632 0.70990211009148629362 -0.18954869718819980506 -0.74468774468726950388 -0.63993081993831057996
-4.1812065459487950392 -5.6633589263594741325 6.326932744259171848 0.83268340672839458172 0.0010196411121833517509 -0.55374841263076590714 0.52381388282323615435 0.32288958375975240767 0.78826476063632233693 0.17960334161918206641 -0.94643609241805959353 0.26833069643215484712
-1.784703007233427563 4.5251330161780076722 -7.2651208327525038655 0.99560969133329157987 0.0027200635402685911443 -0.093562512672446432327 0.043780050031713521608 -0.89703293205575140856 0.43978997945222575439 -0.082732398384542646386 -0.44195533717974205823 -0.89321376511774885909
-0.50360014076162218366 -5.1238134572360705121 -6.5899817987061686253 0.95309031602365934521 -0.0018456952963626337139 0.30268043033976027578 -0.30201380019974072288 -0.072408437996664437586 0.9505496739233751935 0.020162192110939631401 -0.99737335612889466141 -0.069569206503515002016
-5.3308421659065521325 -0.8534728667416213721 2.3303317310046889332 -0.99904243151658211897 -0.0042096822132262987776 0.043548807160312189013 0.0049449614075611873776 0.97811808071834471789 0.20799174870299594331 -0.043471454842168591459 0.20800792953034577537 -0.97716064895501653087
-6.4803918790179020348 0.071388295221589070927 -4.1465201572215066861 0.94862651855708524096 0.0060187979163668411248 -0.31634080097568745282 -0.31610219714438131389 0.061256054701733564372 -0.94674552902185193926 0.013679519391476562332 0.99810393739035874194 0.060011673157804097667
1.4666809789487156301 3.9317735811432461546 0.55991914283355126436 -0.99515570495525351724 -0.00079500130597659392911 -0.098308142430582765026 -0.054812741633837765154 0.83460813892906182687 0.54811022412273835425 0.081613027451591713124 0.55084355529148476549 -0.83060862705845905918
-4.6401517799940315001 5.4437650511649406937 -5.8264216530781922643 -0.91930336741652518562 -0.013830451232347707596 -0.39330654364643036214 0.021932880528726831498 0.99602859001635557501 -0.086290188443931395423 0.39293799435556586719 -0.087953206244498635669 -0.91534909521077212347
0.49704689404494689642 -3.0033058011823867695 -7.0022188530168740783 -0.94324269599001964171 -0.00091681388586158064306 -0.33210295980880444322 0.30161805720948858811 -0.42089322469315665343 -0.85549718934227858558 -0.13899555398161114739 -0.90710972481813501034 0.39728098760666186173
1.3769600261790921891 1.6479647456455270849 6.0923020637891021067 0.99846749616656227388 0.012026434739637825722 0.054018737178138369337 0.013173391074502749029 -0.9996942162348128047 -0.020926915549830154423 0.053750542941102805172 0.021606454921796851287 -0.99832060994421001343
-4.433887094746392421 4.3232924073548772981 1.965008687262660203 0.85095110201162871277 0.0077728910882104680982 -0.52518739907701816882 -0.4388437621006328615 -0.53890414531482100369 -0.71902605976959432788 -0.28861457768191151052 0.84233123195479520096 -0.45516999156677101501
6.3115276920300997787 4.8759889317720066515 -1.8619212121013375416 -0.98130074753365081897 0.0084281190474124381001 -0.19229615102575631225 0.19153593495993379014 0.14162304392664029629 -0.9712141365568793816 0.019048057880177327039 -0.98988478129443779885 -0.14058908653482396489
-0.54404816924947585477 6.2527736569075917927 -5.3961715537342955784 0.999757024931318794 0.0070511478998431893414 0.020884741170344243988 -0.010171594689682192381 -0.69298258070510920792 0.72088257122832888335 0.019555811461767137749 -0.72091984585853974288 -0.69274248179645936396
-2.6288195723691312189 5.309127695868518515 6.5831636535555979606 0.98841861157350141553 0.00067228169359017362662 0.15175044096296019802 -0.062081358714595705206 0.91427302183328851282 0.40031331035556466658 -0.13847221091350292443 -0.40509799997658252346 0.90372620700068651001
-4.8279075689281887307 -7.4541000881212502449 -5.9688627511849556839 0.99230658296629647985 0.015046051893073383865 0.1228871910504778231 0.022187373384600576898 0.95490591804720548197 -0.29607838175167910943 -0.12180051668253689956 0.29652707127823074718 0.94722559622029867121
-0.44864600412408667252 -6.7253108652075086482 -3.3869273735677167814 0.9435944992871403425 -0.0060969456085389062139 -0.33104719930742748657 0.29077242969758604341 -0.46296755987277177224 0.83732456827282875089 -0.15836923641555730735 -0.8863542552273003805 -0.43508081915600121947
-6.6533327274771760784 0.16523619350267901296 1.0738386163207975788 0.98747462723960621744 0.0024682184774022534676 -0.15775857648752381057 -0.15025804972717549113 -0.2902925687879081007 -0.94506758647129007755 -0.04812877569624986196 0.95693475869780042498 -0.28628567645953284515
-1.4001729364244839271 -2.9905482239732465999 -3.8155048097570971599 0.88394009772812653924 -0.0023005864678928966 -0.4675944941188541204 -0.43468979702925947262 -0.37256152029475508858 -0.81990407606883985991 -0.17232145538794949036 0.92800464486857447977 -0.33032210812384465992
4.5947622168847823687 -3.6317504784725738176 -4.2626899747655242479 0.9865157638309097754 -0.0020959374113016324831 -0.16365284830834953 0.091511727195011383085 0.83607170434008215576 0.54093410780593842446 0.1356917517716659527 -0.54861617935341133734 0.82498971887699867889
0.85972704463817573028 2.3175107642712307054 -1.4569830973435016208 0.83275400111125275071 0.001975217516797303334 -0.5536396591186717453 0.48237317805322516007 0.48821081082660305883 0.72730070898282117575 0.27172944398444998093 -0.87272349728183862272 0.40560671415067756085
4.6668474664942500851 -5.3185834301270293878 -2.3125712259546613581 0.8124912941950026557 0.0030716371860651523265 -0.58296523215575246635 0.083315023704280385952 -0.99033318561530836455 0.1108999021377395644 -0.57698917120041914863 -0.13867496714986402018 -0.80489300518979822741
-0.40125863955126600535 -2.9510401991369690222 6.4262729671950920007 0.97264629252012413385 0.0090379620519041945631 -0.23211528361750050076 -0.12805935420021410942 0.85454596093483004005 -0.50334084123181943582 0.19380400266428865486 0.51929713641806130031 0.83232835627483736651
7.1425973711716075343 -2.875377799741517304 3.603336649372619771 0.83195025807446254529 0.0098482424982549703757 0.55476281437171803823 0.55107991948938506166 -0.13102732653975499022 -0.82410118434300316803 0.06457314012428294614 0.99132984007323454723 -0.11443538681258701162
-1.2085828244789498243 -1.7510870938857507895 -6.332804395211513615 0.66307885552010192853 0.00075916028943837088327 -0.74854916674708071866 0.14956932876379602781 -0.97996807937091112706 0.13149744981297356583 -0.7334544616097045111 -0.19915317494283568678 -0.64990965961036462062
-7.2323052746729779017 5.5980228974307921774 5.5484096164513365679 -0.69211189941798056946 -0.0078432448760783479713 0.72174760283205396938 -0.23596125035963161354 0.94745790696243148421 -0.21597639422657771702 -0.68213151738701827131 -0.31978429924593793077 -0.65759759347417456876
-6.8556694395723480895 6.2087019026430514401 -4.5111501975693819588 0.97161820830649892056 0.0070809798124753294685 0.23644855045489601708 0.23602347002427095934 -0.095960006695532340526 -0.96699772425415297938 0.015842313120671039361 0.99536000363685861458 -0.094907767201064835438
4.270252821675270205 -4.4003224810663708055 -2.6794833212089894658 0.92165688891365593616 0.0041358098546589883854 -0.38798385816279740146 -0.18237086454178938477 -0.8779876485137201314 -0.44258169508435690753 -0.3424754690256391898 0.47866541982302879266 -0.80844911341501091151
