1125 14.717824617146108679 14.977075390850430381 15.033177056927090831
5.1504479767698061465 6.9659667053592508879 1.3249993147599214982 0.99656299485267796356 -0.0014939015539155164891 -0.082824908985011075346 -0.0082481981529495731337 0.99307930434368330008 -0.11715571907342590963 0.082426722107933184103 0.11743621052529917836 0.98965376366685753329
-0.012903394582459891404 1.6150813648816790824 -3.5012857225974856057 -0.98110391254808693162 -0.00076312228033055301731 0.19348005175516777565 -0.049095220212950839433 -0.96628139163287352087 -0.2527645772972456073 0.18714906394381206067 -0.25748726148768291688 0.94798498829708377489
-0.82840927058412683337 6.7564908923888875592 6.670220237427092691 0.93382949434754369822 -0.0079631282402154238143 -0.35762978633653963456 0.23954623849522604928 0.75641316545109660296 0.60865156103882078753 0.26566910830832124457 -0.65404564956957045307 0.7082684612276650693
2.1820635288120762141 1.7454346094262560563 3.6436136780335681706 -0.95877381414532392157 0.013114855410387697698 -0.28386752874679249681 -0.27698971624079049558 0.18001184341462533878 0.94386038868429811277 0.063478109660422610272 0.98357701111711526298 -0.16895796162322115896
-3.5867684545027400667 -1.6650972148519693761 -0.45126430583128890328 -0.99413623950031204668 0.01231734061603191599 0.107431003124690852 -0.10223717730865757025 0.21655376674881685051 -0.97090268600046547576 -0.035223527480713237581 -0.97619298769610285404 -0.21402465718879887246
-1.384326703273192738 -6.7090931051507896044 -2.019545130442991443 0.87607943722278758258 -0.0051868161202625294448 -0.48213889763631889718 -0.29907117487652595811 0.77850143161995533081 -0.5518078953074395665 0.37820794813623309638 0.62762139694580310056 0.6804778688997834557
-5.1665416132858004161 -0.0073029243042356840887 -0.66043047144534716697 0.96276937331866740966 0.0033266841799298963941 0.27030365697108194034 0.20443705877582146746 -0.66317457392342138434 -0.72000345381162422775 0.17686328844245780001 0.74845735862105744474 -0.63916426646633628383
-3.6372386971790464649 -4.2885676097562468456 -6.5115001072287679307 -0.99526196501963393182 0.0066027274782467001296 -0.097005283233726091741 -0.085673227976130972294 -0.53131324621774989048 0.84283232757278070402 -0.045975199766346105945 0.84714971426737117888 0.52936154244808586444
-5.3386837077460143064 4.1548682192264019264 0.38239016344944332104 0.97057572837678351974 -0.0097995056667923626653 -0.2405966025832651789 0.16564017879045017656 -0.698047082607088476 0.69663017565568929879 -0.17477438787238863682 -0.71598480441448442146 -0.6758843637718965347
-4.1159494491787045334 6.0232811305607931729 -2.9875930517819146992 -0.97037673548462322071 -0.0079239224786092216091 -0.24146677345488876121 -0.21663913103624216072 -0.41386756733813290232 0.88418387432115153057 -0.10694147059977449077 0.91030261350732621928 0.39989082723638258443
-1.5063561690517448532 3.4934173869977334093 -4.945937480454055013 -0.89782100771159389918 -0.00066291330941855089454 0.44036007841052460243 -0.3903842682489027105 -0.46150980377350925288 -0.79662338913994212852 0.20375858562416068742 -0.88713486098053850881 0.41409440616546477898
-7.2739382149614808526 3.9197006204811613017 -1.309951838123987633 0.97566073753626936238 0.008090093641992552459 0.21913620334174857551 -0.20196616114497140115 -0.3560997155565100436 0.91236103727243389461 0.085415425904946148949 -0.93441294028136201444 -0.34579858596015494721
4.5439224845846846179 4.2957693060893840098 -0.047338932412168660546 -0.95830547507954666475 -0.0033178510086766107787 -0.28572645711812044711 0.20910348675436180033 -0.68963575379937858134 -0.69330964143656625964 -0.19474688254189057024 -0.72414882375543299098 0.66157549289098704914
-4.3521913976638000321 5.0156675344105448033 7.4675205686986645404 0.83033472343838521379 0.0059239102051947016211 0.5572334827884257713 0.25005525536904621431 0.88966180037429987149 -0.38206576687429927297 -0.49801266682182748768 0.45658163371158316801 0.73723578008829759867
-1.2849134367249501754 -2.0545288602056386296 -3.6401382436097979856 0.79036398623491377347 0.00061106450029599639236 -0.61263724655215190396 0.21646759871519954954 0.93521704086818346902 0.28019790358988660994 0.57312001183804461846 -0.35407444566062373781 0.73902959275040558396
-5.0873187022768782128 5.2245193393191406983 4.7508683535071130066 0.99385606331281151071 -0.0077695294858109911068 0.11040724535989433763 -0.09954095793667121217 -0.49888393956473187085 0.86093345418641065159 0.048391353663989805645 -0.86663397651821461043 -0.49659221463351194137
-1.4076440746381475577 -2.9002177076576107773 6.5877772376053629344 -0.96004279888774157747 0.00047556405371936829804 -0.27985281514154408677 -0.25634348413108742903 0.39970014937632392105 0.88007261560173488668 0.11227574291610198376 0.91664582278406725457 -0.38360734237662230672
-4.727045257599333361 -5.6864349092087849158 4.8294293236340362085 -0.96721981562552139522 0.00050210249002113644529 0.25394010347797218996 -0.044076369090478448309 -0.9851516191629452468 -0.16593239873098039605 0.25008618904114238157 -0.17168586183458622862 0.95288029830465248438
3.8078879588371927767 -6.2994500837977858154 5.8744485708403253454 -0.97786461495559973134 0.0015132195236350065581 0.20923313548351663016 0.20917127835569457317 -0.018296153342902070349 0.97770784341946526119 0.0053076481283002253583 0.99983146626796348677 0.017574638881644427668
-4.2681278268447222501 3.0264011140509698983 -4.7939041694985196074 0.9633734165627709789 -0.0010166048944413997972 -0.26816156841451299631 -0.26140867357850078312 -0.22659192172232237028 -0.93825455308673233468 -0.059809410948276756081 0.97398925431700267286 -0.21855838313214365209
-0.9915579394733075036 -4.4244354139524135761 -2.8047559533415964417 0.94544891348219717297 -0.0062337190285305932314 -0.3257107501179895559 -0.23097719337372940585 -0.7178880806191956232 -0.65672386879577859808 -0.22973003316184692491 0.69613062312468421133 -0.68016635274871350969
-4.5383716598616636873 7.064396606694184122 4.965631516686422664 -0.88844808918341522386 -5.6755984150554800172e-05 0.45897711228859300325 -0.022561305457394896512 0.99879652451110645384 -0.043548709746819853905 -0.45842227293415760414 -0.049045890789224839967 -0.88738014417413035861
5.6673108583896443236 -2.9997135457565557992 -1.8575085032287279585 0.85132070013987470869 0.0021273708646542895291 -0.52464134397378658914 0.39620637543602266195 0.65289537251713369859 0.64556033072797147643 0.34390925195058341668 -0.75744511803756620072 0.55498046774986653507
3.2062226449472297496 6.8933066137580034649 -4.1880237648576672527 -0.8446085120579399641 -0.0090392321929338315806 -0.53530809226158526659 0.076672202329295030543 0.98750913049391553233 -0.13764843108846228081 0.52986586486518438832 -0.15730228692709263827 -0.83336555951048862934
-7.0036529644475624679 -2.6942715319509265015 -0.47293331744757521884 -0.92773144093822779155 -0.0021634525165493000316 0.37324213718151405539 -0.041257809206501488974 -0.99326089766810043979 -0.10830781293614737126 0.37096113903493788122 -0.11587971624371261326 0.92139010451017855363
-1.9498232650347044892 6.0463968902728435495 3.05636394018226909 -0.92243361113208799384 -0.0032324734226733820019 -0.38614218128723432066 -0.37158473286989318618 -0.26466873271437535431 0.88987372599790193206 -0.10507625493770614278 0.96433397380724084069 0.24293819709823188946
-5.3913491417330643429 -6.6492950821450591548 6.7123669073315053168 0.96984780195251596435 0.00024932160406695123844 -0.2437112613048007248 -0.029061169561623152041 -0.99274612547152008002 -0.11666438524720722236 -0.24197249734575076996 0.12022923188701162278 -0.96280540210788967403
-4.641568937258408134 -6.7659381991551548197 -4.8899468938186059219 -0.94999584360661537552 0.00027244464321471862506 -0.31226242634036127654 0.31211191416039424373 0.031885474378330946887 -0.94951012083220198701 0.0096979466482850582715 -0.99949149185860342026 -0.030376101349928807255
-6.7813543390932649046 2.557612583109499127 5.0224551938529113926 -0.23437762247331578314 0.0016902919618553774797 0.97214416266158909519 0.18024711873535931295 0.98273501301289789556 0.041747699171097690796 -0.95528954054327153145 0.18501091079055106969 -0.23063576612718147962
0.70045758850227390901 6.3508873331393820294 -3.7235612187871849343 -0.92676349507876387701 -0.0017659670717001694704 -0.37564119256230943389 -0.31469318328032119814 -0.54241314403755380713 0.77894555751482674744 -0.20512831249303489778 0.84011003001724815498 0.50213296334560608702
-6.3181964959815912763 5.6671664721863921343 2.285117134962512786 0.99999626793828977345 0.0023760737108417698087 -0.0013484743640336796164 -0.0019554375975333374536 0.96717547248162782925 0.25410191202303339386 0.0019079762032400485183 -0.25409832684156419269 0.96717650918691333572
2.972974162782248797 6.6376622456342913026 -1.3840666448890521778 0.99307371697432700319 0.0086245048678151615962 -0.11717598120248616522 0.053099544515936097921 -0.92258725132407348735 0.38211673879400220866 -0.1048094987449491311 -0.38569208134227339624 -0.91665510818560780315
3.9484858225672021526 -7.3780190985311646656 -6.8938625874001742133 0.99965279522474181917 0.00027890514393912090377 0.026347888176314466363 0.025200459176343319861 -0.30217253039725311403 -0.95292009042239178562 0.0076958337257911815094 0.95325321089694592391 -0.30207464318947668813
6.048011221326484943 -1.2173773452076235291 -2.3906905285223927216 0.57614137401564702312 -0.00070546078117730620302 0.817349753454761907 -0.13519354138710873436 -0.98630766170720307606 0.09444523717419907316 0.8060916967161237956 -0.16491421643619719184 -0.56834802515942273171
4.945658063110834668 2.6613783483349013892 -3.8140490617906128712 0.98052823688968238081 -0.0022551511621828864221 0.19636519792285173081 -0.098388489959857688971 -0.87102274861378847781 0.4812889739446481463 0.16995317503796289471 -0.49123750436069613112 -0.85428428090656849392
0.96168850423223162238 7.2450010923998942047 -4.3324735261918974061 -0.96420294602466660727 0.0037536680693701102857 -0.26513881053737731186 -0.092383848489990816333 0.93249631402600852148 0.34916450115389119357 0.24855161117031199236 0.36115998436132784599 -0.8987689148388817717
2.0791930001467422429 -4.8819368641235207917 1.1447383553986918425 0.82709085319514052959 -0.00038750474471246475899 0.56206811900428543805 0.48584046332848640493 -0.5023464339896569486 -0.71526715599870360762 0.28263008465777655909 0.86466635767668742485 -0.41529787520330885275
4.4695693216897129929 6.6321825648122807451 -6.2992524295296314918 -0.91933837993910072495 0.0075271203851213939681 -0.39339583834811986396 -0.33741336586126724484 0.49924596918354396946 0.79806370847960783621 0.20240840819760730351 0.86642761077465924036 -0.45643622947596196315
-4.2973846307530791933 7.4098810161030854715 -3.0485399883113788455 -0.658438813434486514 0.0010767355137710748342 -0.75263348955755438041 -0.69744732799842668047 0.37499038738892875866 0.61069586050167512514 0.28288788173219520106 0.92702807401197928616 -0.24615725941470323335
3.8716035454136417115 0.52691111208269414412 -1.5593694414145824467 -0.96309223284131606491 0.0031980425457428197575 0.26915260274571212173 -0.030082023255107833565 -0.99494413029735317977 -0.095818836685044081469 0.26748536953963908402 -0.1003790322262001905 0.95831916759066604339
3.2612304857618230614 -1.4760590299457099217 7.2398731006389116516 0.89784040520365326898 -0.0094762225785991228977 0.44021904546426804394 -0.0032883920494131647569 -0.99988481640130588701 -0.014816896020891113031 0.44030874765502764356 0.011855595118165626611 -0.89776815024968881218
4.1313531459345798069 7.3334239689524096661 0.59337957821309050832 0.99739039223401892986 -0.00077296633601011723036 -0.07219285284768370281 -0.023841943013603324186 -0.94737117527660974492 -0.31924820752561738901 -0.068146659731669889659 0.32013631280761051245 -0.94491733711973413534
1.3371883718718304834 -2.5650819235980160116 -3.7001985550734217689 -0.99964563025905228688 0.0030936543245726490746 0.026439425238856499589 -0.023017099257656725014 -0.59940424342236509059 -0.80011547048467646093 0.013372622996436328222 -0.80044049264776828689 0.59926303964461424822
-1.3099631656249544065 3.7207523726070421688 -2.0657732194366995593 -0.014623387624147429764 0.0014175602756486120094 -0.99989206770398131319 0.81792056718995298503 0.57522317407159462288 -0.011146559052281193591 0.5751452879943231844 -0.81799528759879525097 -0.0095711631495216682036
0.0030376841587991323945 -5.0914853438593077328 1.2741572179035902668 0.94718693841749312945 -0.0061636753641367654152 0.3206226953871398333 -0.093792896595511682234 0.95077041977388032645 0.2953616451592397385 -0.30665908797807517328 -0.3098348237190168275 0.89997921407745451461
-5.4313118149978949489 -1.3353512718451820973 -1.9190464514034963894 0.85054943048902020841 0.0028457923792554176354 -0.52588740977575454405 -0.38817311054245184909 0.67805806290496972721 -0.62414653694574262488 0.35480600692032787657 0.73500283318865222704 0.57782655932205273519
6.0200348183285177228 -2.822697666618422474 2.0369843635916833335 -0.99715763188689687802 0.013384078106628409868 0.074145287260347247926 -0.041165451412584389002 0.72744186092756091266 -0.68493338696565586599 -0.063103587692642348905 -0.68603877836712368055 -0.72482324176093748669
-0.6770813488557436699 3.4716630269452677382 0.87275569958377308133 -0.94586403708112964939 0.0056214120675423988674 -0.32451444202523371807 -0.11166541271447927297 0.93317477961507566686 0.34163674611136374271 0.30474917384615102245 0.35937895099272071375 -0.88202874705047740189
-3.5624662594786333791 -3.1339248936160180037 2.380116856890051924 0.974856859044341717 -0.0040435167435739546166 0.2227953193999120951 -0.16633076091596910029 -0.6785473385776301658 0.71547717453625114814 0.14828412709145910586 -0.73454554609064959259 -0.6621590884153967238
6.1345856563447291876 0.91390418227162406595 2.0655507709897564794 0.97314885280088303521 -0.0080698418618038413042 0.2300351884922650636 -0.22966800788223418195 -0.10044773222375000254 0.96807172216035730639 0.015294327307020655349 -0.99490960933310501613 -0.099603979884355528518
-7.1761007896194186628 -1.4626886868090289706 -5.8799478232311290782 -0.99329317939818584371 -0.0025714111759384903483 0.11559432341333222838 0.050209519450240783223 0.89097565115312782336 0.45126643261921695061 -0.10415211912092599278 0.45404380504180608114 -0.88487092798090194457
-3.8816608381886812396 -5.2035985576767913585 -6.8986337020405343878 -0.76451814514807492351 0.0095916783142089116765 0.64453084134638016778 0.64310904791408707304 -0.05666810655709107053 0.76367498203775618926 0.043849267161072437438 0.99834699649291458456 0.037155300605564073324
-2.4609263082257712973 -3.0249752165805792181 -3.2472255471019706441 -0.98876867326593298468 0.0048898848889067352691 0.14937402650311543129 -0.11089102191344010762 0.64606616594011967436 -0.75518321650216635454 -0.10019826359264173699 -0.76326574549973469352 -0.63826774140623443454
-3.1872027007142818 -2.0062613830297166828 3.8404190421351880325 -0.9620048480083441822 0.010136119620021703108 0.27284415237889952932 0.14136432803500342814 0.87342918068077968208 0.46598024968309281757 -0.23358681291456917517 0.48684568953067713926 -0.84167599194576403487
-6.560011436672959384 -1.282209447196509311 -0.41648969718655659555 -0.9568476904284157758 0.01058393173033846113 0.29039710348238367832 0.27507068981617271985 -0.28922451916271296746 0.91688892081824091562 0.093694252363192093158 0.95720277783978013897 0.27383248377402680251
-2.4597971970450012158 -4.0408233116332272772 3.060564565821384253 -0.8926492351830169758 0.011112045963647152608 -0.45061498572680358521 -0.10669012810738744135 -0.97649769113221218664 0.1872684591109869956 -0.43794355742668045206 0.21524121735362555796 0.87285546275462566612
7.2340819056501111106 7.302055708212472851 3.2864495004729974426 0.98026861066181558702 -0.00054066495563943450103 -0.19766931636576970388 -0.13409664556605235819 -0.73652161353273226663 -0.66298868953168499374 -0.14522926908523844935 0.67641379382777933049 -0.72206152017711633384
-5.8509262086880564624 -2.7214864297907319646 -3.4239283071503838762 -0.97665924096943423915 -0.010311097003641246997 0.21454698391642212929 -0.2147816985892996855 0.035926929279384289817 -0.97600106439681977299 0.0023556273323862503624 -0.99930122437183832584 -0.037303002409115146309
0.69240807850317243055 2.1885752006121532709 6.5912897004229789033 0.86348374155369345129 -0.0042730175977091933853 -0.50435857224106062091 0.044363096032996193752 -0.99544515895780516512 0.084385136237724922559 -0.50242187828839734998 -0.095240100945428798895 -0.85936114607846292301
5.6381826658862594925 -0.38784228126227543454 -3.626279686457881013 0.99985547610411540376 0.011629558564051605679 0.012400817395981044572 0.01698829865794659888 -0.71141655668102499188 -0.7025652144738409044 0.00065162350510961477082 0.70267434580151166834 -0.71151130640288062779
0.74056419465581935224 -2.5599342466289467524 -7.1805273334750445713 0.91714199814633867724 0.0022589055290734363912 0.39855420281541992233 -0.39010771078643446952 0.20994373934939908333 0.89651525379820140582 -0.081648816408823293722 -0.97771085892187226118 0.19342943707009011001
6.7197210923513601699 2.4967944413352145538 2.4396366573396233157 -0.99936001422334730382 -0.00042283866443246567735 0.035768466263851945997 -0.017045721009352209768 0.88472932897251577167 -0.46579336389763237314 -0.03144845571209255175 -0.46610496206676493847 -0.88417032237574566533
-0.21190206640858147424 -1.789084567458232744 3.7037175770171284483 0.98623551332735004404 0.0021432080391322249832 0.16533275208302877779 0.10815785366296033765 0.74795836559960093837 -0.65487415739266041648 -0.1250655465868249494 0.66374218638638915468 0.7374312978630915838
-4.2785133202887744019 4.0984431852782803318 -3.5134066254071147917 -0.78783441806172815891 0.0026657172034800754104 0.61588133895189933753 -0.51369206359197427947 0.54881152397764643158 -0.65948948054683220743 -0.33976078867338699308 -0.83594186705832584927 -0.43100324984730531419
0.19570185754124347355 5.9117597115022055831 -5.8569341205835572239 -0.99763094529716267456 0.010853955770573499306 0.067931499539111248054 -0.042305948674605721449 -0.87546981315293137538 -0.48141750379968401008 0.054246692915364040644 -0.48315090593111803541 0.87385496417062757946
-4.4861786338554789921 -1.1446441211617113254 -5.8948745371762729661 0.96849801728411843982 0.0038735097718737435471 -0.24899113726975832805 0.18146530888388001657 -0.6957132117217676992 0.69502048078290223909 -0.17053425517622386454 -0.71830921124400870514 -0.67449977379808490063
-3.9961667896993890992 -1.2370864663985536858 4.987531664733461767 0.98355912014480995076 8.2485135433436797964e-05 -0.18058640695317587643 -0.1642393289908254117 0.41616122714068309874 -0.89433510265297433417 0.075079291370475920164 0.90929083698281409909 0.40933271770817952762
-4.9376411463614804376 4.9204873633306753788 -2.6554464130810586653 0.99244711603139112999 0.00046249028106379406339 -0.12267236030916010836 0.1164947869567924954 -0.31690935215311771822 0.94127436336589431765 -0.038440687987779942336 -0.94845571779637005694 -0.31456965029447125914
-0.98024549834595042785 -6.3780125322886531691 -3.2072510717974695993 0.99599073703160478921 0.0057823200360321638791 -0.089269348167434856012 0.057145733354224140244 0.72662874201463456547 0.68464957199845233315 0.068824537097222027171 -0.68700599419004138024 0.72338506138850666716
-3.0205778985848699136 -7.1049950752806960708 -5.1547093773280971973 0.94211163698203603811 -0.0041802384643552775029 0.33527330503533109285 0.12612384777052679241 -0.92206747461974136737 -0.36590210066625639129 0.31067416771672384801 0.38700658631961531997 -0.86816327016216043866
-1.5191014590590239397 -1.6273769069466714754 -5.767274813837996561 0.9841321768777158141 0.0034727201435718400672 0.17740292739591873028 0.17736669955134559684 -0.047377581863457765565 -0.98300377345517875316 0.0049912247102267930099 0.99887101517238341408 -0.047241747684794395401
2.9147145749769816092 -6.9919892207578024923 6.7971772450614693639 0.98879312157930554505 0.00075314389112203473323 -0.14929030608746537978 -0.14480920942699151976 -0.23837641186704777718 -0.96031608292819325978 -0.036310543683022909744 0.97117254854107337714 -0.23559589422942836534
-0.66700891243701276867 -2.4680591245598964001 -5.387750847696729295 0.98877914447171078027 -0.0086087516935325833489 -0.14913649067858619768 0.13566860152941692674 -0.3661294883013259116 0.92062111009644143067 -0.062528665559859281098 -0.93052409275120440135 -0.36085326490529923138
1.7065540909955512205 -5.148024563845613244 4.6913433549245562304 0.99980122558561113078 0.0067783630570057134407 -0.018750016313708980226 -0.011637367450153529927 -0.56520892602113637082 -0.82486571126751728755 -0.016188915847829346562 0.82491994989830086382 -0.56501769464626216966
0.40715691866954706324 -7.1768926228634910558 -3.5337655308181092906 -0.94674183432511027636 0.0027671279512423421418 -0.3219817419383859125 -0.13729540703297049564 0.90103608413623093032 0.41144130358073327525 0.29125567865092288899 0.43373530878579613645 -0.85266864112985019108
3.179088221396734415 0.3649905690097851596 -6.4651793685927572142 -0.87375811502906175487 0.014690371922353184092 -0.48613881699943328751 0.41717346055955994988 0.53647816606294596031 -0.73359217630927264775 0.25002611908662175644 -0.84378632977214207411 -0.47488058442518671365
3.9969077604267448933 -2.6324858849586529885 -5.8858403907797409715 -0.24171025973850193691 0.0063612168776742746695 0.9703276174864916559 -0.01381242945370506417 0.99985464294100012683 -0.0099954880867010095086 -0.9702501569851547103 -0.015818593785188427014 -0.24158726158660354111
-0.88841808575512726254 -5.3154529918946415989 -5.4296971686559318826 0.9715802097131407411 0.014414546959144881877 0.23627127825832472396 0.053287330177826740252 0.95920487705174306559 -0.27764449262062695922 -0.23063468198942452259 0.28234415998222589517 0.93117636288066896189
-7.2337089222228287966 -0.50982727773630576174 -6.4410257474618459739 0.84909395225481409941 -0.0097294466053784132986 -0.52815224898994683755 -0.3175699593493269135 0.78957397265968431999 -0.52509262289364067033 0.42212413004146848161 0.61357825871452020827 0.66733270508009678856
0.32449390444215153728 1.9055856110264912662 -1.369431799275145023 0.99669549788552513903 0.00093436412917590437599 0.081223219945749713933 0.05549834089337380566 0.72231560978355535685 -0.68933307915772878971 -0.059312887745938965012 0.6915629304890926754 0.71987686066477252211
-2.099761562741346399 -0.74643066443845340618 2.3262846800483298892 -0.72250452382644259064 0.0020804473168043475378 -0.69136306293380156429 -0.35022684704526785282 -0.86329504344527174808 0.36340449030187632617 -0.59609426155514166901 0.50469529391686429598 0.62446320279036038325
1.1097280261711652827 -0.74369309122509197341 -2.6167442334052979369 0.53155194725293009039 0.00314616762816849211 -0.8470198515978687448 0.64853370347964423015 -0.64475274623827638631 0.40459601044638998646 -0.54484544856548300373 -0.76438471848103950457 -0.34475997350333842384
2.4302385904467094235 6.9998775098695737995 -7.4838762880863969329 -0.99479706043428106632 0.0093708288337672647483 0.10144454701200653068 -0.098797189008459768145 -0.33170579807991285026 -0.93819527762841437024 0.024858077068142116206 -0.94333634038299296609 0.33090576440632224475
3.5269306065133543271 1.9311397078858334453 2.0256035755620733774 -0.17342880534917190505 0.004169135106791076878 0.98483758447145863801 0.23908880675185548159 -0.96989754911546810501 0.04620916257357102902 0.95538421169766007957 0.24347764277699732172 0.16721137971630178898
3.4731111418500431043 2.4102913984116183244 -1.3831494526245371457 -0.99511793954251293037 0.002842429341471258003 -0.098651948769416047957 0.027516392322458126801 -0.9519577265131602406 -0.30499071311330300249 -0.094779399418474741257 -0.30621627573861753824 0.94723199793853218864
0.70444371518764825613 -0.67775256660882077231 -0.76402619858598697089 0.99950996930398006146 0.0014286602560044043067 -0.031269476998252832001 -0.0024427809710906352864 0.99947142898817042944 -0.032417517756453968769 0.031206635239910886226 0.032478016661058622949 0.99898514721239262126
-6.8497174578354478314 -3.0034028228024691742 -4.6176611296430039033 -0.82678657803896205003 -0.0046866080448761645097 -0.56249621339153565991 0.43128619324310185634 -0.64725322836459253661 -0.62853438878834966275 -0.36113179573751413853 -0.76226064707332519266 0.53716155114706864993
-1.9824493418727391347 -6.3678262006154522368 -7.0635910547252462877 0.99249172182937506204 -0.005064227753667155732 0.1222069380082269896 -0.11230419392052047589 -0.4335562571919973629 0.89410107922848625073 0.04845565114574507809 -0.90111227127755910704 -0.43086973022612906625
-5.7133228670148916706 -4.82094568989085559 5.8219665498398649461 -0.93537711612043128451 -0.0015561846540997159669 0.35364845387409449273 0.29846610538533585588 0.53293583210934059036 0.79176851591226193872 -0.18970407105367464995 0.84615422775241366793 -0.49803151334267997674
1.5757827267895490042 -4.1034290026310458188 -2.7351343967832022486 0.89299816860326708401 -0.0028286656083628698016 0.45005140764381917906 0.42674331366975215563 -0.31237151945393787367 -0.84871324843673723315 0.14298396801526294664 0.94995580554308811649 -0.27774008066124050709
-0.94950690006871651949 -3.615639658663673206 -5.3718624164567003731 0.9912803138316229612 -0.0047860700861532337602 -0.13168307766403530845 0.012742860891927020039 -0.99117446798187491819 0.13194996596148594881 -0.13115242623076545092 -0.13247742280880708821 -0.98247074945755341613
-4.2125191078445602955 2.0110569591087488206 -5.3674553888978246974 0.61225638667549897587 -0.018938369524878945899 -0.79043244817931179735 -0.75843903450079153128 -0.2965490230449253084 -0.58036963038799282977 -0.22341071576927268305 0.95482983567279222648 -0.1959276320191183085
-0.65833410883710830053 -3.8558518114883049144 3.1524584405869870984 0.86629825555713158014 -0.0063305041727974610544 0.49948699396023926722 0.48325149169905456947 -0.24254351397541956681 -0.84121378947280944782 0.12647263810460268596 0.9701198732864874108 -0.20705579746889096748
-6.6499042668401244782 4.579254462383532065 -0.37889137705571190873 -0.98513761120433429586 0.0052596865695638348598 0.17168640798748183163 0.16766855374368311304 0.24648759037424661233 0.95453188730232874093 -0.037298030456930836296 0.96913167500012564748 -0.24370608001306379164
0.86360148747338505437 3.522308838636610151 0.3509938397371840102 -0.95864334428269837307 -0.0054938935907659072408 -0.28455712185034376382 0.067821743823555255548 0.9666017093789109893 -0.24714640699482198771 0.27641119645783168712 -0.25622441835028836321 -0.92625368982468903045
-2.0402559834731688326 -5.9605243701123811206 -4.6410464461189269159 -0.92832234228325483105 -0.022541986134898755328 -0.37109228997503579395 0.31332426743527325153 0.48983615725338502944 -0.81356526627159198028 0.20011379825984065839 -0.87152303349273030353 -0.4476628975441639402
2.2450586329373050098 5.991954065516891248 -2.2705772274248352538 -0.99961479790672624901 -0.0096151774876691957494 -0.02603467241552539016 -0.01825532925265658038 0.93436858151679746953 0.35583998767426711085 0.020904515296460757234 0.35617818888309932257 -0.93418418901423094791
0.91745895516951347926 -2.457826463227140934 4.4959605239424114131 -0.86614339854194244417 -0.0009641043304829547203 0.49979464149298802322 0.34434817951266011304 -0.72593199177618117357 0.59535457887067566585 0.36224293565032328335 0.68776581320884588866 0.62909319003837949058
1.0213267782320394339 -1.8982018917218799192 -2.2050609846424742422 0.70726653744858947181 0.0050255447125334652345 -0.70692912580105238263 0.61949803650969526014 0.47734676951078702789 0.62318716642606908351 0.34058218944338897183 -0.87870063476584137074 0.33449808175236400709
1.7720554373596282272 -3.8342473077324989994 5.4345795233404086133 0.29527312221088269917 0.0035949622113858447497 0.95540612283286252548 -0.77435714461526095054 0.58664221756113299477 0.23711162172736258147 -0.55962915925014944385 -0.80983824608476107088 0.17600346387302959195
3.7913718320813658558 0.78379924023430558311 6.8906380301185334858 0.97241909974266660388 -0.0090860693409483498512 -0.23306337721642408911 -0.2314814088135019321 -0.16008479661707822328 -0.95957762336656959867 -0.028591114516596211059 0.9870614475482919481 -0.15777276994048583525
6.0071695352934524337 -3.9815309389670927587 -1.707872626199709698 -0.99420967181046993044 -0.0073374499177830069391 -0.1072067642789399089 -0.10595558572282991194 0.23316095228008273943 0.96664853188012500596 0.017903696059367587429 0.97241047513922207468 -0.23258831764915721685
3.1765071779863496282 5.4759833113229587909 -3.0860751868883560256 -0.78055969224419485819 0.0051620752306684447586 -0.62505993298478801368 0.31863810614817500433 -0.85700454740432030487 -0.40498513928130425166 -0.53776976872445925171 -0.515282988956270116 0.66729837189848484336
2.839287547662306288 5.880204883408604033 6.3490911911102738685 0.96172721693373319773 -0.0077356144668808291681 -0.27389947148123805487 -0.26490544466581528171 -0.28176609649618816755 -0.9221892280067512937 -0.070041884578271332296 0.95945194102366082589 -0.27303133019962555483
-4.8882808859321098538 -4.6890800052600578596 4.5844933236810083699 0.97631049552409165937 -0.0036026500927099167765 0.21634425631792095213 -0.12610264028023443483 0.80303011169269455927 0.58244378598203494501 -0.1758292934747060221 -0.59592756323828799392 0.783552422578851826
6.8924337136440119167 -3.6846049124835560384 -0.055254216196144782802 0.9996873754123286604 -0.00080894666056951711197 -0.024989938904344539961 -0.024978792644711395043 -0.076308807592876157222 -0.99677130065118280111 -0.0011006176245866488086 0.99708390393645651706 -0.076305158094185851492
-4.3646239368014301263 6.1411854348667409553 4.3265712914988538884 -0.88273480557799255397 0.0021599519036615208445 -0.46986657428349654086 -0.46623893253892223498 -0.12813138851947833419 0.87533056902011552314 -0.058313984652938029296 0.99175484969013916192 0.11411309000316202655
-1.3457188760709637432 -3.003281382688875123 1.3893113878879177481 0.76252089152375535086 0.00061063075833631651201 0.64696330430692994273 0.63682842090984193018 0.17560397405895575296 -0.75074150452478638496 -0.11406775316085457361 0.98446070080251590895 0.13351283183303774837
-4.0779440440718648375 -5.7692034505007354639 6.7709237789042200362 0.99596260164853434027 0.012432092263166881138 0.088904101139192032166 -0.07348474947892152942 0.68174294172692062599 0.72789185529136568586 -0.051560524739641760972 -0.73148616151457890311 0.67990404308342589079
2.0141583610071860377 1.7989998760624816843 -4.7577104899831956786 -0.99121110194633632595 -0.0095646325363171764283 0.13194343175344372399 0.064174582507915564622 0.83740118498570814687 0.54280832560356195859 -0.11568134827343816429 0.54650505321447906404 -0.82942754504095272949
4.065403342771303663 -3.4426888497371241904 2.513281484519469533 -0.97321734742686250019 -0.0047348418462010615285 -0.22983815161985540754 0.021631802007959152756 -0.99723795657606728593 -0.071052959866513304421 -0.22886690413695839896 -0.07412178651782752592 0.97063170201386039793
-6.0692523607996129442 -3.3979451432334055738 6.0458532806486386946 0.89660329720051834546 -0.0016096148457637226084 -0.44283172491288230743 0.4410270200489707082 -0.087015816262647011081 0.8932655905758468684 -0.039971177566127544245 -0.99620562980752724869 -0.077308784130831212367
-4.8264388327014415836 -3.5859124850830732534 -5.792238381070864861 -0.75872686320778148783 0.0047691566124137656224 -0.65139143546105560123 -0.46095939313602057874 -0.7104905650638061454 0.53171382795156840739 -0.46027164254000618726 0.70369056559002651774 0.54126666530743083872
-2.3929519300292700912 5.5735851687406423594 -2.1456897570007673615 0.9495263395070669965 -0.0018262583920050940584 -0.31368199719230210887 0.11445036346142326011 -0.92903166234893064246 0.35185406727347168232 -0.29206308374360212543 -0.3699957231288827364 -0.88193101769967707781
-4.7021450616831312885 -3.9304435113842064453 7.4257596940950341136 0.75895759252840555575 0.0011327270158833571689 -0.65113907091588751896 -0.18172340929332278514 0.96063342719419098081 -0.21014285872216331708 0.62526792278066467556 0.27781673003370499497 0.72928587622069718233
-1.5320342294503432878 -1.7926581842280617796 2.4928905052274243914 -0.97203882864439594691 -0.0061271157975414484997 -0.23474022676044350999 0.024932638199339381829 0.9913156284359905257 -0.12911889238574916772 0.2334927818155831114 -0.13136127005519082633 -0.96344451712054568482
-4.4495400598739482945 4.6934645611273415611 3.8484691712792331586 -0.86585216311591084448 0.00065059029543238812432 -0.50029951864835309205 -0.23076675602520824171 0.88674657114901533905 0.40053367257820871039 0.44389946602926366737 0.46225544376199922958 -0.76764130215306825011
-1.809547227116157897 -3.3365141682121026712 -6.5098785054941785688 0.64817634501795218238 0.0015809578216664239413 -0.76148862521475269016 0.4945867540265577178 -0.76123530158679020285 0.41941001223095863981 -0.5790089537309872636 -0.64847383616496112602 -0.49419663627844861997
-2.3867286045938205241 -0.42878582357033384609 -3.0897185937704256808 -0.77812802520998125555 -0.0091566350340893127441 0.62803895772290552202 0.47215190272561879947 -0.66795346373656894201 0.57524842549534405123 0.41423345728635019292 0.74414671021049616506 0.52407663232332823977
6.7080081427727780152 1.0030408898352323188 -3.8074588136579303743 0.58843008030917598461 0.0049229096708071282129 -0.80853311963561136366 -0.78580401353854267832 0.23899364065775041688 -0.57043324940946971147 0.19042608249397360853 0.97100865324962359892 0.1444994893433046157
-4.3782920708409891475 5.8449943432202084992 -1.3944090984714849757 -0.53059111082312759855 -0.0046059049742486687928 -0.84761539553913034517 -0.84549862115125573592 -0.067959467368533879594 0.52963533910248661307 -0.060042940857051974035 0.99767745110043060119 0.03216440297713733798
7.3207242013662980895 5.6478610099737842631 5.5181822388649708344 -0.99970526170292850487 0.0048415995108371809655 0.023789675017722392708 -0.023512046907945487878 -0.43718546480833647694 -0.89906398716132107651 0.0060475923698481946766 -0.89935834252786750476 0.43717044542383437511
3.8278522923840951897 -3.8465882564507567487 -6.7503377245067586188 -0.88072307507002145499 0.0034840272395863795991 -0.47361875658954116775 -0.0038868323726021121456 0.99988610564856827967 0.01458315003775995447 0.47361562218038777416 0.01468459346075916272 -0.8806092238567395647
2.5612890454259287232 -0.049943104070651778148 5.6048838522359050174 0.99133318997411534745 0.0045257543288527105757 -0.13129365561014691433 0.10493272704300546372 0.57403125838747770526 0.81208203846013560234 0.079041946149077460526 -0.81882087903400824214 0.56858133877840988379
-5.9311541796259108494 3.2792667045333803166 -2.8006121585722101308 -0.77128040808352738011 0.0083221979622745446969 0.63644109949587912567 -0.25509171378831391186 0.91205641402735715406 -0.32106279010189864298 -0.5831421350434223827 -0.40998029056590262753 -0.70132831946554219371
3.9522597819309166489 6.206145484257832301 -7.4930213869239237212 -0.99303878925487576446 -0.012926130226761756159 -0.11707637760317410325 0.049674347455530204476 -0.94720479598521611919 -0.31675784704966275518 -0.10680085318102072733 -0.32036852158099832222 0.94125320086569230771
-3.9000812543520564368 6.5992824351628645019 -5.4359542069445199175 0.96564897948141936723 0.0096198211916908096808 0.25967192275398409684 0.22600500641893339626 -0.52424413935537639286 -0.82102973114562038948 0.12823332445227234033 0.85151367657355570007 -0.50840994591788812862
1.0097049105483482112 4.1702905157590102192 -6.8486902368646997985 0.77514273010837908551 0.0078251407991857535595 -0.63173769487945041767 -0.45474952389435158162 0.70105535817250685948 -0.54929432483442053314 0.43858479052280952004 0.71306391855785422607 0.54697644334382722331
3.829308562614139877 -6.1818032236138833468 -5.4914449720137064048 -0.99987432571500944878 -0.0075412641899381977623 0.013944967210545871489 0.015551247933331135281 -0.63749461545857666334 0.7702978475557467064 0.003080821936098426285 0.77041790256692377348 0.63753177484770895411
5.7599314252150550786 6.6464031048761782472 -1.4273103376881275395 0.97042377466082641035 0.009837317159605169295 0.24120722369815283948 0.16883673566060924953 0.68649549858970648764 -0.70726097524716957654 -0.17254522382424869464 0.72706750553647847557 0.66453065251218301768
-4.0021937134058438446 0.9606373094108651145 -1.0727474521774196248 0.98717844964546341835 -0.008809618373171918676 -0.15937722290045672202 -0.15956791179346069276 -0.028833854907905021037 -0.98676577278346810917 0.0040975701611622285594 0.99954539638538342228 -0.029869892592767642581
6.9965541388067231665 -2.9749675346950188448 0.95809571972162332898 0.99854434680870018948 -0.011678351123226175801 0.052657417059601897835 -0.050809145410751474503 -0.53128734468993576989 0.84566671219515576752 0.018100226489637182004 -0.84711119310712723607 -0.53110734161158013045
-5.5481918016948270633 -6.860271562463341688 -5.9981302095219346526 0.93424597228908723423 -0.0092829895577950551078 -0.35650847025902254739 -0.076450089531076070859 0.97120883899492738145 -0.22562972957685556441 0.34833869591571486879 0.23804877055572207234 0.90663826069970498978
-1.468037572480358488 5.6591449306939036745 -3.3466157768364031 -0.99892903891045370379 0.0013428976586986958626 0.046249019961808926493 -0.032370017521928931559 0.69393789358411883672 -0.71930687596720987997 -0.033059903012253380461 -0.7200336078781077731 -0.69315124348077084004
-3.2635300601677559307 -4.7095391547433118618 -3.2231311270181706163 0.91790584881947689944 -0.0029982055627145089843 -0.39678692451551406117 0.2540720920493898527 -0.76365748067833039148 0.59352727337977884137 -0.30478881991426415299 -0.64561463967871390857 -0.70020390764963225116
-3.2358594606615791456 -6.6842277578852558051 6.9866978215796580187 0.95448337784375514303 0.011109869240715311914 -0.29805712913044979384 -0.28351004252558004159 -0.27661206764286389026 -0.91820902839256379746 -0.092647381005566131762 0.96091744434146597609 -0.26087186117515942518
6.6183754217020656085 -0.86942224388267030921 2.4845932432039252724 0.99996335348797182885 -0.006384193274605813595 0.0057038370813782580948 0.0079021856155450289488 0.94462044019925772709 -0.32806977827952416016 -0.0032935002225439671819 0.32810282844575283656 0.9446362722351194785
1.7763605818533234615 -0.75510928610435179564 6.5686853330904684256 -0.96896400556088957412 -0.0015578338898950216083 -0.24719694391501653707 0.23312368042927222866 -0.33840324631209134365 -0.91166693068718496207 -0.082232022658338080334 -0.94099990225232887919 0.32826373301125838511
4.7786754326926184078 7.2117449806842310878 2.6288956084583241513 -0.89943433024965180334 0.0016424711388839611376 -0.43705284332319427332 0.42126519592861555452 -0.26311242262247475088 -0.86793288205995255957 -0.1164195871300761076 -0.96476378215098457236 0.23596042969568634118
-0.72020614356759149466 6.2760579387523662831 0.1080632025295104881 0.99938485808279897693 -0.0049047307232385492851 0.034725337311502832427 0.034708515995561670109 0.28013147432854640373 -0.95933397521817853626 -0.0050223851155097309906 0.95994911360292967117 0.28012938964114125762
-5.2518589954044596624 -6.643920865057591385 -2.7416094766201046795 0.88071638312216149469 -0.001071187707717980277 0.47364280323596574807 0.40346026566096576671 0.52552711410456431906 -0.74902674610046415804 -0.24810978725781573928 0.8507761779093035992 0.46327252084394721088
