1125 14.717824617146108679 14.977075390850430381 15.033177056927090831
-0.50454997930986256183 3.208648409826434289 -7.1703728210426422862 0.99418410811736745991 0.0027651105278737025256 0.10765831751702521768 -0.090488318796332178895 -0.52059259719366124397 0.84899659122320403348 0.058393692538212992049 -0.853800738996499331 -0.51731467673045039568
5.4717069448355504235 -5.4465042927710145548 -5.8290748686129170153 -0.99280512687830735352 0.010255348931071007687 -0.11930133219037439285 0.10885572135449748943 0.49236693340523451923 -0.86355384013821712141 0.049883985130377152262 -0.87032731239893057484 -0.48994076919579959695
2.3428368847575375966 6.7531941566544793076 -4.78600916986670466 0.61013830844766880901 0.0034001392581907720868 0.79228762682347553259 0.70676907363242280624 -0.45426237110993500368 -0.54233124080247641086 0.35806245421913929228 0.8908614579420669477 -0.27956598797418497071
2.0908029986811298429 3.7077061478044694987 -5.7426113933342612938 -0.71915138040879400538 -0.02003079714682127338 -0.6945646544575772019 0.34159435281875927259 -0.88064725355826356523 -0.3282890691486980983 -0.60509056361705748639 -0.47334890088173392497 0.6401610952374494623
-5.2821236990120121746 -1.119938390574099385 -6.3561479371858728982 -0.62742655495797228227 0.00039088340394512048094 0.77867564835673119816 0.72915058837329438379 0.35123413722318552743 0.5873448734125275017 -0.27326788616381619823 0.93628757764869041669 -0.22065863756553991126
-1.8411177070848581128 -3.7348157597905173866 -0.21173921066855311279 -0.97477627548169776261 0.0023354239280202002821 0.22317203801790830298 -0.21726485182267352148 0.21884063876464751597 -0.95126482064011719242 -0.051060717978305025788 -0.97575781863131672011 -0.21281325724539959521
-1.8048048244799712592 1.3736107818609417652 -1.0370782102807658553 0.94864449889734669963 -0.00031488535771626718907 -0.31634398296628268854 0.16313971250452546924 0.85725378843947475094 0.48836602708424603492 0.27103329853678276296 -0.51489401147559399341 0.81328046086879546284
-5.4755089327598112092 -6.288603255537774217 3.9487517867114565462 -0.92985116408995294179 0.0027124606113118525721 0.36792588275102655615 0.25141628244801661474 -0.72541930948147503866 0.64074696905368988542 0.26863854072094356384 0.68830187271921539072 0.67385003261136278141
3.9171953535048040784 4.3686480014118957982 4.7441337172932831479 0.96756684004841819746 -0.0037760823998196375167 0.25258691818961837017 -0.25253821253610581055 -0.039133370771005308864 0.96679523711137815845 0.0062338790423367082538 -0.99922686137520300154 -0.038817756997004876363
2.2560629756638452825 -6.6427357099825306008 -2.8203880041315012583 -0.98435201441988506854 0.0036347950220601650193 -0.17617576443046725765 -0.13044825179519914382 0.65711763198790262841 0.74241475694810743491 0.11846672659901023861 0.75377928201554189602 -0.64636091210186963352
1.6439983509547337892 -6.6061320478899334674 -6.2276018034310025584 -0.99996299240677488651 0.008176127657208308655 -0.0026767056990017021496 -0.0074478281722879123225 -0.66697833983141574521 0.74503988084619243715 0.0043062364521685853047 0.74503224435742776421 0.66701455096222839192
1.1456849790163126102 -0.53909318809223760738 2.7482732949413879453 0.99907344596680336402 0.0076231213552658749419 -0.04235726129971514875 -0.040849671359185317498 -0.14185533056903676385 -0.98904416966019781388 -0.013548207034744779581 0.98985804699959023534 -0.14141249193828148156
-5.7588643690903431605 -7.050380207090385376 1.4433514288630133748 -0.96926122299634687174 0.014616365106734190149 0.24559935559116627402 0.1700418493472697079 -0.68165565649446180352 0.71163989168667018959 0.17781577845154655781 0.73152712037234890463 0.65821700152264317474
-7.3048914503148605348 -5.030092546446415902 6.3711537804188935752 0.90125634338105353738 -0.00963681831220707108 -0.43317910296819828186 0.34657081532049777151 0.61606396979902344757 0.70735695026179223888 0.26004936739695472259 -0.78763717335362881666 0.55857140068940125399
-2.955652799630231975 -2.028408825411982086 -2.4698930147326385587 0.5180717704665104284 0.009952468836633244359 -0.85527924621715811782 -0.034606371341840927447 -0.99886964942235467735 -0.032585618383122461061 -0.85463678817862331893 0.046479800203061985564 -0.51714174890908048976
5.1537250474415525758 3.6772357084655737935 5.6109291856722993685 0.83132667577701024886 -0.0079201311609555114651 -0.55572765781810595787 0.21517118257691009164 0.92651003941891008076 0.30867541049515384577 0.51244250441384964212 -0.37618668022445039822 0.77193669513218043932
-3.7992330776773481915 -0.55153008627982358369 4.2270607014217436159 -0.81769480622356716104 -0.011527868546753880161 0.57553654282050425994 0.57561500831166967362 -0.0050424780917971302047 0.81770528653121288265 -0.0065242686449227971918 0.99992083769746009647 0.010758822295519934395
7.2260777970644838319 0.036759354146486504511 3.1847650753118212918 0.077737401938611366825 -0.0030624535160605360212 0.99696916588147344029 -0.99477071389862359307 0.066205402461647328005 0.077769347783313777511 -0.066242909881530392946 -0.99780131592594345502 0.0021001969112319322786
4.6893413150679466028 -4.7755532786144208046 4.0242059385829733742 -0.39555185561672845385 0.0089692036080599377157 0.9183998491423489563 -0.76128122274889031829 0.55619527523295941851 -0.33331323960886860558 -0.51379921117897664473 -0.83100323055643265935 -0.21317598691384131993
-4.7597101723996786404 3.7807105127238735953 7.1602570963910547874 0.89254361871392762229 -0.003195004305955774157 -0.45094975400853415382 -0.39242888259696506736 -0.49817906839463932389 -0.77318638627240476868 -0.22218339451140958762 0.86706828321716378216 -0.44590036044219849565
7.1354330264606558032 6.9532299831818464853 4.6018264277087137515 0.77853745626105108624 -0.0026363125784292992804 -0.62759260595914256875 -0.55294460763796260405 -0.47590250033317366141 -0.68393645250170109762 -0.29686982009399509597 0.87949409323348226586 -0.37196565686193261424
3.9010634992587571723 -2.413424795527088218 3.2873700952237863149 -0.38035056137182904346 0.0042491154384530728169 0.92483263106455526614 -0.56971791945860628115 -0.78880163245137679962 -0.23068046490733962184 0.72852930120326775398 -0.61463316674263923645 0.30244194092102627547
-6.9092550355214426006 -1.8517819671360458145 5.1012064258309592901 -0.99064289781024084114 0.0021503456837397736875 -0.13646254076337410721 -0.10006218834271767004 0.66852118172694685594 0.73693078918338406069 0.09281275495434820888 0.74368999293780624349 -0.6620505924187168878
-5.8038908429515121412 2.1030413232761366871 1.5062474569159784998 -0.99573145050753164575 0.0038502827368617495787 0.092217426732467341899 0.091320797787656934896 -0.10388922016249761693 0.99038757152209133672 0.013393668718073389878 0.99458142213542699572 0.10309415299326649129
7.0096012248150314505 -3.146009784271248666 -0.21808966799447232487 0.98933500874343538456 -0.0023664059504548357396 0.14563873316350528508 -0.037325166262929226901 0.96236363964675308846 0.26918963027807729649 -0.14079443326365520539 -0.2717547151545541273 0.9520117133487917549
1.1196460386652093977 -7.088127263934914879 5.2016385464195415977 0.86887359860162005631 -0.01058087897534087593 0.49492091757481021519 -0.48954874208006232683 -0.1667849767664063565 0.85587662700460920284 0.073489446730773955174 -0.98593651749242428028 -0.15009491894818977054
-5.8116323450858207167 5.2717768908454480936 5.2375326078646393668 0.75101168428919495845 0.00050408796289693911727 0.66028872166393937082 0.62793161261864749445 0.30866018553119817236 -0.7144443853387353327 -0.20416498214774228548 0.95117224295245561549 0.23149087304135237964
5.9041302744397272662 -2.2784462270766763226 -4.0364025489032862026 -0.2269298065237240758 0.014753651098381793602 0.97379935956554897203 -0.61409192254973299363 0.7738983832823108644 -0.15483023933369127745 -0.75590606133983706538 -0.63313791714940126365 -0.16656051241968000687
-5.1724769096566127757 5.461623543128022007 0.13534610728212218 0.52090802117431900253 0.0024955342559991257508 0.85360916453913371349 -0.852003082746922491 -0.05986387481764628149 0.52010293546711716672 0.052398286861312440288 -0.99820343056945426419 -0.029057369691896095532
4.8215621818782521402 -5.7606876322752960107 0.043287710452025174312 0.99886078047009696501 0.0067260541360305440076 0.047243004078438115279 -0.045331244938614713436 0.4430141644728207706 0.89536781732908932163 -0.01490702756794885786 -0.89648938101475306173 0.44281437449220306668
7.0870088809367288718 3.0575360369972841568 3.5000521373325454988 -0.96406508995780726412 -0.0019573487552277295601 -0.26565893756923403268 -0.11068465580438698048 0.91201048729060307796 0.39495034883056889807 0.24151068153189947374 0.41016221164038091374 -0.87945412094557262606
0.94377250450314720265 -5.2737115830212388801 -1.5880881593307258903 0.99394999685989093852 -0.0042551809860847068442 0.10975106913926017949 -0.095603559684094979731 0.45838524433401234282 0.88359658620470216128 -0.054068134036264488274 -0.88874341697236636239 0.45520520171697786971
-5.3883088532747063226 6.3748276207327139176 4.7773746819155258336 -0.89822059432510525934 -0.0022742008093817726345 0.43953906759357502798 0.19924624479820782219 0.88923881912196223176 0.41177087864531825012 -0.39179165109034641556 0.45743759200271544296 -0.79827949463756853188
-0.4252201056021360781 4.8148859624660413914 -4.2046441786009109975 -0.66474790939201233719 0.016622677413286279097 -0.74688279104198940228 0.66374661165260595563 -0.44568145214182636193 -0.60067335444191038984 -0.34285660629297509683 -0.89503727844845137884 0.28523256775636762761
2.1287442022491238625 -4.6117720475136163572 -5.4114362389795918062 0.98989855073021815191 0.0076988068469747142006 -0.14156831437646177907 0.090133998288762229301 0.73658881927698049985 0.67030796927128766249 0.10943820911701623855 -0.67629700553034610699 0.72845428044317361849
3.5291256753635993348 2.4367874278106840258 -1.9105709754068718187 -0.74532048942961104387 -0.0058972283806151912927 0.66668027624464998304 0.62538474674047805912 -0.3527481210484100238 0.69603353485378005594 0.23106554606976068 0.93569973057280253492 0.26659843890246359699
-6.9357290240289382055 -6.8634442898290375368 5.3906223355909288486 0.85875698872321915012 -0.00064517928042025739221 -0.51238268712232326596 0.49772071411468354896 0.23856486132361276464 0.83388302398039237939 0.1216985006485791776 -0.97112635155539872578 0.20519036101759122181
2.7622696205749184273 -7.482586908501045464 -7.4183177483036262245 0.77055304598754592593 -0.0050259216447065694147 -0.63735605702846309661 0.23318305928878765854 -0.92842253190608969859 0.28923565324803879317 -0.59318939992216068724 -0.37149204885258774178 -0.71422685013890918615
3.654413324314039091 4.6592832233054153335 -5.4797607285693716861 -0.97915523607793397698 0.0022683122995139411854 -0.203100660807538691 -0.18823614292595708397 0.36551068642163930811 0.91157506142284816519 0.076303198868222663065 0.93080437948623284683 -0.35746472409400570358
-4.5765385515863190591 6.2493447041051224389 1.9426847875641326535 -0.626640102251312614 -0.0088727692188114212074 -0.77925827311425888144 -0.51992321380420947197 -0.74010676958345278376 0.42652294353782987946 -0.5805187628303671854 0.67243084669216757199 0.45916742308102798109
-6.8138023403385066246 -3.81586378625972511 6.0660550039271647904 -0.99984226325508174238 0.0030945899409521374079 0.017489200157474692893 -0.01711871829453683741 0.09447948461018891575 -0.99537961425357479595 -0.0047326623588485258742 -0.99552199900390792031 -0.094411606310361759209
-5.3836498036689750535 -5.9109509947235885363 -1.7799484690684430621 0.74994828787472234133 0.005134971237737519234 0.66147652836975312507 0.52357040265817766933 -0.61576642536337622413 -0.58881724062360007999 0.40429147774114104763 0.78791201378433683988 -0.46448149539065430869
4.0742622152611414066 6.5724535620933419722 -5.8195399626622936751 0.40172464484263287199 0.0026018325975119783663 0.9157568128020081577 -0.57629779450227547333 -0.77643247868008558044 0.25501658397521820287 0.7116868424931793724 -0.63019507814470532292 -0.31041263135450164468
-4.7773626820653127822 -0.70783508049667809292 -5.5336759576612077893 -0.84828876113454410035 -0.0040552544145430321695 0.52951839688957791363 0.51565522156939835874 0.22111316112762471886 0.8277733158567032179 -0.1204403180048329719 0.97523972688142768206 -0.18547669640980357642
-3.7116924900857579672 -3.9648648825708003862 -2.3616149277963143227 0.64295099417062528957 -0.0031116715242501345046 -0.76590099660163812878 0.73674594660283954095 -0.27079608363751594968 0.61957638048170515788 -0.20933090851410995903 -0.96263170454066460113 -0.17181609980964424045
3.2617206790075075062 2.4499067856868350646 -3.025839850376580209 -0.78635275762155831814 0.0059964577374895704567 0.61774864069112567222 0.1029530066225657764 0.98724156810334418033 0.12146919212848515668 -0.60913875185260180078 0.15911671409245214948 -0.77693748286973585149
4.7457779671179727288 -5.7147045311774995469 -3.2122786877676601236 -0.92696126813605017603 0.00037121140458083821262 0.37515685996355307985 -0.072184831146419700665 -0.98149017505979951892 -0.17738767266477334372 0.36814692383341257598 -0.19151213659493532271 0.90983017316902514704
4.9922910253706742623 -0.064350476894430908015 -0.4099289883813182489 -0.88202346214093885202 -0.00062181642576862247718 0.47120507804701849963 0.077104701046811149889 -0.98671090666486882537 0.14302605267921869592 0.4648542538360502796 0.16248446083503378934 0.87035011499834724624
-5.5392556826590126917 2.410228440574865072 2.6190128784843489385 -0.86577807189829059098 0.0032203827928693707847 0.50041778481052856531 -0.23370224138699882688 -0.886838499136749836 -0.39862355527436615921 0.44250603678448241496 -0.46206829103886809529 0.76855793654458171016
5.0430489843983563603 1.5613231674937164684 5.0686075138638946314 -0.9048515389478570814 0.0032268257624736285116 0.42571502212068540461 -0.41110377458481811574 0.25321377610567769034 -0.87571483378581216339 -0.11062268748230627557 -0.96740496752175497708 -0.22779431474107120215
-3.7013181295508457147 -0.071060109205076452121 -4.0863280288237220361 -0.84852437988290541071 -0.006812791054175859444 0.52911242909436428938 0.42421541218445463217 0.58894229121060781562 0.68788680877654206913 -0.31630311539596911441 0.80814637504704434079 -0.49684180147121487225
-3.5072491177973734722 4.9640338145376583512 4.1960895464589542669 -0.99565734925254034682 -0.0086177554032218182944 -0.092693997493859717207 0.042471038813422679059 -0.92809607314456676885 -0.36991065120629412766 -0.082841135564987761208 -0.37224106880566998345 0.92443168106288686747
0.76934428319326841894 0.15359049247349046419 7.2256759372986332224 -0.79465306735264007454 0.0019970885216650698102 0.60706055232117994702 -0.041655646614160476982 0.99745821046956995026 -0.057809389134657981901 -0.60563298263240117336 -0.071225908238498239489 -0.79255003649195254756
2.6713254055941662024 -2.4644488809353535252 0.42712224731784614873 -0.98391932918817126552 0.0036039419601679740374 -0.17857705690267466903 0.16035941981242712862 0.45813435328126039803 -0.87429844493807784556 0.078661363623467692174 -0.8888756526904750821 -0.45134517160042730843
-5.9592285815272205696 -3.2267918771469132899 -3.4479586597468303566 -0.89041025636864612469 -0.0017509726298378155279 0.45515547832392339034 0.44963594495618353086 0.15192372163523995554 0.88019696648421130725 -0.070690114986816959819 0.98839067018021686817 -0.13448713969677369984
2.4495478459723836195 -2.7536626774448391686 -5.1319197861272058958 -0.99783622276643535454 -0.0022966618122030536993 0.065708430810833204361 0.031777735433427982403 0.85806190599844378575 0.51256213379942161534 -0.057559083260800163184 0.51354112865362544493 -0.85613226846987433571
-3.3814988458362726931 4.2676152691996165345 5.7405595637728517033 0.95146011117961948322 0.0023714551673256036371 -0.30776294941782039727 0.28503705454514605133 -0.38398221299514290195 0.87824343871125998273 -0.11609278345445361857 -0.92333744443932974644 -0.36601971166329605456
-4.4662653065741846348 -6.7636639727427017021 5.3492893608513405468 -0.97500044621523085375 -0.0038265087016204060374 -0.22216995231438788072 0.21439714304523199706 0.24648458872361311833 -0.94513449443763974944 0.05837803469011353108 -0.96913915685665275035 -0.23950219145719237046
-2.6465186270429748028 5.4771844976735337696 5.348464378270637809 0.99933867058976832976 0.0033001364715522481588 -0.036212298506454701497 -0.03136049214112220096 0.58228508314487048558 -0.81237959198867937261 0.018404917726473832285 0.81297797697502349745 0.58200349479824231569
2.1190806631222502965 0.30735927894123804549 0.80122260626493913005 0.76889426635293900425 0.0062077857250550615154 -0.63934581453691030628 0.59566568319756696415 0.35642066484522461067 0.71982407818294769086 0.23234457392039922774 -0.93430496791334005646 0.27035204068414581124
-0.66034455716859574714 4.217271837158556913 -7.416386606356160982 0.97761444025771271349 -0.0035571996003349779479 -0.21037431528247976797 0.14946994339197949841 0.7154453648256127174 0.68249297869785108261 0.14808356499613939405 -0.69865962834593930975 0.69996141429190950056
-4.7086329002968909663 -0.19277629981789259905 7.2129800813134421489 -0.72081091494302240719 0.0042185202976353511697 0.69311891402949310503 -0.366840247068962233 -0.85077178776988782172 -0.37631847983481925279 0.58809851048048100708 -0.52551838143052376218 0.61479311377838419261
0.66132273200940971947 -2.8345285448007859763 -0.47159205510723856136 0.93005050495017949075 -0.00035861641383378231596 -0.36743153054179261696 0.12115980406850374029 -0.9437692780071880172 0.30760340012434328472 -0.34688090192471687789 -0.33060462985899191635 -0.87770964367253190286
-5.5534892166442331174 1.1055811293005697316 -5.5877992347475853308 0.85158370261107418919 0.01120354527043436986 -0.52409892007205483022 -0.16833316290026842377 -0.94098051375490210368 -0.29363177450942323787 -0.49645658794634345279 0.33827526262925156075 -0.79943774177709159279
-4.696700185275335393 4.3370707369137884157 5.1834155577224141354 -0.86158301380605650799 -0.004101039814699061585 0.50760012982001523341 0.48704314502366935491 0.27512193932541423314 0.82891307951271775423 -0.14305133765987032568 0.96140059287176260483 -0.23504300631902341756
-4.9885311324916550291 1.3958621695136230745 5.9662434406487170335 0.91767211399787318449 -0.0054894308109538023782 -0.39730058814469831896 -0.33613127263101821862 -0.54392543533761106289 -0.76886987738660339531 -0.21188123737189940021 0.83911559808076574551 -0.50099037346789143665
5.2561248518778782568 -1.3894263547611891418 2.6703399516366448374 0.97149129959084934427 -0.0059577681331134287046 0.23700033716913312953 0.21965436644942845645 -0.35351260277347024141 -0.90927487537045259547 0.089199854927568336671 0.9354107892680854075 -0.34212576810540196171
2.2841386415169266932 5.4119027709109950308 -1.6858541325844300651 -0.35578654004484167039 0.0025970005988543596806 -0.93456363802094655213 0.92566907744804038938 -0.13668530352845736919 -0.35278022458165897435 -0.12865728498406342473 -0.9906111161233617235 0.046226828068880766731
-4.3891343002945077956 4.4237323957001386532 -2.3486320497196144785 0.96282990455541217489 -0.0046640478140042695293 0.27006817945070477061 -0.25873978393128460596 0.27109770583243225639 0.9271244566418984645 -0.077539016662723073137 -0.96254053449717602575 0.2598142035082700585
-0.25133627350028808767 -2.2241266312050997911 5.4480570097327900569 0.96476188081724867374 -0.0043008601486483472032 0.26308936870159549404 0.23195646816550608005 0.48593578425364525319 -0.84265212897017727212 -0.12422040974814038683 0.8739839335958788924 0.46980993350313798862
0.27932909615021367378 1.4389513061003651462 -3.177443417273367654 -0.97677993087631531655 -0.0093525853098150452114 -0.21404087409941013886 -0.085302143630750060233 -0.89946772929107932093 0.42858062048584216752 -0.19653119581689365569 0.43688709423832672307 0.87778423086691292898
-7.3459753075065616912 6.8057555979908519461 -1.6253977567923565406 0.22461756545250755046 0.0020100859237220723534 0.97444492345374678077 -0.63127918382907266537 -0.76148036907479665913 0.14708582385091345524 0.7423163350987356246 -0.64818485563023109375 -0.16977294124005828935
3.2606090930149056462 6.1588522369368536857 6.3941141029384631622 -0.99760594930232915356 0.0072058735370911942281 0.068778232771112612909 0.034860526652381380874 -0.80654627818502278025 0.59014222423700013476 0.059725317898442167874 0.59112703924996157223 0.80436416495860252329
-5.5868776409245395342 7.1684331869077873023 2.1264036076217349702 0.99735456675655631553 -0.0092543270742881933444 -0.072098721210592187081 -0.020267135457987819902 0.91712763548967657368 -0.39807806199461492902 0.069807674292495611179 0.39848620760510244931 0.91451387685382967696
1.5425149158710529385 -3.9801423102606348081 -7.3796590868396725327 0.88703037180178878618 -0.00028267844974596504498 -0.46171099141578503255 0.20783828750581131994 -0.8927093634964807789 0.39984151681945667711 -0.41228675184616819793 -0.4506327911046649759 -0.79180156720825112249
-2.6106417565132131742 2.0977374767250274168 5.8451719438492544256 -0.99078679178013040474 -0.00369164444373350914 -0.13538059312682129698 -0.010343395436138299107 -0.99464608727963410573 0.10282108358606617537 -0.13503535612906936159 0.10327406654269961905 0.98544402163427180508
-2.6667483280266877088 -2.8963669965582052868 3.9901730541489208726 0.98255212051589857492 -0.00078785184897996012043 -0.18598577837892871223 -0.059223422219284359291 0.94661354790096541301 -0.31688385441847277679 0.17630631506106508866 0.32236961739578323671 0.93005048951637825372
-4.1702029082820537553 -7.1852317722866407834 7.449872053576187092 0.99997986045604159155 -0.0029090903782630038454 0.0056405563185156397735 -0.0037726115949229246591 -0.98715820329064518646 0.15970112422147159092 0.0051035364371045119705 -0.15971918754194960877 -0.98714929724276057055
-2.2941881942666833005 -4.5508769290137438546 2.4307418449661057913 0.9515976486635694398 -0.0025239487394240435122 -0.30733620798863592327 0.15527335624397364811 0.86691760806888784607 0.47364970775967202288 0.26523970271965552348 -0.49844507270395149723 0.82534865941508583909
-5.323353282849606849 -1.4292851680042368834 1.9748551898127308935 -0.90518912764494019463 -0.0081245142684372492065 0.42493133028903279369 0.34694909317694311301 0.56334966071335368376 0.74984230776732596624 -0.24547702527330786393 0.82617864414543107365 -0.50711919508231784182
-7.1196463251479098489 -5.4975917955758824007 -0.95753686447550090399 -0.87632389619414408077 0.0099915322227676454936 0.48161872704750297025 0.31481017928510279802 -0.74487717123804564334 0.58826231460708577892 0.36462443689022483451 0.66712680132963575463 0.64960822883499758085
-3.7297816017033196268 -3.0951221136294448932 -0.32993914371658283891 0.76012207026734301962 -0.0045161250105307240363 -0.64976460576686445592 0.62763594307506631598 -0.25373066039498370916 0.73599855634082722577 -0.1681890640105368484 -0.96726436747680188954 -0.1900317924897662325
-1.3474323153185805424 3.7797118926649191373 6.8587435955101625495 0.96461156745212617292 -0.002147978090832007754 -0.26366628553512549971 0.20219139001595751171 -0.6358147600663240917 0.74488806721896194674 -0.16924291932359525337 -0.77183869886908029745 -0.6128799696408145925
2.1941699965181702403 2.0502479003718732109 3.7799079860221560523 -0.99568527720602195696 0.010512969509371172458 -0.092197105308150839598 0.011009413195366284793 0.99992749814698567157 -0.0048776295984377876849 0.092139142475955435052 -0.0058716200065921948098 -0.99572882980371368866
-2.6417622466844150608 4.844647154175574677 0.18201447994848382606 -0.73996167161768600096 0.015470317270007865815 -0.67247111002645709732 0.61387581581560601851 0.42422276724493401812 -0.66572631501814594213 0.27497855787939190497 -0.90542570818078849104 -0.32340544162388468186
5.1369487106849884839 4.0933921088970430802 -0.35225231441669624388 0.96847858048407475806 0.00054277348532956980198 0.24909625557295261844 0.15409910302950288741 0.78437409205125341316 -0.60084170141922377262 -0.19571077024286770429 0.62028782763795964339 0.75956586633106826234
2.873638141293058279 -5.7412443332741371904 6.4481010673495342544 -0.96595561486061054524 0.0016781668843266553393 -0.25870240407715550113 0.14378515776540587434 0.83479307086128429205 -0.53145682538514738003 0.21507110109391777697 -0.55056127052123182697 -0.80661434953525701363
-0.92871687508003730738 4.8311611357511488052 6.1175908774302580895 -0.99975095600884422709 -0.0067116176989251508447 -0.02128333026488638674 -0.019104437583787572258 0.75033020667972150086 0.66078710747759461519 0.011534575150678608516 0.66102914847369631524 -0.75027156313185250358
4.7800503394340934094 -5.9749641615357846902 5.0843838071050981853 0.76377624976024849346 -0.005650858834544547106 -0.64545635646155830045 -0.37175019738997727714 -0.82132049298163956053 -0.43270594928757249997 -0.52768137265083148169 0.57043905511700720989 -0.62940579386799033745
0.20495380539118437935 -7.3908945080796959459 -3.5463175578527152965 0.9470259650278202157 0.0067942497987325822795 0.32108512848282999563 -0.091240575841744511743 0.96427208386770824067 0.24870566055737922118 -0.30792365755696166074 -0.264826710214278227 0.91381061203834379469
3.0934278638256182958 0.80072212160241429402 -6.4534823858775727246 0.54089596407608409034 0.00018132830226689090197 -0.84108948582557574447 0.69362879748823402792 0.56550496488796486716 0.44618743368932950455 0.47572118655919343189 -0.82474487073714519703 0.30575357864056024182
-5.4962027942692524007 5.6116292462559744791 -6.2639398260714482802 0.96276810352803277038 -0.0018207883316051307748 0.27032251766880238675 -0.093953625931221251832 0.93538516791362935621 0.34092125750931329131 -0.25347641902811518522 -0.35362589325048182642 0.90038793451465493067
0.21539147237754810438 0.043247585498253679481 0.05791204490174094166 0.81654898124257624392 -0.0037543257736944320689 0.57726394852743723174 0.44663503317565472761 -0.62943754873346047241 -0.63586596023435271174 0.36573885269644140772 0.77704200483787677634 -0.51228977575765233254
1.3246658059937508334 5.720246318138055841 -0.70606897938928003811 0.27071553144867843699 -0.001965072074617500112 0.96265738428789471293 -0.26387608084590408186 -0.96184737012288601399 0.072242996512341214888 0.92578751071161757835 -0.27357955895751717712 -0.26090555749299426669
-2.7884352868941157944 2.1796697523071801861 2.0669340061851402268 -0.97762594682350134612 0.0085585695953245676665 0.21017673273707990211 -0.05089082940164380009 0.95986617937607321416 -0.27580254018550831585 -0.20410201268087202475 -0.28032778773511479731 -0.93795452973117376949
-2.9175744649036596812 -6.7170785127191416919 -5.7158524162364230392 -0.98858006180366908566 -0.010417190616062298181 -0.15033610193156565771 0.067727814094941427014 0.86046477434689683239 -0.50498843086374978206 0.13461948076796120821 -0.50940342975674568482 -0.84993278625416257555
-2.9392762954821285426 -7.1873227590492954064 -0.6962305391871085325 -0.98425542376066965655 -0.0010963510505045369336 0.17674857513433003819 -0.060153186695927556016 -0.93821191589161412328 -0.34079318509785855307 0.16620124827441071225 -0.34605953085157631355 0.923374217843879741
4.3487431085992076518 7.3517897884341518733 2.7227687418802548613 -0.98380459746066295512 -0.0041192009498004179477 -0.179196948073365947 -0.13608289612247553846 -0.63351674661679469036 0.76166789162925196965 -0.1166617306497797768 0.77371801319324828849 0.62269613509491250625
-5.7148778526558023927 -2.6932039806870524679 -5.0289624660615697138 0.77725564826355686421 0.00020188127249612733416 -0.62918488259517157957 0.62355609000070832959 -0.13371025638423714166 0.77025928748732874762 -0.083972971039785473946 -0.99102044710564984875 -0.10405293630232803626
-3.7532413609450037129 -5.4824110181469567493 2.2936137994894263414 0.9672835680139548753 0.0058157942607939671492 -0.25363098309785953033 0.24634456151637940113 0.2174189450156457093 0.94448047060776008088 0.060637084868828787509 -0.97606105284726685234 0.20887308360147982533
3.4292506176551991182 4.3990387023872230543 -4.4381761936935744117 0.99372596475973673513 0.0038422954684429514415 0.11177631112049317419 -0.0016872168203705094347 0.99981098963539793978 -0.0193684873873750385 -0.11182960369043383475 0.019058377942703239732 0.9935446230385124311
-5.8635387324436827328 -6.2817334969951588164 2.725499368340430717 -0.99016515832204254899 0.0054126261502838481088 0.13979865064852367573 0.084891382915887575455 0.81751498611355977175 0.56961627486092702988 -0.11120437199868936362 0.57588188976378429373 -0.80993434097486938228
-4.9338272425766511731 -4.1658964711656132351 6.1291240174271788277 0.83442605256532953462 -0.0056838538529845016034 -0.55109060652999264374 -0.1959478038461072158 -0.93766924418175112699 -0.28702063807937772122 -0.51510932914105744818 0.34748249210716625202 -0.78352938471440314316
-5.4656690700322547727 3.4700811724398228364 2.8056403702982026793 0.67680733260779868399 0.00061698626064814708625 -0.73615993768764409477 0.57684645067522177797 -0.62172481162794102083 0.52981735621775338796 -0.45736200855748221361 -0.78323551881547526232 -0.42114381770857411968
0.83095365286297306895 6.8622837961892200198 -6.429419225145632133 0.76157329970361520299 -0.0022925230846517373126 -0.64807472834270130058 -0.039919975847940533664 -0.99826077511103061823 -0.043379953930785877803 -0.64684813109960115352 0.058908142159151445638 -0.76034026993218395418
-6.7154766034004538255 -0.68969670111267533663 7.362657011148912467 0.99991914875055254441 0.0085462977849839125155 0.0094157716660938518133 -0.012582122939242799259 0.77211753639503788449 0.63535517639638972032 -0.0018401478853751155468 -0.63542227753330648987 0.77216264029689174464
-1.246331056818257732 7.3275084382023880636 -5.9829194379728320996 -0.94297420170167878251 0.0014223709632041640558 0.33286278221804843636 -0.15160436078771560853 0.88841706919739060755 -0.43327961981725521268 -0.2963372617732165093 -0.45903495293892121465 -0.83753873896392228016
-6.2135697624292820507 3.1866955122754214713 2.0230805739193047366 -0.81629227630385181591 -0.0081970646660582541232 0.57758092747022393709 -0.32373021320876965712 0.83460572521018128178 -0.44568153708915064781 -0.47839906845887547604 -0.5507867932124600463 -0.68393584474003932261
5.202187344886300302 -5.8654993966433179864 2.2870923414056356648 0.99591599162980470883 -0.0038304753134041236856 0.090203464871281086035 0.083157540318314029926 0.42799148678504855825 -0.89994894895637012056 -0.035159082811106558142 0.90377464818306063599 0.42656209887588608654
6.264140967143141836 1.9971918334672624784 -3.7330349359779346763 -0.3019516694998656825 -0.0082873863003677297051 -0.95328721197475196902 0.10711788952834892796 0.99333478095270910657 -0.042564899772109129894 0.94728609565917609725 -0.11496665680947129595 -0.29905136815070199052
-6.2401932353801941034 -3.6855822834036371383 -5.8318177843167235963 0.25975650644746800522 0.010923893078725524855 0.96561235799782274558 -0.5464961412583928535 0.8260690203443222801 0.13766604961646855543 -0.79615860539716887256 -0.56346307970209785765 0.22054666822417207106
-6.1131667179118647226 7.1631467723823938343 5.9710389268406727226 -0.72472158900071359522 0.0049668882032946008037 -0.68902390993194195801 -0.68722239884938496335 -0.077830864511267749961 0.72226569283683017542 -0.050039913629525541172 0.99695420484143637552 0.059819064627798755607
5.387976529247694657 -3.7816052337355250401 6.8455921763106957201 0.95523368253641682823 0.0051851326707294462248 -0.29580690686165489467 -0.2883271485253818267 0.24038913803449635243 -0.92686596535755705339 0.066302844366755292471 0.97066275127573553583 0.23112281608404874889
6.8290769915074438501 3.5622462633013638467 -5.0373946405449325781 0.99817360000843813328 0.013907656982163729698 0.058788105289202072234 0.005315762068049527736 -0.98958501220101424689 0.14385147305812071017 0.060176464833596225723 -0.14327623914885018186 -0.98785156393851158985
6.4034569596257444601 -3.6186786892962801154 -5.741268338093698631 0.95949902020181121465 0.00069244690637888274554 0.28171111222188599532 0.047021849064877899171 -0.98636203154435364571 -0.15773042965204536747 0.27775992501172086513 0.16458877010594630264 -0.946445962964886367
-1.8214991884992208782 6.5022451170930306574 -5.2648978038445992667 0.97763315146007911949 0.0013929392274307722879 -0.2103128167431043416 -0.11292892460654987974 0.84707531499319288493 -0.51933656593415489233 0.17742739121484057963 0.53147104384847176917 0.82828621285000847418
-0.083715783039986071956 4.0402522886303788852 -6.4458215403047525172 0.88333416089787930581 -0.0091556668137897333215 -0.46865438646839707726 -0.37024397806951697687 -0.62679271512946355127 -0.68560213605545616833 -0.28747201062724209164 0.77913225194816304597 -0.55705724757876684539
-0.18262668544035981499 -2.4101262164219146023 -6.0484986492362011745 0.85152539914361580209 0.010242631522282975853 -0.52421329925198356658 -0.051709665193073690859 -0.99329432158107267004 -0.10340455135265953779 -0.52175722816156211437 0.1151584960579652428 -0.84528570060475638481
-5.1649371525104372793 2.0054630392011909557 0.16816031315265408952 -0.94289059660077201297 -0.011681740423930617526 0.33289767163880396028 -0.30318777902489985054 -0.38383152007902687775 -0.87221014374045291451 0.13796555183023317959 -0.92332924849930353428 0.35836937002718793899
3.1367101879846659429 -1.363750951644405518 -1.9693366130623737309 0.73465789240888801359 0.019929791948396818196 -0.67814495833434440542 0.30309098179453936028 -0.90391494750159973037 0.30178406922499489973 -0.60697087069834965156 -0.42724766947999998079 -0.67010879045699456302
-2.4521318276552599436 5.8439549546811022651 1.8255509174934001493 -0.3889157215694326597 -0.0091721093403783014036 -0.92122767757299162117 -0.7451646615002021079 0.59112859672140705136 0.30870148912725903223 0.54173258049284811477 0.80652517291669223454 -0.23673393648606058659
6.548829548046375848 4.9062256927344520818 -5.537567279505777762 -0.97704881347087324528 0.0024366393195828228713 0.21300159361792866952 -0.10652733707585648748 0.86032654010207620932 -0.4984878843577832952 -0.1844655592528977317 -0.50973748850248323805 -0.84032145650626277611
4.9235380306173146536 0.63652641393206177423 6.1351157588588396408 -0.68566368874702865455 0.012212386447503940576 0.72781602314804272336 0.72621072848326362337 0.079925830341857156958 0.68281025144612084166 -0.049832557325345243349 0.99672600009300926782 -0.063671005716973802513
-6.8670147834387602614 -1.4935638346887110117 1.7718589848514041396 0.70389597590776509239 0.0071889007653732090591 -0.71026669273354769985 -0.28201361009150099912 0.92058590181320076873 -0.27016646924830306498 0.6519193039204179696 0.39047396467457046176 0.65002407962118624596
-4.9044767850396402409 4.7364576765660038049 -1.1935632558784914359 0.83738255390504512388 0.013105488900392250548 0.54646015826961880091 -0.52978963896230113484 -0.22668670134611293432 0.81727356367431225337 0.13458602031250738174 -0.97387955394564995615 -0.18288033667652064951
-4.0806206744576893897 5.5350413002566787313 -0.042550171068781672545 0.61463915090686438436 0.0067049671410304937519 0.7887799170796888637 -0.72362864986557318137 -0.39322988131943559242 0.56721410202078426099 0.31397498509644067299 -0.91941574048586660606 -0.23684257404577224726
-1.2404334296255528081 -6.2527453593308903734 -4.048486156172971917 0.93615268451956401563 0.0095924514720209259205 0.35146285172342267566 -0.34308234096308931615 -0.19369679657103194836 0.91911699925386169951 0.076893813705016064719 -0.98101454416999656072 -0.1780387753861993605
0.31170200477315235243 5.7432467129062718669 -3.279826267828242603 0.98794063013194377554 0.0015309302755702226817 0.15482560378373885768 -0.04184247434848023528 0.96538510479255801311 0.25745059095857708575 -0.14907219282920500247 -0.26082418541425467229 0.95380722665968753482
-2.6306621619281371771 6.9040650593102990129 7.1350424694380754076 0.96551331908603654774 -0.012599494659635742874 0.26004861738119455783 0.096084684838621911562 0.94556281780409667803 -0.31093197154016222195 -0.24197471770206926966 0.32519564929551214583 0.91416411309579603817
-3.0133517986981428471 5.3021105240347043974 -3.6316235923861466262 0.71110674645054838816 0.0065082253897252792529 0.70305393687457373719 -0.65120943228786942747 0.38306790133946283516 0.65512232312961282688 -0.2650537123901695602 -0.92369725882758457747 0.27664038675229779551
4.8743060071975756742 0.94124316441945177214 1.6884310684289991489 0.99504567570135993293 -0.004363111124288871108 -0.099323041280311191725 -0.08495892644344991973 -0.55617673109501541973 -0.82671000030603047914 -0.051634136822868804961 0.83105258982193597195 -0.55379193643888946497
-7.3135531430552909171 -2.4190397524198270496 -1.733713470344286689 0.72719298082529593152 -0.002713974119986867304 -0.6864277114036710925 0.66376879814625711074 0.2576208490872553547 0.70216983752008532704 0.17493241908197171286 -0.96624227420462382998 0.18914152451028040658
-0.67252208902991506001 -3.3684922501190079913 -1.2264668128156452909 0.99557879810114491281 0.0076472538929451628134 -0.093618247576750274197 -0.023610369807607119175 -0.9443063656709103082 -0.32821949696971358668 -0.090914284955607729821 0.32897873375248903871 -0.93995084208140589066
3.5114980038756407055 0.35003329727285931172 3.8387101178535361079 0.54664011014820623746 -0.0029287581427908421401 -0.83736253340651622956 0.83605538784149402431 -0.054053334111293240005 0.54597584702320567374 -0.046861267998210900942 -0.99853375478607953042 -0.027099116487501930667
-1.7390527797288550804 3.9449233349446704011 2.4693860897374415586 0.99883649319695733126 -0.010099054748513630955 0.047155794461837700904 -0.047608358357437180475 -0.36237881044655934071 0.93081418229086310134 0.007687917315108113922 -0.9319761836187542281 -0.36243797965280016848
6.342591067527191484 -3.9093894752179210172 1.4649845099999665443 0.62577542549194242749 0.0082487111784305278822 -0.77995966281231643435 -0.23198348488430886594 -0.95272718928361588286 -0.19620031993067774123 -0.74470717707790079487 0.30371509933464663211 -0.59427969748658060478
5.0626175123924381793 -3.4848771361675701108 5.7611173807131059732 0.89952687933876573911 0.0059768480707420700709 -0.43682453071498628105 -0.23568626287217495086 0.84854999944577524928 -0.47372448103724046353 0.36783607604554652282 0.52908144526884004488 0.7647021939498525045
3.4678152445262293568 1.084963954253111762 -4.85242094452304773 0.96888806220877421449 -0.010943901234660165234 -0.24725726265375458368 -0.14207464000775238411 -0.8426191887775290601 -0.51943016794430907357 -0.20265912162034827038 0.53839867545314168407 -0.81795852382268818825
4.5807496627080741547 1.3092159360689592518 -4.2622605208913295627 -0.90969386171102128991 0.0058105387874416783434 0.4152388657197949029 0.0046210415165384068764 0.99998183692856623672 -0.0038693395068060223475 -0.41525380665389866053 -0.0016010783604733782801 -0.90970418961744359265
-4.9569814703434174064 3.6253801031560728418 -4.5585151708915656599 0.99985813668803957821 0.0033015115155789398135 0.016516855647164568888 -0.01583237305586202015 0.51886891426499215374 0.85470719300406627905 -0.0057482573165256890119 -0.85484744243123511609 0.51884757656426938599
-1.3043314953666305112 -5.4225876517778823782 7.2135149702893874846 0.53565917161898268795 -0.0079985067087351632842 0.844396397286805378 0.81456615244292829292 -0.2587035574559042872 -0.5191863371219898049 0.22260106728158915446 0.96592364773323835525 -0.13206162044665933908
5.9298160036018705554 -0.23353847564043259122 3.9828438440616373839 -0.14970864503062719653 -0.0016447146547085601809 0.98872878815018061527 0.65680576115055211428 -0.74763736161658100876 0.098206759617819605612 0.73904906043015050621 0.66410516518760165372 0.11300803444261094122
