1125 14.717824617146108679 14.977075390850430381 15.033177056927090831
4.9813637327958995016 4.1490040266909806732 0.68906266159688989159 0.75524756850036056655 -0.0089335726918590464829 -0.65537874664444384365 0.46215418885394382587 -0.70177807490785593103 0.5421448508502519914 -0.46477372559018492737 -0.71233961342724327892 -0.52588749665999756644
-0.57503692538813677704 1.8796337628395589636 -3.3127385411509759905 -0.89965746032832172308 0.0012344953523000679746 -0.43659469774244819007 0.18730765880518063238 0.90438375413749849674 -0.38341344030315627212 0.39437582967081857843 -0.42671829263976374103 -0.81386682184384717686
-1.2576353759410481281 6.7713851997045999553 -4.664702831581744924 0.96659070189548768059 -0.00032636846415754231995 0.25632461546387236284 -0.17975504354026050624 -0.71375008433631492721 0.67694086996702018677 0.18273078375279999674 -0.70040039305637780132 -0.68996286137413709305
0.27250328051145022989 2.3987316764829134108 7.1657465071568537951 -0.7801022224895308721 0.0031532246229650146875 -0.62564413178849775932 -0.46362004052027416812 -0.67438901372250614763 0.57467896794502315583 -0.42011543710613047375 0.73836949784288585796 0.52755426655497805744
-2.4192516644266235382 -2.4305901750419578455 -2.163659214215151394 -0.97941865892719037756 -0.0062225069288407014456 -0.20174332938868688725 -0.1879081465171558718 -0.33678841627233180311 0.92263974070996146448 -0.073685948577698515138 0.94155979261663724778 0.32868759926400437088
-4.8024564561735587631 -5.97502752530324166 -1.1798733502581191246 -0.96354220701121506831 -0.0055066921394000441226 0.26749970401794637143 0.23751393759421299268 -0.47789930652172596393 0.84569461525688816028 0.12318094315474788225 0.87839736404872059694 0.46178406866825583155
-6.5399622396481600362 2.1327127587072305381 -0.91629289864863183723 0.7222475534162030586 0.0035660577882447954713 -0.69162544402018599765 -0.29644658325936201759 -0.90187799796869982938 -0.31422205532688896046 -0.62488230480479289852 0.43197611046436806825 -0.65032203186579673471
-4.7295956317476282038 -5.6911119642728245083 6.0310842307476475455 -0.99010298581077393898 0.011661286404484532547 0.13985739840331878892 0.1353780191290074042 -0.18335728718459046171 0.9736800794783984081 0.036998235437069745823 0.98297717147222085643 0.17996391565768815601
-1.7775094160058391157 3.886599976539442558 3.1860557678612466681 0.99591694594548940689 0.005248820708301110867 0.09012151052803923923 -0.061645084071719848107 -0.68976725679770900523 0.72140211744882198897 0.065949377468467185182 -0.72401214170134087222 -0.68662733580925361387
-1.8761251050046108269 6.0315846974616276199 -1.3774750929847523473 -0.96867694608163601444 0.0094483206305677157333 0.2481445211307204135 -0.028469786772436788541 -0.99691241251952400493 -0.073178637632118875844 0.24668693798223448321 -0.077951080825232665905 0.96595506294406197068
-4.3124684554859813446 5.3568416575179309547 -5.0653493237411550965 -0.99627586973041692975 0.00763054401377414801 0.085884609744441217649 -0.065565244737282812881 0.57984416711756814333 -0.8120849343155784883 -0.055996339839696922247 -0.81469166968724204825 -0.57718445341742430355
-6.1099638815133188174 1.0467589312172516092 2.1484540853291531626 0.97048558503781101603 -0.0068424097549552049397 0.24106204732923347533 0.15968102774701251056 0.76731117370396262345 -0.62107610812733027306 -0.18071994525087917149 0.64123844561727250113 0.74575703634005974241
-2.5855271587868813299 6.8194691452899531825 1.4456224760653206829 -0.98577733001153344805 -0.0045937764198442374367 0.16799390719172502262 0.15428799899240064342 0.37152942732626886846 0.91551138605572590645 -0.066620334750585624706 0.9284098135246654504 -0.36553652231875538581
-2.5679376085433700538 6.898625052065741059 7.50284149244905052 0.59342789679087060151 -0.0094732812789595881309 -0.80483140361960792131 0.14929251471933774331 -0.98128399940997967921 0.12162835833348281667 -0.7909203982445727199 -0.19233296504736094312 -0.58090700993956068121
7.0968082824940559306 -2.8949070500740647915 -4.3843944216365056121 0.71860193154775742208 0.0037685687686209935927 -0.69541143351635681391 0.57821332977045669654 0.55234281060726742041 0.6004887716237362616 0.38636848894745284833 -0.83360855169551106858 0.39473557388275637425
-4.4028741250045149158 7.4206483506672746842 -7.4336201396805883235 0.97851036850215855623 0.0054132307621627779801 -0.2061265525509347607 -0.20576575285897144574 0.090299975246350652758 -0.97442617443334944571 0.013338428850051407132 0.99589990029270880623 0.089473319557246661082
-1.1028046559738082788 -0.42660303225118451076 -7.4029698279412707862 -0.99931185235404651479 -0.0047117938179445963132 0.036791585229569094551 -0.036173084206850440736 -0.095629677899217946369 -0.99475950494773213162 0.0082054691306504834447 -0.99540582864676518948 0.095393430446940347123
-5.9919381263051043618 -0.59585393853508994422 5.7812652087364364561 -0.85957317875712113686 -0.0067853234586859635658 -0.51096762103577109126 0.011744690592997521217 -0.99991003646771459135 -0.0064792911786270895522 -0.51087768849728076859 -0.011570581526542930706 0.85957554004227698652
0.68947103951730459581 -5.385721969503388884 4.4610368549532539717 0.99637375356445245789 0.0042813898947443185944 0.084976543282694078085 0.072186075894437845557 -0.5712115653426890205 -0.81762247893861583758 0.045039023686883068731 0.82079170154146374738 -0.5694492681758471786
6.9162521301601378454 3.8168473022040143583 7.0084541606361563382 0.94752563210035567476 0.012749719733786444437 0.31942545477685402311 -0.27409362540729947932 0.54664141026283397107 0.79123691338106882931 -0.16452313218452932486 -0.83726973743995658506 0.52145136469635600118
6.3356943322843850552 -6.4028111736615764826 -3.7425015617000956247 -0.98500688631504318415 -0.0041490052094347211822 -0.17246512594658297557 0.091678836603701227559 0.83427097233003733034 -0.54367907412959659563 0.14613837562731180064 -0.55133903406451978402 -0.82138227682715170275
7.2051255123139421599 -6.5177361106967559579 2.3134801408205563078 -0.9995689203544068091 -0.0012895968073699526357 0.029331048417731781647 -0.016003586168157803854 0.86149923697152519519 -0.50750660087062393622 -0.024614196939238833922 -0.50775722706573889198 -0.86114850035951540086
2.8371905717828314053 -1.5676344951462890531 -2.2312267591357684005 -0.55571168300799844708 0.0045926116245511043254 0.83136239588218741048 -0.75630214555425190337 -0.41805172956409836216 -0.50322938709751363628 0.34524135036010211719 -0.90841161338183207263 0.23578963224578244895
-2.4640142096655908155 7.13384865742455343 -1.3490321000304996701 -0.96125818128544471275 0.008210430646362983434 -0.27552730852044898802 -0.25019237401417010469 -0.445536993798603842 0.85959325447682921606 -0.11569997794765989052 0.89522587986805768345 0.43033026748932812211
-3.6773938963713712624 -3.1943914143353913104 -5.2176765615090978656 -0.84280960773263624564 0.0018975461583546140987 0.53820847673746885498 0.37996337120115686314 -0.70613591863350055888 0.59749468697306484799 0.38118211088523229479 0.70807376998043325411 0.5944171385541066055
2.2336639525011818819 5.2502173989374663066 3.6029078407880259505 -0.97199612481850183876 -0.0031641695424665717586 0.23497557611122785182 0.23415129148333790887 0.071708106559609935404 0.96955202034252963017 -0.019917480623289220143 0.99742064119641260511 -0.06895910730915459641
-6.7257339934859956543 -6.1008691988846406318 4.8016064659559720695 0.95906832949278597589 -0.02034187098921128381 -0.28244317596416224081 -0.22336027861394427974 0.5587558025219143687 -0.79868776069603353296 0.17406356684142598734 0.82908272291293416689 0.53134142814737328475
6.9509224680636698679 -4.0578735399617773538 -3.3545822046132975913 -0.90970147223672104264 -0.0033470480709759248272 0.41524935722943095984 0.090131480140134681567 -0.97772092954409972609 0.18957346918582487771 0.40536347602865013817 0.2098823032097403285 0.88973584343977774047
-6.3422242474744257024 2.759778825517364087 4.1268932230049131249 0.98856734804253698634 -0.013904331819626410821 -0.15013749678541746246 -0.047475820834790606606 -0.97379509593755764207 -0.22241663059219862753 -0.14311060345200080079 0.22700171956308221044 -0.96332215509405516585
6.6004635859208047322 -7.2744721388963142772 -4.4162156527734035549 -0.89268850299754654021 0.0014707538656972634315 -0.45067180242274629265 -0.44014867271030044815 0.21201334579367039912 0.8725362382827409613 0.096831722731895067402 0.97726566402820747026 -0.18861452591021349301
-1.4242374276077567341 7.2377404930952211615 5.4857847846573708495 0.88215268700544779978 0.011642122277828131569 -0.4708196021809985532 0.31832208242664616904 -0.75151134372449301946 0.57784232459469198062 -0.34709896088659097924 -0.65961743552015850156 -0.66665369578898758807
-0.22849741851285979011 -7.3498824038978156636 -1.3613716621952982599 0.98977277163423760253 -0.00036340680307856906839 0.14265247445175635588 -0.12832269193086295878 -0.43909547459128189795 0.88922913297369077235 0.062314904054641587217 -0.89844033309341808646 -0.43465137823746213819
1.5802464456334073262 6.0614353883718949945 5.5687494863426643121 -0.99519500051616371916 0.0085284898091721114688 0.097540636707268812966 0.096345440795852207994 -0.092235332296209990299 0.99106518429113910074 0.017448982363614889968 0.99570071223130363069 0.090970460462156593762
3.8377281939812415423 -0.8528218779903222746 -3.9941183357037139956 0.76378377323970358947 -0.0021126982241124192541 -0.64546873219553424494 -0.085332832393527235926 0.99088696384790087013 -0.10421771726535562774 0.63980673289015543848 0.13467947647105077413 0.75664310157825609426
1.0263556818343646526 3.9548422276977635015 -5.8492992389182640878 0.95197801256587966101 0.0019402018413244204089 -0.30616025086209919248 -0.22631458608805840593 -0.66902606667665887041 -0.70794479320845893344 -0.20620274419831030599 0.74323640769545451512 -0.63645900933297072655
5.3875044040032289416 7.2524253098927600192 -2.5430666631532403699 -0.91092057004647775109 0.0044823583773745678815 0.41255741846361604352 -0.33613453407322091415 0.57177156062456280239 -0.74839218158948073167 -0.23924316096689576816 -0.82040062830557969331 -0.51933180049582028381
-0.41832627281641271422 -7.3473703885315400086 4.1389422126721635564 0.98446566593473616713 0.00067790407643581894383 0.17557588969366116904 -0.076885350202665361796 -0.89735225162346332617 0.43456596671894814898 0.15784801398773881664 -0.44131448758475810834 -0.88336036108026327884
6.6619422873543925334 6.8575515500801937918 -5.4766452432014371965 0.68402381610666396217 0.010221838663568554723 0.72938805379106863569 -0.44263566115075192453 -0.78896073836183056027 0.42616267410608799082 0.57981470357048925379 -0.61435858204950433148 -0.5351433846975939268
-3.8026830986545183677 4.4567730760065424889 -3.968653286269280045 -0.93646514292196747498 -0.0058758170947444563967 -0.35071143532195114823 0.15042144375202826101 -0.90997942349005878082 -0.38640760614201569156 -0.31686972930791479364 -0.4146117745532685861 0.85304785976517438773
1.9013306157340317259 2.7834208297810079102 2.4352784610343105598 -0.93160909014365478331 -0.0047407817780376303174 -0.36343091248545200678 0.19326148380023219775 -0.85330664408903822427 -0.4842703480832937224 -0.30782219224940404745 -0.52138785576724822057 0.79586443683410246219
6.3973406840022688513 0.03292101948945548584 4.3385311761303455569 0.99420922427139546418 0.0032144075722791453677 -0.10741362091334803741 0.088440024250934390349 0.54332527743373371099 0.83485088789069783477 0.061044086398691771445 -0.83951611687053473432 0.53989472032076457619
-0.37652795041314629509 7.1046677624644596349 -2.3025375963302789906 0.99976397573788899908 0.0050119657510926422447 -0.021139371230693468351 0.0048625191269937809851 0.89671965307133938428 0.44257227624802025767 0.021174246727037611404 -0.44257060905006562201 0.89648363469764968947
7.1838042316509760354 -4.3478810676851633588 -1.0848795363969385708 -0.99954056405126257001 0.010017906169511987813 0.028605984899717031011 0.0072145389045147560042 -0.83803410823633817106 0.54557014568320327808 0.029438261574049957164 0.54552587013675157834 0.83757681066701950012
-2.5301198073892705587 6.2457279448261413535 -2.29033894604042354 -0.82246116048197370763 0.0039156417867431689631 0.56880779464432806858 -0.5415372568346776827 -0.31137472650714953515 -0.78088614993008220733 0.17405470105313980422 -0.95027914185356066046 0.25821408481972046856
0.94210667373056444784 -4.1698179530184571462 0.5563981584295544236 0.29251142476670760617 0.0023201409430893358415 0.95625921345990305689 -0.71945006703281255689 -0.6582201441529703656 0.22167057287255156894 0.62994338430325214073 -0.75282193032426047985 -0.19086768661934150337
3.6276765875500105452 -1.8831609692954036639 4.5332678968574331435 -0.99671023506615252785 0.0059338106662949630793 0.080830051376118483564 0.069933033398294694449 0.567045347794904675 0.8207124614527894213 -0.040964352237192511175 0.82366520105877039093 -0.56559487127328800238
4.4079855359065991394 -2.4173545822120896531 1.1424914009313043017 -0.82022331790290192721 0.0099248425359099411158 -0.57195734654693197729 0.24696682161057512128 -0.89572458077610062066 -0.36970916193277270079 -0.51598555967380432818 -0.44449856343310245599 0.73224308075527066997
-6.1450601624469793904 2.9838760807666764308 0.49489267051423851962 -0.94521730369123313498 -0.0016448551667765775458 0.32643765599906632291 0.19238133451887473591 -0.81069031891492349118 0.55296530537303412167 0.26373029960817784279 0.58547288687782805816 0.76659495680541756002
0.67517566966351039159 -1.240736639870082314 5.4305269719342792456 0.68653557204064663555 0.0066857537544287642603 -0.72706547780751662469 -0.13787571723138475344 -0.98061798881695871888 -0.13920720745202319613 -0.71390419169572738589 0.19581537402710547102 -0.6723073288116584445
4.9990330264066225041 2.4636407460912121969 5.1093385822200252377 0.95097588162625290575 0.0061223026877795742179 -0.30920444688750770013 0.14791302653067886497 0.86903542124377641809 0.47212198975077512841 0.27160009047812710969 -0.49471199099426549362 0.82552615756174696493
-0.33563507998434621848 -1.0196568794219085241 -6.5117765605994968325 -0.76299188659921080014 -0.0081509439566475883066 0.64635666864059970749 -0.41229058894018733028 -0.76398956674706930414 -0.49632289104273991098 0.4978552513081974662 -0.6451771105783842275 0.57955728339019774165
-7.210397367271542457 -5.6370793279948880894 -4.3473521629762377216 -0.99260345405180083755 -0.011834257017807376169 0.12082356295630987397 0.053075357921448851339 -0.93738887367412304652 0.34421665545635449224 0.10918511522240541278 0.34808339499730728273 0.93108354122551839627
-5.3826283779304615607 -2.6008818949871170823 -3.4408095034620713726 -0.8277429967627856211 0.0036023416824076722603 0.56109585138780304625 0.2322279046550747017 -0.90811591352351939133 0.34841883976751630847 0.51079519536671325053 0.41870336843617722566 0.75085002340715856217
-3.0953578861387822663 -1.7435155408578444369 4.012143334658913929 -0.82176553760247994518 -0.0061980332982564086478 -0.56979205469362392833 -0.42865464732534536152 0.66555632629797845112 0.61097460655197166624 0.37544186571974025313 0.7463218882681895705 -0.5495880680625695458
-6.1972078073621128524 -1.8617488337374212826 -0.96652245121888880064 -0.86966624425001937126 0.00090987061569704295177 -0.49363933772294410485 -0.2309043346867132307 -0.88460466763685363656 0.40516388069282510687 -0.43630701556923112694 0.46634081327999155064 0.76952091201889827321
2.0917807328852129345 -3.4217684872214335634 6.3939833822656613194 -0.95836311850336330931 -0.0034448092466166919771 0.28553155058881429795 -0.26138774529363811849 0.4131537668053904544 -0.87234191208766398429 -0.11496338418262382064 -0.91065476348819529573 -0.39685176329902716041
-2.908003211915129782 6.0053934259795473949 4.2687708966201141081 0.96554869855005187596 -0.0080235275816165040064 0.26009869998403717384 -0.056478571277734611333 0.96923716628982903298 0.23956102869369327868 -0.25401945144941029398 -0.24599784244481162632 0.93539252712314979732
-2.0753053426203385001 -5.0272627481947695927 -3.0175871487624106315 0.40511038711033398041 0.0035301466648230161484 0.91426096510782206561 0.70626825307359430983 -0.63622316921419641567 -0.31049192204554176833 0.58057792668659025104 0.77149699741450006307 -0.26023384488695949779
3.9395927513477859705 3.4316764258990217762 6.2375154291190222366 0.94614791262184050336 0.0001355273826050182838 0.32373462754798509877 0.28010782112636978258 -0.50170244888435266972 -0.81843402991770219934 0.16230753520760959896 0.86504025017104235751 -0.47472268704903869407
-4.6267520165489317563 -2.6745980436182206219 0.62067111652469630911 0.54413651737370272166 -0.0028854733872618184773 0.8389917308910904703 0.72685808557729525425 0.50106952294579865104 -0.46968782888810528542 -0.41903791462249623256 0.86540222279476342049 0.27474755484012031159
3.514663435569747918 -0.44818825342372670129 6.0172379467340562087 0.99567429895769532511 0.00024324209076955795317 0.092911954173309829752 0.090104534670145397524 0.24144929497829542564 -0.96622120178882853203 -0.022668551495481616131 0.97041340612531579168 0.24038294029592771617
6.6444769071903566626 0.15114899843952805947 -2.1949406768671932966 -0.94919248309964199262 -0.0109565809215691045 0.31450529941727944916 -0.24591203127033103848 -0.59779414967262900493 -0.7630002801399443646 0.19636930234523894412 -0.80157476753682177506 0.56472735824000674931
-3.6318854918022172029 -0.61763279841825668992 1.9012551362108764952 0.99370005173631925643 0.011326852481548691648 0.11149847349695593546 0.11207231721910167199 -0.099953187827549958011 -0.98866028339183031903 -5.378132042190182649e-05 0.99492766704723401006 -0.10059291451982373122
-5.1413295960019729236 4.3529274510332580661 -5.3480970149078226328 -0.99564754057728144243 -0.0010047711966022546647 -0.093193161644660821308 -0.081199511749134853367 -0.4814541558034665103 0.87270185925738308352 -0.045745100657659486243 0.8764706990505964912 0.47927705919585894545
2.6821802006128878659 6.8015834184139025709 -5.0342402524271365749 0.99974042778916794028 -0.00056948432894018095884 -0.02277614391309155939 -0.02266244058331520761 0.077960862433708214003 -0.99669880992976778167 0.0023432521752249652752 0.99695625762424777694 0.077927720055562005319
6.2468465257980563266 0.68582164860559113873 -0.52288933704331508334 0.69906139153227864202 -0.0060285011055643831016 -0.71503624246850672197 0.6692878497247131131 -0.34650781666591773389 0.65725650031062243794 -0.25172791875354022517 -0.93802771289765563001 -0.2381954339532919851
-4.2537717208272036729 -2.8802106943336727163 5.2579025652812481084 0.9745020473163140684 -0.0059941942513561611433 0.22429852743982375829 0.13999779369835199661 0.79744009152856321077 -0.58693263513150961685 -0.17534645002390697455 0.60336835354375684126 0.77794617577687596999
-6.6848841085196628597 3.2504718793977342983 -1.8931759836414827625 0.95698854452121773217 -0.01695384315650319898 -0.28962992396762438085 0.19519299192142022803 0.77619552251301637824 0.59951664425235784428 0.21464533901307536468 -0.63026429220844637502 0.74611949472379912596
-1.9365874544270917923 -5.9484612668244869482 -3.4889428052152342552 0.99965780746673149615 0.0091673161099339924712 0.024499556857498196172 0.024671010241698397569 -0.64173972254233369039 -0.76652558324231900855 0.0086953564922495028833 0.76686771272913312192 -0.64174629095058721706
-2.4409315315390585077 -6.4906170023821498916 -4.527482206001719689 0.94820656865494168386 -0.0014090947194070899476 -0.31765125155055462525 -0.22386448599367217427 0.7064920949949725637 -0.6713818672115321462 0.22536413882949163368 0.70771953071940230107 0.6695849989119175838
-3.8316201329100794126 -0.36658549956685848592 -6.4021794423161644261 0.60759020896301374481 -0.0031197451367092603886 -0.79424454997339932749 0.57473128738070167199 -0.68847210947366854761 0.44236873960830680463 -0.54819529848216841383 -0.72525610763860670627 -0.41651589772160535485
5.8800033289714859208 -5.3585599479313028581 -4.9138722202142393058 0.97643774311298825452 -0.0014324730149455899841 -0.21579453618075553067 0.14661625334932890108 -0.72933878634390258977 0.668257891078200994 -0.15834458651366192794 -0.6841512133699323428 -0.71194389467597274379
0.55067089434493743383 -6.0008807759846023444 -6.6476520963749150539 0.96507780986248037358 -0.0030891235164866668456 -0.2619451817209375033 -0.2383428282198921111 -0.42530094168375748298 -0.8731046931720074511 -0.10870840421542819765 0.90504672051711232417 -0.41118477176829898445
2.1356847166848234032 7.1339158998975893411 2.0714144820481275033 0.99831086543901403907 -0.00073953030295405806915 0.058093623069320969587 -0.055613583285660496414 0.2771338815126636046 0.95922048616149990785 -0.016809083869088952551 -0.96083102823158605954 0.27662463716530533153
2.6922178136960508432 7.3195342435510646339 6.5739383415824459433 0.91598378738544483646 0.0028061192767518811086 -0.40120546723802158473 -0.15557487778669421008 -0.91925404956939249512 -0.36161920545245784808 -0.36982449709118320191 0.39365482093449549739 -0.84158524423046476848
-7.3184508083354558039 2.2661111621434866237 -6.3585146171511297553 -0.98647374175644497729 0.00032156840774746897615 0.16391904532053214183 0.052527854088922305842 0.947883963042900346 0.31425597392980342271 -0.15527517950343003306 0.31861558216686713951 -0.93507953107236041479
4.9122039964422867797 -2.9335430027503739403 -4.6357382478060218389 0.9835144433287108523 -0.010764555015954947736 -0.18050890315757087135 -0.14531226613317102525 -0.64117998221537497727 -0.75350685180538856667 -0.10762752935507080565 0.76731502967270481808 -0.63217399516529615422
4.4434892603071789452 -4.8438851739129775709 -5.4043398400764521838 0.92505985962144832158 -0.00015093397839238079788 -0.37982131764316284794 0.37273643567895226036 -0.19188544903160456578 0.90788078731032884061 -0.073019214146798530618 -0.98141731779554908233 -0.17744926795140136822
6.6081117487169542812 -0.072063085639939544746 7.0793791673580450663 0.99447028982476348702 0.0045621661771262315282 -0.10491915599987684804 0.088867010006713001435 -0.56891166730045594768 0.81758312686961609472 -0.055959781883199444241 -0.82238598081990943456 -0.56617117673224459651
-2.5966557560870624499 1.7537944677723527054 0.60550371911903799749 -0.89285166741801591517 -0.007612802751682658936 -0.45028651459163476778 0.41553445085717372054 -0.39941254926638891654 -0.81719075841526733761 -0.17362897263900631262 -0.91673969081892281441 0.35977954241110482458
-4.1166761422801725345 -2.3346644304321673147 2.7361465762056296214 -0.99333276059214314913 -0.00069404032702487759854 -0.11528028904520586095 -0.065653409260388373436 -0.81857013021816005249 0.57064224498989668533 -0.094761049945663061722 0.57440618052272962579 0.81306696107421694286
1.3726806884021414135 -0.66845172152141174582 -2.3417430973081083678 0.93619684742148701062 0.0086415294363149063039 -0.35136987185452184246 0.18652952359275026817 0.83508591671831355896 0.51753091552775432049 0.2978962901856042067 -0.55005166636213020936 0.7801929021888462934
2.6621428970812828219 6.3358943788366985927 -7.0227961015608988404 -0.7771826338822660496 0.0083030805216824689341 -0.62922032106877234803 0.59998242886021990738 -0.29174716474570011604 -0.7449192418791943382 -0.18975836911965543452 -0.95645943495619301089 0.22175912750629861447
-1.2468934897379155835 1.3936233501674764046 1.9133970645967730562 -0.99530805376376674243 -0.0026127136933311923862 0.096721516944791710579 0.056801799173714050128 0.79347220770193627182 0.6059500071913335173 -0.078329009463706675276 0.6086008785170758939 -0.78960087192500871822
-1.3165933172233390547 1.5936464763282924828 -0.42398798167456935859 -0.9987140848903844903 0.0054120406298874563361 -0.050407206406249911723 -0.027755068674970261033 -0.89041184394589589779 0.45430871037609033003 -0.042424436405264796812 0.45512356341657822512 0.88941706146143340028
3.0009784185779482257 2.0883094760178080307 -1.2668264293748454641 0.95209118801322567549 0.0039415562186500049252 -0.30578887135088922422 -0.29134354997869943427 -0.29225501298517053694 -0.91088195902150659311 -0.092958623017470529137 0.95633230182807094089 -0.27710507553470864472
6.996730113612483315 -1.8659304209856093504 -7.4431465864835786306 0.93164801533756025353 -0.0042271859488405049213 -0.36333745529009653374 0.13496103235854486901 -0.92437529977202959053 0.3568134315243307042 -0.33736848587625323237 -0.38146092338584774994 -0.86062190807995264663
1.1722034896161415141 5.3175844262718774402 6.4532256507820946467 -0.97551044588440993799 -0.0017667563019060437534 0.21994601279065556509 -0.08722049124757909333 -0.91488008461905168112 -0.39419159893892519175 0.20192066728511595675 -0.40372182172836590386 0.8923209819249966479
-5.8442978025480014637 -3.774559149159220528 5.2500124728686223818 0.8642989203580474511 -0.0018127335510369948623 0.50297523822253265013 0.033221243737178350608 0.99801563651485858397 -0.053489608675997800391 -0.50188019011757678545 0.062940474011825245371 0.86264405840344215992
2.4979243320798047989 -5.3952722373735282346 -3.0987304712897865144 0.9468583675382943321 0.002646976582442610304 -0.32163990010225407268 0.27714124809753548639 -0.51424790488439198199 0.8116291153752269727 -0.16325428149284759716 -0.85763750258309945362 -0.48765351812261426012
2.0745029805927526212 -4.3789916832078761288 -5.192413732478846633 0.95877086104367648112 -0.0066986009786156770762 -0.28410132832943696402 -0.23944327128497047696 -0.55747107343314894479 -0.79491692781180889327 -0.1530534411569680342 0.83016933876787335489 -0.53609095601371792306
-2.4976963604569730748 4.7618517517793597094 -5.6938438047293695732 0.9775510188946294754 0.00033024297602195998996 0.2106985913516300768 0.0065952179151139702848 -0.99955671598270134925 -0.029032303295711985036 0.21059560431939325365 0.029770160791945887713 -0.97711986417625862344
2.1491564569653878181 -2.9957178080486865923 1.685409858542654904 0.86810458752367536395 0.0015634057147360480404 -0.49637886828786254023 0.02388211340212266498 -0.99896852047637485494 0.038620457749573906814 -0.49580648420494288775 -0.045381172967535798879 -0.8672464928499050707
6.2455566988405806228 7.1651594619924123819 0.21718358218280064964 -0.97691612358228763213 -0.0014763352823832769783 0.21361813574434518337 0.1069196574396588939 -0.86909165465648186011 0.48295743358953685531 0.18494073195962990042 0.494648881774236715 0.84918749956740269269
0.044766773892677372282 4.1796922842018791044 1.4809892542389200276 -0.91403965643265194796 0.0030573956308744335009 -0.40561331191235089344 0.30368067313416835518 0.66807781018511003257 -0.67930117643281584527 0.26890436075542450967 -0.74408513751469096409 -0.61157808405511837613
1.0405073265745441446 -7.463764179670044463 -4.4902583823820227948 -0.97251841892608592577 0.004434506410966897183 -0.23278371936729103098 0.22556594940925261961 -0.2297835053137190775 -0.94674153978423736255 -0.057688190443850588529 -0.97323166606856481575 0.22246841763423527705
5.743211286458924647 4.933857804843088779 -0.46889598328345594158 -0.92458592602864819732 -0.0021501759300226407599 0.38096750797571121705 0.10192946153920053043 -0.96492479275786080528 0.24193083555309691235 0.36708479982162922628 0.26251765857665981807 0.89237504933483868808
0.67688043818939458429 -5.5398708466765729241 3.0284632091800207654 -0.91207137823311168479 -0.0013334240459963496786 0.41002929528059817166 0.093415950070049894038 0.97302089606996255977 0.21095922848683812401 -0.39924837041689620332 0.23071315045211299166 -0.88733994665401083601
-1.7694400009895572268 -3.9909877715825183842 -3.7393472331329489222 0.85241777036196186845 -0.006944469825375306285 0.52281518638042512315 0.50832433549231270664 0.24514942827765828781 -0.82553505544061123178 -0.12243494075374145025 0.96946043351646604691 0.2124997720672679169
2.3754089368192516929 -5.3614693570511899878 7.4153585911980730572 -0.9077631794190313963 0.009246713328317069866 0.41938110160520153391 -0.41679985987796430713 0.093014579946902195551 -0.90422683256076596958 -0.04736968330794892601 -0.99562180882594919495 -0.080581182005328655382
6.2250831460247626481 2.9363842840872487194 7.231019392375885424 0.70569081275029399425 -0.0040917487151509376875 0.70850810467642566515 0.19192480674679929242 -0.96149274892705915985 -0.19671441816993864848 0.68203031117032220099 0.27479983870664170809 -0.67773129136243104309
6.5441087856057258421 -3.8875649214816196952 1.7609755055323488282 0.94444677368274443374 -0.008136912465175205264 0.3285636655744294532 0.1133572276948870694 0.94641531837012127237 -0.30240400804838457605 -0.30849705121686105125 0.32284955600081266525 0.89476127183762688144
-6.8809159945937867775 1.0357107422149742781 0.095392894349094259354 -0.9985737949720150386 0.01093242601205187195 0.052257612428106482716 0.041690647973444044938 -0.45176336884224116419 0.89116314356233206073 0.033350650169841705717 0.89207081592990467023 0.45066328172978342703
5.37041927867242741 4.2902146650819412699 6.3020628297781557947 0.92326610442472756279 0.0075340191053371152047 -0.38408715023611417205 0.37266025397775059957 -0.26037294619742473722 0.89069089138358481517 -0.093295420710944917952 -0.96547872449087590585 -0.24320114520658897561
4.0369622374810019139 -4.0248821618312229376 1.0359940147092381313 0.91342329746369410604 -0.00080785516804218922282 0.40701010677936011461 -0.40674331316793926883 0.034444110733438830507 0.91289291838029984483 -0.014756586449580909315 -0.99940629906258326987 0.031133463516719014907
1.061775321539495609 -3.001194915995632595 4.0210588356277359168 0.99929408128303309766 -0.0014235679212190009701 -0.037540812018343173995 -0.035311188045166308491 -0.37670734914640519042 -0.92565905877811449631 -0.01282416123815503968 0.9263312293956416088 -0.37649169225233330982
-1.6187016560210938376 -7.0064903697375093827 6.5911110685223492922 -0.9991207657935203823 -0.010482654675794655583 0.04059321755041885027 0.024954337891987039832 0.62934902437601203395 0.77672201368145832312 -0.033689410510111227059 0.77705206998505205185 -0.62853409147916439181
6.1433319427556769554 -3.0332546067102885701 1.1422221981345992425 0.99994047415427567138 0.0028473001306150011111 0.010532854784542003759 -0.0046441029895099902175 0.98460625362911702307 0.17472537772672885881 -0.0098732190985937415967 -0.17476389271332815056 0.98456086726425173783
-5.0446124561407845732 7.1212736017187125981 2.8617172609912091552 0.99998870802115757961 -0.0035272231116573026649 -0.0031847334601475089932 0.0036211835262618730959 0.99954345363573771088 0.029996188487392889954 0.0030774762323733002856 -0.030007382275325795995 0.9995449395344737642
4.1155187349283579579 -1.0517359311987632964 -5.4925783123460902857 -0.84106568574259743531 -0.0022646110940919886821 0.54092826123529258453 -0.18319799794049010377 -0.9397043311696571255 -0.28878064951035059549 0.50896660579750474529 -0.34198046949725696697 0.7899381954718844856
6.4158732636414708139 -2.0140901928514312047 6.5927787243298014985 -0.99954372170098815253 -0.00086777722517127639599 0.030192637691368845454 -0.029099277375711319477 0.29566060302475688504 -0.95484974727710725251 -0.0080981766025761091343 -0.95529265399761364996 -0.29555095119792235137
-5.3091374241459101668 -4.5735073528323315628 3.5847777217253598003 0.99990827713204466498 0.01347775312550642153 -0.0013369717927459792706 -0.01276548903256333363 0.90485371096565647697 -0.42553120219484652509 -0.0045254406022904088841 0.4255092383513291443 0.90494276529791761732
-3.3774857033375904614 -5.1753610831414285087 -6.3706689003641292501 -0.60372972278674130742 0.0036030473407532926169 0.79718093295918268648 0.29551746050874827532 -0.9277319260426530878 0.22799759633727045838 0.74039168847190561795 0.37322981050680625881 0.55903457512995546885
-3.8077609839501507238 5.8205629809529675356 1.9246829670786962385 0.95466209374228883089 0.0041271835663256031465 -0.2976629858201175205 -0.17854095804123015778 0.80804741552304182317 -0.56141116890243836224 0.23820875943860875257 0.58910299661653064973 0.77214910885424514753
-6.2489731688573062485 -4.4450523424758987545 -5.0551956719564712373 0.59673920594083218472 -0.001819311553364132833 -0.80243318114270245633 0.18534589878785817652 0.97326867669832073382 0.13562809723801255712 0.78073633058525571116 -0.22966230222517264314 0.58112477923503236266
-7.331971527448567727 -4.7983625543590164853 -6.2639551948219294175 0.0287648021489174191 0.020445846746174507758 -0.99937708274107239781 -0.317384026880855874 -0.9478679112352211833 -0.028527220885468659167 -0.94786073114057889377 0.31800690275748827451 -0.02077604775668661502
-2.1501668279627232927 4.1539237162539803805 6.7086843030803775534 0.78190397487376683827 0.00075885338508677408018 0.62339842654449861836 -0.60699408061452031493 0.22882508528624093125 0.76105010770816028387 -0.14207167267081519113 -0.97346725907205255979 0.17937986324891275203
-0.23720767197109776658 -3.8799186729515220406 -6.4142840912036760415 0.91770687442026932512 0.0049601598188984616367 -0.39722725165351380205 -0.36571857777416322266 0.40100941569904885453 -0.83990557230655071841 0.15512580221389443702 0.91606050309754349925 0.36982312008884415944
-3.3566592102554841937 -1.0015886385813854709 0.70571288315479996367 -0.94811945832624267005 -0.00021698361733663972667 0.31791421116594237306 0.019842301224776214691 -0.99809050234673968305 0.058494719482178943182 0.31729446232999342081 0.061768131291998630561 0.94631333189975941345
6.7820197246966715809 0.52554113029585181049 -5.0309198236659300463 0.9934205452173139328 -0.010067927853975670513 0.11408004719882311462 -0.03376399085073052142 0.92610499570977833361 0.37575195254743481987 -0.10943314517097425809 -0.37713150723602206771 0.91967179634258133802
-4.6807581178585406789 5.5869753751749255954 -0.83379545139044530799 -0.99496876835915393222 0.0072408815982049814369 -0.099923568910118415465 0.014908269525029188562 -0.97557937280237727595 -0.21914066455637110087 -0.099070144290869771586 -0.21952780460821089137 0.97056305797924025125
-7.3191724794785253394 5.1600305775310904011 -6.5381944386647967704 -0.9994949153118267704 0.0055884981060839522896 0.031283908875181232201 0.014058396245367326197 -0.80509794775784215837 0.59297525750324697746 0.028500451936806114883 0.5931155563673868869 0.8046127397912918866
-1.6370255454546622786 -3.8853875892874358833 -5.0787790236501733077 -0.83411815186051341264 -0.00050445676189454216262 -0.55158558199084428697 0.41469441369063486658 0.65879218374585679641 -0.6277112408497358409 0.36369692326240610214 -0.7523247996436231988 -0.54930132336510029134
-2.0533140561387317469 1.9670894227867297133 6.2955255015445512612 0.97977439026427814994 0.0030685152980493126187 -0.20008180426040209077 0.16313091773292370812 -0.59132416557712408345 0.7897620115479624392 -0.11588980913723978539 -0.80642812166891086889 -0.57986484349356026691
-2.5247389536058393311 3.9312749186202182727 -0.076375298190054716208 0.91988469104450198977 0.0033126846427833107206 -0.39217493711654516364 0.23288462134958773375 -0.80919248897142648236 0.53941845438490065856 -0.31555809024765740789 -0.58753428998877899048 -0.74513525602167574036
5.2809776458676065403 6.0005520622377686024 -0.83822137219066272795 -0.86929348224499325415 -0.00340526369070619922 0.49428457987848950506 0.48613630539196556191 -0.18683888508041673893 0.85367600622351946793 0.089444587909255468539 0.98238466763339016286 0.16407324733975811593
-2.2807007677533732704 5.352573665899098998 -4.4661354644999651242 0.98784433845166574883 0.0075952091080516877242 -0.15526067044684593865 -0.049709086531302432155 -0.93092427664698862433 -0.3618134849138077147 -0.14728397640348520059 0.36513326874970736258 -0.91923072530625282717
-3.7916752975171288398 6.3720745410873060877 -7.3620031703358463915 0.54380855537006433931 -0.0032386759364158423241 -0.83920305414392670773 -0.8350574362763434344 0.097260037827841247515 -0.54149751907201393308 0.083374655775920208933 0.99525373449187282127 0.05018636024198923351
-7.1326443492029225624 -7.0176184943659016824 -5.8356094162089906519 -0.87551918827134889156 0.0083665436667438031204 -0.48311091057419558448 -0.43201656761763723713 -0.46134524268291066118 0.77493370836330788265 -0.21639740357176170948 0.88718124867514813747 0.40753109786430813388
2.4405429886858232003 -7.0236355071438403286 -1.0110785001924782467 0.99996141299596719154 -0.00099997255170645397288 -0.0087276900731531326105 0.0052942172029859877608 -0.72421547642682526646 0.68955341705201100844 -0.0070102627144534059023 -0.68957301553831695795 -0.72418223704939743701
-6.9303662080730319417 -1.043881340558365789 1.1358027320553187867 0.99768369256873379314 0.0043440705496251346904 0.067885039834115909474 -0.063394472923432809708 -0.30248445853466843225 0.95104379139326900017 0.024665570842384989397 -0.95314441791155013473 -0.30150842147274337091
-3.8585675463885578118 -2.4154850801086422685 -1.0559103869207253634 0.99849550579653401083 -0.0012916509193227048574 -0.05481839601819734481 -0.054698959678581772492 -0.09348062861505503085 -0.99411739542359267574 -0.0038404054717050863099 0.99562026079811682955 -0.093410639512668813822
6.1070359735893600117 -4.1965343157755095049 -5.3293092961433714549 0.70371797529359303436 0.0004626939944104389987 -0.71047927285944445508 -0.16667610011542555171 -0.97198507786594512403 -0.16572291952642317914 -0.69065193035199012872 0.2350421118019287714 -0.68392625098084169899
-2.8232468336015670296 2.7375817999854605844 0.16054299032210689324 0.98955610613265221343 0.00016317509940498922671 0.14414813973673640257 0.11022543711745295958 -0.64528142916913677762 -0.75595120886322209053 0.092892765207749292133 0.7639449263810729196 -0.63856016445496355249
6.8476589521194926036 -6.8951116400297758346 -2.5989600747919476831 0.99016993763337135537 -0.0095573461773457487473 0.13954265205033170028 0.10825217276812480749 -0.57940103254948960299 -0.80782170716781975806 0.088571788387641445239 0.81498656468347840942 -0.57267088077468397689
3.6906079074652269334 -4.3463864302387706928 7.2097189341668803664 0.98932746375084812396 0.0036288898002985441743 0.14566399907730023799 -0.036342343573286528535 0.97424125415806250849 0.22256058222492119958 -0.14110422931996596807 -0.22547906744419360381 0.9639755114173986783
0.8004805968201625932 -2.9769287300570548283 2.8543517948860492872 0.96321890464177806201 0.009309207744477607932 0.2685566614179890621 0.22609419916301057296 0.51204203879446152925 -0.82867023816002383096 -0.14522656384298476828 0.85890994240286100414 0.49110381386828166894
0.83500828091426249067 -0.81226975095875175725 -6.2410063091636560628 0.36058789261096985124 -0.0031831044501312924511 -0.93271980763162554151 0.38801759854760514701 -0.90884548095748551866 0.15310857245951914329 -0.84818554274381108282 -0.41712079735883156317 -0.32648357614277051519
-5.8110590656612437499 6.0561482146782470437 4.628507608352838254 -0.99235531359019457653 -0.0075980082032308850909 0.12317955130860912261 0.09320025988520308502 0.60812930319582170213 0.7883479321669327744 -0.080898968760880110573 0.79380162563820366728 -0.60277220903714567868
-6.3384265762357525631 5.8654674796019419247 -3.09768357574845421 0.9782477082766201093 -0.002036130356027760803 -0.20743016999651250898 0.16128631400607068569 -0.62137755730978305735 0.76673114987333490511 -0.13045361691393594916 -0.78350863776024293195 -0.60753277145288586691
5.1408311359073426416 -3.2174552249211187949 -1.4003992652773467054 0.99796354336327164347 0.005296270376538647108 0.063566623616559195242 -0.056614882847544963085 0.53264029160864057033 0.84444601650748296606 -0.029385730517865270295 -0.84632515576189182305 0.53185544047868071882
