1125 14.717824617146108679 14.977075390850430381 15.033177056927090831
-6.8167317517709618002 3.3995143356035262272 2.689684764434747688 0.71124536563649065624 0.00088423772809640560633 -0.70294327508285259221 -0.67794257793199419471 -0.26346254152771642065 -0.68628081004694996281 -0.18580605718749268473 0.96466922172073632513 -0.18678704927557623905
2.894564205808614954 6.527057414722001738 7.4607167884852385598 -0.99063899711131619963 -0.0041351127668217448063 -0.13644514738411822607 0.020974609751183863338 0.98306080049574973145 -0.18207561142120864961 0.13488677899653095382 -0.18323308481554981264 -0.9737716331261098146
1.3603316333580612874 4.145825211002827082 -6.0179643867152696757 0.90509379146224910873 -0.011029957478397413653 -0.42506889876164893893 0.37309837902082276795 0.50012396055378116611 0.78145609195402576663 0.20396771369144656161 -0.86588357422813566622 0.4567743509146234282
2.6233164542254741036 2.4751942134919526772 -6.8787097075974648064 -0.97343529739141776425 0.005873552509200894757 0.22888692224199641556 0.15384057080065263734 0.75717330551155614948 0.63483987287849563685 -0.16957830217402705686 0.65318763521801137539 -0.73796281249805772973
-3.2237529725283615711 -1.0495224029536820431 -5.251279395700179542 -0.97408845335921612207 -0.018069732837189114716 -0.2254443829140147515 0.21289497831802406402 0.26318946815686544705 -0.9409606963408877478 0.076337495631290330778 -0.9645749263828300446 -0.25252286659678313541
0.85317980364407275395 -4.1820520413054786957 -1.3329606288062201269 -0.94291067760414926102 0.0035908571419842267095 -0.33302636502999416468 -0.27353702181951367045 -0.57878481095973333126 0.76823540682289503945 -0.18999197813123766543 0.81547240808457588379 0.54672461065747424147
-2.277891121190202206 3.3723879004884471655 -3.7495250560963153674 0.77936487046989211258 0.0030617061882886389967 0.62656286566681584915 0.6232741810963632334 -0.10622543631582294366 -0.77475509153420918373 0.064184841326562019903 0.99433735856341343151 -0.084696655832093667438
-5.945688399574206251 -3.2503003208314780181 4.265841563783031809 -0.86797605270069011496 -0.0089869837983725352204 -0.49652472854884283082 -0.26733213997802468542 0.85105926278669130625 0.45191996875529849564 0.41851057199670327336 0.52499272885173176029 -0.74110156913856528593
-2.0383070667343980986 4.8863542083878082067 1.8107815949469581174 0.98357661438321231095 -0.0014069198342286605083 -0.18048563437328321579 0.16905891236585321447 0.35740914548349805857 0.91851934485589503687 0.063214933268996645332 -0.93394685250355047312 0.35177712960118284746
-2.620624188911474306 -7.4238462209361602007 -3.0422093721543110867 -0.97196793266384806653 0.0035951324331818254945 0.23508596916010099376 0.070434275563220696825 -0.94950857482455774949 0.30573269233209016127 0.22431529305649353101 0.31372048284665843276 0.922638665970354932
3.0298328792342741345 7.3660938013155741189 5.1932266315541077972 -0.3262166494413028528 0.0033962919511704107306 0.9452889308715427541 0.22226384422741779501 -0.97168294334814131474 0.080193772548998829008 0.9187934921278844147 0.23626409546808091466 0.31622428119309575756
5.8481737656952921256 -0.55551029015760233776 2.6428083067625576241 0.99747249331379461701 0.0099351783854462125123 0.070355648762406783336 -0.025594205992410391792 -0.87346748072248003858 0.48620931371149761491 0.066283947543451238182 -0.48678111338735124969 -0.87100550282260902346
-3.1887109602096859184 6.7145115513829454201 -0.65572872287608241493 -0.92406465843694851614 0.00083668680787001925916 0.3822352769996339994 0.32987004094615923755 -0.50345618625753996156 0.79857224131904780418 0.19310686967079276899 0.86402035188660641918 0.46495007088046214072
0.81171187997670601888 -5.8615249937655509171 6.537257057964817264 0.91933682606615807487 -0.01800945961397506373 -0.39305910446538011582 0.057609946320790930696 0.99434751989994119015 0.089185782240593702852 0.38923115795579044107 -0.10463588788448756339 0.91517781695318012325
0.48068021678632610882 -3.0978392082995731549 -5.2559503409062733326 0.98600363747636621259 -0.0031663769755086246596 -0.16669373395620412648 -0.14843133328023846995 0.43865460573240983022 -0.88631274173983631837 0.075927374405100181431 0.89865016047768297991 0.43204504729179760147
6.2432966994706307062 5.728508655728377974 5.7116215970758119624 0.99797111630576462726 -0.0015854843312914301216 -0.063648544829407294188 -0.062836868288556918527 0.13650273855782102395 -0.9886447948326996249 0.010255681505808120213 0.99063842475721941572 0.13612616350726330916
-4.7138678861667848707 -1.1703910451829708794 -7.1595661082015240595 -0.84217213303987248363 0.0091643892817005884188 0.53913088605658243679 0.53920490488686645403 0.018099530914583165236 0.84198009330782463966 -0.0020417827966794049703 0.99979418929590002652 -0.020184404208310292167
2.694485828117231474 0.7467926138897738042 4.1994375990238390628 0.10036327489460641904 0.0081490795874176354119 -0.99491748680698954832 0.051825070284981539226 0.99856618104975680694 0.013406869649975644565 0.99360020890825262452 -0.052907226025745955622 0.099797045506754875066
6.8487186749979533928 -5.0473960230713803554 5.5606688634059402432 0.30859322932764332581 -0.011686170247403735584 0.95112231192311103012 -0.94830121562441371807 0.074146301042154624805 0.30858893448581392605 -0.074128424092638367515 -0.99717890043201140582 0.011799037029690194814
-5.9088192773584280459 1.9295497557964491619 -5.7850466712675245873 0.98570028274295629078 0.0018850469690882406745 -0.16849747534680326044 -0.079175390591887717662 -0.87750401007589629021 -0.47298834005204770659 -0.14874881554141208828 0.4795655939479485097 -0.86480670151002536628
6.4392108557966407645 -6.5292339090511788413 6.7277183458014286899 -0.99850734674533292434 -0.0027105440253778214331 -0.054550265322292804115 -0.017974072402305894119 0.95944270648742890906 0.28133010092998145257 0.051575296576196492937 0.28189066305765048126 -0.95805931072347705335
-2.8006529487331643935 -6.3310046529723384978 2.4064214956907918896 -0.99125153380161268313 -0.00074136619707749346064 -0.13198426842541574611 -0.079783436735860926992 0.79997153559103784115 0.59471013566843833331 0.10514275989452435967 0.60003749267885575502 -0.79303216039536039705
6.2354940882677993841 0.41406742324934292521 -7.1418209981137632525 -0.99291203105885339486 -0.0033726660796619817306 -0.11880371922704154042 0.10743680597483930284 0.40197971914473284993 -0.90932372569851060984 0.050823530973355658669 -0.91564235950499894834 -0.39876815090923162233
4.7079603115630046517 5.0435689073919904857 2.1844245833502733412 -0.95353408872224065806 0.011433145157576837456 -0.30106813985635649811 -0.27395224013011931774 -0.44878939699016595632 0.8506105144406006513 -0.12539103545492244485 0.89356441309008605156 0.43106812441487729615
6.2421216328256310391 -2.3546529732246517241 -3.22704700776871789 0.9356903641727543075 -0.0053493549503545395965 -0.35278169849895518739 0.048280634417562064142 -0.98853782038729165471 0.1430453005313966075 -0.34950325139321392065 -0.1508786335617920138 -0.92470704290612004694
1.8857406692426479378 5.5899990314711311967 1.6933947302040577298 -0.94629767549092413947 0.0061838201835020785782 -0.32323748193596996137 0.31536269106257058814 -0.20248367961201743648 -0.92711743192352336074 -0.071183442218930859102 -0.97926611289198772781 0.18965968916758146889
5.9178359557544011338 7.4574639462807601475 2.4308311681552483563 0.85392431294408988052 -6.2853869718500210428e-05 0.5203972173374221688 0.32173215638474894629 0.78605044833406578775 -0.52783814964615727305 -0.40902528932953674534 0.6181623481927864816 0.67124781114404086235
0.86674100989494573533 -4.294281820042824549 -3.6536176012640044775 -0.98639450147097396115 -0.0061354928573226844013 0.16428098853835837456 -0.053639114611310441394 0.9566259265726549943 -0.2863384046765314328 -0.15539862564212561513 -0.29125451470560914657 -0.94393965634053333957
-5.3923682344999068761 4.2047695648512206645 0.3069098933556478892 0.58260074243562354201 0.008277478787753270173 -0.8127163455096532152 0.35561782486305321127 -0.90174638372492998961 0.24574259313079449552 -0.7308298964555743904 -0.43218623622679341878 -0.5283017316486344761
0.2757692099468408431 -6.1474279138391185739 -4.0206486101407143963 0.99490823602649514079 -0.014815066925742123582 -0.099690098196848681011 -0.021046784297536404174 -0.99786956022314066139 -0.06175251938714191452 -0.098562846738706605398 0.063536246126984066707 -0.99310045346424835611
-0.93966951303626111702 -6.8283542831965373665 7.2587653432874557069 -0.95427102788805451272 0.0007541808551166616359 0.29894186147916002039 0.29060628397087745478 0.23685127039933440152 0.9270649726027155868 -0.070105585013159887886 0.97154562781236664115 -0.22623947495631688276
-3.2003361472889610972 -5.9795647529583915158 -3.8970682439468404823 0.95779245701915283195 0.0050228157854948513733 0.28741673681085072589 0.26305813985622522599 -0.41845720913711303979 -0.86930660826696470878 0.11590523859075890778 0.90822262438393330797 -0.40211645107411825295
-0.88126054369754291962 -7.439255927033626925 6.1640412997434337328 -0.7518775643098876138 0.0037402193806394925038 0.65929214999607566039 -0.40762303824604978475 0.78332085904611359339 -0.46931001531424465512 -0.51819261571207264616 -0.62160634049392848866 -0.58743677998516341532
1.3197429795014365972 -1.4296634381950208414 -3.212236252376490242 0.72253066029904666756 -0.0023372527314787774552 -0.69133492764190584978 0.38335454462130114095 -0.83081758467491895193 0.40346181245957063455 -0.5753162070080202195 -0.55653991612877751205 -0.5993951815866730426
0.041337643355074830953 7.4822128900758508863 -5.8064062921679537865 0.95565689088852612265 0.010951884888533269802 -0.29427871672054323193 -0.24458813127231887607 -0.52701032716069373674 -0.81390218153455928807 -0.16400168577798285297 0.84978830968861152062 -0.50096234966172992209
-6.8584323528543924553 6.7950601026621972878 -2.5318140811446228078 -0.99919963497921293616 -0.0094347278043322643781 -0.038872552893396736251 -0.037546695374873789719 0.55637690893883884335 0.83008130979200589472 0.013796199608060121661 0.83087647764922256677 -0.55628584717339024657
-2.4445518594359767484 7.0981159239600355448 5.2461355641545068806 0.85307797768630588831 0.0043754041181593081311 0.52176510023710231945 -0.26880274447138008398 -0.85337779963309556841 0.44664461897339696739 0.44721700387093021867 -0.52127457921140241126 -0.7268216868783132778
4.4703258696994110366 6.9763029965537493027 -6.6671275344379692385 0.97558540542835070486 -0.0022357853531219111683 -0.2196090116069826792 -0.21096043192831787083 -0.28756907769815592824 -0.934237508191844368 -0.061064006384848060205 0.95775729013970822834 -0.28101985749855984409
-4.6888435383621711594 4.9545267498300109565 -4.945946158199171272 -0.9824114127887109138 -0.0063972608438347140086 -0.18661964279295709113 0.036554727440083117918 -0.98666431234974871778 -0.15861048716063175235 -0.18311626886831464112 -0.16264258295175704205 0.96954413117007776091
-1.3177501420135748766 3.9295763425682257441 2.0759922581455709789 -0.91030698251469011062 -0.0031112953951061839142 0.41392211516914378944 0.065436105687659826269 -0.98847949906407905907 0.13647855510055956207 0.40872889995386740836 0.151322832946225172 0.90002338112502078271
5.221514385285204618 -2.7576331640599063277 3.2037930733733102073 0.79101524164933256777 -0.0097911154391471348635 -0.61171808992132170602 0.05959717689888908293 0.99634972966185275656 0.061117859159991579088 0.60888674150794186435 -0.084801829349840276984 0.78871134501452544452
2.1192373831419764052 6.6603420056411213324 -1.1719248173821499304 0.99994502899958748188 -0.0081138628469394520615 0.0066410999588581900305 -0.0089599303569544742898 -0.99021206883470669347 0.13928308720767662576 0.0054459734630637746111 -0.139334934470182914 -0.99023033553278960728
4.3029752876538038819 -6.7461919307013067382 -3.9600266864707025505 -0.54809775636991986403 -0.001914599437566830327 0.83641208968505253996 -0.33842163297156618862 0.91499454909292365912 -0.21967196786798193209 -0.76489191903113518123 -0.40346165795421828903 -0.50215440131676347679
-6.042141918631640074 3.0786640912388874014 -5.1872913123638006994 -0.35553317482907853542 0.0071282275408335819128 0.9346364801184431359 0.49456919867037374416 -0.84707425743156938847 0.19459319135912730991 0.79309360691062769089 0.53142675014423168545 0.29763759827778257794
-6.8985172211981433676 -3.8268976891760106973 -2.2299292365631493418 0.99790610966748760635 0.0022443003129994950999 -0.064640230541690255062 -0.014917227389344488858 -0.96446857525532525557 -0.26377612415062023921 -0.062935463892721296708 0.26418805889187130242 -0.96241560509147427993
2.7303659936264712549 -0.76220679945419456125 3.3315521484794095031 -0.9624189291945529634 -0.0029481501805621165499 -0.27155314974908539849 -0.24601964171441234597 -0.41396112819340552536 0.8764191464337164339 -0.11499626349948552373 0.9102897850439408689 0.39767872287290145783
5.3044844312584853441 -3.7003416489580334137 1.2102269228563626857 -0.82168877025230957489 -0.0056237150368223347285 0.56990871082168081951 -0.45652278201730406293 0.60512098108832068633 -0.65223887322504214836 -0.34119571266422232814 -0.79611366781122361314 -0.49978846883821903546
-6.0734705246293732017 1.7024313745615158311 -2.5195594532047405067 -0.9984487363516327818 0.0041888631324241967432 0.05552093572253929965 -0.038627971046810614941 -0.77027299179866492995 -0.63654331978139389037 0.040099884422095700975 -0.63770053436638329813 0.76923990259096042266
-2.4203801964483555587 1.1764463082512939263 1.724436282532798792 0.98331195586270958575 0.00026326138575765952506 -0.18192726060376160357 0.10314129937677593563 -0.82456738904320392436 0.55628274581311465408 -0.14986483850530296635 -0.56576368884894367994 -0.81083412518204933672
5.9556998434954042665 0.96209895687760615957 3.5624934127429930264 -0.99319603122142119389 -0.018070149096068542638 -0.11504396236955112542 -0.0065797651371981430435 0.99501733631704203376 -0.099484707967375435311 0.11626844050202318759 -0.098050854867627365574 -0.98836616676354516198
-1.6866086678506377883 -2.0060411080182838361 -3.2973841354190627229 -0.7453182154699521389 0.013035565672959725098 0.66658145167417448551 0.66440241727381388337 0.097614861218219564631 0.74097285158774484071 -0.055409255627040437941 0.99513889125939092306 -0.081414995510205256934
6.9542606438670944158 7.4638951531573090037 -6.1137663979507648193 -0.54433561576299394069 -0.0031948536676622641198 -0.83886144882342339457 -0.75663948951350401551 0.43365018515188630266 0.48933035857851148176 0.36220908370816723432 0.90107564045859267488 -0.2384685930085245209
-1.9821965579372515798 -1.2052810191386980065 -4.1351591019433309171 -0.86557504466734325188 -0.0023602331727144020175 0.50077367277892914643 0.48109878426130536777 -0.28150369614441878019 0.83024070536165839318 0.13901007816496330216 0.95955724079205184651 0.24479807967419972559
-2.034626679526426507 -3.9547002668095707634 3.1849878556007533703 0.2350735876868922658 0.0071561081099042822898 0.9719512325670288666 0.54018033421066835587 -0.83228617400762983092 -0.12451879813106654649 0.80805050269413947195 0.5543000222555917178 -0.199514085776534289
-4.2260703713766600842 -1.516908130859072612 -2.3583494617592082321 -0.92686929046425592382 0.0065549669283789056135 0.37532699183885342986 -0.16871222397109075786 -0.90044910711644177148 -0.40090845710213413033 0.33533491300042056471 -0.4349119886848358818 0.83570452806071904295
0.70064193339753388923 -4.1210798557361592032 5.5668380532426207097 -0.82244298774726964929 -0.012627761458657767515 0.5687073689919892594 -0.2665338542563859825 -0.87466450250233940267 -0.40487246460772224887 0.50254078087306897071 -0.48456428645010624079 0.71599596078235860919
-5.7824327663905190633 5.0222997615698234952 5.549493247316329203 0.99993698864036995033 -0.010388582444358317874 0.0042539515234647001449 -0.0040906487247961507286 0.015690426434173537773 0.99986852991340757768 -0.010453962969943213224 -0.99982292825936491809 0.015646941717568228075
-6.0373679893047631495 -6.3660685434042418862 -5.4865937240114357465 -0.97303377334844398661 0.0095004472137737577819 0.23046695517169893397 -0.025119434445541884149 -0.9975734853537688851 -0.064931928450919426665 0.22929084137073735272 -0.068970158923662955308 0.97091133850700039876
-7.0570541484474755833 1.6914201322507123049 3.8476487689302261153 0.77165445575012359125 -0.0057579097785008309315 -0.63601591756489850304 -0.43421257944148183849 0.72591944371031691396 -0.53338578636676148292 0.46476750830475838105 0.68775563081545743049 0.55765881639768832834
7.0415437262635558469 -0.14078742243898090258 1.3720519635296604122 0.96024696083463034757 0.0047934232413814675464 -0.27911072588025881425 -0.27876772804801008832 -0.035970565931034231832 -0.9596846733096269233 -0.014639945584747562565 0.99934135383268085651 -0.033204374908232164865
-1.0549330729070207635 3.1203651687886981847 -5.6614761216720399517 0.9826617854377124317 -0.00057390965142392331814 0.18540627300072093364 -0.13976254679775518275 -0.65937740782960507779 0.73870688676659257421 0.12182875667465427327 -0.75181188117212938149 -0.64802519192968388584
-4.492028088885847481 2.3173065646186179478 -4.9690666312930353854 -0.99958288997483057958 0.0054270117359309037047 -0.02836535938608761992 -0.028828303531084065181 -0.24616298104740910735 0.96879962617526893531 -0.0017248144839269296397 0.96921325532901814181 0.24621675554183836132
-0.55889854742490097106 -2.2200718908751460035 0.8023273431176490833 0.64426100436285360651 -0.00061244632717323229699 -0.76480545445683700834 0.0340355949124427834 -0.99898600318514996221 0.029471065797968758193 -0.76404799360798458796 -0.045017667085326756871 -0.64358688078133896582
-4.3062437182553461312 -0.020109899307926552836 -5.5736098921129917372 -0.98447304631743948189 0.001346644134927483822 0.17553064582616631495 -0.13708829515995057946 0.61865121696598524004 -0.7736132567870528387 -0.10963402941009597891 -0.78566459656520815091 -0.60886083902583354455
1.320862933137787909 6.2612569391874801639 5.187337300647731908 -0.99765605084793396173 -0.0053452837005900635456 0.068219001375649096497 0.0065058913077933218372 0.9850186468974827525 0.17232509580011104444 -0.068118114953435837666 0.17236499994594806084 -0.98267503744055129111
-7.3294039611268750889 0.95621591591252375064 -1.7682678796653359399 0.97607515789968646303 0.00060425224785022949026 0.21743256658192078312 -0.0930313384341409505 0.90500150610989560374 0.41511136338125215195 -0.19652596825952128867 -0.42540793224661571648 0.88340570237092519434
-3.9057153812477252153 -4.7451567272171555345 4.2215047776769072385 0.27958918314272540595 0.014039691091215108359 -0.96001707054807383646 -0.52400826935539190909 0.84007424375761130531 -0.14032319345755167594 0.80451552024597949853 0.54228973072431019276 0.24223258582243256676
3.6538813158923213464 2.2903510156141373422 -2.6458349921333748078 -0.99069956327343711155 -0.0093781632318087494032 0.13574396997410148602 -0.13545604533475583131 0.16244879477535367762 -0.97737508094811742509 -0.012885461272492005486 -0.98667240720025595202 -0.16220827894210124165
7.2208961931350001962 6.0643824215066999272 -3.6477058805330173641 0.99949389957102352522 -0.0042450836148504112258 -0.031526559999959104241 -0.0094220201789434430972 0.90708221146363476883 -0.42084805712034051295 0.030383716956264614217 0.42093210962263005737 0.90658313950368063505
4.6604271951150417763 -6.0291201020932359 7.4221051894158440732 0.98067479988839445504 -0.0094414707932089711462 -0.19541697851771200334 -0.066157787538501530711 -0.95599817791996022365 -0.28581572903138141584 -0.1841197545396773827 0.29322063781898677348 -0.93814794864412454078
-2.6867296618109315354 0.11421030532370618493 -6.667852542722951803 -0.99744130019523169484 0.009285391069270114428 -0.070884654033493782466 -0.044134709454261789041 0.70004370911248581244 0.71273482639301899422 0.056240377720495268732 0.7140396255423651084 -0.69784269937361120828
-6.409374641402649786 -5.3017151455271598337 -2.5900457765020070688 0.96435518677366027784 -0.0078509346167344312706 0.2644946815502381976 0.033989485092512594644 0.99495455047342495902 -0.094393630057384617094 -0.26241910876657470464 0.10001902477983073969 0.95975643057828363691
1.5635365249760204698 -6.7469624042565934374 -5.4701609977524761064 0.68842973348378466714 -0.00099860341957080153014 0.72530235408865739721 0.091982443714881637065 0.99204509681000319077 -0.085940420894003582974 -0.71944682368029078123 0.12587902401280751108 0.68304519558368814725
-6.134263747660097188 -5.9907247797368832209 -1.4295186736181828557 0.79161758666779924454 0.016928024144013932573 0.61078231676826377772 -0.61021817298364111615 -0.029190760007387683839 0.79169544705697736386 0.031231039667970215967 -0.9994305086041095354 -0.012778131024639569763
0.02722462847096276603 -5.637619516619185589 4.8492722474038396641 0.92069510208885274594 -0.0013107772223769575091 -0.39028042591546491247 0.24585125210234962112 -0.77469859509292016142 0.58257982165614663472 -0.30311333000936063753 -0.63232931975699679938 -0.71293894587574913047
-4.3543207642783761102 1.0675968191799982687 -5.8741862196126444218 -0.89070211203346949524 -0.015667978299441071705 0.45431735832472436298 -0.1433438426112522146 -0.93873882328804991726 -0.3134038360276384938 0.43139574685501774765 -0.34427305457649848286 0.83389074433514298601
0.7754641668228025031 -1.457103386722374383 7.3867354434317729073 0.45839758881359388143 0.016017451893044803296 -0.8886028875739575561 0.60618293858067084923 0.72553838771983580891 0.32578565486948007912 0.6499337624278722636 -0.68799526828301527104 0.32287554146528585353
-0.522051852529008098 -5.3022096369181737074 6.1594791280741896244 0.92265107863155171319 -0.0060437977877207784208 -0.38558845886313219964 0.28210711912740715768 0.69229539634310088836 0.66418571012909799478 0.26292691082853264506 -0.72158891116090595474 0.64045209255018109573
7.2245877206330657572 -3.1341819743928085451 4.5366821649378357151 0.90303640577423172076 -0.0086701405962617099366 0.42947651683008186696 -0.35499819497380602495 0.54788398573291707816 0.75749549156596429622 -0.24187089823239829589 -0.83650939435215199147 0.49168130099563922553
-5.3651102977547484585 0.8972442463881012964 -0.33607813291107813125 -0.98823295685292567025 0.0075134836652108686478 0.15277162875638891637 0.045270266721129027998 0.96841196020524555887 0.24521190485459729014 -0.14610347682607024988 0.24924249817121052475 -0.95735675229492456229
-5.7523047082028808674 -6.9878914950233355086 -0.57677438844556150332 -0.55652176487976690034 0.0040383919837751608428 -0.83082321621702370784 0.82897397224067137511 -0.064159466569724044049 -0.55559492096043072706 -0.055548884441335259765 -0.99793148774834139481 0.032358417724899932177
-0.7342572147646695413 0.31369460189294584573 -2.6888883419629854288 -0.079212040765567703904 0.0011858343524656666558 -0.99685708423757457552 -0.32265274320124104346 -0.94619993696805415606 0.024512988114763135938 -0.94319704192833009326 0.32358039662272208847 0.075333040686247867979
2.7482219204928033385 6.1965040389705601243 3.8963699693557254378 -0.87420866694512899819 -0.00011870800062356058613 0.48555040165429280696 -0.34341349674960958138 -0.70679593890555469926 -0.61847123700044392969 0.34325846950716853989 -0.70741747692227396893 0.6178463696231966118
3.1235974158127683964 0.93527286881093685267 2.3920912828390008542 -0.96138858391759507427 0.0028851125862109283302 -0.27517933577625380837 -0.27232879290093453539 -0.15390390465813072463 0.94981609624602536535 -0.039610847883304323158 0.98808160809539158365 0.14874715618668221673
1.9372421430071713466 4.0624763550121594236 -1.4220410839621981935 -0.53380433079317779477 -0.0032977516953106352643 0.84560159724309325036 -0.55945499811107091137 -0.74847319040587656502 -0.35608705162088238882 0.63408441197912113196 -0.66315685028302617798 0.39769328685282390179
4.8812009047803002204 3.9468522660302212124 2.5674490194070842541 0.99392014606528200638 0.0015938027919737141058 -0.11009179369133213766 0.059020875721437889017 0.83638544316278351509 0.54495497675910409274 0.092947724418524557688 -0.54813944417286331046 0.83120627419879333786
-2.4561453957810006621 -4.4864576011174825965 4.7763085831270446491 0.97269150966314954498 -0.0040092356787026313045 -0.23206713050030436385 0.21310899309755643172 0.41155333218003198326 0.88611986312943746835 0.091955337475956286375 -0.91137685992171391103 0.40116883616360743403
-0.62290860665083169767 5.0657517819712962748 6.5417290315402762957 -0.94500969444891014248 -0.002520524761871453627 -0.32703260441799325564 -0.0045028770217363390388 -0.99977523428385828286 0.020717263603855118337 -0.32701131707643382729 0.021050602547893117883 0.94478593905521279783
6.995401402106708133 -4.2010074737908595921 4.1835491384509815305 0.77278643027916771313 -0.0040379038079387512966 -0.63465331363607946358 0.49072347264580457038 -0.63034862871598495992 0.6015405885476623471 -0.40248180899363150687 -0.77630168208549443776 -0.48514337243797772681
1.7990701483386142279 -5.8958183905048517914 -3.3613511598487573195 0.92702344110238599217 -4.6324939422266904476e-05 -0.37500338331910371137 0.15570569593657571095 0.90977247842915887066 0.3847983546554828993 0.34114993170106394649 -0.41510725764160799622 0.84338762663066935144
2.8433007581426319454 -4.0489465517500162761 7.3597263871073037578 0.88518599170321921044 0.0033576705937956512031 -0.46522519938266604367 0.036878692802330963196 -0.99733374120130890983 0.062971189275366434845 -0.46377335209087328094 -0.072898111839339391205 -0.88294968326665235203
-3.4997102840770364374 6.0748827542467651597 -4.8165927285154701565 0.94551920544589274087 0.0019230110599588404879 0.32556064590383521073 -0.20256284937160773385 0.78633052519332213848 0.58365451870418416647 -0.25487589958115791644 -0.61780304885762216127 0.74388014399831925427
3.5429322324875753836 -4.2738791389741495053 4.8088560830232118803 0.92909630752788274766 0.0097177314041752300283 -0.36971017978170117591 -0.29774216898740507586 0.61264042488245407103 -0.73213476259951415503 0.21938471265023828938 0.79030201536897815018 0.57209533502655318671
2.4823099514234536755 6.3936568772406587868 -2.3666952813670034672 -0.97413995681081899658 -0.0049469019194753284172 -0.22589128514799658443 0.029489056873025987909 0.98842519203074241663 -0.14881544034037247348 0.22401281228798686218 -0.15162838758080651735 -0.96271859440349616399
-0.77420782747378336097 2.1817877139701571387 3.2716705470676625822 -0.96551107566148364203 0.010653944162211600316 0.26014391449511886645 0.19280674136971992505 0.70071404752258448223 0.68689546809313661857 -0.17496834930195645508 0.71336268270657432478 -0.67860132601131650798
-0.91884590974294966248 6.6548758383890866952 -2.4655556355642622712 -0.99664027702034552192 -0.00055898208447628205779 -0.081901439303094375477 0.080765918597173400051 -0.1727820213386023207 -0.98164313245469958513 -0.013602375308905796658 -0.98495992844436475178 0.17224666831257537392
-6.1961897188926693403 6.5083348613622735712 -1.5185797688131494887 -0.96580385310515948216 -0.0040870480265297994341 0.25924161194853079238 -0.016990903252521987604 -0.99672874630701380205 -0.079013388053889702101 0.25871649837980914555 -0.080716183776995548138 0.96257502104645231711
4.5117887030805059467 -6.486620771125797269 0.081072911465922534169 -0.9999851953874973054 0.0052051658140721329335 -0.0015859554627974527079 -0.0054410205958778743579 -0.95298666949353516564 0.30296336917600485972 6.5580157635788515619e-05 0.30296751313713460307 0.95300088230954815849
-4.4667389397151175956 -2.8820528352157741558 -4.200537553065060159 0.96060064947140977321 0.0066453535326993252996 -0.2778528954528342032 0.24770827660298774808 -0.47384538934949466116 0.84505097875481716141 -0.1260436509207602529 -0.88058298091013398334 -0.45682229782916111693
-7.1140988060384913183 -4.190170462428789655 5.5001549037934509556 0.27253655385830499736 0.0010346503006023162821 -0.96214487282824801007 0.89674892151161844644 0.36210637790243865863 0.25440193169468749979 0.34866201195234031163 -0.93213620280573272758 0.097759402822403668187
-6.5957260938191462074 3.1519681637923735451 -6.3119337360167895312 0.70893879670297543782 -0.0062369916843215619795 -0.70524242815072890611 0.1164305487711238124 -0.98520552765405378093 0.12575371005558638737 -0.69559306339417570353 -0.17126344681401065029 -0.69772424491580931072
-6.9488009876684824206 -5.3205945685360784836 4.1432894364551078326 0.93450691944462316307 -0.0054205499259072737958 0.35590368802316990626 -0.11734693354687708577 0.93929252385209915932 0.32242712637545162258 -0.33604540570753993478 -0.34307458704206034161 0.87713927801045921129
5.9616489177544780276 -2.4007533752105700842 -1.1383315938197302586 -0.99913666924720967444 0.0018936098795852658247 0.041500968750188764467 -0.028739522817974556129 0.68985051933140018043 -0.72338115873057640126 -0.029999266553938804675 -0.72394935956864681081 -0.68920052871891734902
2.7692171186602090316 1.734236295292736374 6.9064710221719014527 -0.53451926134772109744 0.00029499061429276354079 -0.84515624131211297687 0.42442871386771319209 0.86485117170497494143 -0.26812817391150339796 0.73085527027781405085 -0.50202824998308892557 -0.46240481196246913109
3.753528607797818939 -5.7571952264843311298 4.1059617375656731753 0.68008782435251768916 0.0035170104682427220412 0.73312221478058003932 -0.70324123710545394239 0.28575141232408207692 0.65099761350494078638 -0.20720114285829691059 -0.9582973238991714382 0.19680936310572169634
4.3495913642333015048 -2.9996541861179428778 7.318590723576455126 0.69671601998963317293 0.0028641608838896391413 0.7173413302411753012 -0.13134415478078403927 0.98359633706468674319 0.12364044127192180822 -0.70522017873479936334 -0.18036086686269364732 0.68566351602658792697
-0.94038629722965449975 7.1340610477628674246 7.4306019815419936947 -0.69038061543776341189 -0.0049625939566664608454 0.7234293182398728872 -0.22684044198820746407 0.95103252385391157109 -0.20995369120523263429 -0.6869628954364580542 -0.30905098484440512996 -0.65770013612619004917
3.2520928930450532235 -2.6400117719894717894 -3.0784371618907604429 -0.82758734551920587474 0.0017058301010884156096 -0.56133437065619729012 0.37102248957729866419 0.7520780430413440687 -0.54472096471762021519 0.42123805355661786409 -0.65907185292555880984 -0.62304317259473473989
-0.53316787660505471358 -4.6084738432227538851 1.429817850462709039 0.96985617513335287132 0.0043820807625791508705 -0.24363866056888325295 -0.21576196279310391746 0.48012416574161653759 -0.85025146920340510803 0.11325093804148156362 0.87718959343983149424 0.46659687332165361573
4.0813411104831844867 -0.92694808844296372463 -4.8557072540946153438 -0.99994644924592090973 -0.0023269818502662416304 -0.010083838356998435504 -0.010298935503669599464 0.31934067722551351398 0.94758401410991210945 0.0010151689675577009464 0.94763712307219261088 -0.31934754172748058831
-6.245477724297316513 -1.9532378553812368427 -5.9646599870244481068 -0.74325767255899211072 -0.0030112932972469561715 0.66899847854446192752 -0.36597902364018264354 0.83892190955525269835 -0.40282674181768252097 -0.56002445164254655019 -0.54424347656246219174 -0.62463721613569633817
-5.4824801275749903695 7.2556175107327440799 6.9956027346920137688 0.61022779678820782134 0.0040171887225846254765 0.79221581543278818405 -0.70081196550422630853 0.46906064952858195216 0.53744273747986015533 -0.36943825604970326193 -0.88315682030916997647 0.28904914064633485671
2.52002743604084678 -5.8248766760776762297 5.4884958264798449079 -0.91322446196357720538 -0.0013959908393405269338 -0.40745445546813441329 -0.029577842703005830655 0.99758303833121786397 0.062874739401543214279 0.40638188110725442792 0.069470373853624034499 -0.91105852384152274936
-6.6942211255285508642 5.5491141835697010976 6.440145632133839726 0.99693207426906282898 -0.001616896481133841797 -0.078254871665395173141 0.060820857659402607909 -0.61330298566367891233 0.78750255304335825546 -0.049267256541991967522 -0.78984608210845208554 -0.61132307662234364187
6.5690490574972999482 -5.9988657433398628882 -2.4674299788529534538 0.6029411395006427643 0.00041374027118167532036 -0.79778556712747439317 -0.048640070543101598943 -0.99812047091418598654 -0.037278265511903364848 -0.79630152946942756031 0.061280946149695127156 -0.60178776973589931387
-5.2886382486517238277 -6.3565398549767930803 7.2720759244216317541 -0.093298744525496968283 -0.0038983902927695102993 -0.99563052726549960969 0.99300040425523550258 0.07237850707328258304 -0.093335678401683261352 0.072426110062684595503 -0.99736961767796716849 -0.0028817207038719793062
-2.3000376380544782506 4.642071596797436861 7.1726736592607913678 0.99831128907534927297 0.0050277684231800536668 -0.057873064973531770927 -0.040734207591786739111 -0.64968900746076119201 -0.75910797513687522375 -0.041416113248490475651 0.76018347464892177534 -0.64838706837352211299
0.13077804612003171569 -3.7081093386817949309 -7.1331739584149049804 0.87653926580312990779 0.010285826113265972639 -0.48122044562376520282 0.39049929824782103616 0.56931162906602383877 0.72346013509952578069 0.28140578098746510394 -0.82205746197662654673 0.49500738947562195058
-6.0438396249936978677 -0.17402939872429895596 2.0828094910070134027 -0.98535822746375456571 0.006959014838096310579 0.17035473483871158007 0.065403147180848372755 -0.90730044177649371573 0.41536530511228964002 0.15745345949942216035 0.42042535659096758049 0.89356081361416284103
5.4587799162397265818 0.55218513244122702233 -1.5075441562632436732 0.894442058236992521 0.01047604573953395124 0.44706113331677421741 -0.13372874093041212107 -0.9477105056370306313 0.28976097279372398097 0.42672008191076538086 -0.31895932337976623527 -0.8462711868681986882
0.83270222802705262666 2.4500612600809317243 -2.9184096308044877865 -0.98539891517409616828 0.00075578360308085857852 0.1702598213468748678 -0.065350787912121746648 0.92171743473873757324 -0.38231694314775183097 -0.157220394647668682 -0.38786131450528310571 -0.90820996923453767291
-1.6259151689974054023 5.0287480822203134423 -5.1061470825849601951 -0.938518956822239514 0.0038589015038747922354 0.34520613633629426698 0.21416862275800863102 -0.77775289500823852062 0.59095874249579838366 0.27076552349039756384 0.62855830531901091263 0.72910938006827430424
1.0192233245251816065 -2.423508270624374461 6.3886166598905962388 -0.57599136612212886721 0.0039966920388681478893 0.81744600592669003358 0.81432812141149379936 0.090197272011014059667 0.57335343619811207638 -0.071439882637061455362 0.99591589934818591789 -0.055207468646025249781
6.3195396113532504856 1.4645963723023300851 -7.093482208520768495 0.99999234180603868705 0.0012433084055535545409 0.0037108642510805152359 -0.00085829428509000705444 0.99478329441738755357 -0.1020071589604169271 -0.003818332123014439583 0.10200319275617347747 0.99477674329846077494
-5.4195676359730962091 5.083727348117756506 1.6500881725720606408 0.94913236618779794895 -0.0012392191943757808331 -0.31487492086620366694 0.29670496417794101074 0.33832233602807570971 0.89303088478315428844 0.10542255777053424759 -0.94102946886916105651 0.32148036181521827404
4.2654811423371654655 5.5806143136907078173 -2.0506314979613118332 -0.95483411694553110838 -0.005909233197940096452 -0.29708061209034203332 -0.26206748369745408445 -0.45446812088699817256 0.85133974480573071375 -0.14004443261137655696 0.89074340191805134737 0.43239304901218644783
1.5031062722303361046 6.242937622288732058 -6.1625505945032470478 0.95616632994128236689 -0.0079561902327532855322 -0.29271598610865418033 0.29038423508223004665 -0.10301054230492831532 0.95134947531901237205 -0.037721949873803922726 -0.99464844402994301298 -0.0961848599660495851
-2.2505924360681310858 6.2183382575218999477 -7.4013177219188941436 0.97351928133402965138 0.0013601496531926980139 0.22860087240389112551 -0.097944702324483545741 0.90603338131984234582 0.41171634315452748654 -0.20656002555544200616 -0.42320404290001062408 0.88217418570018169
-4.137349876096760859 -6.1133920611294509939 -7.2236953143297055746 0.32492842150493062015 0.0062041177708467001514 -0.94571826133426217798 0.88141162048917487404 -0.36448262410201054395 0.30044295963518768966 -0.34283389004723247018 -0.93118952187529224762 -0.12389914521352300703
3.4903068637741885283 -5.6702252943238615757 -1.7841432422232423871 0.80002351794804316132 -0.0044528072347635120481 -0.59995211745419385618 0.29626563016754059454 0.87248247968832182142 0.38858847000189422616 0.52171740158002544163 -0.48862510695288224882 0.69932571648962238431
6.2024443517726473019 -0.53572982492100362784 0.24979217674554848871 0.935091597255021445 -0.0012223784425758601677 -0.35440402161070988507 -0.30600966242415716945 0.50165780015994043683 -0.80913381961312913493 0.17877860958730046326 0.86506529078998628535 0.46872193401249706568
-3.4931398020725614728 -2.4493192188415111588 -3.4020908345072791157 0.88330375097056945677 0.0026915800889874704448 -0.46879338617126936617 0.25097454652186768076 -0.84732886934480511343 0.4680230380793087841 -0.39596244837034544339 -0.53106171258285206349 -0.74912428669024966332
3.3398185082673759183 -4.9248897460489562405 -0.70962563777741449744 0.99990088733127335807 -0.0020388770270775365308 0.013930487952072276997 -0.0027080004810366995263 0.94313044574840088075 0.33241183648597255607 -0.013816014168663600173 -0.33241661402979427731 0.9430314482928904285
2.0624398159029087019 2.9946085871567613701 0.86900117991302594511 0.43991644713991351345 -0.00195694497469655216 -0.89803657492456367972 0.38025131212427809579 0.90633529883646546388 0.18429667851275477464 0.81356158904141917532 -0.4225547259816508916 0.39945593547598801099
-6.7179900099478020437 -7.0266091923582356671 -2.3702395992976734718 0.94936191350789778109 0.006428061726574610911 -0.31411882656592343688 -0.17060308590213146829 -0.82900816903235974298 -0.53257867283458626417 -0.26383052185324362693 0.55919954908779134772 -0.7859321344993228653
2.3046141924031022796 -3.4886539348024463436 5.5352035677326147933 0.96278352805239753032 0.0051422200265180233181 -0.27022478732383653499 0.10960506788996106364 -0.92134320538740055451 0.37297912405320615692 -0.24705183100689770415 -0.38871616310595474841 -0.88761767520493273231
-4.7110875566484491372 -1.4376588602916460236 5.7577833144956169775 0.98641284839682286112 -1.4758043937850018335e-05 -0.16428539892509214093 0.12484998602825643499 0.65003964658108581709 0.7495738381651316784 0.10678096041205505096 -0.75990029454860341662 0.64120930189643399189
0.7901887292430158638 -0.32717329415926271752 -5.4664924792120137553 0.87842596909877523892 0.002801522871167194239 -0.47787024209763800942 0.21386617811130970157 0.89194760143078644088 0.39836005593189383056 0.42735123104173583508 -0.4521301004927236189 0.78291078518272128051
5.3723311871525512018 4.9896956862608021765 6.404076870789249476 -0.99559237706691017245 0.0065824695169310557669 0.093554742377360444738 0.085562315175749734109 0.47223074899877731658 0.87731249274235845181 -0.038404543324939123539 0.8814503904333202966 -0.47071254525125116874
-7.2822670526646735567 5.1658436870406987396 -5.5954594323756028373 0.95959971413378752914 0.0016215636892819261516 -0.28136410425926455803 0.2808306488434735293 -0.067336288818269945944 0.95739227638327861758 -0.017393542035692485109 -0.99772901869168328925 -0.065071268283886957162
0.55299839942680761862 -4.2085969895843469146 -5.8963943752076106719 0.97798018651574336602 -0.00017818783648811380854 0.20869768334063565351 -0.16598917654354639062 0.60547722035361450921 0.77836041067323935572 -0.12650038756088424763 -0.79586261621097453833 0.59211514764019312906
