1125 14.717824617146108679 14.977075390850430381 15.033177056927090831
-0.27307893020126333683 7.4108797910408332754 1.4955540194067986626 0.93723369544428114519 7.9909518753168429228e-05 -0.34870186942175573908 -0.25163517524983480822 -0.69211963820135280478 -0.67649844419115012784 -0.2413974703694552193 0.72178279283342261508 -0.64865773815529914614
1.4407674821491525119 6.0978357689576938583 -2.480167921761588179 -0.986010500625439823 0.018578179079051890255 0.16564463142058569178 0.15559114928381892473 0.45904699362512885186 0.87468122873891684943 -0.059788685559152524029 0.88821771481202682619 -0.45551575622943812904
2.049255822055879861 -7.4764964912907636574 -5.238687057021282456 0.77420077647758378525 -0.012509751559238793672 0.6328164534976307154 -0.42653759746463526525 0.72836750339173528257 0.53623358525173314693 -0.46763108926848734326 -0.68507246778630481732 0.55856680731204810808
1.874331618772756114 -0.26088045549119182054 -5.581070347104401641 0.25423676628290670099 0.0029202238248475925753 -0.96713760084219391189 -0.93362146840782667123 -0.2602510307550046087 -0.24621201172755383113 -0.25241755168381430074 0.96553657273235526937 -0.063438996825543367275
-3.4095035478682431673 -1.8914475981830287665 -0.11470857869316419819 0.98781389558801369066 0.0044116639326483913716 -0.15557713490301794401 0.12683579005768438885 -0.60214141020682165895 0.78825021692013397256 -0.090201940354567577973 -0.79837726629432115288 -0.59536320899155403819
2.6472893214564345854 4.9892609825776430554 -0.72806547136822463706 0.51438462607797719173 0.015804446084222663338 -0.85741394666673897973 0.19481460136284456386 0.97153538567663255687 0.13478228917046367052 0.83513814878168979305 -0.23636669363969892155 0.49666392921912383418
2.4108667976427771151 -0.87616317577781976933 -0.74023730680979948904 0.76876655094593748796 -0.019589282451518558181 0.63922941903490548832 -0.62355020934428539992 0.19907973157844058298 0.75601084443376342925 -0.14206733112651390161 -0.97978748741130450295 0.14083093743523009134
-4.8519290121160389972 -5.5868969928638483324 -5.5849624608084296185 -0.95306825823949048448 0.0020380835438201460284 0.30274864384823468866 -0.27959783319031750182 0.37763977818631150329 -0.88273056455903264883 -0.11612900934629380445 -0.92595034648018514911 -0.35934664189524717637
-4.2962146494231010507 3.8105937466314179218 0.77079283907613782567 0.90129742693694758771 -0.0023347287760134274523 -0.43319452586384465942 -0.30324065450532344812 -0.71753255524284997868 -0.62705034695939387834 -0.30936718257120848774 0.69652105582548395901 -0.64741823046599422664
0.45493229145829738869 4.906560867103329393 0.077825158916450448698 -0.92709416437763092489 0.0044779889803410657251 0.37480175825563522007 0.29978106528504977479 0.60910602531796753656 0.73424870637810979446 -0.22500605163734327396 0.79307616124560575965 -0.56604105786641811804
-3.2949258725923269431 7.1080652671069568527 0.13940690994666826708 -0.98204221348191700347 -0.016225196993800369144 -0.18796232048486891109 0.18700918698420254671 0.047844201634782854149 -0.98119238498549754546 0.024912946896244739931 -0.99872302234029386447 -0.043950764777229797686
-5.5518059586392958238 -7.0665521439980691909 3.288269815293771714 -0.99692526339386078327 -0.010490151644521045551 0.07765291961986318936 -0.048865252179199146487 0.85792520250444070928 -0.51144553379328716591 -0.061255255582476887677 -0.51366750298817420717 -0.85579991238445329849
3.3813374092244323776 4.5029510507472467751 0.39825262619134987885 0.88800792225006641711 -0.013424883029341770635 -0.45963213827663557121 -0.0012562984762350369594 0.99949915988393933652 -0.031620422286843342941 0.45982643653367233361 0.028656620650547002388 0.88754630659910493939
1.9379638703259662869 4.1739469534254594052 -4.8924579104169012567 0.95576427385392359604 0.0067644899812380684945 -0.29405593770558557942 -0.12020052482027310248 -0.9034629432155615314 -0.41146876439078228227 -0.26845201928380629797 0.42861282285028862171 -0.86268450863039125576
-4.8488010501946900987 -0.20538036764514167043 4.090835991127415916 0.99399557050928644131 -0.0039461143192087294596 -0.109349138037960536 0.063126761563620334416 0.83695037685012274586 0.54362586276304536437 0.089374592487708320876 -0.54726455656490335944 0.83217407274284860286
2.4314670611442346093 4.4586404389086400357 -6.9682784901692862434 0.89153105698663137613 -0.00843370221499595632 -0.4528810518173772004 0.0047177552947281001239 0.9999453076272204477 -0.0093340526709036423375 0.45293500329869551546 0.0061850158635420975084 0.89152208518092768141
-3.0353437326209173897 -1.0447723110695412707 5.6700391019445124385 0.8602311661742750859 0.003497889143388885954 0.5098922489251961343 -0.40831178109835708501 0.60369435848285446511 0.68471498519625106915 -0.30542401699725790776 -0.79720818253926661878 0.52074493135678268096
-7.0804252406632359751 -4.3706553609046387976 -2.2149388775293457066 -0.75503069997416649706 0.0020624549388476702029 0.65568619657280657886 -0.54425817877399973455 0.55570772738121898549 -0.62846794394509231108 -0.36566607298757586308 -0.83137516682220002906 -0.41845388641684760911
1.0162922383897410317 -3.5405945174807897935 -5.3065624805439099987 -0.62229942002449145644 0.0034416211540401423635 0.78277173370079522474 -0.63317744562780819972 0.58574979597345344651 -0.50594811874870249113 -0.46024966505735909195 -0.81048462771416673878 -0.36233260142264295256
2.458791152519821388 6.9621299138957066788 -0.60954097726101974519 0.75486364902583025227 -0.0030698258645879914625 -0.65587456693216261705 -0.64763715533336374541 0.15456805488636896073 -0.74610644779429846629 0.10366767293135767392 0.98797737452736467123 0.11468967264415466656
3.8183587597283823456 -7.2100093782569256717 5.0295293412393187182 -0.93158808000642800984 -0.0061957767007005904933 0.36346287505192292899 0.22401099459806123049 -0.79723271511231474928 0.56057030982187916468 0.28629132625549780222 0.6036402987754306837 0.74408041649082656832
4.6902213413150537491 -7.2158368942297395066 -2.9723760698349481757 -0.92555846084932846818 -0.0094091823497051002567 0.37848778426447371448 0.15650816518340029959 0.90076802309032810712 0.40511993632618209515 -0.34474154055017236509 0.43419861338507959037 -0.83224085116842738685
3.4627403436944241832 -0.89743287402807603304 -6.6676588385929784764 0.92200375961401681568 -0.0004606633823641889669 0.38718064911227006997 0.17263552946539417743 -0.8946038910421558743 -0.41216604918224036824 0.34656318503831612388 0.44685978328949144123 -0.82474862403920412568
-3.6444676453745459277 6.8099152834529537159 -7.0065295848067004059 -0.97255386252863773588 -0.010484391614198916576 -0.23244152385750849188 0.23027324411162908291 -0.18661975362274482726 -0.95506402958338620923 -0.033364914611208329465 -0.98237627469840249628 0.1839120370794907755
2.5667726562749417774 -4.7552065260304683392 -0.73988033569363798048 -0.97157276183717222739 -0.0067924456119571614138 0.23664367969311331241 0.18353873863531613986 0.60975635552047346977 0.77104521159432948263 -0.14953227035078353602 0.79255980820692595312 -0.59117598948099858713
3.7297293758327185742 2.9494121872601599676 -7.006641149266425117 -0.76147420069596982728 -0.0033107799041955567748 0.6481867635262970051 0.54180466466214072252 -0.55217662406905698713 0.63367868922826764422 0.35581560818019108972 0.83372058542897820033 0.42226204945177109318
6.3390253506431930575 -6.4348889753166576 2.376442766958525965 0.99187763875431678162 -0.0082833943910979451752 0.12692570707577857658 0.12356557886809180213 -0.17394817254052005739 -0.97697163776074991137 0.030171136178738150457 0.98471996965999630813 -0.17151176022213579508
1.3160800383168904659 -1.2416593262500434935 -6.4272980228854308393 -0.0061467416318967838668 0.0044633937942922426168 0.99997114742527315467 0.75434647216370986911 -0.65643289208566213411 0.0075669096870659806331 0.65644772640439164046 0.75437121916464289217 0.00066797802373946141286
-0.20602011670303319035 5.4670628210547596026 4.201297644529615738 0.91859617111275915224 0.0060635369982766102598 -0.39515099384435059537 -0.36713813220331931175 -0.35694504987193903522 -0.85895274797514997722 -0.14625548297180954171 0.93410570327507325139 -0.32566220046189636728
-5.3657830263142747285 4.9900397848027919778 -0.34819756898035331139 -0.98029561962113120899 0.00042279485980834452183 0.19753561551298381982 -0.16749561567483983726 0.5283371594292501916 -0.83234912428367324733 -0.10471731891761590361 -0.84903455006888184364 -0.51785578678628585436
-2.3630478587555656667 -5.7465811646779574318 0.096715501198900308277 0.98433505651858077545 0.0035445065558970577715 0.17627232619374003098 -0.16788627414994580778 0.32415426640694844362 0.93098776067261390654 -0.053839534363983053422 -0.94599759410020634043 0.31967148214378354742
-4.6067316916593368248 -3.8067908379894004334 1.1957029192351344982 0.78308752687485727595 0.0087203272425108151883 -0.6218503687753056397 -0.56366108835652073417 0.43246703449582368783 -0.70374600641653262123 0.26279288941283801551 0.90160757537150892915 0.34357484964253187654
-2.8469894885178250732 7.2682548737213634737 -5.6097218899251739543 0.82296591764656046308 -0.0038163973827428625957 0.56807792907595289211 0.48519552848460112404 0.52485014716211131347 -0.69936944611731421961 -0.29548671295138767556 0.85118608901638193043 0.43378548193120708421
4.689587356491323078 -1.5165806027291748315 -1.8360452680773104994 0.94838784676059018075 0.0010407497852547233259 -0.31711103569061793728 0.31692612479161530459 -0.037412742764118267491 0.94771204387382412815 -0.01087766249976553079 -0.99929935630863009344 -0.035811631347784714241
3.0294348702592781564 -1.4413715534582294264 -4.3620219378393150222 0.52020666669327697562 0.010698224484601930734 -0.85397340234975349649 -0.60094470525004650696 0.71507723170758064057 -0.35711344685599055726 0.60683645668327512723 0.69896359038676414421 0.37841698449441518726
-5.6023554962806150215 5.3033075512504685989 -5.0124045289583971652 -0.98585222947489226097 -0.0040659983780305820195 0.16756744700676778903 0.16736340230211538271 -0.078824864220957233107 0.98273909678526749634 0.0092126656846293585035 0.99688018760413110719 0.078390167452586492769
0.92780627185383945932 -6.0721514864045440518 -4.4031899380093202367 0.51389753095149004469 -0.010475464742811432459 0.8577876149259797689 0.10623834923826389054 0.99300507379747426917 -0.051520253914741728773 -0.85124775525871099191 0.11760607148751167639 0.51141575172862230314
-0.93689879397021835761 -4.5767039230006352213 -2.5415020954952720622 -0.99997040551802263142 -0.0027269569665912245932 0.0071938719591185425195 0.0050500524950368372301 0.47275598508802041398 0.88117891232895573239 -0.005803882998424240644 0.88118916372656164171 -0.47272822284376297963
-7.1292207802487972401 -7.1011634683938567036 -3.0255247838632737256 -0.99915378631466578163 -0.016207533211695171471 -0.037802475583516154112 0.017477692289539388526 -0.99928538088967422404 -0.033515038602299304649 -0.037232265110811721409 -0.034147377753920862831 0.99872304220296626021
3.8911427325252732068 -1.3031350260882983427 0.29034038778567761163 0.034059013367758489421 -0.015130898409633084661 -0.99930527844191896492 -0.94562237277539018532 0.32314125772082286092 -0.03712217215100280937 0.32347845633833949286 0.9462297730847493149 -0.0033022436400027784832
1.1223828929070240878 -0.7298394979289648532 -3.2167625631807656994 -0.58543046688600386407 0.0034742236473462068287 0.81071517699605233354 0.33834001626187448775 0.90979300725891953938 0.24042195685617223644 -0.73674771926185278481 0.41504772462055211646 -0.53379601389453013027
3.5869916745913466016 -7.1338228656357491886 -5.3429879063413476814 0.85292002924612442261 0.00022211432478746366906 0.52204154468391839039 -0.50546160980874244029 -0.24967077619464922433 0.82593768803939815459 0.13052197025896764004 -0.96833075660106004978 -0.21283693546972154431
4.6965253340581041286 -3.1349600752986139796 3.4106524532332365141 -0.99087027640867397782 0.0039649370102808534008 -0.13476043412062740923 -0.045448442864544531805 -0.95088246711955892732 0.30619760411494933994 -0.12692727985367419086 0.30952675651563477111 0.94238137324012960505
-6.7270314770978698604 5.467097404219123824 -1.5478656216953472491 0.82812197344057314474 0.004150687786354446962 -0.56053257612366724771 -0.4626015523084986425 0.56978823774751941045 -0.67922100079896385871 0.31656563443732183005 0.82178107541818923298 0.47377427449979248042
3.6818441363557092849 -5.5104814052506494448 4.331263068144231454 0.91513774783406354185 0.002312792889579383393 -0.40313465923708974303 -0.23157370373303221012 -0.81552925725556735248 -0.53036369624952539592 -0.32999473060721778994 0.57871122466151581065 -0.74578602576225194731
3.7269753960069027521 0.27542600865142574662 -6.4099845354562194899 -0.99903339975619187552 -0.0042101315504268965392 0.043755467818409048142 0.0099105564323589360326 0.94820136644699015704 0.31751527449757133148 -0.042825775449916898829 0.31764200518886032132 -0.94724311002866723452
-3.2482760876972056607 -6.5531840777623626693 1.4498619011429560999 -0.90971243205947183164 0.0005543989234071940251 0.41523846594239000041 -0.072026391121905342096 0.98462975561881016517 -0.15911141798113767609 -0.40894436044323889679 -0.17465376317688469099 -0.895689998308504709
2.1594406372333727617 -6.866484068192852952 -0.27575971699915263757 -0.76107316463631957681 0.00040197623234415700427 0.64866592055200833489 0.45510235109068020165 -0.71224262308877328564 0.53440836060756802262 0.46222233622162101074 0.70193324773136500649 0.54188580681459130872
0.94354972691167660059 -3.5819562339901689363 3.9633326476820731621 -0.0090436580638431299933 -0.0019813549497369646948 -0.99995714232229970797 -0.79396888719312797011 0.60792901905237106686 0.0059761160805814911995 0.60789112381917687067 0.79398890548085110375 -0.007071036359959375836
-3.0135908643834157239 -1.0565643235645321152 2.6435926738598030106 0.58746206188684335636 -0.0043138074697651757755 0.80924020964656828703 0.8079594781253746083 0.059615462753211528879 -0.5862145326654450983 -0.045714412946716409536 0.99821209553169742978 0.03850720430139188688
7.0376065387131969686 -5.3797528987481726404 2.261593427735989259 -0.96768063288432892843 0.0072286153187191507646 -0.25207526626176707252 0.23685987026287574908 -0.31703035441503230052 -0.91836221407381712911 -0.086553998171010962381 -0.94838784339532189449 0.30507196511737710853
-0.62164248884131556583 -4.0105885746618605836 7.2479368686443974568 -0.81198926365121082416 -0.016517187494663423952 0.58343861565090227028 0.58358401369413204218 -0.040367176974203139439 0.8110488209620526634 0.010155524408402435976 0.99904838398372552977 0.04241688088005388102
-4.3451624993469453173 -4.6507017812974869031 -3.357461978064935515 -0.9329969139859285443 -0.00055926670632463950511 0.35988393366967458276 -0.33648066939865239888 -0.35337382517421589423 -0.87287324326206017222 0.12766173120337725999 -0.93548202917138012502 0.32950850593518615783
6.9150015330707628181 -4.9221823476428792077 3.3712548344655712818 -0.96990038942717815562 -0.0094428568210427263341 0.24331885879217057811 0.10708079607818771217 0.88090302798180963872 0.46102446616627457132 -0.2186937075001674502 0.47320258637050210959 -0.85337704126142310823
-2.0392130291166816747 -2.3330176295906959183 -2.5870782434659012061 -0.7854126514266583925 -0.0026567700978666662984 0.61896680731013020704 -0.4807432574026463401 0.63250850512347778221 -0.60730462817967911793 -0.38988830123628148705 -0.77454885741259948961 -0.49805740636990519787
2.4988430745059857507 -2.0663849473951154678 0.94660828071244007553 0.99942984089308783968 -0.0049406962116026933302 -0.033400339118692515261 0.018350192367170711782 -0.75089768207402796119 0.66016357177282181112 -0.028341904882806440158 -0.66040007614836693239 -0.75037888819639708693
5.1328910651921582087 -7.3517988965245910649 2.9516170786639941426 0.72487924458794883442 0.0066011483923425874967 -0.68884432610387247298 -0.15830763942356701479 0.97478810271496940665 -0.15724772209915877097 0.67043923816089001644 0.22303492920423448331 0.70764867574886780588
3.1594829393171575127 7.3516469369134345158 -3.5823167446754240473 -0.99338799163402169423 -0.0035018411314272062523 0.11475205961581813607 0.11427095806078142737 0.066180662216818883503 0.9912427896799309579 -0.011065542068246976906 0.99780151185352949916 -0.065342916383503743538
-3.8729515557377309776 1.5490276757288503617 5.318536019320101893 0.73189547030008905715 0.00011433554298503597127 -0.68141691164922890689 0.51205340910134222732 0.65969329655895647679 0.55009641037086376425 0.44958906434869250202 -0.75153492360815632445 0.48276798963427086653
5.7141361058203852252 -0.84400246006541790322 -2.9948020411986737699 0.95401073725974172568 0.0031935340264255926597 -0.29975542452717507391 -0.097983532076489604501 0.94834120029882007508 -0.3017419348673133217 0.28330679595600394283 0.31723614099925223631 0.9050406014146279432
1.2485133948256197378 -4.8395994791822021242 -7.474779175575735124 0.81431672511090125166 0.0037629470148936279908 -0.58040857284704516772 0.54332634935361445727 -0.35669388561674875149 0.75997759839461143105 -0.20416843365882567096 -0.93421374010092184115 -0.29250630506690666888
-2.4064143659676537901 -1.929683239812612694 2.1703105308360539638 -0.95162117796347667209 -0.0013053755549312091692 -0.3072709384988848158 -0.048203818328678205152 0.9882436279094581888 0.14508936485785639547 0.30346915090314302565 0.15288174479311711362 -0.94049648939225238831
-4.0099082185101115883 -6.2639803279806898217 4.0188620897557818523 0.87826807462189993014 -0.015031355920796875963 0.47793226239623365359 0.47815705773393379907 0.034546026254631580221 -0.87759466737746949505 -0.0033192226851481224092 0.99929006319946356296 0.037528020885360439951
-3.0351974984881628927 4.7222059473949142827 4.415935462368792308 -0.9889262200705144501 -0.0097744526327520862841 0.14808575668469639575 -0.10462648401663909858 0.75359315179791586115 -0.64896121641098836186 -0.1052531714460753498 -0.65726845477244355553 -0.74627069369066534321
5.1789688100305575347 1.9091947673079063819 -4.9215914448005078086 0.93555803003211435165 0.0098873008898056717608 -0.35303457865142129357 0.0098378960858121061728 0.99849056647728617886 0.054035214966642486356 0.35303595885267974319 -0.054026196766072585864 0.93404859714038490637
-6.3121980775809598541 -1.3020982477798872523 -7.0243371054945606957 0.89666647517747222196 0.0055900378703457528906 -0.44267141738483778424 0.20454817655895740636 0.88155712738696700992 0.42546101421852705604 0.39261848626789519479 -0.47204425918556713881 0.78931929002830214515
-6.9889887035857141129 -1.3912712312120150138 3.1396788706118998746 -0.98836519551899981728 0.0084456753540246842782 0.15186477818961732766 -0.14490556031700946304 -0.35572031748223820191 -0.92329054707577007388 0.046223574893950319931 -0.93455429285737112721 0.35280540645783670106
6.7915313198808444639 4.9210791245878757749 -3.5553434398684720108 0.53090875551407079591 -0.0038698061410017909126 -0.84742015430302319867 0.19746541795862795898 -0.97189757742126836604 0.12815033247387822013 -0.82410151196858671963 -0.23537230848842510822 -0.51522478042879304994
5.6701141349643622291 5.6469502849427737345 -3.8479798915604175313 0.87778997926495549997 -0.0033584792012294065536 -0.47903389537638396689 0.46447154063260370771 -0.23881474860545470751 0.85277998557124978785 -0.11726440314251780628 -0.97105933725278070767 -0.20806927521770934852
6.4698833583199704123 -5.4986208258411828353 -3.5511684566866890123 0.61558196894994676729 0.0028728211947979349558 -0.78806762806376362551 -0.28416871944048743837 -0.9319102742897907854 -0.22536942908201224034 -0.73505576550031426208 0.36267752559480348484 -0.57285079561185370256
1.6931287397253944604 -4.491470013212741641 -5.0007203029057682997 -0.66312811420914341554 -0.0052301180078186300382 0.7484876418558832345 0.73869377700963689826 0.15681124596859857823 0.65554689911939745262 -0.12079986735359662942 0.98761474219623623938 -0.10012249020056079862
-1.633621458605217347 -0.56074775337056359525 -7.3235659205910668135 -0.35992854782202526875 -0.00065666927692308724174 -0.93297964031812208319 -0.78833465130631608098 -0.53460857656658467008 0.30450311560181198001 -0.49897887531681733853 0.84509954363198092064 0.1919032134713274107
-3.3781097399949109317 -0.86740430198150830776 -0.5501529557468931575 -0.87010702887760715818 0.0035189909575342121287 0.49285025616339767085 -0.3565134004372978449 0.68596784991034287504 -0.63430773619584923662 -0.34031155373614541126 -0.72762334046672216825 -0.59561088035874154567
-2.3638659789671998546 -5.3075648030928261889 -0.84595700472189028218 -0.99735946021014054708 0.0055891397222338941309 -0.072407655993149244722 0.067156087611277934246 0.45049517884587686467 -0.89024948960017202815 0.027643571151441274913 -0.89276136528958260907 -0.44968097315784372192
5.8618344967686653035 -5.5405223656039348512 -6.1372209535938679892 0.62078298900459139009 0.0083728362145901145952 0.78393773743599104442 0.44325545725628673344 0.82102853010107290643 -0.35977319573961941135 -0.6466475703001225428 0.57082576008267804646 0.50596923962936823926
-4.7295322150033083375 1.5906531620932158333 -3.0662270209040825009 0.98320669882427391695 -0.0050156530186376670558 -0.18242650742645327711 -0.1559552884208556256 0.49604627744382384646 -0.85417564859190797666 0.09477623858625117137 0.86828159824955031265 0.4869338052965310748
3.8881692642008869321 -3.3693636470764811719 -3.0317402912039357332 -0.60323897507249779615 0.0080106685669470972105 0.79752026190098790348 0.024753099822536803187 0.99965589369627882999 0.0086820647100577172384 -0.79717628100859183604 0.024978458470530973817 -0.60322968561712630997
-0.31300898176526731342 6.8723566330311092187 -4.7560085275445489472 0.92618417766945315694 -0.016502507825880294301 0.37671014888142495547 -0.3391791271323942869 0.40002270123385658129 0.85143370746943192184 -0.16474340275847371151 -0.91635664767218583115 0.36489739039162077949
-0.62084159272452321687 -1.1020874134347153905 -3.1325604400100290903 0.33667849150083412058 -0.012313095422481133007 -0.94153915534186138903 -0.91574567106453697019 -0.23707344155269605146 -0.32435481996877990607 -0.21922011606445823695 0.97141369714011382985 -0.091093192507431933191
-3.0257322730883480233 2.8860963286898750901 1.0218721266389780844 0.63638086841596031018 -0.0063052374261005905698 -0.77134922978836373275 -0.31332781109403556874 -0.91586932267728060619 -0.25101606835753625946 -0.70487238072519076137 0.40142698932639647724 -0.58481732116206786021
3.6116542840872778442 -1.2903096358794816645 4.8164084927846300133 -0.84803236660580372241 0.01053410442041844558 0.52983972843961268939 -0.47133467344033530555 -0.47202444698681228497 -0.74500774966422156353 0.24224931537939384252 -0.88152252046720291911 0.40525709754102101634
5.6986758175324130349 -2.3924401470487435262 7.1865248055839483499 0.99807720052075910022 -0.0049579219605990366287 -0.061784470625578576108 -0.061301728380200544433 -0.2263484387375328255 -0.97211546761622880108 -0.0091651458391284416211 0.97403377933765911134 -0.22621714526271288759
6.0610072598049731241 -7.2297435750454841497 -2.0505713426855729509 -0.99829434625091728606 0.0021885309267481922388 -0.058340454026689518574 0.030598020505501279803 0.87066861622534219567 -0.4909174287611792753 0.049720814402038529534 -0.49186519601687367365 -0.86925052174991668252
3.872437500321874726 -0.83947269601234608682 3.4629691035186471737 -0.76746205160160052561 0.007105969983648416366 0.64105499338359461792 0.45987958818798246874 0.70278749347602287312 0.54277113351921502105 -0.44666851659758033399 0.71136435404391074044 -0.54263062213282364787
-2.8368829190244011507 3.3250900387940940384 -5.2945972481067071769 -0.84296725450242082633 -0.011558400574116417525 0.53784069315435467651 -0.33919696484969613648 -0.76457516751322851523 -0.5480604275613859544 0.41755434002454305809 -0.64443092461348128186 0.64059125542616401905
1.4712785232177856276 -0.40999412495047826699 3.866304922124847554 0.91427195449346276845 0.024124063893392878183 0.40438202577253662406 0.15892384127685799111 0.89684263653305940078 -0.41281533155914074129 -0.37262582559520229797 0.44169142490857177252 0.81612418127508645771
4.8502512974535001433 -3.45330165191073446 6.2767362370511561309 0.80499819920930626438 0.00020385606883689851021 -0.59327721826527302085 0.3107913501287987712 -0.8519522070451353013 0.42140974549258014559 -0.50535792855656014311 -0.52361951391602989947 -0.68588334918655025074
-2.5058523212388030821 6.5670013397898649998 -4.5834657384091199717 0.96729817137713081099 -0.00062024797480591219168 0.25364120907870196797 0.23308148093830360903 -0.39222498867258681621 -0.88984975220788453676 0.10003634786449738803 0.91986910675017552474 -0.37925394599489348213
-0.75841078266057493362 -6.0993408413436647209 -3.8127388146410829961 -0.96676433274129791595 -0.0035166710066389262473 -0.25564498423460796372 -0.21162811594734562415 -0.55004877360150683518 0.80787368270043580232 -0.14345823601266916025 0.83512512816009099037 0.53102330912652873085
4.3093339440487223868 -2.9094862175097362389 5.5274786314575230506 0.83358849465812312474 0.021942632957613231875 -0.55194994558616961022 -0.50972093966884257643 0.4156207246098282404 -0.75328877393582482913 0.21287269725530802433 0.90927330002248596408 0.35764127366625642068
-0.82021047487559928246 -5.3907778941169839371 6.3002919515584441257 0.93901172338838978515 -0.0093821803874166963266 -0.34375712069782116131 0.04065064562376880658 0.99564740166597820448 0.083867613333621859883 0.34147402295000134353 -0.092726621027018910071 0.93530597421552075232
5.9225482703285852182 3.4109225647034309148 -0.23423519852551560883 -0.69965088579575085426 0.00015505349160848790752 0.71448485915627790721 -0.17490617609645903174 -0.96961064486556003406 -0.17106439409411353103 0.69274560090161163561 -0.24465316944991435943 0.67841606637053564199
0.77169814530748037651 -0.65533617898411156144 -1.287081994701991583 0.46562906619815025433 -0.010093846469238129324 -0.88492241861916853818 0.70817519991436328475 -0.59542297605190241949 0.37941977520396574786 -0.53073294502759615909 -0.80334898633964857417 -0.27009803259070586101
4.3502026941780789215 3.701437659755081544 -3.8612370697886735371 -0.88712292493468825061 0.0069156335084720726297 0.46148140815020211036 0.45056766158212757656 -0.2036863306589988265 0.86919541015757117997 0.10000849159741723171 0.97901177353270385506 0.17757885260516920178
1.4367149062549560146 1.7334930140115216712 3.5356672539142754985 -0.90494110083211176665 0.0054414514044390854472 0.4255020500907612524 -0.40699590255143069939 -0.30300770094723078474 -0.86170799489906346746 0.12424145576725641182 -0.95297257241399135896 0.27641877088136151963
0.1724912387081224685 -7.1650582417594588236 -1.6810633346239085562 -0.97790233408629845258 -0.0031425029351504225189 -0.20903863198929212297 -0.19435429896719835785 0.38207247896050872127 0.90346390480975546922 0.077028770350002412348 0.92412701805340868866 -0.37424032792054900964
-3.1238963843154352595 -6.4198154037547885409 -4.2640358569455640847 0.96188116045617089167 0.0029783577195885016856 -0.27345157257699992392 0.013690555363023274721 0.99816238471729668014 0.059028996511812086012 0.27312488325558442748 -0.060522583558832714068 0.9600728175643696849
2.0752774221548149214 -5.8685300322201250367 -2.5912780019702310597 -0.94979340414786084246 -0.012939950159158683171 0.31261005602383112878 0.18732698813682913119 0.77675247747218933991 0.60130207737584762118 -0.2506014544111012099 0.6296730472481565366 -0.73533037786858779228
-5.9470901833248781543 1.5597155197446659347 1.9789118234268414653 0.82291365899637725079 0.0099981665136883585143 -0.56807846861464050825 0.4961584686021137669 -0.49982026987669359031 0.70993413205363098406 -0.27683909382805932387 -0.86607143728837132635 -0.41626960211104752085
6.1862507990350650289 6.9898666479328213086 -5.6722957523319674777 -0.77229379130394748554 -0.0012326119382455678203 -0.63526433913853619373 0.14453318561459604918 0.97343153748932054192 -0.17759842363374406249 0.61860525229695317861 -0.22897493856077980046 -0.75159697933244840051
-1.3246703357610334351 3.1413787777168145077 -7.011102995036676333 0.36978083879535833534 -0.0019465836941511896474 0.92911696899349971446 0.92136209838615978907 -0.12817968246593663961 -0.36696301265988207074 0.11980824227611523713 0.99174905082635822495 -0.045604882061617738054
6.9944910503301382931 -0.52255630712614653532 4.7079215195259438431 0.99173639253449008546 -0.0105583987822039857 -0.1278571387830976791 -0.023815113365661694234 0.96413487183765023136 -0.26434218218429228475 0.12606255628864648788 0.26520269440884680634 0.95591619024899832091
-7.0034628717356772754 6.1318787780628678519 -4.8533269784968160465 -0.92920107161229614778 0.0034271424095948747196 0.36955868709779921 -0.34747646856330138831 0.33248849596148355445 -0.87676194251811856439 -0.12587880007896187773 -0.94310108405632864237 -0.30775781540445457107
3.6341574681628130428 7.0074878375379618944 5.8114135023635116184 0.83408292591897481572 -0.0064275507230326170416 -0.55160163096399839056 0.2395404233807145733 -0.89651886774200451047 0.37265842986460528952 -0.49691655059681499873 -0.44295892176844725574 -0.74623142212629745007
-1.4584599430650924123 -5.7288120668773609978 4.6716740949717179276 0.88234937485353615028 0.010198612381669433166 -0.47048439825463755914 0.24391753559055240341 -0.86489876851907510069 0.43869620017217586527 -0.40244728415909331032 -0.50184271292865745284 -0.76563050811305810583
0.75403491550157375478 0.28310069753688954508 -4.0015326380149440766 0.29467433715362079116 -0.0013067885275362075594 -0.955596843510267413 0.87800453113899590285 -0.39434953794331373267 0.27128672142844950654 -0.37719368807367026353 -0.91895959335965737846 -0.11505732245187461071
0.37999951760172767656 6.5490526563798834303 0.0055161988457978240741 0.94202096268448742844 0.011541948936606521298 -0.33535546704606195023 -0.32950044808085321435 0.22079758386657158398 -0.91797488074195621177 0.06345045766155277267 0.97525135753481173584 0.21179902985869847321
-0.77505193479572909165 -3.7377203509096035283 1.9958625072699553993 -0.93764561577096161571 0.012935687252175981019 -0.34735193567993710717 -0.31824265642474769411 -0.43384657358881945077 0.84291088628449162279 -0.13979381551775960091 0.90089389973541189605 0.41091102511656563134
-4.1597899053536773195 -3.1007522680164711915 7.2225958649290884495 0.92980543807267779233 0.00085274025755777485558 -0.36805043155050787274 -0.24704113511755554367 -0.7398159828839798724 -0.62581386132715610682 -0.27282324844174826728 0.6728087278739391941 -0.68767426213748250596
-2.5962791199067845049 5.1961406039573994065 0.19350204543501176024 -0.96534259447464354498 0.01426178881754829042 -0.26059600279499256503 0.15918872664288719054 0.8234309550591436544 -0.54462869145895609346 0.20681543608449631799 -0.56723721989148667699 -0.79716329052896828244
-3.0450964212615239113 0.12049406893291580989 2.1127061527280650566 -0.98375829108445600468 -0.0061910966196542776413 -0.17939145755894200795 0.065530854150964240601 0.91803559825274938522 -0.39104519878763771557 0.16710874266994565907 -0.39644963193740562213 -0.90271942344235200917
2.9625925920908584565 -3.8799667951594174475 6.9945760288985168174 0.79201852774246483957 0.0037911841654860688189 -0.61048528126023338114 0.21285960232354672605 -0.93894383902657485574 0.27032435490108158715 -0.57218654424186754515 -0.34404955177508600439 -0.74446790697247788859
-5.2473145262056837268 4.0123808917151020381 -6.8350438865689220336 -0.84566601280619113634 0.0012291444928844213677 -0.53371104915322331586 -0.12191560215290891955 0.97311302206826499894 0.19541656079454924888 0.51960136714219840037 0.23032484773664543831 -0.82277875749129436578
-0.92098904888635235721 5.5447692553614995603 3.1188850721817660272 0.99968205727720582665 -0.0026702386394474096447 -0.025072977157099642087 -0.021234800995980136762 -0.62535550502704617681 -0.7800510083059547517 -0.013596601949453357774 0.78033541644481341226 -0.62521337978128066482
-1.3818505350915251118 -6.0736023124379352467 -7.1862701848827281736 0.91268206560035991526 -0.0038396798062301988434 -0.40865230207432035048 0.40310428389492303225 0.17293310747510989844 0.8986662765701923794 0.067218921719864099806 -0.98492608717507434957 0.1593807371197245859
0.082593421388119828142 -1.6299385389137670543 0.80107251277102420328 -0.93581472353113326346 -0.0088903146929285616074 0.35238014349113644386 -0.20677986462329817074 0.82344869191737724012 -0.52836951025380396452 -0.28546959699516727405 -0.5673210855275873099 -0.77243374803753217517
2.3409149675284197656 -6.2291757942488894528 -1.5099592325367547918 0.9981775586426012703 0.0084596147990311648668 0.059749446355720547963 0.011493660257941316905 0.94534794393644761001 -0.3258606460881053879 -0.059240671807730967136 0.32595352400688221151 0.94352787080786748586
-6.7622286621658913575 -2.9778188706723307533 -4.7428867785958939152 0.8765282534206472187 0.0056573422389755477838 -0.4813171671923340833 -0.26294437846332219255 0.84318279391920336607 -0.46893819408653902858 0.40318540994163420965 0.53759721959610773379 0.74056110800718588649
-6.4976629731479711438 1.5288323865112027899 -1.9301856012366607196 -0.99881359197143071427 -0.0045425274573213693385 -0.048484780472623660585 0.0057552723912531397743 0.97765056523571480795 -0.21015767683817035416 0.048355820051855437358 -0.21018738720153223865 -0.97646452927302873626
0.74914066438468907005 4.4992882383898988863 1.0101644166378971335 -0.87746895365665733557 0.0030448756220102530384 0.47962377349454976549 0.18784435674508037639 -0.91791772592352627314 0.34948754781023461113 0.44131930957956466699 0.39675909210481330458 0.80487234380641115017
2.7853494397554201534 -7.2766184896898309376 -1.8495895087817819658 -0.98940806346455856257 0.019092266144104485387 -0.14389985866864926645 -0.13873426479477848905 -0.41606726489684819903 0.8986883969725413257 -0.042714022559669599655 0.90913338760310957731 0.41430905833931702675
6.9047297901807684894 -7.451792148128077109 -6.8272878468624700332 0.97632157177399936376 -0.002050611574899994724 -0.21631454754765633286 0.08578038429388203101 0.92164777261615116188 0.37842715138059923596 0.19858981383486667971 -0.38802213625490827864 0.90000050423164679181
6.4997433858536570739 -3.3499119560803394258 -5.0985386662834475402 -0.88331282388857146337 0.0070049247642363556693 0.46873167823720340852 0.20603947962846710928 -0.89233174199756692957 0.40161149766652909365 0.42107741329643383343 0.45132581717940695176 0.78676477981601333767
5.55472028046939581 2.3956662548938223445 4.9772749839117595982 0.82350251629100390538 -0.016643361316521415594 -0.56706842989752381801 -0.56714254959596566152 -0.048625455705804954132 -0.82218300486895767865 -0.013890072001820501918 0.9986784084887198043 -0.049482343500382677814
-6.2117456060163949161 1.907402896145127924 -3.6787171319212177423 -0.96517649209974787361 -0.0059257313579699245898 0.26153245459375779047 0.1354221769344404469 0.84404315418073883048 0.51889496805701640358 -0.22381951007969069778 0.53624251937762057452 -0.81384813529250787933
-5.6008713689917701828 -4.1582325467247152062 -5.6166725108077324435 -0.80725034364409764542 -0.0035917564602562434758 0.59019825649701351811 0.47703549276687851055 0.58486051556340368229 0.65602996576045013999 -0.34753995644712348811 0.81112593141907973759 -0.47041545685950159061
-6.797533956429234081 4.9235155568610098342 -7.1044595778403119013 0.99195583486019889286 0.0069863539753948541294 0.12639150503484336552 0.12549665753570421467 -0.18489371350426170304 -0.97471272878416559404 0.016559306573687183894 0.9827336900528205188 -0.18428316201185235279
1.3548617350484946087 0.80012287746650656572 2.7378251763773726601 0.8511499105287292366 -0.0038635916884116484199 0.52490847056056566533 -0.44713329978213889326 -0.52917640770567064834 0.72114086124244192177 0.27498298498786222233 -0.84850303605057308953 -0.45213599257325715053
2.3837108052092395027 -3.4516075860616619586 -3.2996668868187577495 -0.49428727916837955636 0.0022255980169242220792 0.86929576805938024719 0.30571416734091283463 -0.935672499515896261 0.17622661982995821428 0.81376835373426836817 0.35286260833798255288 0.46181061713376936329
4.913616586885652282 -4.7340996054966515416 -6.438842734868882367 0.79562879120755525264 0.0032770670520985375508 0.60577560815299158481 0.57789627990102954147 -0.30402422158145914199 -0.75736725725922759977 0.18168851443658987077 0.95265866579968982997 -0.24378422877301181293
4.678471107801319917 1.6517985387563935973 1.3758246168127978848 0.98328580144773980454 0.0073345405368002098215 -0.18192096411943672885 0.12988177441043866067 -0.72847942262504972177 0.67264288852838061139 -0.127592152372474954 -0.68502841935712432964 -0.71725609605356044352
4.8520487434977086494 -0.66895188761536428235 -4.3077745305352967975 -0.98426661902319545483 -0.0076745515650270710803 -0.17652287085513171383 -0.1750111076087500217 0.1797271561077134483 0.96802337862833842674 0.024296808231304159453 0.983686561164571871 -0.1782425720586271467
-6.7105512998604934793 -5.9545998271016200576 -5.9289818184844564897 -0.98819485606993995308 0.0078667280171928564286 0.15300013407570783874 0.093347743511686842588 0.82280355013243244855 0.56060727490004380602 -0.12147890853212163498 0.56827144260452289171 -0.81382457710613398394
1.7482903941483893817 5.3482756980640173694 -6.3015134814437008259 -0.99740169698451042191 -0.0044910374960752900281 -0.071900524578856594982 -0.056896561370088499787 -0.56308432972928856852 0.82443848704290934037 -0.04418864284818210808 0.82638723864514507245 0.56136574142685391475
-2.4577359432887209145 -5.3363422681939471914 -2.2013098075745758386 -0.8266112074217177863 0.0077026328602557581765 -0.5627206955603289984 -0.43980926738315229141 0.61500094972541585747 0.65447814337894694159 0.35111496705321959544 0.78848874518531986144 -0.50497898830278242777
-7.1600375018109403413 -5.114011980087694198 7.2532482569960814445 0.97979572865891473299 -0.0076011840236604455434 0.1998563286544009221 0.11355718769132612522 0.84372619002796778176 -0.52462451466228798846 -0.16463625124929601173 0.53671998124014752563 0.82754248622783443956
-6.4463695193523395943 1.3222327642438467254 3.665056230716368546 0.97044820463093373064 -0.0063571390204277510028 -0.2412257633673369206 -0.15217723578388756001 0.75969095450296442174 -0.63222760344330197757 0.18727618919086538862 0.6502532125487049397 0.73627331102810078534
3.1935841464834400227 -0.051656459742190380391 -7.354340817612468939 -0.99355882124259253807 -0.0017312510531828605165 -0.11330433134157537334 -0.11018987699847390682 0.24805754705043653319 0.96245812602855673745 0.026439737858451210772 0.96874375152616354345 -0.24665053038837631005
4.537425880643980669 0.92213777215163972301 4.6892592186098385199 -0.97541687461251824764 -0.0037104928790471945407 0.22033645400542434256 -0.22026976763164976547 0.046221013229651025656 -0.97434329032610933474 -0.0065688803150452260496 -0.99892434657414885812 -0.045902065670153327503
-1.4605787412675919068 2.3251149257874672571 -3.6767897537766542904 0.96235993156284471706 0.0070062685424814958798 -0.27168782512935235607 0.26815250634489845583 0.13826503248046842498 0.95340286035553767352 0.044244722434876926354 -0.99037048269539784684 0.13118197872562822881
6.1702097839554079783 -1.6659848343329961562 -6.0783385933955589309 0.76895967758598138264 0.0034592256843208619294 -0.63928792261756428594 0.25167160479413208662 0.91760075842748178854 0.30768531241158270095 0.58767543558276580384 -0.39748821604060952106 0.70472739447365817522
