1125 14.717824617146108679 14.977075390850430381 15.033177056927090831
7.2806570173079450115 2.5689003481066752244 3.3615555440444468971 0.98028499362382937043 -0.012775904999383917021 -0.19717532180104360706 0.088165260785692839418 -0.86477523053827243249 0.49435886503440173989 -0.17682821626220926459 -0.50199659052527223491 -0.84659979035814569848
2.5305053804790991201 7.4452850774791983213 5.6893929597665859887 -0.9040662411931954523 5.0362958592883866338e-05 -0.42739235954608539858 0.092795746370257156665 0.97616787938732618723 -0.19617650396523317324 0.41719681325535745708 -0.21701674754729349814 -0.88252509895965647324
1.0362193224572877615 6.1895790285758529592 -7.2691004904527254382 0.75656691634570172322 -0.006669714464477143577 -0.65388226463181975401 0.64035641401542675588 0.2101363633065687353 0.73877355924913756802 0.13247703242630662346 -0.9776493357668458728 0.16325321483593310812
1.8418991546003999904 1.8822077499696290293 -4.5135021509515329541 -0.33173986510659642102 -0.0014303975002429884442 0.94336981924483842565 0.86470386916960106927 0.39931944025997589964 0.30468213481182776503 -0.37714172474291107751 0.91681074306177945399 -0.13123330699334848082
-0.8309366594260889638 0.83563507505359047034 -6.3912109720265188884 -0.8823194745917224413 -0.009772174242282126444 0.47054951850661741464 0.085371607204709459849 0.97987613443334964369 0.18042851728954473201 -0.46284342216291196603 0.19936716324060196892 -0.86372952987720053031
-1.0306869813572923089 -3.3115657302339638335 0.43303724746985672311 -0.027850671844828325807 0.0060494604800251303156 0.99959378954939115403 -0.71332786740381581847 -0.70065606291145110518 -0.015634420054992641952 0.7002768692901687464 -0.71347353527186063715 0.023828990827441394462
-1.6296694737432408928 2.2302854281837669603 -1.2333510812918935251 0.99997326470341318938 -0.0061771461767777154084 -0.003913150070461186153 0.0015759610971879944863 -0.34050994030797449019 0.94023959547451363417 -0.0071404639193304334996 -0.9402206248623846685 -0.34049110173175284322
-5.7222138200192187441 -4.4556989786351088867 3.1870606654300730476 -0.99994512357292197891 -0.0052442290491419973203 -0.0090690630471803972135 -0.0096032679001518579665 0.11290229055968625804 0.99355968619506729311 -0.0041865365771318789959 0.99359225583126697945 -0.11294645662182914436
-0.46260934768849026888 3.4791068244723684089 2.2486218665102053471 0.92886422401401025351 0.013408205099021306209 -0.37017762409815413438 -0.059915040323636627184 -0.98074688948696076007 -0.18586480760151941061 -0.36554266685290703887 0.19482237755903586418 -0.91017734530818172889
-1.2124681700135100382 -7.2471744978590741937 -1.7502067171549533509 -0.93082718832321997837 -0.00048519714826818043096 -0.36545931382578755731 -0.33692196645826327783 0.38853608705672265655 0.85762654901340751312 0.1415780138163905133 0.92143337992416196602 -0.36182342705445791342
3.5501446590082008647 6.8011459513957790435 5.0951256175500008183 -0.92462201228284213173 -0.0092310203227498575929 -0.38077410976302727974 -0.3431824851951388311 -0.41347811030577286129 0.84336328717425679269 -0.16522686300156452788 0.91046726495891316944 0.37914303789058723115
3.3571417100218758911 0.3642770488277566332 2.3538151912445788305 0.90615041155014308671 0.0032823334392776543078 -0.42294285421872185315 0.08328431661951239684 0.97900727966662337565 0.18603351570305132201 0.41467475719249607957 -0.20379885339914871611 0.88685448248311304908
7.3536519373341011629 6.9004502985572120366 -1.5457519762326383805 -0.99964058599521021797 -0.0029822053361154166745 0.026642171129469486429 0.016900376347261835547 -0.84154675372157405899 0.53991984458819874959 0.020810480784520531128 0.54017605255334444347 0.84129469042509308352
0.86427756132749056217 -5.8178117598346830164 6.7758204210024937098 0.9979366233589879176 0.012559402824611758109 -0.062966317659969059384 -0.063939945499962874687 0.10509921609772168716 -0.99240406999629793283 -0.0058462918532767305102 0.99438242953930955359 0.10568540436240843328
0.71254182616433203723 -4.8831581437409621316 -5.6309108268595169378 0.89775005432827625906 0.0063411298568648022389 0.44045956684553272398 0.41554587613272980784 0.3196043521200592763 -0.8515718894696935326 -0.14617272243040141388 0.94752986664168914466 0.28428979411726534865
4.5369979445939900842 6.4343367613817932238 4.3284721278646269838 0.98264863315397976695 0.0052483338860156124317 0.18540258561325087538 0.03671124215411963182 0.97432035893330470877 -0.2221533768986748425 -0.18180744885776919939 0.22510507137643787079 0.95722189610363950241
-2.4601388853083325792 -2.5195030692313657994 6.8782313042112317447 -0.4849581620594454745 -0.011217262879121784463 0.87446541044539205512 0.86215426992513710669 0.16154018242074502654 0.4802028574606539979 -0.14664786361142012616 0.98680238268717179739 -0.068669218877378923604
4.08699620166491151 -1.0661722194297473809 4.8278894289241893745 -0.96846933934137469091 0.0062828099003829074309 0.24905353853239761697 -0.21017472693372457604 -0.55736581753592662203 -0.80322470679193935794 0.1337674209742443221 -0.83024326058231423531 0.54111219293571677369
5.1097786498694590662 -5.2978196899613569926 3.2689379023035569638 -0.92813420113577738135 0.013127600528880473824 0.37201420777474109025 0.087076410392087591483 -0.96399400704115134619 0.251263314357786538 0.36191795124748971091 0.2655997373740878742 0.89357270329375104723
-5.6089833944295417467 2.1022681063675023871 -6.1182569006754059515 0.95482596737839864343 -0.0091525346222255180018 -0.29702458337609460859 -0.24660994314335574207 -0.58209132431271126684 -0.77482464216267488144 -0.16580382372736868213 0.81307190412044205718 -0.55805301788234051852
5.6581011454968095364 -6.7144959226559608467 6.2804086569527921569 0.53984644201207276915 0.010153783930708459513 0.8417022749873286358 0.41439115760502076569 0.8671625839919044898 -0.27624087572828082138 -0.73269760989487764391 0.49792163399098615661 0.46392699733691206143
-6.8993044496168387525 -5.6663519277322240697 1.2230585979056902701 -0.99761686299226115526 0.0014457212584594878249 0.06898191475457399191 -0.051418583000830131446 -0.68224053776120852088 -0.72931747405195690437 0.046007868841571750163 -0.73112636289861554495 0.68068900202602589111
7.0173949711692360509 -1.3721233400577410588 6.5005767205117415131 -0.99880139781712318214 0.0048900222259383877357 -0.048701698135198749628 -0.037479301316001474575 -0.71636566453235106522 0.69671768791379473651 -0.03148125936934593333 0.69770790619124900545 0.71569030169955105691
3.474574929812146884 4.8548115411178125456 1.1676322625795056975 -0.99876831185785130973 0.00075943807457869855204 0.049611314058054571674 0.023762799981620386786 0.88507524757389166581 0.46484097868956214539 -0.043556728134558422849 0.4654473433008906591 -0.88400315726155542784
6.1763563583145240088 -2.7017906146643659859 -2.8726596664448997842 0.98205982729332663705 -0.012003813163386022056 -0.18818715175612948931 -0.022218414899674729379 -0.99838611725416215315 -0.052263782042995352017 -0.18725607508405500701 0.055507380983423011689 -0.98074160358402351356
-0.57843687675846822138 6.4532672435338893635 0.36086454158659464486 -0.99906192628355183771 -0.0041479033507410157516 0.043105247340491342767 0.011102819802506611394 0.9375937867340511378 0.34755520204717366139 -0.041856837469226013115 0.34770775944089826748 -0.93666820122258698245
-4.4549476734010786672 6.5651465891015288179 3.948141101614743409 0.99697339256690209464 -0.0075738276673784042659 -0.077373714194621079354 0.031884691356044089772 0.94752420854293428754 0.31808998834019425184 0.07090430854988405418 -0.31959429181323301128 0.94489791388777499836
2.9377029587747887085 -1.9734740787637463644 -2.0976114768878457717 -0.62147279768693908242 -0.00089357883654376212001 0.78343523232742584561 0.64812594785678101506 0.56119321034482705368 0.5147765888009956381 -0.44011852659242389763 0.82768434936261592316 -0.34818716284554934726
-4.3490530550487580541 4.5385879540387632503 -0.41159332182394342547 0.94822020188551159325 -0.0061299823460230634664 -0.31755451823711688952 -0.18118508306248515272 -0.83161399232496979739 -0.52496679270685353558 -0.26086474352044591862 0.55532025992735389863 -0.78966384905369080283
1.6870021164333557362 -6.3052313630693026525 -3.971356020936916309 0.91059365863815378006 -0.0024092594612990193489 0.41329575889028435931 -0.35279918267863730197 0.5163735365438782976 0.78031474896884589487 -0.21529497334851521728 -0.8563600680940329779 0.46935648309672040046
-3.7625571374892023968 5.6923153160399149186 6.137754226970458582 -0.93866911903746930168 0.0098730009454849228245 -0.34467783337147345213 -0.11656123716057061046 -0.9498325626318907533 0.29022677504962124395 -0.3245208205292166026 0.31260298593654778365 0.89272930400343053492
1.2862828918293125469 -5.9272579721598699365 -2.1384890242613807665 0.9734511328217463344 0.010223573529343575605 0.22866650509544522718 -0.10596604099462865467 -0.86537329817196861903 0.4897961340873787095 0.20288935448716724497 -0.50102348583204536769 -0.84131526580739302013
-4.0419721370615766531 -6.604411228376978471 5.2453246772818866717 -0.99705881182795552675 0.0026376967567646749345 0.076594832150084612987 0.076507003662610720274 -0.024648306538241973596 0.99676433492342175757 0.0045170949556433909536 0.99969270455511871631 0.024374008955149916583
4.7143705106925510862 0.75088310292253523937 -3.9347447713818315407 0.88407409163264794039 0.00061809868265378688224 -0.46734635813071789823 0.46072900949024447881 -0.16884282866612931873 0.87133281759738823169 -0.078369511406867625736 -0.98564279389749187565 -0.14955434637553663424
-1.8507089324855419132 -5.2131809184179989103 -6.6312765243568811968 0.95062095728095175051 0.019655540756761711446 -0.30973126302627751461 -0.30963255674878842338 0.12808800289307575859 -0.94218954744577532168 0.021153613864205569883 0.99156801240888636784 0.127849135265229924
-4.3182688734195426861 5.1787493254769891848 -4.3882883679281112776 -0.99987260146679757256 -0.003147762881308244394 0.015648400067474827618 0.0098002626833173147464 0.65275619822626362865 0.75750465379987186321 -0.012599035167999898463 0.75756150724934145924 -0.65264218914098848234
-3.8644187461963666053 6.6423336959437433435 6.5032861009214641967 0.9999590334838482919 -0.0067007260845780873201 -0.006085361448589961253 0.0080050588480920364942 0.34085886794286851531 0.9400803961243948681 -0.0042249718175249532243 -0.94009059798223826299 0.34089854384915801999
4.0209115202016967316 -7.371601959324576292 7.2093207422569873799 0.98493533300651714413 -0.0042680894009100491665 -0.17287039424997557857 0.066453945677505538159 0.93227030974764879545 0.35560644351156273091 0.15964417590118729073 -0.3617372706481256639 0.91850959936459175559
-0.84040479851477323248 4.2279743261987485781 -5.0055839544669602503 -0.8172302447817204607 0.012158032296011237264 -0.5761830518721221539 -0.0061401672670165835174 0.99953701792142524152 0.029800136758201575815 0.57627860047017520628 0.027891433372280564212 -0.81677722947226893968
0.46180008218045187629 4.4931625747385295355 1.5890839802089025135 -0.90236202157591771655 -0.0016723388906367702735 -0.43097562030839392522 0.094249582977768572856 0.97502193143484239268 -0.20111998739429773342 0.42054702249096165279 -0.22210231089209009347 -0.87966514388742522712
6.1071709858080103217 -2.9466301629735007772 4.4834054919011077089 -0.67428759009574901206 0.014890279829996702632 0.73831871533202930724 -0.73538200398765130039 -0.10485889871206971469 -0.66949079125246380162 0.067450382162863989355 -0.99437562868732409793 0.081655097934008533112
5.1364164449151585856 6.359585042405710098 -1.8584832037477776456 0.9928711212388013907 -0.0071993977152685784821 -0.11897522970126037101 0.03207322945059602054 0.97749475353709214254 0.20850734941497628405 0.11479653549883453434 -0.21083684564134774764 0.97075721988437502219
4.2232000911512006525 -6.1675492521710992833 -5.2953707355987127414 0.53205922191158028234 -0.003380485200120512089 0.8467003937041237549 -0.055512564422154866972 -0.99797975840720731799 0.030899142393208518798 0.84488540025863012595 -0.063442683811223685164 -0.53117199314418317435
-4.3653126232194088274 1.3562990865459516598 -4.2805490665154710683 -0.92123959184230330699 0.0073888381491401620288 0.38892546778673481311 -0.17992258535742089443 0.87834944112143520378 -0.44286580649220180783 -0.34488473103429234667 -0.47796199048926119035 -0.80784086177097846893
7.0445851726295058981 -4.3559926409603182407 -0.61630082458036350435 0.70777854231735359836 2.686854672475334771e-05 -0.70643438075541042931 -0.056018373717327471506 -0.99684887175865966036 -0.056162876346333934219 -0.70420982444243163112 0.07932418390076062531 -0.70554673623174313235
2.3662992522034218545 -0.39526206389483203862 1.2821060113032844985 0.81370506406693265955 -0.0040122613076082986813 -0.58126411421244772448 0.34162030906598561675 -0.80575469155325452064 0.4837922503241152139 -0.47029738798501047325 -0.5922358303912534927 -0.65427600296457533169
3.1522510274002635278 -3.7443632770237300633 1.6092122751121318291 -0.99258972810446299828 0.0052837814437041597665 -0.12139898399566212417 -0.11275187547708671876 0.3324461705126562916 0.93635813569800308009 0.045306139075570163455 0.94310743044738587493 -0.32938689773111862191
-5.2872936670434693696 1.4614707948405509796 -2.4929839265816089444 -0.98866415218639558393 0.0060708141592971612971 -0.15002112983525259238 -0.15012936116761624317 -0.05388126493378971732 0.98719703413477877252 -0.0020902385094136652355 0.99852889517758303128 0.054181882566005021284
-4.2333734092937849169 2.0328638216656211846 1.4088360128394781245 0.93191164144998483998 0.0037436785853005491963 0.36266606871962775438 0.01008368835147070014 0.99929272834730442643 -0.036226541395077568875 -0.36254518581708106151 0.037416947268219875877 0.93121477667502161601
7.2481168050298361294 0.95832519433069240922 2.2757988658186492081 -0.86646035657284881104 -0.019980588872412947954 0.49884589459671557776 0.20656963421401394743 -0.92400320528026946842 0.32178729442372067115 0.45450570591394701125 0.38186234784302403034 0.80473952965626571743
-4.7207749246659318487 0.44763609678834476169 -2.3110619594463148729 -0.80602248899186101916 -0.008905228954848585024 0.59181791468017663771 0.048999965030458420001 -0.9974584733858469221 0.051726176137470152028 0.58985316025792600136 0.070691518360087940431 0.80441031729193679389
-7.2658976334699287847 -7.0663889335949914283 7.3435333292596700616 -0.7573955447302278543 0.0010992627543421607233 0.65295541995174688488 -0.60269731182994912277 0.38355410684691665368 -0.69974438006598971285 -0.2512129358450275185 -0.92351775226158494547 -0.28983964898178865566
-1.8686425807274760214 0.19446940893913514103 -4.6370733803697339326 -0.40439591308444949869 0.0028500512236462414301 0.91457958794664184765 -0.68155871293813374834 0.66588561701285275962 -0.303437087175643605 -0.60987020446880446656 -0.74604840477244471764 -0.26733894485792392137
-6.3802523478608170748 -1.9609892511836317652 1.4427966597836934248 -0.87881217133731837077 -0.0028958493785446810971 0.47715907364902876431 0.026856828674071256402 0.99809624141044483991 0.055521199880119817549 -0.47641145899625203519 0.061607685713261056693 -0.8770613517868632858
-6.2670023219512742685 -1.2006307065975496684 -3.876263703608041844 -0.96168345395161480837 -0.0060820202706186512337 0.27409477088242001352 0.26914509330838043422 -0.21133033184969909901 0.93962780375444920899 0.052209703539596682975 0.97739577442801583995 0.20486982937113293324
-0.63963051828140027322 -3.2807229769378380979 6.5857803819506477438 -0.73674877759991563853 -0.012525766442615413748 0.67605054831717803498 -0.53422213003924789998 -0.60212237380832756006 -0.59334253406924131191 0.41449723096939383726 -0.79830555060985286531 0.43692138123951773654
-5.8567490707493092827 3.7525211926099801829 4.9675356282597071811 0.99963740649036192387 -0.007078494620230937201 -0.025979808680145578814 0.0012644745239812470866 -0.95142430267184907589 0.307880167255684567 -0.026897149464621517012 -0.30780138271155699226 -0.9510703718188031619
6.3649125429866835191 -7.1979317725977232101 -5.6933909458772555823 -0.29646837704679307457 0.0011237524673041831939 -0.95504200880995693268 0.78242900516754898543 -0.57313492277735178515 -0.24355946330542727063 -0.54764162851616560168 -0.8194602476467973684 0.16903712385956168318
-4.8848604900469396739 2.6743463619001137666 3.081851292366067252 0.88664303881271133712 -0.0029144861375797522646 -0.46244526972983213131 0.14265992846658606674 -0.94948679832076698926 0.2795048561734249648 -0.43990029158310561819 -0.31379344413988319307 -0.84144007979191071112
-6.4907172879063761428 -0.60991447573866208742 -0.28386286520379061526 0.97989097165391947364 -0.010780584874284803582 0.19924222107985795072 0.13031689436041965502 -0.72158220293549213409 -0.67995340388212555105 0.15109993618571870844 0.69224482908607243292 -0.7056669936224788664
-2.2291592364057377651 2.7093650518895273649 -5.9411518969761232256 0.90644031736509333985 -0.0063433826683067275065 -0.42228629216601698548 0.36035118879678584847 -0.50984709669987116065 0.78115488779071229342 -0.22025660441350622398 -0.86024165179500378109 -0.45986011865480264094
-7.3253486087151262751 0.097621400458115833998 -7.317025442630242793 -0.99766121144388553166 -0.0084018708293181806196 0.067834473144393198085 -0.050238702076377379779 -0.5828016262802120373 -0.81106000839565672855 0.046348462691797091828 -0.81257102641660483577 0.58101647742072226599
-0.091767142410740215608 -1.1058533109957109364 0.3825298337375383495 0.97826224960062113656 -0.0082904376422646697264 -0.20720579058051097343 0.17979877870457516842 0.53175533044375755676 0.82759209017557677779 0.10332168302314541364 -0.84685744797365758441 0.52168677635996307806
-6.3131262221591546435 -0.75946117416180614068 -6.9149864407715382342 -0.96416000071278018524 0.0070711335385896028835 0.26522724614214093775 0.2472664989331410379 0.38640411133894897455 0.88856690307803398721 -0.096201723118734164264 0.92230247848022162138 -0.37430384269748256942
0.097246369014722666702 4.6360580770987880328 2.6663290563676809164 -0.9978168091366321768 0.0019434762878680336348 -0.066013925078859059248 -0.053970386896947511457 0.55209931394326527965 0.83202977403548539215 0.038063272883459044194 0.83377609131182317537 -0.55078908559824546476
6.6616146762238974688 1.0621430524162005504 -2.572862991487908868 0.95640009686377214226 0.010320891981746811022 -0.29187725829143884582 0.23983567585153225954 0.54254831656456825595 0.80505911135893182262 0.16666644325672824722 -0.83996119159273252563 0.51641794441169741603
-4.4999214318419511471 -5.3944409087091340638 3.540196587737981293 0.94042044602209096116 -0.010153958323337496789 -0.33986215122319890503 -0.20682665338162645186 0.77627835861947580565 -0.5954952941795065291 0.2698742673072548337 0.63030850150490513872 0.72792793103160091661
3.2742585717577439297 5.0745789716017428717 -3.4820139143047943442 -0.97975127408941009577 0.0056842100419088759794 0.20013777923348990972 -0.071435132732855066706 -0.94373369134129359015 -0.32289896506311605018 0.187041339633098741 -0.33065754124708940376 0.92503033879142637641
-6.3837262143040254259 4.9992350708906378998 -3.8633753980572138609 0.97622401665334901377 -0.0025005607486313567549 0.21674966321810681946 -0.19683599142490271205 0.40857403098469879943 0.89124791931575642057 -0.090786903179908895467 -0.91272175847878000976 0.39836758127411098229
-5.4006559213734082192 -4.7182707086827173626 5.0156040193030539953 0.7471289548403277081 0.0049257173810545737749 -0.66466086250610167951 -0.119751387229910633 -0.98261201759699501324 -0.14189160697689098822 -0.65380266907959994072 0.18560538834378795259 -0.73354802823130937917
-6.0207079681651665126 -0.41311395100037862083 -5.3695820879400715242 -0.67934216068093822294 -0.0068864959719969077306 0.73378934640298187908 -0.41732641867211867082 -0.8188812619169517637 -0.39404585920888485218 0.60359994118586601797 -0.57392164539640755372 0.55342664911057337651
3.783890661747271178 -5.5985698958985032903 -2.3676832451210030328 0.99858661936091686062 -0.0076851166220772149096 0.052589947859113361783 0.027981723007602078701 -0.76523132744361910262 -0.64314698061676045526 0.045186135161650799186 0.64370952648027357501 -0.76393472149641761249
1.1783761673259194325 -6.7728735265635320317 -5.8454144069844353737 -0.99586832203809627639 -2.9158422887736595852e-05 -0.090809054123088428501 -0.087780746582395582922 0.2564031387997267597 0.96257569621462868437 0.023255659319393655327 0.96656992999135149525 -0.25534632314989841317
-6.0429506690500884858 -7.2305706065733561516 -1.4340958519228359513 0.84716805225633728949 -0.011548090982954029374 -0.53119952261916192349 0.52720350637122026516 -0.10601469229726753762 0.84309984455402053882 -0.066051147651534955485 -0.99429750407593719963 -0.083724066325874479944
0.077576304287735958765 -4.1173333815202459718 5.6863060745958913245 0.95372688200997468577 0.0040472807988347885705 -0.30064705894079468695 -0.10682003978637596986 -0.9301188270577975814 -0.35138077160370995156 -0.28105962647033960744 0.36723641849748805965 -0.8866469981326231542
-6.1946166808924374436 0.2752958888498545087 -6.3125705054239951153 -0.92250772890387777725 -0.00076626115341392724706 0.38597785293524028427 -0.3779479559581769843 -0.20113250135218621595 -0.90371514288876908516 0.0783251728352218346 -0.9795637446044586083 0.18525668019449706425
-0.19455730729501105603 -0.88206001795039767899 6.6297768116075701528 0.98132443395870694314 0.0015415486405120559441 -0.19235378588282733836 0.15043688109119954244 0.61703383952443591198 0.77242344972783816281 0.11987952336921554874 -0.78693510819481615748 0.60527847753506280881
-3.1109081770486182172 -4.5362180010918908835 6.9310779523565955174 0.99872704522675126437 -0.0030651497906484916414 0.050347730728179836135 0.042663193136858595933 -0.48117497358209693203 -0.87558580204883773579 0.026909869640925912493 0.87661921588281033202 -0.48043169052531964347
-7.0782237283181697052 -2.5687894109807420939 4.6609685184384410661 0.95081629852562199456 -0.0078056402526334184994 -0.30965696898082178956 -0.30065464748998804723 0.21728610093794867297 -0.92865145952712102595 0.074532874631293349887 0.97607675021964568352 0.204252364196267161
-4.0748848729137829849 0.67703116952043207455 1.096542415929074199 -0.92771433528794755574 -0.010795895946600823564 0.373134775559569698 -0.0022781498562491715384 -0.99939934725806067739 -0.034579686716084967468 0.37328396983321560088 -0.032930128011572246116 0.92713250645993872112
5.7975958440879447053 6.5888556361339372103 0.51252565685940598694 -0.88118866337238443975 -0.0024002302048843661419 -0.47275868943772969555 -0.25805523806001728904 0.84031881775439132287 0.47673029968489727404 0.39612376052654679759 0.54208719171619190735 -0.7410988078006339741
-1.8187797760780015643 -1.2810160364599942895 -0.28395779112300240099 0.27089236291549700919 0.0078916543644661669987 -0.96257729534070279875 -0.75423186853141988006 0.62307533825414451734 -0.20715069720144818621 0.5981234121865369735 0.78212201391517977012 0.17473848787111864733
-7.1662765746290828517 6.6575977435358550949 4.2476176789259225686 0.98067667708021877271 0.0020282833697036956912 -0.19562500120817380433 -0.15395587100686439208 0.62498154258174631881 -0.76530755988340459783 0.12070975442619244489 0.78063689222246601673 0.61321708854831091795
3.2573580955991694452 1.8788744230557583581 5.0659116662816536802 -0.99996457135283700612 0.0053703932991771450786 0.006481891306320429133 -0.0048107743344679449599 -0.9964993734154822258 0.083461699196593699956 0.0069074227754362385254 0.08342755934516289662 0.99648990454108687942
-1.508702492883328361 4.2112277670484203895 -0.17389816367385010909 -0.21049367196264373581 -0.00017923245614006509891 -0.97759520351690520901 0.93285450089403354479 0.29902446910387897594 -0.20091502442262601513 0.29236089722345987019 -0.95424542689650981853 -0.062775560704927985123
6.8412247510818504637 3.4551762418388185516 0.87207885420829700518 0.98644911426986858771 0.0026810344462486115219 -0.16404559430365192596 -0.065380679415235135044 -0.91062280788933114284 -0.4080336610023573285 -0.15047761200710785268 0.41322985589875987911 -0.89810777442280076421
-0.43463462157168170075 -2.7054298370391562933 5.4361318581890412105 0.99958413982240956752 0.0043858971591754078098 -0.028501075799809080791 0.028147429081550420782 0.066385910620438345897 0.99739692856319028813 0.0062665502261766113656 -0.99778438290901516616 0.06623485163457802638
0.47748035494511331667 4.6498909386741225092 5.5128845039910707726 -0.9618198895736852494 0.0013252206140493129165 -0.27368000257728747338 -0.2210755480328507605 0.58571647923108205447 0.779783180133539644 0.1613322722903030304 0.81051492876291242329 -0.56306078550207339095
6.5108512556941944283 -4.6009268451972138436 3.3888887685058453059 0.8349958092186069436 0.0044385268431663613131 -0.55023840111978050693 -0.40862866862846253246 -0.66469486153761758729 -0.62546251064341218395 -0.36851676998785876105 0.74710176048842369401 -0.55320371447853844415
1.2327362902587086779 6.1263679000525064211 -3.8555757930874916539 0.99451400737427508858 -0.0073623961780776483316 -0.10434406671662560528 0.031473712029010142421 -0.93023372947454796567 0.36561539081221994252 -0.099756175686366924116 -0.36689372258215025013 -0.92489875215740124936
3.7565263098251517881 -2.549473090213635551 7.3978460817397229121 0.89965631653045419203 0.0087720701844842575989 -0.43651066758058754136 -0.058645533014953760143 -0.98830948634317039581 -0.1407304539240732677 -0.43264213107871524189 0.15220844256799131999 -0.88862442934389085369
-0.85089064215723742013 5.5829794046970908639 -5.8194572771505148623 0.83113045697291787484 -0.0029588312380706941092 0.5560696078815831056 -0.53748649443108986734 0.25213365240260438016 0.80469676874612527939 -0.14258482316179904581 -0.96768789733255500263 0.20796562590988007524
1.5175426908250759794 -3.4331060685263437016 4.4602037872959874321 0.64192781871867432564 0.0065182616836154221029 -0.76673736560801220019 0.76607416456540922134 -0.047892576404744396923 0.64096542458301286604 -0.032543047497174765192 -0.99883122367593835111 -0.035737048978015155398
-0.095584718836959750576 6.9845563022968937261 -2.7659590126233872809 -0.94808514644925667714 0.0017200001194337347782 0.3180119442437135957 0.23992896256412118983 0.66021171749775520166 0.71172647906449992838 -0.20873104226490607482 0.7510775790010758568 -0.6263496007156491574
4.0531853304407805538 2.2007882843286914465 1.8524940652484385151 -0.83026319467284981357 -0.0028288694125741635499 0.55736435575801912545 0.54988251219826467242 0.15921780639530544454 0.81992616308128196678 -0.091061794130090523147 0.98723942770971395699 -0.1306371387673014306
-0.29343810420396609917 5.3399366291219845237 -2.7307842366485410857 -0.95113239075409572454 0.00090467923694694321601 0.30878205390526597407 -0.26079221439027405749 -0.53778089440722309789 -0.80173507502425644944 0.16533177605017906897 -0.8430841542610267858 0.51173676110087407132
-6.2014602556021527491 7.2140021117665851236 -2.6622118600937261235 -0.99937953341722918221 0.0053494668283374721685 0.034812804992066695431 -0.00392055542421633485 -0.99915206393817257435 0.040985148201469194518 0.035002534650072344991 0.040823232755177310538 0.99855309635267519575
-6.5140549230228232958 7.2290082191593807437 2.8893486110010684342 -0.86197615810146499538 0.0074828225989342477681 -0.50689358866593925423 0.50218030930878942986 -0.12421760235395160055 -0.85579490779504208131 -0.069368867708872017364 -0.99222678588687684975 0.10331488547843617476
-2.2109057974364270116 -2.7205357743935985049 -5.2759977478298196729 0.97479116070055482624 0.0061142023140776102785 -0.22303544460486957046 0.18357839169808723434 -0.59012283201158921564 0.78616411597071234052 -0.12681154175207701162 -0.80729031932048500586 -0.57636895579982649895
-3.8211648280356254048 -3.1451053193808164998 4.0382138534541693886 0.99919284752124082338 -0.0073164359651099169363 -0.03949839524640120364 -0.025529019257457173653 0.64351315085910887337 -0.76500921160925405839 0.031014877688389123206 0.76540008782075208416 0.6428069561897126194
-3.5068973890551076167 3.7335933350540697617 -5.936843808994032301 0.89003671696882791231 -0.0019438520880576039968 0.45588470459785074285 0.0090119274955947903383 -0.99972049010255881196 -0.02185696300701392078 0.45579976701410657158 0.0235618995018774674 -0.88977042504333381245
-6.3079601635227700029 -4.6629671783669186524 2.1328629659000286622 -0.99988611717181896665 -0.0016788360844781282256 -0.014997806385087046263 -0.012719742595693575224 -0.44106907811026752064 0.89738301548631205229 -0.0081216276239485796218 0.89747158720725106473 0.44099749355335060574
-7.2048637394368295617 -2.1531768220532319091 -4.8232464706830269208 -0.88218370188280936794 -0.0029966739244446480468 0.47089588666466841715 0.4499924361224771352 -0.3000585685210787612 0.84111334723070962927 0.13877580323993854439 0.9539160735633590571 0.26605525935910606661
6.3307590270944684718 1.7683789606571018727 6.9955045776074191721 0.93765424636105354494 -0.00044207583147138664048 0.34756915693144196933 -0.32919788650396875074 0.31968248211612160237 0.88849978173849275542 -0.11150455507463159777 -0.9475246251137946496 0.2996061064140173591
3.7313196569513933376 -6.0908819275777261737 7.3110057361558631328 0.53747309989397307195 0.0061737782451222866092 0.84325829456491141478 -0.83643569465738742963 0.13105613847180352938 0.53216502823075861883 -0.10722870694595589003 -0.99135572476848021761 0.075603117499641284138
5.0193362823261491457 -2.7322153964938489246 5.8980758982263710166 0.92998720234131915241 -0.0024763240231440164507 0.36758355689647209674 -0.36721600108728347234 0.038952588579219904474 0.92931969977426209795 -0.016619627757979902466 -0.9992379915027641557 0.035316063071484729563
-4.7373984300995575225 6.2895634916503402323 5.149763657044030829 -0.99973816415970429006 0.0057915867113049260273 -0.022137313431288538346 0.018634777248702230623 0.76751201933959811718 -0.64076364226305404515 0.013279615938813943074 -0.64100839128100695063 -0.76741898211342740588
-0.23269363612071156111 -0.81831728745112575218 -0.54946238209127218344 -0.95582386388248741227 -0.0018163999792149942546 0.29393441772564748993 -0.12078546454110040964 -0.90922747733277820004 -0.3983921008486794868 0.26797688853367940265 -0.41629568236298242212 0.86884192581710695258
2.2332989139572396731 -4.0808668781030572603 0.63386168377451157507 0.99920188803657605803 0.00076360280985221171135 0.039937499355616849772 -0.0068465177761471160758 0.9882955157577520966 0.15239783045512447779 -0.039353680112168262784 -0.15254963272263835639 0.98751197330350060088
2.220007412504524158 0.85034507629163580411 -5.2196324148865889114 -0.90705564876973665545 0.0058180574002077494952 0.42097054557661511831 -0.044152124011438476092 0.99307624289154639019 -0.10885846659632571198 -0.4186891925763217559 -0.11732743077613673466 -0.90051853618191357587
7.1431497732297026815 -4.0793596150137823031 -5.5773249588406033084 -0.98783345847555148467 -0.00012290677193868733419 0.15551541148728487141 -0.019412794349241514757 0.99227545138913630929 -0.12252580130710437334 -0.15429906588079536633 -0.12405407475903759695 -0.9802052768701479124
-5.6557858184588418737 -7.4601894683338230152 4.3299695296190989779 -0.9738559627754294068 0.0047086679706483912378 -0.22711757354453654401 0.22370479699934656126 -0.15399227663714223913 -0.96241495340394367375 -0.039506044679977571354 -0.98806083172144787419 0.14891294521193515488
0.9703628816204896701 -6.4805842701081228796 3.9417310296891887589 0.87431056312167909628 -0.0016845405194531055254 0.48536398871057329085 -0.44217471565311422532 0.40961462500761219863 0.79793319257750328077 -0.20015633902261562027 -0.91225710263226078567 0.35738553222815977461
-4.6864104826722527974 2.7239313655990353702 -5.5614544090696025336 0.89533847339098204809 0.003755313481046304927 -0.44537053751522348577 0.16768436224408478363 -0.92922916102877883837 0.32926451517401905678 -0.41261479944951068299 -0.3694848629033311016 -0.83260432581197885149
4.7596947344077049635 -4.7751160677780610797 -5.5074872221140651618 0.84567916730896974808 -0.001656272936648604463 0.53368905060889382241 -0.53301566961274626788 -0.052935056412070649601 0.8444478525935821267 0.026852223875835981581 -0.99859658349237578889 -0.045648893856385180934
-3.7409886535075411729 -6.7540372829919483877 -7.3024532484128821253 0.97948146025200544251 0.012983767926300963241 -0.20111561548751086259 -0.16323362929330789695 0.6363844778906766475 -0.75390289730672210844 0.11819835570007533598 0.77126274256588744915 0.62544618524672968007
0.045635269926574753563 3.2270498029570005016 -6.505928718287645296 0.97741058384528722858 0.0042149553057689312721 -0.21130732296584356367 -0.010922292565323583197 0.99947249180733666041 -0.030584990525546047052 0.21106694225377542473 0.032202053849043940636 0.97694102872971610996
-1.4391253471440150769 -3.5171487341070388766 -6.4968222179545440653 0.77629380712909390461 0.010099476789930308257 -0.63029035022076762562 0.6288885895891096478 -0.080945543540668032922 0.77327030258867257562 -0.043209569513748227743 -0.99666735651848203936 -0.069188969879345446623
-3.5264580069965005826 0.16813279790056681606 3.8133300745944045396 -0.66440287503497241772 -0.010872220252732076734 0.74729553355552313931 0.68456712850775147672 -0.4100743732274554354 0.60266645417571218513 0.299894425109723195 0.91198728239416659846 0.27989735714932334476
2.1351767670424761647 1.3876787884973749154 -3.0705689798948117009 0.89835475099199579851 -0.0060886069927340771141 -0.4392284943341420167 -0.078519412939230232018 -0.98602586109785439472 -0.14692754349648354251 -0.43219607027586698367 0.16648102027295649807 -0.8862790907649262806
-0.69178888874242938645 3.1281169482563830897 -1.1384569032199305383 -0.31483290673484165545 0.0036331791540845713266 -0.94914015869434820161 -0.6050294205436731465 0.76972171671141498273 0.20363663496373157757 0.731313640727090708 0.63836923393279021433 -0.24013554517079904738
1.7468403983356024511 5.9305120851370114465 -4.9720095851492915884 -0.98633159836676154164 -0.0096785147958731859719 0.16448800690136214375 0.0038102806020433865886 -0.99934618538997399551 -0.035953908108084048356 0.1647284426709372529 -0.034835730189826316638 0.98572359821474908603
-2.568884013794066945 -0.90973149616772408521 5.1929555052385847347 -0.94151595497473439256 0.009948511410207694361 0.33682151601211124392 -0.22784577078389298133 0.7176350840226183303 -0.65809284368979603652 -0.24826198110840844158 -0.69634827012110322997 -0.67339815520646228997
3.8920841614778436401 1.0097709018631539912 -2.4760620279682359346 0.99765714690713935831 0.0077434630999845509292 0.067972465045304880649 -0.014107719094551940398 0.99550468129852609511 0.093655762101631123695 -0.066941687214092326919 -0.094395276852789866684 0.99328160267919318738
-2.9665247743766256505 4.5960688597835890334 1.4494315268087289983 0.78679964466473495399 -0.002504710405419401445 -0.61720340697469866509 -0.38101881372257612179 -0.78867209431871476699 -0.48251527564658269753 -0.48556254256772046762 0.61480895737504215326 -0.62148126535438752427
1.962922572603428284 3.917177569655228897 -3.8044190570803659845 -0.84505373275059192384 -0.013061861117960021222 -0.53452182046062546306 -0.53357218376996629061 -0.04375918728839466032 0.84462172493653941974 -0.034422572119560096437 0.99895671643572447884 0.03000941879930286299
-0.92683648709644428365 6.7690259217131032443 -6.2043458796939328082 0.94699201722632497802 -0.0093418009860161965729 0.32112123888638449687 -0.20289759266360232748 -0.79237977639151957465 0.57529719003056456472 0.24907566360632515945 -0.6099565728149587418 -0.75227275178559704916
-3.500126391034808826 5.8980480948540607855 -7.480759088365117826 0.77247038834999659507 0.0090597017148870886277 0.6349861580595947963 -0.58701064661627033736 0.39168776443150793432 0.70851901594357125092 -0.2422973377515956761 -0.92005359463434432943 0.30788534086422886249
-2.5281872476119815474 -6.5388702639424591823 6.4539867030314956864 0.98981827218301188243 -0.011026470093680487 -0.14190914350382735631 0.13039658344070115259 0.46996297399631908887 0.87300145137309181909 0.057065918723020803149 -0.88261725568317384027 0.46661575293866425218
5.0124457196690901384 6.0278706491744822316 -3.8497788192318602718 0.99751543434442824232 0.0023757554246175774382 0.070408195764502273795 -0.0047953627082304248891 0.99940294476631419407 0.034216348270570837165 -0.070284868507735159815 -0.03446896834318879943 0.99693125514252511898
5.7663474243487584658 -0.23680415133889720636 -0.64027187113025729737 0.74015563806665685131 -0.0046719864268849175398 -0.6724193661553745649 -0.4208895227368079639 -0.78308885645417403154 -0.45784697503384697015 -0.52442505764734959062 0.62189228604325330618 -0.58157402234916477646
-5.5513140158449862938 -2.5008223486552951798 -2.3590319672452735311 0.63254621761813956127 -1.0983649591123079148e-05 -0.77452261584561787888 -0.62074417912241963702 -0.59806373309941851524 -0.50694815833258710658 -0.46320831886158569946 0.80144854546666111084 -0.37830977030317491927
1.3042448921991929289 -4.9028397466564213047 0.13873240505088335617 0.98272061019555223549 0.003388879623176275363 -0.18506409103813911687 -0.028115190394870467894 0.99096380555658547529 -0.13114980802885833899 0.18294736501500244441 0.13408673152790970273 0.97393583467400191012
4.3387944593957072925 3.1621218528263250747 -0.28802998767441417849 0.99720142855514248836 0.0015067993358121719791 -0.074746507901260986206 0.05768028435316374658 0.62056725896604802983 0.78202893929595329592 0.047563596211889137833 -0.78415177526747303904 0.61874364454130392765
-5.8670102657179530325 6.2354711455205888981 -2.5078574062820542245 0.96692315010521234786 0.0018702842476650679768 -0.25506101981203388451 0.13332688720524904502 -0.85619278666827480784 0.49915714279707151801 -0.21744783958200933349 -0.51665308872982951272 -0.82812198555953675516
4.5303032855737068729 -2.9820076631880283458 3.1786955218364227882 0.89666185415610233367 -0.013215848341906522717 -0.44251876870249512441 0.020407236520202608893 0.99972568242509374237 0.011493676412634061881 0.44224547934254992976 -0.019336526380753789323 0.89668558299357425945
1.0223800430533547257 -2.0434294696496904109 4.5728912193604838166 0.99148554414471024021 -0.0049412789924979097153 -0.13012301684984023398 -0.12959778377453443077 -0.13476500135742996989 -0.9823659241087218108 -0.012681884438641304741 0.99086526741587122036 -0.13425792950894449573
-0.75378491097430255774 -0.75549771423693345973 -4.5822307605482599513 0.95618570390907831058 -0.0054128728668421544762 0.29271077951995760902 0.28538217234392559973 -0.20582516885724105871 -0.93605182312372869902 0.065313975136361640539 0.97857380951672789937 -0.19526234654856847173
-6.7465798597571771111 2.6669080641885960503 6.524155384317825046 -0.91423906684877020989 -0.0094802902213749640908 0.40506425755031433278 0.37045272954114522035 0.38536268905976317489 0.84513926252193705135 -0.16410881701777027541 0.92271649057437865604 -0.34880162585501522932
-3.2615716634907179206 4.9133347016436141885 -5.6970723651224499662 0.94690250713345991418 0.0058566352595694846223 -0.32146748172695183143 0.31696497080799568291 -0.1847217279048865568 0.93027473926821335759 -0.053933748850729663904 -0.98277341389727745913 -0.17676981549928788562
-1.581179486073122975 -4.2669111647274773347 -7.299004748456998648 0.99389110327164176262 -0.012742932945749897017 -0.10962706097233630709 -0.019053163878059931752 0.95858659566509507588 -0.28416318473299173597 0.10870810357896953935 0.28451600354161277195 0.95248789595730465329
