1125 14.717824617146108679 14.977075390850430381 15.033177056927090831
5.0078260542139885203 4.553722996253758204 2.7573349530945923114 0.85092412272064199552 -0.0032851713548018258645 0.52527835004048484269 0.43959029098830804116 -0.54296076203276433247 -0.7155095994895301903 0.28755610485765992212 0.83975164098791843514 -0.46057428067268313399
-2.7295066477053060439 1.3138014337352039718 -4.8494625671156388336 -0.93009337220426901993 0.0045994848217944294191 0.36729438291517746418 0.31491129760074854094 -0.50476900018076076293 0.80376559462315633198 0.18909572608888930434 0.86324220309014887409 0.46803387182884598205
-2.1692134747897555691 6.1260978641537979783 7.4442127218126472599 0.89380527394409559072 0.0030637267773873629387 -0.44844480802862518587 -0.4390772840870477145 0.209409832614389807 -0.87370398911937852127 0.091231961879130407667 0.97782316171312910758 0.18851682563910365786
0.73960956406646383154 2.5681663204788716115 6.7706909458449224815 -0.99960513079054613694 0.010361229703193752805 0.026119483460805618252 -0.027621906237935187067 -0.19167064716663595458 -0.98107053431977397917 -0.0051587588625341823656 -0.98140460969662957069 0.19188115924498883036
-0.49199680826437564019 -2.2368190757626496001 -3.258691021858070247 -0.98457501484811327241 -0.0065554038450717855638 0.17484011787149808526 0.0049855625053714727746 0.99784090937689673417 0.065487890029134090963 -0.17489192177852153076 0.065349416633946944 -0.98241654579013815152
-4.192224114134227797 -5.5706539942962924883 1.1291648370355191755 -0.46267681076504635351 -0.004290854823311426175 -0.88651664245248784635 -0.45833441113025918945 -0.85481764864068521259 0.24334410850942095328 -0.75885422602382424095 0.51891075931924202091 0.39353765704003407233
5.8474420970694120925 0.29666163640342602115 -3.1170981143218843279 0.51708806585488353846 -0.0065716310033784655631 -0.8559069726415289292 0.66185107685228095065 0.63715031748791828292 0.39495901685435264028 0.5427458744384512368 -0.77071154564541632936 0.33381226638489996938
-4.0242642784320681315 -4.0225626984089446481 5.5528943851895444794 -0.97312655673432002512 -0.0069291286966329038166 -0.23016666082221387546 0.17812839962662424531 -0.65608782745545990434 -0.73336146333936458319 -0.14592798849085805712 -0.75465273460063353461 0.63969076305245264891
-0.082356422386633237886 3.3852516141533386396 0.70397683664660015701 0.97067175803568495063 -0.010848644348182888072 0.24016378800269166938 0.11607012488253203031 0.89598462780576737519 -0.42864819239746770885 -0.21053281041617052938 0.44395253535896345154 0.87096617734937309407
-2.3450943403561255174 5.1915409956384319656 -0.89800693060755398811 -0.87182576101429953841 0.0039276936563034884481 0.489800383477177248 0.29500308267173463994 -0.79405400655000435428 0.53146158459117542883 0.39101537520411239202 0.60783452345565303077 0.6911180568105459443
-1.3746480172737602921 4.4139229875172008022 -5.2218518396391493397 -0.85890412598333931715 -0.015149472747097202444 -0.51191229311697672433 0.46620629814253933265 -0.43686001029869686585 -0.769288644771335961 -0.21197969228447505197 -0.89940192621393533212 0.38228364493088895504
-6.3614696210597205805 1.4789775867230545714 2.2829282234072372226 0.97879348076482242114 -0.0022845536854153303263 -0.20483677117824661273 -0.0074191032640731555126 0.99888644558411054941 -0.046592120954038244995 0.20471511648876750122 0.047123769402453420663 0.97768659162235105331
-1.6169057432365507854 6.084620943905289181 1.7140382319092937191 -0.022869383529990051918 0.00070450193917338766944 -0.99973821322083045171 -0.99389414060589653666 -0.10798601627255707824 0.022659601916119029297 -0.10794178322765819733 0.99415216338680711949 0.0031697739714171514411
-4.0597769876996920857 7.3599747993732345108 -7.030673478703941548 0.95523440218842370353 0.0016888102380511254771 -0.29584520411161702169 0.22610194267604200036 -0.64908262787185433407 0.7263399023275964872 -0.19080133226472836827 -0.7607160377664303752 -0.62040789928169104428
1.7077650022057282442 -2.9202873996353888586 -3.296685692806015755 0.96136935666449419013 -0.0080096787425012142686 -0.27514506194538596029 -0.27155429617725085345 0.13590377046973187158 -0.95277931831024975651 0.045024707596625086758 0.99068966393039703533 0.12847865771127736645
-4.8702318836706277594 6.1861688837253350215 -7.4240330999144790169 0.54964756842806261616 0.0063811332759364635531 -0.83537227130140145892 -0.29112891472950985783 -0.93582134219266133179 -0.1987017123857880152 -0.78302714226865599567 0.35241693579444721696 -0.5125141928138611247
-2.3380049774247835259 -2.0267309127166122096 7.0182453840397442946 -0.99995946017164427655 0.00020676866468466914475 0.0090019586725728004128 -0.0074186038431920918457 0.54767795695474918993 -0.83665633313977127994 -0.0051031686471966399704 -0.83668919720085999092 -0.54765422024961107894
-7.1067074477035152569 -2.262567071532592955 6.492430234353595786 -0.92092431850649791869 0.017152428480815704037 0.38936383214231273797 -0.37531949821204024786 0.23022429195645274791 -0.89784856721787742462 -0.10504129590421262819 -0.97298641798873475306 -0.20558150832303789812
0.55709887214928899279 -6.1347181560174055548 6.4319774689637565501 -0.24710903719712309923 -0.0021172601687327080762 -0.96898536673403423691 0.1926749589282011621 -0.98013668543646637055 -0.046994021573528860225 -0.94963860701717561774 -0.19831186316259472036 0.24260857567584770411
-6.1071511286502637716 4.2901208883677695027 -6.5561065317762556859 0.71954326773019572361 -0.006112995911905168972 0.69442070616089868196 -0.40945371325401747065 -0.81139085263622445776 0.41712413135736514658 0.56089673075053070317 -0.58447199722416487422 -0.58633381438772846916
5.3403640959465326077 -6.6361114981220632458 -2.3111668212048988025 -0.99341752381857328924 -0.0052603612246932811986 0.11442880743061650817 -0.026051698376628323883 -0.96239258759619283889 -0.27041045902764615505 0.1115478927721290231 -0.27161155339866593916 0.95592061996716914951
-6.0389781975964558214 -5.6049735166338265913 4.2692116566911932907 -0.98047691341308162993 -0.011601916088824461987 -0.19629166514830470591 -0.09502337501366668604 -0.84600122646938824555 0.52464510196255376151 -0.17214987791058236621 0.53305470671898380619 0.82838221804912126611
1.5752000692721495057 -2.1568259203389095191 -2.1323088869814443846 -0.68104018189088433299 -0.0035974930659251769943 0.73223720794135660483 -0.57834190070494051472 -0.61068981057106574983 -0.54090535323075616958 0.44911570506836573369 -0.79186173875767806862 0.41382371869267031705
-0.66081732349030553042 5.6596069302456566419 -2.0808070385422992032 -0.96341774234068677796 0.00062587840986550076494 -0.26800347389446493862 -0.19581052101350446271 0.68113347087816178416 0.70548950007062227741 0.18298768702760576099 0.73215900125979604951 -0.65609351716854558134
-0.96662214372650145933 -4.0774240054757884266 -4.0833395827368903497 -0.73892545870813108877 -0.0005416133891586096677 0.6737869642014761018 0.45102366701352164524 0.74251700365209116761 0.49522333454833589172 -0.50056649734743907665 0.66982699702416259591 -0.54842043706540011261
0.96684966215493917119 5.697225914276289771 3.3883431307590119452 -0.93885378138101449608 0.0039954193305633666639 0.34429291861849048439 0.20644130327812154624 0.80680103188390361879 0.55358295065137386182 -0.27556408598962828238 0.59080972535616593788 -0.7582930191800554276
-5.2851020927358494106 -5.5808649271093164757 6.1044618527677458886 0.99948933027246467109 0.0013374039137405225111 0.031926321780456907995 -0.005307048058541779037 0.99219540982574561117 0.12457970926959910374 -0.031510536532430508116 -0.12468552470743037019 0.99169582333286998566
-6.7513374050348087252 -5.4072394294348438137 -3.665669499493614758 -0.95444258758695932343 -0.001332492387769924902 0.29839164107635540724 0.29339304542929489639 0.1781320852107036723 0.9392494243342257576 -0.054404667942533409264 0.9840056832572960932 -0.1696259043411539047
-3.7334571867865196104 2.1977415702458262814 6.148096915486041425 0.99921181484483334589 0.0057758356780865660607 0.039273258037825165001 0.022336716794547413489 -0.89967436490376806457 -0.43598980288282151996 0.032814938024116793724 0.43652339783479138235 -0.89909426813058279659
2.7911969484383658546 -7.4431682994333803194 -4.5015794184727999649 -0.96466069287421929435 0.0096961216447896125814 0.26331679180862660461 0.24909469426308894491 -0.29228479960988335007 0.92332087012416830252 0.085916127201577791039 0.95628216606924310028 0.27954040485170400521
1.7820943133635869238 5.5786763219836394967 4.170477831227455745 0.96929125085720690969 -0.0062964777424567514377 -0.24583495556901888146 0.24239056872332714887 -0.14419221323125802625 0.95940367824887762271 -0.041488350239196086777 -0.98952966605926107047 -0.13823804390588717572
1.4962275454835169963 6.5424214116792933638 -2.072432260897737244 0.96169247791124423674 -0.0065589962104483576222 -0.27405210726774187346 0.2561725331333022937 0.37738775956587200522 0.8899180367865395791 0.097586941735209431492 -0.92603210446434625069 0.36461120430423582528
2.8380913552026045821 7.2684302719351112643 6.0309831438228700407 0.40310319011948525514 0.0058235291558399069831 0.91513600334797784441 -0.63153556058238513593 0.72548263723331962716 0.27356494437859985025 -0.66232216770652929672 -0.68821583066738645229 0.29612213119498786984
3.554525964020577522 -0.96505879884192702356 -2.0730129273241586496 0.7854456681099972748 0.0036960261911071312473 -0.61891957622762672209 -0.20633699308970288033 -0.94121325998803528901 -0.26747456796002788693 -0.58352390502019657603 0.3377927450569448431 -0.73850925089460783823
1.2653463816870467173 2.5407895833861644519 -4.9219854584411040221 0.99979325172498523244 0.0015373213997097782101 -0.020275365548016427431 0.017151934483012103161 0.47178578144322902421 0.88154636155537502429 0.010920849265612288942 -0.88171186510729704366 0.47166187251081420628
5.236003768811360537 7.2934061979178004265 -4.6448808622375814537 -0.95398736884289714322 -0.0049344905508417026899 0.29980618888043075732 -0.18785038472555706801 0.7891611450164189856 -0.58475372607173203843 -0.23370993356403235719 -0.61416637648058358678 -0.75377671027571568896
2.4414867535396855835 -5.3974476186073960804 3.3869060706211433498 0.87550676358760581852 -0.0079656196962324295197 0.48314020306243576908 -0.079881158568267301989 0.98372087083637982374 0.16097282002428170422 -0.47655734955838729983 -0.1795265918566163188 0.86061797296952025071
6.7454487355143140093 7.0379259223428212167 -6.3378835166532638823 -0.79697599680692188251 0.0019824443761322354737 0.60400772381471634631 0.57362265422665714709 -0.31070827933043471125 0.75790330235033764872 0.18917270170812547359 0.95050325358194454051 0.24648986563060942823
-2.1593248325140224075 5.4093627781610882366 -3.3675248484883031352 -0.99994053129828031068 0.008615721736496438285 -0.00668604560646747937 0.0056385152193955609401 -0.11634039073925621366 -0.99319339538124629119 -0.0093349350835099948603 -0.99317203082921545754 0.11628489224918020506
0.76847811974965429815 2.3112962874622966503 -0.59114240545305674068 -0.5340511462011322541 0.010785329471345188324 -0.84538337451691414337 -0.61308480344702842579 -0.69346883661939262566 0.37845474817998397965 -0.58216526607452601105 0.72040589205386962313 0.37696014865035143426
4.3484680135161415393 -0.80657750414573203823 5.0124495211948199014 0.94892845367167588666 -0.010764562101672847313 0.31530764978848596636 0.28202742337382791238 -0.41900090495801756152 -0.86307518450557407785 0.14140481702359797289 0.90792200427514835326 -0.39456597911553697999
6.1298133199658773052 7.0882443690036334161 -2.192689048491202719 0.9983327335818589221 -0.006358381818272843336 -0.057370062224076270874 0.0023038138028803030813 -0.98873296074910510534 0.14967239147647665165 -0.057675345693870026798 -0.14955501766566919875 -0.98706983095941114303
4.6024430337051613904 -4.2085150668165800525 -2.356836542781872712 -0.76442254456849867417 0.00017543637924996233202 0.64471555167958116694 -0.06341302868192182085 -0.99517150422708222646 -0.074916386509631796575 0.64158940230407057737 -0.098151140575900810981 0.76074265849553202035
0.079897556914145281826 5.9136749149213665433 -2.7929390169842984726 -0.94542367297532414749 0.0039812272058639373851 -0.32581931865353991329 0.32221547697446828451 -0.13737935233814935199 -0.93664513021171458274 -0.048489844050497089845 -0.99051050644656302158 0.1285988788554093265
0.70896070201490990481 -4.7668209839342319256 -0.72198028602707731149 0.91973219559552343849 -0.0049939165592879398992 -0.39251464836670663106 -0.39109058747092356745 -0.097694517897575758325 -0.91515241001942171373 -0.033776334565250629161 0.99520391979240707681 -0.091805867204471897081
4.6302088916828330056 -2.2088139336901941867 3.1714949827402794114 -0.9935259080452202296 -0.0020761308587300356804 0.11358679379081801364 0.078195516411999593798 0.71280216935613938123 0.69699248817635284237 -0.082411960637381070915 0.70136207271415451636 -0.70802507844147366534
4.3767837303826153672 -2.8992948969697054373 0.73834733774996719191 -0.99241259600618869641 -0.0021185162567622520605 -0.12293393012967424038 -0.11321166692019768441 -0.37428406033540506659 0.92037740120669442323 -0.047962045008714912497 0.92731168118797491218 0.37120437520437543633
-6.6617847131780081327 3.0517096830622212345 1.0932131760907051188 -0.4892043885387276636 0.010340977569570496131 0.8721078662742169918 0.27400506870133162218 -0.94747939356114274645 0.16493641533308006641 0.82800983602878241996 0.31964959402424442114 0.46067759711070044304
0.35460326647389156518 -3.1283083919100396209 2.8582953110152882203 0.88338539664616355651 0.0075842708952023061078 -0.46858587241531934886 -0.35997657983865277709 0.65120507063616828169 -0.66809342007347360948 0.30007849466415559281 0.75886391060109703588 0.57799520951932570334
5.5800544763709138962 2.474761201138911737 5.0089778858504905301 0.97238266597393552271 -0.0037539123339163128767 -0.23336207715831314147 -0.1672068178679976258 0.68637455854137585654 -0.70776538870279837035 0.16283068191201519048 0.72723852588351478587 0.66679104335522798586
-3.1272965599141739901 -3.2887581146494517803 -4.6539720800797939049 -0.84347118750872296378 -0.0054083771903284654642 0.53714719146484302126 0.25330934255987086479 -0.88579449352482664271 0.38884764653141296042 0.47369898966995516165 0.46404618810773073934 0.74851212581252180023
-3.746188328238309051 -4.3073087877096485343 -5.168624270453187286 -0.98169139261095006432 0.0046027777683070774176 -0.19042275103193015418 -0.16827282497528861516 -0.48939745083376323675 0.85567189476594307518 -0.089253941361585209524 0.87204870824640612348 0.48121178746702736317
-3.2299273015283964661 -2.5324153561810169855 -3.2477478567005553245 -0.99908490716993236802 0.002672055183369153198 0.042687332856513014734 0.023105164155407330318 0.87360570829552997019 0.48608560750440876763 -0.035993050088276232201 0.48662709188319402953 -0.87286801624913745723
-3.0237543951918244289 -2.1335367709887926857 4.8754762979509225218 -0.775973437381137221 0.00093172318364790045891 0.63076489785867029259 -0.58965237678504112129 -0.35619263930163103105 -0.72487024925796872399 0.22399843533058869105 -0.93441208018699362103 0.27694541947848033692
-3.1364112185947936595 -0.87787809606267375173 -2.0123213239950441533 -0.76302471763835932883 0.0037793627681593023118 0.64635825723046980151 -0.2238724178098673856 0.93654271260867871796 -0.26975709073839326813 -0.60636162544874916414 -0.35053311380916468698 -0.71375914376376936588
1.8405625253614743553 -3.9520626909032592344 4.59189444534777369 -0.95688693762784293728 -0.0057862423509812081074 -0.29040300962035953125 0.09915260357342904618 0.9332378245963818264 -0.34530555157303749469 0.27301309456088918015 -0.35921258628003821523 -0.89242936306259335044
-1.6030931866948481268 6.0682103950186974117 5.1651590698758163001 0.71481175681497943764 -0.0082037498243777515899 -0.69926879725027646373 -0.10886381076766715736 0.98643549792350238015 -0.12285633537362181111 0.69079144683775894897 0.16394421894387645189 0.70422259978695478377
0.22180600260313923511 -5.380398781950822773 -2.4441551170706414808 -0.98629549543365235831 0.0022343492161229967265 -0.16497334139464922553 0.0021110892486334667008 -0.99965553401009799028 -0.026160210726553997235 -0.16497496473560185892 -0.026149971446509861356 0.98595103326877198135
1.9998524381597280186 4.9180802109057184524 5.0253231785663654563 0.99769038434923440484 0.0038145355330057913873 0.067818480488161830833 0.043676295168873252583 -0.80068243940957906091 -0.59749478027968516702 0.05202190132418146179 0.59907685695570311868 -0.7989997754961593035
-5.8710097071443145822 -1.9532239562837061531 0.77383464918774857999 0.97654857892658009089 -0.0016054177882538738908 0.21529118799914259696 0.21493729458164090307 0.06506341095172768485 -0.97445816326464362866 -0.012443166569826708684 0.99787984005539021037 0.063882645661106268742
1.2596372151330426092 -1.4766359085191891332 6.671115258163792916 0.80306456485040766946 -0.0012913092582984416964 -0.59589062520058244665 0.35933222606881431993 0.79877687260419560911 0.48253068203068605335 0.47536055367479218559 -0.60162599703881380897 0.64193341064085218672
2.9293909884746569539 0.7992006924241692456 -0.67126469152552259434 -0.93686952060839856493 3.8108808290812992703e-05 0.34967913850074844317 0.11911366623925979946 -0.94016009298131963945 0.31923491989500418775 0.32876653702888480879 0.34073303055768983105 0.88080279632673297296
-2.9787985931388551997 0.22987117739747953138 1.5910462482817011587 0.83664016862995049806 -0.0067433643670973620124 0.54771137953483906013 -0.0054395149144437085834 -0.99997719499751924754 -0.0040026444424904822697 0.5477258802653368619 0.00036948890356766498147 -0.83665776967981497769
-0.95272039202860947515 3.4000331395906573384 -3.727421367770136218 -0.82460307383469078069 -0.0017254061970318037081 -0.56570910687021103147 -0.5541365337628874066 -0.19879145929404729021 0.80834068168130712717 -0.11385285491215264841 0.98004029441907669629 0.16296793777664503322
2.7830302128350346003 6.8693411596300713029 -6.6737556124794821244 -0.99938024548875770137 -0.0053632313141971435511 0.034790238239061709036 -0.029005287882510090436 0.68545969622069169436 -0.72753260966907851159 -0.019945380460432881459 -0.72809081892778704237 -0.68519044154986896711
-6.846874533581740252 0.11259850668844956223 -2.0056915550628771072 0.79843904127321607689 0.010321693196953694513 -0.60198717596004436281 0.01987118928371749832 0.99885655628851088839 0.043482361897032632825 0.60174764910822742259 -0.046680216465282066418 0.79732096685316133922
-7.0415418580057700382 -2.1391342045335566269 5.2765636456343028016 0.99997041235508432599 -0.0055737751455723688263 -0.0053016455087645381061 0.0073232617260274093796 0.47881550235180941888 0.87788500644741385148 -0.0023546235720416832521 -0.87789785723520585847 0.47884215354291587152
-6.4520642697084715778 4.230040565001228714 -2.8855759326484298199 0.99124081378078698901 -0.0089507420313118604693 -0.13176317130520054377 -0.12332027142895932159 0.29431503085501864447 -0.94771872054296113497 0.047262667614084132028 0.95566654583586863048 0.29063326275583817315
-4.9938153158647731189 -7.1104933874833937679 -3.7742182069458785065 0.76087115511865466289 0.0041776235497685727804 -0.64888953818805605867 -0.64222126972234883091 -0.13828479895780187992 -0.75394240833995296303 -0.092881246894425784077 0.99038369425108208066 -0.10253395601790632474
-3.1004034810386698062 -6.4546058261177723381 -5.2010722932580417677 0.97786960989323989946 0.0020806577248492028748 -0.20920491607658497912 -0.028404940877867337901 0.99201187797979195615 -0.12290481390393373506 0.20727803882924702994 0.12612733569877360162 0.97011736908919032896
-3.9137037133339038775 -1.2034150589800236553 5.5705649441990363613 0.63430354971037461453 0.0083670070571373010571 -0.77303880886901166214 -0.77292297263819553788 -0.013550133326881798335 -0.63435516255092205817 -0.015782433048810464576 0.99987318549886261554 -0.0021278457016023592796
6.3366534949251409614 -5.6820194331199553872 -6.6950186749354809734 0.99854064164087963373 -0.005030795485370796738 0.053770606172727303251 -0.0046762217223888903964 -0.99996650032904044192 -0.0067179736666622396485 0.053802601626761065168 0.0064567264590405992405 -0.9985307159730913984
-0.33263695397937509401 -5.2747309355589067081 -7.3072611635436848232 0.97838310915095028086 -0.0020979223347636450844 -0.20678996699515175828 -0.17049673615719768138 -0.57408882504038172279 -0.80084510607446357522 -0.11703569834768405566 0.81879033927226696488 -0.56203649848267756006
0.95444252612186497586 -6.6847731869159430218 2.8252579166663931431 0.86412629136832186383 -0.0095892736877058026151 -0.50318366268804892716 -0.5030359243255623225 -0.047272849434708795469 -0.86297168930635725914 -0.015511653810801660433 0.99883598430191999906 -0.045673461217558122827
1.3098771621094318363 -6.9657811572206878026 -5.5041552925867414103 -0.92125385388193792302 -0.0017081913235170351727 -0.38895811958375053896 -0.37687609658614718011 -0.24341993073463555342 0.89370640880732066247 -0.096206780061094385181 0.96991949119690223924 0.22360777282277943812
5.7309759187048880946 1.2421450178717967638 -5.3446153815241634888 -0.84627429835009493342 0.01723256054487649902 0.53246863833387214626 -0.37635869855391684835 -0.72673231417609618354 -0.57464273557987899377 0.37705960003010358106 -0.68670458159902325601 0.62150050332716821888
5.1904882115632080541 -3.7046489944402032357 -6.1917295673213663676 0.98204848421905710509 0.0042023423520966274314 -0.18858185215394948631 0.1761566525517522519 0.33706439819448469342 0.92485481305538330687 0.067450785057155501767 -0.94147221509108458548 0.3302733107694423853
3.6733302137999466197 -5.3498365142103327941 -5.900370502645047921 0.73677466749104381094 1.4199030367276297554e-05 -0.67613836538236660179 0.52623081849751629502 0.62789461565199933268 0.5734365503685486809 0.42455178130242493539 -0.77829836915772476758 0.4626093746990834199
6.5443855760913463016 -1.3746291901863219032 5.9848160061112878338 0.90095341275634288625 0.0014941650881619683838 0.43391325805220920531 -0.43278850820876740846 0.075130636916726556418 0.89835933487604890946 -0.031257882289221265715 -0.99717258028241662071 0.06833586121220652787
-5.0237712182489611124 1.6789405550910339038 -1.4923162142214827508 0.20047743403318121769 0.0048336404892709034647 -0.97968639592628337098 -0.249139641248043886 -0.96686144596565426479 -0.055752878526406084159 -0.94749049472924817827 0.25525591124361057815 -0.19262965029538348105
-4.0923611349159836337 -1.6247805501561374264 3.4215024178342181571 -0.86047076880726125481 -0.0017932135293340554193 -0.50949665397666032973 -0.31008941914758181291 -0.79161729657758939105 0.52648514498693665953 -0.40427046412131273367 0.61101459896183740739 0.68060748724549657851
2.430352304742728009 -1.7116809013103462256 -4.2053135081959673869 0.76879589740046849755 0.0041446527957055643437 -0.63948079720457617903 0.21158731900489397004 -0.94530629698327250932 0.24824747998735291477 -0.60347632478536872291 -0.32615767158986908036 -0.72762455888084365263
3.9877804612359701864 5.4914557624162707583 -7.3635221963677865986 -0.89991042825566625041 0.007095193499405491426 0.43601706313642490942 0.39363869163893316916 0.44345970461622397085 0.80522796202474056226 -0.18764274982441056516 0.89626622641430064853 -0.40186695538129191263
-2.1492938652571780267 1.0847567739153167743 1.2874361786560557519 -0.93305974457843132708 0.0087869323548105306848 -0.35961410270867116834 -0.20382222172337960409 0.81082522546732826996 0.54865194402058037326 0.29640515342847839619 0.58522238812748650361 -0.7547574056976521506
2.6025673871006644866 1.8875079225278228456 -0.49680361556146462876 -0.9328960690441717718 0.0016677466724717071242 0.36014183731257509713 0.089198500934199953516 0.96990315292074369413 0.22656456339276284662 -0.34892485121145982996 0.24348530258578904295 -0.9049675992165396865
0.66158140913742269351 1.4332863604397001467 -1.8073739884367796549 0.87440455930407479102 -0.00033947561667323905565 -0.48519743550894040007 0.47372656102272231449 0.21675662498092848618 0.85358052397443395787 0.1048799887955363247 -0.97622561443722910557 0.18969379975917405323
7.0361613152016104777 -1.5315393712703666562 7.4347016640349261607 0.99744317384768299561 -0.0059025698280773010451 -0.07121990321701343607 -0.01589314336497014285 -0.98994737399438537118 -0.14054040243183060777 -0.069674406626786672403 0.14131297318770175142 -0.98751006104751770653
2.5134482389908767708 6.4576299225377677971 7.2346121206571272211 -0.95038928746513506862 0.0075359653627515860858 -0.31097172137916045953 -0.1843289262430530262 -0.81892092586149201061 0.54349918503737970621 -0.25056545895546922242 0.57385688669936862905 0.77968277162334842512
-3.0450304905038874104 -4.6397513745280072328 4.9527257248310734283 0.99925084924741125469 0.0010045965112969216463 0.038687608664468409181 -0.038680476677230818394 -0.0063476745466682976335 0.99923146855559608071 0.001249400796131367548 -0.99997934869362437027 -0.0063040609095418569802
2.6258828787392358706 -6.5458927270962661282 -3.4057326776666823065 0.94098756895492918773 0.014026476315223832675 0.33815034087604189939 -0.33714476370868673438 0.12621613915311413745 0.93295385444346945469 -0.029593975336168976131 -0.99190359621263946011 0.12349677098750194704
2.0279093511570627228 -4.391609044898475922 -5.3379082884802393494 0.99261998805315609928 -0.010112888216710268219 -0.12084406815944623292 0.06822516132356999663 -0.77727427804237780862 0.62545185590594210012 -0.10025411053799238026 -0.62908061978225626731 -0.77084803115437094956
-2.779986320210382722 3.3452684314650200648 -4.7114545386953121664 0.77735548884788441271 -0.0059144063942205438861 -0.62903375406650618995 0.2606187209835514329 -0.90707326435702617662 0.33059941827186978269 -0.57253500000520174407 -0.42093124484386246209 -0.70357697580529077186
2.2358188063386799094 -3.6608452552003609703 0.82550574635967810533 0.99906656343977684465 -0.0030273362867289602823 -0.043091032146700077032 0.024913661328181988669 -0.77453646225012462434 0.63203843089197730976 -0.035288968470059384197 -0.63252201849433065117 -0.77373805956810881579
-6.2693519856595463224 6.5120521104932640455 0.77407610117532588134 -0.99609504916727786838 0.011630380099921091425 -0.087517925495199391794 -0.076714504887403764388 0.37662306589093064169 0.92318467869584397434 0.043698258136120701756 0.92629358223917146464 -0.3742601524851393302
1.9795966963730846633 4.2055183370073585536 2.00409134605509065 -0.99266401483836430586 0.0034162288499325721251 0.12085728370885977234 0.011208841061729552663 -0.99269558807788971233 0.12012423274552870567 0.12038486419430967367 0.12059767324080870876 0.98537489600754912811
0.022414775745790583433 -7.1003648841355353483 -4.997934052554600548 -0.84032359152333657715 0.016986121952574179117 -0.54181891180578811706 -0.015576137821123738764 0.99833964951877030014 0.055455641097107905013 0.54186127879740608737 0.05504012954130286378 -0.83866378166705612962
6.3771007981298257761 4.9074187313805888166 0.49079064579781606081 -0.99162758897912317568 -0.00082928321423266036089 0.12912798714767051433 -0.061740457982940886994 -0.87522942531929748267 -0.47975156998514317808 0.11341446390789254595 -0.48370731371824954303 0.86785044450756321233
0.51547399298192142503 -4.2160021301229191337 2.2178769086968728175 -0.63569737457257147195 -0.010606344594856240843 -0.77186550215430627109 -0.38231772177781719879 -0.8643313512720762759 0.32674833560842519997 -0.67061315792057318852 0.50281091939477895458 0.54539817726243533524
-1.3538487900500180139 -2.985724464141697343 -4.0080996282321450508 0.99638069536180373653 0.0006433469414130962849 0.085000564792538951808 0.084584193012788688737 0.091637757371429734432 -0.99219354750785448971 -0.0084275858169736202891 0.99579220097798870626 0.091251675429262310568
1.1689931421619716989 -4.9650922165390483087 6.5383116752892940227 -0.967780902775310925 0.012522048246587948878 0.2514822509265208228 0.14928686016692133132 0.8328200068615336793 0.53303308485734457456 -0.20276478393661359623 0.55340223570089819294 -0.80785667535544580797
6.4799152086594595801 1.6126654121409893516 -6.8064700951191419165 0.99781010562886285342 -0.0089405896386186445995 0.06553669935043082706 -0.029042378100547262126 -0.94942264518179830812 0.31265505127903375771 0.059426705941910587527 -0.31387371134413155627 -0.9476031658600797547
4.0893156581426435281 -3.4155937755346643669 -0.15814160743772073814 0.985125440332254243 0.0040830972961473062724 0.17178822755526887422 0.073467960123604375555 -0.91374677398189785293 -0.39958640101106801534 0.15533938858315646248 0.40626365989853524541 -0.90045516990040719296
4.4347324566386365774 2.9649925279631501596 0.36223570934288468193 -0.96334379748679277444 0.00017626817165615482619 0.26826982083949857394 0.25862344171490436739 -0.26513950460741575466 0.92887833352497251038 0.071292659084054313401 0.96421004559489564834 0.25537491015105467929
5.4444206199214830733 5.1670949865653916788 -6.2297303186786914253 0.91165032304923565576 -0.0034294569248298854142 0.41095246356410386479 -0.26276729459735231886 0.76399312940585351051 0.58929436371867982558 -0.31598581831179961554 -0.64521526411411078694 0.69559343411213336861
6.5129414963230267688 -3.9093019634922598904 3.4705059166179457186 0.33379132906454178631 -0.0050486475950262572898 -0.94263347054872970165 0.0050832204925524236 -0.99996147777994226491 0.0071556848390574735036 -0.94263328474593577333 -0.007180119327261745045 -0.33375280729257889023
-4.1579674706693117159 -2.892794093809517797 1.2716871847452337896 0.63515668392124269293 -0.0080237487035025381599 0.77234163834848879038 -0.7058283520196223515 0.40004158733120154245 0.58461360392216998871 -0.31365956761338376069 -0.91646186383419125931 0.24842569871544492588
-4.6977883035543310797 -7.4469276204492560467 5.2864703354209856556 -0.99389688490049488134 0.0068251709802653872869 -0.11010176758860407142 0.061515498742077234784 -0.7941981888449342053 -0.6045370793011591859 -0.091568693337599982307 -0.60762048506994725816 0.78893125208975656282
7.2215977735474092825 -1.1482045265816751556 2.8328681355457132618 0.89078157808811120333 -0.0088281108118337774104 -0.4543459525495695539 0.34169325012576229339 0.67214940658958366448 0.6568568322242442914 0.29958955749018562065 -0.74036291079489602307 0.60175481498858918172
-4.1257686615150808151 -6.4555070223444532829 5.7859426007738914421 0.99370211245445672077 0.0048497929844256194853 -0.11194905632245480409 0.094768125884154966188 -0.5694755019028587828 0.81652719186127242779 -0.059792257190087079455 -0.82199399769130443438 -0.56634861502393762933
3.5441221195355652185 -0.41701114229378222209 -5.7425485162395535355 -0.97928919173754513938 -0.0037768347797094564688 0.20243125861677396804 0.20028179534270384998 0.12841102582996266612 0.97128667802026902311 -0.029662794885628247094 0.99171384177306876051 -0.12499509844488965182
5.3517467056453336127 -2.3909090028888551061 5.854990724244651723 -0.99431045211308632936 -0.0081853430455076734568 -0.10620604962919338865 0.014412604579463863044 -0.99821257365285709362 -0.057999436466777423704 -0.10554146885393052291 -0.059200151692833838379 0.99265116752654014576
-6.1830030119279619782 -3.6861827227285841602 3.8394173967129483493 0.99205019875616984315 0.0066704267197310171053 -0.125665860739086227 0.11646343909630726965 -0.42695900750763682296 0.89673980242983564182 -0.047672534040011774192 -0.90424637755174597231 -0.42434162909471984104
-3.3588417094218052661 -3.4304685348640440168 -6.4726895797812460387 -0.72100260705441809872 -0.0038056557042877811083 0.69292189863314090914 -0.62484911287142852476 -0.42868860712086526155 -0.65252560430108574874 0.2995310113567530852 -0.90344429552098137748 0.30670764275794676346
-1.4969187788714817255 5.5076409552377620926 -0.20314641670785699157 0.77138443960274949429 0.014379939146570031722 -0.63620693464378341719 0.46879619512038778195 0.66323558508416935453 0.58339410874542596552 0.43034425031538436901 -0.74827252791235898677 0.50486834936682001285
-4.5198480345606304454 -4.2837793067573910477 -6.3083524415677230124 0.9993628566742869257 0.0067966287953976460556 0.035038358081427051216 -0.017523075165947341741 -0.7618081463190874425 0.64756566465384712838 0.031093770063368240952 -0.64776705229494679905 -0.76120366750588741578
-4.5721096909304677069 -3.8713024140080261049 6.4889366915917054968 0.98198376270280784972 -0.0046873404304668409015 0.18890716933883930362 0.15678252048222324211 -0.53784362148357889311 -0.82833778140359637376 0.1054852172542672939 0.84303159351782874786 -0.52741881012316715882
-2.8254471131572649334 4.1385997547484798531 5.5618651271765067179 0.99894923905997223823 0.0031358456487625453735 0.045722907317703044561 0.034215316299709232217 0.61272456583644419048 -0.78955551961277037343 -0.030491472775600346468 0.79029030924874754671 0.6119734448449768438
-1.1590889539929050134 -3.1209636928639303832 7.2058444694102306016 0.9318820353998324979 -0.0019200208074586009969 -0.36275637226523699264 0.14032766782707559172 0.92404532610563938633 0.35559581120226330109 0.3345205789501834448 -0.38227810403224471436 0.86137067133517597473
-2.8818118383443493968 -0.88767415824586226591 0.6404615266325660583 -0.89883090779222762912 -0.0060933534867721305534 0.4382532033433416685 -0.43825287321179423605 0.026449780389086727239 -0.89846248015092844419 -0.0061170514970173475028 -0.99963157221073195569 -0.026444309791113382313
5.8049454351154388121 1.0561099648503178283 -1.8348882798846821718 0.99062959065284295068 -0.0021388523940136985185 -0.13655928907784034565 0.10717615536412652966 -0.60757970985747855597 0.78699438872896010366 -0.084653918068758507443 -0.79425582873531852535 -0.60165720528860289207
-5.4059977805989918309 6.3373350867820930077 -0.34795914544091816056 -0.91656535547386885909 -0.0045382964071820786761 -0.39985916647108254995 0.036294519724593174437 0.99486431805010488993 -0.09448648849746631162 0.39823442465860997563 -0.10111573832173761933 -0.91169345203330109939
6.7095110255413334954 5.5030177573445353545 6.7353987083230073551 -0.9070094356326616758 -0.0028701709090613474785 0.42110051744456489242 -0.10443373154116238066 0.97027161031759323606 -0.21832681449606164414 -0.40795524189490839362 -0.24200157919024969932 -0.88034524834291516537
-1.7887289993006418864 -3.6921943940249501992 -6.2490011998047449993 -0.85968215717655982466 -0.0014719695164802700654 0.51082719381216024068 0.44898514939726480444 0.47476451649386880449 0.75697489357245384411 -0.24363686965028352738 0.88011163336477415964 -0.40748569123713984652
-1.6284103754156107335 2.4658815024625804213 6.5618087230203290261 0.90666662309211876192 0.0018902071648739585379 -0.4218436460201837046 0.084845592058823027237 -0.98037215029409763289 0.17796536864254480781 -0.41322737092184291807 -0.19714683371723645822 -0.88903108262670738071
-3.5890216506867953505 3.2971239841815993543 -1.6803073441872862226 0.26947916748886507898 0.0053872560678895689557 0.96299115040663663123 0.81617388144484392942 0.52946612891868449768 -0.23135646430351392011 -0.51111757310487981876 0.84831397241813344401 0.13828315393928569677
7.3109619182224676592 5.9395760026214912131 -3.0774718870547883576 -0.96226981654551646539 -0.004853794008129095304 -0.27205374625112038744 0.25088972831108435901 -0.40281353735556546525 -0.88022474309184717267 -0.10531450229446460976 -0.91526919253671479293 0.38883307575320991134
-3.0537536818870671951 6.3354055291690816176 -5.3040677798886868288 0.9965908881198646263 -0.0036007065767110421617 0.082423519875255132905 0.0078484797938194704459 0.99865398236554059341 -0.051270116738073752416 -0.082127967717469871345 0.051742230504334602026 0.99527771928299912929
-0.62318218842373007682 4.7857080824724800294 7.1291567407571054815 0.94859435632529565119 0.0027188806643319344235 -0.31648278758210446338 0.28226246103731650328 0.44506645891746376975 0.84984925147679379887 0.1431665122749670449 -0.89549341417715544456 0.42142009317128187318
-6.3278963396000742492 -6.0602289129964059811 -5.8002964010493895941 -0.78795266692372900597 -0.00054206731850625893693 0.61573557705471182455 0.4940754786892978534 -0.59732319793889465664 0.63173920138138572877 0.36745069879615549491 0.80200043850797098077 0.47093022900122388785
5.010871574920718885 -7.2199056475235119379 -0.68884797513260886959 0.97631121387527697308 0.006918179772237228152 0.2162603811382158292 -0.055451201978127154235 0.97410886949517716538 0.2191736174133092907 -0.2091448729005463969 -0.22597355854063122527 0.95141703420724832441
-6.299464588658931774 0.31288781849595698192 -0.17242074368656953864 0.98669947901224663855 -0.011793286794301291454 0.16212666808192199852 0.053169934371453474176 0.96591787128006856289 -0.25332908246126251139 -0.15361346358867780659 0.25857993798495471083 0.95369770864562064538
-4.8781084082561960713 -2.2079138527333270758 -0.54176409684831716707 0.99978673519267957648 -0.0049445958975582147976 0.020050813054178922429 -0.016246143592500355418 -0.78771775415312639268 0.61582205433899861458 0.01274939022450750914 -0.61601646955525890537 -0.78763009229310387838
4.5300961008374951433 -5.7634427187926142722 -3.7625507256954833224 0.82066723927865536936 0.00091561218752929027492 -0.57140567378089690553 0.54824523804991176501 -0.28308446454012980986 0.78695002693419147111 -0.16103552816181609941 -0.95909454569938512591 -0.2328201260185346344
-5.1325203225823310405 4.2395500502005001309 -0.56599438722814510161 0.87892677507803018688 0.010786481417404342534 0.47683474691937455248 0.20194035888275468915 0.89729835906536958845 -0.39252483523080194949 -0.43209699779716509438 0.44129276748809181941 0.78648132708758933251
-4.5106987475604682913 -6.2558702490999937851 -3.035564431760055637 0.99343801821442911937 -0.0044871600688606242541 0.11428372307901432658 -0.077113447155066169869 -0.76422710007974592461 0.64032058827710813809 0.084465497300004119263 -0.64493162808027215682 -0.75955827614977489137
3.1458180211401876036 -5.4079368187770953114 7.2677725691440633327 0.94008190627522159044 0.00047659873728699171918 0.34094835730306449761 0.34094746939564601895 0.0013621748257216892246 -0.94008136221958715772 -0.00091247285940183886499 0.99999895866611798745 0.0011180607734514597107
1.7962177125230789354 -3.7710319758840600279 1.9298626421160920419 0.89206316147934872074 -0.0035415033736735206105 0.45189686177869131667 -0.30222514334285899285 0.73876964922549448467 0.60239469462700612201 -0.33598106890562479121 -0.67394870957456121108 0.65795885752827487636
0.90154804207943051164 -1.9323990263098973497 -5.2749570554660634158 0.88472503186800244279 -0.011981618018939634018 0.46595928879652481758 0.0081658792265838758134 0.99991456435009018477 0.010206978843388137337 -0.46604177538344465637 -0.0052254024056704578144 0.88474728525552470693
4.8548020412573782423 6.6286890993651610415 4.2539710671844783718 -0.69832784891946309003 0.010375008413777662974 0.71570285358090923733 -0.14658413488924118551 0.9766302227904080091 -0.15718301222167976872 -0.70060781241877811976 -0.21467595844137687955 -0.68048727103818740236
-3.0737069599631663408 6.4101147909191853458 -0.94997212524561314151 0.84284970744442244683 -0.0018891297287514999259 0.53814570689524132696 0.32456737202206265014 0.79943152953589757814 -0.50553461859956672075 -0.42925562509952136514 0.6007542432415773348 0.67441378066266788327
5.0009007828535017026 -4.6026213414100114463 -3.7229878657824113652 0.9985295529863903452 0.0012118634881246976524 0.054196523871505655756 0.0049109783838828030209 0.99361705607873807011 -0.11269883832973819071 -0.053987166106215095374 0.11279927861666365352 0.99215004341055734738
