1125 14.717824617146108679 14.977075390850430381 15.033177056927090831
-0.083668844946115136785 3.500941311221827057 7.337076248364975406 0.8045692443449135034 0.0034981993675235033975 -0.59384854437422929241 0.5811344833528492293 -0.21053247847734676834 0.78610354773684210095 -0.12227445895371107099 -0.97758060440424532356 -0.1714208814006289161
5.9023573744696982146 -5.4065830918124078153 -6.2739352207659120353 -0.99743889579365740961 0.0036759758891245705725 -0.07142924022515156901 0.0097926226069107533828 -0.98225503571124705982 -0.18729428545022586139 -0.070850220185660020555 -0.18751408486062001724 0.97970338076314844589
-0.82451848131690297361 6.9348361589575562292 -4.4077378961765001364 0.99850283271041762045 -0.009828759809438751549 0.053809744004403477213 0.027427929069926425959 0.94108307264760382438 -0.33706135803901088321 -0.04732654409681424923 0.33803261064102257949 0.93994369638141039847
0.0031768828221240674042 4.8296090253470103093 -6.1764131454787580822 -0.70188980503169973169 0.0069390843676354948405 -0.71225174671647883962 -0.11003217293604466986 -0.98900569229964030438 0.098796060234064911332 -0.70373547765584809621 0.1477145548242047024 0.69493653507464259178
-5.7357683626154729595 -1.4075571811408509326 -6.4963086575362760655 0.99998001196407360069 -0.0016808103549523427216 0.0060951250124379957943 0.0037400858171607546249 0.93451579552095542791 -0.35590200853592562913 -0.0050977868185277308219 0.35591769104443304883 0.93450340276059096212
-2.7057969065662987873 -4.5463506644151765457 -0.1300139671758010762 -0.79033652872725634886 -0.0052652452978929958557 -0.61265034771169357697 -0.3847583869741103002 -0.77391950100505346732 0.50300058610016618044 -0.47679047286247167037 0.63326209673087585639 0.60963100465083686075
-1.1552705820866997488 0.073355262936454515565 -1.5725080067062990885 0.96691360324825603723 -3.1866805073050945285e-05 -0.25510406276246971879 0.25143416044355137995 -0.16889239312677450933 0.95302477538933538792 -0.043115505511064119992 -0.98563449540309067132 -0.16329633999613898943
-7.0056999904152146286 7.1604814606133180277 4.8606657444393164269 -0.87444449415558300753 -0.0058431151952796260909 -0.48509038811948979042 -0.12332918042577405149 -0.96439843158290983194 0.23393498758412514804 -0.46918731855894513227 0.26438896188243843355 0.84259227206163922475
2.426717766627971784 3.7925013454488807341 4.2704660724409535533 0.98848887238293714486 0.00047910097393602242392 0.15129282744887739831 -0.044364711717624905063 0.95695322275359762099 0.28683148679286640803 -0.14464273756201356802 -0.29024179561849716702 0.94595886725938371775
4.0401891299802983326 -6.0982248214451431068 -2.5295653444710475277 -0.95150646709711250715 0.011968823868406506389 -0.30739582028319989426 0.30588984718522327366 0.14290567772198028984 -0.94128070662474061514 0.032662585038094757439 -0.98966394019896919421 -0.13963681824145801613
0.94179787501721157206 -6.0100716884677556351 -5.52763499391130253 -0.88383768266363749166 0.0047954223043488522493 -0.46776912534783726683 -0.20932102327834656297 0.89020057688855758204 0.40463272497546309836 0.41834873002969280575 0.45554356194799699997 -0.78578903227918650565
1.5201745671031663409 -1.3288509876235934382 3.3536982520594151858 0.88405661459881756947 0.0022271730288546884302 -0.46737451993490158886 -0.28429961768276845735 -0.79114799255600676275 -0.54153354583060187011 -0.37096850212585424922 0.61162071055087197102 -0.69878643150509167636
-6.5336019916152823228 -7.2676666833530081391 1.5504920437100611075 -0.92802529304450853687 0.0041349195041869195658 -0.37249423876140291823 -0.36761398981096293781 -0.1718695333679768622 0.9139588710632965407 -0.060241264636156637013 0.98511104244171698863 0.16101932832572862786
5.8394759674478020628 -5.970402304695127782 6.7283508226200385849 0.98159792171125392901 0.00018256109783750494591 -0.19095938511546867167 0.11029862607254356521 0.81577591528032933343 0.56775335237685264911 0.15588371684920498961 -0.57836806855166367214 0.80074380678296241953
-2.6161392644839849275 -1.5413862391219370629 -4.0459450699733334744 0.70944704443112938108 -0.00028709859487587724436 -0.70475868829150756234 -0.65607085713395485449 -0.36550358005025246344 -0.66028642526555014758 -0.25740225633718649689 0.93080988958262012023 -0.25949379161679375638
3.6716449321395336902 3.9460765157513097989 6.8492219356987753542 0.94243982177743146345 -0.0059917372453826113834 -0.33432212223091434256 -0.33207442588482927182 0.10033305896133883073 -0.93790183545648486696 0.039163222561840377312 0.99493586545268097865 0.092568167500138270887
-3.957302540765406107 -1.3183433845247281013 4.4890778440776868408 -0.85678147401410664763 0.0028926467659805598157 0.51567154117799374191 -0.05221693194888878814 0.99435785029281731351 -0.092335570496572191845 -0.51302913933234939314 -0.10603819196766151034 -0.85179633953208555575
7.3089775968138575024 -0.72494566102912227912 2.4661914287753576858 0.87726583386335388326 -0.0036735011178973030546 0.47999079379264097955 -0.41881343899242751139 -0.49442343578922126612 0.76166972465882831766 0.23452070282918113797 -0.86921342116424271662 -0.43527929931556907928
4.3429386123875275416 -5.1148633467726973834 3.3697647453239119031 -0.84867725337505917071 0.001488671237845058757 0.52890897464650654669 -0.51538155191919465814 0.22240595493263468074 -0.82759739436029400306 -0.11886452601619790226 -0.97495301172339521312 -0.18798364127363850762
-3.1671345577359590884 4.799016165356631447 6.700127621105463227 0.95772182716345155562 0.0045033426865506969577 0.28766060154140626892 -0.28260332200357834997 0.20202317316122955781 0.93772170706358048964 -0.053891225325393365964 -0.97937038826522893054 0.19475466213262948578
4.4242605119834790273 5.1099007913757494848 6.2209770329347966467 0.698714007634811618 -0.004813860643415030123 -0.71538490498515650007 0.71430426957371950802 0.060046429510561681597 0.69725449928392346788 0.039599823277531177868 -0.99818397755559529205 0.045393842618196691974
2.9861172778434319497 -2.399448953054838185 3.5835426784163457725 -0.97774514521386968191 -0.004190530473603128539 0.20975430976432796193 -0.063369029402854312738 -0.94720277290860033226 -0.31431079063067973722 0.19999699278464463936 -0.32060777665038625583 0.9258573628957617041
-5.9950141651491781758 -1.7636071830658910375 4.9590785349341999222 -0.87884567774222055458 0.015061728149305782937 0.47686834562487395717 0.02049523169111340179 0.99977076172568069001 0.0061943099985119738984 -0.47666573213496521433 0.015217369798510783224 -0.87895290628377331643
-4.3524510815630312877 2.7384033978347455118 0.98026893697845218778 -0.77141432277285082453 -0.00083701472244374791089 -0.63633265044895603868 -0.23263402066162164328 0.93114802026383680644 0.28079312097969422179 0.59228485971855171499 0.3646404582120310045 -0.71849563755331624648
5.2496836877354979833 -2.2803840257277161463 0.63705919984278347457 0.97208935524914474868 0.0040667983387183172239 -0.23457567342441393299 0.17287947678448659095 0.66350819035914576638 0.72792140223583812197 0.1586031901254602583 -0.7481579662595997382 0.64428618299976225803
-1.6982522054713331539 6.4438010107449841257 4.8467037998701600898 0.71035786897586528088 -0.0032758186901401800326 0.70383305335561141547 0.69504453707826985287 0.1608654914049873208 -0.70073917055679435517 -0.11092695552330646136 0.98697090265462750214 0.1165489075512484568
6.6848068176128405682 5.0390263966572970133 5.587275740776154187 0.95796223949546688292 0.00025126806787454346315 0.28689420448199731695 0.28168375281521673692 -0.19054468227698773131 -0.94039724981305439222 0.054429873240143089586 0.98167849162563058929 -0.18260538869030640274
4.7390287477574819519 -1.9386712676339536987 -3.2316152634774510943 -0.95059877300657880106 -0.0035419854099266725664 -0.31040204106551694263 -0.080449341279582184394 0.96858225958414856382 0.23532171575628657578 0.29981640423097855042 0.24866817399532914479 -0.92101805790979229815
-5.0752101605791182237 5.7668006337247170734 0.6788837161833018996 0.72924977173258664909 -0.012234797480116001156 0.6841382025283566648 0.056570507969351278843 -0.99533915250035986944 -0.07810089069844634857 0.68190508727839926895 0.095657102352262129985 -0.72515872104901069051
5.9466725998197702552 -5.451450506230397508 -0.41124206138661911769 0.53284380600078984358 -0.0020640045467743362365 -0.84621109558534191031 -0.10940214086618867129 0.99143659184805321694 -0.071306773300381348646 0.8391118220955537943 0.13057267796079732869 0.52805504049262952382
5.8080809811541893595 3.1882710704352108522 3.8730692096896026655 -0.77011243507846260936 -0.0021900569381178595571 0.63790441367656747218 -0.58216613899034297397 -0.40639927128390584965 -0.7042174514402210761 0.26078616518238317834 -0.91369296590833171123 0.3116981554307967639
0.679901530682671007 -5.2826401233332145324 -0.55158203558872864747 0.6023775344885284877 0.0075307310966232906754 0.79817579143499617356 -0.78947815110309926823 -0.1418924240388745317 0.59715223262684158367 0.11775209074356213224 -0.98985343768134270714 -0.079527460892509213575
-6.1615131929180932957 6.4599854077934697472 4.0598622709179510437 0.96492787209573338547 0.0075876608643349677252 -0.26240546689332122643 -0.17759418474478186334 -0.71725767606819057498 -0.67379650612485431083 -0.19332487475160567425 0.69676671384612531845 -0.69075439866750820705
0.8696174171601568359 4.2276360765010556619 -4.3401802796945236906 -0.86878256179341584176 0.0011366286267895844148 -0.49519245591905070025 0.3125983122220867827 0.77682428623040389315 -0.54665009239786199746 0.38405618797209023496 -0.62971639362338538426 -0.67524670164492361923
-0.26985059894587409834 -3.9351281726954083773 -3.8174244866030853096 0.91707118514585883595 0.0089544925751780368034 0.39862295272346187636 0.39824452191045101035 -0.069560324051962538205 -0.91463799510302379314 0.019538222629875010711 0.99753755737843952112 -0.067357846431974913171
5.4409775587956579201 2.1924579225186304754 -2.1770260630747331199 -0.59772669700236491508 -0.0093957552183845383098 0.80164488115020104964 -0.32518882279072136576 -0.91113571305459450933 -0.25314806325229788353 0.73278579763970996819 -0.41199931089780517102 0.54155474570632100573
7.0598863253018633301 -6.9613052361689105041 5.5764311522547478361 0.97910764076944822865 0.00074214231844338743316 0.2033412821136804105 0.061492236373454044196 0.95209190733578186183 -0.2995658606239594568 -0.19382190963005549444 0.30581113323478320565 0.93215482519640380232
3.5226345671311913854 -7.0891441341921748176 -6.7282299310745008469 0.99383649055477318868 -0.016003078850876924916 -0.1096947196040610889 0.090547228079661520872 -0.45369014181006639408 0.88654749151496003989 -0.063954902304739949526 -0.89101580047251582872 -0.4494447839051910476
4.6003746201816397843 4.6935580751468082283 -5.4410332330555810643 -0.57391803451407086278 0.013434956639979634893 -0.8188025351692370668 0.56669446357451502827 0.7283080170884365101 -0.38525941545770919783 0.59116450723416491542 -0.68511818993869122441 -0.42560262123438480364
-4.0108096641708046448 5.0862527526721361681 3.2410103832641148358 -0.99361402336572479665 0.001913382799849010522 -0.11281627337142567657 0.0079903725746031696586 -0.99615273366923817733 -0.087269038893378864108 -0.11254921819937251104 -0.087613184906829580378 0.98977603694640148291
6.6257064667698317706 -3.2343550116382484561 7.0019169544464112676 -0.94143872113926507783 -0.0018986328269100238852 -0.33717877977884247453 0.33479470802206906521 0.11357294942673007432 -0.93542166355006928224 0.04007041078096952591 -0.99352784578579178554 -0.10628632004137299194
-4.6122335169529442567 -5.6504495495258639792 -1.4941211567877261679 0.69142686606463965582 0.007630779343318038789 0.72240616005859137339 0.41888858026051584149 0.81046497300327380309 -0.40948612291768710092 -0.58860958725749157328 0.58573739742437302969 0.55718081001343233716
2.8647688433228433169 6.7628388566430306383 -5.1488953228336535872 0.98140740372409696057 0.0056184318826756445009 -0.19185395783977951534 0.16181096360914498655 -0.56183084148904161026 0.8112726530627463184 -0.10323139043666622328 -0.82723306194501755595 -0.55229407135484143154
-3.3310101196268790957 -1.6785446401153183427 -6.9533970279661510006 -0.99484949793379684468 0.00383645518881017486 0.10129046387738331603 0.10130857711775489993 0.0048644089119131922808 0.99484315835630376945 0.0033239529617489840807 0.99998080938459821265 -0.0052280205800824576523
-3.9029058265240470504 -3.1199474078465185833 -2.5042510649795186595 0.73631766483165705939 -0.0054032920122179250999 0.67661444035161777411 0.58278797647385993663 -0.50301274885383728819 -0.63822907248724636275 0.34379422760474903642 0.86426210082705312576 -0.36722819899847047864
3.4926487199859068689 3.0549013696570432863 0.26697212433557243605 -0.67093896870596358983 0.020460456637879070874 -0.7412302408739821491 -0.51995776768021517711 -0.72566266552277447488 0.45061914705823541416 -0.52866323884012533796 0.68774636718824866399 0.49751393379334118983
4.7424041150372788778 -5.5389562403667138568 -0.74408543889696476814 -0.40945999153360040923 -0.014997273721745554148 0.91220479998420633816 -0.73058932651370578348 -0.59346523262664985232 -0.33769550433430789438 0.54642634573887560734 -0.80471988880868161598 0.23204342101884453675
5.6008170800302732317 0.6589385086305222794 1.5426391988107837072 -0.98842892766430290319 0.00073850999328649888191 0.15168292441615166544 0.14891959169454133116 0.19479240430602548506 0.96947350372980112265 -0.028830715668395814205 0.98084421486166939452 -0.19264842591203670819
-5.1759902798323853546 2.1722631003329522237 2.5398062086927137848 -0.88834476988208388448 0.0027846920163751075032 0.4591686131623781697 -0.42532139301245291962 -0.38184669870054016583 -0.82054543526695877809 0.17304705276029791472 -0.9242214800478590897 0.34039590677482989278
7.20221626860119013 1.6023944719921079383 4.1814723993769264965 -0.88310473621776564013 0.0014556822872368938016 0.4691736414791963794 -0.23428610433204305474 -0.8677605687048555172 -0.43829398435072325357 0.40649236916166858746 -0.49698035815323632347 0.76666451425845349998
-3.3018772926077151197 -0.80891779009767750264 -6.1804450848554912668 -0.95488269627192223776 0.0089549866399600969169 0.29684818438806748198 -0.12993627633236451424 0.88620209489648271717 -0.44470485841057605381 -0.26704980893671292907 -0.46321232195978717661 -0.84505546819811028225
-5.482393457710646345 5.2399114317250301553 5.6719176569379117225 -0.9023879681493036653 -0.0075832288447151893068 0.43085780668320056153 -0.1153244887216443304 -0.95912525649103508307 -0.25841633977406519573 0.41520623458782746074 -0.28288025205277816942 0.86462855941611760358
-0.98152310860368641166 -0.73087153241012758897 6.1682909551278628513 -0.73635413445757014195 0.015140940242944921426 -0.67642689227723418188 0.34726301543673443462 0.86648170979442729056 -0.35863330116102321021 0.58068148478925640799 -0.49897915639872142402 -0.64329527800426444806
1.7536218623391075511 -1.7960074253910300879 -0.50805925688999442613 -0.96135424654173817771 0.0097995242963583549523 0.27513993163391875507 0.021595956667598920076 -0.99360291212257290105 0.11084614416981103391 0.27446607679552537107 0.11250432145145497498 0.95499274884328133606
-4.6265557313111251858 -1.8599091824911835324 -2.7242913080750650323 -0.89946487931439311758 0.005103032631321326347 -0.43696325925391910072 -0.2594653256528515195 -0.81083005615852588033 0.52462592846137967584 -0.3516257608078339203 0.58525941178939988596 0.7306372186305609695
3.5594826897674383126 -2.9423287592005937796 -5.0208495286065533136 -0.85678967120831250881 -0.00059338485277317105752 0.51566569325975342153 -0.045719268491548323285 0.99614864611163411734 -0.074817266312839428299 -0.51363528675440861537 -0.08767851928690786889 -0.85351700009805386848
-1.9503953024649600678 4.5734189617090184043 5.7356912443654834988 0.99631422284712645165 -0.0031509666443611042408 -0.085720713725544753214 -0.08031697649852216625 -0.38515563278631576027 -0.91934994524332513954 -0.030118974725883436439 0.92284625476953374701 -0.38398911106869459964
-6.0652453254054554677 -6.2522248500620678513 5.6985194472115168196 -0.99974912858547049233 0.0054183207319104696384 -0.021732963285333389836 0.0096906109239311092468 -0.77014841542431444754 -0.63779111806251453931 -0.020193364074297712185 -0.63784172019386964347 0.7699027003637430866
-2.8574417252731567629 5.5787218164586294122 5.8873063424885838657 0.99859796679700363331 -0.0046014667078737806621 -0.052734497371181882075 -0.0035071422202012066463 0.98827462666564802607 -0.15264652712187420924 0.052818563614578782628 0.15261745900468484671 0.98687289482735052193
2.6338000902085867416 0.017620959433228826352 -0.31939906433510606432 0.98226674264629976197 0.0014211966412353820716 -0.18748340324154458281 0.12319493216271419633 0.74890768710948674158 0.65112232712266149282 0.14133313475741773879 -0.66267281247105935815 0.73545203013603377418
-1.5591453407065425374 4.402586125655014726 -7.4635576422224474413 0.94864606324461830944 0.019977486921321341296 -0.31570800861994013919 -0.23493663211318463468 -0.62382530322879714557 -0.74541717845965838052 -0.21183820614273260463 0.78130844809700550346 -0.58709597456501416701
-3.811371223235028971 -0.33595844121219459177 4.8760782671184283998 -0.42603377595913727305 0.0095280437703093301405 0.90465708316677917455 0.25282116307052499016 0.96136061290739549534 0.10893682322312454869 -0.86866373312440925414 0.2751272220850122241 -0.41198098308317121496
4.4222971546254115083 -2.7438350866479974677 -2.3617400275629818474 0.9765078174771859576 -0.0036970078109169537961 0.21545026001209027777 0.20991612138865689552 -0.20946064167220557195 -0.95501908963726267476 0.048659062744516097532 0.97781008980455441648 -0.20376389250622287119
-6.272781536858664353 1.6755577453834225032 -6.2853046313356708552 0.99559909109719779696 0.0060878067950846225659 0.093516781461820616683 -0.013549805333058806064 -0.97805118180289263297 0.20792375657772987907 0.092729998285219938925 -0.20827583725050824448 -0.9736643790523969999
-4.5008128833047367223 4.2776854050937576091 5.7128895816386746631 -0.97602367316473559455 -0.0038579919826851665973 0.2176302031425436101 0.025762892634592460955 -0.99486227221102874196 0.097904712318646183733 0.21613436280503323106 0.10116410049504097335 0.97110852224961607959
-5.6474930589586991303 2.1103158171324958303 6.6454335809170217431 0.76310532425254307132 -0.0024046904531123281662 -0.64626966628592663611 -0.20676172713397178438 0.9465266141206795103 -0.24766299068306968367 0.61230699186778181353 0.32261677920602988001 0.72180230083086527326
3.8721979894236375763 -0.84034097344181191147 2.2618374271604828607 0.98814369783733024821 0.0037691598845701222362 -0.15348558843831772158 0.036635151998587203725 0.96503283461265598753 0.25955634023739232452 0.14909694182821925379 -0.26210192970131362955 0.95345302998326342259
2.0728293399788721985 4.4155198316825261529 0.85062985393274748169 -0.6272618411998027721 -0.0042069087475440254675 -0.77879707529853781089 -0.56918715283733511967 0.68501133655738966066 0.45473668626235114187 0.53157178971390539601 0.72852026101313660522 -0.43207599062394319578
-4.4717526639768241381 4.1196327109644901299 -1.9446740842676244476 0.98892364561619705565 0.0025497836136047519889 -0.14840324034444127288 0.14543012830619367337 0.18319980315842959717 0.97225917835909869691 0.029666494940381725465 -0.98307239343090713213 0.18079980185759883526
-0.49998301573028780531 -2.8469568708956360936 5.6602483604946058904 0.82653616162863130512 0.0023511642655746592574 -0.56287871299834357774 0.046371947976723296159 -0.99687648472179790637 0.063928996938278442874 -0.56097024516540172634 -0.078941410142490425761 -0.82406349136685685952
-1.8757753368703871111 2.7587840789130266828 -3.0499615915970887947 -0.94767557624291198781 0.0025415991617256002144 -0.31922490890643595574 -0.22402762543623788716 0.7070922175410885302 0.67069532496828865309 0.22742608740868597295 0.70711677689508645184 -0.66952463629005287693
6.7989002790213870497 7.3042138108343914737 0.065728740541203950487 0.87339717195351207479 0.0047895203321271897015 0.48698505163772642934 -0.3591608550440123504 -0.6689977830905881051 0.65072686007573832256 0.32890858947093415399 -0.74324896684419095028 -0.58258056357673515535
1.7884208053145937978 5.3980920144977933006 7.3083997982881525601 -0.97469863976302550945 -0.0021032679872826001016 -0.22351317166516443402 0.18836601221483292856 0.53060872532908665011 -0.82642157888506762031 0.12033622516240340128 -0.84761427363417995995 -0.51678741862133770191
-4.2398944336655386422 6.6503336669000834291 0.98626642624775040513 0.87941682930116882311 -0.0042148449148769646933 0.47603390154922214927 -0.16508482925179371326 0.93521019863167254016 0.31325530087477765351 -0.44651208213520510171 -0.35406795881232921985 0.82174378065769515533
2.2458281197374150295 -4.0023038362091138964 -6.8993531932225877767 0.99596965842787343881 -0.008023202605621832309 -0.089331224726151889359 0.087587341109221755753 -0.12743410471879029755 0.98797216895621531307 -0.019310545526623878326 -0.99181458810332734366 -0.12621777076535498074
-1.0554176647476620765 0.63820172265445651583 6.2120272616003520127 -0.99999194131677981989 -0.0029880112188570991626 -0.0026812479383520777809 8.8037028035326675424e-05 -0.68402885410677749523 0.72945494651726261459 -0.0040136705186423083519 0.72944883202188826044 0.6840236047906230743
-1.0740358902824092002 -3.0949802720408778889 3.7909306839343974715 0.70070305014348321926 0.0103420585003215805 -0.71337807461796542974 0.56236272812390331044 -0.62332653241758428919 0.54333433169775380289 -0.43904828611062246546 -0.78189326369412814888 -0.44258279073303163909
-4.4118450369364623498 -7.0449196026905562817 5.9989796908480936821 0.90592040259578576755 0.0064776996364588846841 0.42339846901968514192 0.42045807330625872833 -0.1323722267326812585 -0.89760381136741185237 0.050231790256842621945 0.9911789106903630131 -0.12264230204286817594
-1.3461077307640223477 -4.360356452919736725 2.4535460588717348251 0.76582498541910504208 0.0026830359306461528703 -0.64304346122647815243 -0.39499590637638398727 0.79106368837864604604 -0.4671150552857755156 0.50743504574850684108 0.61172791520979274971 0.60687612582736960576
-5.586466870626138892 -0.93197378807655117949 2.250666798825257775 -0.96370006260676999155 0.01077928060179684025 -0.2667695568113794824 -0.10759296466570981987 0.89877895544793307003 0.4249942860773103237 0.24434799628008546657 0.43826954760008957068 -0.86499356087792833581
-4.2207906117579234717 -3.7039233786215413069 -1.2595517537050981982 -0.962645733183597474 0.0039694801240360080841 -0.27073499147851276536 0.13092050600432345031 -0.86841412049952515506 -0.47824338617968098486 -0.23700846712918327563 -0.4958237172065317333 0.83545546138891002563
-2.993078258395225788 -2.4518871155525632233 0.79135347516984311245 0.82180638349758516892 0.00081568647354266334351 -0.56976627023560511009 0.082351426856868345516 0.9893285826361944979 0.12019649775961421811 0.56378409922348826644 -0.14569931446178152612 0.81296937164202387471
0.46315941508916802505 2.9605616048655796213 5.0081892789880910755 0.37835649186017844547 -0.0087545837314076495328 -0.92561856200660341809 -0.21004066240675545174 -0.97468434922816549193 -0.076637715945775897186 -0.90151499444159688412 0.22341391324927117878 -0.37061696961099288572
1.0102666864191722773 2.0773926705705036966 5.523685068301626977 -0.53267168389833929876 -0.0070152612241994784931 0.84629289450095812608 0.79350545625990775989 0.34358316195886712263 0.50229443726167066764 -0.29429571532482556862 0.93909605308949328784 -0.17745037338128641369
-2.6278669015262563491 6.3195820130450064411 0.66102834459096515562 -0.4791435956715678901 0.012262687486948711801 -0.87765086522056245943 0.71923102249115267171 0.57862907109540806516 -0.38457136446888479098 0.50311842642978532592 -0.81549863554693591272 -0.28606611894447769862
4.1455386926502555411 4.0769093377075291684 -0.26410544132314245358 0.99909307457310891909 0.0026459167451720931943 0.042497381855805670126 -0.021765585774109755951 0.8895524099841101151 0.45631433153853329099 -0.036596278717014818493 -0.45682546887858233031 0.88880324221285467168
-0.069553682101125516302 -6.2419621432309160269 4.0661999004197673102 -0.97016512687204836674 0.0024345560852107412872 -0.24243287635580354489 0.23501969004121300855 -0.23613775249492857666 -0.9428704614843380627 -0.059543025573107172255 -0.97171654034661980592 0.22852044399197180002
0.27132182893217116071 4.7384056414631663401 5.4073088613743545139 -0.89610716942222723436 -0.0067546331302073062131 -0.44378634030493852025 0.12920350861072366078 -0.96055020294834070338 -0.2462717218412095177 -0.42461558411429917159 -0.27802460780878529567 0.86162864575183517601
4.9539531899469011478 -6.2903176390852006961 5.5261473092794037854 0.95785587494456680968 0.011302082790527060233 0.28702680320623968901 -0.17932194736340173469 -0.7570738952631071994 0.62823781827018720936 0.22440089578255334457 -0.65323149038893235652 -0.72314096684967832385
0.56109666345605224702 7.3997143336319624041 -2.8923875066483941687 0.75421341951718057217 -0.0077852102695392128712 0.65658320746215403929 0.36167240636751507576 0.83950301386776460255 -0.40549692992556451987 -0.54804670265642607685 0.54329925474627271953 0.63598013451649781924
3.1935858456163201957 0.14652316176883967147 -5.1130320928340919906 0.99981453017254695581 -0.0089846407454736050557 -0.01703471416318265777 0.016072107631031243291 0.87658535086965383432 0.4809779724656982336 0.010610966602636724698 -0.48116254932360574825 0.87656717284882224028
-6.001572390662833989 5.9740847387724338446 -7.1439435247424594166 0.96963908492325301403 -0.015206770254508075735 -0.24406720207257001642 -0.21335487823538007435 0.43510964391456063982 -0.87473384163749179354 0.11949786994866470891 0.90024904993621557292 0.41865487835059411736
-0.56620369149430238576 1.7563272120166193435 -1.0125282291985646665 0.98080504939204082859 0.0014442772980228493415 -0.19498556138842496055 -0.064448470979823535565 0.94617410113252209403 -0.31717655167841685149 0.18403219738746687262 0.32365488472956827071 0.92810541745829666649
1.2396024223975110612 5.5661705031083794637 -0.056916129176518122368 0.68174667401272381895 -0.0020609383151793015006 0.73158541880333860519 0.48537115463848901076 0.74949317944687643411 -0.4501941983272129133 -0.54739045910329875433 0.66200885681063070809 0.51196480229276986051
-2.3100071140539322201 2.3163699389415097762 2.3603679633900900292 -0.8260776074572929728 -0.0098006304158938205295 0.56347114753214289085 -0.42442390970580007314 0.66860638379816039745 -0.61059794334273176375 -0.37075616155068735758 -0.74355191559691347081 -0.55648038373731301132
-3.7946958913510506761 -6.3457740971343294945 -6.2367047300465685566 -0.99893085251642810274 -0.017182775086605556886 0.042917410583246044797 -0.044132668637481407836 0.078037222556410018592 -0.99597314193445507513 0.013764426968960831454 -0.99680235961596275196 -0.0787121109754272269
-1.3790815597842962514 -5.9375303312952238954 -1.5757469381724962254 -0.97468789830041935307 -0.0063392959732762373809 -0.22348000857614452874 -0.0033909034412278405216 -0.99906376421505227459 0.043128839610355684808 -0.22354418507418508111 0.042794957166087298217 0.97375386467045277339
3.6600800051925252987 7.3091258504441665167 3.7641401770425679807 -0.86641275249955740367 -0.0024817992970148495917 0.49932232373327944952 0.24088537855144503963 -0.87800739979270048252 0.41361484536868392548 0.4373821860869814282 0.47864062362233589232 0.76131463713255098646
-5.2518192161308379085 -2.2275645509636334829 -5.3575081581304493383 0.57701966662442005784 0.0026450748288542602626 -0.81672596867475422133 0.80756814177215918704 0.1475175278160512915 0.57102738584195644744 0.12199180596696419798 -0.98905590467174375746 0.082984436557313315252
-3.2333777775531293841 -6.1410615966562094314 2.1140859030997574131 0.97339111442499837157 0.010082401801484907472 0.22892811870157081522 -0.16806470716732169191 0.71052191038739742623 0.68331022900587223834 -0.15576903595730678953 -0.7036028425420690624 0.69331021008171400677
4.5159216443563972021 5.1222882410678733933 -3.2956362810201023095 0.8359678641637251495 -0.0079812255091004421365 0.54872035694399901029 -0.45224963575842413999 0.55636139216996594037 0.69708842212380173198 -0.31085044159809083197 -0.83090210093737382202 0.46149073838617621357
-6.8563070510522052814 -5.9825533429530644014 2.9971986135711663479 -0.73561944295008574457 0.00067059941545847580324 -0.67739470432690007673 0.027216790429676129132 0.99922128370084661864 -0.028566983004727632134 0.6768480490275575745 -0.039450937830556920272 -0.73506485566363055639
-3.7406405220112466381 -4.8870672467551585783 6.9392436438689664158 0.99889977184688294454 0.00093120092450347635282 0.046886870966956407936 0.046247177421118737528 0.14619037692793457328 -0.98817486927882447478 -0.0077745986914997964115 0.98925603690783348032 0.14598646874517912098
-5.7237160449250259475 3.2805264715427306932 4.1659476698843702636 0.54923354456156192605 0.0063479465251169249138 -0.83564479122607560058 0.47471327999563894817 -0.82533077809235821931 0.30573911841504652909 -0.68774255017715157923 -0.56461385947242936911 -0.45631280320358874603
-4.4300027265609456251 7.0194547958713968683 -4.8726562034079936581 0.98564340095460833968 -0.0051123215538458758114 -0.16876300045620090673 0.16424098992465499536 -0.20268223846998270621 0.96537288517825869949 -0.039140559311869382864 -0.97923121599413143201 -0.19893275808582550068
-6.3042772046595834112 -0.091520329562455760009 6.730320169744884673 0.99872946158617581514 0.011630033864747903183 -0.049032691869883883451 0.017871914925831042936 -0.99150267665333424727 0.12885277197732850074 -0.047117483130852580442 -0.12956536767840970414 -0.99045078539110797955
-1.1898921532007762369 -6.8511798367559295642 -6.2715997822870575007 -0.97615256910970349402 0.0012692309358622658189 -0.21708189899982544002 -0.17557010475297554764 0.58351329513754546241 0.7928980846961763973 0.12767654497820052351 0.81210259416575869551 -0.56937516314977576481
-6.6118764882547518269 2.0727677673043216622 2.0196472497404536206 -0.94941651206544275254 0.0033205151878640858445 0.31400200763088359501 -0.31284172936241072538 0.07652436395410733283 -0.94671752602923830988 -0.027172393838059367976 -0.99706218256444523185 -0.071614698999484319164
-6.9571283840671984677 -5.0257992849634813837 2.0042736451752491966 0.92347997853950836156 -0.010362937653164119162 -0.3835066345707051072 0.26225630654377057871 0.7466535200239723391 0.61133472886279760505 0.28001135497439633149 -0.66513241580817827892 0.69223732240215130052
-6.8273129177491176378 0.61567563667696978413 -3.2977049153564514938 0.8116835008424581055 -0.0077107899213466127297 -0.58404660617022496893 -0.33156323680689891997 -0.82928039856916468953 -0.44984424031777303643 -0.48086974791338132906 0.55877953100289778909 -0.67566983155522297722
-5.2427824048745108598 -4.5151410367416575653 -6.1303380661741622148 0.99797877946259505588 0.0061753006937406785051 -0.063247303528294440689 -0.051688807277790863037 0.65785845282620081242 -0.75136577194284326353 0.036967863671799348901 0.75311627369650002706 0.65684796973817438648
-7.1636665746426579915 6.1798135697750833373 5.4858506994130138423 -0.99698022219132931276 0.0012371864816429021389 0.077646029705320071534 -0.018578486122807304215 0.96703694337263179648 -0.2539574570786112262 -0.075400771964046695017 -0.25463310767075231222 -0.96409372161900031006
5.2762613623327370149 -3.964234371409975477 -7.3685411586291307273 0.73785678029211076989 0.0061366343241977990008 -0.67492941371383829985 -0.065484013292030490705 0.99589220097053776648 -0.062534534851997378158 0.67177318775022232256 0.090338617241867189001 0.73522766436979158922
6.3434216434572103793 5.3315729342171263028 -6.2951480712697938102 0.83608750752690885744 0.017717266853881013383 -0.5483099289751227623 -0.25456891901731037997 0.89788363369973533956 -0.35916520684046709944 0.48595508560762018524 0.43987620848333724988 0.75521955482010094673
6.7749802835715824401 -4.4924181275563785931 -6.657654295884708695 0.99336866080943775348 -0.0014427888843086885285 0.11496356849963322577 0.11129663221660465733 -0.23875805965683197241 -0.96468007577960956933 0.028840308236444858747 0.97107801298824181213 -0.23701419643489982092
-3.59530960297922908 6.3262889922011131816 -3.8716644373308657379 0.92670516400235392052 0.0026182857280760236593 -0.37578010004665168831 -0.3300433199732182854 0.48382946753268757378 -0.81054330747219105469 0.17969125174102748566 0.87515838048142380323 0.4492314137735297086
-3.561653145221129968 4.3570840092811966571 -6.244663951670126778 0.99936652082919674722 0.0045728505439348284337 -0.035293711673344906055 0.026470894743045078612 -0.75837296100667284104 0.65128315174383299979 -0.023787576111871183704 -0.65180483355964313752 -0.75801359497764042583
0.44780549805909020122 -1.6854984633227190205 -4.6670461839565104967 0.63347040526673847882 0.011933690315883130686 -0.77367488823567864831 -0.64575795371831024028 -0.54269197438240279752 -0.53710528404635082822 -0.42627680075356189082 0.83984701462615352074 -0.33607302950832351751
-3.5651467000615859604 2.1984136647911092233 -0.5698846208367533972 -0.95126211071115152063 -0.011083281671503353305 0.30818429160614152496 -0.25611697459751014971 -0.52824334730803657045 -0.80954497178834783355 0.17176871673390986528 -0.84902068696353072408 0.49965926495900386817
2.2766156865647411145 -1.0449959528507808404 -1.4911645141566896022 0.91429978623882712796 0.0071668270468132136419 -0.40497473683403878431 0.13048776172282156027 0.94132459378903132752 0.31125705320281099597 0.38344340511246283176 -0.33742650417243413852 0.8597176916627181642
-2.5625573158194061563 6.0584574693153427916 2.5425957753422965268 -0.87644888781812602119 0.0087894874027491399354 -0.48141467775060869938 0.33460327442321874392 0.73007981362394891445 -0.59583900047245030862 0.34623401881927673429 -0.68330535681347359667 -0.6428186319345333688
6.8276278672626364852 6.251107953333767675 -5.8442980265016268859 -0.96199751718887527296 -0.003609650788630363108 0.27303433363484924667 -0.27258706506556307225 -0.046017601002276330158 -0.96103000596075016659 0.016033367744075328887 -0.99893410734608845125 0.043284873796770248489
2.783380383432882077 0.79340933424896042947 6.5862621811700572394 -0.9102432999339284958 0.008018922369168204195 0.41399617366516000549 0.066259231902684345705 -0.98410824103929339657 0.16474429916133451202 0.40873811800832754448 0.17738846299173596788 0.89524660517895460199
-6.8799157014940401922 -1.8665379555404923995 2.2982373651548408944 0.39585989961367284984 0.010035557810317846314 -0.9182560794556786643 -0.9011918644596023098 0.19642203631792518048 -0.38635683905001233507 0.17648842259432787061 0.98046808781738492566 0.086799570632743891507
-2.6179233513698214608 4.3818585172194586264 -0.25888353523554219482 0.9507638184199296294 -0.00024501358644875639858 0.30991628152099576221 0.18844875208845351944 -0.79343130274094386678 -0.57875196385584370962 0.24603908108218486284 0.60865976357811701902 -0.75431960254332430793
-5.3910007779056909882 5.3460984655442995717 -1.546620741960191614 0.54662879704348510401 0.0060267164181186851785 0.83735335249351139364 0.7110301892842959548 0.52484900377346466183 -0.46794186942862187051 -0.44230422580984979364 0.85117401389329949701 0.28261240224666522858
-2.46041977959809266 -6.1375976613074509913 -5.0673316818582643251 0.9489737646085844025 0.013271861251426497058 -0.3150756286727304234 0.30845674328444339096 -0.2468964784987668637 0.91863843073719464449 -0.065599021387087341761 -0.96895097223957205035 -0.23839207576851775827
-0.53756068176459947949 4.9196408817048080664 -2.7919700886324725353 0.99593176932332982965 -0.0036505293765682197624 0.090036573056581484242 0.088373754128337200786 -0.15565866253974006139 -0.9838498159564091905 0.017606545196928644753 0.9878041579238963088 -0.15470279620822027788
-2.5465399724408639415 7.1804407589131846734 6.9893187360838320288 0.96922506175755607227 -0.0018089336070406403928 -0.24616967201580791658 -0.020084418793545753129 -0.99722048904486326748 -0.071748953657111882998 -0.24535565162205466572 0.074485058826336880689 -0.96656742146045415698
-2.392445420999758543 5.6397579772068864301 -3.0179169339789222448 0.87735553743321759157 -0.0014449134948591943473 0.47983869493852576715 0.05820614060970516479 -0.9922905514144724215 -0.10941438099689534957 0.47629749750610861359 0.12392487159007344044 -0.87050750718800007366
2.7131707879532833694 1.4425170582321988899 1.6475407654794593793 0.95477219824377657087 0.0083323525556815887516 0.29722150218557785717 0.073912167276634063717 0.96158020691508794275 -0.2643870216133352713 -0.28800527944653797618 0.27439766320062941585 0.91747418570817307337
6.9010119820710098537 -1.6141257767726278072 -0.91790818502733506623 0.89164391755098393322 0.0072528422492408100783 -0.45267926899034133248 0.3985133041639576934 -0.4870585342903324122 0.77714936182127902775 -0.21484475953267204162 -0.87333921270847481022 -0.43717313372068111743
-0.59560427789715497671 -2.4845989021296870369 0.89572281627519323433 0.97278062370168516537 -0.011262111572938927201 0.23145414879287670717 0.23125942927618028944 -0.01630308256837251224 -0.97275551186808795201 0.014728697206415142587 0.99980366789766084157 -0.013254853334301798518
2.6666857298288162426 0.41173331027344473032 4.6966541772871677196 0.99779774889952621564 0.00021263813141069620076 -0.06632953396597308926 0.061018690203297074048 0.38914340365434174629 0.91915402998531514633 0.026007147805748032088 -0.92117716329560095367 0.38827343726512819622
-1.9712599632883989198 4.100438399917798904 2.6876848767590524325 0.20403170938820525127 -0.0023460021204272257268 0.97896146902638270237 0.12296216470653779929 0.99213897950275020676 -0.023249761329264477527 -0.97121128886295193805 0.12511890994270083444 0.20271628143776312947
-7.185647965186661601 -4.1980186119900650965 2.8672038614263843925 0.69856074298897397057 -0.0052712157875232524412 -0.71553134287663588964 0.053168581844129425562 -0.99682617201371215288 0.059251031159049338815 -0.71357269444632709376 -0.079434231115060788264 -0.69606336828458537092
3.2405112109439251356 -5.5190966853961551664 5.7260600599546904732 0.98258225079068839403 -0.0059185110426857485966 -0.18573392705238006561 -0.17296371671151875016 0.33628611603183772294 -0.92574035283422240195 0.06793874544471793786 0.94174126987793571608 0.32940508113287841896
2.9783813342857823336 1.252277898681390278 -4.6289849997520624569 0.9402286530251176 0.0035512746845290927948 -0.3405252831709125183 0.29663376844866157223 -0.49969223207840834933 0.81382804118347662481 -0.16726771190658151767 -0.86619574095493767629 -0.47087838228663503326
4.2013252638362050817 1.9650058215393881866 -3.1821488282119538837 -0.99390987411830578058 0.0076887376353748952337 0.10992745536795239802 0.06776717934903214724 0.82927628421756105492 0.55471474997276604135 -0.086895175545998959432 0.55878594090029709562 -0.82474693131831999793
-4.7301824405422587816 4.4917676962061072743 -5.0432876241845345788 0.99533175255999606357 -0.01747858778996854226 -0.094916812603125927383 0.047458320879883240939 0.94498619544610962251 0.32364919001216119199 0.084038146844957251069 -0.3266429080588737488 0.94140427048623542827
-1.3095559529443612234 -4.7362513981948533015 -6.4067912897836976072 0.90594673048139473526 -0.0084080232701750669266 0.42330819348886666864 0.19022096157422543894 -0.88513240541286897223 -0.42468413046165365277 0.37825455358518517146 0.46526329108678116109 -0.80028342645549710443
5.9524618118584999849 -1.480352169706578902 3.8631224023284125302 -0.83842563351994769949 -0.0044511329250715003097 0.54499783896129005978 -0.5397302808786350603 -0.13214803908114092224 -0.83140129881415480995 0.075721073417220174928 -0.99121999736830257444 0.10839389216116238068
