1125 14.717824617146108679 14.977075390850430381 15.033177056927090831
6.6180343123343563505 2.9465695021512479101 3.664146398388419712 0.76192961123016844649 0.0021707120512175666349 -0.64765620165315052059 -0.63826819798897538316 -0.16716294688665150892 -0.75144544487547471068 -0.10989529092081079531 0.98592689242015751905 -0.12598090266422468098
2.8798722239826761715 6.3066450512709559817 7.4809809872990653545 -0.95536906697160250967 0.0082083160401678813972 0.29530081175231470692 -0.08157445865337439872 0.95341752054477701961 -0.29041459883005454889 -0.28392878256565512451 -0.30154212817780418066 -0.91019601809992334296
-0.44963272678733479104 4.2252360212545028162 -4.6582416259779755308 0.99624268182127739824 -0.0070649230891210793026 -0.086316891621622662822 0.075927952521468500269 0.55066555483787849035 0.83126553684187753923 0.041658911932293478386 -0.83469607257785538579 0.54913295428320429981
4.1181727028493275711 2.5953789047249973265 -7.2837388388727886124 -0.78078592854195427719 0.014336745750536592642 0.62463412611878499359 0.57766772470642879789 0.397485608100691723 0.71295525188140063122 -0.2380616172829666255 0.91749640275815724788 -0.31863304490029153992
-2.4789291645107649487 -0.85841014843547025492 -5.5700876834609402977 -0.97796566998301459606 -0.003783199381046046389 0.20873149196313514619 -0.20061932270078858265 0.29361014344759073236 -0.93463627739555621421 -0.057749767911163651934 -0.95591776375747250505 -0.28789962354801978961
0.49345946252682820754 -4.6214345267556282693 -0.19246900383306700388 -0.69568547390379709139 0.0031016184730720233916 -0.71833982303790155921 -0.70548729053151759683 -0.1913145079167280771 0.68241222289683978186 -0.13531224740476166524 0.98152388611966745469 0.13528287651755438459
-2.9847408883803177027 3.3161912889260549697 -3.321572597085805878 0.96604501743794357616 0.007507102059260648344 -0.25826472407578593415 -0.035987556289656948139 -0.98592474667552232326 -0.16327060263600429169 -0.25585527173691507974 0.1670210684660004552 -0.95217752683679501846
-5.6225950766516517021 -3.4278387266956760193 4.2353580926222669234 -0.62345184811026843619 -0.0074404749402241995848 -0.78182634415880081225 -0.72356402145806408832 0.38437424783914414528 0.57333371124465504209 0.29624803786590647725 0.92314737552062808845 -0.24502249515055163354
-1.9424750313006404756 4.6177904167183321249 1.7889130628878859852 0.81199779298473606648 0.0016380959017795100087 -0.58365820548486624375 -0.13602853581279117368 -0.97192713988039769468 -0.19197362373149207126 -0.56758772153085734757 0.23527632988845118001 -0.78897986473772818705
-2.284731721478258315 -7.2370858852254480453 -2.9346365725828595927 -0.98175045424773921265 -0.0025458041243335040316 0.19015668398902310643 -0.1486187315514995444 -0.61359206691230183672 -0.77551095933868763321 0.11865293176471951309 -0.78961908177534878561 0.60201593623425797563
1.5486373152028563016 6.7103277488522845573 6.9923119665063584449 -0.81299518740568155195 0.0010262045298637867061 0.58226950131313182091 -0.086513071655702877827 -0.98911191644577023396 -0.11905085122651179463 0.57580753180891630638 -0.14716169219376443178 0.80423200798201099904
5.7686595203212718275 -0.69984318332597839074 2.5807591896528858655 0.99402302869135228391 -0.0017275315863386864028 -0.10915692403994864401 -0.0023000937641215017659 -0.99998424941412700218 -0.0051196183649494606677 -0.10914636045204405279 0.0053400897131730268308 -0.99401134573090021984
-3.1217277103940701544 7.3439166724188575941 -0.67302888246607672773 -0.99159574804631867018 0.0059897863542108450985 0.12923619816400935822 0.085437683063681782447 -0.71980148011225375537 0.68890219301512900518 0.097150783677661556315 0.69415412675263699072 0.71324033364859362738
-0.27466100496688455879 -6.3268325622709147282 6.590911591374891465 0.98887046142622103684 -0.014061825128099617738 -0.14811305004244876282 0.14812070772066635027 -0.00050110846574618413303 0.98896916273195722979 -0.013980932126729354176 -0.99990100208198040566 0.0015873161300341306727
1.169566594577837737 -3.3514245459535860761 -5.2161865596383423238 0.9850984668210619466 -0.00052822596043023111855 -0.17199049870315766264 -0.16683632718648602755 -0.24592818326069376678 -0.95482195649712853225 -0.041792949139221782784 0.96928790854700774826 -0.242351603557326295
5.4409504833582227334 5.3801848377883674246 5.3727760936669595182 0.99990818476633547274 0.0089340474222723495479 -0.010188465732557544854 -0.012855623586064377634 0.86314452196361723946 -0.50479329150287466366 0.0042842711794933135278 0.50487792286918709017 0.86318012489837403489
-4.5788484872054580066 -1.2162189919196864096 -7.2618716829902494325 -0.93943597376555276757 0.0092995336101264133855 0.34259826308634655501 0.3409365458673321303 -0.076615835939008558597 0.93695906280661478416 0.034961734613485943857 0.99701731798302883902 0.068805121574042615862
2.229842670751778666 0.5955914303185582126 4.6509357608763712832 -0.95598013050640806565 0.0093827149237960903033 -0.29328135763738960584 -0.15575671336651250587 0.83083067011894906617 0.53428479655620719768 0.24868018883346221237 0.55644618989660232788 -0.79279619161007741646
7.1961761455064765514 -5.0705830801707136857 4.7879588961029506677 0.85379278123356050489 0.0062923254988427462786 0.5205749642012652556 -0.47035752050313717199 0.43794597469658647082 0.76613779841047646713 -0.22316292169521964595 -0.89897927111081477047 0.3768747543861069027
-5.6416579135761208974 2.1848747710937828082 -5.5126154421282045348 0.99211924733527778741 -0.0085675577871741244451 -0.125003984017768216 -0.11357799503781301764 -0.48277916375082552403 -0.86834573649617707858 -0.052909716593009581409 0.87570022039613804044 -0.47994758660552494511
5.3708832211478139129 -6.6046297761216239408 7.3031130646169346576 -0.99550550862148312614 -0.010411013843679040036 0.09412966108021032785 0.093439009876215131656 -0.2698674184337822024 0.95835313319317227965 0.015425100896958733598 0.9628412056297650512 0.26962729647363470331
-2.6098142548485112613 -5.9310136174487269045 2.7538313990762834926 -0.9830557675230889858 -0.0076245833309862356963 -0.18314809217762756388 -0.16271042209816280466 0.4964345531814554624 0.85268871984341798598 0.084419645106420540537 0.8680406673287553998 -0.4892634498748695826
6.1297352798578073063 0.18968127086220182287 -6.9911962194906740464 -0.99886805528149702482 -0.0016607717343622070173 -0.047537879375172599483 0.041106215110177715677 0.47274264246105618392 -0.88024125845033862614 0.02393506251429332668 -0.88119897630229648833 -0.47213925588353167218
3.7951841260848473425 5.7108590402248458062 2.1925213184904754904 -0.88155441310806381683 0.0057676482395540374162 -0.47204719145823120785 -0.3942249787500994862 -0.55908672462307795747 0.72938926539930026838 -0.2597084574273704205 0.82908911980802102448 0.49513912040628171862
6.7770348339688233352 -2.816255455769522964 -2.833797821056373234 0.98935234136348415568 -0.0033849298651210616568 -0.1455008140469879474 0.1070460808708461331 -0.66040783219322751751 0.74323793750586353291 -0.098605685478660026755 -0.75089948556886565445 -0.65301369155920385712
0.73999153805904427372 5.5838459631402654892 1.4559955093799576975 -0.99966323343357732512 -0.0069352311994829917915 0.025006444953773465656 -0.025387634785426316936 0.4609498344598766395 -0.88706297302465320076 -0.0053747298554513191216 -0.88739909436481645422 -0.46097067108369393917
5.9375401632767852433 7.2077997281150745223 2.5061702307729070149 0.3213947650994098959 0.0053973006822312721842 0.94692992038070744609 -0.17594176103543487932 0.98291211521862864586 0.054113496285466806957 -0.9304568241946774565 -0.18399631219629383749 0.31685241897090232754
2.7341870225922990656 -4.9265003761770858048 -3.0737367849591898938 -0.91080212579525965388 -0.0021458371037255683303 0.41283759885682541624 -0.40404740147093681779 0.20995168096715113859 -0.89031791458086084745 -0.084765470631220710129 -0.97770940828158603431 -0.19209145724493312257
-4.9378406372658050216 4.6471400417747341649 0.18596511354018815942 0.70793632629536773493 0.0025363870965530660798 -0.70627170738470146372 -0.026052424950908061735 -0.99921921869071816946 -0.029702258386425959419 -0.70579560006118147175 0.039427398336399029077 -0.70731750380913549492
0.33477913784246671192 -6.5726556528587156691 -3.3507331398364623709 0.99959695680017690567 0.0062539822978172239509 -0.027691364377959555576 0.0066857599321094758615 -0.99985708897911940163 0.015527467024025416731 -0.027590298472862168772 -0.015706346598485233096 -0.99949591600304021899
-1.674530917460549384 -7.0450357508986805044 7.3137284878323374215 -0.99646205466973225562 -0.0027015835072463430418 -0.084000446724052268976 -0.083677796312812552371 -0.06129496826913133356 0.99460592863160279808 -0.0078358156896014205528 0.998116039502076835 0.060852047467899468558
-2.2934016930203400264 -6.3438481404027884381 -3.6434781070760031696 0.89934671241656216623 0.0028375134169141575519 -0.43722698839771284574 -0.25480510557809510352 -0.80922373510544032271 -0.52936877950384453317 -0.35531654765435360943 0.58749374044298241504 -0.72704969287069609596
0.16866863027974254852 7.3142916201485519423 5.9553978456839287148 -0.87603401193366814415 0.0060366864793381302609 0.48221153900729751829 -0.44134425239603730651 0.39298116359712415013 -0.80671001973123745987 -0.19436990716785756961 -0.91952670623222498847 -0.34160060847923212624
1.3770132734455340362 -1.0539120381431241746 -3.3758810504558711685 0.81957531337957800766 -0.00611357310211910112 -0.57293885356365858996 0.46447803881514720947 -0.57841182091117160358 0.6705966872037835147 -0.33549434742973055501 -0.81572200513052983695 -0.47121242894109816035
0.056142363499090894297 6.8207048155525304978 -6.4008238114559334875 0.92905427310037214106 0.0007210231960130568038 -0.3699427492998318967 -0.31788770680264938351 -0.50993634249437613803 -0.79931991872293306489 -0.18922358071267117441 0.86021183828698744023 -0.47352933359323978735
7.149559940205444164 7.1603862571646121893 -2.481138023733849618 -0.69776912233337173852 -0.00028969439597189075575 -0.71632267030651730622 0.4314631564214362891 0.7980766360203764842 -0.42061054158113442281 0.57180223554018805299 -0.60255588878994215118 -0.55674824141224177332
-2.5412385068448823944 6.9238600338710094562 5.2933186320751763887 0.55219953657742848474 0.0046877162853339706186 0.83369880479684888019 -0.72302275213113853525 -0.49520158708653455593 0.48167778446545711502 0.41510694008212395412 -0.86876545365415036581 -0.27006076137178908203
5.350663018373561286 6.7249451404197699844 7.4074904159471968157 0.95617061939255798553 0.0043299963348249178099 -0.29277806909351811182 -0.1109669615695987599 -0.91994824184537316025 -0.37600740121129272442 -0.27096878058256668176 0.39201592245396787995 -0.87914699367750326342
-4.5278209813899659153 4.9075233407373106687 -3.6977103464419842638 -0.78794418317901560034 0.0043422501753185649767 -0.61573136111274662241 -0.11696834769739114512 -0.98282260831875789542 0.14275197446833257087 -0.60453483756622972134 0.18450166785449650941 0.7749172631497545094
-0.97810603114855976248 3.7593402365847321533 2.1087941291554623824 -0.94609142360429276941 0.0060747686954515465324 0.32384273246103839616 0.2228791776367011479 -0.71326726500209292059 0.66451085834040257705 0.23502316983326293487 0.70086582586234513759 0.67346210270504891504
5.1038972970423390763 -2.6410731890959748824 3.6950992844150194472 0.97613743715172296422 -0.0057665101893472504174 -0.21707706270168411478 0.10285981232951683928 0.89266845291908258897 0.43881988579650549331 0.1912473863834175114 -0.4506770246231499577 0.87196023801444355605
1.3568774573032216235 -7.4786349505539586602 -1.4480210915855242781 0.99632398506177055619 0.0059845868317531698832 -0.085455845388307818955 -0.06161062609988929295 -0.6430434943640533918 -0.76334736202312014619 -0.059520144003188689419 0.76580627385560295917 -0.6403109427312532187
4.7428938619223339757 -6.185677741735223556 -3.1089353934572487859 -0.71692009126727218593 -0.00038046410415008792213 0.69715524668788964036 0.10771501473867226006 0.98793117823380116604 0.11130796320713094716 -0.68878375295675797751 0.15489300281335943721 -0.70822672876866543668
6.8700490843873582847 3.6531035033086376451 -4.5544466630306361665 -0.98626938197510682915 -0.0038020083943348347011 0.16510072958871163662 0.071485959215764227626 -0.91104665104955584454 0.40605881008349914429 0.14887062777310328121 0.41228575568839792576 0.89880920769806171844
-6.6875467304810172209 -3.4536221084435614337 -1.6997155777856467473 0.99977865038558533239 0.00054775389089472192525 0.021032123024959339941 -0.010155765760577480095 -0.86292144098170853184 0.50523603109419490398 0.018425814909447588846 -0.50533779460835615005 -0.86272487079330606452
1.9549975072700376266 -0.057319164214400461499 3.7749724709145722201 -0.9406262780333236595 -0.00067515840089648129774 -0.33944329310571169644 -0.29700212680579324287 0.48581933830656715001 0.8220518883867705684 0.16435310081070372834 0.87405898810581472702 -0.45717495946887887204
5.0503392482788989071 -4.3944646251999461839 1.7668825669340764151 -0.99998212221186322246 0.0034113438946412194541 -0.0049110069741612220537 0.0059324929926238513175 0.46314254696802009681 -0.88626394867153046597 -0.00074885483213363822352 -0.8862772387468534907 -0.46315450477743480562
-6.3674691830386258573 1.6688068996256917309 -2.6546061150125015438 -0.99995748924358163201 -0.0025414558461414639423 0.0088634478549846178186 -0.0021613972499016816109 0.99908865988054895713 0.0426283715382170178 -0.0089637083633562018165 0.042607401942075510959 -0.99905168096155350099
-2.9433437624848162173 0.80760456180254414082 1.9972304815071311168 0.8318154768080451289 -0.015762660587773431875 -0.5548283978616271872 -0.0077610221078482305793 -0.99982925953431500687 0.016769565138472608545 -0.55499799916609893202 -0.0096431483597061128099 -0.83179578660345809826
4.6345008885487954942 0.800225191508802558 3.3966964421874985547 -0.97872762667545243342 0.00088362257073925547582 -0.20516201401188016717 -0.033579507016648288409 0.98581580574047145138 0.16443726420996776505 0.20239725662854068933 0.16782853262621155732 -0.96481549228113316907
-1.1113243222167548119 -1.8063359860338148444 -3.9594187391899482442 -0.94912562610391015827 0.0045510038544024685597 0.31486478722865868241 0.27001813272327090942 0.52622738715148142941 0.80633426382138573274 -0.16202084394673577084 0.85033171490640502288 -0.50068475186604510796
7.0566357946718563099 -7.4638319403698272225 -5.6175526382382310331 -0.95124055592731504571 0.0084314297833918763758 -0.30833474625974938155 -0.031466825348818991404 0.99175842508398293074 0.12419768587819804417 0.30684074641692782315 0.12784419136922486882 -0.94313552529394428792
-2.0030304231705535756 -1.5661579728859036376 -4.827963572955525251 -0.99966223704001833106 -0.0061103980887491915475 -0.025260143929588349532 0.0069694073048984115856 -0.99939550479769501123 -0.034059541278185945234 -0.025036756937838272608 -0.034224085458352572486 0.99910053186685610083
-1.0094590336324806845 -3.2002011118991955385 3.3124763120815812201 -0.21039780580806105581 -0.0014033875011335641969 0.97761484942410437071 -0.1256834795670791205 -0.99166172424258036688 -0.028472576918009910585 0.96950318528359846759 -0.12886060366139992506 0.20846706826025382386
-4.0195419201056594716 -1.5247928948623448164 -2.97213950542081351 -0.95850675600255053066 0.00026564635434406496522 0.28506968995218601171 -0.21645445707065180674 0.65005837032864743907 -0.72840344808354207107 -0.18550543580083353468 -0.75988423104953572995 -0.62302783941857597938
0.50443096939630061026 -3.8429728387977761805 5.7056165832353480383 -0.99665377010436484451 0.0031160802514892940382 0.081679572602462655051 0.070368649860451937261 -0.47570413056028187926 0.87678608182649520053 0.041587445863747921071 0.87959983527269813841 0.47389304081705457827
-5.1246668068880767422 5.62595372525767079 4.7004967114580455956 0.96516803889916369386 0.0050108750172061572101 -0.26158277431637361188 0.10124365925257042265 0.91476921990323623035 0.39108438447303567331 0.24124754537333184534 -0.40394574567517149699 0.88239869469661458279
-5.3559133922710868703 -7.2765420749322489158 -4.3605490036535208276 -0.88305999564023496262 0.0039335645450581544977 0.46924361601403835609 -0.36744108612013082205 -0.62776799734617017013 -0.68621745076829698817 0.29187684445803141475 -0.77839056300672426758 0.55580215822828149541
5.9800102096532894436 1.8880172207435286236 3.7357415687089305933 0.9990793270698824502 0.016799722034728473141 -0.039474897860621034618 -0.036757692155491301922 -0.13925684478780472886 -0.98957384931452052612 -0.022121715325686814452 0.9901137816026814864 -0.13851111576959893035
7.3394501264606679669 -0.41356076213459153079 1.6845034409039714163 0.99951005929515790438 -0.0042747044156453686478 0.031005939267626118905 -0.01625453601402553766 -0.91746044229582768281 0.39749481365316996495 0.026747549919192363521 -0.39780405192051254692 -0.91708042441699333391
-1.2787005410178933218 3.2459760532213528528 -5.6491200584623255665 0.9972111374519342375 0.0019175120213583730922 0.074607442587246664001 -0.064431130303962649841 -0.48237649968164592051 0.87359117555211240891 0.037663998586284115622 -0.87596189169535565444 -0.48090767046072840918
-5.4544151957514692697 2.2860429599337250828 -4.4167979164514656887 -0.99675221447194461977 -0.0051132309799504045353 -0.080367143871997531734 -0.076392702488610658706 0.37579157922794598212 0.92355013073889069553 0.025478970773680349043 0.92669010130159457095 -0.37496170230835829118
-1.1938903964905114297 -2.5916521818184952153 0.95659604498496542124 0.71226331652560714858 -0.00016617528544729358309 -0.70191234518120504404 0.12705807178684855319 -0.98344941508262084806 0.12916460183662470396 -0.69031674927225472604 -0.18118283682392488654 -0.70045382811050471705
-5.1735782625059627549 -0.21623257762016648287 -5.4140299737451611506 -0.99438423263313546752 -0.0081648253813410755914 -0.10551461281359350575 0.043324573798123898472 0.87823883607728669976 -0.47625573813954569236 0.096555575685355804483 -0.47815257233653135627 -0.87295311350147530849
0.9287256128758569762 6.3392664605131754385 5.6154096260043750988 -0.98332122757392204093 0.01164319953899696676 -0.18150426801329333504 -0.086123287924151026296 0.84916636935015321619 0.52105590529403644773 0.16019407816680394929 0.52799707676188312178 -0.83400056609762751592
-6.814452120503165844 0.78664235047751307484 -2.0008057792055495838 0.94474528493805220997 0.003579614434637662726 0.32778580345692520659 -0.31078923579649325726 0.32776181130342818548 0.89217837115926168501 -0.10424201408488507903 -0.94475360883766668074 0.31076393144616548669
-3.3564620316384443655 -4.3059560803863927703 4.6076667272485707372 0.4144043651239232573 0.014952651173636779397 -0.90997002169806662231 -0.88805031756708607826 0.22536881270588143833 -0.40071876887464730199 0.19908705541831253627 0.97415877375422654794 0.10667252637133636806
1.9300099498482861105 2.1484066500568910207 -2.577289593317940497 -0.96948933194302755467 0.0015303858317603504739 -0.24512872774927907393 -0.089020430596197977491 0.92951421324551475323 0.35788083255613489797 0.22839833227330899601 0.36878311416575937365 -0.90101787802511834613
6.1163267445457156768 6.2850331219773298841 -3.9857736107965417993 0.99670788790724207384 -0.015793233234400155807 -0.079523329705841555581 -0.052514881620137135454 0.62152635858430471671 -0.78163109763707327993 0.06177032776284404475 0.78323403869398255939 0.61865084436939887791
5.3238107059809038901 -5.3758676509926521803 -6.7935023111403625151 0.99067553183382950355 -0.00046921029059929144495 0.13624158861133128795 0.018463548311618314252 -0.99030638666357839739 -0.13766756305349284184 0.13498551036825243155 0.13889938939765059112 -0.98106364299951975827
-3.6845254993611376015 0.49110488804146384956 -6.8089135222757164456 -0.99995206360889177244 -0.0013960599840290993656 -0.0096913105794433074269 -0.0077249663478978066941 0.72065391086049590541 0.69325194962327274517 0.0060162595647101132362 0.69329358267472995792 -0.72063014982913764506
-6.7858900053529733754 -5.3777801940205023357 -2.7485693864082034743 0.71510125153404346943 0.0018750929505396175812 0.69901837177634607023 0.18019916117611980977 0.96570354558672499845 -0.18693561552762008593 -0.67539504170955411144 0.25964041686088812355 0.69023792388318427893
1.9902788266102837689 -7.2342585512961417038 -5.3558037043964645818 0.41909378917187795066 0.0084589357108928019818 0.90790354238987758251 0.8644541132951942819 0.30205045956035309063 -0.40185147242029650716 -0.27763191798587966153 0.95325440795522276005 0.1192751098488660233
-6.7947363075031468327 -5.8142172601219241912 -1.3651070057757954679 0.79157074274476224574 -0.003860610332392643354 0.61106534422951652719 -0.20793794139148563671 -0.94200682460521967254 0.26341024074076602179 0.57461080024681332468 -0.33557150964453863473 -0.7464678091883837352
0.10961888335087646706 -5.8499182403609646386 5.5478870043708559123 0.98613695187356942284 0.0082320721224471843369 -0.16572913183309309626 0.14411136481721420477 -0.53758724182350459131 0.83080194508634541695 -0.082254645340496992945 -0.8431679491165289253 -0.53132097916671017224
-5.2917044801998489589 0.80388783920838602359 -5.6755258380122484141 -0.99891994607762391034 0.014066363953200272316 0.044284068618788641203 -0.039170495237833002911 0.2577041387756943136 -0.96542956716703676179 -0.024992271427790035965 -0.96612148007527987037 -0.25687481796758088182
1.5381760565480573355 -0.85147587479843300784 6.8676594404277437889 0.21396073182920988254 -0.0020258112113271434761 -0.97684016160479880675 0.95638937393951750643 0.20399511007333467894 0.20905827054168191204 0.19884710370232350218 -0.97896981115613779245 0.045584407356929611266
0.0072550806016702801271 -5.0647835430237995169 6.4592261951277682996 0.87037162422867153655 0.010165576558324767448 -0.49229045978048863175 0.49239489765121291498 -0.019405406572329361031 0.87015555791060772428 -0.00070746358205647785766 -0.9997600168286028266 -0.021895393266122886722
-6.7884150517788697243 -3.3038441750025446808 4.9495028254714741323 0.92939797844586047315 0.0066172634237914168542 0.36901979552001806795 0.13480002974067942234 -0.93685232718615008007 -0.32270213669547576085 0.34358164916475952833 0.3496625928959058438 -0.87160066629532961802
-5.5476900586694002371 1.1990523283705625257 -0.77667124909539686506 -0.99915358966578260436 0.012367725352745221473 0.039231921027673838376 0.012789448213599400456 0.99986290432734592493 0.010516775383030418922 -0.03909647391152139273 0.011009628497952103632 -0.99917478641527068817
-5.2773318536777722443 -5.9133893616339046062 1.0386310589062979215 -0.84056391051435530581 -0.0079435141951744673433 -0.54165414511747866921 0.49391163636379420421 0.39944128143942392306 -0.77233280271298110353 0.22249406240439834059 -0.91672436602518503346 -0.3318325314529217418
-0.72535588384442506449 0.066596663156592933452 -3.1711642180426427018 0.12292796454488727487 0.016177098079298613681 -0.99228373816695536469 -0.40532648425793876834 -0.91185258209697139797 -0.065079256926743656031 -0.90586928234255825743 0.41019893956567882176 -0.10553517559224079303
2.7300948969067295735 6.4770910577310223388 4.3950526997526644379 -0.90902136406504563393 0.0011169337411247837969 0.41674801995038240898 -0.27133611496445808609 -0.76059497886811067158 -0.58980674024349388773 0.31631767637853380748 -0.64922571620330160602 0.69170014965361925618
3.4340546345194873368 1.0793799791320699555 1.9165454400723043182 -0.98324501323534341246 0.001210196883764677947 -0.18228488519704236226 0.036766302021130604916 -0.97811073161760353489 -0.20481121973689117577 -0.17854266432277227095 -0.20808155160400657047 0.96167800479091369859
1.4528291259284351611 3.9457674375108742204 -0.6971449901425645912 -0.85417918705039552751 0.010874290926539943725 0.51986504614816242409 -0.22369155369877913309 -0.91022393497325859713 -0.34850319511516825166 0.46940388282761419392 -0.41397359577454567736 0.77992682784211153635
3.3271224016504428178 4.2257418487420022046 2.2581613405462910293 0.95824208113717335156 -0.0048908923470517397594 -0.28591640930506007079 0.28463383810672898688 0.1124317565796794649 0.95202031402543685346 0.02748985526496875581 -0.99364741195487038539 0.10912895387135120029
-1.8830298193957746289 -4.2917301009552133451 3.4244875501612490609 0.43135734734179936867 0.0029290011367369989809 -0.9021764017345704767 0.61808188471350677951 0.72748828560159872758 0.29788517603519765187 0.65719526982721165886 -0.68611385007505643063 0.31199705455638648832
-0.24731813769686905591 5.2232335008299903834 5.9295745259719589981 -0.9542079553826916527 -0.011746695764925357136 0.298913353704569007 0.20424766046698039634 -0.75564975693764746545 0.6223153043545408547 0.21856365452214857048 0.65487056734805382252 0.72344624468117091354
6.1801156988709067264 -4.1719050206348926579 5.012926808926043698 0.49975234421390368755 -4.4830866636574612932e-05 -0.86616833955238392573 0.83770130910854723183 -0.25424021006300046022 0.48334090692273173895 -0.22023648918940086361 -0.96714110324056490331 -0.12701958609678665191
2.1893251864896070558 -5.9199427236242359029 -3.1104417235808266007 0.92491119716983416499 0.0060347855939129240246 -0.38013531631877994776 -0.088901963485891730143 0.9755857527494853354 -0.20082051668183739657 0.36964268995649185445 0.21953592051152012732 0.90286669080599446513
2.0994179246271009731 -3.8039622082609962916 -6.70013340152410386 0.89049624299680152362 0.0058827668669080932645 -0.4549525626509250964 0.34754281707156853276 -0.65413903915505122733 0.67180064584326348864 -0.29365018561302108635 -0.75635144642377838409 -0.584552870134191771
-3.3885647031070686985 5.7830950384455395152 -4.1584747899053526865 0.93658967466382503364 -0.0010353647669777022583 0.35042646779717706584 -0.32385701767045410593 0.37940872303001033083 0.86669813256663419399 -0.1338522073728933004 -0.92522859278590796617 0.35501498232166395219
3.8807901459126599164 -3.8062149035236112482 5.7943726439175824439 0.97087155193008900511 -0.014016014774254039604 -0.23919026105283078265 -0.19597616055253752609 -0.62078750954763373127 -0.75908906755720306769 -0.13784692288118710612 0.78385357007516354155 -0.60545173757505832413
3.89709330477978666 6.295556769654553797 -2.1070963840481042872 -0.99357283756184355816 0.0027918747559499586253 -0.11316016036774646791 -0.1008488108634305741 0.43216335715040282706 0.89613857750009118242 0.051405581472601241666 0.90179101690560525828 -0.42910421580496388438
-1.4500431118870942271 2.121416407816834937 2.5383031793515438146 -0.85279752878210413058 -0.0024922909400583032058 0.5222357354577147337 0.51425647297751886367 -0.17820869378023002083 0.83891712431076714829 0.090976122712851617558 0.98398955784454689155 0.15325761041174493227
0.66589524494268159671 6.8727846783823505206 -2.3292346039044189432 -0.99581507249895351297 0.0089917737355175008512 -0.090947728883534653677 0.013088859116951798503 0.99892126679097048569 -0.044553165094194088769 0.090449008568392774698 -0.045557115338718118247 -0.99485854576968602014
7.2850724256256658151 6.0753742200718123811 -1.8374616183456786711 -0.99965217589810273502 0.0017620225492338990533 -0.026313922146679609437 0.0072295081915262956324 -0.94123610376250221865 -0.33767192833450543343 -0.025362599108014596827 -0.3377447146150358015 0.94089598060364820764
4.3306974787396592674 -6.1662829755241368446 0.27135666188477286509 -0.96999120272100158857 -0.010547994566238122136 -0.24291110813326760587 0.18515883156122309172 -0.67956312676846819532 -0.70986629996889305527 -0.15758576629508133649 -0.73354120303308001372 0.66112330900823368385
-4.9160425916759100673 -3.5405736372079630314 -4.6736925062571650358 0.71705583639542136432 0.011152938153180027084 -0.6969264950206777165 -0.29098037132780241176 0.91336604520948050379 -0.28476813543688633823 0.63337299515622980106 0.40698658384378832986 0.65817973956809028291
-7.2124175499108593712 -4.2755373922069548343 6.5819195219098558525 0.60671086628497850057 0.0093977910475395547152 -0.79486703684015669324 0.7717738568273496691 -0.24651640866500343363 0.58616957800334579254 -0.19043906807556376659 -0.96909305114743737875 -0.15681715329708820206
-7.0663262857927984228 2.9938755145460120843 -5.5538470508385282542 0.91492574830224648874 -0.013399431109419716185 -0.40339971534370572259 0.39858738645597002748 0.18736438312757233704 0.89778766047068103706 0.063552894911903301534 -0.98219908530868860197 0.17676534266405738438
-5.9843961590259482364 -5.299350037343041997 4.5755049631055140225 0.92808896084654257663 0.010963211251531324031 0.37219711008242467587 -0.056008917318212822489 0.99230429162253908082 0.110431852326957472 -0.36812210193833938554 -0.12333694023517727256 0.92156069644807059316
5.9418406328789235005 -2.1848850555877463719 -0.8830749115868979926 -0.79209848333059296177 -0.0090607993191110305919 0.61032605599061973134 -0.60816132228383601444 -0.073714999377221868126 -0.79038339111142619231 0.052151690129282432529 -0.99723818658461993447 0.052879111510547499586
2.8483705998150932182 2.1818827923474470865 6.6898992651245192675 -0.57742708270015752348 0.0052769600983392211252 -0.81642520652934902348 0.1521552607664077017 0.98315582088721542586 -0.10125911552388047743 0.80213885380616645193 -0.18269314586952720147 -0.56850371473439831327
3.2761960666679383891 -5.5306097212790241713 5.1016060081558869399 0.92862520082884847383 -0.012024602663796103708 0.37082427821856756012 -0.24567182935248002562 0.7290456780707815776 0.63885659701443620051 -0.27802983409731563125 -0.68435941450172110834 0.67405608307830156001
3.9159286491154192689 -2.9636891520461183802 -7.2608804439104384087 0.98688916574403051651 0.012724664779915403207 0.16089703988338555085 -0.055563908648433732451 0.962736439229004759 0.26467187352724713678 -0.15153358239250425132 -0.27014187288721080993 0.9508211934535489851
-1.9832867671002853971 6.9095975502901305632 7.3360580664970154174 -0.81789486986687753856 -0.0038351173216278383778 0.57535491109452141512 -0.55061016875672808002 -0.28496017979223847716 -0.78461846651382727291 0.16696234278162067066 -0.95853168325730409016 0.23095581457269054315
3.7256408263299105599 -3.0077582494113443978 -3.1994017427092891204 -0.93576830188609894101 -0.0026327183660090568672 -0.35260566356634120977 0.26856494384291818012 0.64266474477517210318 -0.71753389938151357352 0.22849629345725833152 -0.76614299880440306367 -0.60067824104015943298
-1.2219020477691249216 -4.1508722807763565044 1.7767658665117307404 0.99767629691370307565 0.0036943312062268302345 0.068032040197263388137 0.065773408727983359578 0.20824659370862649843 -0.97586229300707416634 -0.017772599156153125188 0.97806937797156434655 0.20751970169963665502
3.8703762121756941639 -1.5043616231736065547 -4.9158289425062076106 -0.91741107673445221327 -0.00049047152921313915894 -0.39794054294917879933 -0.36174888480603650809 -0.41565467661799304633 0.83448722827087440379 -0.16581513991962032462 0.90952237424007520428 0.38114877689702991725
-5.5869913490243359178 -1.9689432926846102134 -6.1257235072188862546 -0.86853414576994880658 0.011106580117074788677 0.49550487536421211621 -0.49425513033076234892 0.054987335726550068404 -0.86757608257220253378 -0.036882296204530699846 -0.99842527852007323386 -0.042268894460154839143
-6.34892462621990461 7.4047076162838862956 6.5668200614073324317 0.62360218281984880484 0.0029479322516633189866 0.78173629011183443094 -0.77438102884700710238 -0.13457532184300310951 0.61824227040264623234 0.10702494916640475919 -0.99089898195846470852 -0.081638641644991224999
1.9343366650561464315 -5.5802908477912307461 6.2195889282522154318 -0.93866021315352532461 0.001757560907867830851 0.34483896998766899733 -0.26364195987657879083 0.64092636696927873796 -0.72090658834270460176 -0.22228342546157234261 -0.7676003537669036092 -0.60114871343281151006
-7.3178272719958386006 4.9936101466642464075 6.0664046619555334061 0.95999015017303468422 0.013767537235150492658 -0.27969513132918377707 0.25463011290453113622 0.37275849460205490171 0.89230858468606866207 0.11654362776673468649 -0.9278262550826604782 0.35433885365074069274
6.2784216080001851168 -5.4489259052576439757 -2.0115067230700089951 0.31269357226985805553 -0.014167958395672744162 -0.94974838710906384076 0.93055089835035054158 -0.19598621965375898069 0.30929666549311068957 -0.1905196983003656086 -0.98050429405524908155 -0.048099624726318020163
-5.6627850079552830564 -6.540257187274052697 6.9766056173937593954 0.12831280078912193909 -0.0066566847186309814968 -0.99171140645961119997 -0.02333798083869312312 0.99968028406013909049 -0.0097297642174843639723 0.99145910848815899108 0.024392995099195530911 0.12811642356105687468
-3.0738339545481436765 4.273587042978655326 -6.8489247284304033414 0.78252134016327412613 0.0023886887591353100913 0.62261918245033542885 0.019666038633184917961 -0.99958851469349785379 -0.020881767578956610815 0.62231310376175796861 0.028584881646754912998 -0.7822463201751564954
-0.96015393668239756853 -4.646685994621443605 -6.1765412032365629713 0.87304227052325644731 0.00094122407568502947789 -0.48764362804889704872 0.092563612832974859201 0.98149764288419472091 0.16761370645667303392 0.47877883355344635907 -0.19147190684296450103 0.8568018075559803437
-6.9213583525513469041 -0.09454927766710881365 2.8197710134060929299 -0.9372098896778348065 0.00068569488767671223084 0.34876518248326476845 -0.0980902709003078771 -0.96015101856718820805 -0.26170273269321520093 0.33468779697619605029 -0.27948086046612480304 0.8999302901825821932
5.8641713662684162855 0.45345431308286066052 -1.8811894270957412179 0.92121773783642812994 -0.0056876456165753600663 0.38900582281363171866 0.10382435525809405319 -0.96003596851535399903 -0.2599066032482024724 0.37493783851562140219 0.27981885183834015463 -0.88381164701831060881
-0.17299217094256286176 2.8975292248386894656 -3.1722197082218848152 -0.6897806211505819185 -0.0038973024275097654934 -0.72400794589501404896 0.59666250472299209306 -0.56949820047280075297 -0.56538982579796992489 -0.41011772717461347781 -0.82198333966808623252 0.3951541966943504236
-1.5953767044654971752 5.1556288321111036765 -5.0750829698149404479 -0.9605455832664713256 0.010788847158399507767 0.27791326568557889187 0.27775451736314499263 -0.014180738057596516122 0.96054741410951005598 0.014304214462689739812 0.99984124112041283805 0.010624594273282142801
2.1788157624091244458 -1.968570870778704851 5.8053755091470078398 -0.84638457284362866861 0.0033995036853826801973 0.53256135630271306258 0.50637885869616483525 -0.30460908910664263871 0.80671789015688133428 0.16496547007736175883 0.95247138865604474844 0.25609499697141563379
6.53589989699893259 1.5734833167860802217 -6.5502424970732047171 0.99967384989810825768 -0.0069935065236602037692 0.024561854498296356586 0.025473690362972978285 0.34132358890549757691 -0.93960060597901218227 -0.0018124373600127616484 0.93991983622183428171 0.34139041660198393702
-4.5919093489500486527 5.2318635539103830467 1.0462962658760210921 0.87348639431143548784 -0.0012951627396257851896 -0.48684683577716064695 0.12938636131575820265 -0.96341740537831499491 0.23470422348030403614 -0.4693406955061588115 -0.26800228649681168136 -0.84136441924660676506
5.1405577248058289541 5.2492942155666995063 -1.4722173976299408604 -0.9514770675081831719 -0.010781852278827296077 -0.30753071662449432688 -0.30519716529048968034 0.16076540258162280717 0.93862089025941930487 0.039320227679765271112 0.98693375511947079026 -0.15625518455729214828
1.38261476926050908 6.0256373434006142986 -6.2130243066154182685 0.98380787295037541718 0.0085718226262749708938 -0.17902120817851471801 -0.17120862020678986881 -0.25046522636492796199 -0.95286661120476456865 -0.053006391008278093413 0.9680876480148697949 -0.24494209167366806645
-2.5173024658506393259 6.1721827244008116153 -6.6001117321104771918 0.97632803805259937846 -0.00082822851166169941806 -0.21629349539437853212 0.14170895345624093253 0.75792967883748785241 0.63675833284494709474 0.16340787809263032648 -0.65233573869194738659 0.74010536371698565361
-3.9826252480430519576 -6.0266999663189766423 -6.9425739113953044424 0.6747302115522613164 0.0038071150209514730001 -0.73805463720103925418 0.68577853604428262724 -0.37291165264719988715 0.62501575885802906907 -0.27284966761863566065 -0.92785904381812711605 -0.25422559604651528975
3.7379478206705822885 -5.2725762625735352884 -2.2763658974569804805 0.77726704089380105334 -0.013077603672888486394 -0.62903491431109259668 0.62387794959518405591 -0.11339012615067631251 0.77325221195966431509 -0.08143863425416246471 -0.99346447121854231099 -0.079975579254670844942
5.7559203730758579098 -0.59595844505680239944 0.70697330716854844823 0.93899866024053368907 0.0056502650181888356556 -0.34387438196463138151 -0.27734784932810435665 0.6036911637275333975 -0.74741899180470450226 0.20337081044097277127 0.79719825221989604191 0.56843228279020108218
-3.2503558668905352391 -3.2236852832268896307 -3.9117761393780932089 0.99789170930827186812 -0.0055167656698427046044 -0.064666079132267045848 0.034214216126653679284 -0.80196385509060319485 0.59639195378798359748 -0.05515001277090943177 -0.59734708539066116995 -0.80008433034693382524
2.3515910468603999917 -4.6722912599335222339 -0.73326274483947206928 0.99963901955183642745 -0.010915164103136767992 0.0245497409767333509 -0.0056179960228419801443 0.80863195703721024721 0.58828802144784453354 -0.026272965384777299119 -0.58821358132132961494 0.80827873536234762231
1.6331649465865434312 3.1110541095767514364 0.92563415053934450238 0.92780963005502670171 -0.013143650518934291149 -0.37282239045995796412 0.30024710504411900036 0.61943883757523032774 0.7253600501930890232 0.22140678916839534596 -0.78493488325753002499 0.57866766175038009123
-6.9337764985280427865 -6.8914954299522888093 -1.8033327310133739907 0.98141778210222507806 -0.0054894487265334168322 0.1918045956861095247 0.070052748308924259191 -0.92034474683126166195 -0.38478326293437942196 0.17863860005051770963 0.39106957556516197538 -0.90285814923457452519
2.4722873283147115409 -3.0895703333844419802 5.5150168147152172082 0.96419603140795706597 -0.0091270318417280803247 -0.26503341356691456632 0.22980838145002072115 -0.46998820736099616857 0.85223188907544866755 -0.13234092652123197187 -0.88262550508769754831 -0.45106329593093497099
-4.2594768966805451882 -1.7174591746064373776 4.9864983759132002206 0.99751175013490434029 0.0017937148491790483318 0.070477591686678692229 -0.053384329094915000669 0.67216610054878267455 0.73847332157651746076 -0.046048037417463175136 -0.74039821438209696414 0.67058933960352573589
0.11536837826685270025 -0.89358323273480200211 -5.255371469583320021 0.98920950369100368871 0.0077054698696879583147 -0.14630510429048607102 0.14644943061361487269 -0.023801633054687711816 0.9889317704154335642 0.0041378835537608273099 -0.99968700501601526209 -0.024673263296093719821
4.9600087545164459613 4.5495900383446867821 6.1845900595738436678 -0.95354296662151394326 0.0024637645370952990231 -0.30124697620212415039 -0.059302542674271527257 0.97886566141174025102 0.19571720757592192541 0.29536252172371557645 0.20448947839251213621 -0.93324435920487958107
-6.6791496626423763061 5.3640556230219731404 -5.9598606802315812203 0.99611044392798187008 -0.0027797107368773602519 -0.08806961284054597161 0.051555204957879081917 -0.79217107047310342249 0.60811763331387314047 -0.071456590594624169732 -0.61029277262124637105 -0.78894656811913166372
-0.51393697733025212049 -4.3967098538438742494 -5.0615794328425192106 0.9443400947801932066 0.0081946783113746000937 -0.32886871641724613191 0.26394399924127837087 0.57781825873450343156 0.77230798593417293585 0.19635516457451673844 -0.81612432087312647422 0.5434940130530342417
