1125 14.717824617146108679 14.977075390850430381 15.033177056927090831
5.4639494091910139062 6.1139699366223823063 1.8956561857336780008 0.85536583177017000423 0.0013842281479903477751 0.51802256490670794964 -0.34919639159000864792 -0.73710353071241152545 0.5785674248624239624 0.38263713089640116749 -0.67577841703020713471 -0.63000980717407306653
-0.7028991379731405198 2.8358424978322798182 -2.6849306540257615872 -0.99641741043817722012 -0.0067758247212751634633 -0.084299658214017955671 0.084472661402040849499 -0.031553949357110713803 -0.99592606038580855365 0.0040882332744226470775 -0.99947908256221817958 0.032013276454865007004
1.2934055332235039337 -6.0985077805192586808 6.6941841517633813297 0.97773741942335756772 0.014116716398671463537 0.20935676959998089641 -0.0905922714025858139 -0.87155705147304896041 0.48185199635330983048 0.18926853679719504719 -0.49009083275008086256 -0.8508750769842680084
-1.3815148634358627167 2.2212058767133155968 4.7214727999488275145 -0.99977036653741713224 -0.0038333218786579187701 0.021083639084214279152 -0.0093171960245484533591 -0.8082495736306229972 -0.58876635143672517714 0.019297773236771238736 -0.58882759137914009173 0.80802825667098332474
-4.5866879343989719331 -0.25341323578273067252 0.55325530165099190416 0.79824789434804754862 -9.2525833333787377982e-05 0.60232905509192335991 -0.60053635979944186563 0.076973202071193805307 0.79588391535562275081 -0.046436835893493885741 -0.99703315772439504716 0.061388131347430416329
1.2759904202458629552 -7.229377353915287685 -5.0408802269666663776 0.7446816135136324899 -0.00068851186494489667947 0.66741952357283118591 -0.61580208858688978424 0.38490380826236103573 0.68748588791126508113 -0.25736565852261966691 -0.92295643685742778661 0.28620680193991249185
6.5715102294786706949 -2.9234735180402142696 -2.224494725885446389 0.73345902819321184829 -0.0026855225310787244827 -0.67972835892774785549 0.3515695736126834281 -0.85434904109190490384 0.38273561487694679473 -0.58175311677011387612 -0.5196927014632317654 -0.62568586940592818557
-3.0473054812953623838 -1.8868510944587215672 -4.3253171462657400426 -0.99568711082900107634 -0.01136730325385639645 -0.092075847787894460339 0.087893646286799839706 0.20210215616282228845 -0.97541243862112125829 0.02969653635585060153 -0.97929847487420629282 -0.20023139823064198262
-6.5244527876527511623 4.8211638544691286512 -0.24541324637011305287 0.99580742378733522191 0.010776182440725867728 0.090837484674935131679 0.056594813737874630211 -0.8527404946426937471 -0.51925973833390770551 0.071865163939403703397 0.52222363283231776343 -0.84977519116725053205
-4.0225343927444887626 6.510988533485599028 -2.7472111110900536701 -0.91385627923809520379 0.0036865190195099336798 -0.40602107146621091438 0.17060760530445864824 0.91089118873287744371 -0.37572634629624535041 0.36845589411667600821 -0.4126301635440255966 -0.83305258070808618776
-3.3645225056322076718 4.9571592371497157359 -4.3050763520534074402 -0.94274964078406098267 0.0010100446634068302107 0.33349976703340183937 -0.1954603511974085106 -0.81191873269835124205 -0.5500756517092819653 0.27021910722846398389 -0.58376960464158100805 0.76563351728181705536
5.5315567308927775514 4.4178391804556369493 0.090356524475835822696 0.99996584111276409779 0.0032396736979448696389 0.0076040201166139159694 -0.0012767543861389842388 -0.84839803079207865011 0.5293573001728267835 0.0081661806151974210971 -0.52934892638252251107 -0.84836491419179282936
3.4941838824872992753 3.6885372082365566193 0.53687759015853098177 -0.99322603534123643509 -0.0046284343164873231746 -0.11610607355401704466 -0.00064669766059903370514 -0.99897072459257352239 0.045354968738869384792 -0.11619649092156505987 0.045122821309689878366 0.99220073901135230621
-6.4890460389330701929 5.3051148704309110116 5.8490665574653215586 0.92054769464145858038 0.0023462588028541711029 -0.39062313930440872856 0.36626424291066489447 0.34246047286877706606 0.8652001669484959967 0.13580296850755210758 -0.93952930746851948118 0.31439184810100162526
-0.67141791574982767621 -2.286365546793742709 -4.2268114252520714302 0.94917304842235983298 0.011874047718769559917 -0.31453065214591074961 0.038890296340416935506 -0.99605530325683788728 0.079758245369507860256 -0.31234287089534895632 -0.08793656716428728537 -0.94589063382410831782
-2.5224837806843272148 6.3283489036958613383 6.087767386835587935 0.84838872869898462881 -0.0015470219110854969632 0.52937148746390028098 0.50366665272526578434 0.31019596029135659832 -0.80628677847982943572 -0.1629615535918247371 0.95067138010038165774 0.2639459397467840418
-1.3522500206052423533 -2.2235593302154414985 -5.6336241676899039277 -0.73759532030583674356 -0.0027103954942389284211 0.67523758575720826958 -0.074345791847455322543 -0.99358627915151198629 -0.08519981875820477335 0.67113772558064699325 -0.11304406060527295852 0.73266308332302998441
-6.4962065766247061305 -3.279077377495570822 7.054391386206052772 -0.99669553274740618765 -0.0021546566502900548964 0.081199584087993187387 0.017699567346530529349 0.96986692342252966981 0.24299151459847589951 -0.079276354085511771541 0.24362575460283913964 -0.96662389344421895121
6.061951029311647865 -5.5613443551242420781 -5.6368217903427835225 -0.72349784888506230018 -0.0035276711710879242283 0.69031762124014772741 0.68995095849826659773 -0.036681179634635380227 0.7229261137405255111 0.022771419059403830154 0.9993207926370558658 0.02897267466598268254
-2.4195907246972852001 4.1773209465599210333 -3.927576211222553848 0.84746977037263493404 -0.011192479192075378142 -0.53072565107967573095 -0.44988276743783511824 0.51555598187491258333 -0.7292513456383258319 0.28178091466049520752 0.85678279509022747806 0.43188280606055989841
-3.7036914909407512297 -3.2574771281271126533 -4.6176135882075541872 0.44448823409863191802 0.0010790017020014337681 0.89578403954481899962 0.33088567274710811716 -0.92947520932122140724 -0.1630659585197458683 0.83243310921573965278 0.36888300450494004856 -0.41349782063371753882
-5.1130881841653117448 6.6560594375181736382 -7.4468163679766643526 -0.85606322961374281544 0.0094741299484336835568 0.51678427584892361324 0.11572824091182784545 -0.97093469009734545416 0.20950609017653645805 0.50374866864194056681 0.2391569953551535288 0.83008506215574262566
4.1743938562106954748 -3.1387964996648887173 -1.7428518223333453463 0.99954441552271733329 0.0037529917128511242758 0.029947895595987372719 -0.030115033618904586687 0.19014009509924623131 0.9812949755225648385 -0.0020115038056643993331 -0.981749794646703422 0.19016649169500143834
5.3174400597952402592 5.7547637783463452266 -2.8122776158216309383 -0.98095609015490159432 -0.0023781777696647316694 -0.19421507011199301562 -0.003878173898417841374 0.99996551563493851766 0.0073435215082045916801 0.19419090852900575128 0.0079568719622719573381 -0.98093148549391484536
-5.5389174217681400592 -3.002103577426832981 -0.63737742324862622922 -0.78517594173156191051 0.001582243940602861762 0.61927072999618126836 0.59942815582215347447 -0.24918105114973043701 0.76065411965987228538 0.15551407181837387239 0.96845562637229787306 0.19470252493074891031
-1.0221146270213528062 6.8010624630937641655 4.6792413062734876661 -0.86771250608881367317 0.006876570042874265154 0.49701883219994380525 0.49698258609773321437 0.030363669989720332848 0.86722912581415356748 -0.0091277539727120278468 0.99951526267944812432 -0.029764471744202564835
-0.3675382224611038473 -7.2494549039870168627 5.153788382317741501 0.99992633049227819253 -0.0022487474266838902021 -0.011927980694196859204 0.011248004749952978873 -0.19770639896441558059 0.98019674667781542254 -0.0045624530216958388701 -0.98025870204939025143 -0.1976665401096008301
-3.6109425437488424926 -5.8619044142182419321 -2.5930057180238024195 -0.98097033582465198442 -0.00029561793646968453908 0.19415744343698426722 -0.050789101580644771539 0.96556951507514277022 -0.25513913599867810156 -0.18739708480281533354 -0.26014500604004880957 -0.94721006563484388963
4.4951932736193382922 3.2448194724552719137 4.6835925571597014638 0.77691265691491784295 0.011825576547061790803 -0.62949732268285774062 0.62952080092229767416 0.002086438568193967058 0.77698082857955896863 0.010501653756563584033 -0.99992789865741016353 -0.0058234658877923187181
-0.45453659421648828776 6.3711084826815289617 -2.5717254426504050357 -0.94810025976790746061 0.0048257203719447678766 0.31793491448856808779 0.1274561898116182701 0.92180957724475343085 0.36609018421479461169 -0.29130880025619870777 0.38761297156140389619 -0.87458296757408759969
-5.381577435964887357 5.2465803566485691434 0.72976786994906961414 0.99644390349704314858 0.0057658921820655352833 0.084061297104012375203 0.039161700282399659889 -0.91504337051611595033 -0.40144986150889272469 0.074605016014088906817 0.40331425038282120443 -0.91201519012764009631
0.6833152910085650289 -7.0575843533358133541 0.15487765504790218518 0.94238393099775019657 -0.0089871888538264558394 0.3344125551379967809 -0.17346334807673477463 -0.86788227584817800864 0.46550061454595548227 0.28604718749088481333 -0.49668862047075273969 -0.81943725862537775129
5.3918824017442901209 -6.5769041827667020783 -5.1673833570955212124 0.92823809986659377991 0.0039791607249665683632 -0.37196531590467013517 -0.37124622032414317241 -0.053147929070086315229 -0.92701215824313554226 -0.023457916597972909567 0.9985787219421438099 -0.047856684312645364487
-7.0967680179514402994 -2.1793646088813485306 0.58720064209220135254 0.92857701525390423658 -0.011097345687992640068 0.37097382072180873358 -0.1428412282289339974 -0.93324337098770449028 0.3296258394385675472 0.34255088711068687468 -0.35907333432911092697 -0.8681735024253753874
7.3248576887321457107 1.0413030704120951331 -5.346395215379395438 0.038804643915751460548 -0.0039420381080299184834 -0.99923904044336009367 -0.82463852940560289362 0.56462210515618094231 -0.034251630453448908553 0.56432747180190423464 0.82534013515919080195 0.018659203229249163997
-1.3862438644990298098 7.0342646521158469497 -4.6651264069123952183 -0.13113508964123346545 0.01018248611625695646 -0.9913122138060805888 0.84475779721504973274 -0.52217723818935790625 -0.11711189504601562938 -0.51883316423402403572 -0.85277620094215911273 0.059874024396850959728
-1.3204478065396840769 -3.8835558206345663912 -0.30895063030680813831 0.64743032986415371965 0.0087722274164786610828 -0.76207415387098964565 -0.74813839613193422462 -0.18337212503139899145 -0.63770181432583517012 -0.14533722236596285926 0.98300443121461178464 -0.11215783524709768693
6.1346606840311430631 -7.0258166424495733793 -6.5121798303433529043 -0.92746703546271758167 0.0065525532789422339178 0.37384751192895376848 0.10323182658756402397 -0.95649641278640840092 0.27286957013596258026 0.35937179648567763035 0.29167049280366202924 0.88644246035391682792
-3.1128232899180874327 6.6995901367540398041 -3.7033362611411382304 -0.97365960459999423282 0.00045645451137950587015 -0.22800606575143342325 0.12397795520891270737 0.84030711839215943559 -0.52774370048518681742 0.19135422909453034257 -0.54211044855163992295 -0.81822968693310005328
5.0279938469224569886 -0.95080371088215176467 -0.29150262544327554259 -0.9669399066912118812 0.0024769469618523796972 0.25499231671156186163 0.25390831950240555503 -0.083259493739590947903 0.96363811775460450626 0.023617411704923381432 0.99652482228797367725 0.079878009667124771909
0.3934796620335434536 -1.5290068143167740988 6.865079212810951681 0.96136704289622187947 0.0041950060179153595558 0.27523773498115061686 0.11003325035194823356 0.91067059245934067757 -0.3982106927828332199 -0.25232140743505115932 0.41311193876975660366 0.87502710437779984698
5.2599578214355799943 -7.456235620745067294 -1.1384741713510859729 0.47821398020927013972 0.0095592483468327459073 0.87819132875668370897 0.40834390347705079582 0.88286156014230876554 -0.23197138210602341601 -0.77753883866056128227 0.46953603311577973844 0.41829327986516717797
1.4509830381079629191 -0.78468455029111294774 -1.8383682416214039979 -0.75650894745640251404 -0.016207051593649171584 0.65378248974493835544 -0.56407459845164775736 -0.48969483625656190506 -0.66484495540327093188 0.33092908575711799113 -0.87174325281148423716 0.36131653903152438634
-0.51296252322222690712 3.552349179901827636 2.133253295531512439 -0.96464179864922050545 0.0047386875695015606008 -0.26352181150514653041 0.072880958352358193864 -0.95605684800743773177 -0.28397829016975600913 -0.2532875168824375578 -0.29314305077591212845 0.92190703738134038847
2.159438999261049652 -4.5527051465575434364 2.326886003653634738 0.89777803163858505009 0.0035497358356287936343 0.44043388298657260016 -0.087696045297249738959 0.98138669426040281429 0.17084952434174766056 -0.43162948178545346156 -0.19200925942282387471 0.88137871244404386584
-2.9139713640078070966 -1.1505615375557971536 -1.6832558277758438159 0.82567771343829876596 0.00092450568691179214886 -0.56414134649098424124 0.11810144893526733356 -0.97812337393191950419 0.17125043978757573115 -0.55164151519870674445 -0.20802358197400777629 -0.80772385630985166216
3.9444278873284477349 -2.340648709747664924 0.93726008027525353761 -0.96519300074344227536 0.012635024221224531657 -0.26123328172106191625 0.25255930041024204913 -0.21445117719371084575 -0.94351708642530784932 -0.067943146027357528838 -0.97665298277491507939 0.20379568235058231895
-0.77550958928346169774 4.9845056817082582512 0.18022899148105464562 -0.90622467299500319982 0.0095142600785874213709 0.42268939058160726052 -0.023214974057601499291 0.99711882484497571522 -0.072215747030484500613 -0.42215862781018442806 -0.075256414974571278487 -0.90339280768145002742
-4.1535705412945720383 -3.7114593541292144607 2.7208062718699150828 0.86235497486044176974 0.0019493123121371233597 0.50630040244398766269 -0.50202506340857255829 -0.12644444670682147835 0.85555983870602192454 0.065686627581808917919 -0.99197177483966170186 -0.10806139402396974791
4.8408729979448938963 1.2205669146215545329 2.5430855412689541417 0.97706055073008590828 0.0049048652131204245261 -0.21290519604810514975 0.15905820226106601178 -0.68158263653883055522 0.71424477447320178225 -0.14160921050730201909 -0.73172471043825271231 -0.66672766526783244778
-6.05562503179984013 -2.8784553727883954721 -5.5631355635780295188 -0.98421483647356955426 -0.0031713807688614589937 -0.17694942217796266748 -0.13779648993544896252 -0.61367681043753619097 0.7774399653302678237 -0.11105531516589416119 0.78955095761785942798 0.60355281649424863399
-4.0380455318145589416 -5.1511411270693727715 -6.5849466381257508729 -0.99479869209621996085 0.010031320028706991465 0.10136535316543932028 0.063531114836247279398 -0.71675470062373258795 0.69442529949705078529 0.079620095776976748669 0.69725323359045943139 0.71238933778953250631
-2.3667466360362374722 -3.1114843877562421426 -4.1896928419777017538 -0.19845987069881357301 0.0091508522448497282842 -0.98006629450534543668 0.41828684893002454626 -0.90352723594172335009 -0.093137779251002458802 -0.88636888017035164733 -0.4284329536985078124 0.17548621726730800896
-3.2636507524330711227 -2.0524455690490488458 6.7128532100279079131 -0.83600912604049559818 0.0015383333129739820352 0.54871338119957879798 0.19316388549182170187 0.93681041820432275902 0.29167439669218481191 -0.51359171967497552203 0.34983406620097168283 -0.78347920942846815962
-2.3110380016993854468 -0.9514432989761761883 -0.025106245201044454646 -0.9527686076716520569 0.0033618753845755860662 -0.30367857683637689004 0.13155169607979044777 0.90582690901598550415 -0.40270555268232544055 0.27372638070527621768 -0.42363464057668587248 -0.86348570330343166201
-3.7431943684567445807 -2.8843796731124746735 2.0050016926182747667 -0.96007085635081368391 0.007948300066702213354 0.27964401533332777783 0.086056788937650674498 0.95951829533605614841 0.2681769378470901799 -0.26619199812062416255 0.28153412837765889876 -0.92188955666889915719
-5.1236306740097941059 -6.8445803836008529686 1.2487144216263728058 0.86990323494707866292 -0.0042918668399703745892 -0.49320375273064209765 0.44678614934468091624 -0.41672294828747385997 0.79165909400715239741 -0.20892701735852686751 -0.9090234123770357666 -0.3605910941330597308
-5.0103599349999292656 -4.0296192693634784732 -4.6312512233490084057 -0.75690178151155218522 0.002029161078937939764 0.65352549732202525057 0.37065675186465890656 -0.82226923853794786634 0.43184125746786172773 0.53825018851998951419 0.56909505520568282044 0.62162492927692380995
-3.3016789788968758934 2.9542375964126406096 -5.3834718182661642771 0.99990171764626856188 0.0006722780085394880218 -0.014003681313326542257 0.0093421825611149401924 -0.77672604894465369085 0.6297692978510788242 -0.010453644007767414967 -0.62983822758956531374 -0.77665599102435534107
5.4418645917286552205 0.057946886767650813976 -2.000137935977598147 0.71401734227426127966 -0.0020274728064473956229 -0.70012507760078090957 -0.69573569450515004853 -0.11389266178334771229 -0.70921104403639023683 -0.078301202563425917336 0.99349099187955480783 -0.082731920872205613748
0.26934850127375165041 -2.6332461534306772499 7.1464262808202185795 0.91789927688584449506 -0.0016178741688918849007 0.39681015608916431203 0.0058936854710993896028 -0.99982579973913954241 -0.017709733128101770583 0.39676968377624388662 0.018594425483818996514 -0.91772984335096119413
6.8700614299651805439 3.3363132659194794094 3.503547324864771273 -0.99979047099749340788 0.0050779754682929610296 -0.019829984056002503134 -0.015750015007981017778 0.42793834273343223096 0.90367068772081149408 0.013074828097026324619 0.90379366504955083172 -0.42776869904953357393
-3.2967104110645908399 -2.7963464648469096296 3.3653490462784381165 0.96180828457587774771 -0.0090287363174301488861 0.27357504572201035709 -0.068353308432974213549 -0.97571443089889220435 0.20810856436500524413 0.26505216269173659249 -0.21886030077722409826 -0.93906736701698922953
-6.364193322436562994 3.4041701217791642264 -4.6113557183998166167 -0.99985219260432578459 0.0021038537968231844043 0.017063608749879628085 -0.013803796152820771784 0.49342576064089205268 -0.86967837385306201448 -0.010249300275522172168 -0.86978537153426949136 -0.49332378749533201123
-0.69233846731572945554 5.0156596983308805449 -4.9336131060207231158 -0.91245957049746695411 -0.0069983993595106493146 0.40910702097862794435 -0.373823774917915852 0.42076431970213673539 -0.82656710107030018087 -0.16635299069662404237 -0.90714299295757705455 -0.38654659850299338819
-3.3203974088064307502 -1.3432985851810861355 -5.5229873785517202833 0.88029278003956479282 0.0070194896304335008264 -0.47437890781067021395 0.32341987551541961921 -0.74042978241860279986 0.58920566988902267624 -0.34710834840422699621 -0.67209706447286932107 -0.65406523405177319219
5.796890750083272259 -2.5793388303208040213 5.8209357576873870244 0.99174166602602686904 -0.005605704737274471057 -0.12812901288315084458 0.06131682392675699006 0.89819156572502700797 0.43530697026793935267 0.11264419635090011651 -0.43956852404913077104 0.8911177238130011391
-6.0762435245927681748 4.1146492398061846885 -1.3523616693341633521 0.83118175557088280758 0.0091924976326996678255 -0.55592480354222495453 0.49147718381498101126 -0.47966394617463897765 0.72689247934583511856 -0.25997512764778374361 -0.8774041239516973123 -0.40320582371421631596
-0.61627368060354870138 -7.2103438015785537019 -3.5276978124578088902 0.22523290919337912719 -0.0018652175671190960021 0.97430316512864323375 0.80120646854542454385 0.56935509637563463947 -0.18412758889444796884 -0.55438103446736586299 0.82208959073473886203 0.12973192910077582796
-7.0081779377650113005 -6.3032019555656368937 -6.5285600266565264604 0.89380804603547570064 -0.0087089656309262738348 -0.44836517567693412456 -0.020411374877438482472 -0.99956529472211419485 -0.021274335777863841168 -0.44798499150953507986 0.028166922175024491914 -0.89359726492270230569
-1.2522838972159548998 -1.3016176498450422461 -3.9068991190218467224 0.99746805220907086564 -0.0088511627698437383288 -0.070563033805179947722 -0.037874295245433300949 0.7736880460491180056 -0.63243366858544525222 0.060191549089800774897 0.63350490473108356237 0.77139387675803183786
5.1520877186853466512 -6.6574571350900217936 6.8445110796917756346 0.9965952854949937656 0.013055559240881432423 -0.081408779023037697309 -0.015953885623497286034 -0.93818637028548412804 -0.34576264712098858656 -0.080890731623731712552 0.34588421037036187755 -0.93478382664331516327
1.4026096103432110773 -1.9215529104076551903 -2.0441790363795027119 0.96323815361270959112 -0.0019252155790579702794 0.26864205361336240818 0.10361272677160901501 0.92527090436299641585 -0.36488101675777856459 -0.24786420127882935471 0.37930205257051946566 0.89145571434601733607
-1.1053643674244677531 -5.46407475867747916 4.0492107143076001563 0.96933403042280652517 0.0039714871608697247668 0.24571480369324408266 0.16029633168642790086 0.74765900858552558628 -0.64444634604346018314 -0.18627029691327567917 0.66407095567463059194 0.7240947053508507425
-2.0883745022279627257 -7.1374311844986237929 -6.1072019130441086432 -0.12720121169458153965 -0.0049895547234061121342 0.99186438391906595058 -0.85318746480184526337 0.5105434116966600655 -0.10684837237060354487 -0.5058567007054480813 -0.85983750157624361243 -0.069198766135435088587
5.6693608745871140187 0.4490216320997285071 -3.7694548779792782511 -0.94151916571747895635 0.016045701652629987266 0.33657717695211597508 -0.18141896607343846459 0.81759464221426436659 -0.54646697957975731708 -0.28395214268500246213 -0.57557061815274368488 -0.76687003082904159346
3.6623709726741848769 -2.1965250162204745799 -4.4579008614008195366 -0.82236477620364301089 0.0025191819455142104404 0.56895503212631082235 -0.098930300389641401271 -0.98539049666015254836 -0.13863031687489210664 0.56029364669279491107 -0.17029158174827099814 0.81059965868566619118
-5.726023668640351616 -7.301931293013592672 -7.1180607495739849355 0.72948262696738830346 0.0045755371078165371287 -0.68398403593431389424 -0.24307694424917511422 0.93643668456094575347 -0.252982084312050437 0.63935021398863023379 0.35080678480986804413 0.6842265002206086022
-6.5757532379307717108 -0.70598046425605553988 -7.2350852216705865416 0.9797595143184707478 0.013888462178082421061 -0.19969578042823465935 0.16909641610061060257 0.47648212039132137319 0.86276948891889193582 0.10713401030694244542 -0.87907445621271307346 0.46448940167649677146
-2.1892821153692398894 1.6888419509528380669 0.44130059398904586399 0.63569172549194530308 0.0070943314835853199529 -0.77191042265396569988 0.65278615789229443855 -0.53867096309289019818 0.53263855059954900995 -0.41202701635358801591 -0.84248635833548324303 -0.34705975539291539222
0.47178244206250918857 -1.9246097762654281738 3.1491458871615036763 -0.97569999829146347725 -0.0067529451427507710543 -0.21900664616816345465 -0.19891437397386152464 -0.39184920285197610834 0.89826904324422096604 -0.091883541292739706607 0.92000467387736006852 0.38098400869761350762
0.32210277353672905898 0.33276010737659555971 -3.1801366648529594272 0.99535412134241318949 0.0044815413355213966004 0.096177382548719214661 0.096277627416296224228 -0.055558582613522942972 -0.99380272808894809522 0.00088971104865018181725 0.99844537140753175652 -0.055731936347227464812
-0.96319896593771403559 -6.093210350515179563 -5.6834310326208878905 -0.9824650261672720486 -0.010409646537950224127 0.18615614848105616064 -0.15315125266652460101 -0.52437721637110612516 -0.83759968287819319688 0.10633515958988956629 -0.85142244168797431847 0.51358802519639934481
0.56500318763668433419 1.1302625757298696563 4.057669093511131031 0.99824258184676251116 -0.004248747551035473094 0.059107494720447323333 0.040431413189420256638 0.77804801645839438695 -0.62690237271256732399 -0.043324919104282752502 0.62819044264412005063 0.77685244361799055124
5.9123870101202546934 3.3719725079911349042 0.20966596212363672325 -0.96851392947660586152 0.014904343762720588529 -0.24851283457140552202 0.23732551856525219147 -0.24630543318984485235 -0.93968624115648780037 -0.075215468139663677061 -0.96907765123241507155 0.23501306183782638692
-1.1601966104742613695 -1.0630998028433187308 -0.88414337729461600635 0.99011028427918312822 -0.0067598161123489678911 0.14012826214091000931 -0.12456393263922990733 -0.50187031725701325424 0.85592640533039709982 0.064540310271572143286 -0.86491646391003307315 -0.49774899176956965974
-4.09561458072354867 -4.9981075462368478313 -3.375239780852329563 -0.88615209315345844221 0.012008217770204611743 0.46323889140039647971 0.3959804635979685683 0.5388646702358029783 0.74352157979472444094 -0.24069470340784315798 0.84230675521309916753 -0.48227107509548849951
-3.8010671062520065 -7.0195276953601011272 -5.9023386130385091519 0.79025776001607916932 0.0035377745208237335733 0.6127643567357455856 0.61266457799849682875 -0.023507608479898856046 -0.78999335896545208602 0.011609806211618625693 0.99971739831568939838 -0.020744539154502909806
-3.3130425684140938358 -3.9133431523488328985 6.2225355520052856306 -0.9765274996112206507 0.0082090071848383138614 -0.21523627645934559349 0.0027358292365358997597 0.99966558917085313052 0.0257142969172423283 0.2153753879657902548 0.024521868375023826714 -0.97622339668232616106
1.1680769248097937485 -3.0813548809788917637 -2.1330510541728884277 0.99637300591839128572 0.0021431992635121029089 -0.085066090624738188719 -0.082862608152926980898 0.25182359540072091209 -0.96421919964776847678 0.019355134909215455929 0.96777078045189024458 0.25108782379140076602
-0.33736134859269745201 -3.3879538846358276949 -4.1074925507715631667 0.99902943701670843257 0.0018747072403612376201 0.044007606693680166587 -0.010838809071520814908 0.97883644317970064375 0.20435688811816882238 -0.042693139871071587865 -0.20463553693385258536 0.97790674035499391969
-6.1547549467005273627 3.0371645299792939809 -3.5677941637191206148 0.97744986423000457254 0.0062833267362366771944 -0.21107411665531247702 0.15377450092437025542 -0.7062293584133976232 0.69108139620491426669 -0.14472444776945847522 -0.70795523383912040138 -0.6912700059294577537
-0.27695530948282676142 -2.6022539384741310009 0.79597965211827070853 0.39263222911454498387 -0.013750407387670996948 0.91959276799955080861 0.59065642388534078666 0.77019606147469110713 -0.24067200878365327399 -0.70495738990630052445 0.63765896307164016132 0.3105255629266276407
-7.3435529012152391815 5.3947107399226803537 -1.5480260367964631119 -0.9414995531296351805 0.0049842905781164207821 -0.33697737061108973267 0.15734368415078026082 0.89072728355304742198 -0.42643624540134161816 0.29802945578320155784 -0.45451079545103156843 -0.83940358606803500141
1.1012968529010778163 3.034647294977425247 2.9661710509728025364 -0.9914141024953702086 -0.0057455644278166986133 -0.13063332600361021729 -0.037821857739554459732 -0.94372951497193113823 0.32854848903612593469 -0.12517022190000653969 0.33066840045614431798 0.93540944216388444143
-1.7301752979971356527 -6.3195912897288604171 -4.5032809576394061679 -0.99932720730596447112 -0.0010316942822964051026 -0.036661537679876461671 -0.03636947569640118505 -0.10110065129867876199 0.99421120469683266219 -0.0047322273523142501309 0.99487566756549195013 0.10099510933897355713
1.4089017731001847178 6.6609406180660153396 -2.6063136101055990324 0.7466263322149943038 -0.0072947433409319365621 -0.66520365810991322064 -0.4871345730364762816 0.674983812021239582 -0.55416311791899441896 0.45304417863574397707 0.73779647615638943581 0.50040716619116032415
3.1192019710152214529 -3.2459585915110391596 4.5710881968776826412 -0.83824458588429118233 -0.0016451027882834860783 -0.54529194737549024907 -0.11640235774670365521 -0.97640599431944574693 0.18188409872270464018 -0.53272554410952643877 0.21593662934757920646 0.81827554451987027928
-0.38031829895202368119 -1.6740389113705198554 -1.7256949877958378536 0.92625107627320735215 -0.0013349042466588630779 0.37690471174206602312 0.34884822797235137681 -0.37557449619769800453 -0.85863188366511777883 0.14270198857489166389 0.92679124717296734737 -0.34741060234293519304
2.7977618052796286996 -4.3052764487199182142 5.2332085335012727967 -0.99651954097088180085 0.0031108581303945265391 -0.083301422706252417627 0.011328935429954075861 -0.98497770078683422046 -0.17230955915058485117 -0.082586074402537443251 -0.17265355922866920668 0.98151428354376146768
4.0456007791411128238 1.4771704132012926092 -7.3431230314711086749 0.99347025877916383951 0.0031376579266939180757 0.1140482355143858928 0.040455442538689302678 0.92498102884752442243 -0.37785374609921473787 -0.10667803002588491235 0.38000033075637240643 0.9188142067550933989
5.8105107004113509817 -3.8495999344455817948 -2.004403893142490567 -0.98814551604953226871 0.0022785197437658294244 -0.15350324901750947437 -0.00034789825742043666013 -0.99992052155004618186 -0.012602759614566029847 -0.1535197644538292272 -0.012399956890137179416 0.98806777246861721142
4.3778763059725420703 -7.1549701836275438893 -2.716891061601260926 0.8846801782609908793 0.0023610270735053414878 -0.46619245783610840927 -0.23455989932258153319 -0.86194357281997313613 -0.44948295952592515201 -0.40289283416550969452 0.50699872073363982938 -0.76199059138061842056
4.2177760108769266623 5.2804121200436355821 5.2032515914127195344 0.63237260847975529376 -0.0018788609063859805851 -0.77466209015685616457 -0.7303269163692156507 -0.3349011706384303344 -0.5953686262574199306 -0.25831662600595778345 0.94225138672578245824 -0.21315450955154960355
-5.5219480483927618764 -3.7017161283849837616 5.7631832465140133692 0.88189794511766650409 0.0099354910622478087578 -0.47133565578529029727 0.094369370449707362658 0.97582271655816632538 0.19714068014966298903 0.46189872950476251745 -0.21833760983009092849 0.85963844249526866204
-3.1249878640561039589 -3.3111092113788824776 -1.4046031946056944939 0.95501573643363613098 0.0012168022456696403477 -0.29655263033119055871 -0.063356082489214121667 -0.97606704200826344131 -0.20803638219537023968 -0.28970838782416985513 0.21746643165704412914 -0.93208229310870316375
-6.0494911735437888467 4.8736056869413699744 3.059941428086658366 -0.83243044369322571896 0.010736055356244975784 0.55402553508663043846 -0.30638808855343668824 -0.84199688050503829206 -0.44403557561570405898 0.4617205817431704884 -0.53937555593042918467 0.70419323630631058819
-2.1443701500584317898 -3.0076121754269875552 0.47937328568101200688 0.99894330704509903818 0.00032508027069442385106 -0.045958281434848917424 0.033340744133207853017 0.68314394643821607644 0.72952227054796325856 0.031633275048139418428 -0.73028367280642403347 0.6824112346246541394
-2.4888829866485786546 -5.0246787166725574991 5.8464083013729730709 0.91142900464207710076 -0.0063290888068429371552 0.41140869233886429024 -0.10114224238512545262 0.96575592304273349953 0.23892623111149827175 -0.39883256675252792833 -0.25937509468462782714 0.8795778214318871191
3.8044333334041100514 2.1134633024356039854 -4.2789224780058061626 -0.98446062138652301599 -0.0031473041392599595406 0.17557727477097709312 0.17499759350626267751 0.06553816283830089795 0.98238515434573037144 -0.014598876887255536616 0.99784510004729953803 -0.063968969861982014069
4.4908778662533563875 -3.460381476876697171 2.7596787292356905752 -0.97994335204169702447 -0.018949065301864909117 -0.19837328376914512007 -0.16580208472155658073 -0.47470042352360330984 0.86438948200936260857 -0.11054725456182747101 0.8799434304719863098 0.46203772971282858206
4.6232383338145996987 -3.5719651126358433757 -6.8360406878318560331 0.93864761047900624469 -0.004825840012030487361 0.34484398589850878691 0.20927166165308530577 0.80274703092871435572 -0.55839285092489443496 -0.27412777125124443423 0.59630018916923732686 0.75450649395852908974
-5.8427802240993056415 -4.0646166398956244947 -6.0694870693459108679 -0.95153848295722853745 0.0011490564449876568276 0.30752755180742463725 0.19109214818286368587 0.78571477549845836208 0.58833330898920399576 -0.24095291314749603395 0.61858788480912541008 -0.74785742117932940687
-0.76273370996869094274 6.1604763568864822076 -1.3349924223844074067 0.99980260604163262439 0.0059534162203638916339 -0.018955363030673143959 0.016133537614349807016 0.3135361934070615697 0.94943918414399319783 0.011595599008454011633 -0.94955758764772868474 0.31337825359228210775
-7.3004989137245930308 -4.3587813112003512828 5.7721659908276592432 0.93492815533963891106 0.0026419929245342409566 -0.35482723151810835471 0.13200211438916964468 0.92561432074942862069 0.35470208770225952755 0.32937028729103978719 -0.37845891335383274878 0.86503414080192608804
1.5218243359350023258 -0.82387560469031606569 2.9045848488453711589 -0.9552660747867198765 -0.0027100775362995984524 0.29573532396588775306 -0.03716810210901436845 0.9931299152765018512 -0.11095721503552485876 -0.29340289457857393618 -0.11698558399469130564 -0.9488040443581852168
-4.6228020611288336283 6.9380666055752282517 3.7371748909398037064 -0.99480910341029893385 0.0051650613127817070896 -0.10162760409272647566 -0.05910188435867190504 -0.84232159762780545176 0.53572501662223714902 -0.08283607328488228061 0.538950506365226234 0.83825445817562727058
0.32168262798629670973 -2.7289652968866375815 -6.7505762570461458338 0.98466643111771412489 0.014035028507527561384 0.17388225155144829137 -0.068747955043027803024 0.94731280512589988163 0.31284527792809802005 -0.16033009108467838333 -0.3200022925219448422 0.93375199848437717698
-1.9385884051732358291 0.6722081325775864924 -2.1683739035555871233 -0.90043615874888782713 0.007384319526483479508 0.4349255060842986409 0.23764840793248287465 -0.82909626097870736672 0.50608558983464702052 0.36433220860188952894 0.55905711859901252581 0.74479338068950873275
5.8832490245809800911 1.302114567950215962 -5.2133182321321180908 0.744983400950224528 -0.0073432520886727511988 -0.66704258406595340336 0.042000132077721095969 -0.99743919772425526649 0.057888131327759370648 -0.66575950704005626424 -0.07114157358345310489 -0.74276722820409113446
-5.6916388919743141628 6.9009251238024162944 -2.4755240401325031563 -0.91404762063554334528 -0.0097669059546668761385 -0.40548927822900737716 0.36857846260051851939 0.39730933642116739168 -0.84041371246519225302 0.16931291775171997127 -0.91763276899890822147 -0.35955978243084452117
3.7378175396584598644 6.0365664784381900532 6.6019795276718191701 -0.62147923676736560594 0.0058533919475275541372 0.78340876690880878463 0.073793758123477548594 0.99596353243487278917 0.051099151869283862548 -0.77994745946696319994 0.089567738960257797798 -0.61940259977545242265
1.9220266094303268822 -4.2899908359815208669 -6.6653376091942639903 -0.91887943256232651468 0.012182504478022836841 -0.39435032014517973353 -0.11016478512556887592 0.95184554544612143268 0.28610099219084283995 0.37884602219397112144 0.30633583564274496913 -0.87328921169842854688
4.5611376140022921177 1.0492755001404290294 4.6755580810094583555 0.99751003817935690599 -0.0023903977840864570545 -0.0704841097684358181 -0.025845076637688754045 -0.94228608512202804981 -0.33380977487059998454 -0.065618257710886238043 0.33480026849456007154 -0.94000160875982197162
6.5010413043812471656 2.0447799915564819351 -1.9199509324556380818 -0.54493678715664706225 -0.0012580291657088875021 -0.83847618652288569141 -0.17267370500620546347 0.97873246623076837203 0.11075446331955260404 0.82050453356620400847 0.20513697109105233363 -0.53356455419076265212
2.0342867344178183764 7.1574224060656632673 5.8845646365168260417 -0.86486960159608616827 0.011599121270218335986 -0.50186256347818303247 0.10104910689689165781 -0.97524667351013294425 -0.19667995272231147963 -0.49172111021442460599 -0.22081527617727178536 0.84228912113142873075
-4.1486493428189179511 6.0726500899495627905 -5.4533850244841595156 0.99940378289873765816 0.012452342563877661502 -0.032202762185799108097 -0.001396308994223827149 0.94651114088269439062 0.32266811200685868721 0.034498247041218649267 -0.32243076675395909714 0.94596420207198350649
2.2806706606133229087 4.0037386513525206055 -7.4076203340314625834 0.79781525359228344652 0.00087489966325820557342 -0.60290136480692402277 -0.053464569529443006779 0.99616190159858009068 -0.069303720018098674549 0.60052673624122054896 0.087525426899294739291 0.79479993627682532509
1.8959860282115423846 -5.8135936902793607928 -3.6322707991559242124 -0.65255903163407291689 0.011935021459709104635 0.75764389095121087436 -0.63274975356026030848 0.54152139394241360915 -0.55351813815995953849 -0.41688662679711868675 -0.84060224551526152581 -0.34582279455280012792
4.6847205946311323288 6.7072524379076661205 -2.4872246405040279171 0.87160208285042151122 -0.0089241324562580395807 -0.49013280754378241166 0.40760802738253781863 -0.54225444198824168662 0.73472159091549260612 -0.27233344485060512197 -0.84016693579537438108 -0.4689925530452407898
-5.4761555281410387863 0.22800847881788793847 -1.1224288854762736189 0.90610534379537310823 0.003898694477592704391 -0.42303416661847104141 -0.11688179566419527877 -0.95872867880004086771 -0.25918712600853122119 -0.40658547906631414826 0.28429583294102694913 -0.86825349269940677033
6.6939297689809817982 -2.6500079462502070804 1.2688036933850004306 0.79288110128996458492 -0.0090133943936168761657 0.60930970609263157556 -0.50371375857878319948 0.55302633381848187444 0.66365226099344853949 -0.34294607248893915763 -0.83311501776458007917 0.43394395783281852763
-4.7163174472249673741 -6.2898545117865003462 -7.2659517101548551921 0.84544219409507859186 0.011704060355090651832 0.53393867757905277838 -0.46147064622628169994 -0.48724329269119948105 0.74137629878426181129 0.26883515230561016995 -0.87318783128180710307 -0.40653495813538598203
-4.0527324103935642441 4.7540569746860708022 -2.9656234037689648275 -0.98012551214903775865 0.0032844436435121131257 -0.19835118569004123179 -0.018054839635341345117 0.99423639365479821173 0.10567883562037995449 0.19755506371751194172 0.10715972173487524344 -0.97441715442481047216
-2.2485022785623365316 -5.3829963239034235301 -3.7418633711239914774 0.88801165964992545554 0.006339633782426547931 -0.45977723015538829454 -0.33169535094785818075 0.70132861245800870442 -0.63096463570254801567 0.31845484214463115613 0.71280992304488999256 0.62489081216111286299
-4.0884441360735941373 -5.7897727431014445187 6.3396615040687152032 0.9216799696231350314 0.0048984210417545026583 -0.38792014521911216685 -0.025451033070986200935 -0.99700274874566763295 -0.073060002116855760068 -0.38711532972892503945 0.077210908976608580434 -0.91879279330204366438
3.8626880293622822826 -0.65895865837112554964 1.6176071549530381954 0.87844614544300037018 -0.0057039983759436018243 -0.47780731886292965305 -0.47058403944720028633 -0.18393694436865329345 -0.86297037163161294249 -0.082964036630335316613 0.98292149477917978295 -0.16426291038193047145
3.9360735759690506086 -0.046825869540852577133 7.3190357709333921932 -0.99016875872031195893 -0.011653598765430111042 0.13939161700061741822 0.060468331637407141121 -0.9342594259724753547 0.35142980216623787015 0.12613251017570478729 0.35640358951251571717 0.92577916981277053043
6.9923767546127635342 6.7250954080439022675 3.4803622747209246313 -0.89888673196409973887 -0.0072967106135946556422 0.43812030438349353068 0.42667911227264548879 0.21301004564167444477 0.878960554067071409 -0.099737546837058002613 0.97702276251371145133 -0.18835854979525551434
-2.8106271664999735727 6.4144947933719391742 0.27473969436519629639 0.95406090839290624839 0.0060473583346120100487 0.29955168591368908082 0.2710868765926385815 -0.44319254492132198475 -0.85445437178670580192 0.12759188224878637019 0.89640604503950649384 -0.42447204148312717154
-6.5093711343980018569 -5.0790204679772656959 -3.3175485910077537888 0.99732087748523801096 0.008342931124394858608 -0.072673673585747430859 -0.067605024353912981927 0.48457531582251933688 -0.87213320311621767011 0.027939721084916203236 0.87470975688848795482 0.48384110324565954286
