1125 14.717824617146108679 14.977075390850430381 15.033177056927090831
2.1864102755952292689 4.6319122932228191658 -7.0263163469830463015 0.9976839194694244739 0.00010074413592427600844 0.068020487227756984416 -0.067886140661109872774 0.064311464418070243831 0.99561815343564441516 -0.0042741944534603528577 -0.99792986997832255902 0.064169353018095329211
4.1095140178380162865 -6.1682182133100020849 -7.0712453523736300554 -0.99748567795445608475 0.0034363760714377820059 0.070784981423918050258 0.047928334187327663318 -0.70304776303543503602 0.70952569909259322056 0.052203419981048701515 0.7111343292307054087 0.7011153747651424073
1.6294456767295391053 7.0505694839712482747 -5.5890823191437553064 0.82924267121376749046 0.0084687675746780086139 0.55882454510692702865 0.53015563093778650394 0.30455506227518225337 -0.79131613216686080836 -0.17689431653735290806 0.95245708250734228972 0.24806028855595482763
2.1774053931546490936 3.7847606145356444962 -5.9831988980883208384 -0.97831607454715074912 -0.0051132697869325375098 0.20705437149389219198 -0.18514303406954360498 0.4697129967627602376 -0.86318697719994696982 -0.09284242143624921173 -0.88280436969019049354 -0.46047446143920295336
-4.3614873220689327482 -1.5122475188184332229 -7.3068216408801784922 -0.94217727484803603932 0.00032475270791690498406 0.33511472258863533868 0.33501383277616747502 -0.02364264588116614732 0.94191653406465658538 0.0082288886608358029207 0.99972042083343415353 0.022166767017159749731
-1.7118689499791723829 -3.4717023706300578212 0.072647424519747982874 -0.84216569435639265784 -0.0091729403515154357696 -0.53914079832126304836 0.22067465838120906008 0.90642767937716894888 -0.36012714033681841874 0.49199556745716732653 -0.42226143468726129448 -0.76133806050818575439
-2.5249027502318353022 1.7649582024102152822 -1.3797721942845124765 0.31672589440545584338 0.012451548333386894263 -0.94843537827155732778 -0.64961551902035841177 0.73144548450204538437 -0.20733350103016554011 0.69114715166964202364 0.6817862290671701242 0.23975644432096587799
-7.3242397068853097863 -7.4065367870041525222 4.3485178176444163611 -0.93982595373601629518 -0.00083582630475797885239 0.34165256925522979881 -0.22649609837112130717 -0.74714536284920551878 -0.62487864757537747717 0.25578642283544594793 -0.66466014486146118845 0.70199729182210957035
2.9012295920462105592 4.4292291069909337509 4.9903370272501925697 0.99956076845830610367 0.0067664068836859976239 -0.028852831698515345182 0.029623301522491780197 -0.25619673129461106864 0.96617063445384177012 -0.0008544975379760357502 -0.96660097796959154604 -0.25628464492068064873
2.024595555710055006 7.3629641288087164241 -2.177583491760674228 -0.95837012205817950772 -0.0018741134792524328286 -0.28552267308368317611 -0.030321707393235579342 -0.99365590392882285897 0.10829837786534289579 -0.28391425326493446857 0.11244746456090899678 0.95223330361154268076
-0.4812774609616781718 -6.2272808178625247422 -7.1171551536528623316 -0.84090445623683041099 -0.003759024683612267187 0.54117055094900934353 -0.20695670946120023337 -0.92173476585659586124 -0.32798466705067508276 0.50004861352673724006 -0.38780264458199081856 0.77431291669789881205
1.4866536136095029885 -0.28389967632172763423 1.4549878851257647128 0.93423074561090579948 -0.0073780919943539254036 0.35659287389656052492 0.14497500291120529736 -0.90561377427564482279 -0.39855481476575771449 0.3258759924973702593 0.42403921469670941002 -0.84498259266872011164
-6.9004662522163631166 -5.9253301852357234125 1.1540498077875938066 -0.99998991189695651816 0.0006947029801855787029 -0.0044377350274540632719 -0.0033377842715632119117 -0.77606824362321535915 0.63064010373261403242 -0.0030058776688904808791 0.63064855397237851165 0.77606273333541686554
-6.9657078585229630363 -4.3918130690300323238 6.3404558929723071614 0.9859533065285845943 -0.01013867714030201525 -0.16671318055662928681 0.14562348671155100899 0.54098789626725418689 0.8283271673743495267 0.081791671112753844275 -0.84096926419363682292 0.5348652346323913287
-1.4945340739012609177 -1.5931289062107456544 -3.0209685243571571256 0.93088919468774444788 0.0063421944260590532721 -0.3652466068062859561 -0.31548673400266846745 -0.4900865768145594159 -0.8125781610986724246 -0.18415598790694209796 0.87165068909283327514 -0.45421542061222974773
5.6158090645428950793 3.9349117460702052185 5.3405954646088620308 0.99017871990278760741 -0.0076744534661742124307 0.13959658096002044991 -0.086090019531868955394 -0.82020315418621814185 0.56555750759751488577 0.11015721124244591544 -0.57202088128567818437 -0.81280840312108704193
-2.9432777662022302501 -0.13060790177885614471 2.5513800838074072175 -0.93679934559732946919 0.00072130555965786973677 0.34986635420786332817 0.29584341751637888152 -0.53220179681128498839 0.79324518264097465536 0.18677167451364784512 0.84661722589918353421 0.49835290147672467453
7.1856976377827068703 -0.32077259536825197817 3.7761081124463720116 -0.86651772335356691546 0.0030930203275360383663 -0.49913672309247875125 0.409659202739714845 0.57572693650374917596 -0.7076141831498232726 0.2851777914299712946 -0.81763618303587515257 -0.50014467853394706243
4.7769832434827890211 -5.1057555436572528151 3.0752059026192899438 -0.99768198018189901966 -0.0094469827519836225421 0.06739006556673188264 -0.054310353152058524207 -0.48614076701950265091 -0.87219122913628055471 0.041000633662191941775 -0.8738294508418849027 0.48450081411770795636
-5.2609641627431722455 3.6101133767518072126 7.4468320760278450265 0.94922209666865731137 -0.0010151047043627965671 -0.31460511877307223427 -0.048894970218424559094 -0.98831994576678661169 -0.14433629719057713969 -0.31078399746961871131 0.15238981055773320739 -0.93818476461474564765
-7.0840825863673471119 6.8217096163069621539 5.9156244458094011662 0.48333971368204242669 -0.0013398993541854052614 0.87543185105838539073 0.49171088616137925698 -0.82693982606664184765 -0.27274700455759082196 0.72429491618267782815 0.56228883034834720167 -0.39903401566452983973
2.6116923345150748759 -3.2371493453763080517 2.5639092637068525704 -0.99331697118685435832 -0.0012619313214752353111 -0.11541144779092762929 0.014172268429095847414 -0.99370686401721486369 -0.111111724011075233 -0.11454493249128790133 -0.11200480317597225066 0.9870837768426626857
-7.0982275811701898149 -2.7130500781370443519 4.9423219416750372446 -0.97396286923728958573 0.0056815767404736717758 0.22663638064711938425 0.15554368822619973889 0.74402714243184442378 0.64979209934997750331 -0.16493177498614852716 0.66812523602272155809 -0.72553854383452642818
-5.6758904207407905318 2.2300948839300485105 3.5025232244612314325 -0.95858325967616764274 -0.0053414976769405328808 0.28476236175329472378 -0.27915625855369446962 -0.18064812831940607607 -0.94310022640490809298 0.056479355335013012307 -0.98353328471248580023 0.17167515919223452769
5.7840597707960759166 -3.2224246983312943016 -0.49346247656402258963 0.95376498481912519445 -0.0072465870259206081883 -0.30046603919479619726 -0.27827562033792790919 -0.39900570507223520611 -0.87370311115693533033 -0.11355629818932440334 0.91691980799652628153 -0.38257421874089775349
1.7120315427460752744 6.9567459126644761724 4.1182089618804589293 0.99238680675704926681 0.0069894356545589283319 -0.12296167518249147277 0.069824701967265007108 0.79050047417902535862 0.60846816787555713102 0.10145411164483476851 -0.61242154445437524402 0.78399420604900404985
-5.9806811727325790429 5.8758447150741073273 3.36437596077427159 0.46744028796603381837 -0.010507522049315477092 0.88396219894674754602 0.65118355029168717429 0.68035994341366279325 -0.33625932139898523365 -0.59787921942129396147 0.73280279705972584114 0.32486997338266088153
5.4266592104176014644 -1.2971648958931798479 -4.215893918248891481 -0.52619354976287280312 -0.0017568624429968194428 0.85036301755321208606 -0.84637337872560203245 0.097857813766342408024 -0.52352263759023576206 -0.082294908545473791084 -0.99519885536475793941 -0.052979111999605262018
-4.0121944818481756201 6.0707675819586874866 0.94074605507642850011 0.99971450928201588404 1.1578823889484349263e-05 -0.023893509518789806528 -0.017631198312676659573 0.67525943626061268876 -0.73736953733323007398 0.016125779895935686559 0.73758029637923760991 0.67506686010786776109
3.9913343722528678015 -6.5124747409659304864 -0.71464694040792975382 0.78987670583317048933 -0.0035886862524024312066 0.61325517601814605317 -0.23666095962523892027 0.92073992857153286185 0.31020892012196121801 -0.56576176945012512931 -0.39016035839762891468 0.72642171977697800322
-6.317981284615992621 2.4874938730709366119 4.833502596082159819 -0.96491398075808409995 0.0067634543865366181584 -0.26247907616087534644 0.061628262890712784405 0.97757555339321677845 -0.20136532626296976822 0.2552312029328265286 -0.21047634806004730801 -0.94369313866142312541
2.900202335238033502 -5.7363032423939026572 -1.7287971173654768098 0.98542673372526534692 0.011858686188332714234 0.1696865463778736427 0.15596427700229587021 -0.46114718950766786509 -0.87350925233129261827 0.067891801853440111869 0.88724440892640499268 -0.45627630014060860386
-5.2386113097833986174 6.5936859509407632629 5.302212029571805374 -0.61816343720213318136 0.0093386851495432469245 0.78599411821349796092 0.6896249969456675899 0.48629665315992359753 0.53659382097923624677 -0.37721522834327919638 0.87374387213028437138 -0.30705100133502549742
-1.1110916670628261382 4.6150025261540355004 -4.4878654684823340304 0.99197876636604542799 -0.0045212217487213485559 0.12632373345059880188 0.10796448598641918137 0.550051046231827101 -0.82812288720032467548 -0.065740374540149873472 0.83511879699429780732 0.54612708966150913525
2.3097008576660633672 -3.9632882624683314354 -4.3738104056570055178 0.96322184923437981219 0.0044612311467643207125 0.26867036787521164642 0.25988036293070321259 -0.2696379894337643246 -0.92723112092784476523 0.068307145457381757137 0.96295142767993568977 -0.26088058917573742068
3.5175720042839002666 2.8011512616849492119 -2.357783293724989182 0.38264361256154350022 -0.0034498379438987680431 0.92388958451961777918 -0.2441565388804889658 0.96406486241939592929 0.10472118014070107284 -0.89105075629142826976 -0.26564457394478618868 0.36805096120772007318
6.3387313981190782641 -7.0906069680705678948 7.0318851374575759294 0.99998197709486591478 -0.0058344387352918230388 -0.0014159131553284935376 0.0048289800584101543954 0.64148763586699064643 0.76711817471706678084 -0.0035674132105041047799 -0.76711118643543951823 0.64150424878448153443
2.5116870846448007271 6.6006435823874705093 -7.008312053276378073 0.96923226731075806661 -0.001010772068088509933 0.24614587208282132091 -0.042978055799625498878 -0.98532561639816085286 0.16518570273872648646 0.24236686803951640323 -0.17068218421796624296 -0.95505282223935550334
3.4927610686985151034 4.5192297937284555687 -5.0028278880728080935 -0.92899537596087933267 0.0016238287674452851761 -0.37008776610883231672 -0.26864301326483708277 0.6848527758759702655 0.67735338398734257215 0.25455553984801337908 0.72867965427547509716 -0.63578883174959766045
-2.9169916054615701029 5.0209923034106207496 1.1861105780360641226 -0.55355328421425831209 -0.0035012651308881878078 -0.83280640167943753571 -0.37327956577207171973 -0.8928748277667825084 0.25186684521267294068 -0.74447372506543307846 0.45029133134326843058 0.49294684257477944245
5.8329647543700424706 -3.704973463845349535 6.8586182248998754929 -0.94681286748596915626 0.003837944499902480773 -0.32176181275146920058 0.28157634018752270011 -0.47412414185838303027 -0.83421883385205886086 -0.15575672893871050917 -0.8804496398368777399 0.44782616393111468467
-5.6986968155848511941 -6.5371057513214418933 -2.9795073427213836226 0.95062343105624635964 -0.0094392163741063989102 0.31020314879290844523 -0.30998384718355370682 0.0194426747229578048 0.95054300107091949101 -0.015003559980060133389 -0.99976641451591530263 0.015556657547995541083
5.2111609696314280527 6.6440849189059685287 -4.4417000718255215119 0.97320191329151783943 0.0036302761621190889757 0.229923589613615309 -0.22980860432075592148 -0.019981475244115590867 0.97303070148228065772 0.0081265826744631782658 -0.99979375960355154618 -0.018611741239858436286
-3.0068936690221934604 0.33561956463680264751 -4.3258273690431270353 -0.75179530518355330848 0.0046527553733723223811 0.65938014147490919825 0.65875570554053841654 0.049375750036986042202 0.75073494372255178408 -0.029064403001412181943 0.99876943644450477677 -0.040185486216391612391
-5.692176866066475327 -4.710938223260160207 -1.5275349379453027066 0.99567031208287104516 -0.010556138047990000495 0.092353654970188672757 -0.079987702306563018828 -0.60345270341081147514 0.79337683494404276363 0.047356067367878229568 -0.79732891750870216185 -0.60168430276006124036
2.240056819666653265 2.7552205300917038677 -2.1490623581596741687 -0.12914696885062415532 0.0035952099246696605367 0.99161894642168901814 -0.97881971206902729232 -0.16065173886301720163 -0.12689755736626184834 0.15884908467445418845 -0.9870046065069632002 0.024266747458099379581
5.207312327212415326 -5.7200140017546425852 -2.7893008809502295442 -0.85751275477042931961 -0.010298294987764106123 0.51435962178850325177 0.083380423191977054431 -0.98936310996983078958 0.11919874856360751503 0.50766089118071378028 0.14510197018354070719 0.84925016209265447031
6.5583847296947928029 -0.244991123193308874 -1.118758441806563031 -0.089031506703693572002 -0.002174782198357795137 0.99602643596267781412 -0.076150446905312960122 -0.99705586582780281191 -0.0089838663400459532749 0.99311353844873717645 -0.076647705384335004797 0.088603775366015352644
-4.7904516863911190683 2.9429068792939649946 3.8939893075065725725 -0.92250655705565376419 -0.0025054735337114875798 0.38597328248420492702 0.2713510427532451752 -0.71536898745939603295 0.64390668840916320814 0.27450002511114907078 0.69874239486639422303 0.66061244450154255059
7.1811096927594926242 0.87642506365451211536 5.3853911473649240804 -0.9256730729547257841 -0.015222311606368893119 0.37801804617761675109 -0.34222656494540409922 0.45963994951407016742 -0.81951942933432053717 -0.16127721553966736789 -0.88797488592868767388 -0.43068580393093058856
-4.755367592196591886 -0.2888680027443258358 -3.8945698568339102152 -0.97534535503148322988 -0.0030352853619064596412 0.22066314930466862654 0.15143892970780517548 0.71811474909342798423 0.67924771453678611799 -0.16052317274210711751 0.69591809444595076339 -0.69995022454141320178
-3.4764338845006994561 6.404619661404090003 2.797088368480976861 -0.90614609347494556868 0.020745279148503763256 0.42245578546557649435 0.10466235292742712137 -0.95673709136051410251 0.27147731009209008501 0.40981099199503573383 0.29021332052158443915 0.86477232809100290645
-0.85719189734481660015 0.064828289989446508113 -6.5771168447085086584 -0.94033406433056443419 0.0037527306419762752193 0.34023192747351671539 0.13828603830305913336 0.91784512625139202946 0.37207162728048687184 -0.31088393182995016639 0.39692095085726319947 -0.86359998824719141908
1.8510908541939183891 -3.3010079638287961323 -0.99522769177096892523 -0.84277930877630158335 0.0062815437273406335775 0.53822261092109724423 0.19416154542139621442 0.93615797711276793613 0.29310328583600581132 -0.50202024956974289349 0.35152351855419566862 -0.79019420709421617222
6.5845382108181098602 -3.2687172060588611799 -3.3294783325776031724 -0.87132970844512125375 0.0055002533434661878692 0.49066718495738453898 -0.28938646341176638144 0.80177923832178432662 -0.52288194441030955151 -0.39628274498753940369 -0.59759501354131849826 -0.69702237110129305897
0.96812227699213493359 -3.3257572263374601818 -5.2254541140333508054 -0.99433535927014493616 -0.0012823238343379365564 -0.10628052008991178967 0.049083201814698419752 0.88138324185039573777 -0.46984510243788868422 0.094276362915700212541 -0.47240018695046076536 -0.87632758188053327952
-3.6329717568815387274 5.1719555311842864143 -7.1050597403752462355 0.97323787871753986156 -0.00037161875805054919025 -0.22979968087181923408 0.22822109520883590572 0.11858506594064388562 0.96636055064211434651 0.026891692601703171689 -0.99294382723061036522 0.11549628926364201298
-3.2738593521370593642 -6.1290464800560089387 4.9850507152422744994 -0.97206168406390314196 0.0050225993701840014952 -0.23467180459214667665 0.22907368079831094687 -0.197773515312811482 -0.95310591510410369587 -0.051198936907909407823 -0.98023487498470085466 0.19109751103327901611
-3.0185572434724501356 5.3725829991264522079 4.3601426336283983787 0.85412454957253491905 -0.0054301811341537914446 0.52004015897845723426 -0.51311723757181082473 -0.17174247084938337737 0.84096089339117008343 0.084746411866078993902 -0.98512691407739683136 -0.14947578009981565828
2.3695253380708485302 1.1141300343436095766 -0.52072712268693488458 0.99734531166048090434 0.0078767044272546604677 -0.072389825501418189613 0.060010324523957075948 -0.65199546545616227089 0.75584434507046038831 -0.041244275472925598369 -0.75818195082174577593 -0.65073730428548692828
-0.54056866414039617119 4.471898053353320357 -7.122005341388132571 0.9993017581813454786 -0.0033132512458208403759 0.037215836169860461169 -0.019138220649414245528 0.81007784131046500775 0.58600991418922243614 -0.032089322305326149765 -0.58631298244527452201 0.80944880135193297832
-3.2615092412947928047 -0.26995385921123776773 7.0540140224928746804 -0.57640533719025255355 -0.004893045612414142348 0.81714927972993045557 -0.45848068314875323193 -0.82582160006208271685 -0.32835064801265229084 0.67642616037378344718 -0.56391022598953222111 0.47376461094771993299
-0.38911637696604067793 -2.6941413278905428363 -0.84652430431213565587 0.95866414920686060519 0.01698249689878266952 -0.28403282173839911051 0.15788858237490746572 0.79869119781630582011 0.58065787352500930485 0.23671553514974305599 -0.60150142587530597282 0.7629952752729327603
-5.5022404859748572648 0.83516162187306064446 -5.8904248345992771263 0.8235573557423742086 0.0062164466680133083354 -0.56719894004975135449 0.41109572033211355668 0.68244123831243885814 0.60437923936482684795 0.39083703832574967496 -0.73091402506813252238 0.55947394705324204889
-3.3156731105007906102 4.6815374254589618985 5.6709997412381509818 -0.97544403449761585279 -0.015554772823243549415 0.2196974842947003459 -0.033128709497835480413 0.99651634900951169271 -0.076535317100871469442 -0.21774164546538615772 -0.081934212629081862311 -0.97256123747084521902
-4.0890538438307890701 1.7594235236551294399 6.293411759260103544 0.43581871218434925508 -0.017347034156060970461 -0.89986728494598111627 -0.26396410127896036135 -0.9583118532873389217 -0.10936793444714888734 -0.86045627625469889299 0.28519725148618474408 -0.42222923205151624559
6.354831206216511319 -2.0461088793811810227 3.0743632408580903181 0.99008422901834769458 0.0087395444056419056139 -0.14020285237056021033 -0.13574340401440351811 -0.19733241490163702658 -0.97089322085159601716 -0.036151731851153737218 0.98029767845926063519 -0.19418937636106012312
2.2128590600209947503 4.8887993853681690481 -1.2295598602635444685 -0.265700532279967927 0.0034675308617892822149 -0.96404937807978285935 -0.50687875739093846139 -0.8511191036334463389 0.13663892833334409516 -0.82004704282861151654 0.52496118681286751961 0.22790041660344467767
-4.3356886141287107606 4.4410371850217487122 -2.565589068410236262 0.99216279276529550923 0.011712252049613878363 0.12440183199648570389 -0.088705464210554030302 0.76720686461291220937 0.63523615097848429301 -0.08800189356680689079 -0.6412927958760581415 0.76223304617806553196
-0.38848185697413423201 -1.5415300654659209734 5.1669382625109916418 0.99353009613384790644 -0.0029791013947841889047 -0.11353005342650790421 -0.096906184010688983799 -0.5435128897861236652 -0.83378830055165953361 -0.059221107526277919075 0.83939553465049643322 -0.54028510698715637162
-0.40659819540958341832 1.9924304670602934753 -3.3315096752120174628 -0.93630706968493571107 -0.0040700562972999301814 -0.35115880438871904801 0.15857957638281808266 0.88728127708101600657 -0.4331102091798385012 0.31333941535052323157 -0.46121076525081672326 -0.83012230472647718926
6.1862599637522004414 7.2020999192465122718 -2.6244854715674614809 0.60817610687788736801 0.00014880402706073884295 0.79380211695373048553 -0.77699062630365589577 0.20482697116183018471 0.59525748926075239265 -0.1625035066059078992 -0.97879818642155491659 0.12468648923901143322
1.4420293960875110173 6.1233979514164804669 6.07628737141037778 -0.79711571226885280517 0.019048206757585742221 -0.60352606163558619734 -0.31722828697893917793 -0.86366519359713533888 0.39172521913864605247 -0.51378278989713932479 0.50370586574717945982 0.69448372595578178323
-4.1483937371721584242 6.7093413623672413237 1.8774776783993922802 0.97834240683999185162 0.01910899984922601047 -0.20610914851908379575 -0.15896991698179868679 0.70708301438680476458 -0.68902988052799818419 0.13256960614443660806 0.70687230592973182564 0.69480705425042621481
-0.21707847800908025571 -3.4787519228924836945 6.0739837230893254372 0.73568064541523181532 0.00084081565686578655511 -0.67732804532998780456 -0.43301163545604531846 0.7695462061248609098 -0.46936079959734117173 0.52084058167659574856 0.63859058062897378072 0.56650433256138421623
-1.4002776559033802695 1.9820803449250348205 5.4337067591289640589 -0.95605218372305122987 -0.0095499338433145536387 0.29304098819448048951 -0.28143902919670937823 -0.25030637711942804735 -0.92635780906613041097 0.082196683894339012122 -0.96811957749897914471 0.23661823433508838432
-1.4869982427564685246 -3.0450324745489751876 3.8645387392451970854 0.98132692765854911965 0.0034825334538345011255 -0.19231571182045051338 -0.038369724277177261196 0.98328522292914188885 -0.17798296162334231729 0.18848136595213471622 0.18203857374208282094 0.96505789067741176712
-4.7785040069181246025 -6.5436542007521270037 7.3916855859674965856 0.97258291768243854136 -0.0037455173382659034259 0.23252621214022389795 0.13956680173965915759 -0.79038909619410346874 -0.59649491571135104806 0.18602036470398994328 0.6125937052542882455 -0.76819618340519124633
-4.9382452053886476406 -4.7469455452753832603 3.7475950693917168266 0.65191111383308153471 0.0067301671976007721235 -0.75826552375174549603 0.69540307501623455089 0.39342531680000530914 0.60135770000786026301 0.30236809176716550329 -0.91933194491992054065 0.25179815752058937184
-6.3057239500570627655 -1.2284511949045744394 1.4006363249524704795 -0.88540709429573449807 0.011869744364638182277 0.4646648109545480354 -0.443109368923596314 0.28037295323617683618 -0.85149579814919917897 -0.14038648276380097379 -0.95981775158741267084 -0.24298460690926002026
-6.1436492809694183137 -5.7652701792888132459 -0.87849820311614768009 -0.94909726139261074707 -0.016996878144317616871 0.31452423523520639526 -0.22144938969848337873 -0.67409639984211189301 -0.70466602835816716244 0.22399677725159961028 -0.73844779764933554667 0.63601909871301376409
-1.6278428106434241762 -2.3724497240060475889 -1.6373708996419413797 0.99180502745395227038 -0.0046899581012865296584 -0.12767455427786456035 0.12553005595088875812 -0.15014981249399525498 0.98066163321553667664 -0.02376957235637590371 -0.98865213199634871533 -0.14833060820001728319
-1.7601930035219264248 4.0956592973610286279 5.1533229939558058419 0.78949769513056211601 -0.0017351087904711392455 0.61375107232593906215 -0.34863967337937001867 -0.82426199377804265644 0.44614184264531658863 0.50511757792576772452 -0.566205929861673396 -0.65135787203341932727
3.2684071945601713693 1.9419835854529248209 3.0353886539798327071 -0.9774676841908470637 -0.0099185425548097908011 -0.21085195962127301073 -0.16140315290928120007 0.67887065866860785146 0.71629857673298502618 0.13603657079441683342 0.73419088206840732447 -0.66517501463456574218
-4.6245095050796445335 4.1525318888601434608 -1.5437748740562486915 0.9782201200648518169 0.0022158668089132106498 -0.20755839331249520407 0.075603857582263039872 0.9274513197264330211 0.36622138967601380877 0.19331180362006444851 -0.37393734698729697019 0.90708401325858356579
4.4406115708706268563 3.5875743063896083918 -0.47362026550025387861 0.95444239796513530294 -0.0093293589810591881495 0.29824934539327330185 0.13062239168331302164 0.91172015547557194726 -0.38949216794514462947 -0.26828622729743439868 0.41070588157547432973 0.87140299464826009856
0.57659178752404005586 -5.3822416218363526852 -7.2330415748736509585 -0.99107891872823705715 0.007274039581936188846 0.1330776660479473239 -0.062860097549774146541 -0.90598272821216840889 -0.41862143317962524636 0.11752099807541520338 -0.42325215242149433204 0.89835762950053177356
-1.1122185309484899918 4.49035298672447869 6.744789127892116376 -0.96545029659879877393 0.0015887627761189430584 -0.26058242578890017382 -0.21774756191987482135 0.54440471672725887498 0.81006759204593759005 0.14314930693207059131 0.83882118490057122617 -0.52524974601321372525
4.6192866685526592363 -6.5446340617658771421 5.3838461608832313132 0.99713581645072169035 -0.00065929121327591884427 -0.075628889230656193288 -0.0714481575103781269 -0.33617923061116861128 -0.93908396093959689566 -0.024805731989509194335 0.94179779689739928639 -0.33526345673174334783
0.84706481180652548613 -6.6880190031014787877 -3.6775848227957359526 0.91838547890706556664 -0.0045724979281444397966 0.3956604660505740334 -0.32636341222569076326 -0.5741370271559821381 0.75090185590973868024 0.22372982656103582166 -0.81874646033502873621 -0.52877140466925076634
2.3587723287894486468 0.16892670195889591955 7.3210638588064718135 0.89645957696991496189 -0.001123020349886188346 -0.44312409738617292154 -0.40523181261259860753 0.40254000023714653356 -0.82082198207405232537 0.17929697405643885144 0.91540170801370046583 0.36040575475406522177
-6.3102598960971203468 4.7985396665045669806 -5.820012266267530876 0.97085027835520498751 -0.0010053793642238110888 -0.23968463911952309076 -0.16007724362044639665 0.74156045989635421822 -0.65150852672344672367 0.1783956644439760042 0.67088529088866666328 0.71978324055017917082
-2.0507390624434425064 0.14967258653637058319 0.26483908916449871995 0.97842361554728918271 -0.0034153359339310347502 -0.20658064773745415943 -0.1872471025824211377 0.4079453082201305314 -0.89359898616540611727 0.08732554674154822949 0.91299997863180049062 0.39850381165633036451
1.9959718723064872048 5.3148378443333843535 0.98423705940876804465 0.58624947934007731742 0.0042286376779574249424 0.81011953846125916989 -0.52162170885751180105 -0.76315114973237108131 0.38145919245801862552 0.61985670991115660033 -0.64620619099898757298 -0.44519121497669261744
-0.51133861971262428714 1.4071868316369309238 1.8742149810643404795 -0.97607321663478463503 -0.0013114695092097962935 0.21743816550010708344 -0.19680014004470688938 0.43058501812153310295 -0.88083270094136278949 -0.092470431202213113075 -0.90254906914642851756 -0.42054060105568247252
-1.7928193232539317847 -6.8996701247699823156 -5.2958005482676142606 -0.92225780997506834336 -0.0019597207868295050612 -0.38657042234822908133 0.36151447415241633188 -0.358561645825584141 -0.86066301833024216883 -0.13692266765715271903 -0.93350399336972134101 0.33139474564987209115
-4.0977847833495673058 -7.198923998879317665 -1.5051451801109188011 -0.72025312175903744016 0.0093593957152161462443 -0.69364821221434669329 0.19318779085729165246 0.96305950422519859266 -0.18760295516069908084 0.66626865306722948823 -0.26912597985553582403 -0.6954547353399492815
7.3386229165390641782 7.1076084713565155226 2.841558547552655245 -0.96528588881973809155 -0.00029548951851027759063 0.26119545465308785515 -0.22392433624231530831 0.51574455249563999626 -0.82696157601757125377 -0.13446577439607143578 -0.85674235873868265223 -0.49790710605392751731
-6.4625761080118451218 -2.2557048185330832446 -3.637906962993931792 0.97493848588163622981 0.0055966203684793009582 -0.22240419642446254689 0.0067896821003258491997 0.9984693695220195897 0.054889145949621076515 0.22237097149521786732 -0.055023594634953668092 0.97340821604791938348
-1.5714406258367985547 -4.8311447825269118184 3.8020548433827237034 0.93187061210351562757 -0.0083204143741950498808 -0.36269537218214364938 -0.35231788482464110324 -0.25923350734009725782 -0.89926086132151061836 -0.086540570430069407859 0.9657788356433935073 -0.24450351795592450976
2.3841861347411694716 3.7419193255958762556 -4.3851911427324354875 0.90271050324820001354 0.0030934552227093641344 0.43023735061010826008 0.22149164690470163341 0.85394725186333120259 -0.47086679792325109029 -0.36885660855768065414 0.52035038346277528998 0.77018197898520091016
-3.6513842590939957766 -5.6965182763357606888 2.7799240868333185972 -0.99506995379942408952 0.0044457967933017872308 -0.099075839317138758577 -0.089388646851405670346 0.39251894320976776775 0.91538983446159150059 0.04295878093704703915 0.91973317549835120754 -0.39018640292562351002
-5.4614930368850300724 -3.7618075006573326036 7.4349209650987067022 0.59725392993637427264 0.0061335226123222716388 -0.80202875451937205575 0.6084376649387941427 0.64807151415704955522 0.45804685395928751435 0.52258143007514135103 -0.76155478623577665953 0.38333139253406184332
-5.2592873796335508629 3.7824241939874418961 3.3129092926414349662 0.91550458501761711183 0.01105446319464976207 -0.40215563362360645661 -0.25808800132938686245 -0.75067935198904278682 -0.60817028377509874115 -0.30861292646539961737 0.66057422697286793944 -0.68439736431234765579
0.15626354614741189142 -7.1338023849561116307 -6.7491266895237416179 0.99780315534856145465 0.00184350484825034815 -0.066222840971517829556 0.049963237285430311951 -0.67735490321584734819 0.73395777127121719641 -0.043503311327287810806 -0.7356540875842798588 -0.67595896718982284579
7.1017143808393354831 -0.8574605613443377905 7.0740458861843551475 0.56786170449663364579 -0.0001303683950640509813 -0.82312396853099256688 -0.053243337819803185362 -0.99791157196474400415 -0.036573781821824413729 -0.821400165293417861 0.064594717609391824609 -0.56668270744132842598
-2.4223699594365601939 6.379352994649842401 6.7384232629559930317 -0.97086105339874806397 0.0073779970423166725893 -0.23952949745931378933 -0.031703699207090596524 -0.99469479961866813511 0.097862817598238810435 -0.23753671389924602142 0.10260516932061075623 0.96594435076705209564
-6.1578049506598917517 3.0489726725757377856 2.6965529718217986499 -0.97935865159286739079 -0.0072382664759239011276 0.20200059170322362534 0.13491023437733892787 -0.76759175306855265131 0.62657970704559740049 0.15051863741833043653 0.64089820417877740866 0.752724140485750981
1.9989779588984493142 -6.2876953743564554244 -0.47079327966787587467 0.99995691946283249418 -0.0054832901634260747953 0.0074895091470344281326 0.0075568365797419583679 0.94945066730067950722 -0.313825309022621457 -0.0053901242273955880802 0.31386838625653051826 0.94945120078362887917
7.0748264016697230971 1.1896783205485883528 -4.4421554330108197206 -0.94762021436521337581 0.012399736811606486622 0.31915854344430749645 -0.28614748763196157233 0.41097720800492326676 -0.86557342254853208985 -0.14189976972631390684 -0.91156128758713494964 -0.38590215641281566672
-6.0847422563779414162 -3.5656713508121571365 -5.8840126419156248971 -0.87740641671126706758 0.0070749255795328307161 0.47969565908172978608 0.4057528791280899938 0.54444456504597460444 0.73412854233513524793 -0.25597378966036765657 0.83876698851351128017 -0.48056982633850342523
-5.592975461642561541 -7.4457742501234616128 6.2203241756742597701 -0.93363259743274573665 0.0056018954524016447566 -0.35818820720170541083 0.34286217216953807085 -0.27576452285000330189 -0.89799747150670172768 -0.10380608800136884029 -0.96120889857754376884 0.25554206970518683617
4.4115144601892932741 -5.6535428944364900516 5.9660896794229101303 0.93776833718919205829 -0.00209627332840265539 -0.34725516756916618988 -0.24815129622445794566 -0.70357101947440070511 -0.66588944633310853671 -0.24292278597838570797 0.71062185879252082188 -0.66030681797076906658
6.2422647074033896786 3.1197579683005058904 -4.9306693107842400892 0.85974478112437913158 -0.0080707252786548413365 0.51066013621871164663 -0.39019033915643935861 -0.65552173328070195701 0.64656226028580454646 0.32953059123313943601 -0.75513318069759072237 -0.56673050813534375791
7.169393548673709482 -3.7063221113880766566 -6.9032695436533204614 0.96623252187661257118 0.00015826954234639993915 -0.25767166825044124367 -0.25510904717500892946 0.14127179225610614344 -0.95653627989857648029 0.036250347828111741111 0.98997083576413147377 0.13654177609379242186
-1.5657126682291035991 7.0248425674165950738 -6.8954965580756022447 0.99952839194611009521 0.0027165168076738652712 -0.030587811787134121244 -0.0067978409418703051453 0.99094049324861344097 -0.13412952023556584669 0.029946336203580652818 0.13427419475280738537 0.99049162418041469813
0.87286101644111269149 3.7113391358008120946 -6.793843232642029939 0.82713127971837263619 0.008922129266193614891 -0.5619379340468532158 -0.55892913991494330705 -0.091471027449141290022 -0.82415488088783872556 -0.058754256572479922338 0.99576776747728179551 -0.070671709954160569223
1.2838747590461039305 -2.4126995562436004406 7.3118512689339985045 0.92308053858259675462 0.016160655836417181508 -0.38426703279471413621 -0.38410883680990592914 0.089557068043655235767 -0.91893412878617208861 0.019563250611283913155 0.99585057351311800922 0.088875837319085437827
-5.6521061669322740784 2.7225916203516797864 1.3087386444204904823 -0.89737053755967621793 0.0030326153876333028503 0.44126740369509093176 -0.046708835919310284779 -0.99501150363473300775 -0.088149828596422813431 0.43879881832903272487 -0.099714145829058159487 0.89303565782919103189
4.3843558836570739601 -1.0169966207775107403 -4.1694186878378038941 0.31228997547779724364 -0.0049207548597344739905 -0.94997408248211823167 0.52108907537548543321 -0.83523733654180065678 0.17562678375144882836 -0.79431803878581397349 -0.54986760026228187481 -0.25827209574671222692
0.033209571246731947602 5.0146528528229801225 2.6294160554459913293 -0.98901069122176987758 -0.00058778463463365990954 -0.14784284615231849114 0.0015361131187190545273 0.99989726475951268281 -0.014251325651673436151 0.14783603419223981246 -0.014321816769123240157 -0.98890818206680453084
5.8171271749236890258 4.6566977409541436828 -5.272432363822742829 -0.95163421894096822395 0.00011490163288375331496 -0.30723329920112940616 -0.25968787122957009972 -0.53467748063787112756 0.80416553099157395135 -0.16417832645229732402 0.84505619842493617799 0.50884722523270187189
-7.3273077048026165059 0.05741277405585212823 6.066875414876534478 -0.9621413621264086613 0.0025414853953761454633 0.27253906167276636952 0.19580075065618496311 0.70204467234929890385 0.68468631070614083267 -0.18959447599543516327 0.71212837247073590419 -0.67596384207603499306
-6.7650748044127579917 -0.53079221700348711011 -0.78165495467664469764 0.72669869543397414002 0.00043862537505977977886 -0.68695619486424175371 -0.43722234379376906377 -0.77101169259251678412 -0.4630092784958649843 -0.52985434615761872745 0.6368208362589917737 -0.56010141435673499455
-4.5100540314660904073 4.4234105973051542904 0.30125427886485067752 0.79032054839867826868 0.010943514365823518719 0.61259584578419123968 -0.58653806873005698286 -0.27550157594332813638 0.7616245634057856595 0.17710597028084826277 -0.96123832692312149995 -0.21131576880295097065
-3.4308396954402500256 5.6810877979142597738 -0.71168686254884472309 0.18812483735502491533 -0.003814818664760249653 0.98213771576536834651 0.91299601521562012696 -0.36790359592900812036 -0.17631001191910655734 0.36200458805175106392 0.92985611320311389871 -0.065728889906759277451
-2.4437832933263701207 -7.4531143877350478633 -4.2169347857694807757 0.9865375124005485441 0.006142728827819585527 0.163419715790566078 0.15958128886997616225 0.18224876561025066257 -0.97021605824484502545 -0.035742815629382806986 0.98323326546465306119 0.17881497927967571204
-0.32828145064096103667 5.1168848610478878669 -3.5049843584105975225 0.99617406875638703223 0.0056978871295668039043 0.087205268301936630926 0.063143676658113365163 0.64292858273495001598 -0.76331888067857067703 -0.060416064382371320596 0.76590493638882584104 0.64010899664036424728
-2.4967722857802767678 7.2255785627954853823 5.9986285115132558232 0.99859106085734028468 -0.0070382010424365681542 0.052596168130250732509 0.030432366216545620602 0.88793048388516415681 -0.45896985399254708327 -0.043471418913576524712 0.45992381925008340993 0.88689363298199752617
-2.7115433369428725285 5.6870531012161542606 -4.3646194603328449801 0.86885855028122782606 0.01400196813973851942 -0.49486236924164567208 -0.45575438936816492497 0.4129653943193437593 -0.78850968267129140088 0.19332034599302583278 0.91063907668336296908 0.36518997226412019952
5.5070859420069586676 0.77502317179006430248 0.99225201050138511771 0.39057526098638289946 -0.0019943874156064891369 -0.92056883931843414004 -0.47623109024954207724 0.85535143743739328048 -0.20390651572101173294 0.7878165485600467921 0.51804434259293274945 0.33312932161896063876
-7.3497338877234517085 -2.3559796751298813788 -1.3125802623717743867 0.98513473805133677796 -0.0055966400033216857565 -0.17169224066681762486 0.052581289602749929635 0.961321093550632777 0.27036450040322168586 0.1635382397735893889 -0.27537326071222645307 0.94732508222707945134
-1.0871052780977432661 -4.6836358934985291569 -1.006285778936013342 0.96827853699625843209 -0.0052508806594521711258 0.24981813994315321681 -0.19632836354352922736 -0.63444371161629720124 0.74762045882853978007 0.15456988212673564154 -0.77295123070141813493 -0.61534912569729727227
1.7205124273353269437 1.9352349488402336153 5.2182225133554798191 0.73523668689129872966 -0.003539916154549925531 -0.67780121218747524381 0.56424248627760020813 0.55729090824446936292 0.60914469567368034753 0.37557613200047768043 -0.83030976905108611064 0.4117380921045392661
-2.3520487730660835091 4.1073447320105449521 1.1628467468605054869 0.83544135079005610311 0.0054714906978623268144 0.54955237437369208742 -0.52315906286383517809 -0.298395614249482799 0.79828857710734246744 0.16835184683732723476 -0.95442659235075433255 -0.24642957509239579728
6.2658349356676401598 -3.9113078322294816402 2.0229792847377394693 0.79790507129935284159 0.0038440168888634286201 -0.60277086917745426042 -0.54087546844359235543 -0.43685269151087657846 -0.71875827199125075229 -0.26608499550104575126 0.89952484649056407839 -0.34648784353173206485
4.2211405827274637304 -3.7518287679771296084 4.4503566475875881991 0.59837069011781407468 0.0070150746689289144795 -0.80118868310497470819 -0.75778769147635782755 0.32971267685345018172 -0.56306959194149086567 0.26021209013996349224 0.94405526292139241296 0.20260633922827073206
4.6449208345701675782 1.472494531552168695 -6.00307674173948147 0.911782384246181965 0.0082871720401718855509 -0.41059007118762758104 0.23670750179286825787 -0.82761469268626297602 0.50894349297823815448 -0.33559267330090924997 -0.56123546148597580618 -0.75656613352514057169
3.685069199609260604 0.71867749150243687151 -4.3283364819170033755 -0.90208910660691343786 0.0073224455174678267436 0.43148768873833909243 -0.18059125860587688095 0.90169390584474207184 -0.39285480457487875761 -0.39194647728515935592 -0.43231294446742679627 -0.81208588030433592753
-3.0041436659283755617 3.1667511690540455227 -3.3993238535306478099 0.88437334446842397195 0.0068983000499057709268 0.46672925883236110467 0.094725673343961716566 0.97643315448831558001 -0.19392096747268541823 -0.45706764751323025742 0.21570977787855269425 0.862878008367539584
-4.0399782702834903247 -4.2003924738292841567 5.3759230875058641175 0.86406666487913652563 -0.0039035497169470430474 -0.50336225617770302687 -0.48095185850028571162 -0.30154666687889508658 -0.82325871844731490778 -0.14857357924562644702 0.95344342778899937585 -0.2624338422465664622
5.3639177757424914006 -0.45421530492847328464 4.9479252290099653422 -0.99665987621982532474 -0.0031030177462913546838 0.081605529313024172122 -0.046779385683358834513 -0.79739350071268111364 -0.601643826608779686 0.066938630167268101112 -0.60345171828591059882 0.79458495045478183538
