1125 14.717824617146108679 14.977075390850430381 15.033177056927090831
-1.9513115407495875697 4.1023135597700317589 7.5006045857749565897 0.93879445866061617121 0.014966641583357906398 0.34415253017783542511 0.15493582641573477865 0.87395570324552018793 -0.46064771621874112117 -0.30766841580010406698 0.48577508005704878036 0.81814590233929262997
6.9145903796402397035 -5.3075764343339866258 -5.8463722851257049484 -0.84569099185132468044 0.0058742911191352782663 -0.53364055224966899793 0.043213391924305753766 -0.99590210312657734271 -0.079445602435836190636 -0.53192043489598050954 -0.090246848653302111365 0.84197158933566573769
1.7107634133917895003 5.1169376263046082443 -3.2743174576768745432 0.73928456009907761448 -0.005555898989900511474 0.67337023336752965808 0.051248426161186855232 -0.99660168470498455839 -0.064487834970803167844 0.6714401969015147964 0.08218402539200897472 -0.73648750699201814829
-0.49126380235859268275 5.4230269062458722473 -5.392177111407406187 -0.82384076254426497066 -0.0072250039962181312331 -0.56677526171113679077 -0.24824197051146426607 -0.89432507230523128339 0.37223458883172810818 -0.50957072330251640402 0.44735943531274652285 0.73498790030149452335
5.5374924808722623126 -0.54856508610071408327 6.5823438998279311107 0.99632578113226577532 0.0054684824089704358457 0.085469489008463253588 -0.060384504504271303837 -0.66284504687967227277 0.74631773089138053745 0.060734252831452326116 -0.74873662894722892158 -0.66007939750132471612
-2.3584332598052233365 -4.1346540658891397513 -1.2032642986239456828 -0.9690545489630595366 0.0059212957973680891213 0.24677564586084640985 0.082273258204822341533 0.95029822365644878168 0.3002738701580714431 -0.23273244749785265695 0.31128479624202842757 -0.92137798080385502342
-2.1159440256153758675 0.86983388656546156703 -1.3720693286120779764 0.97883390865343078424 -0.0069107996142384981939 -0.20453953192203924716 0.06730366302281030888 -0.9329695012318141023 0.35360730579969174014 -0.1932728543120117437 -0.35988908099563282628 -0.91275706141685153394
6.209512177057413318 -7.0530203129457644806 6.3932218813438783656 -0.99124139004750955184 0.0049311627369176998237 -0.13197041445286783468 -0.1238287338749650135 0.31262702588346347188 0.9417700289105825906 0.045901539448327054183 0.94986316189288932943 -0.30927822806484683849
5.3351016588052022627 3.5332239639688776123 3.5455541888614821033 0.83055664107272719754 -0.0056800849473670200762 -0.55690520073445948235 0.47270303145012854129 0.53594155906266216505 0.69951303728194813569 0.2944953480581297689 -0.84423597524890159338 0.44781481447981119626
1.8298425812159095916 -6.8261208266979949144 -1.2194449590248834792 -0.82296605172874548462 0.0092540469445924443403 0.56801517613275209762 -0.56741430970859363381 -0.062162010203099318795 -0.82108275199614977335 0.027710626841878027715 -0.99802316962220849472 0.056408102763491847764
3.8760968731651561647 -5.4696057319391471196 -4.4409013836800417252 -0.92723925957331365666 -0.0026332625174911479526 0.37446017336221887328 0.31739160927175441573 0.52513312167246339879 0.78961875033873063501 -0.19872071323808873644 0.8510160224408735985 -0.48608827148890254577
2.1106341092608049692 -3.2082722647314114717 2.5433526222153162166 0.72572703326887744169 0.013548348549498993171 -0.68784934065124214708 0.65995475689211990922 0.2687585230916399448 0.70159003351022808381 0.19437075921581919991 -0.96311229797830444355 0.18610402855575733372
-6.835364131048828007 -6.9571961483637032586 2.1440801301063987516 -0.97672893340934163753 0.0014200593628223086469 -0.21447278165898070457 0.17900417815709562808 -0.54543806113550818981 -0.81881305904778245441 -0.1181443813452585645 -0.83814992984322744807 0.53249093913451361892
3.5907963545211201151 -6.1107137433440792407 -7.441738347296988465 0.96577839919710173344 -0.0063219656835354310839 -0.25929156637705896848 -0.11147221675602146662 0.8925467386278889137 -0.43696025477877414867 0.23419228965931795927 0.45091058106312315035 0.86129763691167604556
-3.0344872122115558177 -2.0447449556302079721 -5.200029302732612102 0.9984785519531698128 0.0041678001360032062433 0.05498373151723025265 -0.028967407308961003187 -0.80881927292622946002 0.58734340300788256961 0.046919831663401169453 -0.58804252668073964117 -0.80746796605904269661
4.283266809462686453 2.7328773499588097096 6.0485038797266819088 0.94254361619442295073 -0.0043020413284000783363 -0.33405542056916898153 -0.29726727712927969449 0.44551242278355429605 -0.84448259135024561495 0.15245883877078075797 0.89526542074726700449 0.41863603391817361121
-6.1982799100035883555 -0.75367688527093146256 6.5515253434865732274 -0.94732582344398130747 -0.013678249485879380096 0.3199792020228525713 0.22554042427944889782 -0.73782915290770945127 0.63619152629954933698 0.22738799715907639931 0.67484890650467743711 0.70204960803176952311
5.164059368590487864 -1.1555314048622187251 4.2889983885806222119 0.93552887633823855751 -0.0045068454908709816575 -0.35322147426387701108 -0.21237798658738868407 -0.80620100769593117107 -0.55220967576028212598 -0.28227878480412732509 0.59162456299075683042 -0.75518147760369125354
3.5569027319762964723 -5.1230263197586740631 3.1993514993212572861 0.59511754375105274661 0.0029979643138302184205 0.80363307630385405478 0.049072197381303223063 -0.99826256189485118586 -0.032615593868066429517 0.80213903318807910914 0.058846153053275188083 -0.59423068055008221311
7.1482822797759597577 5.4292060082241135888 5.5725926537003225292 0.73129613526763292963 -0.0072698156603773159828 0.68202134301111716486 -0.19104271634486341691 0.95773404470051959336 0.21505390057605675014 -0.65475846162858841737 -0.28756329633969263115 0.69899836017280814193
5.0507662960534434049 5.1328296333974030574 5.1503532349529947965 0.9699559920537792479 -0.0079130789491593279961 0.24315171531478907418 -0.042796470034036297736 -0.98943461174741942354 0.13851935326420891648 0.23948660845983821277 -0.14476371181219202522 -0.96004668225598610576
1.8705942682278255962 -2.1869741218275984274 2.9287595207230001648 -0.87540695784505706545 -0.003997133317242645284 0.48337012845372245851 -0.41770635451968762819 -0.49700534162890253054 -0.76059653679615246702 0.24327774158355669476 -0.86773827466440311973 0.43341230616161324773
-6.6700771744673694741 -1.9164519668821853315 5.6702792836642341712 -0.99723341773670803878 0.0054143856546240709537 0.074136326973756647152 -0.0013580152693720357049 -0.99850429507010607377 0.054656459097091984745 0.074321372052107176343 0.054404569242755176917 0.99574920361596075402
-3.5779838508605275038 3.3791317303618289003 0.49756303960615355653 -0.96922774585098392386 -0.0037052045267277479261 -0.24613786407653098776 0.087383585326921420222 -0.93994710626320909785 -0.32994476271460243533 -0.23013406025215693562 -0.34130002766893485777 0.91134658907854826371
2.2401387444411695604 -1.8550399048338583885 0.58965543319439273073 0.74361371355450422982 0.00021623651590150930538 -0.66860945121602555208 -0.087139149401949028695 0.99150210479071709813 -0.096593710131769303096 0.66290679107639383094 0.13009046635809831671 0.73731340480666740511
-3.5706319505881007892 5.5462924974949512347 4.5623964927714171225 0.94271631242571607423 0.0044738646052650422186 0.33356549405154034549 -0.17017985536058860552 0.86646459114174900762 0.46933775591458504195 -0.28692293584827877062 -0.49921848606895308231 0.81759166584009568268
6.8001896185827552799 4.4094012510458169274 4.9827275407310391842 0.96227645701474162632 0.0013917083635038487305 -0.27206999728592184962 0.034748055874366183537 -0.99242649298795326818 0.11782286971825070565 -0.26984549818046577041 -0.12283207709520212181 -0.95503700867990648504
3.3369885030643113843 -2.2353788647387431432 -1.8117166409348131051 -0.86993233327112196029 -0.0012296094396642429439 0.49316956879959328308 -0.48183501086965413451 -0.21105592083155985672 -0.85046482618746921389 0.10513209704751397267 -0.97747321515357243893 0.18301190078196660771
-4.4587312186305965156 6.9426841970700783335 1.1822956901855288248 0.86787097878700791842 0.0089951836490026852722 0.49670821500206707722 0.11282710338201511202 -0.97727778578084389949 -0.17943849687743473886 0.48380782230326146998 0.21177161304185690427 -0.84916592900789655829
3.5234693672490116079 -6.0731707431959174315 1.6649422189690448182 0.18456440358037889959 -0.0026362143982609324844 -0.98281688594803084946 0.87882655961819244883 -0.44724669820601037351 0.16623558299400623128 -0.43999983981879631223 -0.89440675384160306383 -0.080229044877683355907
4.9068937083298722612 4.116449432351606319 4.8182549126632290282 -0.85935397455579831671 -0.0043503071902400245602 0.51136271006245248572 -0.5057517512987352859 -0.14073595119596948866 -0.85112194079296765725 0.075669759305558637053 -0.99003760881501357005 0.11874182354307118159
-0.64137987517863170872 -3.3270292309818469967 -2.1043225210952720694 0.90414234728460940449 -0.00045948408210242860927 -0.42723109053680191627 -0.33792300300226235654 0.61109806272493483181 -0.71579829685168971931 0.26140898968632403365 0.79155476538784574903 0.5523643666123093654
-3.6491786504994716545 -7.3106989364607883886 3.7240503080596454311 0.9863470319449363366 -0.002216680373832853948 -0.16466517209671588384 -0.061202886001173975594 0.92335568861754413472 -0.37903625030165138954 0.15288472558965862658 0.38393926424079805049 0.9106134756612124237
0.96810301453929281656 4.1784653949115657667 -6.9673357568131191186 -0.74278754332352936451 -0.010213322017512878673 -0.66944929123636720547 0.63669150262061435797 -0.32006261150330583831 -0.70155816238460644296 -0.20710044899570620447 -0.947341339101760882 0.24424125625029327602
-1.8236012127435929919 -3.7059347636350352673 -3.9350649893001783397 0.88907973836441234194 -0.0090414774810769170388 -0.45766305347375502155 -0.43842377905796714455 0.27064306791676340236 -0.8570512935321392689 0.1316123428349213198 0.96263730525757496004 0.23665926928806921281
5.1458858634777886465 1.9617597341345236472 -1.4003215418051948582 -0.99974777641564427366 -0.0048440926842995574858 -0.021929849927616811012 0.0081542970097157694426 0.83153075270152077003 -0.5554188642383489638 0.020925845073930641332 -0.55545759701129293617 -0.83128152086412332444
6.2267147739014614416 -6.9515044478202758782 5.1757467299351382906 0.9740234008890358286 -0.0040889872503919386104 0.22641045625985944945 0.170220112784038341 -0.64617867525890071434 -0.74396117697384611667 0.1493436564581872017 0.76317520912556524593 -0.62869712298671820427
0.55732608761456203794 -7.0972340143254788458 -6.1783223624102161509 0.65600494878361181872 0.0054642107438680059817 0.75473680814726495925 -0.47285212745461902006 -0.77642865049016440704 0.41661662984055297665 0.5882757624899298543 -0.63018147632168552974 -0.50675727342386511776
4.2670161945450395535 4.7366804985513493165 -5.110251684616096135 -0.98623893566424825075 -0.012458770364983242501 -0.16485612157520695975 0.13991166175587910203 -0.59412612329576952597 -0.79211039415119954832 -0.088076606908597615542 -0.80427540597634017416 0.58769344275474610928
-4.6975514826634077181 -6.7319654335940262158 5.6506098375172957304 -0.67570597483652761195 -0.006105537031678106609 0.73714595433192486862 -0.48834861534913476255 0.75277645441068741228 -0.44141051139658854519 -0.55221106966172761599 -0.65824792601453929741 -0.51163717851689916039
-6.9160030165751349429 -3.4923870812270116915 -6.9305013335728693491 -0.75759076726876317665 0.0052357768595471549516 0.65270882941012520195 -0.65272943938822725052 -0.0049846682015354942807 -0.75757470393268355746 -0.0007129551574169823696 -0.99997386952031575014 0.0071938843017183996126
-4.3073953859732840854 -6.8155258155941655929 -0.2791243893459343095 0.99648388283904465457 0.0029791781486050274499 0.083731688980613963591 -0.029285829429779607069 -0.92394516432895823499 0.38140224633288871692 0.078499754372805319313 -0.38251334331070729888 -0.9206092171778500477
1.7970671260071491293 6.1454571568894618139 -6.5624016750977824941 0.59519359408557648283 -0.0026494257454853782467 0.80357797761188665131 -0.24711978083112196014 -0.95213905717825786379 0.17989727545886488591 0.76464135349949569065 -0.30565371965474913418 -0.56736179302082034859
-1.3394463844390274154 -1.2051698509034347584 7.5039329678427213466 -0.81469902769284452404 0.00069741373363320022238 0.57988361581481995266 0.068506024962653039312 -0.99288077978669775359 0.097440657191944557436 0.57582325310823623266 0.11911033013242897094 0.80885122886444693613
-4.3052918696063473547 -2.7915806541142420549 -4.31653475876130166 0.94971730684514132914 0.0014982296208958961227 -0.3131050820201867757 0.13063301708487842778 0.90690232464918696387 0.40057856706661065793 0.28455588541823551019 -0.42133825942337077564 0.86110511508173592787
3.6640406207997990862 4.777216541940287442 0.66628075672122921702 -0.99593012855732654387 0.0097788040324777621148 -0.08959661837150231789 0.055992002718965698527 0.84612001137721326582 -0.53004322651897739505 0.070626302914916005982 -0.53290271282740109271 -0.84322394652776333501
4.8651836679882221048 -6.8819231109384793044 0.26689444417202967674 -0.99072832113369391216 0.0087941212514801997413 -0.13557306935765456313 -0.11735695213685638782 0.44734580099264736885 0.88662792653928079734 0.068445156795799919069 0.89431783934214326148 -0.44216610311683585133
1.6322400016108336018 0.69750541558559986388 1.863586273698550011 -0.92497148215903268742 0.0077462055702209164226 0.37995756801491470389 0.030342850321692226012 0.9981057495468357299 0.053518446874164550542 -0.37882326832816493045 0.061032032742898367772 -0.9234543964659953641
-5.0671477383141336759 2.5321184821457731751 4.1971269167325822025 -0.74948507197823599491 0.0092913633623485699514 0.66195603890937126934 -0.34781482123764173586 0.84525548863657906651 -0.40566982763959857916 -0.56329120089802586779 -0.53428160130826840568 -0.63027469685389869714
-5.3322031784548755695 1.7710659790300418148 3.4586894925836761949 -0.68282352704842519397 0.014812508296443614719 0.73043317319733436221 0.20473865089204892898 -0.95585296473660530392 0.21077759519274813504 0.70130885902005823951 0.2934718034195400449 0.6496461997561403523
-2.6510314769608607222 -0.069626659196951101727 6.6494784543014961997 -0.93911932912968809628 0.0032853076156139932734 -0.34357545373412745615 0.024802196654706665929 0.99799384203676888561 -0.05825068495543862801 0.34269481568283688411 -0.063225770145947657319 -0.93731679025481229317
-5.2227763608884583135 5.6530392597680396705 6.1870082983508147834 -0.99940230312846234373 -0.012695130919931092023 -0.032153851287902421308 0.031374446799546172604 0.057440397759058979543 -0.99785582365062397425 0.014514840327900272246 -0.99826821764304640716 -0.057007763103405308114
-2.0463169123702447116 -0.73973147621257784312 5.2624815214894287152 -0.90630714548117452534 0.014996578289548445975 -0.42235347836784031816 0.41174830924104266483 0.25654761694309802245 -0.87444076419052463311 0.095240159003131721893 -0.96641524350584828706 -0.23868575414681572622
2.7616670051168648037 -1.1820672706664758778 -1.340099076204053663 -0.48402198260276313446 0.001815699980319135376 0.87505395467402502518 -0.48745262118452908906 0.82991558706924106747 -0.27134859579516118488 -0.72671360415071672989 -0.55788602919695451376 -0.40081232013144202364
-6.2862834985836339996 -1.7155330975354932121 -1.1389622273091117854 -0.94521586989591299677 0.0029889859494459632486 0.32643226749172588042 -0.08165829743397846896 -0.97033309000228895602 -0.22756453349966324073 0.31606784359849954269 -0.24175351168015293823 0.91741831125896255994
2.3731648004627627913 -2.8756558301699892688 -3.3333287722471456327 -0.88220674265405840675 -0.0011249539311235165484 0.47086091119804224236 -0.10869632256246909707 0.97347425271240139999 -0.20132806254321913841 -0.45814448886461939248 -0.22879382374675982792 -0.85892782789843202806
-3.5499130586873128834 2.4516694114703327934 7.0668571222101874696 0.99927652911993813944 -0.014827180150077272358 -0.035022465342752294448 -0.036974166934983454524 -0.16308654463386149103 -0.98591870351396704297 0.0089067013730549302042 0.9865003465220840706 -0.1635167789019754403
7.2455548224267447566 -6.26279687164412735 5.8478836178536770518 -0.7605867826258373432 -5.1423683181876615744e-05 0.64923627705991415748 -0.47824240266649153952 -0.6762591732639484654 -0.56031931509473720254 0.43908080166036761449 -0.73666378215028271992 0.51432919582815450621
-3.7189425665022519674 6.3755117906268328198 5.6221898910318186537 0.91400805497349457696 0.010146072340259885275 0.40556914658245224459 -0.18355553631291879335 -0.88117066400740007293 0.43571277922697576601 0.36179640757267939044 -0.47268945208126289526 -0.80353471695932565666
-0.63480581742628749975 1.1376051738476515851 -0.42286259491268807231 0.9940565261778263606 -0.0063753753722266583159 0.10867832052446677049 -0.10845554336399614026 0.02852242093269720391 0.99369203811725859143 -0.0094349285516210877611 -0.99957282180583195696 0.0276614538704066798
-4.4337898895371870012 4.0704857973228554258 6.9388096006288506601 0.92305128050006590712 0.0085834480708695849727 -0.38458114616600969082 -0.38465230130168825973 0.031905891616947304468 -0.92250995722723083681 0.0043520880547503679181 0.99945402020267859466 0.032752417166087496869
-2.8874156948836118275 1.0539739257826430396 4.1556781386868433259 -0.99531732755081547825 4.3463983058705769284e-05 0.09666134484844439434 0.092371009526610967089 -0.29419167335108220573 0.95127223018959150558 0.028478308869453801411 0.9557464399315117598 0.29281005529555992339
0.32935976008098544199 -4.3626155863698521387 -2.2837088688782967161 0.95584854309184019705 -0.0015405197077986614376 -0.29385572900375295236 -0.1151350822123925477 0.9180732858900969573 -0.37932223053635094612 0.27036544807581786021 0.39640770493787191864 0.87736164490631418644
5.0232161604863918569 1.4876095648170930552 -5.5899150760154130424 0.99957438462490066922 0.01015291494697852584 -0.027349002174581749092 -0.0016424667154379393383 -0.91641129680971034066 -0.40023447800339023717 -0.029126481163337946539 0.40010905188158885082 -0.91600458224690084474
-3.4706232827378120653 4.9811072655218620042 7.2081969612885501419 -0.92862728217674006537 -0.0014909423016514896862 -0.3710109808187382896 -0.033247648176976549173 -0.99563421352265069064 0.087218729375170889195 -0.36952126418875991254 0.093328934174687322445 0.92452352342063048862
-4.8102682932724780684 1.5125634451639053957 6.333611769722931939 0.9643545641551144465 0.0016860658892067477768 -0.26460807201424546564 -0.22430760263287116696 -0.5252879165922417215 -0.82082806000009156389 -0.14037939305467969642 0.85092288831847850972 -0.50618560246366961497
1.8176598246919493107 -0.64893178821692043545 1.608062333174014924 0.75144112124990303236 -0.0007521893555828000795 -0.65979972378439655234 -0.39402611725700886769 0.80158762523037196956 -0.44966731924483960281 0.52922552868704331175 0.59787683789275580803 0.60204952163190617043
-0.56174007896312927457 3.8643798405949492114 0.1097404623282922792 -0.81141103757011590059 -0.0025132133623347635738 -0.58447053977776808331 -0.27192912669218877175 0.88679289557706741931 0.37370163287114738226 0.51736513041168019633 0.46216019312862921531 -0.72023695942471788189
-3.7038860783686140543 4.8098837979010360399 -1.8744710115346023827 0.90732062292629234168 -0.010697306826952432054 0.42030328911313402651 -0.40767224525842266081 0.22209821709871754858 0.8857063409547626387 -0.10282328364052084613 -0.97496561456696406722 0.1971532975965531731
-1.7114149540392171733 -3.5824000658143555498 5.5910852257617182914 0.92633643948754162967 -0.0096213965029789873945 -0.37657433476900648017 0.36850030625176916077 -0.18426354542048550833 0.91118300583437816798 -0.07815577502480142158 -0.98282977903518053964 -0.16714454903427303223
-2.0277205831974387529 4.380917589432927528 -2.5804319262200530183 -0.96994224067648004972 -0.013899010034836359329 -0.2429379905891539404 -0.043048402101460998825 0.99242134519352120936 0.11509434686766278899 0.23949714993699788845 0.12209296099460700824 -0.96318971342487280651
-6.8325325161589072209 7.1294370561819286891 0.39026463306914788154 0.85672245287958903592 -0.0030870948905148210342 0.51576846411652765845 0.16178043656112336968 0.95112571660430245135 -0.26303414523618801057 -0.489748638668915659 0.30878850538705271411 0.81535018848521823021
3.4119856205459031528 5.7808505804535954553 -7.2875165443969098789 -0.99719696305461491548 -0.00098831854890529336269 0.07481470511227351905 -0.017314266347156583026 0.97581992820663276955 -0.21788915506663356081 -0.072790336277906972362 -0.21857376544595996659 -0.97310178090649634974
-0.29012406510292965134 6.4830027851746674372 1.8351703446532865449 0.77371961282950152405 -0.011908908588323241853 0.63341624436001042753 0.6309240350499730754 -0.076076650273956020198 -0.77210569566563702626 0.057383122250276044629 0.99703085267164859307 -0.051348379735799198897
2.1026850810807538039 -4.4620559639945804875 6.2055358499909374359 0.88557011857088363538 0.0034832097986697563297 -0.46449266123796262296 -0.33775221522499793148 -0.68166065072229264921 -0.64904714649058981024 -0.31888713709562221954 0.73166018376454478034 -0.60248184145967864644
-1.8775170851132974015 0.26557979723141789119 4.7917621831199435078 -0.99884792836278413208 -0.004456448785993568848 -0.04778028955167433478 -0.046681677996852757873 0.32094364149578424872 0.94594714435980975509 0.011119215117392866263 0.94708780957603300177 -0.32078192593653098719
-2.1131324185189588327 -1.4287153825181035938 1.3610692279596479093 0.92065577852475943832 0.001829781876744493354 -0.39037109186938040439 0.10438602769003275939 -0.96472919510885257743 0.24166327260851486192 -0.37616019817632578848 -0.26323797598944459475 -0.88837451185008975418
-5.0528705753246914156 -5.3409679717050302372 3.2392289007529941891 0.93405837564013927121 0.0053075518710267652334 0.35708091630575033992 0.28411619679831101593 -0.61683180481645483173 -0.73402759572349252082 0.21636297653138814034 0.78707709562655203683 -0.57766487510204644895
1.2101581510401955288 -5.7493164430927237163 0.53043601611412338759 -0.89564152807400732037 0.013267022153173137211 0.44457872116482455294 -0.045995896289876818386 0.99143311262834310504 -0.1222487656728512978 -0.44239194241515467088 -0.12993986804377141708 -0.88735843940250835882
6.9751322031052680472 -0.84369991137636135559 1.8424326602150931098 -0.49202640066422170806 0.0095096947789624717423 0.87052833770907400712 -0.83172190222044350971 -0.30054519622218689445 -0.46680966399009887757 0.25719389264939640505 -0.95372016374453816301 0.15578559256519378118
-6.9354235625855169545 -3.3636760982615818705 -2.4936786818862866077 -0.99878800322691851932 -0.0048244864502483709306 -0.048982128785381967573 -0.028271811604385320427 -0.75839270211832887636 0.65118447005610680112 -0.040289319657462331625 0.65178005009684103488 0.7573371356386291442
-2.4903354061212668036 -1.0657775231435804297 -1.2672598209288994386 0.7031331835892127291 0.0016885033251874679346 -0.71105616873225674368 0.0036975955813588019458 -0.99999234239464696028 0.0012817718171280417881 -0.71104855946871692307 -0.0035304544459518766991 -0.70313404267521095736
0.93123787015577763615 3.4675206872077932729 4.8521662683679496197 0.82041760835730792589 -0.0049907754405280986207 -0.5717429842665409101 -0.27155925896644422801 -0.88338085619910111657 -0.38196051074756520727 -0.50316052783085796207 0.46862922984110400026 -0.72609650059171426673
2.6781246476939188916 1.381359783507692951 3.9088895453350649412 -0.89137627523740858848 -0.010536900714809255275 0.45314160001830799951 0.39877402203382605883 0.45701663713676499157 0.79505664749820081916 -0.21547068314447248571 0.88939573143987582515 -0.40317194545472573308
-2.7463108859260616512 6.7875339107337566702 1.6053332429143030158 -0.15870374657985414357 0.0018126220545672947545 -0.98732458453271820797 -0.13916933418608543049 0.9899731562363623949 0.024187731466395676061 0.9774686783952752922 0.14124398865991380503 -0.15686018750373334485
6.7426143821004842493 3.9671734529519380175 -1.8018466894915894372 0.9981822179493521352 0.0065850752825285727154 -0.059907399819918792649 -0.028512189225870360892 -0.82414337038032980942 -0.56566311539979274858 -0.053097220597812778975 0.56634295426162972742 -0.82245750244201121237
0.039386009420534988379 -5.4436708203187444965 3.9454095963699358229 -0.85618272785740723307 0.00015825130015206887585 -0.51667311859172060373 0.083815981003433834284 0.98679670840450772751 -0.13858981784590698738 0.50982940072845894797 -0.1619636725894383622 -0.8448915616302988818
-1.5001964945494581372 4.4810827109161985859 6.4031236320363378312 -0.99214185445774805139 -0.0066903941295878895795 -0.12493910220355143592 -0.079557461997668499354 -0.73696725087934433773 0.67123012549489313727 -0.096566820769549366332 0.67589533935204604287 0.7306437841853965498
4.8981080320784107229 -5.8916108140738190357 4.1107986769208126887 0.97738742253548760441 -0.00065568889443562124522 -0.21145542400591527121 -0.1550541051467850262 -0.68215947518887320999 -0.71457447119744255115 -0.14377778252066630849 0.73120313216102306164 -0.66683575846785847485
0.97638416445792786114 6.4775753441255270459 -4.0495725172642744738 0.99428582669086407186 0.0020058868930999127281 -0.10673177249295995317 0.091858535187029230484 0.49328971614274341739 0.86500130951397413703 0.054384780545683839015 -0.86986276639800275134 0.49028671538137807984
0.98540830880345287035 -0.044343870976643731674 -5.3050215514156491281 0.94768034804340561816 -0.0048941069727393470348 -0.31918334174794371627 0.018199311882973995269 0.99908450895186884377 0.038716004695495277732 0.31870165198730937561 -0.042499313989024754823 0.94690182454731430806
-5.9389468278211046126 6.2480417844354851908 -6.8635466141751431124 0.99958824515891386842 -0.00019735165689916544943 0.028693225548272815323 -0.020284416417315469933 0.70241244759088394822 0.71148105801923711144 -0.020294890752270294126 -0.71177012758462943065 0.70211922270195037399
-2.8325153375968024072 -0.44395256321015935663 -0.053152095915905681056 0.97727497469630530968 -0.0022696743574746915117 -0.21196337516288268898 0.03434345602082479465 0.98842686638837784496 0.14775945597623454941 0.20917492885305236094 -0.15168117345325110579 0.96604278930034592765
0.74187775071529449278 7.3708549561970286845 1.407172686834761377 0.99997523395622234244 -0.00056258429305591078906 -0.0070153384029623278711 0.00030392859600379164287 -0.99241804602192895679 0.12290780917987814691 -0.0070312944330220786965 -0.12290689740163267263 -0.99239329676767329413
-3.6336367183567106487 1.5110972589785853781 3.041464976938260012 -0.72332447844152425454 -0.00051019860266855992376 0.69050810175173360506 -0.573497217904465173 0.55739739298271284706 -0.60034080933404532221 -0.38458112270784489128 -0.83024567809383986727 -0.40347177604305684007
-5.0539910625277464362 -6.1353352420729931893 -6.2584453232756036556 -0.9826013750133575364 -0.0013800132934194148798 0.18572192489099564883 -0.14040401447912795319 0.66010797017632183437 -0.73793236846476595314 -0.12157816637885390798 -0.75116946375173720973 -0.64881675855885556636
-0.78381370958561591422 -5.467943130874844293 -1.3327749176537220244 -0.99960058251708139299 0.0068809628557476541777 0.02741035902041892916 0.019709928199592722381 0.86482938865712488674 0.50167882877905711769 -0.020253250648150238761 0.50201870569230377939 -0.86461958396347615707
4.5543297010233327882 -6.2229710130426409975 6.1605164682566728729 -0.99763105321913125856 -0.0026223657513977467401 0.068741580217169931388 0.061348693410836777073 -0.48600612759261641038 0.87179950777639125814 0.031122652034604139648 0.87395146726828598638 0.48501568365361485968
-6.1349535042513556604 -2.8026160775207284992 -4.6569917018489048743 0.58685891330875217253 0.012228578945236157072 -0.80959686123832785842 0.054829394829616170948 -0.99819099179560522028 0.024667414953924927251 -0.80783064644302671198 -0.058865998291676879806 -0.58646776630299546351
-4.3141284913285522506 -5.5997973282521860128 -0.7218196684306315003 0.95432602543639377668 -0.0008481353265264058184 0.29876599177470603008 -0.28997903632697985543 -0.24338612984638952064 0.92556758277778516941 0.071930491903770960027 -0.96992910692727085653 -0.23251565940735993698
6.0777271254932694333 5.7218060539395647623 -4.212199497861661257 0.86846536604315582863 0.001229684784551819763 0.49574831906795091552 0.49542375133842092572 -0.038417260248750029206 -0.86780148693392133996 0.017978169907071621381 0.99926102795535620693 -0.03397327503320025921
-2.7768240786285720567 -6.3050318120066695116 3.719598142597136281 -0.68010871382327864332 -0.013023802128615735371 0.73299557840389639729 -0.50066936363232550367 0.73861269241166060961 -0.45142161991695539669 -0.53552061183635835118 -0.67400420709852670864 -0.50885754697343132946
7.0163828871994162739 -4.6232081601908747714 5.2961121567070161831 0.99599362547100356302 -0.0015833943771801977859 -0.089410239253435483398 0.050600098355779464521 -0.81440470360679917405 0.57808702527343769351 -0.073731459143976982307 -0.58029515904010364746 -0.81106177343480834185
-4.0451253572366807632 4.5058650191450260181 3.6784951986237479638 0.23685968474199614597 -0.0061929996305322958933 0.97152413068307008626 -0.43868873494319277073 0.89155213946770428546 0.11263647919058843161 -0.86686197492904482065 -0.45287573280770365702 0.20845595951193052198
-3.6311455066873579156 6.1024091143741978627 -5.7861570777039270652 0.99868171857991749896 0.01118214923315570368 0.050097749578125641556 0.034771087556413879383 -0.86532499657861539077 -0.50000362175328838532 0.037759719866622840079 0.5010864295057499973 -0.86457307020342655246
5.2952255739427176451 -1.4416024865306422686 7.1716845713596999445 0.91132424355482399836 -0.0024729921878092822607 0.41168192505715928142 -0.15726507372847850497 0.92205474304892098836 0.35367039373724068474 -0.38046789574724709793 -0.38705159233722202794 0.83990192592644585812
-1.0509102272144044132 -6.4850696445078499508 -4.6772857360552260175 -0.9990218320138363195 0.0050660830217659387487 0.043928509678288582552 0.029391498497793377975 0.81829171299604241963 0.5740512279040660415 -0.033038144254681142686 0.57478083409678937254 -0.81764018601056387414
-3.2586821105368719564 0.39828852791260005439 2.2855044307073679732 -0.82892674608158012362 0.0073678660387790874051 0.559308648404891251 0.49595227632482657976 0.47208801154158680502 0.72881015975827689868 -0.2586731320387598565 0.88152063158414972754 -0.39498048920494022163
-3.5897977649473400419 -4.6522542473804513463 0.14679060145402958448 0.430207089990645275 -0.0032679456867905345638 0.90272431021472843149 0.80186591782328930922 0.46070688145965793536 -0.38047367741940141261 -0.41464793446372621988 0.88754633113246417242 0.20081982107893883716
-6.8948578176740884516 0.34715115297736348632 -2.2217785009876558355 0.90082740801414462606 -0.0016424927144567114112 -0.43417425440514506585 0.32537779888361600955 -0.65954515997613449851 0.67759093112709101181 -0.28747046624697614181 -0.75166314541129441995 -0.59360192626548824446
-7.0034519232036958059 -4.3311250450930742772 -5.9460536004807238442 0.87905002722431890838 -0.0085356420627247728272 0.47665311543239030634 -0.41754447606455175057 0.46871755653009877784 0.77843462327184353988 -0.23006012289146404726 -0.88330685212734116885 0.40846217063538248215
6.8981973923934276627 6.0029761457450092621 4.2685128725657346394 -0.96126618704502475588 -0.0090987825876933121211 -0.2754714682129505432 -0.2037022156318258892 0.69672034761185530627 0.68781259407649530946 0.18566831983591383648 0.71728513812779803871 -0.67158715415819758565
4.9289768291145517054 -4.2900899873640492288 6.8528818318938498066 0.75320586826963975557 0.0076980191475889449271 -0.65773981216385435378 0.19424470423553541476 0.95273575908608654217 0.23358845912207021334 0.62845040765408988204 -0.30370267344843548951 0.7161108652014820386
-7.3404680221809410767 5.554038161212133673 -6.08450404194569483 0.96371191551656709695 0.001373954266372734781 0.26694092256730300727 -0.25588143565165116788 -0.28014296952122647033 0.92522678707271399645 0.076052842026230416117 -0.95995730575779292248 -0.26962554838553731695
4.0659811638105347598 -4.0804212230796723659 -5.9824949452779279113 0.80941424087415769772 -0.00098702866096154334707 -0.58723727099427147635 -0.48951438596212959453 0.55125247408689725948 -0.67564515520293177975 0.3243828796444255258 0.83433790252361494932 0.44570843811412458324
-1.2211842412135134328 6.7929283892539888967 -1.8405166721625982884 0.96008503751444140839 0.0036475025926183540781 0.27968449450332033557 0.02456517556818188161 0.99495173368850919893 -0.09730159186466831589 -0.27862748050055347049 0.10028830118673598415 0.95514867102199185744
-2.9992349744424062763 5.1253296631128177907 -5.651501241641248896 0.93036904831305111685 -0.0057332579535187269335 -0.36657954620290489345 -0.16501716841852315243 -0.89941812187851521987 -0.40474235775809308535 -0.32738779462308764678 0.43705168091398938213 -0.83773686808090830347
-1.7640874905829611041 -3.3041649365031031671 -6.0800931243962281769 0.59618116001011045579 -0.0016712873450384687496 -0.80284819937985285598 0.35202949480845108221 0.89928569561537496924 0.25953896132665732477 0.72155613727127809742 -0.43735848506717794892 0.53672553163227443296
-6.1121095747678193533 2.2933610043156020808 -1.241743133235219565 -0.99526482596874932263 0.0033321265686877574001 -0.097143312286346567008 0.095973432315512224866 0.19198574625198897015 -0.97669369483252577169 0.015395664292717176763 -0.98139205731879597394 -0.19139645595563209435
1.2695751272143280808 -2.0116263465157229184 -0.31529777199691061407 0.67578178214630935106 -0.012367534030596637543 -0.73699798305099595286 -0.03478169717365035829 0.99821041532305632149 -0.048643604742153775944 0.73628066419057391911 0.058506502566738831372 0.6741422496006573839
-1.6187142166150116918 5.9550946050703483792 2.0299017660682743269 -0.73363522887224985602 0.015256031288404702656 -0.67937221349350018773 0.67492506498601689824 0.13271869857416621064 -0.72585253578280606312 0.079091767025629533538 -0.99103632655823969966 -0.10766379071275711254
-5.2233563061394550076 5.1325067146896117265 -6.1811300719432420436 -0.97496630169302656022 -0.010411546381188144239 -0.22210878025141231329 -0.087057006821184793055 0.93703153572543806948 0.33822031077295677814 0.20460153500447625374 0.34908953114924279326 -0.91448056902043373118
2.9047541422765834618 1.1838581407715309535 -7.2417191316850937355 -0.97145963583754946225 0.0084965458271302907872 0.23705270436628969599 -0.16394238328756705059 0.69820503527945076971 -0.69687346317130605122 -0.17143240913074075937 -0.71584742607592055652 -0.67688506533985115521
-4.4881223514178696377 -1.9639464582343677534 1.9282957807675094042 0.9531094472598614642 -0.0077664621505941352705 -0.30252613706863673571 -0.22405119574341711419 -0.69010156095287089606 -0.6881576107669830078 -0.2034292093824627834 0.72367086277968273311 -0.65948240244442624114
-3.6812276595247221955 3.4527273122624682067 -3.0054262416043595607 0.96203692567686649451 0.0088970442401982499647 0.27277425875233363151 0.23230375264982711103 0.49789850324646672819 -0.83554296536421235331 -0.14324775788437704716 0.86718966960441767888 0.47692992859782495918
-6.4745414183400766817 5.0972109472067748115 -3.0416144830268927457 0.8538994205891223821 0.0058114049949105489601 0.52040561784983685456 -0.51951851854875197301 0.068933414121967184762 0.85167405343971180898 -0.030923913118398899114 -0.99760433639273426998 0.061881334891548740729
-2.051284822762085458 -5.0764298713855238177 -5.6446621251034416744 0.98606324852683457927 0.00086103876916437428746 -0.16636865244666024233 0.13456294747594263472 0.58393030542263713034 0.80057367654429334447 0.097837023009038501242 -0.81180333641920632282 0.57567634996370675715
-3.5170291537249829261 5.2382702350594634311 -3.0975976219034624393 0.77917585956428214722 0.0069695001369853648923 0.62676662797258220206 -0.56050233273006655477 0.45534597614613653294 0.69173490371061607807 -0.2805746155239042805 -0.89028729524541838636 0.35870101344763444251
0.79145154971823306056 -6.2378319210459904909 7.4167205687012183191 0.99957790587155082029 -0.00572189447536605722 -0.028482802129698048949 -0.027754144594313193833 0.1016706135183801929 -0.99443088940592005986 0.0085858925794758400585 0.99480166177502704627 0.10146889266270557595
-1.4239446544588041377 5.7801418756845412972 -2.1543974162283534568 -0.8907561470967573225 0.0046879411525629893082 0.45445737931863949832 -0.12570317658492571877 -0.96347937554517870673 -0.23644492867386615598 0.43675187212634736245 -0.26774150986882744307 0.85881446546222595106
3.1850083497165804225 1.4656859779585540426 0.79955163841299226046 0.98015668425451174528 -0.0080949072671416995306 0.19805894775889465453 0.11102972705586697244 0.85013916857494931101 -0.51471914066270496591 -0.16421106546437264084 0.52649583714494962994 0.83416836396978832902
5.6918458460591221382 -1.8355559580482307958 -0.84043873168785510064 0.95754232127208860348 -0.00086915867354037720099 -0.28829142813490699071 -0.27898240806854335272 0.24928949355605703464 -0.92737455453058570409 0.072674059754042813486 0.96842862048053390822 0.23846276034871516369
-1.0996940926529747973 -3.0448734961099503948 -0.09574095695068945977 0.97738191675215368992 -0.003216443240666081501 -0.21145742668137162967 -0.20643057953825166839 -0.2317407043807235556 -0.9506222497736780408 -0.045945670495947922574 0.97277227572847846382 -0.22716314607931936687
5.5457153373751904013 -0.011671005970954349829 4.3184976118124493993 0.96930627125865687077 0.0062396553021094713215 -0.24577717387999190035 0.070674309225015288782 0.9504119562186728043 0.30285682342029301983 0.23547928680520927025 -0.31093115022197259645 0.92079928611362960034
-2.5481166506184846909 3.9093562306389841865 3.336145807030300503 0.99992863881318494457 0.011520000929936564243 0.003163362120262988228 0.0045982416390170227638 -0.61553379885050307774 0.78809707438008202995 0.01102603533277977943 -0.7880262889341321797 -0.61554284537600745253
7.296996355868991202 -5.9751021164828346244 1.6683724929974965701 0.98475957216818166273 -0.00027534502116849813441 -0.17392098553161924879 0.14685657365479581893 0.53705153033139596541 0.83066768357950049317 0.093175811225527357951 -0.84354939271739115547 0.52890707146768811686
3.4895483889860541282 -5.271068257642934185 4.9213130889889109554 0.81039516702080482968 0.011096240670698850894 0.5857785816436701376 -0.38255453460567517832 -0.74724078226702672634 0.54339970681780802586 0.4437473395099164053 -0.66446074884826566986 -0.60131540136433725419
3.0423646554198358061 0.12111590114949510877 -5.4982601994729982664 0.73206255562443101059 -0.0051504153067160191037 -0.68121794447498329461 0.63109505522270026301 0.38166928481860629141 0.67531295582092565333 0.25652182348882746066 -0.92428460457160610542 0.28265619368002764533
3.6371611667514964772 1.358581327194958055 -2.4586056163907481498 -0.8696176618940995029 0.0064959846552157425592 -0.49368302006971626072 -0.41673870146330305175 0.52653033621272693487 0.74100921704817468427 0.26475267104317096178 0.8501315234897526274 -0.45517295168370508485
-4.6346183137639318517 5.820168275428134308 -4.8875744058760837163 0.93522254490467249255 -4.3652880044582273444e-05 0.3540604321249241071 -0.14244887663584548942 0.91544863643653184848 0.37638027524254680234 -0.32414056988785922009 -0.40243482968168309277 0.85614198519397144427
-4.7850065133923331828 -4.7968746544520710628 6.5369695873799997798 0.91035798587022709327 0.0049174100676477611876 0.41379240766423142084 -0.012208518421538000487 -0.99917500801916747655 0.038733130882993176136 0.41364149893395024682 -0.040312807248736801102 -0.90954691354078287535
