1125 14.717824617146108679 14.977075390850430381 15.033177056927090831
-6.0380661028267121893 7.4263776350231713863 1.1914017450771607898 0.8263114394717143707 0.0067722809916690891729 -0.56317274544165107919 0.23339299171571670222 -0.91414858863772063824 0.33145145845163381804 -0.51257888799296003057 -0.40532270365958894542 -0.75695203908961961048
-4.234151342739791879 4.7653986274368245191 -3.8558457894444413405 -0.94700392831311797082 0.0017524837281890518013 -0.32121719841921070326 0.21544121130989327129 -0.73825919733831113501 -0.63918576487176592682 -0.23826171372845972307 -0.67451485257646170979 0.69875680277549268027
0.78669113559652237289 -6.5317480667521365945 6.8069085881006463623 0.90986521425124411433 -0.003132307560059870849 0.41489213121576612453 -0.081464275317434761692 0.97915825782994336812 0.18604482785173562243 -0.40682780600936124804 -0.2030746039580952067 0.89064686688096805778
-1.3304346356116785177 2.3557645364444548264 5.0889154942125642833 -0.085267839886236151958 -0.0034785952040018077586 0.99635199345240088586 -0.76115511835667515328 -0.64505909137806227704 -0.067391797942376943653 0.64294034037417557848 -0.76412477253783361864 0.052355044776563330888
-7.3009417384151360508 0.26427575206857606416 0.69343442592316917317 0.9115302085896617168 0.0032575879242505117843 0.41122021709722900162 -0.06968304691930492234 -0.98428449286269037444 0.16226000764868228621 0.40528625908188137261 -0.17655997629995015541 -0.89697805043848422013
2.3414496291363908753 6.0897010156952173787 -4.2749099627452968875 0.85563148631734886607 -0.011725206887442017611 -0.51745268300190816468 -0.48482960737435942811 -0.36816211651386698822 -0.79334538996409942335 -0.18120433613920744476 0.92968767631260396112 -0.32069582641012206459
-3.3032672101183657709 -3.7308025022706838847 -0.049686677440650063586 0.71760099730286441844 0.00033273323783383941532 -0.69645437607824933757 -0.69033547875701806174 0.13260696703773294791 -0.71123295695745081257 0.092118051647302828799 0.99116864436973828312 0.095388589354637384754
-0.43511389690479768122 -3.8396867797096341235 -5.5757380022313487444 -0.98339191902098932463 0.0089859488109196167249 -0.18127213334733524586 -0.074850709421681566047 -0.92995967418222436063 0.35996163086365839945 -0.16534117727713776302 0.36755170672828568756 0.91518743324939966222
-4.5658939321414884205 6.720018740654902345 -1.3230956590597096056 0.99994496191239023997 0.0079926141885987029428 0.0067964155612292437292 0.0059490700322138104911 0.10163836372423823429 -0.99480362463415805685 -0.0086418581219330076193 0.99478930489719830099 0.10158522112151292804
-6.1188390430856189894 3.2868324169461882178 -1.0536921766821791824 -0.99051420150573110668 -0.00076986787714017172746 -0.1374082381768113037 0.12521176576096768041 -0.41695973019234749968 -0.90025918329832133047 -0.056600621290137383135 -0.90892463422520186622 0.41310093072784526136
-4.5633763612886744099 -7.2095311305487808085 -4.9117554560867056068 -0.90350190482889403132 0.0053785907302406977051 0.42855032228706319009 0.23869299371294067091 -0.82417654108347615516 0.51357441902815814672 0.35596342891224502791 0.56630742524665123039 0.74336124286083360424
-6.8204465702773173774 7.3206404884582214621 -0.4557140573853695753 0.69386786237892339457 -0.012469985511475096054 -0.71999436735225230688 0.71063869417352798497 0.17342398902227670887 0.68184805226299960434 0.11636165992701091865 -0.98476830751845312317 0.12919498676836135842
1.0637170243491564925 4.074050789768417502 0.45738829863411761822 0.93772815248554708401 0.0064461182751244152506 -0.34731017778814404773 0.11413502547287211752 0.93859977602093336291 0.32558202716666667653 0.32808399533708176854 -0.34494768880632958874 0.87941570601789320616
-5.1969434457284311435 4.3735160192017454861 -7.0484873900799209778 0.84826240892193938148 -0.0011037525854362183284 0.52957498745722575428 -0.47617264087091559777 0.43603343571822283931 0.76363241092942857335 -0.23175526249925654243 -0.89992978874251505772 0.36934519576929075724
-4.5559368113763927255 -2.539740010065506759 -6.6019149373505223721 0.79822166184897636043 0.0091604204612517007439 -0.60229416836956439774 0.59830189080208728836 -0.12797974707538864458 0.79098421716309852414 -0.069835707325558188385 -0.9917344760748429966 -0.1076369032760103317
0.66421744678598559908 5.6924804690556305431 6.6235111671310473724 0.96508506404009342106 -0.0057655735035412394862 0.26187320849771988929 -0.18933430330333614333 -0.70621880904261924439 0.68220782416137581983 0.18100646607051393278 -0.70797016315410088438 -0.68265284539363879635
-1.5974339113507765031 3.7749930796384528753e-05 -5.9399033010659643139 -0.98965960354797954945 0.010244228435542908351 -0.14306965048193043266 -0.11638206445182719406 0.52566636159444357634 0.8426921688030426516 0.083839633701492138895 0.85062913897413650055 -0.51903851856002236609
-3.0764730529275383653 -3.750657939987171563 5.6646155334328156528 -0.95618822579417284135 0.0017908870431221604776 -0.292747108570162895 -0.18800226458575447497 0.76277623014237538879 0.61873061281999874872 0.2244086124979106367 0.64666004627896533918 -0.72902095935811517258
5.6233328759297185329 -5.03262989103994407 -4.0416737445192616462 -0.92032972796233714075 -0.0051319210164322247303 0.39110977386830825253 0.29782265913048244776 0.63901433611970437365 0.70919837982187905467 -0.25356430256862305672 0.76917770483823943994 -0.58657548776158319193
-4.0211108382056783839 6.7243433374315815243 -2.4143163385005599331 0.99826809759178580794 0.0039437244768452143703 0.058696272178295150201 0.0014141763521687972238 -0.99907084711397997623 0.043074848253351498417 0.058811609700947987955 -0.04291723993978781293 -0.9973461310300553162
4.965175587360961984 -3.423622192280357357 6.8879768911459855474 -0.13905975372298901016 0.0033220314551497560213 0.99027841994135390458 0.88632233993071396494 0.44644433854760978697 0.12296406921755102803 -0.44169570366287519425 0.89480523952745583127 -0.065026830462107679254
3.8179845355467647572 6.9393473141915755775 -4.5475492786528981526 -0.99546044502325969905 0.0016431092590025806865 -0.095161980778748669896 0.012881053616985179908 -0.98832581151259513152 -0.1518096464514818722 -0.094300481713987790999 -0.152346284792186204 0.98381808717795427022
0.58857847295999066173 -2.3705441979467143376 -4.6572972417386653277 0.98616607622725760418 -0.00048240762526523435494 0.16575957704308055818 -0.095728180951127880838 0.81472285459000148844 0.57189403352419043713 -0.13532400182680082157 -0.57985035784384153512 0.80340586071920028211
-5.0774171499107412231 5.7864065808888573983 -4.6233437917882618251 -0.73727393533471574649 -0.011598176966541636629 -0.67549435716903460936 -0.11754242415855606363 -0.98240126097207014499 0.14516039736583424835 -0.66529010423955003972 0.18642222166770644476 0.7229355659181929683
4.9167337639403125849 -3.9652550943936093475 -2.0680147479267012578 -0.98195331561160803524 -0.010988084319943813155 -0.18880399350197893393 0.13094958154094071823 0.68078991318661208343 -0.72067836182141653545 0.13645472895272037217 -0.7323963108225309826 -0.66706502744490270285
0.13621610874795514468 4.7295491681967112285 4.047415167434408545 -0.97892185440729495571 -0.016961857845225070812 0.20352960065327890815 -0.1971990030885368006 0.33782253982541798898 -0.92031977310433821238 -0.053146553458793661939 -0.94105697328285842218 -0.33404672860411349644
-4.8975671941020841871 -6.6586731511808521233 3.3109330636046929719 0.90892092174856797815 0.0077256823545966378519 0.41689695590164416172 -0.3916906957962131286 0.35864665316994759348 0.84731987879240544537 -0.14297257371454960562 -0.9334414239802064639 0.32900752447818354396
2.0856799958035239229 -6.7663445978827105876 -5.6902882993793539868 -0.99866856579981666542 0.0042220782666477964934 0.051412739066447402103 -0.028464826680208915599 -0.87628332944867282084 -0.48095455104651635425 0.043021498408011178693 -0.48177764641525022693 0.87523679658102493395
4.2986429019915712857 3.9632180215754924113 -6.3039770950062035126 -0.3891304987960045314 -0.00084090257940674928427 -0.9211822554683554154 0.91925455452456805716 0.064311769099946930472 -0.38837489664113161725 0.059569445964959048812 -0.99792950113628686726 -0.024252667262265520387
-6.6879199972936991259 6.531672794073275945 -2.0209416336032792749 -0.99054882424018086962 0.0076692047575687028599 0.13694601160571420739 -0.045819942458797224827 0.92257492652196526617 -0.38308750674737646058 -0.1292809331240017956 -0.38574173776146070125 -0.91350410621922395471
2.9259259382748608047 5.9415947846546313116 -1.9525817606453217401 0.96237184665963837471 0.0053143247046788669521 -0.2716839831674734973 0.20564707589522496223 0.63928938815092717363 0.74095773049030355661 0.17762237734184349591 -0.76894787609465786726 0.6141412336888247836
-2.4197718182133525211 -6.8525958096254200314 -0.1205652426610517719 0.95966861949422999079 -0.0010483096476687509685 -0.28113171611381199133 -0.12384126522539798398 -0.89931942459285385549 -0.41938993022890541651 -0.25238756266021433738 0.43729106279105250943 -0.86317845467642928536
5.2607205787381534634 7.3500369134580694208 7.0645597447667265456 0.84370452573273180263 -0.011051222641020756743 -0.53669408766664261634 0.48864626616454609476 -0.39809114287455749093 0.77636864215931866706 -0.22223298544929487308 -0.91727929903769533926 -0.33047116021724187718
5.2153923801581054676 -2.7409964301958074095 -0.99977631672504396754 0.60420007587973567631 0.00019828557104933138694 0.7968326229452956655 0.40968736258120258542 0.85762607259914613866 -0.31085975059417653155 -0.68344607193854223226 0.51427374061007680162 0.51809650304820498157
3.4444745783358303726 -1.148231171841518794 -3.5196146305632205475 0.89707132992875571187 -0.016344279171334512302 -0.44158339366228960277 -0.33691626247650313664 -0.67190164622017001239 -0.65957229314571952372 -0.28592037545229270767 0.74046002076077066523 -0.60825035680734573784
-3.1527330254371572771 5.9895793027341888148 -6.3041881527317933376 -0.82717281823110844208 -0.00090624407231126077183 -0.56194689028507516237 0.5222020209446158745 -0.37063609082815723861 -0.76807157055635755238 -0.20758173836037396853 -0.92877772739078556796 0.30705334227457120599
1.4753841228463577817 -3.7844710523373974453 -3.9947529224359379363 0.98644299670953494719 0.013834607891996822393 -0.16352008398723802407 -0.15644374907690031251 0.38016847911856088693 -0.91159052258086303855 0.049553684196830087572 0.92481378185503115841 0.37717887172189551448
0.10182769352417554709 -7.432238300467749248 -6.4813942676112334951 -0.99934626466079556906 -0.0098283462978835372387 -0.034791477656209830738 0.031696237442741907742 0.22469460858399281644 -0.97391359031758384379 0.017389417483880020149 -0.97437966752305948948 -0.22423619617987580743
-1.8140982894482089449 7.3276433997959822264 -5.6357737984845472923 -0.98194318806301306157 -0.001221020695122026524 -0.18917210292511726921 0.052109418436771540173 -0.96303984207465442857 -0.26427045065066839813 -0.18185759243657628748 -0.26935621709053725326 0.94571403943670584447
-6.6560705195344871399 0.15660382991486659909 -1.0373406285625184076 -0.61509860963496609809 -0.0085359289774922172955 0.78840398168819869618 0.51529384345436357595 0.75248442252620850734 0.41017002420143333641 -0.59676289707332275114 0.6585547295190568029 -0.45845361041753357467
-2.4032327227437866313 -0.65391698183237456643 6.455250226593604701 0.69159226939883788887 0.0004333296563161286529 0.72228799320853487309 -0.10738805592482474072 0.98894723430699715827 0.10223097965426342082 -0.71426041354145386464 -0.14826725863048101361 0.68399479651948147385
-4.9996696068466146556 -5.8068505067626476901 -3.0778712087005635212 0.92402002298626861876 0.0031056325568222242772 0.38233146897276298892 0.0081403379706694589668 0.99958055211754126557 -0.027793069749498248294 -0.38225741591002210251 0.028793660323022465114 0.92360716384567853598
4.0242005383542274188 -1.8085614508495193586 -0.32691946662220611186 -0.84303807767554450603 0.0015292748842557074562 0.53785170903094825512 -0.51716512510217071963 0.27237788713335225887 -0.81138802060342551936 -0.14773974741817511025 -0.96218914352595819039 -0.2288340427334084326
4.133090919542910413 3.5293050479775152084 2.7918565843590350539 0.39978120651536658281 0.0002167081682793144462 -0.91661057159228065405 0.68857661489753896333 -0.66012238658219546394 0.30016775334681738974 -0.60501010928193543759 -0.75115803115626333941 -0.264053744332544027
3.7758001375708163394 -5.1277893644789029892 2.2724773171020076212 0.99628082564277720135 -0.0010780636976810611255 -0.086158889472739030868 0.077990047028761846915 -0.4138453537407004168 0.90700031739333408787 -0.036634260207755404981 -0.91034656091283727708 -0.41222211247480339269
-3.1290458892074988206 -2.3442639815883765664 -4.5744086376823043238 0.92316390238027012938 -0.0031987235983246429735 0.38439325892825809694 -0.16628246446824740401 0.89824656853366735554 0.40682089932532933263 -0.34658123341066304768 -0.43948022741056091967 0.82869691586414451212
2.2041666625710716332 -3.4401725943928149754 0.20153532852416949916 -0.58608849699453369197 0.00071932906501428941354 0.81024672554494969745 -0.80070322540885929818 0.15251861349654416422 -0.57932065158851175912 -0.12399442935288390588 -0.98830033648826887127 -0.088813435845410029779
-0.81760639401654100489 4.6552374958829281226 -1.3988130830601992471 -0.99931900960038710924 -0.0054565814625457207537 -0.036493050983051257552 -0.021706558605438571602 0.88670552365471710932 0.46182479322101011032 0.029838605276093548013 0.4623024335203786972 -0.88622012931116000978
-3.6407110866007221794 -2.0082511114660674956 0.82397267110814575997 0.89343098576296386959 -0.0056194120007259972319 -0.44916533246384199307 -0.44887583025633259748 0.026840893831923378493 -0.89319094007386878875 0.017075206889204240512 0.99962392359680629639 0.021458068007604698402
5.4958896978124585075 0.65577284877897912274 3.4941834091065349099 0.8672025996964999317 -0.002154926051725810851 -0.4979508081862981661 -0.44584714753571430546 0.44198791504831674848 -0.77837459104568962331 0.22176557919116127171 0.89701841633539869392 0.38233230133102225068
3.5979052585345274728 -4.1579407403549879518 7.123556081619949687 -0.95335061173027868531 0.018299322201852298575 -0.30131004948435730073 0.29936744851124885702 0.1854548211105484512 -0.93594104520464027619 0.038752314577819260699 -0.9824823887143417922 -0.18228168855110735147
-2.6922538831613138655 -4.2366476776611907695 -6.2575087272450051756 -0.97258242415749796006 0.015404085598085598061 -0.23204771571167812083 -0.022777987573469441612 -0.9993160227217275926 0.029131598203233754346 -0.23144025471430776375 0.033618460384989681811 0.97226807394833536513
-4.1940833718497341209 -4.6127990010638475482 -4.3950160832621874007 -0.99961193148810045805 0.0018418196508067784418 0.027795577473230307503 -0.026535966509632732957 0.24061942126942414966 -0.97025673746149454502 -0.0084751936908565635859 -0.97061779388611457708 -0.24047716998412632661
-4.6217740669635061224 -1.4684761162178896488 1.9779933956473381151 -0.94467267220017536733 -0.0012298231924310252215 -0.32801224052303584733 0.29308967229891780271 0.44584266537864569724 -0.84576755773674039407 0.14728199614947201646 -0.89511049891227212338 -0.42081493360775951151
-2.8581330198076124738 -1.6263258454008695519 -0.47869846078319611138 -0.93602425858796711733 -0.0016029070606013370859 0.35193183718426712669 -0.34540043619456384238 0.19599696767644483875 -0.91776016874690602432 -0.067506488662465474748 -0.98060319158698683317 -0.18401156115270678182
0.48285216402880137831 -0.86821934435551439968 -1.2707316803784129977 -0.79901350994953956874 0.0044052077992743276721 0.60129693584972476739 -0.16587926720210291465 -0.96278630640556317477 -0.21336962508831322505 0.57798051838322328511 -0.27022790814810282445 0.77000999865415697965
-1.4732043148881068806 -5.6973009420280922299 2.9169515921905944111 0.89940350524841750079 0.011643007705888866812 -0.43696427213031951986 -0.17823288404072984425 -0.90300419423045130696 -0.3909174647526247881 -0.39913202551705612153 0.42947394050592013759 -0.81008997070262867002
7.2178943089016840418 -6.5972269877722657938 -7.2871322393711173149 -0.98013474850171611319 -0.0020955171956035757372 0.19832166696359632141 0.035066181500981598307 -0.98602194670869414139 0.16288365026550780112 0.19520819064392511133 0.16660230915734000612 0.9665078545407205235
-3.477295208077257449 2.500550337863252981 -6.0313685322430403701 0.9595057638161736957 0.0016359593858391017519 0.28168424315254098067 -0.27889995825854080325 0.14588661219165729999 0.94917433049290067526 -0.039541149286509411076 -0.9892999646317280904 0.14043531426590755151
-0.097632954053498879898 1.1210318993413650457 -0.85540961396929415805 0.95561018916831441672 0.0032958763983569061562 -0.2946155181866290107 0.1061686148346979025 -0.93661435073330934209 0.33388887855746751665 -0.27484066580781768563 -0.35034653587422537324 -0.89538813551395235457
-1.3142765248359637997 -2.7434040001645474405 -6.9522807972315128211 0.99981829703060132175 -0.00061407500467813673495 0.01905244957065373862 -0.017474957669785573522 -0.42883379192447573791 0.90321437364449952412 0.0076156928241013881198 -0.9033831976606200298 -0.42876660248581371926
4.5158080964131617208 0.29021396248037595322 5.9937885158361732252 -0.94469780652979318258 -0.0037838423153528249511 -0.32792032092422801481 0.22951055294098351989 -0.72186999219995306998 -0.65286186934904533175 -0.23424551314046324069 -0.69201835011692969246 0.68281742997306038578
1.2689817332275146189 -4.0620437937752766899 5.6832643546026080372 0.91700811531855863645 -0.01388448421107219867 0.39862681487596962615 0.28183708413805835802 -0.68463800866437529713 -0.67218944881393105639 0.28224807252578798522 0.72875099875773297065 -0.62390544745590159614
-5.4708067888732765383 3.991967192250444274 -5.9609083584604984907 -0.99627300762836290549 0.0022386548983198773302 -0.086226925582780111768 0.014867978297698265788 0.98915735713522134898 -0.14610498296298718435 0.084964919187583615168 -0.14684247086418833472 -0.98550405948321195826
0.28818224714655948926 3.9031329024938106187 7.4203718017692610331 -0.82821986970307071019 0.0086093123698857271231 -0.56033715490728175368 -0.55100695092217144566 0.16982235684696855849 0.81703837556776715001 0.10219191486880500885 0.98543708416894804092 -0.13590645930199796165
-7.061224643094714537 -3.18394832086296109 6.9679629363630120054 0.97157781114614172324 -0.0032265871802080237953 0.23669842843535118804 -0.13327587562949808064 0.81891764232039421234 0.55822167287901847121 -0.19563766984862077103 -0.57390198137993031491 0.79521218420277794969
4.0777349933712132568 -2.5019842912774574728 7.405184710739717957 0.99912070136656216945 -0.0014409034817371925603 -0.041901645529026775028 -0.041659017448792634575 -0.14681149806497245658 -0.98828685628263523988 -0.004727617379341833917 0.98916343838266063138 -0.14674243353863611339
-3.3707914468096622507 4.9880764189168624867 -1.1065081902731084273 0.97275113793352752101 0.0015880702380343285959 0.23184628891142911034 0.11316020885684338615 -0.87603515841991086432 -0.46878264509656747405 0.20236104066881882568 0.48224462593705025304 -0.85234390358250167186
0.034876056780809759628 5.2748023642742616346 -2.6243874760973793236 0.96490157390624509137 0.0041839111564154901624 0.262578459818515908 -0.20430096245542733735 0.64019579250142899518 0.74054740834280585737 -0.16500324061367863115 -0.76820039192300759723 0.61858070486885086137
4.9568140843744998847 6.5256387884510420605 -5.9743514108749620206 0.9845481291465880691 0.0024404404853514052171 -0.17509718913829894205 -0.17297556410008863015 -0.14224038579326414578 -0.97460100906662894271 -0.027284347493952171293 0.9898291352044367164 -0.13962036915224806943
7.1252398208140936831 -4.0869030054289217091 -5.0929933987329274458 0.99997420240464052199 0.0026084185970471586088 -0.0066925837738989824369 0.0007618950476883726286 -0.96499534913325646368 -0.26226588734948091952 -0.0071424114334361354928 0.26225402247381957022 -0.96497244191488040777
-0.50046793612013207309 -4.9674610193700932115 -5.6250912464609905683 0.99965817477872542796 0.0021136289971117440747 0.026058898105666163797 0.011318623975816842139 -0.93346643810619878145 -0.35848611923008738556 0.023567400139037273515 0.35865853050199336671 -0.93317127910631936238
-0.95548139002546206289 -0.9273389636602842323 -3.3582288228400747343 0.66293979750756604208 -0.0030431137779756587888 0.74866652412074463641 -0.39985917915521357324 -0.84685934071798552036 0.35063070870070434104 0.63294822989393761947 -0.53180823282192324353 -0.56263357683037340529
-1.536749793408783038 -2.5380459415648264354 1.1516268059008540892 0.99427927882493338796 -0.0019421955866808070928 0.10679393042518220414 -0.019767724625966553303 0.97921671843599322749 0.20185107232445273495 -0.10496643636168988267 -0.20280741162914850406 0.97357649983230165613
-2.3617361144628796765 6.8953925669410267574 -6.7026722219413183979 0.99350178737032845966 -0.0069549244114903412822 0.11360381823880288943 0.050773648440184532271 -0.86622767092477903628 -0.49706303297310128197 0.10186380670327899178 0.4996010920231573893 -0.86024561244643904523
-7.2626139129049507304 2.3661210689652483197 -3.0571191346299086966 -0.87836777943470312202 -0.0010342860834714716345 0.4779842824854660388 0.46337215037747669921 0.24353515004425949075 0.8520427694354011372 -0.11728722993281730236 0.96989152019444802022 -0.21343416959211447548
4.9471292484231730313 -2.9758951394498063259 -2.8203284984385872391 -0.63801043466486051514 0.0022653229537055400572 -0.7700243850494009612 -0.40414353277978881662 0.85021036660279847297 0.33735787738478467679 0.65544693924911423544 0.526438221288250352 -0.54152756993139150588
-4.4674159670495861008 6.5412838437915858947 6.1275989440211784398 0.96843754839506823728 -0.0011616427827670352743 0.24925361671329646085 0.22277187896169284298 0.45260200617314977345 -0.8634373827625174691 -0.11180968116623622721 0.8917118786885035453 0.43857555860239672008
2.0220114759946281602 1.2100422439865756719 -6.4504771097400057656 0.18867818113763734633 0.011091266325641184823 -0.98197633768536818355 -0.59118770018401434196 0.79972780954582400881 -0.10455875759693311622 0.7841540965357117754 0.60026028891666849407 0.15744820874142914646
-2.8895912967304124841 2.8208152042109775337 1.7334860662705735557 0.93289500341298281505 0.0057966707944264363878 0.36010180673629288428 0.3576601502788636644 -0.1322440026062791929 -0.92444077186004058877 0.042262625445126142387 0.99120024333248579751 -0.12544300741018737932
6.4105651706733626227 -1.7765795004995230677 1.8017209268744500683 -0.54887508642271087833 -0.0038874730934275718991 0.83589534456013070418 0.79405946215769074303 0.31000253932990784467 0.52284605398422123734 -0.2611622293945969342 0.95072778078791420064 -0.16706578577226652293
3.4626991492527956495 -0.16656396429157144246 -5.2841813946991855744 0.87148020320325325638 -0.0054068023836975967478 -0.49040087878472454763 -0.44190944202229370807 0.42500257563638005331 -0.78999294664826880119 0.2126929723249444959 0.90517599238508916759 0.36799201395297559403
2.3122433494006195964 -7.1055460471924387633 -4.2479501880955909954 -0.94393418682820418031 -0.013235552172519135516 -0.32986826324438928149 0.03680606906791153432 -0.99718589909998167631 -0.065311529732580073104 -0.328075546508639182 -0.073790939788899848062 0.94176500943078644834
1.0434531365283732374 2.2303933893819634093 5.4314572895303330213 -0.21515270132335911901 -0.00026708534304099515455 -0.97658038265093327635 -0.10373097570254248556 0.9943490187073166231 0.022581268246073003814 0.97105571405203572333 0.10616005680679936607 -0.21396458245634805695
5.5168937423407893306 4.2038535210520189267 -5.9307447549541798537 -0.31584458708000023863 0.00071990025849276353259 0.94881066528355495482 0.72380455464282822398 0.64675299140435260625 0.24045277038897486244 -0.61347303403700681468 0.76269918700171779324 -0.2047944985988651434
3.1169760613426169549 0.2623331337893634041 0.6862583977124292467 0.99950887750692085643 0.0043496020928792764743 -0.031033606725972759377 -0.017456497423323530382 -0.74515242404334480764 -0.66666568506267276373 -0.026024497737703419786 0.66688000862529961399 -0.74471053410948062634
-5.9033704176583743362 -6.472815464898030946 -6.8471971611817128434 -0.89085793042738015135 0.010202843267069692385 0.45416742483805411235 -0.29185502751669289978 0.7532772282495391325 -0.58940144240915282037 -0.348127549481479448 -0.65762399544877103708 -0.66808524149390002833
6.987230781272038449 5.6751740811995992075 -5.7603145917114835228 0.91649622669349917192 -0.0044416222986831729175 0.4000186726240215207 0.22588156944265325166 0.83103019617115958528 -0.5082974814396463703 -0.33016993055494830989 0.55620956935595100568 0.76263931967498388431
2.0784895458332668383 -5.814320220924813043 -6.0413970396494738324 -0.92528635566299188842 -0.004951938122332560227 -0.3792369158359103487 -0.078308971856502485043 0.98086324101429356315 0.17825545532626566048 0.37109684039431106717 0.19463499360509908809 -0.90796715486504020465
2.0664723593082441333 -2.5275092391532036906 -5.7058461179934107932 0.99634407780543587929 -0.0054582237864901472085 0.085256591623382310674 -0.083408943968104276578 -0.27799615181420034293 0.95695406767640889267 0.018477734933293167574 -0.96056668033493752823 -0.27743508419478357663
0.46857272869429783535 -3.7386263886798571932 -6.5208737487867232119 0.93514953786760712795 -0.010440475703521598025 0.35409933393493381315 -0.34151628450097260004 0.23905152315674282892 0.90896699428372806917 -0.094138032944993496609 -0.97095075351097992478 0.21998332893584890413
-3.4374255632069630195 3.8569934568896178106 -2.8096553534088184456 0.81396818825387406982 0.0037239372633885792566 0.58089751316550908289 0.49087946159771489452 0.53031617656503249325 -0.69123231048254807352 -0.31063345391673136131 0.84779176993222093994 0.42983249312150684229
-1.5912765511735456059 -0.66904622592544960025 -0.58398612375232461513 0.83950428784276254213 0.014174395360085290801 -0.54316814819140191162 0.044843874497222789566 -0.99805672670600142915 0.043264271600116151195 -0.54149937914424928209 -0.060678305787066240395 -0.8385085363865771857
7.338896266291635051 4.6849471059942269235 -4.5189114587328651496 -0.94385686048734129816 0.0029350438026466349473 0.33034166014702459613 0.25816778721576350009 0.63045066256041526476 0.73203917635683046772 -0.2061155514630955421 0.77622377417527332888 -0.59581291682036552348
2.79891856097292413 0.88614815051190831685 -0.65176468611112203799 -0.99709269893229102166 0.0025634961881666053045 -0.076154961908310753183 0.039077709668086740846 0.87519925744410309587 -0.48218170058218196017 0.065414695161359642794 -0.48375581470051531863 -0.87275496526828499899
-2.3249980132085190654 -6.4595178824654828631 -4.8484728893627702107 -0.99993362390403772721 0.0020598285143724678892 0.011335999855632413261 -0.011401459710711386517 -0.31863059172106650285 -0.94781039914960651949 0.0016596694553718512391 -0.94787673414109119285 0.31863292731812736802
1.874326572618771225 -7.3577884345979143177 0.3673145611819216283 0.99079588354454495303 -0.0014797448972379747406 0.13535629836208090682 0.044426425505359565249 -0.94099753717278267207 -0.33548461626643205635 0.12786637504855333236 0.33841017329518408019 -0.93227074647992314027
0.49435706833208453714 -5.3151838766427301763 0.10400323559792579164 -0.99684314482544900127 0.007026313594618045083 -0.079084609956026119537 -0.03022369750342399769 0.88750118442240077954 0.45981319658987407362 0.073418476719691302956 0.46075186224930603229 -0.88448711053922213221
-4.9637439885942002959 0.22676136280290945524 -0.75128651142813629438 0.89830210766423579383 0.003132703328406456246 -0.43936716938777242714 -0.081288698751039528689 0.98389688885767667692 -0.15918247250068146004 0.43179331956542682525 0.17870953602404471283 0.88409130236228916644
6.3549446168563710202 -6.6165720453063681106 5.7859541537742105177 -0.99688276247131879515 -0.0081389765860684602783 0.078476206251722316343 -0.071770865020421764635 0.50665098422429677427 -0.85915872987400732086 -0.032767374349479384821 -0.8621128332443926956 -0.50565577415227636049
-1.646656472391053061 2.5971020510268312265 -7.4351547247957991971 0.75993474307134201151 -0.0060184307983661092939 -0.64997151073241743457 -0.64798729519920028608 -0.085633292356602747075 -0.75682191069009763229 -0.051104320105806816388 0.99630854544716251908 -0.068975580719772111582
6.4576863237325801137 -1.1623643192313768413 0.22885646924692537585 0.92501465345038869081 -0.0074207432686387809692 0.37985895207478337365 0.37967451867897816786 0.054816804995848497639 -0.92349465496877936044 -0.013969637357318856821 0.99846885302411614305 0.0535238150052648326
-6.2679529278495413891 -5.8837198776136689915 -2.1640766298947480273 0.9995866706973269844 0.019250311306863419208 0.021352125862865438399 0.0077757883013097172514 0.53399654481678704432 -0.84545090173239922926 -0.027677154488292336071 0.84526748171121912634 0.5336261420518018106
5.5068632944925477446 5.9757789470627553641 -0.096112946358805614877 0.99547762986559140685 0.0080812023129860442033 -0.094651902285999331421 -0.066855326745145660094 -0.64825676208665827804 -0.75848107141491571959 -0.067488174689948943197 0.7613789231243952571 -0.64478483364519934007
-5.4095505136237083121 -2.4666574355819004261 2.3145767796214400391 0.99526571469908675649 -0.00018422582163570098285 -0.09719116835054933401 0.078374383712889544862 0.59290072632605284042 0.80145254675468924344 0.057477066053550900093 -0.80527553966510190264 0.59010820371780381421
-0.81309235822256031856 -1.6065830656135771104 -1.8128654056152893048 0.99741083206858349719 0.0034562687065855263874 0.071830956271170837146 0.036646168268898902942 -0.88385501512715147765 -0.4663232468855267876 0.061876412496290597587 0.46774818699953624179 -0.88169322507057312777
7.1349845538114209376 5.0713403475651386287 2.5530209146471274373 -0.92569882089870192399 -0.012116539378547614217 0.37806729885058915075 0.15872937984259516409 -0.91967290729723305542 0.3591750653347930422 0.34334629306507402635 0.3924983223619077366 0.85326337667897489414
-0.19920416465339008116 -3.3989074880698666448 1.277763865201200888 0.97099300224346218879 0.00077384624196787533262 -0.2391066514257410569 0.23797929984827106975 0.093917381939624844378 0.96671887237876896748 0.02320436247268871377 -0.99557969371188592689 0.091008961265466731261
-2.8268326503716352249 -3.9271202623272394305 4.2180121618264490024 0.99570079089848340104 -0.0045591333822475148263 -0.092515670601864760658 0.0055664662614968917972 -0.99403768235067935244 0.10889490585056357808 -0.092460529186621093212 -0.10894172923937543718 -0.98973872823731179338
-2.4422289085694717237 3.0268225021285046772 -1.5686345696408725559 -0.97419741528559267163 -0.00088953914229021428806 -0.22569582355690973041 -0.22270092360781093555 0.16620132918905328179 0.96061512417830918764 0.036656441113975236912 0.98609143941923360632 -0.16211100650160814585
4.4427686432237498693 -2.4991067843025001061 6.2254072159088034155 -0.96829786229263725694 -0.0087729455006668871642 0.24964431759335414807 -0.24943200768535936374 -0.020153094192528149542 -0.96818258935823431344 0.013524918538242341678 -0.99975841492925388021 0.017325944615676342614
0.65504824693754093445 -3.2615741165458036477 -7.4739760353349344868 0.94321766801980078121 -0.0068044596668877799228 0.33210560077185036221 -0.32180444252730633359 0.22915588177991066954 0.9186563463098159632 -0.082354911845135173043 -0.97336595439451656375 0.21395417107563285963
-4.6490332483572807121 -4.4341167827845824334 -7.4812311255435179902 -0.33958053046841490952 -0.0056109202977615161081 -0.94056024841586305385 0.49696114133140117941 0.84793642107997957424 -0.18448157038739615432 0.79857040223971331727 -0.53006824407747898942 -0.28515429031878236632
1.5285890949917650961 6.7820955832481040204 0.98197930439406844183 0.99807351313015135741 -0.01395230312902055736 0.060453251569835719792 0.013033004497667810551 -0.90549512031222778585 -0.42415648985325510312 0.060658084224117801708 0.4241272454444062201 -0.90356885542290665825
-4.7633754138635087116 -5.5472585037727313306 5.5441404302384382774 0.99809165369882946184 -0.00109133596074741622 0.061740260792681141144 -0.061567577795140999986 -0.094365250003213843599 0.99363204102738700296 0.0047417487668387665878 -0.99553704530656317306 -0.094252359339083172096
-3.4886261124791118071 -0.47718267916744494528 1.7692958516570247429 -0.99992132478939499407 0.0033785056092125640391 0.012080146155852317102 0.0070521026376941789091 -0.64502652688067740883 0.76412763820488804889 0.010373624230963749554 0.7641527107327231727 0.64495195371460334322
-4.0961594002833390249 -5.7312629459016681821 2.9194580163316667942 -0.98229926146174939561 0.00265417437253371441 -0.18729953627851772535 0.18234634520852974204 -0.21529804773662947204 -0.95937300411768966502 -0.042871567744043249937 -0.97654477931075311936 0.2110031342895102302
-1.978311522079312379 -3.8076564329287290178 -6.9726010400468103612 0.86036550910529430158 -0.005263869192006978906 0.5096503531079500382 -0.014696707053889725841 0.99927464231650320325 0.035131126156322585452 -0.50946559996114071378 -0.037715791180433874685 0.8596640748292192491
-2.2653598714631955069 0.074469254562389231022 -3.9892784439480717396 -0.98182517155995663316 0.011819697574681780131 -0.18941918392952977745 -0.18944489825370136593 -0.12098748438746033396 0.97440887677979204362 -0.011400132320671413355 0.99258366064061187561 0.12102773901973916393
2.0654213052855445731 2.374724351211526141 -3.8458003304634531538 -0.98489567020673707276 -0.010796307593197978364 -0.17281191669075937623 -0.17209501586086992098 0.17098345009931650851 0.97012780874890602867 0.019074179506162740327 0.9852147479278702269 -0.17025885040632310341
5.5919258574998993438 5.5634510190519321782 -2.4705930217716418618 -0.91534093044245889992 0.0055854633889194874735 0.40264101089625636831 0.38686131473429435923 -0.26530521864904260676 0.88314860817392981662 0.11175555565083492016 0.96414829956613390394 0.24068392597935539534
-7.1636534148399189093 6.2259466180316733741 -6.9819946938624735111 0.96494282419877652757 0.008719451591720196737 -0.26231530109976347598 0.25733528960015050746 0.16511060692828971597 0.95211188218932241156 0.051612932037774492122 -0.98623651252817245982 0.15707847275406838783
4.5354978633460056869 -3.0259898459052396724 -6.3221217071547197719 -0.99127388202181865307 -0.0080778903854679187657 0.13157065975483719922 0.13152570457276982485 -0.12708874338863607178 0.98313246327263204005 0.0087795135423112333206 0.9918584571353159518 0.12704220224444059961
2.6323572617253430117 1.1409270662540742514 4.4606078456287434619 0.96508659913269889685 0.0045962154656076182821 0.26189068516820496191 0.050344959671492064968 -0.98445830304777826036 -0.16824753964355290692 0.25704715756089951961 0.17555832183021061188 -0.95031891195856288412
-7.0074315891752707586 3.8593847944660897298 -2.3331093366039850068 -0.85813614972564866701 -0.0017077808737262782819 -0.51341935298394325571 0.081083682136578419386 -0.98789597369526327419 -0.13223835165263048141 -0.50697907750236448354 -0.15510844155341471651 0.84788772035783577241
5.3275632419529168615 5.6296397269203106717 5.4443947046457363825 -0.96837510170761531558 0.0019936101017505713368 0.24949085737086276748 0.24826145441995231544 -0.091767195228931286444 0.9643365761647654244 0.024817587355885739608 0.99577849313926558583 0.088370130469798482964
-2.0855027107988486357 5.6008868440762542562 6.6667398576829075552 0.96361194826518392631 -0.0059863230077059270337 0.26723805323619792551 -0.16320944201773954219 -0.80493715864593207154 0.57047247844851955989 0.21169480673104359991 -0.59332986994411418546 -0.7766240881117149053
1.9432939081723541452 5.2129739826134962044 2.4582012192120008542 0.96224225728765389043 0.0075695239206607410967 -0.2720892144087889708 0.15657873139262656892 0.8022711219684248718 0.57605915297896803651 0.2226498128574652402 -0.59691184371148564569 0.77079394890696428799
3.6828369548046580029 -5.7807781572631249389 -3.469613973104686 -0.91485350700524015188 -0.0051615341378664532368 -0.40375291860949269473 -0.24039716642620109766 0.81035728581803001536 0.53435032674813887077 0.32442605181236583434 0.58591332796493389434 -0.74259902303893532416
5.9115356057077832475 7.4799835921397113125 -5.764800486748834274 0.96837488805288929328 0.0051384989662250591877 0.24944673182251317356 0.10105831355257834103 0.90602515824135498868 -0.41098130115088293834 -0.22811684166338166979 0.42319263753289954044 0.87685272314530804394
-4.4668591062295375238 1.2315652345839345205 -2.6150157534479778754 0.99634762148360522804 7.0122491917864532762e-05 -0.085389766638221398232 0.0097078160452358647214 0.99342311801233285085 0.11408885531119331014 0.084836168414892651479 -0.11450110777380269333 0.98979408002229740671
-7.2057101040697570937 -0.9756046873356080118 -2.3311252523882717291 -0.9983370157500067732 -0.0049613051699315029522 -0.057433339049336666615 0.032900274068127316474 0.76906377599536712708 -0.63832474526525073699 0.047336824456045666076 -0.6391527938629361083 -0.76762160674884039047
-3.815861694647060709 -6.2594011468901902262 -5.9446806424088887155 -0.99587499459960404646 0.0080029696732538159465 -0.090382230596674065226 0.072466046919992865849 0.66960331774218562195 -0.73917526264922461809 0.054604644262259256771 -0.7426758036620796366 -0.66742114401616037256
-3.9597435078548852694 4.7534512082794071475 -2.5101874091977869341 -0.86251654963358381778 0.0044385733418860632074 -0.50600938793166005958 0.14593437532244799004 -0.95529395816925877227 -0.25713150640205290065 -0.4845290081176822361 -0.29562434363909323443 0.8233091082579510056
-5.88235709941741991 -6.2641876988446849595 -4.6596155735430304645 -0.93661062245480175559 0.0037395466883515162543 -0.35035204822504317779 0.30497036765525131763 -0.48358287436372809909 -0.82045150891099083434 -0.17249236724296196366 -0.87529059141108045417 0.45178840603782277618
-3.3003793547632063188 -6.4142803008853199742 6.6602354474762508474 0.99026485956242726871 -0.0023100189057879902399 -0.13917676432679498832 0.12794358445387044032 0.40893133297931072434 0.90355166100504535898 0.054826518336597372671 -0.91256223279313419816 0.40524588112236625825
-0.55688570757463651262 -0.18632824728601046771 2.0720697234815870225 0.99640764886666910449 0.00087937636588731118992 0.084681898758142443162 0.025696870135278503805 -0.95594017045224366491 -0.29243471302343188034 0.080693668557880141035 0.29356024460586815916 -0.95252869491773084487
2.0790439848134982803 0.126808741340407094 6.2039472216204440969 -0.97675597846326633888 -0.0025726958647052577608 0.21433884335837330437 0.20179615356443647567 0.3261921580633881379 0.92351339374399477045 -0.072291568960945379319 0.9452999826794531435 -0.31809098038645644557
-5.8255083775452982664 6.5218857967318122348 2.8487309781725040914 -0.99967465418495093932 0.0055490236048372186539 0.024895664626181032014 0.025185716731519654232 0.36907662817445330283 0.92905765279019592029 -0.0040330451107950891082 0.92938240292807527965 -0.36909630677470794957
-5.2870441659211238061 4.588237880995397866 0.21168076175751160406 0.99979608548447274075 0.0026656181050147692568 -0.02001704099292982153 -0.01664564271330644038 0.6699904059314599758 -0.74218311658138047537 0.011432848667611225646 0.74236497118324429323 0.66989815608901204236
-6.5795370075020285228 -2.7835754628134856681 -3.7448467984109514717 0.89509840780198235421 -0.019576609769861096771 0.4454386564953711769 0.44145546627293308362 0.17912551595269685101 -0.87922188373163334685 -0.062577245451071142335 0.98363143803195529635 0.16897716551998320789
