1125 14.717824617146108679 14.977075390850430381 15.033177056927090831
5.2820767169820443954 4.4347645328453353386 1.338922754364644252 0.83404257554908090011 -0.0012106777959497178748 -0.551698755146960651 -0.13496187895579286886 -0.97006213861149204192 -0.20190279458509713395 -0.53493763505679448045 0.24285382741844024901 -0.80923651988032185844
-0.6579830691627521766 2.9629862557088944008 -5.035654745037510871 -0.99088626885149222456 -0.0044157577011080598184 -0.13462876098917211931 0.10013187788514815724 0.64438179121441363506 -0.75811985476078103119 0.090099995742219440853 -0.76469118488136700318 -0.63806691070147258937
0.81950390201457434802 6.1891039429033698482 -3.7601877705026858223 0.98296874584391602525 0.0023102960890456821635 0.18375828478172240299 -0.011671959471109461318 -0.99711729407302263084 0.074972443087897619463 0.18340177222714748595 -0.075840387607431197781 -0.98010817033199926218
0.91924057397841929529 2.9347476799940315217 7.4461651572595117798 -0.97898150259494232106 -0.0052606331535855963 -0.20388119902479262535 -0.054215764691940934727 -0.9569865336974020531 0.28502179772904928656 -0.19661095705942982503 0.2900846429244301472 0.93658690547304102036
-3.1348638014665750617 -1.8644863109590312789 -2.6491369344829900356 -0.99815714102318009449 -0.0088389957938473512344 0.060034939642250373382 -0.0016315518300587146527 0.99288609819252149347 0.11905685219567416211 -0.060660199992380592349 0.11873949709125442009 -0.99107077041320790212
-5.1435237570089791248 -5.1706903605552652081 -1.6341988405324150424 -0.99279304780789778828 0.012235430311951216859 0.11921517717740293119 0.096249924696441419014 -0.51126399386271659253 0.8540170259283008658 0.071399693418704973658 0.8593366178772028352 0.50640167945527869708
-7.1391607444322566778 1.8161345291427464232 -0.70258661449463377657 0.90003298693848710066 0.0025259656179187975344 -0.43581445813585761861 0.21864904819660110902 -0.86764786669620630466 0.4465196223463059888 -0.37700559166319452808 -0.49717280588868606461 -0.78146400105161084593
-5.7407153458198578733 -4.9615901731804008534 5.2897130474116691445 -0.93826393721327672193 -0.0027720343716619980957 0.34590909203234482261 -0.21364605035713135628 -0.78181036528970004884 -0.58577121633999984507 0.27205909154440643949 -0.62351011904461406399 0.73295223729574354721
-1.6207989648412310935 4.0435156432821699468 3.4771791649590961804 0.86408816702690327549 -0.0045057151509339532502 0.50332031365239482401 -0.18457042370841264534 -0.93314186903792162298 0.30851257825347949693 0.46827918840820614843 -0.35948011179963790251 -0.80714846894746006267
-1.2209253166498266197 7.2723722161440136347 -2.1866387129432611758 -0.79284706074218525007 0.0048684607052432923857 -0.60940121132372027102 -0.081456492485574572004 -0.99184191835848523056 0.098053295808844587178 -0.60395229787170978675 0.127380952569028566 0.7867755174242778704
-5.3540528446774384719 5.3925641534919117603 -5.5187434078350747768 -0.98365329991426753153 -0.016393932221769488139 0.17932491336697689577 -0.031333080391869536085 0.99623809473289459682 -0.080795400093052416324 -0.17732575571788897206 -0.085093463846187336608 -0.98046656178051760921
-6.8340453323484755543 0.46654739390462596216 1.8154948546865665726 0.91869687154787960104 -0.0037213459605319391781 -0.39494583146598993828 0.35212327459847508893 0.46065072323038203095 0.81474542691153928331 0.1789001332983045367 -0.88757369427638532766 0.42450875083355454898
-2.4181038011725308756 6.0489986899454750713 0.2196598706454877814 -0.9964805627916746289 -0.0035977619103938068834 0.083746904943530181553 0.07226814983234410017 -0.54307639390707007632 0.83656759732901153637 0.042471196100487662584 0.83967558407413167565 0.54142507423617713957
-2.6763805793091313134 6.5132807270288148871 7.4155249333668695755 0.82379941531079925454 -0.0071596733291536471255 -0.56683618657557166554 -0.49142232276328706719 -0.50748385828426256783 -0.70778826937935312991 -0.28259268218353256197 0.86163151791178616001 -0.42158332903179956963
6.3811173809562351522 -2.4930898082175372288 -4.1819627228133295915 0.97644744024664598125 -0.0031837005878584518324 0.21573191809821326559 -0.014241593338800425522 -0.99866152977060196338 0.049722489633740207804 0.21528486582878084143 -0.051623763973286058981 -0.97518583538641268049
-6.0340019775935669344 7.1942394273067904464 6.5220367946965582817 0.96179167002043186585 0.011276973522016647822 0.2735500198273314032 0.26952076788622503223 -0.21460260469114028625 -0.93877807693710402237 0.048117971251558533385 0.97663634579499347677 -0.20944237611966384782
-1.1386969847260348665 -0.83918605045937588738 -7.2008930034033991063 -0.83571247643720625309 -0.0034099171029722706236 0.54915665268894031659 -0.27587537371554321508 -0.86203964282097456095 -0.42518282230402804078 0.47484464291439720807 -0.50682938615522610259 0.71947657253385488563
-4.4021497971079446287 -1.4648001009450730692 4.3153363661229953152 -0.83946832572475416079 -0.0058595055453135114557 -0.54337702960251188511 0.27935505445207975406 -0.86234625421304933468 -0.42227916287327232903 -0.46610479900664147923 -0.50628510153823702566 0.725549248709921768
3.4886399585998808526 -4.9089087662651103017 3.6150367523128830172 0.67403303851879381448 -0.0061263580741354219106 -0.73867579540803840477 -0.6904193537715770379 0.35035966972843879397 -0.63290537820865899743 0.26267961268953005094 0.93659520048127475889 0.23192423657899818856
6.4287949020806252065 3.7549612548243445076 7.3614667441145034132 0.987034666921627446 -0.0053200385436036490977 0.1604190246968209832 -0.0018359615869243768246 -0.99975937756496235931 -0.021859007659398039386 0.16049671504371657016 0.02128107517724279682 -0.98680693162327237644
4.4084345219371225966 -6.0755957991658648965 -3.537139146145986679 -0.9916926593328982964 0.0072260307039085517125 -0.1284268426208561853 -0.0092146920199493650983 0.99186472071948150742 0.126962456037088528 0.12829948899459700518 0.1270911494647051776 -0.98355837694130165971
-6.5437523134554229642 -6.5514996743679256852 2.4471305385819959177 -0.95463338565363231591 0.0035418996391663373074 -0.2977625798217525821 0.072582810494061150708 0.97253875224550101475 -0.22113369485803754944 0.28880241449126969888 -0.23271405270781603258 -0.92867504276587697909
2.6878645330858059737 -1.6817830206196204834 -2.7446842905002650781 -0.98788170640716033155 -0.0021750625291239852541 -0.15519343816396077851 0.14917250110085494841 -0.28944681121590559725 -0.94549886747276867816 -0.04286372664019780232 -0.95719162793036871584 0.28626366929559726726
-1.291680447992380687 4.3872849640134603533 -1.2818782952526959207 -0.85801942661539376545 -0.0099400827560138585448 -0.51352103978853791411 -0.51007756677225490893 -0.10068696695619407111 0.85421485035140387598 -0.060195842268415587772 0.99486849856653358781 0.081321160429707273209
-5.3496306976474263806 -4.2337096088534975635 -5.9305908558525324281 0.24429177375583838172 0.00082578010098327721267 0.969701421759493698 -0.59492752225225187246 0.78980965996861574041 0.14920437087106536156 -0.76575634019051741497 -0.61335146458419365079 0.19343528207266838526
3.1828280214852089358 4.9600607855357656817 4.0532322284508204291 -0.64746631613580640785 -0.0018149580454746173236 0.76209190744733257272 0.50336327054814167248 -0.7518422260590117423 0.42586228405161830057 0.57219995397809186866 0.65934055922705547825 0.48770609963947725296
-6.9425832601710730785 -5.773353852658669183 4.7462035506163582355 0.96122304909902078762 -0.001285351708437080815 0.27576910224301753871 0.27308689272362945966 -0.13477140161041725741 -0.95250208311088691016 0.038390088609949593601 0.99087588384163616251 -0.12919436488316402012
4.8857468040733884607 -3.390269755934752105 -2.9261250332284931552 -0.99526380555653992666 0.0047954983621228261179 0.097092535987499548056 -0.071669151139617803814 -0.71098988763143688985 -0.69954050094382391745 0.065677165925097605315 -0.70318588074657306652 0.70796619057328691316
7.3141490128528214854 1.4342214683248111218 3.6288798903903503046 0.9984037114825387027 0.0055786165705671826934 -0.056204162970720700221 -0.056093695459707965112 -0.018300131746829220725 -0.99825778359483663404 -0.0065974410003307041098 0.99981697535861890902 -0.017957994237618679634
6.8786761322219502901 -7.1573252599793715234 -3.3235525012505036102 -0.99829549272791096026 -0.0044942631045048232752 -0.058188579619914020113 -0.039008957949024578027 -0.69021177771654929067 0.72255519034945747681 -0.043409796115265325556 0.72359346562862492114 0.68885999020181576391
-0.14626174939367694861 6.9914492881818102177 5.9713406258103827184 0.79122312366872804557 0.0038359757998515800828 -0.61151553852825724089 0.5607765901787470364 0.39430624735472502573 0.72804683860626218106 0.24391716725023751544 -0.91897109235634799607 0.30983309528497443575
-1.1074336232757355791 -6.6620160780779800191 -2.5352889556175246533 0.99920869629780328935 -0.0039650442769706955443 -0.039575998622270597282 0.032236079390357656738 0.66358221883409274078 0.74740850545925574533 0.023298421161254721096 -0.74809285337529718429 0.66318494124963089931
1.4007064715354664575 6.8937992965633529963 6.232714573427183602 -0.90905384615103479451 0.0034077682702029696293 0.4166647236249770847 -0.40627472506323708545 -0.22930912967607583464 -0.884510130423592833 0.092530819584111745346 -0.97334768205547772535 0.20983883640660064285
4.2828967429778010967 -1.4825255276407995897 -5.0533302294367681284 0.71557736468912502836 -0.0041100609021000131943 -0.69852139734164253593 0.10785649639981456649 0.98864075891746294733 0.10467294775389467121 0.69015651219782303549 -0.15024166268554053905 0.7078922456592272594
1.1119896670248861081 3.5614864962800134585 -5.2198378103385891791 0.8750311947665873058 0.0058345500079484457004 0.48403136903674853775 0.38030854071652681059 -0.62690812646839755296 -0.67996442173540538878 0.29947591229254311163 0.7790713439693096598 -0.55078309611175158
5.5075852649182044374 6.7001055055888576462 -2.7921373741510193689 -0.99565610293067030589 0.0046905902452087254104 -0.092988832984673877591 0.088181791725618879907 -0.27302185071471923861 -0.95795774470500438813 -0.029881370529894358407 -0.96199639676836168345 0.27142224724546715198
-0.70264030172566505072 -7.0938698139683022958 3.5707865808856262824 0.99466465813757976022 -0.011527824291606451543 -0.10251500923832802814 -0.0057316886782688911128 0.98602628328765917765 -0.16649119018936658909 0.10300177472708525739 0.16619048689038662392 0.98069942208107141468
-7.3008719841154139374 7.4325793715434924636 -6.2803773044985655716 0.52980307909514479103 0.0052260831765632408813 0.84810458402006660972 0.24249681206646589438 -0.95916797347654003669 -0.14557504866756521 0.81271396783793881102 0.2827887669473840293 -0.50943745422722630511
-3.6827342343377917899 4.565577052911596212 -4.2614195744839094004 -0.86677690715229083196 0.00034751461545174701373 -0.49869597197198300975 -0.10115082174308412388 -0.97933611820747101806 0.17512646526198288877 -0.48833011835045342375 0.20223908328526771228 0.84890108299117816859
-0.15194462781258896711 3.9333835737201572336 2.726169484437132251 -0.99574472104148992191 0.0166506568663311455 0.090637774377317265051 -0.042444148881979268384 0.79014775467110465179 -0.61144502615833662418 -0.08179819523588123531 -0.61269020019424713652 -0.78607873259753568984
-6.5807422611385888445 -0.19571711059473007044 4.5147754042552392661 0.92207375622518006342 0.013975383766585710785 0.38676178292256585545 -0.38209068654622524441 -0.12602534747655114167 0.91549129927482597591 0.061536130325826075838 -0.99192857628049901919 -0.11086480154915499818
0.8681550122314584117 6.3936734794359679768 -1.8257767697571394283 0.99704815052508521944 0.0083629503000658775985 0.076321992877312075376 0.0011204175836868931603 -0.99552917678359331699 0.094447884237904677907 0.076770633701430543439 -0.094083575797576410316 -0.99259989450248198306
6.2574332101918246352 -4.4233275102705151838 -0.45728692523517511237 -0.83025699868575908447 -0.0040736651137434293571 -0.55736587748613430904 -0.51758758089223100285 -0.36542047810164390853 0.77367368463065355755 -0.20682459292699706399 0.93083364756362041437 0.30128443093544560183
-3.581283179939699135 6.6254345099147204934 -2.8180798805215734326 -0.99173147001617900642 -0.0022237119712081531396 0.12831113156978404821 0.068880269725413195703 -0.8528437345355982524 0.5176032002470375426 0.10827834419774075292 0.52216148801729311835 0.84594514042534840748
-1.168764306735674996 -3.4542519441698864568 0.27193277234199719761 0.82757289159877223117 0.0019821933736053312831 0.56135477195824834418 -0.56083036574221656334 -0.040438443135903286152 0.82694258154851174591 0.024339473130423242009 -0.99918006546677329283 -0.032354085083109496157
3.4356092914301603614 -1.9039458748094029161 5.6179885884510696314 -0.92977633064848985711 0.006244903717953994432 0.36807197141793085438 0.25120595699564862713 0.74164338023987530502 0.62198124064660464949 -0.26909392809179066841 0.67076530748389995296 -0.69113121774391939045
5.5468465791939989273 -2.4898821299712223798 1.3778413624638734536 -0.89734613982565769597 -0.00033195169861327186722 -0.44132731067550973192 -0.20078652545392650097 0.89081847349944653924 0.40758706857338256047 0.39300722198983278899 0.45435925992562492537 -0.79943916990827290636
7.2730688671394094769 2.4229715561910882826 0.72141076072179710632 -0.94405010931138144681 -0.015626746248285267732 0.32943162554750521354 0.13460663511778825363 0.89363558169098755712 0.42813140613369460308 -0.30108212316808696807 0.44852118337648466673 -0.84153330484962818314
0.87873877662463284466 0.26696151689371355742 5.0466944736832139995 0.98428065547905330135 0.00731882779328978713 0.17645970080835218785 0.11235549718221678195 0.74493447664099921024 -0.65760844563052767153 -0.13626383783889325918 0.66709748933075774247 0.7324022844216125927
5.7679586090378291985 2.3708672141443236647 4.3790619245136372939 0.96304962029580887251 0.0080106922583139707206 -0.26920486187599484973 -0.19301261612099412934 0.71764684365562636525 -0.66912565173462823509 0.18783385974387942219 0.69636113949628852815 0.6926756849587394349
-0.45678658151799045317 -1.8130115375867645877 -7.4814593755863096902 -0.98117643066370618943 -0.0027762209378188002981 0.19309351233821744898 -0.10123492252731636221 0.85888620537413651324 -0.50206172596498566119 -0.16445151981880723469 -0.51215893901734654836 -0.842999951846946316
5.6511965773045389483 -5.1631407991755784437 -4.2198734910917359286 -0.96750435508647092409 -0.00048571102282195038283 0.25285388463239877321 -0.047970787636934908438 -0.98148440243796375437 -0.18543778283989942324 0.24826221303767243009 -0.19154146249807454949 0.9495671338677179607
-4.8744086842958527228 -2.6501277999615142633 -4.1321535039662942168 -0.86974559363899084374 -0.0043018015299044424365 0.49348160740721930262 -0.205550949864810234 -0.90593588271592262462 -0.37017426087923094302 0.44865511181229361659 -0.42339304542166411593 0.787049502720973293
-2.1910292866743787954 -1.8453663377836981851 4.1410227528953100773 -0.97074419301308190189 -0.00536920865470131084 0.24005600040335839385 0.052399108984788743404 0.97091774557453824901 0.23360878559307654556 -0.23432892503678068308 0.23935309257898737534 -0.94223142166032258782
-6.5852942951028170526 -2.0344924960422123839 -1.0138959530838216327 -0.9909194121067550487 0.0039188383358067097051 -0.13440000526824513738 0.071194976130359480249 -0.8326574279861866934 -0.5491929378581865695 -0.1140613610465822797 -0.55377454828255534558 0.82481740742459641602
2.8199229568650658884 -4.4949397681823199946 6.7431183682272237689 -0.99840682364265131987 -0.00056250834396677018914 -0.056422496293998543326 -0.052503681894435272337 0.37553782860196216475 0.92531870329977117251 0.020668282251092753854 0.92680689621588263627 -0.37496906437130494982
-4.3600704545717903216 6.4229439944501107718 3.7572685619337535812 0.9998169912525843861 -0.010703287316970455656 0.015856343941331708935 0.00053100072570894628343 -0.81299675100909751801 -0.58226798030354587343 0.019123337595860406823 0.58216983989999548932 -0.81284228203878261532
-1.1040620452056972844 -5.1295848808448729628 -4.2717598343129843386 -0.035538245539394795747 -0.0026498004281325154494 0.99936480409394445878 -0.75122175006223279592 -0.65943594468456734337 -0.028462555955859922957 0.65909249376507861307 -0.75175608638419189056 0.021444608804761844389
4.0777908655770431778 3.194571656752104083 5.1862400234591259363 0.96442751098051149317 0.00071014636986985960748 -0.26434649942081012153 0.26416296870457844914 -0.03994244142602304537 0.96365062514282229245 -0.0098743115760043451146 -0.99920172991506861493 -0.038709183740320986244
-5.0166588353864041139 -2.2417549496178894586 0.59399635972140096829 0.88933388981557925934 -0.016794747884326305387 0.45694985377925756431 0.39779407206807032571 0.52121562483097028107 -0.75504579242546465689 -0.22548859982904881361 0.85325975463247427655 0.47021557021389714937
1.0296004056593712761 0.64194992048413057617 7.4030203274908004119 0.9249349811924092446 -0.0020848768466140855243 -0.38011963097825085534 0.26637397984828553588 0.71694816100885172538 0.64422840459396968349 0.27118293350856387258 -0.69712336620890946737 0.66368579076185785226
-6.3892290590696836361 0.16859650323046446174 -2.319651613630914877 -0.80234386461579165761 -0.0015075185520095398667 0.59686015975361539354 -0.34971895443417388982 0.81154700365948984064 -0.46806849259561972287 -0.48367445231560912688 -0.58428519426651825963 -0.6516669670453957286
-3.0897733187154101664 -0.70641144729647031841 2.0432303290404498775 0.81506677171163277595 -0.0055006642919905035516 -0.57934091892767847209 -0.25932240737440026557 -0.89765925057090445449 -0.35631412952363522573 -0.51809077070063680459 0.44065588905288172183 -0.73307867296621187503
-4.5596198817892421573 3.9419749259347609538 -5.8808922235103082699 -0.8460332456342316565 0.0020998468719758064949 -0.53312600567295498344 0.45955960918257537928 -0.50402735369837248225 -0.73127381488180243085 -0.27024565285977342199 -0.8636851378638444876 0.42545889312995432974
2.7283040147845381007 6.6683201927167274903 -5.6809740413344611554 0.99271995401766810474 0.0052382376641650282845 -0.12033143297305959329 -0.1007178201893106223 -0.51178569107278626404 -0.85318891642441596623 -0.066053111898634803145 0.85909718151053227064 -0.507532283829444264
5.2250289547277093405 0.0044019650574149893005 -0.60249998528302917133 0.89832748668955841875 -0.0038700924618798151003 -0.43930940012985941756 0.23739576616277513477 -0.83712318438090604911 0.49281642056675861729 -0.36966332907947979658 -0.54700072811331745815 -0.75109202270930475187
-2.5940081378115511512 -2.7938848986965481025 5.9315857569233738644 0.99791334959910038549 0.0086726869658910760857 -0.06398227248848088744 -0.023530942704379533004 0.97163749955244693712 -0.23530164512562432022 0.06012687774564567933 0.23631621604150232496 0.96981410827453751189
-7.1916584285370062091 3.2965754804496874009 -1.8874667585242632661 0.9924167524187288425 -0.0099372290258177911615 -0.12251628870506015012 0.11890627547356431848 -0.17497360623392235746 0.97736663273031176846 -0.031149432928730638737 -0.98452297515127729088 -0.17246513916565403557
-0.90459022028545366112 -6.0901951630384418834 -4.6224807825398421812 0.96337964784111274064 0.0065525442774879791991 -0.26806103463405606124 0.091852359948685249891 -0.94728257248773362065 0.30695092740190932368 -0.25191823692896980758 -0.32033231498641906443 -0.91319461774464927295
-1.1245893985374184609 -7.151599980616142993 -5.5333386187308564175 0.90631035162971185226 -0.0021726929025981962101 0.42260717686085697009 0.42119531789811837097 0.086476419816114175054 -0.90283793285202618151 -0.034583966074621066977 0.99625152859167576125 0.079289602528998442965
-3.7917181199924114843 0.29621940872983165693 -6.400188333136038743 -0.99915704454722120698 -0.0052196331400313367849 -0.040718002915917012041 0.039072295134436857422 0.18332901320890435115 -0.98227482339151117596 0.012591905515189979678 -0.98303775530019099627 -0.18297053197100646149
6.1177465093079206326 -4.72247637934870923 -5.376425798051088556 0.92923410113217785877 0.0061759044403847974947 -0.36943990512314378583 0.32917555022548117272 -0.46799673396158475436 0.82013566812759686186 -0.16783158947815529638 -0.88370861442317516499 -0.43691148115793315698
2.4822542936794000923 -6.0486419444268024748 -7.0778284810008553762 0.95094207332243796404 -0.0012052434425360272936 -0.30936664424811893825 0.21103041824740220722 -0.72869663463768274969 0.65151160944528641039 -0.22621966262780179857 -0.68483557300709263505 -0.69269394553772545287
3.416912110680317749 -6.8147069393569763562 0.67043393628567116149 0.89535853962064337885 -0.0064476579807751510653 0.44529935238547807552 -0.25509721874129537289 -0.82702974646661786551 0.5009463119435705325 0.36504588001891374871 -0.56212118459098536771 -0.74213292563742017105
0.36314070197994530176 -7.326037380191916526 7.3963832376045175465 0.97058897744682393061 0.0052585402539458772631 -0.24068523970775043685 0.23640124156304365144 -0.20982820533329704649 0.94872892716212509079 -0.04551362264449156092 -0.977724128781315871 -0.20490006869872565143
7.0492712928048826271 2.679619280377803836 -5.9168352116234386173 -0.97317621180116353763 0.0019133204705339178567 -0.23005303733946877442 0.22361335928487829916 -0.22721258294794874355 -0.94782461863950906444 -0.054084437074193178474 -0.97384330431273136153 0.22069003672907450131
3.7535524358330905059 -2.4549172901102367383 -4.1881148460725752258 0.77116794728135118486 0.0025949170325930506244 -0.63662647093211710558 0.23658846804289593302 -0.92954322060202920763 0.28279904140934819523 -0.59103798006129215636 -0.36870403773013243898 -0.71744786478635880211
5.9627515684457028655 -5.4302625497535368382 -6.2779547462592271145 0.94115475683532667794 -0.010591294994861435649 -0.33780992903801643212 0.29627776343419326421 -0.45508532845051319349 0.8397123499886383069 -0.16262598371961306531 -0.89038484280649443647 -0.42516775644418713931
6.8956074832449640866 0.38442233491650784627 7.2566718940427819007 0.97753683312274197714 0.0079851405481798417435 -0.2106133362797339148 0.19802923460200325123 -0.3768945186631685873 0.90483973390022232053 -0.072153739552370574351 -0.92622176574080428146 -0.3700095654662440281
-2.3455796217425022299 1.0228970699009041212 0.61564138118860467497 -0.97336929635488145252 -0.0048969557991511356021 0.22919038535129493406 -0.17801358167406428068 0.64608387629574104416 -0.74221748128847642167 -0.14444160637824340898 -0.76325070888572588146 -0.62974993269734469425
-4.100689454712036941 -2.6185587533743110988 4.2660252938077842799 -0.99076040426075229206 0.00073964210478439772894 0.13562180605844909032 -0.035184930309284656591 -0.96714923357861615205 -0.25176254818265464408 0.13098031160491857561 -0.25420820780967906538 0.95823918989678014135
0.16654564693875129056 0.047170800754424882517 -2.34173290622371022 0.78606987341230660782 -0.0069378358739798397237 -0.61809871424144802177 0.50269169797274571021 -0.57472266581492115201 0.64575143374820198616 -0.3597154582483257923 -0.8183188399590333173 -0.44828458066861759379
2.6801819242497892937 5.795715893142394215 -7.2621117874029685879 -0.95865457087531047442 -0.0077976500694311098871 -0.28446548190156017988 -0.1044037394421244852 0.93955652028068026294 0.32608803165494104626 0.26472867795268584246 0.3423050421064232629 -0.90152425658878843073
-1.0149635702747725752 1.8013569251813517091 2.4095851992416021936 -0.99946801852617317419 -0.0015722548418199231574 -0.032576186978235679992 -0.0070336921700167726046 0.98572346222629991797 0.16822539401349573263 0.031846618624089391425 0.16836503209175304741 -0.98521013436271498431
0.29535840052797440736 0.97989728092977279594 -0.031846495119806139673 -0.95892613568266005242 -0.0044686117959244972542 -0.28362069355608987564 -0.24154976984465342804 -0.51132935121606715168 0.82473996100153357247 -0.14870902794577717243 0.85937321699802982078 0.48924768667195817073
4.3756422901252989277 2.74365780903300438 -1.1393063741462998717 0.84668698009768139645 0.0015655752943096196833 -0.53208900261796565623 -0.52536334123646222238 -0.15606051314936864038 -0.83644394666973220787 -0.084347598767728390601 0.98774625547745209531 -0.13131190872335196662
-3.8924373072169182741 -0.56379607369474815659 5.6867795051614438151 0.9601140196616829714 0.00032659692271800461194 -0.27960858817942346732 0.10030437653467390302 -0.93384259511015987876 0.34333225832419289603 -0.26099827834150146622 -0.3576840797301811814 -0.89662812682312009738
1.5402610484785006495 5.7750404470327696416 5.098745029497829151 -0.92078270096195002914 0.0034655301096317972162 0.39006051800998331469 -0.019021883827518903942 0.99837196539051575872 -0.053773475412957280617 -0.38961183958505252178 -0.056933371790148852576 -0.91921771394587714621
7.3130372676403903043 -4.1468558414062366424 5.0354733038753982655 0.88210228865266249176 0.0029385946865526911022 0.47104874165529014851 -0.065716775117645856441 0.99096923851962159802 0.11688145180434786341 -0.4664513456105188749 -0.13405720036245630244 0.87432934824879393609
1.3677764008074555502 -5.1951760316101704973 -1.9817388133557383156 0.075188365770883058836 0.0082948250969282592837 -0.99713484821733855412 0.70867091312134566916 -0.70393293184796745798 0.047581134449511321149 -0.70152137996532093478 -0.71021801113211691092 -0.05880586803353768377
0.41120284404181772775 -4.3362032409665545174 -4.9206355716727783189 0.86243724300392698989 0.0042554037676008123897 -0.50614611864423397769 -0.32227924188604251121 0.77569337663415005579 -0.54261945753482609955 0.39030512695746222285 0.63109561635674338298 0.67035828546084319512
-2.8159070568702557757 4.9166148786676471261 -5.0946055760773427679 0.88185584921284143611 0.016365356399931581949 0.47123501177109866633 -0.28055251475506021164 0.82145478026588647502 0.49649001041618268104 -0.37897301707854469388 -0.5700387873542721584 0.72899604473420831496
3.1735363874405950746 -3.6532547663159680162 2.3179410057586555816 0.99763858250403569805 -0.0051768888188802701655 0.068486922264854518949 0.065629474810496399306 0.36583972959040012007 -0.92836095581913802288 -0.020249215669790626704 0.93066346875517991233 0.36531558574659156458
-6.7643549985763300469 7.0190600216781957599 -1.5653038800198217917 -0.98997783726795307579 0.0026634075645623309266 -0.1411976911220931552 -0.013248221388258919068 -0.99716447466750679496 0.074077628816484220042 -0.14060002257503806389 0.075205829037178331675 0.98720601544486619172
1.4886918578221719489 3.5464566715280674281 1.9166149979153177529 -0.99451956696544008274 -0.011835794928499820608 0.10387851019984978285 -0.10454971554733420713 0.1167044163269779361 -0.9876484375468341792 -0.00043347653357188320467 -0.99309616511607878842 -0.11730225458150064788
0.52264165748487190211 7.345332730533970178 -2.6172862133182563937 -0.97674530268699943925 -0.0017838584811194647256 -0.21439550258313308517 0.15464317817617109774 0.68676471577662656642 -0.71023919393962720026 0.14850623260503012513 -0.72687759837077270397 -0.67051834864093395883
5.5992739208050954502 5.2891893271350953754 -0.85860414031286369507 -0.8489095171614098323 -0.00567408242842454974 0.52850774493982444202 -0.14178522473814650362 -0.96084650820729655685 -0.23805658510462976429 0.5091655739724916252 -0.27702309011042541842 0.81486724429623924593
1.1696749620836743855 -6.0576102577064894206 2.5219166264105687958 -0.92840560307730657374 0.011296664393834534093 -0.37139658257486096726 -0.33509625210450016963 -0.45731990932994665 0.82375299838968896182 -0.16054139030239458763 0.88923050212197529696 0.42836383612030143331
-1.1394395738253244588 -3.595758832329172261 -3.9047637489846493963 0.52273830869798632026 -0.0035595228323349594954 0.85248577138670689202 0.847235832989539972 0.11305587846690108578 -0.51904702257358081852 -0.094530968036741852556 0.99358225534740363116 0.062114393990035696169
4.0834499247321742743 -4.9728599774307200576 7.4568918087108224668 -0.9598009995804096528 0.002152469089937297797 0.28067313387848602524 -0.068629810716837352791 0.96781817971014361124 -0.2421113795413154246 -0.27216169878463458698 -0.25164128814496333764 -0.92876513275172090101
6.6634324092028691666 3.0017971253926565289 6.5329957842346315644 0.78982236749511558482 0.0085084824803341278787 0.61327663703275536733 0.60935111802114128032 0.10290505356698617656 -0.78619448288372828504 -0.069798587168952916371 0.99465479221503205753 0.076092059723490076961
-7.2649106519204780241 -4.5004342964684820316 2.241986571607360812 0.96703446691062677765 -0.0065031577080071709812 0.25456246531375564812 0.0098232495124730839775 -0.99797707019693626673 -0.062811393315111110902 0.25445597571252143165 0.063241412863678195255 -0.96501434192612767227
-4.6784570936704117372 -0.49878460826977288889 0.079922738064077028519 -0.96475796488711973442 -0.0014459069883328004233 0.2631349055900028544 -0.22345652295002341181 -0.5235678196550789254 -0.82215808733645390216 0.13895773291890506362 -0.85198277422413715154 0.50479312682269317225
-7.3194859436143788756 5.1966414308690920265 6.6238908782053984581 0.48105483510771301914 0.012054645990104150693 0.87660762666631142359 -0.63239793015801459841 -0.68773710367699891766 0.35649759348110210411 0.60717304251041437357 -0.72585973971282169437 -0.32321592583388780717
2.6004444892040341486 -4.5631409191658383051 1.9981190078105164343 0.99641115229629761973 -0.0050649735326320013962 0.084493559651776850572 0.019420080407479136525 -0.95790205977893227995 -0.28643760987026989362 0.082387353741185845313 0.28705050063421450046 -0.95436593297819360959
3.0377972179167720412 -2.6555770409922212494 3.8995095169919968825 0.99719113070725695636 0.0056634301504915494571 -0.074684499045084395963 -0.027091116743928111976 0.95689765329650822157 -0.28915904362348449075 0.069827789827946948331 0.29037012014766705459 0.95436328150935278991
-3.454111456272485281 7.1594348414465480701 6.7367225716954219905 -0.87765079151528524459 0.0024706735602537622729 0.47929425609403059072 -0.14128500103823293799 -0.95688810979474159257 -0.25377882853997418833 0.45800397010751359161 -0.2904462792078735256 0.8401626760694437257
6.0487750887158862056 -3.6613515379027603558 0.14367240423801991289 0.84485127143394100901 -0.0094679753473475222747 0.53491745774380305978 -0.53008739582294928105 -0.15001539614414469148 0.83456739315004246915 0.072344190823858636752 -0.98863832535581031014 -0.13175955256270202587
-4.0319392385772605536 7.4080170076087705766 3.2971745393198346186 0.70023050113664164762 0.0025061279767289914439 -0.71391243482686395083 -0.69582294162958902017 0.22610566968813775035 -0.68169396362061562833 0.15971123686137217446 0.97409955623510646738 0.16006990773637810865
2.3935096663523967031 -0.81186403883347968424 -4.7236745654524447957 -0.93034800590366217854 -0.0019277095103113917746 0.36667270398440410251 -0.23476601811471015102 -0.76502318031407001708 -0.59968696027240231405 0.28166914039304541406 -0.64399985832151040999 0.71128522958941775567
4.5635651822375153941 -2.0826137592854272462 6.5005232004788524591 -0.99512133824279003225 0.0032834564016926931322 0.098603960812356603038 -0.069464639196682359534 0.6863978865884442504 -0.72390096366016010165 -0.07005844756416347574 -0.72721878427402475431 -0.6828210993547252361
-4.9684252315511754361 -5.5326745873323579517 3.8939500637052337773 0.97205288722463822904 -0.0078084256344127540156 -0.23463207991960105536 0.15878197202929977827 -0.71430256837897854183 0.68158647739345690209 -0.17292041463285379166 -0.69979344759456063585 -0.69310003672408937447
-3.6658378734782819386 -4.4615931808896869271 -5.9101287425540398601 -0.70538595655987290645 0.0011684618642470055369 0.70882246506791191099 0.7024724525783535567 -0.13241198835550482826 0.69928500535061299814 0.09467367985170682676 0.99119407788613922428 0.092580744794678510035
-3.7113626475863750187 5.1312466490751615922 2.2040016042194259249 0.96089215358042745496 0.00057551929640579056746 0.27692225978614376514 0.13889741668061195146 0.86411100550732533598 -0.48375580389359101874 -0.23956998315104283126 0.5033009427160715088 0.83023754687101036787
-6.8892891795443302883 -4.8225270123744330419 -5.2727016168463727297 0.71142031726631249633 5.5257986853823881646e-05 -0.70276676723324604801 0.48769906710463073463 0.7199650775767726385 0.49376098166534432288 0.50599481432725146313 -0.69401029100183675435 0.51217083464165735762
-6.4183898110911261625 -5.1218312128109291237 -7.130753213369642296 0.62081830424986750305 -0.0043240210754176529664 -0.78394255908832599644 -0.22664476239965561377 -0.9582729419427877815 -0.17419850865342983992 -0.7504777043891259769 0.28582209778468498085 -0.59589339955476117172
-1.1846261488136597961 3.9680511629408168339 -7.0630146380192160294 0.93894591301448293574 -0.0073086590013865544019 -0.34398714501709387603 0.29367006266108708346 0.53794782439040977895 0.79017088818190228672 0.17927204670569582556 -0.84294645247324595516 0.50725024547323593893
-1.2612290003060275811 -3.559600410623502853 -6.2966587052465561314 0.76449453751206386531 0.0019524278635505371363 -0.64462724898929091299 0.057754372714284324397 -0.996181339697548629 0.065476490978171986157 -0.64203779837837726685 -0.087286462088161584361 -0.76168795381681508871
-3.5622118771080506505 -1.3044397079422798136 0.62547888078405089463 -0.93876751702764138496 -0.0038016126089583631223 -0.34453025515232205134 -0.27427258144931709882 -0.59697716831180336339 0.75391830564028194939 -0.20854280145533807267 0.80224921829558992759 0.55938009591429216361
5.3914440936171947882 -0.020093881726195569892 -4.7337425109970858728 0.92437102509371549264 -0.0048664744036146685702 -0.38146366195760444961 -0.31897767555243755622 0.53863340072410137438 -0.77982517407656581909 0.20926406874175171313 0.84252618775404064522 0.49634481208369757299
-3.7139216702337569664 4.243463954533518212 0.15755056396523084428 -0.96261328707227644674 0.017836445808764863491 0.27029154769064300812 -0.094257633247469094218 0.91341554952528192235 -0.39596405450487148769 -0.25395109396621862174 -0.4066373016415257835 -0.87758472342389770571
6.7398056999297741854 5.7126823329698739329 -5.9581983496439905323 -0.9999221175535195627 -0.0037120946189927216466 0.011915501693836224803 0.011978078868671915291 -0.55356837945797976452 0.83271758411290097701 0.0035049184999987291478 0.83279545484940986633 0.55356972996049169655
0.091477925526052911165 -3.2785920766337572907 -5.2302338373671721783 -0.99656793830596757111 -0.0054411326010077561491 -0.08259986934980156903 -0.044256295100578130208 -0.80823569980965548343 0.58719369367964036055 -0.069955161957917774695 0.58883397288988337248 0.80522098065447966775
-2.0525853966145475304 1.2580330589768322636 6.2501599540244896502 0.97511953957584340813 -0.0019832964015773059743 -0.22167081466167318227 0.020288511209469218405 0.99656166681198199431 0.080331939812154959379 0.22074931449561349672 -0.082830614971010629866 0.97180699183191021628
-2.7965230519997730241 3.1891713363471869691 0.78019554963853487983 0.88697544163836172793 -0.004266353570881668833 -0.4617968862580141276 -0.46090231919606200472 -0.07106830863805568832 -0.88460067130142594483 -0.029045104407886702252 0.99746232697500869513 -0.065002216696104092586
4.5822395617663191913 6.0395265031707126013 0.54689208330037286654 -0.62294951655381536337 0.0065898908000895763462 0.78223428278533657654 -0.11880299529267135394 0.98756824418044419911 -0.10293110023608849357 -0.77318804189855638853 -0.15705265494601430842 -0.61442226151037604431
-1.2466027933702690245 5.8737156358090656383 -4.4927716095176846167 0.89515653703224939974 -0.0089386175840099561102 -0.44566228842490140938 -0.43650857531515491194 0.18497183448380438708 -0.8804803712315176778 0.090305248378877017723 0.98270317062860890189 0.16167696357811123242
-5.3820569526203572153 6.3235900012377976864 -6.8823762450489196496 0.94856020457172118832 -0.0017651298892563749635 -0.3165918865342657873 -0.3065678778618374789 -0.25481920981453248798 -0.91710594075745965892 -0.079054883252720059561 0.966987101582045816 -0.24225249391483830164
-5.9707662719324163803 -6.7951241078962256736 -6.0250279202867238482 -0.45071002970359241857 -0.0026116101961441251338 -0.89266659432111328254 -0.81814725875115579257 0.40120344921595618715 0.41191122263806534409 0.35706516509247432367 0.91598524651291901577 -0.18296310023618317375
1.8269506138813056406 7.1293548266195765351 -1.0966602865052894611 0.95963548839114110045 0.0027370180537403046572 -0.28123342289364028357 -0.17838347489696568249 -0.76716015151243710513 -0.61615309608500512528 -0.21743749746528898137 0.6414497725181578236 -0.73570586787943248464
-6.8278318904251324994 -0.66340638951697306069 1.5756169795062548999 0.96947127636648378068 0.003523586934827194813 0.24517958445856630201 -0.058251878845859632328 -0.96796199985296327295 0.24424636220735859715 0.23818514418636291263 -0.25107200396638884587 -0.93820609991255921045
-4.4998395348492410406 -2.75353773195817908 -1.8687738097664763348 0.97554243974761689628 0.00031566850521959864684 -0.21981093831889031431 -0.18591565972663415263 -0.53231911745432247685 -0.82587633739019261636 -0.11727026784160600459 0.8465437127202199985 -0.51924120284727504071
5.6221546814233915867 -3.7046342491675074982 -5.3351181186085279151 0.94963764101476810797 0.00021670300024494073415 -0.31335012973933396019 0.30788703327223004846 -0.18656312965873916854 0.93295218173006277951 -0.058257407346270245752 -0.98244295085857547001 -0.17723409039330212389
-2.1047617632214050687 2.1768204829083321883 0.48573229352590246988 0.8493849818606032942 0.0054340194680362339033 -0.52774579488820427819 0.0178406087763296195 0.99907989766359595052 0.039000907208086230127 0.52747214643832252001 -0.042542091121433922574 0.84850651453882797171
4.7281862275697479348 -6.76494689809827765 -2.409537405622666828 0.8559462532406735269 0.0019980108270085564053 -0.51706094371558164458 -0.49019242385495070957 0.32131718990049690232 -0.8102262962096492549 0.16452172852981294948 0.94696951979840671143 0.2760096545672853785
1.713558060154099838 -3.3934336825511870472 7.0600226122916005522 0.87473669580164725712 0.0037537829625448031895 0.48458396809174747455 0.32248405783946032521 -0.75091445757627794944 -0.57630851966850094037 0.36171777044738506746 0.66038881465123799863 -0.65806296661187257957
3.721455052050596457 -3.7329253685765997339 3.7821098097583205622 0.99521523016324719979 -0.012666226186905528428 0.096882466759510066368 0.095043050711216617299 0.35545562981745409958 -0.92984843589841170708 -0.022659747631631262099 0.93460733035075027608 0.35495869321937417729
-1.5657437017464905793 -1.4085486686358785757 -5.7866797171245973885 0.88885338335248587072 0.00029888049035833169631 -0.45819163411525254404 0.43235876107108867084 -0.33157845059648860531 0.83852348376487817472 -0.15167585380618656132 -0.94342760282406290528 -0.29485385125795582351
-5.6377121020460840839 5.7433009918423927331 4.2786582393469618779 -0.96587791297809522106 0.0025940697838874246517 -0.2589848026873137754 -0.19560185236987509549 0.64812558951397036822 0.7359844669329914657 0.16976387298396058978 0.76152904804680399131 -0.62550278689255289777
-5.3624080901286230727 5.5387769095800853947 -2.1809875719222207024 0.59894626908483272754 0.0013956825163304359579 0.80078799867364625076 0.2304968782910654379 -0.95797838916300925849 -0.17072959613010907365 0.7668993127181037428 0.28683698849174660284 -0.57409928251614206207
4.522265390835897847 -4.5615492921514242397 0.13887670028241427822 0.99254774726952699204 -0.0052401479192839394566 -0.12174362504891203529 0.12034272193007407303 0.19913240169642135169 0.97255535362939971034 0.019146766534526002412 -0.9799585845558227426 0.19827903037604746594
