1125 14.717824617146108679 14.977075390850430381 15.033177056927090831
-0.51369510616158986505 -7.4347056299187563866 2.2046378974261355843 0.90463554013322355907 -0.0031280530244844149262 -0.42617455908588214308 0.16799268334172220984 -0.91639262353447681342 0.36332219568213375283 -0.39167971337741808169 -0.40026837848616569904 -0.82847584594397072344
0.63742553018335712522 5.6960603848101705182 -2.1483927937669138331 -0.99693175158621982757 0.0058009237327231377365 -0.078060437886655828499 -0.037369552580424722499 -0.91153643568385034346 0.40951781763516609258 -0.068779351691821796755 0.41117839887885693217 0.90895639338548139818
1.1286521080335323308 -7.3617299742268560436 -5.6711253529905967241 0.90614030108289100873 0.0073141915645997378909 0.42291400704523246512 -0.26398485870681209775 0.79099794550973345775 0.55193681211970591072 -0.33048713912463845155 -0.6117750835079261984 0.71868595232695875463
3.072646412802475524 -0.88309863793037479685 7.0411416523973056059 0.23429526657607546714 0.00044187131769778684523 -0.97216538346607694887 -0.62135165416510174108 -0.76902072329497617176 -0.15009746503228277303 -0.74768165012017340221 0.63922369472078965913 -0.17990335789276978851
-2.7021800558055315555 -2.8505532273454332604 0.72996790940666000935 0.99912101310769019236 0.0066834061334558447082 -0.041382765122360477827 -0.019397871491431156743 -0.80143700009847118615 -0.59776455018243901396 -0.037160782396521735427 0.59804186053787877775 -0.80060290362708019796
3.4760140870481350817 5.1790569391495333562 -2.1877116524613415827 0.99585453495972420246 0.0066051431754838400845 0.090719993848299318451 0.088726343041327343508 0.14913549730816794137 -0.98482802533903757158 -0.020034501508940788517 0.98879470848418704598 0.14793121111858370531
0.91416955406672029127 -1.3450713713056985377 -0.1845219371126237129 0.38224275944941177308 -0.012406359736969765212 -0.92397865510332388705 0.88679097832959852266 0.28604167657986956375 0.36301779572454390133 0.25979267426506053029 -0.95813685948174009965 0.12033920766206518405
-5.9578568142594319212 -5.2035485228720457229 -6.4218418866602586803 -0.084612255663614563406 -0.0093061401190995523408 0.99637049431811863798 -0.1603856940721668789 0.98704460912088232138 -0.0044009933456800060664 -0.98342116884294961121 -0.16017595125833219982 -0.085008642560458674842
-5.7419970052426299034 3.5717895467081026695 1.581490392838015957 0.81277220862978150073 0.0055335794992788329624 -0.58255533331779807416 -0.5772114810117325856 -0.1278096916026872365 -0.80653058771549879236 -0.078919218618538872212 0.99178327382063058426 -0.10068611971013832762
0.87638064340234222982 4.8501495655496205117 1.3775397475357604726 -0.99422822136857591513 0.0034681680886811446646 -0.10722973302339713908 -0.096556381575155336705 0.4067526659489808516 0.90842123154433940257 0.046766537302540676924 0.9135317403098474065 -0.40407010584207031512
-3.7146469156983119575 7.1888879461957886363 0.23531039657780891683 -0.86832733587722554791 -0.001441682995929390726 0.49598947500779394515 -0.047028470976192955633 -0.99525119422123009549 -0.085225485149376445371 0.49375698545543994511 -0.097329245098509889478 0.86413601785980742598
-4.0448423955274979136 -6.784360280324090553 3.423536528638871701 -0.99787096516616935471 0.0038281557981040704314 0.065106697823386100454 0.064277402231154551204 -0.11130660948618176231 0.99170522548136141872 0.011043207898546581955 0.9937787399153318324 0.11082356992728055467
3.3285288640860186682 4.9183611567298983758 0.15638743259795459539 0.78585311141164615467 0.0070874048367641651752 -0.61837258669615779993 0.05838542752830826188 -0.99631816647312987367 0.062779399552095591086 -0.61565089875431022737 -0.085439334316598947172 -0.78337353224028527521
1.6356273174704822893 5.0570896557633355783 -4.1092198693682062682 0.86447874275785352438 -0.00058126160028411019698 -0.50266904167144921267 -0.49681228232737245643 0.15122293986405732635 -0.85458128846096470532 0.076511825547524781044 0.98849951168116845235 0.13044023902761198164
-4.9478383176409632682 0.82711832052628564416 3.4210807363909330192 0.98021041963892929783 -0.008278621661800648901 -0.19778523113363644104 0.050994691050674507971 -0.9548457487059528459 0.29269290675168224691 -0.19127748094293323122 -0.29698663370843564335 -0.93552758627557563997
3.6039340473885186356 4.7474355543716759698 7.4182487574796649454 0.91921189959050064733 0.0066984692442552812297 -0.39370625364726047346 -0.34985373659474394703 0.47272764971109554333 -0.80878361271065712934 0.18069821980820391372 0.88118312495655881644 0.4368803653744471327
-2.2719491153218056567 -0.8824612725602339891 6.2530676857381672917 0.96208127178425872916 0.0088319207169216262798 0.27261992527775008588 -0.25094020532253141775 -0.36306819122115235876 0.89733522268777776709 0.10690481670471560505 -0.93172071228450881186 -0.34708482315634670012
7.0321702902328766527 -3.5899808535903461326 -2.170464441134252187 -0.018228421537558828908 -0.0019849021728922146279 0.99983187827333164233 -0.11767963410531202817 -0.99304307804629854406 -0.0041168994804941169696 0.99288429757211105198 -0.11773489418113583516 0.017868025270136353444
0.84350011543112168866 -3.5320718964987301014 -4.4309351002661649943 -0.88121443522747777699 -0.0049855117760169301647 0.47269045243054125249 -0.47245534215039397541 -0.023960803958522253893 -0.88102884717089036126 0.015718422956363855419 -0.99970046741314655403 0.018759174655974149987
2.6355261489630263938 7.2836602258588234449 -1.2107966820587190426 0.9144961166952721987 -0.011003700251047795339 -0.40444501620113482154 -0.29008801762027652815 -0.71466390608933716422 -0.63647815623644865557 -0.28203864022918817556 0.69938145522599670656 -0.65674940845336593487
4.9317686711252166631 -7.3688937997617829367 4.6200249490244482686 -0.75928722236671186696 0.0039280825137205550857 0.65074379299261086995 -0.30586438550474726039 0.88048861281680657065 -0.36219715678028457928 -0.57439523990926155683 -0.47405102348553529445 -0.66734229260693733732
5.8937508164794794041 7.3140108322742953817 -4.1904280986929629549 -0.99834707848569481659 0.0068819403913783537899 -0.057059177835282651192 0.053749333878590155322 0.46333262727735896602 -0.88455292979443711499 0.020349938240845515114 -0.88615772602662989943 -0.46293667452136244567
3.9907221954875891079 -1.2902853979373460902 -6.1977827545172301527 0.99893294114204200795 -0.00011908925089579780118 -0.0461840331628099246 -0.046026966872678681808 0.079875351744806699639 -0.99574165650744461686 0.0038075480218053474671 0.99680485251697104054 0.07978463872618690722
-2.8705135809435415872 7.1994570684441496766 -6.1828117637871127243 -0.89170994950727544559 -0.0065481313150171603643 0.45255992744178152876 -0.26036501312031140598 0.82530920906554028349 -0.50107361672156225385 -0.37022077993095769965 -0.564643100912331386 -0.73764133743945259347
3.4145820265872672827 -4.6431096331819654566 -1.4663601484265893493 -0.43325762644456866646 -0.0047221747880346453402 -0.90125774903348054856 0.38899234704740254243 -0.9030302647295996854 -0.18226709774654489826 -0.81300232660571181142 -0.42955097723976420898 0.39308163895833181378
3.5436178172137768883 2.9794131065481903597 7.2555798609057946535 -0.94911017111175011163 0.0093955814443474634096 0.3148040758017353058 0.30161344934568717902 -0.26061602561830971014 0.91711973829196735686 0.090659860279233880909 0.96539681491091466903 0.24451948694104147508
7.058157831007871863 -6.5785265533502137458 1.6200187133006713758 0.9078045042728507541 0.0030627501246224646259 0.41938240495251627449 0.32541515837258860877 -0.63596056019195756903 -0.69975648663073852784 0.26456748992158163336 0.77171548218373431371 -0.57832452639889775359
2.7064861142544938133 0.14002140851385647125 -6.9145206237231384705 -0.99375398263103409402 0.008619260944490456447 0.11125974269973193387 0.11122623816717572276 0.15728213461325549205 0.98127012288904236215 -0.0090413465821356873292 0.98751609529786599229 -0.15725843563930003155
-0.58750845619208602599 4.1615923358087920647 3.3292376538174210943 0.99795513672338709288 -0.0066645043640803699331 -0.06356987863063841282 0.031787760772480723459 -0.81109167494343781257 0.58405464907181126044 -0.055453434092062471594 -0.58488108126260718311 -0.80922125369301356468
-3.8305160382443319556 4.6628356866969387085 -1.5404953208716205548 -0.77660668092256557316 -0.0076848886450387003666 0.62993889039566619559 -0.0014560768060820315772 0.99994482039994259104 0.010403652989693033468 -0.62998408153445473179 0.00716230701027841931 -0.77657501786465921167
-3.1097765418653211533 -5.3450289542019211453 -0.50304418061964539799 0.83773496556216175968 -0.0084687034705036232096 0.54601136300997399342 -0.36068559770482033766 -0.75931411696878514661 0.54161607378310505645 0.41000735003514288124 -0.65066915773946498724 -0.63915852500274283887
-5.1821460602969731113 -4.2374707539938398781 1.599737343056874872 0.97478658765148751275 -0.00399377757985706211 -0.22310346988693657844 -0.19612307515254254198 0.46154542649011409683 -0.86516562499838789435 0.10642766523639665688 0.88710758593691618756 0.44912501939397692086
-4.1837742490113818405 -6.8616579258407348618 -5.8652633839554413342 0.974762170385168214 -0.0010427983127157293419 0.22324341817337114979 -0.084900992256973173422 -0.92658358990372036157 0.36638050225808671545 0.20647162686384420982 -0.37608744128567822562 -0.90328716574935619121
3.5872714448702085477 -0.60461578124012071989 -0.49686972820484015534 0.64047029433139235355 -0.0083953919086743721695 -0.76793705436957893085 -0.27661707148070280304 0.93030275268039364089 -0.24087296261886206872 0.71643617848669216563 0.36669647632621693578 0.5935089691027607417
3.3880199959273755717 -1.6286629337249713956 -4.6190730601094633911 0.87325366203019305633 0.0017166004207219043472 -0.48726286030634258228 -0.14601580665563165806 -0.95311714950818993142 -0.26504166374381854521 -0.4648735591078422269 0.30259668305583448111 -0.83206239035671436532
7.3473608826896494861 5.5990773638231310372 -5.0930571434367131189 -0.99801877192622223678 -0.0041245262273258906371 -0.062781519303557159484 -0.048095157224948996422 0.69333967702300347558 0.71900413636991911126 0.040563366898958536089 0.72059911223157535609 -0.69216438272767810691
2.7477091936128839045 -5.2592154403037767452 -3.6105794409504738951 0.58377646434959729049 -0.0069471568921805979674 0.81188470652096067504 0.75092703530126314604 0.38485422577712447012 -0.53665241316422918061 -0.30872905163761166225 0.92295122401590523609 0.22988564714301834568
-1.138781600608900213 -3.7332364618365936337 -1.4849557442080414393 -0.92210069064287991658 -0.017790592438255207336 0.38654082725706473411 -0.075811397720085590968 -0.97127679178079373568 -0.2255527116302071533 0.37945085095650249452 -0.23728651156078667261 0.89426627082748877395
6.2542681599917280266 -7.3215958675668781908 -3.0760662072711952852 -0.99841314231524957989 -0.015330671600277671895 -0.054186416752387008 0.03601850524072935239 -0.91351673028879443184 -0.40520346834991205487 -0.043288156953143912264 -0.40651218184793935784 0.91261929712051359509
3.2662915583789238205 -0.57451292751186222585 1.1488615828188772916 -0.96584578543228538638 -0.00036329647993282821947 0.2591173224207794501 0.099742005058082602864 -0.92346632138674744628 0.37048817213427498451 0.23915152349465537696 0.38367932089192158251 0.89196229041939167903
1.9353562694270067812 0.1188803917545107891 -2.873757006248621515 -0.65542304521814409579 -0.0017720579642896629353 0.75525988348886707868 -0.58940911007976148905 0.62647457854210997219 -0.5100259830590470056 -0.47224732159319277036 -0.77943983876305356073 -0.41165034312754450463
3.2258272348013434794 7.2605268703013141618 -5.8655624552825322837 0.56606902977017115042 -0.0042897406305619154021 -0.82434668171852121255 -0.76363517756717569362 -0.37941345754609018259 -0.52240477009193975189 -0.31052724375963125514 0.92521728602434105682 -0.21805000464296528384
6.7781319710547078827 -2.852212847947281027 2.3901655693642367417 -0.92127564868304567813 -0.0010917132361691374298 0.38890871333247001296 -0.32093971340479759968 -0.56266304121549293171 -0.76184513020016630946 0.21965627581145594216 -0.82668561751874514165 0.51801738415267561955
-4.6535530943017269223 5.0431708561602333063 -2.0501422079429461043 0.52363337101534490614 0.0077155953514280017219 -0.85190877583666435591 -0.84680144768957477108 -0.10498789434521547947 -0.52144496376109217284 -0.093463366887718807297 0.99444356885110463118 -0.048441587718417868091
3.8846015073037438725 -5.2512224797085478301 3.6160978172139945919 0.80364617863813614385 -0.0073269294949368452344 -0.5950622956165614319 -0.087567997106482511893 -0.99049566645336406534 -0.10606686862438094443 -0.58862948060989295218 0.13734864703089308402 -0.79664966184372187907
4.1172787308209732871 -0.26467621812665348413 -6.1531183847116110996 -0.99590268868291542681 0.0011529619906768462032 0.090424030837353508439 0.040186610194724754763 -0.89011911881626315513 0.45395263043496253408 0.081011548777150055312 0.45572648046435054736 0.88642569004308680025
-4.2871383315681317328 -6.1333775489888289201 2.0873779522701521039 -0.69216174857103041074 0.010641663900280810828 -0.72166395836597407865 0.055937339705741023765 0.99767468626048438907 -0.038938854909424759632 0.71957148904174395021 -0.067319947893964865449 -0.69114752171578330842
3.4363504633904802255 -6.2600792924831258901 -0.027413551387025079931 -0.99846852783578443624 -0.0034561286955555794304 -0.055214618498212068853 0.041603892808960513117 0.6109415655658224642 -0.79058176020386272675 0.036465257775086121206 -0.79166814931408879819 -0.60986213715640547051
1.4705569518810630569 -3.7394518467548802931 2.8746647351207559318 -0.9999835571080183394 -0.0038585652584800017237 0.0042422856728326517259 0.0048696788771648907498 -0.18068601390361088699 0.98352877467176458293 -0.0030284882725847730826 0.983533261183263674 0.18070183287678504014
-6.3031444408381460676 -0.96604554503765027729 3.3338018060438745493 0.98666713974594510983 -0.00025520708168996980927 -0.16275100680163928635 0.085105814125492645905 0.85318994212259946508 0.51461045759190193749 0.13872618984040324674 -0.52160028520915258099 0.84183619946047016924
5.2875879285570404065 -5.6145823200420492682 1.7802340425359512999 -0.98077031094650779508 0.0015820953116306079797 0.19515915079775544849 0.19515186398444611671 0.019797947315873948293 0.98057319526158237544 -0.0023123903307539035376 0.99980274967439519695 -0.019725987794203973802
-0.54035941765854778041 -3.8011374351084836754 -6.8870499488989196379 -0.98988357164459939153 0.00024463891770753337651 0.14188183372137197491 -0.11148933885054297666 0.61715265933417073896 -0.77890482242671854607 -0.087753301425119487056 -0.78684339943134251616 -0.61088200404040271518
-6.6890040888959871879 -4.4473196529579004377 -1.8360413802978610143 -0.73945464666860460934 0.00093824452782596129419 0.67320572280505996954 -0.39357083081570093386 0.810702983685732681 -0.43343127872148518032 -0.54617655263782749486 -0.58545690869634725573 -0.59910882267619847141
-6.3621115733537836334 -5.0901830773164880029 2.7308221014186253583 -0.99557826121326520319 -0.004662373443064336126 0.093819976941525079495 -0.030933774746514302451 0.95933134421545307458 -0.2805823828857832436 -0.088696264743092612104 -0.28224392691384719845 -0.95523365641128310521
-2.9100163531204641387 -1.323716588922795756 -3.3387613552730868172 -0.92744233948293797187 -0.0045283931219030574417 0.37393876582971180556 0.35145556648038028813 0.33112965845880382165 0.87568951922414639544 -0.12778768220945746492 0.94357439714348023685 -0.30551213614329575385
1.4552826866388375304 -1.1001659164156061266 2.260088271904562518 0.9136573245276734534 0.00055170690987210377343 -0.40648491848567208651 -0.35574754403791181145 0.48488341770658183183 -0.79895666725054748092 0.19665700660751950224 0.87457862245350925789 0.44321355450788285646
4.6442438915121222465 -7.2901942420544774137 3.3414810368900691451 0.76966897421985303041 -0.0035047975004387811604 -0.63843354119111328515 -0.54378104385853465175 0.52037470160449972312 -0.658416544650902269 0.33453228015161295961 0.85393084399409846519 0.39861042035062838051
1.4753591818705269478 -7.2519196784017410096 -4.2010236473713620242 -0.97959021797733181192 0.0087743906899124656656 0.20081338329705103463 -0.15439148405741495718 -0.67256732577149802577 -0.72375165765278803853 0.12871004037649758089 -0.73998392034732507483 0.66019506445719711163
-2.6241426505853935325 1.7431594504255571998 5.29923919346825123 0.83583540522637778114 -0.010150918781418395362 -0.5488862671063408083 -0.26031270163749958835 0.87295165880581770956 -0.41254417794267311814 0.48333887981030948522 0.48770109722666760144 0.72700149038897177167
4.8483526398422887027 0.22288774109069373064 -2.1435242568434649257 0.89494500833432544251 0.0035972743637707593062 -0.44616195677640463346 0.4323366184669527601 -0.25411788463115336789 0.86516423241082640594 -0.110265499545208423 -0.96716656286683211352 -0.22897676581325493439
3.1097539673978666919 -4.8584038731852849935 -7.0980161770010790079 0.99797037241904074101 -0.017685975938283700348 0.061174684542137813814 -0.062234739286421376925 -0.4743807924306409074 0.87811713398541957343 0.013489736827111220227 -0.88014207377443476332 -0.47451865819198746355
-2.0852000042674045943 -1.067890145830828752 1.4942918917032816939 -0.92632871203026223572 -0.018505104516574714946 -0.37626144949371626014 0.26050998485405313376 -0.75294398875084589395 -0.60432598619890565139 -0.27212068105828168818 -0.65782437695087603302 0.70229439982786689978
-3.2801815592941694355 -6.5846400215595357608 4.8908199234765916685 0.88120609702619001613 0.0036008648275381426734 -0.47271857202401407205 -0.47064327527523802663 0.10058675979287881597 -0.87657128129587336129 0.044392814758181117774 0.99492177457670005758 0.09033238882587710239
-3.7628716272075144467 4.7929499084833331324 3.8744560918587143128 -0.99757947295157911594 0.0055389927253699042936 0.069314606724286090267 -0.061013262360825687436 0.40843779983576711246 -0.91074472025998598479 -0.033355313847117776249 -0.91276934831579337182 -0.40711121307732445196
5.315579823713189711 1.4536040790191107064 -5.5942413026460728886 0.98042807369668938389 0.0068173788454830609729 -0.19675953764203754637 -0.19361659974986522581 0.21453244132349943984 -0.95733402943857837109 0.035684795203633407068 0.97669307101330282705 0.21165358590355834445
7.0586621340786841472 -0.41618197062306927503 -5.5398065836651984029 0.8745830759195480919 -0.004288066659204572105 -0.48485673739725188014 0.47269864870280919877 0.23023496422196351729 0.8506161583020006578 0.10798347479922132397 -0.97312562073669561791 0.2033865665087995489
6.2758149507729754646 -1.6325148328802943087 3.7343518193581237696 -0.99999074448764557754 0.0029721031268000728566 0.0031108748155264029367 -0.0041986419388066829189 -0.83198513751767133595 -0.5547820313920516222 0.00093933220101601912211 -0.55478995804957520477 0.83198991586578752155
6.6048285955539300929 6.3273648025451807442 -4.4383310026805151693 0.99821128396847969011 0.0038935861533525534077 -0.059657962962998592471 -0.046039489021279723924 -0.58652268110214988983 -0.80862321881298171444 -0.038139192554185324946 0.80992344362884649556 -0.58529429986262304642
2.7783450218613099381 6.0101129840294911233 -4.3415614493250647143 0.98437111486632955515 -0.0008377437382922660325 0.17610453259993869013 -0.17598011825557971499 -0.042561056245963901912 0.98347320983847752451 0.0066712963938407006739 -0.99909351648204924867 -0.042043300628798761787
5.4632252049730904986 -5.4083447271090694386 -2.7685112072339976841 0.62112053465923322548 0.015408919346683015716 -0.78356355621554008017 0.25984382832578845068 0.9392049221243635726 0.22444442327318384067 0.73938519481090592134 -0.34301119436833421572 0.57935555079105671705
3.7494535860067133015 -3.6157582768405083229 -4.6556419359931489055 0.84977568545479531537 -0.0046762686525606850935 0.52712372069681290299 -0.5269468710779247056 -0.034911896267844008679 0.84918087270039210868 0.014431890761937493303 -0.99937945346620404852 -0.032131425716348215038
-3.2492489307227749862 -1.1679048128396676276 4.8809310111010031363 -0.95601464400410374189 0.0056225220731293702042 0.2932650468350927464 -0.048476003605599053692 0.98303901560960338379 -0.17687388406356652215 -0.28928546027082513437 -0.1833103407744824942 -0.93952713714988989047
-4.6813686748891436551 -0.95181319532708319464 -0.25292484748698240704 -0.85637209395498492537 -0.0052154659567705419915 0.51633287287361395723 -0.29021334691240396886 0.83193090712360373562 -0.47293464563963927283 -0.42708670076338589583 -0.55485472394786727879 -0.71395601079040504899
-5.0788572427260776365 -4.9122821722096352559 -0.77593807155327410019 -0.90772000104860828262 -0.0040666161698474801584 -0.41955674506454632144 -0.013754923725267285961 -0.9991271346950003629 0.039443260380576994351 -0.41935092913873939224 0.041574407380808198198 0.90687174775781365099
6.6719606311198953463 -5.4853087208353707993 -5.1926621737778555499 -0.11203853304643195121 -0.0018195612919074989622 0.99370219699340411879 -0.54314139088615831508 0.83751582604119345632 -0.059704862757478667501 -0.83213267969670878799 -0.54641003864067538842 -0.094822323603691152649
-6.3507411998333003211 1.9259453722548542931 -3.0039696617748741225 0.95620302096983511575 0.0074669287361333038996 -0.29260900133688194646 -0.2922306381832540656 0.081199203092843147411 -0.95289450807726405746 0.016644422341447660807 0.99666992248800823084 0.079824988647562752919
4.2675996622676395376 -2.9274917177015185032 -3.2164354969564206144 -0.52809959873154188603 -0.011832189001941080878 0.84910000183902634152 -0.84716772018892949614 -0.061496087236195720593 -0.52775475850501429864 0.058460821834635502692 -0.99803718896545023931 0.022452210411401236217
-0.87259875308159251528 6.5542036328651978039 -6.189099752757619477 0.79165519506583148512 0.016249972288542816057 0.61075198773803385244 -0.56862930925392285442 0.3852453206089617721 0.72680585551175513892 -0.2234787703174941631 -0.92267111223312237023 0.3142216699528228574
-1.1883144263069584934 -1.3649386247570600705 -5.2420930822941347316 0.72970192786318843758 -0.00055881459526982207517 -0.68376515281126981627 0.64131394834243149461 -0.34630517456906328988 0.68468178428244563793 -0.23717402078269106402 -0.93812174785199908822 -0.25234117791757382232
-2.2624640645571929554 2.4806401093415195724 1.5162806069054033387 0.85309660342335025263 -0.015280661428780846836 -0.52152918098013134607 0.18115454466053187987 -0.92871267492374254271 0.32353639421990804115 -0.48929461081883418583 -0.37048518030049470973 -0.7895134672704338108
2.5547990879886675053 -1.7481747076857918621 4.3086162982195617133 -0.99943074904902107214 -0.0034772455958490314752 -0.033557214102373368603 0.033122974235050423042 -0.29002831064624873258 -0.95644469134475273986 -0.0064067490254381253417 -0.95701174903275976202 0.28997838847091600423
6.3941724133532806817 -1.6907125904666338023 6.844107487529601741 0.97123165197404393023 -0.0063341590499029340119 0.23805242412735194701 -0.021885828689811745451 -0.99778973973754681026 0.062742695009697604935 0.237128844104548403 -0.066147665897178367644 -0.96922360556780884355
7.1234173578800268345 -7.1003989773657059104 -1.96948893958745197 -0.91896761342562460761 0.014686916363933960605 0.39405941171698039005 -0.34767214860381590036 0.44135957824092875157 -0.82723986834551499481 -0.18607149851654825046 -0.89721012989307580288 -0.40048892650992584663
2.1248533421860553716 -0.0031605574682830300109 2.9933558707988106029 -0.94934000482645397589 0.000698226743050845821 -0.31425000829834820459 -0.099952477557794697227 0.94739534423003401997 0.30405848773107746474 0.29793129655369121611 0.32006495311214444577 -0.8993305111710594435
-1.5887470882549967754 4.5862755906394827576 -5.9754978760222279277 -0.91826134884525456581 -0.0052760508907232321618 0.3959397157444911608 -0.23568460493026041624 -0.79622323980568321389 -0.55720850620940165498 0.31819626367335696049 -0.60497992998135419196 0.72989754219620750497
1.7301229067194421329 -0.6697062124843645714 4.053566862772170154 0.99960214045237283376 0.0037430943946123815952 -0.027956216613039479302 0.021524577610636197456 0.5392980217424242495 0.84183985193350974185 0.018227818345715435244 -0.84210666366513542425 0.53900288834970999652
6.2558609270394649471 -3.2958152293359210816 6.437845828043901264 -0.87645528090654356568 0.0056495241303627583007 -0.48145012560828193138 0.36745063252569620804 -0.6383121816554022665 -0.67641525072019381692 -0.3111369043163720316 -0.76975687176369078646 0.55737616126363731528
-1.7617307462064597523 6.4295117168284807718 -5.1167601430099418636 0.9553568812850223857 -0.014720829633491031713 0.29508732022276107365 -0.181878113255720536 0.75778731492998940844 0.62664083592578323501 -0.23283810104854435474 -0.65233555974374379804 0.72127992914960326054
0.66029764873852725415 -5.3116512401456290604 -4.5959920478211646611 -0.79542534052726987515 -0.007695157064756825982 0.60600273283610961439 0.52671136219982550575 0.4858424595928937384 0.69751863443655248709 -0.29978937368871594327 0.87401252222978109696 -0.38239827720430635827
4.2014902460509606641 -3.288574764825700214 6.1223415289950491314 0.64924020517508507222 0.0048987445637448754493 -0.76056765529832537354 0.08898154217687764822 -0.99360156710097635724 0.069557249846009278071 -0.75536047099129322024 -0.11283584605974480986 -0.64552198313298914112
-1.3336426632931326353 -4.7765368638281033853 -7.1292001304192140765 0.43958828692396800797 -0.020229308432136536289 -0.89797155471636380675 0.73087116374612104419 0.58918380934160852203 0.34451383254410050672 0.5221010247104586055 -0.80774576067604830776 0.27378331962731133897
5.3569451030440484729 4.3234460786137463018 -0.18615921081297856499 -0.7994247177644600022 -0.0039123062837883408605 0.60075353888818872061 0.21201329800781204549 0.93380217162150747079 0.28820802511883403252 -0.56211251729085287554 0.35776835820764285589 -0.74567507653833398074
1.391368575890871595 -0.3098512328242816749 -1.2404795662524195077 0.86326599904787293394 -0.0047039735739019296334 -0.50472733977901507174 0.21251358691822400115 -0.90362100534923517348 0.37189656366637768858 -0.45783161780608877534 -0.4283070759680366324 -0.77906563164649145214
3.7975896443985668327 4.260229094306872355 -4.0269134703109914497 -0.99785439592341362847 -0.00083652980041406654194 -0.065466821780291853394 0.062694209373238912741 0.27596737263370424431 -0.9591201412506177304 0.018869039381766480185 -0.96116663979735728063 -0.27532281033955896543
3.4767211796963048975 1.4383283556756480959 4.456790224865094352 -0.89282844192598553867 0.001438152514628850652 -0.45039461032012867436 0.39300830488097510118 -0.48597726545715635993 -0.78062191216575327335 -0.22000419446601071627 -0.87397026790169529686 0.43332911884763303245
1.0513032834277911132 -6.6069691915793367087 -1.2679294085997532271 -0.99488515928928489274 0.0040366829715678936158 -0.10093178397614013808 0.10087695504667207325 0.091445401228077261013 -0.9906874272619496935 0.0052306564145972221994 -0.9958019099122192852 -0.091384880853695227287
-3.7368516215691460758 -5.6718218475993742445 -4.0244118358740772479 0.99873531958927419527 -0.0033313532971737487218 0.050166358151470483162 -0.041524763593380108195 0.50788860512274702774 0.86042132632498768974 -0.028345289088072274375 -0.86141631449124023145 0.50710795469490743681
1.6283745470421706614 -5.2305159359319954859 -2.8849290083792302752 -0.9452808402896317741 -0.014016780588051808154 -0.32595653520585282648 0.23226013447359836195 -0.73055196584964710027 -0.64214410775746277871 -0.22912739451185643036 -0.68271323046740906015 0.69383231549781476666
-6.7682642022259624781 2.4072992022712433879 1.6380385808341701992 0.99677801270547239376 0.0061928554262268252495 0.079970256524421218236 0.018897464242478366481 -0.98708066578984954287 -0.15910576692567773849 0.077951775041486093265 0.16010436522926313474 -0.98401733369000321527
5.1873721476602456804 6.9336853206615458589 -6.4990202058256816287 -0.84984290544157914393 -0.0073429871948304126922 -0.52698493015419189955 0.5239273939236448463 -0.12021334825082574671 -0.8432371177780401128 -0.057158743573548401185 -0.99272092324143590414 0.10600965329495140588
-1.9524111554562197934 3.0110611965530926781 7.0707787735474987301 0.86162125052564553229 -0.0013664784195128567082 0.50754995160997273818 0.0073794480838449963075 -0.9998569475775319626 -0.015219333985026830755 0.50749814225139511237 0.016858740098219634346 -0.86148790966200039509
7.2025867945183588148 -0.53010098565521579506 5.2538620316446182912 0.99935310189430337502 0.0077688800101032851053 -0.035114416378348362047 0.031754441587474466213 0.26774638820453816601 0.96296600513354901896 0.016882925506922635828 -0.96345810293272760028 0.26732648712669920821
-7.2490849288468401923 6.5982272500323144726 -5.2639010311377072426 -0.97535854118259135426 0.0043864502735640915898 -0.22058212800713275503 0.025851919084299644636 -0.99064266828126756881 -0.13401038042004745354 -0.2191058977339814251 -0.1364106404745352441 0.96611838961050156005
3.8619133715415467911 5.933410936714290429 5.9866752382959473877 0.99351612579701864547 0.00056137308105914680151 0.11368989683145394598 0.034951524779209659777 -0.95306889317225085279 -0.30072923998673295465 0.10818548283798093412 0.30275298467174555084 -0.94690893520729291222
-2.1775693147696486562 -5.2365675313973367722 4.1517256736090635272 0.75581890766318526875 0.0044606555670988791429 -0.65476551632680135562 -0.37128423103532631755 0.82659355303940817983 -0.42295521968416771585 0.53933829699297686222 0.56278166337001878095 0.62641120741192157784
1.6228723852895003965 -0.00077563075377433052249 -4.5910678071349870777 0.24159726673654408069 -0.0018448988438260474285 -0.97037485388568767153 0.27797705279720746896 0.95822113674315978482 0.067387025583078477564 0.92970937331174297036 -0.2860224631861053024 0.23201644710966071172
0.067085995748883284207 7.3049994952373866752 -0.60276136879870778618 0.96152777138865541673 -0.0041446370026346187124 0.2746764766637721511 0.12525185332414073835 0.89652062409325739001 -0.42492675111636923901 -0.24449195914629401338 0.44298260977110481829 0.8625486011542956577
-0.82230197272514671258 -3.8388221541570581863 2.5716562138963170447 -0.97045121164669856384 0.0022247082978207773085 0.24128716602059269158 0.21605976362771944776 0.45323816492539659162 0.86480827030975104819 -0.1074366062122861093 0.89138668182099412007 -0.4403261962654292927
-3.4684507344100001802 -3.1208014283230074426 -7.4790650599913863772 0.99767242650547471872 -0.004465086179185902282 -0.068042577817832045062 0.054720756118983991667 0.64781388575673926056 0.75983077607483351379 0.040686216836290152454 -0.76178555540654269151 0.64655038421880917099
-1.0278400982908140193 4.8994349646029542455 -0.37346511241136876036 -0.99874041120756817946 0.0092875303603007219877 0.049308546934366717651 0.045045573492570378793 0.59884242744038218564 0.7995990516540995019 -0.02210174947142604443 0.80081301742486810102 -0.59850649436175673568
-2.3685182262816986132 -0.026803991590584535371 1.0425145201997618738 -0.76257874415097270937 0.00044021726913312476601 -0.64689525054506424873 -0.62408482818661858982 0.26270992633836104391 0.73586793776497438913 0.17026974539338279868 0.96487475913310127851 -0.20006227278435759209
2.9893180318194261247 -3.748084716274486361 5.8268794583617964378 0.83935997272967077798 -0.0048335239341864002713 -0.54355448045777776667 -0.30755660119880323666 0.82028529748373091302 -0.48222501779880794226 0.44820059486610785981 0.5719341463651169688 0.68702806273349503741
-5.1015981153643821244 3.5978665124489164207 -6.2126813903397417604 -0.85687875520720191425 0.0041948987316614430934 -0.51550092308269823693 -0.00037466971476943482927 -0.99997169552943487858 -0.0075145034760983062463 -0.515517854683144372 -0.0062458758008281699617 0.85685607340920144637
-1.7911713633745114382 5.755117405338793013 3.8117055051642392272 0.99991449109946262119 -0.0011265336527125765706 -0.013028484606260007372 -0.0077786980466590244232 -0.85209844021472558317 -0.52332374305054751851 -0.01051200960350700403 0.52338033886042922838 -0.85203434117918153134
-0.65933767703312284869 -7.1897221976925482778 -7.3005086307290669723 0.32703316688018940761 -0.0057409893609214812313 -0.94499542263529634489 -0.621181223758564105 -0.75489865453124160855 -0.21038514357414597744 -0.7121679542145488151 0.65581633284639151427 -0.25044309246171458927
-0.53769961291617385246 -1.8109335219366049508 2.0318405335388902699 -0.98787453335022135104 -0.00074981062718106929188 0.15525251734490347344 -0.1519924000818528298 -0.19923618847017582345 -0.96809258416803667391 0.031657805913924433328 -0.97995121255497696922 0.19670639119466043487
1.8702192156869454909 -6.3141415722340763494 -2.3051934364014594614 0.8583308456654253904 -0.009660956562290635985 0.51300567764660021108 -0.26256445758441770977 -0.86726703440166441617 0.42297493620012710513 0.44082657019826965161 -0.49774949217288266823 -0.74693867087522336501
-6.9806093175473975521 -2.0987902288980335719 -4.197360183861237104 0.56942650549897755319 -0.0108962869966794558 -0.82197002729103263441 0.6611847838423400292 0.60021543373581276448 0.45008456396625545759 0.48845484586662507587 -0.79976415525768695947 0.34898303614139380979
-6.0707996742778638222 2.8851076848915719886 -2.3178648438836586543 -0.96564627311604955828 -0.0097567447913129833753 0.25967687834731761898 0.25463104832467842176 -0.23498624311454938129 0.93805356711438026007 0.051868144811694730234 0.9719497268263834755 0.22939796005152335301
2.4988235052462233199 4.0063562453968328825 1.2676392829686933261 -0.66164000566439062911 -0.0073238455666070536448 0.74978587889513581555 0.024364788966423991251 0.99921425504267236128 0.031260671428207521816 -0.74942568675153553581 0.038951685530120357115 -0.66094168141477838141
4.568241847007127987 -7.1116050197822495704 -2.039050257616891848 -0.99693983873285707542 -0.0019434628561517753101 -0.078148454236134159978 0.057296452644578312052 -0.69824072189198382876 -0.71356640252051806161 -0.053179643301870860306 -0.715860403461331396 0.69621534620719627284
6.2405136110009493677 7.049669826376747217 -7.3899635641842458256 0.80063772975232871953 -0.0064322182961072098956 0.59911422305321648807 0.59525414455640091038 -0.1052881338357376656 -0.79660963605882628702 0.068203585575596484269 0.99442095484819592599 -0.080468847844686636206
-7.224850957636022919 -3.7399416086636878553 -4.3648849201506276785 -0.99646248972514517295 0.0083157395462180698498 0.083626282032555662727 -0.076670146565770369573 -0.49742575535112415475 -0.86411185996888195682 0.034412137340947057673 -0.86746669468578274653 0.49630367560049976072
3.8056481724724116056 2.618736294704164802 5.2829612668895382654 0.71257884760116396716 0.014698526513796871321 -0.70143805091374966665 -0.033253077993416028935 0.99936448550613843356 -0.012839700664707753147 0.70080355218515988369 0.032474273317757720858 0.71261476466406525887
-5.7640909473436261479 2.0825811309857251707 -4.3149670907844361878 -0.99994158338575211964 -0.0068018505049034973936 0.0084002765215831221024 0.010783033259166834722 -0.6813675934295301273 0.73186196022044169851 0.00074566055396819725526 0.73190978778371063029 0.68140113482192221639
-6.0210522998278666051 -4.5566684395789680551 7.2067663482322910085 -0.99997363536615280211 -0.0015917889805458704244 0.0070848274883623160031 0.0019357681011005429053 0.88193384485733228306 0.47136922480906551236 -0.0069986694847944432019 0.47137051191502943315 -0.88190751166008285455
7.2403353942521677666 5.2815046137586518782 -7.0143272390362847446 0.99913635809767087359 -0.012431673115737494964 -0.039648347139646655801 -0.010253816572668805404 0.85091741654042107879 -0.52519939972716844778 0.04026657637616522234 0.52515236239754403691 0.85005505650830648356
1.3451099629763083598 0.43617671217080195012 3.8608381476788755648 0.97935056246979956818 0.0093234484568860739179 0.20195432428891302301 -0.20128250508097589311 -0.048500774936455770536 0.97833175762556656707 0.018916366945739733485 -0.99877962941758458015 -0.045622614152803310505
2.4633784883600275961 -3.2748060626052732935 -2.9130403875298256366 -0.8150770971661807085 0.0019091146650102820345 0.57934936002079362449 0.57579582572971188537 -0.10796648651494006321 0.81043346726416665149 0.064097525283502654325 0.99415270108305608954 0.086901750164889435268
5.6297955914964203927 -4.4681085264615703068 -6.8939359331510905449 0.99881378729184022713 0.0061508022161269951256 -0.048303063544817385899 -0.048561882332517819494 0.053050333405487683225 -0.99741034971064213011 -0.0035723801638360298122 0.99857289656666459177 0.053286098959359762262
5.1767266246408318864 2.1329762636249629537 0.38555771661831156338 0.85283571011062864198 0.011061470372356663194 -0.52206215667586475249 0.47653332511518631254 -0.42528064603728771287 0.76944938895336911777 -0.21351168964386160742 -0.90499393145990048026 -0.36796568101675841689
4.9450040050899692901 0.19846565123271814324 -3.9465689646317327899 -0.52878669124526544998 0.0039287748653627826284 0.84874566266341600063 0.79567064788776342699 -0.34580416218501508485 0.4973205219025580992 0.29545364315193212157 0.93829848456857412042 0.17973062789813992746
7.3508470458227828104 -6.2156151658365441648 -6.5280626713648306492 0.68843027683470636724 0.0069354186847755648626 0.72526936644595718651 -0.68750567518738092687 0.32482849654529843964 0.64947855577945901029 -0.2310837521818719098 -0.94574750742455648833 0.22838991150604201485
1.796773160497253663 5.578077613809334423 -7.1679173535807603201 -0.99411736445466170053 -0.0016240137247775371376 -0.10829602148390717054 -0.10810457903902517818 -0.046404864586177055341 0.99305588389252930082 -0.006638198597093717887 0.99892139386550760083 0.045956318360223333275
-0.51860521057412356516 -5.0521289625454919303 -2.4197399601331843755 -0.9937113600347052822 -0.0022364085077049159281 0.11194968251421430483 -0.013723379776264981941 0.99469553593361537125 -0.10194341391814870645 -0.11112786232787939811 -0.10283865650010627635 -0.98847094491628539892
-7.0707576821842570425 -5.0796860492503927986 -6.1908933747812220361 0.053302872408681242766 -0.00067990375275410117051 0.99857815994737941789 -0.99332226179327298698 0.10243103649458368265 0.053092061446620486542 -0.10232149343609349412 -0.99473987579342248999 0.0047845049354406470055
-7.0354158913222342164 1.0145863315310317265 4.4455650272981275251 0.25659890540642127377 -0.0097561678686999293159 -0.96646873665568355793 0.96355335289216026418 0.080842139618517147581 0.25500879316661390073 0.075643491951492863867 -0.9966791688655263215 0.030144592798084089702
4.4166788206271538897 -0.59183674556569532132 -7.4379513824227778684 -0.87926297829905386561 0.00050708008274182861039 0.47633639149493450793 -0.18565733378649579288 -0.92128045071605246807 -0.34172164921136988225 0.43866612520673475828 -0.38889853946524699513 0.81014193608143658665
4.5406987145038346654 1.279845699315525609 6.7308366132624657396 -0.80952799557095733718 -0.0080438539095827495118 0.5870261670497254336 -0.54941027390457308766 -0.34202959300757057592 -0.76234120211042144533 0.20691248225986161313 -0.93965475251356256337 0.27246315487365541097
-1.9429817587773965393 2.620854282705605609 -3.7070718738216972277 0.84982334163736983346 -0.0033111280115799392523 -0.52705723070615329018 0.52698588787542355316 -0.01227305036595731022 0.84978541186282330333 -0.0092823482192583746386 -0.99991920106879039754 -0.0086850069390492848354
6.3064047670238734256 -1.2073110502203767691 -6.199242555524381082 0.70196941576417026809 -0.0059374497350142309282 -0.71218234043151473767 -0.46531216650276668867 0.75321638382570532677 -0.46491898954676913469 0.53918784021562204956 0.65774601924095277283 0.52597209729838290126
