1125 14.717824617146108679 14.977075390850430381 15.033177056927090831
-1.2162947394314214122 4.1059076809247141426 6.9885339986945815838 0.81498061313059033672 0.0045005158590149330414 -0.57947074609358317776 0.55386650156376759924 0.2880059580589914292 0.78120705742337515076 0.17040686214699687917 -0.9576180415381985167 0.23222658731016843081
5.5895115221687641238 -5.5952526923254897184 -5.9723859087411952373 -0.98091316128532890506 -0.0050542382453362851014 0.19438061809998299911 0.022665781347579398719 -0.99581946520323938454 0.088486468333716344903 0.19312077146980563547 0.09120332997224710192 0.97692697794108240839
0.69329161030339570004 6.0495969230787283166 -3.7695584849306071895 0.84588728313814887105 -0.00089493687615986952134 0.53336095030765406921 0.51634856016498886788 -0.24918178641443849974 -0.81932447890617443598 0.13363707809111036173 0.9684563162101746947 -0.21031760495018292367
0.1776926104039053822 4.353416500582233617 -6.8186364392494862585 -0.91980722960463123794 0.014347597838340830911 -0.39210815702213391853 0.33145658013157747179 -0.50638449263741835971 -0.79605984768968462983 -0.20997903670252443531 -0.86218843187127347516 0.46102051157491685807
-5.5823217610550468493 -0.46892590155065516644 -6.7582501273241026851 0.94892264387156188832 0.011598364398221663873 0.31529556592368257473 0.28500480223653990031 0.39717096565167686606 -0.87236889372868819947 -0.13534429670274827906 0.9176713474804578663 0.37357893324356894471
-4.6202342716078943496 -4.4863587429173978904 -0.23607138238169750322 -0.95410952347229271986 0.0069843252572248061202 0.29937641259813607686 0.12717755988359019659 0.91454196403254106595 0.38397768722347963566 -0.27111046730347876377 0.40443072982175970465 -0.87346144694216631965
-0.22449357550098136826 0.70035727753844845278 -2.2356919958314565022 0.85556376706515535613 -0.00032704018872057737284 -0.51769733776594262231 0.26606057458133158811 -0.85755380583220452984 0.44024225235214464735 -0.44409729917972673441 -0.51439417098888695623 -0.73360495207846332377
5.8168988732170943123 7.2751319310405966334 4.4570436090229836879 -0.97943860513311897797 -0.0055014551795230992245 0.20166743109862400596 -0.093456203403869245183 -0.87352782123618533117 -0.47771862384855523498 0.17879025929938216488 -0.48674313504894861637 0.8550527256621104355
3.3465389684900652689 3.5194209126915603214 4.315648906804970153 0.996776087049390358 0.0053122272583166251295 0.080057557595606995693 -0.078475523921981482633 0.27228546290269595165 0.9590110629378137963 -0.016704024419215389441 -0.96220185352834497472 0.2718245180898177793
3.1715841933031510003 -6.6038334462841392636 -1.6182163483019655903 -0.9327161396361849377 0.0076339866145662647889 0.36053061605159270053 -0.32732346326150035809 0.40162434039054079049 -0.8553111945979157138 -0.15132730507321329183 -0.91577268547078771732 -0.37210272141578548677
0.1613583642851232347 -6.0970651973341860597 -5.2771714105737226319 -0.95383987531876990307 -0.010474859787598669869 -0.30013291982769557675 0.011857975228969228759 0.99729851560302340552 -0.072491787117955147624 0.30008145673355474115 -0.07270452591493753447 -0.95113888115045908123
2.4831102386561596518 -0.93074468472440918809 2.427948943981674379 0.97663790605435862879 -0.0011485306015658475198 -0.214888532349266137 0.2148700667369971562 -0.0089373132802955390641 0.97660175038323671082 -0.0030421831298341039246 -0.99995940183022735681 -0.0084817340808163600024
-6.6981004764621916436 -6.8422365862846454831 0.6929540515026788583 -0.99875000969684446517 -0.003973610416426239661 -0.049825982688789030584 -0.034129647126811470115 -0.67407097994040454658 0.73787768714695423089 -0.036518287441174385188 0.73865589039994017373 0.67309277983044557558
5.4936434027876810404 -5.8729901748416803997 6.7023894752060906299 0.91754334222837385937 -0.0050078599093768879497 -0.3976042460432256398 0.0090965088541563356161 0.99992336306308426952 0.0083977096511911805687 0.39753172031817146648 -0.011322073125070802879 0.91751857855915042173
-2.6609799372597158218 -1.9897309053131955192 -3.9912924901084410045 0.62152421297527127297 -0.00056828979218269751184 -0.78339474706703515761 -0.74799342459865592048 0.29678592777398332681 -0.59365305510248178589 0.23283790379282473526 0.95494386752415383324 0.1840345631540998006
3.0667704246411338076 3.4074085774789590886 6.5021650745181425179 0.95769804244371403712 0.0032430248202591814913 -0.28775674151889535368 -0.14566255201381608786 0.86784290320655188555 -0.47500643816140514231 0.24818718830819933019 0.49682811730408810158 0.83160383682110572412
-4.1601198724999788325 -1.3862419487721377998 5.2908697265665836085 -0.99541623554051406053 0.00057900473638628131325 0.095635677316892875321 0.05927032007204779962 0.78852779169085396305 0.61213638258947666859 -0.075056959576726769989 0.61499885079952087974 -0.7849476838200781792
5.7186965144038293118 -1.0269975378647786535 3.8188512962397815897 0.93513287911971221256 0.011487962988778551224 0.35411089378293980623 -0.35114125923369488014 0.1631571128876674881 0.92199759900883615504 -0.047183836778503150666 -0.98653321445389219324 0.15660747851336426217
2.8650370217072418377 -5.4561691408248282897 4.582760749719769322 -0.76712074561138299256 0.0062917082332199485845 0.64147188251711395601 -0.63527166241439425587 -0.14648406469808294972 -0.75826930158279504113 0.089194599532877061332 -0.98919302120319596572 0.11636790888012278622
-4.1002234464291200666 5.3899443495387755476 6.7664928227826015572 0.78438803284140568017 0.0097022019133098554022 0.62019455109912047241 -0.40460021060327744369 -0.74986797573095287373 0.52344693002517539426 0.47014262039819604277 -0.6615163537291642859 -0.58426195343718756448
5.8975092625117566669 5.5780400712754785175 6.7910982314150549755 0.79713918921917459315 0.013899568615652918568 0.60363558129331096325 -0.43887387567156832535 0.69994352811070914555 0.56344367838217412903 -0.41467919439488087896 -0.71406292401173843132 0.56405257404588382553
3.0004125028224346572 -2.4003820364063614967 3.612980985860271943 -0.88302993570467436246 -0.0063165762851847117448 0.46927415602511646231 -0.46914649213515619008 0.038805072693085099211 -0.88226738308216523521 -0.012637308508384698796 -0.9992268347063171241 -0.037229440451738315954
-6.7689398657765975642 -1.5704178322856352512 4.9393551294878124125 -0.84161338458816126185 0.0044796804462713495087 -0.54006188843982916303 -0.39447487705561623539 0.67789721615549602962 0.62035871534182873699 0.36888545953185586379 0.73514304512232064859 -0.56876024909823230669
-3.9693329163876081012 2.571115657211174188 0.860942774557094892 -0.56326980473378718273 -0.0037606387357188545036 -0.82626447622512788627 0.77122321011508165878 0.35650416204966595135 -0.52737040362635778656 0.29654997429599760927 -0.93428616603137348839 -0.19790773786664603295
5.7604157004230103212 -1.9900860862362592663 -0.19676765268474200044 0.99999891863038015138 -0.0014673288377629861018 9.8407799485394562011e-05 0.00097987998015913388428 0.71470536477372248463 0.69942496480953342264 -0.0010966190029268237799 -0.69942411204491994337 0.7147060297192209255
-1.3943168497667248751 7.1794863679847731319 4.1064483199063515073 0.56574304012513498829 -0.0088383809548213329577 0.82453422947259347175 -0.29751948451030452159 0.93039677172132806415 0.21411212835140389088 -0.76903638983250377503 -0.36644744533499612471 0.52373590761068622434
6.7897999465698752886 5.0336738479249811817 5.3098862148742078659 0.99995706493395308812 0.0024752664263406965253 -0.0089298009477439838771 -0.0077724666961904902499 -0.30066038975683750945 -0.95369959567611517492 -0.0050454980233727974442 0.95372805510137093066 -0.30062824195724396903
4.0841959628033386309 -2.0653300450752261064 -3.8727201270507611852 -0.94826790473845978813 -0.0073763829844637829672 0.3173855223807435233 -0.097430859384062720729 0.95824770648144119711 -0.26882812476127943002 -0.30215096968654853171 -0.28584422680379084625 -0.90939423217904202801
-5.069666571744987138 5.5548937777190046106 -0.23796546044035388201 0.83254072505650011937 0.0093473566890055533735 0.55388497727007246496 -0.033630544489623374893 -0.99716057052586182241 0.067377912299242267991 0.55294206531955225614 -0.074722309328572322773 -0.82986242768833351491
4.3110191964981243729 -5.6854286868270769162 -0.16899393573070747854 0.88592079978152227238 0.0010223117871853730151 -0.46383541412121348513 0.2817305448030776871 0.79321443968681959458 0.53985067638855044336 0.36847284382892137033 -0.60894154690812696273 0.70243715434890829918
5.481889799914981154 3.6751044885848247468 4.0591613223608540295 -0.34224314945226264051 -0.0041686345137491847418 0.93960217599748740991 -0.88635571136949276028 0.33330921109392053214 -0.32136976012469403718 -0.31183838695009974407 -0.94280835395436257684 -0.11776768715602607684
-0.39353874188569093473 -4.7095345832151185306 -1.0625059662107378955 0.998369731395379989 0.01351384296297826991 0.055454986088780237885 -0.026469514880381312533 -0.75116122141086372199 0.65958788969367898591 0.05056920224540494696 -0.65998045084450229769 -0.74957892198714570764
-4.6024801950057261379 7.0233647188277288365 2.6301738478318070769 0.99993148131721032446 0.0091969142708343588899 -0.0072421984754099163334 0.0078582819311129054746 -0.98592014309899955737 -0.16703208924249857148 -0.0086764091625262454444 0.16696373318634777361 -0.98592486109474375411
-0.28431124982945027435 3.8808601446898349785 -5.2778834530971492356 -0.85736209704591381797 0.002805710942701781542 -0.51470609335352623948 0.44602558152281313042 0.50313135761606209151 -0.74021619653362535907 0.25688794283960048048 -0.86420539512871341614 -0.43261717471006394531
-0.73037294389135365424 -3.2890761815463593898 -4.3743303961553614556 0.91223511057376260869 0.0037691472980421912228 -0.40964972423426837533 0.0086727561731268741629 -0.99991125151925686065 0.010112981041039146093 -0.40957525112840970083 -0.012778208552839977891 -0.91218683998910299326
5.7742035405927394365 2.2784466181623921344 -1.7877288258741257376 -0.71458273788494464096 0.0013243414707294516586 0.69954968146395457573 -0.62697117107188371499 0.44233992466030114254 -0.64128195179357760924 -0.31028802967809865354 -0.89684649587929932135 -0.31525815051680156076
-6.3195537171236155771 -7.4727702501863193518 4.8917526345075890148 0.95114640121561355723 -0.0040009508363357849936 0.30871429485360019074 -0.055655359715727388548 0.9813133716311192023 0.18419160565222045256 -0.30368240711220262362 -0.19237478797974466582 0.93315000753373611442
2.885847486642798998 -7.1296967890972071658 -6.9143521929203890508 0.90496134467699684834 0.009839504965886418375 0.42538000515112378563 0.10134954425666191369 -0.97594287323656936373 -0.19303828132711145504 0.41324718331688037321 0.2178042523019358967 -0.88418780423614062869
4.2724022885827803719 4.8755381660641372576 -5.4539177155345042181 -0.83312646678361501618 0.0013588651703806712764 -0.55308086554324853434 0.23396851091898399067 0.90698051877721475034 -0.35020718790037580481 0.50115768600604393423 -0.42117038362662789774 -0.75594740671076421368
-3.2435969181805033301 5.8458913426167349314 3.4003697978458378159 -0.97059165197753105581 -0.0051581919311156120347 -0.24067662571943934657 0.23947565477671536871 0.081315593655926152183 -0.96749118083711815874 0.024561267901833518795 -0.99667505601600869802 -0.077688974987894968138
-6.7109624058293935178 -3.9643182598721242726 -7.4679334892798703294 -0.99971271280680307214 0.00051971065728516037743 0.023962924558644391193 -0.014205605162431057809 0.79240382119646213255 -0.60983143977254972157 -0.01930524888574021436 -0.6099966508546991184 -0.7921687909223409374
-4.9431066852634009123 -5.8698202562923373904 -1.5225976799914464621 0.99525269206703492753 0.0028963709067893932472 -0.097281498594816051551 0.02364252716164930157 0.96242046451823715092 0.27053258655091722007 0.094409267779646491303 -0.27154826552953731378 0.95778308068442052914
2.6230960349673035914 6.9361460982137597142 -6.1461604998059646832 0.97791000362114288702 0.0043728456013381235973 -0.20898062838245359818 0.19178796024708349988 0.37880885494620369913 0.90538457559121110485 0.083122819502353603727 -0.9254646020436356757 0.36960230957383866102
-2.6475393244981813012 -1.9007795879928299776 -7.1350766324407128849 -0.97635248358998372176 0.0096401604136984418714 -0.21596966244105997301 0.009007688831666190582 -0.99632363272121970965 -0.085194368494202643571 -0.215996966019476766 -0.085125120783572039151 0.97267621770139867099
-3.6188665738252390192 -3.0063077359692251811 -2.5520765802210818585 0.97991844808521300081 -0.010870349473638754589 0.19910216122545651429 0.081613008358406666232 -0.88918007063045600979 -0.45022007825089427335 0.18193172337174390307 0.45742828672476570917 -0.87043679295801523743
3.1406435530256571198 2.9476892254040647501 0.50046175672895421016 -0.012264409225528145192 0.005495502781640554564 -0.99990968777968602943 0.68131007532925702552 0.73198210412298958527 -0.0043336472652578160794 0.73189218162328861794 -0.68130169432706644272 -0.012721469484920913326
3.8963623059613921029 -5.5348698772283961844 -1.2880530259809532811 -0.67883812788234854096 0.016369220932081336023 0.73410547248967172873 -0.5446276286792591792 -0.68178001733373616577 -0.48842272064634689732 0.49250334233629705638 -0.73137408798127123699 0.47173340057395324321
5.3971616257677421657 0.70915244802862842377 0.98290681773032573254 -0.93676239324886145798 0.0084622610119249007388 0.34986370022237683886 0.28826363037953012247 -0.54821657863437378566 0.78508767810402224629 0.19844469757369090357 0.83629359261501767797 0.51110931213967458753
-4.9009390278878735003 2.0832887956885390857 2.4934412549739386478 -0.33422192651726884138 -0.0011613790831906728104 0.94249368965189728176 -0.93162738130908617773 0.15182425605695393234 -0.33018149201297813944 -0.1427099373913316982 -0.98840682235166088532 -0.051824967905421737147
-6.9416585894765372444 2.5452206401001786773 3.9834837258138500182 -0.99988076038417095237 -0.0065532242600004966815 -0.013982856124082475302 0.008945312572139161103 -0.98389082866985044795 -0.17854640473119834376 -0.012587549268074961495 -0.17865019594510511691 0.9838321305446984244
-1.883994521421018753 -0.96660730349683776641 -6.5011973244708540776 -0.97480370991729092811 0.0012759641449206693062 -0.22306075191913815603 0.18207176906486766121 0.58226951134067084226 -0.7923459390144447223 0.12887047001074347641 -0.81299482660015787161 -0.56783079687581627937
-4.9919711769300363358 5.0497053508426148483 5.2597549245809274154 -0.9600140540758942409 -0.0095408446726971251478 0.27978918538764224744 -0.092509695197514091314 -0.93246422626893921137 -0.34921687104616505604 0.26422523019457944127 -0.36113631638449822381 0.89429614150844061182
-1.0814016590702086873 -0.065609242745861759416 5.8612882128730650066 -0.98373276855127789187 0.0025541104211509700617 -0.17961992261002979188 0.045632825448874515806 0.97065252085652564684 -0.23611719335230119121 0.17374546129330536992 -0.240472784894584235 -0.95497924291842306577
-0.5017579378820559155 -1.9623313970258631223 -0.37539717616623952123 -0.90221269632870093602 -0.0068940653648383674185 0.43123627218245647041 0.39731097797766462554 -0.40229561062445023945 0.82480435768180004885 0.16779820428592975845 0.91548386852803009806 0.36569529543515366665
-4.8898178969693999463 -1.652559480172645312 -2.0291056547518331321 -0.73180669278974064262 -0.016125784512057567133 0.68132145383945152961 0.65264606053753582149 -0.30445692718427674883 0.69380047503189345992 0.19624495930592342208 0.95238959389705435399 0.23332804671445112055
3.7011655571325170477 -2.2634253521848135549 -4.9270875984317052954 -0.67765943132967787488 -0.00076677343043528778041 0.73537548720931245061 0.053714051878143820318 0.99727663950146405725 0.050538153265335991615 -0.73341154596905777652 0.073747653272124999435 -0.67577273389516223645
-3.3613198232008887345 3.6265167926026715683 7.4892013582917202896 0.95808064063898090712 -0.018181709157538930577 -0.28592116305860770797 -0.15948573023746928645 -0.86290444756605344523 -0.47954167308081979693 -0.23800375602767681604 0.50503993883917763785 -0.82963176909642211143
-6.0872361606275644519 -6.2488197386352819507 5.7024498956310294417 -0.99970456979034949541 -0.00043270961491969879911 0.02430197322862396106 -0.0075701629977129904214 -0.94456730963906965215 -0.32823054427260461852 0.02309687798389482502 -0.32831754495255044413 0.94428498023828477681
-3.4614802412363228079 6.1955555533152795178 5.4326949084654136968 0.99244723322412708999 -0.013248588054614367227 -0.12195476284388757915 0.047174581994669312346 0.95892011996773807159 0.27972622747024056267 0.1132388982611240158 -0.28336668547257420903 0.95230261654852221831
0.43067729574170210416 0.022348904782228527777 -0.32575794558892584574 0.99875844487814602335 -0.012882133341098958579 -0.048120883460916689944 0.0076204814367422588073 0.99412534442252986633 -0.10796632734019229183 0.049229026469678791034 0.10746557689437133409 0.99298925106744062585
-2.7500997408723066862 4.0801060537651752114 6.4411342926088632765 0.96716309232330188728 8.0250446241401875071e-05 -0.25415653917902392145 -0.25399106701505397288 0.036385698776728557513 -0.96652191842763079954 0.009170099461423072626 0.99933781799968135484 0.035211287841710028901
-3.9194376570257967174 -0.086451009721498675575 5.1752568066661170931 -0.62112924601093189025 -0.0023414735829385630375 0.78370464924693850062 0.34297327605315680588 0.89833958328075813604 0.27450924396873188638 -0.70467566416273863528 0.43929547073970520721 -0.55718192515946551868
2.6616472897900043115 -2.6469202367223525485 -1.9194420733565107362 0.77854565648430151814 -8.8633033060269436967e-05 0.62758796428365415387 0.62653203324023132303 0.05809454549042292193 -0.77722753110546327626 -0.036390549506889934006 0.99831108174180893666 0.045284787491436273577
6.7764181526831306357 1.7746007460483665952 -6.3685734807777647504 0.99994033581676389222 0.010832106444475290974 0.0014107716867781880388 0.0040787137575677423484 -0.49004525631195572366 0.87168745021380389382 0.010133553219813485127 -0.87162968756007674909 -0.49006019922346943929
-4.6739490906773424328 4.2861691789553573173 5.8973307714722285056 -0.99997632174930839444 -0.0037301827854390786493 0.0057828779257349180454 -0.005177401355610674466 -0.14577050192821189301 -0.98930488489787160589 0.004533261069115522568 -0.98931140016878171828 0.14574773768436494192
-6.1243899645961024092 1.5005396732344680188 6.7717520399527524333 0.98922146803934030146 -0.015635540997445216554 -0.14558989328896232429 -0.14589786282297695363 -0.020790878174830211556 -0.98908116603677398437 0.012437877386536750485 0.99966157735635974291 -0.022847975045461346028
2.0796631241545342483 -0.50775532015458757495 1.3220413426469661555 0.8702530151755724086 -0.0067930574921214762971 -0.49255816301006277724 -0.022371155773427558316 0.9983282569342756263 -0.053293740681781352764 0.49209675976098121719 0.057398133910478842112 0.86864620718465601623
2.4431359491149944319 4.6223210896935844616 0.20446825641495208759 -0.93397937457847879372 -0.00070743439143128327741 -0.35732621985897139449 -0.30309864466904901104 -0.52804405627297368309 0.79328474473839061254 -0.18924518345762672555 0.84921668269727990097 0.49296783502240243413
-3.335952353397650505 3.6669361470688719429 -1.9314803775824349596 0.95719731679197261887 -0.00059592554414140746707 0.28943555690175831741 -0.11485585694461951378 -0.9186738809193112365 0.37795030446094923793 0.26567165609412829452 -0.39501638622896984021 -0.87942061936173054892
-0.41052064701451523865 -2.7982454126662799077 5.8769068628365204177 0.84588756510305829206 0.0061059923918190921188 -0.53332630167730410431 0.18264087292291128484 -0.94279649361506023819 0.27888543017711991956 -0.50111529485921746385 -0.33331289876634390135 -0.79861503415230306047
-0.052069963532567632714 3.6311864200952372883 -2.8400613649469481636 -0.99866102132040679429 -0.0049638757218068256527 -0.051492955178799405813 -0.048776752280957354213 0.42194734444941300877 0.90530727764063867458 0.01723348287928075373 0.90660674961627896185 -0.42162448768767668561
-6.4962434529064090327 -7.4034516722890613138 -0.38490308336276474188 0.97335920470912862257 -0.0010214628328792316192 -0.22928326415527797155 0.22781908087516139494 -0.10860906100279069109 0.96762727238197210333 -0.025890635318337365534 -0.99408401480049812804 -0.10548292051816647585
2.70608347637200497 5.2546238173682340289 -7.2180940578679058106 -0.9481122737362250863 0.0060985255408178146164 -0.31787721588200401612 0.26209237610902719195 0.58095883752737120798 -0.77058057040412641925 0.17997417252540340304 -0.8139100915242775125 -0.55241258144504512551
-2.9818429573184674908 6.2130824793093060165 1.2021847692026206289 0.6674139236794893737 -0.0037357780189344342442 0.74467758019245910983 -0.72965766810103627193 0.19660868180889823353 0.65493870981846435964 -0.14885678305021016188 -0.98047492073983422145 0.12849353267773855336
1.7005554497075829889 -4.1631184701788619407 7.0287234246961798334 0.96215103840612870023 -0.0012971165456368816647 -0.27251366347900124465 0.24094989831622581899 0.47121772982677179176 0.84846744050577294072 0.12731270869587818506 -0.88201596844138574482 0.45369516816800870007
-0.93590946907095184937 1.2161781587033695384 5.7129890449449751699 -0.91645930245723095098 7.2278642290890884881e-05 -0.400127906694167923 -0.20366081221378418142 -0.86085711528395991721 0.46631244957973183585 -0.34441925107059689903 0.50884675673574442101 0.78895523171556913855
-0.57528558178083266661 -2.1938280245558603454 2.526745503664955983 0.73313668533119946691 -0.0043584012243329606565 -0.68006735325289335847 0.3497500895416362221 -0.85519032365044378441 0.38252370540974989233 -0.58325421171834168632 -0.51829577913918079002 -0.62544704798991490602
-5.0462856329934409061 -6.4846029220282410677 4.8595777855316351079 0.98578688339973807864 -0.010957725593638518308 0.16764292042001516236 -0.016592409096363166382 -0.99934217960433768813 0.032247480892576722844 0.16717928244110230596 -0.034570743604419015838 -0.98532022774792971109
-0.41099440521357089029 -4.5682058889011303293 1.6707075727947886534 0.99214916617600590332 0.010893271384995085668 -0.12458478516619710119 0.099544833438686447513 0.53423902816166513041 0.83945189673054632085 0.075702431876684739276 -0.84526327107438470332 0.52896043744360699002
-6.6705778875064254407 -0.48543899110633825789 1.7200379914879160292 -0.92492300001120830721 0.0044922758930487525705 0.38012795675600663525 -0.27624865408791099419 0.67899135724197778874 -0.68018925153615084067 -0.26115919506071161305 -0.73413251954127023424 -0.62677373795268964685
-4.7038457877123587281 -3.9687002131823758688 -2.3738223510548563944 -0.99898074163607841758 -0.0062444100254189201585 -0.044704420179339447727 0.036604957154191174185 -0.691562711135772612 -0.72138830991240721069 -0.026411265624355410864 -0.72228943222913433164 0.69108640641979879327
-3.4589144013088763963 -2.3908368750876562991 0.11639987089414108312 0.79264216888550498297 0.0079842200316225936385 -0.60963484507937348855 -0.60956885633794655188 -0.0093161895143382099371 -0.79267838244508914691 -0.012008392370994776244 0.99992472758869721527 -0.0025174727889319130532
0.57558826082151315351 2.405672253758444068 4.0043717689982392116 0.85777402165979332871 -0.0063200477467512256036 -0.51398811733569760296 0.30226907801151936539 -0.80256801699413471418 0.51431311725072770269 -0.41576090754643307834 -0.59652714531240602636 -0.68651164058712421667
1.3747677578410555377 1.6871117977239986629 5.0382129734442422375 -0.56051244886240003673 0.0010574645713658055099 0.82814532326090239955 0.81442648525342387078 -0.18056547806045991633 0.55145771211440930415 0.15011760319132114172 0.98356239756379870709 0.10034797113352428299
-1.5244221993466633425 6.5352686961825350309 0.083648810953085198094 0.087670239220122792023 -0.0067778620824746468529 -0.99612649284142573691 0.80570606979350112287 0.58852461867703420584 0.066906668642385952461 0.58579148018116988794 -0.80845088520991492675 0.057057058726448978137
3.8896929608829857727 4.0800271078211975961 -1.2462933195428851363 0.97713183179260387767 0.00057914356078894626677 0.21263360009728440869 -0.17012925800711706237 0.60199075673067314884 0.78016867687755631078 -0.12755163216343931576 -0.79850284495654999528 0.58832286011075807242
-1.3980721070100399217 -6.4524852496944298252 3.5889406876035869765 -0.95000457427242912534 -0.017299778618258709884 -0.31175635762779935201 -0.0055489482535247703493 -0.99737078711688609278 0.072254565109975965598 -0.31218667177643671939 0.070372087262740870561 0.94741081443021812891
-0.30601707712108566772 4.6140724104707935282 5.1416540056608379672 -0.75843917373380476121 -0.0048559362340993908469 0.6517257395785180929 0.21064241017450863191 -0.94813139871839158257 0.23806853173032771487 0.61676559143794185136 0.31784158105518423021 0.72012286074713527384
4.8207815066770134393 -5.8658029354885332651 5.8246856945192568844 0.91321715911441747604 -0.0021838189376752444384 -0.40746736217008638903 -0.012064488533058583333 -0.99969214105226500422 -0.02168112623257385449 -0.40729457204264873926 0.024715461822990506674 -0.91296236369935923616
0.90952442497850505276 7.241427873890434519 -4.1780352435311121084 0.96905841609648579738 -0.0056518596268923240386 0.24676677790044904137 -0.17025549765961420223 0.7085390824857986658 0.684825112059023966 -0.1787144418039553484 -0.70564893897240366094 0.68565350084271903253
2.436923356032272725 -0.1415980655074187966 -5.3012102587771270379 0.83185050556355111251 0.01220719726654168058 -0.5548654978719186337 0.5407100912353198785 0.20757825931150258869 0.81519559830612842166 0.12512926767959020591 -0.9781422445616623218 0.16607352520447898891
6.9598775141049520343 6.1871640144117954208 -6.9972525750894192242 0.95770923237527105787 -0.0075107849271670691985 -0.28763973010147897424 -0.28477919437044540985 0.1182432065582068037 -0.95127249227375465512 0.041156247117354334553 0.99295625896244166242 0.11110369530580416209
-2.03047915671364132 0.60190804873031111821 0.33537261579827953861 0.93964582546682184905 -0.0038307010813597025534 -0.34212724009028866456 0.3421420883708319316 0.0043108076986296001848 0.93963833909776672826 -0.0021246288611800529834 -0.99998337119485447566 0.0053612765262993876403
2.1284416310002796102 6.2799821393792196744 1.2484719656750509209 0.83556033731811141241 -0.0039271942453793897213 0.54938465563392868685 0.40433024618822926977 -0.67262241129594080302 -0.61975490626518692228 0.37196232970286680075 0.73997545159798516767 -0.56042872545408850549
-3.1026301007871199822 2.0111643412694686361 3.2675801951999621231 -0.55860375232215286889 -0.00041624436738326234253 0.82943455114453723542 -0.82904207333871449137 0.031043842469428539754 -0.55832384910457666383 -0.025516436387083330645 -0.9995179371003946045 -0.017686290983227104245
-4.6636487228473724187 -6.0688754255349310895 -6.1547030847032946355 -0.95173081295116968015 -0.0030683413226935078028 0.3069186292177112918 -0.2750615881192471357 -0.4351849791840362025 -0.85729525639308590268 0.13619685172825948816 -0.90033583688203633333 0.41333497118580170282
-2.1390089351041878807 -5.9387171982442099605 -2.2117629032230277097 -0.98123914726488770111 -0.013503784700025884061 -0.19232104324168786125 0.16546925082490998582 -0.5709297741475418686 -0.80415117983069739349 -0.098942725383093066416 -0.82088783691228495165 0.56245310587034924588
3.4686848917223098709 -7.4553893096159988829 4.6008706545846784763 -0.93346654832772579802 -0.0080970649490572661061 0.3585730618609628273 0.34939036243685545058 -0.24640486772130826276 0.90399724324770269757 0.081034423483849815639 0.96913315839597791168 0.23283973782013969722
-5.8835094629245441311 -2.4303135021779143088 -4.7019857094549877274 0.80286918001562868064 -0.0048818439543526145896 -0.5961352592998931943 0.4669349349021154616 0.62684328437050940153 0.62373012065102706458 0.37063843074999541782 -0.77913006901223658129 0.50555265720993625145
-4.5041289529967087901 -6.1813183614084481476 1.1543754435583384321 0.90786226303279271566 0.0013358589392897259572 0.41926641511305295928 -0.27002831012137912259 -0.76311974946924154839 0.5871396424214969656 0.32073481740194809131 -0.64625572604869163662 -0.6924469029862995173
4.9154770123242208513 4.9129604771577355393 -3.746217005131251554 0.74271660952743256967 0.0070110871939304099734 0.66956917685051731137 0.10559535444163656304 0.98620694242290740661 -0.12745778845243507793 -0.66122738831079486133 0.16536841104998925567 0.73173193833163463484
-5.4960638047030778708 -6.4207280306306060425 3.3044714409611932737 -0.6989315855249442766 -0.0042945240331064334777 0.71517563983879162137 0.067393793332088502979 -0.99592778072965182368 0.059882653509008940129 0.71200612032186916256 0.090052277229942273573 0.6963748071188485822
-3.7567852877569536396 -4.902863483711028536 6.7153791590545015566 0.90390066624775933235 0.011994904862747509527 0.42757421322407723752 0.32471677180555724718 -0.66991267738563631262 -0.66766460351449719024 0.27842881256260659795 0.74234299817227566987 -0.60942946220187477202
-4.0939278939311991579 4.0947554375869970045 4.4431005556322178407 0.850451129634408165 0.008969424725436422885 0.5259775903245975659 -0.51243341440350931304 -0.21192570070734190191 0.83216554433743561425 0.1189322155949250337 -0.97724461973439880058 -0.17563621862786696348
-4.6138493785997631846 7.3273554092016661698 -5.4479219669081517807 0.93132721788698591414 -0.0084896806487671106628 0.36408452115598921583 -0.36323641580887222613 -0.093706201930554650081 0.92697273635749455334 0.026247275157351368513 -0.99556369612519213241 -0.090354897512999826636
-6.6648011287461255137 -0.66506066917765049862 6.8236846003925304416 0.90039510968974134641 0.00039127448112844312456 0.43507297474214773336 -0.43431878602408074963 -0.05805378673030466008 0.89888650560174787607 0.025609345038905363678 -0.99831338003185177143 -0.052101407813372968558
-0.5362463283058942487 -7.152332278610967542 -5.6760129379043879894 -0.92801238880401659692 0.0045282217864141280708 -0.37252181336631895459 -0.1307856904415300725 -0.94024509227695118874 0.31437918128424552355 -0.3488382281258975981 0.34046829757943392059 0.87315132075804191558
-6.5217872925669286843 1.7187647689247078642 2.2823981917793383367 -0.90238196328921083111 -0.0052654607066121520559 -0.43090493992724998584 0.39403021952232442082 0.39479791816778697644 -0.82998481306198645946 0.17449062563168996065 -0.91875289318394293137 -0.35418376986056621103
-4.5454204901384001047 -5.3648411697088622674 1.9024657063461360984 0.96969781893914397397 0.0097876028056491995444 0.24411133274772425783 0.0010491939054081064753 0.99902111778047775204 -0.044223358315616030645 -0.24430521717044581531 0.043139414227480139818 0.96873832989271724259
7.1276971682832037658 0.11214940063990681829 -2.4630550954771734951 0.88158270509678227089 0.014692552714034978062 -0.47180087215798283129 0.076533463469063450768 -0.99073923692691645559 0.1121534367858395137 -0.46578381578124833373 -0.13498108500143723987 -0.87454304848192632171
-5.8335480094515297367 -4.2345298447908783501 -6.276619468616608799 0.96561383360003205656 0.0059198649214406637298 0.25991321543828149743 0.23189899012281184332 0.43233399853983217609 -0.87138405544657970836 -0.11752779560675982728 0.90169411049754211174 0.41609487902878428134
6.0299266562452586982 5.6124419380047925188 4.4714414137806839378 -0.99924327358836861901 0.0084594669508069944563 0.037964688953885050715 -0.0034220328639358475395 0.95315722674811598214 -0.30245593197829290233 -0.038744933598269248876 -0.30235697199948308178 -0.95240699892628988277
4.8003779351627011707 -4.0529649060306534025 6.9935293525110102664 0.38580889670202644925 0.0017898232226973443543 -0.92257698419067979412 -0.37832277586507029321 0.91235881707518784456 -0.15643933701865236907 0.84144124719864510364 0.40938757362429140096 0.35267327950204263587
6.5444197080178039272 5.0967658844211118918 -5.87610121799667251 0.77066870566428091749 0.014486877034193334363 0.6370713276420205684 -0.17930439734014594344 0.96427875038292942822 0.19497801069518216899 -0.6114897212581068553 -0.26449314160093528869 0.74573701721317087188
6.0926534807529542093 -4.7143014640186180486 -6.7741116390361408861 0.99681546161001466366 -0.00060586386993678222057 -0.07974063220502161653 -0.024165130562019066646 0.95065593915513202372 -0.30930459391026943194 0.075993302075939184181 0.31024654434504111977 0.94761389804160844896
-3.2636171803846085737 6.3833501054239070172 -4.1588236154226052577 0.97727039185618636008 -0.00031162735165624587397 0.21199642470924229265 0.18440976348273924179 0.49452817181751818065 -0.84937325505982885776 -0.104573516405337269 0.86916154434443104737 0.48334520738237790605
-4.3786928879369826362 4.6681563820384610608 -6.69923834064601742 0.96254006850144013807 0.0058621420077562711934 -0.27107609968484819296 0.13754132878169916809 -0.8721414308759714018 0.4695228508033298942 -0.23366428782808368325 -0.48921872392677789865 -0.84027735941959746935
-0.12330742890493831543 -1.4074313736370807071 -5.7503754700589988502 0.21544763530430063869 -0.0047958936476868519252 -0.97650361793787276987 -0.50702521196211802756 -0.85518039801245793186 -0.10766578514114245879 -0.83457039899374318992 0.51830829267864264587 -0.18667823350363166313
-4.7254092675918402122 3.2235424987949641285 -0.84331264125059146597 -0.99221357180368763284 -0.0061445458444875141607 0.12439643276626409507 -0.049662520226111582511 -0.89642792859363462643 -0.44039823219682033839 0.11421848367671147417 -0.44314694334228232897 0.88914280326210692884
2.0948574756757136761 -1.7146470007717584672 -1.3606908469236922432 0.89059632066142579987 -0.00075424185688643865383 -0.45479404651295496365 -0.13327136928014515771 0.95566717665318923203 -0.26256235373323183468 0.43482977790688503994 0.29444809149825662553 0.85101315245924635811
-2.6623462444054122322 5.1648501324972881932 1.94452374477953982 -0.54006114871083710227 0.0018582321428942880082 -0.84162372983809974336 -0.76302744343812034522 0.4208846888966201738 0.49055601027059902997 0.35513810864712480608 0.90711224532886802763 -0.22588558643897074796
-7.2988665282732441142 6.0829479587492958359 -5.8984412818206113371 -0.95536921025821297526 -0.0081230381853845106538 0.29530270628803501065 -0.29539329855285711979 0.014318239269117752355 -0.95526843724383658785 0.0035314671876015904517 -0.99986449295642676471 -0.016078695986712313037
3.7455649991352073513 1.3387452952058389588 6.1417339493809457451 -0.82504608137436141746 -0.0097564399020314343525 0.564981216934874797 -0.16115761337516926188 -0.95426187497334691301 -0.25181838221925140209 0.5415968863093492125 -0.2988127939909609454 0.78573769598215925658
-6.5605092314246915564 -1.242175836459625593 2.7753284821496566614 0.5313165804862330921 0.010287921849931895915 -0.84711088410222112888 -0.57715836036756573701 -0.72757749763986379055 -0.3708358288867398822 -0.62015394730529793677 0.68594835344385496345 -0.38063622797818663646
-2.0031294643540267231 4.6144687110335995683 -1.2486862927206987539 0.70976870165102656784 -0.013692444640157439006 0.70430171596858803795 -0.24857953191579504337 -0.94036092390774517202 0.23222736509676308869 0.65911805199752071527 -0.33990270629559798943 -0.67084241352479911935
-5.659843163425096968 5.3733067045617479707 -2.4717069903666843977 0.99973727679054835704 -0.0011361747521856715992 -0.022892935645339312911 -0.014085372901427008208 0.75748230073568145748 -0.65270373550518134831 0.018082579068172316417 0.65285471062027533584 0.75726728910951146556
-2.3197836635075015366 -5.7986347979947456821 -5.2755511915673665158 0.96604442557244507572 -0.0017490688490395941632 0.25837010000876453608 -0.18140517905598285697 -0.71665587133383801266 0.67342150477574302947 0.18398458857214466944 -0.69742476500409755769 -0.69263869970359703832
0.55655598394369298898 5.1407348829932324463 -3.064681743589372509 0.93051375846020623062 0.0011924540354840895348 0.36625499774015013443 0.26169394778038845839 -0.70178699369124830643 -0.66257927312947151322 0.25624289846042613839 0.71238584597051490821 -0.6533345111423588536
-1.0653873858981643963 7.2132883003283483347 6.8362030792884507235 0.93660368775045121925 -0.0015756198761525980635 -0.35038699963664099446 0.019657767726151555154 -0.99817863743549761768 0.057034901029727178012 -0.34983868319607658304 -0.060306924888084673109 -0.93486681968616636151
-1.1916904069378173592 5.490057687026970612 -2.8069839644941936285 0.84202252538960742356 0.001678360199571581968 0.5394397555275328715 0.45401629538951532306 -0.54224121880180387034 -0.70699622640659476325 0.2913198761796673697 0.84022118739017215283 -0.45734132330588767035
2.286887368421303357 1.2463641556969025093 1.275525491263132194 0.98229565831404008769 -0.0026145634802018117779 0.18731898920025116806 0.062855461473041565612 -0.93734142411633902814 -0.34269555818324448637 0.17647784739219365968 0.34840238043581167604 -0.92058207167335348586
7.211431001079288805 -1.6107675819529410077 -0.92538018352696560509 0.90670962351275863345 0.0012688236745250457138 0.42175354025286948545 -0.33664472799981215445 -0.60021397617206773134 0.72554359615229535585 0.25406295625158226148 -0.79983846675074421473 -0.54379264556133488639
0.67786863542785258385 -3.0541743980809039627 0.21183697097398906939 0.99143840673621841386 -0.0034598858310791432216 0.13052936389313796184 0.11896738416345338518 -0.38810038957811826554 -0.91390636780511547155 0.053820508671214808971 0.9216106101816066154 -0.38436601833016392771
5.5725874073494887639 -0.059389984569014342419 4.0078341063773885722 0.95594706126798367762 -0.013772732502809156493 0.29321583840679127375 -0.13247853152054800407 0.87113939694264652669 0.47282723037134644084 -0.26194399160764592072 -0.49084260505161320109 0.83093855508503733365
-1.8224572134650081079 4.4712702679996523258 1.5664356687382516853 0.65446793492512500556 -0.0063071447463377665332 0.75606345109396555504 -0.11866427669105215903 0.98671620117506475545 0.11095011390701639553 -0.74671983473876935022 -0.16233101448498471475 0.64502568177091024193
-6.22495709859519053 -4.7213368349971371885 2.3284956685960156442 0.99111356381932502746 -0.0073025987754223855783 -0.13281782886534421184 -0.008274978158629129471 0.99317306776214520081 -0.11635627275158988425 0.13276079372254551147 0.11642134479244926892 0.98428686983358382179
1.7058367878530926731 -4.9398176022998123713 6.082535246279968888 0.88924319263268136737 0.0016309436332653773523 -0.45743183577387558358 -0.38128467783293368276 0.55511638316848788133 -0.73923460118412387398 0.25272225625464006526 0.83177108699500312827 0.49425531866920097146
2.8742990618092485455 0.7564475296300686713 -4.9018447477893900555 0.550751033457408945 0.010875888323152255177 -0.83459871447223699104 0.27113312596064159665 -0.94802024719031285915 0.16656662007772196632 -0.78940491964028358662 -0.31802409652484292524 -0.52507194447721428077
3.2509012394612364361 1.7567026772512610577 -3.9433042602296906054 -0.99990337033630827257 -0.00025283493031914600502 0.013899138985919119033 0.012893047243433901003 0.35699037084426754607 0.93401908142029110849 -0.0051980114303495014716 0.93410802972617801299 -0.35695261517212772961
-5.0826994635983266946 4.9797423474145725564 -5.2760221302644279007 0.92488158367019679407 -0.00028260713474494267468 0.38025514634378382306 -0.0065266510081162000534 0.99984061580713190498 0.016617635481911877116 -0.38019923594651627852 -0.017851137655621424766 0.92473232768737001486
-0.78879738257528364542 -4.5957035779315438262 -6.3483886618167923999 0.95078190572026055616 0.01089320275046096187 0.30966934928860451182 -0.10001841635889301141 -0.9350982579955003926 0.33998171168900914729 0.29327475879127401504 -0.35422109766042253476 -0.88798498288447147431
