1125 14.717824617146108679 14.977075390850430381 15.033177056927090831
-5.2424250164051153789 3.3628567412642085266 7.2351712679022304187 0.95853301955619130137 0.011171729958338753874 0.28476243233647746678 0.23766002001686251099 0.52008089666097212511 -0.8203862357535909311 -0.15726463463225853756 0.85404394112839321362 0.4958596387243292547
4.5099732420769989005 -4.771423580576342971 -3.8183084221156340377 -0.98139606848883320644 0.0022981989032917400119 -0.19198040274059147148 0.11114838964783284314 0.82212992554566555192 -0.55834435700641427136 0.15654964782247221544 -0.56929526943765018654 -0.80709051782486507243
0.64748343966735799615 3.8581788942958739064 -3.8390150416631723118 0.9986021069567488917 0.0053251420125612000667 -0.05258778226936354494 0.0084100194203571634888 -0.99824520045493769782 0.058615623702711880383 -0.052183364732565851174 -0.058975949600284571783 -0.99689454498158314166
0.55402033039566378481 4.9279432617076119882 -7.0080444142807101215 -0.99983484184837201347 0.00081618759735912300643 -0.018155518825589508913 0.0065042175152202792721 0.94889224142777239823 -0.31553321427798097787 0.016970096656653308603 -0.31559918883900089925 -0.9487408328008398728
3.9109317572913382399 -1.737908617189454219 6.1659355940371716187 0.92506666774422507959 -0.0055299662367545654798 -0.37976450558480490116 0.26999066488164635835 0.71282659220000399447 0.64728918601291252077 0.26712675101044947024 -0.70131852173306330478 0.66090515958697992893
-3.4237197990131846836 -3.9500142211700421946 0.49356353955806286926 -0.94188481879984264911 -0.013510626224038511239 -0.33566419393998436771 -0.25286394924913818683 0.68632751003195757722 0.68191962293471497514 0.22116240929336408727 0.72716711418514956566 -0.64985781272764431282
0.93175891176144731709 0.75441422756843801167 -3.3420862001907658545 0.81901644208386448209 -0.0084639834149383245954 0.57370761593428387659 -0.19610331337135775143 0.93554831407647753849 0.29375643399480455553 -0.53921754244557107416 -0.3530973138008561274 0.76456963640058339671
6.8785120267110571035 -5.8695541459436553211 6.7132807025344245488 -0.9780070443572026484 -0.0057538916983227751667 0.20849247928433878307 0.098568614796428283276 0.86819732034748386962 0.48633079392389633178 -0.18381090654499554482 0.49618575722384355986 -0.84853594205733195999
7.0804871999935148352 2.8192462905288224739 3.9308041635725929908 0.83954929794535770871 0.0031097661706182234617 -0.54327461350034800258 0.45829117828609011731 0.5329754132827327906 0.71127097841915853937 0.29176389808315067453 -0.84612501333458067787 0.44603395564105702276
2.5143733875605667194 -6.4533319173917647049 -3.6821108388883292406 -0.80079913641260391799 0.0060175532443338241445 0.59890277355654641944 0.41015433936429196438 -0.72317662520696790462 0.5556878500156633427 0.43645636783236047007 0.69063692183906910671 0.57665109136403358558
2.982270331332955049 -4.6198020460031230527 -2.8090484877275878617 -0.99805833632780105447 -0.0020219738758454185862 0.062253264237448709129 0.06143334422916284232 0.13286368561447303716 0.9892285808961737148 -0.010271392475937283356 0.99113225790839198925 -0.13248149240559994877
3.4746112308597263407 -4.9326851351143341518 2.9286445197618817815 0.77428662700362838045 -0.0042065235589252092732 -0.63282108403787973305 0.35253878969913654551 0.83330866608777320881 0.42580872323180485317 0.52554411898594866059 -0.55279197912271504922 0.64670271904232023985
-2.8688549485796479566 6.6512669046108712223 0.96106450387782649258 -0.95093643004471672953 -0.011943094808857296699 -0.30915573502732279776 0.30795281265622376221 -0.13261992685995072083 -0.94211306124950888741 -0.0297484653564428006 -0.99109500931346661279 0.12979102943918396917
5.5183402591929127112 -6.7205019840347972604 -6.5953424336432426855 0.86629351321926195695 0.0028804807720141396149 -0.49952702808237048338 -0.028021852082090965841 -0.99812857272630162164 -0.054351891534360555203 -0.49874875915658811731 0.061082363559432382993 -0.86459159150546893713
4.9449863605012680523 -2.8816876682633290052 -7.3794450259757402577 0.77276029749096986077 0.0091810727950441574363 -0.63463157069598108428 0.62857000214344849187 -0.14967997779704933503 0.76321403069652593576 -0.087984515837112003966 -0.98869186916292839395 -0.12143769111730660926
2.9781696773744648077 1.4942902619229785355 -6.877265853077473956 0.7022084245724363738 0.0086091500620964628299 -0.71191938517979935774 0.60464278439050078706 -0.5351610672816479175 0.58992349957464640386 -0.37591279805836014249 -0.84470617057116570425 -0.38100007041306283018
5.9804314069395720921 -2.3459788682944373583 5.2393259118238111327 -0.5408600694137565279 -0.0075437047959053876375 0.84107875840001222745 0.54988954561507541463 -0.75983894304084820259 0.3467942736866063691 0.63646828117119869095 0.65006759122152968366 0.41511474787886909477
6.3811591178379680755 -2.0971586180175143532 2.162539995294021633 0.79948385141097422224 -0.0072526328406129136547 -0.60064379681310764436 -0.58013744354267426928 -0.26863298471385282928 -0.76894529462349947568 -0.15577585799128343402 0.96321530243287856177 -0.21897525711011270322
2.461161563538166952 -5.2852904992233940007 4.8486705484430956403 -0.26617435002776607122 -0.016360872384873298424 -0.96378604329071626555 -0.41499731627746183626 0.90439192987719252415 0.099259582185055122983 0.87001634632334623465 0.42638897620348958917 -0.24751565223711458064
6.4920862669789354271 3.9481278620353164044 5.7759507961852030178 0.97572276165121751834 0.0021354104381730706561 -0.21899893245808493836 0.20573908863684364778 -0.3517224885373916865 0.91321559254304196518 -0.075076759402672124666 -0.93610188071570032964 -0.34362297524814183758
4.0345863103180379383 4.2053512742432568317 3.9529941564845634261 0.34865728981608939963 0.0022713993030991381367 -0.93724753134021565604 0.933565912313047086 0.087739324916610558769 0.34750035716550775611 0.083022777748609499771 -0.9961408793982686749 0.028470454273092714315
3.3790240722721867073 -4.3901613736812921118 4.1650088658997397317 -0.64372739069851270255 0.00058631961297832919586 0.76525466525427421338 -0.67197023439078429341 -0.4789103052812745398 -0.56489018719420214243 0.36615713915890180097 -0.87786364301334884885 0.30868167052509165593
6.4414371153909080192 -3.3007655671230056171 5.2503105554974691671 -0.68100369230095469941 -0.0023473207280060577433 0.73227621916725837981 0.10470450932164103441 -0.99003200621817510907 0.094199747299478706064 0.72475577734864737867 0.14082299794058494857 0.67446122679572673153
-6.5086151966729177687 4.7729721330188370487 -2.8347967941590064278 -0.75182580182580405204 0.0021898359715466168135 -0.65935814875341602903 -0.63924712879508605035 -0.24753543526589510959 0.72807232924685305608 -0.16162014737131502606 0.96887636616143069102 0.18750337345641607256
4.5615003817737846958 -1.7205569353256455756 1.8834706175659696736 0.99979016209144400129 -0.0037432083070867631751 -0.020140014316671665806 0.00034453816978266375848 -0.97995135566911073521 0.19923659758087775007 -0.020482018419947352339 -0.19920172919355158547 -0.97974443504814012762
-4.165270968785664607 -7.4640163081442505444 6.584947019591989914 0.9840681270712490214 -0.0005392721558143526682 0.17779097409016902942 0.15876900402487462149 -0.44737869083239101275 -0.88013902898915807871 0.080014527701860252429 0.89434446170062220638 -0.44016549067598548239
-2.1834717107424670424 2.6348314793948754975 1.9166518655946420679 0.78735862326691352653 -0.0031789967540821499267 -0.61648705772876999376 0.42195566269132506187 0.73183586610584960841 0.53513520142473092189 0.44946614676763135821 -0.681473520439944358 0.57755867567643104366
-5.7449162002920761694 -0.046029966681325973354 -4.5139887434428267454 -0.89724815900838650329 0.0013876737310001829862 0.44152442233421412832 -0.10007285837654995853 0.97333186157705731123 -0.20642313401164721909 -0.43003623588288636403 -0.2293973879547411554 -0.87318135242761207859
-7.024997249839698199 6.9764933888514635285 3.5032945117202203278 0.75781875115923946762 -0.0071239095573125046229 -0.6524262336112742755 0.1241207066256718311 -0.98010632776303552305 0.15487296880185227876 -0.64055038098363781263 -0.19834524494266905781 -0.74185872862048984899
5.888976130285358046 -4.5513369733528916683 1.9695826000236975606 -0.8254363752168889512 0.0048180349906388328027 0.56447460262400828146 -0.015096971697570286952 0.9994174798795301129 -0.030606900474915547244 -0.56429324992801610517 -0.033785906084449451869 -0.8248828041823565993
6.5999377443456239689 3.8141586351482286155 3.5306644062289107566 -0.89725249447193367036 0.0078021540450399166217 -0.44144885044147225139 0.27865534900763244686 0.78556245355130838171 -0.55248785329618033124 0.34247504673071144099 -0.61873318802424248641 -0.70702198297081408906
0.19663957406306775688 -2.7799630546606768355 -1.8980849083668593913 -0.62612399348331393423 0.021234265367843885991 -0.77943431458911471843 -0.40822233576401395494 0.84275330181897145643 0.3508865868861443249 0.66432166107086587648 0.53788100751698519897 -0.5189997614494403777
-0.26153788781433828792 -6.7736065009416570604 3.1661953898131827145 0.38089085563636221332 0.0062823948880821522608 -0.92459866299232662534 -0.92453835197321820871 0.015877100551920812765 -0.38075812979987971874 0.012287873014229414026 0.99985421396956442042 0.011855757430560590407
0.933483878726537597 3.9410903496310112359 7.2919352816620355284 -0.76733970593969758056 -0.0026418135745762670076 0.64123536748178899813 0.36121474258382230138 -0.82802219407034571841 0.42883931240863792933 0.52982420238089045217 0.56068910007956740404 0.636328568919756421
-3.3143322598777071875 -4.4831694655224190171 -4.2829229842486684632 0.50531603821291148915 0.002166663100558028146 -0.86293163523879146126 0.16176479865289888904 0.98203149590540705915 0.097192031394433886504 0.8476366270057269503 -0.18870465447573850359 0.49588577509097453433
1.9044598106749761612 2.7508079308358235338 -1.6254063090432926408 -0.99710051888698225664 0.0069370494427974166082 -0.075778839923393737088 -0.029367728027160634047 -0.95376643038515651618 0.2991105695570802081 -0.070200368842586680085 0.30046875647103327145 0.95120472801542110819
6.3712319795248797405 -4.9693355676238324392 3.0259834084302217327 0.90834902352343804832 0.011185334310541141314 -0.4180633202762262246 0.37040087679213579142 0.4426221067028003886 0.81663263535659391668 0.1941783765911984927 -0.89663847728850543106 0.39791230077752726135
-0.031159687403600595801 6.8410283306119552549 -6.0212445874341380403 0.99193637134608603212 0.004405920973846738295 -0.1266602663076191182 -0.038934735026867596519 0.9616605711179078142 -0.27146460610103945177 0.12060813243365707537 0.2742071002318506312 0.95407764074699852319
1.0903089912897692138 6.0794002702364817736 -5.1824582543849668781 -0.99862885350616037439 -0.0071195590176750716063 -0.051862557055722277588 -0.050906728361715954112 -0.098872820027669727772 0.9937970972323253438 -0.012203194355275059912 0.9950746089309342457 0.098374817450088872239
-6.6495806288665688655 -6.1074895130869011339 -6.4547873034797351721 -0.66188734504925084146 0.0033239351477880778665 0.74959595377704335561 -0.62712254283361901219 -0.55025530502679187439 -0.55130428581658164067 0.41063665049963393727 -0.83498985068387643338 0.36629153760559507447
-7.2863557039724620168 -4.4647475832320129285 -6.4683495033971718513 -0.65734135372646096407 0.0028418211114195207623 -0.75358759858025436973 0.13503254531912922687 -0.98336423068377920576 -0.121494862097875439 -0.74139635579473939231 -0.18162244867941690352 0.64602223626577881532
-6.6494557691102844643 -4.6522864680356592615 3.3552737433378361231 0.9826948988808364982 -0.010413598835282863314 -0.18493861866268090921 0.13044776446012346094 -0.66993077843506187996 0.73087354094453282904 -0.1315070966181531853 -0.74235052978010962477 -0.65697912788337675671
2.4926807925729983495 6.6237724843188061641 -7.4016709922945702615 0.50950112379192513679 -0.008753214372348751271 -0.86042546806390873826 -0.18931006980711759247 0.97430735965142623023 -0.12201174696937194808 0.83938686094342385147 0.22505232761972937539 0.49475362303735953562
-3.2583492825132385207 -3.4375584377490535637 6.2393933739650675463 -0.93306827270879377778 -0.01322043821712479833 -0.35945628173343491252 -0.13757711405673206384 -0.91022351659789713096 0.39059657899168309658 -0.33234941876298657037 0.4139062331561011443 0.84748185467439052232
1.1361777111427528997 -3.6113220481499066494 -3.3498898274642083805 -0.40906356907014729263 0.00073420514193648332701 0.9125055930800763937 0.19635255026719997118 0.97664502400129782345 0.08723630607150242855 -0.8911299975105734239 0.21485799504839392382 -0.39965406228463862259
5.3870813304648725861 4.4730289092375565829 -0.013905535895257059575 -0.94160674314811465546 0.0031218399035897147209 -0.33670015648012313614 -0.29947024107676800675 -0.46489623790470108178 0.83318009019153915773 -0.15392958119715680065 0.88535966821271561145 0.43868433062374345699
3.7150350773594476017 5.7122357735856699179 2.0051112537936970348 -0.95035829896384371729 8.7298946463578060151e-05 0.31115767059400678551 0.0051460464270777252216 -0.99985878245981985035 0.015997916868554552111 0.31111512627445064849 0.016804984881177008338 0.95022364245806623106
4.1337562422801683581 -0.4735187929504377502 -1.2747113506841460939 -0.8701483097882863893 -0.0055445339870188329115 0.49275874128775137839 0.45282929391737530844 -0.40344012887369123943 0.79509854293956894189 0.19439019919446612339 0.91498924614293675184 0.3535634736506090281
-5.3469758617229645736 3.1866954443456059209 4.0702363121171600824 -0.95735097179121575461 -0.0083202613209071175221 -0.28880770429807095523 -0.28784147384106123502 0.11405326678407391727 0.95086231299428836117 0.025028039223296220245 0.99343979464655030043 -0.11158392207296613519
-6.7696864550285464901 3.6431844891013756005 2.8160137132965314954 -0.9858364950607237942 -0.012657663669422196048 -0.16723094377788572107 0.16722787924646101421 -0.14969020046511766209 -0.9744884197811433113 -0.012698086830762502983 -0.98865192430654291744 0.14968677682315534305
2.4576709369316458442 0.76417269382407571054 5.0549539611612308576 -0.96619785187046824948 3.4599931255444027478e-06 0.25780168934404423808 -0.24522193005239875663 0.30855119643902362281 -0.91905514752783834531 -0.079548199615574494148 -0.95120773712375861209 -0.29812065472530391297
-7.1481255163595456281 3.5106850076877007538 4.7774688728960263973 -0.99491268467643267925 -0.0019629711631080808479 0.10072187753583537739 0.06023195712774086219 -0.81301737782514060804 0.57911557973782790132 0.080751849580656800964 0.58223611198432756453 0.80899953565544380218
6.9368211395602772384 -1.8225664187866930099 3.3335877330662690987 -0.92170598299217643135 -0.0061391131640577923864 0.38784067889538859086 -0.37574757261963909194 -0.23407971984335115834 -0.89667187221895916505 0.096290407554251167266 -0.97219802306303260142 0.21344592140730234142
2.6685958424897981978 -0.6057450081090521854 -1.4767690132044164475 -0.65478001799551244222 0.010235852052967805634 0.75575019375872398708 0.73508774733937465307 0.24121129236602012469 0.63361117110322240364 -0.17580993073590914233 0.97041864149855250332 -0.16546458378374800935
-3.2289466646054840737 -2.678130624258438619 1.3463003821509289537 -0.9994331310053985451 0.0025466468309807118245 0.033569796522173185604 0.032261508953154036106 0.35747747555821490772 0.93336437124453008884 -0.0096234966975381891485 0.93391828821282940609 -0.35735699133065318422
2.7799580897706026583 -2.6522496626029776756 -1.3782458094632312751 -0.92686507436373544166 -0.0058036965325704518298 0.37534977158799348596 0.32301111577967739352 -0.52179137677650178073 0.7895553040822562707 0.19127193470908010475 0.85305338416081466502 0.48550486173097201492
-5.718166481194630002 2.6852140463456901642 -7.0712943055381760615 0.86106852504635766898 -0.017799886591052666018 0.50817729112163434468 0.2018190495957087327 0.92926288198401796325 -0.30941811095485233229 -0.4667226868223478542 0.36899005434288323357 0.80375137536516927383
-5.7818119348456038509 4.4155832932625003195 3.952432608909384637 -0.99973808913489992101 -0.0070635771888711727448 0.021768302881724162223 0.016697889804037500255 0.42532580733019342834 0.90488625699316216355 -0.015650354920800690905 0.90501274217336236116 -0.42509646304645670734
-1.5344938448612825965 6.9622095556325094279 6.8851817384133298106 0.97443308590465438357 -0.011290238349401531329 0.2243940543158887968 0.092499454696647567808 -0.89000977004797443559 -0.44645991992564026951 0.20475353959130773718 0.45580164516738341796 -0.86621062582251950879
-3.8852843316612433178 -0.4500012577764547772 0.23344868901292115115 0.96679216578450632991 -0.0012639462745464230889 -0.25556077675845184638 0.23317314522932294785 0.41368654691037587412 0.88005325137125034463 0.10460971523450750265 -0.91041849901298499415 0.40024363097166187897
-3.2343336082556204403 4.1905989629647519834 6.6881944238723702867 0.99243011451644358445 0.0052491738911222950853 0.12269846769337122705 -0.10411369989688550042 0.56585977730186298729 0.81790161384216475415 -0.065136819807392526416 -0.82448478373182232382 0.56212279450314428519
-3.7214869587385166483 0.12499736946391939996 4.0417835832408002261 -0.81595618010440262857 0.00079950873568957652252 0.57811320079644590297 -0.0060177942696164974518 0.99993311861208622471 -0.0098764596284278659277 -0.57808243209898846349 -0.011537724578300979222 -0.81589679654357494254
-1.4630610429877424217 -2.9241365555204903437 -0.7055502963162680885 0.97439837960629183122 -0.0020349146685217020525 0.22481916498150927852 0.21050725904618014517 0.35943897071471903049 -0.90911513034410584844 -0.078958797543803152519 0.93316637608406205473 0.35066511494104063429
4.1366067609042831421 0.94627396374515260202 -5.742685759713864968 0.99776803791813029054 0.0093782500326229541188 -0.066113470151214048798 -0.056353954909650331995 -0.41286843846389736923 -0.90904558977338023595 -0.035821422014772369424 0.91074239000198997651 -0.41141843028495689305
-3.3818783073880296364 3.8385064317950901014 5.0388702409426011641 -0.6275341282184445646 -0.0089965657568280392453 -0.77853707665447269282 0.50782900040818734766 0.75323012545980627674 -0.41803598462835633853 0.59017846814800911659 -0.65769555259587297869 -0.46810889313278891688
-7.0654102761550188205 -0.12606185355823046335 -7.022369482233100868 0.87388422777140228881 0.0093121393678627512047 -0.48604489557331476135 0.29945512245835453902 0.77729568229540058066 0.55329743530818065178 0.38295298156027202108 -0.62906653570636872352 0.67647786923789321456
1.2144457936470516302 -2.3868765435830789912 3.9060859062599928571 0.96858192673258280969 0.0090711689723119385415 -0.24852920371770503838 0.048850063526398333769 0.97292665311175541287 0.22589244998039650913 0.24384979495691216922 -0.23093601182611639411 0.94191604505986892271
-0.12452377924336664738 2.5938206882976548862 2.6353764792306519915 -0.5435917410679308448 -0.0096507763023173306904 0.8392942759006676301 -0.82234451259492924446 -0.19413698145687405261 -0.53484608537029620923 0.16809973720344786874 -0.98092695698893295209 0.097594996821330964876
-1.4334015168074210056 4.4527963461814019652 0.44549759647512682248 0.99934997666339009381 0.0013443807950942227199 0.036025224262146687826 -0.0074494874216881326254 -0.97003513710597566444 0.24285044351799175977 0.035272216828779782982 -0.24296095451749233352 -0.96939457668159256798
-3.1916894562375981437 -4.1505536301531860133 5.1331712749119464689 0.59522081514554725512 0.00072068512830966192928 0.80356185936754209731 0.12106109141113061134 -0.98866634573500400407 -0.088786648530202280649 0.79439057985581706944 0.15012773702359993866 -0.58856203514360982965
-2.6245020984685156762 3.1855201957799099688 -4.1578754684465213387 -0.92386158712128940707 0.0037180322772208543661 -0.38270869349632963274 0.014828311379066115572 -0.99885429898071609323 -0.045499566915397422762 -0.38243939261447251754 -0.047710225778417450493 0.92274798581882733206
6.1252789642587135432 4.7208670036790119084 -0.99776033373189831899 0.98873109310283524565 0.0069933620672719262398 0.1495390197193697257 0.1481033239335293461 0.099919531149079338084 -0.98391132361349309399 -0.021822716866930221002 0.99497094439086231077 0.097757807087746062535
6.1972393459855865672 6.3959365908378948973 7.1605813803854889699 -0.96544453297243082446 0.009622942054611414997 0.26043089820490261665 0.22350813703152974665 -0.48332748984328177677 0.84642699049738989725 0.13401853019005166567 0.8753867354192853556 0.46447507685316385961
1.6259373254113229645 6.6735920182161159175 -0.99890689480980243697 0.98768230707977189287 0.0010454847415049316282 0.15646906161645302014 -0.09484384619830246721 0.79934237190930279571 0.59334342273985685168 -0.124452019347967624 -0.60087492827699862108 0.7895954758280692154
0.39378866378809307403 -5.0986944001032465934 -7.4510655270382875059 0.9470008951116218876 -0.0031538790179952390369 0.32121543814866193589 0.25010823666382420161 -0.62025947123088454038 -0.74345414001228971035 0.20158168223034708677 0.78439036289052088691 -0.58659746333726792145
-0.87759527040504625717 -2.6905789133036597249 1.8686485459351795946 0.034249456843047705601 -0.0073647606478529480806 0.99938617911525595705 -0.33865755535766228768 -0.94089809788147671377 0.0046722159456495113497 0.94028614522654063723 -0.33860970113584393237 -0.034719380633947888315
-2.5865450760242687522 -2.4578139594321806172 0.0096849604596787666755 -0.78379559462439707396 0.010572349447942922321 -0.62092889389573802106 -0.61576007938291454913 -0.14307459076957929067 0.77483494120658868987 -0.080647321628254456383 0.98965543847505554886 0.11865126468314018959
-1.497034757471037647 -5.8718570754727750227 3.6510423935138378582 0.99994486266375604 -0.0019932330786403803027 -0.010310123878201724046 -0.0092733764706931891275 -0.62828298944133520454 -0.77792961742522492852 -0.0049270804053780275014 0.77798233411851047681 -0.62826683159174856463
5.7142235269932388775 -5.465046155539117656 1.0769586147500322948 -0.9206818315748958037 -0.021602168883144187705 -0.38971568008939860839 0.033598137220561020977 0.99037493607005899765 -0.1342708128355718511 0.38886518252892171565 -0.1367144187851473125 -0.91109441745240815624
-6.5456422902407691566 -1.330502783034267944 0.72034607887186641317 -0.82069617361754132467 0.0021398541492800345759 0.57136084187984326199 0.28980597246368078324 -0.86025332208398319622 0.41949579278918458503 0.49241272214870313029 0.5098623763994553082 0.70538646726341647231
-6.1792756968834856579 -3.0995730652561288565 -2.5208924764400166829 -0.93190610151955566298 0.0056235667759269060417 -0.36265602634896820788 0.01894694110920672192 0.99926938234879036926 -0.033192091269414032706 0.3622044055131359297 -0.03780313475039320803 -0.93133178386112158709
-1.7276762641101526263 -0.63212068028037882161 -1.5913731004204914043 0.96206638947820388719 0.0075632249447755983685 0.2727105789381683576 -0.21517051593314165392 -0.59350165740827831584 0.77553686677468258726 0.16771974036898831817 -0.80479722929564578848 -0.56936061367864432281
5.3628685859825582227 3.0566123595644856259 5.5264656247393082467 0.95178539138797113583 0.0074072075437406556531 -0.30667523867613338817 -0.30042927345833420061 -0.1796171122178679691 -0.9367389949435376284 -0.062022740909585635793 0.98370871007374549588 -0.16873160147151880506
5.2117642880620520529 0.54948838976577896176 3.6390770237616334448 -0.90333899005105788849 0.0029740194919199935096 0.42891703657184804266 -0.42861061858848087391 0.03216286885012237251 -0.90291665589934388958 -0.016480494129036082213 -0.99947821640862732906 -0.027779277130075531732
-4.9589342691936852958 5.9501975835339075971 0.4704197700375793989 0.99277889550490761028 0.0011086098486922249876 0.11995347274725981501 -0.053955348293999977338 -0.88897297915217998732 0.45477012075072925645 0.10713955866252269922 -0.45795830958870831218 -0.88249379694609408897
6.0217062757111374793 4.4011579084922889393 -4.180252258650829944 0.90430041023532636846 -0.0024195104536619740226 -0.42688981484371946173 0.26996085263206165417 0.77788713865242309353 0.56746166175825074607 0.33069911716595384865 -0.6283993519159986052 0.70409683170526116136
-1.366999019064948806 -3.6151214410322007886 -6.8938611897446815391 0.99874839644094826063 -0.0047193493592956013705 -0.049793256053180877385 0.045167609974790100258 0.51270878141277242968 0.85737365977238955139 0.021483193801662320982 -0.85854961021703535273 0.51228023500829911185
-0.78992204196837256802 3.1940989452584931385 5.5738983462515907519 -0.9808009675080112677 0.0021994049503439904239 -0.19499903782615013448 -0.18421462533387839011 0.31765289106766436689 0.93014064130619422688 0.06398776405185638283 0.94820451560531793245 -0.3111491003320465687
-5.4130668734927969155 6.3293235982307285425 5.3768108159997423101 0.98772996536686619162 0.00072585958057539822635 0.15616974304984007627 0.15582188344904682187 -0.071448607826057067283 -0.98519776546541348861 0.010442995488694132092 0.99744401826249817766 -0.070685035740513046942
2.9983244580957646441 5.6565377150819902141 -5.9559180508788047703 0.99717357006317453028 -0.0033579319251864346053 0.075057281197065062184 0.062688582183172178453 0.58783178450035422635 -0.80655063994444042841 -0.041412713402725162548 0.80897621561095034437 0.58638082313834849479
0.21402722986381245152 1.3501092740960483063 -4.7734534739792815472 0.82207219734598613314 -0.012464292371876586896 -0.56924682148128014081 -0.31929139360653108204 -0.83786667871347531023 -0.44275550213481229544 -0.47143430965474869554 0.54573259946378316343 -0.69276664293461265309
7.3199916685297656826 -7.4402510677529454242 6.8832368964389285537 0.86285269915362361459 0.0013290459616117729011 -0.50545371024462570908 -0.47093101171814094608 0.36535062235602788761 -0.80295884386831739565 0.18360065840126782444 0.93086903288323374905 0.31586965959666102322
-5.9073270294561384119 -0.67375109478451278289 -0.63346739723783840326 0.99892944217557211317 0.014096066858776281835 0.044059850813485318399 0.044911050924470438672 -0.06720165326991157928 -0.99672811503581570935 -0.011089051332057909757 0.99763983415705581592 -0.067762779190723126943
0.74536951285333885586 5.664917444747000097 -1.9982681539151216921 0.64306307356235992145 -0.00080764560625937089483 -0.76581279117607492513 -0.39299366008212666124 -0.85863352886275556841 -0.32909640874356188567 -0.65728674606719217355 0.5125893198469577694 -0.55247291573699031098
-3.0448505317754666066 3.4882218618635101315 0.88716734618608961149 -0.7497177957930295511 -0.004518091598442093744 0.66174225610855441637 0.5358931434560968432 -0.59083373140187589456 0.60310367320587521256 0.38825476876396880499 0.80678069429437149207 0.44537977709592169173
-2.9355688278261267143 -6.6042928434067356136 -2.6196369625029554129 -0.91746188867142319801 -0.0068667306925866708825 0.39776441626308572941 -0.11457578268341431227 -0.9529249167013319477 -0.28072494216301413505 0.38096728581074762454 -0.3031286049509439029 0.87348553279512641812
-2.6858521602850204957 -6.0053283618054171811 -0.70427198004681723642 -0.99848949174012924246 0.0026169658508675835984 -0.054880655737985964415 -0.01622510528741289218 -0.96836221196105387587 0.24902082724969393235 -0.052492674183236810725 0.24953512365086089053 0.96694195338790212002
4.1651326601205811428 -5.3711296975025879519 7.4437176562768501142 -0.72850496806864240007 -0.00047559719180308439486 0.68504035304980903653 0.66649682311206026597 0.23060571146865038727 0.70894498419800400235 -0.15831139024354240474 0.97304716208689145951 -0.16768042245253697575
-5.0856592782679932441 -2.1335783355085085056 -5.5764766868603787842 0.95287554708038790796 0.0071949296323240768611 -0.30327615264598001277 -0.29389407934491457164 -0.2259123013863264251 -0.92875718151093611397 -0.075196156166357067119 0.97412107310628637258 -0.21315176055547252476
-3.3379193854120767782 -3.2014509301407270137 -1.6723926889592652945 0.99517755875007218869 -0.010714785547864230653 -0.097502922678280923297 0.04908206650829884804 -0.80623090535462949013 0.58956142851968007523 -0.08492689389948901435 -0.59150394810308959403 -0.80181700036287639755
1.2938117490596703352 4.0597609159317977756 -5.6603608614903384577 0.89975140438872058812 -0.0016758119967360970114 -0.43639958977354759151 -0.18494483113322815471 0.90428773955934083073 -0.38478447671362658866 0.39527562502327179272 0.4269202217473866412 0.81332423087333349798
-3.6652214186405265295 6.1318128306696193519 3.7953488156614878513 -0.93633019594563582366 0.0026518562343435699014 -0.35111071162645346444 0.33632497896976376595 0.29399641192333791917 -0.89467961768291959235 0.10085272768411861211 -0.95580284443742102862 -0.27616960347572921952
-5.083274195938665585 -5.6380298678991191963 5.5738261740815246981 0.9344383826897899592 -0.0096193161417588348566 -0.35599491248198650295 -0.10386949773197197422 0.94880953261879785732 -0.29828107256844144102 0.34064062646283199687 0.31570229579249781127 0.88560489160486211002
-3.2494488734786943773 3.1676017918936438811 2.9339647108540405362 0.66691902988006424025 -0.0010274928038175061215 0.74512948662791012033 -0.40510162160787105412 0.83880117340277349225 0.36373791068397687276 -0.62538922580624056735 -0.54443689786477877934 0.5589962258270106954
-4.1385268662620555702 -6.1787184374115851071 -6.9767452953213595634 0.97174452327435789645 0.0068153102383591785199 -0.23593671404140020842 0.099636041551921933346 -0.91800429324864762926 0.38384994047273146567 -0.21397485999580062588 -0.39651187765745515845 -0.89274469484086615978
-0.41791138469236438491 -1.2781633881815905873 -6.6405379215618607347 0.99964091126599885495 -0.0037713349169930534231 -0.026529710818886352575 0.025679437026806653521 -0.14804250154119341643 0.98864755310044605263 -0.0076560457924188425605 -0.98897380894057607126 -0.1478924953893301919
-5.1385522023452336882 6.3559123789435547636 -5.170334863717124918 -0.92871004353861696945 0.0036617068361090429271 -0.37078868231596101568 -0.15540675504932122131 0.90405016685767514151 0.39817337466206498275 0.3366695642846470049 0.42741067804609345071 -0.83903141584610529957
-1.2399305151228383615 -0.61674984663881049496 1.6128448205589924758 -0.81007632849910415906 0.0036224471249090553146 -0.58631324382288463326 0.41355689224367114809 0.71238774136897742295 -0.56698712756545643909 0.41562848661152207441 -0.70177673360124914748 -0.57858653397119808037
-1.9262367263856658983 -3.4225997218011894319 2.3915505463549355802 0.71400509048772631271 0.0069643299535592766841 0.7001058697552771104 -0.43035033264161132172 -0.78438546996905333941 0.44669679391798511325 0.55226381553812109448 -0.62023457869562859113 -0.55705811675034866415
-3.3817678813134435245 0.98964785851050152132 -2.9579875833959263787 0.95570642660252946854 0.00098746698924501857819 -0.2943199807346367769 0.1858482693954318643 -0.77744005660404114089 0.60087218204058312487 -0.22822280103755213099 -0.62895626501079493487 -0.7431879774257642568
-6.1460314005447020946 -5.0618343088838093635 -3.8626819773216980458 0.91998787278885585383 0.00017755607348478264981 -0.39194678515737230162 0.18541587083991814544 0.88083090397698959872 0.43561206760112380909 0.34531618664934443652 -0.47343097392643024302 0.81032082792260407
5.852756395021936342 -7.3113293625553890109 3.1775678904130697511 -0.4514675700707038164 -0.0060946957688109140369 0.89226671340916752229 0.85651846489354543923 -0.28325141388787372643 0.43144496268570936559 0.25010628234968307337 0.95902632456777758829 0.13309904701092423185
1.4262257638950868177 -4.2169494954952213561 -5.5979531777039781559 0.95660238931589547384 3.3933680624586518709e-05 -0.29139640973003205771 -0.055070549714563911403 -0.98195825489480759174 -0.18090113376644101351 -0.28614524862242657344 0.18909781725953858644 -0.93934174409444470832
5.0254067456108231227 5.3256091692837079776 7.1153139479183442617 0.97390435489004789638 0.0036662292717981551787 0.22692920986323697474 -0.22557919591985009511 0.12571560672322668051 0.96607950635266526263 -0.024986674336077228931 -0.99205954709853383378 0.12326200191665753758
-0.55454867177056010874 -2.8641433753436658094 -4.8381531416023424441 0.97929246797986080342 0.01047252921572529305 -0.20217959414845979027 0.20179301284946490891 0.029935600008092540236 0.97897060212108455435 0.016304665692265480487 -0.99949696647067176603 0.027202424389756580531
1.7285787945780164421 6.7592086002596021288 -2.2607569313642335018 0.93961702711171757318 0.0044001477969405631066 -0.34219947554166313397 -0.25608271471142529663 -0.65428647793926442144 -0.71156928546119202483 -0.22702749962867113664 0.75623398725876389559 -0.61365191348776804148
-1.512759731774442562 -7.4405980226151768875 -6.3747333004772235299 0.56523758302668491993 0.017070713213047837564 -0.8247515174187619591 -0.70536665971705925227 0.52841237638951421562 -0.47248093701007493062 0.42774332267584352918 0.84881620579996353015 0.31071964642987232041
2.2072621717705680489 -5.2607285986106262499 -5.5560206276440755602 0.81684860664022040933 -0.0020584645503027038799 -0.57684843464593305029 0.1608203320718624707 0.96115874708316639818 0.22430043178264055803 0.55398120421373975297 -0.27598845198542254487 0.78545222626755184514
-5.3310225412200891171 2.8688424598448065694 -1.5369491709225493459 -0.92672946205484996174 -0.0059492669123076512283 0.37568219332674612776 0.24461635070982012952 -0.76849799351149072901 0.59124755807886431036 0.28519352223534766289 0.63982453859786725392 0.71364502007851637888
0.81947929479858949708 0.52829893851717379949 0.061637563263950333192 0.64580094729875869852 -0.0029065605349484161662 -0.76350028708179018544 0.7297982545044545688 -0.29149777758838107955 0.61840403732779425372 -0.22435606564203697255 -0.95656708994560668557 -0.1861283380969827872
0.28773034656570267709 5.1480933032716409414 1.0185671518972552185 -0.99878387609751539955 -0.010157853166976505213 0.048245070907610182465 0.022852062730164442172 -0.96246377828441798119 0.27044640637180877851 0.043686978343925493562 0.27122000941950863417 0.96152543097600584598
-7.2239538051921119433 4.6474107663275665558 -6.8223511708947137677 -0.92180892966472660621 0.0060756277876901606042 -0.38759693489131713529 0.050199575177726628306 0.99332871801528477285 -0.103817438891881067 0.38438041032574810085 -0.11515704369719484412 -0.91596427629292931361
-0.029615339309513384614 0.65566609610142545517 -7.105357610206546326 -0.78071686008304730375 0.00016974143446331010909 -0.6248849138600560682 0.44769510124465927703 -0.69749258057595464599 -0.55952944190899167598 -0.4359475664614360646 -0.71659198378800326168 0.54446822502983605041
-0.86422181844129353223 -3.8194195278436935403 -2.375425111631288555 0.82442712188455158362 -0.0008467633632515615856 0.56596749349497232906 0.41500905078441141516 0.68083821870217764438 -0.60351206095788634265 -0.38482126821200435263 0.73243334368822110569 0.56165290757326558069
-1.088732863455396771 2.0840556578931543896 -2.7586925784267153361 0.99733030801998368009 -0.0036341982618059666052 -0.072931812727125497342 -0.030467851128830443497 0.88696006681692995954 -0.4608400480856543191 0.066362389591255233068 0.46183182271799350094 0.8844814304283439288
2.999390813515340426 5.7157381606698747234 -4.6543667932344412463 0.91532485408503849733 0.0073543395232663682712 -0.40264913409137043088 0.35683377325733034446 0.44866807348503801034 0.81936964680061985522 0.1866817338607888177 -0.89366821221612902093 0.40805276217332675515
-5.1855148445816823255 -6.7062474134268823533 7.1616956142129897245 0.99992909981721789237 0.010615968165645717561 0.0053941226008595334618 0.0083598917722345726655 -0.30325961611825336117 -0.95287130161494815184 -0.0084798318546517800764 0.95284883714670398636 -0.30332686330100494532
-6.6084755022663177471 6.2649186919271029339 -3.5771690625188017343 0.86392821541871978042 -0.0038054675888142611151 0.5036005927517184233 0.38775188706467417221 0.64312770969868726656 -0.66032963215001727608 -0.32136663280626454053 0.76574948085798577591 0.55709175176507808036
0.13727892493527205087 -6.9924908876695024418 7.1027053631361685149 0.99917371613449512679 0.00039477655988191763178 0.040641470661884102067 -0.019724636153731461841 -0.8695909899379099528 0.49337860609011902069 0.035536231014235503123 -0.49377257352986853034 -0.86886467410922429977
-3.1265827392636178494 6.0989717336138715709 -0.30136772457967381245 -0.93090957677273444837 -0.0018642627306375127248 -0.36524496491713642765 0.29726433834368415354 0.57717797996184594389 -0.76059154123371086609 0.21222929350564898043 -0.81661625257619152585 -0.53674633022158813045
0.75912826681087652858 0.02944062865793415501 1.8178156829428682162 0.90026909872015548064 -3.6114392717638207908e-05 -0.43533383579177481471 0.24081453729821120091 0.83310830467370622365 0.49793464562077893731 0.36266225129620616174 -0.55310989087107464979 0.75003035945571738807
1.8651858935063381217 -2.2792823351071729299 1.7430792651857454079 0.99734135722790395739 0.006859132743215055894 0.072547704724506889562 -0.027685112316109861813 0.95657858042638288509 0.29015677490873481581 -0.067407356563086634482 -0.2913938430499857235 0.95422527555803593469
1.3803177244664381895 -3.3680743726189579235 -0.062333632356372653538 0.1004509940673354168 0.0082297134209825349022 -0.99490797042129763827 0.03512341123933537812 -0.9993718346140217923 -0.0047203986353582822605 -0.99432185119998950373 -0.034470393055060402632 -0.10067694983875193071
6.5615241112237177035 0.58251044122299444616 5.7222725365401174713 0.80076327302119332252 -0.016069346515026040889 -0.59876536028987381588 0.55155377487179513274 -0.37006522895142313079 0.74755612481331268349 -0.23359497855287064683 -0.92886678400282096657 -0.28747153523636354011
-1.5613535274656096252 3.0892951746371908328 3.6518170860569441061 0.60029247837928478848 0.0048229481635080929947 0.79976601551476567131 0.56832456701575295721 -0.70615514240312982075 -0.42231753620221351708 0.56272206898942400688 0.70804071495117970603 -0.42664062048022355356
7.2739692394982133905 -6.1991350217094254305 0.27347085810956262009 0.97931627674003018935 0.0047469266098299645745 -0.20227974886240437935 0.15055409128161600929 -0.68500037809913660869 0.71281691029509308688 -0.13517801489315156571 -0.72852724636203947117 -0.67154668906759218405
1.915381402321993054 -5.3367138488751972858 2.9084420800444084065 0.92755191719013041496 -0.0060771642269921814783 -0.37364489691688973494 0.2771929499693521759 -0.65938349609651925043 0.69884009155378978839 -0.2506222444324233134 -0.75178219794734024717 -0.60992787888830712895
7.0591833864186810388 -1.0105031936589816688 7.387571483356175861 0.99147175432062961686 -0.0022893235156277828846 0.13030164765702884067 -0.01551514688785924842 -0.99480826328294080785 0.1005773310499341322 0.1293949017594605011 -0.10174123206404489528 -0.98635981320030752251
-1.3384944528239093309 2.3532946090388553451 -4.2729125204813263039 -0.97800085870765662843 -0.0073133183577148343918 0.20847262588080961443 -0.20410543024295435544 0.23990761179496597477 -0.94909710311861816834 -0.043073120532184872022 -0.97076817684625893445 -0.23612253833587515395
-6.4583255556357066496 5.5479477813488111693 -6.0071550760237464317 0.990849689602483652 -0.0065631883500153267996 0.13481030069452210052 0.12642982787109302567 0.39478370675600921169 -0.9100336936094427509 -0.047248187681026704299 0.91875064595279032353 0.39200109607274069567
-6.166512236159644722 -6.3687348384429682824 5.4721104734673202685 0.73002642820062024764 0.001585475200961626932 -0.68341707645994576037 -0.68056771719515152252 0.092936059445726304507 -0.72676713682350113643 0.062361818771826782459 0.99567081664736201141 0.068924802766372722518
5.2700637255742366349 -1.7184711359354303273 -7.1208280773495626903 -0.97972429820930506672 -0.0023475994987914223545 -0.2003366872917349828 -0.19714202034129285623 -0.16693773789882235259 0.96605735620674826336 -0.035711669159928918771 0.98596464462065747103 0.16309014759939444161
