1125 14.717824617146108679 14.977075390850430381 15.033177056927090831
0.64185446471856999473 7.1553964871901634126 -0.087018582670160271597 0.99156437059700897052 0.0010075374363191320556 -0.12961127972046171397 0.035623411962436610234 0.95934260056610198841 0.2799870483777107677 0.12462371958265111571 -0.28224237741236485322 0.95121404999608216713
0.72918679812020670283 5.1807175442464705739 -2.4793448486298066413 -0.87548978033212143668 0.00072000503139970088891 0.48323609770664310847 0.21502736757031806758 -0.89496243066135716671 0.39090341377436171877 0.43275960501159882465 0.44614092986121262063 0.78337564103873291721
1.5619918661651293057 -6.9398448091214630651 -6.4447042202922801835 0.6497511175150479934 0.0085677113750793811725 0.76009873017235296544 0.56495503149868409043 -0.67444960564849099072 -0.47533518891920428784 0.50857575411366773288 0.73827117224120619721 -0.4430647566274564797
2.3931978802163178521 -0.045786732345732848726 -6.194152154158954815 0.39044444623116669746 -0.010413429053449021339 -0.92056759388029352209 -0.54579281880444685537 -0.8078801306230007917 -0.222350834237270506 -0.74139283335409777997 0.58925483030672243245 -0.32111588501880006241
-3.0517044272151179207 -1.0732581004773993349 -0.47573506409118032634 0.57183972425974938236 0.014151593138117165779 -0.82024329449879329612 0.6165698625122671972 0.65213035585138567907 0.44109817911526455481 0.54114779349101949091 -0.75797475643242151477 0.36418859703600930944
3.857650471698799155 4.2505647936959993771 -0.64929384611589846532 0.43723278065793291791 -0.00332632013198329822 -0.89934222135544650278 0.86691120046544378752 -0.2645858892767578574 0.42244440782572517668 -0.23935844673984613129 -0.96435638785153554586 -0.11280199991258481329
1.6119543597005303592 -1.4652054266981351383 -0.19309618095439073926 0.99633354231637671905 0.0039972203978379970343 -0.085460486099643351299 0.056103785446434059625 0.72360894428846900261 0.68792620316746755371 0.064589764776447719519 -0.69019860763039320162 0.72073160351913867494
-5.0264766593759517832 -6.017075848401522542 -4.6374427807747000685 -0.99422836322042040802 0.017463758217282188134 0.10585357300109758671 -0.069784988134461822806 -0.85467619227339697296 -0.51444986324438035652 0.081486300684494555879 -0.51886763582825790042 0.85096201988729269772
-4.4897613555781630268 4.4890279357075524302 0.58900231693785121134 0.90690315826892509143 -0.0029961714808742750255 -0.42132847575059606537 -0.031735949874394459025 -0.99761983209158022756 -0.061216828594591606028 -0.42014222711768606233 0.068888994578722245743 -0.90483966282349037602
1.7480577458426338477 4.335463448190195912 -1.1039124328011167275 -0.74771505119849523968 -0.01289730095423801369 0.66389446588989675657 0.6211139084032305524 0.33998054046922049354 0.70613790784119434552 -0.23481847244044373735 0.94034402839087816162 -0.24619787421987882059
-3.8580519958784957879 7.192315002952888392 -1.1050700075624650953 -0.94848024701698696592 -0.0027975244557051437769 -0.31682391777692803236 -0.066345827574374863222 0.97954540093190189953 0.18997115222243424193 0.3098119626194141274 0.2012038304063083205 -0.92926506791540997021
-4.006503296771944278 7.1006438247584720003 3.0988290637974369446 -0.98078658004865970632 -0.0037613665875032304547 0.19504752374174108565 0.14667221453970111233 0.64500299918277603783 0.7499722611718261378 -0.12862715840127594835 0.76417078141372241085 -0.63205859772253325524
3.2552388495404502855 4.6911389694906784342 1.2515534943654758049 0.937823395396783277 0.012552330817571018262 -0.34688574204985600513 0.31895171488450002606 0.3631387409860723503 0.87544277846553031353 0.13695649900113979203 -0.93165052127189351694 0.33655641963159216301
1.4470218138172303846 5.128334586824853325 -5.1411398851163880863 0.94711500153051120243 0.0014622589689455502311 0.32089100279488713685 0.028974991067766058678 -0.9962944654274690226 -0.080980170729016018316 0.31958351610902913098 0.085995348463715842735 -0.94364780308868767555
-6.4193988658298328787 -0.73173687365499751056 4.7363595530674986733 0.99915192667893271139 -7.1374393873452866843e-05 0.041175506304356075671 -0.01522184007826794111 -0.92979746545622632414 0.3677566706611259395 0.038258632991148087965 -0.36807155301218685839 -0.92901001548142370101
2.6494836693050833887 4.339624548149158656 -6.3925951947811059384 0.94758574505859094472 -0.00016724442871876750438 -0.31950153018573468344 -0.2908412806145002083 0.41350448105873854887 -0.86280090034423839729 0.13225961308058181709 0.91050206818734502612 0.39178231018528558716
-3.6296305912401383154 -2.5754848825743188456 6.3644869863476349892 0.96915575739238657427 -0.0025245278515275558669 0.24643608638412139999 -0.21667823197532398716 0.46769757212713614081 0.85691862204906044109 -0.11742087421423121063 -0.88388495166822733662 0.45272478451403774802
-5.5300133382421838846 -4.029804974324365574 -4.0565507701446996691 -0.94814567056649978749 0.012882250745728008462 -0.31757492816924803858 0.20796784193634967886 0.78073806559457736842 -0.58923463039109691408 0.24035216684342700089 -0.62472563621767540631 -0.74293251062680687458
-0.38612521249873688056 -3.7524217290747365894 -5.181191834097571558 -0.60727775133974259969 -0.0013306528253540571109 0.79448849084850703406 -0.61437981205999991907 -0.63325135612399807705 -0.47066991246551714845 0.50373721250360603552 -0.77394505575670113906 0.38374193334706807601
3.8096936859875767389 7.343679681536986692 0.27188901119113267901 0.99947937387879171034 -0.01017626501243641679 -0.030617394094504798985 0.025734020580848296356 0.82383190611244239143 0.56624972464077105716 0.01946127887586246441 -0.56674282889295324317 0.82366487391605081037
4.5503735327372272224 -7.0047229520295912764 3.4433347672517484739 -0.26783107722480808954 0.0031925257138423917581 0.96346059693801333612 -0.68593418352299106999 -0.70286377594222260168 -0.18835288249150292095 0.67658023171478187674 -0.71131731333334946576 0.19043862477178252757
3.2509247110316881191 6.693422841224616171 -2.3401880747638483804 -0.99512508224867257667 -0.0051018646590276130887 -0.098488789495465148272 0.037822313665893600443 0.90255593341008222286 -0.42890821821839753003 0.091079873014018930544 -0.43054239982059983038 -0.89796308314343586954
4.8139992729216105616 -1.0332485474820227722 -6.90659066090184659 0.86325939128999440442 -0.0057455176484834382875 -0.50472785971918976422 0.065781387864003282306 -0.99012692688924408557 0.12377995661498621127 -0.50045582458438575557 -0.14005590910729656673 -0.8543584200812315288
-4.1922973047722216222 6.8656461672002064844 7.0626813503952527995 -0.94094457021881838799 0.00086765268188992257167 0.33855954122524262173 -0.32777580351412793913 -0.25272399760948849323 -0.91032609743042469663 0.084772273807444634142 -0.96753802416812317855 0.23808366886963697184
5.2694973901937460781 -5.6228114085102571806 -0.86338718832219618626 -0.79359109325480603481 -0.007531218963873289457 0.60840484666672489666 0.014742457438393127833 0.99939183759231009496 0.031600868699092662939 -0.60827283077200333672 0.034047550495955744565 -0.79299743230980734854
3.9088389067887954198 2.2430446908856196409 -6.5177529333377295373 -0.99955686561039669424 0.0038162014291666049998 0.029521331569045405896 -0.028008013763002319318 -0.45643790050360721899 -0.88931433933615966492 0.010080851948697270096 -0.88974708743015684664 0.45634252139532843762
5.4528282724095822331 -6.6526674157296188383 1.7739441066353414111 0.99999353975926574822 -0.0031130526318470107434 -0.0017970373430254591926 0.0033954730980874357239 0.98215000251502970752 0.18806871968054439392 0.0011794924082139677038 -0.18807360650329671414 0.98215422787590178633
2.2206213356978481421 -1.0088728949994372197 -7.294177636825749822 -0.43432976504400422346 -0.0060337125431571426298 0.90073372841791232712 -0.26608565481891349735 -0.95449178563811221121 -0.13469912935481884175 0.86055568064852938637 -0.29817616514789618831 0.41295870863965905562
-1.0635190459167986887 5.0116990835570680574 5.2370232915967465104 0.99974125210952669018 -0.00187021773692969389 0.022670048879971899103 0.0034953807900073930251 -0.97214730948748939721 -0.2343445987627395255 0.022476902449784359056 0.23436320304557453631 -0.97188923129876847451
-5.3009557965202516172 5.5197705430325827436 -0.10128640036115106604 -0.98545173218133985671 -0.0076356904498899400707 -0.16978392082914459116 0.093486320973736561357 -0.8586331075249464817 -0.50399354604270452107 -0.14193375684303213835 -0.51253378707489760657 0.84685531572701411296
-1.8572325781689245083 -5.7818135143831392853 -0.9780298485584419943 0.79087226552088751852 -0.0057800098517521714125 -0.6119539615983270453 0.14038635389229583983 -0.971576150721108589 0.19060811890044335182 -0.59566159123329021075 -0.23665666024018425229 -0.76758119693834370167
-6.6303550422344397219 -4.0182089958722420064 2.1474772765115237583 0.89607798525862947248 0.0068784111069258180998 -0.44384336403246987812 -0.22682894304478781744 -0.85238525535680143008 -0.47115603259174854145 -0.38156634407685297017 0.52286906956814860337 -0.76224343956302920144
-3.560144946972692015 7.0676477882919135354 -5.6178261140510272753 0.74535801708076709904 0.0031917118968566716812 0.66665676277124896743 0.53127478866885902153 -0.60692843805110285871 -0.59108795454626750221 0.40272636528831645686 0.79475007647692041957 -0.45407465315925460425
4.016761100783809546 -1.9827920063791346639 -1.5867994264052065478 0.87749457171020295299 -0.0019999961292477986402 -0.47958239817021147688 0.4771736501620386095 0.1038258156478891886 0.8726542887055220854 0.048047728460856566068 -0.99459348480704412587 0.092060935087705145219
3.2724425107759849141 -0.98839734035837190085 -4.3148261823810267757 0.73445775619879938301 0.0026009244410504805435 -0.67864942315715937049 -0.56326733759568670123 -0.55545777252141492752 -0.6117160855686392118 -0.37855212422772038794 0.83154067738006054444 -0.40649525348410681103
-5.4696569522255940043 5.9443366898859988368 -5.129375335751178433 -0.99858547582115253505 0.0013002144349609067592 0.053154086590512975019 -0.0060110662288328413697 -0.99605244564271944174 -0.088562930235374370813 0.052829107144121395523 -0.088757168564037480785 0.99465132105012254993
2.1200209434768111372 -5.9504837257651335136 -4.9086678053857655257 0.93573914460177154417 0.0011096256625379632282 0.3526911141364987845 0.11976192022294827877 0.93957850206906901036 -0.32070129546664483122 -0.33173684710089701433 0.34233172096717950916 0.87906749291228003518
0.74129489245872415282 -4.0658210115398594198 -4.027262936456874165 -0.7497888531887962893 0.0038008804512299687248 0.66166625192885131224 0.22597961091855056637 0.94132796795230311293 0.2506688496799838739 -0.62189218606034835091 0.3374717915004918356 -0.70665613905104551762
6.8615495621358997269 -7.4682710085238133146 -3.0627432949715207577 -0.71180218803191919186 0.0032933095803942998014 -0.70237226541554576009 -0.22033242741906297613 -0.95056062433217647367 0.21883354609600652596 -0.66692673251306056059 0.31052158311680400082 0.67733675515062818917
3.0595944723553354372 -2.2133447313824059499 0.39635082769533708236 0.46890169587286656405 0.0086358681790685773438 -0.88320814159997718118 -0.51649202873137645131 0.81384641497232379503 -0.26625175509957965669 0.71649646465605087986 0.58101586434236063283 0.38607432123619617181
0.63427943745275838783 -0.54576864891491938536 -5.0373589188462641886 -0.68566462357860935573 -0.0019386665908526050373 0.72791501258369273319 -0.67857047060666486615 0.3636245089828832322 -0.6382157416481265555 -0.26345045149594642497 -0.93154358890968025353 -0.25063998397659509321
3.6327905170928098677 -7.3419157829161623141 -5.142461634954802463 0.99934041526203520878 0.0018266356216115598159 0.036268413615141374684 -0.01683501826134669449 0.90823125092955858673 0.41812985661756862932 -0.032176335776392894772 -0.41846464395121102386 0.9076629469019878993
6.1060222907915173707 -3.3485497591449746579 1.7253739217751735691 -0.99915329883584325099 0.0091054230316044409282 -0.04012202259295307577 0.028874786456963300041 0.84987585545343180549 -0.52619129318554980212 0.029307543953745535809 -0.52690428123968857665 -0.84941918172288932709
6.5396704976350310545 5.1362827469776597411 -1.4238435970818452692 0.45911439275567206275 -0.0055475771137405687633 -0.88835983630103654285 0.80662266869565868443 0.42162318286554578695 0.4142387741588569039 0.37225508016801323041 -0.90675416517294149532 0.19804807302930935164
3.1790818075886795313 -5.2326546880067557055 5.0441760462524900532 0.96028044000147194659 0.010791545273639820482 0.27882793816462508873 -0.25354283793194803964 -0.38353115795310643854 0.88804272431706421376 0.11652255525833848937 -0.92346488478431210112 -0.36556135009922657852
2.4115327482682675786 0.89229769406201764337 -5.3716557069371120292 -0.79932151445062737949 -0.0024068721365639225013 0.60089876310653511648 0.18819953531164293481 0.9486787464433070749 0.25414478345081148447 -0.57067157932122902775 0.31623226118360620029 -0.7578463601164671104
-3.6772119296069227801 -6.012359273790538694 2.2290305607301772461 -0.67748663914300666367 0.0054525902245187397518 0.73551486935511845022 -0.51000681904461064864 0.71706799510443430812 -0.47508581848427627881 -0.53000462102768819417 -0.69698189334928228877 -0.48302312784442014149
2.1543498394622857539 -6.9475925484027953871 -0.53168722374187371571 -0.92090492480379115836 0.002825459902449904085 0.38977703401877528133 -0.29199249505283014772 -0.66743184852246506544 -0.68503657596556943865 0.25821406294971049888 -0.74466552515485551211 0.61546628936183478409
1.4157838335575743116 -3.1451194004066422849 3.5102439046718232341 0.999916201298933216 0.00060965741491439059963 -0.012931306884604970922 -0.0061221934870410565227 0.90240013388209838752 -0.43085556410071496058 0.011406538774511375961 0.43089862692692321167 0.90232824636364727944
-4.9871202400687986156 -0.83377003221151346768 1.2874601122539983677 0.65509133076163339471 0.0043122791243501365499 0.75553739325710600472 0.42708141503341467971 0.8227864619097103871 -0.37499853737208954652 -0.62326303700283225417 0.56833426990356594732 0.53715858399464666562
6.2334555355953584765 -4.5308905695903121114 3.2190991777721831291 -0.97193731803170546613 0.0050101983168093170568 0.2351866231951364461 -0.23523976017602946098 -0.022078023842561841916 -0.97168658326414902859 0.00032411339044931665541 -0.99974369654228090187 0.022637053131488407698
-1.5058565031034254478 -3.7318353479990928889 -7.4445024180011500903 -0.77973068394875788556 -0.0041539035997887399643 0.62610127423116523904 -0.099097654436258980626 0.98819227926131081308 -0.11685749481191809451 -0.61822303046247861769 -0.1531625420700584439 -0.77093548388468358112
-4.2063754700091866567 -4.2701772898130068157 -2.5106304362776423744 -0.90815032515624039 0.004684476567877948576 -0.41861801513786606188 -0.39448072372797560181 -0.34437598294897719953 0.85193317870302376349 -0.14017112943023746219 0.9388201308276608037 0.31459309659793033287
5.0485150514937213728 -5.5545489258323641479 4.3403184669959937736 -0.99135687685494799926 0.0019463702768447036298 0.13117833035606052405 -0.044771163522931541057 0.9348454124275089594 -0.35222095022897720318 -0.123317012731750969 -0.35504966766082796115 -0.9266782871443846048
-0.54036764979505169659 -2.017388679868763024 -3.3801544591394612205 -0.83155333239139639367 -0.003692647795784374451 0.55543264194781483134 0.21421621851661989955 0.92048602123112754914 0.32682854288239765461 -0.51247484534684484281 0.39075804415317660911 -0.76464219332723393219
0.13217749448669091628 -3.3291492365727566316 1.3359169830034833826 0.99988693752762702882 0.0044448667766044027555 0.014365072949627570587 -0.014263549531091122835 0.58280271454343435256 0.81248849042648030316 -0.0047606004121854882463 -0.81260152539858421239 0.58280022100512574035
5.7059541260109414296 -7.4079559529158514053 3.2211970485831535882 0.52129562329699552503 -0.0088264523447044752891 -0.85333051443764085242 -0.47435564305596472634 0.82823600344431835829 -0.2983485319210383846 0.70939241399408992095 0.56030992882289354373 0.42756892617466629725
5.6904464747015079951 -6.5490664873876536234 -3.936499543883787755 -0.85686470397142167066 0.00056956762534978062906 -0.51554103103511539352 -0.45526986141559205867 -0.47003767719617328691 0.75617057288861333486 -0.24189301844948610243 0.88264616784344096523 0.4030180020999453161
-3.0546818328759473005 1.9356782308035296314 5.8396070951329237531 0.47265691374652940571 0.0092029178173246677097 -0.88119847264462902725 -0.1400892033082304089 0.98801470385052514445 -0.06482252765556595353 0.87004049158887364346 0.15408520785211821114 0.46828121008335688025
5.8158071246316547231 -1.1898101815421391336 -2.3365751042658584602 0.9962435694983818868 -0.0057190023879510644422 -0.086406268550020121078 0.076535344240383204606 0.52494251864870755675 0.84768962079089915651 0.040510385274153001833 -0.85111846715149208631 0.52340831437658597025
0.61670238781187636246 -3.5484468120683936299 6.49346928859408834 0.68480570180942523795 -0.00053811223460364801877 -0.72872550470286567847 0.61800637314995621185 -0.52946407499789993611 0.58115051065329226265 -0.38614669947482621604 -0.84833218948817334937 -0.36224746067134916405
-3.5026123831638833472 -1.2323407148520788557 2.3649785470224098383 -0.29082719015750940761 0.0051227675399355236674 -0.95676188402221784557 0.8049134674118383348 0.54190627906832433691 -0.24176826649780808198 0.5172367498971206512 -0.8404233111706542747 -0.16172446505347387591
-3.1971531636918726349 -6.3974724568051026807 4.0494590059414869998 0.99988037195040546656 -0.0041148177188475801996 -0.014910065845619657754 -0.0054932298560807649515 0.80665476344703102018 -0.59099739173204401954 0.014459122176968694506 0.59100859628553314984 0.80653566127138642816
-3.3013276245529112884 3.6316563118543112587 4.0321803328854359805 -0.99796078589972592177 -0.0024691027392696593065 0.063782233718875827599 -0.06364770982794006049 0.11396035682950388102 -0.99144440394051935872 -0.0048206680203677597374 -0.99348222963619214898 -0.11388511999772239769
4.1795882010268119444 1.4345444981393309369 -5.2739280279224836079 0.98810312873027295044 0.0075108313972845151124 -0.15360922630235618325 0.0045330229328340281708 0.99695043374504410671 0.077905611856144696414 0.1537259207048670695 -0.077675092966273673323 0.98505579600146664365
-5.9216421704170469908 -0.65422732502584168834 7.3195462672216509148 0.68831099581298471612 -0.00085615144547903255113 -0.72541521906266581698 -0.15177508340635506578 0.9776968858711594379 -0.1451658479637829291 0.70936048459161626933 0.2100192047474312429 0.67282957466011916736
-7.1012063011411212798 -1.7321944054135960389 2.7748603463058874041 -0.85963197961002968395 0.0072088561100629808959 0.51086288965377746329 -0.42544049619242335636 -0.56376160333758007503 -0.70793590020686369968 0.28290147371714902125 -0.82590610059242830499 0.48769444242563964043
7.0472057885678252021 5.1282376560936961951 -3.5085890285418686041 0.869616172569565693 0.00062784834690242591684 -0.49372797997677331239 -0.49290256667641235699 0.058917547159370947663 -0.86808742785539871889 0.028544214287643865369 0.99826265503781519417 0.051545119919578059886
5.0470933758107117129 5.6763583960209897938 -3.4198979127575115378 0.84147516116455234325 0.0021851523758050920079 0.54029138272988808112 -0.15142401701928570601 -0.95896209697439827035 0.23971329465887838972 0.51864276743513726409 -0.28352587479025359585 -0.80661190055158127343
6.0338638915788171957 -6.2404218107821742834 -5.4847124215659963653 0.98108261503964222516 -0.0016574582835408439071 -0.19358242507772785435 -0.1659992745761930677 -0.52169992200093362467 -0.836823417588481 -0.099604936158469895013 0.85312744898769277135 -0.51210586061533591717
1.2198209406918170128 -5.1727261137579745309 -6.6412716338503301472 0.89937484145374990696 -0.0071907948520569409806 -0.43711919087290806996 -0.18291027242923307838 -0.91433467265108070432 -0.36129757628298447836 -0.39707521554467123392 0.40489554067376820612 -0.82364487149657572562
-2.5122789296930059244 0.04003016272730352404 -6.6067924136992868256 0.83220839998210283106 0.0030852279536587633516 -0.55445438078137299076 -0.51582458288577315297 0.37106671385476991398 -0.77216221971796306089 0.20335726859394975818 0.92860108509387007114 0.3103962726460227084
-2.7678209579885475478 0.0299012754958790615 -0.97937857422464502655 -0.78530998703351895252 0.005359823488586389767 0.61907955591950336593 -0.61613971215841145668 0.090949917356057369267 -0.78236817907821676332 -0.060498589790634750563 -0.99584104395484285277 -0.0681214783181287864
-0.11285493412724695306 -4.982425878454304069 -0.63895143997478465181 -0.28650275929892310423 0.0015988184663372102812 -0.95807808277485773107 -0.15306777925857431577 0.98707727935124800478 0.047420454883676729785 0.9457729240504203494 0.16023697565803374232 -0.28255563658330268284
5.0960879649159540605 -5.84503725608582414 -6.2577686328971111607 0.97652159757660372819 -0.0029524423983334725438 -0.21539928632735025338 0.11763180461279441891 0.84497624947158733733 0.52170671490078990296 0.18046697207521261719 -0.53479568146431821773 0.8254848581756506487
-4.0133729346741144894 2.3160872335829822966 -1.7220621148400885314 0.99267952025682071326 -0.0024578354519097589739 0.12075317431648149857 0.10693116425483074894 0.48271074354135229401 -0.86922727993348269937 -0.056152436934941374336 0.87577639675576102185 0.47943988852791208366
3.2103609003129589539 -1.9769501984569155528 -5.2111803846312039212 -0.40309644894411095217 -0.0041335558980442376267 0.91514816645411067864 0.28872128665415547344 0.94834545149786342311 0.13145692547842260933 -0.86841998565293887502 0.31721257594724194817 -0.38108123829368784063
-0.95741761361251664919 -7.3969030133692452722 -4.8806375169517339785 0.98714480289578954153 0.00048068294407904591306 -0.15982774183411571634 -0.0021451221219303956422 0.9999452526872998348 -0.010241585769452381249 0.15981406873922082701 0.01045277819050075864 0.98709179049426953867
-0.73125534509411449502 -1.0164486418755607211 -4.1784865564100019952 0.04943915971722735031 0.0077843633644051248716 -0.99874680133330495657 -0.32900277230450614141 -0.94403291235806630066 -0.023643946387224522299 -0.94303390464094682955 0.32975940331068565037 -0.044111116804906480571
-4.1720672937424421178 2.5244633535669223079 0.64647599935681610006 0.97234203126591700617 -0.0033710971520592761773 -0.23353717035541338154 0.15340802908834183516 -0.7447502594003084786 0.64947134481391044503 -0.17611629920267768412 -0.66733476368848876348 -0.72363482664117506626
5.7329322472886357076 -1.3690360679354727225 2.449555546287520702 -0.95884007947868843402 0.0014345512883263745497 0.28394302958139006066 -0.041462360994968222583 0.98856140420326288343 -0.14500766441968307441 -0.28090314096850038661 -0.15081210887172735724 -0.94781281549243534545
4.409997434487528345 -2.6910900146081329076 7.0121548917779294996 0.99858492945802024288 0.010511435585150843974 -0.052131069251206391124 -0.052865722796251561622 0.08975375995775053406 -0.99455994184700413641 -0.0057752932883184896623 0.99590851602708263535 0.090182446695863907604
4.8992231824026770681 -7.4015129615449195555 -2.5392303967326026459 -0.99257619186537837663 0.0070666648182662198177 -0.12141896717804825934 0.093659377984116831684 0.68129189988977478798 -0.7259953636630980256 0.077591392936744621456 -0.73197773831790868826 -0.67689597897251918557
4.1467938408725260047 -0.5603958151992897152 2.8876349319186584985 -0.93126712470879846606 -0.0036369682219053031322 -0.36431897411299296596 0.15941938399655825043 -0.90321206454027980204 -0.39848892892405218813 -0.32760800118852512197 -0.42917914549876728936 0.84171150558029739219
-3.7961485614471977001 3.8509918081657481537 -6.327079465707252659 -0.94409152609083402119 -0.00010239246629119378579 0.32968345405736981801 -0.30602974150108896989 -0.3716766800253012426 -0.87647147291971494454 0.12262539573908681767 -0.92836223266627060369 0.35086546891752629085
1.8237998258003644825 -0.3299067060772181148 3.6617826809240359154 0.93473861218055620537 0.0013911068580427440877 -0.35533335295241763596 -0.041614433160399380562 0.99353956308999769043 -0.10558113244186198565 0.35289086960623555767 0.11347775727726014394 0.92875768247270140687
5.2533362707802009339 -3.2650375411518459678 5.6602778016302170982 0.1058357621530109649 0.01161612183418214185 -0.99431577336535048595 0.97657219831515318376 0.18719590362487256718 0.10613404328514698671 0.18736470566109694746 -0.98225391797620809076 0.0084680394965373460836
-3.4169135266889267832 6.1061769453896994619 -4.6438492461760754182 0.88163833426076176902 -0.0081163031494235378382 -0.47185588179558229927 0.45783873882019932022 -0.22775936933096205261 0.8593656724104904443 -0.1144444703663614199 -0.97368362177108791489 -0.19708543299144107297
-0.60976727777264638775 -6.3107965661700857751 -5.1681248058234992016 -0.92792840385593344799 -0.0017686299768319632686 -0.37275427464404758959 -0.36205360154676113904 0.24220477937824236303 0.900141119188134331 0.088690850285616407156 0.97022353960018947738 -0.2253890331876294284
3.6605540825189541998 -2.5236673109570517681 5.0030705008554718916 0.99877362902611943607 -0.0055382524812172123641 -0.049199245131725431734 -0.035837250294298954312 -0.76650890517674541424 -0.64123302299235707125 -0.034160349140860322981 0.64220979908761899324 -0.76576735664466366593
-3.3678092350697421686 -5.5854981699190702216 5.0113752180484407717 0.98499486232948585407 0.0041583821008724132506 -0.17253355917888801851 0.16234895775207963675 -0.36147494652634692969 0.91813870354686544228 -0.058548587527201462199 -0.93237254940933922409 -0.35672607418927498868
6.3705290201874138489 4.0770347691982458116 -2.2146546746148243479 -0.14314660541328394494 -0.013196505323665615877 0.98961351122841301198 -0.65726896669995438227 -0.74630235340854023107 -0.10502524796508254379 0.73993685863856850649 -0.66547625768633600352 0.098156995084272072316
1.3853076970997755257 -0.88115194674228314309 -2.0772384163878503394 0.92671490135263034915 0.00027944082325673225663 -0.37576510418573944028 0.33484854079772341517 -0.45439922866733040152 0.82546822816645237797 -0.1705167039808708207 -0.8907981044542789828 -0.42119210672106732751
2.8966083963699880144 3.7994292811610144156 -3.243528397010767339 -0.99762252534475059917 -0.0063917171696136858283 0.068618094378828056734 0.056786706889617788452 0.48789117038212442834 0.87105538043439234563 -0.039045702006638940973 0.87288106395696718476 -0.48636825692059498794
1.858409989259268702 1.2145860176570557609 4.2596997206656039836 -0.98846193552573280439 -0.0072713241111093751892 -0.15129484413705440726 0.11787222122852518413 0.59037709769233548407 -0.79847418366717370919 0.095126975561216811639 -0.80709479639387859962 -0.58270820155078872915
0.79710517773473132941 7.2447428387077863476 -2.0998503554163456819 -0.99741518596830047727 0.00088464249493031953814 -0.071848202535418501102 -0.071346681080091595151 -0.13076475337539109067 0.98884287446171059699 -0.0085204400574342975538 0.99141303031700389603 0.13048986711194060506
-1.2710280114817043007 -7.0156480261105187424 -2.7402089336556918475 0.99461177240881659678 0.00058522262260689555252 0.10366812287453758268 0.039862715204524439006 0.92094458199649931185 -0.38764937872733262747 -0.095699457273152363501 0.38969312850710785545 0.91595899442713890615
1.7669345570942078805 -6.2373946419174943756 -3.9617627935633445979 -0.97924098063747178067 0.00045081412991631198556 -0.20269903454854257263 -0.13370418316023191529 0.75016293564937441829 0.64759459647488659684 0.15234924760472529082 0.66125287654921105496 -0.73453001300815046193
-6.553944253929233632 1.1383100501818201877 1.3223779191712630166 0.99790368375188476247 -0.0034591477802115621135 0.064624084140815760136 -0.057669595962318909166 -0.50066959915541298098 0.86371532936670680769 0.029367595338274238292 -0.86563155370987754367 -0.49981952499461523853
5.019053942789010847 6.6506956676967785569 7.352147527885157352 -0.78327972373780452298 0.019372202476311779773 -0.62136751778024368331 -0.49281786320100517962 0.58992378741724726954 0.63962526431435384744 0.37895042959624480883 0.80722651270286960301 -0.45252837380471577777
-1.2322466346307809903 3.2745925761821412792 -6.0785032063807857838 0.54582002064675894104 0.0037847621680352533553 0.83789389581047346578 0.53028571225740650519 -0.77580815058255514494 -0.34193387791408491605 0.64875077528809710348 0.63095751763894192266 -0.4254586260708915213
-7.046609311309122603 -1.5895635321672918483 4.1127753496397856381 0.98900981216548089492 0.0074856954595252950951 0.14766027158259145691 -0.036409518639238989957 0.98029196363759618649 0.19417006200743189281 -0.14329667962939243719 -0.19741233596460316946 0.96979092139289269081
6.2051098718713548763 5.7733444355634002676 -4.1992933562552838822 -0.97847195073322290604 -0.0033732760154435124933 -0.20635227800348554528 0.11914458455718469898 -0.82565085231108048536 -0.55145737645693770901 -0.16851471626834688133 -0.56417133132321917177 0.8082781076548093413
5.3189935064965130351 6.7821497274437172464 4.8999990584012191874 0.91322563490795183316 -0.0061307129289194899069 -0.40740809283315770895 0.06284998346808902403 -0.98580042121901456653 0.15571579593106363304 -0.4025777183663286074 -0.16780924850366907286 -0.89987290035400535615
-2.3206510130093960242 -6.379844984662801366 5.4257872876489425806 0.92770782060866729957 -0.0059672977258528906927 -0.37325941507125809382 0.37311968894586344803 0.04650175863925107983 0.92661711842826277596 0.011827819005893133036 -0.99890038432338679186 0.045366561433014401805
0.60136296779968489989 -0.10212769109081601404 -3.9127531574023262095 0.79858797865583663889 -0.00077811174335090790496 -0.60187759128287110499 -0.38120109008853547694 -0.77451654216496557126 -0.50478694003336244123 -0.46577137016105746303 0.63255317599007199192 -0.618816216887786541
2.5280186389615084686 5.7593202696813419195 0.77297838282653807962 0.9208322952590020094 0.010902823051950711816 0.389806378164175793 0.31873253143540269949 0.55487432922225687904 -0.76845562798051825215 -0.22467188834557758059 0.83186273340001226639 0.50747111776686049112
-0.79219693348973374558 -2.9675495955598245601 2.3069801376495404632 -0.95982155096426025054 -0.0053244169642051170088 0.28056058327630989391 0.23968064216320761339 0.50439701118407187508 0.82954014060849046164 -0.14593073725782690353 0.86345544511129812548 -0.4828549618993907
-4.7563906501798633997 -2.4957397916876149502 -6.680528643606582051 0.91847663354674935476 -0.0052882556901301062263 0.39543989174127530672 0.31584183444050906164 -0.5919482981648749309 -0.74151274292281033063 0.23800127992483732786 0.80595858867025149674 -0.54202042775412828668
-2.7259980228637799016 5.2599596839132338744 -0.070988810896103038406 -0.91602772153529610222 -0.0073123021588229813669 -0.401048305838631991 -0.22775981325792621357 0.8325002144509698887 0.50504342427546644601 0.33017977049422952973 0.55397646446057924319 -0.76425872319531940047
-2.9170507800554323907 -0.2531465108489825977 3.2231290420753579973 -0.71714311200704627947 -0.0043393794492506427424 -0.69691242397214203663 -0.43095971106914127136 0.78863123477799113026 0.43855957744376006247 0.54770382903175562905 0.6148511570441460572 -0.56743155564840597194
3.0836438347958674555 -4.6244654364349457865 7.070480921165705368 0.87245106185337784055 -0.0022137600056176317403 -0.48869647424312712136 -0.17475138161772305057 -0.9352849552277058276 -0.30774016173939244823 -0.45638919717024856171 0.35388861495018092418 -0.81637720994341389513
-6.0351227974241803409 4.4849680909174312049 7.2140750532513919779 -0.99897279543766814847 0.0053645661520526407434 0.044995282034790626269 -0.0038401818173852651783 0.9793729450668322567 -0.20202447246466628816 -0.045150935527441170281 -0.20198974206874553694 -0.97834632780006258734
0.90151063446080259567 5.5605073745033335442 3.8094509777690901409 0.9583298011594166832 -0.0091116983036917762601 -0.28551877199875452806 0.15478578698219089271 -0.82348772133813019636 0.54581071165172512227 -0.24009446548798515919 -0.56726091858997829132 -0.78776246285457163232
-1.1067411627731427171 -5.7020513563738566276 -7.3085876869300712144 0.99618646076541850221 0.010514292086450487129 -0.086614000310480818157 0.001272156142040320459 0.99085646729060161686 0.13491420550526198041 0.08724056972882851535 -0.13450989142175909241 0.98706442145542161448
-0.38677433410921407964 -1.5446702909887159993 0.32834350725460303977 -0.96452877461156261152 0.00041374487445685215886 -0.26397740767219068925 -0.096935717373120663942 -0.93069137372069543623 0.35272798808594807429 -0.24553555678053831657 0.36580513350281462781 0.89771871689274407302
2.0476749503195006419 -6.3302825400101498943 -1.4595613750008045173 0.95860345862291718166 -0.0049664889625244288893 -0.28470114700092830073 0.28465637969744650437 -0.0081529035342936435893 0.95859494869389461069 -0.0070819922197772550501 -0.9999544310373778 -0.0064016587579828164445
-5.58771571918555221 -2.5251851760518828627 -5.4085963679468154197 0.94273335242725486705 -0.0061064954654659903827 -0.33349143457414825997 -0.32993742877624426812 0.12962856121852953106 -0.93506028105621941116 0.048939956208716640929 0.99154381992408835433 0.12019040667513487819
-7.3219220380207854504 0.6086165301939140404 -2.9555958455056012824 -0.99518985252354841275 0.0027242341770968162354 0.097927197357781034515 0.094647171933444573799 0.28468686130534920364 0.95393673995980532432 -0.025279839382361730948 0.95861669584258135668 -0.28357531657839391004
1.3736695223469639338 4.3816421565561292084 0.70321848424671284938 -0.56831303084538109527 -0.0099039026610002346002 0.82275282538768845786 0.66819603683705575126 -0.58904797955197640835 0.45446290733236410775 0.48013993306809155115 0.80803736949341931073 0.34138139107977977238
3.9110048675329078804 -7.0819677740385529319 -1.7019827575119008678 -0.99330504537020514189 -0.0054710637933936320104 -0.11539130947833539653 -0.11533857990340454225 0.10307167956799655195 0.98796419006807512098 0.0064883609660498046956 0.99465888440808758464 -0.10301264407818634672
6.1046902660147246422 7.4022763925216459313 6.6001050546604638214 0.91250093902665363466 -0.0058866102494567022763 -0.40903225312325453 0.077280642768031190815 0.98437226137631339551 0.15823701616943300352 0.40170852434156067989 -0.17600170127763123396 0.89869553388158929241
5.7103178474841902457 -3.3697740614099189749 -4.5894987918038205876 -0.94646565729155573976 0.0076236489063626336135 -0.32271448610966840809 0.23975564370096674738 -0.65280567954654822316 -0.71858331184716173201 -0.21614807628387533445 -0.75748704591498305927 0.6160303437248704217
4.0638647967166479091 2.1616776992174959737 4.2407625485926292441 0.72978493665190735662 -0.009604366483009258923 -0.68360931999234642031 -0.27250592061639999919 0.91295286353333926499 -0.30373934910616162686 0.62702031024918281066 0.40795198873256321992 0.6636420009494810035
-7.2398614432795307394 2.3339621357426656445 -3.8776755935755513605 -0.97654695352516596163 0.0050464370169800839769 -0.21524539724252644834 0.041859455913640868097 0.98509900053118193419 -0.16681650129111136316 0.21119619672534867272 -0.17191420134999979563 -0.96220666899726114973
-6.6551538969174872662 -5.5393469258047831616 -5.6664603212585200609 -0.87614180255929330343 0.0064219046610185731919 -0.48201068551305947807 -0.081740535800457161941 0.98345196232851495033 0.16168092837234598891 0.47507265403860610142 0.1810552317189366156 -0.86111844507709323082
-7.0516980443925474376 5.6166085773386100755 6.7576588783325242105 0.97667520404165186765 0.0029313239862319429019 0.21470201012081308045 0.095246240647237190302 0.89023724243012791746 -0.44542766621851426212 -0.19244141823628665988 0.45548771611325727937 0.86919344280617172327
0.15363960891990574575 0.68527400062403198699 3.2693618211086548087 0.99280713588639957212 0.0039592002184253476463 0.11965916457460641642 -0.11921945954386613253 -0.059024843946684835139 0.99111189492557461023 0.010986873946680715888 -0.99824866267418066457 -0.058128272554539214823
3.2018115937374811431 -3.5547462124456896682 -3.1588148110857652284 -0.51083018103330546378 -0.0025545247509156203403 0.85967784695717897048 0.84326977027300298317 -0.19595357144103744962 0.50049804433501987599 0.16717840975796630087 0.98060984710675380693 0.10225315187322310539
4.9131248944020722291 -3.8820259553034208722 -6.030901543812428045 0.81850808272705821711 0.0072059851933986823064 -0.57444981703179132104 -0.54456224374701323043 -0.30881938182712170837 -0.77979648120080857776 -0.18302043928382338844 0.95109340402782838186 -0.24884705266287349135
5.8689682362674364668 1.8408389282231731876 0.90889869410064094701 0.96466058355176176331 0.01205662229609504206 -0.26321967327717049612 -0.25160483264847338658 0.33885147837214513178 -0.90657304382651648922 0.078262166653343970268 0.94076262333479188094 0.3299101692990278889
5.4300412159195863282 -1.3316185435407346116 -4.795831576446474287 -0.70720449996976975093 0.0068190166877872167295 0.70697616383718975275 0.66519084291580177215 -0.33238473678855762206 0.66861164307166975895 0.23954736008452112705 0.94311923305672662465 0.23052803411973032954
-6.5250987258942467761 -6.8676339156875245706 -5.5527496284696722384 -0.94812447450251258196 0.0014079283936058208104 -0.31789620725473510809 -0.29704596583977749269 0.35229149939340465014 0.8874989541591478126 0.11324166648210229336 0.93588926545438821947 -0.33359797328454193766
1.7891818913912129752 5.2990138903770045431 -6.3279498918785286321 -0.77387662519835154207 -0.0024636253444248849831 -0.63333158733941286034 -0.36010929111160916438 -0.82090259021496259084 0.44321578924209181771 -0.52099545816328640679 0.57106292816864989703 0.63439015175577428973
-4.3009643798936849635 -5.2541710928761515831 -2.3158667915778052837 -0.92753015550066242323 0.0027511983033128039645 -0.37373819920486489599 -0.098570798078219140637 0.96276813953608264551 0.2517167202640182011 0.36051575333571433957 0.2703145212565800648 -0.89272529436250025459
-7.0411377782437947204 -5.2567718219022703252 7.2659554942802992983 0.77527947285367959651 -0.0031650634979825190141 0.63161041896473157919 0.63071281898982556324 0.057407003355226471353 -0.77389002831655517856 -0.033809450360638454436 0.99834584104849033448 0.046502717420408609672
-6.1660871059946851247 1.2280528100238055078 3.5691250702584382815 0.78262462610211780412 0.0043071903937223965028 -0.62247902995161885631 -0.17728300707494065724 0.9601077845010349554 -0.21624934113910615485 0.59671553526035803205 0.27959701402469089304 0.75216758752784340647
4.2761066572334271996 0.094756557219695225491 -6.8859720857300317221 -0.89916813551157337425 0.0080238578568771305732 0.43752974960070845079 0.35893306799702756615 -0.55842213653303307552 0.74788486421916866576 0.25032721941258329057 0.82951813430141418948 0.49923536341702601238
7.2460128582835166 1.4752791811718437565 5.0451288084560399483 -0.99061105647408698172 0.0038425336269382517201 -0.13665639292240630565 0.070914323548927571395 0.86904965497429853549 -0.48961602905198925439 0.11687982506333689792 -0.49470994746858559798 -0.86116268751541102944
-0.55853389879038806143 2.469746293313501706 -1.9525409649139682244 0.79538247810821494088 0.0099972398152745386296 0.60602538619644596984 -0.33380785894744968711 0.84178852782098156915 0.42422209717776337978 -0.50590416762801426742 -0.5397148595555621986 0.67288100251943050445
-6.6713268046470401984 -2.8245382395998359648 -6.3522645237238357652 0.9995597856976471407 0.0066876724575451792359 -0.028905187308244633532 0.022184286969576895443 0.47843811951011194772 0.87784100109953466795 0.019700056545025806248 -0.878095803905761918 0.47807914296210940464
