1125 14.717824617146108679 14.977075390850430381 15.033177056927090831
4.1987403191506285083 5.1517347349081425989 0.55413295700471598693 0.99667659043282585962 0.0052945897159874339907 0.081288015124650545018 -0.027545089386222538358 0.9610101752790990437 0.27513762203814140506 -0.076661868838889160593 -0.27646231267533905029 0.95796218481539718859
-1.4966250500530873246 1.7057943810462161682 -3.8056777809857047501 -0.75160071702488517875 -0.0003394518342999276999 0.65961825849510213882 0.35102939507582747725 -0.84684295949953369842 0.39954394719322988694 0.55845745223821907643 0.53184291545389106304 0.63660693313944116678
0.018765512814234931033 6.8617128374907743193 -7.4873688450307831488 0.94494746144245522768 0.0015564823266106301257 -0.32721838651898904615 -0.2809797079919739704 0.5163625972301409961 -0.80896234268256606015 0.16770420033516797442 0.85636863881421032563 0.48837286538612184605
0.1971378339751310993 2.6957329801106806322 6.1084244658530737482 -0.98033702017525181649 0.0014281877847278686561 -0.19732533327873053031 -0.035154797326836455251 -0.9852412603254835366 0.16752253334143987762 -0.19417380641790271678 0.17116547324692890641 0.96591868895333599099
0.25664364611925516435 -1.8291143721317995041 -2.8511692928315826023 -0.99990716905959642347 0.0094277864284893417302 0.0098371797958996844147 -0.0063008010452718504757 0.32020411530876075057 -0.94732762254965829918 -0.012081107956854419266 -0.94730166334826459984 -0.32011498785306163883
-2.8055937911277464281 -6.6101520501684891684 0.27696519790351215029 0.45547228574369191811 -0.011375761823803690054 0.89017727951369041151 0.090651271421072820988 0.99531356866121145632 -0.03366373462039264769 -0.88562257418675216503 0.096028600332293115316 0.45436897342258164567
5.3756486546683959205 -0.01890795600495860998 -2.8211731390650767182 0.79051948418716266875 -0.010640273899778672148 -0.61234445346698129775 -0.054061970421820211563 -0.99715829577836434527 -0.052465574566085262931 -0.61004610356479038735 0.074579606674915172038 -0.78884829580455240183
-3.6186911001228545537 -3.7264736888506559964 5.9847825775779170954 -0.99778483636779924382 -0.0096349216123597994366 -0.065822401962667781428 0.058795959454566060209 -0.59059562112102403919 -0.8048228671356938424 -0.031120017134120055158 -0.80691014406693550853 0.5898538496401404263
-0.98996120584658398034 3.4442262428791985407 0.31749811867035493407 0.99226567151418254564 -0.0090300268976055038384 -0.12380345612625202889 -0.12172577669813910983 0.12465243116585819627 -0.98470534003415499669 0.024324317499603922282 0.99215937732736914079 0.12258914127892960033
-4.9806572867634555379 5.5721816767135896598 -0.76835862904270779694 -0.962346538792984596 0.010239181476701789131 0.27163265347863796428 0.14650009208432485108 0.86127747793757591932 0.48655814556625431866 -0.22896912956220349944 0.50803175605495176637 -0.8303474408627830039
-1.9042410566463188193 3.8706043091166786319 -6.4449291065922800215 -0.88332892021845776931 0.0013304160641165697562 -0.46875179860862153935 0.022383029867921122591 -0.9987355783824708455 -0.045013825065590540309 -0.46821898581715798437 -0.050254098999012890292 0.88218224129381506149
-7.0986230569114443512 2.3529517324966326974 1.0557108574365552389 0.91780620023653680661 -0.011662884784135536115 0.39685734959285978718 -0.33664105642136893382 -0.55278587771394893657 0.76229952940521839011 0.2104865267394377959 -0.83324171194099838633 -0.51127651182372435557
3.0687228385999842928 5.0921731443159163888 1.932898590468979938 -0.85767420906909719314 -0.00071611302631288935999 0.51419299711281452048 -0.39251535621110783536 -0.64505946156720950224 -0.65561420529246472455 0.33215455173186841931 -0.76413204240162346803 0.55296977814255099393
-4.693323827595301978 6.1626138107728856141 -7.4048964579011640197 0.99519518736176193485 0.0071663641631959261111 0.097648257930256221471 0.010216421294425820365 0.98427317882368758895 -0.1763574046770219339 -0.09737640262442387451 0.17650765613178201474 0.97947071601909307947
0.14238126836181522195 -3.0747076523502960832 -3.1240738904147069555 0.99338132531533973602 -0.0018493806419145940399 -0.11484825774029223944 0.11484342853994143618 0.034517564569951190989 0.99278372501633393998 0.0021282471495875994634 -0.99940238018896809802 0.034501493252739760809
-4.8699082419859305304 5.0211226957905923385 7.1204420705930155933 0.85812037391865247926 -0.00015226609547731894453 -0.51344853751937724606 -0.48120451183485246638 0.34855118825628961243 -0.80433468590805046183 0.1790855707628957183 0.93728973427642681138 0.29902560486414286878
1.2159496272375656112 -2.2425829669227868024 6.1705278557603984169 -0.98606859464461926734 -0.00031390724603440334217 -0.16633889538476870351 0.11421411144986723385 -0.72827988972269019907 -0.67569485640430415607 -0.12092916687588722846 -0.6852797265991493747 0.71816978000397935222
-5.0942401467666362791 -3.1204605867596222346 5.2839821082347500081 -0.9998747550241063875 0.0053513798232924687792 0.014894193481354723457 -0.0077731175368764829012 0.65371657024544316261 -0.75669956021560402792 -0.013785967838046347261 -0.75672056171400869928 -0.65359309862495984511
-0.090807839414554142321 -6.8548252734276307052 6.9307719832973893048 -0.98193085946488323223 -0.0010822581253901431518 0.18923693071836064639 -0.084283873112016530205 -0.89282550872603783088 -0.44244642579791437775 0.16943440017775202033 -0.45040142060773763477 0.87660170222908773141
-7.0065039535648869773 4.5199472978289776393 -5.5629407537264548012 0.99990674133729828821 -0.0076849130627782667735 -0.011289408280458535644 0.003393298352376993357 0.94053080626909468798 -0.33969145998241773166 0.013228535610392996164 0.33962147248064183946 0.94046917082699010848
7.1980966843960008106 -5.3025660285024622809 -2.708546843795666792 0.71608013528844105533 -0.0047335143092661789363 -0.69800202985922354948 -0.27342751944693161059 -0.92196558533518735423 -0.27425690705357130827 -0.64223565103036261981 0.38724288670004358703 -0.66149551415394525211
-4.7485732033348551084 -6.2070444136196956109 5.5349806626790494235 -0.98874726202147344978 0.0048363871241608354101 -0.14951742776113358113 0.12483161458828404 -0.52410566573468220231 -0.84245493597229970106 -0.082437369220703299311 -0.85163951323571118746 0.51760430799163081872
2.4133523372730039114 -3.0508792305076748441 -1.5122053495844469673 -0.14772249189180639006 0.0026571566002582727023 -0.98902528021691971105 0.98709753252857945771 -0.062067011815403416719 -0.14760131205484741668 -0.061778043553483839856 -0.9980684473337114726 0.0065458209260216212999
1.5312050999729807099 6.4320189813342762974 -3.2993806466337605166 -0.9233578410595983943 -0.013105234315922326821 0.38371675776200298014 0.35263012069702892592 0.36635954017921207315 0.86106485545333222298 -0.15186275162466189581 0.93038107254676039037 -0.33365965371284478369
-1.8141260007899515649 -3.3810296199461409294 -2.3506193094520044795 -0.95061807882705517958 -0.0045765344228428494339 -0.31032937911153596344 -0.0099391243071480089855 -0.99892952471104057288 0.04517763239190183272 -0.31020393616959962557 0.046031076385577296417 0.9495549789200040669
1.1283155850060906378 4.2403112880916253857 3.8778177329553069619 -0.96247650624385483464 0.0032417976074843005314 0.27134565719169440046 -0.19428333815719101008 0.68987146349015782132 -0.69737461122157573534 -0.18945437298472736498 -0.72392461942535490937 -0.66335524867655448755
-2.6418590901389871206 -6.5666014959938934226 5.4740342771141410338 0.90158904241176041072 0.0027411335043569032277 0.43258488738086958714 0.26632895702202219468 0.78448177853947953508 -0.56005109212568660038 -0.34089013663458034298 0.62014580973080080106 0.70655013227554197552
7.3307540270309345942 -5.3839821618076442178 -4.2130305247834884952 -0.80921959863907066968 0.0069263615796042914477 0.58746546000048360803 0.57703999936931216208 -0.1785320141441008035 0.79696371250734854286 0.11040145065262604862 0.98390972423341716002 0.14047481714839299416
-5.8311451596779875217 2.492222152920868794 4.866355695057928088 0.6291665652214244453 -0.0088676629533506329262 0.77721991595777262241 0.77121087708668523142 0.13173848695473219794 -0.62279912822515348658 -0.096867003002647791843 0.99124484140328572579 0.089724289468766538214
3.4248154447049516946 6.9775166787825773085 -3.2665538794067625616 -0.95357983173131921628 -0.006878111192723535168 0.3010617812037971186 0.22307846769190578518 -0.68770762336733792797 0.69086483628458139616 0.20229063687528986426 0.72595517516497465316 0.6573184782765880696
6.0140225086423049206 5.2027275118960654154 2.4569871229953355041 0.83900326070785113952 -0.0066505359253297788996 -0.54408574590170932783 0.08052749947942752784 0.99043199535728254634 0.11207044391892843904 0.53813460244544841782 -0.13784133249684762945 0.83151122464235283083
0.68658786070781263611 6.4499740841414539005 0.013471512691592066324 0.9905624650797838493 -0.0090184636045588691122 0.13676501778415514621 0.13222928185988416794 0.32551232993718770548 -0.93624630310499779018 -0.036075196383321510296 0.94549478601055414462 0.32363280092234669727
3.9752153533707326183 7.2633793455832407204 -6.0729607667673279892 -0.0039711368598770689642 -0.0068106556539522045482 0.99996892203790765929 0.9999800185646606776 -0.0049455622487342473098 0.0039374973588369565486 0.0049185916121104334559 0.99996457756449130816 0.0068301590717244594145
2.9520217609281318438 -1.5395378093579152878 -2.3229145307004248622 0.93662448677950604914 0.00096385894346093204613 0.35033361491737929905 0.1762170270271411765 -0.865581709559316681 -0.46873858755395952924 0.30279057143653176354 0.50076678708987931721 -0.81089487283916916738
-1.0504859428238539909 2.6796350998827165313 -4.3621556796775058373 0.99003086244221338852 0.013650470352222532008 -0.14018757459602623761 -0.054798648198268261333 0.95420725701884001602 -0.2940843736213111792 0.12975361100026913674 0.29883469562914138917 0.94544266093755946478
6.4258463541591090973 -7.1602163460173970932 -3.7111966994304435019 -0.96592098098936596262 -0.00055497670027679357752 0.25883653236203907344 0.10468557674797332457 0.91372226178410431707 0.39262266661645983667 -0.23672259821418342729 0.40633892297062373933 -0.88252540539843415957
2.985861535339678241 -6.0176043532566705352 4.7700516042753156043 0.53400858194815448154 0.0080864848903829441434 0.84544038415954336774 -0.83814186572214832704 0.13651427193442638997 0.5280928578212985558 -0.111144263591961584 -0.99060509907847427158 0.07967741430454242102
-6.0693822117039006869 6.7276781428862220125 -5.7382988705840363153 -0.99985670039290996947 -0.0085928745330387037993 -0.01458565002327599433 -0.006763369803857827503 0.99261170742231252806 -0.12114559470782740314 0.015518875869012205629 -0.1210295864468225735 -0.9925275833427928962
-1.7699334572158684775 5.8775802402222065979 -2.5391667918782774294 -0.98828844878308808042 -0.0041986192826969212163 -0.15253954765247867975 -0.10854023631559828189 -0.68329590293216768693 0.7220288956384163237 -0.10726117238995183656 0.73012949579666919231 0.67483772883936199438
1.4814881165952382691 1.9122697741296377227 -1.6480782847004407099 -0.94741461503210688821 0.0086248006119563624949 -0.31989241947586499748 -0.082188364480515196941 -0.97266313802119108711 0.2171899921237508968 -0.30927434417965632418 0.2320604075431981772 0.92222413072050113403
2.7759458888444341618 -1.4801059411568531221 6.4429962047821671689 0.71035369766578349005 -0.0013232891139089934113 -0.70384364252195164013 -0.53492013908883206952 -0.65094020054962309363 -0.53864394557577854883 -0.45744734014932719735 0.75912785761965040354 -0.463105632416594859
4.751667961276745622 -7.2468110245725956275 -1.9908839690529303024 0.95918586637436409337 0.0016802799956934988054 -0.28277137480085606791 -0.27649363360853485005 0.21519369136139007703 -0.93661248431367072342 0.059276844733594374892 0.97656994212269432332 0.20687533400829169472
2.2151616991012863522 -4.0840879130447156342 -1.8494417333793169433 -0.85545858875639646524 0.0050647189824492219734 0.51784645556821440326 -0.012248676284843138667 0.99947456304154480566 -0.030009461209175969376 -0.51772634938950590211 -0.032014784934876298894 -0.85494706309425738677
0.87033412263998699565 5.8628126727146865349 -1.3412166836952832405 -0.90479654186039926156 -0.008619636970230755077 -0.42575687862447708643 -0.34976404592874182908 -0.55527563655751510652 0.75454229809950268404 -0.24291630248521792201 0.83162171045742250275 0.49939663663538252925
-1.3007998480435345456 -4.9080938178812196782 0.65883271623072947598 0.40595848770956349805 0.016276246402081424869 -0.91374656774164264572 -0.85274981445765318799 0.36631300815970752049 -0.37233390121686521512 0.32865705560505203975 0.9303493235640095671 0.16258744092035512518
-6.5799101160186417303 -1.5471041054079304189 1.8890582614274209483 -0.83440161398631840228 -0.0027386195434717826303 -0.55115011252845591549 -0.50280574865908622684 0.41335922369781263885 0.75915777760577252131 0.2257439383293113333 0.91056391985790241517 -0.34628459705944486524
7.05395091888114667 -2.4401520383978048123 1.9747630677613712269 -0.99342617923385412304 0.0061748930614236715794 -0.11430790483818865921 -0.098516324486255579806 0.4624308437584194742 0.88116527879313844007 0.058300602248591099075 0.88663385082937185011 -0.45878257850629089454
-6.4771489490109921405 2.7962033532015411197 2.2744567535516377887 -0.96310840248811879771 -0.0044835115222317464823 -0.26907638911880571442 0.19691729061512014409 0.66976420368806466321 -0.71598847205441507047 0.18342787605369159643 -0.74256030703403008708 -0.64417265131633238973
-0.41073773625472193016 -2.8187155038831237519 1.332266302477219222 0.86547573045535286518 -0.00024339433651385098583 0.50095079673748221794 -0.2284027923976428287 -0.89020289132627405948 0.39417125300984290348 0.44585190861728435374 -0.4555642139518875644 -0.77050458957017242678
3.8995038408529452134 2.1731039653687989066 3.67355123257841365 0.79740060146287417009 0.012599647657579305521 -0.60331876289866781526 -0.26517290000582488529 0.90539816903341785448 -0.33156822618197595576 0.54206606044760952123 0.42437648896916807528 0.72530612965900564948
-3.4202755392645283194 -3.1478847736549413483 -5.1250645947850586026 -0.984132192192865074 -0.0065003793049900797721 -0.17731771868128581859 0.14256210553608444913 -0.62393622866398157356 -0.76836165223528696266 -0.10564030648633200571 -0.78144822453537621243 0.61496243626421986939
-4.3972014706178281784 -5.2373382920606657009 -5.8206939518471321193 -0.9889436530790063351 0.0018967153903013660859 0.14827964629601753099 0.070223277039469789162 -0.87470603961964610296 0.4795393994395598658 0.13061065192694734649 0.48465012815813313107 0.8649017926213108387
-2.5129662370549752382 -2.4319729095749336167 -2.9274416582119320296 -0.73752650225470817169 -0.0027573581976155780993 0.67531256129867023308 0.62606704627743359204 0.37209409721902253487 0.68526347953200494878 -0.25316933470988095545 0.92819091774840012388 -0.27270296692921042192
-2.6472232172122831528 -2.8163588233695677765 5.687841694194322173 -0.99679546116052730742 -0.0093678957796079088266 0.079442124457311941166 -0.059770281678961326155 0.74725194711140185966 -0.66184744538786854928 -0.053163164293112394332 -0.66447480769922884214 -0.74541727099354893049
-2.9097717475242586005 -0.13525060387796364325 -2.5743058147555948345 -0.82282305725602544744 0.012737851226267530441 0.56815487641489470505 -0.066105613887587399979 0.99081670817852340871 -0.117950407404626742 -0.56443977912651188689 -0.13461054171391548251 -0.8144247895288407868
0.69371387500028958151 -5.0469596621630659072 4.3787136057019875324 -0.47777928381281759007 -0.0036301441452727314235 -0.878472411640039752 -0.86406975335475555422 -0.17843932008528140543 0.47068340780708323168 -0.15846266846390791305 0.98394422153950256149 0.082117912798140374475
0.015316150254120567201 5.2172791207014581616 4.0158023525878849824 0.99914104096698608259 0.0066141050275130060937 -0.04090762606222101555 -0.020849450174599239854 -0.77288988137905378917 -0.63419754941907713341 -0.035811739454788715786 0.63450570121669180867 -0.77208810018076556858
-0.48085177763223452274 -5.6693218643274887469 -2.8623701511889474425 0.20203597974410764104 -0.0051029129253778483799 -0.97936480596790620456 -0.97933993086853721177 0.0077758459080124811558 -0.20207136369834413636 0.0086465423926081336203 0.9999567473146107055 -0.0034264857451923487475
0.13723832859323198408 3.1438426857549175431 4.2363833831433588273 0.99648578227514472694 -0.017386144053508103408 -0.081937828372747323336 -0.037903769242488720426 -0.96593123916353118563 -0.2560080965228512806 -0.074695314449428021342 0.2582141808712782316 -0.96319574687417630621
-7.2889121767691378295 -1.8921116422412813662 -0.70618484222878441514 0.99739133396371593143 0.019946604505009700448 0.069373337116490838006 -0.044677867547003147219 -0.58426541596351910801 0.81033191462530307358 0.056695811885994470969 -0.81131748204854881035 -0.58185009086266759049
0.67773822370795000491 -1.5318225695531728636 7.0004762546527832257 0.9362313980406224978 -0.0012048225956903546065 -0.35138201110089689605 -0.23780346256080273082 0.73402485243313908558 -0.63612658268971700171 0.25868954852653924803 0.67912153876384762086 0.68693060280505091608
2.9075324544918235148 0.42561581018451544178 -0.14490843659066204863 -0.94162066997378601751 0.0089386658460678340005 0.33655699982457504271 0.28694181513025135422 0.54420894082167114991 0.78835336205250561292 -0.17611050112863307904 0.8389020973764811373 -0.51500326446494282262
0.53433601092817173406 -0.96359844191802102031 2.0314665840286529885 0.99844976203659230318 -0.0068332803410188535168 -0.055239288273543837859 -0.046578013929782322022 -0.64590337244353757118 -0.76199693049551453505 -0.030472303942180856834 0.76338859026447369871 -0.64522034914170567355
-1.4085664925565550831 4.882847349883261856 -3.9053306211239222634 -0.96167410310964429598 -0.0048318943744855786041 0.27415246160679901388 0.036633160862873243024 -0.9931452280038189917 0.1109980523182435147 0.27173687812570979094 0.11678702363698682809 0.9552590539619955079
5.8369362763927687965 6.3128438277973293324 -5.7170208586973112475 -0.98071915875820392383 0.0067568754501014091293 -0.19530559715169104607 0.0033138254091125483695 0.99983338660234988282 0.017950420508817340609 0.19539434537829500349 0.016957112650328308445 -0.98057814891251759981
-6.1871957099503953614 -0.86579076091493478717 -3.0092368667832389839 0.92651543993451890291 -0.010935174475885236361 -0.37609780845175083686 0.12631097326760029609 0.95060918254683079986 0.28352728279665517785 0.35442160994388499651 -0.31019768538315783957 0.88213531750399898357
-6.7722776261594468394 -2.0059277319373505222 5.7838199075588851983 0.97758219915602073691 0.0060533085454058605315 -0.21046710277146846169 0.040480145448120605223 0.97553598919347328522 0.21608075252717523496 0.20662623676060387634 -0.21975643618305407134 0.95342157886122003152
-5.9224187557975280782 5.0126352345532447785 -1.433207694255079323 0.93565650007925948994 0.004629543417730351898 -0.35288168156947935516 0.042284270783587256382 0.99124015045956115344 0.12511996068295402895 0.35036973942372784396 -0.13199064908071855839 0.92726453304943035061
-3.8461161239166385961 -6.5183541208986710558 -3.5857131265546811072 0.96350863044907686383 -0.0087950618374620561507 0.26753273806668392831 -0.014731318138367727189 -0.99968763094456691842 0.020189819275670931736 0.26727159840897118936 -0.023394174996300226566 -0.96333722302209945365
-1.8903356489416018871 -7.3262323689720094677 -4.6152191831661273369 0.98531971749463820309 4.1732168674228284355e-05 -0.17071922145625059719 0.084591359836374543923 0.86848862223517542258 0.48843813824179299621 0.14828808501435686296 -0.49570909947916441673 0.85573543372716798228
-3.0927012611664710384 -1.1248377442010573102 6.7491731960946035329 0.77754917513985988275 -0.0096548848230528540315 -0.62874801267143864969 -0.62644413444103108635 -0.098768334705700511211 -0.77318339511654476937 -0.054635397534110480278 0.99506361568415202523 -0.082845483146446866063
6.0563926431302981257 -6.6394770387673913703 7.459384372295716048 0.97753039819696563306 -0.012112144253481844924 -0.21044623199866538399 -0.019519830205843014675 -0.99925947541895665527 -0.033158362659133792938 -0.20988877251910134647 0.036521182169836102771 -0.97704293990768364964
0.24538704033176772512 -5.3094888908021538043 -6.9255316894430727359 0.95564223280951043904 0.0043295772370249823585 -0.29449817933503102951 -0.1487065518424725008 -0.85599514337641469108 -0.49513500780598829198 -0.25423273650306787985 0.51696573317472038767 -0.81738127358856704774
0.85597689203717797213 -5.8995987348828213825 2.9384056542326613126 0.67175610369040006375 -0.01078505588834036133 -0.74069387720176071976 -0.57940427304688424393 0.61535891393649200243 -0.53443811186508372035 0.46155652473954728032 0.78817326116050856477 0.4071221989303597244
2.3760254447967543712 -7.2862693560824602912 -4.8563756027155475792 -0.98358709480245321011 -0.0001735313131225914296 -0.18043391262456745516 0.082781447266164320808 -0.88897793150071624524 -0.45040589393719060451 -0.16032360689136784804 -0.45795000512258987602 0.87440158616147389825
4.2801673674808915493 0.92487620709208917535 -5.6545835340788581647 -0.99242523200130106087 -0.005005973695124611017 0.12274811246831822398 -0.11263407950264786583 0.4359974372112994101 -0.89287165868306606065 -0.049048170422166519067 -0.89993398367457111409 -0.43325870101560393088
5.5280280984372058839 -3.1436733726387062759 -6.04100048813249213 0.98623884604100808815 -0.0045557419851306622458 -0.16526398208529777256 0.097032385976529106353 0.82529312830858114758 0.55630564300436780023 0.13385684379753201578 -0.56468619390037877448 0.81437819702323532844
1.6651812273719528434 -5.8554479511909001133 -5.6156558847420887659 0.99969384436626640422 0.005511917743475082572 0.024121283114364268363 0.0015554180046804739253 0.95894425364021695923 -0.28359037198952019576 -0.024694092636148010089 0.28354106787760524622 0.95864209411845180409
3.3565481319889878264 -0.3799282710063291435 5.6623116886265414394 0.97062608794620364172 0.0068905402655655822314 0.24049431979405208604 -0.20978286352710939777 0.51364916912080693656 0.83195894203494968888 -0.11779706095103362196 -0.85797264030756204001 0.50000680086864623952
-3.8455615989480596006 2.4720286157057755894 -3.2828114285132921069 0.6906782673430011954 0.0057842421070048192708 -0.72313904165330900042 -0.66214896816487012199 0.40706752477924112998 -0.62916990887062840265 0.29072714867770355074 0.91337975279362959569 0.28498272264892232641
-2.4099546988447348994 -2.5887206534957218906 3.3759207958887045287 -0.98510131603005790524 -0.00052699497970359367172 0.17197418245789239388 0.1377114984505526385 0.59655897295843252071 0.79066613369821647783 -0.10300941874555098743 0.80256907120758624874 -0.58759845608262351035
3.3328645936889107482 -0.46535905197312638082 -3.9257556834822615599 0.97509037696672917761 -0.01819870031065841387 -0.22106009149974567563 0.1992435100678567883 -0.36609677547049157553 0.9089967957511811969 -0.097471946952446444912 -0.93039881679686808891 -0.35335146987129306684
3.8452589773616097091 6.2879130753082348448 -6.614229973676498453 -0.99997342672429601063 0.0060434353884202566751 -0.0040770987454696212826 0.0071859669299385378616 0.72292623436526892711 -0.69088785019406073751 -0.0012278944401165371725 -0.69089878893741074606 -0.72295045177390127034
-0.72819492476597225128 1.8160926992838484217 0.98778669861141688013 -0.98838736323587239596 0.00477993737917269991 -0.15188012507976328402 -0.12686519514975796996 -0.57610960554874013351 0.80746699291924761699 -0.083639957288473426589 0.81735847373912440261 0.57002586165162949516
2.3635268656284385003 1.3942455751581162016 -0.51467458449597291992 -0.96052061379478692604 -0.00053337075511208789994 0.27820831402173140656 0.0092544029415329385341 -0.99950601069869238202 0.030034823176890164398 0.27805486239479071386 0.031423718632751770907 0.96005106291586861378
0.62302994000154487964 0.70692642676142258829 -2.1484439299384692212 0.9903303253074261514 0.0061513295504318169643 -0.13859295768964491335 0.12248302451652405554 0.43034569617953610798 0.8943156548361693714 0.065144113177501905554 -0.90264319801605408244 0.42543095984405709942
-5.867320532911373121 -0.23913626641090793279 6.4936548017068735916 0.84089652961955119181 -0.0014084204040204230911 -0.54119408979210292809 0.47582663734712282722 0.47835083238948172824 0.73808501701586926025 0.25784110933841436486 -0.8781676932706526939 0.4029137188416956894
1.4329134300923831447 -7.1703734862491206314 -6.8896024708942134041 0.94888877182313491332 0.0025200205573379054133 0.31560061502529956901 -0.00037689767753268637457 -0.99995836194197118552 0.0091176932676729251226 0.31561045080308525179 -0.0087706259054503524913 -0.94884831214753173612
-3.5608477643242721911 -5.3156406382276042422 5.1960192504384856704 0.78873914583165438685 -0.009264726521954157884 -0.61465821777248574875 0.26843979468649725728 -0.8943234987375661138 0.35794630356291534667 -0.55301956245811856316 -0.44732498750709065449 -0.70290093120612173738
1.6372768114097091541 -5.6423143517906781952 -3.5010987322414224288 0.97601236012578918011 -0.0075184589914238436278 -0.21758526065934444271 -0.12296016738763002052 0.80571654665480807456 -0.5793976559173247276 0.1796682223371496856 0.59225359367500141072 0.78546483731696292718
0.87346049571167894143 -4.0123080539887849838 -6.7988838983360411206 0.96746899398143137994 0.003456936936065942937 -0.25296599627549404277 -0.19490574120770826072 0.64767388021620497796 -0.73656655974193707692 0.1612932042243001296 0.76190983355820318668 0.62727817417660580723
-3.0835342222219228603 2.5489367462908258943 -5.265350729247759709 0.96894214095593644842 -0.00064242317581485706979 0.24728670561134638572 0.10064499104662066875 0.91445143329777034413 -0.3919810734167800681 -0.22587986465571235906 0.40469514876287782101 0.88611518625457108556
0.069891521955800464672 -4.2813669077190796841 0.92400217061607903268 0.63878497458445382406 0.0011057719505021619717 0.76938451603431767811 0.44196902280354960491 0.8180154326491031469 -0.36812244543098404659 -0.62977546723187227684 0.57519520966048975907 0.52204725040606725361
-6.9166275090183475527 6.2723908303394200203 0.27825350575964791222 -0.96254261297012366771 0.0088193618349900193554 0.27098696845659420163 0.14421531080057861662 0.86301042864523991316 0.48416417069027239961 -0.22959456079610079948 0.50510911584161577448 -0.83195620001677406119
1.4454224177060293055 3.8672930047081246485 0.70705702041568208038 -0.7859738090579012626 -0.0048117789952144820673 0.61824106807779222184 -0.61455167824960099665 0.11543590220573880789 -0.78038502499887529851 -0.067612175202753338477 -0.993303276580170591 -0.093686682615528607543
0.67562337734051347571 -6.3090422394747696089 -4.4709301932537570679 -0.98372256198742435984 -0.0013534366687761758934 0.1796888678971231279 -0.11089270512334122032 0.79141930813274408152 -0.60113083988870008589 -0.14139564698881518234 -0.61127215454655070559 -0.77868711565595805091
6.3212377638268479885 5.326022519222474827 0.52538991676972734979 -0.79799023778568556331 -0.0091804172429190786936 -0.60260044833869741421 0.57780616796603234686 0.27258616139873387274 -0.76930931157383108943 0.17132312353892220624 -0.96208757634279706838 -0.21221659404420820105
3.2413387327044498321 -3.0314330271229112945 2.7094777859933110165 -0.87822860062243723878 -0.0043975027520236180389 -0.478220855900648667 0.035180166608243870763 0.99665447236009196974 -0.073771394199373535594 0.47694536471817861045 -0.081612037679849341876 -0.87513575768539908495
-0.33278873638972550353 -2.1021547780499423297 -4.3192157084007529733 0.70036879070745783338 -0.0057488497934796885247 -0.71375801762855461963 -0.52369366388504567933 -0.6836015948309545065 -0.50836385193200606114 -0.48500361174908174222 0.72983272759623063486 -0.48178385850893168385
-0.80663357632395549235 -3.7553844499921060773 5.6850762305378790273 -0.98653865266484785934 0.0044994590440005123588 0.16346633190510651001 -0.16089024115665892523 0.1521204668048985742 -0.97517880097933851147 -0.029254351791903214497 -0.9883517179867354896 -0.14934880131377342716
5.5459085316114737907 1.8445921442807655666 -6.7411609568064667641 0.88615509642490386533 0.0015650941867904246546 -0.46338611930040130016 0.16953350928382196483 -0.93176120671525131112 0.32105987430770327462 -0.4312627207515315475 -0.36306831883373186232 -0.82595027789168229404
3.5436374821397622625 -3.3681672725261004864 -1.0870734178305485607 0.27735390970334838912 0.0017823596176034222499 0.96076616924534952169 0.89727904231261701451 0.35700430816472450424 -0.25968874480503861824 -0.34346052029139106931 0.93410103690444623581 0.09741726671968865825
5.6835439632857385206 3.8000203555773719444 -2.0277742412151353868 -0.90668555459426380949 0.012754208287695273372 0.42161432051228275864 0.37152460568697698307 -0.44913859034793790492 0.81255399453171961444 0.19972674447666369235 0.8933710633500754339 0.40248896967437958194
3.6306913110134724221 4.8996279778633802238 -7.0082629608375537345 0.96167926532476166734 0.0016147209427496856532 0.27417217823965345236 0.0075040458126874320932 0.99945304263202783268 -0.032207217668886164996 -0.27407422341556259004 0.033030414011994302381 0.9611411508250308211
-6.4104674587206318392 -3.7665128348115852752 4.4742920796213558887 0.97759300412391969548 0.005255519562671594376 0.21043834679558184875 -0.19897753492025832545 -0.30319324798775160179 0.93192370662604506748 0.068701229137160021998 -0.95291459947304590905 -0.29535386780317501865
-5.160183814844953254 -3.4022675057737319371 1.3440255719379248234 0.92634785417342857539 0.010009207547694586732 -0.37653614545283065063 0.17355684812819935359 -0.89854970513515530772 0.40309607771524103015 -0.33430177016587431238 -0.43875761322832268485 -0.83410675773444176162
-4.2601216123177803041 -7.2026224208430518203 5.5178716469476754014 -0.89543408332710083819 -0.0033102017979005611895 -0.44518181115154575878 -0.28833998118625503437 -0.75758564625692270678 0.5855971685681715666 -0.33920179490330271133 0.65272737888766529935 0.6774135451737888225
-6.7701403175928192013 -3.0674355932922767742 3.1143374268311050379 0.60875739604755918499 -0.011490165900777039865 -0.79327322458583926501 0.0084210516630557792628 0.99993237075034124839 -0.0080212102840091122069 0.7933117411498058491 -0.0017972237215904847667 0.60881298552231011278
-3.7414486425399706704 -7.2082014667108316175 7.1242129406357461718 0.93825657172924314953 0.0043544954496954335621 0.34591276931648595738 0.10588185012188883194 -0.95554839862028939645 -0.2751659348627814583 0.32933818397143804768 0.29480213069696398209 -0.89701062664545361258
3.3856464235559204923 -0.49242059530811987944 -5.8804800582966541 -0.98273263048954262455 0.0005925468600626216005 -0.1850303376730923488 0.18500450248617583693 0.020160880760641673726 -0.98253085088807545766 0.0031481790043346074073 -0.99979657319634718249 -0.019922379219853160459
4.0621976176448360007 -2.6604415037459308024 4.1636641274611321251 -0.97856172298545296417 -0.0068769966763313978078 -0.20583892057719826996 -0.024916476509703341935 -0.98814822741890462332 0.1514669925994111821 -0.20444100250687896603 0.15334858188288211234 0.96679268146207486545
-3.5365628909793391799 -3.4168461086117574155 4.1260877166799492244 0.98462862886051638611 0.0065746554993169475933 -0.17453720844970047055 -0.16174212061373691163 -0.34284886073825515673 -0.92536162936973020976 -0.065923816998832124314 0.93936757054709862924 -0.33651540493230075457
-3.4017384540412236582 -2.3187462906712879018 -5.7751716656961074037 -0.99755616464249374786 0.0089613061413067601757 -0.069292087397796880976 -0.028019172479874555198 -0.95981069872971536139 0.2792460359207603604 -0.064004877605114973704 0.28050511153299534373 0.95771616779010271259
0.47729236800824309528 4.9037829291618750815 -1.2967026573343420903 0.99855614844009976672 0.0076515018416716479646 -0.053170225991399873433 0.017893421609123903726 0.88589998128890434792 0.46353106542666822065 0.05065021101173511342 -0.46381319264550302517 0.88448396167070242324
-3.3034854376150026845 -4.3359603127505739195 -6.6377906584550139257 0.99579390613953611133 -0.0049959728475651235535 -0.091485172300739422968 -0.0004745595710997198638 -0.99878007156550874246 0.049377560053079160018 -0.091620255887012724827 -0.049126458236745274011 -0.99458147972519606039
-3.8284723726293710122 -1.893947687414508696 6.4605900729239804647 0.82480967852087150316 -0.014345208010214372668 -0.56522845755087536279 -0.55179441035143295124 -0.23848877961155712235 -0.79915332114950021758 -0.12333662441910889229 0.97103929735447469529 -0.20462345923761576794
-4.0567243772644081545 4.3671527063732300533 3.7550732285301373636 0.86906256748080379371 0.010720494892423635541 0.49458601354359726932 -0.042533703828631572175 0.99768227626625938242 0.053112707168201225838 -0.49287030529565611925 -0.067194840675360203996 0.86750430289671409678
-0.64032012365789447994 -3.7970338297372450143 6.7391169585820014376 0.99657753898315060148 0.0058024019245892155192 -0.082459328920834407128 0.0071162314020802325959 -0.99985223719023608169 0.015648100087918601075 -0.082356347932657628097 -0.01618134474124469091 -0.99647157312069101209
-2.5345926489952104177 0.29634900820609477723 -0.92749395033983039749 -0.34582551804787503569 0.0025360570552286484589 0.93829541162766982865 0.34169922291008186788 0.93166992504487866622 0.12342119684033811544 -0.87386861262401072104 0.363297012348627546 -0.32306180320334221268
2.4794892436560762583 0.073602908593890889466 -0.99187892509950714715 0.9257684465100070037 -0.0024234582636342865726 -0.37808320552029917039 -0.10201172722300301532 -0.96449555471190384637 -0.2436019959892366249 -0.3640692117654387161 0.26408796222283098531 -0.89314677251479368536
-6.473007385208365605 6.1109387621044435335 -1.0701058357209352057 -0.8806648029200775385 -0.0047156722065176352038 0.47371644190753586789 -0.41107229891665136856 0.50464011001269182266 -0.75918240524242297518 -0.23547626199089347065 -0.86331693010271048916 -0.44635726524471247556
7.1381284660782515772 5.6431173925563999916 5.2631493634548380811 -0.91908553432535389227 8.0072652516186308344e-05 0.39405808478197629219 -0.036032530064080241228 0.99579352302033763422 -0.084243197279226578189 -0.3924072340959915417 -0.091625613771585998069 -0.9152165369627914826
-3.0972715448217638112 -3.2847125405097550299 -6.2770689728766582149 -0.99997973798511152754 0.0040321630636637999928 -0.0049259801348415146321 0.0048421451362867960408 -0.020543748922447924166 -0.99977722919191491791 -0.0041324629145394007473 -0.99978082400156587095 0.02052380834601918308
-3.1555695674229999881 2.1411120045248472898 5.3713923273331003472 0.80277459627970215728 -0.0047378550330996749285 0.59626378415734870853 -0.58636764337638969113 0.17532416280223100946 0.7908441216441191024 -0.10828635356879387497 -0.98449936042006747083 0.13796765912112690655
-4.4146879219274568484 3.4620427840221252858 -2.4359560849533918869 -0.16232975543221689341 -0.00090553274712159605164 0.98673615040277284916 0.93197879269101868704 -0.32863418844876335356 0.15301993385411485904 0.32413666943966024103 0.94445685459575334786 0.054191044753969692949
6.9462995955579796004 5.7466182801183185447 -4.2077493629748223825 -0.98753870091796946973 -0.0041102425766103801649 0.15732266237038422529 -0.10978434454343197202 -0.69825949963865785453 -0.70737618623867137835 0.11275953122689053032 -0.71583292538852738573 0.68910703888963831254
-2.0493238900644565881 6.6191093922465427113 -5.0493325116022571564 0.95336727560651912672 -0.0023947491573631709411 0.30180308643069037045 0.28020564292649646765 0.37857016022481765338 -0.8821391225081579579 -0.11214114086608494014 0.92556949980213876206 0.36158742450673797553
-0.37455080064487678015 4.1383420221866407118 7.0804355979292132872 0.8082402523132605765 -0.0047564849529258962368 0.58883365256368302987 0.40343721272257260235 -0.72392982214444356881 -0.55961060390274075527 0.42893602079012310702 0.68985722324315612575 -0.58319027907545240019
6.3751907107478151815 -5.3039845245250880623 -5.1059359267323056741 -0.98002130275248855451 -0.004695446475024815311 0.19883711658998928784 -0.015989968004148948783 0.99834532105568651872 -0.055235322479777956839 -0.19824875049958284867 -0.057311191826856067166 -0.97847476217664586251
5.8371097973387477964 -6.8530705456372444928 -0.83787477818086675274 0.91772748903311451851 -0.0063169686810410127092 0.39716036028246143319 -0.396244581728374623 -0.084250429508579055549 0.91427134734637771629 0.027685507470417824311 -0.99642458873419625931 -0.079821999735748369598
-6.3812960406058456542 1.063996241309144386 1.0547696631218375085 0.99450402755038047609 0.0052755524282018118748 -0.10456532758250920712 -0.089299144747410436063 -0.47864007069423603058 -0.87345826773414825261 -0.054657130671575737679 0.87799535948223694781 -0.47553837573252472071
-4.5788750980690045012 -2.8634217405831203784 -1.1984291313255186484 0.96836376886039177148 -0.00014966040855777466151 -0.24954275938246342492 0.24369967414741364187 0.21570058795344929092 0.94556000612175428177 0.053685007021519140502 -0.97645954035913895552 0.20891310648876074141
3.5594371904283801378 -6.5283643591662450234 -4.2055961907856982407 0.99246246736015286682 0.0075467529900072240906 -0.12231638238866229806 0.024084137226604677984 -0.99064874399703939378 0.13429452837413682897 -0.12015908295003166484 -0.13622816352166094989 -0.98336345378912437543
-4.0569774458612828383 4.4252967922926025324 -2.5136083642035345065 0.55360425311365057954 0.0088804861411788532655 -0.8327325308287635286 -0.82814198954490447768 -0.09951471645447293457 -0.5516136930512576253 -0.08776773944426878582 0.99499646138816189023 -0.047737466815529525088
-5.049522749791869991 -6.8516009474752097574 -1.9605071066928689838 0.56175831135047971099 0.009568750560481245615 -0.82724605689085217719 0.8128843338709506039 0.17947844215269631585 0.55408171649098392209 0.1537747033030030519 -0.98371536930920833175 0.093045219162201861507
2.5492805518237400264 -4.7315250778706126056 7.4072385592765739304 0.99996938124303624829 0.0018146852126429411419 -0.0076120624062459597836 -0.0069680376331446997051 0.64917782580186300656 -0.76060475737328558932 0.0035613239168497887177 0.76063450973825752488 0.64917059357854467461
4.763934918789200168 -2.4574072171420340283 2.3803903357180673517 0.92080794898755446987 0.0011548955659305823115 0.3900145988263327701 0.37657360084358404428 -0.26291234463422896717 -0.88829579656033930135 0.1015137637423149386 0.96481903238651867127 -0.24252668000799332271
2.7677444032750546654 -1.8018545049498029265 -5.8919958392833811089 0.73477771058654794967 -0.0066442553505559583463 -0.67827543807511281315 0.2736874205582791042 0.91784619559737934402 0.28749531658036864279 0.62064233810889513077 -0.39688060559605237154 0.67623137537998156965
4.4450144661638253396 -7.4271752420454877353 2.878174738493983309 -0.9812066919695641154 -0.012504544619159296132 -0.19255405474295475554 0.11534386899620845124 -0.83799811910744115284 -0.53334317681706100434 -0.15469072214927118147 -0.54552982387418880172 0.82369168488257527017
-1.1790844144588661369 6.330047333804099452 0.63224567556785560285 0.95334606878023830934 -0.015936008269417219207 0.30145864854363058072 -0.09567035018905803434 0.93118203975899516145 0.35177719216146885461 -0.28631880349709826206 -0.36420605770740605012 0.88621413343122656947
5.9896707915565592373 -4.363764232763011286 -4.272166077479843338 0.98776091582635705546 0.0019877607936014812795 -0.15596288652426107402 0.12152262445029843319 0.61702471604473940747 0.77750418104133378616 0.097778448099095874313 -0.78694126121148844089 0.60923134069939377522
