1125 14.717824617146108679 14.977075390850430381 15.033177056927090831
5.9943793392442143997 4.4967929454543069667 1.5178738108803999651 0.94683794968494394695 -0.0041556222557896527886 -0.32168404971346120647 0.25579136326895862696 0.61615615959861624873 0.74493111457755156746 0.19511195635683709071 -0.78761305080114696331 0.58446300712217669204
-0.68315364957293633896 1.7134684439053997629 -4.7309354309461806309 -0.99938958578190351112 0.0081117086535188870355 0.033980229742886600142 0.0059293390214204813246 0.99794252923068071937 -0.063840044575795062975 -0.03442816825547294346 -0.063599595402690098367 -0.99738146799271976128
-1.1938123119105326086 6.2449292992605753838 -5.3169799756605602425 0.99936380809605129816 -0.0023879227345102874494 -0.035584784566704816267 0.033567348342105021719 -0.2741442333677815979 0.96110258164071371567 -0.012050402189460938246 -0.96168562281871805553 -0.27388966879177772951
-0.14858343924967795657 2.7468998536660946819 6.9476682485431240366 -0.968795298285985651 0.0011153269015533439495 -0.2478596902783463396 0.036416589424287798549 -0.98849746843563357501 -0.14678755707158605559 -0.24517239247859254347 -0.15123329971362739488 0.95761108338617062508
-3.4848024047479184695 -2.9976494509058011495 -2.2666081564262960946 -0.99314781744573743527 -0.0070982982819131467539 0.11664916143851378205 0.11143840831930415525 -0.3581506434319109422 0.92698953487115509642 0.035197924002298257296 0.9336368302347511916 0.35648755290352623915
-4.0699421377469118255 -5.4458528237830829966 -0.21291092671595546193 -0.86387704561794897984 0.0080007159518223850553 -0.50363919485949137922 -0.47052046205857028793 -0.36972320477284786877 0.80119613493615304822 -0.17979695447538632247 0.92910749668527203848 0.32315989040201448246
-5.8122498613167081771 1.5666866865062898384 -2.0819759682270042589 0.89087818240167016004 0.00028045547132850897482 -0.45424221013175869466 -0.26111194576502677611 0.81858911984562188202 -0.51159789351521389733 0.37169425056017857401 0.57437946883145574173 0.72933641749575062185
-5.0069531943458374101 -5.0566888050410776501 5.9755919356322531044 -0.52048643735957278444 -0.0019449620398123371873 0.8538677213992571513 0.8185272305711056573 -0.28586226202600834023 0.4982930262034622193 0.24311939728949980011 0.95826874324057176313 0.15037943472945894396
-1.6689553558341680972 3.7611607496321735056 2.7817226272401938125 0.90084581225415616412 -0.0093945040240321978087 0.43403751662542106038 -0.21258991836166024614 -0.8812429557653083112 0.42215681864101461951 0.37852655013248637239 -0.47257020241255220938 -0.79586120312307651048
-2.4560642267011840723 6.1806195632746581126 -1.2954756190949365813 -0.99457981350053248359 -0.015781263094517477413 -0.10277133020634045268 0.10397443371582253124 -0.15626060132342170506 -0.98222804969496502192 -0.00055831058584931807232 -0.98758978134108454938 0.15705448761531473623
-4.6272744742064988444 4.7170518002283818859 -5.220608151503903116 -0.9771444827961316415 -0.0074949661849942599695 0.21244407551865232553 -0.18126051210772659017 0.55147770394515149839 -0.81425853928706182217 -0.11105533076597283448 -0.83415596115671175603 -0.54023193720400553008
-5.8474830391261516382 1.2727884730822214276 2.2288716079298946937 0.88104546774269076881 -0.009201341946207889852 -0.4729420885017956433 -0.22506287866686641719 0.87123938676959278293 -0.43622085184847253503 0.41605959238573003711 0.49077211233686912628 0.76553063252626307733
-2.3723742473908084882 6.7381997419962296192 1.7916871707121868607 -0.96875949826456375646 0.00090612832048671048887 -0.24800043034978641598 -0.24787060137450497854 -0.036096154633050499261 0.96812046388612293946 -0.0080746205129832923642 0.99934791066587058683 0.035193095223315276621
-2.0643190747738002777 6.8799924681885018529 -7.1890373130415872183 0.77871808231716843629 -0.0071715691945343964381 -0.62733301911161909459 0.36092238872389947879 -0.81277462908685871312 0.45730999511351172471 -0.51315999219571006851 -0.58253409420232193927 -0.63033392063394022564
4.9146091928286654849 -2.5279317652500350455 -4.6299255571563806555 0.57248970649140473732 0.0066091887919327713119 -0.8198852691595960307 -0.81804498501334532712 0.072046655013747545881 -0.57062394095919921622 0.055298629782982000602 0.99737936519903269694 0.046652582128812944418
-4.6210696191827533852 -7.2754831793393810457 -7.164358501792050582 0.90310283639588639915 -0.0045272779034788148897 -0.4294004781652384084 -0.29340896880799910429 0.72362810788032627674 -0.62471876753342869826 0.31355453100973068592 0.69017524241322725231 0.65218225278132990752
-1.6966932172604041185 0.16136126288774760296 7.3776617849238972369 -0.99985839898022677019 0.0033484029411740205522 0.016491518620586960442 -0.008767371401897009961 -0.94014229584666042516 -0.34066933639361796082 0.014363675970001880261 -0.34076568453693467653 0.94003852743105664747
-6.265257969161639906 -1.3332543866459933835 7.2333064904226507252 -0.99787736863993947711 0.006152091218248617252 -0.064829845980702599517 -0.024576272872560783744 -0.95748857700040446161 0.28742239252642259872 -0.060305588198246121157 0.28840557672763234009 0.95560737719244770449
1.0039240952171484267 -5.8926946599059908394 5.1777698977389698953 0.97032031986516020794 -0.0021396450238407417957 -0.24181376878863017343 -0.1276483939783801258 -0.85383108245367700384 -0.50465668543153108239 -0.20538832579128146749 0.52054577565778437087 -0.82876277128832032126
6.4811003504368356332 3.5078813964144059945 7.2169716786896289662 0.92198570770696308685 0.005065905155842811633 -0.38719076872895513697 -0.33545519713691979158 -0.48901793304475371649 -0.80519020850625067087 -0.19342224664664248168 0.87225901988218279559 -0.44916816086697591848
7.2588329670739346611 -6.3284063764566091947 -3.7660893332781006926 -0.86365179076186415763 -0.01181187801947695265 0.50395045773520930066 -0.49724318949247292565 0.18416151239366654324 -0.84784063824291866496 -0.082793688269106241462 -0.98282501844961278614 -0.16492479586851047091
-5.6374689259808841157 -6.427520458786789348 3.8541165781985591288 -0.88649759474201728082 0.0005235860695928004193 0.4627329039239793107 0.44057998097788270142 0.30666295349799227443 0.84371032547516455757 -0.14146128402481875086 0.95181802820152550115 -0.27208665221302053006
2.349936786715662862 -1.5427540515283195699 -2.1302416932906993452 -0.98744967322577370528 0.00063841206199592194503 0.15793269223452774397 -0.15744037557167850361 -0.082978630281416998482 -0.98403611471149698975 0.012476817953232140213 -0.99655112229463338469 0.082037733190904904568
-0.31588233891407269116 6.7107406841206556081 -1.9122659591421287129 -0.89327034287185935746 -0.00092718341292871535309 -0.44951889268040645664 -0.3525864104896461737 -0.61885652920271527755 0.70192550844174261826 -0.2788385154237855712 0.785503492413687332 0.55247927175796951449
-4.7008468309158422116 -3.5617326133434348279 -5.876222366062423319 -0.83722047919661912729 -0.0053731121322668738693 -0.54683909779727080114 0.34168435778245509482 -0.78588266138740259237 -0.51540299007419343447 -0.42698204746871853965 -0.61835230427047604973 0.65979296672736875706
2.4755842238493626084 5.5280652220967194665 2.8130404498332794994 -0.99991605804443484118 0.0078401841547946164029 0.010315443625084951343 0.0023369360816927237275 0.89221904987889422145 -0.45159683985046150667 -0.012744237698401654491 -0.45153482539618511327 -0.89216247727633724018
-5.7837657377919953205 -5.7314664117023603751 5.1912531917085482647 0.99762820946721708637 -0.0071879796805371012208 -0.068456472473373525256 5.2081205813928228843e-05 0.99461113176942905767 -0.10367590775078373844 0.068832789881958011957 0.10342644491864295964 0.99225249686182970255
6.8757244318936772132 -4.2735500127666208314 -3.5156973174094594548 -0.90987394259621401371 -0.0024788109416640302998 0.41487740849632864792 -0.22663789126137215413 0.84056577004965915556 -0.49202078458678022432 -0.34751212184461316435 -0.54170383210493933124 -0.76537068369125482725
-5.1436056479932057428 2.6691554748172281464 5.701550077935229055 0.99570042063512753661 0.0044890833306337031908 -0.092523080785708616824 -0.046640675313897490828 -0.83868118068921748698 -0.54262189834540364153 -0.080033241553041367666 0.54460419139832072499 -0.83486583051286178403
5.6009566767102025864 -7.2869728964042206343 -4.6231838948578296566 -0.92685650286788856533 0.0031735346273664192217 0.37540238647267998306 0.35354274041586269961 -0.32896111416786616433 0.87566666949503702 0.12627174581298919454 0.94433813543848088568 0.30377776772826375895
-1.0138585685739034403 6.8074121549512458529 5.2512870334027912378 0.9732523488768466402 -0.0018325925263287733916 -0.22973138011657845414 0.21372519211991036769 -0.35957337037249148537 0.90831081330803298268 -0.08426985023685720777 -0.93311501591360401786 -0.34956395611884671926
-0.44641067338002748954 -7.4103055112115603364 -1.2453807415815454362 0.99898428244327452941 -0.0011774299500209180723 0.045044612222147770164 -0.0048686354652612588365 -0.99662669247266821859 0.081923941798294541705 0.04479620319002383666 -0.082060036008847689337 -0.99562013372071922479
3.0911391551861742144 6.5464933142500338903 5.0554480878203822414 -0.98392349608713913778 0.00081096012178832541095 0.17858862279381862437 0.058617977515147745571 0.94605607050290341231 0.31865631042960712582 -0.16869643315645813098 0.32400193488354261939 -0.9308943332259256298
3.723561335068870104 -0.29565940962534625891 -2.5782995888414590446 0.7754692261707833989 0.00030768075100484799933 -0.63138529013179822691 -0.017012321389427414314 0.99964699628184017222 -0.020407443388471821488 0.63115612979926194459 0.02656667380885695609 0.77520071701437609502
0.09339383641698092986 3.6566152437028622835 -5.7334579968658045956 0.80318060732567897464 -0.0056959281952812992195 0.59570837531291853661 0.37675354465283916738 -0.76973586892184164832 -0.51532849590010920693 0.46147337800517179707 0.6383370962878334165 -0.61609096154332620987
5.4084348406539808352 6.8590998110186571779 -3.333119673118233095 -0.57342764905199550274 0.0014108276888167299145 0.81925499135966250996 -0.64967445471871787532 0.60843084076970244123 -0.45577956830703153512 -0.49910302963273495136 -0.79360564612745221336 -0.34797448792390917038
-0.5968678100802545794 -6.8235120892541845095 2.6246765795016484546 0.99737535320857872989 -0.002530564148350815043 0.072360217365153245428 -0.025638024366039055546 -0.94698151260089458159 0.3202634954199338746 0.067713340773063041 -0.32127808988017669822 -0.94456089927765662928
6.1178328456336501517 6.927155113950926868 -5.7498111090960160041 0.9953581119719653314 0.001376987810969273595 0.096230623172078560978 -0.019281300122041988843 -0.97677193283179097882 0.21341233023822051007 0.09428923797085843328 -0.21427714562371050211 -0.97221131677543959348
-4.42053173147666989 4.1562128047180371127 -3.7334062573156181486 -0.78896575115743039497 0.0022677054643952922544 -0.61443299147465324506 -0.51602294223386280247 -0.54529082087789249034 0.66058931550152177881 -0.33354664829512087332 0.83824386557745167448 0.43138597013891427645
1.6479872322684447905 3.1166573468249860746 2.2476019172734633678 -0.43151555959035325927 -0.0054680929853401540053 -0.90208892122156003612 -0.28307970987789832229 -0.94865124652475774081 0.14116192943692063011 -0.85653966614919563316 0.31627663907729086645 0.40780986732429025388
6.0203360985595457677 -0.47822392422509024668 4.788321900580229773 0.99404184343499435439 -0.0082685541435452807046 -0.10868507033085640645 0.10481726387493123243 0.34605963082806950881 0.9323390333482464154 0.029902419537861265469 -0.93817608311200684224 0.34486444058827930847
1.8684146479067582636 7.2964850887951486769 -1.8571531970377042065 0.90064660427830411926 -0.0060569805300719134489 0.43451007720047463145 -0.43114940279116831245 0.11243358028149974537 0.89524794470465385299 -0.054276023018740675308 -0.99364078167719094292 0.098651458749116904823
6.228137752162804297 -4.6462478064540198019 -2.4589997830799199541 -0.99885018334168973464 0.004551297579869148513 0.047724175515590487595 -0.047049400826038340062 0.098001503629878403134 -0.99407346769143256626 -0.0092013651276921723521 -0.99517585932171914731 -0.097674684044344289857
-2.2512658136887275795 6.5717955375459284895 -3.351788197710358741 -0.97640144386368454832 -0.0057174953345267764612 -0.21588777331778288837 0.16520157325236076162 0.62408847168046788223 -0.76368974047747162359 0.13909946303259693168 -0.78133276506403437356 -0.60841634562309576673
-0.41174707752330214072 -4.0773832383285792957 0.15726332747393589884 0.72147968252031824399 -0.0013851367590587563075 0.69243422005743449077 -0.48815839018435602803 0.70820092805716428064 0.51005179304803605067 -0.49108904875078490671 -0.70600957988908141783 0.5102764146047599203
3.0230735355715521173 -2.2450885018684498817 4.6381465567091302304 -0.80327488468060359583 -0.009908926292302895622 0.59552604713917889345 0.035465540513189786065 0.99729171780864911412 0.064431553034246358269 -0.59455164206117616654 0.072876901484860812097 -0.80074796418871552195
4.6697819560434110642 -2.4911174484007010399 0.36540797713959133342 -0.97981197603399228235 0.0034049451931821078307 0.19989221587794453461 -0.050896764757675225233 -0.97115876707939019497 -0.23293812153021281608 0.19333393638359347433 -0.23840942823858918276 0.95172629130927954844
-6.1239193489545833415 3.1513457429809079713 0.84511373751415885813 -0.9885820760437609156 -0.0068590223411062935938 -0.15052718271972537201 -0.00037410420813894541825 -0.99884865292005442505 0.047971122623698368714 -0.15068290868921205283 0.047479704845991135831 0.98744130896811443954
1.8218958556955564543 -1.5224384157317645272 4.8832930969005712285 0.69272767846769023325 0.0035223792885798604901 -0.72119065185901676251 0.093614529532250634336 -0.99196701808096787722 0.085074995739511952153 -0.7150976739894905343 -0.12644772787115435286 -0.68749275543165733193
5.118821210295005919 2.9100089038244916217 5.1895711378542026537 0.98946887656631254959 -0.0078596177702718074409 -0.14453224109220258464 -0.1246319142518308859 0.46152531195449925105 -0.87832868128922214623 0.07360861536917842618 0.88709222340954230202 0.45568537271854919757
-0.69899750550206674049 -0.92221509073675667079 -6.6932506935091948819 -0.98236553792602954172 -0.0098881875501261613098 -0.18670879369236226264 0.10054372434728785224 -0.86986143882464406207 -0.48294102822223333726 -0.15763536845970774203 -0.49319702046233737658 0.85551609547552265322
-5.2291149088000183909 -6.067470930105698379 -5.3154350087924830959 -0.98250645690272653265 -0.0056793052819762660649 0.18614190188171250706 -0.025934294735501229462 -0.9856225192898405707 -0.16696006056962869879 0.18441386743189450148 -0.16886679650057509483 0.96823320049380690033
-3.8601851875791521884 -2.7516970623055718725 -4.7298418121788534663 -0.79873268615150883054 0.0084112590115891505693 0.60162724904634534706 0.56627137079624478844 0.34849001491048114953 0.74692131053031607379 -0.20337854038654232247 0.937274751729504918 -0.28311342087700136494
-3.77051137203290887 -1.516955840927933119 3.4380662157053190064 -0.9996602682584602162 -0.011735085748701813355 -0.023273070870028490092 0.023324400373380075463 -0.80128321829195192638 -0.59783039102334278869 -0.011632730224537904742 -0.59817011948642884178 0.8012847107871039487
-6.4040527607689243794 -1.1856296816653677517 -0.96954840426263078079 -0.99961024922191143993 -0.0070548048933379760989 0.027010727099563279496 0.026975971892616756181 -0.49316780319133735055 0.86951585082502780288 0.0071865562670894835365 0.86990559696059832628 0.49316590087475797866
-0.23619924684393289738 -4.2261812710510540114 5.6994972980107503346 -0.99991360828602615651 0.0092976596538667834191 -0.0092913663834055838786 0.013087326272999449256 0.63839654046202654047 -0.76959637409299030963 -0.00122386900185993781 -0.76965148648659431618 -0.63846306979625067068
-3.7506400849663465991 6.0429741038830977473 4.945673561998200185 0.99480440456488850032 0.00012364935483707116537 -0.10180462351524185993 0.047887099631472515582 0.88189389605089718582 0.46900957537875676007 0.089838868799276896948 -0.47144791951914349903 0.87730601094141857921
-1.5696899530271362089 -5.456643267263405761 -3.0574920877584848 0.99900069323707541002 -0.0098271802477038708995 0.043600933938104144416 -0.036985783036637430443 -0.72946393233954143209 0.68301861121715645719 0.025093161719187150049 -0.68394868078250603549 -0.72909844005506696529
4.81620004679501168 3.8133525067237759032 6.0708522025027287228 0.91873502979177690264 0.00208713168139105891 0.39486907819531247288 0.29415734119424508108 0.66350623277447251525 -0.68791782771709364397 -0.2634338696049346451 0.74816784410375991587 0.60897247342906746237
-4.8248456294912118736 -2.5269398462757037827 0.34352617072279761912 0.9846658497693213663 0.0069502185487257169688 -0.17431253185029138564 -0.15473072735554280199 -0.42668857968781909173 -0.89106411552472386539 -0.080570256980796159385 0.90437190935255751256 -0.41907026053391749354
2.6379401864316660564 -1.1206447851085956646 5.7941693105451834711 0.88406323278470844151 0.0017417238303902675411 -0.46736406241416966756 -0.46709031448806803688 -0.031130690484534047358 -0.88366142736983133155 -0.016088460136687979252 0.99951380506124765102 -0.026707956536917331486
5.2024955407629214221 -0.039678687356799552388 -1.5052274110264920459 -0.5785738220136429355 -0.0030063317266381967691 0.81562448127185893654 0.13739842192792711684 0.98534309666626274105 0.10109725764734932285 -0.80397388398640490248 0.17055774336470902464 -0.56968065619796670607
-3.3118538532105770145 0.34288799643667611239 1.2470227197712531186 0.89869588016988233292 -0.0032998332823705326181 -0.43855994580679441563 -0.40450587210796190574 0.38016959572499642306 -0.83177285235611364556 0.16947186904011954378 0.92491090899970940242 0.34032204750420358419
-3.6997732781695371607 3.2237528408089146659 -4.038758140756752546 -0.8923927417818863228 -0.0041611639150502272716 -0.45124037843475922616 -0.073047350530156540671 -0.98543736522373548414 0.15354896222849814813 -0.44530807200805655466 0.16998789349764842349 0.87909319020713105886
3.2623904526222688993 7.1606317756125923424 -6.2335522374131890899 -0.045619309994798337704 -0.0022098718685685703363 -0.99895645301582147724 -0.76547398477871009259 0.64259237416613057547 0.033535343900905317804 0.64184769001893238194 0.76620503595956523935 -0.03100622014237996299
6.4121385222483064936 -0.048576887737390710142 -0.64489732675944899665 0.96998226468684012325 0.0080961524190394113659 -0.24304085769497454916 0.22615046827175194766 0.33735288226574844384 0.91381015453306102536 0.089388880144881818768 -0.94134344696462435298 0.32539536407791513906
-4.4909395655613257858 -2.697899144114562997 4.940958316073357004 0.97340164749975821579 0.0040688978610420641763 0.22906915269200334162 -0.027072354711443608749 0.99488008664038307671 0.097368890394762389051 -0.2275001544070042736 -0.10098047968062659474 0.96852807004661312096
-6.0856781659325021039 3.3362321248179540589 -2.7321573808984842557 0.99799969249526043757 0.0076537697470678610692 -0.062753753577990692425 -0.0017066218827497892443 0.99554420620173444956 0.09428054380416685254 0.063195737365895593429 -0.093984856795765556181 0.99356587374558158476
-1.8773101238377438715 -5.5520357170988985374 -4.5812934842203549834 0.94413089447141329558 0.00084339113652403662619 -0.32956963269703354324 -0.2696062209456053238 -0.57316485465045385883 -0.77381815371635609413 -0.18955036199407993003 0.8194396488361278541 -0.54091526340361983927
-1.031820848853477246 -6.5884331277548708883 -4.9679221439803260552 0.9935716876717447521 0.0044899411925490174263 -0.11311561291502307547 -0.082459875461923654028 0.71330293011895962163 -0.6959880019242742355 0.077560752935111693107 0.70084147302495658494 0.70908783609103631651
-2.6165035742412179331 -0.98242813941142803635 6.6347261961259809127 0.91904404356904434437 0.0033427772285062676283 -0.39414067516628770171 0.38378600541501273202 0.22026439187408311526 0.89676747249215149616 0.089812850014662465314 -0.97543447935401872417 0.20114976624269279015
6.3451226148918493664 -5.9928533707639326522 -4.9829304482065861492 0.88470615236358896016 -0.0068336440876730969105 -0.46609905093069275983 0.46403536041078796703 -0.082202939602648864015 0.8819942522540556995 -0.044341946939742700462 -0.99659218240426317159 -0.069554393911731460243
-0.0097542924639179989788 -5.8989774924818263457 -6.6205497413009863905 0.8883726827621795108 0.0049520242985282500459 0.45909634498343515618 -0.45833019908234812201 0.068305275447167412839 0.88615338286052580674 -0.026970449216747498927 -0.99765217726491695061 0.062950203078429231573
3.3778290907903913975 -7.4128601571961256766 1.7282322994128578308 0.9745944884965547228 -0.0012543237215822471923 -0.2239732342583025948 0.22396934425165779259 -0.0026721357373823187951 0.9745925264058376003 -0.0018209414082367111117 -0.99999564317176858896 -0.0023233187007205696739
2.2621709698732752614 7.2850923725566705258 -7.0642257004672970311 0.43082723664589245294 -0.0029848422915322143055 -0.9024294891461713819 -0.90170190321087617669 -0.041707309275299725426 -0.43034193160677186585 -0.036353403005754972299 0.99912541308370461657 -0.020660082778129064407
6.531054796163706655 2.1273584990960299201 -6.3262436595593509736 -0.99537354005194433881 -0.010730084822064821573 -0.095479741538086027042 0.094831230419103185181 0.050031007128832905018 -0.99423535245058825005 0.015445177294500133519 -0.99869002378378357587 -0.048781993532004588876
4.8215825094966540121 -3.5273291561085118317 -5.6438524386340933603 0.57969537187994446548 -0.0022642184981072231362 -0.81483013514204061245 -0.6775127285944602118 -0.55690080833396704563 -0.48045602532345077496 -0.45269170349534182396 0.83057592247282008291 -0.32436685804018972057
4.172049498051438654 -4.9081945305439900196 -5.5613168131461296895 0.86765798854101494619 0.007102715117209766095 -0.49711081899213843682 0.18860286927601838114 0.92045252993597470592 0.34233915615256260701 0.45999844849954601989 -0.39078983043617770976 0.79729839822100867508
6.6203508021928492155 -0.60965563780931597559 6.8438058626584723498 0.999988282746494761 0.0045826642218582819277 -0.0015599866829507933255 0.0047797747173480443356 -0.88363820512904811544 0.46814599879737373023 0.00076689208679724249137 -0.46814796979687589573 -0.88364975541869228426
-4.0202760389962843846 2.1343853855959706856 0.06814157027318015758 -0.85704859049008630389 -0.0012036716751143376053 -0.5152341843408826394 0.5021881788893642895 0.2216661511365980719 -0.83586550977058315937 0.11521608621517982762 -0.97512187372388359208 -0.18937419270447380937
-4.6877497676646049385 -2.2163631498805216324 1.4666806285300064694 -0.99663001775700243989 -0.0020368278906615893548 -0.082002798962901010671 0.066152859840005684422 -0.61105602089839283764 -0.788818317775912492 -0.048501616886514851978 -0.79158473371831117316 0.60913151494852779688
0.5070867188524199598 -0.11351212259001343396 -2.6949399654485222122 0.94791125027487954657 -0.00035475569422003042086 -0.3185343556834955292 0.23781509110765475246 0.66607085774152774427 0.70696081568140589635 0.21191565313533489157 -0.74588838750571495595 0.63146042579112016124
3.6049310342062885759 6.4369343015132631791 -7.4603659382700335811 -0.91551153238139504342 -0.0026798533148200296902 -0.40228280159993123899 0.27796739474446963136 -0.72709110623313166766 -0.62775206148262285843 -0.29081396379098789495 -0.68653575407469658032 0.66640520469252373381
-1.1040698368151775632 1.784537293442636896 1.9349327015945148034 -0.97196165251304389443 0.0089542985339961626845 -0.23496886300493483035 0.018686564196822942618 0.99905563861534374404 -0.03922554358256453988 0.23439573025676102569 -0.042516484904027790348 -0.97121109453551179858
-0.41937177493617866508 2.1313558512516466159 -0.41416028538543459003 -0.94575510028568787746 0.0010193312697779665157 -0.32487882548310276221 -0.12989427638703071599 -0.91777479521558325004 0.37525578240548956854 -0.29778308757447313759 0.39709997007134484326 0.86812259878657205281
2.4942742972942304469 1.8151048394054289936 -0.28341130420984339544 0.99873721608581667031 0.0096978458056835321194 -0.049294269360560291626 0.0066411003237786302503 -0.99806646514993402342 -0.061799894252396986305 -0.04979828301816134617 0.0613944861518307336 -0.99687052723951530275
6.8722529093569617586 -1.9958673432184694807 -7.3311500779101059777 0.9704422843189385306 -0.003446373661327232097 -0.2413087137145482064 0.17977413865992106223 0.67740866208260552828 0.71330131333442570174 0.16100631004735824203 -0.73559882207905358253 0.65800557830526618108
1.1752590252790022785 6.0561490808470086478 6.2238608691839827358 -0.75013526326877699724 0.0023817361041691773732 -0.66128013287391707031 0.61295052112291181778 -0.37277931084533838524 -0.69665432178440023225 -0.24817079895880819751 -0.9279169751324278792 0.27817502009590505674
-4.7086702842191678897 -4.0145927827894132278 6.0631908496804447495 0.98583779773761048837 0.00090082768761293174897 -0.16769921007970559068 0.03983688833086240777 0.9701042878039602968 0.23939651858871449641 0.16290137777198421265 -0.24268675137665540742 0.95632958849252103217
1.2096176373816902583 -5.1916623299640765055 -2.5307664629081481067 0.99221668191842016249 0.0067985901537598557309 0.12433758601016677015 -0.12176802916411241795 0.26185918859063667119 0.95739349925930261609 -0.026050013366648760299 -0.96508214392489299893 0.26064890615735791801
2.6611056477085273109 -3.9502133580572182936 -4.9221421871446793261 0.9346543270082128263 0.0055764655565509902574 -0.35551398289907515382 -0.2281221209271337147 -0.75754881472420243504 -0.61162087215347604729 -0.27272987909022561315 0.6527546984449488221 -0.70677416245180768595
-3.2058311907971921428 3.8001138020904199344 -5.4324511256783125646 0.92756275839757729162 0.0089301103284891610035 -0.37356068096537670131 0.12392043131685233359 -0.95049048207268294064 0.28497643795865990057 -0.35252100070217606831 -0.31062533157951177643 -0.88274619650560992579
2.1445720168034800857 -3.6077202380900206258 1.2976974605785414063 0.96492658615068616079 -0.011249186070442281776 -0.26227874323350330865 -0.03941192068304860685 -0.99396579302797638533 -0.10236553520810874607 -0.25954457005973075034 0.10911213545302872463 -0.95954737144626034429
7.1433865896526285155 -7.2251251239203391208 0.36039457459953128105 -0.99941339994809952341 0.0024576729367960393341 0.034158686270390863082 -0.019918176325515367375 -0.8530880931105069287 -0.52138658560120421104 0.02785897083256833745 -0.52176111893923660112 0.85263662395373762681
1.3373978129209411758 4.3837481437314114174 2.1058625655046254721 -0.99981716958812971718 0.01529475509038401293 0.011475968960160915638 -0.016867567357156693086 -0.42278746448690263104 -0.9060718763123216668 -0.0090062516233308225616 -0.90609979049744093782 0.42296815139235305336
0.61641485431299347653 7.2987537134400950478 -5.0730179305845082283 -0.99773990863477979296 -0.0035441551615410160289 -0.06710077258659230548 0.038775721444879819588 0.78519026331484054193 -0.61803939504061744525 0.054877300807883840073 -0.61924445040699938048 -0.7832782344072434233
5.7411752087127947419 5.7397067952518954215 -0.10553756999897015434 -0.99750472490102848333 -0.0018291656894402134707 0.070576043761337969862 -0.021629487140242553006 -0.94367580678042406461 -0.33016380326022998215 0.067204829336673349571 -0.33086647737433683147 0.94128151212256672142
1.2493716795933951236 -5.1810255056659890727 2.7236535440800291319 -0.81405686724877257543 -0.0042118515481037021447 -0.58076990038368991875 0.24686952579666901486 0.90263121410452074045 -0.35257953507992145781 0.52570605295927741452 -0.43039418168793247554 -0.73375336064047402829
-1.9689529778483463307 -3.9568923462136389446 -4.5778023802003433573 0.96758465738522025923 -0.0055676793442365904788 0.25248550797909624643 0.23784291955310551958 -0.31606613886059353735 -0.91844049425322571434 0.084915701793973397127 0.94872082132332191673 -0.30449651357014662079
2.5966311547723308628 -5.0597951233985192232 6.1779433047987657446 -0.88179002117160254492 -0.0022199058041462733232 0.47163696905599383769 0.35953524046379053969 -0.65037454478752365628 0.66913926977642690375 0.3052552529060010289 0.75961044194414106823 0.57429191798480050402
5.806411328279390105 2.4731277420118931154 -7.3980140059049883661 0.99961685010289758058 2.6428441990611399549e-05 -0.027679456132578227762 0.022623028761990269381 -0.57696150846007687729 0.81645796972357786991 -0.015948403051450510404 -0.81677133706873683572 -0.57674104360893019283
6.315442213421746942 -3.3561124073282533331 0.4659288125406677028 0.93524742342280486884 -0.00095406721685801013089 0.35399342753315615751 0.29045637921740935505 -0.56956117615332224613 -0.76891817405414686348 0.20235451255864483899 0.82194839033514133231 -0.53240350756971088764
7.2992526837270625961 1.2945255675097591119 -0.27627789088833404341 -0.65490822368751555604 -0.0045300153964619605668 0.7556948441712252329 0.49024268018132627356 -0.76356078063745858042 0.42028210621079614695 0.5751150607271000581 0.64572007343187298734 0.50228304141395307969
4.4747988718915898687 5.0814697874641394648 6.3068493173617001801 0.99947561922953220837 0.0097791494934855466986 0.030868346261465635233 -0.01120333184463660238 -0.78998888681155310376 0.61301879585359919655 0.030380452947765583527 -0.61304316891174059911 -0.78946507277351352094
5.4155729896293030023 -3.7163059356214795947 1.4066780037709671891 0.94839981299773967738 0.013777066591752051145 0.3167775041601658681 -0.23745357204934713913 0.69293637896064808057 0.6807752755747391582 -0.21012757036341206396 -0.7208670939563533997 0.66045214590024881041
0.14912197813351329989 -3.4124649766723682554 2.8599660491079910152 0.87483644369303037447 -0.0022697957790072391566 0.48441309314836944466 0.40234361163603321598 -0.55350285080630701184 -0.7292147916252263995 0.26977919668154237698 0.83284418841497187547 -0.48331122774190971025
-2.3650699776399433105 -7.0350024399057886626 6.254987185542497663 -0.90055901702722718216 -0.0037610788581032847736 -0.43471750728115526874 0.31195767450615552452 0.69085588657037722005 -0.65222737853283208054 0.30278022750453187362 -0.72298270952831178437 -0.62098320070313794972
5.2321402037774449312 -2.0339569272454416371 1.85846916224271963 0.60937661297212541989 0.019631950189436198073 0.7926378303451053764 -0.79287072032546279665 0.01001894594298145813 0.60930750986071657849 0.0040204991091146386264 -0.9997570741203865019 0.02167090983234190929
-3.4646506618818579959 -7.3906150158292618357 3.8049161061589602539 0.88293318610290461024 -0.014259602690381867687 0.46928206082185147663 0.078947604421979358791 0.98981540612699236981 -0.11845985627904109805 -0.46281342313520074105 0.14164083282993128465 0.87506663165788711733
4.6998046690163848282 -0.66949002274002034074 -5.8663756781800335816 -0.32084211898667003293 -0.013197712568918069237 0.94704073569577840175 -0.25440924398575770482 -0.96195463185268148543 -0.099595295229228775202 0.91232465233533099891 -0.27289028315443863981 0.30527794237561883817
6.4929783466836354933 -1.8261374690749050398 6.7736198158215925602 -0.99329614374648411701 0.0023160966901450827024 0.11557424676123528862 -0.060773713546196733715 -0.8609401439207025053 -0.50506299045516800383 0.098332733919664586097 -0.50870099693421244602 0.85530928274987527704
-5.6439224018442235575 -4.4727326723623193061 3.1305542712025280494 0.99559268374965914639 -0.00079980888497196457598 0.093779360042361287197 0.036690721648398205712 0.92358090218988875275 -0.38164395456364702541 -0.08630758372899161035 0.38340276135651985001 0.91953973463633631447
-3.0651108440928802601 -4.5996775602464623489 -6.0681593473541299844 -0.98907626635770484747 -0.00090818733036563412467 0.14740188100443391006 -0.10649551841552326592 -0.68698607231727415456 -0.71882462464736507357 0.10191586670025215566 -0.72667001564523259205 0.67938490156674335996
-3.4205811194394386554 5.7256671037223805243 2.0566327171289908726 0.95141821174921936688 -0.0061045616182212039322 0.30784106399131355714 -0.30689080951416125576 -0.099747032768815566128 0.94650333358615945656 0.024928244775817065548 -0.99499410238529384376 -0.096774577400900091417
-5.7075098561479595816 -4.3927388136766571947 -5.2129554941398703605 0.78737074567530207503 0.0045503699261319648095 -0.61646297779223446778 0.21448505833704717416 0.93547701783498637962 0.28085389235810492847 0.57796493717612906771 -0.35335823640619795638 0.73559125073572717568
-6.8533000997377575558 -4.5341421096173162297 -7.0937790937581803874 0.96429186797821309085 0.0019680207402695444607 -0.2648345148301921026 -0.26194612554842838792 0.15455471342681112445 -0.95262640519129504479 0.039056634021960121017 0.98798227081869405275 0.14955136872312582708
-3.6600009786860168148 4.3495667746427884026 5.6971425906789123772 0.94406494958395026362 0.0029420414243783387341 0.32974644101087141612 -0.28056080837076002865 0.53262809689687995451 0.79849417230327246475 -0.17328301640203255807 -0.84634428856598997726 0.50366093896418551168
0.85651476878084586986 -4.1433866449878236082 -6.299668232731355566 0.97021852555521270745 -0.016853794695402542908 -0.24164428872557022765 -0.030008454654036214454 0.9815292345146192643 -0.18894405109044618007 0.24036535798363248273 0.19056839034202149863 0.9517920903663399379
-1.4939868024846796324 -0.7045566450554392457 -0.4188915106861951787 -0.96575315110232640148 -0.00051149979541206033046 0.25946211573925304084 -0.22265653985066921616 0.51504026274156744503 -0.82774246781036864284 -0.13321004615880782662 -0.8571658335018588204 -0.49751564546177573511
6.959308190393652005 0.47358652774328846569 -3.0487071870392679074 0.79022429136376404202 0.0084307589659656494846 -0.61275973402461936246 -0.5450419200330324232 0.46674976989326300014 -0.6964725103773176107 0.28013367299436930935 0.88434923791901587364 0.37343212321231061823
-5.4356539594083619349 5.9532532144057981327 -1.3058452632275394656 -0.93730430389663887958 0.0016208223722682735604 0.34850827082274093982 0.26498889358378263648 -0.64619963136195301967 0.7156863298295195186 0.22636591654716184396 0.76316669827927319236 0.6052561957247629687
6.5839797020372090586 5.0161856449185577844 -7.1374386093396235964 -0.99105300770076809602 0.0077671098434293171786 -0.13324266558324082688 0.1327944309295284453 -0.04284992132787000807 -0.99021690722599853274 -0.013400561224970079094 -0.99905132813430563843 0.041435114480119911162
-3.6456441074702778948 -3.5691498484056154439 -6.7816917213159593203 -0.98195049890055441377 0.0020022600695957940356 -0.1891274931456716768 0.18021322811169451783 -0.2936363026644922547 -0.93877628547542979476 -0.057414372090215284872 -0.95591511794305983329 0.28797548014613966183
-1.1909898917411900765 1.6035689278676319436 6.9916253311209883847 0.90688654005743651876 -0.0025045661569465570498 -0.42136745319376311958 0.40115095385061444455 -0.3009458308792430925 0.86516444627672228762 -0.12897563989926563721 -0.95363794703485771365 -0.2719190142079953576
-1.9005497008365870304 4.0431470395445323618 -0.57791864855391594791 0.97351280931974149002 -0.003149634575060167134 -0.22861078253740954591 -0.13545595806660931659 -0.81346781729305606135 -0.56561629542706148843 -0.18418602964007121936 0.58160140133115656447 -0.79234797687311675496
6.0197193575539307275 6.2471952854103083297 -1.1712486609663994575 -0.91177436517944154826 -0.00097147958161979391239 0.41069034956902900069 0.2841768290768415528 0.72045372127354401215 0.63260569497825935859 -0.29649795415406959842 0.69350233722062148978 -0.65661516236836259264
-1.5025133721890342464 5.8025801546691466726 -4.132531183677570219 0.98629031506011122232 0.0073612785934666635779 -0.16485516672550920569 -0.16462089165340804131 -0.025498352349451663956 -0.98602727957123992297 -0.011461956633467572375 0.99964776076629191515 -0.023936957726539764141
-3.2736846077071670713 6.0693717682305541317 -7.4421265059159473765 0.93143971436487282833 -0.0068773483787793621841 -0.36383067570389476808 -0.30569854573625515615 0.5275898988259342115 -0.79258898414716139058 0.19740429994957964244 0.84947136545982870892 0.48931578926635388438
-7.3475478859230838324 -7.0042013095579322979 -5.508454151492228057 -0.63657169301957139407 -0.005927133768291025645 -0.77119475408716786635 0.18009095257839483062 -0.97346688596752639633 -0.14117177736388233922 -0.74989581172691333055 -0.22875115521014430242 0.62074888686516782599
2.8866502499344068866 -7.1666489766896521729 -0.34802937083847595989 0.24932641764508453597 0.010476564258158882134 -0.96836283440951176349 -0.26575435722383305981 0.9622936471897871602 -0.058013431158252769249 0.93124162228750684278 0.27181092358382902274 0.24270942037680143244
-6.712231890507038834 -1.4100969586549987334 0.89763808497878627701 0.9754824109281545752 0.0052525670348547879793 0.2200147188465871595 -0.21662676261637164865 0.19925421923963429482 0.95570424391309394263 -0.038818960418396775136 -0.97993375625838707865 0.1955068327636504677
-3.5417542518448694722 -2.5784498877644028703 -1.165906186663822286 0.94379942041238873429 -0.0045863904286858126272 -0.33048694233213687932 -0.12441638926433462586 -0.93128671145237484907 -0.34238227634417267575 -0.30620779890725102756 0.36425818603715309774 -0.87951848064344484435
4.5868765241689137824 -5.3752398688614544398 -4.6411101077059928599 0.86103489097021557175 0.0085975118327803520119 -0.50847320413385277416 0.46414274171655617307 -0.42188871634163410684 0.77883337520650175456 -0.20782307822703771638 -0.90660685736093515885 -0.36725137759077813859
-3.1050688476242838121 3.110461972018762733 -0.087068648255105116074 0.93117175791134743079 -0.0019939641702778139638 0.36457534389377466155 0.26647476041065010222 -0.67874422495156505608 -0.68432264258831543291 0.2488179240578637097 0.73437204549319390345 -0.63149611199576050069
6.4017663001950371182 -7.2260502015830141431 -3.8493902740836478671 0.88672195178599444443 -0.01792945338477381495 -0.46195531701911657363 0.38965151730711594658 -0.50876070885345181516 0.76768107713240074652 -0.24878881663205798525 -0.86072125326862103378 -0.44414305003064613597
5.7540404392445161363 -3.8499974618689321026 5.8623217181620077554 0.97262777341915795937 -0.0085210724928551535851 0.23221241503703035636 -0.18499602331002226729 -0.63311217696155352996 0.75162852709477090407 0.14061182643448078 -0.7740131540914433339 -0.61735885152809899523
1.4215307513202883882 -3.5115820671808064546 2.5105120511014429319 0.86948464737518360579 0.0019397229597024924497 0.4939561574206877137 0.12640639628826949581 -0.96756846118210393382 -0.21870687209883324376 0.47751216838566273859 0.25260148534931664566 -0.84153111567132854454
0.33609467858761465919 -0.089810875174177351443 -5.3570831123013640251 0.99994832168689640195 0.0043218077185021314818 -0.0092019527031127895667 -0.0020303532246864451627 0.97180275636348456558 0.23578651443667592025 0.0099615069788235970083 -0.23575564617298550019 0.97176131003251964291
-5.8570421530503988805 5.9309570625019674139 5.1785941051349393405 -0.80705397906781195516 0.0061581277702296294274 -0.59044555408023835508 -0.22650334086137347001 0.92022322400085565519 0.31919501028069824367 0.54530735502963378902 0.39134549374153715373 -0.74127497804709863161
-6.141508026639801443 5.9242072045713074502 -2.4962612193767412805 0.99816865738263105268 -0.0020952354194014328331 0.060456111416030217098 -0.023850075764165323128 0.90481421410339102351 0.42513810913929001023 -0.055592313363021061967 -0.42580141843946811564 0.90310721774878610635
7.1050699788941029666 -3.3635793957511093133 -4.053389419969923857 0.85931975642378066738 0.0059276174456407539418 -0.51140436014105483675 0.50214110960307656306 -0.19957655746751876147 0.84144132520107528528 -0.097076579392083611753 -0.97986430747376629391 -0.17447657915237430037
