1125 14.717824617146108679 14.977075390850430381 15.033177056927090831
-6.0186000758244109221 3.5295464829390410522 2.1792669409998723928 0.92391948899237608117 -0.0087604216329909105621 -0.38248664404503118774 -0.10543945874060656198 -0.96685194753204284357 -0.23255070865086222009 -0.36777071444109177278 0.25518731662505578228 -0.89421705141041396558
-0.78954471560185690571 3.9175987725050642752 -5.7818899365833900106 -0.99256693309313537288 -0.00095269108060416275198 -0.12169624361401479296 -0.038661978340974116619 0.95063641654839248218 0.30788903027355990494 0.11539555780368827842 0.31030548804649454864 -0.94360710538208736331
0.33258171106197387257 5.1422884604095555616 -3.8041188467806068552 0.99958725573396156605 0.010547403037418169591 -0.02672209691102219592 -0.021362135354412163657 -0.34904951579572696119 -0.93686076590700673172 -0.019208783075784122141 0.93704492304903985733 -0.34868013255823149255
0.47360118546493934488 2.0819936461486574508 -6.8165332524422082017 -0.97701654013092886775 0.0086542207306343123946 -0.21298775733395036713 0.21146208205035071925 -0.086641372082597117865 -0.97353842271302615252 -0.026878767932093362153 -0.99620197606067306673 0.082820014050009521656
-4.8130196780691525404 -1.9360785704405776286 -2.268409836690837178 -0.9564032026414950316 -0.00024658345818133822758 0.29204940194036438372 0.22750654707337136795 -0.62765282769273356145 0.74450836054952584941 0.18312204950767010936 0.77849333143315924133 0.60034527390345571174
-1.3852891108353735383 -4.4955561578718565841 -0.2167679375716279333 -0.91222176654170383792 0.011576587056375398435 0.40953318703091717845 -0.35579355496840375794 -0.51799616431490691504 -0.77787590269781470287 0.20313147193499808685 -0.8553045986005284318 0.47664625113637065779
-1.4999118066553955853 2.2639182220012847857 -0.29863833954280666338 0.94418553627923706983 -0.0084630676364150017599 -0.32930540470394908947 -0.3156338342640540584 -0.30935700821314415787 -0.89703596591063738952 -0.094281258735808365357 0.95090831206575754386 -0.29476164318914360729
-6.5139777415022184215 -4.3335794000761040934 4.8933328634541020108 -0.84496099476770447634 -0.0059363539936018762389 0.5347949859736725875 -0.13437848202898947103 0.97021761142026707869 -0.20154456097252132496 -0.51767107403139411836 -0.24216223114114299175 -0.82059375632511166732
-0.59825080092109750307 3.7211966338397561849 3.0714395657663602357 0.85747608999924718187 0.014779408746577380601 0.51431150498192779175 0.4713423562881344786 -0.42340511608492831241 -0.77366949716397370729 0.20632774473732390375 0.90581989200402546203 -0.37002592476930301624
0.068972878870242310123 7.3364614568336028455 -2.7579506683480548013 -0.99222706597681054053 -0.0046412966199485677921 -0.12435396217531391461 0.087321340423361620831 -0.73793416539716849556 -0.66919963467289811376 -0.088659083289248902249 -0.67485674472836487681 0.73260353605826511458
-4.0898317914433395259 5.8284299782430499803 -5.687497587211269412 -0.99975064769808286158 -0.0058669876478364187816 0.021545785741100553778 -0.02186907823109539295 0.062154593967925837739 -0.99782691378118781866 0.0045150686133794606242 -0.99804928981719465142 -0.06226740118872810259
4.8460360038082228584 -0.5327089677765799447 2.7959073069271989098 0.83550107367754622434 0.0012408257544375168868 0.54948741226262687309 0.12302633234179721766 0.97418898541205467545 -0.1892626277219695563 -0.53553942659167874663 0.22573054966738670402 0.81378328903494945301
-1.3540596323320128747 7.4586620833527410568 0.79188886412226966449 -0.96287209855388311563 0.0068443843270381953675 0.2698712215661956404 0.26993176121290340941 0.010472169935396262105 0.96282250594046758785 0.003763789976479513591 0.99992174096781838433 -0.01193087695791841471
-1.0390258330046791002 -7.0260603126008707164 7.5088437125287246232 0.90538258646993474699 -0.0053091554746964343681 0.42456352290944116001 0.043489874974731952684 -0.99350326999806737316 -0.10516597966061250191 0.42236359086904678994 0.11367966120398417806 -0.89926966574933897558
-3.7446489142642840342 -3.0062259105305662032 -5.8139546404829047788 0.98651979872083028766 0.0063245957315684522143 -0.16351968144740269828 -0.13570378781227801501 -0.52680821416994561002 -0.83908139501269063398 -0.09145036197434129599 0.84996064907260404642 -0.51884846181023258627
7.3109326158081273661 6.8980899781448394847 6.6582655832006523156 0.86979480227613248378 -0.012727143849212238513 -0.49324945184246088425 0.016633823039912860181 -0.99834272430726034298 0.055091930023742338718 -0.49313316443380322829 -0.056123298478447720961 -0.86814161143399748433
-3.1736862123566407234 -0.45610716386992156135 -7.0422968317871150745 -0.88923130330196820115 0.0059808256147723852861 0.45741875666921316679 0.36181993277660873254 -0.60265114736341507395 0.71126502151245651895 0.27991789059180838262 0.79798234586145111447 0.53373228328455091241
-1.4967638327110803775 -1.5505091061673632602 3.0504236685107199989 -0.8281537311999561668 0.008005981141644982757 0.5604438435432911314 -0.32542873889581014346 0.80723556578738830947 -0.49240925786257583319 -0.4563524223671325819 -0.59017509740254103789 -0.66590976941752377805
5.0515787787831429867 -4.4941135366741322699 2.6965411428261862881 0.74731192073441243817 0.0015969691487996797753 0.66447147630100200644 -0.58237132144667502764 0.48308312635814493197 0.65381521623815685995 -0.31995083541797569859 -0.87557303676942055404 0.36194380806661263783
4.952384266948414826 2.8432890355504172319 -5.4209566466619758529 0.91314421365008013876 -0.00089671246292367836998 -0.40763567187380955747 0.017397501056914305845 -0.9990006915179752145 0.041169713424548289027 -0.4072652354846180156 -0.044685727623466120484 -0.91221610033624156433
2.4791759809837992101 -6.6892343599385926112 -3.7388102869540400519 -0.99996118977709291809 -0.0058388497238115733001 0.0065974823636630311116 -0.0020493750188297320258 0.88246480746690159069 0.47037396148635357562 -0.0085684888789251401064 0.4703421854525082213 -0.88244252480375440228
-4.270153249086688696 -6.3525176457375698291 1.8258695418710275682 -0.86074489596306802408 0.0073672878643164328022 -0.50898324839106490192 0.099308945326772812834 0.98311259672984507851 -0.15371192383553089478 0.49925540302672316573 -0.18285334347677514866 -0.84694078738001321582
3.1796293143564886563 -1.4919914174222383974 -4.0438438597828305632 -0.98064401977222637186 -0.006805665835445817366 -0.19568083553987244971 -0.086123961534768436743 0.91251718135671522347 0.39986879970604310985 0.17584075106357394125 0.40898175587834567635 -0.89544064773947851243
-4.8026348665064100274 4.3667827994756098775 1.2372215314284558119 -0.81610579084097367719 -0.0026221808490100298114 0.57789658445395708508 0.42061257432442511472 0.68305948856091047716 0.59708860096898597192 -0.39630341971281873859 0.73035803497638995818 -0.55634588186615041572
-5.4032389421636093374 -4.3900019049925864678 -4.7476537429800051981 0.73742720702314590309 -0.0001239917952139319747 -0.67542660516743779908 0.32702211681046383651 -0.87490772493383073272 0.35720163488968481591 -0.59098024455884368145 -0.48428964213273772987 -0.6451402119417048997
2.0702721115587388034 5.3658316007056097163 4.0626799795622110523 -0.98680880508336987766 0.005513275211205668179 0.16179612481847455152 0.12133819724103150905 0.68679739086610114285 0.71664941623484890165 -0.10717007091592846424 0.7268280042045024425 -0.67840668348998933723
7.3518776032920643004 -7.3194608820219988488 4.4592563129006146383 0.99955005955693876363 0.0039808885109158791832 -0.029729294753283189157 -0.016191019102743498675 0.90595792478268066805 -0.42305802134449788099 0.025249343363329412177 0.42334901801012764233 0.90561475231444377165
4.7834734066942834474 -2.5513897733892014763 -3.4373387133102850655 -0.89031717002243337955 0.0023356933052397048367 0.45533491113677843076 -0.43572671315253108659 -0.2947043538022084963 -0.85046550505901141737 0.13220275416366578103 -0.95558562587919260167 0.26339807023734113089
-6.4551685753317853411 2.6671096673041292391 4.5553365779332049001 0.95324294211933202625 -0.0021347714110824555535 0.30219751165570629681 -0.29687409391090885391 -0.19361084478267723274 0.93508321188388154876 0.056512526615190024348 -0.98107608447744842906 -0.18519192963525105133
4.1100917446778648667 -6.8676529830529204901 -2.1132236622181017616 -0.84593627974816354431 -0.0046073117662753263965 0.53326408399967129004 -0.11702728094127304304 0.97719195227312771745 -0.1772018733760488407 -0.52028494704469252508 -0.21230793930227426225 -0.82718130587433857936
-0.35463796375185946408 6.996288898565367731 6.9002452013740445125 0.68914449609410877162 0.0058706374599186532393 0.72460016500063650913 0.68657888662039445737 -0.32504474761736357191 -0.65035017067230482812 0.23170950768212045245 0.94568041518373247012 -0.22803345453571638446
-0.62784802529641003943 -7.3240390530752090825 -1.7506214438028049329 0.99987356353224565719 -0.0022094816359843503714 -0.015747226437292927148 -0.015350433221344406479 0.12432411061190956625 -0.99212291563119414661 0.0041498372841936633643 0.99223920186189751291 0.12427447501019839304
1.7620476399235351916 6.4031372102793282508 5.6519047551711381061 -0.96288589726489792753 -0.0063877067265066568569 -0.26983318189425564704 0.19961246467478627187 0.65605443894695314455 -0.72783750733552798895 0.18167446929842262504 -0.7546865378028180249 -0.63043050121680277442
-0.33058988560748198138 -1.7480336706936319136 -5.3246112010685369142 0.86322570310559332274 -0.0010970889810420908494 -0.50481697861086738399 -0.040442736501545811789 0.99663310387140702229 -0.071322095678218316861 0.50319555896518974869 0.081983246236242049432 0.86027494254703684717
2.8982360877174282443 4.7122083850896805401 -4.466428265586339208 0.98333459474173778858 0.0035961429444880963283 -0.18176947637067011887 -0.013876501332473254943 -0.99540322902254219084 -0.09476209348826707124 -0.18127470175097432081 0.095705169178254834161 -0.97876452893314103143
7.0031120515920237679 6.8403396157958740176 -3.0231474985893576068 -0.979176667393726885 0.0038880115546030208709 -0.20297275038204867781 -0.12831132947041126724 0.76293728014307649055 0.63361100787261259715 0.15731896503939860055 0.64646081856051806902 -0.74655150746939558104
-2.3807357458371218861 7.2486103479180252762 4.659537783562499591 0.99975786089315366034 0.009940175319411352281 0.019631925451946960481 0.018157354071751972968 0.13134771109975848513 -0.99117006072714186615 -0.012431012647569791157 0.99128652351547752453 0.13113541939955183913
4.8139892823270917788 7.1487842386532891581 6.4497474475132285932 0.99419174132110654796 -0.001103413757523362751 0.10761767497446442232 -0.070640615822225333309 -0.76109075420290273062 0.64478738143917113668 0.081195350144531705516 -0.64864446836840594646 -0.75674808805175852733
-4.066561114038909075 4.1450424618480807837 -4.4378440826492262516 -0.9262952067321714722 0.00020806514457131900821 -0.37679854921946687174 0.18663050926043853184 -0.86846525292767151605 -0.45927895387292949625 -0.3273320072925741675 -0.49574999865475255501 0.80441636969636376442
-2.0393873089746814564 4.0515563094998290339 1.0479128095555163558 -0.99993779696449025529 -0.0018935270230803706148 0.010991667633109854577 0.0083242507826184787556 -0.7826097423871999359 0.62245698483463229866 0.0074235470531936274124 0.62250976351861142533 0.78257682387943217073
-6.4490620543792021024 -2.7710507597523896806 4.8734453549267922057 0.88872962483284279056 0.0051827277923809766252 -0.45840243594159724161 0.06793675749533811814 -0.99038409407553973374 0.12051532343677089087 -0.453369883125812001 -0.13824791331039229525 -0.88053578208932881122
1.1563939597545047633 6.4181427861454389827 -2.5190908455976868119 0.92960002738330216321 0.0014459242937707745408 -0.36856708804756266318 0.20025053092995087622 -0.84150218706361101795 0.50177065879684812355 -0.30942448828629703916 -0.54025177322257000867 -0.78255000324501011733
-7.0709613767313381771 -6.1573073443305910146 0.54105836803312046257 -0.98095589965407214983 -0.0090411720841737357873 0.1940200508742264407 0.0040863616891788669128 0.99773425236673596306 0.067154026701559663137 -0.19418760151467165387 0.0666679747812438106 -0.97869635564696177976
-1.1835751104874117079 4.8635808467127539245 -2.2802205063698499643 -0.36672848314346906395 0.0027866100861111261708 -0.93032384386062527692 -0.35592542468768012531 0.92349773751605801486 0.14306998589376879183 0.85955064522815216588 0.38359374813332791643 -0.33768109908730187252
-1.9585107593335913112 -3.472250743945002327 -0.06117386404064123484 0.80516475673010201586 -0.0026314943021828914038 0.59304535219283571745 0.031818781154836127401 -0.9983581435678020588 -0.047629637176750228011 0.59219699398560965431 0.057219685506946789399 -0.80375906085401238599
2.0508568348369307088 -2.5378864642606746571 6.5654078145188430327 -0.99497706112880213158 -0.0097014729398081332723 -0.099631969017998672777 0.052004001346501328717 -0.90054048750241788568 -0.43165080124201155032 -0.085534973382670353992 -0.43466390670464011281 0.89652164309442838874
4.6632231602090774558 -1.9254752168432718307 0.24405576102697543184 -0.99602334608416465134 0.0039419583728154128366 -0.089005365116399462466 0.065642837776057491594 0.70792621625676388497 -0.70322932972471452473 0.060237130609101234568 -0.70627539480045486986 -0.70536980003073046497
-6.932805747701618948 2.8029453733295159878 1.7629204508647751126 -0.90648275898374053305 0.0024482257979747427609 0.42223573256616397931 -0.40307924202453820905 0.29282093241874296297 -0.86705422332533421681 -0.12576220542827240556 -0.95616416358691214139 -0.26445029770820177584
0.74139723116917499723 0.0028320362764891506002 4.333875429572252358 0.81245661125592105734 0.0068928609938709896332 -0.58298091160326914739 -0.58006390811098862414 -0.091037225243548763887 -0.80946777954839332914 -0.058652513445810156023 0.99582363503143533912 -0.069965495633370733408
5.6792212000541999473 1.7385071894740706799 5.6460194937060936837 0.8914193627835964584 0.0087424003870690148582 0.45309501221045100916 -0.059385858111152503569 -0.98893874253760294391 0.1359171930427447994 0.44927145414651159516 -0.14806665371942240306 -0.88103996875586232385
-1.1054550629488668623 -0.7704249081181202552 6.4715142792607585065 -0.98175841989057988091 0.017393271668580449762 0.18933536139448448044 0.18518199581282360211 -0.13828663701581306311 0.97292570859735261202 0.043104911558438173402 0.99023950644456049108 0.13254314948732445756
5.1161563332417054895 -6.4691125737897987591 -4.2885588522959290358 -0.97230609473746620885 -0.0030841310080318377201 0.23369070643154990496 -0.04454902748689168468 -0.97913346243693744064 -0.19827517970316674289 0.22942589715745617673 -0.20319485936482523103 0.95188003805166065963
-2.5657080632850597368 -2.0510498589228878252 -5.13550036507556662 -0.98045131654593287163 -0.012944658326698159356 0.19633555893979193208 -0.073076334531949019291 -0.90250769782400497299 -0.4244286803455667445 0.18268843755085262259 -0.43047914141027782131 0.88391891234204600369
-1.8825551115386247591 -2.5357550680092244555 3.4060946334402277813 -0.87911578881676555319 -0.006155717280277061762 0.47656850189421079422 0.3737769840138443489 0.61149666825857518226 0.69739701098471551521 -0.29571302993707215823 0.79122306074433756962 -0.53527551043537591191
-4.3183701802613283505 -0.097992989326134052885 -1.0300129967835831568 -0.99968232664813527766 0.003096955618923776573 -0.025013089638179070856 0.0064870028037751423233 -0.92737250859481290544 -0.37408307780125404918 -0.024354970375165787416 -0.37412650155861576495 0.92705781710177548316
3.4434937419676097115 -4.2339366631741244262 5.5764596260643086723 -0.95117631946041514279 0.0032409734608398821712 -0.30863101818945287702 -0.10938044321396268865 0.93150823497343737678 0.34688373674608941055 0.28861657599650275552 0.36370579355803078769 -0.8856740753755978357
-6.1268239709565106565 5.7498781220481438581 5.3209903706118364397 0.95262430721242652432 0.0025829223919603796003 -0.30413855036795028886 0.22431732994206510234 -0.68126395653041016409 0.69682218464976719563 -0.20539879453314122126 -0.73203329845329534464 -0.64956799887304150776
-5.994101163963754253 -6.6381669117507815514 -3.7049043839059772054 -0.85683723060628347312 0.0018237965241715194814 0.51558377981978664728 -0.40517087799516721125 -0.62080291980650303962 -0.67114848907262314448 0.31885187763538908046 -0.78396454545211891052 0.53266600379821171796
4.6302138854958698744 3.5932222577948502718 3.8162321697229599771 0.92308617152425243013 -0.0023935091066038687892 -0.38458573953647362531 0.085602431414775789764 0.97617441397464943531 0.19938840798091628237 0.3749455209448348536 -0.21697415656125626504 0.90129799273500488255
-5.8779015669053951143 -2.205068730489552653 1.3666673421203547889 0.96163176924417104185 0.0017379577662906863303 0.27433796653582454006 0.024671045017977049491 0.99538049144441620442 -0.092784787489236894564 -0.27323191599429025311 0.095993003674791715918 0.95714662582463105878
1.3464653088479048293 1.4567950237513760392 6.8119914572696904642 0.97749051840711798089 -0.011194201310492118973 -0.21068216887318752528 -0.19749779073972537069 0.30268840844338151808 -0.93240246141181637451 0.07420855123905134576 0.95302382827030096557 0.29366421925722435704
-5.3172158569774765624 1.1569165852840548325 -5.0999611676234888336 -0.99211832410188416365 0.0020994593389531360922 0.12528696361420899041 0.051168416823957715844 -0.90590826159697668274 0.42037128195207063008 0.11438104782226157785 0.42346878732767229137 0.89866076027516283986
-4.7760256085137982041 -0.38054956129869327297 2.4375738891757552373 0.84921050311385792853 0.0084878267317782078727 -0.52798624811495964426 0.32198488692490906393 -0.80080924588449686752 0.50500523195113056207 -0.41852987228286203658 -0.5988593394974945916 -0.68278857452623342716
-4.0974167512253512058 2.54127716536430448 -5.5678361557899478385 -0.96693939422770724956 -0.00039091300232754148253 0.25500599027802572927 -0.031162037561852339029 -0.99232306474810538788 -0.11968234031772330417 0.25309511118479349756 -0.12367207589417662794 0.95950408145992494013
1.4732272600565152754 7.4838787189208053618 -6.4524317913231978849 0.84884155285521112333 0.017762426995842895555 0.52834885665967401547 0.23589470125066408501 -0.90714308859802972318 -0.34848975125632630778 0.47309798992191065548 0.42044727730843556301 -0.77421081039710226701
5.9846386761378633778 2.2868950754242911572 -1.8769894030350506853 0.96704722316314639663 0.0069322332646679146392 0.25450267643878182744 0.22214920845572716512 0.46536476839923668347 -0.85678781592381925147 -0.12437603207623423862 0.88509184634975646144 0.44848971690587075001
-2.6032071075659137804 -3.571292907083479129 3.2762246478231280555 0.99234405334540265464 0.01088830658839646387 0.12302326840773612771 0.12188518836076486784 -0.2470977050737048486 -0.96129429677152988809 0.019931900269287615435 0.96892939315869841543 -0.24653306152464607437
4.6243358646225756203 1.510635160783965647 -1.4272521149629440185 0.95091709121241019265 -0.0078312155143941287322 0.30934666266798521717 0.30778625683253912904 -0.07945697880506567834 -0.94813195739004352269 0.032004776913451347953 0.9968075343729499993 -0.07314665865220021379
5.3790163213709307755 -7.1432720410802330591 -6.1158448806459633218 0.99271401166112993586 -0.0059437818450695564104 -0.12034767346769198459 0.033816773822547802064 -0.94489851390422197053 0.32561207629607319403 -0.11565170495901672121 -0.32730944055895366818 -0.93781299482403657208
2.7787201238926382274 -6.561045160329870285 -5.306887875548119915 0.75661178630089065411 -0.0070599068358980811289 0.6538262479787345649 -0.64922019579128431577 -0.12707846412039811024 0.74990946209096298603 0.077792944456988380453 -0.99186754240280039507 -0.10073249783676767322
-5.0404918465997674559 -0.10224266849775848209 -7.3208393309937171978 -0.88757639842380997575 0.0074818107536332272012 0.46059978231515963376 -0.42909138249791212161 -0.37719833412132880435 -0.82073260091346333933 0.16759690458654599721 -0.92610228335958755252 0.3380027194107375621
4.3728423988699889335 -5.5759458161775699025 -6.3436425148065067603 0.99698978908096691498 0.0060984697240821792233 0.077292749564863774681 -0.071024660649078030783 0.4716411581910563422 0.87892554603898642718 -0.031094341092251849556 -0.88176948607179939099 0.47065456056945659258
2.0680434833608956069 -5.3397587154897330208 -5.1459349299253078769 0.86816345882146772617 -0.0038805964775500915304 -0.49626318595884150175 0.21419499466091840301 -0.89910637001787840905 0.38174368318994494897 -0.44767478489332274139 -0.4377130068483389147 -0.77974009170141111991
5.4622232018115139951 -6.2499058963221907348 -1.1584706600887990646 0.95167595592641074376 -0.0077291980248680352064 0.30700673349201601514 0.30541282641973072076 -0.080948845772673333476 -0.94877304442444587718 0.032185095461618427881 0.99668828821545440988 -0.074676473967170475809
1.4122304698669232437 -6.6186388511758496023 -7.4931425909157356458 0.98365081648847418894 0.0035648651478517191099 -0.18005100099168530603 0.13788011686124379551 0.62824267126891197854 0.76570243526540859857 0.11584534775278335084 -0.77800927869367686451 0.61747989252340840238
-5.123675702467842541 2.1496632676770000003 -4.3755068678152833073 -0.80464978204257076033 -0.0035931000371299147075 -0.59373884654027675456 -0.46644750429791737023 0.62255360185660668648 0.62837388436286234494 0.36737644724868168122 0.78256891226732050448 -0.50261361258876269265
1.6273559968108572971 -1.6718539903445606143 -5.1353478621225949752 0.9784864686216168117 0.0027134871343451744119 -0.20629315963456856808 -0.18414608661792011834 -0.43939191296649604546 -0.87921838334004764892 -0.093029293815146504865 0.89829136910425599893 -0.42943936322256986982
4.7427384506515659623 -6.4726977907474347873 6.7986938921317356943 0.99785173730320309016 0.0088847830897018035406 0.064907403202681845933 -0.052602208693346162727 -0.48190469982639194679 0.87464328038677774391 0.03905019848404135685 -0.87617858962361350184 -0.48040208272201589956
6.7467010947754459949 -0.66834863188673176992 6.8710121011777252065 0.80101813005241251364 -0.0029925242631352582529 -0.59863260863903600129 -0.48139556128062144236 0.59120099638099865569 -0.64710099324406533672 0.35584866011654042728 0.80651870820000359785 0.47212212870886366423
-5.1302017760184410733 1.0348305948661697951 1.1284264496283995527 -0.99028308795716735169 -0.0054207206136701793081 0.13896050335979120982 -0.1289771736735469132 -0.33785856429195948447 -0.93231779946847015417 0.052002830472512348581 -0.94118128239068532537 0.33387647311580193055
-6.8821642135613698699 -4.4885093824762645198 2.4089837021703601749 -0.97247168585769350191 -0.0051776605591171021709 -0.23296354228966159594 -0.055620825685759239798 -0.96569726419069445988 0.25364368252460811615 -0.22628553633639761355 0.25961892412877973779 0.93882526078026229399
1.7037198732265499412 -0.38715642830537005947 -4.4040975846556893458 0.97636231916716198498 0.0083398266830967959784 -0.21597932540275033286 0.017623857272220041364 -0.99899977825453989411 0.041095531414093965095 -0.2154205685754167765 -0.043930517163481119791 -0.97553272025920867438
4.6807638850767743222 6.6611937663242777319 -6.2968503562685134156 -0.87927788535859774388 0.00065639165319579398719 0.47630869136467923752 0.018601597364840519871 0.99928348931007326961 0.032961926033131340452 -0.47594577516244207516 0.037842795117887177703 -0.87866008328745637268
1.211934875105598941 1.5354618344699915156 0.9838737306539965255 -0.94412596580815899561 0.0045951276884775519443 0.32955279620769006854 0.31075664614052722623 0.34553111929222729559 0.88545951487354113141 -0.1098019470056914304 0.93839604133980403233 -0.32765286818762895393
1.3263999666789745291 1.873291656596212329 -1.6009454768953179649 -0.83649052115470945434 -0.0039017634688959471762 0.54796750292334761578 -0.5071913373483298848 -0.37307120204380811446 -0.77690078229092074391 0.20746217808791397874 -0.92779451089525399876 0.31009158359367217095
3.390006280722633214 2.9591443076800727496 1.2872693866529307805 0.82971384520656599193 0.00056092047894963691177 -0.55818869608820953498 -0.49318339073409067641 -0.46761507467613266931 -0.73355728136232112302 -0.26142891610633894883 0.88393202640473633735 -0.38771006502237453928
0.37721416792650508398 -2.7681567255243688663 4.9138641446658644085 0.92090276470779763862 0.0097796991380960512918 0.38966967477395875186 0.089176635850346352985 -0.97845770551543032045 -0.1861935716827351206 0.3794543787757064246 0.20621560562268326233 -0.90193652682746816573
3.0248384136257588928 6.3545316322484390881 3.7930265567077063871 -0.99557937659707307354 -0.015883442566493002901 0.092571168010070023491 0.052197699473515941915 -0.91294571088029019545 0.40472895764326455303 0.078083961632229095806 0.40777180534900298037 0.90973900086693004763
4.5811293008637896662 -3.4348969031207539082 4.1228814443836894199 0.98952420187694656306 0.010633968791216931102 0.14397490270031246262 -0.086330786038816054173 0.84290897918832297098 0.53108516095402891199 -0.11571019523674686003 -0.53795108654169454532 0.83499687377076414752
0.082640020466415692324 -5.1477006261232300943 -0.069485222151842593319 0.82261882755354953645 0.0058367148462542123299 -0.56856327467953882149 0.47041028775797932848 0.55471063069629378273 0.68630188500673294794 0.31939384108943397189 -0.83202286564274119396 0.45356975794453102679
-0.32889198413719861191 -4.3670698506241816261 -5.4220998324986826589 0.56869379368723604884 0.0068070546877060066071 -0.82252114442618107226 0.099183540768794251075 0.9921020557692155073 0.076786302028350683635 0.81654760685597393977 -0.12524845286513974774 0.56352713403407428405
-3.1047187224278585127 5.1151689727599221058 -4.5654702662880524144 0.8641444650570055952 -0.0016696790373580752687 0.50324105126980855918 0.21341537189757611714 0.90683586848988972928 -0.36345919531376857936 -0.45575017558866914857 0.42148062801534985633 0.78399353164342955314
5.5172976190306464161 -4.3413873706070829073 4.1907390116277687397 0.88587250655276983391 0.007057889678634489232 0.46387507836380093007 0.17291963678850474917 0.92280962741186245424 -0.34426906740081092417 -0.43049820132805316497 0.38519161173286275979 0.8162712299866957677
5.3743584200516121285 5.6774149140127505575 -1.9729098386416905608 -0.91301199599314264432 -0.006370958854087820783 -0.40788295631918958239 -0.40708973194486541836 0.078476409218169451698 0.91001066111405826131 0.026211549314524459214 0.99689561343165822294 -0.07424345495078747692
1.5621817357201595033 2.6015803922667526393 0.67575258926038950236 -0.99998048644278902941 -0.0055879787553723267099 -0.0027930676900849893581 -0.0056481507878951859453 0.99974155467992642521 0.022020949997843031892 0.0026692932340122823079 0.022036295958238461684 -0.9997536079125414199
0.86863929810564310952 6.3356208600214545257 -3.5860798100290640633 -0.87922397037318811286 0.0032931491830924045083 0.47639727653476082736 0.41466788794963632681 -0.48703687817818608341 0.76866483072794100639 0.23455437029544901062 0.87337519684437392442 0.42684893453343591974
4.4234765170202328122 4.8440250448274566608 -2.8638843615178322111 -0.99695106575403713567 0.0013045678673740605628 -0.078018399077347130866 -0.03014453374784943282 -0.9286737677876468755 0.36967058323336760006 -0.071971380263509229791 0.37089531019638433129 0.92588162812386454181
4.6359638716033977346 -6.2987839058950552129 2.8354216866184587253 -0.79959766259089504192 -0.006058140528233465702 -0.60050551780359595622 -0.44629564644641905868 0.67507191421037271439 0.58745051417743898714 0.4018255516292714713 0.7377270562868372128 -0.54248964642675101544
-2.699900136795916783 -4.1632359709838073769 -5.4285000534309988396 0.96633147591203871762 -0.013646659456891495343 0.25693821698482616211 0.2142819131928603571 -0.5100989551100435504 -0.83299598899030724564 0.14243152860251434566 0.8600074561776874793 -0.49000044385559549109
4.3999397099577892689 -4.4404008154920102669 -7.0589414643356862555 -0.86236248526814252013 -0.0020134826440591090287 0.50628735900640231549 -0.49863739457633937668 -0.16984587650433149997 -0.85000772170872629374 0.08770229604848103766 -0.98546858099180911772 0.14546471443520639366
6.2408610557460768575 3.2496106612263142566 6.9624837069793663602 0.99979576583300189263 0.0058026175736043718312 -0.019358622151270057921 0.015835482186046682951 0.37021791161998618414 0.92880995656792786352 0.012556437641263332519 -0.92892681495643680822 0.37005041322597953535
-5.6560208999334307123 -5.882756109276400025 3.9728023098470881536 0.99702082933257873965 -0.011093020271568117263 0.07633092936774436843 -0.026649607722618269545 -0.97820334851824553013 0.20593204548094715123 0.072382762347952503412 -0.20735272809632152025 -0.97558473843425286276
-6.9018357855350931374 0.036073168997272031522 0.7559972534326848681 -0.979695675571830904 0.0022650524192126104094 -0.20047756184517917522 0.090564450276578889465 0.89710514345846170681 -0.43243547718303432248 0.17886996285558176556 -0.44181130714135347093 -0.87909516280670751964
5.3699318583852377884 3.9760678621541201139 6.2729406468726480739 0.95806051167283656778 -0.0060579827528697864289 -0.28650193161326575897 -0.0016767831441040358283 0.99964090341021927255 -0.026744207362916015691 0.28656106569359307557 0.026102970600035638876 0.95770631748693912932
4.377698333932547925 -3.5942392425969327263 3.0681779646140974194 0.99091083731019435898 -0.011469231461962280799 0.13403047873835161052 0.079126886667172213752 0.85545525681722323075 -0.51179609161274097762 -0.10878716977449895409 0.51774970817322729655 0.84858740939230725697
2.6404223775658408613 -3.323179465041195435 4.9937924550286263425 0.97975295072870771662 0.0064748225006755113359 -0.20010555267635116161 -0.1142342696657746709 -0.8027396470567803588 -0.5852859050730212509 -0.16442228307699130463 0.59629450418137563972 -0.78574689125122199052
-1.2526223913305654101 -7.3754786556741507297 5.5959835339737171722 0.72481236318416386588 0.0082852174616878954821 -0.68889650408969238526 -0.42539338915058932944 -0.78116721020827784017 -0.45696635998991552707 -0.54192942588725367958 0.62426688592863244232 -0.56267517493719920729
-5.2622435237789773055 -5.2271371397392236702 -1.0740197035665213221 0.92082589300303718804 -0.00071379866568066843713 0.38997328788834390023 -0.236385399149295794 0.79432209892659300099 0.55961982293856626924 -0.31016385644366090135 -0.60749641451472957687 0.73126362449361592688
-2.7035218018353739389 -6.6548096452909710763 3.4464281353311729816 0.22826184407614044658 0.0066140294021849272907 -0.973577313393208299 -0.13638988211457872546 -0.98989894457237603831 -0.038702449421379368777 -0.96399913412601512253 0.14162038747823368912 -0.22505407184666892384
3.0969817663609942038 -1.29436738739101731 -6.6156299891176590933 -0.99175317295549680896 0.010790225268151206611 0.12770753686245159275 -0.11997977472082012318 0.27217821343620185459 -0.95473759420516757235 -0.04506104293895861479 -0.96218635989570522327 -0.26863899798775370265
6.1099778174638927908 -2.6780572256124646202 -7.0023602947330765289 -0.96826159888532292719 0.0068655642944849132325 0.24984463202340193022 -0.054370199303588495621 -0.98147023524840515396 -0.18373910511664032219 0.24395359712801292784 -0.19149162213606535365 0.95069322133908984451
-6.4611903599663254028 -6.6358213598929873811 5.3420042912670275825 0.99351096956296791607 -0.0052537143625222765611 -0.11361492790781299589 -0.085476568434295768784 0.62450214408198390093 -0.77633164838594337365 0.075031390809329912006 0.78100542285082052985 0.6200006611858170924
-6.0496194290537905758 -5.6783172476802326045 -6.0154642081931006814 -0.86387277295197184568 -0.0031178015986582608907 0.50370041836931678247 0.40764226125540081735 0.58308514863629068437 0.70273714593601954714 -0.29589122831008624059 0.81240506445551752268 -0.50244043652568215474
-6.8767020382197125983 4.4742792064203209534 5.263564777271522388 0.99585252056695117151 -0.0025574475479130994587 -0.090946229951963095117 -0.019242554291925326182 -0.98291262237849774674 -0.18306419877610430325 -0.088924020291235417179 0.18405498154421368051 -0.97888522431605051732
5.5139800729658112743 -4.6920285656777158678 -5.4486851167186944878 0.51993563829541911137 -0.00028417205592811659205 -0.85420539173949394662 -0.57322866917922099539 0.74128103185185867385 -0.34915802245921390146 0.63330547515511825818 0.67119471918578810232 0.38525553088271302649
-3.6507782692417332093 -4.5796137616696013239 4.8907369545669077127 0.92719834385762633922 0.0026754873365009666786 -0.37456117379554543234 0.3671905255290736636 0.19103235155468803463 0.91031739444061188227 0.073988844492237193506 -0.98158009475901930596 0.17614246638361022446
-1.2258352887435719492 4.2062665557237224334 -6.8452850885579481499 0.99520599462581527117 -0.011934562041364983609 -0.097070049395939328463 -0.012817596232696360989 -0.9998819062466375307 -0.0084783717374050798776 -0.096957400375906693801 0.0096819310772497859524 -0.99524143941201870245
-3.9377132955006977078 -5.64066500864229603 -5.7254455847337153429 0.97302651453321675756 -0.012057514832726025367 -0.23037799016237137106 0.20911463886408546142 -0.37561134858993833197 0.90287716917818972018 -0.097419042429851027132 -0.92669883519218376744 -0.36295839847778765819
-3.700833773020207218 -1.026495630620216426 0.97200318960216036679 -0.93014064958631836877 0.0056928384565997341288 0.36715931634296034014 -0.22667052775862064906 0.77774077344625847097 -0.58629323820491630048 -0.28889244336378483435 -0.62855936943890089452 -0.72211790952561794033
6.5491172603755636317 -0.60721917955070403572 -3.3226807791379453505 0.81954420149184736832 0.0086765192107546660477 -0.57295027691373090484 -0.10910641816022617623 0.98395547722018694703 -0.14116447274239729559 0.56253274688442012064 0.17820307759066603137 0.807341669815209384
-0.4781413066855320082 5.0747028819042769854 1.4102861067767960002 -0.99564280756710688003 0.0064555912022307088485 0.093025400199749835872 0.078814235984834654647 -0.47490874454491766032 0.87649871680500723858 0.049836893424652847773 0.8800113690725595017 0.47233068326834781736
-5.0784928086036575934 5.4628081213959127638 -6.9841881536462047109 -0.93838020886645567842 -0.0028829410742706382265 0.34559263918417154615 0.2744671040938150286 -0.6138976335994894562 0.74013343677423115707 0.21002474229931500371 0.78938037986240860988 0.57686066212772246775
0.71930873753652746494 -2.8788444487541839933 -5.6536459899992870248 -0.98064444043232246173 0.0064392661424927336716 -0.19569112729173984699 0.096159014550006680078 0.88646202905508220127 -0.45270135295169711132 0.17055768927236861221 -0.46275653090490864727 -0.86992325393388936217
-0.76729582570648369177 1.0228419434954276745 6.2566707977951150355 0.95018667486802910194 0.0013031285795795659495 0.31167865624572227423 0.30665299607570040141 0.17499178041697480146 -0.93559703760991674848 -0.055760406213141058829 0.98456903193351963388 0.16587524968050018637
-5.6008583300076555389 4.205042841442406143 3.2363222250818877157 0.62872247912315859519 -0.0093976492637391061818 -0.77757297306008332782 -0.52377921802639082483 0.7339620737322305466 -0.43238293801474364519 0.57477245498437856686 0.67912543650709011889 0.45653616119663836814
5.1837091172825866536 4.6582035851182501673 -1.5525939573080096423 -0.91983257185425137958 -0.0024764445293179952051 0.39230333541606776659 -0.14966880997956105714 0.92656337844640612733 -0.3450790533214509459 -0.36263933470512627055 -0.37613052647252120941 -0.85265382188796878804
1.4469843273871303424 5.6158390210033655165 -4.8488709684817061785 0.9995915208499718263 -0.0056873767276048045952 -0.028007948707274223088 0.026567864045021892527 0.54609053466732093707 0.83730476921300522886 0.0105328080261889237 -0.83770685904604080818 0.54601856952162652892
-4.2255658799235495948 6.3174227192116525487 7.1564292628062391444 0.91900610666159565643 -0.0027189799754120860115 -0.39423391922385769837 -0.35560008243252710924 -0.43748167662276576939 -0.82592878869377051032 -0.17022443212607121787 0.89922321465100873983 -0.40301520187235023718
-6.1529951802295208552 -7.3455041228001283216 -6.5808371224505899377 0.9999119650769205947 0.0028374275856988613771 0.012961909612430221744 -0.0092616219401053280491 -0.55028753275712760651 0.83492386099038684577 0.0095018132555795900562 -0.83497040683890089152 -0.55021280905484237778
-1.7745773235823127933 6.6683633789682836834 -2.3303580466385906966 0.85401503853067162186 0.0024136442740383514186 0.52024272054952647171 0.079495184949941274932 -0.98885154981252454398 -0.12590920539495881192 0.51413892046134024305 0.14888514618573461812 -0.84468596751213942397
-6.8934953641624225895 -1.058434963892127989 1.0218977229425794118 0.9995367092659731556 -0.0083619226333623009051 0.029265082939325316735 0.030418891377048243307 0.24195870130014354715 -0.96980960910505231709 0.0010285314589450773176 0.97025051667852146853 0.24210096449214885128
-3.0676358311326450412 -3.2350642264751625632 -2.6041754002369712495 0.94837875640239743813 -0.0011878042890974328284 -0.31713770435819493843 -0.228065997277156568 -0.69742127862519409653 -0.67940375404230202161 -0.22037158458063352273 0.71666041417247117185 -0.66169042268089783843
6.5341288455761894483 -3.5338368330987646182 -5.2953403128734271021 0.40378589997309222159 -8.6586137701928894e-05 -0.91485350711779023225 -0.89982048252116164644 -0.18057657043629546378 -0.39713373244411032115 -0.16516672249087735458 0.98356092577545728428 -0.07299218498787382603
-1.6752526009754091785 1.1668429766559669236 0.60837764048564701991 0.94181811500647294455 0.0021328145810660930487 -0.33611618429897910376 0.33612260603585780716 -0.007408988878777152641 0.94178909560236212517 -0.00048161955605121632706 -0.9999702785512161185 -0.0076948071350935497506
5.3963303123194998889 -5.9848932723642320752 -2.3362477614336456533 0.98812451042194371365 0.0026397286518094458668 -0.15363262588427631372 -0.13582852632440850504 -0.45244581089118252049 -0.88138720188320873739 -0.071837061047705264016 0.89178799052220070198 -0.44671424492668854178
0.71517447695304592337 -3.5330916608242204369 6.2148460300775392184 0.14675705530055394021 0.0055764083584596418897 0.98915684822446492408 0.86024884161815029504 0.49291487456636978726 -0.13041034056399530838 -0.48829734508211053434 0.87005967042553122859 0.067541636674406990704
6.2559500992631233984 -2.480464687150349512 2.1739074143935432915 0.84568329388722141005 0.019635349386539796557 0.53332374735672349875 0.24216022367088352318 0.87640689978405128535 -0.41625637782825547495 -0.4755819514151164995 0.48117086265222419605 0.73640777319552508384
-2.2402052777183802945 -1.079373158641074415 -5.9936722108860864822 0.98030109981626245563 -0.00079584453043855894055 0.1975072665256661919 -0.19750814362374816135 -0.0066619373171521705651 0.98027860927062937524 0.00053563165978846600385 -0.9999774923579654029 -0.0066878902547320246905
-7.1549112979295461656 5.2202524642943792799 6.5109354092816733584 -0.85213231572508707501 -0.002139221304030048277 0.52332202345130429677 0.018187431691151615537 -0.99950862105547766401 0.025529076839265928828 0.52301026168272790606 0.031272034919380485574 0.85175250278852232544
-5.6926350142951820388 5.4879806799626429381 -4.137829865774848237 0.74840341049669767415 0.0042407556609596712416 -0.66323023992305862873 0.2307445781062102963 -0.93917613765794416558 0.2543720152228032827 -0.62181128554532305586 -0.34340966562595498512 -0.70386115585618469481
3.6461227300717271582 -3.3909242945363100574 -0.79568349355457879124 0.9982985774093074971 0.0024861475828588273582 -0.058256067604941251525 0.0176461451844705762 0.93935957663876878954 0.34247948746936218711 0.055574849551995535168 -0.34292478015940658365 0.93771745811310880381
