1125 14.717824617146108679 14.977075390850430381 15.033177056927090831
-4.569063464457185475 -6.479287006143855443 1.4416015465198925849 0.88407869286078866189 -0.00044817591869453048126 -0.4673378477802173081 -0.18189487741765589246 -0.92147659972739859313 -0.34321295098541643176 -0.43048707111682488202 0.38843361761463912618 -0.81473934869258479718
-0.14501076649096997229 6.2682179908974839933 -2.0928844922876703727 -0.97126165913065609647 0.0058721295958019288641 -0.23794181556999111082 -0.18956155000167207447 0.58546319035639515782 0.78822539384280898567 0.14393473612615559354 0.8106777231624160418 -0.56752481963750167626
1.1543807788842814777 7.4251609670057208135 -7.1518503055808464453 0.99542783744334417673 0.0046453937983191341543 0.095403567853641013663 0.093614969106583428848 -0.24576149711984623947 -0.96479921439258675697 0.01896465137917150226 0.96931919760721518831 -0.2450727140017616712
0.16097280497378396724 1.3361551432527749572 4.7074614344006411315 0.18268256285746933831 0.009974339584337684611 0.98312135251844656736 -0.65625682461509626808 -0.74334393117658514871 0.12948660212165974404 0.73208883434582994187 -0.66883504134642068895 -0.1292502460086188687
-3.9204538505439319174 0.34978977153759877039 -0.32369330355464909221 0.97945405586261835573 -0.0069007328649715801716 0.20154932979362261136 0.20145412741160562131 -0.012474426032300558326 -0.97941851281465097667 0.0092729177262914699864 0.99989837912716994506 -0.010827946054130999781
1.1823036298338600592 6.4253891592485627982 -5.2580263087872562977 0.95887251074326851352 0.0026021473490005827406 -0.28382518734275141714 -0.28121193197013205634 -0.12697673776403553547 -0.951208051576767466 -0.038514379893780127662 0.99190228192904472682 -0.1210227484625029104
-2.0808234016673092803 -2.2004306526649979325 1.2542136117553119856 0.99971800513312636394 0.0057890542045055609979 -0.023030350932619098048 0.019315975249359976229 0.36589541966404925954 0.93045549865058585493 0.013813157236075082612 -0.93063796866473680325 0.36568041780613075309
-2.4455624558473894048 -4.7569205465706128066 -6.1923805720598528168 -0.96562258877057582929 1.5122806504739628487e-05 -0.25994810218088004738 0.0021430741602521197545 -0.99996555086516447641 -0.0080189972021573636962 -0.25993926846335424496 -0.0083004128985076260083 0.96558929149837768868
-5.0488420861077463186 -7.3899550755717697825 0.80989337412483919376 0.16564520725555992309 0.00023161593149398623098 -0.98618538402642597074 0.10843416881264170137 0.99393246870660767467 0.018446644267741355017 0.98020594588441856132 -0.10999179062497493886 0.16461503469589044979
5.3812393839325221023 3.9997225156740503493 -0.18037483513194230156 -0.99287614378595701048 0.0013600633990743231806 -0.11914324709447526862 0.11041058245947749095 0.38641716949359605771 -0.91569169178361276007 0.04479359755164933482 -0.92232311114282039544 -0.38381455453157425906
-5.0425153172120023015 -6.942754085226527927 -3.0519585607081740619 -0.95819087947371117675 0.0076055235515136154767 -0.28602866028587586866 0.26186508409453157498 0.42617395140568431477 -0.86591133545848164577 0.1153122553139679235 -0.9046092632484131757 -0.4103476143705964696
7.206400869606738091 7.34794332459993349 1.4133401407217800472 0.92120671649400287517 0.0013461929557140070272 -0.38907116733420932242 -0.055474694742580536733 -0.98932267555458219821 -0.13477092370626450601 -0.38509835591638763574 0.14573548434733399337 -0.91129601385737135644
0.30053665884390545759 4.6647701359805298083 1.4705289072907299364 0.99964735933754700348 0.0016320798921111868279 -0.026504589880180048911 0.0056462154237237847931 0.9622230658722351615 0.27220376881121421953 0.025947586031808706625 -0.27225742931803198488 0.96187453181814530634
-1.7233382549044089505 4.5885044875212237514 -5.8770418400779425028 0.60236595807834236727 0.0091553745032485339683 0.79816754611185025681 0.61888574941975182941 0.62615526449257397079 -0.47424678587576202249 -0.50411871787671647116 0.77964463947748596784 0.3715084849911958198
-1.3790222437734189764 -1.3293970661533269784 6.662715483352486423 0.86199819682297929013 0.012088159224377122147 -0.50676719021700178391 0.26880145087426526862 0.83668559951638266092 0.47718234205568543782 0.42977306649171725939 -0.54755007439361036425 0.71797216335301317081
1.2961171422478814375 5.0245774565658090083 6.7146035594034314542 0.72946784765578687182 0.0033102691021498278912 0.6840070915969214127 0.67973797309768813069 0.10814557067826433001 -0.72543836641829761991 -0.076373733478627567339 0.99412955778456779665 0.076638601066278344565
-1.7588664046907085403 -0.68272030798500771276 -5.5991704370841812732 -0.57060241995341687282 0.013209363893847922769 -0.82112020499365623305 -0.74863559012786096147 0.40264337750436546282 0.52670965791959656332 0.33757611221358635456 0.91526161465313893295 -0.21986028564831677778
-3.0388367150729704846 -4.0257684092128078746 -7.0980591764148739387 -0.92524712326307079202 -0.0012505170870143588607 -0.37936288313486443702 0.34002214882536724305 0.44072628435825839111 -0.83074983032446669817 0.16823406076529151543 -0.89764067336712682899 -0.40735552324178220251
1.3583182428639153372 -5.2214145716685083087 -3.5043462308279007544 -0.99439213813103277673 0.0079383966225458554855 -0.10545737282015350822 -0.085243872959407038237 -0.65034986213647838493 0.7548367631097392394 -0.062591994264001415971 0.75959333769998915731 0.64737948961636559986
-3.4037546273363128435 7.2841509728189883788 -1.364058193720786516 0.86507921003867727094 0.0028606674993853714942 -0.50162712939014442171 0.4914683546305402273 -0.20514073549719402667 0.84639006080900081042 -0.10048291772979568715 -0.97872830510890374001 -0.17886891295982743078
2.5563829745837671759 -4.6494302976621835199 6.1065529765781150218 -0.74332164990246651914 0.0046259881566032574202 -0.66891817513046636368 0.46929070452258264678 -0.70899703067533359491 -0.52639286197883805585 -0.47669608707747163079 -0.70519629233791158995 0.52484190937639663144
6.0424413065895032915 6.7849505398616205554 -5.4243932343740670632 -0.91170476506757847091 0.0096124152302093472666 -0.41073351802135116273 0.41043335143237646978 0.066104294077678454888 -0.90949144379511637215 0.018408839856790943507 -0.99776641744343597118 -0.064212855700377713397
-2.1021030569978620406 -3.272633839890626728 -4.3570399798182855022 0.99673164337478248331 -0.010315179649690555536 -0.080122582111961743179 0.079515763558965793512 -0.049770504056036501961 0.99559034761879361408 -0.014257434591197170465 -0.99870741160502696232 -0.048787616913256927342
-5.1204409616185602161 5.4667001388699727471 -5.1275388443606599864 -0.97915026709710195618 0.00089416604657772263964 -0.20313531182646626938 0.073017060276024031706 0.93470572828758036188 -0.34784150185827933388 0.1895607115211303817 -0.35542144275979714596 -0.91528265288609256256
3.1225496659018636691 -4.0581423267715868164 1.0486449817553202823 -0.99226124118524861029 0.0041545824656888715593 -0.12409822192927434659 0.094251393300974567468 -0.62544895960310220584 -0.77455165986022211921 -0.080835042539120993688 -0.780254021697997735 0.62021718576791218247
1.180867695913373927 2.2672641848300734146 4.9637977350978816915 -0.4992766980764582474 0.010046512626946398072 -0.86638435254900780791 -0.83854090740719222641 0.24611066964052230599 0.48608505931969359093 0.21810989285812651395 0.96918966455131949633 -0.11445291068501772802
-2.056961113954770326 -4.8030607675094421083 0.32225321739626178186 0.76791288918617084391 -0.0029852993451926403828 -0.64054733049926937394 0.35240159239030199867 -0.83308720350013121259 0.42635528499740965591 -0.53490458242817284784 -0.55313361799135918329 -0.63868637714073228651
3.8602340027554689073 -5.5146609092822957976 -6.5692009822216457238 -0.84117088228909908665 -0.0066764405713112800339 -0.54072818673540012924 0.46757083608191962742 -0.51133322767870925674 -0.721051900709842708 -0.27167822885639031361 -0.85935659386136342697 0.43324033117028887263
-7.228759447188163989 4.1376959734530238677 -7.119794371600785432 0.96990463072403132472 -0.0022339090720523467962 0.24347487950603619034 -0.22376461725183191542 0.38604596097136290034 0.89492899834778694146 -0.095991683839528829658 -0.9224768428898396655 0.37392789540989862518
-5.7040128102193312642 6.9891024250831739195 -1.3473982077492885345 -0.9671860402135946666 -0.004481109732287631188 0.25402968974403744573 -0.026741630273768055709 0.99608623064633905475 -0.084244325191223823346 -0.25265796806397211594 -0.088273103333842084517 -0.96352052930990705892
-0.56702603441365984072 -7.1044061818866914848 -2.6141202421539602163 -0.3204986089678356076 0.0015167743981291861161 -0.94724777172871343911 0.50998143604793988448 0.84297637172769868119 -0.17120096844140023085 0.79824781649312681608 -0.53794845115885103759 -0.27094628131723019759
-1.5903012546267996097 -6.4255415561445854422 -0.28165530413445066804 0.96386779755079310394 -0.0028875201460367735766 -0.26636540892574400718 0.26046310276171447118 -0.19938727502204009467 0.94467120558376804773 -0.055837630183290604124 -0.97991651521278355652 -0.19143088117863352182
-6.7830646036504189667 7.1954409605095834834 6.0900090190075877317 0.53844854493220117853 0.0070390219569819324069 -0.84262899109297628719 -0.047364998528070273442 0.99863700858270709748 -0.021924461302709370714 0.84132616824562367341 0.051716315209705585043 0.53804804745149981127
5.4096468328847864271 -1.7090174146284453638 -0.81434224323655068911 0.99510843958377936946 -4.0432531296954749706e-05 -0.098788621988915567562 -0.010154853734519818376 -0.99474447442229874117 -0.10188380416928334571 -0.098265316439111571878 0.10238861739265445183 -0.98987903231335905296
5.1939226996799519043 -1.0929734225331195763 -2.1391771373511927479 0.65275741234248430001 0.010258928260550210371 -0.75749753466462144136 0.753649847629509817 0.092757943418480634512 0.65069798762620589816 0.076939377434440750503 -0.99563583619905848821 0.052816795399615888706
-3.0951658242406558941 6.4994127069598270907 -4.7007148647032517275 -0.99936960871513547122 0.0023440522728032696723 -0.035424435002791090921 0.027884190903569236464 0.66942841665818131336 -0.7423530607925702407 0.021974009055584439037 -0.74287286960110499034 -0.66907177681959784099
-0.00072355931076363219634 -4.9963927542305377472 -4.659806128720598295 0.93003726548750431657 0.0020830174594589148662 0.36745931181941560162 0.34709634452491583412 -0.3332867506159933324 -0.87660941671938230613 0.12064332729974305836 0.94282320872050040528 -0.31069210591185564274
2.6069031433108116325 -6.5339357093060552728 -4.9267326581986674583 -0.96338583556139290032 0.0019623617380602051061 -0.26811169496317860395 0.18261231252778836742 0.73698513653031039183 -0.65077311856490094311 0.19631728184977637053 -0.67590610122254946024 -0.71035939296757011352
-6.4057323695776284822 7.3778795638094223364 -3.9562585371250098554 -0.98159957051049528953 0.0081836224119207663652 0.19077555267344548096 -0.089250690536417223719 0.863570252473414679 -0.49626679647331678469 -0.16880935226585760955 -0.50416212409040761511 -0.84694979498202915824
6.9736987926341154065 -0.46179456439582283744 -2.8029213353537412168 -0.9705528012822322026 0.001115112127091688653 -0.24088589923098044365 0.20516515581584615635 0.52784768619697486347 -0.82418691994932058442 0.12623200371706921885 -0.84933831698654849163 -0.51253283264211613179
-2.7409329335567726993 -0.14910035575718927348 7.3675544517800126698 -0.82223121146627919931 0.0083938207707077248237 -0.56909171375414713268 0.52687840306770250542 0.38938738540513523345 -0.75549759262888449562 0.2152556230892053446 -0.92103583418896006751 -0.32458898451466999813
5.2406822877317500442 -6.0669199014347388044 -3.0637426673756191775 0.97360931035112785459 -0.0023740455429084438704 -0.22820884011219166876 -0.14346528284021972666 0.7713007949999671764 -0.62009095804726177548 0.17748978397967590803 0.63646637581270459894 0.75060504197796162895
6.118968277247955001 -1.9204318984570403206 0.2104071623137246938 -0.95660987788817286592 0.004929237210371832309 0.29133012914450839848 -0.13602306394451432747 0.87666202163171780271 -0.4614774381306823714 -0.25767279173781870716 -0.48108149252399085016 -0.83795305951410536949
-0.14187153408952826728 5.6920302646247495915 3.0494520618021145886 -0.90876972639675990262 0.010071863965259799517 0.41717639187885496854 -0.38965236218817272951 0.33733826802117966581 -0.85695620049664844586 -0.14936070777131082998 -0.94132961840403861498 -0.30263827994705500002
5.943266677951989152 -6.2363614267436737748 2.862290483541273467 0.82949795775619772353 0.015616927434589046239 -0.5582913662737069016 0.50308165985245312246 -0.4550456144093758537 0.7347396357396412947 -0.24257366221087256486 -0.89033117455484300784 -0.38531599761412216321
-6.5964635954320662847 -1.7828753832975854365 -4.8740751832489177531 0.97697945317698353662 0.011977603517383191706 -0.21299691332056117088 -0.20330096521119944697 0.35485048368105304162 -0.91255128720282707722 0.064651880207049650107 0.93484633563240771004 0.3491166898622664605
0.86563898093754954033 -2.918454360538258463 -0.53898399257984241917 -0.97721608759597811122 0.0039494659298265977557 0.2122100842618322436 0.12472663276048007175 0.81966166815017615921 0.5591046564333903568 -0.17173230687254542604 0.57283431416436136896 -0.80147917208877517137
-0.93525248958252449327 5.882827994515107406 -1.0052860344662788439 -0.99140006576848060948 0.0022042870983453276279 0.13084743296163731108 0.0038077638008005947057 -0.9989489099032707875 0.045679057978563614162 0.13081059027888400359 0.045784457202867522019 0.99034962157285344464
-4.8561590088171149304 -2.6757904326253996175 1.4432579019132305564 0.84669052884055862052 0.0061527819538244772624 -0.53205008377584395163 0.47937288287525275932 0.42511094615304090283 0.76777752156779388581 0.2309042821940184842 -0.90512033826175952722 0.35698793499135900165
-3.6564432215044457841 1.2799393124344549122 2.5443223663068712526 0.97632705964036303747 -0.0087419067480147341631 0.21612276992596113345 -0.18939555766264251635 0.448060124385816827 0.87371130682454056782 -0.10447389794453675049 -0.89396068370022008232 0.43579754548005733561
2.6502125647465240021 -4.5751608992629195782 -7.4800313641523565877 -0.73702956424806176372 0.00067526510422557476515 -0.67586016707684104521 0.67134390809620381191 -0.114684296957246884 -0.73221914007594146589 -0.078004990136555860114 -0.99340175963628396527 0.084072382298463352313
-2.8688623482394648434 -5.580506674896865249 -7.0844968576942850547 -0.95298840078263924447 -0.012420435832553287231 -0.30275211105402777267 -0.29680744545520731936 -0.16281307933351404915 0.94095549391055732791 -0.060979080808845287365 0.98657875203743738979 0.15147249826964173658
-4.3746879288914923833 -5.6621145288149774544 -4.7220237697046965053 -0.72207694716163017823 0.0054481017093158268932 -0.69179129841708553172 -0.34289791800911340047 -0.87131314469375953369 0.35104760604362778009 -0.60085430863301370064 0.4906971796043528844 0.6310232782754697789
-2.7228333425513433497 -2.1203062351717698597 3.1490827275734907253 -0.98774042277203100149 0.0022155369999434884089 -0.15608955319870818079 0.024719964641499291708 0.98950278853763617981 -0.14238382922420841914 0.15413559150979716517 -0.14449679190970521336 -0.97742667068059096991
-0.1293617269461463104 -0.50571968965690650144 -2.1827530582378842361 -0.92177584884463725778 0.00013546287226117565382 0.38772318235651953566 -0.37718976087628597327 0.23119651439978772256 -0.89681439329418577433 -0.089761733366388110622 -0.97290706307396801478 -0.21306026810234757196
0.037465360809849183876 -1.5938353987243365495 -2.1894508922989794897 -0.85419826725620962016 0.0047951251866157514059 0.51992530905009592956 -0.5116870691253284642 0.16978258248598507296 -0.84222931436410064521 -0.092312856668584200581 -0.98546987851421996574 -0.14257438421700951992
-4.0168168102972936495 -6.2469460487295460638 3.22333179032739503 0.86397256955172163639 0.0038764830850636011403 -0.50352395369144686832 0.44852367341375259935 0.44856949504237836335 0.7730536349469867563 0.22886221498884543046 -0.89373954874802108428 0.38581304482106387743
-6.3341830711467705939 -7.0255110411496648481 7.0867724117040520326 -0.99127963777668515188 -0.00097807834099010101947 -0.13177148057201157338 -0.09881452372383589533 -0.6560469492598129948 0.74822328904424151297 -0.087180098821950838262 0.75471944703290461121 0.65022933388127690524
-3.9051207751417336134 2.8700399356738111045 -6.9384311528461939389 0.92946377376694766514 0.0049181989767438216016 -0.36888061018944534597 -0.18181666942095947581 -0.8639335538348954513 -0.46963976969471860068 -0.32099811833651503701 0.50358179661018787066 -0.80210073067381881806
1.0795412727851891876 0.94845809007295089899 -1.648266861824376539 0.9880986660651014386 0.013106597302316976353 -0.15326200842811896208 0.0053274624409681316239 -0.99868147820435171358 -0.051058037911345312276 -0.15372912627150675524 0.049633881558546415202 -0.98686566134258857375
1.3073221620756163563 -2.1445303529312584878 -5.6298366358512117458 0.96525097636347079177 0.0060288963644795079411 0.26125505743989213547 -0.054860376855234010973 0.98213071988515576738 0.18002663166623766866 -0.25550125573194371054 -0.18810343289373604447 0.94833338381233034386
2.1496978132591273436 -0.14443042877215503395 5.1492577054422792315 -0.99891551346503437703 0.00086744926709346990845 0.046551525115528923082 -0.037131562009191820817 -0.61804856952148023996 -0.78526251203988095551 0.028089928116157878574 -0.78613943626065752035 0.61741051391616430521
-1.5803513586036075367 -4.0195093497895220125 5.2337050438310450673 0.941629751574898477 -0.0035868808484609744115 0.33663117091979655182 0.33226721282697752047 0.17073380347818112313 -0.92760361557628545626 -0.054147116536783855556 0.98531066300720293594 0.16195983185687901074
-3.40365166760765403 5.0266614747652553774 -6.7461910236896152071 -0.63907901794962740372 0.0014485529751616635277 -0.76913972105913608335 -0.061417041986609660631 0.99670889625849312665 0.052908629473969771839 0.76668504339798271285 0.081051081507196545695 -0.63688677676356331148
-0.76779682077797684059 2.7199091902828724798 -6.8933330638502683385 0.83846359863969355253 0.0070785942769858948426 -0.54491163252335672595 -0.033580737488064164864 0.99868654119147071135 -0.03869788770449266585 0.54392198689323500993 0.050745304670369681399 0.83760001565662700607
-5.9395017344600971043 -1.7812064938340408382 -6.0232503176354210694 0.98876807732090477021 -0.011367370360188836995 -0.14902507226072470026 0.10343110499085840515 0.77181057031726207907 0.62738381399838838437 0.10788742184140512337 -0.63575091540466011075 0.76431739334566539679
5.0866904844154001708 -2.5702971405084586998 6.0481197443893135457 -0.22633997347107634446 -0.0089438363781104181227 0.97400730192336637536 0.15621038204972731434 0.98668168600129457779 0.045360412800463517646 -0.96144086294942732174 0.16241692738256305328 -0.22192838653631666301
-2.8959860578844454082 5.9315468831900242108 -3.0448642688581530891 0.98838697462034896812 -0.0031056207822734108875 0.15192611204280603854 0.14275546403281258456 0.36161532926527351073 -0.92133339846616879587 -0.052077498880644210177 0.93232221294997008609 0.35785922560470206921
1.6277272033975025423 6.1973007042486045748 -2.7128615385370875579 0.98490428310332778228 -0.0088983962986483883945 0.17287096826251005521 -0.16834903573070550409 -0.28160784839706942684 0.94464576529496713242 0.040275989041291287984 -0.95948832106715253865 -0.27885481247811655381
3.6652693727499841003 7.4839031411561895979 -5.786273005627384336 0.97230206930456331005 -0.0068349405251384963422 0.23362784426101598778 0.2095215325326952871 -0.41749939737066299461 -0.88419171032099375118 0.10358288194083337119 0.90865149357887531334 -0.40450346078329635358
7.0848770084957637394 -4.3993433607690413112 -4.7840896500230645216 0.97917699109849121175 -0.0043550077693784499874 0.20296170577378080946 -0.12289723951010933511 0.78303702402152708384 0.6097124629957790809 -0.16158183259285566202 -0.62195984831731165876 0.76619661866716093357
0.58306320991147808641 -4.2082930575262622597 -6.9592239392637900153 0.73037640479846710484 -0.0046539383441590110105 -0.68302902439904211729 0.20413224644677216424 0.9557632206275505915 0.21177037577595275719 0.65182845386979970659 -0.29410033484103415002 0.69901692380957380912
-1.6339055907327999506 -1.2334973901910233351 -3.7261513571118283217 -0.79968487629569584563 -0.0010899576871583281906 0.60041894591697608785 0.55064739043067079116 0.39731653875453848412 0.73411648901514037213 -0.23935653330485243129 0.91768097943910065251 -0.31712784478809458166
-4.8961438027229249315 -3.4179517596531376888 0.64527360442576442434 0.93158069939374654744 0.0054708698853279374291 -0.36349342511210319673 0.1809829216085097614 0.86018984494562755749 0.47677941727641603986 0.31528175114182660499 -0.50994460506517114151 0.80034612335025379082
-1.6405231990786686147 -7.3104092231691852888 -4.9210759333447899877 0.93027558442434798991 -0.0057016528939448536673 0.36681715905646533615 0.30075138161578229834 -0.56073455966593233057 -0.77144368560030185389 0.21008556228401042976 0.82797599285886480658 -0.51992289021484883182
6.8357027100522511631 1.5993162061083661118 -3.4659566765116189835 0.66878122858770383541 0.0029216445785694871752 0.74345351722995345334 -0.61725455373220849964 -0.55520985055649951789 0.55743953729669504238 0.41440135639899883246 -0.83170516761520429938 -0.3695105275587447502
5.0350077232242691494 -4.7834180989753294355 -2.5736852346652470125 -0.940809897008180962 0.0046573441646643558289 -0.33890270998740085195 0.3273626077494469766 0.27153610982931847273 -0.90504246536082078034 0.087809229235729091556 -0.96241698353888915918 -0.25698849985341931657
-3.0160317833590823966 -7.1296914970065881079 -7.17275084465603463 0.98162867341390436238 -0.0025544245364832922698 0.19078423007947120649 0.1260521955971468655 -0.74194786502312848331 -0.65850148790466322968 0.14323404454562607691 0.67045271309975384977 -0.72799530766370490475
0.88527530369501716834 0.84345152248268695505 -6.5458397271166228748 0.86600653998426102564 -0.0039600074105472374622 -0.50001699075718875065 0.33849682463421210121 0.74064920896208186196 0.58039525237243638767 0.36803881917146791247 -0.67188024796475354083 0.64274750872924557576
-4.6344927304577803184 2.4610534545758802061 0.62669953674821943235 0.99590628518921353596 0.01365380089871237948 -0.089354601681119194545 0.087992726415496033687 -0.37267365352818726532 0.92378115810180660983 -0.020686981861364583946 -0.92786201651268518376 -0.37234946904016791303
5.6374133717809264965 -2.0398992870833962954 3.4252713712664761836 -0.96888394901634811163 0.00066667077467717338751 0.24751454278173284917 0.19951253868616813936 -0.58972681277058647265 0.78257078478976149771 0.14648767950037444585 0.80760252714410496466 0.57124383401925127313
6.4140812841675804989 -0.3348941058459329323 -6.7049912349473812512 0.94589421490854508345 0.0086530285180176878812 0.32435976831296037259 -0.30318708523452775339 0.3796890871717111815 0.87402161782745690921 -0.11559293036147869072 -0.92507368473009354837 0.36176919751441810602
3.0907532627091955924 7.4743247929065921298 -4.1574973017941108111 -0.72954974612670808742 -0.0011760978581590293777 0.68392673929336700311 0.59403717835637104283 -0.49666041960327245164 0.63280981213156195508 0.33893509505061814036 0.86794414819926823945 0.36303712888585348839
2.7852351174242784282 1.5283533723036253349 6.1934770693704628286 -0.79008030928653105729 -0.0024364492676759311532 -0.61299850619118756434 0.61284383165502143154 0.019672102396830270371 -0.78995914222805330152 0.013983664756474117538 -0.99980351674832168563 -0.014049377841168541117
4.5947529583293711397 3.2915149248106527757 -5.7131881051302171315 -0.99921261236727421107 -0.0078743829729358491565 -0.038886364948274028397 -0.039590677601089661886 0.2619901120316373011 0.96425813942359184239 0.0025949052347070894822 0.96503843202767203291 -0.26209557641516956217
3.7385674223967453322 0.54570551773720898936 3.1841799527844258932 0.88706974208970901241 0.0015587570913325864835 0.46163280098489584136 -0.28723967119182464147 0.78470019351382536144 0.54930772577220032815 -0.36138711095237724402 -0.61987351659497391676 0.69653153515248966698
-6.3757299376883072028 -5.6969219397506636327 -6.4548028059693702829 -0.96533953579839926196 0.0016782520415630033418 -0.26099188511275739355 -0.031003539314750156591 -0.99363637837696694444 0.10828447772383958947 -0.25914930286338760945 0.11262295963104249075 0.95924851200787675243
-4.8071727143743343547 3.9244076865939581111 -7.327757864527171705 0.99454225063043333321 0.0039585740477199975185 0.10425949070659307205 -0.10340230767738442519 0.17068608555497577495 0.97988480086433660254 -0.013916697808189880045 -0.98531750714657251322 0.17016384937078474215
1.5726130544577099357 -6.6639324270466842037 -6.346140119589187556 -0.93571630005508055206 0.01865181128345728967 -0.35226001156403025094 0.134798907818157232 0.94172085280652162442 -0.3082062456217294355 0.32598199376997755161 -0.33587787263385276981 -0.88369779586276464567
5.8350612006841906521 -4.1607603330289011367 -6.9016421667611256296 0.76479904048832358932 0.0037601782210242131257 -0.64425793648816565007 0.058544471788089330611 -0.99625144532144005449 0.063683612631504210588 -0.64160343865298541388 -0.086422906422390866066 -0.76215228711477389645
0.45577219234918536772 -5.0693410921717152462 7.1287013190035004584 0.9299513500797713661 -0.0064391107031311223957 -0.36762620192018874432 0.35541433226182977956 0.27186639142391555435 0.89429822634126365788 0.094186723627910029499 -0.96231346403732753725 0.25511106997682486686
-5.6366032196765534223 4.6194551392328770945 -3.0076083020778696664 0.94752344011526590251 -0.0030681139077668026158 0.31967157694906128684 -0.18528528197318896997 0.80960395794684270054 0.55696570411559209735 -0.26051620816402193404 -0.58696849826366959135 0.7665502510142639947
-2.3598926225812171253 -0.99801725936525187421 -0.21392002883814037473 0.98493862839837875711 0.00061877629014057619616 0.17290319662895653474 0.094466034993483133375 0.83562669825410784696 -0.54111384143973284555 -0.14481735573200130163 0.54929740421824391206 0.82298256068877195801
-6.3268433069079934583 4.0446185238257337247 -5.1206628763896837597 -0.8985146442730480576 -0.00023367834946842096569 0.43894348089603546503 0.31529972338364697926 -0.69606153527250291813 0.64504606312123746736 0.30538093991105202951 0.7179820920526935879 0.62549516147650074949
3.4365810531372513736 1.6402751625139220248 0.29502234378100039569 -0.95881989048462179515 0.0012718172375118155099 0.28401197174068348872 0.21226366369403776302 -0.6611944619686577207 0.71955960179620392925 0.18870229115268580267 0.75021348024606715477 0.63369644102746347514
-2.116842355250716956 -6.2198889076438472756 -4.7072921274464487595 -0.99458049476835352909 0.0058413400402661293936 0.10380519338153665343 0.047036532074704449913 -0.86512278157553046398 0.49934971457844573584 0.092721109122079661824 0.50152612249582007031 0.86015948775647976809
1.0197626297676054552 -6.667550532469170399 -0.099860524093102490117 0.99538712029491582811 0.0032789591466824237129 0.095883935974599848739 0.046391463620397116463 0.85835715722853966891 -0.51095090051545666299 -0.083978049835808213364 0.51304214160372241249 0.85424554320430290399
2.1039360460552698484 -5.6751002958338965243 0.063060441001241668291 -0.73842040665344355066 -0.0034479144901331058165 -0.67433182849659523139 0.54363965634404887162 -0.59470696796257382921 -0.59226644874330791612 -0.39898775305523809243 -0.80393515543387872313 0.44101818417102667258
-7.244785525625268896 0.7953353491812606979 -2.0741961641956785378 0.91727495571582051692 -0.0035213299859166843561 0.39823894316310032293 0.049270368819810526906 0.99328229549932156583 -0.10470297132300918075 -0.39519499790972539843 0.11566279299170044437 0.91128647084460867589
6.1264455218404183512 -7.1821980077557379119 5.6124482336872612009 -0.97985789262197109384 0.01027929123930233779 0.19943130756731689002 -0.18662754269878320534 0.30820191865603330239 -0.9328353218242222411 -0.071053997583683498052 -0.95126542747455455906 -0.30007568365165071533
-0.44471063334633503805 3.1908493204671977139 6.8299013036077891314 0.87248494036710477761 0.0013853362259509281393 -0.48863903822362614315 0.20132634775799215787 -0.91219353560322891106 0.35689025666461893227 -0.44523895890973247402 -0.40975728724120125124 -0.79615402719691630296
6.4538481018093429853 -1.2434799918920644846 1.5778167719803606328 0.91306910867061974457 0.0010289311576317985292 -0.4078035606662908652 -0.27617024968535397456 -0.73422568598019510855 -0.62019564270932958649 -0.3000579876959613701 0.67890469386177876299 -0.67011463248628133638
6.8814216844597408951 5.3955068780505799353 -3.2242212172800241987 0.98476135669365327807 0.0077828864644080026497 -0.17373686149218856012 -0.1595800430399215708 0.43755568834045005522 -0.88491763993288607981 0.069132338498357009948 0.8991576314969883521 0.43212992663611843325
-6.3528212556013814449 6.5987035868412817763 1.1312760558016687895 0.7539965691790125879 0.0040471102952814490619 -0.65686588780703591972 -0.53713383257224522893 -0.57182553001072589094 -0.62008290504915264396 -0.37812222835017433864 0.82036527481735976863 -0.42898064793328188893
-4.2186374414929703747 -3.7869244072775161136 4.8959518429976620624 0.93159019909577256424 -0.0021435090801346628336 0.36350392888865301622 -0.29601350898916856114 0.57593338598526733207 0.7620214809330358996 -0.21098744854749337807 -0.81749381665943254838 0.53589939007159514972
0.80958636664364280744 -1.2053696921341532367 -1.5554549860888342572 0.85875905861375978478 0.011195273510548595097 -0.51225730360804377916 -0.32824098666455386875 -0.75565389062411525423 -0.56678483771019949611 -0.39343453575183062743 0.65487545643108180382 -0.64524987612710515972
7.3126639439460872083 4.6569500456657602072 2.0329871120868165946 -0.895238212410669143 -0.0092439521558708749593 0.44549196669324886422 -0.20476766485380509808 0.89649811023904979468 -0.39288845970341407243 -0.39575086414308774385 -0.4429511120725393436 -0.80447222813702456978
2.1916715468638203745 -2.3404656541628878763 0.14634084122428797636 0.99991482617432603242 0.0036620733862672135914 -0.012527155107329560058 0.0018303054830673690448 0.91099773500426228789 0.41240729479349091946 0.012922475707410997076 -0.41239509700723836483 0.9109134391289879229
-3.2410781284974055083 -3.2459109236070382565 5.9502942737664996642 0.98554641068901271961 -0.0017891719639096352601 0.16939619606606179381 -0.13776864078020925608 -0.59035106254800495673 0.7953020964174355445 0.098580292125423837901 -0.80714461022307326665 -0.58206486253016453958
-0.43171425861884721309 3.200252139315810318 -0.24857335328221960569 -0.90361084901139121506 -1.5773185734294060348e-05 0.42835433148291046646 -0.080434063943055994494 0.98221839287808265784 -0.16963899920033231883 -0.42073482730401567942 -0.18774191978166709927 -0.88754446460453617629
-5.9243871805694077182 -2.0229880456493298801 -7.2681692760188258973 -0.89964286687927930153 0.0092236169018435169853 0.43652907917384264902 -0.048868346382465704947 -0.99562224022176648575 -0.079675840111774101637 0.43388316030358109465 -0.093012255466263599191 0.8961551894276954533
2.420038223863758553 -3.6077416111352875738 -6.7693316371675633647 0.5691872342897956738 -0.00046548282981558628067 0.82220780563514772599 0.81366488561283367709 -0.14346146554742406076 -0.56335447262234839005 0.11821736861502327165 0.98965579431878580863 -0.081277687768624137798
-5.1911803511003720146 -5.834132152475438815 4.5262463377308979062 -0.96303049103203330894 -0.0012381220301019794233 0.26938956994721652283 -0.067389585817964309244 0.96930303795742300821 -0.23645351409890238981 -0.26082737023901908513 -0.2458659953313089841 -0.9335518171337989779
1.3087099982190959491 7.0830875377541149263 1.5762605963992106783 0.90916993559522241153 0.011973755956530666295 -0.41625311695888073116 0.41350324940625315939 0.092249582925508166742 0.90581735310196587196 0.049245212358194907776 -0.99566392101883016696 0.078919360371472915827
-5.7174913277791752364 -4.5189167817805468985 6.2085301827756689264 0.79215427437569330138 0.010517779739566131963 0.61023026956866965875 0.054027040153044179893 -0.99713472086208942979 -0.052947402047515038093 0.60792490039539148761 0.074911446125622546677 -0.79045277576759154226
-1.4855461410673389544 -0.78159852553827913191 1.7923064254072298418 -0.98490126841314618034 0.0049203692039368751576 0.17304704980126922598 0.12399303009576510826 0.71762349858047569384 0.6853044890942492362 -0.12081067819396609786 0.69641388861225317353 -0.70739838548190325795
-2.8652485038175741217 -6.0776756694088032162 1.3298011917583614228 -0.86218097606840971014 0.0015121350758181047874 0.50659814246924383951 -0.26614075930007130566 -0.85223656285401183652 -0.45040197287964300887 0.4310603910647641257 -0.5231544268972129208 0.73518459237994626676
-1.3646080109257725521 -3.5063638945833379701 -6.121433704251685981 0.93626906660130870819 -0.014417817342018454663 -0.35098769418394498709 -0.26585853824945671064 0.62398984673758295383 -0.73481692196647274695 0.22960721366133088339 0.78129942897176318795 0.58038929153040452746
-2.1505533638093932147 -0.20636089456616726889 -2.8676415569969231356 -0.68200681636379589801 -0.018517954055483558384 0.73111133749310819319 0.62983977378012034887 0.49322036260022417142 0.60002961033697188586 -0.37171031973557044914 0.86970728368458294355 -0.32471630526962663721
2.9828314508446718278 2.722680197508781319 -4.0195227695369810661 -0.9793221539880110349 -0.0069529236684760364201 -0.20218747627068434092 -0.16703235570681615463 0.59165573336021470841 0.78869746121627182234 0.11414162630389777797 0.80616074701915874101 -0.58058293043310094106
3.9593365733490206715 7.2149574795232060964 0.21332591720522597889 -0.6154084303925922983 0.0029640472504784730681 0.78820281541345360576 0.38984948793211310347 0.8702580395008098213 0.30111180887371535864 -0.68504732724153094559 0.49258720964718333279 -0.53671966642854096463
-4.7327501048441673603 6.5824014659630325497 -6.0646494556176859803 0.96831505856836741497 -0.0036697083734261669828 0.24970478687844746557 0.21016688095154489879 -0.52811421749584197549 -0.8227546751187634344 0.13489191784781223715 0.84916541764205666354 -0.5106096982825004682
6.8935385239541968616 -3.5061868318937103872 -5.5312258302606442939 -0.75653998672646316503 0.00011883020003644693269 -0.65394742477000866732 -0.45935503455783205373 0.71165212457943793911 0.53154887433602560076 0.46544623825993530764 0.70253202023881244909 -0.53833870363261715486
3.5680673213683311573 2.1690428154171743635 5.2257675109590389084 0.99403231867810903921 0.0046473511994118629764 0.10898693293344349775 0.085247719976518157581 -0.65646696717800900878 -0.74952247947814776285 0.068063027130815745291 0.75434045571683627784 -0.65294555761318051612
6.2020364314876053058 4.2323686949363441556 -2.861781133654897058 -0.63168555492063949153 -0.0016047583021077736591 0.77522305464641660944 0.28850686056950175518 -0.92865364511007819637 0.23316560386988033349 0.71953954103218531468 0.37094451360606206514 0.58708007692018504553
6.8389351738253898461 5.2709539435680854425 6.4305834693783703315 -0.97872504145652061691 0.0022176845596948062747 0.20516426370410159596 0.2023134792573197116 -0.15602473962939100716 0.96681204829814659796 0.034154784977301587412 0.98775065806047790407 0.15225665228281135
-4.703690343469408397 -7.4516084250192475835 6.4502150690342139328 0.93491038500065326566 -0.013219934210193025337 0.35463756901581572345 0.28196383105762418131 -0.57914033981712920163 -0.76491363223029318341 0.21549703012634910393 0.81512066599737775796 -0.5377167747716763424
-1.4842241752903524432 3.0507905745763208571 3.0782828963434338831 0.57501039157112554534 0.0019330133662965737207 -0.81814382173586897018 0.28605849289608004105 -0.93735566312598750383 0.19883384884754748412 -0.76650739606822793082 -0.34836851790149453434 -0.53954220178584644252
3.2424454193040839201 -5.680451899246568459 -3.0523811511760645665 -0.73784031716732412232 0.0013696857458903495281 0.67497391825428010304 0.37769371318855149422 -0.8279457936435010712 0.41455183247193833074 0.55940962217352241392 0.56080646104418796494 0.61037446528395111756
6.1604210598656061748 -6.8507835235102128024 -6.0730930978064758818 0.98893877491431070315 -0.018903001590804394128 0.1471148395024794997 -0.093521774281624461822 -0.84930938921424548038 0.51954522337113140384 0.1151250502983027918 -0.52755685752656189536 -0.84168282914075043255
-6.6360785673152777875 2.0239783145954723942 -1.3930262773488089056 0.9375780951955869913 -0.0045470709865598202271 0.34774507840454310648 -0.21874528158852396542 -0.78506112936295169291 0.57950800248663891789 0.27036607995809480709 -0.61940160421872147989 -0.73705076860370377645
7.056523953526144588 -2.4312276915891035678 -2.8110267805546858 -0.92272012411991310987 -0.0042674078552219722044 0.38544696363355379631 0.00072783210993715690557 0.99991764825264961569 0.012812766028847618477 -0.3854698987010378719 0.012103137737218154502 -0.92264103054892587785
-3.9147847745846902079 -6.6690904917967328558 -5.3312661580732703115 -0.99953274063987096465 0.0081160927458397928019 0.02946912668312441988 0.017012961973641129582 0.94868390755163478634 0.31576795701519710935 -0.025394084228588593294 0.3161217686132703486 -0.94837870489323650158
-5.166111670060072214 4.6872768889776921242 -4.3605336762508235537 -0.99399771540580239559 -0.010682514835895278935 0.10887803104814454402 -0.089189551386617160755 -0.49720678042450922041 -0.86303571271609780258 0.06335428708140662668 -0.86756630949843294154 0.49326963512030425063
4.5345603590073384481 -7.0981932409607839674 -3.5149070287960335612 -0.99933238036841154361 -0.0029088264914689659912 -0.036418845063195801059 0.0024590861114890810724 0.98920955518175024412 -0.14648688962714942474 0.036451974470402145889 -0.14647864917989314448 -0.98854198640809587406
-5.0607704221646656606 -6.3294409001212033061 6.8076479169770571787 0.53610543470956129042 0.0056368425990669605158 0.84413221054548481792 -0.2942152541786443587 -0.93602757474148601258 0.19310557612946252504 0.79121953153561319638 -0.35188152172172226795 -0.50015102477884954002
-2.3786350631601753669 -0.72003256046185970529 5.8818067071810622437 0.99895833185247495667 -0.00093734042163867324279 -0.0456220628153463717 0.015104476321685822438 0.95022098539421828711 0.31121043316635516041 0.043059331365475086995 -0.31157535253848556156 0.94924532849675247181
0.73369274701936604277 0.58256704063828534945 6.686864004519039284 -0.84522559797886043231 -0.0024391926857108767179 -0.5344040969718305556 -0.33753677909516688338 0.77771744296135747465 0.53030604529054492513 0.41432186917813723648 0.62860928186959807995 -0.65817000802828762307
-6.0363098571457474151 5.2883488000611835744 4.2026890477873131147 -0.99890104516374278454 -0.00090037753867575932853 -0.046860338144391514015 -0.042754864570008328795 0.42712832370687731087 0.90317961482912401117 0.019202175041379877102 0.90419056863450419925 -0.42669742448958758452
-4.7399220299931377198 3.3228662475892285499 -1.124417568342030993 -0.075669914258919820926 0.0088886303939536299296 0.99709330372128157638 0.65242301850181727563 -0.75576460723527350005 0.056250007817498587359 0.75406781459295901815 0.65478305621041521523 0.051389495957451368502
5.4860947989406261271 -2.5961237831004364551 -4.6452645346346077559 0.90857677261116043255 0.0091256880078007286683 -0.41761821091761114344 -0.35352464587925735984 0.54934038826253694943 -0.75712975280309557924 0.2225052202254872713 0.8355488373770458832 0.50234407265388159036
2.9061682875351024791 4.1981864291352435359 3.0953541513823785714 -0.96788921025984719915 0.010716943771052769852 -0.25114860895258755979 0.20075100849421431692 0.63426214794621305071 -0.74659933047880000512 0.1512927931236796586 -0.77304377288673697954 -0.61604692674334426972
