1125 14.717824617146108679 14.977075390850430381 15.033177056927090831
-5.6984330696225944379 3.0828920957926109203 2.3681346630045001511 0.73436173941433313672 0.010044668329715893129 -0.67868397676859915091 -0.029401635319424107573 -0.99848123848108771838 -0.046591418113783936161 -0.67812121300312555583 0.054169373629825046113 -0.73295108938841724289
-1.3285599535830014961 4.4244906121139848665 -5.9113847867565016969 -0.95567058963020556916 0.0098293849511670097763 -0.29427386446522124652 -0.13155050201306067725 0.87988856319509989312 0.45660768913649424361 0.2634163805383861745 0.47507841410656548309 -0.83959056147279575999
-0.64231004127576540874 5.2063276350341025633 -3.687902154013988465 0.99870128526713697337 -0.0019489272106133596896 -0.050911143067180059107 -0.046923787836062214041 0.35407899835839307112 -0.93403759081561521516 0.019846937819009053544 0.93521348611121923877 0.35352769969970193609
2.3920689287178009685 2.3001307785265070471 -6.8061031156255467067 -0.98798922513956755065 -0.0074732966255214488063 -0.15434196074196471216 0.15452089568904991967 -0.052721173644295009353 -0.98658186211028542356 -0.00076407041194740538126 -0.99858130749934825854 0.053242731985495159175
-4.4429064839677003818 -1.2435652742714264907 -3.1531976737714222381 -0.99117525017310770252 0.0097348317718542101001 0.13220006238533171805 -0.0040332191651306845137 0.99462331378980683994 -0.10348041751472961125 -0.13249662858907954033 -0.10310042054337813233 -0.98580674916350008452
-2.9330476134935468124 -5.3053318681331296247 -0.18847673022032696011 -0.96903437963005323308 -0.001816997642246960358 0.24691915603007089097 0.1001088317902178032 -0.91699639586414816161 0.3861292941097695941 0.22572238013236733956 0.39889134923143992895 0.88878293110059058968
-2.475583179109349885 2.7220911546368085077 0.96178831479422832729 0.95278920311488579653 -0.0011408100574971571234 -0.3036304216972859904 0.29951730813967403222 0.16761282683878475641 0.93925253388208773675 0.049820844557744770054 -0.98585223985730363605 0.16004138407301696234
7.2255217246561009858 -3.8033466946374994144 5.0273866609413033757 -0.94624808014230987752 -0.0018923255835385007634 0.32343622235460123271 0.18285472091012600071 -0.82797331503966065114 0.53011728949656289345 0.26679340671761186954 0.56076430760711259982 0.78381418043164641229
-0.79723226544167680174 4.3132628988878742859 3.654193721287847918 0.81528910457814895985 0.016656735316460748869 0.57881450320877547711 0.56450711108776208125 -0.24551039616409425781 -0.78807129557344246518 0.12897828300743041652 0.96925084397379146495 -0.20956479658687987566
1.9147364701964033618 -6.9684775914316432477 -2.4738414477701931027 -0.92591980957600017454 0.012547782771960060491 -0.37751166787560497262 0.22581253698685663234 -0.78279168899069073717 -0.57986711390348433248 -0.30278904269196466048 -0.62215731515003191987 0.72196888494665045766
-3.131860966165736393 5.0961478160341622257 -5.6884323523683182344 -0.89231248446044264533 -0.0011710245956078682572 -0.45141672407810917722 -0.13338196564791676701 -0.95466388674363844569 0.26613176170371138918 -0.43126289118809896239 0.29768354346350439643 0.85170231104246685305
5.6093642733452142579 -0.94657257629394275789 2.6907593184723936908 0.98204131378753523052 -0.015286541124851102391 -0.18804568507370941766 0.036061919041753674742 0.99354421289543681794 0.10756130817759666785 0.18518746180401260415 -0.11241093666672805074 0.97625272614631841694
-2.4570451646893856079 -7.2988873831606317921 -0.38099791710315678017 -0.99447334823689415018 0.0050243299719540997911 0.10486904097415769566 -0.068047059162729794934 -0.79149997081264200638 -0.60736924020155846904 0.079952219392616291627 -0.61114855175483884242 0.78746751698227779315
-0.93675623275679575919 7.0318274836383301007 -7.4728168833960451067 0.60005969475948106595 0.016378260821716478235 0.79978754385007122529 0.62401305114761673742 -0.63515710678321946059 -0.45517377088354810111 0.50053578765425565944 0.77220929952665340323 -0.39135242812849441174
-3.9452996831636220065 -3.3501502999746555211 -5.0660563790454578026 0.97122857773157977856 -0.0010685671824507377622 -0.23814682017968985539 0.10687453057427910574 -0.8916819666778411646 0.43986487131394685912 -0.21282125014216396464 -0.4526611629747722132 -0.86591280566940009855
5.9936322126945222877 6.4583122090975502161 6.4572964285557681308 0.8332136526261563203 -0.0067525768608704883275 0.55290994907230739397 0.28620975615558608141 -0.85028980701755751959 -0.44169131705673658761 0.4731162484619182429 0.52627145731809144014 -0.70654042251907045458
-2.6494933807993437114 -0.16650184699994979853 -7.0688601036931455468 -0.95902663165819268531 -0.0072589532048758752258 0.28322292874813009833 -0.11195473505793399061 -0.90860165292318673114 -0.40237939013246865061 0.26025767436986985137 -0.41760069911778530116 0.87056050853916655541
0.72114116314185872092 -0.83830747638779545827 4.3299666129120266689 -0.93358433036847254805 -0.01104752918321440236 0.35818745118919698145 -0.020259964913905186001 0.99955317851227520887 -0.02197674106531676344 -0.35778461665110988799 -0.027774006284902608838 -0.93339100738267355428
5.5247346651290722974 -4.4926358555616321411 2.2150144373135067788 0.97587851634415412327 -0.0031976500505894391198 0.2182908526987214215 -0.19398216663371006807 0.44603866757590598935 0.87373933530272340775 -0.10016007371148566429 -0.89500797876962989719 0.43465926606118382436
6.8677410255292343777 2.99397483778477147 -6.6005244876620405847 0.98859364933068205605 -0.0052874452032492481532 -0.15051458210469328969 -0.061278664919723654925 -0.92704140671729429179 -0.36991776850691210354 -0.13757732999520974615 0.37492168936299280491 -0.91679125493038871042
4.6282565569633087321 -6.7972252925320795214 -4.4102843840030798717 -0.98663475143134493628 -0.0041763018686988276004 0.16289390955701138486 0.14807062040062479724 0.394330319019993214 0.90696124000736133564 -0.068021751243503250639 0.9189592798400944007 -0.38844160867944543813
-3.3810437365853385216 -6.1619176187542494816 1.5239832375775026474 -0.9891636064165935105 0.0078142689728722160292 -0.14660933442657275716 0.11870105505430761372 0.6302352109500725108 -0.76727676780138631685 0.086402657769382579245 -0.77636493743536816314 -0.62433329612575827472
4.9423924303301713934 -1.6851488014558246853 -3.8668335478864874766 -0.94865311342221791957 0.0061196065165022850429 0.31625910391716294257 0.15025682999455750033 0.88852947745327892637 0.4335184572040504114 -0.2783525739675977162 0.45877872456412144286 -0.8438257678294468489
-5.0147978578580350018 4.0735348722139521627 1.619559415855647666 -0.98367679004132946297 0.0010362769699376224442 0.17994137618721439686 -0.02056248346800765639 0.99278576994963096958 -0.11812535400649840089 -0.17876564828774202387 -0.1198972106246392888 -0.97655901095466901563
-5.3796046669923072159 -4.9756268754409704869 -4.3678282208425223132 0.98780638237146756175 0.0070493237339270941461 0.15552767593266894619 0.058821523222094343475 -0.94182871865351625029 -0.33090586746876282653 0.14414776915362773058 0.33601930265146939814 -0.93075907134646107544
0.63422104278182800385 5.3059402622807851913 3.5094899996149386823 -0.93600187139614321463 -0.0007983569425036619871 0.35199411837273836268 0.27964606380682016651 0.60562796791054651635 0.74499184121829176153 -0.21377225203510166751 0.79574752724130959347 -0.56664565395764865396
6.4606645215065015009 -6.891731614371810366 3.8428336003013137123 0.90146172772553379016 0.0071317510795808111007 0.43280005958038803016 -0.19135582950081070353 0.90342247518229024106 0.38368056746675260893 -0.3882649867838512403 -0.42869216165227119753 0.81576548748743515915
5.2445330074987106528 -3.2267968356213159176 -2.7968682204274024627 -0.72528261385134440431 0.0096415046147962316786 0.68838373850173495416 -0.52407769634167744588 0.6406726703477573226 -0.56114267140062978889 -0.44643890762580434872 -0.76775358733014620327 -0.45961585144521138746
-6.3905398961539701119 2.5100526711326365259 5.457333578595133794 0.92942614146317159562 -0.0011094407464451120499 -0.36900652664460381613 0.24177687322060431585 -0.75361480719893259028 0.61123536051683735604 -0.27876691184703600301 -0.65731536686107072676 -0.70016106528971411294
4.1786721562126114549 -6.7180835583089590912 -2.4575106639812243081 -0.9612406291193896779 0.012952050704227910036 -0.27540642206128601588 0.27446498943796987513 -0.049899711760335710431 -0.96030150907873790267 -0.026180574914785550988 -0.99867024745350707615 0.044410745865615407213
-1.2427449529319964938 6.6684817733995220834 6.0027121728904866416 0.98181290628221706829 0.0044981538132986831346 0.18979774411164734849 0.05706828191702440628 0.94649163620021403709 -0.31764255666094765029 -0.18107078244879185047 0.32269699288233716361 0.9290210021995938261
0.31597127550251147277 -7.1736479409910431926 -1.4470050097073650086 0.96889270093337620526 -0.0016502574598242984553 0.24747567704442371972 0.083699381699185865235 0.94323659482732458148 -0.32140183521847021098 -0.23289771914172685552 0.33211745336391829131 0.9140331775103929246
3.6183845472225137918 6.4589830550264428766 6.1250869666986345052 -0.78183903178576441562 0.0040075672759189006483 0.62346745527000990705 -0.62336298985170324194 -0.024424751179947128132 -0.78155103122757318967 0.012095919126613887892 -0.9996936385385662982 0.021594392933218187203
0.069822761458775126076 -0.80569183712502290273 -4.518299294041133507 0.92129487152488032109 -0.0079975924980772404582 0.38878245615816364733 0.3760667510099076627 -0.23606056592984681064 -0.89601853105711248837 0.098942197706427661985 0.97170543259114494639 -0.21447376013373944947
-0.23510704548138799952 6.2827182235845375757 -3.8891281987274428644 0.96095039547844829375 -0.0024711397599415201032 0.2767096508944617006 -0.23410372231729464909 -0.54043274925247697382 0.80816328222248068336 0.14754587295839566297 -0.84138358493835763152 -0.51990756713985575299
6.9912134754231773925 6.6969118691384101894 -2.286074814088610907 -0.98179896640203856428 -0.0018583547250776806178 -0.18991402288771580542 0.17061416859225053688 0.43066450028600428146 -0.88623862117880225497 0.083436173493478107965 -0.90251018537796690033 -0.42250889960050996841
-1.4826324390058636116 6.9320531772302436124 3.509482055864055372 0.94531928760132033496 0.00176277561841145145 -0.32614159058763891874 -0.2989265535492246495 0.4046174637991507006 -0.8642497460640693463 0.13043910484243664838 0.91448433590235045365 0.38301963307001196668
5.9839583152762205742 7.4457877084407337875 7.1761536804486016905 0.62642309758493741612 -0.0011360390094667972838 0.77948240020374015558 -0.035196711886534025326 -0.99902020524245793709 0.026829479863661014061 0.77868818809871542808 -0.044241823343327026097 -0.6258493163556365646
-4.6808889212279130021 4.5868680086312423327 -3.8094144515537804452 -0.99912170213303630462 0.0032861738573121434571 -0.041773501028241219468 0.041893768141728106313 0.09875678324274603237 -0.99422935480430352229 0.00085820607239054974742 -0.99510617464910378072 -0.098807715576249913192
-1.8387931783974336142 4.4511921395935623025 2.0038841398518165704 -0.82914203311572176602 0.0034777691459941849697 0.55902718542358897924 0.3475561531621074729 -0.78003033768627738631 0.52034353333931793184 0.43786779890729848885 0.6257320332304657784 0.64554722001524245112
-7.3390848055986968035 -2.8843018995235358837 4.6796562999185766785 0.99994142364665927758 0.00026019341161650881566 0.010820423974229446268 -0.0098205259559190245799 0.44210965406928109944 0.89690724774001318043 -0.0045504445434112490015 -0.89696097243860084536 0.44208631213408317029
0.69847078956969066432 6.5897101569665332832 -1.5084037586256149321 0.71988091311454383003 0.0090132139180476838342 0.69403907160056932391 0.37385302896719713184 -0.84751445098982525206 -0.3767667290187128315 0.58481226360722349256 0.53069578605667788729 -0.61347909418040380558
6.6084517766375494574 -6.3510718992069099542 0.014600440016304332136 -0.99031018486637534259 -0.027726577634701318059 -0.13607709080748797703 0.13872888761673396463 -0.15287039353443776513 -0.97846049410344193564 0.0063272024295370314639 -0.98785721623794364721 0.1552355849543919919
-2.073201340964290651 4.2608053399351453194 -3.2540190675712317159 -0.97916679934516981376 0.0024426688801241686934 -0.20304288322658192723 0.13834691781780347752 0.73995910269293074801 -0.65827095991864281732 0.14863549169204606781 -0.67264742600457294586 -0.72488132194091559057
-1.8927034085105924888 -3.3611899846778792167 0.14962978179150029923 0.91561192133787483449 0.0019097792975297208165 0.40205865523209571855 -0.11966135435787102204 -0.9533798094886015706 0.2770344728235527576 0.38384367882933295713 -0.3017669491551221439 -0.87269739235339172101
4.4419891691384485455 -2.0552553480906632366 6.5446011400113359713 -0.68054126147770999111 -0.0055408218485107491036 0.73268880892210885847 -0.5614936195403223973 -0.63849128979693769992 -0.52635899162926536032 0.47073188402934457164 -0.76960910347184963154 0.43140853168601511758
6.3088177481288294501 -1.6154504405286211899 1.0174117320087685545 -0.99999688217915938537 0.0011640830116462694537 -0.0022091950359773952772 0.0011692372948693750649 0.99999659441073029953 -0.0023332490372910547061 0.0022064714168169088926 -0.0023358248358723299187 -0.9999948376897552782
-5.7215673714467332189 2.0697194938400031994 1.9703796684386074567 -0.95082233723926634639 0.009791070053060227027 -0.30958200521686629614 0.26605688149304312917 0.5375755186403365915 -0.80014142348008587824 0.15858946628657877298 -0.8431587612696646028 -0.51374379264099367948
0.14588691494295946693 0.55781107951208663831 3.1603529078138441477 0.79242561170900804868 -0.00082784399292591291306 -0.60996800291640973501 -0.56295174986257323635 -0.38598572492821797697 -0.73082169335505320351 -0.23483393544000691344 0.9225043820090512714 -0.3063310104116372945
5.174887376032218711 1.2863096443139627745 5.4586702280131085274 0.99720900871974471613 -0.0034705505981560478938 0.074579810986255920535 -0.070868261235285640032 -0.35831334466649172876 0.93090774869664683067 0.023492179075037786934 -0.93359493481506439228 -0.35755924713237924317
0.70433829678443049538 -0.76065573173917289118 7.2649567959762482161 -0.93720273200432002714 -0.00082572984137561922235 0.34878411273112747137 0.34878376101599034564 0.0005419474825401372764 0.9372030699610904847 -0.00096289921411005620702 0.99999951223148031421 -0.00021991350160492726534
7.0742357894113290229 -6.2002233350325104411 -3.7125527151844250895 -0.96534281657165033064 0.01695154298500132703 -0.26043404478701870364 0.10811537624042076577 -0.8822627831459349812 -0.45817403559790625955 -0.23753802203877649735 -0.47045193874202817508 0.84985331759063054147
-3.1104979863963500009 -2.3285870749463537521 -4.7099189126911484848 -0.94492041954757555189 0.0025134855357601890158 0.32729051790806679145 0.32407034295941417046 0.14731920687681357429 0.93449208883726531116 -0.045867347167930880292 0.98908580703379622712 -0.14001947288901797628
-2.9051183429254892054 -2.7496429041946357508 3.9750744817769532169 -0.97721418576149221558 0.0090293346224941464784 0.21206344867193727133 0.14226349327496667918 0.76932959220040297854 0.62281062695349742597 -0.15752312093026366036 0.63878826670602029125 -0.75308433570958688286
-3.3661605887933983006 -0.73364193350913686764 -2.4040094319971561099 -0.9543177412787419156 -0.0028233153220945635467 0.29878031657258746767 -0.044061194683030213692 -0.98769358745394797428 -0.15006661329398671145 0.29552708810487809954 -0.15637584913598634451 0.94244911480844695273
1.8523853745726968079 -3.9572571988082207994 4.3359116421980381517 -0.99031231544706288528 0.0025298769762892216878 -0.13883485728105077195 -0.089607087275882860156 0.75214659085903023961 0.65287523752170018021 0.10607585862812092536 0.65899097534157757838 -0.74463333704226875032
-6.7273312066808985676 6.6665845049767940012 5.1572540880665735941 0.99608368775264721773 -0.0032183849788092085131 -0.088356827643223070923 0.065584951616917019912 -0.64330120785308764209 0.76279890541089034883 -0.059295034483962193173 -0.76560642498144171331 -0.64057076183095973398
-4.874853050152810674 -6.7803645748222134415 -4.0054448611497752708 -0.82768789755738303437 -0.003464814744090617335 0.56117799252635047758 -0.44458776867178667613 0.61426575365475311052 -0.65193504264957402583 -0.34245358836564171456 -0.78909161631951862947 -0.50996074443987071678
4.9316752680457991431 4.1664248859101711275 4.2281354746824071356 0.96076953032852574488 -0.0078035867100119558556 0.27723818933674593268 0.1165807911307037148 0.91836981424402619467 -0.37816108131954129234 -0.25165617165411979794 0.3956462919324321148 0.88325148341156745069
-5.5832867207096787965 -1.0810113205419782378 0.89590903629121321217 0.98035826188332031439 0.0073193501663223478962 -0.19708908003777272921 -0.094770095205733359545 0.89386339976959927611 -0.43820868499708148791 0.1729633123286634655 0.44827965564515992458 0.87700002447141356399
-0.48121122982608866003 1.8732698509180247814 -7.4554393904968074835 0.9855069970025238657 0.019339618303747769384 -0.16852874539035989088 -0.068840821515974134903 -0.86239921287504561764 -0.50152620960961147301 -0.15503838283466522818 0.50585924603216247952 -0.84856910328606771632
-6.967691127674439322 1.5698308474811535351 -3.8768562765098706357 -0.91835932811423248712 -0.001761127360345336821 0.39574365806151567959 0.11454871086500263699 0.9560010571494527154 0.27007512208319173208 -0.37880699215385865708 0.29335793352068872952 -0.87775075365153587548
-4.225801233213915431 0.12112487863844458025 2.8697426429364689682 0.97978986400093881493 0.0018304021706571776962 0.2000211789509716287 -0.085458134425116363819 -0.90027588276207837215 0.42684920308896706631 0.18085554915906743023 -0.43531595944206447069 -0.88192476197998315168
-2.0663170468576739225 2.2608697127029317997 -5.3793294775766442584 -0.94449365913717620025 0.0040913237747233844113 0.32850416880085447913 0.25743358404958160968 -0.61200934604327295041 0.7477783830514715957 0.2041070249971309869 0.79083994678146163348 0.5769857025277118634
0.51199198718290817034 -7.3540396711231528215 5.3403450636204095048 -0.72191022255514680772 -0.014456838284543497772 0.69183569609930417599 0.29055678930970596507 -0.913710678834736445 0.28409425824786832537 0.62803055877596836165 0.40610810778685707545 0.66381761202404032662
6.7868405383902086214 2.9197843670894383372 -1.8876851672940124782 0.95668985995754451945 0.0025118717784145447834 0.29109826924026838135 0.25306070999515617448 -0.50144507071811672549 -0.82735307947062797229 0.14389158735396626043 0.86518583642644142362 -0.4803630705372701204
-3.5039976138223560831 -4.1427976292001345016 3.6907238792497154556 0.89790287457691031481 -0.0022879982733085219362 0.44018767916707507437 0.29675236753536887724 -0.735446880423829219 -0.60914359426732123115 0.32512837493630347696 0.67757852027545673046 -0.6596808991266491784
4.1833800384650023929 1.4263241953417129526 -0.43639365771709670572 0.99493238180671106363 0.00092956821750549666061 0.10054198891745226574 0.097457437734457905143 0.23703626112394787784 -0.96660015453273084862 -0.024730617921624401673 0.97150035862847561319 0.23574445851788872197
5.3384901605282371051 -7.2273278103518832083 -6.6751955779993075168 0.96157939229722244612 0.0020732450954537308928 0.27451916866425402075 -0.2741172035489966019 -0.047366288879998150185 0.96052912157635483847 0.014994366536408374607 -0.99887543584388105433 -0.044978135128655762076
3.5931836397927368054 -6.5493111465334745702 -5.4123944075515275642 0.99796349570942810558 -0.0043911771575636656881 -0.06363630091766508956 0.0049247442770033299925 -0.98934593330173059567 0.14550041633330179636 -0.063597233627890589758 -0.1455174966199354325 -0.98730950063910660752
-4.6730672754428415061 -0.20613527463596414968 -7.0537803951029625082 -0.79476750317960098702 -0.0067162413746141499948 0.60687684746689818382 0.53011241868806446842 -0.49455615779966216605 0.68876340664641833023 0.29550878065173386 0.86911972643829393803 0.39661752567610708553
4.8053672412645873635 -5.6048704913847107179 -5.8088509231015938994 0.97701317215291860752 0.0011542513438049170627 -0.21317581744540281541 0.21207138485820412055 0.096539117069737404031 0.97247412644232755774 0.021702284764108622367 -0.99532852193602694424 0.094075205324181010447
2.0615825934741787151 -4.6438090529953743868 -5.2845001625595928729 0.68588526382943637572 0.01271900954438754533 -0.72759853742137681198 -0.23928152993524401393 -0.94030842614930776335 -0.24200085360264556034 -0.6872450467580260014 0.34008571053305575171 -0.64190026888746942735
6.2534259983683337936 -5.9207271367280114305 -2.328682346340123388 0.98685651788711625798 0.00023971279022415390575 0.16159874888588982023 0.055759712821413343065 0.93807815179533526884 -0.34190676441153794451 -0.15167421511182255234 0.34642361879942190628 0.92573517207029965004
-0.13456991379011859489 -6.8417626344873321287 6.7980687089747000584 0.99612278585803915032 -0.0076514034285070607611 -0.087640467365686258727 -0.080188712149696736442 -0.48869702914225437995 -0.86876060232462237742 -0.036182398183052279228 0.87242000764149618686 -0.48741580229684200454
-4.4231001245923877718 2.4632253435348951953 -4.6072626149813995511 -0.93679393301764846136 0.001873369345908889802 -0.3498765747354811162 -0.20155363187769709254 0.81450454139849148838 0.54402066644365909553 0.28599521069113187366 0.58015415410754556103 -0.7626453284019563128
3.5505995837216186573 -1.3977707340203897601 -5.3363070696954020278 0.98658766168304912192 0.0016135847462910961336 0.16322433078154546804 0.12854782729120925455 0.60858552973795398966 -0.78300645533253843134 -0.10059941308731620846 0.79348664093220588889 0.60021555190495856635
2.5391742387930866798 -6.3903366061343209736 6.4731409488580649025 0.99482585604160322923 -0.0018847519341111036197 -0.10157737868907899814 0.068505049566402090311 0.75077831066558864404 0.6569923792693251885 0.075023825116551118297 -0.66055156948130944183 0.74702279063011167715
-4.5584201564492659031 -1.642575907026952553 5.8144365474414740902 0.99947114093560651682 -0.0051168683592518271822 0.032113176348297606255 0.01162228423466371563 0.97852327849628362166 -0.20580844479774978995 -0.030370395883969066031 0.20607282959935821487 0.97806524728910038124
-4.7934340843576750402 1.2682009262285778295 1.4312511043833699986 -0.94569711706454728795 0.00080831759248502482035 -0.32504816473628062035 0.1506529396247056618 0.88719597526245852492 -0.4361043375850495174 0.28802891271226888081 -0.46139207633068274328 -0.83914045149845195581
-6.129620582569438092 -4.471933795920396193 1.5273145310934801433 -0.74257970940332163057 -0.0018323296727537456696 -0.66975519240269576482 -0.070614339907425466292 -0.99420853025443622908 0.081012427248916427103 -0.66602476694328238693 0.10745250549573572008 0.73814969273229824598
1.6586124532802699605 0.16461399816891222891 -3.9753813336375074527 0.88253199837092410895 -0.0064932251816496953239 -0.47020751788776582458 0.38533288163989565245 -0.5631574764860354243 0.73100767916961428838 -0.26954747666876471834 -0.82632408575844129572 -0.49450243995040221723
5.0350174416937347743 6.6942964923081937911 -6.5090817529670257358 -0.99713880682255717769 -0.0037686636596086526413 0.075498325166341889725 -0.059517620016772583569 0.65488070583778756895 -0.75338497066837661897 -0.046603141913855054834 -0.75572287135938043257 -0.65323126752179128118
1.3153116919753264913 0.9359111471851576658 1.3758122841457121055 -0.6719793346640634546 0.0026967518459985991355 -0.7405649879071377617 0.38371994328034370048 0.85655716853705055058 -0.34506350452728457023 0.63340569851665129431 -0.51604509934425590867 -0.57662351368067255031
3.1684399372279101748 2.3010349515746937321 -0.11959508441230870535 -0.87320991533749281466 0.0064043495380669921563 0.48730219378038269751 -0.031741925565392910269 -0.99853786384281939537 -0.043755966832842933811 0.48630946311748940447 -0.053676054056430298755 0.872136449933896718
3.1143256006117039369 3.5292363517742697532 2.3903789426280064312 0.99098583165186471255 0.0075124881122564761415 -0.13375591197231961882 -0.13395308936110875142 0.069807239363374323782 -0.98852593247881093141 0.0019108416468638957098 0.99753221093606847525 0.070184306147269379106
0.75211225452116592383 -3.4322713164210414405 4.7873467248395158435 0.90803226275508186482 0.0092063565804469098958 0.41879906016434820248 0.068612690290301814322 -0.98952523214187859679 -0.12701225801383600467 0.41324291709250104976 0.14406615825085883342 -0.89915250848768857317
1.8713809506570313612 6.2314484035102237769 3.2680275159287188735 -0.98127636038476995228 -0.0045351671617378762347 0.19255164712036712538 0.07313830493522908982 -0.93361397140044100063 0.35073599866161370153 0.17817826158415647764 0.35825184530549059048 0.91646501429906979119
5.7992157631636835902 -3.6366896206909440359 4.2406679034368917058 0.99828689578359741663 0.0095948010583638762561 0.057716665699046168503 0.011119119754493094962 -0.99959625619726544254 -0.02614746206133642531 0.057442483256359172517 0.026744427251527751188 -0.99799052937811016939
2.0430202186766432959 -6.1833758534942058205 -1.503899700740833012 0.97196799605308992209 0.0086956035908760647563 -0.23495233798970999173 -0.12345571214787874614 0.86934006953721187916 -0.47854626801899635691 0.20009223319929225759 0.49413786535244885734 0.84604424721070092819
0.88058118264916096507 -3.8328528385013607149 -6.4194391192048980699 0.97547336267557960277 -0.015415949684624537588 0.21957701884708608064 0.14991912776414922925 -0.68387474205353482315 -0.71403052617642337463 0.16117063578977319782 0.72943655356489978114 -0.66479044854938040832
-2.6849126654838602057 5.6359369020354641577 -4.4885642393030771302 0.99786511572158675953 -0.0087530945635227452861 0.064719349204026790923 -0.056358996937458827325 0.38529227713348734863 0.92107194325179231331 -0.032998095248495867837 -0.92275307884445845197 0.38397640707875352328
3.399941401733989732 -4.1850180753694115054 3.7926574404660788886 0.97650477397931867429 -0.0072897586666096957433 0.21537243513042314547 0.20568254836613286685 0.32969019232610818904 -0.92141145335929730553 -0.064289312432259174135 0.94406103431007148963 0.32344342288014671372
5.6563398548975989399 5.8436544894106781101 -2.8136568374588333263 -0.94476398264206362665 0.0038020829254253579038 0.32772940250689586161 0.21212654056306096129 0.76934727242729761265 0.60258369144658385785 -0.24984664874848386273 0.63881947260081872741 -0.72765811583114925476
-1.1711565261289871298 2.1228703556971790789 1.3339121095759940427 -0.99409319127222417478 -0.0029102456086649748646 0.10849081775311568421 -0.057086295001261992688 0.86420240003452231115 -0.49989535574713300781 -0.092303206820139552247 -0.50313590832405052922 -0.8592638568948024469
1.3159571974037320707 6.9137288061099777536 -2.3570674082546130279 -0.87605583735591119332 -0.011549793189654202971 -0.4820713350864035962 -0.42217622467432180944 -0.46470247951242726892 0.77834365215816792016 -0.23300945292935279496 0.88539155621246456995 0.40222927172598937906
3.5387514977401641758 4.6345193914114162226 -2.347232699055091576 -0.85583642369145696005 -0.00049513587162458051749 -0.51724633466415192995 -0.15106287632529424858 -0.95616275017911955825 0.25086411175395939566 -0.49469588969319544525 0.29283536331914045148 0.81824411193139734433
6.3621408566827657438 -7.2626855151359244189 2.3129994378061051741 -0.99000079933713047708 0.019560123060004153128 0.13969902969515579638 0.037282812434158311976 0.99140572040367225259 0.12539812378138598392 -0.13604561444201590525 0.12935261550022716937 -0.98222171206625874529
-3.6893629091613853177 -4.5015250706727618635 -5.436297941527715949 0.99948325496521095435 -0.00096756853892074183056 0.032129221205767333203 0.0083829697420091473653 0.9728027111978521102 -0.23148350028523567712 -0.031031417345491668636 0.23163322062505578569 0.97230813132480609084
5.0116623467933028024 -3.401107688856045197 -6.4466927949362391459 -0.89081994663257457745 -0.015988857786701646951 0.45407508091514986459 -0.20403667030441360875 -0.87886711574917475431 -0.43123268663877167839 0.40596657479713177397 -0.47679864647590891602 0.77965004384411551452
7.1709399554559025702 3.5089306526777575002 7.3561007051479734287 0.90377252364992177736 0.0045815076762964531548 -0.42798859246802684053 0.31082645102759010047 0.68041049375670759058 0.66364785641739587607 0.29424843727200489241 -0.73281687328640310319 0.61351225528899988593
-6.1756950570562167968 -6.2712717817674050735 3.2435023507017755051 0.84980125996521560516 0.0069274098653978547629 0.5270577098895271595 0.21379580350791693721 -0.91849941265317935901 -0.33264122317929117889 0.48179785487676829447 0.39536165715500604101 -0.78202300930837320703
-5.1625778301028830697 -1.9689879082941805777 -2.0640325935846774996 -0.59488375814259930596 0.0012904765728943457144 0.8038107046863353089 -0.35573868031702499115 -0.89715810644633120496 -0.26183453432269243599 0.72080739842517727034 -0.44170767109923186888 0.53416385844391278681
4.6476561798737803244 4.4135732227148531948 5.6868785669217949419 0.31941995392721345137 -0.0082648196329795434179 0.94757721890595947301 -0.38058159512383149536 0.91465216576126573411 0.13626835700633194159 -0.86782978889071127337 -0.40415728179097848427 0.28901271440754494613
5.8906394395928121099 -3.4889033285691652964 2.9712791885325242625 0.96302214061640378784 -0.003408716812319770046 0.26940070031876289791 -0.2595865944507424472 0.25597106999566276997 0.93117861407287583209 -0.072132909715318438426 -0.96667843255919916334 0.24562095057436561518
4.4611906268370571382 -3.5153761092522795018 5.223799087176296041 0.99945984921784147836 0.009202198568799252465 -0.031548840594919358438 -0.032861077960012252674 0.29150195379044852029 -0.95600562785567499979 0.00039919505285021875118 0.95652596957841151681 0.291646892946781644
-2.3979335813720483728 6.5480092545132073667 6.9014386260437614595 -0.52602025180386913217 -0.0086927667005767868952 -0.85042761626095131344 -0.4776074239093385243 -0.82436041863114462025 0.30384379016364793102 -0.7037001089377254992 0.56599853003464017931 0.42947854507505511812
6.2852864751011425781 -4.3324917746623254899 0.10116602449391003116 0.91874392916782865459 0.0035129963557336534724 0.39483825989091725361 -0.27193071297368970329 0.73065947550955745449 0.6262510823859945841 -0.28629229811278983364 -0.68273302959841619675 0.67224424901702251045
-2.2624560935968442976 -7.0160534945172061683 1.8168471761598108394 0.86562593249478225754 0.00045633546566255429357 -0.50069105918757406126 -0.18624233778396492855 -0.92795073773432357189 -0.32283311471259951153 -0.46476395794985597698 0.3727025893338478113 -0.80317323367662885047
2.8819674109592940958 -1.3068733908360807838 -4.1328350605512502725 -0.9857184681014561356 -0.017893033749048405795 0.16744832333309517258 -0.16812222800056322858 0.16181340306623995251 -0.97239464161434852052 -0.0096962928964135358667 -0.98665914171579760517 -0.16251067648822892231
6.6673178626411582215 -2.4131095814753433793 -7.0222093355349084476 -0.89333371201558475772 -0.0074309444138788184608 0.44933246048056724176 -0.16343627742977712147 -0.92602377847658501331 -0.34024776989096849888 0.41862090511146454741 -0.37739202795107862354 0.82603377354847318248
-6.8326008031520313324 -6.88909275557702383 5.2142945924870147678 0.98395508472205517325 -0.0086871293243262950184 -0.17820472786590105252 0.054716500194752215602 0.96537683139221119877 0.25505622520828796773 0.16981900911291225587 -0.26071460871070317733 0.95036277123462187255
-4.2620517874418855087 -5.3610443967820069489 -6.1847128294502553558 -0.96173929491267429182 0.0064954935111314789087 0.27388927906158239134 -0.021131900175085701482 0.9949817439644544903 -0.097799652209809295744 -0.27315008954022379495 -0.099845569463072617045 -0.95677577877092312431
6.3205963062440240208 3.2581783337445253679 6.2507381185733228435 0.77981335893570935536 -0.0078817028620811226125 -0.62596246212165196354 0.53859407598870112643 0.51809804598280462251 0.66444776774316482992 0.31907294861114443574 -0.85528491949116991488 0.40826481596613889424
5.3710288697753538756 -4.9373563618985789603 -5.1347568964878780307 0.93825742857222549365 0.0038186940507340819476 -0.34591677511367469045 -0.039755840254315659432 -0.99212374459194596632 -0.11878530457301139656 -0.34364585097880057107 0.12520340647354397112 -0.93071565803555411645
-3.0706319702488520385 -5.7100748697167356127 5.1991773210319083276 0.8434077808948633459 -0.0025905532913310935772 -0.5372677211219158977 0.064377406351556393238 0.9932710859647553292 0.096270968301896533981 0.53340309773882266242 -0.11578358614239038504 0.83789933554260942472
-1.2481904831465329142 4.8891639663958246231 -7.4105376342961610803 0.86005068171728571436 -0.0086065264096152217094 -0.51013601380495521287 0.50816428202867158781 -0.074967024934956300042 0.85799126315050444624 -0.045627703732653596136 -0.99714887197223323057 -0.060101911588003389952
-0.69747183306549664916 -5.2643203336519723834 7.4893512886519486571 0.96944092445087159948 -0.0066445217569120100867 0.24523487584421352348 -0.23704575085895726594 -0.28287342630011735878 0.92940407611166919732 0.063194983973646784436 -0.95913423201546954555 -0.2758041315439809793
-4.5027894886296149224 -1.1978534784730672236 1.9401868191195366098 -0.99952296305643639762 -0.0014536689360859012584 0.030850172924913019795 -0.025734858406521891883 0.59146407361263353408 -0.80592057095493663255 -0.017075227250815588897 -0.80633004190098200858 -0.59121933336290499739
-6.6132408381665346297 -0.3385227969864890718 -4.1460624075314562731 0.77663413232114064666 0.02154507826382750374 -0.62958338138520564264 -0.48435604414924560146 -0.61859893323052095315 -0.61865546332522458606 -0.40278858848032089712 0.78541146503519521094 -0.46998955688549015619
0.74251495181011717417 3.9959102153310506189 0.78301574965489595392 -0.96487378719999916665 -0.0078116570033015184094 0.26259770141681471056 0.21125805557497712162 0.57110986034922583965 0.79322352547468266692 -0.15616852669210395943 0.82083646692055423078 -0.54939865839307655548
-5.0395682708479858647 5.6579540506188763516 -5.6831345853765498077 -0.90374785223024300951 0.0018866469019121296855 -0.42806104722627685844 0.33586411425288981158 0.62310921407641717273 -0.70634991618187303875 0.26539614983293835504 -0.78213256414532850158 -0.56376727091712908191
0.19584215134494403765 -2.8381225078810801143 -7.2744607100722014081 -0.64612839149453427101 0.0012691176430706966813 -0.76322767969007010436 0.76258321489435865193 -0.040046217465921615797 -0.64564939466248139066 -0.031383786674958162599 -0.99919702251712105845 0.024907190264403633595
-1.1154131739524644207 1.1909930773766757017 6.8441326132540485361 0.98870917399650048996 -0.0030767784393318786673 -0.14981556224100653352 0.075162731319676573394 -0.85473674048422532135 0.5135909542497291147 -0.12963307091839137986 -0.51905263500047593705 -0.84485479759747172945
-4.2596724294254970644 4.0809336913177780559 2.6920934665875928538 0.98596028783538713913 0.005644161218333075547 0.16688455367604718149 0.11899992277610962899 -0.72485960082758560397 -0.67854077067430018655 0.11713807745901871904 0.68887350256201962395 -0.71535443542136700756
6.0546161026555322948 4.955027963300128846 -2.3214436830388240907 -0.95084326793068596473 -0.0036133057966956766936 0.3096514554336994296 -0.26217203977518499514 0.54156944822542829598 -0.79872921212941072611 -0.16481171496924632014 -0.84064824794328529833 -0.51589497171306020196
-0.90087133150599785214 6.1777849880489279499 -5.6207358181426911869 0.99292524225190936793 0.0032952232121668291465 -0.11869542873652756676 0.117955914830689651 -0.14214338279783642061 0.98279278634066613574 -0.013633248160912901648 -0.98984059334365703808 -0.14152644386758761463
-4.4039671889495348722 5.8329722347842167807 6.9818854152635818622 0.99650908161350892911 0.0001586053257850612852 -0.083484280593207740861 0.071475374553250980991 0.51510203654478203816 0.85414352586654940236 0.043138394665239020165 -0.8571288507522095701 0.51329252099952171751
-4.6245314015399170415 -7.2664611859962171536 -5.8780106002166689905 0.99424411859759564969 0.0087811018495109437187 0.10677792320745847776 -0.055769901994625670216 0.89338227305638184816 0.44582264659850573407 -0.091478689680708005771 -0.44921153863056750843 0.88872979183514011492
-0.36019514450360806679 -7.2736485971229498659 -2.851021874817526669 0.93036107434753945178 -0.0069801575637773206895 0.36657816184175084917 -0.25357774184589276789 -0.73438332538545780803 0.62958673765907491315 0.26481427487806213916 -0.67869905613318637361 -0.68501167218125591507
-6.6384731168901973675 -0.065822866396783127896 0.5825106850635324296 0.98387014648755966029 0.0039234550974412791755 -0.1788411064338054357 -0.17526561473420362858 -0.17892774590959553693 -0.96812541854633316074 -0.035798032658575201781 0.98385439382245643003 -0.17535402080919915146
-1.0313227592543128264 -3.567475859401316729 -3.8109767025865570744 0.82954691801458557698 0.0076270483903612034185 -0.55838493796423538384 -0.55010235792545614242 0.18327028128512037886 -0.81473885374548749017 0.096121311983124027578 0.98303297611553064339 0.15622695430732186361
5.4129754330942772 -4.0122177796320057652 -4.7697873293237176284 0.99418217420435062159 0.00088001754019866691367 -0.10770807798578010961 -0.091176223256313596033 0.53927180532574126026 -0.83718147154220956541 0.057347195284272532712 0.84213131134630359043 0.53621465258153222511
2.7745755423690345864 2.2547066173406311584 -1.1540918903565253739 0.65135566290858171179 0.00041973705859112695523 -0.75877244561054690841 0.75852142974209035842 -0.026086310492200878719 0.6511257520840192381 -0.019520272001162013165 -0.9996596061789014831 -0.017309845617289432163
5.5968780552802677164 -5.3235673197839048498 -3.2600399536563697822 0.95789393260734201352 0.015921549434133885209 -0.2866805157971699658 0.28083747739286329947 -0.25971824287846523305 0.92394628935220290966 -0.059745503309907951883 -0.9655531774997079264 -0.25325389681994547875
0.99372758738810318402 -3.064214636143523407 6.6637550055231891122 0.9762277863400965483 -0.01313503537599472297 0.2163487462945266615 0.075406508633989718926 0.95639008119532276098 -0.28219119590624902605 -0.20320720369410352757 0.29179699010958526362 0.93464503900126871816
6.6227013538473693544 -2.5524731489659058248 2.9312734245312319636 0.86890719073638122971 -0.0014000142127986547717 0.49497306375893668218 0.49487924722281950718 0.022130404774069630663 -0.86867990413779083703 -0.009737790041078851766 0.99975411234204181188 0.019922105821838370643
-1.4306331095034330314 -1.5440506041813495397 -5.861685242439358845 0.98952264790035526776 0.0038310618460220711642 -0.14432689374244658809 0.12829368009421443508 -0.48185830056714784586 0.86680638543016441666 -0.066224322873747701323 -0.87624077806250288969 -0.47730120251283075783
-6.3071726666141767481 5.5392088591699275568 5.6692837362009473878 0.16529482225770389392 0.0061409290076382396992 0.98622508116843099479 0.97012052464342779512 0.1790670114509337052 -0.16371063824813031351 -0.17760571331007948825 0.98381771401053275117 0.023641408559311252735
-6.6979725945310715218 6.0009493217265488241 -4.4233395589140549475 0.98866285404998344166 0.0039860587162268935543 -0.15009954149734675011 -0.14160991430431171811 -0.30761811855853787856 -0.94091324005204657333 -0.049923873973598105469 0.95150155253183643644 -0.30356614161832595755
3.2575963002301571159 -3.348266562126783974 -1.5798246289911288542 0.96889803346608216472 0.0064028783321116496813 0.24737745227620960842 0.22949186965965009954 -0.39722339387650823506 -0.88856460492046418498 0.092574740106172295762 0.91769961234954755547 -0.38633837369328782874
