1125 14.717824617146108679 14.977075390850430381 15.033177056927090831
-6.0641743635318849925 3.640038927676679581 1.1381655270613382225 0.99674431944085406521 0.0056526544693370848332 0.080428907488511225399 0.076926203531818115877 -0.36543570728298280237 -0.92765246889813501863 0.024147895819776464543 0.93081941929675759972 -0.36468080260342994325
0.39555391722670224519 5.551786640794608374 -5.5402229432509377816 -0.99993460207291651187 -0.011427508039528341821 -0.00045126183916948032528 -0.010924590002374244546 0.94276745317363386256 0.33327193486667239242 -0.0033830327401978060528 0.33325506942362659313 -0.94283063897663776931
-0.18983174283806045213 5.2098016353977261161 -3.5035021859380544029 0.84122354403706045556 -0.0035252310731469487654 -0.54067598587649690067 -0.42529787159347137715 0.61315184184244109211 -0.66570754784913466207 0.33386324951349694024 0.78995720870889685195 0.51429849215527589923
2.8752871785531297633 2.7403187724297985994 -7.2130338440329344607 -0.78228086639834426563 0.0063600701851095490028 0.62289340626973310755 0.056628330879886806803 -0.99508139563552588935 0.081278829973008365206 0.62034657910625490285 0.098856287444161708433 0.7780729761557743096
-4.4370760057605425075 -2.3094614676957716526 -3.7813134632961582504 -0.93208049830220629506 0.007126372623019487304 -0.36218111422045673464 0.28462119505576488621 0.63289342078044696915 -0.72002548097821894579 0.22409087444555281232 -0.77420613065645893514 -0.59193593170558822525
-3.6140629096386267527 -5.8859519459282418907 -1.2188181108738491698 -0.99761564138935354684 0.011733972447463117406 -0.068009895941345530068 -0.067271294455544999868 -0.38542926447180203553 0.92028194322769907298 -0.015414441203789042145 0.92266277478792646516 0.385299622401947095
-4.0270195419046217467 2.8218784844406865631 0.49317574991100954218 0.78307034860420143829 -0.012068451580262826509 0.6218160351850936518 -0.53518431684927858516 -0.52240085124493895741 0.66383363700340836111 0.31682578199298383481 -0.8526146275399284491 -0.41553546270998487078
7.1588589166970262312 -5.1927286080005536917 4.8236127885271251614 -0.93816248629606324716 -0.0037738929366408716787 -0.34617467706208521205 -0.18267818734715690621 -0.84400007324772940986 0.50427428669865337341 -0.29407452996555494273 0.53632978109545670353 0.79111979923111119817
-1.7095058153111772903 4.3519659425006969045 2.7977589037185186527 0.95359447207394398838 -0.0078268690998030618355 0.30099223071400166285 -0.28141974284984050403 0.33226050343315183255 0.90022546408817305519 -0.10705377697421694649 -0.94315518234190909297 0.31463914387294378283
1.9086413171915601605 -6.7919396026646676745 -3.9736039539936891529 -0.99983706448942688549 -0.0048566657446354986882 0.017385547762251367387 -0.0016772480439708567935 0.98395471331332384768 0.178410506942801389 -0.017973071861809519767 0.17835227765977759717 -0.98380253798287187195
-1.5394309764226004056 6.03871281310357233 -4.5715712187535597621 -0.84089966058377596525 0.0083100440235908904635 -0.54112725305459452585 -0.45117461097934646874 -0.56296262082405468252 0.69246989679164383524 -0.29887996125158794447 0.8264405790637446847 0.47714435765187074301
4.5229938055969576283 -1.3273315763707949078 1.3701389755765365219 0.92228674895982820647 0.00057920518956595338361 -0.38650590838228682244 0.31344197573232834841 0.5839772617397727128 0.74881552175405396987 0.22614437985952778876 -0.81176980868477410791 0.53841294297746977726
-2.6751859697455109277 6.2821189965508388298 0.073529607179282988061 -0.87477777382097154923 -0.004922976737168271652 0.48449934027702323824 0.39111407163309291901 -0.59740518986722168648 0.70009772324327157467 0.28599585556347506543 0.80192443747514485786 0.52452222753735655569
-0.80953720763312708719 -7.3917248725634063788 7.2037331937308897167 0.98792068287771139801 -0.0044759656884953797837 0.1548957393659035342 -0.15463479039541927484 -0.093240821890023126151 0.98356201163565171175 0.010040216229120492789 -0.99563352437761731828 -0.092806676449778136018
-3.5064588290860059239 -2.460198483350789278 -5.5147844014746594254 0.9470182003876421728 0.010862642136445412738 -0.32099615440125089938 -0.25398438652034815988 -0.58641509234025068764 -0.76916140755983020139 -0.19659211463962469879 0.80993786334593675935 -0.55258682392916780302
5.7812928899973945462 6.1518789381984690934 6.541763797843475281 0.88570317940566778425 0.00014542135875512561191 0.46425193251439744735 -0.077307117568362879179 -0.98599187315900937989 0.14779592564602297977 0.45777012524183341435 -0.16679329997606814895 -0.87328489481897908497
-4.1021865306719726973 -0.15300571514807764784 7.1911957081886441756 -0.97987095154900227811 -0.0079322721910383385546 0.19947430252619183233 -0.072305337235778352478 -0.91726506825205356144 -0.39165894956173274988 0.18607755511518753178 -0.3981982843038033848 0.89822784963500801325
-0.68252572738522443441 -0.89549066318940973019 4.6037668080422378125 -0.86511457420425252884 0.0025638961860239778759 0.50156774212040444727 0.14639743379670225321 0.95773444606659519085 0.2476136551069197389 -0.47973384795863671659 0.28764241212655056179 -0.82892537533179688758
6.0825361528177026571 -4.5839178201262695822 2.8056084813169328562 0.81556344214400844361 -0.00014100908765048592725 0.5786676524176121994 -0.39485638350303858823 0.73088597290869428136 0.55668135500684290395 -0.42301856725805564441 -0.682499578550634034 0.59602820154184132928
6.9682586004613087383 2.4530533686820490402 -7.2354662676513905595 0.95728628664888837374 -0.017952387645565667101 -0.28858391703573477161 0.28584452253674197397 0.2090574060712655502 0.93519404933005156888 0.043541639031904146029 -0.97773857075643677561 0.20525937962935592029
4.762835983153267172 -7.2087654038599628947 -4.6910189795497085896 -0.86086587451796403592 -0.0074171323730251601317 -0.5087778810422530773 -0.30952890423361251182 -0.78597967099721455231 0.53518951243741286206 -0.40385864301062968096 0.61820784767457015452 0.67432725997035725118
-3.6185824466720504233 -5.443407816846403513 1.3177985565784600119 -0.92187084533285013066 0.0022377304200544251116 0.38749082193972694821 0.0017504622857500446581 0.99999717120657183322 -0.001610422512387845069 -0.38749332949969900186 -0.00080631349289138776887 -0.92187215461346838641
5.6929214470415123728 -0.67505378191690179612 -4.9184902070453659917 -0.99916647502218758348 -0.0071594718838903963556 0.040188271350677214067 0.040521297677317096031 -0.29303584217203959561 0.95524238789799387206 0.0049375729222524717549 0.95607465041433481456 0.29308170056960403116
-7.1709624432038987507 5.0974442308940828283 0.86023275073103000476 -0.91893187707665746622 -0.012005010036932462283 0.39423354122462145321 -0.13673083335106928082 0.94725015734516582189 -0.28986517317661741888 -0.36995794964241351943 -0.32027022831289198024 -0.8720998201770597813
-5.8902702042467218746 -5.4196346450680517037 -4.536623272761304726 0.99929470103440676265 -0.0021828935858995597574 -0.037487804151313863787 -0.0070979376967013289162 0.96933258805841293615 -0.24565006209724929431 0.036874378163592250179 0.24574289146075700696 0.96863342474418046013
0.41471749473098273864 5.3113681531390088963 3.0589027737572922483 -0.93917048581187834166 -0.00092282550655422310257 0.34345006474429151666 -0.34138901166302532131 -0.10691328591283695559 -0.93382176672584504828 0.037581129513693155297 -0.99426792047632528426 0.10009476018288172849
6.600109659685900354 -6.7579947637621877732 3.6780270457962744857 0.96628864214662402166 0.0076954129451244374788 -0.2573461495305632285 -0.25143481320439226012 -0.18679308943968259138 -0.94967830155611321352 -0.055378649021692295806 0.98236913752273835598 -0.17856114604061318341
5.2428043758572817623 -2.5040204800210381642 -1.8640747000288233615 -0.92330197251909384981 0.0024505237313889858576 -0.38406700258638187817 0.37285103675392283762 -0.23425929433474801389 -0.89783332941546389883 -0.092171426883722359924 -0.97217106414013021443 0.21537838822640040237
-5.3764551762082470887 3.5808975276943213473 4.2106446988917216601 0.93625273735170222444 -0.0067117328543032893362 -0.35126309860807536367 -0.15188869095463614078 -0.90928439624773460537 -0.38746833715860334868 -0.31679747057341040017 0.41612118353012644834 -0.85233944133534245147
4.0317437989711466528 -6.305320440111959357 -2.8836563041477023539 0.97559771308250686772 0.003810081029161099201 -0.21953265249300499273 -0.077389827426506255237 -0.92971600958091471512 -0.36005410168430940221 -0.20547485695079542589 0.36825755228013573594 -0.906733951250168424
-1.3873286423933877121 7.2327042826651011254 5.2875341290481072676 0.91447102464599072658 -0.0017983092291350265962 0.40464739115278364201 0.38994450122439167083 -0.26322941278087264028 -0.88241348709769806824 0.1081019474742561659 0.9647315908224644021 -0.24001443002722605558
-1.3301272208945202902 7.2219396249306191393 -3.0173730760207626567 0.96639781297389881765 0.00029739297920370190258 0.25705092615456898164 0.23000668729000631196 -0.4474878807115363899 -0.8642057164924537016 0.11477016546720482382 0.8942899463673966709 -0.43251971162585245434
3.4370905497308372745 6.8094681404170103178 5.3173537016007070832 -0.84260082795486479501 0.0023297160042660101931 -0.53853358033938281135 0.44583779824384944801 -0.55790306542742418294 -0.69998059061927009328 -0.30208029129153823877 -0.8299028509470977033 0.46905090939390214899
-0.32165457780133577259 -1.100672384592501718 -3.8031490264576683913 0.98924405926763092634 0.0047837222549010540579 -0.14619612582167224035 -0.12132220469723098422 0.58516687340554485175 -0.80178591464067994199 0.081713608727564474021 0.81089878916557467381 0.57945322492722894925
-1.3858342780990318133 6.1346255628891723788 -3.0421103163561808991 0.59059018234448157347 -0.007789392089328231461 0.80693405052037947556 0.56830387023846640204 0.71394096475601076524 -0.40904646424978463592 -0.57291705123020253421 0.70016256984656277673 0.42607326622964958318
5.2124434648934547809 6.7763427089515673174 -1.6301323345550386978 -0.99937553274448909235 0.0035604547108751363228 -0.035154910236008196645 0.026062683703652403389 0.74608436149827406236 -0.6653411621459962566 0.023859611681872689576 -0.66584190968263934352 -0.74571125124969950271
-2.2788524888794023937 6.9274912841481137704 3.9990801397138939777 0.97037217890312332802 0.0014624067978212919663 0.24161062844410033379 0.23804461157556464079 0.16548916064554305971 -0.95705177530191332114 -0.041383539126327667512 0.98621052472336245831 0.16023795934236606531
4.9340667659131041134 7.1295333100070186205 7.4122721544967298257 0.89453240386203725087 0.0068314923723402139893 0.44695090239609724936 0.40059036812325649057 0.43140933102742556882 -0.80833987039449606282 -0.19834095746368751723 0.90213043392539837839 0.38317299588827585799
-5.5026731374507464878 4.8004955686931962688 -4.0812277778112511228 -0.8102883392800693807 -0.0059411574522652658981 -0.58600128828771280709 0.22293047089551393247 0.92164672112083945166 -0.31759931768449578549 0.54197307347594858573 -0.38798456682641091486 -0.74547512603130416942
-0.92901950711437453201 3.9275892441215871642 1.9954601118024268835 -0.96382884705702775996 -0.012671478125556776689 -0.26622056123254567161 0.11535165216586625025 0.88063596518943165758 -0.4595370422037224345 0.24026641447240415506 -0.47362403914592016152 -0.84732067106837283266
5.0617130318594014682 -2.9490266140515202231 3.9574639309596975068 0.90397083189995153241 -0.0091448275227304261226 -0.42749632419915278847 0.15462794093487897129 -0.92511985922759354395 0.34676136743418417563 -0.39865641216012026593 -0.37956503815835851423 -0.83486732290305698534
0.43086710675323069974 -6.9218901086349475804 -0.69624393406396278827 0.93571229914611531164 -0.01163983923510911872 0.35257198891744340186 -0.15444509693969227238 -0.91209339826243607252 0.37977933708585726036 0.31715801307535784748 -0.40981721167941187467 -0.8552547268232646438
5.0192462731286493494 -6.5537843077612816245 -0.53048479019015237768 -0.78551907869770476456 0.016223142394352393914 -0.61862475431622476751 0.26730898494959398626 0.91048104513562200246 -0.31554741801173175064 0.55812694216211011788 -0.41323247222301828785 -0.71953682347279979137
-4.6676551227496467789 3.8402175863435075165 -3.7152390827627947978 -0.87822332849555795331 -0.0079085535244355284479 -0.47818536161978725252 -0.10698265025947760465 0.97777441610761062218 0.18031057580993758993 0.46613141690914056126 0.20951049135211979868 -0.85955038024748575687
-4.4327083513643481538 -4.059372238774538566 -0.45172909820569540074 0.91723185762590109249 -0.0021222158801811243783 0.39834810851308144475 -0.39332322303702482724 -0.16324340991464308948 0.90479192709657274563 0.063107539770797763112 -0.98658354198679676372 -0.15056677291124048734
3.7891163768354494401 -1.1431317406900218803 4.6250025904723219838 -0.96616686613437019471 -0.0051368040327468902917 0.25786663225114547782 -0.25602337698591920434 -0.10185452631406548274 -0.96128959523449331037 0.031202839949497938182 -0.99478604167615214404 0.097093326575072802509
-6.7516836574575780361 -3.1604941608992489499 1.7630307548628123548 -0.99670920747881841528 0.013793911002776508903 -0.079877930282408637908 0.042119746167627356015 0.93007213267692301351 -0.36495445606342563627 0.069258087684583136134 -0.36711790481672335051 -0.92759245428861825111
-5.8972039042857602453 2.470423488794624145 1.6613075133937535988 -0.8181367920598001664 -0.0024612867551959865045 -0.57501837496346597245 0.48541891833367650788 -0.5390235377190263355 -0.6883473683458057879 -0.30825421846552403249 -0.8422871053580058831 0.44218974314862707908
-0.73458434999153932043 -0.25320593190203954936 3.5813905293434693533 0.75168355748973170183 -0.0041909984808553429891 -0.6595106253361001647 -0.49417708353554024026 -0.66580365360208504377 -0.55901207943876773943 -0.43676176516250680981 0.74611522594153323329 -0.50254475433565981568
5.5209261827060700512 1.0759293177997082402 4.3028222803714983868 -0.078119756984723134896 0.0088481734324207736431 0.9969047163072207729 0.58382646141417116059 0.81096263347729224957 0.038552173171611039959 -0.80811135774798825704 0.5850310392880374577 -0.068518001635939088101
0.80218319114240643763 0.3554089568975221658 6.5356394190458280136 -0.62392710945543006229 -0.0077191694426038031177 0.78144441677541121027 0.081644563690504046161 0.99383524380488197369 0.075004489139632396499 -0.77720597482665820799 0.11059802256108230978 -0.61945052272103406921
7.2462101681372503847 -6.3408275698754303917 -4.0078026539102493686 -0.9930485099261245896 0.0040012947247919719573 0.11763777698603815336 -0.014994139651555701831 -0.9955801695349528746 -0.092710850524403018436 0.11674687451831250451 -0.093830249223699438432 0.98871939984044854288
-2.3282114469916326271 -1.4083396527713691881 -5.3929555700704892018 -0.99968200287803010706 0.0031682504423864851426 -0.025017100369927724318 -0.016489958033601394977 -0.83269775946061863614 0.5534821791832215121 -0.019078113267188417934 0.55371870437835990497 0.83248520828645888869
-1.7399765030965019807 -3.4505362578559326536 3.7728335372844279405 -0.85157138795512565821 -0.0037884713215532613007 -0.524224969551308706 -0.45822301300903289789 0.49116040566295854353 0.74080572774388442348 0.25467202744893885358 0.87106090682236136935 -0.41999411310265377661
-3.2917111550627731198 -1.407490268830833946 -1.9434108885788015098 -0.99322986584465877691 0.0079507792328220097677 0.1158931348431220254 0.02038959838330157287 -0.97023491564722330605 0.24130576606636022774 0.11436213478224921403 0.24203510813249776157 0.96350418191065612117
0.5111942050593056841 -3.7102681526750966867 4.8339300944580436692 -0.68219911399233268412 0.0060132698178005546119 -0.73114171639571756689 0.72180851296751002977 0.16501206819839123185 -0.67213353431924105497 0.11660548647314800119 -0.98627321667731926436 -0.11691151606829622289
-5.7938547382393341678 6.1111982120419199305 5.0965873513290889107 0.96757543390209432843 -0.014745907281110590473 -0.25215141865076379224 -0.14605010366092327501 -0.84714643482072471414 -0.5108936143572909705 -0.20607558547715809638 0.53115485142178997524 -0.82183172053734476759
-5.036230981027735254 -7.3428651213993916258 -3.8421350846294317627 -0.96757375941284473608 0.002743088021332484687 0.25257374282353789452 -0.08399452393829082153 0.93954115927750314619 -0.33197489358680537519 -0.23821406348942664177 -0.34242500710620515925 -0.908844967232637857
4.3328362234251258656 4.0054864996390673326 4.4018580115181711321 0.87625203516013738803 0.0049291159413352046356 -0.48182784756978036533 0.4781962674147330894 -0.13185437896342691588 0.86829876919112103373 -0.059251166303542726621 -0.99125684187522344892 -0.11789475275634152263
-7.2699950846666547832 -0.93249608205948097961 1.152211357947594772 0.96655980131511620712 -0.016142516086056896835 0.25593274439973329182 0.21052945230352851369 0.6197957204083948124 -0.75599643826942697356 -0.14642233502553400615 0.78459714767372712441 0.60246810344435164364
-1.5079646688703525204 2.4598095756771201081 -6.5584634314722629611 0.90125134684635921367 -0.010264173562125432707 0.43317508763619699819 -0.060383724677383655843 -0.9929392913066015236 0.10210469907646388399 0.42906854417634987531 -0.11817872279096777732 -0.89550766265723658055
-7.351594769281723174 1.8297419028951864561 -4.2786730049670040898 -0.78272371528673456709 0.0072873903327913824857 -0.62232666620497445464 -0.20316858550161814856 0.94215997191083666884 0.26656540134498102335 0.5882738404799038312 0.33508428980049587143 -0.73597038482261289971
-4.8400898036092581123 -0.50453605460672090732 2.4222987727978004813 0.82849423601659488714 -0.00076014894057914016851 -0.5599970741538614627 -0.078785380874802676821 -0.99021117797806956773 -0.1152158268982500372 -0.55442778127337422056 0.13957523125909207518 -0.8204441420177805977
-3.1462232733230206527 1.8894671739132347099 -5.5741883838564332265 -0.94906283730507901009 0.0058215483654078144238 0.31503307829682108965 0.15970436023990183805 -0.85299459436725810768 0.49688503630177105475 0.2716141531049616753 0.52188727859067007842 0.80861574327871854617
0.16922715562209209028 7.2668879899201197503 4.9928091796304236993 -0.92481052876091640602 0.0094991208104243281263 -0.38030941691839098562 -0.26620011003415045003 -0.73033484216535227151 0.62908546298347067793 -0.27177745916602835674 0.68302326828826775973 0.67795001856039660559
-6.3656915152539017555 1.9827231776206117875 -1.8374465930982215589 0.97796196341902941196 -0.0040189327903294878516 -0.20874445210567835196 -0.19688104695345476358 -0.35050269109625625807 -0.91563405183788848518 -0.069485620499561667751 0.93655310138492386951 -0.34356955166344776975
-3.8933910017736317322 -3.7017965837098247839 4.1152852169069058519 0.99624017469484205112 0.0047238094214922688591 0.086505490858136482868 0.072447586867531027499 0.50211425182144198143 -0.86176135053432934008 -0.04750643620742020512 0.8647883924650342502 0.49988416135794683237
2.4837958844381264889 1.9370049730663057019 -0.43016515184310538666 0.90352994213086668118 -0.010074727913287308961 -0.42840651667612977826 -0.27644418018722488606 0.75017809771619181625 -0.60067581684931292685 0.32743283114814619728 0.66115907432659604126 0.67502327331866096571
4.6067134879861457719 7.1241461893478854606 -6.3352734420630536505 0.99655061988654802807 -0.0014116173664508596675 0.082975112775946047172 -0.081170348816671733516 0.19148844626105931965 0.97813268497762539955 -0.017269524508572213495 -0.98149385239271647041 0.19071334834861039531
4.1559283415348451385 -5.7154694471922242727 -6.4650965083664866384 0.98853403515389159928 0.011768961950095399582 0.15053887496883508468 0.14170791348807151855 -0.41660607648071218412 -0.89797452318773451907 0.052147182063024537235 0.90901092874280942091 -0.41349704089499156323
-5.7018084140257396797 0.22011430147759628029 -6.0340165973402424271 -0.85022135178353475116 -0.0081531045966341322839 0.526362213553279501 0.51552661020410717185 -0.21530123408207477165 0.82938392362901847132 0.10656438027205412944 0.97651364838801268942 0.1872568486572547819
4.1399223109665888032 -5.2772072999098540436 -5.4023390025030355588 0.97010269113402602947 0.0055152557282819991008 0.24263213020696308697 -0.23489974905528718252 0.27268049562670315655 0.93298845394709273293 -0.061015379604699014615 -0.96208883646945775325 0.26582361481379557233
1.4357447593390715301 -4.9004802799873052876 -5.3831205775943677949 0.94979909781414550984 -0.0029223368435571869806 0.31284682152564180502 -0.0033947124991392245603 -0.99999377208775697135 0.00096525265639722541283 0.31284205234970374754 -0.0019788211175736291833 -0.94980310304222059781
-7.0720247737892307782 -5.7947339593335707164 -2.2409323301683858887 0.9907247467972758459 -0.0057545284102774440366 -0.13576215041844183484 -0.11694150633130147299 -0.54493571966916842797 -0.83028293100946326533 -0.069203758427075934279 0.83845807696707053136 -0.54055424611055469253
0.98398599226216021396 -5.8379614262503052302 6.036686041610574982 0.99800753093723670872 -0.0003692919500600886501 -0.063093833423618517209 -0.061377601058534819733 -0.23740026113666284902 -0.96947094133897093737 -0.014620474716407720964 0.97141184861818685725 -0.23694991471489992851
-4.1061739763154063709 2.9049964103200887067 -5.2990718536560494911 -0.95918285920425605529 -0.003128772428444325307 -0.28276925821569959263 0.2299044782216203564 -0.59086089138823971734 -0.77332227300214240184 -0.16465774656040485513 -0.80676738767179123624 0.56746295798644519337
1.8757446022956116849 -0.71725803038814839319 -6.6928824313587140793 0.89182661260559292771 0.020344887409706156889 -0.45191965945814344119 -0.43069476212510932056 0.34375784553148458489 -0.83446543697968722508 0.13837382312604323831 0.9388379142279225098 0.3153348313802610825
2.9720555398084336218 -5.214745459631204838 6.6212637685216044758 0.999484959016969432 -0.0024664560167849351041 -0.031995832442275537466 0.031821978534018413587 0.20494871298501332602 0.97825527687199642646 0.004144681066375804912 -0.97876960600572326943 0.20492164350891245439
-4.9587610048819454889 -1.5439929583791602852 5.6477477655404806356 0.96386511835073074295 -0.00089679030231796944342 0.26638924414095066506 0.26342931093818877653 -0.14548555092438633651 -0.95364508734165731596 0.039611005610395308429 0.98935997000046349559 -0.13999220690862770877
-6.2190200895893088529 1.5329640242573134845 0.59955974189563576715 -0.96582025896472145643 -0.0076910742478547731646 -0.25909858114272077412 0.20217296953845467766 0.60321535697039074808 -0.77152921104975580313 0.16222613156111986843 -0.79754127196777724329 -0.58104268496102262631
-5.583155619295053107 -3.8520290663406284715 1.2336377769496038592 -0.93135212158985336561 -0.011276097616308451005 -0.36394515415447914464 -0.30503769165083821635 -0.52164524512196908113 0.79676737189343649348 -0.19883468581282195964 0.85308797193737417874 0.48239577097383484761
-0.233369718434350365 0.043800643533184288603 -3.4277045444705476207 0.99851533301415584809 -0.0071861739143570003974 0.053995264978697103675 -0.043510373600341621658 -0.70159372150321741568 0.71124756402843702929 0.032771590208739001526 -0.71254095240318759963 -0.70086476157920929442
5.0463232448695753973 5.9232237730030270484 7.3180909639511151354 -0.8075837154556066988 0.0061952231347819509272 -0.58972040980574180757 0.57818092390551167892 0.20543206030903127246 -0.78962300360932058396 0.11625558809294962714 -0.97865177045134332801 -0.16948554637392301836
2.6984560443314151712 0.63578090660223318675 2.0377292882499498106 -0.89327872726524659708 0.0035658802328227051301 0.44948904315180743252 -0.41341452904252390388 0.38605849257005236952 -0.82464978475170980232 -0.17646966479237635728 -0.92246741124699249692 -0.34338365219588001809
1.4623739934113837435 2.9028455617774238107 -0.48152564907598971455 -0.99526830409965150182 0.0070902926647896146253 -0.096905782099951071062 0.090921927495344667669 0.41968560504279528445 -0.9031041999792963626 0.034266688708140494168 -0.90764184603276776286 -0.41834444346159527228
3.1778803229928955787 3.6417614425566733338 2.138303482252418064 0.99628005390088458793 0.015189628476453803652 -0.084825287420238051905 -0.022878925215262385651 0.99564034498776399218 -0.090425981961345464066 0.083081941360114971995 0.092030313589748363734 0.99228413894437539344
-0.69988775065861530411 -3.6215416238143935956 5.2967649256060083118 0.87931285513335788462 -0.0065408864107592973314 0.47619966358905174708 0.21093399349638211615 -0.8911320647105682724 -0.40173435704756654818 0.42698448822526513524 0.4536968812430890452 -0.7822041848298166844
1.5820232996165439765 5.5617101744703409949 4.0455161492083995256 -0.99029579990128457911 -0.0059190160379581089126 -0.13884953707864342021 -0.045331319310386926358 -0.93069194826935475184 0.36298425436404818667 -0.13137465580316623481 0.3657560152284611843 0.92139201056711861337
5.6646299645096833686 -3.8383317271753627509 4.4817707740115029225 0.89592667353277899434 -0.011653519047943049908 0.44404908641535190128 -0.4104159131224885404 0.36068943591128571624 0.83753322864097590195 -0.1699240239292968413 -0.93261317078187777607 0.31836849683333606764
2.1929557957729421958 -5.5820635808251797272 -1.5728537822919679279 0.9352797280361211385 -0.0080547458071523539425 -0.3538176810092467095 0.019685130721170639168 0.99937726294252893222 0.029284500026258507288 0.35336146642388349681 -0.034354146522399930941 0.93485585341461108211
1.5119200570835120701 -3.7842054987202553562 -6.9503130655746288014 0.78940558051817755203 0.00028455218036476650698 0.61387193165747633294 -0.58813184569791110423 -0.28618635995391233928 0.75643790191425597236 0.17589701965327264599 -0.95817393327431932271 -0.22574975541675759705
-3.4724964276397671803 5.5940064949300429831 -4.155913433496809084 0.99604607490595353791 -0.00030493724157684655093 0.088837625348821558369 -0.084624622664595111621 -0.30757216888530702903 0.94775420556503431335 0.027034975554030817035 -0.95152470695223723141 -0.30638185676752405229
3.1685105756875775462 -4.1224617899988835745 4.9241850326563225693 0.96970535296999604835 0.0091878362473379118769 -0.24410471541173767163 0.054659620095248252769 0.96579338508132905883 0.2534866135801057685 0.23808371290829086209 -0.25914999710274927436 0.93603281173765062739
5.9886296934712346385 5.9056460846420852917 -2.4551467765630485829 -0.94399300451855361338 -0.023669373157275363367 0.32911543293222739193 0.21860304681810441285 0.70226815968313305305 0.67751910660664838026 -0.24716374196405210828 0.71151893345817895931 -0.65776203294856927517
-1.8353731113397564467 2.0672090061514842851 1.6200113210796811547 -0.81278439776891653334 -0.0040477131832218791671 0.58255054610002743321 -0.23202552912111812367 0.91948970657375850291 -0.31733709732857701136 -0.53436474114556964388 -0.39309324024063568848 -0.7482860602053456045
1.8895527903489421906 7.4076058814483634052 -2.1959721357701336153 -0.74131370622920633728 0.011958163776187359997 -0.67105215242624871586 0.16793776603801519043 -0.96473020153610655747 -0.20271296204841290911 -0.64980835305103390453 -0.26296889657021321751 0.7131594939014225254
5.0631158808508569535 4.6406367217693373917 -2.1163783813665966171 -0.94287940566174754942 0.003914282448318524496 0.33311124984286122341 0.17467234725034258558 -0.84564734334950675265 0.50435120877405248407 0.2836688165537722961 0.53372769187924284928 0.79665974759382007786
4.0937373429358014931 -6.7011140019218666808 1.5798630803755231433 -0.99435848744857657788 0.0047255777060189576091 -0.10596635010400938526 -0.017736849625177450451 0.9775338662091477282 0.21003081816625096545 0.10457821285709370529 0.21072543588641839962 -0.97193527977233185045
-3.0275381755521015847 -4.5303096943216116799 -5.2246850974104050991 0.99883210675348343965 0.012471424697193837436 -0.046678539870225368991 -0.04381800991660290967 0.64087219057260946808 -0.76639599252443368904 0.020356928190362437447 0.76754628454357221035 0.64067019328041296955
5.2503445955081158303 -4.1054699434055681451 -7.0288968303947116922 -0.49841946401061215655 -0.010612811427279872714 -0.86687104354042110455 -0.049639782173719934621 -0.99793518812447468136 0.040758463275579859264 -0.86551367980006455038 0.063346101193808151963 0.49686350393484696175
6.4700068092151123977 3.5195317045861287397 -7.0476050602171369519 0.9924968291240244822 -0.0051692048063487830434 -0.12216105557958698014 -0.0093106532533061350798 0.9930099063223569722 -0.11766323844637310847 0.12191536373510634961 0.11791779029203182383 0.98551105464021393487
-5.5789022250443407458 -6.567449567190476678 3.7508861444999643808 0.95448322896642900925 0.00090841508301205044912 0.29826320658732741187 0.2979412666094362061 0.043645388780407801121 -0.95358590682193278276 -0.013884065431104430921 0.99904667299389426915 0.041388137272181685367
-5.4577562102992578374 -2.6947254234735988909 -2.0062823369474429569 -0.99774661277554299588 -0.0032030639118439093241 -0.067018184670376845791 0.065827807265144588911 0.14645674201589603536 -0.98702437786956187526 0.012976767147522043355 -0.98921188988999397829 -0.14591586759065960921
4.6346600050997137643 3.7625328766316203932 6.8342054647695587022 -0.61235226215193561128 0.001692471773698838583 0.79058322937985381351 -0.41725419829165466545 -0.85007164627784337352 -0.32136759357850269714 0.6715084817375058801 -0.52666434446781129619 0.52124948654253966396
5.9661410683026359081 -3.7548300156178995302 3.436712406459681457 0.8673899241712150765 0.00078012339709629223428 0.49762848677873022796 -0.25405313370096038739 0.8605548245247320871 0.44147751839009569119 -0.42789218817711693887 -0.50935722768473856714 0.74663477678345935296
4.3136609256318605432 -3.5189925142617237697 5.4076576595437861883 0.98289664023686296179 0.0020913835770517540807 -0.1841461938943155241 -0.11270149746298324667 0.79765146625205884945 -0.59249515682037001696 0.14564534692412289818 0.60311505079931182483 0.7842446483201631624
-1.9986640720359987178 6.969871767971792309 6.1328647749745197615 -0.96086090627031517375 -0.005081810767029904842 -0.27698464578513815049 -0.12076214356769843228 -0.89215291888469494541 0.43529263031492027025 -0.24932473499899115987 0.45170493081749368836 0.85662117180989738596
-6.6369438518259524784 -4.3361793687129646102 -0.89916066037604203132 0.76728956625778299561 0.0017573759603688502394 0.64129839633474050586 0.025273036756100434458 0.99913654854309907893 -0.032976218376696266044 -0.64080261791355874745 0.04150986623720323565 0.76658263473671484078
-2.7920866289445513964 -6.0815077667043571097 1.9561068276105582076 0.92567004929677831893 -0.010490035040865300711 -0.37818635485649809702 0.10886199002052358853 -0.94995449871114867602 0.29280627982879603444 -0.36233137728269559918 -0.31221212267191489342 -0.87820246156173187302
3.4404562631249655524 -1.1597881804085914403 -4.2405608451574599016 -0.99641163006678057368 0.0069043289170724409312 0.084357534992163543675 -0.050701900746979666756 -0.84674567545139411973 -0.52957631967926532823 0.067773008848627774858 -0.53195309130270362896 0.84405730132796408238
6.373852973017720025 -2.1128310717866067847 -6.8155581435968928261 -0.99605501664365292402 0.00067134442000110761128 -0.088735298025155909252 -0.042180025408246904495 -0.88336270683743567389 0.46678814640618893073 -0.078072077438110121239 0.4686895320630368178 0.87990617298614970387
-7.0473897482361627098 -6.1971645794647329808 4.7099466521983854861 0.98499130736066897729 0.0069651155623590525756 -0.17246336303453202454 0.11523478081823010366 -0.77042741670243319874 0.62702674654509116259 -0.12850318950816230767 -0.63748967266802536447 -0.75966693196945378475
-1.869773748897276322 -6.0789421145037412231 7.1862542548044201496 -0.98750642087968598659 0.013985853667192685995 -0.15695688777026223226 0.14663681888422935851 0.44624922146472334461 -0.88281327339906334739 0.057694991713767983244 -0.89479943464399869235 -0.44272481260018481386
6.0776083264941149764 3.8862593014753019638 6.8055106170666297416 0.74912329172310643255 0.0061850862858864831192 -0.66240171988422302807 0.60792851369767453296 0.39078208728740038147 0.69116733320436862797 0.26312965631303064651 -0.92046244082155082022 0.28898387326232582994
6.6519530244334594826 -5.4411722792067056531 -3.5392060108334528756 0.97996618235673338404 -0.010143605545452689942 -0.19890547680737794001 -0.031044657026946760603 -0.99427465671436698891 -0.10224547073381198836 -0.19672953694730119234 0.10637205592654229436 -0.97467044430952565204
-4.7734515340468828271 -5.8685621095042215245 6.4934559374505411711 0.91653208802028363067 0.0050032641515928115428 0.3999298675729210939 -0.18211031182211623314 -0.8850378471724511531 0.42842017156098149977 0.35609656830292135687 -0.46549218728151575686 -0.81025444005131330716
-1.0848357952208356192 5.3093492151274928048 -7.4736212894137050711 0.93383308901106409916 -0.0042073615718505267408 0.35768430211107793415 -0.29205720281806835104 0.56838603044294788713 0.76918132496785218688 -0.20653898457706454383 -0.82275124947088851268 0.529548892307332153
-0.75295088587517799983 -4.3085214339647084358 -6.326057463387766866 0.96212630259296605395 -0.0019970367422890876116 0.27259675292069701635 -0.13185764850232203904 0.8718030285258233647 0.4717764724789582087 -0.23859282971228260029 -0.48985251994608264292 0.83852129985614076713
-7.0417243041964816541 -1.0906389085196901423 2.3925535100255910237 -0.98642996607443600432 0.0073117970902664489175 -0.16401969288375459199 -0.022116838210135634363 -0.99581990492285399341 0.088620327391738779044 -0.16268610112094189502 0.091045343553329771691 0.98246830886248226467
6.5976783139902179798 0.32393249765062093193 -4.4539433268330519411 0.91296882368323362122 -0.018218136974761538205 -0.40762240672914151762 0.30138610959982370385 0.70353892038523679897 0.64358325059269383406 0.27505334014103238749 -0.71042317458568104982 0.64779979398652143274
0.71942556553638570271 4.1370942912446606599 1.0178798183139692313 -0.9821922150662963924 -0.008321676572602784705 0.18769443881583752765 0.11928766204766966252 0.74419975831586859805 0.65721927345881225868 -0.14515132223493948382 0.66790528476835364646 -0.72995453572937030184
-2.5461019049503441636 5.2056344397367606547 -5.7765392213618884654 -0.98503391755210145675 -0.000221305633469249044 -0.17236047196363707412 -0.15719498101393419853 0.41131622860744782022 0.89783556291123212123 0.070695963221135110777 0.91149268297007646211 -0.40519522415286279848
0.75594584913650308966 -2.6809258484538136535 -6.9355735256695441038 -0.93078879863878583034 0.0039727208851327387024 0.36553581194915052421 -0.35174669208789360875 -0.28198983726476206657 -0.89261189566606935486 0.099531286205771896114 -0.95940916671049569775 0.26387037328604567854
0.25406144872827951531 1.8932504700974499556 6.0952133032622599629 0.99638423955484356487 0.0051571583399488410068 0.084804781024252623434 -0.084532569857940470515 -0.039990545708973250505 0.99561789903922259803 0.0085259486232981285952 -0.99918674929759210279 -0.039410001628051492817
-5.0463012585556450418 4.0531832656188200303 2.202173791821640414 0.83449389570828036433 0.00074924501922676509102 -0.55101667548040456079 -0.21918888696415078643 -0.91702446058702180576 -0.33320019585291560382 -0.50554541819403298053 0.39883026128525439491 -0.76508708839324290896
6.9473935261493471316 5.0080368941750474931 -0.74436946732346442879 -0.88672656129998583818 0.010878731326008528324 0.46216626736483301663 -0.28725702696837424055 -0.79626407016774414238 -0.53239734317251219409 0.36221458549110635561 -0.60485137328482996288 0.70919349284451582704
1.2943883177805137752 6.0694923661171511498 -4.5727133032582933936 0.98174822351758483929 -0.0069381372078943662554 -0.19005864324500701401 0.15456392188164186363 0.61139871844451632033 0.77608092434808262361 0.11081705497179279718 -0.79129227807210444912 0.60131199139130875331
-2.8649482755242647869 5.8794682676771259366 6.6207687465566520402 0.99387003299602949546 0.007425722927239052952 -0.11030510482971905839 -0.10821203599670119189 -0.13897010454825053927 -0.98436652996084472722 -0.022638745060731817194 0.99026873558696193456 -0.13731466979619233459
-5.2698181234372007964 -7.3340585284960191359 -6.0747749150710435018 0.95391491706834352637 0.0033248811565859404116 -0.30005878783981582147 0.13656283935511204231 0.88557950848864519511 0.44395892270824011128 0.26720202450927499349 -0.46447591897775530878 0.84431344818603937252
0.88600190416068524968 -5.7506602045741237461 -4.6436402758428814153 0.6872368598979541332 -0.0080011628699410558552 -0.72638934449118253145 0.24090080236683966697 -0.94084516954155361645 0.2382796054415965703 -0.68532641990266573995 -0.33874230373996305765 -0.64465599341057611138
-6.9220828697437681853 0.46436679098386007825 1.1376449074628460778 0.98139343912838461481 -0.012339839089160493241 -0.19161066256042857958 -0.16216700071937983907 -0.58758192342381820872 -0.79274797202087865511 -0.10280457924281277693 0.80907058507697660055 -0.57865015929302121567
-0.075472412829577936733 -2.1664656281802447957 -4.0872749600683651039 0.9718890330114231535 -0.0067519247358573900725 -0.23534255676451168449 0.075837097046967671954 -0.93733553067110320089 0.34007475303672923816 -0.22289109947140434143 -0.34836261919705613366 -0.91047407613981490293
4.8912215472105433633 -4.5756197634805753083 -3.3188648506313551678 0.50531695039074930875 0.0048022032491194547796 -0.86292045895998348293 0.85464959955080976872 -0.14101452174010231655 0.49968886984423416253 -0.11928470830567081129 -0.98999588054814668947 -0.075361229170340771066
0.40336521548836901108 2.0906284476982701648 -0.82275545088280499506 0.9844639771327760025 -0.0044084237461552450849 -0.17553131779850650318 -0.17542003755592677772 0.018848402041922000805 -0.98431323681255056268 0.0076477546956418224547 0.99981263421732313734 0.017782246977670328192
4.952475709763651146 -6.3418128969027014463 -1.8394566839584074458 0.98617162391954438228 0.0039450867970997650913 0.16568030802161842763 -0.16545893635594388638 0.08030406836576069185 0.98294180752669002565 -0.0094270120350367150874 -0.99676260608737465851 0.079846343372932546134
0.51884476858577077696 -2.3521587301309394569 7.0631502389833107358 0.97716589150306376599 -0.0026279713344276763032 -0.21246155946361744427 0.11207397009053446379 0.85588844387021412174 0.50487067341818614441 0.18051660785416095978 -0.51715381214506528362 0.83663952146221698403
7.3208458394639004396 -3.0347041207328238066 3.2836534160473389576 0.88857315209973031234 -9.878654608697426398e-05 0.4587349382910170803 0.43665935897977525837 -0.3062973968207527431 -0.84587854265037865087 0.14059287884889315468 0.95193586703209154276 -0.27212450730304049706
-0.4804851614464766274 -1.4523606411843283936 7.1390263319297702083 0.55801521171938683885 0.0078126923105406829995 -0.82979394148702290135 0.36158953776408025993 -0.9023224146529174039 0.23466415617765776225 -0.74690831409833380317 -0.43099097653411477804 -0.50633462105292592614
6.974806332613723292 5.3697765930561267567 5.6390395809329039167 -0.76617106296049986014 0.0049039451667821721062 0.64261796862812325948 -0.35190908846992763337 -0.83991624583777935165 -0.41315940438292564352 0.53771916065381031302 -0.54269388360248094205 0.64524526574487617303
-7.15754799015599108 5.8678989797861680344 -4.8836607124033903915 0.68918350067995060027 -0.0084536015228834776591 -0.72453753457765712742 -0.55804190790743790629 0.63162471461107916326 -0.53818161331608782572 0.46218538640858819466 0.77522819641301932148 0.43058786800911869053
2.724893484279725886 -4.3836448516715806889 -2.8303349251146072696 0.89993290507846512849 0.0040501097983040926231 -0.43600959045380099921 -0.085895593056327129711 -0.97871540165128778632 -0.1863816237298852041 -0.42748416748528089704 0.20518225844678417147 -0.88043030807003253013
