1125 14.717824617146108679 14.977075390850430381 15.033177056927090831
-3.6675712350726348276 7.1298371504934392462 1.2384358532587977919 0.69728308178227260683 -0.0032480346933947776972 0.7167885002779935677 0.68679966234802314329 -0.28322830321360858985 -0.66939371976247963314 0.20518900472211493158 0.95904701580752438339 -0.19525955498206692962
-0.35299121203974359595 5.1369138825879883115 -3.0537430033383765604 -0.99096561720488918201 0.011781917428359380343 0.13359764945315952267 0.060509563823575321373 0.92826313373893920566 0.36696886411113799342 -0.11969017588581411238 0.37173746241519584066 -0.92058976793880531453
0.96488674418190223392 -7.404576568834328576 6.773221258625723884 0.99844230824162905069 -0.018172155013844212834 0.052751586660216003011 -0.034105226938192741148 -0.9470487006266026242 0.31927353810944392176 0.044156433376263057311 -0.32057531318485882332 -0.94619325614165239458
1.3743542956883130213 1.0713135549631445098 -7.3004284104527297217 0.23371545482864625187 -0.0084637617218779881423 0.97226819906430994589 -0.97100250353611916587 -0.053774101599241126703 0.23294309202839535988 0.050311274092422336723 -0.99851725610262220822 -0.020786172434511276247
-2.6008040974343225038 0.40698242376997062486 -1.0931454600788466092 0.9737925520266720314 -0.0027349605133058247503 -0.22742160321399740308 -0.11719778788652548962 0.85091657028965705933 -0.51206022001427020651 0.19491727509875866886 0.52529373725333872169 0.82829568722199309327
1.3269474386931781051 5.5024272199159156571 -3.9013502427354835866 0.87589465877761241153 -0.010183852908766159728 0.4823948961845118677 0.34456777075457861725 -0.68665866088028082448 -0.64013509105138455269 0.33775967503855369722 0.72690864114969300225 -0.59793162597393145763
-0.92477294213873983963 -2.0395874851478392742 2.4229588982674048481 0.96306711983334358784 0.0072168643069893973624 -0.26916470713208673349 0.26760038608429104201 0.085211266418052447613 0.95975469441053129493 0.029862284967317364454 -0.99633676884130084606 0.080132933251682095244
-3.2186091750866450134 -6.189244730916384718 -7.036290506873188022 -0.9237000171572476992 0.0016293783808880683839 0.38311306872766859311 0.37676461828169405255 -0.1774753188455120978 0.90914846620988587489 0.069474460882192057287 0.98412390293431339927 0.16332006293887968429
-6.0888358973495391169 -6.9959437833276210128 0.60020750735959882416 0.99850787156789921895 -0.013964187321905439237 -0.052792346882958869625 -0.026446356138448617878 0.72215812464977302554 -0.69122227485040876882 0.047776779547964290384 0.69158704764822265254 0.72071127010838076377
4.9007453969731820109 3.4976005502876827968 -0.79332194153533375225 -0.97671834121964196118 0.0059180084190003819089 -0.21444406986771019641 0.10689336739287476352 0.88011325728665923407 -0.46257373720921429738 0.18599755356582767241 -0.47472690204437811845 -0.8602553565906567723
-5.0475833570999197875 6.9944540101414247601 -1.8340204787338423298 -0.9754176183519990273 0.0083747489594243017252 -0.2202052074507052648 -0.10649118646842960223 0.85693569182961604191 0.50430233716798822385 0.19292510726470107896 0.5153552984576973417 -0.83497833465219351012
-5.8148643908945460979 7.2181264178673130161 1.375971096458209475 0.96925282261357570412 -0.0016178526229210857257 -0.24606167602543432826 0.23808517064065393143 0.25879268034452501679 0.9361312942750277255 0.062164438198786621526 -0.9659315354375908047 0.25122072261344957633
3.0534956833051478675 5.3082414670913697918 1.3187051528770086239 0.99436152375027464512 0.013093681270364119357 0.10523172333398440881 -0.091104096133034245808 0.613335803216336517 0.78455034010632163088 -0.054269731460986604665 -0.78971371268574863667 0.61107041185394472826
-1.2848104037076919504 4.2451240742274434226 -6.5995361254827153985 0.97632736930479435689 -0.011304638507890174895 0.21600248400130600546 0.086778128222588638008 0.93521179138304710854 -0.34329063739110898812 -0.19812729344720519942 0.35390833616401357054 0.91405386339373595472
-3.7668648332788459143 -1.5447541952247911823 -7.4929134559411547656 0.98884047867209057259 -0.010362757209882904677 0.14861736440435016626 -0.14727832977961707872 -0.21826613715211701239 0.96471186732099367678 0.02244106318366250255 -0.97583426186808630565 -0.21735660111322732679
2.4487869585118415827 3.9513349842070790707 -6.2171504519716593862 0.80032096610181113761 0.0074344716119322798095 0.59952571241747520947 -0.28859262321383521988 0.88124799279345622516 0.37432108279387082961 -0.52554795123217612485 -0.47259570864457189909 0.70742677863238190294
0.3371193730920231113 -0.68909596814886620031 6.9134774822127971206 0.55342529159800735172 -0.0060523903714788888225 -0.83287683074417195872 -0.18568392245303488863 -0.97570368046516442462 -0.11629191231201385648 -0.81193714508092018622 0.21901072233458251937 -0.54110292545908755812
-3.1196257952979777883 -4.554686461323108837 -5.8764194931583988435 -0.73759639051152003919 0.017046449810893635202 -0.67502665373538450755 0.24059362689558358439 -0.92743637551551294518 -0.28631534375240891288 -0.63092493325408982585 -0.37359227497318231448 0.67997245582364751471
0.63278141495409878647 -4.7518346650872107517 -4.0622139205305680676 -0.99931128784085865302 0.0086567169711035639457 0.036083392925677942875 0.010162574785096583838 -0.87138223160211458751 0.49049946842166153305 0.035688542523981681143 0.49052835565285790587 0.87069412553039182701
-4.3968873604812781508 -7.0938381426648939865 -1.1236420129894906239 0.99843958186182746317 -0.0086705527839400671486 -0.055165413855737255311 0.055220863237316446248 0.3003070677124071719 0.95224278487429214746 0.0083100923447231127283 -0.95380316973507162093 0.30031725852640028807
3.8724684337980885829 -5.594057184572874597 4.5162977100367385219 -0.90693956000509023951 0.0052871685579332899224 -0.42122758735205279024 0.40490608456769544565 -0.26497053469028369888 -0.87512380748441265244 -0.11623982612619174204 -0.96424201401648756971 0.23817145342707621292
4.4216197531257908082 6.8485009233300102593 -3.7458368763158356174 -0.93848010882085608486 0.021494065832253019671 -0.3446637353729952169 -0.26620633392987946841 -0.68078830274077994922 0.68239392921317687524 -0.2199756193828653339 0.73216479837895764859 0.64462813690668596678
-0.66062356766339691561 -2.4427247656128114883 -4.9523672566561778297 0.9880219211954176517 0.004462911447944048135 0.15424903778895740492 -0.13878202803619593686 0.46274378061241894233 0.87556138688202012066 -0.067470229965414990625 -0.88648083787860265659 0.45782037104356865242
-5.2286247368402136715 5.9068844631993160377 -4.3839760627889745592 -0.81401039480073822396 0.0013772411013693122185 -0.58084867251580907244 0.49661225779971168715 0.52031858115947227095 -0.69472644940527694679 0.30126955133145866261 -0.85397112205693559428 -0.4242286884846667161
4.3473388907041767837 -3.7711999587902198527 0.2646673212722696622 -0.99971906864330684073 0.0064108890579857068584 0.022818507672993492558 0.019543467171999812093 -0.32173887977285636763 0.94662671953278376691 0.013410319975021666242 0.94680673515988056366 0.32152320223296276813
3.8791421416684337409 2.407210210434861164 5.4679557413677679634 -0.95868774996445316194 0.016904241217168616829 -0.28395782203843633607 -0.28272578840542039735 -0.16669879601329293251 0.944604488650282903 -0.031367604921397784778 0.98586295094020692797 0.16459135859730983364
-4.9493104470194619893 -4.2071216935731934328 1.3417512900115113883 0.84929487484455312707 -0.0035864948114717205147 -0.5279065756532257403 -0.046509097604076843346 -0.99659705367396078657 -0.068053041434834246615 -0.5258660660310306989 0.08234955776110156056 -0.84657157460761633949
2.5544801218567805279 -4.2433519483044568332 7.2092546315444510086 -0.95606008480565662921 0.0035077587820564028534 0.29314980789625511015 0.100817210261295781 -0.93501057748185079088 0.33998692638418859246 0.275290763296616392 0.35460247549247897458 0.89357264954691040248
-5.545422919439134013 4.713022852863039347 6.2192771397156212387 0.96856052111784773917 -0.0029135134118947522003 -0.24876098643410488043 0.22776472160387278842 0.41259835901738350916 0.88197835899119647607 0.10006871901232816668 -0.91090839582024418775 0.40029007719333886683
-5.3000090305357820952 6.7412338536194651439 -0.59873310276327584845 -0.94704039977978782261 -0.0032966962910273957602 0.32109751319257062718 -0.10958786887718156844 0.94323258575432222806 -0.31353275453454643174 -0.30183601537900806022 -0.33211657737099775645 -0.8936406430190654282
-1.0095216027738405096 -6.6145800975712374381 -3.4847191673377415633 0.75352558835262462011 0.0063484762107083644173 -0.65738792546527158311 -0.28108810109960069568 0.90705441633189931583 -0.31343542434287846588 0.59429678370153782296 0.42096553619333898499 0.68527319385727103462
-5.171660056793959015 -5.7360096815171761619 0.17738728156350708209 0.95451084941717379007 0.0046414678044233393869 0.29814005957220618415 -0.20538806148908189675 -0.71461539694547226986 0.6686857099163172613 0.21615916021042000383 -0.6995021738530471378 -0.68115484747013055333
-6.2986013092560328985 7.0646132750049677185 7.0066119952967982343 0.98589301149420860426 -0.0038522432526737274139 0.16733239408097583256 -0.094558209274140075928 0.81209283251508712631 0.5758159223540709748 -0.13810762088248659807 -0.58351554529382809733 0.80027238703751435445
5.0946143379154014141 -0.73403369317875144517 -2.0938943417337174679 0.27121206475696973959 0.0012161491984855970182 -0.96251885015904736775 -0.9620885838351111996 -0.029581314529027003674 -0.27112820341115279055 -0.028802305193941959982 0.99956163732505209918 -0.0068527661315961573008
6.3182991877822010096 -1.5316176856877383727 -2.5496847908680990713 0.81702427111102804425 -0.0024536437874748190033 -0.57659805761704430171 0.54910616069994333532 0.30843444844376532998 0.77675647103488787426 0.17593682018536987988 -0.95124243526319307573 0.25334574134513804244
-4.0601270168629284285 6.8099827753223918236 -4.0233392810390071759 -0.90241896861731984991 -0.0018478038589852890071 -0.43085564949335536378 0.29660634025639642797 0.72265466352759011315 -0.62433557979779918945 0.31251349410728485045 -0.69120678736731122616 -0.65158920578698276138
-0.61085831458959460871 -6.071679197900043512 -4.822318532742476016 0.89725993742758736182 0.0099221198265698595103 -0.44139116011267326423 0.17953331813523670801 -0.92155682342381439742 0.34423946444326830596 -0.40335145018555229601 -0.38811669989705610551 -0.82865736881666240965
2.2504608577587461582 -6.4654034406634144361 -4.9311270360700021342 -0.9292441842617298331 -0.0031535449703354199655 0.36945270491607995478 0.36456420731131616852 0.15452335858387533651 0.91826764638609037483 -0.059984871119231140957 0.98798410250674995048 -0.14244026267436804556
-5.2592832361611208114 -7.1301721187524611523 -3.5717062667840604462 -0.97762937370213531807 -0.00045996952945754308872 -0.21033448624232020663 0.18954952483817871789 -0.43537224841624194704 -0.88006930576103858943 -0.091168993130354397669 -0.90025040612980578025 0.42571988555223388984
6.0575450639948851261 -2.8199483479910254502 -2.8900419784621091956 -0.54236128082355117286 0.001052926948699966711 0.8401447092069588285 0.4667779392935799132 0.8318321484633193208 0.30028924751265378967 -0.69854319583863266896 0.55502627697050876954 -0.45164503254206844751
-1.1168277675416915518 -0.12884270716246770672 -6.2607781710044294599 -0.97956636319608292318 0.0012423169356178111276 -0.20111737056636649901 0.043135236592683208479 -0.97541337572228303809 -0.21612056317252492654 -0.1964410635763168822 -0.22037967944107336726 0.95542854543413713309
4.8513924339103624561 -6.3840119392130816323 -3.1516094252733584113 0.98364696854412692062 0.007334127213021252728 0.17995791689152629278 0.14485916966276454754 0.56152314996915975165 -0.81468249828586147832 -0.1070255214355156359 0.8274285241800191093 0.55127812865627401351
4.73060083011975685 -3.1723274211504786102 -0.63596689821280960597 -0.9637790122959100092 0.011012529923750121602 0.26647465103207590431 0.032338137570732408688 0.99660053026163608614 0.075773530606630251638 -0.26473432024660348283 0.081646232410392344248 -0.96085879941689122941
0.47880738701044167627 6.32854031793859928 1.3225747904812916733 -0.92349524029511875778 0.0038148773553938778932 0.38359091212260160164 -0.21774611817540270864 0.81803432835580258686 -0.53235933884078756595 -0.31582141974826366537 -0.5751567476281619351 -0.75462013389913129568
-7.0279828317447501362 -6.1926141702865180605 3.1460695690460025453 0.86989081818589586437 0.0066520476668011901261 -0.49319946745477416528 0.31439773037112894727 -0.77793446948852007505 0.54403311325600445247 -0.38005793186481695578 -0.62831020319850072742 -0.67880944084718775056
5.5708966542897471186 -0.54817904481261925387 -5.160368001114993497 0.62171530505706018577 0.0013896881352921603217 0.7832420751113861046 0.69510104211496626103 -0.46185329982791917258 -0.55093200187388313704 0.36097731328794430139 0.88695524024889305093 -0.28810723886511085956
-1.2244477725802418444 -4.0931426133471662254 0.064331866525209085994 -0.97653362929460629793 0.00769727600362637987 0.21522737465006758217 -0.0021402101228292121082 0.99896491153956723519 -0.045437044505224240265 -0.21535433675053480829 -0.04483143378103492116 -0.97550635681574227043
-0.099423889802463721876 6.1815163980056357929 -1.7688200313385757934 -0.99979536670646085295 0.0011555134574538802709 0.02019627443274316439 0.0070476512020848447806 -0.91592376174477629913 0.40129041015671440551 0.01896194412100128332 0.40135062907622864881 0.91572818959297386243
-2.8968078630933971063 -2.5814910489751898837 0.59011713842521473783 0.81130657953816842642 -0.0095706965936425726638 -0.58454258678454329434 -0.53650548016263499562 -0.40941400463442589874 -0.73793091991373205296 -0.23225740839329536702 0.91229851176897913678 -0.33729500688646785189
-4.6634058532344830894 0.89603686203193777526 1.8648866382246362949 0.91899009942723675071 -0.0044947334797029257075 0.39425498668463621055 -0.37482625784964779259 0.30025934409635535172 0.87712576219678484168 -0.12232119023785133216 -0.95384701270892957581 0.27425062035478331435
3.0800079295361024734 -5.1815711092880203381 6.2817776334594750409 -0.71399885571533894257 0.015046129333061285249 -0.69998517700667017838 0.70008594680381330821 0.0021542001469979669623 -0.71405533854845515407 -0.0092358608035613982273 -0.99988448003447871759 -0.012071680139778002971
-1.5850457105102915278 -4.9859624352361606725 7.3136943749690166428 -0.99596789364024451707 0.0023484363557013405305 0.089679650337808086702 0.0679382503006436822 -0.63309118939859976294 0.77109009853071952545 0.058586252518103600073 0.77407365977188924422 0.63037894973049779512
-4.0339759221408453271 -6.2600673789225842469 -4.2580813883041859214 -0.95525786189680883531 -0.0017651278601426524315 0.29576900041764708771 -0.28072886492890514187 -0.30946159859815935977 -0.90852893371035281511 0.093132817417642260738 -0.95091030245591057213 0.29512010267535698782
-4.7410026260306983303 -2.5195645629979899205 3.6049032916408680904 -0.99625753397608973749 -0.0095064605430226073457 -0.085910146104377096976 -0.084742593790780487706 -0.088268577459216429615 0.99248544121871073997 -0.017018190072508460053 0.99605134678953755056 0.087132633182999671972
-3.1679020316184267614 -1.5632871399064098838 -0.75746701053988851893 -0.73984934242861755127 0.0026176572922240841368 0.67276749206419683702 0.67166767456987597207 -0.05441394847392905243 0.7388515799194720346 0.038541995874150206114 0.99851503247660222673 0.038499928211064918249
-0.92427412051685542416 -1.9746113588663141147 -1.1524620584219300579 -0.87674654707798804765 0.0013632946096481354976 0.48095076007272263841 0.13887601266798449418 0.95811771324944539074 0.25044740099071383099 -0.46046600883473587373 0.2863714178918537745 -0.84021572570526559254
-5.6172473033853140834 -7.1218605231816276557 3.0301056933610603927 0.96476676585128839925 -0.0018004071945060470816 -0.26310044857958692077 0.21635458508076568784 -0.5636011047238970173 0.7972104416453741349 -0.14971900688749145703 -0.82604512787614214897 -0.54335408868319223785
-5.7175623327299485155 -7.2938454155793905898 -5.8106751730635144426 -0.9194753424337596126 0.011933493572208755951 -0.39296652069551929465 -0.35399317050339496049 0.40971683452130003289 0.84072644227884840706 0.17103780252712738608 0.91213469797008250861 -0.37250015149750742571
-2.4958857829384313298 2.3144438664879829481 -7.1177708946055160411 0.89731188895301872144 -0.019208819146022595298 -0.44097890562993130592 -0.39113236392613248693 -0.49761253853248804679 -0.77420748858742050036 -0.2045650210400176694 0.86718670582664270086 -0.45402683775811908395
5.7953260815169889142 0.31525096818924724928 -2.2655234028070254659 0.79935322292430588398 0.0037779533216720359232 -0.6008495253132264402 -0.49673225356890993165 -0.55847654247184264076 -0.66435007320907324413 -0.33807024900863819061 0.8295117109343680406 -0.4445433928852002281
2.4322023919389090807 -2.9446389517843702954 -6.7610801904232493698 0.99470117177400985131 0.0014532264739473340232 -0.10279818580193723909 -0.10064647000819053335 0.21774509733261993016 -0.97080243132290044983 0.02097300517887307203 0.97600459052219235012 0.21673756557951703861
0.42454440094672335482 -1.0883625061406574375 4.8125098010956870453 -0.99616446753846676909 0.0031605143004221694647 -0.087443494687036993351 0.044147923777339365126 -0.84466822265491636745 -0.53346654483960531667 -0.075546769883795245049 -0.5352808653280352047 0.84128894012330412977
-0.997967313953959545 -4.6134455227418058598 4.8741629271485624741 0.97952312563939458734 0.0071431597742335423487 -0.20120492440824816471 -0.16201302065149872367 -0.56533232607069416886 -0.80879610671603463512 -0.11952500774762363223 0.82483230802875429077 -0.55259880216566448219
-4.3026039596642950968 3.5530161996291163007 7.3772272705746599897 -0.98335154888012077379 0.010328717006232527795 0.18141953841903812883 0.18156704422519481801 0.095901064415188821966 0.9786911638997154439 -0.0072897027716477668519 0.99533728125143128285 -0.096179814849318312486
2.0573045146133646099 1.994968274281871512 -6.4995502172340415825 0.62444638879735825387 0.0048226833242155792147 -0.78105278262325461558 0.15845892947405504358 0.97840381429593958895 0.13272808233794758381 0.76482512719431328119 -0.20664635950518653318 0.6101965313859203377
-5.0281496713832849466 -1.9496404729236100906 -6.5015081412501700697 0.99102447192400056064 0.0031536986322962031609 0.13364336958036954206 -0.0079251595850224291345 -0.99657727433297049746 0.082285649592606271985 0.13344544912964148575 -0.082606237465815399168 -0.98760747346224431187
5.5454033507042055362 -3.0637417802053317217 5.3491326461900960965 -0.99939343293888549535 0.0016269154568539557527 -0.034786769680474664834 -0.033970662095590166418 0.17433292273857697863 0.984100617907602504 0.0076655277374093420267 0.9846854244861531491 -0.17417191073473015095
-3.1637324888308695492 5.2101991286508901879 -2.6906529097436227005 0.8377226301001323705 -0.014190941746203073609 -0.54591154245949136126 -0.42770868668170292093 -0.63859517982667768354 -0.63973547317562051706 -0.33953803079352667948 0.76941199202670884638 -0.54103522267069603657
4.4049446787180555063 4.813313579084976368 -3.1870116499683018851 0.98295077126751095875 0.0023959475531534616712 0.18385331299685125916 0.18309947086287456375 -0.10413688521198027903 -0.97756334470360084499 0.016803720847627323653 0.99456008796522554771 -0.10280012836574960178
6.7708959018565550991 6.5486798676414785803 -4.922284560240722584 0.96511093860013386081 -0.003697440991183841355 0.26181521178965361241 0.15576289637552498402 0.81184507043835363316 -0.56271262800625987399 -0.21047279232016027906 0.58386120828077858746 0.78409648204658055626
6.9937324016824149453 -6.1613474980454769891 -5.1165112559408507664 0.92141575019631427601 0.0060619761712963973754 -0.38853090962629066585 0.37643948302065061151 -0.26189064956829494202 0.88865437786121870278 -0.096365610636285445323 -0.96507851499945784823 -0.2435921365173904507
-0.24178643684053327534 -2.7009059120667497922 -7.0248633789605223754 0.81295307362604840584 0.0078515131188186555039 0.58227626932896459078 -0.50439033822242718141 -0.49022716178778791285 0.71082185992933333285 0.29102867004796456607 -0.87155934025588266412 -0.3945714505928212823
-1.5320663297767105337 -0.84552473676646611178 -3.9994006645664956778 -0.96457762471111252456 0.0061080101107805345739 -0.26372845526984228792 -0.26332971004822819383 -0.08191123954221384007 0.96122214531422744965 -0.015731170091387289278 0.99662091140468433981 0.08061816940622684724
-2.3024388696382542818 -3.8677488693840222922 -0.91757489962365923475 0.92824032058663841216 0.0048017038582538048783 -0.37195006503188937641 0.36377911081685904149 0.19710084486379916835 0.91039333009817080544 0.077683111230567633565 -0.98037146051583667905 0.18121019186431686077
-0.84407592693296285002 7.359793106464359802 -5.9213969481709334275 0.99921414697006527561 0.0022842581949437537961 -0.039571083627216521728 -0.034130848362792370887 -0.45802854005833076867 -0.88828201697557218619 -0.020153751138966235351 0.88893455251590236532 -0.45759063327231630502
-7.2178460195077862593 1.1016470793191068811 -2.9466605854157821298 0.78577224234950260318 0.0064955793418031643541 0.61848184338910527913 0.16953896327870215943 -0.96390838417999058496 -0.20527339534772956475 0.59482646467967181803 0.26615490669199587392 -0.75851370624424230282
3.2230014530613639856 -4.1866918093646825483 -4.1513466125165088272 -0.85801504651596538498 -0.00074928076918823454527 0.51362400501782057294 0.11236970299546591989 0.97549980278853276605 0.1891380041355835151 -0.50118183307153607586 0.21999903031148404509 -0.83690931220833242321
-2.1493599961987785996 -6.6901101610055810909 -6.2856791801812255116 0.95381066128086344769 0.002893632035120833907 -0.30039448949784230969 -0.17835052910950130456 -0.79919942432111701347 -0.57399596595362456508 -0.24173603619100561546 0.60105898800227808287 -0.76176885060260524085
2.1832521844307737346 -0.007345126321708417283 -6.8673209063519031758 -0.36504134397340615159 0.0062442650803768906184 -0.93097036813411127021 -0.92682667702850030089 0.09204140561999231418 0.36403391380457683635 0.087960945529652542763 0.99573560185676834866 -0.027811566953828449622
-3.7718098254514522694 3.3061948690166693687 0.66000684693356215238 0.9991091451069474827 -0.013121122595880867906 0.04010925461092935268 0.040600253087626672621 0.039581923345065717079 -0.99839115119953081301 0.011512411252080434823 0.99913017544569493467 0.040079382493159711187
7.3251409954837951588 -1.9562846607864432524 2.0972187514200446579 -0.39668308339274305219 -0.0018226817594671519684 0.91795381647505736034 0.73335028768444499025 -0.6020983922923204279 0.31571329011015764054 0.55212307224311052423 0.79841981678202467165 0.24017891095298393722
6.9415901516945908156 -0.56447915537160908706 -7.2293976658894196774 0.33788254033122344655 -0.0016044647840348239334 0.94118691800943554693 -0.20832480561418034726 0.97506726283881550721 0.076450037971611317644 -0.91784321335672702791 -0.22190371477920919907 0.32912395394756061018
3.7237697712657724658 -7.1102365748215552443 -3.8253509110967374163 -0.95014910334788260649 -0.013525158319905181137 -0.31150241010275953046 -0.012832346476216069733 0.99990852885436076747 -0.0042737347024446375662 0.31153171955884961797 -6.3378340856817382692e-05 -0.950235751638455306
5.1272727877294625998 1.4197776760663263218 5.459200914085955425 -0.94201829804078140995 0.011264754217147997586 -0.33537237731924390838 0.1865608576184854539 -0.81315485230841721975 -0.55133858251707501541 -0.27892036956985016838 -0.58193839148120096727 0.7639051878075819868
7.2146095763313704552 2.6556823817447421376 -5.3950946719934362861 -0.9423886717757467002 -0.017723198027707446484 0.33405011534251433103 -0.052641565951712404603 0.99401061042083949104 -0.095769368301379567687 -0.33035201958339716066 -0.10783688896836601812 -0.93767731578341828591
3.3426585140118580952 0.61367948876133182612 4.0534037172272681104 0.60415721925249821211 0.0057130144851920156707 0.79684466233421524795 -0.78978717623857852548 0.13727686585845993994 0.59782211262984341626 -0.10597297143228558147 -0.99051624093993362319 0.08744887512278742836
5.1026478913058577191 -5.0495259402299979001 5.936242510010982798 -0.16340429822377849911 -0.0010266418987109888865 -0.98655865579726609305 -0.68895916827040371011 -0.71564169384823983489 0.11485743546777488211 -0.70614042497093520989 0.69846682958640315952 0.11623161441427946883
-4.300568499353975227 4.8063499693336275698 -5.6776504249674548674 0.99206799597871075935 8.0397515761833262399e-05 0.12570236629028966324 -0.017755258772267381445 -0.98988436323782480475 0.14076113882463681115 0.12444212365864892877 -0.14187649894719969734 -0.98203116900937958977
3.515703379639378845 -6.9784026468212791983 -6.1792314361631754949 -0.94899416004690551052 -0.016414126444223214873 -0.31486609955656030824 0.1527497758184230281 -0.89755744283961247376 -0.41359175861048713685 -0.27582166373280070371 -0.4405918896850304356 0.85428402569604611205
3.8947462063038087443 -3.2538380368649457708 7.2350662990474319258 0.90845836667944768195 -0.00040352768822678707072 0.41797515856281364233 0.22930108985538347199 -0.83560370194842614744 -0.49918680219035449497 0.34946302551385011181 0.54933258637677895297 -0.75901864492476134316
-1.4795028747851173279 -4.4692159120988028675 6.2320083841794744473 0.91983092461780169291 -0.0087224289678234367962 0.39221803802191312904 -0.3918615935991120458 0.027625229723063055021 0.9196093399617277786 -0.018856340547798462054 -0.99958029488163624432 0.021992555683542417549
-5.530206038898884735 3.968472703205859542 -3.2217759497006173142 0.95617033141040708166 0.0026710639735755313875 -0.29279884348763401958 -0.032453981906848700101 0.99476411324419489191 -0.096907678023724103111 0.29100693529339377585 0.10216273498106634432 0.95125061849779091183
-1.3945673526448743029 -1.0142173173594277724 -0.55890627982052176748 0.15691354294857909335 0.00065493942831840287928 -0.98761212583360591388 -0.86252844789196980724 -0.48700727454220787971 -0.13736299035821916692 -0.48106425414541609253 0.87339766750164593567 -0.075853133001552469628
6.9353489803481549458 3.8104181966786048186 -4.5992888254531809622 -0.99962390574488280137 0.0091066742610395341045 0.025867267870187865553 0.026744411774771374712 0.53233966994027825947 0.8461082745409322925 -0.0060649403944123478349 0.84648186294311478228 -0.53238301269497378954
1.4395311425603536382 1.7530468595815571486 2.0353415328286077468 -0.99383284923877035499 -0.01517494689433575468 -0.10984529466824372035 -0.070982122734545821663 -0.67398634840407012359 0.73532573762720188082 -0.085192758061392453994 0.73858792513263282764 0.66875262303951821252
-2.3095124687940606911 -7.047028644757880933 -4.0685940076468858351 -0.97841474513713722061 -0.0045798739402456729169 0.20660012403921698687 0.021880316812871392074 0.99183870304189036826 0.12560747941307423559 -0.20548926549697782429 0.12741668612478876388 -0.97032940276097967569
0.54569133026086913407 -7.0617163474849018456 -0.7620731234300971435 0.98831381281278385398 -0.0057312582127114538449 0.15232517875524970163 -0.14211842322365536573 0.32669798863995730409 0.93438256511928052817 -0.055119517268732161341 -0.9451114097808162029 0.32206561741074157812
-1.7532709767871026418 -6.4701655171236440722 -1.8884862745824508856 -0.89120695520039439064 -0.003573601420344772045 -0.45358283959543593822 0.0017889505399781117922 0.99993349689898147759 -0.011393043293008324468 0.45359338912564778346 -0.010964996689468695101 -0.8911412941779733865
-6.4307470983833399103 0.21916038393891795755 -1.5439680118214673676 0.91010638389086628841 -0.0033222365274349326472 0.41436135527521417155 -0.21456384299086878054 0.85169500533495767769 0.47809829027971939563 -0.35449785229539021447 -0.52402727088563494373 0.77442022964670198526
5.5403284664995124942 -7.0298317884843717351 7.0591590684649645482 -0.70891619962264884602 0.005862432764675623055 -0.7052683558721614121 -0.57523312513554147873 -0.58340931835608556 0.5733588919708433318 -0.40809885280329960544 0.81215712712341536772 0.41696058231353877455
-1.7791803768630878313 3.1750302811176962514 -6.7403609893442304468 0.73183585273799600657 0.01195245587395422221 -0.68137612479876330518 -0.59110761663720245984 -0.48642445002019557565 -0.64341513813094186602 -0.3391283978092764495 0.87364088344196344504 -0.34891766446857386264
5.7984115397937365799 -0.65250198657835090099 2.8512237908877899883 0.84755834495672288664 0.0095035406352929029106 0.53061712619325940299 0.4176676961943661115 -0.62878688635318213951 -0.65588165632677331018 0.32741189265188719304 0.77751960378219042713 -0.53690289465080220932
6.2997811002415948778 5.3506551694978865541 -3.3287262516064495266 0.99195504212755480911 0.011623143650004462424 0.12605592778378163499 0.12375565954509308575 0.12052087594118712777 -0.98496662643615406907 -0.026640779423622931721 0.99264274590313839042 0.11811286076307517257
-5.3745106679352723233 7.2697189785939659856 2.2324217421062262368 0.99281062642600814705 0.0051914665302135723154 -0.11958306205670959921 0.01249002783527798123 0.98911167503745300866 0.14663592161975452788 0.11904225829621283006 -0.14707529697357810128 0.98193574013771078857
-4.6880650671407586572 -4.5194267589148031661 5.5314718692855580073 0.96979878327339408273 0.0034145074788580909858 -0.24388247395028461728 0.10510324544407623204 0.8964531279616752002 0.43049401524846747646 0.22009913166240641091 -0.44312541171361080616 0.86902027694133754387
1.7645293302026288096 -1.799740305734363055 -3.1416822464679849958 0.7148245378463550237 -0.0044354637449410868472 -0.6992897873943921816 -0.25859254593067249051 0.92742182142716411697 -0.27021965200536357532 0.64973515780039936551 0.37399076432732325515 0.66179689702814925578
-7.0059694904796261383 5.2009956538503221424 1.1787197483212099591 -0.99975204111791760031 -0.0030285709034877867155 -0.022060916544307491299 0.01469181530731297064 0.65476649783529672355 -0.75568841719021817571 0.016733405017200841253 -0.75582515244647863195 -0.65455964746220651751
2.7318472326249687576 -2.3166722313661392008 0.97468441918590020823 0.97452641024931374591 0.0098763162659314326919 0.22405520324999217419 -0.040220898500898737138 0.99052931970468116596 0.13127812509743519431 -0.22063670376923277816 -0.13694570158408359006 0.96569421649262277008
-2.7969885172964858988 -3.1963676409991252925 5.8164526335588879746 0.97809501204031168431 0.0044952714529588409104 0.2081104032872730103 -0.20247779632836579444 -0.21143422921213800292 0.95618947322768232944 0.048299993952666799013 -0.97738189018010923625 -0.20589257230921337305
-1.9196167452074011095 4.6580727821339857897 -0.79877997802636180324 -0.85322747523637620937 0.0054264818280576904846 0.52151071781582736264 0.1481706094717940847 -0.95621980750755786183 0.25236709416850727772 0.50004834365345862679 0.29259909949500279014 0.815068967010854184
-5.6384838049124983428 -2.4743134381914804187 6.5259574344122777134 -0.88039323697828375526 0.0084787952711158839914 -0.4741685969289049507 0.22846511959422685645 0.88375383477583513425 -0.40839055896001302814 0.41558565592621365958 -0.46787527135946194168 -0.77998800826603487124
0.43665832221761941012 -4.4946788038160301326 6.4042560403127533064 0.61975126766423305202 0.0066629667748849654221 0.78477001159730019886 -0.2472396978032255499 0.95070315233012192557 0.18717918682291229127 -0.74483615517694912178 -0.31003083882622722856 0.59084683372084600972
-5.3245896942109114391 -6.5021074402952852012 5.5657307641395901143 -0.98124551438587115371 -0.0027762921763962431811 0.19274214043451143308 -0.18805768876104081433 0.2333446282760469892 -0.95403594803996016882 -0.042326660574319906194 -0.97239013603405599628 -0.22949047289196278232
1.9810589072640707453 6.3592920511543908901 2.8499291461785936086 0.96513851041017251209 -0.011065465034789919233 -0.26150566190180041248 -0.21598978324884415825 0.53065254925189331292 -0.81960739717543984462 0.14783798312773852035 0.84751721366368459876 0.50976318353592797727
-4.2536144471692738378 -3.5672574262838065984 6.2397576117011155361 0.37396823490749320218 0.0044090126667650567094 0.92743103241570623574 0.249333226121873891 0.9626960598895026866 -0.10511535865364561582 -0.8932976556735867657 0.27054917645509857227 0.35891843291703112717
-1.8797360925877450999 -1.062607077877626649 1.3597551374603840113 -0.98416877418701154134 -0.0020857890895531359596 0.1772215376272002485 0.059192584518906028734 0.93864656657673628537 0.3397629482324422967 -0.16705706166769795917 0.34487428512071122144 -0.92366317757586102744
-2.2244847702710388582 -7.1145646575858840777 -0.96041514450869092112 0.64777451016378140292 0.0061997897208027410998 0.76180689586637717614 -0.75144752802687742044 -0.15934376428283161808 0.64026258473098529578 0.12535867183548207726 -0.98720369093287185791 -0.098560012195972934723
-2.0596384308186053147 -3.3926957201109901874 -6.7902272897796223106 0.89668285020456472978 0.003237670004225743671 -0.44266170338296034759 -0.43557394881628075378 0.18482645286535936968 -0.88097361903396076421 0.07896329059470627576 0.98276584180274151326 0.16714095525719183111
-3.0923244457172720523 0.18049303668602575956 -2.5966590037977326233 -0.88847414662346335668 0.020649335537568088567 -0.45846188033861751121 -0.42016519388709760996 -0.43842247925404004283 0.79451050309646376046 -0.18459388025488268625 0.89853176606424323136 0.39820317018553347266
5.5404972732764994348 2.9256093925545969547 -2.9200296195334387583 -0.78506190116133511836 -0.0093036888977622005797 -0.61934744103599415066 -0.60913620378419774948 0.19301579167990762231 0.7692190776375300576 0.11238726166399086448 0.98115154055585862558 -0.1571965581067244766
3.0319825570813341287 -7.0450221619733488509 0.34655552054242544369 -0.94670001991997509982 0.0030495801024434197185 0.32210211477849126638 -0.31480360143497865266 -0.22062279627546227401 -0.92315993971094278958 0.068247819065180972964 -0.97535443907572605404 0.20982362442791355206
7.1551401873314581792 6.1942265779554341876 -5.9171193671090405175 0.87215222930292379822 0.00064519260688035082185 0.48923416954281379043 -0.0035853949466137040834 -0.99996384686771788708 0.0077103761585431912842 0.48922145687289309013 -0.0084787194746190307215 -0.87211838499784088974
4.8183178822443180067 -3.542331479547119244 -5.2139705044243385146 -0.93318011514037313425 0.0015768923933350744576 -0.35940560112079861232 -0.034422791504759416015 -0.99578545872892010316 0.085008185541147182618 -0.35775682262068597694 0.091699692444287758675 0.92930147006984853419
5.65495513114670878 1.1402862393222086279 3.3473039407338203155 0.44699378979777604215 0.0030826005054618819956 0.89453174871344032226 -0.63483968945630575575 -0.70342160253250629598 0.31965077472418590432 0.63021831183593235437 -0.71076616876776987919 -0.31246813079406415836
-6.795702453946351973 2.984334255393837676 -2.7239011231553278414 -0.86280438334040920889 0.0096846937733173696361 0.5054451531027083222 0.50046957481483778096 -0.12485821167296161371 0.85670335102787553705 0.071405887524437161584 0.99212732735480912982 0.10288131775258002598
7.1976002397297076385 6.205415178999508008 7.4332603552932035029 -0.8749483434615102917 -0.0074957809132804066599 0.4841582484504092232 0.43457088534765830889 0.42886141541413802525 0.79197602992592197602 -0.21357327052378929921 0.90333919412231578061 -0.37197413684331215311
-4.8445420755258057355 6.5194886405646998995 6.4105254884908582369 0.99231911427234453793 -0.0026902486198027569797 0.12367513093648770106 -0.11447699477226390419 -0.39885403093864890689 0.90984090899004455011 0.04688062625124210514 -0.91701048225551518023 -0.39609845028217377516
-2.5100401896787443157 2.5129411343702017234 2.658111251143953524 0.99447156223704824551 0.0017943041901663395275 -0.10499091567510353273 -0.10465781603792133347 -0.064447777816318108091 -0.9924178683783086985 -0.0085471307457939543761 0.99791946789663676931 -0.063903694329904447979
2.4875671223413728939 -5.6059581344199491681 -2.3627499729852301513 -0.82740931417021168492 -0.0031636584569441524029 0.56159043625197868632 -0.03426921210074526658 -0.99783623973069712765 -0.056111137771852385991 0.56055280565388121428 -0.065672139794811706937 0.82551058268700117093
5.3444398524648200066 -6.5333397046654839713 -5.3488036719557303655 0.82481814679130116552 0.0025104817207785203731 -0.56539253815849943585 0.11573856512722383028 -0.97956422434539214272 0.16449472613107093966 -0.55342534208875449053 -0.20111595626439549012 -0.80825290773968960778
-5.6629122411643724178 1.1524131451320525077 -0.54988704282758316122 0.99963290302558405198 -0.0092046439484868743108 -0.025482027355647609429 -0.024745464388303606285 -0.69316748142119422038 -0.72035165349455154704 -0.011032732235545395644 0.720717779182629803 -0.69314079492512270519
-6.6068644469513557738 -1.9842809934485603485 -3.9666825263088560938 -0.96801764306770909929 0.0030027164942043422721 0.25086415926413863087 0.15323992255333149237 0.79880145805173174978 0.58175059669095741111 -0.19864382408096689647 0.60158724579903233298 -0.77371404074534433359
-2.125892112789560251 7.1827556203548876823 -6.6712673703425444671 -0.95668917394049224345 -0.0038512267934764123078 0.29108588512192778985 0.029146036532729263646 0.99362114907397092178 0.10893815065181469692 -0.2896486371786764491 0.11270394919959382529 -0.95047434832051169717
-5.7612130895469748637 3.5371754705765328097 -5.5416728050991848065 -0.99109592250697720051 -0.00095246790654374916679 0.13314640511494940656 -0.089398897722703402069 -0.7363017060299057448 -0.67072172678649599753 0.098674766156862894761 -0.67665271040793528723 0.72966046900015590904
6.5883392475958224566 -6.7903890642489104224 -3.7903977617971795766 -0.99584387863903711668 -0.0074799269813568096399 0.090769047971223079663 -0.03978389259468929906 0.93223709968249512947 -0.35965432274006553515 -0.081928085949004830768 -0.36177070178209874696 -0.92866018977064113127
-6.2720976455977224262 -6.8602963957300380216 6.7510845302015622948 0.99628544497188897822 0.0053111603532730910018 -0.085948261837554870701 -0.029355140399164862675 -0.91736460745359593716 -0.39696404462342765873 -0.080954233177429973933 0.39801252312875345929 -0.91380109628043360015
-1.9121965801876312785 -0.16578574889036098994 4.3410019936296233567 0.98302450380113060024 -0.008840579434943717646 0.18326120451933886057 0.033541724367481429159 0.99066474624376454905 -0.132129910604433215 -0.18038230970102719919 0.13603383661842619046 0.97414424888813344605
2.5366087406474382426 0.93549171862422531021 7.2231814095529447428 -0.071997227218345727362 -0.0018101868946819388642 -0.99740318953581086348 0.46279106315474338729 -0.88589687904758063208 -0.031798609369587976792 -0.88353881133589518004 -0.46387869418319871428 0.064619857210325037933
-4.9160211746503295061 4.4135923789226412239 4.068001423011074813 -0.97914073584653182891 0.00014509810828667235247 0.20318316453975324154 -0.18163953702145216318 0.44750320788477687683 -0.87564145489087130692 -0.091052171838358897382 -0.89428231441716865557 -0.43814226470878353537
-6.4509504027454571684 3.8315547365271838132 -0.83724750953173299184 0.90648066508661084839 -0.0090994835123383993603 -0.42214926652074502567 0.17787391744346239819 -0.89850236002489614062 0.40131580896222340815 -0.38295387883855352973 -0.43887436519975075999 -0.8128564561182013426
-7.1090256125413286981 -2.7944905026999484754 -4.9979911949722284348 0.99935501243625435297 -0.003860090608510513728 0.035702364336104464027 0.013461345798539340116 -0.88144187654025341061 -0.47210063593545115168 0.033291910248398719208 0.47227673876857728663 -0.88082139547715831984
