1125 14.717824617146108679 14.977075390850430381 15.033177056927090831
-0.36785061175582128845 7.326436796783240446 1.6651223137159965049 0.9676365179849791831 -0.0087593195073278565937 -0.25219604157000585776 -0.025663831959068759969 -0.9976315000430311386 -0.06381816239208994157 -0.25103971158164378741 0.068225101272814600573 -0.96556946863768544631
1.7460715239715820513 6.0263361859639594797 -2.4638619971036810341 -0.99973434643849234948 -0.0094568815002367134781 0.021019132795504415212 0.012807346432116607088 0.53026773225456080851 0.84773351001769614577 -0.019162683229433256915 0.84777750590703515599 -0.53000574718541226815
1.7335667446388498547 7.4229096366762377102 -5.5389058449365293768 0.78563278848223638828 0.0076408616000445839928 0.61864589135912517737 -0.01662595824248642995 0.99982336118390879864 0.008764926889092500284 -0.61846964288800820864 -0.017171594709366425069 0.7856210518826141076
1.3912091461520477154 -0.38657642019572141523 -5.9989848788046176153 0.64661727291900328307 -6.6187762684401414692e-05 -0.76281458951828140513 -0.72950023807851216429 0.29224507825149187434 -0.61840295672088485546 0.22296974011323686393 0.95634345810332743731 0.18892243153428953106
-2.0493568466339278089 -2.5225572608580679734 -0.19017933283013171986 0.72555793498533749375 0.0043265106890714184057 -0.68814748730568353619 0.67402974607000343266 0.1971420057651320501 0.7119121652112462284 0.13874287150216113584 -0.98036539660892507708 0.14012174970074997571
3.8248406947035893388 4.6787517869088226519 -1.8224334140323099618 0.75579881645266799861 -0.0093705980860940805977 -0.65473684861957792691 -0.34530011710236124811 0.84386772198406523326 -0.41067638953627549903 0.55635957633342314477 0.53646943965614046768 0.63455855690170070993
2.3939792830040818039 -1.1516302857241984547 -0.83344502190071145797 0.77323505861773833558 -0.0066840418539634996811 0.63408427492636376677 -0.61279325562068898137 0.24926984118610975849 0.7498993080013750534 -0.1630704448704208831 -0.96841100254985335027 0.18864824449276007545
-5.7136839850563099219 -5.6172100780709879331 -5.7413596090377456704 -0.95846234267641139404 0.0048617656526502581529 0.28517766551067835756 -0.21023359746012740268 0.66364844695031577348 -0.7178945419484960011 -0.19274794984732282477 -0.74802881100603813014 -0.63505993869434129717
-4.6539842391102590469 3.2989691879139870778 1.1899069761671450252 0.7767370185982536146 0.0067314728603844239258 -0.62978908470395855712 -0.62591235738763761898 -0.10303655886275457643 -0.7730570408496508783 -0.070095112587198402099 0.99465479177997762061 -0.07581899749095477592
0.80775149099492360438 4.8687751724018948352 -0.10427320106797673127 -0.98203576553886096079 0.0050203183309432426046 0.18862807745996770792 0.030710044741398212498 0.99057036018244559727 0.13351874280423062236 -0.1861790760380766796 0.13691295750182941315 -0.97292969618248170693
-2.860247927848257099 7.2432605125014131175 0.39324145859956455284 -0.94942156030590407756 0.015071087636100507709 0.31364241285862770603 -0.2888791456688905579 -0.43342524346852961958 -0.85363422935233335131 0.1230753428755773371 -0.90106349423434428658 0.41585699385046298593
-4.2992950568597718686 -7.3656467510474099569 3.6974477892377310972 -0.97148770050469324122 -0.0018243834986775308606 0.23708293779368516674 -0.13413454331408339315 0.82877909895496404413 -0.5432615663059952027 -0.19549826612515663893 -0.55957294141171831647 -0.80539341391751839705
4.042968545762705368 4.5471185701614365016 0.6274642280153266416 0.85039041364723111371 -0.0090833359909161873191 -0.52607379461835113155 0.20974737143451938071 0.92282156430085937604 0.32311979301457488534 0.4825372364421076643 -0.38512057004104799374 0.78666381763632031721
1.134320436247744146 4.3274203365156971302 -4.8907297512435654596 0.9062539065518963044 -0.00023583545155091319157 -0.42273372380401164072 -0.22733468622785302227 -0.84336163165211019965 -0.48688817884073387621 -0.35640257756819254675 0.53734635258729313012 -0.7643533868990075586
-5.0321142215249752283 0.29753781676943974466 4.1647469583895402323 0.99983833608126226888 0.015517211065493329014 -0.0090839343317328513638 -0.0077683052110571124138 0.82841208596971049882 0.56006523660498752637 0.016215891475349131223 -0.55990412748972184787 0.82839870405715776425
3.382972224549473772 4.7141991292766052268 7.2923855766958265434 0.82000005862455238592 -0.0020846434031580301366 -0.57235964053868326751 0.10207899305384024458 0.98449387269439625481 0.14265936283427482767 0.56318716518820455263 -0.17540658165830180781 0.80749783162433075301
-2.826174987851549858 -0.95037654400158966261 5.5570744270142204968 -0.44217898363985025378 -0.0079885072049999655136 0.8968912588379230888 -0.66530394665592285097 -0.66771817832427726724 -0.33395073423995424999 0.60153836535281224318 -0.74437129047810435267 0.28993616007790284916
-7.0702297902822293096 -4.0540911445941762992 -3.0301005937951508429 -0.39708813820555366458 -0.001834905330367957773 0.9177786463079465884 0.061942860983412034726 0.99766423838029894 0.028794954947213523971 -0.91568777018685421076 0.068283970151442788254 -0.39604697568691105136
0.69457155980817064655 -3.3639592283814834239 -4.8495493047807505249 -0.64756718994607365136 -0.0021297533950694088993 0.76200537967638881653 -0.65092693301814352758 -0.5183546630715109016 -0.55461930289493022173 0.39617024418418811393 -0.85516308820163144944 0.33428315871512742641
2.8340007758235858937 6.9878583277561627796 -0.70630323045026155437 0.97109236153232492139 0.0022431074019115333947 -0.23869351445448858118 -0.21606037531343180724 0.43335646594924370767 -0.87494004802573255297 0.10147679337104069386 0.90121980775460697188 0.42131380053125661034
2.8852406961147170072 -7.0811782300040766458 5.3193886530668317292 -0.72756867629692056898 -0.0060118895348198770484 0.68600851194119172316 0.49771895651836745023 -0.69282040374825748508 0.52180046806450319785 0.47214368744463669492 0.72108511656689855407 0.50706665545257978422
5.1012310701084890852 7.3052367154795438964 -2.8276702286180648294 -0.91909621646559036545 0.010905645893975973379 0.39388223083299100935 0.29010276370373566657 0.69519020930651387324 0.65768606445315780373 -0.26665057916659345993 0.71874309719958706655 -0.64211044911140313651
3.8226700330650946746 -0.78971929153977349358 -6.3919360865644039293 0.98120087870250849438 -0.0074733527054948734047 0.19284445709662703661 0.098278162524245232801 -0.84062873904004464798 -0.53262062095910167603 0.16609105455860409539 0.54156022019653682342 -0.82409119003680630922
-3.398463696082270058 6.8548220710407772316 -6.8948519282888556248 -0.73429223691216183312 -0.0057874116358902147339 0.67880882189109881253 -0.25876071350904289448 -0.92207914338353325068 -0.28777238658588855102 0.62758091426914108801 -0.38695808455646235613 0.6755780020408841402
2.9661316840004601225 -4.2523804085883156745 -1.1525766956119283257 -0.99743059465281735942 0.0022243932689255544247 -0.071604894561152640509 -0.016480471095321393149 0.96558559322578207951 0.25956281749760207189 0.069718024376786910667 0.26007597780144725563 -0.96306795339047590598
4.3282617704575505613 3.0623986140706218606 -7.4058911844117982781 -0.98273188580237968992 0.015005870028549609871 0.18442576959802942094 0.16937352318832146758 -0.32836303042769615645 0.92924180377936771436 0.07450268632676962377 0.94443239255804911636 0.32015122304477383608
6.9005230449696792761 -6.5601523659645968323 2.3645483153526369868 0.99361031965882884442 0.00060984146448984574707 0.1128634606993399736 0.098636089387968639564 -0.49073844267362409788 -0.86570589853173407491 0.054858495585372993308 0.87130672496871208743 -0.48766293327092058441
1.1610477094662028374 -1.5893062424319699399 -7.0496257365596548539 0.11140548899547038364 -0.0084218873980052913475 0.99373934652614293039 0.96901492985105852629 -0.22090387767175789779 -0.11050584851185865642 0.22045154285562440499 0.9752592212546999928 -0.016448969886814948649
0.093687652879257787841 4.9993193671571605208 3.9167543025142488311 0.97960644263756257999 0.0076205647559663058574 -0.20078133512831550234 -0.20092061824894308364 0.044398758678671608469 -0.97860086623205955192 0.0014569507741989812244 0.9989848233184571713 0.045024438628948795782
-3.861613748758081055 5.2233957030551305678 -0.33227860052209018393 -0.99280536910917582816 0.0080514476950792578103 0.11946829394438615579 -0.059163659635838854178 0.83444989300581795533 -0.54789874743509248134 -0.10410168320671375763 -0.55102499966196594183 -0.82796998091783091667
-1.9683821768569675914 -5.7167925175676339578 -0.62679574423869233168 0.97041493626558827934 -0.0049271120956630200249 -0.24139298879414461396 0.22102012193993778033 -0.38430573052293626191 0.89635886294769173688 -0.097185169497308793174 -0.92319273667720391785 -0.37184703007574371192
-4.6058292985703923605 -3.8178400792181781398 1.0085753367731822294 0.75644895463083061671 0.0036956519976857685195 -0.65404229312362571758 -0.11639793238422625754 0.98478192431160516129 -0.12905844755729192763 0.64361207289390764963 0.17375529835240582921 0.74536742343612361061
-3.6267182217934195165 -7.1773189125164931212 -5.696623565903964348 0.99337798289121925777 0.0091198652082773098981 -0.11452952093502667685 -0.11486505848842237798 0.057227045767714819491 -0.99173135655334332395 -0.002490270158343913659 0.99831953466382716833 0.057895641142117038047
5.078849276031960791 -1.6645627026716529606 -2.1997011473160466011 0.96243352638503221197 0.0072725860599518223071 -0.27142000070397159783 0.20222157870021023607 0.64786764677730179773 0.73442082307577793987 0.18118537578445359504 -0.76171820363655950992 0.62205887008436300256
2.8821789396044237286 -1.4370242418411041108 -4.631136141178973098 0.46330564838992988053 -0.010975732209987928284 -0.88613058263017985272 -0.81973448504783053004 -0.38524347136002495828 -0.42381935042874729902 -0.33672429403499348766 0.92274969578809851178 -0.18748266247767456094
-5.7716537804712517712 5.435121131697821184 -5.6400001736628508908 -0.81967302987290269201 -0.0048552511543370306668 0.57281109506974003942 0.34924078642610512091 -0.79685919196921961571 0.49299726294428042328 0.45405616083834710039 0.60414555755240673118 0.65485963999496910048
1.411187908942677538 -5.9179484577650356414 -4.464652187749540424 0.10298089739369925555 -0.0017748679181991188023 0.99468175041863760022 0.9586011452367793062 -0.26671988743487384799 -0.099721341734396062861 0.26547839671535611306 0.96377245835855551714 -0.02576566294174312613
-1.3663311618716031948 -4.0428354504472050479 -1.9513254236433033029 -0.98521912368739728016 0.0033178058745198628354 0.17126666483808888897 0.1660378574192950818 0.2643787293722853482 0.95001858790188542514 -0.04212728598189312279 0.96441323073651941122 -0.26102186145254063776
-7.1219541236633041592 -7.1012226583711175465 -3.0464445555842276647 -0.96837323754121151786 0.0067885102968809965529 -0.24941369036580551821 -0.10198538100336385082 -0.92307836181812386034 0.37084406427078225876 -0.22771090196901611069 0.38455201738028282898 0.89457671054701548563
3.5708231038081010844 -0.74237643791348362221 1.2756333747533752376 -0.72744962786374800512 0.0092218155354535143869 -0.68609911604612472402 0.1411008763611865946 0.98055018259220039223 -0.13642537193818995989 0.67149652390096736809 -0.19605177259234807252 -0.71460207168215472695
1.1414692104025914166 -0.53696234096665151903 -3.9622165805072948608 -0.26715165804568780095 0.009933752005246990896 0.96360329605839045719 -0.76346599633031375642 0.6079679573037021223 -0.21793263945355190181 -0.58800481634992673996 -0.79389941646468442649 -0.15483556596032604924
3.5790268810311225423 -7.1891175704612590991 -5.3288270877585297569 0.85300688452725137445 0.0046918335522631287454 0.52187856982921199123 -0.52140862203500171201 -0.035705740840732795582 0.85255976267856015127 0.022634129464478420363 -0.99935133300003031742 -0.028010880287027480062
5.0555459705565191086 -3.0926123526623801041 3.1507214907540812554 -0.98594735353112394893 0.0078474568222354629254 0.1668719074214546072 0.091734536355198417756 -0.8093861510339713794 0.58006795580693348846 0.1396158691007478303 0.58722438295412715537 0.7972922507835400463
-7.0460805396071100049 5.6069654547470744177 -1.5584427164098322294 0.82491930282461900514 -0.00055947068374774620164 -0.56525023734620105653 -0.48828759036801444582 -0.50446652506984279718 -0.71210164595832570189 -0.28475142303417144696 0.86343106967290295106 -0.41641735675102087288
3.4404124429790394757 -5.3050097287486570607 3.8654748126340985337 0.93839945280799152982 0.0055353231888247943215 -0.34550807105886333082 -0.29062667919081525136 -0.52824610548321171422 -0.79780460351157023169 -0.18692939927185739379 0.84907326670850591377 -0.49409714373676144605
4.4878293716435377902 0.19198246200514432203 -6.0282892353100674399 -0.96233032698098985858 -0.00050854665026215132781 0.27188248040845919284 0.23182648943059513957 -0.52398347227007036064 0.81957171717067744954 0.14204513568233720355 0.85172827953998819783 0.50436308078694347401
-3.302029157516423119 -6.7791892949699468218 1.9899815858724261286 -0.51960904921598383144 0.004018263294080588223 0.85439469189179628739 -0.41156100637262227337 0.87515288674044988682 -0.25441101167870844302 -0.74874827145472500067 -0.48382980312289952662 -0.45308359891270261199
2.4508681645853624964 -6.7819377858654403823 -0.6501706639067488247 -0.95064213692818622103 -0.0062707128503427817662 0.31022605573513184485 0.16221429800732439785 -0.86233477769427258064 0.47965117815019697733 0.26451096200086376964 0.50629972283151514212 0.82078897509779491504
0.74630262699739002841 -3.9896259643362212977 3.598969219772121253 -0.46889567420764799444 0.0047119446901730012434 -0.88324098879443790899 -0.43591972171678888825 0.86847695880353126263 0.23605458742801602168 0.76818672399860810085 0.49570714096603524235 -0.40517105951386883644
-3.9340498860000971959 -0.90884014187745776336 2.2050686802423440369 0.93239374976006572648 0.0044733859208307726052 0.36141649689356158959 0.35207694141473855343 0.2149292164738881572 -0.91095952666956525601 -0.081754038019114863567 0.97661938375411339042 0.19882368204834655057
6.6878369112117450612 -5.6099232556742961719 2.3786973713329566671 -0.99073975552592641325 0.00093082205960566891112 -0.13577139017663694687 0.13324390515762751797 -0.18550224777700005663 -0.97356816803347656641 -0.026092116788893008478 -0.98264339902120512171 0.18366042524592054996
-0.41444390668923353216 -3.8572909845599769874 -7.3091843299764409636 -0.68904983558534682597 -0.0040554253516632346455 0.72470261321816031863 0.64945335443641316608 -0.44719711906780607036 0.61500006269016271876 0.321590833966517331 0.89442623520487640754 0.31077491096619647148
-4.5616946503043775962 -4.5877367061765790268 -3.0068381938735790904 -0.9433965760043372395 0.0070608818831820480827 0.33159168314419384949 -0.26336772575486427916 -0.62363271053115343356 -0.73601608908116167296 0.20159449747966043387 -0.78168560579219414919 0.59019257220275056497
6.9465983916537359377 -5.2575086361623979414 3.3798984855418265916 -0.99956743124994196226 -0.0024304917440146674851 -0.029309436946732790596 -0.003462441284746592754 0.9993739519960378459 0.035209594890119599864 0.029205511202469603554 0.035295846524272672662 -0.99895006948972930871
-2.1835642258791958525 -1.9587056291371480743 -2.2802998005351300392 -0.98943199905652390314 -0.0090966744102679696765 0.14471202354255396916 0.001910978265074906278 0.99712533980687445556 0.075745659131046555457 -0.14498505924809129697 0.075221720465545580114 -0.98657033472784694261
1.1615145294193083281 -1.7367475999399342168 0.41121669713660297107 0.99855980092938367854 0.0048317703688355098657 0.053431993813206617172 -0.037384401654389325109 -0.65166547882141334647 0.75758465548433517878 0.038480260922927292389 -0.75849110588559476298 -0.65054631796035111702
4.5531312479658758718 -7.2158249778033418664 3.1789821848305046537 0.7334890532489922732 -0.0049750347985112585575 -0.67968305686741947724 0.22636998966543445122 0.94467427625880329156 0.23737552433573602673 0.64089814833776637126 -0.327972195168389824 0.69403443909770645703
3.4536803405209970386 7.3732354884327540034 -3.4925333603952943839 -0.99988604493401167517 -0.0016918562678182053755 -0.015001158910092337109 -0.012651050311832874248 0.63610176756713621149 0.77150145315741991414 0.0082369941291113388943 0.77160331707447304961 -0.63605068430695488324
-4.1019870152868849189 1.7015071314201015706 5.7204425646074410494 0.98503497155920793915 -0.0091367762956108371231 -0.17211224280757975169 -0.061919879250441844931 0.91316596658451398838 -0.40285710372962058035 0.1608478578003100512 0.40748550500688845988 0.89893466383853437573
5.4990230776356296971 -0.61221357025902189974 -2.870377903107108164 0.99906934206771502716 -0.010226575719799251354 -0.04190306539319632595 -0.016551390039330416554 0.80621937341210314631 -0.59138513121537517048 0.039830907949291123604 0.59152830793119648423 0.80529979491360448307
0.98095451498877528351 -4.8957473281820069744 -7.2373566645053326596 0.70319238064827149781 0.0026498778050571339393 -0.7109946933316421136 0.58749889863354409769 -0.56539208437296395449 0.5789445871866397697 -0.40045663922896185261 -0.82481802179389052121 -0.39913620610188421667
-2.6603997419031832905 -1.8154713948127909617 1.9999268877643971987 -0.92880048972699369436 0.011865887396653267832 -0.37039013350668914537 -0.0060751622741629643029 0.99886537328692348581 0.047234081463278267121 0.37053035325891309215 0.046121218160722315949 -0.92767456068882470088
-4.4802872807882936357 -6.2980454884820389339 4.3597476297982842297 0.97054959836780130278 0.011140762765876164805 0.24064363800680255157 0.1976951535138807281 0.53398905579724331716 -0.8220537175671791541 -0.13765937449108184287 0.84541798637937526362 0.516060388831534822
-2.4546812483275219918 4.9810203804241481862 4.3864547954377286487 -0.99472767393804961689 -0.0085516084437606779828 -0.10219454337159847301 0.036866481623132385526 0.90007896228786521409 -0.43416439764167907844 0.095695962478255486294 -0.43564289462792227248 -0.89501818480158701341
4.995073706647287004 1.3448007664979120257 -4.3566488318271687774 0.92013045500218526573 -0.0038488795575962759382 -0.39159306927429110567 -0.13619294440287893488 0.9343876153563307474 -0.32919791336459269804 0.3671667573083632341 0.35623723892209535613 0.85923431142662021198
-6.6237871732696005367 -1.5611084488866859843 -7.3828186099438140033 0.97499088664247923752 -0.0070428111970657000795 -0.22213322528301551739 0.18052293059694443644 0.60808462138139218744 0.77307474720647251232 0.12963117870664014886 -0.79384097403073528021 0.59414835307117719321
-6.9756138441626713842 -1.9823810743753405017 3.1581701936425901067 -0.98824821487598890624 -0.0077380404415621321934 0.15266167994824303422 -0.098878352466245905683 0.79398746727646440924 -0.59983912278326201317 -0.11656988122173528311 -0.60788487770134536081 -0.78542182186005327083
6.5417555266032136885 5.7053312056952893982 -3.8551979097897173254 0.84017050725758235519 -0.0011393516317739493804 -0.54232114158717936725 -0.046159816425884875324 -0.9965191633501704338 -0.069417781752764681769 -0.5403543190186070877 0.083356217247447475516 -0.83729860322594018562
4.5162977930949850247 5.9513817273418672116 -4.2369948083656918669 0.99910395063272516847 0.0074733581839134515662 0.041658669536182427184 -0.040996541646190168273 -0.073668283018404806528 0.9964397962998990943 0.010515674164030371779 -0.99725479843136821678 -0.073295890759930079628
5.8461768983501123387 -5.0857997674927526432 -2.5978333746397521686 0.74075069423031925098 0.0048154866549562696729 -0.67176277069031486988 -0.33949126096470588765 -0.8602025927371255154 -0.38052225056755112353 -0.57968447687159474491 0.50992971136878340044 -0.63556085211206547747
2.3838302777394368981 -4.254138534919837511 -4.8943440597902538869 -0.12019928944151453409 -0.0051561121718354061688 0.99273639266673108228 0.96189293724922408924 -0.24798443387397597903 0.11517681114834056599 0.24558930776364110149 0.96875029551656755 0.034767180625956642381
-1.9366662601788557918 -0.46639177542863197168 6.6927209108186298536 0.03543322329061335263 0.0052279556397076638527 -0.99935837174009434225 -0.012854388521876073184 -0.9999012089843514195 -0.0056865602411217642739 -0.99928937319627608726 0.013047633941761864126 -0.035362520633563487849
-4.1030778667911613766 -1.0145337613333795801 -0.01344355847629319714 -0.99305628827631053923 -0.00039593224004916206978 0.11763949826671081522 -0.018991939664261221765 0.98741636093561158116 -0.15699756808419659815 -0.11609700488197800816 -0.15814162448332466648 -0.98056754589532835187
-3.8849395615314863406 -4.9201855572156567575 -0.4154097563098465562 -0.96574179765120238272 -0.0092603386136945638196 -0.25933959666449990511 0.24346646602975474671 -0.37821592193785519287 -0.89312753642001019294 -0.089815701234972969424 -0.92567108765553296479 0.36751350626909401464
5.4931881927174615043 -5.6462493382511818041 -6.8395618966297080377 0.16758554580326615047 -0.001886715700223081521 0.98585573241813662104 0.77092821776037501191 0.62354383923141887269 -0.12985670416834857455 -0.61447926563772981012 0.78178610940627135673 0.10595145700207678208
-5.2827106081252850345 1.7150395825439745945 -3.1729720900838773723 0.99756432155362118053 0.0043438074161132305545 0.069617208363613597433 -0.020599890331936619725 0.97188817749048206363 0.23454000718907036527 -0.066641345135929147547 -0.23540285000627700351 0.96961045236079368426
3.8029433351193513424 -3.2125746448383631915 -3.4149687939382835644 -0.72813367914320648033 0.0014757777230351735651 0.68543356160719193237 -0.6822391618522297696 0.094895004759009360384 -0.72494459381880960169 -0.066114078172700097014 -0.99548619284844752642 -0.068089415590616458873
-1.8223676984677246171 6.8795156080341044458 -5.7290093678375413333 0.94981521034186700003 0.0024659154329128010405 0.31280183097987751539 -0.30938586005955509561 -0.14017942521935139455 0.94054777568194114501 0.0461676921498001408 -0.99012304690191144108 -0.13238163088320181737
-0.72992664799214479476 -1.6462801275113398969 -4.5546567241331690212 0.20264495026484743989 -0.0017922245481844841647 -0.97925063802039491456 -0.97901103051890248086 -0.022566634378545794015 -0.20255406472149609098 -0.02173536874601533081 0.99974373463599763845 -0.0063276221031522104921
-2.7741975524762079175 2.8518824627405661154 0.66413187864797107451 0.68495230822926145287 -0.011231233192935981616 -0.72850133483222501152 -0.4055728844088342111 -0.83652184221866143776 -0.36843159870374070364 -0.60526933747195121871 0.54781846162032987735 -0.57753265035340606293
3.4984937763540888689 -1.4258737710474096438 4.0862978131694802642 -0.67042158883628155674 0.0033320493013162706675 0.74197290426917528183 -0.67200815083567033703 -0.42665175890795226099 -0.60528780082802924323 0.31454719587467017128 -0.90440984850243621995 0.28827571437634058604
6.4055290155582165212 -2.0027328045977035309 7.1274580579804140967 0.99219937494024545988 -0.008446053508003800725 -0.12437469416377106013 0.0033353001677321621708 -0.99554646984744665783 0.094213067815015649753 -0.12461651632494549768 -0.093892973935525841922 -0.98775241498284627184
6.624747122397885768 7.2594687476455703745 -2.0076780055222278598 -0.99994819550595825941 -0.0049348084543564818549 0.0089024698876285588561 -0.0029427732955495744874 0.97742436918375008581 0.21126510031516931853 -0.0097440438172446165732 0.21122795788284662311 -0.9773882562312458111
3.8938913922316951144 -0.36669561112110582446 3.3234641334199466201 -0.92769926036009475734 0.0028190273778670909069 0.37331774055348820873 0.27552599746145689519 0.67992316172196798352 0.67955126287636336002 -0.2519117048693263472 0.7332779467832605258 -0.63154092956133989212
-3.6098699849567030817 3.4786423792724834314 -4.880052143099296913 -0.54071611952524289979 0.00093332429762438598973 0.84120461660125300796 -0.18245956817096889435 -0.97632277905770636917 -0.11619955712394759717 0.82117877716633436158 -0.21631680470708578023 0.52808375844453414594
1.6342339326671875277 -0.58203379743385441625 3.9243831554752603985 0.85699312508241143327 -0.00041406033137590843307 0.51532767450958016919 0.46065712482097498359 0.44886026980212129223 -0.76571500673872383569 -0.23099306680750117393 0.89360186142787956243 0.38486090518484261658
5.1242492490029709629 -3.3523679618278356962 6.28500887518894924 0.6589210051631575471 0.0051955910216286357861 -0.75219420018291294205 0.71800772464961792885 0.29376916791648000071 0.63100283939552748169 0.22424989698629305135 -0.95586227136319623643 0.18984020092177550376
-1.7657836475125388009 6.0020226307441291169 -4.8888043101891254238 0.99966644075994282037 0.0037028805548220528575 -0.025559653634984639409 -0.018125267915163577326 0.80559350223463066509 -0.59219134054828959091 0.018397877088075255403 0.59245708522473905511 0.80539190478039202059
-0.056073978803743679267 -6.5436106302911873911 -3.3427796102179501148 -0.99973241020997549722 0.0013780888705138805671 0.023091315398354884947 0.0010342821751812350528 -0.99456269221516557799 0.10413443961537405258 0.023109267321594993 0.10413045723841302115 0.99429513206046415963
4.367646709758893131 -2.9046380462997065663 5.7135647134099611932 0.46912670054236843553 -0.0031524844152569109906 -0.88312524631578792622 -0.69658376538503630204 -0.61601032120298826467 -0.36783466662784214396 -0.54285467359160599621 0.78773177288556150977 -0.29118285895030071586
-1.443186907066007274 -5.191544220533969245 7.1380313416960481376 0.83069801280225830098 -0.0039582011999092676924 -0.5567092097044554766 0.35801727264772337245 0.76957825158218595707 0.52874658124446949348 0.4263384148916964933 -0.63854024723196456392 0.64070422868322562948
5.4883861492170620267 3.9422122147120308711 0.66849632231500810686 -0.36419318193255251215 0.024544656290849432845 0.93099993881919018701 -0.16281458959575115242 -0.9859362543504058829 -0.037697636163815925747 0.91698131695725770829 -0.16530959501835973402 0.36306748979534098076
0.13980654889051641332 -0.7907834410203727904 -1.2834326686350552293 0.6559952376311657396 -0.011366635744384222598 -0.75467943379754853783 0.7400307317125780493 0.20629134475316612818 0.64015497904879226088 0.14840742678882429262 -0.97842459120352032187 0.14373779948962997488
4.4322966644607451059 3.9062005601279343736 -4.3448845581630495261 -0.99412093580546334604 -0.0023037987415182748646 0.1082509007095345116 0.096014452831003446742 0.44336599528420045369 0.89118338128194163339 -0.05004787548570931166 0.89633770797443479417 -0.44053822016065347089
2.3739565334035459543 1.6618113778642373823 3.7367764244258552253 -0.94615537652452719186 0.0012836627186693682409 0.32371029591877281684 -0.32136727400701597945 0.1164373398607629756 -0.93976881257221656085 -0.038898311931216178472 -0.99319721007272421254 -0.10975528794881554695
0.33745373369488762538 -7.4209319236454147628 -1.3208841357825991114 -0.99283263848883085423 0.0070819925614892132587 -0.11930296447595750697 -0.11837637544901907782 0.079072158818202148423 0.98981545120064362564 0.016443408617188400717 0.99684373854741137322 -0.077667079460100929555
-3.0870457515948555027 -6.2871635379439467783 -3.6067592962404408929 0.97654246927890886454 -0.0087620350697978216514 0.21514653712327946877 0.052223396186364762217 0.97897729618213980007 -0.1971704096727754929 -0.20889596115165012802 0.20378096157689282175 0.95647048941058665505
2.1208846788902881997 -5.6817729872696229876 -2.5149976244104386147 -0.99966022477880323027 -0.0028371496028191545841 -0.025911109151316960575 -0.019415280902697656246 0.7443118211862500555 0.66754996794995757892 0.017392005714895492074 0.66782622247454925812 -0.74411400652902959241
-5.9781262542809692206 1.6564723989925345116 2.0191774284406793782 0.85933155203448263748 0.010353620536229004787 -0.51131407786192784037 0.51130336157549904907 -0.038643310806003423885 0.85853105183883260398 -0.010869964100962262177 -0.99919942807815687047 -0.038501257235311128757
6.3791769865871206235 7.2374984906986075117 -6.0885465464884669373 -0.99872478244667439728 -0.0010401020804887057582 -0.050475014754218248958 0.016414704574606340387 0.93877685074055383652 -0.34413454053216702144 0.047742710443598609937 -0.34452422658099912667 -0.93756263305350062698
-0.83680923083517966266 3.1849049791791128605 6.7356912192124882566 0.88245072481350761429 0.0092678333262435387552 0.47031353961106475703 0.44362250865315044912 -0.34893897221332603742 -0.82549419349079156127 0.15646018053288074379 0.93709962167117433207 -0.31203286841530047946
6.7099864022189201762 -0.23757615216141497738 4.644940626777080972 0.99417913038000171877 -0.016667292858141155576 0.10644274548135297664 0.066651875045217565119 0.8713640036945337064 -0.4860887785357292934 -0.084648592839941583232 0.49035392770339858437 0.86740281375838768074
-5.8890325194807360276 6.2667478347711407238 -6.1495448416227898036 -0.7114195429119433145 0.0033660716233264442732 0.70275949194925813046 -0.65484841783641190016 0.35975767786006118687 -0.66464122869258246418 -0.25506035289738016036 -0.93303970053937879126 -0.25373437606544069212
4.3831804484225740381 6.722470875147698699 5.954994250332569905 0.94871702516868494648 0.0080606529356727803226 0.31602378396148067541 0.19620836107041494945 -0.79883597995977395634 -0.56865046924076867452 0.24786747507718365213 0.60149489024921631852 -0.75945086200680878008
-1.3465590202618320514 -5.3843786542377234383 4.3410427522616998885 0.74431560997327395057 0.005251648578832074539 -0.66780737712103854786 -0.23007591166366106461 -0.93673577551079190151 -0.26380136798398157172 -0.62694445337866733237 0.34999786722968173613 -0.6960187822986423356
0.89947022445266899826 0.34628158156443888949 -4.3486051349462018223 0.45672560547823903843 0.0027906202391604489899 -0.88960324512627175775 -0.12745731729023479506 -0.98947297515685284086 -0.06854096368987784571 -0.88042964146479540943 0.14469085621786792473 -0.45156195871361060057
-0.74305919413687160358 6.686854106780374174 -0.41129698086387944667 0.66020747808517454835 -0.00012525525576792539972 -0.75108326448635598371 0.038518813579510396972 0.99868972471902062171 0.033691760729850542266 0.75009491858084753613 -0.051174388631082839973 0.65934724923022569598
-1.000322433492770724 -3.7721826411736234519 1.9672252527700098135 -0.98212349967966561248 0.0075605695370391697019 -0.18808580266739960418 -0.18456290269028480244 -0.23514759466492765605 0.95427571679980671693 -0.037013056173501174273 0.97193026833793683128 0.2323393792732515728
-3.9918496580873719104 -3.0811950496548901057 -7.2925290807374150148 0.99213735248368151165 -0.0035090468203455007709 -0.12510459782548505325 -0.027700845725097469896 -0.98097152953532384956 -0.19216534908042509633 -0.12204973147361936059 0.1941199238395342197 -0.97335569973968971702
-2.4379179129559052086 4.9015989786482609958 0.50900215921768643401 -0.96748829406906033945 0.0019691857747273209568 0.25290813183200910874 0.019996585771742302756 0.99743488491981613375 0.068729810872394922483 -0.25212405160325862541 0.071552586623122707565 -0.9650459522482389696
-2.9823969560998011552 0.14714188410362810666 2.2504696018709582361 -0.99980513991325792311 -0.0091587995733791952718 -0.017487097909263112777 -0.0096263839951624113195 0.99959326790827041087 0.026844580152106726351 0.01723412121612795736 0.027007686734323289174 -0.99948665319917651129
2.9979166800319965169 -3.4217218258347812387 6.2752403834585379627 0.28861181581030975751 0.0060097212209847868797 -0.95742733563734305768 0.28075265629907797393 -0.95655407388204272134 0.078627283564070435395 -0.91535849029535176768 -0.29149303077515820171 -0.2777600533802400129
-4.9423577852695874668 3.9612414788997543091 -7.0163211924374229156 -0.9681409321571040616 0.0076993585512774923019 -0.25028754535495445488 -0.041713678733196223047 0.98060215377309856155 0.1915186283942364176 0.24690707662686137147 0.19585743767694638318 -0.94903991466010861888
0.047330950540977981267 5.6145084546989894037 2.8474322451154163716 0.97234730541616931632 -0.0056116432695187167326 -0.23347211205972021042 -0.13218230890925541932 -0.83739439357787814888 -0.53037577887367759466 -0.19253195802574973872 0.54657034228381495833 -0.81497994213031055288
-1.2479919907715886218 -6.0710843275117207796 -6.9298004224976068599 0.76272068108638213513 -0.0018057242162601095173 -0.64672552292558682652 0.58605457299859842202 0.42481187923420204999 0.68998181478131137556 0.27349076787097315044 -0.90527984989260568138 0.3250710587975791932
-0.99042616199790056708 -1.3460575278579258729 1.4245921203559348545 -0.99910974690759501993 0.01281929317689355953 -0.040191782201228321014 0.042063191333852223419 0.22987740960817587554 -0.97231016886925614173 -0.0032251463336433507101 -0.97313516135959465814 -0.23021198091509345596
2.0078566074449413215 -6.1893767241688468772 -1.4939345687128529061 0.99284694449933408311 -5.5905683139508043425e-05 -0.11939406045930624212 0.025101554905494344316 0.97774717770059504929 0.2082795439782798852 0.11672556163816583119 -0.20978668540460360115 0.97075470119241280553
-6.15140405632538112 -2.6691419203835775598 -4.7942052341561156581 0.72486806777394496848 -0.0061718442261611949212 -0.68886006754668283047 -0.38470814065470526621 0.8258793939667268269 -0.41221702188914249865 0.57145947435982258344 0.56381303191756038107 0.59627924180237990015
-6.3698401314981429877 1.9503600399550016231 -2.0526639927284628939 -0.99912204673904281282 0.0056978593640616753344 -0.041505061362468904929 -0.016344389759985093052 0.85918893404218388277 0.51139733724654801161 0.038574559536222727263 0.51162672918654328313 -0.85834147828143692038
0.81020784073100426959 4.2197435114678532031 1.066239352641680016 -0.87856435311610991956 0.012748425235774614103 0.47745382508436456925 0.24044381061149044942 -0.85193087770155462302 0.46518872896630281133 0.41268807999790396712 0.52349905183550815568 0.74541082052450147177
3.0803334291719965954 -7.1107311561311554726 -1.8351901347774799422 -0.99979310082030259377 -0.0038660697874607794985 0.019970204219897223774 0.012808725895835613995 -0.88233578233720189044 0.47044606890512635777 0.015801648430186304717 0.47060452687131509864 0.88220274721577307542
7.0965212563814068503 7.2691678936429813263 -7.0424275846237289755 0.9952614466089922951 0.0038780757089890869824 0.097157672998079480653 0.022430542453648377038 0.96309769618073903796 -0.26821576832195032081 -0.09461249208668959243 0.26912411289235249612 0.95844701898490702874
6.6605352620481310666 -3.3424582860535565487 -4.8080454391730516051 -0.98444865815969606615 -0.0012885386070757426369 0.17566780899143752404 0.113190463152837692 -0.76938254683482021345 0.62867989921513667273 0.13434566795707308939 0.63878700385518871752 0.7575634661247206969
5.1661643426118963873 1.8905965252047758351 5.0478724666877772265 0.74684889727022163441 -0.0037033297855462825321 -0.66498346595590107633 -0.63991438560261881818 0.26803229019026836299 -0.72018627487222941497 0.18090412860168295084 0.96340281127051119459 0.19780980635705083803
-6.0063735852260276005 2.4104983619475492951 -4.0326109089604686986 -0.96250084297148918999 0.0055171421742498186203 0.27122258095767048935 0.23453571914500184747 0.51935551885153963259 0.82174378092171485033 -0.13632726698740513238 0.85454046491702650989 -0.50117409160390768985
-5.5115817471143193629 -4.465221060121682406 -5.8398786321549529532 -0.83796912491953245983 -0.0099798015074264757873 0.54562638246657702012 0.16505443439539124739 0.94836970578389090392 0.27083562328077415149 -0.52015841756922875927 0.31700994418678485331 -0.79305732196269362877
-6.3929345258850522882 5.1302497611614006345 -6.7095281559811041916 0.95756966614425387263 -0.014131853497060479358 -0.28785521568517952185 -0.28405688711600435292 -0.2150659133445555482 -0.93437590818639093548 -0.048703381426665012799 0.97649728296299120878 -0.20995484515396603542
1.8498110196760506607 0.50799935719573230397 3.5092419928561788822 0.99084066262052095109 -0.0025064446504586626596 0.13501295875940780289 -0.086338948570780033043 -0.78052052490328838186 0.619139157350122038 0.10382854741082350736 -0.6251251298259271616 -0.77358787787991878382
2.1777256267252598221 -3.4219436218527534699 -3.2499407812869733903 -0.71508147348314921032 -0.0058100981627571789134 0.69901697335663559585 0.60142588527925777697 -0.51478543323887571148 0.61096878990754199812 0.35629396682696617971 0.85729936456544630907 0.37160786955919267172
5.4693628007848502648 -4.538924696821258209 -6.7004718849017264048 0.88564791908734863402 0.01086059265959365451 0.46423034254917167063 0.46075611881701178385 0.10371286683467399736 -0.88144622083575863147 -0.057719688053285068963 0.99454798214056794325 0.086849000172867257819
4.4790401570910987061 2.0134589273893985784 0.84163333881602175879 0.87758181417959135739 -0.0014514812034878421532 -0.47942471006752290785 0.29048566698591260504 0.79714556018137694426 0.52931751639144253296 0.38140298464586402938 -0.6037854329854203117 0.69998208135479900172
4.4905238224302781447 -0.54604371213981273137 -3.9326073216815702338 -0.99043478418502017835 0.0037371934237025172809 0.13793103951505747418 0.13055957256846337233 0.34881824984815307245 0.92805173701882370807 -0.044644554954969530025 0.93718293942978347921 -0.34596965438418442185
7.0128745915885026818 -5.9128856479824234427 -5.6636375813016259784 -0.90459325245873656307 0.0018570572123642273971 0.42627174307547216481 0.067514057305609762039 0.98799282987316594529 0.13896769475477646627 -0.42089535477624467896 0.15448857387466083391 -0.89385702484788587263
2.1842622217973004517 5.6459485914505709303 -7.0216203541900590324 -0.98226827807370087342 -0.010868738657005749468 -0.18716543593897544406 -0.041152072669773748226 -0.96147227756982089897 0.27180427954635161258 -0.18290854765482961186 0.27468696726406854891 0.9439764473810258183
-1.2011368809491713705 -5.138687290124049234 -2.0319909975462371321 -0.99862134200415697549 0.014555579999607203348 0.050433623553738107792 0.052382236622949406024 0.21421478223334863844 0.97538101701802981669 0.0033936087365036499489 0.9766781261826363858 -0.2146819071466564699
7.2396005209865350594 -4.9451723317350362308 7.2449299755674578805 0.88097484300430684012 0.00025404458614120125834 0.47316303897801836875 0.28801683156933288732 0.79310847011695551068 -0.53667984810463753576 -0.37540595456963771204 0.60908036422969391577 0.69863544082981854366
-6.0985099840051226749 1.5904576872279889699 3.4431462091258451252 0.98772021538572396526 0.0014393846014787922694 -0.15622645195494577752 -0.060712504148287008143 0.92490281349344705131 -0.37532489583300948643 0.14395404807960071603 0.38020088606414048638 0.91363259479813985209
2.894471880506962691 0.38045710811632427184 -6.3532779272415753624 -0.83998277014767130932 -0.0030403553249028613531 0.54260455406721974647 0.54184210420410250375 -0.057987565367552514062 0.83847753480605169418 0.028915047409931962652 0.99831267571944826145 0.050355948318308543787
4.3384375458198496389 0.91745797634634029816 5.1678798502241347634 -0.99987821966018919362 -0.0054778699658924031798 0.014612966493837902665 -0.010986366806943603097 -0.41794727139612891653 -0.90840485361808664955 0.01108357313761866407 -0.90845477117638395725 0.41783619174664277107
-0.80662348992998755826 2.5162875220606517601 -3.8736769469080765127 0.97839364051753219265 0.01506696063167963992 -0.20620104483785503535 0.1967938114428921248 0.23791107564251917639 0.95114169074034216056 0.063388326785519158446 -0.97117007098858654235 0.2298055988077388756
5.962146424929021471 -1.3261586151768383068 -6.5466525472179171175 0.38629507466924295489 -0.0028992700224990518992 -0.92237070070540128075 0.060295152759676368115 0.99793557475645400245 0.022115225283723026484 0.92040241733719629913 -0.064157484902396463844 0.38567240929448609599
