1125 14.717824617146108679 14.977075390850430381 15.033177056927090831
5.8887995865032642939 6.3284193209810633007 0.7837408976482960199 0.95359478275962339389 0.010509459590729392994 -0.30090952386503644345 0.090575031377541651012 -0.96311227433198598469 0.25339871886441323046 -0.28714657230155055112 -0.26889458583299064021 -0.9193707346468855679
-0.34340172278334368805 4.3720685723116261556 -2.9290964445589793286 -0.97946040313453552884 -7.6403225250631576215e-05 0.20163658610003135085 -0.12741930746597296409 0.77526361786288433553 -0.61865227947775724981 -0.15627424220398414278 -0.63163780521806167645 -0.7593497509336456508
-1.5382810675107263521 -6.4463689923210525379 6.7949595132027384992 0.99685598276725861933 -0.0050204976027320071669 0.079075560224499769069 0.0031370810381481598755 0.9997088537940668207 0.023924179573163388557 -0.079172648961315483795 -0.02360089509976683389 0.99658150163793446374
0.20957777023808937811 1.5314414611758773166 4.596436469658540247 -0.99320080593163417859 -0.0063713237948896384033 -0.11623925898712092475 -0.010855363031975762134 -0.98908185220524935666 0.14696683548215269677 -0.11590651487391839813 0.14722939880087723696 0.98228772970984257196
-6.193678587943771241 0.58568272746765481784 0.78819591153215684542 0.95891878833557653294 0.0011558575168962555504 0.28367837663540584892 -0.27763938130451626396 -0.20145241495407012478 0.93932598093424779506 0.058233421039289523513 -0.97949762046807242744 -0.19285559408911895352
1.7107482721555764549 7.2046786581081478928 -3.2119931779484121037 0.99694646182229351705 0.0032371520078238566649 0.078020978633612320108 0.074867375709624220392 0.24436490907692931529 -0.96678884316388769005 -0.02219523179465887619 0.96967794244209026822 0.24337637442218723605
-6.3447757570153635598 -4.875603234016359977 -2.9684912920079833398 0.80502919830506836085 0.0047297838356902648094 0.59321633408157725675 0.22278271871132732107 -0.92918764546951548855 -0.29492063296840187459 0.54981437787670872641 0.36957806841288226574 -0.74907689940913491089
-2.2915376378759804155 -2.3724576873603107074 -5.6862604519808161996 -0.98076995589937543407 0.0020319330244592615289 -0.19515676994007180589 0.034776823976607924849 -0.98212331062603919207 -0.1849983114492966263 -0.19204391716309282545 -0.18822771839764002033 0.96316637187318099311
-5.0277009453325849364 5.1339380236410319114 0.75044206766220999949 0.86160815550092140214 -0.0020679824738661389295 0.50756980783221450348 -0.27015958675222906393 -0.84844453417768650461 0.45514357087621981623 0.42970360024118026132 -0.52928026212258760808 -0.73158541542815169745
-4.5417261764011396252 5.0821969421572452674 -1.6453036820306903287 -0.75478858330946996258 -0.0042562388776661809128 -0.65595432686752996876 0.13840551777848236759 0.97643339116326177685 -0.16559512453539046439 0.64120052023849127831 -0.21577700770016705611 -0.73641168906661258475
-5.3135412888327362424 5.9216295139582220131 -2.6913489687279557039 -0.84109308072391741895 0.0073053193415886447451 0.5408410689543519112 0.080634775813566164637 -0.98704176328908133087 0.13873208155566080224 0.53484620451853004397 0.16029719221677066199 0.82960493470059792909
-6.9691269987982495948 5.5515086973443530383 1.0166214492746759035 0.96247208974427234107 0.0065113695854230437335 0.27130255901736033408 -0.096258132031512941285 -0.92652077415270639449 0.36372190899252693219 0.2537357847861106408 -0.37618726338017760558 -0.89112361341696588735
1.0338355452942946666 3.6050565981377680203 -1.7938906866836992204 -0.4810726597592819842 -0.00021037747982446258765 -0.87668070115262874964 -0.10252273498752513536 -0.99312495666962286034 0.056496984439977263048 -0.87066536903845714868 0.11705885776587156288 0.47774369590376003503
6.7460056945466195799 4.8614893988976701777 6.2626759707241674846 0.90976600358469938978 0.0069443880780170096426 -0.41506336166403717813 0.37042837922340332568 0.43772535043703680868 0.81925535301932561616 0.18737298254427098287 -0.89908191676796511693 0.39565524431429882624
-0.42742349703496795854 -1.7002347156586556931 -5.157844043985846838 0.86532345516806097319 0.00011993356823930372002 -0.50121383016823861656 0.25428025989902003356 -0.8618575420930687514 0.43879736389695228604 -0.43192229319833930212 -0.50715043404612458744 -0.74581604292553260738
0.95581789941982919778 6.5927157100768898346 5.9803492471046322265 0.99960517212051658298 -0.0010003174314499041486 -0.028080228541879213855 -0.010225338060591381353 0.91789049985287862743 -0.39670199487943408334 0.026171402932836207444 0.3968324957016212684 0.91751786250927858113
-3.8944848908423925771 -0.68711305024386670759 -6.1069448973125926017 -0.99105008579130693391 0.0014377844043096015339 0.13348280873985957085 -0.088375551148813139002 -0.75649532480753600705 -0.64800045177720289047 0.10004743581033882782 -0.65399752011792056106 0.74985182154041296609
-5.9972198522408852739 -3.5588929930667085877 5.7808156170055644552 -0.8870707341645971411 -0.0018415027665692616961 -0.46162985329833633452 -0.17861353853682407355 0.92347664785942129573 0.33954099120707265103 0.42567912380110517478 0.38365021794082176942 -0.81951802532589079764
6.3267987684420434746 -6.4254472860757267938 -5.0674964391250973961 -0.92630297875040512601 0.004411732530216525873 0.37675367041884211261 -0.33616055231796254654 0.44194380062249960517 -0.83167407086950884132 -0.17017307255637592611 -0.89703189113177195235 -0.40789080851289333252
-2.021099181550316537 4.2831200382223171275 -3.6557344515495402426 0.99791734407301779797 -0.0011278270008839626909 -0.064495754932948498594 -0.014241547308490197163 0.97132244053844873921 -0.23733919785091284194 0.062913851641502788192 0.23776342130888272752 0.96928344809936384241
-6.3791606851100999265 -3.6502036449307206922 -7.4888041292533085169 0.61347404375824410305 -0.0048757735302823266427 -0.78969983187754144716 0.75125687823319575731 0.3118596043440401977 0.58168435606064305965 0.24343931593362985732 -0.95011568454102646175 0.19498073096313217611
6.583036703114118815 6.3988898528698676671 -5.7462301209938670965 -0.97485742882237746976 0.0040055411540994324826 0.22279351226994642543 -0.22278432136900716554 -0.037656741113317009073 -0.97414019319648759154 0.0044877189795661182395 -0.99928270548865572032 0.037602325587252079242
2.849467309242256885 -2.4088710884268182966 -2.6186645539592099396 0.92560367786314912131 0.0020223127303162823434 -0.37848876043751561449 -0.28556012412878456486 -0.65260111851629110102 -0.70183131564420930815 -0.2484215108115340187 0.75769894441163965215 -0.60347250360194171215
-5.3561933980275302503 5.3234059111916733897 -3.7848513864629427239 -0.96406918515525308333 -0.0043855728312642222946 0.26561508425749746909 0.21789903461554202546 -0.58498964733396519033 0.7812215583467281288 0.15195597042489894513 0.81102890162004637187 0.564926104715693711
4.7126591142864668882 -2.1903946549461852378 -2.0526585200839675416 -0.99465848480934571096 0.01574891622336323585 0.10201210827398549119 -0.080074106351602766796 -0.74137286291665938087 -0.66629904369038894796 0.065135520944437308444 -0.67090852563407821219 0.73867388890017182668
-0.35809697554110347939 7.3893382403386631552 5.2144078888003857486 -0.97795911850593530978 0.0027657796404786817029 -0.20877814299855881885 0.0092064484401288854826 -0.99836858833890362863 -0.056350715393086683869 -0.20859339356285769296 -0.057030801161973287972 0.97633820158831585712
-3.8081597883714968233 -6.61089022554553285 4.9449372761358807438 0.9996672014668880335 -0.0014884731015037322086 -0.025754043553742129308 -0.021890082677480632301 -0.57717703529865960199 -0.81632560550575161695 -0.013649563799435250611 0.81661769168427422727 -0.57701753442711412045
-3.0558145411071966357 -6.8911385475276789592 -5.2961086816220728224 -0.78330861493277736951 0.0041785615900541061771 0.62161897766638851692 0.42865935944172178784 -0.72057205240093691323 0.54500189986980007717 0.45019858655378952594 0.69336747610613891357 0.56263911679093758789
5.3168240455836972558 4.2680375931111216303 5.5291986919773004061 0.94474204707221609567 0.0093614931839580625694 -0.32768098348745744453 -0.32355142479345494477 -0.13405748203228434745 -0.93666593138921172557 -0.052696679288519836237 0.99092933852850850762 -0.12362081554261980521
-1.4473826032328396263 6.4587103398225513828 -4.2471574552424602444 -0.98539166367434438687 0.016046288491623497685 -0.16954582208560856071 -0.1549650483085965591 0.32842298444843359695 0.93173181607615707112 0.070633582407660891467 0.94439444085174806265 -0.32113865716327782973
1.0998620045585054683 5.3877616720250838256 0.72342847472795823727 0.87413571988103344612 -0.010124171123937644387 -0.48557619833246407071 -0.44941608445308656172 0.36221831026092288219 -0.81659235775665750534 0.18415191083137558148 0.93203830225515515995 0.31207799804916186437
0.11575966759082893798 -7.3895680519833950584 -1.3287717030086132475 0.99366528267062192992 0.0048244334003720449125 0.11227658196467799057 0.079194118618922212938 0.67879229847511801665 -0.73004746907794060284 -0.079734544530362744252 0.73431446967446423191 0.67411027438789505872
5.3417545048045571576 -7.0108500417846633113 -7.4915423388904178736 0.99976579651768793244 0.00076019887729961328759 -0.021628088475465840484 -0.0077351447779117708109 0.94591857194584161306 -0.32431192204914044419 0.020211869005508458635 0.32440326346329756424 0.94570291477069567954
6.8889428705115367535 -2.0098542601834124 0.94487125410171668438 0.92829932440021245554 3.2402813346443098963e-05 0.37183378446327597366 -0.35024312185011091669 -0.33572007989777791215 0.87442654554293031133 0.12486040170887405254 -0.94196179694484849509 -0.31163737449416079039
5.3347974811275955531 1.7021176445690291423 -3.5012113130695730057 0.98608472410436764921 -0.00091465814942774887122 -0.16624103070103349311 -0.10621831537675320567 -0.77271804123410636755 -0.6257990877508683436 -0.12788505138049757748 0.63474876301715621452 -0.76206260994860774982
-2.4898996183935739879 7.1885906659775491434 -4.9962807637784329984 -0.99919444728216932905 -0.0025425386076332653212 -0.040049869135070498283 0.040004036766488455801 0.016058741577160164787 -0.99907046491291806589 0.0031833257274487729641 -0.99986781742203190149 -0.015944093606296196736
-1.4885931966399539306 -4.1084186765815884357 -1.0498816654931191206 0.99990910652154429972 -0.0098245728413745344459 -0.0092334426841125978591 -0.0075755225914936382553 -0.97591416023703103644 0.21802330908910755314 -0.011153033344409235203 -0.21793354403848144707 -0.97589988227787227704
5.3487704775925886125 6.8244711886813425039 7.2138613102623097006 -0.95775061060604860241 -0.0074140427407941317944 0.28750443449435519883 0.11650418390566945337 0.90397087467539616323 0.41141637409212683529 -0.26294589370470700107 0.42752975301005080588 -0.86491489019149936368
-4.282579593049851141 6.6843000363655731277 -3.8250585001164103538 -0.9869347102983401232 0.0045606701342012605227 0.16105613274955860037 -0.15985995803228011947 -0.15252075561323877317 -0.97528570835688599416 0.02011644666068843762 -0.9882897446573639666 0.15125709629195568939
6.5209908474790587718 -0.23951102464907556011 -1.1347409163948167787 -0.92783044058601027437 0.00049976717502238799523 0.37300190851378678403 0.32160197220295722031 -0.50549828536247265465 0.80065201865150059657 0.18895196478812620322 0.86282746463499182532 0.46885597071420642701
-0.77653583934557535162 -2.7065309392953560419 6.7118389619996996487 0.99994393131260683738 6.4138003742404323636e-05 -0.010589150931886523108 0.010331703124499718935 0.21333248165250762174 0.97692502689938909288 0.0023216678679452797986 -0.97697965595923186299 0.21331985772545508651
-5.7609427050181754026 -5.7143033427221974208 -2.2254765281276602806 0.94517679488802053278 0.00095795913099337368091 -0.32655766522847928801 -0.080250004005802635931 -0.96864917060708777274 -0.23511427251280597739 -0.31654504144319178804 0.24843080846882983903 -0.91546784222129939934
1.5233938849816606176 -1.4104708108839831837 -0.19970240420957005578 -0.99606330142597931943 0.0048076295897739439872 -0.088514327937136358382 0.043665957280578315824 -0.84236741497841882698 -0.53713166203200490845 -0.077143915684916297693 -0.53888219944647330895 0.83884133862885279509
0.89306908465096734862 2.8058642518827379142 2.7644691649536534683 -0.99790586808385650652 -0.0064838559665364309259 -0.064357113481201502769 -0.042318574594849951709 0.817916795910567207 0.57377805222199418367 0.04891846980523602284 0.57529998659758541102 -0.81647835778583566224
2.8360852299935492837 -5.1132641162456202721 2.4239584599401307052 0.88015973005463965517 -0.0035461104016099621872 -0.47466438110642311665 -0.14113790802038755912 0.95279175477756272716 -0.2688270130538799596 0.45320959887202211247 0.3036038490020075975 0.83810844307967591327
-2.9373222330266290925 -1.5849178414224940337 -2.1070358377192985877 0.99660447939051144406 -0.0073716944595562305595 -0.082007132492634068899 -0.05766468183455222829 -0.77342880066281916029 -0.63125484138675425072 -0.058773260312686564921 0.63384031776629945476 -0.77122769364578913631
5.3592517978358245045 -2.4885113623959442819 0.057094833320665741572 -0.7191230890016386823 -0.0080177528503654720005 0.6948364545012931659 -0.56825212740254082977 -0.56872577618359720919 -0.59467681240051328828 0.39993937361460163427 -0.82248811975833535648 0.40442773184979247114
-1.0238982855738179012 3.837581680854672328 0.56062486699901381559 -0.9330713392130904893 0.007275798991713821294 0.3596177674811394942 -0.31647558201129594169 0.45854198932747058937 -0.83041101270040085236 -0.17094175010719403485 -0.88864295798289116846 -0.42554977534673804618
-4.0317808187425310251 -3.4130493852598449145 0.82494176487253023655 0.9973563590560275971 0.00051397773384642415472 -0.072663807203968380777 -0.039648317524840687165 -0.83415814933890297667 -0.5500983483060141177 -0.060895845243641132105 0.55152508348977491437 -0.83193255634917662178
3.1043028720527785502 0.80521067823843905931 1.8821450676557160975 0.96506549710487021798 -0.0096872470227391017927 -0.26182960784232695017 0.14599434649244658058 0.84968477873302239445 0.50667684729192163928 0.21756432862484004209 -0.5272019859926379004 0.82141574666874517252
6.8932793626271351428 -3.3938878900673721262 7.4794666044337505539 -0.90971543970197521478 0.0067742297708716292179 0.41517698464466801234 -0.39836096526580905275 -0.2963550798179805934 -0.86803352931706123652 0.11715954984659573967 -0.95505380815800344774 0.27229738045501289401
-3.436980040632109823 -4.5860661510677047659 -7.1342625121992169213 -0.98566965020978924983 0.0020073495980216507148 0.16867516474903335166 0.16589411628174799418 0.19274129186947810966 0.96712457139280483265 -0.030569312040411064646 0.98124755538864438797 -0.19031224922555992074
-1.0585476350006579604 -3.9803872941244158312 -5.4378120875513786814 -0.98801370125565313174 -0.0026480650995172666171 0.15434349316495191151 -0.15311990941939829236 0.14360858667994247373 -0.97771717135952229683 -0.019575992198006555989 -0.98963102294897908884 -0.14229272274594703673
-1.5942135115472357842 -1.9096422391707061905 5.6830756770004775547 -0.98809014091868241358 0.00059711003582182779759 -0.15387500407388388091 0.0063986222144868012268 0.99928697232306507026 -0.037210275185348105909 0.153743068308346581 -0.037751694070731867114 -0.98738942598246759452
-2.9010569552495857337 -1.0713580306060979108 -0.50822861841033839525 -0.99229442806447831771 0.010667320035986119567 0.12344219827714571214 -0.081620045119891099228 0.69329488768219360573 -0.71601701582326460205 -0.093219827648759509553 -0.7205750529938113047 -0.68708198690990540669
-3.6049559528869394853 -2.5980914668981895943 1.381770848088054171 -0.9986272318138913473 -0.013550429386342422583 0.050596815542681153333 -0.043924880227701655622 0.74286880790196541113 -0.66799441550300908688 -0.028535184888092361699 -0.66929987308357463682 -0.74244422222394235167
-3.0560080799234685678 -6.3215121205167141838 -0.24885805423453749574 0.85959658651252490724 -0.0042137575165886410541 -0.51095592050932681083 -0.34708618233500909689 -0.73868339664337201445 -0.57782179048161808055 -0.37499985398402113645 0.67403937850168760271 -0.63643226327789248487
-5.4126381074652343273 -3.8316327412869983782 -5.2816188162702601971 -0.99160600684452149256 -0.0015959721182648269402 0.12928642644498963832 0.0092626197851550778201 0.99647780570827826363 0.083343785644797649392 -0.12896406888987410611 0.083841729490060773466 -0.98809859494455232198
-3.9323863813634782893 2.6710020884977883071 -5.6510063209205450008 0.9944371751499754275 -0.0045415042351131078291 0.10523345199613476364 0.067218148220465984144 -0.74182690720812283214 -0.66721402884820357748 0.081095161566895571092 0.6705760318423664712 -0.7373949825495199617
4.4775969135469555482 0.51556298337049533131 -1.1936679929620002127 0.99059221686575815724 -0.012072376659466269033 -0.13631330678502712184 -0.077014518741821469394 -0.8725649206147182424 -0.48238907866518321299 -0.11311862705953923403 0.48834897054695031171 -0.86528576734960760408
1.2587097183332458528 -2.8326085556301783264 7.2814670496860189886 0.99442183542561779497 0.0066114413017215462043 -0.10526871364535013431 -0.014423623261482653238 0.99718172395449578005 -0.073624510205882523484 0.10448527322374379089 0.074732176838130243146 0.9917146411263401129
6.8356670906092293905 3.3734138339317545352 4.1912239638183494961 -0.99018165261569379698 -0.0084724794662632101072 0.13952960945567133288 0.13971056854184632501 -0.027064336505534226929 0.98982244808209196574 -0.0046099740638215463279 0.99959778850357283719 0.027982304371185540148
-1.664780891011063968 -1.7239676757884967451 3.2450111532976930739 0.60132871000234666692 0.013927678133288139833 0.7988803429230219022 -0.18161414303149314708 -0.97129395199867762933 0.15363711095264190321 0.77808745368239506934 -0.23747437460228543182 -0.58153747585980553048
-1.970078763638606123 3.8484198831684359732 -4.6751975488668673364 -0.90794440456669944783 -0.0079440435384700719412 0.41901533431168885846 -0.21689522258782578668 0.86441371052567028688 -0.45359166601010292297 -0.35859924795602454717 -0.50271843931511595027 -0.78656261679402206255
2.7389763342446658001 2.9836432928331464431 -6.8972981927906493738 -0.97576720603377220531 -0.013917101380063114091 0.21836820720574881549 0.18864411497277219776 0.45215272594696365172 0.87176333388420590431 -0.11086819884525951629 0.89183194981332791773 -0.43857042282503549968
-5.326898791352133955 -1.5159470615779437885 -5.5890240231572905216 0.9933146729652905238 -0.0099090590776649244142 -0.11501204728275718492 -0.083107369536874836635 0.63010025793308999109 -0.7720536445620549415 0.080119445833369690169 0.77645056217444674562 0.62506431580957466654
4.1653824429475569957 -3.3171677435886750551 5.4037886683446121339 0.89537977422826442453 -0.0025972386822903253435 0.44529576042701013439 0.27506143320711307076 0.78963054662545739681 -0.54847498374849845693 -0.35019461427192072334 0.61357709718266950638 0.70773362075555235062
-5.2183936795647776208 5.058555688689150287 -0.54160306967407301215 0.87284452542798951491 0.0045332266074995242189 0.48797733993189690294 0.16947016480225193802 -0.94053827108978949045 -0.29439365458073391002 0.45762681048249265192 0.33965748993953293056 -0.82171192753640953654
0.53144504406883152914 7.0233350799979037404 -4.3997035666104471474 0.95876658107959478183 0.006932324992498668445 0.28411016503307517933 0.2814400314502247813 -0.16201476613030252327 -0.9458026878017693484 0.039473430332496561856 0.98676398314169300185 -0.15728537717110843697
6.0836647830174293006 -6.887372089434462552 -6.2069113717315858025 0.97984658453814132972 -0.0057662791949787094159 0.19966827688221899795 -0.048729047655482783663 -0.97628427526001915204 0.21093717973537390309 0.19371667631740038806 -0.21641572009530318788 -0.95688979794547190938
3.8236364482043088131 -3.0745272129526153293 -3.6572889818856113564 0.99927102755496199915 -0.0096710302520041768054 -0.036930809130812439212 -0.03382997522212519842 0.22394770718677051158 -0.97401383831152210657 0.017690287325568213733 0.9745531774200948405 0.22345728476531762086
4.4326155537529361439 -5.2520043642046179144 7.1133109512098764426 0.85987352861099763945 0.00032741393265292226267 -0.5105070103281197369 0.13695719251090127111 0.96319373501481053701 0.23130187255578549266 0.49179288548494820565 -0.26880796422058328421 0.82817995397016952452
-0.082339068154472061511 -1.842413954069703097 -2.4988515816861118779 0.91602101123924717374 0.0030821172573492813113 -0.40111844575049943051 0.13379860638555945984 0.94035551072847922693 0.31277699143609982713 0.37815795627935944179 -0.34017938502466155137 0.86097302286822008366
-1.5708529031414102395 -4.6502075666018116706 1.7304402460671355346 0.99812292126770807421 -0.0065502954288328106569 0.060891113225288721889 -0.012296795820843036892 0.95257959931308300305 0.30404094425758210196 -0.059995190245247083383 -0.30421900105397448044 0.95071098476091542295
-1.355380666450256788 7.411552134978954598 -6.0586985155450756579 0.82405149149899648009 0.0031223796578786350286 0.56650630190988293666 -0.11622978465784535029 -0.97778042907187878718 0.17445936398637165721 0.55446350332262117622 -0.2096084045772934612 -0.80537850741990757442
3.8171731267652164732 1.8743164250697355033 -2.4267245687506813212 -0.8140276240750163872 0.00099605867985611083043 -0.58082530515621255685 -0.52405088508443609108 -0.43247047838973140532 0.73371653597505459565 -0.25045897285755985839 0.90164754377101286043 0.35256490143903285173
3.8776250880184459646 -1.1740081092307921296 -3.9798644545916253001 -0.98075457657565479064 0.011508007403474886099 0.19490517256225309284 -0.16715925542886014843 0.46633238242231855875 -0.86867248858758439045 -0.10088728289726174581 -0.88453472225229423653 -0.4554339483170095626
-7.0197691362174063912 6.2269879631433378009 -7.1888497601488028366 0.94665315521528892173 0.003719031866007907125 -0.32223279243891050916 -0.28251395818742913724 -0.4714636360886733657 -0.83540882403479554963 -0.15502795602796168306 0.88187766081697049891 -0.44526186025963498949
-6.3895380179448375557 -0.46984550635740746083 -5.0404791334140046644 0.76695845382008376312 0.0014576816345599351472 -0.64169510304990740046 0.40488421994263401604 -0.77691360721499835851 0.48215559248613848453 -0.49783882789046546291 -0.62960552895317944966 -0.59645065123291951537
-0.45440970814470882377 3.330575539795736173 1.5062411940966440316 0.85437656824532381972 -0.0024414675474162773547 -0.51964864944451327755 -0.4554049335319016456 0.47813141571662010065 -0.7509971343617836137 0.25029387956587489938 0.87828491307834188895 0.40739242176410739305
3.864285556796144494 -0.79902216383498725349 1.6360615743671478306 -0.99141002496767849372 0.009605626109569673568 -0.13043731958500254242 -0.096873867910083732991 0.61611376134594619813 0.78167722673512329834 0.087872726767782266544 0.78759860654215629872 -0.6098908253640378252
0.64949486286299917825 0.45244515205648738743 -3.0182930410305095492 0.99993804860678325852 -0.0015391360647059757968 0.011024064977799747506 0.0068697596629784113409 -0.69393385613067171125 -0.72000597894586426673 0.0087581590893271825393 0.72003710624924477379 -0.69388029246657045856
1.6040757676490016159 -5.8321233281407298676 7.4198049721000156609 -0.83266250721411494418 -0.012675070639256099531 0.5536357030253703515 0.32698438344216218532 -0.81810987715982907975 0.47305120428826147316 0.44693887956297728703 0.57492223080856419415 0.68535397165052791557
1.523521528524553581 -0.097056678364518422786 4.1062924466611843144 0.99199580121943431443 -0.0053188493425972600825 0.12615878964484919522 -0.055041302564373895123 0.88098275868119346743 0.46993598917138607041 -0.11364323726028195682 -0.47311847221193054081 0.8736384411625325308
6.2583766980276029912 3.887549059948279595 -2.8449159716183207713 -0.4069762025021103069 -0.0011931792076994235732 0.91343798197812009487 0.44965619212991914111 0.87018154824657922841 0.20147799376186556475 -0.795097276738005454 0.49272979351207962795 -0.35360666157376252627
-0.10371580184740245012 -1.1165731979469935009 -1.3560172588652825709 0.75069958630330968496 0.00071573513073400771636 -0.6606433370943537442 -0.34491917539029787187 0.85331109675469918319 -0.39101270389002035222 0.56345442901098663491 0.52140163010732665239 0.64082715809298085308
-4.8019644433077033341 -5.3022880020935829748 -3.1793734677615010931 -0.99724322880242810552 0.012308477924114717 -0.073174066301056245321 -0.0088968909794561387705 0.9591980290302994927 0.28259509273045885225 0.073666735632424443225 0.28246706440859864484 -0.95644423234478759266
-6.5686039210536533162 -7.2377750506826963317 -7.0262483009100407116 0.86154501101198888158 -0.0019088026674321410467 0.50767760485636337364 -0.50748696117211511414 0.024420891772533384612 0.86131330204831269004 -0.014042016971968834457 -0.99969994324172462008 0.020071005005912856411
-1.5218191103495684047 -3.9381737432950636446 7.27623623054884483 -0.99928650990733758341 -0.013138508896544826357 0.035409754322260622583 -0.014211796492063376654 -0.73783324473301281632 -0.67483340744740527573 0.034992798654181651863 -0.67485515671935403237 0.73712008620822533356
0.98485426475101922605 -2.9705071218701313285 -2.3067442227398289312 0.22165783607610431427 -0.00540881757111148255 -0.97510950584980471412 0.90201985590684330418 0.38102445321761080343 0.20292990316814077389 0.37044295546777566974 -0.92454913917151337888 0.08933591663846264519
-1.3784299928165690829 -3.8013573233825903586 -4.1126023697441738136 0.9995370281062143647 -0.012975432262491771659 0.027520312539544365682 0.021603039483330834652 -0.33427533004890064294 -0.94222784527199665572 0.021425175139405321784 0.94238614266039755218 -0.33384026119073795247
-3.0440652599539119727 3.9205910596563002812 -2.2723835247452455199 0.93339536779158283064 -0.015126906146882829543 0.35853070174752688093 -0.075347953899529626631 -0.98510016267900935016 0.15459739756222592999 0.35085007229345893665 -0.17131504954407053565 -0.92062771008235266823
-1.7505539378701207021 -1.9252127353926922204 0.18682586064439754558 0.74368443326967292872 0.0035415073129242066741 -0.66852144426201931537 -0.0017180385313233853192 0.99999279068721413921 0.003386283699825142629 0.66852861723031531405 -0.0013697808739478777376 0.74368515626201603386
5.4022318072899269126 5.1723888298366853533 -3.1612690419619946525 -0.92318855147856759835 -0.01219360607890788116 -0.38415389414858536199 0.34638327881550412535 0.4067386815393036481 -0.84532968071434100299 0.1665578655476805392 -0.91346316888547451907 -0.37127283298639440767
3.8536073729358792939 1.8837069617300790103 1.0782246236934245331 -0.9718993337182314507 -0.015495344797225082262 0.23488631166529785887 0.16928525790624010527 0.64734079456140791731 0.74316377545744294331 -0.16356707056657071586 0.76204316805954142033 -0.62652695348254860974
-5.6280316853561309642 -5.0445377518564891162 -6.5328385923114726808 -0.96232981889179103341 -0.0020733374766479812507 -0.27187684885530216672 -0.2534802223741412508 0.36849759236035556365 0.89440332137686306968 0.098331564296255447033 0.92962639038290051374 -0.35514177136279861946
-0.40228924736211818525 7.1538253308753185777 -0.41746398742218493449 0.998634097369484941 0.0086090288252649149053 -0.051534689227470550921 0.049110054496526556189 -0.49137090290121532288 0.86956474073484690823 -0.017836538858036189714 -0.87090787136452640915 -0.49112252796718292025
1.4267975059805209082 -4.4313624427901716629 3.6530303272815087823 -0.97867729143923032353 -0.012014533669597622992 0.2050522133554469606 0.02950428742252510228 -0.99615826968945653253 0.08245119012562109051 0.20327384545222060286 0.086743026867579925421 0.97527195747904438239
-1.8999033031044187947 -1.9519787169319404718 -1.2355893441403944522 0.99871754457849115649 0.0063722048961275170459 -0.050226100345008448111 0.046095951268896984132 -0.52473119799106593408 0.85001901927626288824 -0.020938706448017898459 -0.85124412765055246233 -0.52435198646773673037
3.2394685424027871434 -4.4392433222810154803 6.2471317807487638518 -0.98277184620856505859 -0.0011359786053200416484 -0.18481939252256271433 0.18470217136615832421 -0.042171938238458939185 -0.9818893193826861987 -0.0066787867471550400184 -0.99910972229169192627 0.041655211315855728005
0.85756736009053391445 2.0955674774156696216 6.8847955576093795571 0.93125891019174478203 0.0046594274412556889453 -0.36432832984047813785 -0.11621294495037104433 0.95149159129821347936 -0.28488296389003403553 0.34532795081551448391 0.30763946662405727839 0.88662650815378485358
-7.0344799643292539315 -3.4619607577336597437 -1.439724468569937299 -0.95946876285244453442 0.0041401111787404843573 -0.28178458543677592507 0.11543227781580453484 0.91793895070149433835 -0.37955694174036852528 0.25708963874220347456 -0.39670006587403455756 -0.8812116518673965837
6.5974985158376684424 -6.7897701254896887235 -3.6002456713870207849 0.53659820808423130956 0.0050511209946204772142 -0.84382275938582929076 -0.56944310604972203649 -0.73579679024469213378 -0.3665209849901154282 -0.62273341973376561409 0.67718355683105269094 -0.3919509131312050032
6.2241369861369415517 4.6956886641729163046 3.2319144709538045745 0.97026396895956534827 -0.0097555062382471621762 0.24185255970704355732 0.23674545775149291593 -0.16977409894255141021 -0.95662340738781559413 0.050392646019613712705 0.98543471900790913232 -0.16241611927653684666
-4.778865898838970061 -3.2968168642506974209 4.2918903120026445919 0.91771700731714833665 0.0014849889828741800676 0.39723203456990113791 0.30652184497549894715 0.63340909471740336478 -0.71051901964830921354 -0.25266549632605606046 0.77381568447338766603 0.58083511724877356919
-0.43948264415603222055 -2.8220826082145338276 -1.9603859080419907546 0.64670269080659836813 -0.010947113828814079503 -0.76266361549654038132 0.27841447549874381862 -0.92751666728374093651 0.24939569311379297667 -0.71011337794490814179 -0.3736214563026565294 -0.59677968954554072578
-6.6320388995251970954 5.2978859452420916654 2.9973489899997445285 -0.97716511198169275776 -0.0076415470664548904717 -0.21234394430773803619 -0.1271163546423062507 -0.77976971909021375318 0.61302578866834855909 -0.17026384322038046193 0.62601980156251990639 0.7609923992678978566
-1.2168134018811131991 -2.7369899691884205239 0.79136234521422410548 0.99948402147882797752 0.0080218388282183410165 0.031102104593696361379 0.019204015525267112419 0.62693876714423202312 -0.77883180985329503176 -0.025746778362472244606 0.77902723466724976831 0.62646122868897424762
-4.4077852249927413908 -3.1965893354561289996 5.551665804801159787 0.88427563854089186179 0.0010496325632747775108 0.46696412426923833427 -0.46489406394266558076 -0.092102763191696912504 0.88056265553523016543 0.043932953393799635544 -0.99574895394566087514 -0.080956261784639660384
4.1414707089547446728 2.5414968764524297207 -3.7126842583741765935 -0.96109684132316519634 -0.0076248492773216408613 0.27610636224503670721 -0.017470546954706900333 0.9992954590415176197 -0.033216946401013344725 -0.27565855979413017574 -0.036748431430566858014 -0.96055291952063170946
1.7756044102693289144 -3.1851075801960773148 3.6182551171126022815 -0.8665337955488332522 -0.009104596433676677425 -0.49903535695921769078 -0.23687544248772615663 -0.87256009154174518638 0.42723402415398609167 -0.43932813012362176286 0.488421941534590065 0.75394615265933340176
2.8503158806158559457 -3.5176455676848084053 6.950133576587695039 0.81014659648999809427 0.006274028407479569254 0.58619376383866328428 -0.56837469824693931386 0.25329949147512781371 0.7828087697586710858 -0.14357121782714318825 -0.96736756415853220048 0.20877571991408058749
-4.6886965774713393884 -3.9628312433344627941 -6.3738665947571977455 -0.95444238813382453746 0.0067980075391525949732 -0.29831780843055882846 -0.29802735626202375707 -0.07134625613124429 0.95188728673906508604 -0.014812921817164878893 0.99742844296191501829 0.070121883301068874128
-0.54472771045975765247 6.0795787768213029878 -0.45202585970878927935 0.90040802742838721429 -0.0017393094525261583363 -0.43504293919690861792 -0.16638005577253145439 0.92259536092592631107 -0.348045222692740297 0.40197395585245099259 0.38576518090773276315 0.83042288264222618999
6.1782366312088452531 -5.1479541089513727314 4.9185035877125153903 0.9922946859067482972 -0.0072033179841947004435 0.12369061618185871188 0.11754223501009378183 0.37041784607811933938 -0.92139809110701897943 -0.039180088185885315888 0.92883730088585236828 0.36841035432368329783
0.99134381925399550628 -0.36084437092821813886 3.0328551805076697789 -0.99868781606249845684 -0.0014705953362554226999 -0.051190657326836995489 0.041039120175448702554 0.57495270077779403461 -0.81715676738523967959 0.030633913615789456347 -0.81818532693868606387 -0.57413790514034512835
-5.1558700087835438453 -7.0794908644614995552 2.5530720589819466682 -0.96317321768354136058 -0.0054683636427920118486 -0.2688260585140558323 -0.20328461285902899025 -0.63958336515083025198 0.74135584249199204532 -0.17599067848015342852 0.76870229349298635491 0.61491793360302549054
1.8886412260447937861 -3.1446843245014459711 -6.8649239896500287017 0.95206433504438525706 -0.0058409187173385640479 -0.30584209259834443939 -0.29934262545137824141 -0.22366396778660152522 -0.92756046816465043126 -0.062988050646774235153 0.97464881530865532522 -0.21469092270807116352
-2.2010948554996927484 0.27179674299285805361 -2.6129474071190497142 -0.87637518611761267007 -0.00092399274229004670252 0.48162815469481845554 -0.40831604363617779452 -0.52891980425864748572 -0.7439904899743665645 0.25543011111975610916 -0.84867130674973478843 0.46315491083752657886
-5.6917767933522105395 1.3455714876614466302 -4.1476914876865498272 0.83770085623693035792 0.0055100856103632561006 -0.54610156053289948819 0.44673901674791277605 0.56826170254100527579 0.69101583798077148568 0.31413615897408520006 -0.82282943334681768466 0.47357174455756667619
5.3223263892867027636 6.5139767096368998978 -2.2615458057056692098 -0.99372777402836520722 0.0009900714694996170552 -0.11182187122029474402 0.11113666727942210499 0.11962305711843509992 -0.98657942680332610941 0.012399689945220457657 -0.99281888779579208215 -0.11898278751620507132
6.2845944643860551793 4.4065752019574500054 -6.8602419475544147431 0.9547647805579111413 -0.0077433850798643549113 0.29726125511665940637 0.054467401491481375053 -0.97819414790921743741 -0.20042332990658687231 0.29233117517772566618 0.20754818472729388845 -0.93352355890766502977
1.3107417554408538063 -4.3181738110010972065 -6.1375570321341967883 -0.91985787051992651264 -0.0083755505405801906893 -0.39216240028296978082 0.20579760587806239513 0.84081480060236013507 -0.50067735768939281016 0.33392939891148548659 -0.54125809115542589112 -0.77170644373453189946
5.5188477668112687624 0.3489136816012336495 4.997049881269785665 0.63238555663378415161 -0.016946538642011871323 0.7744684129059253852 0.51436108171332983741 0.75674976402414084742 -0.40343831284132863901 -0.57924190575250866786 0.65348497264860017086 0.48727426070207224829
6.908477063828888376 4.7235157350210075222 -1.8677805692704101403 -0.98897616707474123032 0.018996062737380466773 -0.14685125317332228811 0.11638028901832521422 -0.51345698617672907993 -0.85018677458207236874 -0.091552003179120114429 -0.85790504891084928829 0.50558595487516955203
5.9515146468257409396 7.3531334402292163333 4.595625836560436106 -0.67653936827179239621 0.0078767090781357677887 0.73636433959867642063 -0.32706006677874255306 -0.89912507829855159436 -0.29087077249766529752 0.65979254004359766395 -0.4376208987568619424 0.61086966946652809796
-3.2126891278626503734 6.3462649470100380711 -6.1962641151352046975 0.94036791806893404999 -0.012639516887727759303 -0.3399241404778023945 0.23592510357212281846 0.7441236839808811343 0.62499543073781638203 0.24504596338486112073 -0.66792229005443426448 0.70273201882181257627
1.3491221738412761955 4.9674267126657776217 6.7491011480564422342 0.96581976569608385397 0.0001432326378088696027 -0.25921450514039195978 0.10161819460549223471 0.91974584595036512624 0.37913232700734461611 0.23846576843626821063 -0.39251440526598518899 0.88829416239379310749
1.7450205499949746901 -5.870289065100136483 -4.606474804771467646 -0.78109210165806741699 0.0024381014560493543403 0.6244110700402419889 0.35095093987262926394 0.8288132687213503047 0.43577747003938060999 -0.51645771030157272552 0.5595199918257622862 -0.64823515194506797776
6.0924117850576449129 -7.4426926700292757033 -1.9444361693989931084 0.99414398874439746656 -0.0094888550878254335902 0.10764613914371165548 -0.013503805788163555923 0.97742085420838287213 0.21086991484763403792 -0.1072164953384585756 -0.21108869080971440213 0.97156893102829222642
-5.3394605113072044489 0.39087609875169992968 -1.7509069332771771688 0.97891242095849662075 0.0032552865304556295387 -0.20425443741200682846 0.059344739028835989669 -0.9612832835421272204 0.26909598795225020407 -0.19547039172853986067 -0.27554283132027079795 -0.94120533044891185881
6.2232943369008664192 -1.4353547731198772475 -1.1671770656839202118 -0.27800285373624572527 0.013745561249411886867 0.96048189616484536124 -0.63080598965123635402 0.75146869348134004429 -0.19333547563122180368 -0.72442958024548165241 -0.65962554700636033544 -0.2002396589139708305
7.3318170842269037024 -6.4069849875822919572 -6.7396663934889149417 0.63802411616568521779 0.013427041397819333701 0.76989930624092883793 -0.52986536823104879446 0.7331401600760578674 0.42631936061258046688 -0.55871989291623547214 -0.6799450126613137968 0.47487562689258888682
-4.7010225212028853292 4.7163590490267566224 -3.1302335426153149456 -0.98704769051518237433 -0.0032595027968896172869 0.16039399081726971041 0.076852936522680284637 0.86799814502923477999 0.49058418887453181245 -0.14082074703896846346 0.49655673982676135081 -0.8565050620609714338
-3.5658012166177082136 -4.8693240486186493143 -3.8236191806351769173 -0.92358100285393696094 0.012811088029481764242 -0.38318925766634959196 -0.13499663933072311717 0.92457336451913818554 0.35628640303992287208 0.35885099768120437558 0.38078861543547770641 -0.85218894138445178132
-3.7905148451380763497 -6.4279143740913422533 6.8730765015404422513 0.7571084920216734071 0.019150542535076996165 0.65300841344449755965 -0.62801596393145842079 -0.25400149158584456321 0.73558085301314168891 0.17995188344658899493 -0.96701421860937175623 -0.18027983983583945049
1.8557326492612551405 0.19778808242852249921 1.1247906235874312042 0.99377648438075238957 -0.0049779527958917274208 0.11128126112642180989 -0.10827182715956074066 0.19164405359620415026 0.97547412480539663626 -0.026182256118456502525 -0.98145187182420923211 0.18991238179055952573
2.8031787199935291888 0.0064341809221683185505 7.0371783912939056549 -0.98131298497218844012 -0.0133141488157132587 0.19195718003304912402 0.048398653408398988052 0.94845130143708822335 0.31320552222234376849 -0.18623210215529137357 0.31664311494743185849 -0.93008319083997115229
6.0843836037331060496 5.5350110398310183868 5.5331981517563395556 -0.99954663657120856879 -0.0053640905294779824691 0.029626809681772690863 0.014514022302996297878 0.77627913651828306385 0.63022221903306308022 -0.026379243274135023845 0.63036650350346012939 -0.775849345417698677
-4.5640870980416492486 6.072561595387418798 -0.41167712732172040413 0.42323279395031287997 0.0025749509357819288374 0.90601731316391476145 0.83259719932933740072 0.39324336663730347086 -0.39005327618763074859 -0.35728966650879445677 0.91943081535449955322 0.16428959182680674678
-5.2582819643748912597 -4.0522215913072026083 -2.3122254537796269602 0.98050788327548665801 0.0034712539196442215514 0.19644908050426482249 0.16365535745985584914 -0.56770950619825333305 -0.80679789324648776283 0.10872541013689467071 0.82322163903081357894 -0.55721173553883662777
