1125 14.717824617146108679 14.977075390850430381 15.033177056927090831
-0.76698186132776691171 4.1992905614538438286 7.3038749079796279062 0.98722525169930952504 0.0087781385959167616828 -0.15908880127149824246 -0.052475830969651658664 0.96068674337166726218 -0.27263027761791019943 0.15044131603804417052 0.27749581148695218191 0.94887485214642197651
7.1349860009540888584 -5.3215249215439497377 -5.5892598537761877253 -0.84872904610697663674 -0.0029159381363130197629 -0.52881991603860756257 0.52812108167703308848 0.047012867733307546481 -0.847866683716080205 0.027333667565059727167 -0.99889002776706192765 -0.038361217983410703103
0.45841152165987358869 5.5800753553021840148 -3.4195948929416677409 0.86982177293775597704 -0.0014849977471195303577 -0.49336383947856754517 -0.13716199187777611268 -0.96130093800623228617 -0.23892905761438626433 -0.47391631255683291934 0.27549646344385242402 -0.83636417147230657232
-1.0361805850026890585 5.2903056750766417338 -6.0223688381435644956 -0.97406598214849504647 0.0062721723946703314759 -0.22617719220674106784 -0.010669858854580093269 -0.99977695319293302667 0.018226299025858025415 -0.22601242561659004582 0.020166896578436697973 0.97391564303551547699
-6.8626724274062720355 -0.71001302862528037352 -7.1994918024605727425 0.40273327937819219935 0.0059742761662830478134 0.91529788249816190771 -0.90904021648362709485 0.11952171046395723697 0.39919975644177546625 -0.10701303890977230393 -0.99281361229186149142 0.053566227711569158743
-3.2368868675879891583 -4.0525472161033313512 -0.80483985443121297543 -0.97523733394416289855 0.005312267423263014772 0.22109708794161272993 0.21875468805348613488 -0.123897575135501814 0.96788210921067718839 0.032535041663776409493 0.99228079226110865729 0.11966745745429871461
-1.4421577989033509404 0.21291558295564552705 -2.0168187334224243479 0.99625428149886519069 -0.0043784725619070022709 -0.086361076725305380153 0.0062993078223011747183 -0.992388905908451191 0.12298202368937997953 -0.086242247860824322592 -0.12306538265405339572 -0.98864411507693361614
5.7166431444035366027 -6.9390294220518899948 6.6838641092729567106 -0.99990990046405969771 -0.0019780930114632923333 -0.013276976392083082376 -0.01278644731411529914 -0.16073502007720366636 0.98691476839994374259 -0.0040862842732113137389 0.98699561319624673494 0.16069524514438107698
4.2214635941624596427 3.3595697776112247723 4.1484858473958503566 0.99595940792252368734 0.0038862605035673292164 -0.089720425489549934794 0.054986012714712560745 0.76350682952833859307 0.64345462906828432281 0.071002789920230846565 -0.64578805984852782895 0.76020811991227821292
2.5568798806531769507 -6.8047907414849229113 -1.0104125496847837784 -0.89899267714365982407 0.018430624297817319035 0.4375756832024063625 -0.15663027268894591515 -0.94656486462056388387 -0.28192537087567870469 0.40899770674105306867 -0.32198644250026725588 0.85384167544498468239
3.6992175102428008771 -5.7094559496170118607 -4.1438993583736483117 -0.8782136330604172203 -0.0076136983245008605509 0.47820795299184615246 0.47706898367582767362 0.056827155818457694703 0.87702671520095665247 -0.033852614690367432981 0.99835499996715204585 -0.046274123646121559372
2.397783757229140722 -3.4594502148994394908 2.4468775441740913124 0.88719630503359026008 0.0015042080629238550795 -0.46138969829511561338 0.37065079208274986922 -0.59785266583269347507 0.71076731796347525361 -0.27477391918296284468 -0.80160459536774508749 -0.5309702119912338425
-7.1110165207718996072 -6.9432896748023331668 2.9568215531705508425 -0.84460897559492964515 -0.003175882799973005037 -0.53537425424931561757 0.28786682990170991969 -0.84582598689826360427 -0.44912257584100850893 -0.45140709629657049806 -0.53344944807932626052 0.71530645163942307985
4.2712319514288816791 -6.2161147787770509865 6.9907707829571199554 0.94423908418207203042 -0.010359400452220363098 0.32909760668434756559 0.17848956760729522975 0.85600767882917061513 -0.485172472468261895 -0.27668398247545478164 0.51685930059140139381 0.81012495161788966591
-3.1590422301940135341 -2.3719239226959718536 -4.284745119554985493 0.95933905717506795519 0.0049518427992455904194 -0.28221277900084307255 0.010457042012599416028 -0.99978322193770152726 0.018004427350267870195 -0.28206244636757937805 -0.020223461245674145825 -0.95918287514128997007
3.8727588734598090703 2.7980582109420897297 5.943208909986813282 0.86898377316883335109 -0.0042510527776407867895 -0.49482232217194632717 -0.26604398041165550071 -0.84715967212628473515 -0.45993596337921383022 -0.41723830415730295273 0.53132138906045256466 -0.73729897536254918045
-5.7668044971826661893 -1.1746063122146850333 6.3903385506667067517 -0.98848106420399495242 0.011172985723661210677 0.15093160735961225205 0.15115840456516224655 0.02343228146543047119 0.9882317870391787995 0.0075048277425614207115 0.99966298949970067156 -0.024851257215893710756
7.0566003300886048777 -1.4038611018001576625 2.3184674498428043954 0.86370291775824514779 0.001341392412348301616 -0.50399947472432404805 -0.2473313512182019891 -0.87017739368983559878 -0.42616722799373402131 -0.4391406068226456072 0.49273674936801309387 -0.75124298549928136826
3.7242375766414728133 -4.9458792979701913239 3.7113108358340087811 0.88079726289555071439 -0.0082549522609712717991 0.47342162755707156707 -0.47336944982944934024 0.0075421633934750209605 0.88083169773776193168 -0.010841846883816551664 -0.99993748381316849283 0.002735474663139652457
-7.100636201995738972 5.3430272488111665297 5.1843759560293909416 0.62782886671464066541 -0.00026807223258684155509 0.77835136169783991633 0.056083393079942478465 0.99741624795884398225 -0.04489411239965984679 -0.7763282599136703821 0.071838405082383496869 0.62622174699932409148
6.381683026406021142 5.6155943423774719037 5.668315009761633938 0.94562256441670033968 -0.0030526294459615596275 0.32525166735847088617 -0.24267494844877948723 -0.6724465227621706509 0.69923139476165729889 0.216579858392614788 -0.7401394162442801461 -0.63662140198094396837
0.32678833078036828574 -2.3378765845283138169 4.6999163707502171761 -0.75969847143588353777 0.0045100552533334573035 0.65025986489960552195 -0.60623906192146936878 -0.36664008439942807893 -0.70572604338528377443 0.23522846829896049137 -0.93035192691428980627 0.28127008335134567885
-5.211833882352999936 -2.4714918034999611152 5.1601932190481374363 -0.956855385971468686 -0.0084995745833867514252 0.29044023063156054754 -0.29051342643236222063 0.0092310456186818316826 -0.95682638804501696228 0.005451550230105699571 -0.99992126941510206528 -0.011302016253807724636
-4.1409716555729110254 2.9928618133738691398 0.51847524163433322819 -0.97568127526435410868 -7.5967832293857666393e-05 0.2191940768532032735 -0.033689484184669479805 -0.98806598630881459222 -0.15030178094397336763 0.21658962983950150183 -0.15403116869144364842 0.96403492225001696792
2.4638516042595126621 -1.9049740257401506227 0.40116634672909701198 0.72922204144810387483 0.00057840091017698561093 -0.68427690280951702917 -0.15827454154980791223 0.97302426993200030747 -0.16784796579176766707 0.6657209503714615062 0.23070204935283025738 0.70964229063732919833
-4.6450716352703596002 6.3315319425719289725 3.9198726252351758781 0.9686755502668361606 0.00060155512854026451514 0.24832904873688918523 -0.16442339627716337502 0.7509518505969869917 0.63955943026553163655 -0.18609842845068402806 -0.66035668862843510674 0.72752760683827621957
-7.0927788144209218402 4.4279851304115345201 4.3903145333168946962 0.88259829677995582653 -0.0016256505627098329081 -0.47012509375861094574 -0.28620567151960046859 -0.79519033910171477153 -0.53456397015640355619 -0.37296991850719185546 0.60635771773732038969 -0.70229890931794736186
2.6546525683713539934 -2.370417853682255771 -2.2590869404749858163 -0.89218149445811467668 -0.017791656314092477165 0.45132653136280248551 -0.44287275097713590943 0.23078746581733616816 -0.86637224797627510053 -0.088746309153286698224 -0.97284150949026682031 -0.21378374593142657201
-4.3564692842157670682 6.6477879314667527311 0.7153251498783768092 0.86732418019442847346 -0.00060443482749917686742 0.49774330845199465934 -0.022990472264510414951 -0.99898061270377225274 0.038848083955041683157 0.49721243411165677584 -0.045137236296198861296 -0.86645393718553742612
3.9016590851649142202 -5.9338063555239299873 1.492478832434838143 0.73615073115448470542 -0.0040001327373801673359 -0.67680580668218492946 0.67310309054534300799 0.10894994062961479986 0.73147941866807686395 0.070811937686504705658 -0.99403918905388588545 0.082896080161848531564
4.5403991543040573831 4.3704866623186200414 4.8939726662013800507 -0.86694455273281478824 0.0038416230296415086048 0.49838979164837149405 -0.44307857022049546014 0.45196523678358890841 -0.77421496068629891418 -0.22822910221577455414 -0.89202727910729784355 -0.39012665921474865005
-1.9142970706222495192 -3.2670271745916319439 -1.7049184744263150559 0.84595675156943883621 0.010658595182822885178 -0.53314497917829928308 -0.53126104977214738678 0.1031503104881173194 -0.84090529219479626111 0.046031201040871792818 0.99460867068157909898 0.092923198049834496159
-3.7582582181153596501 -7.3897316758286510918 4.2680725000575856498 0.60174812211611361512 -0.0040145860880186189784 -0.79867582950054027968 -0.61562509306707635659 0.63474078689076729454 -0.4670223530447232263 0.50882702592912354422 0.77271470579764367503 0.37948259660802202697
0.89760550393984983586 4.1002021793257936721 -6.7879426881419107076 -0.96579097945083336452 0.0056790271851373547857 -0.25925958547707161905 0.25930122569204122618 0.033735118688528437092 -0.96520713638148369906 0.0032647153203810607217 -0.99941467390535909665 -0.034053652029936438972
-1.6691419461809544611 -3.8627455017133214277 -3.9578836872416123249 0.88183380827485779996 -0.0027722240583350262616 -0.47155217034525737096 -0.40652620229585412215 -0.51122008409014285668 -0.75722550965333834672 -0.2389677414013058887 0.85944536789529635268 -0.45193813533812199346
4.886598837813449947 2.0718766217332795776 -1.5130564125504970541 -0.99935303748703130378 0.0094448727135269076871 0.034703037974734639304 0.023240870893761172988 0.90597047553745913007 0.42270244779801496859 -0.027447557001409939037 0.42323550398536724515 -0.90560385366930151729
6.7370396359581210532 -6.9646311756775514112 5.7713999646556155554 0.99452728417276325956 -0.0071136322251385553095 0.10423472200988775915 -0.0050750222476417632123 -0.99979088088717482652 -0.019810064207325017022 0.10435384604842228018 0.019172655822250299351 -0.99435541135126304102
2.1331141041020127425 -6.3717441219705284183 -6.2966514667710145048 0.87626357746658489756 -0.0075309528704130572138 0.4817732117441660411 -0.46838083092422044817 -0.24792151533591622048 0.84802966897173914784 0.11305547323415679473 -0.96875084876476902362 -0.22077194792232390785
4.6844704573470279385 4.8539278486641093124 -5.8026027039086249815 -0.95023540920229021545 0.0072887033164613038855 -0.31144749461521414879 0.037890092055110055624 -0.98960050038632951797 -0.13876307347167257666 -0.30921999938905603278 -0.14365836014372942997 0.94007726679168113204
-3.5421352889410475662 -6.8557445519647259857 5.6935351159692029199 -0.98813385059472136351 6.6336865714744855382e-05 -0.15359521121580582692 0.11093787356698453506 0.69191495670013725139 -0.71340485063042435865 0.1062274988758844102 -0.72197900820875315908 -0.68371194971903392901
-6.6494562572794375654 -3.6151600073891239084 -6.9066932434957477582 -0.78144496923471129524 0.0011586609440406396565 0.62397309041552484477 -0.51004487918507068756 0.57486430729724924404 -0.6398322041071252686 -0.3594412069794720721 -0.81824793656955363552 -0.44863385184874560174
-3.2116372451179695524 -7.0783399453730888595 -0.79090188285869533757 0.99202946817326953521 -0.0035077263292768896819 0.12595725517737693666 -0.11330262590175844972 -0.46223341349122354371 0.87949007181209704065 0.055136641533355901235 -0.88675135596646126324 -0.45894660196171094269
1.6196531841844652444 6.362554456204283504 7.1538399620835191328 0.99522974093527249995 -0.0030082097222314824886 0.097512632167663218508 -0.073847245364138780488 0.62993371684224042095 0.77313006456695132496 -0.06375223219727604862 -0.77664307314210012656 0.6267066218178803938
-2.626132065697750928 -1.1723894398391863092 -7.0035385865400821004 -0.9901130955536856515 -0.01015225300334679677 0.1399035016434842793 0.091807211030174459832 -0.80098306912880734565 0.59160591526106587335 0.10605420319823836983 0.59860091440617968495 0.79399587609509492125
-4.8156117916570542192 -3.248768373040366253 -3.5282976890246784407 0.95665686158356799673 0.011307599388363807902 -0.29099791645509409665 0.11690895027455511235 0.90027863102505145676 0.41932169496138960163 0.2667207275987887316 -0.43516723764059528357 0.85993577013253164054
4.860442156395031077 4.5766826997989467074 0.87175320081270080141 -0.93354056215718161926 0.0012038585165705054797 -0.35846976097303118181 0.3356165137494925288 0.35428777278995576827 -0.87283545399477913129 0.1259506828327588146 -0.93513567185531254466 -0.33114604137413966578
4.7480904870071496404 -6.7087165427492028158 0.12594215683045523191 -0.97806074087153394014 0.0040628904713363844098 0.20828029212306964357 -0.059107097209745017297 -0.96413339588455093665 -0.25875305988434815774 0.19975869999903778096 -0.26538705292665426549 0.94322116913984010989
1.5103766563802953904 0.69625134508132258127 2.0369947717549021782 -0.98485656669175991595 -0.0090061334155165911203 0.17313703418117487587 0.070391105895072025866 0.89186109604950258856 0.44679847533778022095 -0.15843811175025382387 0.45221971973166652514 -0.87772130533031922361
-4.8760980880075983634 2.4711616046202622421 3.748330440998592028 -0.68177030534590432609 -0.0014519633144275045575 0.73156485874529741942 -0.52951116794374719632 0.69098287978546502064 -0.49209814353055258973 -0.50478428439418820961 -0.72286966435577504342 -0.47186043973060753931
-6.3132943777970131904 1.5765572589076515264 4.3291589357916517855 -0.6016632273643804929 -0.011875614111048971716 0.79866158704859413486 -0.27557234190149054731 -0.93541107080341312496 -0.22150849418798435053 0.74970743974991926883 -0.35336255943143130009 0.55952985297982027468
-0.70355512338755965551 -0.49717346675180057458 -7.1071034329751894276 -0.99626338563489391653 0.016928432562569546704 -0.084691762374016238413 -0.010735013513571685026 0.94872691180631252283 0.31591455537741874871 0.085697292418829340566 0.31564327172527045784 -0.94500015824690475341
-5.0659358165144574571 5.8940477925670808901 5.5766514340243764636 -0.90596262667763038934 -0.010640070063015637583 0.42322394541496322073 -0.2800136573495572434 -0.73472645907582989633 -0.61787489189298949732 0.31752806295066893227 -0.67828004485101311971 0.66265534782096091604
-2.0412237188743862504 -0.78492315085181019185 5.316709612619101577 -0.80751158437664538603 -0.0033647646192268348617 -0.58984211400731256791 0.54762007026099623896 0.36729233794882576447 -0.75180356286171634572 0.21917413110333378023 -0.93009946610198102057 -0.2947502051092599773
2.330924961832339104 -1.5120094510207668925 -1.4419993448043249007 -0.84850060937580540354 0.0032769306324641010036 0.52918425677101510463 -0.51212842148566184441 0.24681909335983370779 -0.82268147849565387286 -0.13330864861429753132 -0.96905603392098005333 -0.20774794180928876641
-5.8577558064809815974 -1.7825347483838127616 -1.3582358011663879793 -0.68359174825554991362 0.015161922950971355034 0.72970709042000814204 -0.016189268128558878534 -0.99985321319844189247 0.0056088906515148802961 0.72968502061802464898 -0.0079792323758082032981 0.68373686644520526023
3.0373366901034679621 -3.1629827308044786704 -3.2680956891440851031 -0.92646234845094088683 0.0080603478098360079734 0.37630113964196137966 -0.056452411318566181331 0.98548583136423939521 -0.16009622555398006494 -0.37212987270439878973 -0.16956623181959576407 -0.91256049162097718774
-3.6630018509500317236 2.1677557032336305376 -6.9206088559780400971 0.99369990695560672656 -0.0024541468742864456891 -0.11204674060152070014 -0.10488206034147136425 -0.37272561990128916243 -0.92199531760608233188 -0.039499978921789358211 0.92793835432764681936 -0.37063480979651736158
-6.3071186134497025932 -5.176891067670530866 5.5351827513431706151 -0.86362390213300832542 -0.0012132475048269432492 -0.5041351839488813491 0.49242272374230716681 -0.21634539971407390491 -0.84303886574988395886 -0.10804451308098997342 -0.97631613530298932968 0.18743848895046136271
-3.7243705157182502852 6.8422011543466672023 5.4469731872738194056 0.99987222961748822847 -0.0049481076050501421326 -0.015200022067719014957 -0.0037311667485692839863 -0.99686195582502279411 0.079071609465505884873 -0.015543578559109400006 -0.079004792638754303691 -0.9967530486063062023
-0.29047184094485933858 0.90288497656695165805 -0.35587576484733141058 0.92558349257708882885 -0.0028527106276578792846 0.37853277309997512834 -0.23364317174803739263 0.78246608645164172913 0.57719813915885120892 -0.29783563682705932463 -0.62268666726933630251 0.72357117676197146849
-3.8862949721614534759 4.14174959139958343 6.2812688949606449995 0.75328579616675550579 0.0023930591117301298204 -0.65768897098967493697 -0.64599232633259096037 -0.18509750847711439747 -0.7405625069330141752 -0.12350879973811210166 0.98271724601921772724 -0.13788542621902127872
-3.4949508263106601191 1.2390257361949419401 4.5356186026322999894 -0.95776200671106559437 0.0036373286730311382015 0.28753905533133194972 0.27424592779221285133 -0.28920405030400136992 0.91714240354325482496 0.086493407784105524883 0.95726056386329738679 0.27599112899155847645
-0.63484100686314204331 -4.2987882386697027215 -1.9991063739175691794 0.97410886590709211408 -0.0096809069851459973038 -0.22587208194292199281 0.15171533373896556318 0.76870497465039255847 0.62134943426092947849 0.16761376694577617696 -0.63953025103418348341 0.75027107310788532235
6.2511348681645042547 1.9805746827709298508 -5.5484058425407107862 0.99981731539750406945 -0.019109898207004958476 0.00038421603474847530572 -0.01841867542201300334 -0.96863523109972227143 -0.24780343312412803081 0.0051076635698924302553 0.24775108650194418991 -0.96881025536987108726
-4.3597069596178199546 5.159109337439600651 6.4991056233788455643 -0.97117726811677707044 0.0053777948897976088349 -0.23829769872019632149 -0.1706091498604232759 -0.71384455946218938749 0.67920428658108256137 -0.1664548944221665161 0.70028353132740350784 0.69418711013275968824
-5.5254810233148896614 1.806920963042683459 -7.3544855941822886436 0.94955912135364950455 0.006108172494134759406 -0.31352857171707548822 -0.043382401903182682412 0.99275536947982501168 -0.11204795212021950723 0.31057276483829832081 0.11999777747102227665 0.94294490355634652534
2.1926596729536438346 -0.47137094634214693478 1.6911542871652320841 0.85947307403278838667 0.0031445761406986706514 -0.51117134764541372061 -0.28021578336798547149 0.83924721314772554592 -0.46598629805519575786 0.42753379955759435171 0.54374095566235391974 0.7221915420241163952
-0.02700965655849355343 4.4309783355800851368 -0.35589491698488895377 -0.99660664008482424681 -0.0059900602983127071779 0.082093386558187472768 0.069684435541104858269 0.46942993482915529313 0.88021566432875542052 -0.0438096380067669669 0.88294940708054969747 -0.46741957613451712295
-3.7632865218282081088 4.6411019573372396252 -2.0935323959791287685 0.98349539990435075332 0.0063545247825985973211 0.18082150973208635514 -0.17462038279959277154 -0.22834703652424070963 0.95779191519947115552 0.047376368348883854398 -0.97355906391199353855 -0.22346863045320106145
-0.90872386058451903867 -3.7900016321594285351 5.9323333291661075606 0.57579836125480077236 -0.010463398017261614503 -0.81752477912174614794 0.70691444950652948531 -0.49599635776126732578 0.50424158313887235128 -0.41076539320523242083 -0.86826155643874169954 -0.27819716273798372752
-0.6764751547636159712 4.2154115951255617389 -2.3852665673507318367 -0.92998659621164581068 -0.0021242158402129214176 -0.36758729381426313854 -0.076270574831994064624 0.97933666173069078287 0.18730323650455218965 0.35959384071672489958 0.20222559357642103106 -0.91093198375131578803
-6.5882289404351492834 6.7845089429900431455 0.49867821905813819461 0.82007234003144136025 -0.0012215925217219144455 0.57225856466030100567 -0.35610202701237986256 0.78170894665290213688 0.51197897327973074244 -0.44796506947870884385 -0.62364222951515080329 0.64062287353201374795
3.3955025477997935468 5.5805676467460392232 -7.4294929201460258028 -0.93690100267238363152 0.003557724938974382578 -0.34957667797591868153 -0.014541476687517233476 0.9986862118226866869 0.049136501411782773641 0.34929222242583801705 0.051119398553838311938 -0.93561837863756003308
0.064328237083321540557 5.9442647929434198062 1.7925792148290027317 0.9851320702445082178 -0.0014353871236186342003 -0.17179273511855075451 -0.076529710058726052591 0.89160336015525465392 -0.44630331797797029303 0.15381159791781090496 0.45281495980550789948 0.87823721426625256381
3.4333930429165921971 -4.0885653779236426075 6.2261329053799530087 0.98642730205706818936 0.003425754715773787068 0.16416285195232374616 -0.049077019430184005977 -0.94792921117114659069 0.31467706743964224403 0.15669276920252234175 -0.31846267412874301739 -0.9348951284857984767
-2.0876025514645841774 0.25703013336166169456 4.8384743440211650523 -0.95828206876614263621 0.0054571807947465331839 -0.28577210476025616259 -0.05321598349067352407 0.97892925909357508818 0.19714351318588019257 0.28082652257661300244 0.20412673726863383994 -0.93779994633690177963
-2.2883890746298845009 -1.7356950700927715747 1.2304539950123123404 0.7894162405436511154 0.0063181020913552999804 -0.61382577393910320307 0.072043956983291967955 -0.99399010979694035761 0.082421659096349159102 -0.60961599997709992049 -0.1092874339160788133 -0.78512711668870283077
-3.3815052808041143884 -5.6310998461764976142 3.8872171211303117033 0.74771669032436749447 0.0013702890891184693438 0.66401647066793456631 -0.014089618832068407164 -0.99973998773124050921 0.017928735933739656239 0.66386838579019047391 -0.022761354064116948864 -0.74750296796039850111
-0.063956735074728876533 -6.2812586995147272617 0.16240112589414762434 -0.99507104780768729224 0.0061761278290828171625 0.098972042820488756454 -0.052817057867785538461 0.81170226523205024627 -0.58167842577778305913 -0.083928351665088163358 -0.5840387727387323924 -0.80737521867131634146
-6.672686102972950728 -0.4232882139251181175 1.886797831476298315 -0.8125538750562839585 0.00056991838339141625766 0.58288581671195016654 -0.56537733708879556183 -0.24402715891295814754 -0.78790812435158419369 0.14179092649845362328 -0.96976823050966509676 0.19860743253166496247
-6.7401710736517381761 -3.8034169121026772942 -2.3558321210867578799 -0.99661228332512208361 -0.0047959350262319830338 0.082103323517339843463 0.035254791840323193575 -0.92683868501872412882 0.37380095185144973646 0.074303811326647317692 0.37542915571389096074 0.92386789784162637318
-2.4907626964273110737 -1.3503736805489132689 -0.81411764421334975594 0.96838037006340804691 -0.0030464571580218350114 -0.2494597722572080567 -0.20728961996020664471 -0.56621747876084760343 -0.79776486523440159893 -0.13881812681557775813 0.82425025680583874355 -0.54894539056524582765
1.1371155199407674274 3.2553720800548382464 4.8220609538703218533 0.93346476427503188855 0.01634066478546976689 -0.35829668786016027893 0.093094890502020508083 -0.97576354503491669057 0.19803748519738206824 -0.34637678216009687437 -0.21821660536093775984 -0.91236211995303240219
1.3248383624021426996 1.7292698332957523455 4.798594903170618764 -0.45367654171974952648 -0.0052800648573077891071 0.89115078208362230594 0.67632901345976259577 0.64912593386716355148 0.3481588538778501718 -0.5803073849656391614 0.76066263408696277448 -0.29092214776155250755
-2.9265528263814597487 6.1356350311502332318 1.0515535564721329997 -0.36951080027180294163 0.012893255172393315935 -0.92913698260991095523 0.40770240719456030121 0.90076991924292515446 -0.14964056854584345535 0.83500929075685137448 -0.43410519066017672074 -0.33810082489059856137
5.0364261223960777869 3.9610506531407678743 -1.8489738998141214132 0.988557902751623363 0.0037526088603672355139 -0.15079519499641255709 -0.029382677351117762743 -0.97575062993334005235 -0.21690404896282455827 -0.14795246256470709345 0.21885297830171554501 -0.9644757346401517939
-1.3544890132512805714 -6.1443890222742316709 3.8871385303296785985 -0.9694502047717404869 0.0070093962309157840929 0.24518802750670304347 -0.24441326106139746321 0.056748586950690606268 -0.9680091712874030474 -0.020699233934928097656 -0.99836389470145758818 -0.053301739848949723777
-2.3141616893373195829 4.5283638212157208969 6.7389952886896340445 -0.91997231292240133627 -0.0090379663756141835618 0.39187913777068550392 0.32682836017501876169 -0.5696342003400434173 0.75412207286905463821 0.21641202933622585847 0.82184864358764053716 0.52700155653644642495
5.4156118269116468866 -5.8661365559703977368 4.0675091841838186824 0.98293911519931398413 -0.004283064783093688474 0.18388135078702602665 0.18379651118488032902 -0.015383614803128331516 -0.98284392803323472609 0.0070383440854745746643 0.99987249174667425233 -0.014333944358852592979
0.61576999248860286862 6.7568219827370876729 -4.1314436792361970419 0.99507974605062476936 0.0097035612011290590245 0.09860091226706110823 -0.092510227712159595614 0.44728528150597363089 0.88959414044639251173 -0.035470505614183529819 -0.89433870421007299889 0.44598220298950858043
1.3644085970639996397 0.29398615239780101493 -5.3334026780511702981 0.83519393501497152243 0.003674122248573137052 -0.5499432622916792246 -0.11100644383065502718 0.98052161788993685843 -0.16203371957330359177 0.53863592559576012331 0.19637682571110878782 0.81933355965762422191
-6.2436368428537072361 6.2478867194497089699 -7.2458542476093432683 0.99379049941966013382 0.0077342473344014324096 0.11099830936239914181 -0.024519323963762801322 0.98828089449547895651 0.15066411758527242792 -0.10853223491431460146 -0.15245017216637876678 0.98233380222357413736
-2.7297968674015793411 -0.41162892155868952004 -0.13660974460766306393 0.99822450217772584757 -0.0056021925343649305387 -0.059299736008104814156 0.044648861582616959642 0.72933699215276703853 0.68269614839774639403 0.039424895829810728543 -0.68413168857791262223 0.72829218743053825147
0.21132545129215488111 6.9440825801005159335 1.2597257813563738083 0.99893972518618867618 0.0076798634676591773229 0.045392126430306135865 0.030966588941408881158 -0.84168919871465119886 -0.53907361569306810889 0.034066050755504818925 0.53990768883589468352 -0.84103459603129382405
-3.9048499236669420576 1.0205546384933406046 3.489393675581356824 -0.88178262069731971895 -0.00050404834404591501718 0.47165575982015645051 -0.38150813751506484905 0.58875021645664471492 -0.71261821730292396193 -0.27732823665481476372 -0.80831486968727828124 -0.51934200734818192213
-4.594020737473859306 -6.50613998256421322 -6.2633301675732671043 -0.99406541289155969654 0.0058446755152360765906 0.10862685975811028904 -0.10548832451378456487 0.19213739764071696703 -0.97568203520373608661 -0.026573827049575744069 -0.9813506306086190456 -0.190380596490151488
-1.6216663257754533323 -4.8373291912341747079 -0.96362562217786162932 -0.98505629931061311488 -0.0077481084918806300554 0.17205828664500535941 0.012301452787613392087 0.99327121145250540923 0.11515630577089695785 -0.17179278636697323246 0.11555201129485420664 -0.97833275077447545698
4.4434928360137835313 -6.2299893641258830002 5.9046608871707020327 -0.95201379295510057954 -0.002568407928956728363 -0.30604434532262775326 0.15074228494149699564 -0.87419803846534382963 -0.46157832821083738528 -0.26635784492652264666 -0.48556275889317668248 0.83263575807323508826
-5.4001828177282753529 -2.5070872590771187127 -4.2290516445836550119 0.83646645731761626319 0.0039408633310800203486 -0.54800395562315817877 0.53024452091425366973 -0.25842617291193792362 0.80750025460942920219 -0.13843631684906809731 -0.96602297216482480025 -0.21825444652277356528
-4.0211770650099234459 -5.846377166676961501 -0.23531969899517746203 0.99374325619559678024 0.014948846452797953654 -0.11068366074258828569 0.090481379400028372206 -0.6887379705505294325 0.71934214940016438788 -0.065478704534520315583 -0.72485622016472517348 -0.68578130576801232809
5.1830637955314093901 4.7691028406659716765 -4.2567286424261734368 0.74481455801168461317 -0.010665499570469201551 0.66718627181066703091 0.56680185018460838009 0.53774293252372962204 -0.62415398832985602429 -0.35211778824860601178 0.84304139022929125424 0.40656398950135202996
-2.6053337268112599645 -6.6007051592629322201 3.0655419666002647894 -0.40957707984112501354 -0.0017498150129992271797 0.91227383707751719122 -0.91162939166198597718 -0.036844769378421599049 -0.40935841902604097609 0.034328820644403727769 -0.99931946899717027932 0.013495590253624425298
-6.7332134466954798313 -4.2996942642821958103 6.2436033167059585836 0.9964633085458012296 0.002415730030582852704 -0.08399427939067070914 -0.064331449131645790374 -0.62113563637300395204 -0.78105824743108298591 -0.054058666044997989719 0.78369935911419075225 -0.61878346386239047039
-4.4795961069184837555 3.9977662160759530607 4.469302023852409711 0.22530903987403813615 0.0054749655078659273041 0.97427196475303101675 -0.97394163534661126747 0.02790256894577113761 0.22507584851456530206 -0.025952408161174753826 -0.99959565395161453782 0.011618997879358588382
-3.0293485949109104638 6.5614373858137637896 -5.4683872095432350946 0.99790274109718446471 -0.00025464118118927875356 0.0647306300649333477 -0.042594237251180035175 -0.75557963592503563088 0.6536705169490341083 0.04874269446501640346 -0.65505675245231920201 -0.75400583605375737228
5.9557974864547835736 -1.1992322993235002837 6.7845646449244680909 0.96106297065134949076 -0.00064879355569227858958 0.27632869107211283088 0.087999432489108811439 0.94865282248771909401 -0.30383206260657769082 -0.26194286843569519752 0.3163185126625391308 0.91177219316160285079
-0.70546619957555090075 -6.7748743976416436752 -4.9284890049360816633 -0.92801559773050490421 0.0051234794710615354923 -0.37250610777143999819 -0.37232218191327326462 0.021537440765010726351 0.92785361534066690403 0.012776667181082453084 0.99975491426828744235 -0.018079495909416321009
-2.5752853836596618642 0.76796547980207741091 1.7417527167942654653 -0.80391094330613788177 0.00448519289945758029 0.59473277888238718081 0.37675842674873771809 0.77758249062206685753 0.50340695083774988916 -0.46019591817658545008 0.62876494282239658862 -0.62679690775481755605
-3.207807572347785019 -4.8561224460800573866 0.41639880221347841394 0.56345501004811793244 -0.0052562156766117430415 0.82613002841460370096 0.76859377069903589419 0.37003685122077617509 -0.52185854824958521903 -0.30295555333112800245 0.92900220717463899422 0.21253901234923799901
6.9672810076234563681 -0.13381324536471836395 -2.252621031883296876 0.96924379922255599062 -0.0053787135514270327519 -0.24604375039656822821 0.24610189614832331251 0.018905568715504902921 0.96905956276366789215 -0.00056069677230015293329 -0.99980680579401548513 0.019647816852040131397
-7.1968832017574095872 -4.4805588076020912425 -6.1691303383737770005 0.78110632611280617077 -0.0063333479133849783504 0.62436591515766048932 0.03181832708729339515 0.99905313686279273444 -0.029671935998979874494 -0.62358680339462879694 0.043043215827460235001 0.78056824186192397264
6.3182521289804354225 6.228926534794531733 4.6261194608149791563 -0.99738396808253515502 -0.011059133806546515844 0.071434695851835233738 -0.071283986191575943181 0.31442463498168254921 -0.94660220907687031566 -0.011992227676469756348 -0.9492180173574922275 -0.31439042924249521738
4.842286846831417968 -4.2752811342476570999 -7.4199116318478521848 0.22447863990638675102 -0.0032384103826250043232 -0.97447362864468600741 0.97089047428259189765 -0.084997010981372925209 0.22393569405406540951 -0.083552541391549786653 -0.99637594351849512186 -0.015935871628886294493
-6.8023536114999938462 5.2655539729124178905 -5.9420270247511259853 0.91761285807189152397 -0.0020084331501809106826 0.39747026165165250111 -0.29462509411673559745 -0.67466709577269023956 0.67677201759423333272 0.26680085572930689608 -0.73811941857548402091 -0.61967493680488283658
4.8364539336879825981 -3.7034975852673213126 -5.8762506826158080742 0.99987771283336890349 0.0086688533674656505917 -0.013015773533155590436 -0.0109373858949335101 -0.20722472161670518753 -0.9782322261818329201 -0.011177341775138684501 0.97825495947234464289 -0.20710456609804742123
-2.5564985791641823276 6.9939189662832452754 -2.4660877075091507393 0.86775667311610138466 -0.0069155611983944455939 0.49694117486442940246 0.21130644799382924948 0.91015831527697055314 -0.35631646912300518615 -0.44983101415827830838 0.4142028683451629556 0.79125725434656513091
-2.9897757656708083829 4.8586608601380367745 -5.0883306394111054161 0.96769575122890838514 -0.0057563233638242040924 -0.25205514832051389984 -0.11045374245720838979 -0.9083720736213795055 -0.40331147596109367948 -0.22663826647481555288 0.41812323614707647135 -0.87966360363670048628
-1.2619111673430762899 -3.2714998223497717689 -6.847650973288149423 0.96121751847622627363 0.00014559899164310859468 -0.27579133593207799668 -0.10624361516625113744 0.92301519026213751928 -0.36980434391958849627 0.25450574926841890155 0.3847634823450635233 0.88723383966295710223
-5.5215617354770865077 2.0964963895287223039 -0.90692995963727662811 -0.91256366035649016943 0.00074389033322866046638 -0.40893399519234124861 0.38231727062972065134 0.35643529056213019146 -0.8525182626900675853 0.14512432730262941893 -0.93431971523076784436 -0.3255542955573826891
0.99862849779332485411 -1.9205835512160596146 0.26105201052775545145 0.77044587291449917466 -0.016239794240892044264 -0.63729853757254539826 -0.62766784891754023867 0.15561852805047909909 -0.76276860525500023158 0.11156266554846329397 0.98768372610393806443 0.1097024559675368327
-1.8908052858455604017 5.3503168527705700086 2.3941826810944428772 -0.90515703550509607478 -0.00868535498740575021 -0.42498859476995759499 0.3031512256896086166 0.68765789653631059775 -0.65971656921292343156 0.2979766357261226517 -0.72598290747095051145 -0.61980540706038333987
-4.3663905081481857451 5.3520533665128251499 -5.9145051779471105036 -0.97381067072583959998 0.0058779630742033925003 -0.22728446302021573788 0.092482783678007274286 0.92346725908223081802 -0.37236427880008837743 0.20770101661638656898 -0.383632207919574586 -0.89982588134782959255
2.6957801308731612622 0.46591602513838209498 7.3635474338167732355 -0.98292543390354503163 -0.0061210928095274006952 0.18390248396453592883 -0.1827499060077990567 0.14897896747508818094 -0.97180643088227902648 -0.021449084820848916821 -0.98882141940439605143 -0.14755384538345789336
-4.8532760651837847377 -1.9391070464921238425 2.3615845411028097978 0.99175933353463530118 -0.0011422105578291312511 0.1281097954958630436 0.11458395941909801929 -0.43937315591058068165 -0.89096674803787823116 0.057305676776310078557 0.89830391584385738124 -0.43562154927061924603
-3.0394973470529049742 3.6018206711022484612 -2.3111904710315478439 0.97356278791354355917 -0.0066778110067717165108 -0.22832193243327772447 -0.11631573105877308916 0.84577534506367868516 -0.52070597883121494398 0.1965862373060894841 0.53349739692196196383 0.82263866841960553433
-5.8500225376096235408 5.2696967572656614465 -2.6232763899945377162 0.9509777973962427744 0.007055475139740632548 0.30917866862070303435 -0.24825431591491842198 0.61359163435397778841 0.74958328481928304665 -0.18442077835512554751 -0.789592000036431374 0.58526357309289878117
-2.4530262993242240022 -5.1884734893531438971 -5.0329209452494847454 0.93157036040993002057 -0.00068480226809686066403 -0.36356044153832350885 0.26299130662342939946 0.69172256732543513369 0.67257375989050172116 0.25102238196267162573 -0.7221630154602465268 0.64456833839036464795
-1.4128439317705179246 4.9068735657478361745 -1.7157421599725761752 0.77778811358977484325 -0.0020921923166169302533 0.62852308874836415598 -0.3956112896822856495 -0.77868531848256861139 0.48697113082346377144 0.48840286427738233144 -0.62741118695083064605 -0.60647987984330364863
-0.1730871725896652169 -6.3872944160843747596 6.6249183428976259336 0.8809029219808707234 -0.0076748310409779077132 -0.47323476099517292059 -0.4732590757732341169 -0.001627443158201903519 -0.88092178916578889325 0.0059907632181415756273 0.9999692237250118465 -0.0050658028786251373815
-1.9780307592293686625 6.0349163281786726287 -2.0379513867719794007 0.098084623709080026588 -0.010600470044074930195 0.99512161901285167698 -0.97143337895788117731 -0.21814852451884589324 0.09342596800024369208 0.21609395372935641388 -0.97585800774751862985 -0.031694666373602131682
2.9924397278245340459 1.158192492893718839 0.82257192165337200684 0.96474106908663026516 0.0060624078212891492276 -0.26313098796761602571 -0.25896397117733255255 -0.15679450251546006578 -0.95307562428851688718 -0.047035425473814958253 0.98761264228050671399 -0.14969615077934034231
6.0130947160734260493 -1.9862134860404576653 -0.51982663160418873805 0.99986147803322011907 0.0005668405566804034755 -0.016634405219458928138 -0.015955107121188159824 -0.25192612274953984919 -0.96761493541237508786 -0.0047391245997902590667 0.96774630320568078012 -0.25188218144570445611
-0.50477532301892324984 -3.443088285974057694 -0.040192833164938053525 0.90677364541613525439 0.0097880060382343637287 -0.42150415290536130675 -0.13337672773976821938 0.95504790457440336127 -0.26475299519665673742 0.39996525408603522678 0.29628988323251798098 0.86731776219439637998
6.1470423212607476771 -0.045662362770248862698 4.4631396976079118488 0.30118062731584527292 0.0021656575465244277956 -0.95356464891327941125 -0.41010503757892124987 0.90308517982906544308 -0.12747947334988779522 0.86087402555893877132 0.42945601392990950806 0.27287990805003131678
-2.7236689270426421849 3.9701146338979631523 3.6218135893720497798 0.98618791973192609923 0.011895396532592986127 0.16520256207536820892 0.069440881373872970217 -0.9352197213426102218 -0.34719164276493313936 0.15037071180573846618 0.35386801544234924854 -0.92312841830266600951
-6.81473708771448905 -6.19097264233703104 1.7151349527584307531 0.93619467662334743263 -9.5866033836440600613e-06 -0.35148190190995076687 0.32321477693729122604 0.39293262730790551318 0.86089265205746734466 0.13810045413218097199 -0.91956726252352449791 0.36786453248908601577
3.8129777071498409668 -5.6660157044340397903 4.687751649721008107 0.96423794403841434075 0.014296215202065962191 0.26465223503236151581 -0.26189833978659005087 -0.10184960973468538958 0.95970616160052046872 0.040674892670477080792 -0.9946970771183856197 -0.094463103265047032586
2.9779300356372200298 0.43105408252631799426 -5.3054735857356369877 0.75643707375283864014 0.0014063712850324650884 -0.65406496280719528258 0.56991521366882602617 0.48925884722798174131 0.66016848579590203805 0.320935511716905153 -0.87213749061077183722 0.3692920183133631129
3.0601846391219416077 1.3135105936279563021 -2.49764471857368342 -0.88590003799256666905 -0.0027371834636300555917 -0.46386811758452345389 -0.22751774303742738903 0.87400632822043566872 0.42935837575822694001 0.4042484375825114995 0.48590682857648459514 -0.77490499718017535891
-4.53765043177215599 5.9123462256257299785 -4.9712511748957810553 0.97513572387895730564 -0.00053360498239392057523 0.22160784119885587606 -0.15328610946247706037 0.7205608224463448952 0.67623625294809353026 -0.16004277134861508158 -0.69339153183550872317 0.70256280496329004404
-4.3029953102495133166 -4.6036325436432194991 6.7195252410267256593 0.99945158593797156499 -0.004693702310336684419 0.032779513796389145308 -0.0081523737525931588843 -0.99431230573665396744 0.1061912306313904375 0.032094643919284272793 -0.10640022471512922131 -0.99380527570164978179
