1125 14.717824617146108679 14.977075390850430381 15.033177056927090831
6.2972978399418400031 4.5015000596104144392 1.559342733090458788 0.89394046332766696761 -0.013496351805360726206 0.44798247344447278406 -0.44292891864572342397 -0.17924536673977270462 0.8784560726238405115 0.06844283054383229481 -0.98371182110934107801 -0.16621261070342568944
0.40083955928558445692 4.0296252175052957867 -4.7397881857949233364 -0.94198797116654364725 0.0023991653234513199595 -0.33563805830576665112 -0.074507606337755327708 0.97353113270786395539 0.21606885533638034436 0.32727248398750957703 0.22854185099086601896 -0.91687586050154834538
1.0034309168910353627 5.7682565086281325506 -3.9611331910966698366 0.98389673975871827505 -0.00093560006780979507873 0.17873536344154064559 0.053517994932735540869 -0.95256569796944445816 -0.29959041251405821304 0.17053747303882044184 0.30433158841053681298 -0.9371762131985108546
0.62312726636274751169 2.721115186084845039 -7.2876814813321164621 -0.93728330976073070957 -0.0038912264524895204786 -0.3485467767756396662 0.075732807814579278238 -0.97832449138933852417 -0.19273227899939443519 -0.34024188317211001564 -0.20704117441832040059 0.91726191081443830821
-3.9485225338806637652 -2.0248755700356451115 -2.8920687496812824691 -0.99643564302513210063 -0.0092505516751996419433 -0.08384769885245629828 -0.067530001068026521138 0.68314986987884662728 0.7271491966854857214 0.050554013341192916009 0.73021961256756207082 -0.68133956963969299903
-5.7365065604604223992 -4.8317605527534546184 -1.0715104734557150401 -0.92992482364735140621 -0.0090042797531364668351 0.36763942295491963685 0.36715225556306174681 -0.079692215194237581155 0.92674072537702689711 0.020953367258063106127 0.99677884898486934784 0.077413710781682326667
-6.4338687422578964004 1.9428601234883053905 -0.37732606732168788577 0.99557989019909831629 0.0087103857242050546084 -0.093513696385364761254 0.0013867578134260133589 -0.99694479528540758118 -0.078097068166152167068 -0.093908248486943221578 0.077622189700674873447 -0.99255026902032184033
-6.5184353210406094092 -4.6337211595767282546 5.0106035995626907464 -0.91232781953366381966 -0.0008778414476763854099 -0.40945961839904776447 0.40587680218315003167 0.13007667081658658148 -0.9046237235220573325 0.054055260194243705263 -0.99150354971804788295 -0.11831626997869192086
-1.5065780586956745157 3.6525386532129684447 3.1628647406163268307 0.90334012444339295556 0.0093031688601441474284 0.42882405555173730427 0.37624750744374180211 -0.49722220637896080708 -0.78179785790580647031 0.20594764556319639093 0.86757335628336607058 -0.45266106388130217253
-0.41891680837182770913 -7.4847999634985127315 -2.5036936908377724897 -0.82482333594081103101 -0.00042941885047899711059 0.56539037848807893738 -0.46147979130807265102 -0.57723790988008460978 -0.67367113461361927129 0.32665404742897197199 -0.81657590645134348062 0.47592113033734345651
-4.4165758975159379318 5.5239001191119525558 -6.1184677590630656141 -0.47397418696049797848 -0.00072224110940231336583 0.88053844235383027517 -0.46364959306864117483 0.85034723173643211869 -0.24887474826815234041 -0.74858367931877267676 -0.52622149694400111031 -0.40337750459284948956
6.0215438960773255417 -0.37861262673053747152 1.2737447417714757858 0.98293414373085441493 0.0017588559135319628904 0.18394938302137944786 -0.033626596696480964832 0.98482399204916726276 0.17026730948374552144 -0.18085829005795278634 -0.17354714376819560528 0.96807627168888776836
-1.2035268293916392413 6.2767586192702999881 0.52128113085770078072 -0.99896003547026013258 0.00051012904563712234418 0.045591526642629165433 0.045527162704959135697 0.065437097305058256058 0.99681756793931641791 -0.0024748715705775765211 0.99785656587744642199 -0.065392269772992797638
-1.9261559472435116902 6.3973789952726294317 6.8460468722512883843 0.77940738197319003877 -0.0015022888935672211452 -0.62651566305552741643 0.032156006230937186907 -0.99858321180743003787 0.042397645687003694681 -0.62569171657387434582 -0.05319127959167400943 -0.77825481918612826604
7.2967562887990702336 -2.5310357617945289377 -3.8475751657301020536 0.81403664947305842681 0.0052860935287223119808 -0.58078945456152486493 0.43789350299076446049 -0.66251167384200559951 0.60772326108312402226 -0.38156731169373719892 -0.74903293601698173187 -0.54162352922354883855
-6.3394469697782209749 6.4397837536551811866 6.5348320695834907212 0.88387386608668305765 0.0040860131712456464539 0.46770748694603586637 0.16100870647015086412 -0.94150470971743582815 -0.29604911420341095685 0.43913914114977398162 0.33697505260210397493 -0.83282929141202943768
-3.1240810075433178561 -0.127127158335721413 7.4787524723288489881 -0.96137142361143457236 0.00064975312356020447843 0.27525363518794493389 0.11078234179520771163 -0.91451614380530676929 0.38908546036297930737 0.25197670251367282335 0.40454888522942689111 0.87911770591315807621
-4.652512018894462642 -0.94883844562596530992 4.0396617925465880816 -0.93587405353606434311 0.0030514899479020234779 -0.35232150704589509926 -0.025007751552511784526 -0.99801582193571181101 0.0577843536645504946 -0.35144611006569553835 0.062889646009876010169 0.93409342367055725465
3.1515651852836956692 -4.4941290830183611149 3.4437565600003567923 0.43808406470362892815 0.0024106349994575844431 -0.8989307765848748577 -0.86076900524041966012 -0.28716069799047450051 -0.42025641357042631263 -0.2591506740685490251 0.9578793882157423667 -0.12372552590832826269
4.8290006779211029908 3.1685522042898881523 7.4036825710148512769 0.96828988425828887987 0.0065318398667300906976 -0.24974393908740930015 0.13815801426719526157 -0.84689015891371310918 0.51350698323269228229 -0.20815153887667961485 -0.53172774405987155433 -0.82093759997976012421
2.7453227865304583588 -6.4034147354854686895 -3.1194805349891838731 -0.99239376791359301677 0.0012569452237951267252 0.12309764211806289991 -0.10553943243857004386 0.50607189844937516821 -0.85600973230467358732 -0.063372214785861441522 -0.862490378896182186 -0.50208994085182712119
-6.5425385587501727613 -6.6140360434406328949 2.3956234206220070604 -0.99390751357865303461 0.0028033311374998700488 -0.11018164904420976735 0.020016311225223001879 0.9876439034818399465 -0.15543122980952631118 0.10838450874784846811 -0.15668969733099763486 -0.98168280875937952157
3.3572426907469408164 -1.7810844536661505355 -3.6157458677919027679 -0.97755880900844283055 0.00090163909250978268965 0.21066077465209043229 -0.098465997367524274453 0.88207657669546946089 -0.460700944439706217 -0.1862343209305691305 -0.47110518983787286196 -0.86219294697614545786
-2.4576101519854458566 4.3282012409949857101 -0.86830158659397438381 -0.99651539450358761485 0.0027285244584898922862 0.083364402905249379572 0.082114144218219914384 0.20752165013563173002 0.97477793986338634458 -0.014640213002953903626 0.97822661989916059877 -0.20702256950380990008
-6.7920411390474484392 -4.3803198229006250486 -5.1384195606438769488 0.84249302420914096157 0.0054971550787924587655 0.53867920457811124813 -0.17536276770809519632 0.94828271606612601907 0.2645898526247239535 -0.50936568775352275562 -0.31737938133457149759 0.79988556959301460036
2.6340122330456567923 5.4801907042848014839 4.1705195664617447093 -0.80164838894261336577 -0.005282591559638397799 0.59777249412467337031 0.24171369482663834782 -0.9174367053120363602 0.31604490421362813057 0.54674889139245341774 0.39784668651698318342 0.73673853149438384147
7.2463984678902342296 -6.5163030352481392526 4.2228157972697966116 0.98854205751115897804 -0.0038405296953368112112 -0.15089682191284845003 0.041632514328609405985 -0.95396355935067222998 0.29701895761336277735 -0.14509077945345774663 -0.29989794557931054308 -0.94287320884352521233
4.5941437262572915046 -3.7471520068445549612 -3.1064900466765301701 -0.96243377425870968445 0.0055375584637176655453 0.2714600626469801381 -0.21984629642198494359 0.57083187351389486075 -0.79108695990398247844 -0.15933874643534448601 -0.82104829798676703945 -0.54817046277374037455
-6.1122480330623556455 2.1499652602052417016 3.5924497939519950407 0.95806625028844860648 -0.0014763813445950986838 -0.28654298169129993612 -0.28642208577453509566 0.024564134325263466824 -0.95778859467284227502 0.0084527415054897678259 0.99969716594728019743 0.023111199840507880982
4.6499693118765401678 -7.299377558463633342 -2.8303120704820581288 -0.96125613782017926834 -0.0019238515039678339043 -0.27565002502869867529 -0.21725302804092164188 0.6207826647358082317 0.75327949990053877372 0.16966955917299714196 0.78398034539068151005 -0.59714910929448772325
0.026566448106208978563 7.2243923825084861434 5.6853327683624623745 0.54141149946242927982 0.00035567893634817033741 -0.84075767123605926745 0.8019240401312162092 0.30018866013782807833 0.51653131771879168266 0.25256963813861715851 -0.95387978373432535939 0.16224036511714157172
0.19112217580832729924 -6.4809530190055939514 -2.40782495644822081 0.98940907352046381096 -0.0022987092381994067222 -0.1451358025141913366 -0.071436961956662700657 0.86269226169091040024 -0.50065838860953693068 0.12635840178640600495 0.50572401322710447413 0.8533913385683808972
1.6587881784622175996 7.1293138210583659742 6.1306221431042997594 -0.99310219434180513343 -0.0048407732330263643014 0.11715203160014568684 -0.098190267322340235578 0.58041456133866642375 -0.80837961898428090102 -0.06408356260935230142 -0.81430676277470470659 -0.57688629131123270177
4.0632847976142159041 -1.338339294850719341 -6.0056852632304522643 0.99182964331890599574 -0.0030107605255013398377 -0.12753389335830925266 0.083009711066930808032 0.77435321370157317311 0.62728501360916533169 0.096867675220690341309 -0.63274642294614258375 0.76827639410972448086
3.9738917003953804219 4.1135030743808949083 -4.572338774197868716 0.99067776315786393315 0.011778705925964014223 -0.13571599637208173195 0.064108235294811397043 -0.91935237404764202918 0.38817695256205742016 -0.12019860128941639577 -0.39325878810228448446 -0.91153706552637592253
5.6899436014651216809 6.4081200817948404946 -2.3496802537496819241 -0.99730803050715088887 -0.00090903486025464223103 -0.07332029692625659234 0.068446689320922154964 -0.37019984041857378898 -0.92642707693320325291 -0.026301007713107660974 -0.92895169508943598036 0.36926549416857962216
-1.455767549027092489 -7.3699619816702597319 4.1341152068224218397 0.99996334561788891016 -0.0034967699745114670141 0.0078153707779609095374 0.0085070997628691642778 0.50895458210287503054 -0.86075133610698739695 -0.00096781934065050419496 0.86078627193752865754 0.50896567405823778252
-7.0108369553393234952 7.1886129613818621209 -6.7441352725978918059 0.82555164467221231472 -0.012622834421870589988 0.56418538268026119376 -0.17414490171312649314 -0.95665590442482206779 0.23341601002609704829 0.53678490588531335703 -0.29094697898466864716 -0.79196705754306717662
-4.0330698624621135195 4.4222870367103590539 -4.4997232532699111829 -0.82852678135434176809 0.00088835324783008017165 -0.55994873283819779353 -0.15447096764684084547 -0.96155752812475214775 0.22703709005579800206 -0.53822123028808133149 0.27460213206615402548 0.7968133886499024765
-0.92427180602888991956 3.9259852944602164904 2.3356715642484666695 -0.89752452228812673596 0.001767199021180378745 -0.44096100609830979344 -0.33973293722522401872 0.63474661474012528117 0.6940304506577128496 0.2811249957863112825 0.77271832648356553186 -0.56910027645454630552
-5.914530226664787449 -0.62899342224537890811 5.524293403185149387 0.78633540339720287005 -0.0028757743813086437262 0.6177931395588247554 0.042523141096293272378 -0.99736566019617678425 -0.058766677059570754382 0.61633466220511112788 0.072480823553735987397 -0.78414164178505318947
1.3086877688812448284 6.0621222992302428167 -1.6662329665389630229 0.81208918700387033862 -0.014927205178373297717 -0.58334237879389860826 0.49203127564253179571 -0.51991855976313894327 0.69827638869104191599 -0.31371384435658472567 -0.8540853995704832391 -0.41487558870058666161
-5.8154581207788993424 -5.8982094212005824474 -0.65443733494281441931 -0.99992571753819536884 0.0033134113712065902529 0.011729480416334836859 0.0101909154754587436 0.75518134951381055142 0.6554367052493696999 -0.0066861534175734795016 0.65550755194089538325 -0.75515901947936925342
-3.534957023299211798 5.7427537126078025409 -2.3973699989669809973 -0.8683901924909824821 0.0022127664852847070756 -0.49587657461314249563 -0.42530742045554570385 -0.51750302060089647949 0.74249863419028738765 -0.25497464911438377788 0.85567851868173494534 0.45033565368017064445
-1.9995754769542275486 -3.0790633804943823293 0.47312415733036639054 0.7973028192795295066 0.0033094936571010473425 0.60357042805348226633 -0.28371231987038958433 -0.88057180325736672533 0.37960587306013726661 0.53274340345299198152 -0.47390119915409095741 -0.70114343719216765116
3.6014861882696154183 -1.561488589379034897 5.442076241119497837 -0.99883551032577422291 0.0051513022348543503412 0.047969650797505376805 0.0073896176506242031851 0.99888623641911933326 0.04660129014789277796 -0.047676166617447196527 0.046901500804953366597 -0.99776110986495503141
4.4566321422955361697 -2.0778910371176997351 0.90508234874236248579 -0.96716580181171596386 0.002314225760437688996 -0.25413570423109510532 -0.22697060256998927152 0.44203219386174863459 0.86780866852018612168 0.11434446805570491756 0.89699620063234375422 -0.42699315998755488222
7.1589170452215817875 2.0781264156890757455 0.87924045726357047403 -0.99483415483953863134 -0.012350762494910762918 0.10075943147173986592 0.051905417982385723685 0.79112060369932768467 0.60945386862864647792 -0.087240082237313276714 0.61153548471708119028 -0.78639272566769080619
-0.03584970082108793199 0.80216053159334899103 4.7142093998757097495 0.94643771947909804965 0.017783337716742619872 -0.32239633379859000684 0.074264258856662851427 0.95972412735562240282 0.27095095354697878998 0.31422995242908852154 -0.28038072735330604734 0.90699844802800777543
5.0879465313449632191 2.1273280163302361601 3.8033331110442580858 0.93970927532055581466 0.0097665166193506829789 -0.34183489147493967275 -0.34016668151156603805 0.12933854022157989516 -0.93142802770950228197 0.035115618547851362719 0.99155239758994950794 0.12486286945101676693
-2.4596226361418631612 -2.0745657827781180949 -7.2224997052838064704 -0.99949847736704100498 0.0072150502991668455724 0.030834020009214480051 -0.0028952972887613696515 0.94879877143330160205 -0.31586786569751651443 -0.031534282841949000387 -0.31579872446842915945 -0.94830203765983867026
-7.1901572501579140706 -6.2146280894114145354 -4.9314791799108039783 -0.70065441275165618595 0.0054620051530449020838 0.71347989487547247567 0.0018991150451237771585 -0.99995287980357028257 0.0095200595948534069701 0.71349827417714306588 0.00802525216750226561 0.70061102480185000196
-5.1965379673097116253 -3.1186679124131604368 -4.5917248257257252675 -0.2119575997719805871 -0.011148189181689296609 0.97721527504277427845 -0.74350235484765270222 -0.64711836593944049856 -0.16864776547575022203 0.63425406915127835461 -0.76230803376453615261 0.12887295070400181518
-0.64658936280904288907 -1.9813937855562107071 4.2085979772724790848 -0.99698012328985730068 0.011769491758516126625 -0.076760099195738354383 0.011309307044566885986 0.99991539266805118391 0.0064270584170672022048 0.076829247939514552779 0.0055395459625541751403 -0.99702887625766789537
-5.7922078059893857827 -1.6554717578917592657 -0.57105453020722807267 -0.91063189216405160398 -0.0040741260365485627501 -0.4131984492598606562 -0.073492608303802373082 -0.98241219775545707282 0.17165404226546188138 -0.4066305368493463579 0.18668067708902141844 0.89431646037807832617
5.1837421363303537447 -3.6563667331077374101 6.2217386717835729826 -0.99344784283893639021 0.0055878551892472230062 0.11414972375324805576 0.0011369685397914913727 0.99923779837403714499 -0.039019605367862572609 -0.11428075455257705184 -0.03863415813636179863 -0.99269698849347487446
-5.2870809250177464023 5.8610123477546887116 3.5892836625987785126 0.68372395068893676573 -0.010704734971327400928 -0.72966222863970442436 0.72883468241441828894 -0.039794169865636094818 0.68353231800293900999 -0.036353334979573180552 -0.99915055556903309419 -0.019406244921768369543
-0.89937112747337732976 -6.3280419661436972945 -4.0281960460084196285 -0.73825087620091267571 -0.0088856451880817508698 0.67446770797291266675 0.47191776768473991943 -0.72124877239904428006 0.50704420799023985911 0.48195359147132610378 0.69261912594333541193 0.53665583202395539253
4.363964330326986385 3.8454943343563541269 4.114086660851181243 0.99871866533475672778 0.00027310462886302819957 0.050605858611326944019 0.0078910485335553781638 0.98691342958336303326 -0.16105779664790659256 -0.049987587108867664876 0.16125076099630789028 0.98564670811267829365
-4.7043401407653560042 -2.1090181975778814483 0.91821403128163425755 0.99998246985993988201 -0.003751671328654685323 -0.0045809316683688523428 -0.0043984719947156424719 0.047277588097964999558 -0.99887210548076976746 0.0039640152396863493137 0.99887474421260435964 0.047260257693937358925
0.65095125894700278657 0.8148110461950263117 7.4864911315187097074 0.99637561057927614971 0.0066015403046351421243 -0.08480602754691421441 0.023282948243726689364 0.93774429106248446963 0.34654516141575136823 0.081814100030257116969 -0.34726368114904199169 0.9341918372534583348
6.1906618546535323588 -0.18264197564900377935 -2.9987422535699899129 -0.99685281531141634037 0.0013754030878395150442 0.079262682719864863135 -0.061672288430223425049 0.61476724464109466783 -0.78629368797933363311 -0.049809571824936636764 -0.78870738755428282385 -0.61274763432585210854
-3.1070011878585717113 -0.48405115321475411516 1.5278100991024701205 0.86255177654883397054 -0.0057508427318077523505 -0.50593612302380885914 0.2497304636620841789 -0.86481168950055820055 0.43558631431952665736 -0.44004446172133671045 -0.50206341184275171674 -0.7445086985370034105
-3.3787617073578872784 3.7097242132621301991 -5.8865290463920327824 -0.97770551112112302761 -0.0037508949926986423148 0.20994728936144277376 -0.044022086374853788837 -0.97395941955150466818 -0.22240752005745109687 0.20531436733620417323 -0.22669137578143189193 0.95208036988035449344
2.4206647272432331164 6.6505205987615356733 -6.2006297462414714516 0.91069630407134805061 -0.0028687038747031191888 0.41306659546480412049 0.37236188548851983926 -0.42720176401411541489 -0.82392067522223311204 0.17882636267123164231 0.90415177009245062401 -0.38798287159671007718
4.9760187766699006673 0.48279500503110517329 -2.0311032798589363502 0.81714525721245601098 0.0020911670082980476915 0.57642801427050083252 0.16514620572009663935 -0.958924018402156908 -0.23063273329689226721 0.55226837620087132485 0.2836553435990737948 -0.78392556196128615476
-2.5528422011508715705 -2.6457680430524810333 4.9998818471114256923 0.68443431964656298305 -0.0030189472398352412003 -0.72906827392748085881 -0.72907352562974681032 -0.0044893037589224891321 -0.68442066039642612818 -0.0012067790790681841295 0.99998536594755560447 -0.0052736680717534525908
7.3295792866620930184 3.4050982441466324246 -1.072622969917168767 0.94075419969746565396 0.0023717139240634196526 -0.33908097959743488392 0.1676342340738262715 0.86597962723475541136 0.47114546456579703415 0.29475464257273353841 -0.5000736547624454742 0.8142763907263249612
-0.86045617544339125793 -6.2761536860126838633 -5.7130299601087957129 0.99213361085489615299 0.0015540879312776921181 0.1251738112497161326 -0.11850892138902069384 -0.31048468444775756403 0.94316217920069145286 0.040330308246946881823 -0.9505771118293987465 -0.30785811781167471413
0.022560857996657451147 -7.2975169280410741024 -5.3597487417803719723 0.99916336393928528725 -0.014897952413859633092 0.038087047343401889132 -0.0070691556899982049833 -0.98018563801672975444 -0.19795489906443636263 0.040281499466803760701 0.19752003959000472011 -0.97947089531081910074
-2.7166853600237437227 -0.21921336246173170337 -6.5671937447901234108 -0.99903744007280725903 0.0046521241957175260562 -0.043618242435487342146 0.037964631344862311002 0.58982466257499621687 -0.80663842840840849213 0.021974532976616507896 -0.80751794107545082912 -0.58943353717075996911
6.2549880210762829336 -5.8173175432754522518 -6.3022639388747139222 0.89270165742184459656 0.0081013648404182000973 -0.45057531970136432964 0.44334269845612139793 -0.19508883372813518031 0.87486433158535426013 -0.0808146184911334442 -0.98075211691967367766 -0.17774780616317026327
1.6315725646149894512 -5.6257499728344235734 -6.3405947426244040344 0.9793207011137317064 -0.0062273021395518133453 -0.20221816208751117183 0.063481986234333334651 -0.93958746869621712072 0.33637096499656266024 -0.1920963346702389829 -0.34225225985675483686 -0.91976213709263721086
2.2661160784194840367 -6.5480640778167611415 0.019780079739742190137 0.92188759920579044227 0.0057869743036611850234 0.38741420386837821521 -0.38606585546129501552 -0.07094778029452326884 0.9197388584365991937 0.032808682958838680799 -0.99746324413464504399 -0.063171725659582372847
1.1060824148635439723 -7.0055099035753425341 7.3350968253129034125 0.64113946475973893069 0.0031686731591215981652 -0.76741784331487661319 -0.23610947053761741077 -0.95067223307738035754 -0.20118305887487769601 -0.73020031816629893395 0.31018101935189396068 -0.60876533293528956037
-6.6944004478346199605 2.028086594121736308 -5.0382329173966660107 -0.98151170735548443069 -0.0092530487982381334072 -0.19117831836288354252 0.19068432838434365428 0.039149896237544834499 -0.98087041577002909154 0.016560653148697698084 -0.99919050571569056896 -0.036661670103285796951
3.4305210273750628147 -2.6200196994995450517 -4.3352153876302255142 0.99834127555348339822 -0.0015063630406186639607 0.057553700112818198531 0.055906363824689664366 0.26417990943460539777 -0.9628517299850253286 -0.013754127023735402205 0.96447224237998729901 0.2638259230407146716
5.2157996908024832905 -5.9056134116679350754 -7.0722463775984252266 0.96407545404796723965 0.0015431622154610229875 -0.26562405303866842843 0.24306697069817578827 -0.408428108725642669 0.87983232934368338363 -0.10713060560798748355 -0.91278918631483585422 -0.39413060613059519577
6.3406333328231019308 0.71763176410931517335 6.8251871434335731337 0.97870700303887114835 -0.00086732341300757055669 -0.20526044419922651052 -0.025450906095532212919 -0.99278710894105826057 -0.11715804581583620647 -0.20367830906028300264 0.11988746419274901034 -0.97166977021398326375
-4.0108546001561249383 1.1823735399689516701 1.1563177456850290969 -0.93964035763138198387 0.00067267691967885399548 0.34216303981596080108 -0.3417939619533273965 0.044630578638366724675 -0.93871454608023863209 -0.01590238606495233617 -0.9990033328053253836 -0.041706775963558380405
-4.7782604767748413366 -3.8991998041589681634 4.438444186204678843 -0.89934554246195141936 9.5752764652448293936e-05 -0.43723859171527551526 0.43112141931810959994 -0.16649487827894454695 -0.88679973912491316668 -0.072882899633259431993 -0.98604231467936043209 0.14969514555518242949
1.6009826926104366862 -0.80779153003450110404 -3.5331680317059004359 0.99054982980849026752 0.0041639030772488696761 -0.13709010386431200179 0.084688980936874547201 -0.80479571291676454958 0.58747905237434305814 -0.10788332203926470632 -0.59353729653821685197 -0.79754289316864968029
3.5865212695069423887 6.4286874638736657417 -6.9743070694624513806 -0.9920741011608102955 -0.0025529297910137213265 -0.12562826256724479723 0.076165817900850613098 0.78296530481443693539 -0.61738488776481315057 0.099938711166745103354 -0.62206013696938200486 -0.7765651550282122173
-0.95603813532998960234 2.0998435223527507354 1.9731058909646910227 -0.9235404814720944433 0.015680321478430681026 0.38318025340639821907 -0.36767154420975856066 0.24789829654836237349 -0.89630579053510817111 -0.10904409502897614848 -0.968659156817702649 -0.22317890413874255651
1.7013433344891619736 1.3236888800056592075 -1.0333322199257473084 -0.98798983601052436931 -0.01415854513664447159 -0.15386883875370599428 0.15003307195531057072 0.15029700565699041781 -0.97719030255628858139 0.036961618734463942693 -0.98853950133019430346 -0.14636766395064862434
5.3374869149148134184 3.4080409579013739574 -1.2248362297892476658 0.92757682061627388936 -0.00048272653117107126516 -0.37363218387930902109 -0.33876038512300482575 -0.42293252607854314729 -0.84045789891948996519 -0.15761549202624394739 0.90616104824698262554 -0.39246593650078653859
-4.1492244685202051002 -1.1243952816538165251 5.9813617749493319664 0.79974220962940079094 0.0084946573414208179087 -0.60028346548434141638 0.56396159290772385209 -0.3534242936678430036 0.7463501794536215872 -0.20581477075811413502 -0.93542456106413518491 -0.28743898604007284137
1.0877703229024604514 6.3343988798617720803 5.1127802494647696108 -0.8327512594159948156 0.0029937000230549973279 0.55363921257546988564 -0.0061829306307646554608 0.99987273522954356331 -0.014706621415599963748 -0.55361278102108923971 -0.015670070351423055072 -0.83262676967858906263
7.1862482921956720716 -3.6210088629856618248 4.3112482835738719089 0.61983598829531583174 0.0059428719441643644908 0.78470888225318979892 -0.30267607660573420114 0.92440557855533933562 0.23208084579787399693 -0.72401004154951031921 -0.38136466617760023112 0.57477861053345791209
1.5164479744356416102 -4.8524014547003426756 -1.5692316974703945931 0.77749209202051250411 -0.0051753838225749304591 -0.62887141948729008423 -0.29914550833181002831 -0.88263739366801075015 -0.36257853789718702542 -0.55318894754918834789 0.47002600640936065268 -0.68779178652289907347
0.62279692202385539268 -4.5734976724939651049 -4.6437277721458611879 0.99321448017138502795 0.0059512630974831674108 0.11614464621967439395 -0.010050282876647742905 0.99934589270350360213 0.034738718324874441612 -0.11586193590665740116 -0.035670284612024663606 0.99262462321042377322
-2.7967157705455072403 5.1598257184428710787 -4.6847181077049286912 0.8491910311000395728 0.011430635285566299528 0.52796205666328377415 0.48703018269179443323 0.36953750998401807548 -0.79135556475084745109 -0.20414748062724669131 0.92914550490859637577 0.30824087474206757209
3.4198988130171334987 -3.641209774435163915 2.2644568152908672864 0.93715782953918369547 0.0097249732480869915258 -0.34877016418917405893 0.2529768615335624693 0.66948092699605377121 0.69842536889580053572 0.2402871408582432089 -0.74276558434266903852 0.6249490992507402698
7.2683060915735637764 7.1397105500638140541 -1.0715004532113092672 -0.93021112426024643582 -0.001031015649411929757 -0.36702343427773337359 0.21440546719488690064 -0.81315354433389352984 -0.54112069723318112491 -0.29788850252943788188 -0.58204832303156461837 0.75662552806306104802
2.5611889506704654806 4.0563490833273503355 1.6252947510313726642 -0.98154273675111425312 -0.0086079273225020073307 0.19104910237529212913 -0.052907793954560536354 0.97221856554360641667 -0.22801716196626181654 -0.1837787291012564217 -0.2339165757262804124 -0.95472949798908157693
1.2780442513537995097 6.5505063892476007581 -2.7528441586899492499 -0.95653725029780345412 -0.0032458221067242143051 0.29159210111325278847 -0.042379546272278252605 -0.98777471662785731876 -0.15001694320541833494 0.28851423335869397224 -0.15585433529350564696 0.94470575488859520608
4.9248320367368272343 5.305836344087515144 -0.37663427379039504661 -0.839618020390641151 -0.011354201782068609056 0.54305861740441319085 0.069306656627497686962 -0.9938490455595393458 0.086375123660609454124 0.53873756800730787653 0.11015968746398120681 0.83524048996406774492
1.2172423513920316296 -6.2065303055171394675 3.0583805376410846399 -0.99920573268728474225 0.0083576621818640031009 -0.038962202809494431155 -0.033051887994462111897 0.37234893590010231801 0.92750409305516623437 0.02225930063843498119 0.92805518123487540372 -0.37177695479711914128
-1.7916057872280055641 -3.8012456708855903997 -4.3765791389974868508 0.76977227852261109753 -0.0028307852802537075525 0.63831232627359613119 0.42612243286990569846 -0.74226068476908135807 -0.5171738083575597722 0.47525815240043189913 0.67010526225417132995 -0.57016543746192127617
3.7675585938682263354 -5.164551390639775974 -7.0457981901741986164 -0.57174431436662753736 -0.0028359301669637179862 0.82042695987480840358 -0.4188946638737843231 0.86083521569064203049 -0.28894634796927265441 -0.70543298729746006792 -0.50887590719823483365 -0.49336559619176661995
6.0650139627755761396 2.7794154749446122743 6.2945655964893392209 0.94530152900231168012 -0.0060479744262104829372 0.3261417502730044049 -0.20305807802119699157 0.77157508742065927798 0.6028592716564856735 -0.25528892693595295338 -0.63610950824305856344 0.72814301981599016678
-6.7729269861993808277 -5.55839167033594439 3.7605701393528088161 0.81774894562345934457 0.0037103101607139027732 0.57556311168293727842 -0.37782158473686067168 -0.7509157469629137438 0.54164230915806965694 0.43420906489683008811 -0.66038759419118397975 -0.61265872506618135329
-4.4723967226458301027 -0.41370724159211880178 -0.066973760114942298971 -0.98659441827600902197 0.0013463905459328217792 0.16318590949933212131 0.029077543728107980991 -0.98251397253637040574 0.18390429636515492895 0.16058004321014310301 0.18618399771010923915 0.969303651452608106
-7.0879584291917288041 5.5082343675844587239 6.5473324820860661077 0.70160546922785904655 0.0013481715437053251247 0.71256434655618006158 0.1064924714239317699 0.98856922797521507018 -0.10672504406414586031 -0.70456306962512371683 0.15076161293229170535 0.69344200693817514836
3.1300236603397801893 -4.3869558249621993795 1.6462159408353833623 0.76521221412613760204 0.0062304821140582583583 -0.64374796966262382014 -0.42405406875013174073 0.75725206957383073281 -0.49673680143770115869 0.48438457255423650327 0.65309301345124892713 0.5821005941010439777
3.4535391068847172136 -2.3194848306246726999 4.1747656461364632818 0.62384032225213259526 0.016166928149611736742 -0.78138459337669785576 -0.46572256348775203927 0.81058052929688184651 -0.35505168550963883689 0.62763504219478583046 0.58540399380170549115 0.51320212182949631607
-3.1615542072652966787 -7.203889991430817652 7.2158359005123866581 -0.92229414389188979495 -0.0030941663422861653138 -0.38647631011144362168 0.0096128819488192282505 -0.99984224885791916915 -0.014935524745650604131 -0.38636913003414907752 -0.017490098154055624957 0.92217839479318708396
6.8531374305050523077 -4.4184621836342827805 -0.87885843086102655164 0.97308921155594019226 -0.0078494723920788482541 -0.23029496767500595711 -0.045668793293154284763 0.97302504285656432614 -0.22613409139937129533 0.22585780409899383625 0.23056593798088007019 0.94648169584540509103
-3.1860927351376804317 6.9627760242833351967 3.6056415387689533247 0.68000363317823953047 -0.001733726592364648756 -0.73320669190646903246 -0.32095824153207419549 0.89839294245942047379 -0.29979314223593267474 0.65922747671569181804 0.43918915643629680146 0.61035401105571152058
1.5396674582030052125 -1.5362126936091951013 -5.7314405385383055958 -0.8613955655955505275 0.0052565591490670287439 0.50790751929691246858 0.17811929518400032579 -0.93332152081562913537 0.31174421480695024833 0.47567972024836491229 0.35900321359062647986 0.80302272469463908955
5.2447493068230537361 -1.9677064873498335551 6.6839690457081699648 -0.99572988605608314661 -0.0021180962865727450024 0.09229034447224701565 0.057118458327658286344 0.77125576399301321029 0.633957434080351101 -0.072522243022083585084 0.63652184579608361847 -0.76784143160647622128
-4.597676303483503979 -6.4081993281597426915 4.5057335829174007813 0.93902267397390881687 -0.0093406637731580331729 -0.34372833715482192796 0.16576106285626049375 -0.86351475178357339768 0.47630404521990743483 -0.30126348567945065993 -0.50423707266759310031 -0.80931161288090669448
-3.3834672081809440414 -4.864200914477807558 -6.3869594893831678206 -0.71110930796398164055 -0.0053269549488672096951 0.70306128870669959419 0.24867524045285194223 -0.93724020888880565927 0.24442057120403223869 0.65763529171773582593 0.34864367826325426414 0.6678049181417856639
-5.6747023612007545523 4.8624981103957587436 4.068922264687531154 0.91957045467112052961 0.0027147592882151619885 -0.39291577847920311495 -0.3799395013432734225 0.26109839081492480783 -0.88739709579931413952 0.10018060797856866151 0.96530837580337491843 0.24112981024577276323
7.2419627527874546047 -5.4421668284036943675 -5.6597683412338772868 0.72438289127293264968 0.010256008029613322696 -0.68932158034591461959 -0.02194714629249125068 0.99972559281545925192 -0.0081891293413095533893 0.68904843777547963857 0.021060706755676446983 0.72440920551176246622
-6.8377196811839731083 -5.081551851952540666 -7.4237645185390679359 0.90421558737444496234 -0.0084509345521612874025 -0.4269926852466869871 -0.39814252937907784746 -0.37842038242785186464 -0.83563182111666312046 -0.15452086541503645689 0.92559526569039674015 -0.34553828482969711766
-0.93788012029028167138 4.290143523080015342 -7.3422999934594805893 0.95760330532732473863 -0.001737711756066536925 -0.28808486594066196052 -0.14994829772798173861 0.85084523314964399798 -0.50356518667887451013 0.24599068607306856515 0.52541352246039352281 0.81451164066636094763
-3.0033486843223946572 -3.9201552980318830066 -6.2346502458656773982 0.88592945459996341739 -0.0069210945187483594032 -0.46376836882513156057 -0.44496578308234729926 0.26950478290906737522 -0.85403315150823422286 0.13089863772405341269 0.96297417952915576045 0.23568257509243634162
-3.533518445630478233 -1.0886451571169570851 0.49276254080353254494 -0.99939011238794039915 -0.0035326909174351502074 0.034740802467479972582 0.011693290266705359468 -0.97128932580117921525 0.23761378863061832778 0.032903954533539121752 0.2378751052118337761 0.97073825725388718233
5.8574219489102707925 0.47676973696756108634 -5.0632409791501347129 0.89623223689076814136 0.004829683131087838914 -0.44355884808969459066 -0.35944347045587876632 0.59386757579442861488 -0.71980670597506646313 0.25993877953163446737 0.80454830593382409276 0.53397926393703110115
-3.1604413435537752619 4.4681510882983426214 0.35667534604668160725 -0.99966403824186356175 -0.0020767631711686570725 0.025835976871240739355 -0.020025688902267257258 0.69471619231116366056 -0.71900513483882033672 -0.01645546809267457028 -0.71928095984489059944 -0.69452438285088846648
-6.2630102078171923097 5.9625030768205506959 -5.8856338657808908721 -0.92545965887858250287 0.0062167007273385942179 0.37879515891862874932 0.37190516623053981871 -0.17561062387368456261 0.91150834122001644921 0.072187028745912804051 0.98444007507558306536 0.16020852494819287637
-1.4805182360065194391 -3.0063280603127284785 -5.9480013257435944141 -0.532217864729687129 0.012150273937830531612 -0.84652023915899377027 0.35336658530260867117 -0.90544512654310960187 -0.23516202757010309932 -0.76933490812142268922 -0.42428939847995045254 0.47760057106679315586
-2.8248918436127570253 1.6345763475512584684 6.2942140982378855796 0.97830612933555582966 0.00039905228152022607663 -0.20716408487414295081 0.19979557022055716153 -0.26615635707186519054 0.94299656611815718676 -0.054761733215096995708 -0.96392978704240128707 -0.26046212436322313533
-4.2886470174408426459 3.8619446282964928763 1.0852584302353034396 0.96810967422749039102 -0.0077679849238462793382 0.2504063039887791664 0.23677859193676145666 0.35492830072875797276 -0.90441240578740678124 -0.081850822033397011013 0.93486125160471178486 0.34544881412504591101
5.5917821999407015809 6.2008670490342829851 -0.95761125123197976539 -0.90796488315326107088 0.0046652208876204852295 0.4190202938696814261 0.011477881914891411436 0.99983973225267508411 0.013739288031554518221 -0.41888904161761236766 0.017284256505073668231 -0.90787291252123014651
-0.49160569128759906699 5.8326169063300783435 -5.055787183552424402 0.95288217040472134034 -0.014466533519862316559 -0.30299552592854439581 -0.20476494333592162866 0.70627218118802936875 -0.67768054720532289181 0.22380099933970379333 0.70779257235994808006 0.67003192999048477585
-5.204626045287251479 6.3787339850766402449 -7.0950996179780316808 0.99773676733923744031 0.0025320905430448988407 -0.067193240857414571199 -0.06526735465616596843 0.27679836498093485231 -0.9587089430895611164 0.016171441358778185921 0.96092468677908093877 0.2763371687323676329
-5.6647464818256327845 -6.8381465227460882517 -6.1584461063151554328 -0.40242676845221142523 -0.00058775857203818273819 -0.91545199250045561357 0.01540157797036623144 0.99985391332317374857 -0.0074123820971397878787 0.9153226138521024513 -0.017082346214467296341 -0.40235892685343488395
0.50839866599246474888 6.9277746136867266458 -1.3375937066919918461 0.99988355314234733662 -0.0039859294177358086525 0.014730666044754628721 0.0015560194624396643179 -0.93362585837251199639 -0.35824619381322947431 0.015180874773110343556 0.35822739837277789432 -0.9335109383911908143
-6.3038636728607126969 -1.0642893358167313522 1.3366824574421252159 0.9956998335859348348 0.00017690482633271782664 0.092638059680902551385 0.078208850802111790079 -0.53757039854793997602 -0.83958408885660662513 0.049650952185900237845 0.84321885374417770986 -0.53527259189809339723
-4.6191449324764182194 -2.6784740229058261463 -1.7116041506734362976 0.88259740298974764805 -0.0043082027378298082265 -0.4701098420846991921 -0.067777994249598655374 -0.99067760366132673333 -0.11816949309929991596 -0.46521819368036959608 0.13615918989561917596 -0.87466148153203349125
4.8241696110507072959 -3.4887073361578750941 -6.3419125237446811738 0.9781776908693112782 -0.0024030972677695060929 0.20775617971328072531 -0.011071706424012388303 0.99790948677947544088 0.063671606800206143051 -0.20747487173726297804 -0.064582360743330513575 0.97610619108700369395
-2.687093123251998783 2.2453685671576706362 0.43848708944890629757 0.90098304500716464016 0.016223577841236437591 -0.43355085991351460795 0.35532302446652308525 -0.60099718343529640041 0.71592453078998996574 -0.2489479883302283536 -0.79908646655098192202 -0.54725288311845121658
3.104049181326916429 -6.7334661734345422346 -2.1738273430048855595 0.98127823759438403961 -0.012725758949983010868 -0.1921745963514762956 -0.15423088195883793983 -0.64954250721856843231 -0.74451821090310632556 -0.11535100985203342039 0.76021877533726756049 -0.63934463175257050249
1.0429789658063843838 -3.0693422431319334898 6.7744778269328476128 0.87295556992724876455 0.0072751220701984930378 0.48774547207729379572 0.45186852427178164637 -0.38870633240124619068 -0.80294596575597199095 0.1837482236797724211 0.92133297984495865496 -0.34261075660936929355
4.3385443172466366946 -3.7269458675055320285 3.3148425970124919537 0.85909338659192824306 -0.0042381670310016033437 -0.51180131990287447419 -0.23033027245306406106 0.88978496041142063344 -0.39399326113206889488 0.45706292641803059063 0.45636034245538259491 0.76343219681139773414
-1.1064875110623968446 -1.2973652196504199541 -5.983458296873845228 0.98997277644624459558 -0.0059002020400114301574 -0.14113500455633365416 0.093931299487990879693 0.77372215093145946252 0.62652289992830456633 0.10550266760477269856 -0.63349760913034258714 0.76651807960038675915
6.476200805106214986 5.1664761436725994415 4.7076575186703477627 -0.83634592058181556062 -0.0014893806961406570559 0.54820003910182701912 0.54035926353689212043 -0.17078620826243415265 0.82391986101635794615 0.092397875711350663241 0.98530698404732908191 0.1436411492280019464
6.0050663060288567152 6.0023798635753049524 -3.44019936922791425 0.99286447927016474591 -0.0026747705672890195044 0.1192181672651640989 0.031872035946127252881 -0.95742562735426939291 -0.28691521641410816512 0.1149099609620768403 0.28866765265222088521 -0.95050864655931222025
4.6370166984071330418 -4.3856339762526559412 -0.60994148445752294219 0.91978776916496252092 -0.0026609375064448334905 0.39240715985591528847 -0.065529543896768613354 0.98489442109856661922 0.1602774412252910563 -0.38690611079600678579 -0.17313549231929681316 0.90571947242415928869
