1125 14.717824617146108679 14.977075390850430381 15.033177056927090831
-7.2533722542642680153 3.2233619208960844205 6.152132360349858331 0.99991618431451401161 0.0022646218570464759709 0.01274738536759772653 -0.012944893765330490673 0.15718870252784292174 0.98748374240948544323 0.00023253229999717903772 -0.98756598933203576518 0.15720484293842210133
2.7860709777128991327 -7.143216347648631448 6.2705339475645525127 -0.88906201874811408015 0.0089957339115081143277 -0.45769837621615294676 0.14625050099323499975 -0.94183106324230581041 -0.30259715674651654904 -0.43379663182044109204 -0.33596625586996092805 0.83603059581463112782
-0.97343070258284902785 5.4141032312774637347 -6.9306540117501560516 0.9244662743382522363 -0.0026801841897386591979 -0.38125440879258704063 0.035661591327163871812 0.99619923438715729525 0.079469090283487420212 0.37959235834659099673 -0.087062632737475428857 0.92104817434582930691
2.4304490729652350467 2.4797147856263426213 -4.9044839883551736293 -0.84007235562621807023 -0.0099747215983963573999 0.54238265296897547607 -0.53574323456692574119 0.17227136605683610049 -0.82662068873976601857 -0.085191689314897969809 -0.98499902607356670803 -0.15006430190344088871
-2.3700636495454734387 0.54336342452742725229 7.309889030744296079 -0.70330111999940769785 0.00081731790693234749462 0.71089159975276983161 -0.3892974824862479033 0.83628494009163634182 -0.38610227803762320331 -0.59482350721659627002 -0.5482944746824994775 -0.58784195520151161229
-0.86280233269383532768 -3.391069290864455521 0.77521208297820631827 -0.84125068747367970357 -0.0014491490807075936564 0.54064330273481431277 0.34087986814281734382 0.77476016786706147776 0.53249187578913903529 -0.41964055609536499158 0.63225357433036544208 -0.65127353809783794514
-2.0602952418912408028 0.57519041838027551439 -1.0018780871837436042 0.96428688671733742144 0.0069543334231911549045 -0.2647686487324301674 -0.20285265681296618667 0.66214560681381118279 -0.72139725186688452574 0.17029856056019607169 0.74934293392531559075 0.63990903075939853384
-6.9460967099583736939 -5.7962076771255501839 4.3960547442036341792 -0.99851563137492460598 -0.0020442670603169452344 -0.054427519439003903268 0.040025087732446597288 0.65019467301356226319 -0.75871264622176404213 0.036939494475502245019 -0.75976490321471445988 -0.64914772247218743839
1.6271309118774079927 4.8519465855180241576 1.5645859317850963066 0.99065060896110734845 -0.0062096944441638341622 0.13628209955820247412 -0.064699072436131030428 -0.9008618774230344739 0.4292573911208005244 0.12010579083038049053 -0.43406142134587638592 -0.89284112892952605112
1.455651932260446868 6.975139086654410292 -1.3964359388393308148 -0.97590336494062168704 -0.0049943093766351264601 -0.21814600425273639184 -0.17089573631518900632 -0.60411856474387337634 0.77835429403403122439 -0.13567339314286566698 0.79687879668477890061 0.58870783397830783734
2.3890125174699359256 6.9262571090335161017 5.2686397681841299345 -0.99066150224118321166 -0.0095208598260842144945 0.13601154805904633327 -0.099571144616039511388 -0.63094834642513808465 -0.76940871538042399091 0.093141693870656683263 -0.77576641933744794333 0.62410823379545032896
2.8671836651195037327 -0.24995950714882547716 2.2468970435608341951 0.05863010912563072774 0.0059132811559057009421 -0.9982622618379765056 0.019082332682189284689 -0.99980638547576250463 -0.0048016810757060459508 -0.99809737745532134401 -0.018767649499010437969 -0.05873159668317071147
-6.2963488508367202456 -7.4303009464152891539 -1.3276581009348424889 -0.99695803458808052167 -0.004785573863115219484 -0.077793158780850024669 -0.065383183204723499538 -0.49192410233724392921 0.8681795418540303455 -0.042423067125208269168 0.87062493406895702375 0.49011479018000086993
0.25742776951288709464 -4.9283489233745623181 6.7422788085603322372 0.98455527973381251616 0.0071204126344627458045 0.17492913099966603263 0.04675310285109910563 -0.97357928012818739649 -0.22351181776135478629 0.16871588106092078041 0.22823821991317308489 -0.95887552187385716174
1.4651919093462142385 -3.9188310681717055672 -5.1773190941408770982 0.89133308968805891048 0.0042879620956997573436 -0.45332872907886562208 0.082013783418531896463 0.98193115520127949303 0.17054309066759082425 0.44586888493871390526 -0.18918990413377503867 0.87487605843189020227
3.7866234730160028832 6.1762965923388595257 4.0116808141639053176 0.96993962873336880826 0.0066228820817487970424 0.24325553240483946404 0.23929774826961239254 0.15561162193490971073 -0.95839533116131392365 -0.04420072720818595674 0.98779611284491808387 0.14934903803692020641
-3.3682462628154254958 -2.4007026877115236196 5.7748016981447225504 -0.93046287596894217131 -0.0040589862415705323453 0.36636370054127886942 0.36481745309389657095 -0.1026970929809646188 0.92539804031097949721 0.033868309105725975805 0.9947043941413254986 0.097036621511540410712
3.2712091581776601146 -1.8404106758805849342 3.1165619210479484913 -0.99171590862434511049 0.00096992496466352445469 0.12844693778766658188 -0.065311609071008289162 0.85725529016485457756 -0.51073257308015851397 -0.11060718919686582384 -0.51489069396343645213 -0.85009036164867346486
6.015825580130430339 -3.8881675960813146808 3.2211667949478690609 -0.99474815863959875628 -0.010918238486520041516 -0.10176882111600309144 0.08881143733772978166 -0.5863273638450910985 -0.8051911270031187895 -0.050878575854717819626 -0.81000062621881552261 0.58421772999813026406
-4.7634516330042799837 2.2238756421942067476 -6.6875669623510516359 0.64715272799039325058 -0.007164461953773515468 -0.76232671285961839391 0.24563394915827591047 -0.94466961859606735086 0.21740118381066239617 -0.72170444759308016724 -0.32794509019998135946 -0.60958568564093151831
4.1252324952416117299 -6.9589114626072428038 5.0756151026060205567 0.82638633771440161979 -0.013246954585839512339 0.56294772317970087627 0.41499301155959927856 0.69006066710540758802 -0.5929562176675420293 -0.38061321731604774721 0.72363028813623464508 0.57575410106758739825
6.3602368272211471378 -4.9861484122925636697 0.99343069752214374635 -0.98911569004511679104 0.0031821207848752135205 -0.14710549212586435108 0.026380279017045205059 0.98740186386181671985 -0.1560180762644250152 0.14475576874611872924 -0.15820061109097582897 -0.97673862115975307319
4.9714052064898286432 -1.3286585446626892892 6.0913041767650337732 -0.55651343533286001808 -0.006706281448844481248 -0.83081154426452596962 -0.38773099723897902491 -0.88230415102861958765 0.26684088678027806374 -0.73481798431588984943 0.47063192716472551647 0.48841388090347903628
4.2309878155025932855 4.3274695138005814243 2.5355639586487006554 -0.83596810445230751441 0.012355201999370511376 -0.54863893165004096186 0.34223129327815721146 -0.76978885600774038522 -0.53879760491994566074 -0.42899308880173353531 -0.63817902358968003895 0.63929059402630872277
5.9427434710529718487 -3.021899273422358867 -3.1903547393510161001 0.94891255359711890183 0.013597215473179871323 -0.31524606477659522508 -0.27245155896358946856 -0.46866300259523907545 -0.84031252401512246397 -0.15917007772833874357 0.88327238478847414083 -0.44101562401589378126
-0.4414614045808493703 6.7698382830435930302 2.9470199184312333429 -0.91972266331552809948 -0.004536439685904992275 -0.39254253692899648831 0.32276801997977339065 0.56042968950022620245 -0.76271840701855853073 0.22345251813752337045 -0.82818958206533832556 -0.51397566897309310274
-3.3489670298274103466 6.2140284316458167524 5.287714519222921794 0.92001277582596108218 -0.0093529938182139379932 0.39177673976868676586 -0.067211764531736051254 0.98113633539181910326 0.18125691733686014051 -0.38608168957572169822 -0.19309068563907674787 0.90202933216929603866
4.9974752789960676935 -1.5751711528298688592 -2.1145457390992552504 -0.83964019624559393939 -0.0091010398219340763598 0.54306676562162059518 -0.15446792071596646134 -0.95457094418564225613 -0.25482145511353399003 0.52071489542582405363 -0.29784473067467537311 0.80009031620882864466
-4.0766524634142413674 5.6618925659966601316 -1.093702831232551187 0.97152099616196263554 0.0023435960885551439942 0.23694189493207887254 0.12851159481315233002 -0.84532326521624290283 -0.51856855601038587267 0.19907718105098315409 0.53425002090926376752 -0.8215504799726502938
2.7826918440041801261 -6.4581871302109172817 -3.9450692301064229639 0.81002054995645156321 0.0058176691786397064649 0.58637263184211363409 0.57201425381320314401 -0.2279818210099833764 -0.78792384322558195464 0.1290984201399975051 0.97364800827318898069 -0.18799774972875318846
-4.2897219850586481016 5.7246372529491420522 5.9768938812260827831 -0.99977168363649893124 0.0026782340773633824503 -0.021199237268930089251 0.0077063822574377771613 -0.88014974823648695068 -0.47463357693248992009 -0.019929683165120379296 -0.47468857974613071216 0.87992815615106112492
1.6894045446334884364 -6.2622564060204517489 -3.0040053807990085843 0.99991145421675675653 -0.0060654316822404095999 -0.01184458799783115121 0.0032664536572423585187 -0.75097994735443063252 0.66031693068714558681 -0.01290015530270500338 -0.66029715220503348849 -0.75089363879524495538
-6.0021738288781527615 -6.2546286110631985622 5.2510275006007720577 -0.99855440105737280909 -0.0066128151213594764737 0.053342092245966837849 0.021383637107992521653 -0.95936230808143407867 0.2813657795409278406 0.049313772853473727964 0.28209968541071400727 0.95811686098212733853
6.7791526300389124415 1.591933698226999816 -3.1600608671395575833 0.99785238607702742009 -0.011580290122742116846 -0.064471020475616286349 0.064186502045918150672 0.36918973528909360127 0.92713485120144523144 0.01306554842342800421 -0.92928189277413575375 0.36914015658899534955
-0.79118655877215915417 -4.5800050282908619792 -7.3067752616697854151 0.97134968146914679732 -0.00068273973526872776263 -0.2376538032018356561 -0.1582568644375451361 0.74417014495702360488 -0.64897269604587426439 0.17729794462502648789 0.66798976730270043234 0.72274138501313855976
-4.776945313051715658 5.0104992716604455083 -4.7724573269839121181 -0.99244606865148166097 -0.0076556526849268493815 -0.12244260614671020893 0.088005398337299853284 0.65093166803709168189 -0.75401791318897326555 0.085474269119494600266 -0.75909772396461161481 -0.64534083614011417129
-6.1915775051663990425 -7.4558732522910746709 5.952687603483322043 0.79215725693108562933 -0.0047702452767062128447 0.61029839017597664608 0.58859058248847428985 -0.25846362626687502395 -0.7660010966720023351 0.16139394814304999781 0.96600921251142257695 -0.20193611575397471536
4.0287771153765516985 -6.9847089009916594193 -7.350024713678889654 0.99583401936171567215 -0.0023239723799314501197 -0.091154840980638404679 -0.089770943977633327338 0.1503504261596559366 -0.98454859045706699661 0.015993232918896163608 0.9886300362147569798 0.14951544400104838095
0.017348338739564754529 4.6986508548973819899 -4.5616842795711676217 -0.86481336124231955598 -0.0039072768332650918005 -0.50207826422230383834 -0.35365725038389339563 0.71455645806988943303 0.60360220135586217793 0.35640482525867178687 0.69956686701005499351 -0.61933980908212760141
0.5527719972552055383 5.882894215954292072 1.5286941012216908042 -0.95537310085517723746 -0.00114094516346787897 -0.29539962154115206872 0.29440769516142945017 -0.08564871388035086297 -0.95183423285794643842 -0.02421460700142099437 -0.99632474427511963366 0.082162380399972034795
-7.2260595973754266907 -2.6182941037265101691 4.2173100455125460684 -0.99463355701132216691 -0.0033007399525646075045 0.10340789323281046608 -0.082235846379594718103 0.63171664947359074116 -0.77082510360518141646 -0.062780194626269297808 -0.77519235025475730083 -0.62859801723282771047
5.8134760527743374325 -7.2006370296055131064 -2.0117205981063275289 0.095959896888720808139 0.0023810271953911572168 0.99538235311790057569 -0.96772033675393553942 -0.23389961767915809498 0.093852643449117201246 0.23304301753529785279 -0.9722578359464074671 -0.020140814755504436728
1.9258783565930541748 -5.6970031824543596599 -6.2289612562866505385 0.96750447108266113272 0.0065880001494018755256 0.2527680689667082814 -0.18538356226067653765 0.69830179496261624017 0.69138089212488196278 -0.17195357884813020077 -0.7157731494028160002 0.67683141572729754731
-3.0665023417361711999 2.5240566409452513952 -2.8480244421042684166 -0.75908373109256643829 -0.01255573879794303141 0.6508719095289905443 0.64740855336980629442 0.090215347748736574029 0.75678488096302443111 -0.068220628949623121628 0.99584313245297984007 -0.060352310079242729723
6.3382111058937402603 -3.4625350115760813452 0.54034195808050589083 0.99392996894434060273 -0.0069419422517760995262 0.10979538365592890481 0.097134430323495737913 -0.41320789121565865143 -0.90544140676401030365 0.051653840903788467154 0.91061026134947042898 -0.41002540487750116505
1.6388145026713609731 -0.12732453649665825823 1.8017520846721555294 0.48791547532075923987 -0.0095289130527663364056 -0.8728388675802150054 0.028423249375910970144 -0.9992367187223342162 0.026797366512942275008 -0.87242799578959628892 -0.037883766617743508398 -0.48727221590139130347
5.6032660588659748413 -3.5305830679840313202 2.1477666732126579063 -0.98190775506144012397 -0.0097679725887246521276 -0.18910776626496927921 0.13498606331009679882 0.66427138855104839177 -0.73520220692301307963 0.13280031348703730254 -0.74742766142543881625 -0.65093468771741769263
-4.171631085088043811 0.76616373830978679038 -2.5362187638107305254 -0.95620066746147380776 0.008221683323171396357 0.29259645840237813452 -0.028737101185815135118 0.99213972419187090868 -0.12179058541558705764 -0.2912978931638133262 -0.12486461309663013375 -0.94844839914173961759
-5.4833410383756451267 2.5893687989725693299 0.97988951233892940262 0.97559734400475506266 0.002415048008598745348 0.21955407059282819326 -0.21565059197721930806 -0.17748885917739815055 0.96020441940650991253 0.041287341288177861753 -0.98411984656897477652 -0.17263685307114912115
5.1890738401793523593 1.129059905863171398 2.8716654227209548189 -0.99638124595620258805 -0.018137982296442582697 -0.083038703656893669836 -0.018811976105248921776 0.99979608625148630452 0.0073413535057529578573 0.082888613583611242541 0.008876909062003557338 -0.99651928141085377444
-4.401035237575619874 0.094766514418445371715 -3.2574693571014226023 -0.9305334391083196488 -0.0026766725332941039214 0.36619715198941177325 -0.35930699076248617807 0.19987344507031146179 -0.91156409118884984544 -0.070753127777812896415 -0.97981806544884209043 -0.18695067138094537129
-4.0741540898808432658 -7.147365343427998674 -7.5150099539678034688 -0.83329718752466130915 0.00043537093641176326242 -0.55282511494667496699 -0.21063815430592619515 -0.92481606056498022461 0.31677566521403566213 -0.51112363006833239076 0.3804143327653476403 0.77073832797682340079
-0.86642103560571759324 0.5083364339325876502 -4.5263321929735740312 -0.76129563259046817425 -0.010587208326155415905 0.64831849489165083167 -0.54760980684849358546 -0.52490856394724549894 -0.65160916118355616256 0.34720665207067213931 -0.85109277432887076031 0.39381293813577594731
-4.7691525904693286009 -2.436648984170869614 1.9654108710936344373 -0.69066725192934730337 0.0016315673539455794426 0.72317085470873476716 0.16683148040999604134 -0.97266443938201474495 0.16152753791872875855 0.70366611703026871183 0.23220944500558368673 0.67151527860043136453
7.1118968448395687432 -2.4684891601544860507 -4.223727555520269128 -0.9946662206216959623 -0.0013320882586057519823 -0.10313745728392349765 -0.033024320087581458816 0.95139376113881157782 0.30620141336873901716 0.097716446092162914661 0.30797424698680070376 -0.94636322802400651977
-0.69507716853321965811 -4.034070854689254304 6.0361721547786144626 0.093699303474024386862 -0.0025848645002214641619 0.99559718712132638796 0.78123502742650219322 -0.61969891209340144389 -0.075133815769739931145 0.6171647044755700362 0.78483538199150360004 -0.056045969738035078533
-5.392188587753469875 3.409863093657186095 4.8156786899486805353 0.83853279041803041594 -0.0016838896426363411055 -0.54484853299732638465 0.12146477740885780472 -0.97425159762397806062 0.18994770958333564992 -0.53113940471658926956 -0.22545728873253245705 -0.81673737744437679975
6.9849766747817447765 -6.7195259678328378428 -6.6007417737159288507 -0.9167084882603876439 0.0062136096391214252002 -0.39950837113473325335 -0.36054315268118830584 -0.44379927022836190842 0.8203967593790060242 -0.17220389834770552517 0.8961046807153567606 0.40907483251085013931
-4.2272949012262168722 3.0737242140667468959 2.9000970569731907567 0.97561227265395356056 -0.0051733136022784195415 0.21944003799065905924 -0.17868827273615328632 -0.59932969514602751904 0.78030405464971674956 0.12748017349199816661 -0.80048557347569104792 -0.58563781642243706305
6.6239514913626633685 -0.497813041985315341 -0.68215894440431024126 0.93666243105515301082 0.0031756891237582057091 0.35021908178790128741 0.030814741753935236818 -0.99682823598893932626 -0.073375197619492391055 0.34887525269131963723 0.079519701544000231941 -0.93378941690609940096
-0.72883287220096104608 2.7750804895130927186 -5.9224408695853894002 0.999852464372526617 -0.0079031061818817215092 -0.015250914753213960784 -0.00080050317093016470568 -0.90834230318536623994 0.41822675600500025528 -0.017158341493460755461 -0.41815284425254839462 -0.90821461679532311528
-6.223688928136464682 0.91787750452099325926 -6.9737555146157887975 -0.93748140108199584652 -0.011556162696157560449 0.34784346727944021049 0.028929363782054479809 0.99340246136144794153 0.11097135518735556925 -0.34683095959905985151 0.1140964717451985605 -0.93096201888095075905
-0.3549948606515559435 -0.84440457129780555068 -1.1249205869449212525 0.98626530044276061737 -0.0090241935903011185477 -0.16492216671106146864 -0.077982446857040241261 0.85476662853107565621 -0.51312059862374015395 0.14560046402678783473 0.51893407546601943992 0.84232293699948845855
-5.8687483275505263336 -0.41544711870098194328 -5.6963284034320418314 -0.98415460036504776031 0.0041247726215798679456 0.17726451656003688884 -0.10574035233663299505 -0.81616004015510190683 -0.56806845251405202468 0.14233306175362309132 -0.5778111933017689994 0.80366381306296919007
-1.6536405237027758108 5.1402797085208797867 2.8363130030489482891 -0.99497500572920893891 -0.002751867605105139461 -0.10008578919525935869 0.077809208741713528634 -0.65035245986562884024 -0.7556370854991641961 -0.063011625983852820321 -0.75962760953728081237 0.64729856312176825561
-6.8698869676258320638 1.4579040545365808956 -1.9107280094572158813 0.86372077956545179056 -0.0086944504504785878607 -0.50389564542500464572 -0.49920261825124634392 0.12245073603475133128 -0.85778934662065231542 0.069160399638171804471 0.99243650868760036055 0.10142295275721108228
-4.1483236526034206193 -5.7163917149237502002 2.8178292741418720091 0.98571692684451550637 -0.0085993078249840208122 -0.16819093922450045753 -0.12037479274206540347 0.66247178149363317168 -0.73935177554184350335 0.11777966464796574275 0.74903750949436576079 0.65197450867792339224
3.0530176051223358868 5.2399148214645272503 -2.9363759534552480446 -0.99619724305189438773 -0.00059417679459714987586 0.087124622753151567678 -0.010312338552828762689 -0.99214350897378333904 -0.1246792415553516914 0.086514210448399811448 -0.12510357530933668979 0.98836450099910477807
-5.6474507156471966951 4.9112520917940258869 -3.7021894104710644235 0.81997798542261712829 0.011288813909273512359 0.57228372867206567243 0.30851114446684002601 -0.85086912999214259212 -0.42525591984845473315 0.48213792338087968492 0.52525640053860700451 -0.70117667996801791297
6.28690871391682915 -3.1514504217261447572 5.5752572529685329172 0.8792928133593518325 -0.0047196291787891496428 -0.47625820042797956111 -0.47432612691738601507 0.08184159161543129446 -0.87653675291194188546 0.043114657578260190407 0.99663417510247465092 0.069724079912473924114
-4.5893910373413540071 0.22646360946860080721 -6.5938058465374940198 -0.99970499504537135849 0.0057251851527030505479 0.023603922052288298095 0.021409086352911714524 -0.25124562070494338428 0.96768656552531551185 0.011470566804502358577 0.96790643159937506113 0.25104893101866471161
3.8746152238204616403 -5.5521194317943418639 -2.6165707265291975325 0.96792452503942050246 0.0032815821114414609957 0.25121971468427128915 -0.13300444048338574965 -0.84161366694356098961 0.5234465153438100371 0.21314767800504738626 -0.54007005733769131162 -0.81418204385041403892
1.7714919944035305566 -6.2578315286237904402 -7.1797146038223838005 -0.88713845310094185947 0.0069664964942356671224 -0.46145079147854706214 -0.46112515101317536059 -0.053853404907788039735 0.88569938798834579874 -0.018680474637153804407 0.99852455087817504342 0.050987853072089403539
-3.3020509926796348665 -6.6133227133431837785 -0.66604328356808339962 0.95269654589308960801 0.0069841363090576823874 0.30384290889102155697 -0.27371519768197322131 -0.41480360477853278622 0.86776607448127651701 0.13209573044291483823 -0.9098841636728633997 -0.39327029724598500104
0.31362235663561305321 -4.9623985307760873908 4.0615968808159097492 0.99598572994919021273 -0.0054746874823081905642 -0.089344577533441646433 -0.085154294983168080102 0.2496917200490334221 -0.96457389088914402553 0.027589341847616556669 0.96830990531754013162 0.24822319690241145818
-5.2848465232958847793 0.53478449726445387302 6.9093575316455195789 -0.99873383101113877292 0.002050726587099390482 -0.050264593048318859103 0.019293556479893794742 -0.9071502321172942862 -0.42036438365723571842 -0.046459589668851199173 -0.4208019140755797638 0.90596206081601071691
-0.42844596318764444076 -0.89673360475696684002 6.0622521985515733789 0.48545157646964914866 -0.0132081035164482892 -0.87416377922255306121 0.52221893653662687651 -0.79752740314675296673 0.30205533193886185961 -0.70115914686016467261 -0.60313811621515034389 -0.3802634133633380209
-4.8248662554226946497 -4.2360983085073016241 -6.0593293788765691943 0.67313303304969029917 0.0030170445200495311922 -0.73951525830084574586 -0.40369429883226326528 -0.83635345330889898641 -0.37086899874277912126 -0.61961506833492518975 0.5481822676633046898 -0.56175917305543598967
6.3501498029531662226 -4.1098764361312190019 6.3002202850770352427 0.98586146660831519561 -0.007935118789785922111 -0.1673744381522764002 -0.13900502383065432843 -0.59650388047822267001 -0.7904813242096601078 -0.093566938641930427756 0.8025709653757518991 -0.58917321182223947318
-4.6618574443082163583 -0.23345843847214953204 1.0747310516897496946 -0.83135406144750512158 0.0019701740856054418896 0.55573963591664576889 0.35801178055486804208 -0.76295053295176429309 0.5382694950046279514 0.42506233601519843868 0.64645386740485311083 0.63357667872058620606
6.4878819103135416668 7.0555924862065522163 -0.097441891452683157548 -0.96317710448605964313 0.003205028249397958405 -0.26884864364113203461 0.18627678461395655307 0.72901454751844374513 -0.6586643675046952584 0.19388353439022601443 -0.68449069920668503819 -0.70276714336389634052
-2.3268490708993829763 -1.5225038792805583032 -0.66465297838963766086 0.99930332617753148128 0.0025620544805720927781 -0.037233025224061071234 -0.021018097305282663206 -0.78575768951267110918 -0.61817723425999082654 -0.030839939626402145673 0.61852913371039253132 -0.78515642318916334386
-6.2866098246068373712 -6.7607324911658084332 3.5340485070830247594 0.87558714360146105982 -0.0012808413994545853054 0.48305849894746366591 0.45797841022463503524 0.32023993815724205447 -0.82927809435507782165 -0.15363245011435255893 0.94733560128097760167 0.28098457042604929601
3.7450705610510701682 2.5348294105662194653 5.4464802170909871748 -0.69600133672493613712 0.0046082814629958713387 -0.71802569802133353605 -0.54597976275334858531 -0.6528678393978477601 0.52504255345991712733 -0.46635634223293082057 0.75745781930210298594 0.45691291734553851622
-0.2806489321261417258 4.4753281214101257035 0.63613649989718001887 -0.24053595984613390657 0.0017980260217473178 -0.97063856255724212385 0.26539801231951076765 -0.96176963688642902461 -0.067550430199031535894 -0.93365215529006351236 -0.2738538527493057928 0.23086299022713011042
5.5150217432980177534 3.6180825943037318027 0.48379912462088731084 0.98992156785189788781 -0.0072959252846942941606 -0.14142863562880836348 -0.098283410772271123657 -0.75440345542374287469 -0.64901140021707937056 -0.10195911272939875425 0.65637047154717798048 -0.74751731980772417874
0.4852607634870031994 -3.2072448623070659579 6.2855691140199185796 0.77746544424129315765 0.0023127588072501580399 -0.62892140538985286113 -0.41549590932579416602 0.75258311457268411981 -0.51086378320811465237 0.4721341253757207479 0.65849320938547950544 0.58606830732333248246
-1.6657631299712922779 4.3164184479999025967 5.8837462062462932977 -0.99989739531121857308 0.0047222344229706798152 0.013524028682071330409 0.01280977614352882786 -0.12780756986247773788 0.99171625716283506868 0.0064115898879646953529 0.99178774220496512815 0.1277339654406836611
6.4341524612439009445 -4.9062676102353082186 2.9852258922045291634 0.99220513436113433325 0.0035334161375169649902 0.12456518902900520773 -0.054958788588972393163 -0.88472498070081351251 0.46286200976177688249 0.11184141855448009872 -0.4661000144757983521 -0.87763447607841349463
-0.59755301641251290512 6.154112394529070329 -4.8643120949839895317 0.96660774690534034814 0.0029902853674447539556 -0.25624309125531752329 -0.20697808347903670634 -0.58046242108477164034 -0.7875426659347021241 -0.15109446244655147518 0.81428154584384526693 -0.56046054947358348031
3.8451745896824127691 -2.1523644501265173368 -7.1309025861309089933 0.918954117288127037 -0.0029819131046695270502 -0.39435319006384156326 0.2592843120453340866 -0.74888738938587462446 0.60986828376803414731 -0.29714470523033192917 -0.66269056596055853081 -0.6874199865733455761
-2.0601213993346876308 5.324253414722704747 -5.4989612468344386542 0.99274760602683043142 0.017374880413784099531 -0.11895505142065898596 -0.062458710110028015094 -0.77092450755916397398 -0.63385669766610908127 -0.10271854875955827024 0.63668949824492149236 -0.76424824668782631587
1.2513531096262673348 -2.8257597977435278125 2.2616953491733302606 0.98630618410689330222 -0.0069199972039900642037 -0.16477932161227193397 0.078364188514193397483 -0.85946532716533952101 0.50515186366008812957 -0.14511776304369269908 -0.51114720486313958148 -0.84715368724324391358
1.6026553941731569441 5.9743945203802972799 -3.3869875056027995974 -0.97280698844402957448 -0.0035546251518157306187 0.23158999951266676098 0.14320546665108163653 -0.79509226614956418633 0.58933902181205533033 0.18204053822026078358 0.60647807293346789326 0.77398035472171966553
0.39584185094091717261 2.3704930003070301403 2.9595592220381274906 -0.99918671379628232199 0.007826275855002971793 0.039555788189719914838 0.0013127796053712180273 0.98677725887385969727 -0.16207688909621842388 -0.040301210686282423756 -0.16189314616639019495 -0.98598500071840178283
-0.66817350687685816979 5.825811960815532764 -3.6204302385089417449 -0.90882732497912355196 0.0031353440529992690142 0.41716071601845156058 -0.41683032053351248836 -0.047318039257089633542 -0.9077518862800314503 0.016893112658863382314 -0.99887495352445587748 0.044310833507870295289
-5.5983320027793093132 7.1972464563090374767 -2.367330935974872208 -0.96749092609793041486 0.01142534931987911756 -0.25264751989893774464 0.081996177901981701086 -0.9308463860201037221 -0.35609216846574009985 -0.23924450824967125051 -0.36523207283330355599 0.89964859709015931877
6.8561586175832491818 6.8562629376408512627 3.1482650688701858677 -0.955533903566906484 -0.0011452334042386358957 -0.29487903888657518436 0.12964598084304168601 0.89652846076503278638 -0.42359017775377671988 0.26485256046606192593 -0.44298465828825461799 -0.85651486486567285361
-3.7359937068045052655 -1.8764321231151386282 -5.1541730536947669705 0.98854434271376712129 -0.0027695608278351501602 0.15090530812862873455 0.094089566505752203485 -0.77046664921245544555 -0.63049845037551444094 0.11801371091241680267 0.63747429123377030713 -0.7613798605509418671
-2.5909689265902224875 -3.8469175632983620972 3.2939823005622352881 0.99282363156155040151 0.0066789654042498838166 -0.11940112241485420497 0.086186589880895891902 0.65220581475941497018 0.75312644816033036399 0.082904211820097495345 -0.75801251085657417317 0.64694970828290099263
-2.4696580603376077079 3.2541621560877374009 -5.5195540769777498014 0.91918855313411884644 -0.015425952776689974208 0.39351549368225430259 -0.39319088872653573663 -0.092303489319532611157 0.9148119975611693766 0.022211006494310882309 -0.99561142311668326954 -0.090909654878571277692
-6.4492612378408802343 -4.3153105932427688884 0.95089324089264648521 -0.98801248953593512336 -0.0047976844255226587521 -0.15429939321025815113 -0.15437271734733676309 0.034721163947471850308 0.98740240272797785703 0.00062020939934945675323 0.9993855227079259107 -0.035045575213081998911
7.2723423093698951192 -1.8392216242153709427 -6.3886510397943911954 -0.97984116633118045758 -0.0096430844292835840581 0.19954523217912023547 -0.055955216700138907249 -0.945608727323938969 -0.32045771723089999661 0.19178191386775872429 -0.32516326011942875418 0.92600677739517944786
-6.1968426505176052999 2.5414321190913797821 5.5276700132403977506 0.99268461802107410552 -0.0048498768773916787686 0.12063883221671622969 -0.098831932659510013384 -0.60657433184415332494 0.78885982850855740356 0.069350546004520702281 -0.79501198647697346455 -0.60261633161309335893
3.9955011988254622857 -6.1602223081355980128 6.8306642920555225018 0.92781895475732478751 -0.008033422699567402403 0.37294430055002147917 -0.21494333211629212954 0.80560029267364530181 0.55209377140377891013 -0.30487924030966601086 -0.59240495656594838181 0.74572449085737435581
5.2092347393947946443 -2.9648857518644500253 -7.3840302935100705639 0.68766559510581248826 0.012481585073831069632 -0.7259202706508284253 -0.046601208973789415291 -0.99703161632937509218 -0.061288525532180782029 -0.72453043871876710025 0.075974772614250660197 -0.68504268282812919022
-2.7967471458745523094 6.4983542675199883476 6.7368139859305049555 -0.82275154682639628501 -0.0037376928843785234627 0.5683888825854063187 -0.5500402900874471479 0.25734488655492471221 -0.79449939499325028525 -0.14330237777272614164 -0.96631239204310426238 -0.21378678515937793447
-2.5687804018658586536 -0.35238976912131736441 1.1444038387682351487 -0.98313599150245523095 -0.0097176358336534870291 0.18261760530172765904 -0.053870464770541470756 -0.93888957507368731026 -0.33997696810712796367 0.17476153821061191085 -0.34408128890081990381 0.92253263974260246716
2.9440514501992947061 -3.7039100472238608575 2.4078851020360545476 0.99715900740932605917 -0.0085965654007591520147 0.074833234632929748753 -0.073896869962487746197 0.080919011646294503048 0.99397754811861416258 -0.014600224384066662342 -0.99668360707769632079 0.080053862058300506721
3.7179553418140467436 1.4287767364470693732 -5.1860113448512521472 -0.99854440398407684487 -0.0094635270245631009089 -0.053099104779805159082 0.045267572568401762134 -0.68230198166851119268 -0.72966763165498549348 -0.029324395064937232303 -0.73100919793623775345 0.68173721651868968152
5.910573222990680442 -4.9537942051971723956 -4.9627444797083954953 -0.97603065524440946188 0.0066840101600295345405 -0.21753042093289609582 -0.18855635093263542479 0.47315147234281240696 0.86056620125514549091 0.10867687217635776942 0.88095573568032303768 -0.46055002901529762394
6.9033075717810614691 -6.7621122338884909198 4.2610413552318995301 -0.99987262808830368321 -0.011834848153737160398 0.010708126308424475298 -0.0030880079107239786877 -0.51479633557361881291 -0.85730694449947708602 0.015658601693746214412 -0.85723081445381732468 0.51469421887551325412
0.68345752654359692713 -5.6563108767208607475 3.2277684426369144255 0.98316699215393943412 -0.00034186769567672720127 -0.1827089178595175667 0.043523555422284268546 0.97164966722147871891 0.23238464732371991173 0.17744961443273044033 -0.23642505644455802383 0.95530876004714049277
-6.6512430674693856503 2.832227472872107743 -5.2698401892033093219 0.82601915777451750955 0.0004317850273563451761 -0.56364187615114780261 0.27215682570337035306 -0.87600614394190812195 0.39817571246791294559 -0.49358182018040497319 -0.48229975050586382235 -0.72371537046662293147
5.1968855212744680117 -5.2351969829159497039 -6.3243809796203427354 0.98308230034569143996 0.0028833999461501361346 0.18314168491096280422 -0.16550971106522829879 -0.414312623875080277 0.8949589852282836544 0.07845843670618475596 -0.91013006526679141039 -0.40682617664935560864
-5.5425966245676567823 -7.0273974511918648744 -6.7467177302396423855 0.99989998480689290528 0.0014432835913838471236 -0.014069019707591444088 -0.012755888313723710153 -0.33759102776256122436 -0.94120645200054731117 -0.0061080026510107587184 0.94129177989974099905 -0.33753885316643905679
2.0777642963813729438 4.0597892287439920622 -6.6848543612862680874 0.86620510460209076964 -0.0078893478760540015904 -0.4996263353260828044 0.45891847239059330166 -0.38302296754594095107 0.80167776695558334854 -0.19769307640869143716 -0.92370512855688091669 -0.32815588219277541659
-1.2761736038892312894 -2.5000287435672365888 -5.7829897956934752656 0.68730574817994372072 0.0069050557028345624713 -0.72633541062265427612 0.71770721783102942037 0.14750239873590237361 0.68054345330805576797 0.11183540580694832645 -0.9890375941150896244 0.096423438204061101553
-4.9220570306304383124 0.98727620354279377324 3.290022658140742795 -0.99521931867515400771 -0.0014590983682374364556 0.097654384272898506203 -0.059305076971394705965 -0.78541061669614553598 -0.61612747952543867047 0.077597780774909835833 -0.61897337116615902541 0.78156928688746318823
3.0112235079109388458 0.29064916451296957112 -3.2084133682207527372 0.96863088774115924107 -0.0029160216785432671247 0.24848682084041373574 0.028885527229988175457 -0.99183185784802463392 -0.12423844845447440388 0.2468194271738322898 0.12751887144773141336 -0.96063474213377264554
-0.83393882896664672799 3.4184349713239221558 0.21615283444902894106 -0.40187303146839115087 -0.0047098371860207835504 -0.9156832880490199944 -0.69928632093904485867 0.64718036279013435585 0.30357242853441118724 0.59118246584787559339 0.76232236977041001325 -0.2633778590192716873
0.3606462505198234636 4.6941300808976214043 -5.731325341619074365 -0.91262421251444436621 -0.0017719965092938549933 -0.40879567850030423815 -0.33418679721472616118 -0.572712954685940967 0.74854462532453869272 -0.23544899935988436446 0.8197540677320959146 0.52207953142906415867
-6.2376636326769787644 0.80172995285217929506 4.8227018717176193263 -0.92735612827455227158 -0.0138674137669877965 0.37392286127889828862 0.3053235839334093038 0.54963794609087734955 0.77760892311690266165 -0.21630561815558743688 0.8352878683737234855 -0.5054760691684723195
4.34515938498535359 2.1196445635520411166 -0.5035921370658998919 0.82681218421647151295 0.0093276811308919006099 0.56240075248521015361 -0.55865135531413767644 -0.10281540658154138257 0.82300525841292659912 0.065500192648055205469 -0.99465671793554499835 -0.079798109181130019718
-4.6480957691597781789 4.2539871184683040184 0.23386830728274149438 0.3528261498155936815 -0.00020626583128903822062 -0.9356888721474939663 -0.62750657803012699354 0.74173449527594637054 -0.23678140350660142888 0.69408155323065756637 0.67069359320937005364 0.26157389298766153818
4.262996596058084009 4.311399505995208159 -2.902384539096618532 -0.97743780951400704993 -0.012197622475046779669 -0.21087092388125397435 0.15073205511122128586 -0.7396493872462660546 -0.65589529004875846141 -0.1479701865056609611 -0.67288186329556898269 0.724799849581540645
-2.2910241411709937331 7.0908306636566544867 -5.1637920443980762641 0.96868805327117746273 0.0067175658544987859599 0.24819010809995795119 0.11846846937642926956 -0.8910033471392105886 -0.43826733525367111977 0.21819412735751328447 0.45394703402021713279 -0.86390011754317985737
-2.9157732830044649219 4.6704600069537836049 -7.0283181309389561875 0.98926180225680437896 -0.0090096361277969428533 -0.14587636221299851713 0.12654184775253590756 0.55222104670677563121 0.82403827359007508768 0.073131712430633238897 -0.833649052078249575 0.54743128391257533938
-2.2245828776862524023 -6.556829728831802484 7.2878970661608661885 0.97553523787605578299 0.002349727781171301929 0.21983056757774421808 -0.21114310229083990689 0.2885326880503810143 0.93389907285607998144 -0.061233895982554950588 -0.95746716220750260895 0.28196993328552433233
5.8664821416219803396 5.9827281418294973037 -2.6534772803994730594 0.98259364573267249376 0.010063828432684733885 0.18549513935158967737 0.18559698269837315854 -0.010353550295449811744 -0.98257140402598519557 -0.0079678967781813478388 0.99989575624332760473 -0.012041148922518750408
4.4557911824468323658 0.035310544364406185047 0.42091824157578611176 0.6091491228212123632 -0.0039661136624225641276 -0.79304578437086614695 0.094625323762903126856 -0.99248026202624217706 0.077646491170272335935 -0.78739024268074542245 -0.12234050609138771848 -0.60419318624126294726
-6.468676134022423696 -2.061015181968583132 -1.1283861553811238565 0.99302963002404909254 0.0050440602805096306643 -0.1177570012788255599 -0.079576410415726925307 0.76569744201057610145 -0.63825936906854896513 0.08694681592589005581 0.64318114458858544058 0.76076163576123201349
2.1859578250947633293 -4.1441590457882728771 1.4197487105537971441 0.98662348153011170115 -0.01355884126370443532 -0.16245080337436235141 -0.11774923155751806925 0.62988896847625297504 -0.76770763045555723281 0.11273519486389357858 0.77656683242042490178 0.61986670391578757577
1.8975758957579853536 3.8743629887549984048 2.0931358576433316543 0.7193741633109694833 0.0029824976870655721568 -0.69461638180240781182 0.47980686695043994749 -0.72522580026456096025 0.49379439958130932897 -0.5022809807148468364 -0.68850464293147461969 -0.52313972614773285308
-5.3491883487627482907 6.0634314868023189149 -2.1002549941180563842 0.93129166423679565767 0.0054869448908402892323 -0.36423307038068730712 0.031452165354892723526 0.99494135273342121373 0.095406844175030910971 0.36291403585101167373 -0.10030751744862176356 0.92640801190709487489
4.0781696393664983447 -2.6609425597794307272 4.1290712333096237785 0.98943616989274707496 0.0054696106324455210507 -0.14486596932169018559 0.070800162750240272502 -0.89024101182381631947 0.4499536396359574697 -0.12650455589634482245 -0.45545694003557807283 -0.88122390634323066738
1.4076393548107863918 -2.8107145136179223499 4.6578270392410399126 0.88411677407999400558 -0.0014458778048218445117 -0.46726377906690858 0.40256307756223042027 0.51006339335965911186 0.76011729577623965426 0.23723511201788688441 -0.86013559639856040917 0.45153765893226349704
1.8018307558101527288 -0.14388496852506954538 -5.3769201831630972777 0.99727763692259252526 -0.0018506296345186549687 0.07371492429612365449 0.022055080455709807907 0.96140737742867132809 -0.27424337376119045651 -0.070362549130331852876 0.27512257231233244736 0.95883089326739934233
7.1136603827593205551 1.6688050172898305501 -6.7680346167295555304 -0.76268223370227561375 0.014507846526487016767 0.64661065007008100558 0.56909278165555254869 -0.45999520344645394854 0.68157011280848189827 0.30732591212329452013 0.88780286955800080673 0.34257385852125415981
-2.9054603071700495498 4.246856983666574159 -5.0005064314870759645 0.98448833732522122997 0.0019055971660448382289 0.17543968299707415892 -0.0021996654724707746971 0.9999964829653067433 0.0014817316994833367241 -0.17543624238585925346 -0.0018446561904145782756 0.98448906652187540001
-0.35360355094681866772 -3.6711375521186928594 -7.1698200405142413771 0.67573533389971474072 -0.0012295166371351462335 -0.73714330140638073541 0.24025676797933059881 -0.94502555751354244684 0.22181835155487195088 -0.69689198873258750844 -0.32699416498650440976 -0.63829176095678807901
