1125 14.717824617146108679 14.977075390850430381 15.033177056927090831
-5.1056619589241503121 3.451019805386641881 6.290625255425140061 0.99873097066006555345 0.013915571755465547601 -0.048402532031717272754 0.038326569308597256691 -0.83349357290285996935 0.55119827468406745741 -0.032672960217784888237 -0.55235389090004183288 -0.83296918122948560015
2.8013421534836751015 -5.4912779908204436552 5.5460481829365999573 -0.97731966406669412706 -0.0024874622053548561297 0.21175477978152051906 0.19161659961679916586 -0.4361178114342396106 0.87925214432554621435 0.090162924641102010215 0.89988614117660525871 0.4267031520139485945
0.19045186218320245275 6.7308372668101394964 -6.8340171106994365147 0.97317701747820017921 0.0058435383065769943775 0.22998335964198074466 0.022455890302657485064 -0.99731647562912617566 -0.069681995016221215389 0.22895900428435783658 0.072977397177384842331 -0.97069669508988143392
3.3176473699733137757 2.19266037366518729 -4.041250101517720239 -0.92512611695023927449 -0.0091189625741841320861 0.37955040805949485927 -0.33979738544487891883 -0.42604090153664830876 -0.83846698626873950033 0.16934994709571735139 -0.90465794350100026122 0.39104296525981491195
-4.2317663816525303844 -0.57393759326261395426 6.6544708561915069112 -0.52227078893867640019 0.0046994714507158008229 0.852766754739826216 0.40960159186285832744 0.87846596914233066045 0.2460164161235045277 -0.74797042653083367636 0.47778180796983521494 -0.46072202574684911758
0.51827639958892679495 -3.5374024939524342237 0.65248234377858160826 -0.79764363995758791326 0.006252685665180222549 0.6030966154416459446 -0.23013512988286369265 -0.92744610885539324752 -0.29475674235321552841 0.55749658799758261551 -0.37390455879929029859 0.74121045275965979915
-1.4810340933955283838 1.7875563350861207734 -2.6916827181069966635 0.98867036854686551894 -0.0012935639211609458767 -0.15009739854421816352 -0.046855562574505300877 -0.95265517241355190947 -0.30042083604419667076 -0.14260244953429096482 0.30405007674082917823 -0.9419225510735090845
-7.3280617906437361952 -6.7139360507827916535 4.3013190513998003084 -0.87716030942587952524 -0.0031245097968868639285 -0.48018749359658935427 -0.20533708347207782485 0.90638497280220298169 0.36919231198600649391 0.43408118332768569347 0.42244114207411365136 -0.79568650093095361076
2.7295184115669468561 3.7861941041625026827 4.1683763419139596706 0.98151634376614016464 -0.010281715999970918868 0.19110194461628554619 0.19137669587718780795 0.048598882083093396245 -0.98031276077356244159 0.00079195652515559079865 0.9987654554380133165 0.049668277889353754095
2.4850591684020351124 -7.4707905401359111508 -1.877145428732007959 -0.93163823301234915952 0.00082286909496975032402 0.36338619356833978813 -0.26431079535143786607 0.68472707018230094533 -0.67918233400197092209 -0.24937924181929388423 -0.72879912338458496812 -0.63770042457536046943
2.0154488061615767336 -7.2051488661024336579 6.7134232402285256569 -0.82756944225175732566 -0.0010358791601027675985 0.56136240095456801935 -0.43087584598478639863 0.64215713138096319756 -0.63401910378440617944 -0.35982610188541097607 -0.76657233551111292336 -0.53187595436436596597
2.2194254294142843342 -0.74736801066894853474 -0.56180869511570519226 0.58345992213478248267 -0.012348792816569111735 -0.81204804450132894722 -0.80636878783007304161 0.11020099988477945196 -0.58105517606999168567 0.096663836442782896663 0.99383260509013404693 0.054340185717322436743
-5.3792861287309250429 7.423926770122926122 -1.7366613792361467183 -0.48392647239043007357 -0.0068054806255267276741 -0.87508219885520077685 -0.84673329704951150187 -0.2489347623824063882 0.47018529086459565081 -0.22103821612446367117 0.96849634460390354729 0.11470369436703869992
2.4378312435374809297 -4.636218334391173812 -7.3713265845044988467 0.99545081193086537574 0.0030311509122654986363 0.095228636189041204752 0.0003677607234192786529 0.99936411534864333372 -0.035654308373598661563 -0.095276155350308075476 0.035527131571402734145 0.99481670530009280728
-0.27509469434361838447 -3.661558685108664335 -4.6533571249419702909 0.91233051894515959646 -0.0032365927216392751872 -0.40944175247386604966 -0.070251677185608221721 0.98390315886184798178 -0.16431456367067631685 0.40338285294971759631 0.17867316096499796796 0.89741750344913451265
4.1647520571524028199 4.9825762483154223403 5.8263432686456555487 0.99371035486486858357 -0.0068665366496970699217 0.11177021655538106615 -0.035490700367811461868 0.9273505866283310306 0.37250677801540160727 -0.10620800733375734826 -0.37413064583704808141 0.92127418232768831796
-0.91412487769888550737 -2.2078129995657223006 3.1812440709624456581 -0.79150273576581398061 -0.022246253176263663942 0.61076061062814046565 0.54915152510766607197 -0.46450542407880557327 0.6947426239071243792 0.26824619614668021583 0.88529080827774664364 0.37987387779614550931
4.7107184173976062169 -2.4240363573331697999 3.3258230234548489257 -0.54126372022884861046 -3.8084116774176777695e-05 0.84085289064955515137 -0.72099193832729668863 0.51458310642068050278 -0.46408496146031935625 -0.43267101824734383042 -0.85744050821981199206 -0.27855262488929183329
3.7556146533282643851 -4.5726652066278932196 1.8765667003539654445 -0.96174822458547259973 -0.0026146565059457305483 0.27392246362413397165 -0.14794430625119445177 -0.8366234587785441601 -0.52742171975503226999 0.23054898558531081165 -0.54777217142973300135 0.80423430258400530057
-5.8306005319505418427 2.5825155651477538221 7.1998493214166900955 0.96497600323855936555 -0.0033810822284716345043 -0.26231637664568130397 0.23151597727163553131 0.48123077367222083511 0.84546868347598047588 0.12337611373961190897 -0.87658742333780081957 0.46515892317006340972
7.1749829514775385064 6.6674331562082240765 5.1418764639058025523 0.9861017395109475947 0.0065605612653600979545 -0.16601300662715912093 0.13039669144799423406 0.58864391220500589252 0.79780639724389756928 0.10295660344493050287 -0.80836582291671288392 0.57960731029483925081
6.2556250283023109304 -5.2563311555124618835 2.7945239091834706002 -0.77860704341835296205 -0.00431297060884109143 -0.62749698821871757737 -0.5865654048879173077 0.36030528053187244053 0.72534207833931407805 0.22296209930781257791 0.93282447604323148749 -0.28306606855435451076
2.7795735627219815278 -0.80593520043769406591 5.1274921429193858202 -0.90717681040546116478 -0.012278661420752673764 -0.42057040924955013672 -0.07301948692972154431 -0.97981182826971402466 0.18611000970191576842 -0.41436504339907670458 0.19954452048716331269 0.88796598761015921308
-6.7313239014651600201 3.9296886706015179413 4.045004525898011849 -0.99755113416229346246 0.0016059391510962611749 0.069922497746409933983 -0.012132815490410989515 0.98060569263686347963 -0.19561510768974890717 -0.068880545293500128334 -0.19598442929895923403 -0.97818483629244978861
4.3909755722821319779 -3.521247135927732419 -1.986596375847878404 0.70793456212168892616 0.0075176425150936098535 -0.70623801993700152657 -0.69234657834256330133 0.20501463741671477337 -0.6918274451784900414 0.13958822017239028157 0.97873003606507580354 0.15034176164071613724
-0.60596540925695563384 6.8921432211617359442 2.3109722160434880145 0.44216334578725996485 -0.0057663185474015263288 0.89691600789177683417 -0.86911466135341053363 0.2443663469162348223 0.43002882916761875354 -0.22165577155276205978 -0.96966583835108854927 0.10303824955872306623
-4.0925773228071147258 6.778965621107684747 3.4612442688916460476 0.86250616462141593832 0.0088305310150000662639 0.50596950274911245415 -0.4981027137417504691 0.19127918914279032347 0.84575762388759412325 -0.089312947287897667681 -0.98149594676843210372 0.16937799126177499609
6.023272535678851014 -1.3867913318851978755 -2.6861832353381802641 -0.99282829318483356573 0.012315743303221750315 -0.11891300483331251892 -0.098904059950531780787 0.47414107060045895814 0.87487612385703628082 0.067156289183547102084 0.88036274775618472699 -0.46952259283914760113
-4.6347044388883924526 4.2658941274243300512 -0.11144717312994395497 0.98263168051437554951 -0.00090388660930232735471 -0.1855644455132873516 0.18136734922829605976 -0.20685452394890185834 0.96141410981727049023 -0.039253854378355865218 -0.9783712939936940467 -0.20309787297161369102
1.5848423660556185677 -6.4739742092351741931 -1.9695783261475836579 0.99650958946223200385 0.00098019277414651204139 -0.083472614262584343692 -0.062866276747573654471 -0.64906653872607711353 -0.75812957965899707702 -0.05492239395364852117 0.76073100865432852213 -0.64673940896950687929
-4.9829378793568412931 4.3268527319987981627 3.6690409931313454628 -0.75396922885717421181 0.0098515070814554489553 -0.65683586210305699993 -0.40350849446365899542 0.78207533860585043417 0.47490952784735823711 0.51837370383930436724 0.62310602031489414898 -0.58568557316627589682
-0.70600756500928163462 -5.8706277422936974375 -2.1841207105696232027 0.87659163852778088089 0.0044954839793675963402 0.48121397515779612553 0.17740579629052244393 0.92651018088824976804 -0.3318223442642252996 -0.44734134920196705343 0.37624284090763832067 0.8113735526623925276
7.2787384911911683361 -7.3418688050600815487 5.5177821789137002639 -0.99122218966341291146 -0.00092563501212086069479 0.13220330524894030599 0.04448326679423648955 -0.9440069118382542479 0.32691312206285527697 0.12449823169123142019 0.32992437557933057546 0.93576177347894717862
5.0437080852969202738 2.4139207604981884892 -2.4054922411072623412 0.958807327974466439 0.0059534155217902205021 0.2839948321117763963 -0.27991495658679005354 -0.1503145021550733873 0.94818414220072155807 0.048333475993221651501 -0.98862030491262520293 -0.14245619611977589081
0.64226728525823817417 -4.6980630863238665995 -5.4449370475008294079 0.99118544868507174606 0.0092880293778222541151 -0.13215573701239094473 -0.016380076513686309125 -0.98129362345833348602 -0.19181897104670925236 -0.13146520227198316144 0.19229289396724871808 -0.97249182182748483694
-6.5209652464780551995 4.4391939781053455505 -3.3783903824661356552 -0.97306813123674984478 -0.0013047879956645451298 0.23051401150367925585 -0.16749692105433999778 -0.68303502952956784977 -0.71092048069580393577 0.15837674516350114251 -0.73038445079538516502 0.66442107178169407256
-6.1851728928302849297 5.7692323552102795503 5.3979472188035142466 0.99431253776109973508 -0.013016951318394955062 0.10570305685940403762 -0.10313905729197642147 -0.36511593023539246072 0.92523115617076823192 0.02655018101581151091 -0.93087105254519342257 -0.36438190325722646934
4.2307938713872399461 6.9520306715011956911 -6.2257887128397060295 0.97919951110451386445 -0.0070164555619931659805 -0.20277841799352086527 -0.18767289844380591335 0.34853202119469445242 -0.91831602043722360129 0.077118095427234453765 0.93727061169828418397 0.33996558620605221712
0.86444201942799903104 4.593623386212177806 -4.7177869069739788443 -0.98403267701273855472 0.013280548662428465906 0.17749173952144486899 0.02549486326553601287 0.99744638184308653805 0.066713771406922917073 -0.17615249790505446703 0.070173658700953114864 -0.98185841907383186733
-0.45777747907322285936 5.0123099448359917929 2.1062910311559033261 -0.96542573035000978088 -0.0027587982079471692724 -0.26066366875872970521 0.076027793150963099422 0.95349049614373204697 -0.29167730188013274439 0.24934500966905415176 -0.30141045568450236525 -0.9203145132819002816
5.9964455258447832975 -2.3572298432177580807 2.9194515055597736186 -0.58171729961604357051 -0.0046221448429521298784 0.81337790669807730204 0.28539209773704082851 -0.9375700143823573196 0.198780830766359079 0.76167994188934762256 0.34776587513436940657 0.54671982058024948259
-7.2375602506072098663 6.9155763523482010058 -3.0541784293439295794 0.79843311952818574184 0.012282375343457213948 0.60195821856366604763 0.3508458768927310012 0.80301289352928117982 -0.48174418885244302269 -0.48929717381965165401 0.59583507456485251819 0.6368428688542810967
3.4065261926269179149 -6.4854643280307380238 -4.0260123822134135096 0.81614726618276434156 0.00044300807606012428813 0.5778437882735389941 0.5235672259418333585 -0.42369407294220579052 -0.73916215573654242554 0.24450153337345054139 0.90580524192431755015 -0.34602870383912726071
-1.7978487258337021437 2.4056520505936780374 -4.514964155466956619 -0.4768193488694007498 0.0083133567023157863007 -0.87896199954501608165 -0.74434531271556336751 -0.53569374163205762951 0.39872580881434455113 -0.46753969241354970121 0.84437142495263839415 0.26161714917270301184
-6.6042860463805670435 -3.0350854218124432293 -0.20791028740606526393 0.84610337915971212119 -0.0011752993021493119558 -0.53301753296316334296 -0.49676025445572841166 -0.36426025268369477406 -0.78774597295564841026 -0.19323126394968154207 0.93129645494140134154 -0.30878567266957190895
1.7501566133156598593 0.23996960312265447346 -0.304861859069414598 0.95221659122592405833 0.0066609760095417882425 0.30535093710817884372 -0.2819174385549004791 -0.36544972241956324988 0.88711276522334436834 0.11749945205369131951 -0.93080724738376419136 -0.34610944365185963845
3.4061379353984073681 -4.6105758466455126765 0.11070695670245429831 -0.93412913895177107637 -0.0020545296085660506684 -0.35692930766372615858 0.35651101594795747696 0.043367973034794497778 -0.93328404809177745172 0.017396760300125692356 -0.9990570543381682711 -0.03977882487102817749
-3.9622058688184873532 -0.59682390815320685018 -1.7402854120168789187 -0.99902272708515016397 -0.00029713002564894222188 0.044198444329328082092 0.03858148538077063594 -0.49375886268925939238 0.86874257090438689044 0.021565244102380077412 0.86959881395360338896 0.49328778924402472139
-2.7017514533706670221 2.9830370626696991465 2.950796509657060529 0.87193242126340064768 -0.0026863326349159150248 0.48961886847488578223 -0.17118942043420590227 -0.93854528582759189081 0.29971140916258537379 0.45872435631982477755 -0.3451456649993100978 -0.81880793526385065029
3.5241612762595226904 0.77521130545365957154 3.7935815394229490671 -0.99283007640020515261 7.4639920326999981137e-06 0.11953426010772139065 0.10005569294909032185 0.54718417438132749275 0.83101043171260391418 -0.065401052772106255118 0.83701223363270493838 -0.54326165247089408528
-4.9942522928950712213 0.24175881295454906827 -4.9696590877002631004 -0.85703574417324901447 -0.011307014405268357715 0.51513288056036388163 -0.48158682801228536174 0.37305188844416525829 -0.79303620069535607495 -0.18320442214755694454 -0.92774158037328013915 -0.32516411202977058004
-5.152213467540978975 5.7258227311176614904 -7.0863507445692794917 -0.86279289433920580699 0.0086200219739277599007 -0.50548404198265584064 -0.21270362553793875637 -0.91324305825824181326 0.34748278263287152301 -0.45863448317909227825 0.40732396414204180557 0.78977313139579685686
0.32607765246000552928 -0.062369757037391712617 -5.0820046314981253133 -0.99676248666899647244 0.0074341684408064222928 0.080057968429531209398 0.034936666518053237362 -0.85675585951779775762 0.51453748795850851039 0.072415291907695356066 0.51566862452702688646 0.85372237593750788243
-3.2408397797706784971 -3.1240739701901971692 1.6747399650307321917 -0.7728209689407835592 -0.0012612781871156541428 0.63462284795189327635 -0.35884564515318895239 -0.82391521581943250041 -0.43862685747228130628 0.52342865122173709569 -0.56671167829751212253 0.63628635122990262474
-5.4779163597183186951 -3.4124218509444266267 -3.9272319442039433923 -0.92321781584969875301 0.0092956134074220920366 0.38416462105332033206 -0.26612210088411980546 -0.73664708876316709052 -0.62171544458690852775 0.27721452328247087049 -0.67621347087153194089 0.68255948450895909119
-0.24621157240196028804 -3.8628224177182524102 6.4284838796856149656 -0.67836626474964023537 -0.0046921033309903995706 0.73470891856287667832 0.68998652451874142866 -0.34767819765853036351 0.63485310651790194392 0.25246347623384246539 0.93760218378545445717 0.23909064835058729814
-6.9952736843830072289 3.3148769807553626343 5.4927423831555950429 0.99326616638662590386 0.009235984613086285766 0.1154860134378034725 0.084740349340464343753 -0.73765732675778294958 -0.66983635424932130853 0.07900250568935338058 0.67511211281437211174 -0.73347272561845011651
-4.6097065688977023612 -6.1532068120809908507 -7.4789899216709976315 -0.93122278349758691451 0.004110695866826174355 -0.36442726252929974473 -0.18820802802514097207 -0.8617075302584621399 0.47120894567362714422 -0.31209271968753643511 0.50738864243832348944 0.8032153508508934614
-2.3556146366387835656 4.223224683058848683 6.3658460999154939941 0.83330870917376487217 -0.00063638824061555470876 0.55280755261223057939 -0.44239125140158441774 0.59888222541130808896 0.66755528667652164199 -0.33149144166699767711 -0.80083685922704450633 0.49877224161453098672
6.3440359434301187846 0.84650577969564699821 -0.60050014620991565284 0.99076614645581118079 0.009123785589048857142 -0.13527453409101192205 -0.1168874337299555255 0.5630398788038578628 -0.81812188744248048877 0.068700588593156336481 0.82637936289151403546 0.55890730690685719306
1.2629971709203724473 3.2248899354403728346 7.4143051590258330918 0.72778889722572603915 -0.0030518636614497848467 -0.68579443509197113293 -0.26683068751956662279 0.91993525979416856941 -0.28726381948507173636 0.63176317182368457726 0.39205841900861021498 0.66870433736571444072
-6.4841957663753220231 -0.050858128812310408884 -6.1178011007487338446 -0.26218691241808500525 0.002595221192677467717 0.96501362051711414569 0.9545021937228825859 -0.14652114537251423321 0.25972507798991056882 0.1420689450049681668 0.98920413403184437318 0.035938782387570852861
-2.7567862261535296398 -1.2378888591154044718 -0.83516700424765444311 0.98126450405276099964 2.1983351398191519621e-05 0.19266544216052505778 0.035519480167462764986 0.98283844927762353816 -0.18101643337100220554 -0.18936298375028726149 0.18446837706891222597 0.96442370265708243782
-5.1642276979385464131 -0.3935220353879425037 -5.7907085953565466951 -0.69900751213584200183 0.0032022617414716163936 0.71510715525543400162 -0.47142258583101759317 -0.75400002417761324836 -0.45743273725055050294 0.53772599299834600295 -0.65686658391173535776 0.52856129956131836511
-3.8288400070532011554 5.7883654546149809761 3.7307712456318453675 -0.97113719289046074312 0.0036726342999079050755 0.23849332137844858615 -0.21031104028399938422 0.45851869310389414824 -0.86344071852613191176 -0.11252474803116103985 -0.88867717413670477278 -0.44451216096850776349
-7.1843025851610233801 1.1257681010694591262 -3.4270151529774666166 0.73741671143404274869 -0.016645201498679963736 -0.67523294570462166764 0.27357088970266552064 0.92138728917259671292 0.27605150182293314298 0.61755612053088748681 -0.38828906837369914218 0.68400002732196818478
-5.4492823594154984335 -4.4048851509692994455 1.4134082695976264432 0.86928772204405557744 -0.0044903502325291163449 0.49428604376245782737 -0.48625869617108841148 0.1719372200681578422 0.85673220597403743071 -0.088833195943319440135 -0.98509767490841071425 0.14727944251821956101
2.1000823814522191491 5.1194598180293269252 -2.8542597987058506703 -0.98097906746407026457 0.0030845740584725597766 -0.19408903781602909744 0.084788595187724372093 -0.89263661359132573381 -0.44273103596015606076 -0.17461661811969234059 -0.45076641565127900657 0.87539629608380775672
-3.4183933225552274315 4.7945406288473266798 -3.7014122543700285206 0.9986841395968385493 -0.00083569157033796734324 -0.051276611991486156783 -0.0010090470608010316395 0.99935344772795542401 -0.035939787676827358864 0.051273493559133874464 0.035944236448033649312 0.99803759484509191324
3.4564649692630706745 -1.8242142445242257587 5.6567568841557056558 0.56854456366384698018 0.0070844701593574367984 -0.82262196020453026701 -0.48092637740293975313 -0.8084259796127587494 -0.33934827980298898353 -0.6674330667912026227 0.58855521896394280557 -0.45621908726390697497
-6.9916193806997473104 1.9369578583239008829 -4.8017043923981299614 -0.87573960767929859283 0.0084004759705893303906 0.48271064991890749729 -0.48176482036374801421 0.049719467158573060761 -0.87488892577596100164 -0.031349599703655070537 -0.99872789416777085769 -0.039494252866519870271
4.357429824390157691 -6.7757558335227141555 -1.6122764535567619681 0.99997338383893841218 0.0048403707200030624686 -0.0054591597332861062017 -0.0029558705480761319866 0.95285467868857642859 0.30341263014361496975 0.0066704155046467183618 -0.30338841789471709953 0.9528436248642562223
3.540165380170979148 -6.573738891833575515 -5.9712804164647668159 -0.93522021151302281439 -0.0043272731110525954751 -0.35404015405724492682 -0.33743383015838307459 -0.29198039007132470246 0.89492226594181922827 -0.10724535534044694896 0.95641451605525773516 0.27160579382020483274
-0.90600255786340155861 -7.1041622633175292023 2.2311354213280485403 0.39962546617598981857 -0.0078066967760431222462 0.91664526523024758564 -0.50061103022497022152 0.83582184059240482998 0.22536736056005177153 -0.76791150740216074233 -0.54894526710235502787 0.33010757417109726219
-1.1148401166631021209 -4.026977034847358361 5.0895470122676460534 0.99779374531620868005 -0.00044676699357551041131 -0.066388569853480516869 -0.036151402922957515118 -0.84237850479378262314 -0.53767232654119390123 -0.055684089959679800019 0.53888612439057881343 -0.84053615452564267585
-3.2817889283638299602 0.99890939420899327317 5.537320692717883297 -0.70538520961024087086 -0.0070413957506709323048 0.70878919631229686527 0.12543118861234739403 -0.98541004997634318308 0.11503934252482035661 0.6976379598232819168 0.17005132210935899884 0.6959768852931378369
-0.3678301393786587159 -1.2700762739739939189 5.1679825004815738154 0.77157565104156600189 -0.0098422322399505848128 -0.63606143192645925311 0.22722913226183330537 -0.9296514822954381474 0.29002593490505951257 -0.59416995562823016197 -0.36830863678511577275 -0.71506000580243511688
-6.4664485853349944477 -4.8059099882741875831 -7.2014576539674264311 0.85641618947191078259 -0.017331854737395475247 -0.51599507480388773217 -0.51607718479302755465 -0.00031094137695691990552 -0.85654202620269936919 0.014685017755526720909 0.99984974377499125087 -0.0092108700294263792102
-5.9536010582557752358 -4.8818516955571542582 5.5680421505902133461 0.89196365817467548887 -0.0016512563776568912541 -0.45210408740481256018 -0.40848928915147636465 -0.43147963720167059609 -0.80433937074398698108 -0.19374553709502051468 0.90212116482910920112 -0.38553867617018489078
-4.1234783185806991312 -1.0447497853272287305 1.6085956264339253963 -0.96196871720346732726 0.0066772544224250407821 -0.27307801338674347891 -0.27315950161840180099 -0.024509046900422291893 0.96165648403970349634 -0.00027165682661544655885 0.99967730838177071284 0.025400891896883329851
6.4883493447942282017 7.1858003383345501192 -2.1438017555988047036 -0.6207188870567522665 -0.011008629211732524553 -0.78395591287635035815 -0.50498075694166633109 -0.75926852402351130422 0.4104945109812917492 -0.59975203073396810005 0.65068434629249405354 0.46573316729683467141
-4.5988440992472288116 -1.6206688096880459415 -1.6861084389833387309 0.92506008199022671246 0.0003738734952199852888 -0.37982062203996774796 0.37512566393325530445 0.15584921521818045909 0.91377883449689634165 0.059536383555337260565 -0.98778078657889367697 0.14402963826464404429
5.2443161823580943803 5.8108987858092753243 5.3520522066396667427 0.93265556800229187928 -0.0006172216030613659728 0.36076752973630415999 -0.092431304613153020266 0.9662117087485115885 0.24060629211389936155 -0.34872631876879439661 -0.25774901147198453488 0.90108567943521278298
4.6492902945399929848 3.0036403177090149619 5.6950118079999780818 -0.78760866610341240257 -0.010601884802784840994 -0.61608456328444327621 -0.59172426556059820602 0.29188227601531063771 0.75144336479524431738 0.17185744856002407865 0.9563954919314061609 -0.23616240257012469095
0.076310203534422221816 4.3819738577790543488 -1.1146245921281647817 -0.43999637255504231437 -0.0060287666463335861169 -0.89797931274110864841 -0.85956266479038168082 0.29225749964603492392 0.41921066207692275762 0.25991386541835537205 0.95632066163675988335 -0.1337743424202016973
2.6847427238584073983 3.3416956714610401846 0.99554475929730434913 0.9780598015390417066 -0.0034365595399586529313 -0.20829597853026352028 0.12570383244555410895 -0.7875912821439619016 0.60324001757127543311 -0.16612516703341725921 -0.61618841465046192418 -0.76987938440305592191
0.86704404465231765808 -3.908697663535920519 6.5512474305339045699 -0.64734582414945107676 -0.0072364754749692332403 0.76216206765956384661 -0.66667061220638301755 -0.47932062189347895975 -0.5707907114241616009 0.36945050923872224669 -0.87761003575066887095 0.30546185747630444363
-1.5497409435214681839 5.1671051830877274824 6.176903369592034565 -0.86046830727949996653 -0.0076957510360971285654 -0.50944584362170108882 -0.19731088751393771608 0.92689823003515048327 0.31926178102962282646 0.46974749156959522134 0.37523385584690333028 -0.79908500648582336812
5.8049379965186407304 -5.029560529352631093 3.8878713346968289954 0.98506684068918914932 -0.0077162161891387321538 0.17199935866844845433 -0.005787122503217962538 -0.99991463834994354087 -0.011714317162897128211 0.1720750667231876474 0.010544004039357743677 -0.98502740844661818009
-0.87243656526866164569 7.1734065786995708791 -5.9175863379365596373 0.97820205576078711474 0.0019400637713680060452 0.20764627195783597058 0.20225806328449111304 0.21760001153967475918 -0.95485177426348866181 -0.047036304508533882673 0.97603610134592511116 0.21246438508068454798
4.3671257005990291589 -0.70233316105629550741 6.6695133041617165048 0.90213319647718226424 -0.014050022812940501926 -0.43122881707151289321 -0.024483855567282511445 0.99619204446334885805 -0.083677663475170666052 0.43076238999072646862 0.086046542098175637925 0.898353914647479046
-3.8284299985552139312 5.447687125524526941 -4.7846472983429917392 0.98188846059044088133 8.9874695078542669868e-05 0.18945987142863562891 0.028591318881645063493 -0.98861774508086508462 -0.14770744935846114032 0.18729011571314096996 0.15044914766762371161 -0.97071492546592663686
0.56938723357230536237 -1.7326030794353373121 3.0155230241420971637 0.48937748300274058755 -0.0013658064583268077208 -0.87207099120565778616 -0.55279645712258762558 0.77293764812139331699 -0.31142169017180770796 0.67448184269311295402 0.63448051718662168419 0.37750326778443882292
1.4953292008276863889 5.128519916390109401 -1.6178582286376284038 -0.99912226462712683261 -0.0030742653663490236704 0.041776180038448754162 0.041889004498348550443 -0.075893185959236553195 0.99623568277145202465 0.00010783454410010114011 0.99711121406651159749 0.075955349741116076623
0.35242455455551330301 2.3887626441266140986 5.0744502997992828597 -0.82681734591830380321 -0.0092842504857374892613 -0.56239388259619882415 -0.46920551407174720948 0.5627914126012204532 0.68052333646025542357 0.31019229850748336608 0.82654680968187088652 -0.46968192359452326512
-1.1200956092020497579 6.5452477380039137955 -3.6308921694480580378 -0.99566194129417340264 0.0018789171135057077845 0.093025632644199801602 -0.070307806092903310513 -0.67005171085547121645 -0.73897734551352922683 0.060943507125706931904 -0.74231204654791849151 0.6672770897378388355
-5.3685866391980363588 5.9726883238646015784 -2.5675211973101901286 -0.9994948833297340185 -0.0010397006392491242935 0.031763142480925599109 0.021434580776622962073 -0.75996644166504712103 0.64960877941245853684 0.023463523704133855408 0.64996148083210847357 0.75960485549391998372
-7.0473285279158837113 6.939762803467121266 1.9616983443165971757 -0.83315622837142677692 0.0064436624179558098929 0.55300016124822271024 0.25676774275523778224 -0.88111810958042591224 0.39711610802098806783 0.48981733881746625237 0.47285236193138807659 0.73245451627368762804
-4.8011564026982460618 -1.7847193250275596998 -5.1984822967253734305 0.99407605233418516733 -0.0051329641223308297704 -0.10856544042633989311 0.041636302884359169263 -0.90469733380434436132 0.42401550972724638688 -0.10039532089575367579 -0.42602392759852220072 -0.89912423649663497649
-2.6894852329772702682 -4.5250672232089605984 4.50829852843834189 0.97294485484712989187 -0.003748610567863627091 -0.23100705042310459847 0.15053704258149752659 0.76877457361459100582 0.62154988035908076416 0.1752623982410616843 -0.63950887631248265475 0.74853957068432674937
-0.50779248812314958794 2.920044177113444217 -5.5496111003566594988 0.85185622701719598826 -0.0042210927869184931144 -0.52375867617401772325 0.018947568880677799485 0.99956136305484544202 0.022761175748365357341 0.52343285923365090451 -0.029313202889151512842 0.85156255085045828856
-7.0828674567577172283 -5.9532836930135015763 1.1614924349586972507 -0.82356648695584311337 0.0052912541393703499057 0.56719506714422474047 -0.52500887523072581331 0.37141775528147297214 -0.76577707721678933694 -0.21471823977508996961 -0.92845078151254056831 -0.30310926052589376445
5.4257237725305662579 -2.7865045489605435591 -5.5870574456623858239 -0.72208190688374873645 -0.0025912039467065064134 -0.69180272145547694329 0.68553286202832341978 -0.1370583836524655319 -0.71502426151134101939 -0.092964589120643759124 -0.9905595818186642143 0.10074373447988009544
-3.6535131104853970641 2.3825176417701663389 3.927409385750221027 0.72291955374241134713 -0.010833508344020102709 -0.69084727249502619895 -0.69092629265154859031 -0.015473111726596761387 -0.72275960106819003848 -0.002859534864432739746 0.99982159304071438477 -0.018670970780918186294
3.5756508540893632286 6.777445509403667856 -7.4663740822737603153 0.70913331280394942269 0.0091008801488526407109 -0.70501568681284865203 0.42738992788167917691 -0.80082266505785304478 0.41954845807714868933 -0.56077428098758441699 -0.59883239150050149302 -0.571779653951446587
5.7071646878396018465 -1.9288638115299523434 -6.3570600437411268757 0.98303869850555203325 0.0005422404223517258981 -0.18339744604486615809 -0.10237056907926467275 -0.82808900057667134131 -0.5511704579442020524 -0.15216827470550908785 0.56059639055158183574 -0.81398802391302960135
-3.8324904306156843958 6.9911899115575799613 5.8073918699196394044 -0.93006470134784025028 -0.0063328647769222978781 -0.36734118490916761735 0.36738544085235547154 -0.023528418698425486444 -0.92977112848451892724 -0.0027548423734920007497 -0.99970311009690715487 0.024209554027816666821
-2.9357207445922370859 0.42477429965665358669 3.0167206118185112551 0.2063076942727480878 0.0027146461106044295075 -0.97848340097326091946 -0.97176405296079171325 -0.11645523362514094423 -0.2052140441940820681 -0.11450659656549748433 0.99319223177473969777 -0.021387615228395377709
2.3843541102051784009 -4.7314848671735356689 1.1944293518181809954 0.98907039829704934686 -0.0046365825360118991319 -0.14737112781945566065 0.062797704560986725153 0.91756558588511660801 0.39259373899889155046 0.13340238196624493172 -0.39755741434612623664 0.90782812623539488328
5.2947168785929958901 1.0497237771619973845 -5.4237874822443936651 -0.99999899428575023119 0.0013910542583114157353 0.00027639758779906707306 -0.0013726669584082963355 -0.90029080922802251497 -0.4352867728348444043 -0.0003566693109196895136 -0.43528671446246741672 0.90029181324692997279
6.7011611857053727803 -5.4822096391508416957 -5.855253185150790074 -0.90983124949719196284 0.0015270249604088549644 0.41497562052853748105 0.2106272469262540914 -0.85991015126768632904 0.46496311100879045286 0.3575517588973544103 0.51044314075273411468 0.78205149431990816922
-4.2681194053150610657 -6.5349854596136252027 6.5450104484073277078 -0.99986803481186148357 -0.0029963773619498530569 -0.015966674175845817218 -0.0045437417725638223898 -0.89203554261318662721 0.45194241350576813687 -0.015597030878894392603 0.45195532128456494814 0.89190421021001764501
-1.1045522197409733955 -4.6764498207617783976 5.8348973759129680872 0.99819412376605543002 0.016952502927280073408 0.057629019802187181343 0.05280110608503552766 -0.70508031264445003572 -0.70715896085489027278 0.028644972945600945952 0.70892479528196750138 -0.70470213577034379604
5.9520499174265957265 2.299056245946633048 -4.2054362595715977235 0.37337075693345483929 0.0053103045910617794473 -0.92766700843142535504 -0.12034567224346839898 0.99181073273250663913 -0.042759672696362834021 0.91984302847791965529 0.12760592110869464766 0.37095219619085656459
6.0614266923738782111 -5.2549642537794953867 -6.8616386527341095558 0.90169469237063315514 0.0019133031466744530608 -0.43236907963213666584 0.14822985995170756546 -0.940756762307128791 0.30496659291156902327 -0.40617064193454144316 -0.339076766300003829 -0.84855898804152662951
-5.23340363969784228 -7.1339074297672340208 7.3333344743609503169 0.99933011436666863148 -0.010300938716874900522 0.035117135152666054121 -0.0023948982037158977887 0.9391055878769081211 0.34362037087584568207 -0.036518310234401468728 -0.34347428649007849533 0.93845182483592071154
0.67426718213275582681 5.0587523562729117543 -6.780727643515931824 0.98464200416545721861 0.0010799277618615864618 -0.17458223675127079733 0.1018917950573905995 -0.81556534831740890024 0.56962375716239477264 -0.14176807021685822185 -0.57866397536030433901 -0.80314993487338715017
0.56912472465918850784 -1.3680167334257629097 -6.5365823945927949978 0.82227559482541523472 -0.0055207439420824041057 -0.56906270967326655352 -0.47451906641833341283 -0.55865945136856798303 -0.68024353947840843215 -0.3141568107806751442 0.82937876677847688356 -0.46199173094026013686
-5.2752844705006030068 0.88198360499698691406 2.2140693348151443409 -0.70377813982000847481 -0.0026135681366540536655 0.7104150189664568682 -0.70287936308416909537 -0.14274920356315254355 -0.69683804849654129576 0.10323241187677059671 -0.98975544158315797993 0.098626745837165075148
5.1486372986565056564 0.075224900402887845408 -4.1930697160927445921 0.84579537710728236455 -0.0044592634301766822386 -0.53348879560272677303 -0.0074000523476149670382 -0.99996692824765154306 -0.0033736680625537167864 -0.53345610811888266589 0.0068012778655321274104 -0.84580040395485600602
-0.34340188000497018361 4.9856632837866117214 0.79751260907286625201 -0.93767026469396952404 0.004865807643208843597 0.34749215620626755507 -0.31600872422785003524 -0.42801866759517381844 -0.84672221324460394953 0.14461314228235203072 -0.90375679477717840715 0.40287801500358916273
0.9334863884365698361 5.6442930017979291435 -5.0538961523765673078 -0.99944430635010927944 -0.00078530606128985290526 0.033323592221136795477 -0.031862077310921083084 -0.27118029833721973842 -0.9620010674750647528 0.0097921669494895995089 -0.96252824846245887969 0.27100458368505975226
-5.5676890289537919188 -0.90066420986059703147 4.3649234759751589507 -0.96388998595334562935 0.01255709696484901168 -0.26600453810903884611 -0.26319394882562086035 0.10721534461513143599 0.95876682002485247303 0.040559096148278017679 0.99415652147679800521 -0.10003884507919955094
4.5555525049458882592 0.13057435137709680339 0.37480877843669357929 0.92406792100316847982 -0.0010740297514649039742 -0.38222679633041056757 0.26106917206336721637 -0.72862428297434955748 0.63320576565475727993 -0.27917980724096791434 -0.6849127686941710591 -0.67301793030254319916
-3.9221290931494188214 3.8459437940988974169 1.2065426888048291776 0.91106192336991154157 0.0047483860293512179102 0.41224219169750625502 0.094244029007061302927 0.97105755902825441339 -0.2194658972380867934 -0.40135300519860578339 0.2387983875241645737 0.88424606040049336109
3.6092778513253889194 3.2395535804671613533 -2.0863540496894694698 -0.99910326236525959231 -0.0081045958187537705392 0.041557028982109320281 0.0073619802464337785047 -0.9998110303090326223 -0.017991801445050786129 0.041694992241945068312 -0.017669725493030037644 0.99897412800483731399
-3.4152131608663527373 6.5892088752015931519 -4.8347859314631218552 0.89981297721466813044 0.0037851695580137165176 0.43625941654877625764 0.26987630217664221322 0.78085434428934830109 -0.56341217108610330833 -0.34278767124785775033 0.62470166119195680299 0.7016013447426345806
-0.69197415253860716788 4.9151007143203937488 -5.6522075320427642708 0.99628475261747129199 -0.0072542230946116923601 0.085814147722093447879 -0.029672006080377143211 0.90652045411840842526 0.42111784374445426771 -0.080847162950465942255 -0.42209956469075832208 0.90293725902240340453
-4.2627890501991156924 6.4916329702807074042 4.6606017916629438602 0.98320681089071870762 0.0090077337672208011854 0.18227239985953541668 -0.17283679705194460174 -0.27465146294071041133 0.94588266475783622234 0.058581640494292125387 -0.96150165607598836459 -0.26848232113131287324
5.3882125059358729757 4.7426918430989468689 -3.6887245645836057584 0.31632263343169775283 -0.0053313725434980044349 -0.94863668917330112862 -0.19698535202318795401 0.97781908661235650282 -0.071180088121209891816 0.92797454850175309371 0.20938340508122457728 0.3082561061997439178
4.4301268673726079683 0.1190546929081562344 -0.87851064600071027133 0.76564839451833510697 0.0083691298304710698419 -0.64320486132896714793 0.51083104676291624102 -0.61560813327726038313 0.60006521971027038109 -0.39094012026715513342 -0.78800798467316546247 -0.4756145902479773091
-6.1180399293721388077 -2.5039247757461615684 -1.4989891076724866092 0.9731393459335817564 -0.0039874759241647888403 -0.23018234821920485755 -0.027719731449063814838 -0.9946051817662259209 -0.09996073675264387226 -0.22854196525875575263 0.1036563188595267665 -0.96799996780795638518
0.42523368534544780939 -4.6249115858419784786 -0.19891732549876167679 0.99882807593838451865 -0.0072093629177042706235 0.047859166347809324604 0.031083888847596854305 -0.66239781912873985092 -0.74850712826782572762 0.037098066948278544952 0.74911758376096126977 -0.66139744415046064496
0.10836064138872829321 3.0650897719425085342 4.02726459418839422 0.99995884301466153588 -0.0039678031917043448881 0.0081589714227280375758 -0.0080638650621577719069 0.023422177150512455551 0.99969314076762327836 -0.0041576865086821795589 -0.99971778925622056811 0.023389217334790587954
-3.4906111651615998603 4.9624635175031750478 -1.1200799353454442553 0.81751743717529667954 0.0091136379632210141877 -0.57583173021078004616 0.55614833758256199125 -0.2721341817757101933 0.78526556890862098115 -0.14954687064133828645 -0.96221615488017808726 -0.22754297345560445254
-7.0628083929146869835 -3.6890542768108445237 1.9618777928752633155 0.93082316092045847 0.011582537192149838096 -0.36528630952478685634 0.23614723820121649722 0.74376847398360701469 0.62533426181380569187 0.27893139834726066173 -0.66833696736030456798 0.68958173777703668517
0.4612756286124239935 -3.0578341017564367732 7.0250226825468704561 0.9995737833822444518 0.0079829961979960197688 -0.028080657876230225717 0.024374399756007608664 0.30116329169688549339 0.95326101376849481372 0.016066742407644701157 -0.95353916726376786173 0.30084035015668009194
2.3665140085230449429 0.32332977705427040638 -5.6318227132718945427 0.97438419959910260726 0.013152900015546744802 0.22450486140110451072 -0.22377195248155759555 -0.042707973994152208241 0.97370536726466305755 0.022395197122512453675 -0.99900101610474822955 -0.038670724939522713171
5.2827940500553065561 2.1824905909921485936 -6.1030290968853542211 0.037565610870637103358 -0.0014026873964318297555 0.99929317887591928571 0.84305072630243638176 0.53694346729628616988 -0.030938419622844718498 -0.53652054737993837286 0.84361706087292598344 0.021353145980310399288
-2.4745832157889875447 3.4093313687751791718 -4.2812103074824472415 0.92834941406028759214 0.0013602031652647826945 0.3717062217145685743 -0.34324939511825802718 0.38688569885613754984 0.85586173461111725302 -0.14264367551671916501 -0.92212667560807703993 0.35963200075509516029
-1.6127561365538001237 -4.3635302211836393127 -6.9658979121079571684 0.99006868994323915523 -0.0045835240952825408167 0.1405097167492724286 -0.13867728387769548415 0.13222956141447089751 0.98147030216131536662 -0.023078130998964621612 -0.99120852215626220616 0.13028071796925247416
