1125 14.717824617146108679 14.977075390850430381 15.033177056927090831
6.2465688758809223557 6.2620006736928193192 0.91763454697593915821 0.97367848280446256393 -0.0049734710233977283411 -0.22787162330911386876 -0.13308384741913989457 -0.82404433120170728078 -0.5506719801937969283 -0.18503756829271794659 0.56650349054558546413 -0.80301612282691547939
-0.28803798826171334024 3.9893694798404051305 -2.470524680182716537 -0.99634793903039120533 -0.013862971171484730903 -0.084253204213108667808 0.012676589648083019801 0.95178162618201245238 -0.30651433920323351012 0.084439851165026474922 -0.30646297344473155677 -0.94812992645667049096
-0.45246494678028648107 -6.4118435026108029362 7.2011518166682666475 0.99718062387390427048 -0.001088542868088484411 0.075030783314262314287 -0.0088397158484301539827 0.99122852806168193496 0.13186305237001552659 -0.074516191489095814915 -0.13215453163266305259 0.98842425960459945333
0.71749905825974280571 1.0206941825715780681 4.9986391607875564347 -0.97020115205367141176 -0.0031161523572174909015 0.24228085798971873976 -0.023061797700820084456 -0.99419032849313870859 -0.10513678812604884683 0.24120090804254587513 -0.10759126509695243756 0.96449273798940216018
7.205224343023495237 0.47725067787723890467 0.4979277546473364624 0.94371503486695651475 0.0015477523248382367167 0.33075600890816209132 -0.32807882515356157072 0.13143904074103088253 0.93546141719207420717 -0.04202638994700233499 -0.99132304675712679121 0.12454878368018747203
2.1912364411000657682 -7.4685174243354151002 -3.8986363489003048599 0.83937512845123074534 0.010212154296422370353 0.54345662719499610027 -0.02106575964189727479 0.99968351977383129725 0.013751147708655722668 -0.54314420507652538817 -0.022990698058607230564 0.83932460960857746546
-6.7843254576633222896 -4.5933842347959670249 -3.3398599018547376893 0.87076369351177751454 -0.0050518904187180262502 0.49167577575566112635 0.44157668173951819535 -0.4318193354011736762 -0.78647447238781054146 0.2162882895712868736 0.90194597397906883796 -0.37378180241609504364
-4.3926654387599821661 -1.7072789953558302756 -5.1825458013813552327 -0.99831487315029876495 0.010710316303061663545 0.05703247471140029945 -0.050281420333348363083 -0.65028718412971175944 -0.75802266254113415123 0.028968824903322813041 -0.75961297203333588701 0.64972989765153610353
-4.1500364573394703527 5.543307961819528451 0.62338975720131717395 0.99941766226089068237 0.0076199997155646775199 -0.033260666940891865651 0.0267487000221817324 -0.78015632713137239573 0.62501248970248080017 -0.021185924764762806977 -0.62553820094481038527 -0.7799058377461702829
-4.6668283568202069134 5.5135516322902855535 -1.2759207904084910457 -0.96781058762323346478 -0.014528972022906910117 -0.25125997583433301585 0.10250273813725903349 0.88902834196995672578 -0.44623065319241017601 0.22986051239537805269 -0.45762158618898646223 -0.85892178264106033847
-5.9444185705750323123 5.7096965338027079184 -2.6128792759040080362 -0.94307095472717328288 0.013414014353374081878 0.33232098725319159094 0.11064456263856353724 -0.9296210963549786932 0.35151443493884970692 0.31364782018776227179 0.36827256404837416248 0.87521446712262918055
-7.2479231939160841947 5.1830807938059466622 0.82493617804800711824 0.99885306799298045899 -0.008912548518596902572 0.04704375665129715417 0.04643827164744109004 0.41966395227670516554 -0.90649084611251995458 -0.011663425198612104028 0.90763579349770762139 0.41959650960682154386
1.7665017737671497855 4.4128001378662400356 -1.0079331576434460427 -0.74723016441364720208 0.0063208016416036929414 -0.6645352728463536085 0.22760201602076310379 -0.93704766266942063346 -0.26483768649728101074 -0.62437521066559509286 -0.34914427584100782287 0.69875165184338428048
6.1574528785591349234 4.9730183467797903774 5.8311046673288808861 0.99604038671114114578 0.0056754140699318564658 0.088720559711704879979 -0.08669504861854557265 0.28298498053774595595 0.95519813093159222639 -0.019685440951463531456 -0.95910754895649430463 0.28235649974689414066
-1.2702814808369187194 -1.9898670103091682382 -4.9237587074208750693 0.84575750221140011398 -0.0012452916426785524528 0.53356601906589040674 0.08013527590880213658 -0.98835835014411332899 -0.1293294601216685713 0.52751548319273622312 0.15213882130827091621 -0.83581169771835939208
0.51836088120872003682 6.3323858914506558904 5.9234811705774967905 0.98206189912836827638 0.0077152041998438929821 -0.18840090738781722912 -0.055953957337806593808 0.96608095885221179078 -0.25210461241588633108 0.18006549069330904378 0.25812411078251162877 0.94918299736876809991
-3.3357206318635768127 -0.26895818952857392103 -6.326329251117163821 -0.9941617474257765652 -0.0017647004563483914899 0.10788561436843731312 -0.09006609269806474527 -0.5370321661426982196 -0.83873985923775273843 0.059418169792276577523 -0.8435599198399965637 0.53373789704139162904
-4.8265773976836081616 -3.5017549650601469402 5.9801010833818315504 -0.99571511491547171069 0.0037216860810820994593 -0.092398912231525839878 0.055886646873902705301 0.82029113406208786774 -0.56920922171072030338 0.073675590462821419213 -0.57193409098610048513 -0.8169842733725234396
6.3584136885804607431 -6.2574276569737321552 -5.3643736289372085935 -0.84519230112515952857 -0.00012983050645601606349 0.53446230668088956506 -0.31965756467195571844 0.80155032751864530027 -0.50530793958020103762 -0.42833283258074822397 -0.59792729959320822797 -0.67750566708667381288
-2.1028055094464890296 4.368537440665667404 -4.2870323079224661456 0.96960480554077177473 0.0038992533556102097758 -0.24464528790755055154 0.2189238450242581846 0.4326877283746948244 0.87455913453211964192 0.10926514152225412502 -0.90153542666800134953 0.4186824611933687712
-6.324698056912260391 -3.4901575813859779807 -6.9131367165591912638 0.92702137233658388205 -0.01659395575808584461 0.37464118281834291047 -0.37418502336433467903 0.025239018474665010638 0.92701055022920808568 -0.02483834779231892248 -0.99954371219009352512 0.017187899819774001692
6.7896137971183891935 6.1612450629478123787 -6.1314250339498537201 -0.98369128811870176765 0.0036365672189698373257 0.17982832106739052302 -0.17868170815208056501 -0.13425607360087180031 -0.97470413658358190379 0.020598467197451980626 -0.99093999923309039612 0.13271631802067099248
3.7608763090961123687 -2.6130348224955710634 -3.7192724396606884341 0.97721240727623548405 -0.0025306566705586763452 -0.21224869102608395766 -0.20240875782248052284 0.29003464727810351897 -0.9353665581658724415 0.063926565856803216348 0.95701279989093346323 0.2829132287869622342
-5.7065835527132726668 4.6709142223381148185 -4.5334269654169592201 -0.97978073106557550531 -0.0001298155640174832471 0.20007424167196125042 0.14440723201286639887 -0.69259367922510428617 0.7067252272558284254 0.13847841122378021228 0.72132792726008954087 0.67860868766884951953
6.5016584771959902156 -2.737967482476997727 -1.724974944523492093 -0.99974655841969251036 -0.0043871362018280167863 -0.022081031766303348129 0.022068153479584476373 0.0029625089850600447999 -0.99975207933891674372 0.0044514637950882713843 -0.99998598819011408345 -0.0028649421669816235031
-0.95292135797409183162 7.204136214631174262 5.7599560375287692793 -0.94607205740245803316 -0.0088026275041087932716 0.32383665010489826042 0.30737970724365448749 0.29127656596285611545 0.90591151758640175995 -0.10230042901646183018 0.95659838797160945401 -0.27286287096840206035
-2.9324959358123474651 -7.1305150658966933719 5.1171485185199578893 0.99947091310720936885 0.0061267368761900474136 -0.031943026595494285191 0.01685954762757366221 -0.93744797668365609233 0.34771690592436471645 -0.027814555661094333278 -0.34807147844521302282 -0.93705527925857068361
-3.036524588514984746 -6.5728758402254854332 -5.4633102930722463597 -0.76580675598467506937 0.016858553027663945867 0.6428497504688867048 -0.35305489962386776837 -0.84654794263926724796 -0.3983827539750934843 0.53748697690247582148 -0.5320454585869920372 0.65424412848516622088
4.3655848579460201364 3.9213305100299762351 5.213826648541114217 0.8963623066098465042 -0.012606839982995181673 -0.44314295986155971541 -0.41539969700029066857 0.32526270640101356824 -0.84949824223283787461 0.15484736685280395263 0.94553965512309445796 0.2863163522547317319
-1.4484662402004024884 6.6769941959525374031 -3.6427831060673159236 -0.9861288871392582811 -0.0025577959086004664266 0.16596166915742002756 0.13626805489966564711 0.55840742476517168935 0.81829833507154758898 -0.094767268417439334827 0.82956290035611368605 -0.55031314648071671947
1.3563527414858334019 5.1781583650939309038 0.59506965539391576403 0.98408677323877880028 -0.002814302646986233114 -0.17766626702043863961 -0.13333622799346447896 0.64921326326745232294 -0.74882814390359264678 0.11745072601245125365 0.76060122173064759199 0.63850693689331072811
0.21406227496255916809 -7.2105237339323284829 -1.5608548443639786996 0.96385977698994917962 0.00098999613643039555827 0.26640823975383676192 0.052649920399956723349 0.97956259688899538496 -0.19412651714291837002 -0.26115573166778133229 0.20113711413810320128 0.94410886296726337363
4.9001188643940460921 -7.2001485755732188565 -7.3823374742197582776 0.99973214663121112711 -0.005141296162839254294 -0.022565506109979531491 -0.022696365625086031143 -0.027001488379710499727 -0.99937770367999323451 0.0045287945020586681255 0.99962217197257463575 -0.027110944677606999692
7.3031654875505003233 -1.9164328340700444997 1.7010415790749955356 0.99999961887830313145 -0.00043516246266162190992 0.00075688638191685763974 -0.00078405959722248948912 -0.82896740941424817972 0.55929636095687795816 0.00038404936148448299421 -0.55929674124092132459 -0.82896743467005729045
6.5483611791305262884 2.0660822107363978617 -3.5714943656043938169 0.91479156145035267489 0.0032188306252236920449 -0.40391340436866901564 -0.26119985494235148371 -0.75804662315916726545 -0.59761187479419963786 -0.30810880363495940504 0.65219242271464572536 -0.69261389595958333665
-1.7223346561169146085 6.9547146075502181972 -5.4000539277905286184 -0.7343044894540595724 0.01090118590816584708 -0.67873270210977132422 0.67684426662007080022 -0.064477353340313847685 -0.73329701325570151305 -0.051756695324950398318 -0.99785962692752272485 0.039967604844624700366
-1.6199096859555461858 -4.1432667538882093083 -1.1725473535771444578 0.72135419669565548073 0.01067875729507890975 -0.69248399768675461541 0.095658075830797467676 -0.99183386762007519355 0.084351120739451293518 -0.68592831654472330438 -0.12708872170368790133 -0.71648503220776438294
5.9357756148741938063 6.6979506988581309912 7.2788793035519399055 -0.89671699922486047818 -0.0060794391299826321465 0.44256260994459206692 0.43757424926134702581 -0.16249729459919889929 0.88437741130772329345 0.066538708166761190155 0.98669026024775974282 0.14837429240835317557
-4.3001546882419123818 6.5839486722478222092 -4.9137968428660840914 -0.94246151996161964259 -0.0069381064313863991325 0.33424264549988791373 -0.32788412947221351468 0.21433274095840362805 -0.9200834058897140455 -0.065255505759342996575 -0.9767360640584016318 -0.20427525580853175824
5.9055006249720864986 -0.071267142508740971563 -0.45035278035791331819 -0.99925519582720079281 0.0053929246311835692812 0.038209553471093657406 0.027727685332706343557 -0.58830054558726208036 0.80816684139339256543 0.026837084018686500897 0.80862437783294638383 0.58771284356882713684
-1.4773955667175877604 -2.3990061592946050339 7.2082879138829136778 0.9210841683887132092 -0.00039079415426689209298 -0.38936332906895720907 0.22052282026498706835 0.82467603020381763379 0.52084463225562027677 0.32089506148598045954 -0.56560524439496062676 0.75968221449941730761
7.3333172510735495919 -6.0975108537865150282 -1.2842261447634950589 0.82450497616851614602 0.00080387348318239565739 -0.56585413143383744838 0.14701526829705480193 -0.96596283812256289458 0.21284338433153288106 -0.54642296361054831788 -0.2586796264756434649 -0.79655934850176446371
2.2699149207356956737 -1.6426100182301930364 0.079774736948231173006 -0.97026614426185509021 0.015731947632517256919 -0.24152870455283481643 0.025163185858707717152 -0.98592174207803473518 -0.16530315355481500772 -0.24072894170978031969 -0.16646568511683362823 0.9562106213078699346
1.0507189730719896925 2.7742880650106100937 2.7937258004316447568 -0.79829011890590240164 0.0038535723640206308999 0.6022607707938973931 -0.084486104641322778974 0.98937527535079150542 -0.11831594417954190146 -0.59631785498986678018 -0.14533311565019424449 -0.7894829328843119276
2.7768139647357350519 -5.4176152588039023783 2.1336802319203083123 0.99449883036268771352 0.0026265775295999291804 -0.10471474345913700521 -0.0903903892965931266 0.52667614878331692196 -0.84524659823363468281 0.052930652083975904265 0.85006195973775777741 0.52401623131042596171
-3.5146051819171213459 -1.8123288391873655367 -1.9520984779723851155 0.99671621301596069475 -0.0083573761682993914779 -0.080541572959631338446 -0.079350241326060624858 -0.29900293601031185942 -0.95094730845548547382 -0.016134742412754997376 0.95421559331256322611 -0.29868423387668119329
3.3472582392027350195 -2.7176978492251242514 1.4353143293955326065 -0.90531631555272196188 -0.006278517310577563619 0.42469159282282026302 -0.19729178317850759594 -0.87925895917608820618 -0.43356618295112497874 0.37613604066119427083 -0.47630270094652293889 0.79476878146210871989
-2.2365443904274622255 3.7901006804773422765 0.74863139648226273426 -0.99682017707982595311 0.0031892390744187601795 -0.079620118818449991949 -0.0077624089601875398761 -0.99833289852266215991 0.057194131992415575549 -0.079304978240133855438 0.057630308704344164472 0.99518313286798076867
-5.2674017469257288226 -3.9488701460712625213 0.41290844457511011178 0.98327770664543900914 -0.0092727994831517009111 0.18187624034987856514 -0.12326077237695590161 -0.76906340673502482375 0.62717482284782921642 0.134058694634478337 -0.6391052273381387927 -0.75734587526570762428
3.8749070284271915909 0.93935308913500814576 2.0602487951183574566 0.99043290926259253126 0.0031866355320412046576 -0.13795831835607794136 0.12465343877313213306 0.40819749034112129404 0.90434303728246345777 0.059196050980399581021 -0.91288808417745792578 0.40389500283498819266
6.3474934386404360254 -3.6222766665981689371 7.4992067072862882426 -0.76588480505526679298 -0.0053686634786216068382 0.64295539723817107802 -0.47533241928028413525 -0.66866117566114402493 -0.57179657514247916872 0.43298909520520278971 -0.74354785294285419273 0.50956553436969942439
-3.8925420391377976159 -4.7807988196610340381 -6.6870025689667214053 -0.91781098974706143423 -0.003890631446694058776 -0.39699855174380227485 0.098648297010114877059 -0.97082704511848505469 -0.21854830578991651935 -0.38456663999459089753 -0.23974926788958453305 0.89141953531980311354
-1.8704361898490839966 -3.7583687074116127746 -4.8110595852404403061 -0.96271761940775302246 0.012184837698570826631 0.27023381544905322738 -0.25566098374813012173 0.28542737914099941543 -0.92367130118117224402 -0.088386914590634288458 -0.95832287928806758615 -0.27167077936760891665
-2.1407458744800500483 -1.9426173264842285793 5.9332419389353319161 -0.97541289345238457731 0.0020716131510036812739 -0.22037557874147556403 -0.11763410493095520504 0.84070108890607386787 0.52856777850096625659 0.18636497697729748069 0.54149551016730790298 -0.81978698929963411679
-3.5493504251071783528 -0.97673124862853777373 -0.27174965827880581681 -0.99457752469768034853 0.02002827278077901757 0.10205104436364575982 -0.099491405331817509006 -0.46896926927037402288 -0.87759289237391036043 0.030282133864585017435 -0.88298736840874558762 0.46841893599551093219
-4.565163949397382126 -2.6888946903825123869 1.5969176416654362605 -0.81980744844271546956 -0.00010506171567074714085 0.57263927252657476075 -0.052831549809144527641 0.99574883518775580971 -0.075452531878688111622 -0.57019696142871678646 -0.092109967887159707733 -0.81632786243842236917
-4.1313649096201485733 -6.6666078910400869972 -0.11758163984986085004 0.86033864223936373783 -1.8825170573436570591e-05 -0.50972288580686087034 -0.39713833208608678715 -0.62689215891770722067 -0.67028901697345599775 -0.31952866202818552832 0.77910603946643341988 -0.53934702503063880474
-6.0735002770298249786 -4.044581802291825845 -4.7774959933851874894 -0.96121964257876113535 0.014730611951445845079 -0.27539028267596266097 -0.16677309943657048219 0.76425057771472570955 0.62298297550342096596 0.21964410309660434284 0.64475116404256094249 -0.73215599733975511576
-5.1635674508477649169 2.4911301365757725357 -5.4642596732684340921 0.98425886742607093804 -0.01194594326415462926 0.17632860327433919068 0.079625078398825280268 -0.86074076139260957685 -0.50277747420430507486 0.15777936741902578999 0.50890336618743270414 -0.84624053028685497502
4.6333407777479029832 0.26198439371132892228 -1.21676310940271315 0.97518873968573960287 0.00080650443786475637699 -0.22137360172482303811 -0.19236139253774867108 -0.49182909652307221782 -0.84917679812515312054 -0.1095628433865923762 0.87069138583298499867 -0.47947105646241838794
0.84751002319656043582 -2.6879407294992971877 7.2940765808284115934 0.98349969261619163419 0.0013599103004935555843 0.18090468558808103783 0.13418206824715500636 0.66522158583507762231 -0.73448990074737352529 -0.12134054221355122793 0.74664475648263339824 0.65406274961372412591
-7.2541543478709975545 3.5907421636395571163 4.2606024288740247385 -0.99875891718830556165 -0.010125301295554223202 0.048765803699114387837 0.047989438091873448666 0.066375489454734093453 0.99664000934703722567 -0.013328134467019716464 0.99774334007967435678 -0.065807204455977846846
-2.3466871676738483288 -1.8611540351625950329 2.4333630638393075607 0.57135657344550638825 0.0081714846890721913597 0.82066125339183937371 0.49323386940951147173 -0.80263565758447785736 -0.3354047573327010312 0.6559512299310301664 0.59641363835181682163 -0.46262161205461393987
-2.8042504533885694862 3.3522830745548120035 -4.4065882208506907958 -0.89045340639887238243 -0.0044160645285445500677 -0.45505299626173173477 -0.062935378196587510313 0.9915392076840363611 0.11353033866136029439 0.45070153006610708113 0.12973240920990450342 -0.88319739175145894894
1.7438682866986197073 3.4093332514154526258 -5.7767801972308125968 -0.90309140874580606795 -0.00075467516462031716817 0.42944771266702636003 -0.050876256872465018544 0.99314424736973105912 -0.10524310145134387062 -0.42642410102634720204 -0.11689283289346180661 -0.89693843249243065952
-5.6320362352517996385 -0.67581206018554584869 -5.0279615222600284596 0.91108208592763706424 -0.006733982034672949743 -0.41216997244803282863 -0.31859871466554862129 0.62296980247054067892 -0.71442528246382530632 0.26158037333744993402 0.78221690003216692855 0.56543118908391631905
5.4480225851768064871 -3.3625446285321851647 5.3914721204284523637 0.965977468534390038 0.009417288539346431453 0.25845472516585732414 -0.017490751168490331624 0.99942765276586842393 0.028955837241508391305 -0.25803411384456431676 -0.032491253644046813598 0.96558930945253285127
-5.9221791192734452025 4.9266214928058920108 -0.85854682295879580778 0.83324025311928595627 0.012447272774962703928 0.55277097063998459348 0.068406123770672178086 -0.99438644293275779695 -0.080723009992723693262 0.54866317792655283636 0.10507458071332066718 -0.82941428108964865284
0.13702963153280942055 7.2095960680057418202 -4.734314677065609267 0.75534027159984995503 0.0083349321658556276005 0.65527978986478174761 0.57279868506194642208 0.47738583044547594492 -0.66633657807537560736 -0.3183751568365248974 0.87865425384251105712 0.35581450464185132576
6.1871055754449377773 -6.7410009021854691014 -6.5235513976281582771 0.99950779297634606557 0.0092552626086204181632 -0.029975187964760646731 0.0018576020717846770253 -0.97127466150060626227 -0.23795394773258005117 -0.031316466818920168924 0.23778114315690862535 -0.97081378588528455253
1.6023315376175806257 -3.3017863949080950015 -3.8533660093023676119 0.99999115621559075961 -0.0025045835069608282479 0.0033785428811218239445 0.0039163933309189231241 0.26178678841008490297 -0.96511778518339053079 0.0015327601966830292201 0.96512248159253344326 0.26179428215832140081
5.2380078675021417567 -5.3336297236890510831 7.2333162112398978749 0.95629448801194760765 -0.0018698833069087667652 -0.29239930871045205496 0.16577126062583674715 0.82722092611806896656 0.5368663041604961883 0.24087494960759042728 -0.56187368947911875416 0.79137678492784346851
0.019126754933062491137 -1.7554942489697020758 -2.1774342643128172803 0.99344806764513160502 0.00067253024931307491853 -0.11428247720046930125 -0.035998684744357412058 0.95091939571787564844 -0.30733759539663396687 0.10846673033096083938 0.30943795913004706888 0.94471324636670650499
-1.965771865812976138 -4.7268475507170819583 1.879995805523761554 0.94890269548370442809 -0.0027381245125325946906 -0.31555693175385779448 -0.094867756616597589958 0.95123146545185510714 -0.29352820629171261224 0.30097139940244177492 0.30846588435102018089 0.90236634186631303756
-1.2757499977277375613 -7.3333827115860330537 -6.2525415277013927096 0.97211549712569111925 -0.00098027649618622836672 0.23450053156894706818 0.12319892942520377366 -0.8487359978506979763 -0.51426571900233442047 0.19953316525486322619 0.52881588952152525085 -0.82494864746424190205
4.1416612880137053665 1.9785551732411654768 -3.0787961822561977776 -0.80957351628607632232 0.0035708985552107804298 -0.58700764084603274107 -0.089254572078519042733 -0.98910372385438749543 0.1170787974832064593 -0.58019336698306522848 0.14717700955158130594 0.80107089871507575207
4.664598585960747279 -1.5996958575307296258 -4.5420511244944483664 -0.89178739995891675996 0.0020906783104250627192 0.45244984510851665727 -0.45244844941472633915 0.0011252902729144385885 -0.89178984875595990189 -0.0023735831039448460761 -0.99999718138900750564 -5.7595526872820240749e-05
-6.2645095880636452179 6.5939140598757326472 7.2837913386673927008 0.87143065456241564082 0.0055999414587108919603 -0.49048675307762035214 -0.31237107536447855649 0.7772994675343342097 -0.54610424741651319991 0.37819694018405108915 0.6291058562964828571 0.67911184351988440611
-6.3579506713254341221 -0.37969890936514577584 -5.8641851446461190633 0.84474472625372565293 0.008813047357664506587 -0.53509688623917517347 0.53049597416421734319 -0.14563970335869066974 0.83508268943930419326 -0.070571728490398652478 -0.98929844182723447599 -0.12770365748880499468
0.70394867766882085469 3.2163940924074383432 1.7768181738211805687 0.97175124806437607194 0.014632166772323745157 -0.23555341555755920924 -0.033404161761808583153 0.99655565949227098432 -0.075901116664430542946 0.23363149158937554506 0.081625469244973838934 0.96889298114304589493
3.8718816648837126593 -0.80492145636560685773 1.329904456749660957 -0.94541794555054581295 -2.2531534306455184397e-05 0.32586025796836720625 0.26386019711284885991 0.58674389549797201227 0.76557781934657465062 -0.19121376679125795528 0.80977256102448669228 -0.55471226307098175923
0.95910096231648955811 0.38972393688288642366 -3.1752815653325288103 0.99999815216142851071 -0.0018484901706582387848 -0.00052797520573227493812 -0.0018708757917482270183 -0.87259985489478986143 -0.48843217856868953453 0.00044215099325636397082 0.48843226380090970506 -0.8726017007665793912
0.29587919676130997049 -5.7855470651709506313 -6.948641557912623945 -0.96959682843506256322 -0.0066495529390063236319 0.24461760716386832248 -0.059012595479291385381 -0.96377442057352180615 -0.26010840013937575055 0.23748579718299536734 -0.26663579972310397226 0.93408021413711062042
1.6872636398002067715 -0.092479435165549794817 4.9319970278410556475 0.99762542721369162901 -0.0037597645407355263086 0.068770423491974055907 -0.055959560100884861433 0.5378399810214313792 0.84118766184970739097 -0.040150150808897375199 -0.84303856316630465528 0.53635244606935250644
5.8788681351333966774 3.9642855456500538658 -2.940386100403969305 -0.98797868001257227455 0.010177995763194024048 -0.15425477705011275686 -0.060654468335308533988 0.89229584582702436979 0.44735797633517609961 0.14219410434856649683 0.45133638444288720626 -0.88095193101923652268
-0.29313194292104849392 -0.92721583265249141181 -1.2075275374050911115 0.85301843178504010989 0.0070802930762168484607 -0.52183275528165262713 -0.1796589563277425361 0.94277452942769923716 -0.28088938405290569955 0.48998185113957098968 0.33335575008145107434 0.80547608868399789284
-5.7867285035217168598 -5.5294555432358354352 -2.5456596089837693064 -0.91813018913254906828 0.011045341241158083273 0.39612492504314034125 -0.0017897700066578543787 0.99948570815904502762 -0.032017431333295487406 -0.3962748446808994629 -0.03010514279532483517 -0.91763823364676344596
-6.8713432507928660087 -7.2893718423832050135 -7.3982609538676182837 0.98567543466531659657 0.0060107883643233037119 0.16854615961372940158 -0.16861663449702204987 0.014282589975199978111 0.98557822530458449872 0.0035168264391444411035 -0.99987993181528567188 0.015091516986608721068
-3.3425626893513067373 -3.70482702239263606 6.853833112874947453 -0.99810354617927776744 -0.003306311817626192591 0.061468523705189986872 -0.033232373887740834784 -0.81159823372506822992 -0.58327002009359807388 0.051816217829080718493 -0.58420662039767456974 0.80994919856334357533
0.81317932612690613237 -2.7305882484462093984 -2.3082597011270618026 0.62925789125446085492 -0.0019595863863471618682 -0.77719409822468876747 0.028787282590334955373 0.99936937785070467655 0.020787952645170120619 0.77666324662309227378 -0.035454289378148845513 0.62891747845777756787
-1.6973135694935275186 -3.9492052658972847112 -3.7400329667900558128 0.99916716997465959693 0.0081213802392194490293 -0.039987618432569642379 -0.03874695646083618078 -0.11838798805076430898 -0.99221114569956481155 -0.012792177684945896937 0.99293420097623397158 -0.11797471221308575284
-3.3890405175569759955 3.7857391644334241754 -2.1840238083140013359 0.99414204488685231631 0.0084710780609302902683 0.10774894628077465175 0.0014660176514974506204 -0.99788896979383778785 0.06492653352906238573 0.10807148273426069041 -0.064388234952828832247 -0.9920557997508863135
-1.6119557237741999334 -2.1483940456462971014 0.71106799989554247965 0.95285599135102916346 -0.002822071319712774265 -0.30340978174702426529 0.24867836082607983061 0.5802079663443914237 0.77557577879112571395 0.17385204227483913586 -0.81446347475132763183 0.55355642503076851746
5.2141617500575385691 5.7902522978523078834 -3.030629348153292657 -0.95126187330726930114 -0.006607708371360868603 0.30831345507754664981 -0.30351199629105440891 -0.15695530817735858786 -0.9398114169035696186 0.054601433123933507119 -0.98758360123327049163 0.14730008172358352581
2.0620680599625815788 2.1517081651288112454 1.05341255319445537 -0.99838722546551961212 0.0022323972405712336209 -0.056727104895913711691 -0.0016369418148130410878 0.99767907987894577371 0.068071829660594898592 0.056747409181422334146 0.068054904117229433891 -0.99606639416098741169
-3.8225019668121800187 -5.6223112937941222 -5.250555723268482744 -0.86219620368627303275 -0.0061523339651003297948 -0.50653712118249560881 -0.44338243067077082182 -0.47445888220695880966 0.76046090581145653342 -0.24500964577248077192 0.88025616605721757058 0.40634881025627056506
0.31293724174876969002 6.9344490047686901946 -0.78696087755116228557 0.97902572484313732382 -0.0015029196108552046567 -0.20373112508418037003 0.13051106832247852396 -0.76323832504541577748 0.63279864113876194143 -0.15644644815638575341 -0.64611531510592223881 -0.74703380676166608598
1.0057325682944262546 -4.0780916602034897878 3.676346281371778435 -0.76291397116279147106 0.0017305166973774739961 0.64649770140091822324 0.30779389735159351504 -0.878419742042756857 0.36557034007532052122 0.56852896967330202038 0.47788676702923404971 0.66962605127089536161
-1.8064356923067095284 -1.8792144928197747067 -1.0587490758261841606 0.99342673794111402419 -0.0052280815600454040235 -0.11435026675471003654 0.034537162479366154133 -0.93871408918562748713 0.34296215997129608777 -0.10913524064911790667 -0.34465711355999834042 -0.93236311237675717489
3.2505676270110539505 -4.1972095844880197291 6.3876859760692479284 -0.97101783817839493196 -0.00057379517854984872505 -0.23900633610522087347 0.051623453215808731698 -0.97689597210098300106 -0.20738678542979671615 -0.23336532951026259242 -0.21371460046498991225 0.94861303624324022632
0.46906510584130528541 1.8265720885796481454 -7.4639488368915527516 0.97773948146807865278 -0.00095660092111742034415 -0.20982037864123939674 0.055371289199019527172 0.96571751765526447908 0.25362116714937987805 0.20238460097285645989 -0.2595934533235886299 0.94427311318322537659
-7.1686927371136697218 -3.4983751139870240543 -1.1500012757546667075 -0.99040759335751704651 -0.0067979036368517927608 0.13800937477528124608 -0.11916171213747663027 0.54765748682984383144 -0.82817375198667941838 -0.069952021987826018545 -0.83667500597622723735 -0.54321418335166804514
6.2427563278934776747 -6.4857047084829071437 -4.2270675322471529256 0.80866474777741714774 0.00031588684635185972083 -0.58826968808329094252 -0.53306475973683453695 0.42333494484476508202 -0.73254998901102896802 0.24880371305273751847 0.90597319203652237896 0.34250443454410617328
4.8630988876252354558 4.4817231335365450562 3.4340794558876961418 0.9991762946451268057 -0.0042350864011666588052 -0.040358348112704930943 -0.039875414832954557409 0.082050398703073124107 -0.99583014784879508863 0.0075288452706538597226 0.99661918309640551428 0.081813937523215210512
-5.0377006647903508352 -3.0689823905953979022 4.1341188053580628647 0.97077788253762231641 0.0009534649018800175034 0.23997790248358183418 0.0081909201090486650348 0.99927780925588816086 -0.037104834677083413375 -0.23983997082125482758 0.037986192666904283755 0.97006898598153323832
-1.074519988933290815 -2.6546633364939449251 -2.0265771253278903608 0.88525412015787341424 -0.0016287829178762607343 -0.46510481593898927999 0.41363708493650963582 -0.4544940506752104814 0.78888498519501804029 -0.21267229417275637648 -0.89074828372951908584 -0.40166900592941789938
-4.8892318569442227982 5.458445031086424315 2.6936067057707333561 -0.99956432098013670018 -0.0046924795953522824982 -0.029140158865293114276 -0.0073745144789015247555 -0.9162638240613900642 0.40050745467796894372 -0.028579446454484427192 0.4005478565060981988 0.915830022377947639
-1.0732308453207326515 -3.1264545872537934379 0.43482916333290788646 0.94719747418607669331 0.0088727603268007586984 -0.32052803156593617784 0.10821690986666344936 0.93212249086356580019 0.34559624194309868095 0.30183777979946069259 -0.36203444055849975936 0.88194388627342934495
-3.5824888356528394873 -3.7957080254962787258 5.3365532254248968513 0.83129309140904772413 -0.0068247419075441080605 0.55579242444768273135 -0.3741971294137677595 0.73251773510560114211 0.5686776557015306155 -0.41100888617405995085 -0.68071373620155539719 0.60638313369716978496
4.5612151155025255633 2.9475129152667256527 -4.2002775979703681486 -0.86840824368892444163 -0.0012087024934698854806 0.49584842576279863913 0.24874656774710046658 0.864002114122617626 0.43775049037753249737 -0.4289431982526304421 0.50348672855392939685 -0.75000589787204552383
3.1057913510734405094 -3.4098048952093891195 3.6740510115658304713 -0.84667774008924368001 -0.012316140430277741982 -0.53196345468666694778 -0.53067335440418672565 0.092856910691768074217 0.84247456048363500436 0.039020448007297314774 0.99560328787214225077 -0.085155726851645713316
2.9361382978216439277 -3.493251084423163455 7.3050904868705686113 0.99993072151216810806 -0.0058248198113613081778 -0.010228570303217877219 0.0076647756988287947186 0.98170575324718278853 0.1902500072399802844 0.0089332743028522221956 -0.19031522670427428179 0.98168238809441732418
-4.8930646895135199159 -4.3614524448749456553 -6.0662534215524903658 -0.97545701737786116858 0.010286779910307490213 -0.2199495155877379815 -0.17238128377016581627 0.58582263176034243823 0.79189427142963120243 0.13699744615841569217 0.81037400394903325029 -0.56967154876259062934
0.19977208306518717817 5.8985881812195373186 -0.75927640560202780406 0.9865853446241038549 -0.0036595652744116661734 -0.16320528592812222346 0.10758565885606329038 0.76649567943980467799 0.6331743041286297391 0.12277900382965722947 -0.64223903726127506975 0.75660712079426017951
6.5881076080245577486 -5.2088925790136730853 5.1719767558956384335 0.99484460856815437602 -0.0049979623055226738912 -0.10128783330624638315 -0.082367129266401842291 0.54283286770510408292 -0.83579192013050862542 0.059159621529335466861 0.83982587368565830843 0.53962268398270341052
1.1646138787089894695 -0.13663552269690434904 2.9429889197642005172 -0.81549750474939342038 0.0094672405808869167232 -0.57868315260009006717 0.16166271693377234908 0.96379406710399351255 -0.21205226282376971048 0.55572383942122427491 -0.26647958190243492549 -0.78750215664984524189
-5.5782522321365313189 -7.0042725041856952473 2.9756602257413375945 -0.93408830550281296556 -0.0031508390947451187653 0.35702816378526081031 0.12887611818971267397 0.92957150354595674546 0.34538061027737437803 -0.33297144574760995095 0.36862839284050624711 -0.86789580267936938807
1.4493960301064554574 -3.0919754580588705295 -6.7529489664127426707 0.98062965760384013247 -0.013053305166950562172 -0.19543563096810759316 -0.099827456423625990367 0.82515684104122344333 -0.55601318925620890621 0.1685228577127420857 0.56475286533769830655 0.80787019224704570419
-1.7999693696792353759 -0.0017923330103600740304 -2.3982319040898398832 -0.89521573429788481313 -0.0059305319861818082613 0.44559355679347673052 -0.17608834630178382685 -0.91383110446746029787 -0.36593115036093737391 0.40936741854016461817 -0.40605115601129299074 0.81703168563987182971
-7.2893490905782067912 1.2133225192195922215 -3.4222876335702454575 0.98789186366804015993 0.01333186977651430391 -0.15457013601189584229 0.15279553170297777154 0.089089229523957591539 0.98423403450317825669 0.026892214302249542457 -0.99593442074829030553 0.085973474856094467267
5.7457347592329135466 6.8042668761911206943 -2.4186621550193052599 -0.92787843472957742819 -0.0050938749743588444471 -0.3728480425074421345 0.37223833675136325239 -0.071417758245934853667 -0.92538539239584371998 -0.021914173870298214036 -0.99743348462180869696 0.068163133281261167884
5.2886228662077598983 4.6980908442876501141 -7.1578787541619695034 0.99683226695229432135 -0.0016066839966452865079 -0.079516351331695989124 -0.076602417088974458781 -0.28827810664373060279 -0.95447776450054322428 -0.021389279059777874248 0.9575453784528717982 -0.28748799443604938775
2.0470905159512851057 -3.8342213027332454622 -5.7189216109551255229 -0.98126372247237825253 0.0014554645118601862441 -0.19266392652161401511 -0.140355127909690236 0.679651399027633496 0.71998223163435814964 0.13199221578988210024 0.73353381477796286703 -0.66671297988576661009
5.42251843496405872 0.41184672458678822649 4.7757757288585871436 0.66976469330534971203 -0.0029642820354491635111 0.74256748422859608638 0.42810872258695070736 0.81861764266087089226 -0.3828682237656775289 -0.60674391405820182754 0.57433123557443399587 0.54955022936667041744
6.84751064101004836 4.2007734510916145965 -1.3450752243846673117 -0.98733212721533136769 -0.0054133424388736828617 0.15857479715273148368 -0.15228239036767590719 -0.24832842203430996464 -0.9566311036098466003 0.044557200902830058908 -0.96866077164995911808 0.24435827244864286034
5.1765211415566607656 -7.1460628888638089151 5.9332864771475017918 -0.98013915510192928249 -0.00063467981803999075352 0.19830994381952493644 -0.11836142803078725239 -0.80047825531644611896 -0.58755862270937031511 0.15911570944027800256 -0.59936146017833191735 0.78450495923372332019
-3.5170013871383987158 6.072313793166193463 -6.2678135893054394145 0.95178893095081373854 -0.0037333129514951768346 -0.30673097869947885119 0.22505077288717270645 0.68797234138264140579 0.68996101854764879668 0.20844658918394090574 -0.7257273040659942831 0.65564464429356894559
1.5519141319654679023 4.7607391020359317579 6.8825588765257350587 0.9917510627967118797 0.01189775394580092592 -0.1276255181875422251 0.10228563157227366087 0.52660752043553982205 0.84393256187590481865 0.077249459645106932637 -0.85002527190182286532 0.52104659879214743068
1.568110080336660328 -5.5269033211685156814 -4.306718312559874029 -0.85794782332938912539 0.014156583201637977509 0.51354174474578639931 -0.2986010067886444852 0.79968654078160683607 -0.52090198237050844288 -0.41804661365600925826 -0.60025080395173813219 -0.68186215701263497291
6.3659059479473869558 -7.2366771367162856521 -3.3433892367537572099 0.6444329261851183821 0.004407515751215289497 -0.76464813963903455196 -0.67407453533517636135 0.47538716499501476598 -0.56535879242364861508 0.36101208353901476089 0.87976566036800740722 0.30932613594059116258
-5.7790588968125460312 0.019139708488683578047 -1.928603820283131931 0.81160843773742530338 -0.0004711948478017917441 -0.58420161054943386958 -0.021113276828341156349 -0.99937005585502491911 -0.02852579537587046285 -0.58382015495768302404 0.03548618654735001543 -0.81110711822142134153
5.667282964522645905 -1.6303893899147701152 0.11092831785061339767 -0.36963527760571768255 0.0035557143849228854161 0.9291701235212710408 -0.91959477420933621872 -0.14464230974565320254 -0.36527257422135961384 0.13309850786621862939 -0.98947761931572209004 0.056734716683384506242
-6.9465353389399826511 -6.2261935732310682567 -7.2019773530616042478 0.65721445417462465155 -0.0072579425116067065177 0.75366868284042254356 -0.75370094128932774158 -0.0089994959507667914023 0.65715591770318748654 0.0020130383876092020935 -0.99993316343798122059 -0.011384916921942676848
-3.990930719637471924 4.9865720123961123633 -3.4294637871631898918 -0.93751034969112834183 -0.00086478118545095007414 0.34795631388961317798 0.20074416529596328385 0.81545271104915117988 0.54289838472981455375 -0.28421140779666814735 0.57882305430601554974 -0.76432175651498324154
-4.2577491524154789104 -5.4383764189395371602 -3.7464089002191300892 -0.62363896039262622928 -0.0078885244472422337558 -0.78167270533294119783 -0.20289982181861049293 0.96731180778410696952 0.15211682624671421515 0.75492126038839457713 0.25346723201130649805 -0.60485391038674174435
-3.4686740199005519081 -6.3456483930280960237 6.7651223321951139411 0.98917643941480071224 -0.0090880315586998414862 0.1464492382672800963 -0.084835920370027587123 -0.84977004101885167398 0.52028236948980155496 0.11971983261617233363 -0.52707521765803466707 -0.84134349501793459503
1.3846404626231565427 0.245200710144792694 0.98758808310839174549 0.99796395072110988256 -0.0094529717657431382855 0.063076099958829026648 -0.062261603910558120656 0.070154886083773321248 0.99559117344278313944 -0.013836391859996351877 -0.99749131990380857093 0.069423490094674189521
2.6315940196385154692 0.12797678264969389317 -7.2911689358076126055 -0.80016113261667953793 0.0067916137540814163973 0.59974664303534097609 -0.095844857965017390966 0.98563847473128474164 -0.13903438542704335545 -0.59207763431087578887 -0.16873254313267807558 -0.78801865703590057155
5.8487075689011538415 5.9629501589478355328 5.6201155849119048824 -0.99986896264037594673 -0.014077272824103100046 0.0079929930712740390741 -0.0040467483160776009099 0.69543388547543250056 0.71857869072255975418 -0.015674226503016204515 0.7184521844370310717 -0.69539972483540590797
-3.7137335601020318165 6.5842701871777844502 -0.047319037627505486365 0.67729454863470417436 -0.0032979234504357437391 0.7357045725633939437 0.68929900054302228884 -0.34671131997391618773 -0.63612746242583706469 0.25717500314008456819 0.93796608910071754828 -0.23255243162999353346
-4.9409744244851632189 -3.8640999648129894517 -2.5497058348248260451 0.9341569836565526419 -0.00096094906900720533649 0.35686104643501737055 0.35636606678092391798 0.055231627817583714424 -0.93271254614476650779 -0.018813727246415334893 0.99847310623056462209 0.051937460484641345682
