1125 14.717824617146108679 14.977075390850430381 15.033177056927090831
1.5399741860180182762 4.849211810259582478 -6.9303908885042284638 0.99909614778225275256 -0.0075591066540172131144 -0.041829981989142929477 0.042253399281723433289 0.069169485550009540686 0.99670970323256491419 -0.0046408766150549726065 -0.99757628388773900152 0.069426364508830384903
4.2166377136193542441 -5.656662747489212606 -6.8829995679308817458 -0.83195010729090701496 0.0073513599001119363935 -0.55480174520833602791 -0.039882341005640122023 -0.99811808654169453803 0.046579868979967360698 -0.55341523095643740948 0.060878919388389511613 0.83067763862988719392
0.8812011718158629936 6.9483579554065908468 -5.9341311780075303162 0.90906868848630195679 0.0038796601260837385548 0.41662821298015967342 0.2530099309978304789 -0.79961400974999741198 -0.54461308304889100018 0.33102884229362783408 0.60050177655763081752 -0.72788565167953700463
1.862738302900921683 3.9323151304290422381 -6.2491113184148252557 -0.94096729155645719711 0.0038853715480757474235 0.33847519866132413924 -0.28485876391115744211 -0.54925035665855226341 -0.78560774584608927817 0.18285524560113244896 -0.83564881953990599595 0.51793340262786202732
-3.5096736196802678087 -1.4092537010613259696 -5.9020646269106302739 -0.87954227698003006886 -0.014334762926219055471 0.47560477034684994768 0.27949687455810473535 0.79336518693323287987 0.5407894019622245807 -0.38508035540265228569 0.60857718880539357631 -0.69379170155648794971
-2.5653775952145756456 -3.4994126101892901737 -0.26297137556245508971 -0.87096943698861295502 0.00032140262941435671779 -0.49133709053160412594 -0.19177767653543301152 0.92045759679831318234 0.34055709547573792539 0.45236441351452572057 0.39084230732685620868 -0.80162879700587885701
-3.3056159121718815541 2.0408717051055140779 -1.0502509092051484085 0.56037902942045747512 0.012101453048609432314 -0.82814787219424168541 -0.56756406253708069354 -0.7226021622283963497 -0.39461012412151275086 -0.60319679898198530488 0.6911582090788263022 -0.39806274847183353849
-6.6258795821854885588 -7.316165792753461794 4.770240972231302834 -0.94562567457483248656 0.003597664006853972668 0.32523705262271523919 -0.22204198784392634169 -0.73782586856719190038 -0.63742477462632973761 0.23767507067280163602 -0.67498151418146445923 0.69850591715014209715
3.5146009159488382778 4.8635282262978893897 5.4396978227065035938 0.9980978770683682777 -0.0059815844240355036179 0.061358360795398719789 -0.059539185160756381843 0.16463661478550134509 0.98455567161153467737 -0.015991035680050579015 -0.98633615249553530102 0.16396731704250999684
3.0879214436611626127 -7.2773930153620352002 -1.6350431789709813923 -0.92782881267830119576 0.010801480924243276119 -0.37284986572856365639 0.11599804195583918176 -0.94166196026307225075 -0.31593861248038634937 -0.35451114034177588774 -0.33638680206489779412 0.87244814789776092834
-0.46806248572454955958 -6.1299723062577102795 -6.7668134117327234378 -0.99079738974705788834 -0.008050235019730697314 -0.13511375276607748286 -0.085637141597541363569 -0.73574816013241128854 0.67181911616210876481 -0.10481799678209084703 0.67720738225296062129 0.72828795745411434304
0.66546106867006926677 -0.68138227148225860574 1.9578598783355736224 0.99124324104495076249 0.0083863788508364914276 0.13178203873239671684 0.073198496267297727402 -0.86551389796098088247 -0.49550748993374765794 0.10990367249047498788 0.50081469735424000156 -0.85854867170533266663
-6.4904381021278600983 -6.3199850225970370943 1.5096507652829329604 -0.99838452052848725149 0.0026653472300359921932 -0.056756013719498163428 -0.049691035636027086619 -0.5253490467148976828 0.84943462379003409346 -0.02755267948121684074 0.85088264469312613336 0.52463279997870160276
-7.2555916441460075461 -4.8082420737751245809 6.1875546481463130633 0.96006678011986956722 0.0040168837357239112196 -0.27974209971943031494 0.27582099111336122466 0.15383748728405979844 0.94881863829052648374 0.046846115864648790739 -0.98808799818202885934 0.14658632022530482253
-0.83912720912881821889 -1.4350583961263343458 -3.0567246430617638353 0.8030015987817281653 -0.0020426834685870038331 -0.595973371719138445 -0.39006924763162914571 -0.75785545615537974751 -0.52297331636289079437 -0.45059340253285468103 0.65241929387453712064 -0.60935593094188478247
5.6389894401167426352 3.8921106568349466137 5.2582755415066122495 0.99326964450146337793 -0.0024930051061980169208 0.11579809254705465682 0.005164253177920188724 -0.99782086062911246049 -0.065778876414999132294 0.11570973943922029104 0.065934171859882428901 -0.99109229700359380288
-1.328017637474052659 0.16061421946557591367 2.3272171976758655454 -0.98456269488904768483 -0.016740702953428845956 0.17422987314878765619 0.086515343849109624386 -0.91186140801493231756 0.40127779386822942653 0.15215582509875580364 0.4101567035142913431 0.89923305291283284202
6.4926023393432350517 -0.82724927021797722837 3.0011850057177751339 -0.62159101162527319318 -0.0051220651331904025819 0.78332520623016566041 -0.2684939326199686227 0.94079804820599144399 -0.20690587386096928602 -0.73589103976953096353 -0.33892889658558467136 -0.5861668539301541081
4.6135516318652856071 -4.6579360471670137045 2.9272525057665661485 -0.97535965694234072476 0.0068136990739003739856 0.22051556206792180537 -0.21693660907763603896 -0.21152122377394177999 -0.9529938507331272568 0.040150308231636497314 -0.97734965360312830995 0.2077874090285567743
-5.4764640670180968485 3.1905972397963897613 -6.5280672666888079902 0.82189203989101511372 -0.011796890270532812278 -0.56952112177121849701 0.076651634837050064419 -0.98840250656536876583 0.13109161640590111242 -0.56446257771494989797 -0.1513978810784138429 -0.81145590142939960643
-6.5607729072832059458 6.8029499334727407955 6.6832337464249995662 0.57294622896910407661 0.012192539835026957803 0.8195022639886302418 0.81882743366614985092 -0.051721594265029022242 -0.57170491563591818718 0.035415428639495330487 0.99858711120213006218 -0.039617278493400416572
3.9460127041928028113 -2.8549123505717495242 2.0412786234570825528 -0.9547808536743540575 -0.011401728353153577425 0.297091773778927426 -0.061546236626651457113 -0.97003938987837823316 -0.23502264325282717916 0.29087038730964037692 -0.24268000056663494024 0.92547330329470767207
6.9995152490395939893 -2.8944089929216025858 5.5323652430106733391 -0.96222839773457846668 -0.0029631858101948349571 0.27222735006428100402 -0.14216077092418774597 0.85825219244346062641 -0.49314651917679080961 -0.23217843526775652774 -0.51321963494767963709 -0.82625588076624945089
-5.0251854424719732961 1.5694669705601382859 3.6331651147284813597 -0.99832251353169110253 -0.0073258748133311979781 -0.057432486748501855589 0.057826453686626519413 -0.076921836577051663775 -0.99535879576745434072 0.0028740615722650255347 -0.99701021189147720492 0.077216430597674870495
5.5420849188796879048 -3.267027067844598065 -0.75614808584216131049 0.89394147810122048803 0.0090004265046717026044 -0.44809332292826387079 -0.23335227211027326222 0.86293765420532164701 -0.44820232267978404872 0.38264258888835150918 0.50523024184747977738 0.77351603208441488402
2.4105595938041948223 7.0375609850717788518 4.1444096397428182854 0.99067023461797920625 0.005734184196670766287 0.13616021949695228388 0.026208536265681488253 0.97244836038448456694 -0.23164045202050062566 -0.13373705121869006174 0.23304786100081181788 0.96322536076155196305
-5.5296245388210039096 5.6493387349764114802 3.9170503717464386639 0.65884228566522984316 -0.0065503233387759294409 0.75225257452781713052 0.49365331265679168737 0.7583154287373292668 -0.42575123892001859316 -0.56765592529496866625 0.65185489474506175256 0.50284385913964269044
6.069333422859798155 -0.48774868019449357792 -2.524357121542646798 -0.93560798545369150414 0.0094223751245394136988 0.35291488549251320839 -0.30029202166573931709 0.50440622451589778308 -0.80956720684170224711 -0.18564051087813593366 -0.86341506792311639717 -0.46909702749464837757
-4.0375472094638480414 5.9958876214766609891 1.1330506541310765289 0.99788296775463447563 0.0011381078088765223671 0.065025282590671501515 -0.00091749482354845385973 0.99999372237208561387 -0.0034224873457137788835 -0.065028769545707576505 0.0033555814694208839499 0.99787774762462844169
3.3662286661272031729 -5.888950059547759075 -1.1729115556277498467 0.94240760091901609741 0.005322289467436795013 0.33442426192609669977 0.14021882364888979544 0.90147765471202112586 -0.40948347896994041761 -0.30365538892713950236 0.43279291963902827289 0.84881310869111703532
-6.3554708602372596005 2.8255166664724096215 5.0436987828622470431 -0.84624187145829810053 -0.0044011025313460171507 -0.53278074785711782013 -0.19666959741406267459 0.93192818365202445552 0.30468168630228664728 0.49517245929435399487 0.36261617560649223035 -0.789502213261479735
2.584942966505612727 -5.8313488990252686506 -2.436640502189511448 0.96411466692422986835 -0.019078385642235861502 -0.26479978138789012077 0.030004799942618398667 -0.98319377044082623129 0.18008254148250368853 -0.26378517964844527821 -0.18156548396561375536 -0.94733909136604166346
-5.6330713681557922357 6.5639755424485572988 4.4503815978096534778 0.30910001823052946079 0.0027184645237078443152 0.95102565090569757267 0.48587058182010572915 0.85919175022595517532 -0.16037242302033880015 -0.81754936025406310662 0.51164650521067156497 0.26425536371852720308
0.1943497234211367386 4.553006424932601881 -4.243544433915772629 0.96188512638176038028 0.0019531612602571093995 0.27344686651474731098 0.2544482906511112974 -0.37268010335934065314 -0.89239319133711436649 0.10016521866579398969 0.92795782540005788963 -0.35897242686377317522
-0.35106031678578702993 -4.598264690752083439 -3.5061829159151431945 0.87008812270491608931 -0.0118237438813962141 -0.49275435848757825896 -0.36092678026446578521 -0.69611585754376514856 -0.62060822759935729831 -0.33567621008315884357 0.71783209175737860974 -0.60994964548515817615
2.7615470485004167678 3.0590403050554457742 -2.7665120072638114124 -0.39447371959768690042 -0.0025527375001426714368 0.91890367725776633812 -0.68105683181713982943 0.67213857244181007822 -0.2905018610456477357 -0.6168890308490253549 -0.74042097685503360793 -0.2668795620705291527
6.4475559915387208321 -6.5959595760359013283 6.6552090102677938788 0.99807465675002016159 -0.004095420123325891823 0.061888666872982361911 -0.039512062637947195642 0.72716204285020358267 0.6853277758444334955 -0.047809794596893891161 -0.68645363351932342511 0.72560018782291835215
3.2936760447495037063 7.4375486641035575275 -6.563653322221125741 0.99930926626790717027 0.002085232545942300713 -0.037103128658639003556 0.037158877105849447142 -0.043810213581235254998 0.99834857792166187274 0.00045629295581650760813 -0.99903769548062693051 -0.043857437288865527836
2.6776508943260122209 4.4580713319788376481 -5.3573617542063640684 -0.98068331168109568186 -0.011920169686112251639 0.19523870452563138467 0.11540622309231150788 0.7706384129092047619 0.62673586160399186173 -0.15792924321274731669 0.63716116179769699546 -0.75437656911831407758
-2.5318326778718986958 5.1690197839047185013 1.6931515665517145042 -0.96754032912614618134 -0.010599373341402137938 -0.25249428666686063449 -0.2525537655157445438 0.076421752782976568041 0.96456016464776428432 0.0090723226593498566828 0.99701924203421699033 -0.076618039489534967013
6.1474521068720724415 -3.773465274389628199 6.5277513273659346638 -0.99950570724814868928 0.0035105964069760357132 0.031241269041810685453 -0.024879468130170598328 0.51916663461944223545 -0.85431084364142384491 -0.019218565087835315364 -0.8546658301410233749 -0.51882267254347835816
-4.6925125190786829421 -5.9666414775822991245 -2.3485574084856026822 0.92454601524289758974 0.014887917357408863434 0.38077948423618701579 -0.36978546166565640085 -0.206323366516408091 0.90591908069654014657 0.092050953493871559563 -0.97837059356168298851 -0.18525011097102778157
5.9111597038871339649 7.1167339559245057501 -4.8332613751570168148 0.96762827770482906509 -0.0031517182566206708612 0.25236002626824910466 -0.2423396028670989355 -0.29083184316221821764 0.92557460849191941499 0.070477181188575988013 -0.95676899284781480315 -0.2821809016514746915
-4.1134147693400828771 0.45446428793901705312 -4.2472654977154151723 -0.88361344334081171059 -0.003460972243659456854 0.46820434045252806721 -0.15437022163548702602 0.94621410541653383497 -0.28433906060024949358 -0.44203746155687301256 -0.32352262421958072336 -0.8366217748770254925
-5.6073358633655105976 -3.9822857945345573327 -2.1881671500109298734 0.97823458864059520401 0.004402431884823948538 -0.20745531610615303153 0.20662211166654287364 -0.11264044996303970714 0.97191534199358853297 -0.019089069062509820413 -0.99362606025889144146 -0.11109842400647669536
1.4031600207113053003 3.1877392815013290139 -1.5551824954865984818 0.024427968358781922131 -0.0078290452719157917205 0.9996709360645388287 -0.98422993299218075602 0.17505764582675276131 0.025421637239230125693 -0.17519906781771391047 -0.98452705736703816086 -0.0034292780700793772108
4.7788896647576875054 -5.5268072838742448027 -2.5885950562235624517 -0.8379184902655385514 0.0055827653909498306181 0.54576683336544662417 0.33578837419649382179 -0.78303532452837587563 0.5235473696765112761 0.43027755161710895537 0.62195217924795809239 0.65424514923921539555
7.2178505105791188612 -0.1180497465022170428 -1.2213230981557288146 -0.97284332665134065632 -0.0088794699020855946681 0.23129422129456464474 -0.14259696478021061106 -0.76412472913682105702 -0.62911008890096264956 0.18232379829717765274 -0.64500740564413128197 0.74210745801310873393
-3.8735720485238229749 2.9765951699179260537 3.8944505883800499824 -0.84883009021249533621 -0.0064235886381568355757 0.52862672601636839786 0.33044682431202576645 -0.78696728944758942426 0.52104451023076481242 0.41266496610680225565 0.61696128148244122613 0.67012416976226296672
-6.7933703598017496361 0.3639466941439684633 5.133543005031999229 -0.99870325785257751949 0.0067244716174686934573 -0.050463692256405325021 0.047679127963213274732 -0.22393969160428695009 -0.97343603553645596804 -0.017846666673515747259 -0.97457980484183770464 0.22332868262500013556
-6.016605348823700794 -0.34163394733079949228 -4.07738339701749819 -0.9930886747082601218 -0.0075720522344964978634 -0.11712193727442681002 -0.088800195528492720243 0.70098458010243092087 0.70762641537234793887 0.076742487841443551844 0.71313622996142966848 -0.69681224736391877972
-4.3277345226469057238 6.3897134553863157436 3.2495739972729560385 -0.54543030267000913724 0.0015603926344647770126 0.83815472921431721787 0.43387526624021222066 -0.85506266484073900624 0.28393677560429431139 0.71711786916408171155 0.51852232774524509296 0.46570007231615795362
-0.43185390683482927088 0.41188251403430514719 -5.291932453586694507 -0.59556599858366410238 -0.0087508127660752901833 0.80325871586122754575 0.03398280088130860993 0.99877105924453346564 0.036076868765913656933 -0.80258726041181394084 0.048783137369648656156 -0.59453670612761055914
-0.062471138321553446038 -3.2645521255837883778 -0.66734319874011993612 -0.85343514466767611548 -0.00043023386690707035238 0.52119887638469575286 0.52036578001063882315 -0.057227410539956717617 0.8520237546435982523 0.029460292597120706082 0.99836107615519043001 0.04906376237498079329
6.0423859242443498374 -2.523841045076648637 -2.9538343072043069526 -0.85394985704306580754 0.00061394181468477082575 0.52035494110412294777 -0.25364428849432330004 0.87266229311522702794 -0.41728299400911944561 -0.45435032361627902819 -0.48832381188150630891 -0.7450541176178234748
-0.30247097189300631292 -3.5152815160998800437 -6.1877726550138127948 -0.97618590238892333222 -0.0097556153989627261702 -0.21671620139068059618 -0.15772695608295975167 0.71778867798113532572 0.67816046853740175049 0.14894056298348318235 0.69619267572296661406 -0.70223391186120387442
-3.4823883943555413722 4.9676495926577262097 -7.5042581549766111948 0.80681101360921525512 -0.00046052961894963746889 -0.59080942462968288886 0.32531567938340366641 0.83509748532858141257 0.44360105809724470483 0.4931791733905257491 -0.55010178868115144901 0.67391566610641862045
-3.4996028749275303049 -6.4112500470716531353 4.9783156111152049306 -0.99994186417191321947 0.0089121826012883726548 0.006069701623493090753 -0.010538763753845027671 -0.92684452427713892586 -0.37529743174730334498 0.0022809504721978436648 -0.37533958067172623618 0.92688456479002812038
-2.479915670636329228 5.2455132182823449583 4.7077408377216993784 0.71864067838407041933 -0.00032282699109013705818 0.69538152920133555757 -0.69402637826318636094 -0.06273482863903898088 0.71721107600939926208 0.043393105979617679901 -0.99803017843080576998 -0.045307850258913942576
2.9979591782179699777 1.321501382576852901 -0.642721865965892869 0.95870572678891130547 0.0042482644083729863282 -0.28436821494598707449 0.24577878394087404601 -0.51546624868991464119 0.82090641112489859399 -0.14309478951584161943 -0.85689935156410057537 -0.49522457784559165139
-1.0448327544441324832 4.6310957020408229923 -7.3641716534756049839 0.99972122524004325417 -0.0029620423267892178817 0.023424305961480543919 -0.022016666497429778632 0.24141497600542394242 0.97017218871525701118 -0.0085286693489161676668 -0.97041745432855819331 0.2412824613054056766
-2.1091369127112007398 -0.57522167111415556384 7.4608101599848355434 -0.53840414442400297279 -0.0017187409018057289017 0.84268500828997816576 0.61826124468958876257 -0.68030091771978296045 0.39362887935779183879 0.57260283843337178578 0.73293090211785538735 0.36733946444505471973
-0.34869492460106693565 -2.0666230761624415635 -0.68232126554838556931 0.82027861937653234747 -0.0051069624112523338832 -0.57194134797963480654 -0.08966591272529496337 0.98644783037478711574 -0.13740706693690063478 0.56489203454196734722 0.16399572215144631038 0.80870414394086453935
-4.6804548062163950917 0.55986017101946539132 -6.1790063542928921336 0.70064996239611798678 0.0096052345475865219537 -0.71344051585518797332 0.48080120981376806011 0.73243792157973364176 0.48204241273313236382 0.52718101903985836731 -0.68076606150802609907 0.50856439382130447235
-3.3683446301360175923 4.3414943734798328023 5.5502092275495353846 -0.66017852610758032128 0.01526912703255952318 0.75095350550221917629 -0.34338285150829139791 0.88306109956227796243 -0.31983012949043249096 -0.66802135516489113964 -0.46900953956133106804 -0.57773481879152188689
-3.9841225425410971006 1.5454871385645363446 6.7824530170053618505 0.26945751976992199372 -0.01121529585624101745 -0.96294696747971852968 -0.20457854333086514242 -0.97777534673106081264 -0.045858379101676886858 -0.94103148972189221144 0.20935517300535066987 -0.26576332871161539861
6.5323209021911816663 -1.8368062016742396914 3.1889044077178581027 0.7724922907927318505 0.0091140961951351375653 -0.63495873402643254746 -0.24739608091841169824 -0.91657615142378001671 -0.31413904212513721337 -0.58485112619542534151 0.39975629062171619266 -0.70579321921952664631
2.2067452550101367414 4.9895881371207515542 -1.0210926184866362387 -0.095252299956454081209 -0.0023548273107458468981 -0.99545037753847487316 -0.73992383368112357722 0.66911993795199209423 0.069218704017200261003 0.66591269675811803896 0.74315070034512120678 -0.065477605888078868612
-3.5544842659813724595 4.5345408286300390444 -2.1826682739341802808 0.99522229552566354727 0.0019930076405345800022 -0.097614601413754664705 0.072449410246242726408 0.65513680804558138693 0.75202848729205584721 0.065449716909956046074 -0.75550763772721052369 0.6518623657583167974
-0.064015978005251550353 -1.3829631891225964146 4.9120210873378491456 0.96669527443940139744 0.008165795446693371526 -0.25579985567067103913 -0.17244237484301672136 -0.71776746344282649215 -0.67459135465950870181 -0.1891133885660325753 0.69623500932340265379 -0.69245428589724566937
-1.1751375807253003902 1.6441616793759470383 -2.7738811528452802513 -0.94347149764763604818 -0.00065050668514065853112 -0.33145302829743739093 0.22038991330462698315 0.74568264459398736488 -0.62879700990460163368 0.24756780735802466631 -0.66630096082201317742 -0.70338695635293846387
5.9208725526131846806 7.4681464218944721978 -3.3765493179371324217 0.72903695010934355114 -0.0023676905529643964797 0.68447024728378080827 -0.61188284563116335235 -0.45042713387812366443 0.65016519461498556431 0.30676458171976567213 -0.89281005320722073293 -0.32982677316208947049
1.7213353517009060134 6.2502434755018461132 6.2200385270287030792 -0.69439778211529656904 -0.0061864190368585234708 -0.71956476318173034912 -0.26784107877900648065 -0.92589109226969767974 0.2664335597744862949 -0.66788687418741243818 0.37773987541043524407 0.64127974380382546382
-4.3767884383852635466 6.8328856620417139922 1.5798642785467467142 0.97939809868847926833 0.0084894055243411332273 0.20176048740821658778 0.083072645647022810844 -0.92759812796258933609 -0.3642260953658599254 0.18406058739057445939 0.37348312277000922377 -0.90919308025042733234
-1.0201575473413220241 -3.2891755136197353693 6.1189545868972299303 0.60869814812773181956 0.00051468617937015619102 -0.79340172646906081955 -0.27217873648649698604 0.93945138648041670582 -0.20820621471218617171 0.74525519110609250717 0.34268181676059006335 0.57198240584056803115
-2.284404923468177806 2.2375041440875578225 5.4223746578921820927 -0.70814228825326963612 -0.0041665438593071870213 0.70605746189649276623 -0.54881356161206129585 -0.62589639263612928399 -0.55412758483530422104 0.44422761528079479643 -0.77989508627579995359 0.44093704791578552937
-1.6988151763957348717 -2.9495920320652984081 3.6467025360968814418 0.93136776226248330079 0.0015721084284828715921 0.36407639293600396746 0.36304265961081827463 -0.079435901838728395497 -0.92838029104559072202 0.027461222130728556862 0.99683873619263319021 -0.07455478056385879404
-5.3300436599065870169 -6.629656776037628596 -7.484817967047075804 0.94574857212648533178 0.013884560611934765664 0.32460261443405646897 -0.14003978957011498085 -0.88409509696047317018 0.4458303678165924655 0.29316973864632073221 -0.46710071559254634499 -0.83418728462801849943
-3.587117489634052081 -5.3378326801050954842 3.4714576887617987211 0.87500837190370750474 -0.00024629719175109647707 -0.48410772399975554592 0.17887135337301365845 0.92940041312462873258 0.32283108745324684552 0.44985040629194311679 -0.36907290800251502105 0.81327719784675378545
-6.3267426333157450458 -1.3898426260150023026 1.6245180275456148067 -0.98213404311094842924 0.00012304171868297852921 0.18818264060002962146 -0.17317225298933244804 -0.39195756223969291376 -0.90353784657738245301 0.073648436215928272941 -0.91998329020900992958 0.38497617274204309901
-6.1768569498975214316 -5.9398373842814295998 -2.0362840779799689095 -0.91950307151277288487 -0.0031933681087280693309 -0.39306984605613487505 0.342314869259043697 -0.49804369208821386295 -0.79672643426417144585 -0.19322171659183356995 -0.86714605642369324556 0.45904584200938636229
-1.9375972956002640579 -1.8240979982297111928 -1.5845410334706102606 0.99454635624500298263 -0.0025910740704916737642 -0.10426328028084712318 0.096614201283647616059 -0.35365708694319575311 0.93037216261298116837 -0.039284111165698819279 -0.93537155782603298437 -0.35147803262784926837
-0.93177000564966139251 3.7919856720208962031 4.6535015608760259553 0.97929057121245277617 -0.005853412372030115593 0.20237518300971740759 0.17914651067542522456 -0.44062930767034336199 -0.87963193492208036073 0.094321285229920420745 0.89767006788995973299 -0.43045550799939930053
3.3255704143242117432 1.8491590373921562573 3.2295261266207266893 -0.95499656045219416534 0.0082645729904653342929 -0.29650171392038510154 -0.10339997029747291513 0.9276327558919774674 0.35889541142043795974 0.27801081933432836291 0.37340215188112496625 -0.88503153463794159705
-4.5340007951270546727 3.6027380257957610787 -2.1913398989806815997 0.9983291131680810393 0.0090965621714657728808 0.057063423990857738144 -0.052938624888944872671 -0.25185971481834656949 0.96631474481472334759 0.023162119846280040947 -0.96772100142979800008 -0.25095732624488609197
4.4785430826955865413 3.5541052247726909741 -0.20209999156778163387 0.99920115901831796368 0.010778691558426072711 0.038481990913794617004 0.039931351103758311316 -0.23095312112620333678 -0.97214512447534029427 -0.0015909165381085485502 0.97290517300016898794 -0.23119903402526545411
1.7279728640606601964 -4.7398638735506422037 -7.3679097142795422215 -0.99966044720769731136 0.0044544080774609820517 -0.025673888239391838562 0.026057326811987406578 0.16795605288236595265 -0.98545003933212260705 -7.7511684302563124693e-05 -0.9857844199158142251 -0.16801509290259233897
-2.0908151431934545172 4.0308787564551664673 6.5745829427812205736 -0.99699712717474286983 0.001623933248585467462 -0.077421516686285302145 -0.025228324686287040973 0.93842454059636770669 0.34456191495877447339 0.073213796778466358472 0.34548045450839226511 -0.93556560192966797818
6.1087976132973107468 -5.6338642006702235321 4.5927334710199270162 0.94818882466646503548 -0.0016235612157986106796 -0.31770318982758560811 -0.30430470105082818577 -0.29202441940187084946 -0.90670854600103945042 -0.091304992722161928964 0.95640948475117215644 -0.27738834831703562678
0.90547553740766717478 -6.5300898845117778535 -3.301712236021987934 0.76827631434988052916 0.0021674326610523425921 0.64011468272852589667 -0.39586018963804875392 -0.78423673688020845152 0.4777734303903986568 0.50303699174977944963 -0.62045792988970571713 -0.60165250948398896202
3.3291201180090088663 -0.098816805182479205971 -6.8581304474104056723 0.65793010194530887613 0.0037211470545473589872 -0.75306980686980684592 -0.72582345615837384756 0.26972793717727971963 -0.63279313396765113353 0.20076924925091410579 0.96292938109225600929 0.18016302502054107326
-6.0395112141888311896 4.5334306421897778705 -5.7873138980324299041 0.697390859477900249 0.009537360232906123142 -0.71662753776028043085 0.019257140870725910492 0.99930106953449726603 0.032039584155402082988 0.71643223799755084702 -0.036144310577947244556 0.69671976947030000993
-1.940483895775424017 0.56680886992998080753 0.21291500687649367318 0.93826252887641736766 -0.0084378817614793252821 -0.34582109400326044302 -0.3248953800905922118 0.32174530457513295101 -0.88933849066585246579 0.11877044624876316459 0.94678865705882375714 0.29914013432273250936
1.5124248676405731562 5.1464587522260583086 0.45956843035156502708 0.31962287470773870224 0.012795765133882718023 0.9474584351611416988 0.49454281004979033787 -0.85516925087978201692 -0.1552834871380874282 0.8082503492058501493 0.51819091148367801836 -0.27965970797393990832
-0.22410094188553122962 1.0958227743479691529 1.9716818252337318107 -0.98234886241875563062 0.0053004778521915357076 0.18698293355067660548 -0.15107654187853430949 0.56695041552960456777 -0.8097796643685387652 -0.11030227104967749163 -0.82373486709341836587 -0.55614231787910650695
-1.0258049481597124597 -6.9784120747419384756 -4.9144875540403374359 -0.9979274435972066426 -0.0090413853820177532417 -0.063710836330857556487 0.064341566542317069066 -0.15542968366194825913 -0.98574934757868037938 -0.00099001539518156142505 -0.98780558147189745366 0.15568928377507978977
-4.0790557520560035698 7.1262870766203434414 -1.5529243395275615924 -0.84700613764541865525 0.0047275682116576928093 -0.53156208752106770543 0.41776347967859095434 0.62426740903684596606 -0.66012413761435162485 0.32871610523030936335 -0.7811964235153302516 -0.53073333233277808496
7.1433089467204906597 6.540743378763210103 2.6832188482474470526 -0.83318324598892679056 -0.006225503721625151414 -0.55296195321809338274 0.44582506774694952156 0.58404639418590242883 -0.67832869496050618441 0.32717837271391359 -0.81169640416966004626 -0.48384218489748420655
-6.8518657530242128573 -1.883323088160232528 -4.3011048034283376751 0.96917521141327356293 0.0082901617484756918997 -0.24623298479317612397 0.18276831494360795682 0.64600760351261532488 0.74112746491839676111 0.16521244697241205257 -0.76328595521069442231 0.62457937681559072551
-1.2262244640949639951 -5.0668520175823097418 4.6495627602342626261 0.86626115071590303884 -0.0048565895245986619513 -0.49956784554096089757 -0.49913657251655418889 0.034248144659660050004 -0.86584626035091327712 0.021314331719387426961 0.99940155999751045801 0.0272437357533633559
2.2416331947926755319 3.9026393163277814935 -4.1312427942925866731 0.95457226831319219595 0.0044350155577098527432 0.29794649721761595762 0.29705301432420444518 0.064623946924999606245 -0.95267163921507069801 -0.023479592163922150677 0.99789983270913906743 0.060370792863595326705
-2.2696523088720308436 -5.8258410167920882117 2.0969335288545867257 -0.89890079565242375637 0.021767164247943563554 0.43761118602698978464 0.34770321372114071368 -0.57229304775711364872 0.7426864362952395604 0.26660801702752795483 0.81976024424795190804 0.50686616301259013184
-5.5219281808691169644 -4.0416341955287871102 7.428563288703725398 0.8943477315129423344 0.013181046428382359181 -0.44717825881037442937 0.026272597916435564552 0.99629326133354079165 0.081911464521717589071 0.44660036468453501168 -0.085005867070616067394 0.89068631786242191684
-4.8163328723455700597 3.3387211475805869121 3.233980112841218002 0.98743071941493443244 -0.0004999352542801316357 -0.15805165111587637927 0.032331487758029860136 -0.9782098438669555307 0.2050857778128696296 -0.15471021057147671396 -0.20761804215071230639 -0.96589828621778683893
0.16286326271662091014 -7.0857006885701334653 -6.9173080038993646212 0.93565115348171512544 0.0032685007382893247786 0.35291108779869950762 0.34929565186988992265 -0.15163734138788381722 -0.92466137817127525 0.050492242702802905829 0.98843079353081508831 -0.14302132647654614006
6.8569682923234012151 -0.12512096405098721563 7.1085856896252748172 0.78087636180391184482 -0.003099331396426414139 -0.62467791838733044418 -0.25165400966214712675 -0.91681590533424173195 -0.31003041003618714289 -0.57175376430492508284 0.39929812154730526252 -0.7166998277745483259
-2.7614824077720157014 6.7550236549640878536 7.0826818937022526512 -0.99617785415009041383 0.0091033602652228033658 -0.086872387631520470164 -0.046724579466687773954 -0.89583545234591810402 0.44192268101325704599 -0.073800383295603150247 0.44429266385134830175 0.89283678926971021816
-5.8399942428531490535 3.0163855978622531318 2.6358230773281698944 -0.91084768465797372183 0.0078177183942483904205 0.41266860630795537679 0.34862408389915300333 -0.52064689891353366225 0.77935104720347669893 0.22094737717045889736 0.85373631170918951039 0.47150457748631979804
1.3722332265039338672 -5.8673037923850523967 -0.49603343471581978763 0.98954367691191091883 -0.0066366201212627821265 -0.1440807647013146453 -0.029580745058518521928 0.9683685314836346647 -0.24776474073999715797 0.14116759899260478139 0.24943604892955723029 0.95804664108226267327
-7.1509565079752519523 1.9577194839235227963 -4.4600078449086248966 -0.99973866942572919836 0.0028920436941729794726 -0.022676616551125811788 0.022831253385044943116 0.076334773073712308689 -0.99682081453420734451 -0.0011518349723495366257 -0.99707805035665941773 -0.076380853445912236244
-5.8865384886803369113 -3.5580316113654992805 -6.5383981360201346433 -0.88892699207556458152 0.004846185993505010281 0.45802327150562160973 0.33997051000026634604 -0.66314450801537283553 0.66682787420678935053 0.30696718894631885854 0.7484757016566464527 0.58783949249783384872
-4.9921656034747430297 7.3694827934421702764 5.9194279765876576249 -0.88135765127059750856 0.0036734275844415636633 -0.4724353886793513646 0.47150110372713849305 0.070173462682983911431 -0.87906904980160915919 0.02992323062145338386 -0.99752804023990904181 -0.06357994341231582025
3.9477031148672923067 -5.3265635563683408904 5.8005336404363889713 0.96366418744655668593 0.0078109136520500555001 -0.26700247837956953001 -0.24304928228645295007 -0.3890118668791535117 -0.88859260283167951222 -0.1108078526683686782 0.92119962931765986269 -0.37297836764611380644
4.7305753622610522413 3.4596820178674914104 -5.748027150500515603 0.811213873274753694 -0.0023373288729980775356 0.58474489198312595839 0.48361828120422778454 -0.5594392187860717236 -0.67315757335807979711 0.32870261619253038354 0.82886808201183048705 -0.45269448056110273004
6.8243280320631738434 -3.8557270663327747329 -6.9848653660581039304 0.99807575957357042018 0.00056368259928257866825 0.062003712903544512536 0.060954519925224992516 -0.19231416369389409127 -0.97943851718390784189 0.011372099743764900459 0.98133324854745129784 -0.19197846400773296849
-1.8755895915542530883 7.2903762918653027825 -6.7724630323238796947 0.99836078505365188906 0.0088536528058027093302 0.056545165124133892065 0.038047981289649722425 0.63538132898516341829 -0.77126060310164901157 -0.042756215766959759783 0.7721477705782664458 0.63400293879790825535
1.2641320692858872832 3.8298374764476368348 -7.2001140891673909294 0.87545681856475121574 0.0026597140632461111279 -0.48328902817012953097 -0.3446467791091298305 -0.69759883839476810596 -0.62815162048655415195 -0.33881256835920703363 0.71648362618510652577 -0.60980099781026719796
1.3610592591515291438 -2.0319443129997232234 7.2879307056990505487 0.98791524788688400704 0.014760977243310921536 0.15429055882738521022 0.077892189243552567568 -0.90790243076422816326 -0.41188103023481392739 0.13400100688909735713 0.41892157949108715931 -0.89808041977846309045
-7.0320219493160083246 2.3298561424694108624 2.0369813987548877066 -0.9922140631797786714 -0.0019330547143302013492 -0.12452917781701776379 0.039933742729704312102 -0.95202522143209489247 -0.3034028245562958026 -0.11796842382558828111 -0.30601346548244640067 0.94469000731632934986
3.4197440694480674139 -1.1704091024273148847 -2.58643104199808338 0.99676918217705379188 -0.012760488326266677256 -0.079299226981183149054 0.050579621264234049527 -0.66722332999011302324 0.74313843248055966306 -0.062393103584579626131 -0.74474841245527190203 -0.66442223229703367693
-0.50735412184686690118 5.63905800690161918 2.4409849698766303838 -0.99432731344785441063 -0.0053339099789898071491 0.10622967163681779068 -0.05094260257728208674 0.9006206947342193514 -0.43161002706030593412 -0.093370471640517135881 -0.43457325460816131901 -0.89578347908678912503
6.1591598291509557228 4.8929745759617837564 -5.467577737286616113 -0.97737453151686315422 -0.0023803080426340050835 -0.21150262238468758857 -0.16653730199288899194 -0.60780619639551647371 0.77642575605662877969 -0.13040073691095172004 0.79408183567997270291 0.59365788637590655163
6.0493938095243651176 0.24843152135087556709 6.3263468575530783511 -0.94346972653797889219 0.010875118781213924737 0.33128025431315238913 0.32994238769714534509 0.12630499146538018418 0.93551326550272961846 -0.031668531810000448423 0.99193184288155544781 -0.12275309841547804579
6.9485484566724533551 -0.46027758899277171345 0.11129286965487170113 0.82055423088946877197 0.0043214208009203797928 -0.57155234186527203999 -0.43398803622835718796 -0.64601984650248223119 -0.62794326362795238605 -0.37194776324117045929 0.76330838017630042724 -0.52821887335900741256
-4.2149279355518984858 3.983104011872729 0.47526742285315015657 0.62424331915866848597 0.0041294041592338471755 0.78121906435196997176 -0.49188717855524682898 -0.77480535386492188632 0.3971443908644601839 0.60693268330069505279 -0.6321863741362004907 -0.48163586483754233791
-3.3850164709104730854 4.8622527629543412786 -0.11961257497051776266 -0.39534108621615415835 -0.0018559654390916295943 0.91853251490724174833 0.88430736308451751704 -0.27120665632593121686 0.38006241218912895086 0.24840674939284101974 0.9625193530298082889 0.10886037800433243095
-2.8009948624581513243 7.4398317841234060666 -4.486304690606065293 0.73190468078815340558 0.011279185922733117944 0.68131367093674333191 0.68122219368260983341 0.011175269999620238842 -0.7319914181018271071 -0.015870131525733750799 0.99987393870705187915 0.00049560064454552861524
-0.02553768374150697934 5.4606594067082836474 -3.5291996874660354067 0.99993673629193047248 0.0060569338053814425482 -0.0094782364777650490034 -0.011161793491684921659 0.43002212710095844006 -0.90274934758739977525 -0.0013920416298584311482 0.90279803043459561085 0.43006252855099080801
-2.0028330124008828506 7.0854948091288614265 6.1120156384225170498 0.99966001399840453967 0.019542170958636355393 -0.017261516938554145179 -0.021099682189834618323 0.21735612604251383639 -0.97586429275965047569 -0.015318610390154432932 0.9758967250821060091 0.21769456159876632295
-1.295581136334498451 5.4447079389547763384 -4.4075907977681367811 0.97955395273165724035 -0.0091058509986902628347 -0.20097546408805863627 -0.19761420518831085413 0.14374206457740928977 -0.96968388909936598097 0.037718425147369054329 0.98957329306547991976 0.1390036620229922748
5.0622016403746954438 1.0101252194132950279 1.0068626528901900574 0.93583293654854948773 -0.005047545250711325468 -0.35240777113693105838 -0.05534355899057034206 0.9853882859243522363 -0.16108077613824034469 0.34807155205358458749 0.1702481960255958493 0.92187946413886723285
-6.4652954316939945656 -2.0468869347796645464 -1.1073666653428326789 0.9430694317286850703 0.0044747568838861629184 -0.33256581828228815034 -0.22242516335077211487 0.75190084018042557812 -0.62062240794569256686 0.24727938378955460763 0.65926102803574715416 0.71008999659619109757
-1.1118894661583627048 -5.0304784214348750027 -1.5486389420409729656 0.9999965796963159459 0.0022662709069683948347 0.0013056078321030326062 0.002597620421583540784 -0.91877537071261328183 -0.39477217548883108966 0.00030489962376117549225 0.39477421672166346234 -0.9187781151333348495
1.8366525525496393279 2.1189238361204543182 5.2456862098090040192 0.89112267545827295034 -0.0029169294027246127354 -0.45375309233881794269 0.4059496468161307714 0.45192275910279500195 0.79433664403376791352 0.20274432552854229628 -0.8920523030225117056 0.40390274465297304474
-1.9417090049526375406 4.0601469723890710739 1.4421652291279876135 0.84149618332366404871 5.2898616753860663864e-05 0.54026305690244547097 -0.29916002720508549917 -0.83265044687203260132 0.46604346519012918026 0.44987492881290291891 -0.55379890802129516647 -0.70065634793387843171
7.1286053901864656623 -4.1484194691633131669 1.706691947068032178 0.93045778721072003314 -0.005094321793814693411 -0.36636369102901261696 -0.22837905234097591323 -0.78996543421948617336 -0.56903217939802741565 -0.28651581923308805377 0.61313021506366016666 -0.73619292628026944403
3.3480208480845852215 -2.9048573169591183074 4.3632671157369786741 0.92793313204954519513 0.005243788891240417499 -0.37270981355867699447 -0.17234832956787601854 -0.88056143582757229193 -0.44148342101208210009 -0.3305089344329741885 0.47390300738805796188 -0.81619837285343688205
4.2173531403066615297 1.1178993053262591406 -5.0598321209657406428 0.73381811509151673167 -0.0052600248058848105698 -0.67932562597219026124 0.46522332846328678935 0.73259021556713077583 0.49686902772152280461 0.49505376336008743987 -0.68064962219509084207 0.54003505736988377528
4.7999815820650697518 1.9864150956128938663 -4.6153560704048306462 -0.93544311112523104157 -0.0022835164430755490982 0.35346990169032960205 0.25561538171741010617 0.68631163065553069114 0.68090904110341332611 -0.24414537160834226537 0.72730401564927271707 -0.64142178505463376403
-3.4722359806628628753 3.3837880771592252493 -3.4826623660610329658 0.99998941071534386271 0.0045819988157039664989 0.0004286537980550615733 -0.0028632803648326711835 0.69239024358963818795 -0.72151753423422682054 -0.0036027881949783156085 0.72150866652363210285 0.69239603121951764919
-4.6936857307013788443 -4.6545841767640441233 6.2337925429427301083 0.80843527073649468218 -0.0014336684154259661181 -0.58858334806902601333 -0.35595844123156805683 0.79520713355495842301 -0.49085558248783056623 0.46874940122131497633 0.60633617683454499314 0.64236316793268288805
